1658.0,1.802820456033199E-6,0.014318326161729844,0.5261021183023672,0.45957775271544693
444.0,2.2642792244659512E-6,0.15368367735686653,0.6427605261558065,0.2035535322081025
556.0,1.0412785921281027E-6,0.032501887488098964,0.8547154200855883,0.11278165114772071
905.0,8.840242046621102E-9,0.011964259617767823,0.754512609939242,0.23352312160274805
243.0,1.2830164860230282E-4,0.11526120031684131,0.5212698142253749,0.3633406838091815
1328.0,4.3514375577954155E-7,0.02360825770084673,0.5292504125396099,0.4471408946157877
1173.0,0.028517083533716344,0.9223746124231025,0.04808562828317703,0.001022675760004126
1059.0,0.013743568898160476,0.6750622185904287,0.3035378453019917,0.0076563672094191095
1414.0,9.461594979426019E-8,0.030133549044343084,0.2341775153583187,0.7356888409813884
978.0,0.039779232026135314,0.6903892615048648,0.20330311630075856,0.06652839016824122
323.0,3.0265253273296177E-10,9.385635390800842E-4,0.23833062513419914,0.7607308110240683
631.0,3.4548182952760434E-4,0.1373786146860069,0.7358937710526974,0.1263821324317681
66.0,0.8879610088656781,0.11158408284793724,4.5155696436464677E-4,3.3513220199365575E-6
1541.0,0.9995116759211474,4.7645746144768297E-4,1.0470782874551768E-5,1.3958345301744072E-6
161.0,0.007923933635272835,0.7664802280992015,0.20447522177421384,0.021120616491311747
705.0,0.7364286009221541,0.24531912575608264,0.01687036755262466,0.0013819057691385973
280.0,2.953244647004455E-6,0.1582141270052869,0.5582369907000365,0.2835459290500295
868.0,8.087371160606891E-10,3.3995967516647197E-4,0.23380213118555498,0.7658579083305413
1258.0,0.0017558214147947318,0.061521989886899525,0.7304895864577368,0.206232602240569
1359.0,0.008756257469587185,0.7585851162459416,0.2087854758871934,0.023873150397277842
107.0,1.4534959618918149E-5,0.07682007166982512,0.5920110647716941,0.33115432859886185
1529.0,0.7381891604450623,0.25481464769296236,0.006662600040547014,3.3359182142821337E-4
1116.0,0.08904054412352237,0.5208047931085923,0.27700114971321355,0.11315351305467164
831.0,0.7227002546476707,0.27216268428430007,0.005014993211754311,1.2206785627495561E-4
666.0,3.3415815640330354E-4,0.3669709712332899,0.57050315558875,0.06219171502155689
487.0,0.9999412310302599,5.87300604342588E-5,3.8389253590389454E-8,5.200522466408219E-10
40.0,1.110453683354621E-8,0.02573524304150063,0.7793213639986852,0.1949433818552774
1131.0,4.5287287867742053E-4,0.18332152660188125,0.6545090151395622,0.16171658537987907
337.0,1.4094827148519194E-7,0.0831234104542241,0.5864807579654859,0.33039569063201846
1014.0,9.531470154989595E-8,0.08334236411547186,0.21447191755648717,0.7021856230133394
1486.0,2.493742211292154E-8,0.04446476551302747,0.7691179765019631,0.18641723304758723
1668.0,1.4675927324379187E-7,0.005444935606381457,0.3587911132776354,0.6357638043567099
595.0,0.39709402040795694,0.4811715190494609,0.11686979464738158,0.004864665895200446
430.0,0.007813710940332865,0.7993328319312399,0.18073445954021214,0.01211899758821497
520.0,0.9940903619407028,0.0058948026405407404,1.4458921330097487E-5,3.7649742634821286E-7
1586.0,0.5666331874162205,0.43198139866375246,0.0013214466268024673,6.396729322455883E-5
1400.0,0.059351127470231406,0.7768788605109371,0.1563562708062347,0.007413741212596597
250.0,0.964249560121684,0.032966002312061884,0.002577294639983236,2.071429262709624E-4
941.0,0.06375275460976011,0.7925238367475429,0.13447820638871394,0.009245202253982994
1245.0,9.063388848277225E-4,0.17912365440256836,0.5988793444297631,0.22109066228284077
1457.0,4.1640877105671604E-4,0.044402864703618206,0.29621002934168805,0.658970697183637
795.0,0.0010233721284326315,0.6952107718582163,0.2235449371461252,0.08022091886722599
1044.0,0.019672179207445746,0.7489242014447471,0.19031780230920162,0.04108581703860546
702.0,4.23665615311933E-8,0.015118588787683967,0.771641316389709,0.2132400524560454
501.0,0.2591710040824706,0.6743259039839714,0.06200706111986104,0.004496030813696861
1613.0,1.7771416420755074E-8,0.008070968104515013,0.5709449121975229,0.42098410192654573
741.0,0.7281336358218439,0.27124718662395747,5.89065199520911E-4,3.0112354677605986E-5
168.0,7.85148179595911E-9,9.3572633438436E-5,0.09228718952188368,0.9076192299931961
1186.0,0.9993448247090144,6.540746296807758E-4,1.0901546161138676E-6,1.0506688966887698E-8
266.0,0.008546258850296817,0.7055696757472495,0.27449557839686567,0.011388487005588064
832.0,1.0326858649806073E-5,0.0867058138670489,0.6937485152896609,0.21953534398464036
1287.0,9.907923629315866E-5,0.20709084462719113,0.4152640044508488,0.3775460716856669
649.0,3.0181200282691415E-6,0.08023868160558432,0.8072833347553204,0.11247496551906694
179.0,9.570030261978301E-9,1.0393833906338488E-4,0.086773821818975,0.9131222302719314
1503.0,0.9994006686615733,5.980128481241185E-4,1.3148614818085167E-6,3.628820874280086E-9
1146.0,3.8583901688330835E-7,0.027053387003569837,0.4288765836281305,0.5440696435292828
812.0,0.05101688251028536,0.8695373329879769,0.07109488818454826,0.008350896317189545
316.0,3.908028668215083E-5,0.5517473605823412,0.4031318350420674,0.045081724088909196
887.0,3.26456746898297E-8,0.0033717749232773896,0.19507397638396726,0.8015542160470805
1228.0,0.011785824884629932,0.8574414603380199,0.11927964925823034,0.011493065519119657
1385.0,6.539926541633592E-5,0.18700309703712859,0.5307126825498085,0.2822188211476466
98.0,0.9734547127819374,0.026050617482377535,4.5960451247612546E-4,3.5065223208945526E-5
1571.0,0.038910541202625076,0.7477118603357819,0.17804561792867743,0.035331980532915704
722.0,3.5055924589144356E-4,0.4595388992639632,0.4806813231888618,0.059429218301283594
451.0,0.9987950288193147,0.0012020507420214984,2.8417474484424485E-6,7.869121555088454E-8
612.0,0.08798104028118531,0.31386680154666585,0.46713942233695405,0.13101273583519477
408.0,0.9601301431550637,0.03280470568357723,0.003633622725738481,0.003431528435620478
1029.0,6.058117955604173E-4,0.48032939060770463,0.46402558468525684,0.05503921291147824
1440.0,0.0058492719809487255,0.5348250049831536,0.44312921042289405,0.01619651261300354
225.0,0.9999606970391446,3.9278940609069236E-5,2.3677539219630168E-8,3.4270710990331416E-10
961.0,4.387473173812262E-4,0.02418857522291144,0.4015209900696149,0.5738516873900925
922.0,1.6754919867251368E-7,0.009189394751185184,0.13887470736604046,0.8519357303335757
359.0,0.005486958484883886,0.1970488098201178,0.26722531017163975,0.5302389215233586
1302.0,1.4782361235565166E-5,0.20272040508339786,0.7103892367250767,0.08687557583028988
1203.0,9.572134180029496E-5,0.11678476372477485,0.40669479366689115,0.4764247212665337
75.0,0.09065414022721095,0.6825973452237003,0.22315184759386333,0.0035966669552254422
1628.0,1.36178052665051E-8,0.011171320701257773,0.8038900686003413,0.18493859708059573
575.0,0.23174126449601745,0.7329474689281114,0.034466034396399295,8.452321794717851E-4
1156.0,6.992797387979403E-10,5.467804087305242E-4,0.15977760350938083,0.8396756153826089
851.0,0.9258776762716107,0.07196688594801218,0.002031182783745065,1.2425499663210217E-4
1313.0,1.3303277153601364E-10,0.003974331612529809,0.16935700021347078,0.8266686680409667
1643.0,3.6141708222359134E-6,0.15500253732607977,0.20916259697446168,0.6358312515286363
56.0,0.9320795223733424,0.06081767080769815,0.006003577644991938,0.0010992291739677625
758.0,9.663006015653042E-4,0.926547623520463,0.061713491732900125,0.010772584145071533
465.0,0.4940281509614795,0.4562129805796304,0.042589347427774475,0.007169521031115676
186.0,0.6418527881547723,0.33730796978016697,0.020315995273710023,5.232467913506689E-4
685.0,0.005325936477619659,0.46414266644882235,0.4861325656295594,0.04439883144399838
1431.0,3.601621976886632E-4,0.8238058367314277,0.13709164216762512,0.03874235890325843
302.0,2.467804469137088E-5,0.019119977759819128,0.4450501099689346,0.5358052342265549
776.0,0.9690616173259582,0.030789293896518688,1.4857745523933088E-4,5.113222836078371E-7
1074.0,0.9775683494552622,0.0218262202572881,5.820648421295474E-4,2.3365445320340466E-5
1374.0,4.4153612872816705E-8,0.002014474234098232,0.5147850807356812,0.48320040087660765
373.0,0.9528676168679481,0.04549284667614491,0.0014894786917824866,1.5005776412461465E-4
958.0,5.639828791716811E-5,0.1650538310590314,0.5703680205552488,0.2645217500978027
1275.0,9.550093984615449E-4,0.3980497185995287,0.5848262287345407,0.01616904326746899
539.0,1.062962949085323E-6,0.047658159970717796,0.872528001493538,0.07981277557279506
1556.0,1.7216217407886078E-6,0.044170442450620864,0.7816132640104259,0.1742145719172126
394.0,0.0017057757316605695,0.6890186268656885,0.28086637800496145,0.028409219397689478
576.0,0.0013347664531750047,0.4816733651815018,0.34022316663722957,0.17676870172809353
1101.0,3.039258964762619E-8,0.01516744127256445,0.6315221459352969,0.353310382399549
997.0,0.07190529956672154,0.36427369322265946,0.4651880544361285,0.09863295277449054
232.0,8.274048272483344E-5,0.032119547393654524,0.4752544923399228,0.49254321978369786
1512.0,0.7152620426673946,0.2439050828054209,0.03711937773410678,0.003713496793077868
1537.0,0.020002276543290357,0.6126253708471642,0.13658272240070823,0.23078963020883725
707.0,9.000731701940697E-8,0.025954901308077403,0.7572961236977505,0.21674888498685513
281.0,0.11445283004484483,0.14634757513430263,0.6267986978030111,0.11240089701784153
870.0,0.003343581005407772,0.2796129597894223,0.5008591917335297,0.21618426747164024
23.0,0.5061587437128902,0.48030521768807855,0.013263104869194546,2.7293372983665904E-4
1262.0,1.5805818986024776E-4,0.24551177021665488,0.7222192661574413,0.03211090543604357
1355.0,0.9286876753142486,0.07118990232191112,1.1841431755501693E-4,4.008046285272482E-6
33.0,8.898175871071144E-4,0.4494626489273233,0.41427816203792733,0.13536937144764247
1533.0,2.899518897222613E-6,0.00959641287613784,0.5324954866194552,0.4579052009855096
1112.0,0.7788020301723162,0.21531287213540032,0.005384917226686969,5.001804655966944E-4
222.0,5.990413491009478E-6,0.07178905595342491,0.7586268415815522,0.16957811205153175
829.0,6.749911246309627E-4,0.33813075860560293,0.6046984646684748,0.05649578560129137
664.0,0.614711643463317,0.37175220141600124,0.012368419643759836,0.0011677354769218215
486.0,0.09913797609206679,0.8486832594163697,0.050524288673322655,0.0016544758182409042
1662.0,2.659926124693531E-7,0.020336255990502067,0.8425053456926166,0.13715813232426882
445.0,7.830230567107443E-4,0.17674884670198676,0.33437790792481137,0.48809022231649113
558.0,4.277972432830805E-7,0.028890108048914207,0.6741806974583895,0.296928766695453
907.0,0.2524746778833889,0.6715846716604262,0.05792879385910399,0.01801185659708097
1332.0,1.7435769990220492E-4,0.10779493576065052,0.5620023843314903,0.33002832220795697
1169.0,0.09816564402646137,0.8212071289977059,0.07879678163383211,0.0018304453420005884
1063.0,0.02784068744619613,0.899400422136955,0.06629650251694498,0.006462387899903966
1410.0,4.228859048202698E-7,0.008951642594449158,0.23725239262782374,0.7537955418918223
976.0,0.12940853960323706,0.6238926756664879,0.17090639650688338,0.07579238822339168
322.0,7.974946904240127E-4,0.05876334823024595,0.5190421888354553,0.42139696824387474
629.0,3.8906993317238334E-5,0.1303668221028414,0.5095436787331966,0.3600505921706448
140.0,6.006514636240817E-6,0.15213811899777935,0.7148240909228506,0.13303178356473383
1461.0,0.56096831887796,0.0634613953075294,0.05397115998743531,0.3215991258270754
793.0,6.155246420880812E-8,0.014152568155594007,0.7889996904607542,0.1968476798311876
215.0,2.9434219881355177E-8,0.01754212906376874,0.5632965951362564,0.41916124636575497
1040.0,0.354471279284234,0.6151512161683503,0.029255715365637296,0.001121789181778359
500.0,8.313516613166785E-10,0.004703254865796807,0.6747691587656345,0.32052758553721694
700.0,3.3141070070925388E-12,2.5292044413312954E-5,0.03166842797875362,0.968306279973519
1609.0,4.280384996987961E-4,0.5546557481210845,0.3350951912688072,0.10982102211040946
80.0,1.0309635343238004E-6,0.07567269834489966,0.4721833433976936,0.45214292729387257
743.0,0.9458826988062737,0.03084179840672788,0.02056374061550719,0.002711762171491186
1190.0,7.372289157181288E-9,0.012897983600804797,0.2774218597588005,0.7096801492681055
267.0,0.0016985098044289817,0.8567213299434979,0.1333338659450921,0.008246294306980897
834.0,7.780563532253045E-4,0.610455956098597,0.3402081358364916,0.04855785171168611
1283.0,0.054135749503222225,0.21098886218401802,0.4841170452128598,0.2507583430999
1135.0,0.9814227355069046,0.018309424265218407,2.5706614054279016E-4,1.0774087334281729E-5
1012.0,6.39289551242063E-5,0.6539616028909985,0.3316746129701793,0.014299855183698106
336.0,0.1257708417354308,0.871514681951646,0.0026808425070611107,3.36338058622004E-5
1482.0,0.5360771429098531,0.45029663896297784,0.013418776819294244,2.0744130787492146E-4
133.0,1.0673926656494187E-7,0.027508099553097676,0.7593850918103255,0.21310670189731032
1664.0,6.407306769099001E-11,1.2570426627985423E-5,0.18046414397592772,0.8195232855333713
593.0,5.047436897698886E-8,0.005567247877025693,0.5648181186354326,0.4296145830131728
522.0,0.9527246930764626,0.04557442323560483,0.0015557902294126393,1.4509345852001232E-4
431.0,0.6890215054572124,0.28398133392224856,0.026032291384570982,9.648692359681177E-4
1590.0,0.0020330378910243707,0.1066162898825965,0.6176226336567743,0.273728038569605
1404.0,0.00877771999757661,0.8600227241699703,0.13023654640912175,9.630094233314403E-4
943.0,9.394421204691565E-5,0.19640175242144967,0.3217306696749869,0.48177363369151666
121.0,0.9193116037582164,0.07786114188653365,0.002563360032866231,2.638943223838845E-4
1241.0,3.1882944197428496E-9,0.030485823782160436,0.7332046990411096,0.23630947398843552
409.0,4.3663342535844713E-7,0.047698187577672156,0.7465333153848973,0.20576806040400517
614.0,6.139595699691618E-4,0.26678417592161485,0.6693021327063858,0.06329973180203015
31.0,4.269200584455991E-5,0.12803026027829262,0.41540941874472825,0.4565176289711344
49.0,0.9776159071992603,0.022212233294478377,1.649752586178338E-4,6.884247643467964E-6
1025.0,1.1093569067380356E-5,0.04209031628629768,0.6014834148488629,0.35641517529577216
1444.0,1.5886792711066698E-6,0.02647755455913284,0.47667580604900567,0.4968450507125904
963.0,0.001409181707024053,0.1435678605402087,0.73150043199018,0.12352252576258725
920.0,2.7826658585813425E-6,0.044638271954951014,0.7536198957008207,0.20173904967836967
358.0,0.9088116864345311,0.08987766295807757,0.0012676780487566501,4.297255863458026E-5
1298.0,0.0010632594878970062,0.026073666672675522,0.25466937124484745,0.71819370259458
1207.0,0.028131704826647674,0.4514676242492726,0.39584928965988625,0.12455138126419343
1624.0,0.9968889146526911,0.003105823749443553,5.1966038712416844E-6,6.499399426035544E-8
158.0,4.018017283361544E-4,0.34651607548003777,0.48103647892153717,0.17204564387008878
573.0,2.627164701350555E-7,0.03617087484263734,0.7105016391072759,0.2533272233336166
651.0,3.4338729609953015E-8,0.007638325273710053,0.5807736644361212,0.4115879759514391
1499.0,0.7274422637130674,0.264251568328265,0.007980428648755505,3.257393099122176E-4
1150.0,2.01919470054857E-4,0.20237519962460196,0.461171825895451,0.33625105500989216
814.0,0.3806144916966129,0.5657817265590361,0.04232023948265794,0.011283542261692966
317.0,0.9941454158021193,0.005851557951646411,2.9849886290058474E-6,4.125760534293408E-8
885.0,1.0950392014166861E-4,0.1487624430387106,0.3652444342327975,0.4858836188083501
204.0,0.26712337096611055,0.39644608196463044,0.1866416093929845,0.14978893767627438
1224.0,0.8338519771989515,0.15782867549912516,0.007799970255565716,5.193770463576096E-4
1389.0,0.0031907110272035213,0.692660952457142,0.26898390497095587,0.03516443154469879
1575.0,0.021825341460055797,0.6797199534405135,0.28364442488348,0.014810280215950792
450.0,0.025205917278156378,0.6318321107749225,0.23025057684831804,0.11271139509860297
720.0,0.02626293667246475,0.6524782245877311,0.2944779351198055,0.026780903619998648
1370.0,6.970718498686914E-7,0.03842624611875253,0.6352171738372244,0.32635588297217316
956.0,1.5574285899571262E-9,0.009762024167897208,0.7202399669177622,0.26999800735691204
372.0,0.9962514402017002,0.0037165886034332125,3.1177242724304065E-5,7.939521422039372E-7
1279.0,0.9998109358520259,1.8873907301452772E-4,3.086402641279013E-7,1.6434695586307273E-8
537.0,5.730153641415711E-12,4.2282975106265026E-5,0.03801126465004011,0.9619464523691235
1552.0,0.9937637711462941,0.006213185694604507,2.261657594203932E-5,4.2658315928567E-7
151.0,0.45166875902549153,0.4844791449097038,0.061346869754162994,0.002505226310641587
578.0,2.1373883492361244E-13,5.103303623000743E-6,0.03301791270977485,0.9669769839863884
395.0,1.3894829449050434E-9,7.440706939525048E-4,0.13189814994330495,0.8673577779732596
1097.0,5.44139081499269E-5,0.6680787016343435,0.28689090555018354,0.0449759789073232
112.0,0.059256436366866796,0.7816422652873478,0.14338338575683018,0.01571791258895529
999.0,3.289073886913025E-6,0.34990267005854714,0.6390576828897929,0.011036357977773059
1516.0,0.9964791904180619,0.003490083309232707,2.956592327098182E-5,1.1603494344736378E-6
1152.0,0.004210245646125382,0.7312541954028,0.25628483300305244,0.008250725948022163
197.0,6.083747983680577E-4,0.4685446961287306,0.5136700994425547,0.017176829630346578
849.0,0.05055451024761776,0.9387524213779861,0.01012217569539343,5.708926790027298E-4
1317.0,0.5540911505984194,0.38937358211731177,0.05340813903814429,0.003127128246124466
1647.0,4.1134797260932885E-4,0.11015679518796478,0.38511242795547346,0.5043194288839524
756.0,2.437328646781419E-4,0.29599618022366236,0.5535179801875297,0.15024210672412977
464.0,4.06572791089221E-8,0.008416656546239916,0.3616844804255911,0.6298988223708899
687.0,1.7849981749892444E-8,0.035150980364585485,0.4894478954947484,0.4754011062906843
89.0,0.9996291077614706,3.6917692788448434E-4,1.7049205960666388E-6,1.0390048667175752E-8
1427.0,0.3570090239689916,0.5967434751259797,0.042217873198699296,0.00402962770632935
778.0,8.479510301437407E-5,0.07639287633553722,0.6659023666656768,0.2576199618957716
303.0,5.610406874087102E-8,0.0014746778332858897,0.37901489576119035,0.6195103703014551
1078.0,0.9989665163912116,0.0010298147321330675,3.6241226263522843E-6,4.4754028886365214E-8
1123.0,0.0016882983302513046,0.24668052994397796,0.4637828923562315,0.2878482793695393
1478.0,0.9990928090431189,8.403285527572606E-4,6.589193125640784E-5,9.704728674364286E-7
339.0,0.09410501174095509,0.8662886022669054,0.03868910471695459,9.172812751848798E-4
1010.0,0.006844120969102773,0.7085617277864332,0.21431708776923794,0.07027706347522604
11.0,0.9330996221687855,0.06653055595174669,3.336320382550362E-4,3.6189841212730294E-5
599.0,3.487539585673895E-4,0.7616216735691866,0.2137728793298915,0.02425669314235455
70.0,1.4840111319402278E-4,0.7613654336762372,0.21911672487691217,0.01936944033365663
1594.0,6.688315469437427E-5,0.11690918705590576,0.7008362206928899,0.18218770909651
524.0,0.2985082612030619,0.6368265266228305,0.057197417870686634,0.007467794303420871
428.0,2.900071177761452E-11,4.0975309912547893E-4,0.2946522406107348,0.704938006261139
937.0,0.14617525864052613,0.8127148525804251,0.039485778418538724,0.0016241103605100684
251.0,0.9790827996662174,0.020911172264915706,6.003337953749355E-6,2.473091307768375E-8
1392.0,0.1316591692061201,0.7236561362563716,0.128831591135613,0.01585310340189513
1237.0,0.7289035156562567,0.2637929744220654,0.006835943097433722,4.67566824244267E-4
111.0,0.9990965843983065,9.016581168321343E-4,1.7320083065019873E-6,2.5476554791562414E-8
1465.0,5.052911525822814E-7,0.008594509901469077,0.21022672709950704,0.7811782577078712
1052.0,4.6399710072974256E-5,0.10803841641680179,0.7903004428024606,0.1016147410706647
799.0,2.557403430848598E-5,0.03091825417348136,0.3789381683955612,0.5901180033966491
503.0,0.2543125631110433,0.6626242728182418,0.08016833997061026,0.0028948241001047516
698.0,0.9935242433284746,0.006453643901670616,2.1248210488442205E-5,8.645593662677604E-7
1605.0,0.9976531485293456,0.0023442015192461606,2.6416146124621534E-6,8.336795813869211E-9
169.0,0.9857480375788472,0.014082057473759409,1.6587076678662815E-4,4.034180606778615E-6
737.0,0.6625022879036725,0.31871893130444967,0.01598363392935066,0.002795146862527174
836.0,1.2703384414520593E-5,0.014586324802501981,0.32780310920767214,0.6575978626054113
264.0,0.7417305295602348,0.18667809963216936,0.06423067737358086,0.007360693434015013
1295.0,0.985054836387893,0.014036736698049251,8.428520469434528E-4,6.55748671143559E-5
552.0,2.1545004041430578E-7,0.017604291326259094,0.23895027573518485,0.7434452174885156
446.0,0.007442371349544046,0.0937019656303902,0.45189847558366036,0.44695718743640533
1650.0,0.178951262324451,0.757495515511699,0.06025895835680486,0.0032942638070452782
1336.0,0.1781182891053026,0.7312102510490097,0.08716934447656555,0.0035021153691221552
242.0,2.098471224049245E-4,0.4271877854107953,0.5164748822081026,0.056127485258697186
909.0,9.103266371316225E-6,0.04303325467911954,0.3498807025734942,0.6070769394810149
1181.0,4.4992016338581534E-11,1.328518288694204E-4,0.07070821674473732,0.9291589313814012
42.0,8.921068079968569E-9,9.784141922799176E-4,0.16762836410443074,0.8313932127822213
1067.0,1.811488475161698E-10,2.470757190871516E-4,0.17686680864713028,0.8228861154526337
982.0,8.681296603327697E-9,1.3479708085360265E-4,0.1639731526854537,0.835892041552396
321.0,0.9079871412737609,0.0783040786012417,0.007702430514696013,0.006006349610301325
1422.0,0.0075419746097643466,0.657543575851932,0.2891835082316416,0.04573094130666202
627.0,6.0163743714002E-6,0.06444186299022202,0.8428615979132097,0.09269052272219686
1549.0,4.389896686283391E-6,0.08942865645174294,0.5245680857730008,0.38599886787856996
709.0,1.1687799582561956E-4,0.28934707443559793,0.6468046739361419,0.0637313736324345
160.0,6.930795092061689E-4,0.2525341470742854,0.6695603046943939,0.07721246872211464
1250.0,2.479703261553139E-6,0.018263033546810505,0.1229627733126686,0.8587717134372593
864.0,5.617210386421831E-4,0.03192905370582904,0.3796889144898435,0.5878203107656853
282.0,0.007916043655957229,0.8495715647591066,0.13645288678918815,0.006059504795748258
1351.0,2.2546658609011035E-7,0.008668233566569178,0.3684570306649941,0.6228745103018507
1521.0,1.5806496508434802E-4,0.37865380030812845,0.3852988224019372,0.23588931232485008
827.0,6.528698050541499E-6,0.1833831216965871,0.5313097638493044,0.285300585756058
1108.0,0.9883298811377738,0.011580921367105063,8.432311454832926E-5,4.8743805729814525E-6
485.0,0.997407801828538,0.0025885172975878097,3.6654558914590542E-6,1.541798262670341E-8
670.0,0.9995182302644797,4.8113559451624813E-4,6.252769740662836E-7,8.8640297658164E-9
855.0,0.0029494280169367103,0.6274285509680566,0.36191520427964646,0.007706816735360131
15.0,0.9956497425758197,0.003076360456019672,0.001109589384664495,1.6430758349609333E-4
1164.0,9.614953166865598E-5,0.20430211337756618,0.5114976557628815,0.2841040813278837
1321.0,0.003414135732033097,0.42552817283179173,0.45035338081145904,0.12070431062471612
102.0,5.0324692806328645E-9,0.009886912696073832,0.5464147020181603,0.44369838025329655
1635.0,2.7786288834697257E-6,0.12067081544960147,0.7210122984714363,0.15831410745007873
467.0,0.002439184676389794,0.343354632530478,0.6402392463237565,0.013966936469375779
754.0,5.916280154196663E-7,0.01794865138357843,0.24932480692589407,0.732725950062512
681.0,9.638796175059735E-10,0.011581989292116703,0.6947177506813931,0.29370025906261066
187.0,0.06806054299423363,0.5145469107204749,0.3375009803099864,0.0798915659753052
1439.0,0.001968441949140359,0.36158631680003867,0.28666866813801906,0.34977657311280186
1082.0,1.3310382770069935E-8,0.05366866597159619,0.7315338749764774,0.21479744574154372
300.0,0.8471764138218496,0.14207468145809882,0.010455099855272546,2.938048647790411E-4
780.0,0.9999878881672536,1.2099527322850068E-5,1.2273050113829966E-8,3.237358468842082E-11
954.0,4.828652027542329E-4,0.2898907973375732,0.5135971571178306,0.19602918034184202
375.0,0.9525026808344031,0.046177235937644015,0.0012996871441560058,2.039608379679234E-5
1366.0,0.9942624959732425,0.005696251227315959,3.918223131646229E-5,2.070568125065238E-6
1267.0,0.9950012659825145,0.0049616972251343245,3.4149673072554297E-5,2.8871192786497925E-6
79.0,2.4932515986637823E-6,0.18366719204070894,0.7504812544774211,0.06584906023027122
1564.0,6.478109310717985E-8,0.02413490928864267,0.6048947998709755,0.3709702260592887
543.0,0.8269406074169783,0.17267928137034882,3.526393898647119E-4,2.7471822808058922E-5
580.0,0.9960821192698704,0.0039022418892356646,1.5593557923602034E-5,4.5282970281227564E-8
392.0,0.25303023355923443,0.6688179074470446,0.07088233627008148,0.007269522723639432
1093.0,0.9830298219471947,0.01682920009101356,1.353816178190371E-4,5.596343972680365E-6
1504.0,0.674361367328307,0.30615274417231153,0.017544714747925072,0.0019411737514564223
233.0,0.9999430259158003,5.693027998901624E-5,4.33741960820184E-8,4.30014664904905E-10
993.0,0.40699872029177137,0.5593639769011874,0.033290510332061346,3.467924749797957E-4
178.0,0.03800999907877988,0.8101233698507118,0.13758665013155308,0.01427998093895511
653.0,5.894826708014701E-5,0.4537810212522039,0.45210487095631663,0.09405515952439951
1495.0,0.9999606970391446,3.9278940609069236E-5,2.3677539219630168E-8,3.4270710990331416E-10
808.0,0.44753556802756356,0.5286893516801618,0.01940900253456815,0.0043660777577063554
318.0,1.9784458635455315E-4,0.19405089128304914,0.7064314899011136,0.09931977422948265
1138.0,0.45877085336778023,0.5156850615437012,0.025047999737124408,4.960853513941587E-4
1220.0,0.3824466201111453,0.44471475089609,0.1508403224898561,0.02199830650290866
883.0,3.3129361897604514E-4,0.44081985210992947,0.5315331129139089,0.02731574135718561
1377.0,1.5724514897087045E-5,0.04940731905284353,0.8498249293492334,0.1007520270830259
1579.0,0.5646980995043898,0.40299801483093245,0.026308080426739443,0.005995805237938402
58.0,1.9694310869644342E-7,0.00704116786449503,0.5104235666729368,0.4825350685194595
449.0,3.9610556774515424E-7,0.02772913461755949,0.27295525370322454,0.6993152155736482
726.0,7.008185398572418E-8,0.024239605304802635,0.7526574198415973,0.22310290477174596
410.0,0.9998458516634934,1.5277613605822656E-4,1.1846768366543227E-6,1.875236116819035E-7
608.0,0.0013121162776849812,0.4964356535585376,0.4508464221789012,0.05140580798487622
1037.0,7.77170171823451E-6,0.0034674869284390436,0.19778232860281406,0.7987424127670286
965.0,3.220481495605903E-7,0.009712511960806795,0.321747444845507,0.6685397211455366
224.0,3.819380348074313E-8,0.1452834427288564,0.7745873117496443,0.08012920732769593
1448.0,0.688306192344142,0.3069528210110742,0.004524257460230995,2.167291845528079E-4
1310.0,0.9810953062583797,0.01880170935164835,9.582344597215006E-5,7.160944000052996E-6
926.0,4.535904307792492E-8,0.023726428560413924,0.34812734912190346,0.6281461769586395
357.0,7.543598220017361E-4,0.6007917690119132,0.34277294878066544,0.0556809223854195
1211.0,5.356427168926225E-8,0.011108962659150663,0.25197617809817374,0.7369148056784038
571.0,1.8202743510810302E-5,0.09743632232182776,0.4408200673188557,0.46172540761580577
1620.0,0.0012431534091448544,0.32677061381159017,0.6192433007600389,0.05274293201922604
1469.0,0.001119087940086877,0.16057941195299963,0.7064481459232228,0.13185335418369068
1048.0,4.5264393010033044E-7,0.0676074792099845,0.6556566852593441,0.2767353828867412
214.0,5.870187800520092E-6,0.011862936411189203,0.29850255619847027,0.6896286372025401
797.0,0.1154015016567847,0.6749674493638531,0.19974106578013068,0.009889983199231319
696.0,0.42450019799300764,0.5439986897085546,0.029985563869467657,0.0015155484289701474
502.0,1.061659131993381E-5,0.07447929693122453,0.5613724882020356,0.36413759827541997
1601.0,2.1297434211491103E-9,0.00990015926585422,0.34201684555058576,0.6480829930538167
739.0,0.9989582392276163,0.0010393388030259362,2.382924133999912E-6,3.9045223625330906E-8
838.0,7.576890976570543E-11,4.685074393411894E-4,0.03125355585135905,0.9682779366335309
265.0,9.583075024054795E-10,1.3474490610910537E-4,0.1380566696079402,0.8618085845276433
1198.0,0.9918384373999543,0.00796512148612871,1.82091617097264E-4,1.4349496819845613E-5
22.0,4.315401012371806E-4,0.09307077562572323,0.6519129850443861,0.25458469922865357
35.0,0.005346776962449158,0.719724151824842,0.21490650218359064,0.060022569029118206
1291.0,0.9956772026562816,0.0043213477696721165,1.446168533439842E-6,3.405512909346811E-9
1127.0,4.830147294979724E-4,0.47847281928072377,0.4299729108776687,0.09107125511210952
1474.0,8.20236561513106E-7,9.022191420760496E-4,0.0884745828730452,0.9106223777483173
1008.0,3.492377765499057E-5,0.21285716799667137,0.7040478344140162,0.08306007381165749
338.0,0.9796527424570386,0.019860111997167612,4.746163867499766E-4,1.2529159043771666E-5
597.0,1.7752121017374146E-4,0.1725342110708804,0.633774407574843,0.1935138601441027
1672.0,2.4526064069937908E-5,0.3181842292544808,0.3728340250012721,0.3089572196801772
132.0,0.014368853163295139,0.9122417443328615,0.06556186552768711,0.007827536976156022
1598.0,0.9953486097779608,0.0046294783639302785,2.1198191578217946E-5,7.136665305593239E-7
429.0,0.9997501719041401,2.4948879890851776E-4,3.322383458049213E-7,7.0586056322195176E-9
526.0,1.7572310602973118E-5,0.47394697019779125,0.4089351286342268,0.11710032885737891
939.0,2.7184732205647273E-8,0.0402904187713635,0.7955946860343235,0.1641148680095808
1396.0,8.001152646101974E-6,0.01777223666137598,0.4861845859298082,0.49603517625616966
1233.0,0.711164113414766,0.2815755199480211,0.006367441128333827,8.929255088790755E-4
1545.0,4.23147362961275E-7,0.09662095314514559,0.3738243621360091,0.5295542615714823
84.0,0.9951837388161671,0.0047801035999581855,3.5044253841752704E-5,1.1133300328774712E-6
711.0,0.9995646769137728,4.349371192933952E-4,3.8097436080758577E-7,4.992572953903648E-9
1254.0,0.014128448197146181,0.3727027879914642,0.5072301237394096,0.10593864007197999
866.0,4.233563994705324E-5,0.09185072500824201,0.37358740553813713,0.5345195338136738
283.0,0.09104529096252016,0.8145933355355255,0.09065141242544829,0.003709961076506152
1347.0,0.9998832118386404,1.1671191894004492E-4,7.378039096243722E-8,2.4620285191763097E-9
1525.0,0.011155504326261924,0.5185755638643308,0.26851830313279024,0.20175062867661706
825.0,2.410189079756693E-6,0.06324928165912662,0.8225671617798174,0.11418114637197622
223.0,0.3355240156655978,0.6413660521601571,0.02136220818377488,0.0017477239904702215
1104.0,0.025696706200401393,0.7018546340282655,0.25449489266422104,0.017953767107111957
484.0,0.9057788963160661,0.04442740902744821,0.04223656151330851,0.007557133143177074
668.0,0.13229688573820697,0.8054442159475661,0.05932590279876173,0.0029329955154652853
554.0,0.022607509943306604,0.8682071819227204,0.10789604010268244,0.0012892680312906902
447.0,3.861648115609486E-5,0.39841869468410185,0.3762557870297109,0.2252869018050312
1654.0,7.958396632392232E-10,0.008484594375327417,0.3645167542123055,0.6269986506165274
1340.0,0.9585476006671259,0.041340023196395584,1.0843087623887297E-4,3.9452602396141984E-6
911.0,0.9981505346315215,0.0018447504168098213,4.651265947216437E-6,6.368572133754964E-8
125.0,0.9913887120105053,0.008579904403019638,3.043200827260531E-5,9.51578202553307E-7
1177.0,5.606250147436792E-9,0.0033122053950520175,0.3731884414683754,0.6234993475303224
1071.0,5.7034295064113536E-8,1.743123224448157E-4,0.05487099843883977,0.9449546322044203
980.0,2.729343061605339E-4,0.829319633733345,0.16939107940571588,0.0010163525547784837
320.0,0.9553475571338568,0.044305460319878066,3.34016317686938E-4,1.2966228578234898E-5
1418.0,1.4287244300379933E-8,5.4856355680132656E-5,0.05424059489886221,0.9457045344582133
141.0,7.266889539661237E-9,0.009340265776311217,0.5544177182355587,0.4362420087212405
625.0,5.747699641986609E-7,0.0279775350032562,0.7137352033125249,0.2582866869142546
374.0,1.4281153195802008E-6,0.05348626025244302,0.48458039158141664,0.46193192005082084
952.0,0.9953260819956227,0.004227378388558839,3.923179160740977E-4,5.422169974456478E-5
1362.0,0.9999802832629768,1.9659242311443818E-5,5.5566555340453343E-8,1.92815656342912E-9
1271.0,7.538080053883573E-5,0.018399469332360103,0.33973423130305536,0.6417909185640457
150.0,4.9271816047310167E-5,0.4694153224576671,0.3900447775513717,0.14049062817491392
1560.0,1.3687978004799152E-10,7.170047930377114E-4,0.18997433031150646,0.8093086647585761
541.0,0.012486813795686016,0.42868340271321576,0.4453602094735652,0.11346957401753316
393.0,0.0018535770829393229,0.05117618848624538,0.45653139443186963,0.4904388399989457
582.0,0.997237541643412,0.0027470414639245303,1.4981118386882846E-5,4.357742764810046E-7
30.0,6.122542976362251E-4,0.37488177180117865,0.5206063836112144,0.10389959028997074
51.0,0.012634447002250065,0.8221889365570497,0.15928680418465369,0.0058898122560464014
1089.0,5.621654601367197E-4,0.19653716389945736,0.46655781147061337,0.3363428591697925
1508.0,0.898300948955994,0.09691782068845782,0.004524052259919041,2.571780956291519E-4
995.0,5.150757608737914E-12,0.004681762569256658,0.4889676070024695,0.5063506304231231
853.0,0.999938436506305,6.154381410170828E-5,1.9654569274097563E-8,2.5023945653273263E-11
1160.0,9.025812968751896E-7,0.08653726753943676,0.8481318603763636,0.06532996950290276
196.0,8.85083895917578E-9,0.004901017167583023,0.30344826324969437,0.6916507107318837
1325.0,2.6717864421986677E-8,0.004187827938623552,0.3266297912603615,0.6691823540831505
1639.0,0.7777719512683209,0.21149547040104388,0.009531885259575422,0.0012006930710596578
752.0,0.9995789431982341,4.2096587362670915E-4,9.083360781104043E-8,9.453145933160809E-11
466.0,1.0081773779216067E-7,0.02412705390050191,0.3161055956888255,0.6597672495929348
683.0,0.2165078553734661,0.7367825582089863,0.046197936383415926,5.116500341316321E-4
1435.0,5.186114699347002E-4,0.19349633476267167,0.6304035780183549,0.17558147574903882
1086.0,0.007037928587788341,0.6782505954969196,0.24434931439928909,0.07036216151600293
301.0,0.001262909531361767,0.3361606382823401,0.46958635783358366,0.19299009435271447
782.0,0.08928664863940688,0.5217992413608207,0.3170467325313703,0.07186737746840213
411.0,0.9468006201575094,0.05136260904401364,0.001676863843153648,1.5990695532331576E-4
610.0,0.7197926101710845,0.2643352286096074,0.01541365655345782,4.5850466585022325E-4
1033.0,0.9637847120792777,0.022082060772597004,0.011149896943674142,0.002983330204451244
116.0,0.9982008706781212,0.001797492315198049,1.631647503837961E-6,5.35917693460868E-9
967.0,1.4922602368509065E-10,7.803041832836747E-4,0.29922468665298474,0.6999950090145056
1306.0,1.211292639752622E-6,0.016487936858599932,0.08981641631468333,0.8936944355340769
924.0,3.5795047471803997E-7,0.00539401514149171,0.5354843377685514,0.4591212891394822
356.0,0.00354665636169674,0.2958155368157779,0.5794694001084599,0.12116840671406548
1215.0,0.6486239345775671,0.3304309194120991,0.01731590840233042,0.003629237608003274
569.0,3.085617878590471E-4,0.04002029701704734,0.35104590209100556,0.6086252391040881
1616.0,0.9595659822247881,0.03998221353699214,4.127784500306425E-4,3.902578818906922E-5
159.0,0.9270441668742064,0.07180401346841413,0.0011158125679001495,3.6007089479309896E-5
655.0,5.262307557190504E-5,0.14062561385933223,0.581440143907366,0.27788161915772985
93.0,2.4329068937192685E-10,5.2188320145708496E-5,0.0944169174793237,0.90553089395724
1491.0,0.3684415690842697,0.6004755786751648,0.028329894578481046,0.0027529576620843564
810.0,1.0143626221993366E-6,0.04326825476803119,0.6443018924686555,0.31242883840069113
319.0,1.1443103079536882E-5,0.12392772214745304,0.698013876611294,0.17804695813817356
1142.0,3.828646333289113E-5,0.20188573370613888,0.7391912104571374,0.058884769373390836
205.0,3.311051067682183E-4,0.2241903276335331,0.5120143375433862,0.2634642297163124
1216.0,0.09465370972259744,0.8124960263418782,0.07705597115789686,0.01579429277762755
881.0,0.9995114165594827,4.885389815874709E-4,4.1735450348572984E-8,2.723479291508648E-9
1381.0,0.429328577143155,0.53531699467853,0.028860741671712858,0.006493686506602132
1583.0,0.19086513375355776,0.7585475242478745,0.04752759875962037,0.0030597432389473543
724.0,0.9986959687126611,0.0012789584282281196,2.324948428520682E-5,1.823374825461503E-6
448.0,0.007847462312576324,0.6117529824625603,0.3481472329010708,0.032252322323792576
1669.0,0.5512129357324621,0.28904643735113117,0.15602197412123844,0.0037186527951682713
641.0,0.9087910527551991,0.0883469531284172,0.0025538252804735845,3.081688359099395E-4
177.0,1.1842491859843278E-5,0.13568826647611143,0.5975578399170195,0.26674205111500915
1130.0,2.620769063110894E-6,0.09933616707466388,0.7167546779314404,0.18390653422483255
312.0,0.0025245424718640225,0.6581029167099927,0.3262139178519811,0.01315862296616224
804.0,2.9891604056441816E-8,0.0018829434733787169,0.39623668741779206,0.6018803392172252
1487.0,0.3200830680276142,0.6043987981211827,0.07415156320657292,0.0013665706446301096
1401.0,5.9542558712748914E-6,0.0335194643793198,0.4677933702121169,0.498681211152692
99.0,0.9870276727785643,0.012768460106802064,1.9783328970404983E-4,6.033824929692706E-6
895.0,3.90302658569621E-8,0.032927143410558905,0.22154509125608268,0.7455277263030926
1244.0,3.960334397899519E-6,0.003764647950169502,0.07522935099660363,0.921002040718829
730.0,5.097236181294799E-7,0.13337882594414632,0.6240264429421396,0.24259422139009593
455.0,1.7851492592292266E-5,0.08315935651335554,0.8084785133710383,0.10834427862301389
1587.0,9.087420149578618E-4,0.410330748391737,0.443509795653122,0.14525071394018307
620.0,0.9973295963532406,0.0026307843943280448,3.954226390547197E-5,7.698852605938542E-8
412.0,1.0314315973811308E-4,0.12247186783298804,0.8280351440975858,0.049389844909687945
227.0,0.7341344979592489,0.2580237688698287,0.0076324668257586265,2.0926634516373348E-4
1456.0,8.142639525924597E-6,0.07464449980701987,0.6679074706483608,0.2574398869050934
969.0,0.4226432802931977,0.49721923738529744,0.07582349996171672,0.004313982359788163
1045.0,2.175355186380111E-4,0.3326914315508915,0.5370275525017687,0.13006348042870175
1187.0,0.9962078245884369,0.0037887821846446794,3.378923734819798E-6,1.43031835691149E-8
355.0,3.5699448512221497E-6,0.04632436269847009,0.5133618211094134,0.4403102462472653
914.0,0.1371144296848915,0.7053509224150287,0.14613815663183985,0.011396491268239878
1286.0,0.9579920904196139,0.041798710683062366,2.080024153698686E-4,1.1964819538862796E-6
1612.0,0.9526672124430648,0.044686810338247306,0.0025669249487385555,7.90522699493914E-5
567.0,4.823136967021756E-10,0.0048791740579115445,0.39904503515584744,0.5960757903039273
74.0,0.1850811028154635,0.7539416275318784,0.0585938458705549,0.0023834237821031643
1329.0,0.9817656114884997,0.01806030693174689,1.6913081340378376E-4,4.950766349559601E-6
1172.0,3.446745157074986E-6,0.059278477439059216,0.5056125279136917,0.4351055479020919
859.0,2.0368294873786282E-7,0.03510777471703937,0.5255395331355759,0.43935248846443603
469.0,3.7670817652052684E-8,0.014974002022566876,0.8729253168278651,0.11210064347875026
766.0,0.058945510558190285,0.8020599619705,0.11552477345739476,0.02346975401391501
1659.0,2.076127076106863E-5,0.0647678980830682,0.4168899651620371,0.5183213754841336
184.0,0.1900647136582184,0.5002051261537608,0.29902269073436283,0.010707469453658077
677.0,1.3221160726581596E-8,6.931499221195408E-4,0.2806558592250604,0.7186509776316593
768.0,1.1351208231124559E-6,0.07026542955337535,0.8072816498083091,0.12245178551749264
298.0,2.5884227884531823E-6,0.16706773797554714,0.497212006180591,0.33571766742107323
1058.0,0.8903321846308555,0.10577583610903896,0.0038589395186346075,3.303974147081242E-5
1415.0,1.2616649900026477E-8,0.00272689196412135,0.5376522440265543,0.45962085139267445
