1658.0,6.4468117852638925E-9,0.0022878995235689798,0.8125482414426585,0.18516385258696075
444.0,1.1013057189959959E-7,0.6765520499990035,0.3070464369883356,0.016401402882089026
556.0,7.981817324079196E-4,0.03579121478374288,0.9322995631639148,0.03111104031993455
905.0,2.0848690260683404E-5,0.0826631889228402,0.7746746707513685,0.14264129163553055
243.0,5.0402067354933614E-8,0.0021990495324491293,0.7570160198600837,0.24078488020539976
1328.0,1.2751186612533479E-9,0.007928651349317186,0.6151175262236305,0.3769538211519337
1173.0,2.8548310300087073E-5,0.9999650283690044,6.4233203514472425E-6,3.441755713130433E-13
1059.0,4.1029498417144707E-7,0.5125591148126997,0.4874403524496855,1.2244263068274708E-7
1414.0,4.51128999491782E-18,0.9784619416842518,1.711515300823809E-6,0.021536346800447314
978.0,3.307805051374207E-18,2.4880867348423323E-11,5.051563216003692E-9,0.9999999949235558
323.0,1.2048174718299055E-7,0.8956316883624797,0.10436803002849109,1.6112728200915947E-7
631.0,2.883889214608595E-7,0.05104752029955929,0.7218366342923227,0.22711555701919658
66.0,8.618179033386185E-10,0.9987783543269962,0.0012193137659544458,2.331045231426673E-6
1541.0,0.9923542243883975,0.0058120515288494125,0.001825463674763093,8.260407989823218E-6
161.0,0.01013509040032386,0.8610013494844081,0.12826507243726978,5.984876779983164E-4
705.0,7.212507855010567E-15,6.743398892043092E-9,0.9999996144894682,3.7876712574397804E-7
280.0,0.954538774579704,0.04487649127000292,5.812614564035905E-4,3.472693889729727E-6
868.0,1.0876341251391088E-18,8.873010372264256E-5,0.9998870382024562,2.4231693821155997E-5
1258.0,6.093771564621798E-5,0.0013534555244511697,0.9223274802341653,0.07625812652573728
1359.0,0.005033524428536996,0.16698016845860825,0.7666991752612577,0.061287131851597114
107.0,6.948891786043499E-9,0.007867016487466546,0.1829109420663936,0.809222034497248
1529.0,0.12665440938988615,0.8111386334680307,0.06220694894540261,8.196680480480969E-9
1116.0,7.25883015495953E-32,5.494660640487535E-10,0.013858274301591995,0.9861417251489418
831.0,0.02705357426759642,0.9241517143499764,0.04878130391516469,1.3407467262413575E-5
666.0,0.0010116444750033335,0.5554508798724965,0.43291351841350484,0.01062395723899527
487.0,0.980095835249778,0.019209793360169203,6.613488272611557E-4,3.302256279170345E-5
40.0,3.7220614573117834E-8,0.25274029884456695,0.6211059132515938,0.12615375068322468
1131.0,3.79595061954798E-5,0.6002016719330274,0.39869668653205387,0.001063682028723322
337.0,0.9999985602028207,1.6014240196045695E-11,3.5103979782685206E-36,1.4397811650168694E-6
1014.0,2.629385920176306E-20,0.9771572955994691,1.9128934738767673E-4,0.02265141505314326
1486.0,2.6071507902330926E-14,0.192206865387422,0.7818686211299228,0.02592451348262908
1668.0,1.5512019240660298E-8,4.132587212297119E-4,0.0565590991375279,0.9430276266292231
595.0,0.9941470271732561,0.002465276205108594,0.003374059470604802,1.3637151030338907E-5
430.0,5.08661018845375E-10,0.9999999993396902,8.666518108483501E-11,6.498349129805717E-11
520.0,0.9231851236887831,0.0761381076089542,6.570823274512135E-4,1.9686374811493377E-5
1586.0,0.003702123895917614,0.9961892811446263,1.0859472366693128E-4,2.3578912710076863E-10
1400.0,1.7274098176513482E-4,0.035408866195415875,0.9490085099108742,0.015409882911944733
250.0,0.0016882375605311326,0.22972559023531483,0.6851331305614996,0.08345304164265452
941.0,1.087894987201215E-8,0.04762767030707952,0.6147666663963495,0.33760565241762114
1245.0,2.4509593625284577E-8,0.8409039358419802,0.15061848228381403,0.00847755736461208
1457.0,3.3584120669913076E-12,1.9388156100394557E-7,1.034151272312566E-8,0.9999997957735678
795.0,5.7262117493057735E-6,0.10334592925391656,0.3647519563494385,0.5318963881848957
1044.0,0.576472732043818,3.1996928245702236E-7,0.42352668316726944,2.648196302173048E-7
702.0,2.4171913640490672E-5,0.5473145501548008,0.4314840949946031,0.021177182936955644
501.0,0.99858971241694,8.885060708763846E-4,5.137562281205819E-4,8.025284063196173E-6
1613.0,3.820673631920677E-18,1.5622784334055097E-12,0.9999999999984377,1.0149815469920082E-25
741.0,2.7900236206418188E-5,0.9940418834329625,0.005749711137385462,1.8050519344581378E-4
168.0,1.56322801805934E-8,1.2457145793879936E-14,2.709293621817304E-7,0.9999997134383452
1186.0,0.9999981404929045,1.1201453523295312E-11,1.8557521653532563E-6,3.743728889763308E-9
266.0,0.010675117011783974,0.8566396162539212,0.132554375697657,1.308910366377955E-4
832.0,2.368905699719198E-7,0.28699903508952807,0.6986315464664334,0.01436918155346855
1287.0,2.6439583907367226E-4,0.7870328100459789,0.21145878972418317,0.00124400439076416
649.0,2.6433136076240952E-6,0.08304566133887967,0.9082390196181606,0.0087126757293521
179.0,2.2971903538179307E-15,4.051819402951306E-5,0.0021840629079245906,0.9977754188980437
1503.0,0.7010653248011758,0.298235780309037,6.887918798032075E-4,1.0103009984061068E-5
1146.0,3.1907154501804343E-4,7.640085150880298E-11,0.274058276609585,0.7256226517689961
812.0,7.700316351874212E-5,0.5426532144631923,0.3998804168040319,0.05738936556925708
316.0,0.0044257615984740015,0.9903410174468502,0.003803071973430426,0.0014301489812455416
887.0,2.1412139548761688E-7,0.0014868723754892506,0.3705372082686733,0.627975705234442
1228.0,7.008343041256948E-6,0.4422105750376866,0.5443207087855516,0.013461707833720544
1385.0,7.341748350715684E-6,0.013748037247418316,0.47183556743943234,0.5144090535647986
98.0,2.997696173071013E-10,2.9597592764756164E-8,0.9999973213990228,2.6487036148452414E-6
1571.0,1.127117589017404E-11,1.143062384945642E-8,0.7858962143326914,0.2141037742254135
722.0,3.445361547176413E-6,0.8826034076193376,0.10131099437465495,0.016082152644460272
451.0,0.41288387534725485,0.5728753794997308,0.013860688195222085,3.8005695779226573E-4
612.0,8.214086437578784E-6,0.0015882919897049173,0.4541841790998734,0.544219314823984
408.0,0.9999951155851692,1.694699545850823E-7,8.915228939140255E-7,3.823421982362719E-6
1029.0,2.5120442208025236E-5,0.3907284490623811,0.6088429213888501,4.0350910656085473E-4
1440.0,0.004877616000479319,0.2933580677653283,0.653722835796586,0.048041480437606414
225.0,0.9946819211277814,0.00517810046157296,1.3692119872783093E-4,3.0572119177580937E-6
961.0,0.02686085073930732,0.022971637877183648,0.9470624671638658,0.0031050442196433373
922.0,4.007726950152723E-13,2.0095478127001337E-12,0.8639036321619745,0.13609636783561513
359.0,6.089184125221655E-15,5.168416063204561E-23,3.375363688020432E-24,0.999999999999994
1302.0,1.7370663935143314E-12,0.4624171312881196,0.5375624927149372,2.037599520608115E-5
1203.0,1.3600578435422755E-16,1.263111156107874E-4,0.003848845895949004,0.9960248429884401
75.0,0.1277741649016127,0.8525433517516977,0.019682088317673273,3.950290164227059E-7
1628.0,3.5740604263562795E-14,0.013080665844043052,0.9853317116777535,0.001587622478167691
575.0,0.029657412698024938,0.9318846498246627,0.03835697969028471,1.0095778702755893E-4
1156.0,2.782246933166661E-11,0.004729806542452685,0.995161622466595,1.0857096312978345E-4
851.0,0.7010891159218775,0.2908331502886826,0.008000738313525442,7.699547591443573E-5
1313.0,4.662692218795482E-9,2.8149532538704333E-11,5.973620695863136E-15,0.9999999953091523
1643.0,1.4677735109016233E-8,0.009097124276152667,0.04267623804507931,0.948226623001033
56.0,0.992166166042,0.007674400791553522,1.5883018546978097E-4,6.029809765793889E-7
758.0,0.09979194380173244,0.8511791594515653,0.04900894327582238,1.9953470879954854E-5
465.0,1.5021617634140055E-7,0.9999998497838231,7.558764370786133E-16,3.4552599465180076E-19
186.0,1.5208116642321806E-16,8.001143833187E-8,0.987467236427318,0.012532683561243499
685.0,0.061144087689634495,0.8077279660966322,0.13104836183488383,7.958437884937413E-5
1431.0,2.971961621618077E-9,0.23569114965907784,0.7632843153384854,0.0010245320304751756
302.0,3.7874955347386833E-6,0.004937827674993042,0.2653768570669308,0.7296815277625414
776.0,7.816203032055025E-6,0.9999921837969658,2.2381615662369155E-15,1.4214663394005765E-17
1074.0,0.9497800460396244,0.04632594095920092,0.00387056782541831,2.3445175756407522E-5
1374.0,1.0951458516645813E-6,1.9841496421771168E-5,0.22315220970574093,0.7768268536519857
373.0,0.7806352176697888,0.1477988922699902,0.02774709128520072,0.043818798775020415
958.0,1.1158491859993408E-4,0.7750889669808727,0.214933360437563,0.00986608766296437
1275.0,1.3280344585022447E-18,2.2952227116460128E-7,6.775724229492767E-8,0.9999997027204865
539.0,4.352772179433074E-9,0.12166328680796287,0.8765138644838341,0.001822844355430873
1556.0,1.1006408352004721E-5,0.2767821280242532,0.7232065699450526,2.956223421135813E-7
394.0,0.9914519960628299,0.008208930702129233,3.389448900737498E-4,1.2834496728890514E-7
576.0,6.095354429933989E-8,0.3327205271539471,0.657848173151532,0.00943123874097663
1101.0,1.1198889780472553E-8,0.014007798245641218,0.6609552927652121,0.3250368977902569
997.0,0.19074757905719955,0.10573185649715733,0.6730298093561129,0.030490755089530232
232.0,1.0835291786475565E-4,0.0601040788154226,0.8780486506430684,0.06173891762364433
1512.0,0.4882309105662609,0.42952421782976724,0.08224487063986247,9.641094185600245E-10
1537.0,9.362794792476538E-14,4.568988142419693E-16,0.007347337264783949,0.992652662735122
707.0,7.814360734438901E-7,0.019730302244228105,0.1402267465046498,0.8400421698150486
281.0,0.8307553815758658,3.203641482473572E-4,2.3697503287820386E-9,0.16892425190613655
870.0,0.004203220597236565,0.0811272422632966,0.9061769410610232,0.008492596078443628
23.0,1.2356072173028945E-4,3.3039371923340267E-6,0.9998731346261505,7.149268662970253E-10
1262.0,4.1828586174895487E-4,0.08262978068306824,0.7399336175753282,0.1770183158798546
1355.0,3.19171586086304E-5,0.9987405179656462,0.0012275648757450995,4.604913409438043E-25
33.0,2.156720588793195E-5,0.15425353975447847,0.46905808059158993,0.37666681244804356
1533.0,7.157135289189892E-10,0.001774952861599156,0.9960778108382277,0.0021472355844596126
1112.0,0.9884347657282744,0.011394441877145294,1.3838089289428497E-4,3.241150168605973E-5
222.0,5.697375629024108E-4,0.8392752323279118,0.16015503010918591,4.6132416279902296E-17
829.0,1.8017906474713075E-6,0.7708392111771504,0.229121441543076,3.754548912618355E-5
664.0,0.0953181997265483,0.8734764345706502,0.030639392178051686,5.65973524750052E-4
486.0,0.8407195028245015,0.11973704897901416,0.039543440642728314,7.553756008939707E-9
1662.0,1.974940580020179E-8,5.831453249145464E-4,0.9468270497170347,0.05258978520864502
445.0,7.244933455123518E-4,0.05690299442824013,0.4808800206109436,0.46149249161530403
558.0,2.298275175850705E-6,0.0863968368978646,0.847391549314138,0.06620931551282151
907.0,0.2990032294164458,0.3795037991013867,0.24362990282171385,0.07786306866045355
1332.0,7.2848349224501425E-6,0.011809156271475985,0.18471742189201373,0.8034661370015879
1169.0,4.41888019863617E-6,0.932083885893975,0.06791077589376329,9.193320630297341E-7
1063.0,5.613625867000515E-4,0.658446411938128,0.320295580775837,0.020696644699334958
1410.0,9.577691730147233E-5,0.021076950248439117,0.41669327195758266,0.5621340008766769
976.0,3.4047429702634596E-4,0.4378854517286593,0.050608414092525374,0.511165659881789
322.0,9.177191131711353E-34,8.552611464925353E-8,9.556466987358767E-5,0.9999043498040118
629.0,1.0680225337097722E-11,0.8092518421966881,0.19074391462080556,4.243171826175902E-6
140.0,4.6408698338947366E-8,0.026228756244957973,0.7986805944149755,0.17509060293136808
1461.0,8.80316206481803E-6,6.806226929513786E-13,0.9988794763000086,0.0011117205372458726
793.0,3.08886254021067E-7,0.08438754025378613,0.8491562548545001,0.06645589600545967
215.0,7.349048473218634E-16,4.948445469378427E-5,1.7779861052825469E-10,0.9999505153675068
1040.0,0.0011982728565504738,0.816885365514357,0.16131495096537737,0.020601410663715333
500.0,7.671443541231789E-11,0.022789429575988077,0.5431555501021926,0.43405502024510484
700.0,1.4355942236912668E-11,3.839799920983593E-6,0.22363712979553646,0.7763590303901866
1609.0,2.621573151218236E-4,0.7673001864941097,0.22426420287184748,0.00817345331892114
80.0,1.8482379698442486E-10,0.07196714020203465,0.6514368188460838,0.27659604076705774
743.0,0.99183774092672,0.004675440399606753,0.003468220747637656,1.8597926035557547E-5
1190.0,3.1345968969050666E-23,1.0732900884836431E-17,0.9999999999987712,1.2288337966387993E-12
267.0,0.0013789801132852047,0.6397692365706439,0.35637153299350915,0.002480250322561771
834.0,3.6611515617184935E-4,0.5894845418639225,0.40246048748537944,0.007688855494526411
1283.0,2.2012647852284652E-18,2.2381675494732796E-21,0.9999999894126083,1.0587391650860793E-8
1135.0,8.201732930811535E-5,0.9784248795784986,0.020196419738153733,0.0012966833540397121
1012.0,6.778302381755783E-11,0.9959974633396195,0.0036433134478509916,3.59223144746446E-4
336.0,0.9584433882378698,0.04155497074379951,1.6410183306742607E-6,2.2623020847843235E-28
1482.0,6.726119080281101E-7,0.963751408436368,0.03599864617172454,2.492727799993683E-4
133.0,1.8976590025059017E-8,0.09340831383060473,0.8507210497309088,0.05587061746189647
1664.0,2.6792235793785972E-14,1.6913400285410138E-7,7.682142386480944E-31,0.9999998308659703
593.0,0.3514942542807845,1.0840367647796088E-14,0.6485055540837757,1.916354289752737E-7
522.0,0.003005912463715003,0.543255036602906,0.4316274591105301,0.022111591822848907
431.0,0.36262915567746823,0.5349998781538816,0.09322369034566272,0.009147275822987504
1590.0,0.06200391549503391,0.10329241023931214,0.6011536114171686,0.23355006284848523
1404.0,8.896518670426958E-4,0.6730506899586451,0.325718362774996,3.412953993161538E-4
943.0,4.5117160183250344E-7,0.9831946158360884,0.016804932992309715,2.5705284027853344E-17
121.0,0.0028394038676272894,5.089592411838613E-6,0.9824556805489985,0.014699825990962576
1241.0,5.1630299116467E-18,0.0160926114393485,0.983896477404342,1.0911156309549766E-5
409.0,3.1547404292933673E-4,0.7282766816387284,0.1993724560806825,0.07203538823765963
614.0,0.010796276789867684,0.6110657418573064,0.31509275970586703,0.06304522164695883
31.0,0.21227161011966914,0.6526701483392677,0.09819800118326638,0.03686024035779687
49.0,0.6461101150471809,0.3520169292149994,0.0018729541488794637,1.588940236200476E-9
1025.0,9.608330214634858E-7,0.007269667226630925,0.7449086287239374,0.2478207432164102
1444.0,4.4873494321541855E-13,4.0597370721155696E-4,0.2770778683969526,0.7225161578953871
963.0,0.09910242429202927,0.24833459260259727,0.4189426202365239,0.23362036286884952
920.0,1.0345780865486727E-6,0.012356311744918181,0.9754565114412254,0.012186142235769899
358.0,0.8485367892263829,0.11906609865187077,0.03239197140054345,5.1407212028425185E-6
1298.0,9.21631558716766E-5,8.739242574306247E-4,0.20421081946005568,0.794823093126642
1207.0,0.7179937698038376,0.2669898569944944,0.01489988585765083,1.1648734401707366E-4
1624.0,0.9543050283176544,0.043700792962591065,0.001975202557053937,1.8976162700675262E-5
158.0,5.554845206588064E-4,0.6929727091131738,0.2603701299595497,0.046101676406617706
573.0,4.732652263610332E-9,0.5821403703292892,0.41785962491334483,2.4713649564730067E-11
651.0,1.6820729503401262E-6,0.09508985962982527,0.8741784116739022,0.030730046623322165
1499.0,0.7794584493817561,0.19245356682154582,0.02803050037298939,5.7483423708614586E-5
1150.0,2.3284947095298385E-11,2.8439593759138667E-6,3.5627259578498847E-6,0.9999935932913814
814.0,0.2122366333527742,0.6547414550009061,0.12145027917534507,0.011571632470974652
317.0,0.9907240047943228,0.008141385607332512,0.0011340155779687353,5.940203760326155E-7
885.0,1.357389174980014E-17,8.489325206956248E-7,0.9649221090595969,0.03507704200788223
204.0,0.008438532089143174,1.9102954746860646E-12,0.98779214024519,0.0037693276637565535
1224.0,5.25539150013173E-10,0.7082116054128534,0.2917825382512269,5.8558103806337304E-6
1389.0,5.4301057844439715E-11,7.559639638152245E-6,0.9999924400743316,2.3172916899468515E-10
1575.0,0.1414719795542274,0.8488832785689291,0.00964446136741718,2.8050942633050966E-7
450.0,1.5025928713656646E-8,9.700283923032148E-10,0.9999999840040428,3.001985527838126E-17
720.0,3.269503244989439E-22,0.9999828857465095,1.711425345353096E-5,3.7175226327388793E-14
1370.0,7.159850990875608E-11,0.03726370673970386,0.713356142215544,0.24938015097315364
956.0,8.144347809135538E-21,0.0349581914362832,0.9650418085608574,2.85944548533083E-12
372.0,0.6176270595897513,0.36851625783810105,0.013856669862550075,1.2709597593607275E-8
1279.0,0.02253291035979388,0.9774670890639943,1.3667428752873523E-14,5.761981604966761E-10
537.0,5.90895677121052E-39,1.598924534128081E-5,0.4501558229370156,0.5498281878176431
1552.0,0.11252754917396676,4.6919782475726766E-5,0.8870092577517014,4.162732918562147E-4
151.0,1.9141958664652604E-12,0.9537236180944589,0.04625409522074665,2.22866828802315E-5
578.0,1.821516836668761E-16,2.2584231071490552E-4,0.10349732451911592,0.8962768331701689
395.0,2.527878738250299E-6,8.050329035261053E-4,0.05683854321787185,0.9423538959998637
1097.0,5.528422952670356E-7,0.7475925066565876,0.2272206759558351,0.025186264545282125
112.0,0.8692769948994753,0.1262171838236888,0.0038854622547893373,6.203590220466547E-4
999.0,2.717981011789581E-7,7.03577879681622E-7,0.9985189247420274,0.0014800998819917168
1516.0,1.4074231659832127E-15,0.7235294077864007,0.27475977013353575,0.0017108220800620595
1152.0,0.3868246088543776,0.5359429806113098,0.07721510713570934,1.730339860323003E-5
197.0,9.779148822687863E-11,1.6860681551013347E-8,0.06692642207601998,0.933073560965507
849.0,0.9071245318680824,0.0928098341159381,6.476005906798687E-5,8.739569115261279E-7
1317.0,0.0038969988619696637,0.11814890132311945,0.5754219522669383,0.30253214754797264
1647.0,3.097480216750518E-8,0.005181926505064519,0.06891724749453708,0.9259007950255963
756.0,4.812353941889647E-6,0.0466322614914029,0.7065066430624769,0.2468562830921782
464.0,9.210960811051E-6,0.007718147932757919,0.2565024860825077,0.7357701550239234
687.0,1.5706502126058758E-9,0.9999318622532486,8.651252083243784E-14,6.813617601458095E-5
89.0,0.9990546297543802,9.416389740761083E-4,3.7274038141609267E-6,3.867729644106254E-9
1427.0,0.015812677949008376,0.5205826145255602,0.3609218183511968,0.10268288917423475
778.0,1.9092226322540013E-5,0.9999688081931931,3.858768386717425E-9,1.2095721715886893E-5
303.0,7.529022431127577E-12,3.607956679435167E-4,0.17186874307549016,0.8277704612490373
1078.0,0.9999999965079538,3.49186330445921E-9,1.8288046754287852E-13,8.367042234571714E-18
1123.0,2.0658545861964827E-4,0.1299517148479155,0.26203961701853223,0.6078020826749325
1478.0,0.43507649386245995,0.5314916217986576,0.03323623875889574,1.9564557998665616E-4
339.0,0.999799457965338,1.968952648889346E-4,3.64676912276054E-6,6.501792685880644E-13
1010.0,6.906707453898532E-5,0.09986320487917161,0.6415563287058506,0.2585113993404389
11.0,0.4947885315958539,0.4780338784021764,0.024923525336760368,0.0022540646652093816
599.0,2.9097033019109126E-8,0.02125679241624804,3.981955110084412E-7,0.978742780291208
70.0,0.9996869027261599,7.019682350974066E-11,3.130972036433984E-4,4.990542296285229E-19
1594.0,0.0339807689174221,0.42879326935496215,0.5091328413115342,0.02809312041608152
524.0,4.21896227166362E-7,0.9999329877416842,1.387187478871102E-9,6.658897490100318E-5
428.0,3.1637789817894047E-11,1.1353123338196764E-8,3.7163656360413965E-4,0.9996283520516347
937.0,5.276786672184536E-5,0.9127996637636583,0.08714752865111439,3.971850526528568E-8
251.0,0.9826748970844106,0.017129584798682665,1.9551796132643456E-4,1.555804189981639E-10
1392.0,0.041471768577425246,0.35909073013720255,0.5515808978091841,0.047856603476188087
1237.0,0.9234548058206846,0.07645101187007398,3.8199842580051566E-9,9.417848925718223E-5
111.0,0.9999999999461975,3.528375320010239E-11,2.0122686308937058E-13,1.831759903122508E-11
1465.0,0.0027677478466742386,0.03030662628660565,0.9087169782440269,0.05820864762269324
1052.0,5.550160346716764E-12,0.021531589194273715,0.7661822292827914,0.21228618151738457
799.0,1.0014418671177171E-7,0.0011164192031391568,0.1967323956955686,0.8021510849571055
503.0,0.03206027345457009,0.3000182530550805,0.6452232906473782,0.022698182842971128
698.0,0.4747196162610216,0.5033941074150607,0.021023204361409892,8.630719625078152E-4
1605.0,0.9878472677343327,0.012151155559740601,1.5767059252834141E-6,1.2238704689994313E-15
169.0,0.6270265776909132,0.36465114582192715,0.00825534616130928,6.693032585044341E-5
737.0,0.00552714091091383,0.6629400398264159,0.2939380457911922,0.037594773471478035
836.0,0.13919023552101115,0.17334052171144906,0.6716927150625962,0.015776527704943644
264.0,0.9999999979056675,8.515361932313298E-12,4.227255615799237E-12,2.081589708709452E-9
1295.0,0.20120987235706994,0.22023517718090505,0.5296061021906052,0.04894884827141985
552.0,0.0010003422778283757,1.1796101155944977E-7,0.14162148959595336,0.8573780501652067
446.0,0.04372526597975591,0.03549245276734432,0.5329267348276873,0.38785554642521247
1650.0,0.9961478558420048,0.0037395541032128068,1.1249434622796829E-4,9.570855440511304E-8
1336.0,0.714434736528801,0.0011053844370304414,0.2796643720471575,0.004795506987011058
242.0,1.853034278098981E-11,0.13843902802394953,0.8615599261238296,1.04583369053475E-6
909.0,0.006543942843388919,0.6555763196759571,0.2930246540548725,0.044855083425781365
1181.0,1.5410900507838568E-7,0.00214643304428387,0.3509868185602769,0.6468665942864342
42.0,7.756853178442173E-5,0.004535785756641267,0.24866998505928364,0.7467166606522907
1067.0,1.5327008245788013E-12,2.4284048079575225E-14,0.002644755896636015,0.9973552441018071
982.0,1.6242588384203575E-4,1.7040625924744875E-8,4.548482837912243E-5,0.9997920722471528
321.0,2.895576466160259E-4,0.8281264073723504,0.1707896670428209,7.94367938212687E-4
1422.0,0.6626141603588901,0.3342070577470278,0.003178781890756789,3.3252533269658017E-12
627.0,0.7684131127269452,0.2315868872730188,3.602880104132723E-14,6.857874704435422E-21
1549.0,0.00277303898888849,0.30728606036219536,3.8897893084115286E-7,0.6899405116699854
709.0,7.589385040282347E-4,0.5565598677237539,0.43746816978563485,0.005213023986582926
160.0,4.294891174783439E-6,0.3204788591601804,0.6654013622566035,0.014115483692041322
1250.0,2.0860488311044543E-22,2.448247748940725E-12,0.7035254389713032,0.2964745610262487
864.0,0.15413960797408607,0.029196675306307276,0.3662768262235348,0.4503868904960718
282.0,3.809100666463465E-8,0.9954106367446974,0.0045893250848685644,7.94274632251571E-11
1351.0,1.0719262972244778E-4,0.02835040572936437,0.945528847834624,0.026013553806289256
1521.0,2.5719002549942383E-4,0.9083709349128855,0.08408460632324384,0.007287268738371297
827.0,2.2697523610658314E-9,0.31550477933473586,0.6737101449022342,0.010785073493277522
1108.0,0.7641687278802184,0.20775643689987305,0.025762973872069175,0.0023118613478394015
485.0,0.9614715464443168,0.03834190144347837,1.8520946057365228E-4,1.3426516312388286E-6
670.0,0.02176389024617463,0.9745085738371871,0.0037183594903144935,9.176426323683304E-6
855.0,0.003725564914682961,0.9411584686125652,0.05374938177540045,0.0013665846973512255
15.0,0.008569730489240916,0.9838902042776646,0.007540065233094044,3.344783609965935E-16
1164.0,1.6606461344055796E-9,0.9228904386541052,0.04513799016887921,0.031971569516369425
1321.0,2.6351960806750453E-7,0.3824597786614137,0.2755312523129608,0.3420087055060175
102.0,8.803408349668403E-19,0.34406152711240534,0.5763938354035174,0.07954463748407722
1635.0,1.9265388345831684E-5,0.14274719816095394,0.8494552107046351,0.007778325746065169
467.0,0.0018686206996809604,1.5993151420179693E-5,7.74774587309976E-10,0.9981153853741244
754.0,1.6240615632704127E-11,9.41497890181992E-12,3.898814674291296E-8,0.9999999609861976
681.0,1.4022197232863567E-12,0.0043012474841781665,0.9141291888883802,0.08156956362603936
187.0,0.9984082726960937,0.0015626571458379008,2.8715354893206177E-5,3.548031751216163E-7
1439.0,5.408430613044996E-4,0.4529346514809272,0.508742694959126,0.03778181049864206
1082.0,2.0204674693994204E-10,6.0584547565826E-4,0.9986892422566245,7.049120656705217E-4
300.0,0.9999097135537994,8.431308454038208E-5,5.973334887128061E-6,2.6773140157336908E-11
780.0,0.9813551886984019,0.018236674870551448,3.685788594789184E-4,3.95575715677498E-5
954.0,2.211519845175512E-6,0.06799912632573009,0.6332452606431958,0.2987534015112291
375.0,0.03485070806862222,0.9301678221148542,0.03498146525340702,4.563116546560831E-9
1366.0,0.9884371762808682,0.011562809610893907,8.885005150901515E-20,1.410823793446514E-8
1267.0,3.336555215404774E-8,7.892506303382913E-6,4.351207278589501E-5,0.9999485620553584
79.0,1.0325163044913553E-4,0.9110517919795147,0.08841949293601312,4.254634540230436E-4
1564.0,1.9288124280151685E-9,0.13087076085800511,0.8691220122254778,7.22498770460417E-6
543.0,0.999991682670658,8.257344614263445E-6,5.998470354676106E-8,2.4426562848458482E-14
580.0,0.08681388691345505,0.9131861130861866,3.5828161952161193E-13,5.491735267875521E-19
392.0,0.011936207991556409,0.872460246197303,0.11284035380979421,0.0027631920013465833
1093.0,0.8234365293893944,0.15632262553677115,0.019553202986865983,6.876420869684768E-4
1504.0,0.0015398942199202018,0.35049769002237474,0.5554565698424467,0.0925058459152584
233.0,0.9992049254965353,5.582042455428246E-4,2.2760345599485117E-4,9.266801927272782E-6
993.0,0.6894168536182548,0.2994427425490506,0.011110088942255085,3.031489043947662E-5
178.0,0.1553527238889421,0.7210842899308227,0.121467167973151,0.002095818207084223
653.0,1.0201758033386606E-7,0.2148588960794253,0.7851410015958198,3.071747366767663E-10
1495.0,0.5615105198814911,0.43654274525132575,0.0018272314126099173,1.1950345457320823E-4
808.0,0.9998610540573402,9.747195239417268E-9,2.238558798691968E-8,1.3891380987656016E-4
318.0,0.3416090698711281,5.018447425282547E-9,0.6583909251104245,1.1092362985478337E-18
1138.0,0.9609300920849043,0.03906874514011671,1.1627749790502239E-6,1.0369391719791711E-19
1220.0,0.8798583713457296,0.04896200840540379,0.061129482667604644,0.010050137581261807
883.0,0.9998062481414864,1.729864481620023E-4,2.0764639569303232E-5,7.707822149906069E-10
1377.0,4.973174435188699E-12,0.005095876158822607,0.2187316491270853,0.7761724747091189
1579.0,0.13603885070486885,0.04728553222244404,0.7209142804572549,0.09576133661543229
58.0,0.0010537482867687292,0.01781400738821476,0.4106163922860937,0.5705158520389229
449.0,3.2125002769675903E-13,9.518527743139064E-15,7.578344902668104E-36,0.9999999999996692
726.0,1.0821211235231093E-5,0.11219435702369679,0.7968167304680652,0.09097809129700288
410.0,0.8741762406503688,0.12582362036274392,1.0164973409614035E-7,3.733715311074592E-8
608.0,1.3103729464392737E-4,3.8683417224716387E-7,0.73118407162198,0.26868450424920387
1037.0,9.240049526094986E-12,0.9999999998681739,4.7015417050313016E-23,1.2258620147302012E-10
965.0,6.175057774485678E-7,0.04386026195416745,0.41181970530380746,0.5443194152362476
224.0,2.829820317897278E-10,0.0832996024914902,0.860231197298536,0.05646919992699186
1448.0,4.5683501852848945E-4,0.7711580006053759,0.22838514036459853,2.401149710016415E-8
1310.0,0.8533975208994878,0.14222577742059464,0.004286607401127122,9.009427879044854E-5
926.0,2.696448820937466E-17,8.510193449126387E-4,0.4687884965997698,0.5303604840553175
357.0,0.0073126873421897245,0.6539869256016698,0.3330539855802544,0.005646401475886033
1211.0,5.326529149135873E-13,2.336206886950176E-5,0.054012093906097985,0.9459645440244998
571.0,4.4994700924938297E-10,0.005233100747132488,0.2262552276194436,0.7685116711834769
1620.0,3.880463920561732E-17,0.005904795404915518,0.9587921835317809,0.03530302106330366
1469.0,8.610088730218702E-12,4.446864030236558E-7,0.9996783621322126,3.211931727742724E-4
1048.0,2.5974196868142074E-5,2.1136335628306064E-10,0.9793673669527322,0.02060665863903623
214.0,2.571960758853702E-4,7.095626287750091E-9,0.05817504883484354,0.9415677479936447
797.0,3.444571103905338E-17,1.0747554654291065E-6,0.9999985287687045,3.964758299764997E-7
696.0,0.6047944650506902,0.3921272635043272,0.003073905308383555,4.366136599059583E-6
502.0,0.0021403002454891762,0.4008766017771795,0.5737347841221782,0.02324831385515312
1601.0,3.64748019784377E-7,0.02432920999861595,0.960327437686866,0.015342987566498338
739.0,0.9904298850166242,3.1931350656436533E-10,0.009570114664058627,3.4945118491939006E-15
838.0,1.6110662493947388E-8,0.09012896788951771,2.511940238780512E-10,0.9098710157486258
265.0,5.459285664921076E-9,8.523719481892569E-7,0.1188368816652573,0.8811622605035089
1198.0,0.9999990852532376,5.62587934604997E-12,1.384737834380964E-11,9.147272891823015E-7
22.0,0.007642893540694508,0.5300969381786428,0.4622580958848117,2.072395850926974E-6
35.0,0.012275276201971412,0.9493720252165494,0.034539523417091725,0.0038131751643873295
1291.0,0.99993259792665,6.740192179990529E-5,1.5154995861616973E-10,2.1272979157307953E-16
1127.0,9.809451142607625E-12,0.40827382701353965,0.5646947984990814,0.027031374477569443
1474.0,7.273701505071803E-8,0.008597292656691156,0.9914026346058546,4.391344063278239E-13
1008.0,3.6489280900156235E-6,0.5909181888947574,0.40584536444624475,0.0032327977309077162
338.0,0.9411940784834328,0.054869084456445914,0.0038487005486975406,8.813651142380725E-5
597.0,3.6836360229116166E-9,1.9658408829619224E-5,0.9986069928805896,0.0013733450269448346
1672.0,5.873730170847452E-6,0.7776127582966368,0.20555692588055607,0.01682444209263636
132.0,2.0077079110434503E-4,0.6595416775404962,0.33955513701202045,7.024146563790982E-4
1598.0,0.9999895040993773,1.0465301460802055E-5,3.056541301786109E-8,3.3748996355141855E-11
429.0,0.9942325684271828,0.0055812457311535885,1.8286752764159342E-4,3.318314022042706E-6
526.0,5.417083604609021E-15,3.9348926285719707E-4,8.875172053401015E-7,0.9996056232199321
939.0,5.687870174825192E-14,0.02151561186350821,0.838545803766803,0.13993858436963197
1396.0,0.03962937143892802,0.08578296565423778,0.7196756911688151,0.15491197173801904
1233.0,0.14219885498853008,0.7794548819235286,0.07574912471589021,0.0025971383720511257
1545.0,7.25635122731166E-10,0.13394274990277308,0.8660281474619185,2.910190967336277E-5
84.0,0.9999999943791913,5.506862823065115E-9,1.1394519105939105E-10,6.518335018335761E-16
711.0,0.9927180807748466,0.007000233120358848,2.7769705632292645E-4,3.989048471790854E-6
1254.0,4.962276324117856E-4,0.17140229584631822,0.6692493060047685,0.15885217051650133
866.0,3.4503336373257094E-15,1.5508871749734299E-9,0.02318544166439951,0.9768145567847099
283.0,0.9963271969370341,0.003602764836147521,6.998494578443265E-5,5.328103391602778E-8
1347.0,0.9929083990070746,0.006492267259707318,5.732961173351729E-4,2.6037615882873663E-5
1525.0,3.069240849248167E-7,0.13397310932368744,0.6829950755715557,0.18303150818067193
825.0,3.6719111677053014E-5,0.11718327534593105,0.7865582571023675,0.09622174844002433
223.0,0.0036491361372344247,0.9766923380537206,0.016528502107902486,0.0031300237011425724
1104.0,1.0449268951343318E-4,0.9036057886042117,0.0934963649339003,0.0027933537723745625
484.0,0.999987715935084,1.0093813471385841E-5,2.1902514446780686E-6,2.7773498018419055E-18
668.0,0.9287508883532882,0.07020699048880817,0.0010421175795769717,3.578326603579814E-9
554.0,0.06333446602878806,0.7189440624125774,0.21678000763011004,9.414639285245807E-4
447.0,1.9146222275639802E-7,0.40286932995543207,0.5524017004673604,0.04472877811498487
1654.0,1.2524323195541962E-7,0.003157796480980644,0.8888867732148349,0.1079553050609525
1340.0,0.9999917255492129,1.4608867121369868E-6,6.812778642646678E-6,7.854324172144856E-10
911.0,5.4090145818168594E-5,0.9999459098539283,2.535170908518586E-13,5.9742498880282546E-18
125.0,1.0,2.2194699474847796E-18,5.524343658237043E-20,8.946205073705864E-26
1177.0,1.4646510228029583E-4,0.9266947851092839,0.07315847514426152,2.746441742913712E-7
1071.0,5.2513293217465934E-11,1.6440922848136135E-23,0.9972766117042678,0.0027233882432188866
980.0,0.0014681503157019736,0.9925809091006725,0.005950940576610855,7.0146877294140056E-12
320.0,6.934865939977109E-6,0.955065897154553,0.04492577915854963,1.3888209573960525E-6
1418.0,2.3007740133096176E-31,2.1661075946240984E-23,0.38647954858726125,0.6135204514127388
141.0,2.4691541826924553E-8,0.01272918334019397,0.8004769794313277,0.18679381253693647
625.0,2.066846401630491E-20,4.610995494436032E-8,0.23934426065807676,0.7606556932319684
374.0,0.0029301994366452725,0.9970694644313943,3.3613196030995434E-7,4.198143998760497E-25
952.0,0.9901961253076142,0.009540875492481296,2.2118489473517866E-4,4.181430516925848E-5
1362.0,0.9999995367425044,4.6315739260740843E-7,9.797491539411034E-11,2.1280796551187695E-12
1271.0,0.00697110504472524,0.15209740770558353,0.803951839778286,0.03697964747140519
150.0,0.0010260786720465655,0.99897383727151,9.871916857866305E-10,8.306925169434774E-8
1560.0,4.121787861499922E-26,5.100158841690443E-18,0.8651516032840786,0.1348483967159214
541.0,0.009401227699080162,0.005744516241968281,0.017303968048966206,0.9675502880099854
393.0,0.03965177653022676,0.022151089387107473,0.3889028227899668,0.549294311292699
582.0,7.879567880910276E-17,0.8827755579819251,0.11679853775704387,4.25904261030975E-4
30.0,5.9155249473881235E-5,0.14154302472156335,0.8568625668687242,0.0015352531602385942
51.0,0.8040393539871962,0.19143134738446366,0.004519303135394146,9.995492945943127E-6
1089.0,0.014987646368766965,0.23346799813930183,0.5523766361582865,0.19916771933364472
1508.0,0.9576408860726395,0.0187752513134239,0.015777255185526293,0.0078066074284102414
995.0,3.740143773715104E-18,0.013880293408750254,0.6521033785674368,0.3340163280238129
853.0,0.9988581379327005,0.0011404084305810865,1.4465034373319644E-6,7.133280860998923E-9
1160.0,1.1034893539628497E-12,0.02729551870563197,0.9727043762010729,1.0509219176874642E-7
196.0,6.703195660886892E-40,4.343810867697677E-17,0.7828610746406027,0.21713892535939724
1325.0,2.871810662340907E-5,0.011080046942565645,0.5848362674799403,0.40405496747087066
1639.0,0.014233964394731236,0.275106984225471,0.4617983839294759,0.24886066745032184
752.0,0.9930623201873305,0.0069226536986125116,1.5026114056918242E-5,7.464461437305367E-28
466.0,2.6846999077532267E-20,1.661939933020764E-8,0.06076161399124794,0.9392383693893528
683.0,0.3603910458785997,0.6108454007418638,0.02870656627771692,5.698710181957061E-5
1435.0,0.255579042056099,0.5360046486070916,0.20437143358140028,0.004044875755409069
1086.0,4.39133336688698E-13,0.5917584358640686,0.2527677233342185,0.15547384080127377
301.0,4.478114927756817E-5,0.08535347169665716,0.5100939788715777,0.40450776828248763
782.0,4.194386443531322E-10,0.1882721360612626,0.13498323077145996,0.6767446327478388
411.0,0.42196844750635404,0.407530573468631,0.16011451980843996,0.010386459216574962
610.0,0.9999426629874834,5.7302046481774485E-5,3.496603474214643E-8,1.5010527967630068E-21
1033.0,0.9999024334228529,1.0809509030480069E-6,9.450098361756208E-5,1.9846426265684975E-6
116.0,0.9890656764712372,0.010890506292570807,4.336095891834192E-5,4.562772737272913E-7
967.0,6.89380445456731E-30,2.0466653658196385E-6,0.03895565029647162,0.9610423030381625
1306.0,7.46890117044725E-12,9.818738334620757E-8,0.0860263121121225,0.9139735896930253
924.0,3.6078902406391135E-23,1.8653595780326556E-12,0.9391917259720352,0.06080827402609936
356.0,5.488557127459203E-4,0.12481512807143459,0.6873974262886065,0.18723858992721304
1215.0,7.855545640737488E-5,0.08628837460728767,0.19028004343883034,0.7233530264974746
569.0,0.3006496593373178,0.2218622565140967,0.14073799157026567,0.3367500925783198
1616.0,0.8616520169765182,0.13831460642691862,3.010710592519002E-5,3.2694906381080512E-6
159.0,0.986400941105143,0.013599058891414448,3.360377483624869E-12,8.240706245352985E-14
655.0,0.0015228918936495077,0.04576805903511723,0.7644749700363225,0.18823407903491077
93.0,4.4942239886374325E-11,3.6567463628001573E-4,0.9995298325570531,1.0449276172452544E-4
1491.0,0.9999999999999982,8.541568941533514E-19,2.6553666010210977E-21,1.833042139395769E-15
810.0,1.1507321090361224E-4,0.20477400747388294,0.6885061730479886,0.1066047462672248
319.0,1.6690392047895518E-11,0.9953633032709697,1.2713454849891314E-5,0.004623983257490129
1142.0,7.162188040551094E-9,0.43379153838024603,0.5662077816462592,6.7281130673356E-7
205.0,4.97903983740467E-16,0.8075191568419856,0.10394954274534322,0.08853130041267067
1216.0,0.08897261817272473,0.5482138208569207,0.2667205907008491,0.09609297026950553
881.0,0.010549565133084828,2.5521988496779873E-13,1.4519662076111403E-13,0.9894504348665147
1381.0,0.5677525620834533,0.4284551262668303,0.0037908338194777495,1.4778302386033677E-6
1583.0,3.198458835700637E-5,0.8355567888799852,0.16441101798234145,2.0854931633267357E-7
724.0,0.999952925264638,4.7074735347293464E-5,1.1893678996093998E-14,2.5546784118075073E-15
448.0,1.122899761968278E-8,0.9999999887617711,9.222262351328889E-12,9.151284696022476E-15
1669.0,0.9998745477402667,8.143508293439469E-5,4.4012909098991797E-5,4.2676997738555414E-9
641.0,0.003329942576188921,2.1676402782962722E-6,0.782497421512506,0.21417046827102676
177.0,0.0275708933200325,0.2644193392389426,0.4538656566591509,0.254144110781874
1130.0,2.614750502009349E-6,0.5196541899752165,0.4338176633020783,0.046525531972203056
312.0,2.3481651380916278E-7,0.8138171651776743,0.18566252517019327,5.200748356185813E-4
804.0,2.511408638878946E-8,3.1501526046056867E-4,0.21426880506651572,0.7854161545589374
1487.0,0.8683773664679143,0.120980025929056,0.010533731144714809,1.0887645831504427E-4
1401.0,8.958820443876223E-8,0.8899976898298553,0.11000187167351183,3.4890842837681725E-7
99.0,0.020828072073287886,0.6506796304394176,0.28032437113137904,0.04816792635591551
895.0,8.958036496584862E-13,0.17828347308810977,0.5234399922445323,0.29827653466646215
1244.0,0.005958705722048519,0.0014307275266441976,0.6974295123144224,0.29518105443688486
730.0,3.2250050159475466E-9,0.02811875888727431,0.5474793363044861,0.42440190158323454
455.0,8.814061286895548E-4,0.03279073652784012,0.9662880094607886,3.984788268182896E-5
1587.0,5.2541200304508634E-8,0.18321433904684564,0.7673210058114329,0.04946460260052116
620.0,0.9999990994420594,8.844628250353324E-7,1.60950283888769E-8,8.733196554471025E-14
412.0,3.7899490748429188E-6,0.02436204344306337,0.8459272492540435,0.12970691735381837
227.0,0.9889626288426515,0.010999833128925548,3.753802782937937E-5,5.93579177019985E-13
1456.0,1.233719225849196E-6,0.0731150593817166,0.9268835090235134,1.9787554414104004E-7
969.0,1.933927877188263E-6,0.9032570641392118,0.09673975494163328,1.2469912776150417E-6
1045.0,1.4814325277039691E-6,0.05084337925477906,0.9221388311804105,0.027016308132282743
1187.0,0.9596202527859017,0.04032152850623135,5.815095351952242E-5,6.775434739987086E-8
355.0,0.0016534889522537319,0.1871655604808952,0.5958069305521921,0.2153740200146589
914.0,7.136483736065833E-4,0.2839524742472794,0.7148356231868364,4.982541922777213E-4
1286.0,0.9975304323178984,0.0024636857565431573,5.881924298174207E-6,1.2603251393686064E-12
1612.0,0.9992177925166301,3.1043345629265024E-4,4.717717248694673E-4,2.3022076688181217E-9
567.0,9.036836948811809E-10,0.03240508818807966,0.4392998372135877,0.528295073694649
74.0,0.021213134134427304,0.9479484746519653,0.030838389935821508,1.2777858500328617E-9
1329.0,0.9870880593122784,0.011339489568019967,0.0015567002969492146,1.575082275248039E-5
1172.0,2.2949896074605306E-8,0.04992554594819726,0.2515259421881872,0.6985484889137195
859.0,0.003054063503484911,0.2938243194435426,0.6869597303534102,0.016161886699562353
469.0,3.637104657321248E-5,0.008640728479266975,0.8890455089876264,0.1022773914865335
766.0,0.005983670360412525,0.975382294799033,0.01863403274620479,2.0943497807487876E-9
1659.0,3.790251863437011E-4,0.3784477326846738,0.44073210634901605,0.1804411357799665
184.0,2.806378501647573E-13,0.9566146827001599,0.04338531658130989,7.182494960409652E-10
