1658.0,8.930519607254207E-8,0.0028704019785082244,0.7699987060228369,0.22713080269345884
444.0,1.8781988531324833E-5,0.2364391244104115,0.5918334796605911,0.1717086139404661
556.0,8.494061516919935E-5,0.1672539602235547,0.8101030849199509,0.022558014241325117
905.0,5.288997094238651E-9,0.013240444060565265,0.937179391920761,0.049580158729676575
243.0,3.14565993065018E-5,0.034733421932628634,0.9444877266161044,0.020747394851960418
1328.0,6.703024473839382E-7,0.013045871808084732,0.25901362490917185,0.727939832980296
1173.0,6.630032708957096E-4,0.9971262390264668,0.002140913231925593,6.984447071169631E-5
1059.0,0.04788370353697884,0.9009716258067934,0.04945508234806172,0.0016895883081660663
1414.0,1.762478119324784E-10,0.002596234017070918,0.48721991582484997,0.5101838499818313
978.0,9.908133604073137E-6,0.19909885839420483,0.6630107796903055,0.13788045378188563
323.0,7.005860698910983E-8,0.06565137757017403,0.8532807277003633,0.08106782467085569
631.0,2.565794319031097E-9,0.11210503145685606,0.8720511845778851,0.015843781399464595
66.0,0.859310675717471,0.13902301310747822,0.0016657580622412155,5.531128095685087E-7
1541.0,0.9999999808501582,4.742910370153813E-10,6.69669797914122E-10,1.8005880955159033E-8
161.0,2.1173484403990493E-4,0.5051863499103425,0.47947293856408446,0.015128976681533087
705.0,0.5669565034202365,0.20253521153748635,0.22312976931508027,0.0073785157271968735
280.0,3.253818436076631E-5,0.4288756669900615,0.5182062241222157,0.052885570703362
868.0,2.930260903658325E-12,4.789036179682505E-6,0.39937363069912873,0.6006215802617613
1258.0,1.7769354270736042E-4,0.0018003874908915148,0.718098748135398,0.27992317083100315
1359.0,0.008786189167386195,0.5593308580723027,0.414578433367979,0.01730451939233209
107.0,3.418804197044416E-5,0.0011817687921618773,0.4933239642728991,0.5054600788929686
1529.0,0.9633095446650469,0.03392516034181267,0.002626623964595346,1.3867102854502725E-4
1116.0,0.005334483154374196,0.00805991064582128,0.580673731852355,0.4059318743474494
831.0,0.9311806824283809,0.06812630377017781,6.690011277992223E-4,2.4012673642108668E-5
666.0,0.005223300112454499,0.5377947079872994,0.4388297413662144,0.018152250534031692
487.0,0.9998168321112003,1.8228629180616485E-4,8.597268499261491E-7,2.1870143791481204E-8
40.0,4.792403629240494E-8,0.0099289671165143,0.7882245432033085,0.2018464417561408
1131.0,7.910489379926354E-5,0.2685660356380362,0.7296287264658264,0.0017261330023380253
337.0,1.9143396764175253E-4,0.3385478243996599,0.5647552905334065,0.09650545109929194
1014.0,3.4622235216310095E-9,0.7546315584412217,0.21054208020763002,0.03482635788892481
1486.0,3.3794252636143814E-6,0.29304367312371815,0.6257732366186353,0.08117971083238311
1668.0,3.4813500614209714E-9,2.310114379464954E-4,0.2940838021332177,0.7056851829474857
595.0,0.25535040204841564,0.5499384841603112,0.18885098783155685,0.005860125959716209
430.0,1.9511226702055123E-4,0.7433071282770204,0.24983092471181878,0.006666834744140339
520.0,0.9798617446486135,0.020020587206700746,1.1162091493149589E-4,6.047229754263946E-6
1586.0,0.031852950980677634,0.9677182668261338,4.254727759398053E-4,3.3094172487917673E-6
1400.0,0.003493426347316754,0.5458781455778536,0.44157675901165316,0.009051669063176542
250.0,0.32256832465935403,0.2224113406337656,0.36965346267809523,0.08536687202878517
941.0,0.0938406543607144,0.8489406552954337,0.05227346625146441,0.004945224092387462
1245.0,0.029476565850837137,0.3324161892113814,0.5731130429642247,0.06499420197355686
1457.0,8.389381224845539E-6,2.3525147923699862E-4,0.005563125801953849,0.9941932333375842
795.0,0.004351747561615605,0.5489217677730035,0.31237540981777545,0.13435107484760545
1044.0,1.1896368408175106E-4,0.6894495042830356,0.2862220040870388,0.024209527945843752
702.0,5.7304568130207144E-5,0.7719258598593344,0.22293689506757514,0.005079940504960322
501.0,0.8954810910680443,0.09825019036220285,0.005798140096991149,4.7057847276168693E-4
1613.0,2.290826450018121E-9,0.3417862419612543,0.64278820921214,0.015425546535779282
741.0,0.5124507483137597,0.46772499676227464,0.019473672012464912,3.5058291150073784E-4
168.0,2.651415559370277E-8,1.9427423223959293E-4,0.015890116228961727,0.9839155830246431
1186.0,0.9999339811793829,6.460769396026601E-5,1.2397083148585772E-6,1.714183418166889E-7
266.0,0.2158441756638777,0.7134367991178489,0.06801482650083064,0.0027041987174426627
832.0,3.5861828455039564E-7,0.20673714647943833,0.7563648641696015,0.03689763073267563
1287.0,5.785548130565612E-10,0.13478294373015154,0.8594843500685261,0.005732705622767474
649.0,1.0200156324812811E-4,0.1812941067188804,0.7987795267129304,0.01982436500494098
179.0,6.3917858402851225E-9,1.749776226134218E-6,0.13749974604553553,0.8624984977864525
1503.0,0.9636910317509464,0.03629432397903837,1.4617473322885407E-5,2.6796692292560028E-8
1146.0,1.310300630415515E-9,3.369822778787744E-5,0.003341851539509101,0.9966244489224025
812.0,0.08595476841323066,0.7980227298250413,0.09903655446956473,0.016985947292163253
316.0,0.00673664632086619,0.7656515619613424,0.1756255442714442,0.05198624744634705
887.0,1.0289218271505815E-7,9.072743556415556E-4,0.2666665780205527,0.732426044731623
1228.0,0.02623350244483083,0.8031931387782716,0.14467535588496871,0.025898002891928753
1385.0,1.1620453246190328E-6,2.1809139714577736E-6,0.1633504792335911,0.8366461778071128
98.0,0.946860149679814,0.04375863827657871,0.009281221976520605,9.99900670867405E-5
1571.0,6.078149640459497E-7,0.4440054411153522,0.5414480060179134,0.014545945051770304
722.0,3.414519691006804E-5,0.5058996375577122,0.48139948411723094,0.01266673312814683
451.0,0.8609759016420673,0.13759758696877208,0.0011688193218706094,2.5769206728997303E-4
612.0,9.53746060466316E-6,0.003516572521821515,0.9565303890701947,0.039943500947378995
408.0,0.9960312738585646,0.0013353082539649852,2.1576785704831164E-4,0.0024176500304222024
1029.0,5.273684394182131E-6,0.3876683717393306,0.604620158578482,0.007706195997793193
1440.0,0.024777284013855767,0.7290501577361514,0.23294843011192767,0.013224128138065009
225.0,0.9998949060263483,1.0425976371525993E-4,8.019394767560263E-7,3.227045946887094E-8
961.0,0.7217218261139289,7.91684586818284E-4,0.033584953980453934,0.2439015353187989
922.0,3.506372817884945E-7,1.794944976925699E-7,0.014288422469133552,0.985711047399087
359.0,0.0026459560461484246,0.0027998459131910085,0.020854862839186417,0.9736993352014742
1302.0,0.0016532610772741338,0.7027069766672728,0.2193186996390654,0.07632106261638782
1203.0,1.8795873643708413E-9,7.148134439724168E-5,0.39393521186727587,0.6059933049087396
75.0,0.057335135468310074,0.891795794873787,0.04757343292469674,0.0032956367332060144
1628.0,2.954401618594503E-11,2.258719509105573E-4,0.9920642239483844,0.007709904071161057
575.0,1.3063917949494073E-5,0.60160097121138,0.38447206914663273,0.013913895724037725
1156.0,7.887481131569099E-8,4.689645350972838E-4,0.2837111823859164,0.715819774204175
851.0,0.8722820228150858,0.1268792199447782,7.954702291887256E-4,4.3287010947291895E-5
1313.0,1.4401567605727932E-6,0.0057209897844408344,0.3986172108209536,0.5956603592378451
1643.0,1.6271814899772953E-9,6.830681626528245E-4,0.1251415033005191,0.8741754269096464
56.0,0.9959357533080234,0.0034945779240003454,3.45410755000184E-4,2.2425801297597402E-4
758.0,0.027064243050461165,0.9722260775800775,7.033376589136375E-4,6.3417105477074724E-6
465.0,0.3347728044531893,0.6643821531156368,6.309082472539072E-4,2.1413418391993914E-4
186.0,3.209702676563212E-4,0.14337862231094883,0.8247634736137003,0.031536933807694574
685.0,8.451416160147163E-4,0.9339515043874346,0.06492452779666238,2.7882619988827615E-4
1431.0,7.334328516696711E-4,0.9881807729338705,0.010276834481222108,8.089597332376773E-4
302.0,6.183980046008209E-6,0.0030504534560973654,0.16484308183610852,0.8321002807277481
776.0,0.9020818607439479,0.09787752329583706,4.0358306353119605E-5,2.576538618769608E-7
1074.0,0.976119837799604,0.023205096968289256,6.469944557215485E-4,2.8070776385160054E-5
1374.0,4.1621964761765895E-8,3.7622037927181087E-4,0.4992950151851772,0.5003287228135862
373.0,0.9994160186417079,5.074458936151423E-4,7.602579057090059E-5,5.096741060400847E-7
958.0,4.661806705999311E-6,0.3261242422315025,0.613390230281017,0.06048086568077459
1275.0,0.001023632339099748,0.5131623514716377,0.4746937138448251,0.011120302344437403
539.0,5.763292503298124E-6,0.12224749400515494,0.8578619732224007,0.01988476947994111
1556.0,8.424382652164966E-8,0.3864394346234274,0.606217144789535,0.007343336343211021
394.0,0.006780858777090875,0.9558334057230711,0.03528053003748321,0.0021052054623549228
576.0,2.55793462527441E-6,0.5179746989853263,0.40745910607388097,0.07456363700616746
1101.0,2.0113603839680023E-8,0.0034514127334773,0.5429433097018838,0.4536052574510351
997.0,0.30139257603049485,0.06547400144859086,0.44542092916965326,0.18771249335126097
232.0,2.2321110889493526E-6,8.183928592042052E-4,0.5678953306189278,0.43128404441077894
1512.0,0.22856659426594464,0.004864802195360744,0.35256522858966405,0.41400337494903044
1537.0,0.09016186025133749,0.24578430421079028,0.05769843583089623,0.6063553997069759
707.0,1.6464202571704474E-11,0.20760128329219232,0.6559289694950676,0.1364697471962759
281.0,0.0014101493775996836,0.009225462613347812,0.4548432680668261,0.5345211199422264
870.0,7.563124500051381E-7,0.004683173163651616,0.9690865008129019,0.026229569710996423
23.0,0.2389730090879521,0.7585730065189762,0.0024330719337296324,2.091245934223592E-5
1262.0,6.639166118099362E-5,0.869972250173333,0.1281783999256749,0.001782958239811223
1355.0,0.9904540546502962,0.009387071953610026,1.4108642240557705E-4,1.7786973688222012E-5
33.0,0.0010370080734947002,0.0416974246156561,0.6729990090632482,0.28426655824760105
1533.0,2.7394388974270307E-8,0.002564642672543452,0.4667378393110983,0.5306974906219692
1112.0,0.9200110028314936,0.07830894476326045,0.0015854149116254202,9.463749362042605E-5
222.0,2.8648300111830513E-7,0.012095436076362912,0.6354028610158553,0.3525014164247807
829.0,1.431611999632071E-5,0.232062346213343,0.7341947417636254,0.03372859590303522
664.0,0.9973817128298138,0.0025720822703626063,4.423487472507066E-5,1.9700250984887685E-6
486.0,0.11881643930425484,0.8511597542407123,0.028717685854614903,0.0013061206004177858
1662.0,8.233739924847477E-7,0.0030149275614723063,0.9885412950363729,0.00844295402816237
445.0,0.0043150968050872035,0.16162274861866652,0.15167162044888172,0.6823905341273646
558.0,0.0011133900769320453,0.3606369998955767,0.4735506101198381,0.1646989999076531
907.0,0.38911292083977994,0.4897281874796711,0.10107413483728625,0.020084756843262663
1332.0,6.496312928911297E-5,0.017606032236126737,0.3454503644128771,0.636878640221707
1169.0,0.0012421748856005382,0.9975863166977107,0.0011690830772898822,2.425339398902616E-6
1063.0,0.1666121266972582,0.8188022820560579,0.01458076820843929,4.823038244661369E-6
1410.0,1.3911479487130557E-4,0.021677537562630723,0.8420464925612663,0.13613685508123183
976.0,0.5521929769531411,0.2838560507960335,0.1437635538530625,0.020187418397762735
322.0,6.515317584520341E-8,3.279174003937007E-4,0.027295818010844033,0.9723761994355864
629.0,6.905728108700541E-7,0.5430046119830684,0.45580175850362176,0.001192938940498986
140.0,3.6144558128078755E-6,0.5693182623097653,0.41907558132903383,0.011602541905388081
1461.0,0.3643939940765051,4.254540587369926E-5,0.0012950373190900957,0.6342684231985312
793.0,4.1692735470417654E-5,0.21794289018078986,0.676124129170691,0.10589128791304862
215.0,1.6126384101080023E-8,0.017061880444087747,0.4702913417413566,0.5126467616881716
1040.0,0.6434927406663202,0.3181845198159409,0.03275132657976479,0.005571412937974159
500.0,4.658884504379151E-9,0.006310570150026616,0.8670252410904208,0.1266641841006681
700.0,7.775260523318471E-11,4.067155073798835E-6,0.009650639379552562,0.990345293387621
1609.0,8.07629111389136E-4,0.5609220889580254,0.3053760549929037,0.13289422693768183
80.0,1.9218906895388156E-7,0.05438322205902045,0.687846037348282,0.2577705484036287
743.0,0.994085592294514,1.2253064660862384E-5,0.001920151550883341,0.003982003089941699
1190.0,9.94309270210868E-8,0.05143537678897413,0.48513739757642,0.4634271262036789
267.0,4.0213608668913415E-6,0.9825298403025879,0.015182607034014852,0.0022835313025304006
834.0,0.0016257199863674622,0.6032359050923973,0.2927312712592271,0.10240710366200816
1283.0,3.2964180695588377E-4,0.028280894575341983,0.8903914186838785,0.08099804493382365
1135.0,0.9960696250671389,0.003791385573716534,1.3490332485618082E-4,4.086034288312532E-6
1012.0,1.6549442574380768E-7,0.4543729370208014,0.5250014146283415,0.020625482856431208
336.0,0.8562909012756219,0.14294775727640066,7.328051399253155E-4,2.8536308052198346E-5
1482.0,0.0027658986825355794,0.9440114520959011,0.05272832646745026,4.943227541130813E-4
133.0,5.552022108549801E-5,0.3583487048921466,0.595087318392018,0.046508456494749974
1664.0,9.449330024689361E-10,1.2132170260335133E-6,0.22208469418047075,0.7779140916575702
593.0,1.4641768104508907E-6,1.220963222698083E-4,0.5741743003713664,0.42570213912955335
522.0,0.7794295560114235,0.2074901014981673,0.012126489656779097,9.538528336302482E-4
431.0,0.5275090378495809,0.447022096552029,0.024914526433790024,5.543391645999304E-4
1590.0,6.155578632669526E-4,0.008212766466786484,0.44528575645815116,0.5458859192117955
1404.0,8.874226120106065E-6,0.6269317974216017,0.37265183967960763,4.0748867267062814E-4
943.0,0.005547714838564144,0.8922193715308359,0.024207209695106997,0.07802570393549287
121.0,0.9657594273445201,0.031895286497881495,0.0023119327166951135,3.3353440903233164E-5
1241.0,1.57617802486349E-8,0.06301759352849443,0.7929312627374718,0.1440511279722534
409.0,6.74424313484457E-9,0.0032128272176670785,0.9300368811646009,0.06675028487348895
614.0,2.7823215801020767E-8,0.0013228397387291917,0.452267836229476,0.546409296208579
31.0,3.637058557021025E-8,3.6665054829387644E-4,0.23807122709090742,0.7615620859902131
49.0,0.9988566612198212,0.0011361623980350177,6.989808808225589E-6,1.8657333545931157E-7
1025.0,2.0580999183353403E-4,0.041450236099973156,0.3358853378996365,0.6224586160085568
1444.0,3.016945201866597E-6,0.002953065572659098,0.42548086016657577,0.5715630573155633
963.0,2.781618122061896E-4,0.016837409623377115,0.6765464551158448,0.30633797344857205
920.0,8.646370009999795E-6,0.018328393069691574,0.7368605498640888,0.24480241069620964
358.0,0.948556329496685,0.050425259368797486,0.0010094307198120348,8.98041470554466E-6
1298.0,0.01793192194831602,6.362686600898714E-4,0.5111127929289775,0.4703190164626166
1207.0,0.9918556115784393,0.00737146635376901,2.681684420421893E-4,5.047536257496163E-4
1624.0,0.962951742780579,0.03703809689260854,9.948288032420257E-6,2.120387799821001E-7
158.0,0.0818069100232902,0.04029804924838011,0.7749886798569893,0.10290636087134045
573.0,1.375080181765793E-9,0.9900580232127763,0.009598274433235453,3.4370097890826934E-4
651.0,1.3063726219783787E-8,0.00724483230762923,0.9037203029279723,0.0890348517006723
1499.0,0.7966571312708371,0.18187328998698743,0.020517874576799638,9.517041653758283E-4
1150.0,4.549718583950698E-6,0.16671996551594062,0.5320801305903557,0.3011953541751196
814.0,0.5083131185433805,0.42774210343781566,0.04823794001022212,0.0157068380085819
317.0,0.9929620222986381,0.007009444185273178,2.7826365915447645E-5,7.071501732588662E-7
885.0,6.278836361437768E-7,0.004536285014676463,0.7266435157206155,0.26881957138107193
204.0,0.806918842575117,0.0036386656387653446,0.009775142893565614,0.179667348892552
1224.0,0.9914738440569771,0.008213895510579348,3.0735689332167445E-4,4.903539121965245E-6
1389.0,9.528462147045092E-4,0.747102647609628,0.22337420233343833,0.02857030384222921
1575.0,0.02491539595398892,0.9399804689741615,0.034281771819878744,8.223632519708008E-4
450.0,0.016789796625409296,0.967632593214815,0.015369318976608511,2.0829118316720207E-4
720.0,0.9754110353147165,7.209538635209179E-4,0.015090925576483257,0.008777085245279403
1370.0,8.362007087434899E-7,0.15661583195397513,0.6976624582364711,0.14572087360884511
956.0,4.739784799854667E-12,7.648463235193479E-4,0.9950741019246455,0.004161051747095304
372.0,0.9594842879501665,0.04051049691284391,5.173866247817533E-6,4.1270741788484104E-8
1279.0,0.9999848819322983,1.5106103016251822E-5,1.1874463110691918E-8,9.022239030720301E-11
537.0,3.6809823449662786E-9,7.374561604987967E-8,5.722524204033783E-4,0.9994276701529982
1552.0,0.9622388553153713,0.03668197465950564,0.0010158461306888867,6.332389443421917E-5
151.0,0.41687217388745545,0.5825416116386479,5.764766462103584E-4,9.737827686283796E-6
578.0,3.0035330374843722E-15,6.52167206370113E-11,0.009229792205111848,0.9907702077296685
395.0,7.352647261481881E-11,3.79786462820727E-6,0.16151115958822396,0.8384850424736213
1097.0,3.0398870641644997E-6,0.7749443222214862,0.18182661454638202,0.043226023345067616
112.0,0.8722918770648261,0.12328380315180698,0.0041241874141193105,3.001323692475297E-4
999.0,4.782071464284601E-11,0.07056663514307229,0.926977924177594,0.0024554406315132056
1516.0,0.32058628027347535,0.5146368906355145,0.15742176566103291,0.0073550634299770915
1152.0,0.014601353954325874,0.8170359719158636,0.1662994496545441,0.0020632244752662836
197.0,3.501442880539507E-7,0.5181343225335379,0.4816308830250653,2.3444429710881714E-4
849.0,0.0030717326105369046,0.9426174977452633,0.05227539657618858,0.0020353730680111167
1317.0,0.6928760527359308,0.24532248260282144,0.04760312074037137,0.014198343920876431
1647.0,0.003564618283562016,0.001631119065099453,0.4375103780089885,0.5572938846423501
756.0,0.0017422149199965214,0.1199886714617522,0.4218636260084921,0.4564054876097592
464.0,3.766293616064616E-9,4.0591737073348467E-5,0.11544491822957786,0.8845144862670552
687.0,2.007987089379315E-10,0.005720968998542692,0.7173888865140552,0.2768901442866035
89.0,0.9999994373480124,5.605047579943726E-7,2.1460368434097813E-9,1.1926844737226414E-12
1427.0,0.03232688824729299,0.884113543421853,0.07401053574267959,0.009549032588174517
778.0,0.003392603162616838,0.013826372290125486,0.4815379342928079,0.5012430902544498
303.0,2.4114692588067633E-7,7.17939260440625E-6,0.05717307934222818,0.9428195001182414
1078.0,0.9994560729579386,5.412407593429104E-4,2.6590467095665907E-6,2.7236008914477382E-8
1123.0,4.6950926059220663E-5,0.02641148383909277,0.5388835376628175,0.4346580275720306
1478.0,0.9990032164120649,3.723470707367521E-5,5.028415295827055E-5,9.092647279031665E-4
339.0,0.002041776257194086,0.9757615127395309,0.02182192927929169,3.747817239833204E-4
1010.0,0.002376163968284683,0.5771518034263267,0.17363556150894513,0.24683647109644344
11.0,0.8308759082859969,0.16414868259235432,0.004695378575713829,2.800305459349273E-4
599.0,0.017232971861279627,0.7763312535377588,0.19072142385928642,0.015714350741675192
70.0,1.1572122142654525E-6,0.698264516263731,0.2779646266104853,0.023769699913569354
1594.0,0.887987245741055,0.09581609238992135,0.01484866807386396,0.0013479937951596493
524.0,0.9068042930616081,0.008952524486610608,0.05815698246386459,0.026086199987916742
428.0,1.0200066735718946E-5,0.006139577876857145,0.859098255262295,0.13475196679411203
937.0,0.572471865221341,0.30386125446070295,0.12217151631671216,0.0014953640012440564
251.0,0.9977458562310552,0.0022422589190296675,1.0777426581691419E-5,1.1074233336668348E-6
1392.0,8.696026729684978E-4,0.6330875290823473,0.337236080576651,0.02880678766803316
1237.0,0.5222144926782187,0.45443169616110185,0.018671729255355738,0.004682081905323548
111.0,0.999744533670233,2.5511995554975255E-4,3.370839543149769E-7,9.290262924722437E-9
1465.0,3.7391535827903796E-7,3.175457270645753E-4,0.11107876434145084,0.8886033160161263
1052.0,2.0295568194876724E-8,0.01840998192539695,0.7806076467996486,0.2009823509793863
799.0,6.723715883419413E-7,1.0217359666893495E-4,0.0655956616595451,0.9343014923721976
503.0,0.09065393963364363,0.7958795818480079,0.10746287751320684,0.00600360100514156
698.0,0.942559280079739,0.05672606731208137,6.869999858173504E-4,2.7652622362250476E-5
1605.0,0.9817605478786894,0.018232290106740802,7.147792151528651E-6,1.4222418162567848E-8
169.0,0.9922563489874979,0.00768746590318147,5.571724064881439E-5,4.678686717283326E-7
737.0,0.0014917780899092363,0.7539729438769246,0.23518078168031564,0.009354496352850489
836.0,3.001628227006855E-8,1.1225613570665871E-4,0.6674680096207186,0.33241970422729245
264.0,0.9999164316739632,3.2855412620257185E-7,6.789278084596066E-5,1.5346991064827307E-5
1295.0,0.6703269210527095,0.2242679704456951,0.08788714811534538,0.017517960386250052
552.0,8.259250427250568E-6,0.04240553327269858,0.4980901639024377,0.4594960435744364
446.0,1.2537713243242969E-5,0.0013912642999565454,0.8365035046346152,0.16209269335218499
1650.0,0.7706124324194681,0.22522479333579074,0.0040762216745557685,8.655257018539297E-5
1336.0,0.012527782243000938,0.5165925209770428,0.18353553766202663,0.28734415911792954
242.0,4.065819962591629E-5,0.2834095773228721,0.684083216545815,0.032466547931686934
909.0,0.0064411270803854965,0.48239288708680905,0.2930098450007545,0.21815614083205098
1181.0,1.2601713929564516E-8,5.881294520753635E-4,0.12103175540474821,0.8783801025414625
42.0,4.8560773664580467E-8,0.001040205430036074,0.19432037657000198,0.8046393694391883
1067.0,6.148806875238479E-6,4.54795102397294E-4,0.7063367481135224,0.2932023079772051
982.0,3.8529614726547676E-8,8.757788182773342E-6,0.4080745332715966,0.5919166704106059
321.0,0.929620754356102,0.010335232929821957,0.003959303040423804,0.056084709673652186
1422.0,0.0612904578922621,0.8381655471436369,0.08651794784059481,0.014026047123506248
627.0,1.4132272179833424E-7,0.016030603394175547,0.9490153611107898,0.03495389417231278
1549.0,7.013005087250215E-6,0.0073807921220514,0.7807411349985827,0.21187105987427868
709.0,5.111771409140185E-6,0.17228547517885437,0.8027396244047161,0.02496978864502035
160.0,4.0297819786739555E-4,0.5231059169305621,0.4450331925544074,0.03145791231716313
1250.0,2.423048720523806E-8,2.652811652209578E-6,0.01113737563588795,0.9888599473219726
864.0,1.0132018027737456E-5,9.971587043529425E-6,0.01957244823622204,0.9804074481587067
282.0,2.02539007156384E-4,0.8351648021551197,0.16381150757370944,8.211512640143947E-4
1351.0,1.0075687739396524E-9,3.929316458388183E-5,0.3020662465309297,0.6978944592969175
1521.0,2.7145266736136815E-5,0.21186808752207828,0.6945636220120955,0.09354114519909008
827.0,2.3608065291081564E-5,0.1420412393355328,0.4226462070295693,0.43528894556960684
1108.0,0.9775610139694197,0.022133188891981348,2.944426989180369E-4,1.1354439680841969E-5
485.0,0.9943031389613574,0.005682247962010212,1.4576233284910004E-5,3.684334739656946E-8
670.0,0.9987991928378954,0.001199915344309476,8.754665423404793E-7,1.635125279043406E-8
855.0,5.506561802802695E-6,0.5557404891294906,0.4146812132975601,0.029572791011146505
15.0,0.9999978458319033,7.843179813533256E-8,1.3390963126080258E-7,1.9418266673351236E-6
1164.0,1.9365721574907527E-5,0.011412672659889878,0.239659372047685,0.7489085895708503
1321.0,1.506534720017971E-8,0.004217317102350441,0.5568310927497216,0.43895157508258076
102.0,1.6072613290451855E-6,0.06471266572622304,0.6160458445740675,0.3192398824383803
1635.0,4.485804821877938E-8,0.08785043966134785,0.7584680716566883,0.15368144382391577
467.0,0.002050033640022188,0.14791351408803954,0.844347930831062,0.0056885214408762385
754.0,2.1662906877422378E-7,0.005337385373421882,0.019687375333725228,0.9749750226637841
681.0,1.767452403023798E-13,0.0015366844482109638,0.9595867667971867,0.03887654875442558
187.0,0.5188351087770956,1.5243420609744227E-4,0.15366358360941698,0.32734887340738994
1439.0,2.0051932730166493E-4,0.026314858831300546,0.12609998579871942,0.8473846360426783
1082.0,2.549296262171394E-12,0.01660905260991217,0.8405819440893905,0.142809003298148
300.0,0.9999993676394132,6.318200395605434E-7,4.418021639924107E-10,9.874491494985074E-11
780.0,0.9999991792731815,8.153967488773215E-7,5.310416906842277E-9,1.9652688971311107E-11
954.0,0.002972417648651757,0.9155784363788156,0.07346071608578127,0.007988429886751297
375.0,0.8452312352678304,0.14645289967111802,0.008282835084493312,3.302997655827002E-5
1366.0,0.9637470214543299,0.036243373193256344,9.335798054073202E-6,2.695543597445864E-7
1267.0,0.9994529215209206,1.022572756613093E-5,7.819165878569009E-5,4.586610927276846E-4
79.0,1.7166809016441756E-4,0.38160210795548594,0.5682458972194291,0.04998032673492058
1564.0,2.9333492176550836E-5,0.5353156084368653,0.4351404724916642,0.029514585579294112
543.0,0.9996733143758127,3.254926411664639E-4,6.587762434217661E-7,5.342067774607992E-7
580.0,0.014731239681595006,0.9848462564997893,4.218451562836674E-4,6.586623319122419E-7
392.0,0.07316071715575465,0.8333320150048517,0.09094195410037048,0.002565313739023214
1093.0,0.8548001974870719,0.14133104823433532,0.0036529680771905386,2.1578620140223558E-4
1504.0,0.04712455091954004,0.7674902604531514,0.16655846934424798,0.01882671928306052
233.0,0.9999928254007068,7.060420512266615E-6,1.1328484453461727E-7,8.939364084940923E-10
993.0,0.0012826785280452707,0.8942782686922528,0.10253328893491233,0.001905763844789531
178.0,0.010915976024340057,0.6955943351004621,0.250909055555606,0.042580633319591936
653.0,1.49256976039338E-7,0.7116092048333981,0.27324635587794616,0.015144290031679676
1495.0,0.99877755819739,0.001221270035577262,1.1327853256520422E-6,3.8981707036228215E-8
808.0,0.0049814298426561,0.8755029243817417,0.09706034043380965,0.022455305341792707
318.0,4.091805031285517E-4,0.6845305070695389,0.27524377031766484,0.039816542109667716
1138.0,0.02116767240537149,0.833929714533266,0.1444804195674075,4.221934939548312E-4
1220.0,0.1449588622618205,0.7548467625412868,0.08946842003553822,0.010725955161354576
883.0,0.008360498940040394,0.901458770566179,0.0842971109806207,0.00588361951315967
1377.0,2.7744083553612678E-9,0.011224914710369557,0.9230628339134805,0.06571224860174149
1579.0,0.3054267297024028,0.14356900056754354,0.2845697677673433,0.2664345019627104
58.0,3.73949443449705E-8,0.005074976802013983,0.3779582693345399,0.6169667164685019
449.0,0.0071250120064840685,0.22348087033453462,0.5580867280477988,0.2113073896111825
726.0,4.208438097729972E-8,0.012836142007190254,0.5599206199788679,0.427243195929561
410.0,0.9999828126372474,1.627762511339501E-5,7.173647387762425E-7,1.9237290038790017E-7
608.0,0.0015040591446838772,0.8015575671914462,0.13129858789597287,0.06563978576789709
1037.0,2.338183553547887E-10,1.2275507615579286E-7,0.15277416120503437,0.8472257158060711
965.0,1.0126079650036493E-6,0.0014799578271062423,0.3360941487802424,0.6624248807846864
224.0,8.114235635977037E-11,0.007647320330820572,0.9624590664728867,0.02989361311515043
1448.0,0.7673046546996853,0.23260862333790822,8.609225381213269E-5,6.297085942317156E-7
1310.0,0.926807292392931,0.07194373769304183,0.001167295811963035,8.16741020640951E-5
926.0,2.793061199022632E-10,5.370808695920898E-5,0.0121001608342081,0.9878461307995265
357.0,2.890949780040169E-4,0.6501886375122885,0.2758069402214564,0.07371532728825116
1211.0,3.2490987409326566E-13,7.017836742686863E-4,0.8973573699944531,0.10194084633095316
571.0,8.07570176737546E-8,0.007988680791684905,0.10844140049751816,0.8835698379537793
1620.0,4.703852626486199E-8,0.00367765246630489,0.9759922802455158,0.020330020249653077
1469.0,4.1793820630926314E-8,0.005135250668425052,0.8531856082221766,0.14167909931557776
1048.0,1.3797965226289993E-5,0.09262127855627662,0.528636304630641,0.378728618847856
214.0,8.833389951755043E-5,0.04179199824219103,0.6452648045953547,0.3128548632629368
797.0,0.03965357629134591,0.05005832098172463,0.8227948511653467,0.08749325156158277
696.0,0.2451992458256649,0.6795613366800088,0.07358646474936509,0.0016529527449610992
502.0,8.248041570831241E-6,0.10596842715815401,0.4328093587584625,0.46121396604181264
1601.0,8.166644545080976E-10,0.001796465991573634,0.6193762488325792,0.37882728435918256
739.0,0.9999998964205415,1.035779581305785E-7,1.4992352227336823E-12,1.1040811049767635E-15
838.0,4.370288101616852E-8,3.456347490192657E-4,0.025885228285181413,0.9737690932629183
265.0,6.183745498422854E-11,1.6197280217454767E-7,0.010498573203816258,0.9895012647615442
1198.0,0.9999536784114492,3.7268129242846835E-5,6.972316066338319E-6,2.081143241549202E-6
22.0,0.0014481507316191544,3.904905123734867E-4,0.13024659412937015,0.8679147646266372
35.0,0.0070171958925174735,0.7459784883599216,0.19782114233279854,0.049183173414762305
1291.0,0.9990601644425513,9.396348543931577E-4,2.0055614732190626E-7,1.4690826153027505E-10
1127.0,5.561196782205543E-7,0.2796897477852719,0.711385641618319,0.00892405447673092
1474.0,2.1550854206704676E-9,3.2080990547995066E-5,0.2227405578565769,0.7772273589977896
1008.0,5.340522331635385E-5,0.19727327295302105,0.7549484947111899,0.04772482711247273
338.0,0.9993577803905452,6.133345970505174E-4,2.828741571956577E-5,5.975966846489015E-7
597.0,2.9391896043757014E-7,0.010931805171450254,0.6707126911221857,0.3183552097874036
1672.0,5.643887746270537E-4,0.07251234396525746,0.42812485667263134,0.4987984105874842
132.0,2.2997005595524617E-5,0.695947103335855,0.28433634251972195,0.019693557138827453
1598.0,0.97973332154445,0.019995540302307904,2.6819704530397587E-4,2.941107938041803E-6
429.0,0.9997854345821611,2.1218295449493854E-4,2.3164522517987223E-6,6.601109230363326E-8
526.0,1.0036572904041805E-4,0.7875343396154653,0.1036197226898145,0.1087455719656797
939.0,5.311736977387108E-8,0.02106614214919556,0.7559839217955874,0.2229498829378474
1396.0,2.427365865366036E-6,2.790540635106127E-4,0.23512380017186935,0.7645947183987546
1233.0,0.25561456988488374,0.6250073045143081,0.09915199670208522,0.020226128898722957
1545.0,6.238541876144081E-7,0.011068523658862049,0.7237041950141796,0.2652266574727707
84.0,0.9999629102164156,3.3755547327322344E-5,3.1697611551836176E-6,1.644751018075408E-7
711.0,0.9999514600667732,4.776333714591864E-5,7.440139292532242E-7,3.258215166063952E-8
1254.0,0.015086327130577918,0.12090466885605154,0.5864380064540586,0.27757099755931186
866.0,2.9829468287752642E-5,0.0022185741341461496,0.32704024517154145,0.6707113512260247
283.0,0.05280104548340082,0.9265542026374852,0.019986641773253707,6.581101058602777E-4
1347.0,0.9995252281155868,4.707372136270832E-4,3.7318642022909725E-6,3.028065837733071E-7
1525.0,0.07275423158474109,0.30660482714584514,0.43020056161384823,0.19044037965556565
825.0,2.585458465627654E-5,0.5890592962109243,0.39782938072576746,0.01308546847865192
223.0,0.038430031839673494,0.9592310467588715,0.0023010629761359078,3.785842531911504E-5
1104.0,9.496313976005483E-7,0.9841722032565622,0.015821602882578584,5.244229461467581E-6
484.0,0.8019086615321702,3.635889809530075E-5,0.022811218701325933,0.17524376086840868
668.0,0.9585886629231829,0.0359954974788976,0.005041435642993711,3.744039549258366E-4
554.0,0.02057452786225443,0.7954607301588615,0.18386863092050082,9.611105838318299E-5
447.0,1.1877275635495941E-4,0.37004867272599995,0.45079934820778306,0.17903320630986203
1654.0,2.5812841321465E-9,0.030448971552647707,0.8448131928183547,0.1247378330477135
1340.0,0.9987542374757278,0.001245351698584849,4.0772482966624265E-7,3.1008575451935906E-9
911.0,0.8490850183590053,0.15054718639108944,3.664533937148528E-4,1.3418561903257135E-6
125.0,0.9251519738626143,0.07484215198292427,5.801508461656226E-6,7.264599985159913E-8
1177.0,0.9535063583030817,0.013231152886450367,0.014085633518587552,0.019176855291880537
1071.0,2.1025714096154588E-7,5.6057891103752735E-8,0.20937171809710844,0.7906280155878594
980.0,1.4683572477764238E-5,0.9993097625952485,6.752787041365122E-4,2.7512813737262644E-7
320.0,0.05562969615596239,0.839048279568449,0.0981516398725836,0.007170384403005094
1418.0,1.0654268537643322E-12,5.86410990319365E-10,0.0016459259013354884,0.9983540735111881
141.0,3.9292660621219354E-8,0.0309786295810759,0.8532075034213688,0.11581382770489454
625.0,5.233234816111926E-7,0.008551771679385834,0.73988644547715,0.25156125951998254
374.0,1.017111321904392E-6,0.8001504756435104,0.18917263604855866,0.010675871196609132
952.0,0.9999990379344212,3.590845477210041E-9,2.2854296024367896E-7,7.299317730313313E-7
1362.0,0.999999999377985,5.363615150944995E-10,1.659119879459026E-11,6.906217700570575E-11
1271.0,9.084355740601828E-4,8.927235891047302E-5,0.0799911854159528,0.9190111066510765
150.0,5.479108589284693E-5,0.7997964433428685,0.18557243173202698,0.014576333839211638
1560.0,3.8558670348207877E-10,3.7995682548033915E-6,0.01232350651780994,0.9876726935283485
541.0,1.465468907868415E-4,0.533179893542772,0.27235104286497924,0.1943225167014619
393.0,1.831694095279391E-5,2.4336086120427638E-4,0.4351349961370703,0.5646033260607726
582.0,0.010420136423261962,0.9390070230111788,0.0504829658117162,8.987475384299755E-5
30.0,2.8033146358751764E-4,0.5541724105979066,0.4201564549868226,0.025390802951683215
51.0,0.15037367267019314,0.8203498697851147,0.029070417207262132,2.06040337430044E-4
1089.0,6.58614714447796E-4,0.033531248283239556,0.37384719610604855,0.5919629408962641
1508.0,0.4968541981915759,0.47768426914988416,0.024581324361740996,8.802082967987331E-4
995.0,4.153128987960312E-13,0.0036935303706590534,0.6535208279240521,0.34278564170487363
853.0,0.9999905868545739,9.391188869046708E-6,2.190495883467523E-8,5.159830218791284E-11
1160.0,1.319536019935426E-4,0.4324546510253786,0.5310259329584606,0.0363874624141672
196.0,9.592638849276038E-9,1.0808806700758106E-6,0.008278987735234306,0.9917199217914567
1325.0,5.990682106499896E-8,3.781475820345407E-5,0.16880781581175566,0.8311543095232199
1639.0,0.7583437281881112,0.21293378510702687,0.027925095030008583,7.973916748532804E-4
752.0,0.9999311973940891,6.871875307633832E-5,8.275642357058892E-8,1.096410940192077E-9
466.0,3.9279465255036455E-8,0.00215942157199355,0.3196139060475721,0.6782266331009691
683.0,0.08265538627723037,0.7816630874945357,0.12850195447298615,0.007179571755247749
1435.0,0.9328956581666499,0.0010676197196682622,0.018139172119414734,0.04789754999426709
1086.0,3.6395232638405326E-4,0.6399794571806352,0.3055253513564871,0.054131239136493696
301.0,8.472952688583712E-4,0.0658715237204756,0.8077767952257732,0.12550438578489284
782.0,1.9390033099966605E-6,0.010695087290784376,0.677763130102829,0.31153984360307657
411.0,0.9854233213065032,0.011941672579324266,0.0021654924197399804,4.6951369443247606E-4
610.0,0.9999954978535325,3.910404308346215E-7,5.092938556829253E-7,3.6018121812186798E-6
1033.0,0.6561683794180877,5.7761131158491225E-6,0.004796911090801026,0.33902893337799545
116.0,0.9958951176276566,0.004099769743518239,5.094494598505631E-6,1.8134226555469713E-8
967.0,1.8026407771306797E-11,3.380823374965899E-4,0.10000160685181339,0.8996603107926636
1306.0,7.537366905468216E-8,4.974948087366752E-4,0.01663566296700944,0.9828667668505849
924.0,5.343987298665166E-7,0.015637952720474694,0.6525227994546035,0.33183871342619187
356.0,0.002165046932498935,0.1761692330689317,0.5123630034539043,0.3093027165446651
1215.0,0.32665714866854234,0.6223188172500637,0.04268045863295223,0.008343575448441774
569.0,0.9728501776817171,2.4942741595249118E-6,0.003270754863474745,0.02387657318064858
1616.0,0.21018301352811908,0.622993184182374,0.144725778751219,0.02209802353828785
159.0,0.9959840601588581,0.003981204584226667,3.382659339415057E-5,9.086635210347166E-7
655.0,1.7061306994508114E-5,0.027770227166214925,0.4910213540896555,0.4811913574371351
93.0,7.497738394639593E-13,2.3010707564707526E-6,0.8612260935604494,0.13877160536804414
1491.0,0.8183530474889927,0.11605340735577413,0.050174751076202215,0.015418794079030865
810.0,4.516591723451766E-6,0.0717180413245558,0.6044444845821979,0.32383295750152274
319.0,1.4170723260398957E-4,0.3582756668718192,0.5884952089866357,0.05308741690894105
1142.0,3.550554038792086E-4,0.044489225625961276,0.9333592673081199,0.0217964516620396
205.0,2.0223808642584563E-4,6.717491022269857E-5,0.037579437771702744,0.9621511492316488
1216.0,0.08608723854049426,0.9006121607175276,0.012200019671182172,0.0011005810707960266
881.0,0.9991395240192447,8.596109232371299E-4,8.349862548675748E-7,3.00712632759776E-8
1381.0,0.01616564668976081,0.940938565574873,0.040881465808892174,0.0020143219264740415
1583.0,3.2966094235084326E-4,0.2709940962989601,0.7201944314133752,0.008481811345313709
724.0,0.9999013851256191,9.672936851978748E-5,4.897425168465119E-7,1.3957633441687208E-6
448.0,0.018795532824914314,0.47558889374563446,0.5034636021369143,0.002151971292536832
1669.0,0.45687405183218327,0.04929839868265251,0.3970584191556384,0.09676913032952575
641.0,0.9931317814394269,0.004467415479758738,0.0010956828009185385,0.0013051202798958072
177.0,3.401637411256514E-10,0.5726549864218116,0.41477815881530555,0.012566854422719246
1130.0,5.2422355272232376E-5,0.03642791982882105,0.8716369810044304,0.09188267681147634
312.0,2.7238109624432835E-4,0.430431791081551,0.48758093562177185,0.08171489220043301
804.0,4.595231238606649E-8,6.112074723456978E-4,0.22145390134406526,0.7779348452312768
1487.0,0.012475594442029898,0.9451641745547417,0.04186533674921074,4.948942540175778E-4
1401.0,1.8002133490970052E-4,2.4170588669976738E-5,0.01901653243361854,0.9807792756428018
99.0,0.9153814297148908,0.08210729557779735,0.002435809339950627,7.546536736125136E-5
895.0,3.5477778489176847E-6,0.47769184937806036,0.4433140553656406,0.07899054747845013
1244.0,2.0594234793758313E-6,5.392447551292453E-5,0.0015553147582572132,0.9983887013427506
730.0,2.8467871597181535E-9,0.15072690600164193,0.7059112630159964,0.14336182813557447
455.0,4.253871254052724E-6,0.15703319582422937,0.7826962232400323,0.060266327064484294
1587.0,0.0029871052198517586,0.445325493360445,0.4490151303431133,0.10267227107659006
620.0,0.8851779430072482,0.07906878550328751,0.035752805539043704,4.659504205490257E-7
412.0,1.4100245818133261E-5,0.26800504560657057,0.7021725000577155,0.02980835408989571
227.0,0.9827128467649832,0.01373752837392905,0.0035381938563033956,1.1431004784429867E-5
1456.0,4.0258906698544844E-5,0.04841410816384791,0.8058728182450663,0.14567281468438723
969.0,0.020580123675620884,0.04042016058761394,0.9375215460920672,0.0014781696446980752
1045.0,2.025351993150852E-5,0.476780874272272,0.47303778712759903,0.05016108508019742
1187.0,0.9960701358982887,0.00392515512581601,4.704417493897779E-6,4.558401432487982E-9
355.0,5.350447113923888E-6,0.003803355082766522,0.14509605260831004,0.8510952418618095
914.0,5.658987541706297E-4,0.6075818804734194,0.3906928486483038,0.0011593721241062607
1286.0,0.9998503427137764,1.4667068736853544E-4,2.860928454801833E-6,1.2567040016456189E-7
1612.0,0.49500777609982816,0.07949095583765588,0.3822227870664152,0.04327848099610084
567.0,2.9949380356823125E-11,0.007875673246486607,0.8002453498149377,0.19187897690862626
74.0,0.02252920803294765,0.9153537463645454,0.06116803100022837,9.490146022786161E-4
1329.0,0.9173879220317072,0.0799822137075928,0.002556888304498162,7.297595620178165E-5
1172.0,6.432210721778907E-8,0.0040291262821110395,0.15013217335379095,0.8458386360419908
859.0,1.403763837254008E-10,1.3139888555032463E-4,0.40032593111051207,0.5995426698635613
469.0,7.561996015026751E-7,0.8376410927759941,0.14319594530613042,0.019162205718274098
766.0,0.09098083268092697,0.8862658444034781,0.021861725986465016,8.915969291298381E-4
1659.0,7.110757294074847E-5,0.04465160726068742,0.3493878216050801,0.6058894635612917
184.0,0.02426914834211776,0.7282196087640525,0.24639358117960064,0.001117661714229316
677.0,6.832451145953109E-7,2.5686062716158036E-5,0.04068975008794379,0.9592838806042254
768.0,1.0394397252980574E-7,0.16398695364910762,0.8358138347901322,1.9910761678752924E-4
298.0,9.468142354235838E-6,0.3147668740021319,0.4210164237277608,0.2642072341277531
