1658.0,0.0,0.16666666666666646,0.41833333333333333,0.41500000000000015
444.0,0.0,0.4750000000000002,0.3583333333333332,0.16666666666666655
556.0,0.01500000000000001,0.32833333333333314,0.5000000000000003,0.15666666666666657
905.0,0.0,0.20666666666666686,0.5,0.2933333333333331
243.0,0.006666666666666668,0.1599999999999998,0.3833333333333333,0.4500000000000003
1328.0,0.0,0.16666666666666646,0.4116666666666666,0.4216666666666668
1173.0,0.03499999999999999,0.4516666666666669,0.38000000000000006,0.1333333333333332
1059.0,0.18833333333333332,0.4633333333333334,0.3249999999999999,0.023333333333333327
1414.0,0.0,0.16999999999999996,0.5000000000000003,0.32999999999999985
978.0,0.008333333333333337,0.18166666666666675,0.3216666666666664,0.4883333333333336
323.0,0.0016666666666666663,0.44333333333333336,0.3616666666666666,0.1933333333333334
631.0,0.0,0.27999999999999997,0.4650000000000002,0.25499999999999995
66.0,0.47000000000000014,0.3633333333333334,0.16666666666666652,0.0
1541.0,0.5000000000000002,0.3183333333333331,0.17500000000000002,0.006666666666666669
161.0,0.28833333333333316,0.49833333333333335,0.21166666666666675,0.0016666666666666668
705.0,0.28500000000000014,0.31333333333333313,0.38833333333333353,0.01333333333333334
280.0,0.39833333333333326,0.42166666666666686,0.17499999999999985,0.005
868.0,0.0,0.16666666666666646,0.4116666666666669,0.42166666666666663
1258.0,0.04833333333333336,0.1366666666666666,0.4950000000000003,0.3199999999999998
1359.0,0.08666666666666671,0.3733333333333333,0.37666666666666665,0.1633333333333333
107.0,0.0,0.16833333333333314,0.375,0.45666666666666683
1529.0,0.35833333333333334,0.4750000000000002,0.16666666666666652,0.0
1116.0,0.0,0.21833333333333324,0.3366666666666665,0.44500000000000023
831.0,0.3266666666666664,0.4433333333333334,0.23000000000000007,0.0
666.0,0.12333333333333325,0.37166666666666653,0.46166666666666684,0.04333333333333333
487.0,0.5000000000000003,0.33333333333333315,0.16666666666666657,0.0
40.0,0.0,0.2833333333333334,0.4150000000000001,0.3016666666666665
1131.0,0.345,0.32833333333333325,0.3266666666666667,0.0
337.0,0.0,0.3499999999999999,0.4583333333333334,0.1916666666666667
1014.0,0.0,0.44500000000000023,0.2766666666666666,0.27833333333333315
1486.0,0.0,0.3049999999999999,0.4983333333333335,0.19666666666666663
1668.0,0.0,0.16666666666666655,0.3333333333333331,0.5000000000000003
595.0,0.46333333333333343,0.27499999999999997,0.2583333333333333,0.003333333333333333
430.0,0.1183333333333333,0.5000000000000002,0.3083333333333332,0.07333333333333338
520.0,0.5000000000000003,0.33333333333333315,0.16666666666666657,0.0
1586.0,0.4050000000000002,0.4283333333333334,0.1666666666666665,0.0
1400.0,0.05000000000000002,0.3266666666666665,0.49500000000000033,0.1283333333333333
250.0,0.20833333333333348,0.31499999999999967,0.44000000000000006,0.03666666666666667
941.0,0.0,0.1783333333333332,0.42500000000000004,0.3966666666666667
1245.0,0.07000000000000006,0.47500000000000026,0.33499999999999974,0.11999999999999997
1457.0,0.02166666666666667,0.16333333333333316,0.3516666666666666,0.4633333333333335
795.0,0.0016666666666666668,0.3299999999999999,0.3983333333333333,0.27000000000000024
1044.0,0.2666666666666668,0.39000000000000007,0.19166666666666657,0.1516666666666665
702.0,0.0,0.4066666666666667,0.42333333333333345,0.1699999999999998
501.0,0.42333333333333345,0.3983333333333334,0.17833333333333323,0.0
1613.0,0.011666666666666667,0.33166666666666655,0.4716666666666668,0.18500000000000005
741.0,0.3299999999999998,0.4983333333333336,0.1716666666666666,0.0
168.0,0.0,0.16666666666666655,0.3333333333333331,0.5000000000000003
1186.0,0.5000000000000003,0.33333333333333315,0.16666666666666657,0.0
266.0,0.2066666666666668,0.4983333333333334,0.2933333333333331,0.001666666666666667
832.0,0.0,0.34499999999999986,0.4866666666666669,0.16833333333333322
1287.0,0.024999999999999998,0.4666666666666668,0.32999999999999985,0.1783333333333333
649.0,0.003333333333333333,0.27833333333333327,0.5,0.21833333333333338
179.0,0.003333333333333335,0.1633333333333332,0.3333333333333331,0.5000000000000003
1503.0,0.49833333333333363,0.3349999999999999,0.16666666666666657,0.0
1146.0,0.0,0.16666666666666655,0.34666666666666657,0.4866666666666669
812.0,0.03166666666666667,0.47000000000000014,0.3116666666666665,0.1866666666666668
316.0,0.15666666666666654,0.5000000000000003,0.32666666666666644,0.01666666666666668
887.0,0.0,0.16666666666666646,0.4116666666666669,0.4216666666666666
1228.0,0.0,0.4333333333333336,0.39833333333333326,0.16833333333333314
1385.0,0.0,0.17499999999999993,0.4916666666666669,0.33333333333333315
98.0,0.0816666666666667,0.3683333333333333,0.35333333333333333,0.1966666666666667
1571.0,0.043333333333333356,0.3233333333333331,0.4800000000000003,0.15333333333333327
722.0,0.0,0.4983333333333336,0.33166666666666644,0.16999999999999993
451.0,0.48333333333333356,0.34833333333333316,0.1683333333333332,0.0
612.0,0.0,0.16666666666666652,0.3533333333333332,0.4800000000000002
408.0,0.45000000000000007,0.15,0.31499999999999995,0.08500000000000002
1029.0,0.0983333333333333,0.39166666666666666,0.44166666666666654,0.06833333333333334
1440.0,0.11999999999999997,0.33833333333333315,0.4950000000000002,0.04666666666666668
225.0,0.5000000000000003,0.33333333333333315,0.16666666666666657,0.0
961.0,0.048333333333333346,0.2783333333333333,0.4966666666666668,0.17666666666666667
922.0,0.0,0.16666666666666646,0.41,0.4233333333333335
359.0,0.001666666666666667,0.16666666666666652,0.3516666666666666,0.4800000000000002
1302.0,0.034999999999999976,0.39999999999999997,0.4333333333333335,0.1316666666666665
1203.0,0.0033333333333333335,0.1666666666666665,0.3866666666666666,0.4433333333333336
75.0,0.31999999999999995,0.4083333333333334,0.20000000000000004,0.0716666666666667
1628.0,0.0,0.185,0.5000000000000002,0.3149999999999997
575.0,0.09166666666666672,0.5000000000000001,0.2766666666666666,0.13166666666666654
1156.0,0.0,0.16666666666666652,0.3483333333333332,0.4850000000000002
851.0,0.5000000000000003,0.33333333333333315,0.16666666666666657,0.0
1313.0,0.0,0.16666666666666655,0.3333333333333331,0.5000000000000003
1643.0,0.003333333333333334,0.18333333333333335,0.33833333333333315,0.47500000000000014
56.0,0.4933333333333336,0.3383333333333332,0.16833333333333325,0.0
758.0,0.16499999999999984,0.4833333333333335,0.3199999999999999,0.03166666666666666
465.0,0.49333333333333357,0.33999999999999986,0.16666666666666655,0.0
186.0,0.32833333333333325,0.43166666666666675,0.24000000000000007,0.0
685.0,0.23333333333333342,0.47666666666666674,0.28999999999999987,0.0
1431.0,0.3199999999999997,0.4633333333333337,0.19833333333333342,0.018333333333333344
302.0,0.0,0.16666666666666655,0.3499999999999999,0.4833333333333335
776.0,0.5000000000000003,0.33333333333333315,0.16666666666666657,0.0
1074.0,0.49833333333333363,0.33499999999999985,0.16666666666666655,0.0
1374.0,0.0,0.16666666666666655,0.34166666666666656,0.4916666666666669
373.0,0.48500000000000026,0.33999999999999986,0.13666666666666658,0.03833333333333333
958.0,0.10333333333333332,0.43166666666666664,0.3933333333333334,0.07166666666666671
1275.0,0.0783333333333334,0.2916666666666665,0.4750000000000001,0.15499999999999997
539.0,0.0016666666666666672,0.3299999999999998,0.4983333333333336,0.1699999999999999
1556.0,0.0,0.3966666666666667,0.4333333333333334,0.16999999999999982
394.0,0.3966666666666666,0.395,0.20833333333333337,0.0
576.0,0.0,0.4116666666666666,0.4133333333333335,0.1749999999999999
1101.0,0.0,0.1733333333333333,0.4983333333333336,0.32833333333333314
997.0,0.13333333333333328,0.23666666666666664,0.48000000000000015,0.14999999999999983
232.0,0.0916666666666667,0.3066666666666664,0.5000000000000001,0.10166666666666668
1512.0,0.36666666666666686,0.33166666666666667,0.3016666666666665,0.0
1537.0,0.0016666666666666674,0.16999999999999993,0.3316666666666665,0.496666666666667
707.0,0.0,0.32666666666666655,0.3583333333333335,0.315
281.0,0.4866666666666668,0.14999999999999994,0.1666666666666666,0.19666666666666677
870.0,0.0,0.2716666666666665,0.5,0.2283333333333335
23.0,0.32333333333333314,0.4550000000000001,0.2216666666666667,0.0
1262.0,0.01833333333333333,0.2916666666666666,0.46,0.23000000000000004
1355.0,0.5000000000000003,0.33333333333333315,0.16666666666666657,0.0
33.0,0.0,0.1966666666666666,0.4483333333333336,0.35499999999999987
1533.0,0.0,0.16666666666666652,0.47833333333333355,0.35499999999999987
1112.0,0.5000000000000003,0.33333333333333315,0.16333333333333322,0.0033333333333333357
222.0,0.10166666666666664,0.4666666666666668,0.3666666666666666,0.06500000000000003
829.0,0.0,0.4650000000000002,0.36833333333333335,0.16666666666666652
664.0,0.3349999999999999,0.4883333333333335,0.17666666666666667,0.0
486.0,0.41833333333333356,0.41166666666666657,0.16999999999999985,0.0
1662.0,0.0,0.16999999999999996,0.5000000000000003,0.32999999999999985
445.0,0.006666666666666665,0.1899999999999999,0.4233333333333333,0.3800000000000001
558.0,0.0,0.21166666666666695,0.5000000000000001,0.28833333333333305
907.0,0.43000000000000016,0.3816666666666667,0.16999999999999985,0.01833333333333334
1332.0,0.0,0.16666666666666655,0.33499999999999985,0.4983333333333336
1169.0,0.16999999999999993,0.5000000000000002,0.32833333333333314,0.0016666666666666672
1063.0,0.003333333333333335,0.4983333333333336,0.3333333333333331,0.16499999999999992
1410.0,0.0,0.16666666666666652,0.3533333333333332,0.4800000000000002
976.0,0.23666666666666675,0.3533333333333333,0.23166666666666672,0.1783333333333333
322.0,0.0,0.16666666666666655,0.3333333333333331,0.5000000000000003
629.0,0.0,0.4383333333333334,0.2783333333333333,0.2833333333333333
140.0,0.0,0.3199999999999997,0.47500000000000014,0.20500000000000015
1461.0,0.48166666666666663,0.02166666666666666,0.2533333333333334,0.24333333333333326
793.0,0.0,0.2000000000000001,0.5000000000000001,0.2999999999999998
215.0,0.0,0.23833333333333345,0.4816666666666667,0.2799999999999999
1040.0,0.0,0.46833333333333355,0.3316666666666664,0.20000000000000012
500.0,0.0,0.21666666666666679,0.4616666666666667,0.32166666666666655
700.0,0.0,0.16666666666666652,0.3933333333333334,0.44000000000000017
1609.0,0.0,0.5000000000000003,0.33333333333333315,0.16666666666666657
80.0,0.0,0.1983333333333332,0.4400000000000002,0.3616666666666666
743.0,0.5000000000000001,0.2899999999999998,0.21000000000000016,0.0
1190.0,0.0,0.16666666666666655,0.3383333333333332,0.4950000000000003
267.0,0.12166666666666667,0.48500000000000015,0.31333333333333313,0.08000000000000007
834.0,0.02833333333333334,0.5000000000000002,0.33166666666666644,0.1399999999999999
1283.0,0.0,0.16666666666666652,0.4533333333333334,0.3800000000000001
1135.0,0.4200000000000002,0.33333333333333315,0.1649999999999999,0.08166666666666678
1012.0,0.15666666666666654,0.5000000000000003,0.3333333333333331,0.010000000000000005
336.0,0.42500000000000027,0.4083333333333333,0.1666666666666665,0.0
1482.0,0.37000000000000005,0.4333333333333334,0.1666666666666665,0.029999999999999995
133.0,0.0,0.2849999999999998,0.5000000000000001,0.2150000000000001
1664.0,0.0,0.16666666666666655,0.3433333333333332,0.49000000000000027
593.0,0.08166666666666668,0.11333333333333327,0.4600000000000001,0.345
522.0,0.16999999999999996,0.4950000000000003,0.3116666666666665,0.02333333333333334
431.0,0.405,0.3866666666666666,0.20833333333333337,0.0
1590.0,0.0,0.18333333333333332,0.43666666666666676,0.37999999999999995
1404.0,0.1683333333333332,0.4616666666666669,0.36999999999999994,0.0
943.0,0.09000000000000001,0.4183333333333335,0.3716666666666667,0.11999999999999991
121.0,0.4083333333333332,0.3750000000000001,0.21666666666666662,0.0
1241.0,0.0,0.1883333333333333,0.4583333333333333,0.3533333333333333
409.0,0.0666666666666667,0.32999999999999985,0.4316666666666667,0.17166666666666663
614.0,0.04499999999999999,0.4016666666666666,0.38666666666666677,0.1666666666666665
31.0,0.09833333333333331,0.4583333333333333,0.22333333333333333,0.22000000000000008
49.0,0.5000000000000003,0.33333333333333315,0.16666666666666657,0.0
1025.0,0.0,0.16666666666666652,0.4766666666666669,0.3566666666666666
1444.0,0.0,0.16666666666666655,0.33999999999999986,0.4933333333333336
963.0,0.21166666666666656,0.1933333333333333,0.4150000000000001,0.17999999999999994
920.0,0.0,0.22666666666666663,0.5000000000000001,0.2733333333333334
358.0,0.49333333333333357,0.33833333333333315,0.1683333333333332,0.0
1298.0,0.02833333333333334,0.1399999999999999,0.33999999999999986,0.4916666666666669
1207.0,0.27166666666666656,0.4416666666666667,0.2683333333333333,0.018333333333333333
1624.0,0.5000000000000003,0.33333333333333315,0.16666666666666657,0.0
158.0,0.006666666666666668,0.4766666666666669,0.3483333333333332,0.16833333333333325
573.0,0.0,0.37666666666666665,0.45,0.17333333333333323
651.0,0.0,0.27666666666666656,0.49000000000000005,0.2333333333333334
1499.0,0.46500000000000014,0.36333333333333334,0.17166666666666655,0.0
1150.0,0.0,0.1866666666666667,0.4950000000000003,0.31833333333333313
814.0,0.31166666666666665,0.4650000000000002,0.16666666666666652,0.05666666666666669
317.0,0.4966666666666669,0.3333333333333331,0.1699999999999999,0.0
885.0,0.0,0.16666666666666646,0.4600000000000001,0.3733333333333334
204.0,0.35333333333333344,0.2916666666666666,0.28166666666666657,0.07333333333333336
1224.0,0.37166666666666676,0.4116666666666666,0.15499999999999994,0.0616666666666667
1389.0,0.15166666666666656,0.5000000000000003,0.3333333333333331,0.015000000000000008
1575.0,0.3483333333333332,0.48333333333333356,0.16833333333333325,0.0
450.0,0.4466666666666667,0.3583333333333332,0.1950000000000001,0.0
720.0,0.0666666666666667,0.38333333333333347,0.3816666666666666,0.16833333333333325
1370.0,0.0,0.19833333333333342,0.4583333333333334,0.3433333333333333
956.0,0.0,0.19833333333333342,0.49666666666666687,0.3049999999999998
372.0,0.5000000000000003,0.33333333333333315,0.16666666666666657,0.0
1279.0,0.5000000000000002,0.3333333333333331,0.056666666666666705,0.10999999999999999
537.0,0.0,0.16666666666666655,0.3366666666666665,0.496666666666667
1552.0,0.5000000000000003,0.33333333333333315,0.16666666666666657,0.0
151.0,0.06333333333333338,0.5000000000000002,0.31666666666666643,0.11999999999999997
578.0,0.0,0.16666666666666655,0.33499999999999985,0.49833333333333363
395.0,0.031666666666666655,0.13499999999999987,0.37333333333333324,0.4600000000000002
1097.0,0.0,0.49833333333333363,0.33499999999999985,0.16666666666666655
112.0,0.3316666666666665,0.48000000000000015,0.1883333333333333,0.0
999.0,0.003333333333333335,0.3416666666666666,0.49000000000000027,0.16499999999999987
1516.0,0.3316666666666665,0.4966666666666669,0.17166666666666663,0.0
1152.0,0.4016666666666666,0.37166666666666665,0.2266666666666668,0.0
197.0,0.008333333333333337,0.3183333333333332,0.34833333333333344,0.32499999999999996
849.0,0.4116666666666668,0.42166666666666686,0.1649999999999998,0.0016666666666666668
1317.0,0.11666666666666661,0.24666666666666665,0.47666666666666674,0.15999999999999992
1647.0,0.0,0.16666666666666655,0.3333333333333331,0.5000000000000003
756.0,0.006666666666666669,0.20333333333333334,0.4883333333333335,0.3016666666666666
464.0,0.0,0.16666666666666646,0.415,0.4183333333333335
687.0,0.0,0.275,0.4850000000000001,0.23999999999999994
89.0,0.5000000000000003,0.33333333333333315,0.16666666666666657,0.0
1427.0,0.22333333333333336,0.47000000000000003,0.28666666666666657,0.019999999999999993
778.0,0.0,0.27833333333333327,0.4750000000000001,0.24666666666666665
303.0,0.02166666666666667,0.14499999999999985,0.3466666666666665,0.48666666666666686
1078.0,0.5000000000000003,0.33333333333333315,0.1649999999999999,0.0016666666666666679
1123.0,0.016666666666666673,0.16666666666666655,0.33999999999999986,0.4766666666666669
1478.0,0.4033333333333333,0.4033333333333335,0.18166666666666662,0.011666666666666664
339.0,0.4616666666666668,0.37166666666666676,0.16666666666666652,0.0
1010.0,0.006666666666666668,0.37000000000000016,0.34166666666666645,0.28166666666666673
11.0,0.5000000000000003,0.33333333333333315,0.16666666666666657,0.0
599.0,0.20166666666666686,0.46666666666666673,0.32333333333333314,0.008333333333333333
70.0,0.005000000000000004,0.5000000000000003,0.33333333333333315,0.16166666666666654
1594.0,0.1916666666666667,0.355,0.43666666666666665,0.01666666666666667
524.0,0.35833333333333334,0.3950000000000001,0.24666666666666656,0.0
428.0,0.0,0.16666666666666655,0.33499999999999985,0.49833333333333363
937.0,0.16999999999999987,0.48666666666666686,0.34333333333333316,0.0
251.0,0.5000000000000003,0.33333333333333315,0.16666666666666657,0.0
1392.0,0.033333333333333326,0.46000000000000013,0.3166666666666665,0.19
1237.0,0.5000000000000003,0.33333333333333315,0.16666666666666657,0.0
111.0,0.4333333333333337,0.33333333333333304,0.16666666666666652,0.06666666666666672
1465.0,0.0,0.17666666666666664,0.5000000000000003,0.32333333333333303
1052.0,0.10333333333333333,0.30666666666666637,0.4766666666666669,0.11333333333333336
799.0,0.0,0.16999999999999982,0.4700000000000002,0.35999999999999993
503.0,0.16666666666666652,0.34999999999999987,0.4833333333333335,0.0
698.0,0.496666666666667,0.3366666666666665,0.16666666666666655,0.0
1605.0,0.4916666666666669,0.34166666666666656,0.16666666666666655,0.0
169.0,0.5000000000000003,0.33333333333333315,0.16666666666666657,0.0
737.0,0.32499999999999984,0.4966666666666669,0.16333333333333325,0.015000000000000008
836.0,0.02333333333333333,0.21833333333333335,0.49666666666666665,0.26166666666666666
264.0,0.5000000000000001,0.30333333333333307,0.195,0.001666666666666667
1295.0,0.38666666666666677,0.2783333333333334,0.2866666666666666,0.04833333333333334
552.0,0.06333333333333335,0.17333333333333317,0.4150000000000001,0.3483333333333334
446.0,0.07500000000000002,0.1683333333333332,0.31999999999999995,0.4366666666666668
1650.0,0.5000000000000003,0.33333333333333315,0.16666666666666657,0.0
1336.0,0.3766666666666668,0.34166666666666645,0.24000000000000019,0.04166666666666667
242.0,0.16666666666666646,0.42833333333333345,0.4050000000000001,0.0
909.0,0.0,0.42666666666666664,0.39,0.1833333333333333
1181.0,0.0,0.16666666666666652,0.35833333333333334,0.47500000000000014
42.0,0.0,0.16666666666666655,0.3616666666666666,0.4716666666666669
1067.0,0.0,0.16666666666666655,0.3333333333333331,0.5000000000000003
982.0,0.0,0.16666666666666655,0.3333333333333331,0.5000000000000003
321.0,0.3333333333333331,0.3750000000000001,0.22000000000000003,0.07166666666666674
1422.0,0.18166666666666667,0.47833333333333355,0.323333333333333,0.01666666666666667
627.0,0.003333333333333333,0.2433333333333334,0.49666666666666665,0.2566666666666666
1549.0,0.0,0.1983333333333333,0.37166666666666653,0.4300000000000001
709.0,0.0933333333333333,0.4416666666666666,0.39166666666666666,0.07333333333333335
160.0,0.0,0.36333333333333334,0.4683333333333335,0.1683333333333332
1250.0,0.003333333333333334,0.16666666666666652,0.34499999999999986,0.4850000000000002
864.0,0.13833333333333322,0.053333333333333365,0.44833333333333353,0.3599999999999998
282.0,0.18500000000000008,0.5000000000000002,0.3149999999999997,0.0
1351.0,0.006666666666666668,0.3133333333333331,0.4950000000000002,0.18500000000000005
1521.0,0.21333333333333343,0.4750000000000001,0.3016666666666665,0.01
827.0,0.0,0.36666666666666675,0.46500000000000014,0.1683333333333332
1108.0,0.5000000000000003,0.33333333333333315,0.16666666666666657,0.0
485.0,0.5000000000000003,0.33333333333333315,0.16666666666666657,0.0
670.0,0.48666666666666686,0.34666666666666657,0.16666666666666655,0.0
855.0,0.16999999999999998,0.4983333333333336,0.3266666666666665,0.005000000000000003
15.0,0.32999999999999985,0.4316666666666667,0.21833333333333335,0.02
1164.0,0.0,0.31999999999999984,0.4666666666666668,0.2133333333333334
1321.0,0.0466666666666667,0.3150000000000001,0.32166666666666655,0.3166666666666668
102.0,0.0,0.2499999999999999,0.41166666666666674,0.3383333333333334
1635.0,0.011666666666666672,0.3333333333333331,0.5000000000000003,0.1549999999999999
467.0,0.16666666666666652,0.345,0.4650000000000003,0.023333333333333338
754.0,0.0,0.26999999999999985,0.3833333333333335,0.3466666666666667
681.0,0.0,0.21000000000000008,0.5000000000000001,0.2899999999999999
187.0,0.1783333333333333,0.2800000000000001,0.40833333333333344,0.1333333333333332
1439.0,0.11833333333333326,0.39833333333333326,0.4150000000000001,0.06833333333333337
1082.0,0.0,0.2716666666666665,0.5,0.22833333333333342
300.0,0.5000000000000002,0.3249999999999998,0.15333333333333324,0.021666666666666674
780.0,0.5000000000000003,0.33333333333333315,0.16666666666666657,0.0
954.0,0.0,0.19333333333333336,0.47500000000000014,0.33166666666666655
375.0,0.3399999999999998,0.48333333333333356,0.1766666666666666,0.0
1366.0,0.49000000000000027,0.34333333333333316,0.15166666666666653,0.015000000000000006
1267.0,0.31333333333333296,0.46833333333333355,0.20166666666666672,0.01666666666666667
79.0,0.0733333333333334,0.5000000000000002,0.3283333333333331,0.09833333333333337
1564.0,0.0,0.31499999999999984,0.40666666666666673,0.2783333333333334
543.0,0.5000000000000003,0.33333333333333315,0.16666666666666657,0.0
580.0,0.4916666666666669,0.34166666666666656,0.16666666666666655,0.0
392.0,0.21000000000000002,0.5000000000000001,0.2899999999999998,0.0
1093.0,0.5000000000000003,0.33333333333333315,0.16666666666666657,0.0
1504.0,0.09666666666666666,0.3933333333333334,0.3899999999999999,0.11999999999999994
233.0,0.5000000000000003,0.3266666666666665,0.16999999999999996,0.003333333333333335
993.0,0.33666666666666656,0.49333333333333373,0.16999999999999987,0.0
178.0,0.2033333333333333,0.49333333333333335,0.19833333333333336,0.10499999999999997
653.0,0.008333333333333333,0.42166666666666686,0.41166666666666674,0.1583333333333331
1495.0,0.5000000000000003,0.33333333333333315,0.16666666666666657,0.0
808.0,0.49333333333333357,0.32166666666666643,0.13833333333333328,0.04666666666666668
318.0,0.21499999999999994,0.42333333333333334,0.2783333333333333,0.08333333333333337
1138.0,0.27333333333333326,0.2766666666666666,0.4066666666666668,0.04333333333333333
1220.0,0.30833333333333357,0.29833333333333306,0.28500000000000003,0.10833333333333328
883.0,0.01,0.38999999999999996,0.4383333333333336,0.1616666666666665
1377.0,0.005,0.21333333333333332,0.3783333333333333,0.4033333333333335
1579.0,0.021666666666666667,0.21833333333333332,0.46000000000000013,0.2999999999999999
58.0,0.06000000000000003,0.1516666666666665,0.3766666666666667,0.41166666666666674
449.0,0.0,0.16666666666666655,0.3333333333333331,0.5000000000000003
726.0,0.0,0.30999999999999983,0.4983333333333335,0.19166666666666665
410.0,0.49500000000000005,0.23666666666666666,0.26333333333333336,0.005000000000000001
608.0,0.12500000000000003,0.15833333333333327,0.4233333333333334,0.2933333333333334
1037.0,0.0,0.195,0.385,0.41999999999999993
965.0,0.011666666666666672,0.16666666666666655,0.3366666666666665,0.4850000000000003
224.0,0.0,0.33333333333333315,0.5000000000000003,0.16666666666666657
1448.0,0.2633333333333333,0.49,0.24499999999999997,0.0016666666666666666
1310.0,0.5000000000000003,0.33333333333333315,0.16666666666666657,0.0
926.0,0.0,0.16666666666666646,0.36333333333333323,0.4700000000000002
357.0,0.09999999999999999,0.48833333333333345,0.3433333333333331,0.06833333333333337
1211.0,0.0,0.16666666666666652,0.36500000000000005,0.4683333333333335
571.0,0.0,0.16999999999999985,0.38,0.45000000000000023
1620.0,0.005000000000000002,0.20166666666666677,0.4983333333333335,0.2949999999999999
1469.0,0.0,0.20166666666666663,0.39999999999999997,0.3983333333333334
1048.0,0.0,0.18,0.4950000000000002,0.32499999999999973
214.0,0.003333333333333335,0.1633333333333332,0.3333333333333331,0.5000000000000003
797.0,0.13333333333333322,0.3833333333333332,0.43833333333333363,0.045000000000000005
696.0,0.4700000000000002,0.3633333333333333,0.1666666666666665,0.0
502.0,0.02500000000000001,0.3316666666666665,0.5000000000000003,0.14333333333333326
1601.0,0.0,0.20000000000000012,0.5000000000000001,0.29999999999999977
739.0,0.49833333333333363,0.3349999999999999,0.16666666666666657,0.0
838.0,0.0,0.18333333333333335,0.4916666666666669,0.32499999999999984
265.0,0.005000000000000003,0.16166666666666651,0.3399999999999999,0.4933333333333336
1198.0,0.5000000000000003,0.33333333333333315,0.15166666666666656,0.01500000000000001
22.0,0.001666666666666667,0.3099999999999997,0.47000000000000014,0.21833333333333346
35.0,0.036666666666666674,0.5000000000000003,0.2966666666666665,0.16666666666666655
1291.0,0.5000000000000003,0.33333333333333315,0.16666666666666657,0.0
1127.0,0.06333333333333337,0.4566666666666668,0.37166666666666665,0.10833333333333332
1474.0,0.016666666666666677,0.14999999999999988,0.3466666666666666,0.4866666666666669
1008.0,0.003333333333333333,0.45500000000000024,0.3783333333333332,0.1633333333333331
338.0,0.5000000000000003,0.33333333333333315,0.16666666666666657,0.0
597.0,0.16333333333333325,0.33666666666666667,0.35833333333333345,0.14166666666666658
1672.0,0.0,0.3950000000000001,0.37,0.23500000000000004
132.0,0.10833333333333334,0.4933333333333335,0.33666666666666645,0.0616666666666667
1598.0,0.5000000000000003,0.33333333333333315,0.16666666666666657,0.0
429.0,0.5000000000000003,0.33333333333333315,0.16666666666666657,0.0
526.0,0.016666666666666673,0.36999999999999994,0.23666666666666666,0.3766666666666667
939.0,0.0,0.3016666666666664,0.4983333333333334,0.20000000000000012
1396.0,0.03999999999999998,0.22833333333333325,0.4916666666666667,0.24000000000000005
1233.0,0.3566666666666667,0.37999999999999995,0.20833333333333343,0.05500000000000001
1545.0,0.0,0.19333333333333336,0.3583333333333333,0.4483333333333334
84.0,0.5000000000000003,0.33333333333333315,0.16333333333333322,0.0033333333333333357
711.0,0.5000000000000003,0.33333333333333315,0.16666666666666657,0.0
1254.0,0.0066666666666666645,0.3516666666666666,0.43166666666666664,0.21000000000000013
866.0,0.0,0.20500000000000013,0.3033333333333332,0.4916666666666668
283.0,0.31999999999999973,0.49500000000000016,0.18499999999999997,0.0
1347.0,0.5000000000000003,0.33333333333333315,0.16666666666666657,0.0
1525.0,0.018333333333333333,0.2466666666666667,0.4716666666666666,0.2633333333333333
825.0,0.10833333333333334,0.32666666666666644,0.5000000000000002,0.06500000000000003
223.0,0.11999999999999998,0.5000000000000001,0.2350000000000001,0.14499999999999985
1104.0,0.01666666666666668,0.49833333333333363,0.3249999999999999,0.1599999999999999
484.0,0.5000000000000003,0.3316666666666665,0.16666666666666655,0.0016666666666666674
668.0,0.36666666666666664,0.45833333333333354,0.1749999999999999,0.0
554.0,0.19500000000000003,0.4566666666666667,0.2783333333333332,0.07000000000000002
447.0,0.0016666666666666674,0.3483333333333333,0.4850000000000003,0.16499999999999987
1654.0,0.0,0.1866666666666667,0.49166666666666686,0.3216666666666665
1340.0,0.5000000000000003,0.33333333333333315,0.16666666666666657,0.0
911.0,0.5000000000000003,0.33333333333333315,0.16666666666666657,0.0
125.0,0.5000000000000003,0.33333333333333315,0.16666666666666657,0.0
1177.0,0.045000000000000005,0.46333333333333343,0.33333333333333326,0.15833333333333324
1071.0,0.14833333333333315,0.018333333333333333,0.4583333333333335,0.37499999999999994
980.0,0.24166666666666667,0.5000000000000001,0.2550000000000001,0.0033333333333333335
320.0,0.4483333333333335,0.38500000000000006,0.1666666666666665,0.0
1418.0,0.011666666666666669,0.15499999999999983,0.38000000000000006,0.4533333333333335
141.0,0.0,0.17833333333333337,0.4950000000000002,0.32666666666666644
625.0,0.0,0.18166666666666664,0.3683333333333333,0.45000000000000007
374.0,0.12333333333333327,0.47500000000000014,0.3383333333333332,0.06333333333333335
952.0,0.49999999999999983,0.24833333333333332,0.08333333333333336,0.1683333333333333
1362.0,0.5000000000000003,0.33333333333333315,0.1649999999999999,0.0016666666666666679
1271.0,0.185,0.14499999999999988,0.43000000000000016,0.23999999999999996
150.0,0.001666666666666667,0.4916666666666669,0.3416666666666665,0.16499999999999984
1560.0,0.0,0.16666666666666655,0.3333333333333331,0.5000000000000003
541.0,0.24000000000000007,0.2433333333333334,0.17833333333333334,0.33833333333333326
393.0,0.021666666666666678,0.1449999999999999,0.3366666666666665,0.4966666666666669
582.0,0.38000000000000006,0.4483333333333334,0.1549999999999998,0.01666666666666667
30.0,0.00666666666666667,0.4916666666666669,0.34166666666666656,0.15999999999999986
51.0,0.35166666666666657,0.4733333333333335,0.17499999999999985,0.0
1089.0,0.0,0.16666666666666652,0.4650000000000002,0.36833333333333323
1508.0,0.2383333333333334,0.43,0.19166666666666668,0.1399999999999999
995.0,0.0,0.16999999999999985,0.41333333333333344,0.41666666666666663
853.0,0.5000000000000003,0.33333333333333315,0.16666666666666657,0.0
1160.0,0.0,0.3383333333333332,0.49000000000000027,0.1716666666666666
196.0,0.001666666666666667,0.1699999999999999,0.475,0.35333333333333333
1325.0,0.0,0.1683333333333332,0.451666666666667,0.3799999999999999
1639.0,0.10999999999999996,0.4583333333333335,0.3133333333333332,0.1183333333333333
752.0,0.5000000000000003,0.33333333333333315,0.16666666666666657,0.0
466.0,0.0,0.16666666666666652,0.36,0.4733333333333335
683.0,0.1866666666666667,0.4950000000000003,0.31833333333333313,0.0
1435.0,0.25500000000000006,0.33499999999999996,0.3816666666666666,0.02833333333333333
1086.0,0.0,0.4983333333333336,0.33166666666666644,0.16999999999999993
301.0,0.0,0.16666666666666652,0.47000000000000025,0.36333333333333334
782.0,0.0,0.42500000000000004,0.2700000000000001,0.30499999999999977
411.0,0.46500000000000014,0.3533333333333333,0.1816666666666666,0.0
610.0,0.5000000000000003,0.33333333333333315,0.16666666666666657,0.0
1033.0,0.5000000000000002,0.058333333333333376,0.323333333333333,0.11833333333333332
116.0,0.5000000000000003,0.33333333333333315,0.16666666666666657,0.0
967.0,0.0,0.16666666666666646,0.4200000000000002,0.4133333333333333
1306.0,0.0,0.18,0.3233333333333331,0.4966666666666669
924.0,0.0,0.16666666666666655,0.4950000000000003,0.3383333333333332
356.0,0.15499999999999986,0.32333333333333314,0.4350000000000002,0.0866666666666667
1215.0,0.03666666666666665,0.26,0.28499999999999986,0.41833333333333333
569.0,0.125,0.17166666666666666,0.3216666666666665,0.3816666666666668
1616.0,0.49500000000000033,0.33333333333333315,0.14666666666666656,0.025000000000000012
159.0,0.5000000000000003,0.33333333333333315,0.16666666666666657,0.0
655.0,0.15333333333333315,0.24,0.4966666666666668,0.10999999999999996
93.0,0.0016666666666666674,0.16499999999999987,0.33666666666666656,0.4966666666666669
1491.0,0.4850000000000002,0.3483333333333332,0.16666666666666655,0.0
810.0,0.01,0.2383333333333334,0.49833333333333335,0.25333333333333335
319.0,0.0,0.3149999999999998,0.49333333333333357,0.19166666666666662
1142.0,0.0,0.3449999999999999,0.48666666666666686,0.16833333333333325
205.0,0.0,0.4466666666666667,0.2766666666666667,0.27666666666666667
1216.0,0.2149999999999999,0.47333333333333344,0.2783333333333334,0.03333333333333333
881.0,0.5000000000000003,0.33333333333333315,0.16666666666666657,0.0
1381.0,0.44166666666666676,0.3900000000000001,0.16666666666666646,0.0016666666666666666
1583.0,0.11166666666666664,0.4533333333333335,0.2816666666666667,0.15333333333333318
724.0,0.5000000000000002,0.3149999999999998,0.1783333333333333,0.006666666666666669
448.0,0.22833333333333347,0.49333333333333335,0.27833333333333315,0.0
1669.0,0.5000000000000001,0.1916666666666668,0.3066666666666664,0.0016666666666666668
641.0,0.33999999999999986,0.4500000000000001,0.19833333333333328,0.011666666666666665
177.0,0.061666666666666724,0.3416666666666665,0.39999999999999997,0.1966666666666668
1130.0,0.0033333333333333322,0.3533333333333333,0.4166666666666668,0.22666666666666657
312.0,0.05000000000000002,0.48333333333333356,0.3499999999999998,0.11666666666666663
804.0,0.0,0.16666666666666652,0.39833333333333354,0.43500000000000005
1487.0,0.3766666666666667,0.45500000000000007,0.16666666666666652,0.001666666666666667
1401.0,0.0466666666666667,0.3116666666666667,0.3466666666666666,0.29500000000000004
99.0,0.18000000000000002,0.49500000000000016,0.3149999999999998,0.010000000000000002
895.0,0.0,0.2166666666666667,0.37833333333333335,0.405
1244.0,0.09333333333333334,0.21333333333333346,0.3866666666666665,0.30666666666666664
730.0,0.0,0.2166666666666667,0.3733333333333333,0.41
455.0,0.00666666666666667,0.3283333333333332,0.4966666666666669,0.16833333333333328
1587.0,0.07166666666666673,0.3416666666666664,0.49166666666666686,0.09500000000000003
620.0,0.5000000000000003,0.33333333333333315,0.16666666666666657,0.0
412.0,0.005000000000000002,0.18166666666666673,0.4883333333333335,0.3249999999999998
227.0,0.5000000000000003,0.33333333333333315,0.16666666666666657,0.0
1456.0,0.0,0.23499999999999996,0.5,0.26499999999999996
969.0,0.4500000000000003,0.3516666666666665,0.19833333333333328,0.0
1045.0,0.0,0.26833333333333326,0.49333333333333335,0.2383333333333334
1187.0,0.5000000000000003,0.33333333333333315,0.16666666666666657,0.0
355.0,0.0,0.2166666666666667,0.45166666666666694,0.3316666666666664
914.0,0.22333333333333324,0.3333333333333332,0.39666666666666683,0.046666666666666676
1286.0,0.491666666666667,0.3416666666666665,0.16666666666666655,0.0
1612.0,0.5000000000000001,0.20833333333333356,0.2916666666666664,0.0
567.0,0.0,0.1783333333333333,0.3933333333333334,0.4283333333333333
74.0,0.33499999999999985,0.49833333333333363,0.16666666666666655,0.0
1329.0,0.5000000000000003,0.33333333333333315,0.16666666666666657,0.0
1172.0,0.0,0.29666666666666647,0.4833333333333335,0.22000000000000008
859.0,0.0033333333333333327,0.2733333333333335,0.475,0.2483333333333332
469.0,0.0033333333333333335,0.20500000000000013,0.48833333333333345,0.30333333333333307
766.0,0.1766666666666666,0.5000000000000002,0.3149999999999998,0.008333333333333337
1659.0,0.0,0.23666666666666664,0.42500000000000027,0.33833333333333315
184.0,0.3566666666666666,0.3883333333333334,0.23666666666666672,0.018333333333333333
677.0,0.0,0.1666666666666665,0.375,0.4583333333333335
768.0,0.09833333333333333,0.4700000000000001,0.36333333333333323,0.06833333333333337
298.0,0.0,0.41666666666666663,0.40333333333333343,0.17999999999999997
1058.0,0.4950000000000003,0.33833333333333315,0.16666666666666655,0.0
1415.0,0.0,0.16666666666666652,0.35833333333333317,0.4750000000000002
44.0,0.01333333333333333,0.22833333333333336,0.48,0.27833333333333327
1259.0,0.3533333333333332,0.4783333333333335,0.1683333333333332,0.0
1358.0,0.5000000000000003,0.33333333333333315,0.16666666666666657,0.0
950.0,0.5000000000000003,0.3333333333333331,0.13499999999999993,0.031666666666666676
369.0,0.0,0.16666666666666652,0.3633333333333332,0.47000000000000025
531.0,0.0,0.29999999999999977,0.4616666666666668,0.23833333333333342
1540.0,0.47333333333333355,0.36,0.16666666666666655,0.0
584.0,0.22333333333333324,0.4966666666666666,0.2450000000000001,0.03499999999999998
398.0,0.41,0.2083333333333334,0.1783333333333333,0.20333333333333334
1005.0,0.001666666666666667,0.16999999999999987,0.48500000000000015,0.34333333333333316
234.0,0.46166666666666684,0.313333333333333,0.165,0.06000000000000003
1528.0,0.0,0.21166666666666667,0.46166666666666695,0.3266666666666665
1117.0,0.0,0.16666666666666655,0.3333333333333331,0.5000000000000003
1642.0,0.005000000000000001,0.23333333333333342,0.36999999999999983,0.3916666666666668
548.0,0.053333333333333365,0.13999999999999993,0.3083333333333332,0.4983333333333335
440.0,0.00666666666666667,0.16166666666666651,0.33499999999999985,0.4966666666666669
1157.0,0.1433333333333333,0.5000000000000001,0.2766666666666666,0.08000000000000004
897.0,0.40333333333333343,0.43000000000000016,0.1666666666666665,0.0
1312.0,0.0,0.16666666666666655,0.49166666666666686,0.34166666666666656
241.0,0.0,0.16666666666666655,0.34166666666666656,0.4916666666666669
1430.0,0.016666666666666666,0.37500000000000006,0.45666666666666683,0.15166666666666648
986.0,0.3333333333333331,0.4966666666666669,0.16833333333333322,0.0016666666666666672
327.0,0.024999999999999998,0.32166666666666655,0.46833333333333343,0.18500000000000005
1075.0,0.0016666666666666668,0.441666666666667,0.38999999999999985,0.1666666666666665
67.0,0.10499999999999997,0.45166666666666666,0.2516666666666667,0.1916666666666666
639.0,0.0,0.16666666666666655,0.3333333333333331,0.5000000000000003
163.0,0.3266666666666663,0.45333333333333364,0.22000000000000003,0.0
713.0,0.0,0.16666666666666646,0.44666666666666677,0.38666666666666666
1557.0,0.0,0.16666666666666652,0.3583333333333332,0.4750000000000002
1375.0,0.0,0.16666666666666655,0.3333333333333331,0.5000000000000003
876.0,0.1483333333333332,0.48833333333333356,0.34333333333333316,0.020000000000000007
284.0,0.3416666666666665,0.4916666666666669,0.16666666666666655,0.0
1274.0,0.0016666666666666666,0.2533333333333333,0.5,0.24500000000000002
1100.0,0.0,0.3383333333333332,0.4933333333333336,0.16833333333333328
823.0,0.5000000000000003,0.33333333333333315,0.16666666666666657,0.0
106.0,0.008333333333333333,0.41999999999999993,0.4100000000000003,0.16166666666666643
1513.0,0.0,0.1666666666666665,0.45666666666666683,0.37666666666666665
483.0,0.0,0.4850000000000002,0.32833333333333314,0.18666666666666665
658.0,0.0,0.17166666666666658,0.3483333333333332,0.48000000000000015
341.0,0.0016666666666666674,0.16499999999999987,0.33499999999999974,0.49833333333333363
1022.0,0.09000000000000004,0.5000000000000002,0.3233333333333331,0.08666666666666674
1502.0,0.0033333333333333335,0.2333333333333333,0.43666666666666676,0.3266666666666666
1147.0,0.4850000000000002,0.3299999999999999,0.16833333333333328,0.016666666666666673
1.0,0.003333333333333333,0.2283333333333334,0.5,0.26833333333333326
603.0,0.0,0.16666666666666655,0.33999999999999986,0.4933333333333336
512.0,0.48500000000000026,0.3483333333333333,0.15999999999999984,0.006666666666666669
426.0,0.23833333333333337,0.49500000000000016,0.15333333333333315,0.11333333333333327
1570.0,0.0,0.16666666666666652,0.3483333333333332,0.4850000000000002
1229.0,0.13666666666666655,0.46166666666666684,0.35833333333333334,0.043333333333333335
1384.0,0.41000000000000003,0.42333333333333356,0.1666666666666665,0.0
248.0,0.12499999999999999,0.5000000000000003,0.3149999999999998,0.06000000000000005
933.0,0.38166666666666677,0.23500000000000004,0.09333333333333335,0.2899999999999999
787.0,0.08166666666666672,0.4900000000000002,0.32166666666666643,0.10666666666666666
1028.0,0.31999999999999984,0.42333333333333345,0.25499999999999995,0.0016666666666666663
1441.0,0.5000000000000003,0.33333333333333315,0.16666666666666657,0.0
60.0,0.0,0.16666666666666646,0.3933333333333334,0.44000000000000006
497.0,0.5000000000000003,0.33333333333333315,0.16333333333333322,0.0033333333333333357
694.0,0.15833333333333321,0.49833333333333363,0.3349999999999999,0.008333333333333338
749.0,0.0,0.17833333333333332,0.32666666666666644,0.4950000000000002
170.0,0.02333333333333334,0.4983333333333336,0.33333333333333315,0.14499999999999988
1629.0,0.11999999999999991,0.44000000000000006,0.39,0.05
1303.0,0.4066666666666666,0.3516666666666666,0.1916666666666667,0.04999999999999999
1202.0,0.5000000000000003,0.33333333333333315,0.16666666666666657,0.0
270.0,0.0,0.1866666666666668,0.4800000000000001,0.3333333333333332
840.0,0.5000000000000003,0.33333333333333315,0.16666666666666657,0.0
622.0,0.3066666666666665,0.4983333333333335,0.1950000000000001,0.0
413.0,0.5000000000000003,0.33333333333333315,0.16666666666666657,0.0
1460.0,0.12166666666666665,0.3633333333333334,0.43000000000000005,0.08500000000000006
971.0,0.0,0.16666666666666646,0.4383333333333336,0.3950000000000001
1041.0,0.0,0.16666666666666655,0.3383333333333332,0.4950000000000002
