1658.0,0.0821043632231213,0.36378861141672747,0.4049633300183305,0.14914369534182068
444.0,0.0753485185393204,0.3157462851168066,0.4111248011109634,0.19778039523290955
556.0,0.06569062916261781,0.3699026490664175,0.43362800890642345,0.13077871286454124
905.0,0.08210357959343673,0.3637882776676443,0.40496442523311416,0.14914371750580466
243.0,0.0821045494071026,0.3637886907118826,0.4049630698053876,0.1491436900756272
1328.0,0.06188788943833789,0.3375623564590293,0.44733682520177415,0.15321292890085864
1173.0,0.32962058965331476,0.35854399572765433,0.21693392942487422,0.09490148519415668
1059.0,0.31448010229808543,0.3643862775356989,0.23821981992258334,0.08291380024363242
1414.0,0.06948491786107819,0.39256992692263526,0.41419976943600423,0.12374538578028225
978.0,0.012892335496632356,0.010118430692421548,0.22996040304990242,0.7470288307610436
323.0,0.07093590107799384,0.3788194890939509,0.4277915693513141,0.12245304047674106
631.0,0.06569058777873076,0.36990262193472084,0.43362807419770094,0.13077871608884745
66.0,0.2721795904767413,0.33743598795982205,0.2753854073548426,0.11499901420859407
1541.0,0.8583139611297516,0.09880853065938695,0.0374075661866204,0.00546994202424107
161.0,0.0825218046133261,0.3639654913498541,0.4043810157354681,0.14913168830135165
705.0,0.31997209197660814,0.37274581898447906,0.22460092051535366,0.08268116852355913
280.0,0.061888093429753835,0.33756256090300185,0.4473364776042587,0.15321286806298554
868.0,0.08756263369650523,0.3931183283915489,0.4083588189560203,0.11096021895592555
1258.0,0.0351467595189105,0.020885079328833475,0.26055154015043747,0.6834166210018185
1359.0,0.06188796528050724,0.3375624325093898,0.44733669595265707,0.15321290625744594
107.0,0.31996998106206975,0.3727464280731836,0.22460188779372436,0.0826817030710224
1529.0,0.3307257883657735,0.34354305909190136,0.20800003722946994,0.11773111531285521
1116.0,0.013890413084242704,0.03994342904711361,0.24250323258910858,0.7036629252795352
831.0,0.31447728762162325,0.36438674650745406,0.23822143356959352,0.0829145323013291
666.0,0.09604480071196435,0.38946517323963153,0.4045613236104431,0.10992870243796107
487.0,0.9387188722437905,0.046988437714131984,0.009185311888411988,0.005107378153665265
40.0,0.10633236394915918,0.3876574983891795,0.36633485180149106,0.1396752858601703
1131.0,0.33072774614632905,0.34354245356102875,0.20799900077620784,0.11773079951643435
337.0,0.012892340582806942,0.010118460958635403,0.2299604575267199,0.7470287409318377
1014.0,0.07093590107799384,0.3788194890939509,0.4277915693513141,0.12245304047674106
1486.0,0.24690470664683867,0.37088742604425795,0.27866561668118206,0.10354225062772134
1668.0,0.08446332849406872,0.3788517466805993,0.3881727104131646,0.14851221441216733
595.0,0.251215295809101,0.34359995373093566,0.2861642865248757,0.11902046393508772
430.0,0.07165077244096124,0.39354837656100394,0.41104960848583655,0.12375124251219831
520.0,0.31542477515940387,0.3244404928243982,0.24083925592064062,0.11929547609555742
1586.0,0.3199720919901291,0.37274581898037307,0.224600920507941,0.08268116852155681
1400.0,0.10633236449314357,0.38765749876163064,0.3663348509121754,0.1396752858330505
250.0,0.31447371732250473,0.364387300635431,0.23822343952050898,0.08291554252155525
941.0,0.34124491799373413,0.3622884959675577,0.20708757884176013,0.0893790071969481
1245.0,0.10618603459531817,0.3877209498613834,0.36639485771200103,0.13969815783129738
1457.0,0.0176513639952565,0.032558815583587385,0.24962461351725412,0.7001652069039019
795.0,0.27031819321051503,0.3800633282293016,0.2434074898291152,0.10621098873106816
1044.0,0.018842332048647815,0.01927083965029778,0.8792246417353613,0.08266218656569307
702.0,0.32961130788654397,0.35854693770834084,0.21693888291034225,0.09490287149477286
501.0,0.3418866581029944,0.36211625253328245,0.20673889028959117,0.08925819907413193
1613.0,0.08210357961615691,0.36378827767732286,0.404964425201358,0.14914371750516223
741.0,0.3144801022982125,0.36438627753566727,0.23821981992251892,0.08291380024360134
168.0,0.01452503512839561,0.026338674330956185,0.24624242603530097,0.7128938645053473
1186.0,0.0,0.03707431302793088,0.21169723766487944,0.7512284493071897
266.0,0.2650459706058886,0.3824591038862157,0.24728616010193655,0.10520876540595932
832.0,0.34187433681748397,0.36211956446564963,0.20674558087694972,0.08926051783991665
1287.0,0.061887889438887254,0.337562356523001,0.4473368251763151,0.1532129288617966
649.0,0.06569623972761048,0.36990632715908384,0.43361915740421253,0.13077827570909323
179.0,0.005827947376850947,0.01641484794615426,0.23209889638199788,0.745658308294997
1503.0,0.28179564752561254,0.3618176687017461,0.24652956458924177,0.10985711918339956
1146.0,0.014006595228180973,0.016344521878225556,0.23416137473579257,0.7354875081578008
812.0,0.10635074428161,0.3876700816894178,0.36630480448758845,0.13967436954138376
316.0,0.07048450866444969,0.37779274382367617,0.4024748423737538,0.14924790513812042
887.0,0.07534851205817183,0.315746278836638,0.4111248075040361,0.197780401601154
1228.0,0.08321913176336515,0.36425695099117217,0.4034131696905212,0.1491107475549415
1385.0,0.08210357959342912,0.3637882776676447,0.40496442523311976,0.14914371750580643
98.0,0.31542449025554053,0.32444020042545624,0.24083903929803807,0.1192962700209652
1571.0,0.3157775399268591,0.3740101797318228,0.22690972646978763,0.08330255387153038
722.0,0.2626536325126129,0.3402829673223602,0.2802455707480226,0.11681782941700426
451.0,0.33072774614380845,0.3435424535618019,0.2079990007775455,0.1177307995168441
612.0,0.3307070702138193,0.34354882713460777,0.20800993948359903,0.11773416316797386
408.0,0.866571873622803,0.0749903936233236,0.046087049293635364,0.012350683460237946
1029.0,0.07534851451523433,0.31574628121751586,0.4111248050803673,0.1977803991868826
1440.0,0.32330568595668085,0.3605252968645067,0.2203246101551553,0.09584440702365714
225.0,0.9136056150551222,0.06171925302450692,0.024675131920370776,8.834930221732879E-27
961.0,0.8813022879229491,0.06308005038616263,0.04886773208910337,0.006749929601784852
922.0,0.014006595228180973,0.016344521878225556,0.23416137473579257,0.7354875081578008
359.0,0.012892335496632356,0.010118430692421548,0.22996040304990242,0.7470288307610436
1302.0,0.0,0.0984542279501449,0.7771526967773903,0.12439307527246472
1203.0,0.01787747619689723,0.009621770003805936,0.22130205748524356,0.7511986963140532
75.0,0.3023391116962901,0.32905930684341617,0.24730730023769126,0.12129428122260236
1628.0,0.0,0.09812978794411777,0.7776120044512599,0.12425820760462236
575.0,0.27144567306504974,0.3376579520931247,0.2757577138000941,0.11513866104173141
1156.0,0.07534851205816843,0.31574627883663386,0.4111248075040495,0.1977804016011482
851.0,0.2816040876953337,0.36188343212653645,0.2466512457778766,0.10986123440025332
1313.0,0.012892335496632356,0.010118430692421548,0.22996040304990242,0.7470288307610436
1643.0,0.010756204100209577,0.014480565546711033,0.1905668602683784,0.784196370084701
56.0,0.9029499023040671,0.06634498794135618,0.02474739582456384,0.005957713930012634
758.0,0.10633236394917782,0.38765749838916974,0.3663348518014846,0.13967528586016784
465.0,0.06870254053062527,0.39220118844290874,0.4153559220971831,0.12374034892928291
186.0,0.06870254052732186,0.39220118842618185,0.4153559221066927,0.12374034893980354
685.0,0.34188576776102997,0.3621164918615049,0.2067393737491647,0.08925836662830036
1431.0,0.3199710874347722,0.3727461242021541,0.224601471195209,0.08268131716786457
302.0,0.01641802578281037,0.04738963610984536,0.2788218433838048,0.6573704947235395
776.0,0.0661770526314467,0.36644364104612354,0.4073734784458236,0.16000582787660617
1074.0,0.28035539929220493,0.38846349894708765,0.24822424704364685,0.08295685471706057
1374.0,0.025864502762915596,0.025475876169611524,0.22448312956083044,0.7241764915066424
373.0,0.27039211875244795,0.3801290894183348,0.24344581077973831,0.10603298104947895
958.0,0.07048882162442793,0.37779328732173045,0.40247015873061104,0.14924773232323058
1275.0,0.8689847715210576,0.10901738586002148,0.006600665941960755,0.015397176676960238
539.0,0.0,0.0,0.9312164918809575,0.0687835081190426
1556.0,0.07093590107799384,0.3788194890939509,0.4277915693513141,0.12245304047674106
394.0,0.21269715311359325,0.3702159889567794,0.30101428431673166,0.11607257361289577
576.0,0.06870254053063085,0.39220118844290713,0.41535592209717964,0.12374034892928229
1101.0,0.06315604916729997,0.3388166971361666,0.44519157526719644,0.15283567842933696
997.0,0.09604479726217215,0.38946517264196334,0.4045613280633894,0.1099287020324751
232.0,0.08210357959343673,0.3637882776676443,0.40496442523311416,0.14914371750580466
1512.0,0.07048450866444969,0.37779274382367617,0.4024748423737538,0.14924790513812042
1537.0,0.029237998083649446,0.016540412574840842,0.27857789279638895,0.6756436965451207
707.0,0.0,0.06650525398242581,0.7756451432455971,0.15784960277197715
281.0,0.0661770526314467,0.36644364104612354,0.4073734784458236,0.16000582787660617
870.0,0.0,5.924688061438454E-4,0.9529546545839703,0.04645287660988579
23.0,0.3144771724994049,0.3643867470022738,0.23822148080080666,0.08291459969751466
1262.0,0.06870254053255721,0.39220118844384155,0.41535592209430205,0.12374034892929912
1355.0,0.07534851205817196,0.31574627883664863,0.41112480750402197,0.19778040160115745
33.0,0.10635738185050166,0.394246761790172,0.38295936757427235,0.11643648878505401
1533.0,0.0,0.013232063046091381,0.8966748717605773,0.09009306519333143
1112.0,0.2722612154325056,0.33742876252315823,0.2753612291806789,0.11494879286365718
222.0,0.07534936258598407,0.3157471029861263,0.4111239685335998,0.1977795658942899
829.0,0.061887889438887254,0.337562356523001,0.4473368251763151,0.1532129288617966
664.0,0.33072774614632905,0.34354245356102875,0.20799900077620784,0.11773079951643435
486.0,0.49961063831570607,0.3207722602506827,0.1796171014336112,0.0
1662.0,0.07093546435066016,0.3788196663498955,0.4277917710870948,0.12245309821234958
445.0,0.061887889438683785,0.33756235616142916,0.4473368253184168,0.15321292908147024
558.0,0.1239735123074854,0.3740953313542617,0.3657380954768912,0.13619306086136163
907.0,0.27031819319134914,0.38006332823494815,0.2434074898402637,0.106210988733439
1332.0,0.045431593710470564,0.10831517575371127,0.39620226535193614,0.45005096518388205
1169.0,0.06917741142142206,0.3924259871251363,0.4146530060917852,0.12374359536165638
1063.0,0.16510993062251095,0.4088792365521379,0.321347193669895,0.10466363915545607
1410.0,0.06870254163654035,0.39220118896911366,0.4153559204562205,0.12374034893812552
976.0,0.8959952823199819,0.09544733610182651,0.008557381578191635,0.0
322.0,0.014315262048872759,0.04121673624850858,0.25737089499379795,0.6870971067088207
629.0,0.0,0.013999058683002708,0.9207594337821056,0.06524150753489184
140.0,0.06617705267102847,0.3664436410554598,0.4073734784079869,0.1600058278655248
1461.0,0.0070737058563313925,0.01537352189336016,0.20712035169413187,0.7704324205561766
793.0,0.06619023463888159,0.36644674680074923,0.40736088706559415,0.16000213149477513
215.0,0.06870254050696407,0.3922011884304506,0.41535592211787664,0.12374034894470869
1040.0,0.3199720919901291,0.37274581898037307,0.224600920507941,0.08268116852155681
500.0,0.10633236394916912,0.3876574983891743,0.3663348518014876,0.13967528586016897
700.0,0.018574606302293534,0.006831549935055718,0.17551516091056846,0.7990786828520823
1609.0,0.09604479728232555,0.38946517263660724,0.40456132805163286,0.10992870202943446
80.0,0.09604479728232106,0.389465172636605,0.4045613280516407,0.10992870202943338
743.0,0.8504384496362242,0.10373994392348845,0.03992450051063224,0.005897105929655148
1190.0,0.0,0.0,0.8874342469963267,0.11256575300367341
267.0,0.06870254053062466,0.39220118844290897,0.4153559220971833,0.123740348929283
834.0,0.09604479728232913,0.38946517263660846,0.40456132805162726,0.10992870202943512
1283.0,0.07048450866445001,0.3777927438236759,0.4024748423737536,0.14924790513812053
1135.0,0.0755710185265106,0.315961500673418,0.4109054244184371,0.19756205638163432
1012.0,0.10633236394917782,0.38765749838916974,0.3663348518014846,0.13967528586016784
336.0,0.8689823999297589,0.10901920327169815,0.006600880411130578,0.015397516387412314
1482.0,0.10633236394917782,0.38765749838916974,0.3663348518014846,0.13967528586016784
133.0,0.11355393149240474,0.36992900472927454,0.3685727202757766,0.1479443435025441
1664.0,0.01075619957169045,0.01448055773112868,0.19056681821789928,0.7841964244792816
593.0,0.01882785337834695,0.007463024419266106,0.2448606314130484,0.7288484907893386
522.0,0.31448005446923033,0.36438628523138705,0.23821984706803487,0.08291381323134775
431.0,0.34187700396515314,0.36211884755888923,0.20674413257396296,0.08926001590199471
1590.0,0.06870249766296033,0.3922009689198929,0.41535604659395475,0.12374048682319203
1404.0,0.06705437294708105,0.37078197466305723,0.43149281941930967,0.13067083297055204
943.0,0.08210359032556032,0.3637882822385189,0.40496441023365126,0.14914371720226952
121.0,0.2817951370814836,0.36181778627608613,0.24652984739184272,0.10985722925058751
1241.0,0.0,7.357657755877003E-36,0.8825387052656833,0.11746129473431653
409.0,0.07048450866465227,0.3777927438237117,0.4024748423735172,0.1492479051381188
614.0,0.06193593863821249,0.3314436943759865,0.4496716395970503,0.15694872738875074
31.0,0.061887889438887254,0.337562356523001,0.4473368251763151,0.1532129288617966
49.0,0.27769253743925176,0.34415014576908637,0.28083898856146866,0.09731832823019317
1025.0,0.10408186896770187,0.3906539729082499,0.39445608982679703,0.11080806829725119
1444.0,0.06188788929737552,0.33756235631202935,0.44733682534666513,0.15321292904392997
963.0,0.27224990900855406,0.33741469704931504,0.2753497527235403,0.11498564121859071
920.0,0.0,0.014168920756579386,0.9192928861078674,0.06653819313555315
358.0,0.31997209199214355,0.37274581898265924,0.22460092050932115,0.08268116851587604
1298.0,0.31447967623870404,0.3643863051028002,0.23822009044156375,0.082913928216932
1207.0,0.3418866580504203,0.36211625254739555,0.20673889031815468,0.08925819908402947
1624.0,0.3497468108861158,0.3988999611989323,0.2460192404472133,0.005333987467738593
158.0,0.22529392949746926,0.4336470748030128,0.2794109171961472,0.061648078503370785
573.0,0.09604479728232322,0.3894651726366041,0.4045613280516397,0.10992870202943308
651.0,0.07093590110196464,0.37881948859257386,0.42779156956286407,0.12245304074259743
1499.0,0.09607510178642964,0.38947049759812796,0.4045220900140176,0.10993231060142483
1150.0,0.07048622786841043,0.37779296048733774,0.402472975387948,0.14924783625630392
814.0,0.2693276101255061,0.380586813054318,0.24419795181892512,0.10588762500125075
317.0,0.3348861358710747,0.34432309227288077,0.255546253999971,0.06524451785607358
885.0,0.012993929452377569,0.009669642131108188,0.22240769898868104,0.7549287294278332
204.0,0.009566227250562413,0.015532562835499053,0.2974754514621881,0.6774257584517505
1224.0,0.31448010229821205,0.3643862775356679,0.23821981992251953,0.08291380024360058
1389.0,0.3136662817931158,0.36273240584663524,0.24007949973280332,0.08352181262744574
1575.0,0.0851572286633732,0.3800735622625365,0.4057822455683539,0.12898696350573632
450.0,0.0,0.09812978805629627,0.7776120043545288,0.1242582075891748
720.0,0.2817951370796368,0.36181778627691547,0.24652984739255343,0.10985722925089421
1370.0,0.31309359381603624,0.3646068154298755,0.23900664789668372,0.08329294285740457
956.0,0.0,0.06650546489588677,0.7756448454397848,0.15784968966432827
372.0,0.061887889580557756,0.3375623566649503,0.4473368249349206,0.15321292881957135
1279.0,0.9556606902503473,0.0389714160810282,0.005367893668624578,0.0
537.0,1.907583777129786E-42,0.019997864976946406,0.17644842812891912,0.8035537068941345
1552.0,0.27492290417120774,0.38405384074007964,0.24571720103253605,0.09530605405617655
151.0,0.3418866498228585,0.362116254759021,0.20673889478574264,0.08925820063237792
578.0,0.01431526093013762,0.04121673215101716,0.257370883228579,0.6870971236902662
395.0,0.0532373677960162,0.369178773528216,0.4221224302080249,0.1554614284677429
1097.0,0.07583285874965597,0.316213785037256,0.41064751602249766,0.19730584019059036
112.0,0.9139762141263441,0.061466771883604325,0.024557013990051495,8.097993315330804E-27
999.0,0.0,0.013232062961799749,0.8966748720067291,0.09009306503147117
1516.0,0.31448010229821205,0.3643862775356678,0.23821981992251948,0.08291380024360061
1152.0,0.10633243390811728,0.3876575462904888,0.36633473742754985,0.13967528237384397
197.0,0.01787723101122034,0.009621625073806851,0.2213005907152757,0.7512005531996971
849.0,0.31542383849945627,0.32443953335034686,0.2408385453958439,0.11929808275435291
1317.0,0.3154238384994968,0.32443953335031483,0.24083854539582014,0.11929808275436823
1647.0,0.2817951367851907,0.36181778642533335,0.2465298474935652,0.1098572292959107
756.0,0.07534851205816573,0.3157462788366584,0.41112480750403474,0.1977804016011411
464.0,0.013288778896266123,0.010820647026387903,0.23573150529055614,0.7401590687867898
687.0,0.013890413084242704,0.03994342904711361,0.24250323258910858,0.7036629252795352
89.0,0.94724074018901,0.04094586264143865,0.007564782828896873,0.004248614340654289
1427.0,0.09774717948626996,0.38975409947517187,0.40237091722987733,0.11012780380868083
778.0,0.3296206039464725,0.3585439911971171,0.21693392179710266,0.0949014830593077
303.0,0.1021887528979465,0.36451220750030167,0.39076005930738483,0.142538980294367
1078.0,0.31456348032900266,0.36448262258046016,0.23828274054919182,0.08267115654134533
1123.0,0.07101497120793566,0.37886993953338455,0.4276754464396597,0.12243964281902002
1478.0,0.0783452041441543,0.3393757588819244,0.43646687925532707,0.14581215771859427
339.0,0.07594128253042841,0.31821781123481496,0.4143348208911042,0.1915060853436525
1010.0,0.3307277461462884,0.3435424535610469,0.2079990007762226,0.11773079951644204
11.0,0.341364433240636,0.36225645739946494,0.20702260686141466,0.08935650249848438
599.0,0.8959952823199819,0.09544733610182651,0.008557381578191635,0.0
70.0,0.0,0.0,0.8685272621116545,0.13147273788834546
1594.0,0.34188432163719906,0.3621168805844496,0.20674015900253098,0.08925863877582044
524.0,0.33072774614632905,0.34354245356102875,0.20799900077620784,0.11773079951643435
428.0,0.0,1.6009277050497935E-18,0.8985463159980969,0.10145368400190306
937.0,0.8644581788738297,0.11247816499172879,0.007015820071787134,0.01604783606265427
251.0,0.8959942601870831,0.09544820195551787,0.008557537857399126,0.0
1392.0,0.07221982053393827,0.37799946964431325,0.40060533891513833,0.1491753709066101
1237.0,0.08237255626565741,0.36390245927219605,0.40458895751146523,0.14913602695068123
111.0,0.9263184306153341,0.03828128464652416,0.029770202158064016,0.005630082580077545
1465.0,0.061887889440046216,0.3375623564807469,0.44733682519271123,0.1532129288864956
1052.0,0.10633231968330024,0.38765751758379463,0.3663348699537734,0.13967529277913165
799.0,0.02641654995805495,0.022442575262150044,0.2961146285867824,0.6550262461930126
503.0,0.26875913387501155,0.3384667766278352,0.27712357198889614,0.11565051750825721
698.0,0.34188665507555893,0.36211625334705355,0.20673889193351663,0.08925819964387093
1605.0,0.3144801059212998,0.36438628266333034,0.2382198236019151,0.08291378781345474
169.0,0.3769583988620137,0.335476703887651,0.19835250029348916,0.0892123969568461
737.0,0.2904704853243942,0.3551218715784387,0.23023336357534482,0.12417427952182215
836.0,0.06569058499477431,0.3699025786652816,0.43362809094175053,0.1307787453981936
264.0,0.8509217937475917,0.08667615409521441,0.05564248899768917,0.006759563159504768
1295.0,0.31542383858498657,0.32443953412003007,0.2408385460772603,0.11929808121772312
552.0,0.01882785337834604,0.007463024419266317,0.24486063141307882,0.7288484907893089
446.0,0.2817951320261418,0.361817788822589,0.24652984912740675,0.10985723002386241
1650.0,0.31541918061439034,0.3244786801999276,0.24087471229479818,0.11922742689088393
1336.0,0.01765482663208429,0.03257936817621694,0.24963497222783307,0.7001308329638657
242.0,0.31448010143027777,0.3643862776747425,0.23821982041454412,0.08291380048043558
909.0,0.07048450866444969,0.37779274382367617,0.4024748423737538,0.14924790513812042
1181.0,0.315423785945039,0.3244395127977563,0.2408385803072316,0.11929812094997308
42.0,0.06188788949136874,0.33756235570720095,0.4473368254297062,0.15321292937172412
1067.0,0.03499122688501109,0.020671377056862485,0.25954122366097,0.6847961723971565
982.0,0.006267486857229038,0.050022552339279665,0.7687585952864728,0.17495136551701854
321.0,0.33072673280735543,0.3435418688292942,0.20799977660408997,0.11773162175926037
1422.0,0.9139762178752823,0.061466769925604035,0.02455701219911352,8.097954667297022E-27
627.0,0.06870254053062527,0.39220118844290874,0.4153559220971831,0.12374034892928291
1549.0,0.013890413084242704,0.03994342904711361,0.24250323258910858,0.7036629252795352
709.0,0.07093590107801055,0.378819489093954,0.4277915693512934,0.12245304047674205
160.0,0.17450396014488612,0.3832628981625277,0.31827409846240284,0.12395904323018338
1250.0,0.01882785337731427,0.007463024419273772,0.24486063141331174,0.7288484907901002
864.0,0.06870254013303681,0.392201186390813,0.4153559232593156,0.12374035021683462
282.0,0.3144764213816483,0.36438686735758485,0.23822190660401607,0.08291480465675084
1351.0,0.09604479728230504,0.3894651726362817,0.404561328051819,0.10992870202959418
1521.0,0.10633236394917796,0.38765749838917024,0.36633485180148384,0.139675285860168
827.0,0.3143834028083019,0.3644017648005405,0.2382746419495441,0.08294019044161353
1108.0,0.2722508785925044,0.33741589711127534,0.27535073086236644,0.11498249343385364
485.0,0.337414467950206,0.34714119242821273,0.21719794743989526,0.09824639218168602
670.0,0.31997209199024945,0.3727458189805132,0.22460092050802546,0.0826811685212119
855.0,0.07048450866479396,0.37779274382371736,0.4024748423733858,0.1492479051381028
15.0,0.9265809685479466,0.03608919942204969,0.027718247440752655,0.009611584589250894
1164.0,0.07534851205816843,0.31574627883663386,0.4111248075040495,0.1977804016011482
1321.0,0.07534851206268718,0.31574627879541406,0.41112480752885,0.19778040161304875
102.0,0.0753486660999004,0.3157464281017662,0.4111246555552813,0.19778025024305207
1635.0,0.10633236394917782,0.38765749838916974,0.3663348518014846,0.13967528586016784
467.0,0.009566227250562413,0.015532562835499053,0.2974754514621881,0.6774257584517505
754.0,0.0,0.0370741452286154,0.21169696705835406,0.7512288877130306
681.0,0.06569058777104576,0.3699026219349666,0.4336280742042217,0.1307787160897659
187.0,0.0039851226584014824,0.02693702434715171,0.2737261053382747,0.6953517476561721
1439.0,0.08210357959342864,0.36378827766757915,0.4049644252331437,0.14914371750584848
1082.0,0.10633236394782683,0.38765749838977537,0.36633485180202424,0.1396752858603735
300.0,0.591797353159134,0.22161320624140393,0.14772230694897964,0.03886713365048241
780.0,0.94724074018901,0.04094586264143865,0.007564782828896873,0.004248614340654289
954.0,0.32827776275533066,0.35896871638950234,0.21765148443281496,0.09510203642235208
375.0,0.3296233612380014,0.35854698658867934,0.21693573379087566,0.09489391838244354
1366.0,0.8813022879229491,0.06308005038616263,0.04886773208910337,0.006749929601784852
1267.0,0.00956622634479616,0.01553256290578632,0.29747541720489207,0.6774257935445255
79.0,0.06870254053062527,0.39220118844290874,0.4153559220971831,0.12374034892928291
1564.0,0.06870268926449404,0.3922012593336798,0.4153557013634344,0.12374035003839182
543.0,0.27225001207742916,0.33741482461715905,0.2753498567004424,0.11498530660496946
580.0,0.27031819321350425,0.3800633282284069,0.24340748982739183,0.10621098873069708
392.0,0.28179513707829346,0.3618177862770908,0.2465298473938231,0.10985722925079258
1093.0,0.32962071143567817,0.3585441596270818,0.21693403627194807,0.0949010926652919
1504.0,0.27224990899396595,0.337414697053714,0.2753497527309491,0.11498564122137092
233.0,0.31997210031183837,0.37274582859739114,0.22460092629981437,0.08268114479095612
993.0,0.10633236394917782,0.38765749838916974,0.3663348518014846,0.13967528586016784
178.0,0.09605368111232213,0.3894667343503341,0.40454982440331483,0.10992976013402896
653.0,0.06870254053062527,0.39220118844290874,0.4153559220971831,0.12374034892928291
1495.0,0.28758770553566215,0.39376204669674797,0.2511447169948497,0.06750553077274019
808.0,0.06577843078012696,0.3699601508585648,0.4334895531075263,0.13077186525378195
318.0,0.2817951360243453,0.3618177868085933,0.24652984775477194,0.10985722941228945
1138.0,0.935062550413563,0.043533219427622685,0.021404230158814465,0.0
1220.0,0.10633236394917782,0.38765749838916974,0.3663348518014846,0.13967528586016784
883.0,0.10633236394917782,0.38765749838916974,0.3663348518014846,0.13967528586016784
1377.0,0.009566227250562413,0.015532562835499053,0.2974754514621881,0.6774257584517505
1579.0,0.013904044955340693,0.0014700194695057584,0.9316597294454413,0.05296620612971228
58.0,0.01787723101731163,0.009621625088402341,0.22130059094853463,0.7512005529457514
449.0,0.014507121933989236,0.03836183945689482,0.25722065947871103,0.689910379130405
726.0,0.07095317639127649,0.3788306724383511,0.42776604324784145,0.1224501079225309
410.0,0.902949918511376,0.06634497779755448,0.02474739103417687,0.005957712656892608
608.0,0.012892335496632356,0.010118430692421548,0.22996040304990242,0.7470288307610436
1037.0,0.02586449864453679,0.025475878853644177,0.22448311207055774,0.7241765104312613
965.0,0.2892194723150583,0.3678706715985798,0.25282294317750414,0.09008691290885786
224.0,0.06617705263144662,0.36644364104612304,0.40737347844582306,0.16000582787660728
1448.0,0.34188665826155906,0.3621162524906465,0.20673889020350045,0.08925819904429395
1310.0,0.31546368849274325,0.3244856690916851,0.2408735790880532,0.11917706332751841
926.0,0.020137866824000105,0.019349248659116414,0.17222818077030233,0.7882847037465811
357.0,0.09604479731436555,0.38946517264222824,0.40456132801016026,0.10992870203324598
1211.0,0.08210357959351056,0.36378827766768346,0.4049644252330023,0.14914371750580374
571.0,0.935062550413563,0.043533219427622685,0.021404230158814465,0.0
1620.0,0.27031895652788585,0.38005186470558683,0.24341697515323307,0.10621220361329425
1469.0,0.061887889418031326,0.3375623565305504,0.44733682518622014,0.1532129288651982
1048.0,0.005827946414522973,0.016414845204213303,0.23209888059477643,0.7456583277864873
214.0,0.013890411781501726,0.039943429110539594,0.24250323303802912,0.7036629260699295
797.0,0.018842332048647815,0.01927083965029778,0.8792246417353613,0.08266218656569307
696.0,0.31987097656382696,0.3727765358808854,0.22465635635066897,0.08269613120461876
502.0,0.06569075629114807,0.3699027324131055,0.433627808335964,0.1307787029597825
1601.0,0.06870254052230973,0.3922011884015799,0.41535592212081734,0.12374034895529296
739.0,1.3430620945720808E-189,0.043302020880333615,0.8631319434362587,0.09356603568340768
838.0,0.010956727339169029,0.025317584506438985,0.2057732741205822,0.7579524140338098
265.0,0.017877231036659003,0.00962162507355685,0.2213005907095136,0.7512005531802706
1198.0,0.9265809685479466,0.03608919942204969,0.027718247440752655,0.009611584589250894
22.0,0.06569058777611517,0.36990262193300316,0.4336280742018418,0.1307787160890399
35.0,0.16472434055277904,0.36401463979786225,0.3347435553778795,0.1365174642714792
1291.0,0.92775835280628,0.06055320622720257,0.008899670435382662,0.0027887705311347
1127.0,0.06870254053062527,0.39220118844290874,0.4153559220971831,0.12374034892928291
1474.0,0.0,0.0,0.8435530633103678,0.15644693668963217
1008.0,0.0,0.05375784023776839,0.8808487671414701,0.0653933926207615
338.0,0.31997209199014753,0.3727458189803939,0.22460092050795355,0.08268116852150505
597.0,0.005291471015367549,0.018681798446435385,0.24256192289096828,0.7334648076472289
1672.0,0.27224990545896216,0.33741469812409824,0.27534975452320604,0.11498564189373359
132.0,0.0709416451296969,0.378823157213562,0.42778313044860833,0.12245206720813269
1598.0,0.27226854216495683,0.3374377600136889,0.2753685508236113,0.11492514699774298
429.0,0.27031819321350425,0.3800633282284069,0.24340748982739183,0.10621098873069708
526.0,0.014006595228180973,0.016344521878225556,0.23416137473579257,0.7354875081578008
939.0,0.10633236394917728,0.38765749838917,0.3663348518014848,0.13967528586016792
1396.0,0.06569065319519596,0.36989868366255174,0.43363000690347236,0.13078065623877994
1233.0,0.34027783938181394,0.36254707693306126,0.2076138771092494,0.0895612065758755
1545.0,0.0,0.05375797409679996,0.8808496714519204,0.06539235445127964
84.0,0.9138407008907776,0.06155910161007696,0.02460019749914522,8.360359590395523E-27
711.0,0.35415510836604835,0.3851700976453174,0.23303837336728828,0.027636420621345952
1254.0,0.2722499090086005,0.3374146970493002,0.2753497527235287,0.11498564121857063
866.0,0.2722499090085991,0.3374146970492941,0.2753497527235232,0.1149856412185836
283.0,0.314479779381152,0.3643863292800973,0.23822000298109597,0.08291388835765466
1347.0,0.3406709657493467,0.34171970723854556,0.2032289747256831,0.11438035228642461
1525.0,0.0704845056957635,0.37779274502805327,0.40247484366007114,0.14924790561611215
825.0,0.3154210626806937,0.3244405236962689,0.24083990526482574,0.11929850835821165
223.0,0.06873144102990865,0.39221495755530567,0.41531303809718745,0.12374056331759828
1104.0,0.07534982670043434,0.3157475527017724,0.41112351072696984,0.19777910987082342
484.0,0.8813022879229491,0.06308005038616263,0.04886773208910337,0.006749929601784852
668.0,0.31542383849941885,0.32443953335034537,0.24083854539584276,0.119298082754393
554.0,0.06696817228880755,0.3666270637958498,0.4066203116165294,0.15978445229881316
447.0,0.08210357959343673,0.3637882776676443,0.40496442523311416,0.14914371750580466
1654.0,0.09604479728025743,0.38946517263749375,0.4045613280525645,0.10992870202968436
1340.0,0.9472407401890178,0.04094586264143276,0.007564782828895791,0.004248614340653682
911.0,0.07093590107799232,0.37881948909396423,0.427791569351305,0.12245304047673843
125.0,0.8959952823199819,0.09544733610182651,0.008557381578191635,0.0
1177.0,0.840088365880024,0.062105513908385014,0.09780612021159094,0.0
1071.0,0.005827946898666609,0.01641484446239147,0.2320988959143454,0.7456583127245965
980.0,0.08210357995429428,0.3637882778213432,0.40496442472876265,0.1491437174955999
320.0,0.3199720919901278,0.3727458189803743,0.22460092050794145,0.08268116852155641
1418.0,0.034991226885005916,0.020671377056850026,0.25954122366062177,0.6847961723975223
141.0,0.07534851217061525,0.31574627894557544,0.41112480739313223,0.19778040149067708
625.0,0.01765482663208429,0.03257936817621694,0.24963497222783307,0.7001308329638657
374.0,0.014585812226660815,3.893195899277527E-4,0.9693600039927363,0.015664864190675178
952.0,0.8440188578536703,0.08604707996635508,0.05053161340505957,0.01940244877491516
1362.0,0.9263184306153474,0.038281284646517304,0.0297702021580587,0.005630082580076544
1271.0,0.03499550014005835,0.02067722832498715,0.2595689936374869,0.6847582778974676
150.0,0.06569058777611517,0.36990262193300316,0.4336280742018418,0.1307787160890399
1560.0,0.07048450866444969,0.37779274382367617,0.4024748423737538,0.14924790513812042
541.0,0.01433337409659469,0.041283371008895196,0.2575614661415303,0.6868217887529798
393.0,0.3295640113363215,0.35854197653162195,0.2169787004954315,0.09491531163662505
582.0,0.25649858624610694,0.38403275259571745,0.251562655030207,0.10790600612796865
30.0,0.27112485639841377,0.33775484437093534,0.2759205705924313,0.1151997286382196
51.0,0.31996749933489477,0.37274721439272485,0.2246034381646581,0.08268184810772232
1089.0,0.10429202022833498,0.3862687522577541,0.38258490711665477,0.12685432039725614
1508.0,0.33072521871333804,0.34354323269095355,0.20800033790274766,0.11773121069296076
995.0,0.07051488471385388,0.3777965684665257,0.4024418596156782,0.1492466872039422
853.0,0.893455032789488,0.0752695219753991,0.031275445235112866,0.0
1160.0,0.1063323639880984,0.38765749841581587,0.36633485173786134,0.1396752858582244
196.0,0.010756199570425598,0.01448055768800131,0.19056681813661805,0.784196424604955
1325.0,0.08210357309626432,0.36378822978975944,0.4049644463872244,0.14914375072675176
1639.0,0.14036627321476128,0.4055758317589057,0.3170714034703245,0.13698649155600845
752.0,0.8689847715100087,0.10901738586848628,0.0066006659429606535,0.01539717667854446
466.0,0.029237997552712704,0.016540412243031,0.27857789051902615,0.6756436996852302
683.0,0.27224990152230094,0.3374146993178046,0.2753497565208428,0.11498564263905167
1435.0,0.09604479728747901,0.38946517263794966,0.4045613280472822,0.10992870202728906
1086.0,0.2703181863692602,0.38006333025204614,0.2434074938006863,0.10621098957800741
301.0,0.10633236393780135,0.3876574983940941,0.36633485180615616,0.13967528586194847
782.0,0.06873934859729572,0.3922187229152226,0.41530130682379557,0.1237406216636862
411.0,0.8604660587963794,0.11551700498432636,0.007391579805685986,0.01662535641360837
610.0,0.8423180958587331,0.08197502899116414,0.0757068751501026,0.0
1033.0,0.8813022879224855,0.0630800503863945,0.048867732089302576,0.006749929601817469
116.0,0.868741497343214,0.10920378999112032,0.006622682474448456,0.015432030191217248
967.0,0.014013163390223264,0.016366942983105075,0.23419396609267734,0.7354259275339944
1306.0,0.0,0.013232062961799749,0.8966748720067291,0.09009306503147117
924.0,0.01875735821097427,0.007463511969411519,0.2448782915214402,0.7289008382981741
356.0,0.34188665013935005,0.36211625467393344,0.206738894613897,0.08925820057281954
1215.0,0.31542383849935,0.3244395333503687,0.2408385453958784,0.11929808275440287
569.0,0.005827946520460764,0.016414844806243518,0.23209887866228518,0.7456583300110106
1616.0,0.30803483973184154,0.3651428583431866,0.22870023833875464,0.09812206358621717
159.0,0.3307277562095458,0.34354245180332094,0.20799899592895793,0.11773079605817535
655.0,0.07534864202088304,0.31574640476941884,0.4111246793071221,0.197780273902576
93.0,0.07048450643865947,0.37779274464292417,0.4024748433930788,0.14924790552533762
1491.0,0.8689847715210586,0.10901738586001904,0.006600665941961181,0.01539717667696108
810.0,0.0960447972823395,0.3894651726365986,0.40456132805163014,0.10992870202943174
319.0,0.07093590401315235,0.3788194909684533,0.42779156503898513,0.12245303997940922
1142.0,0.27031819321289674,0.3800633282285874,0.24340748982774355,0.10621098873077232
205.0,0.16228022039724715,0.19768011891834558,0.36683919051456004,0.2732004701698472
1216.0,0.31542291725371313,0.3244398623669046,0.24083899701716444,0.11929822336221779
881.0,0.8667944956591666,0.07484998241176667,0.046031986359152746,0.0123235355699139
1381.0,0.3294904949593208,0.3585852229841847,0.21700336622337926,0.09492091583311517
1583.0,0.0,0.013999058733301782,0.920759433654152,0.06524150761254628
724.0,0.013896013626997846,3.80031187695492E-159,0.9739304165858595,0.012173569787142447
448.0,0.07048450866444969,0.37779274382367617,0.4024748423737538,0.14924790513812042
1669.0,0.06870254053061724,0.3922011884428576,0.4153559220972109,0.12374034892931428
641.0,0.8689847715211338,0.10901738585995534,0.006600665941969525,0.015397176676941203
177.0,0.3036286160115562,0.3664276059287118,0.23116531749928065,0.09877846056045135
1130.0,0.09604479728232067,0.3894651726366052,0.40456132805164086,0.10992870202943342
312.0,0.13499711944945886,0.35375776523804675,0.3581543842697062,0.15309073104278823
804.0,0.061887892313153774,0.3375623560644893,0.44733682158990756,0.15321293003244937
1487.0,0.10633236539169123,0.38765749937687966,0.36633484944315453,0.13967528578827468
1401.0,0.07534851205816843,0.31574627883663386,0.4111248075040495,0.1977804016011482
99.0,0.3199720911277948,0.372745819242394,0.22460092098066195,0.08268116864914929
895.0,0.10633236394918254,0.38765749838914276,0.36633485180150066,0.13967528586017403
1244.0,0.005812736174551754,0.016472920316057623,0.2323804716073359,0.7453338719020548
730.0,0.09604497463980871,0.3894652038203965,0.4045610983842903,0.10992872315550457
455.0,0.06676149561562578,0.37059559897897837,0.431948633612517,0.13069427179287896
1587.0,0.3121438849904812,0.3647559796983932,0.23954655724101273,0.08355357807011293
620.0,0.27283110422159335,0.3822681330774018,0.24468774585160222,0.10021301684940262
412.0,0.07118520244447868,0.3789782447799143,0.4274257576038754,0.12241079517173163
227.0,0.07534851205816843,0.31574627883663386,0.4111248075040495,0.1977804016011482
1456.0,0.08210357962738789,0.36378827768209965,0.40496442518566866,0.14914371750484373
969.0,0.06870254072109436,0.3922011888163336,0.4153559217699729,0.12374034869259914
1045.0,0.08210546850907097,0.36378908214888533,0.4049617852642705,0.14914366407777324
1187.0,0.31997208356967793,0.3727458216020869,0.22460092517787286,0.08268116965036225
355.0,0.07048450866444983,0.37779274382367606,0.40247484237375364,0.14924790513812045
914.0,0.07093658301145978,0.37881992459833785,0.4277905674596278,0.12245292493057464
1286.0,0.31997257692116726,0.3727463793924387,0.2246012580173871,0.08267978566900691
1612.0,0.34188662696876365,0.3621162609022254,0.20673890719570764,0.08925820493330332
567.0,0.06870588241663239,0.3922028465666434,0.41535088296163797,0.12374038805508616
74.0,0.28178735338219485,0.3618202593375398,0.246534647380591,0.10985773989967437
1329.0,0.3144768960301337,0.3643867955865814,0.2382216418321545,0.0829146665511305
1172.0,0.08221712490535624,0.3638365699803178,0.4048058138180472,0.14914049129627874
859.0,1.4321468691957102E-45,0.011035061838175233,0.24039845493074868,0.7485664832310761
469.0,0.2703181931986958,0.3800633282307362,0.24340748983491278,0.10621098873565511
766.0,0.0706248581373464,0.37781035651865297,0.40232253143139446,0.14924225391260618
1659.0,8.11664387339576E-9,0.042123190450055276,0.266110785603774,0.6917660158295269
184.0,0.07048450866444969,0.37779274382367617,0.4024748423737538,0.14924790513812042
677.0,0.07534851205816842,0.31574627883663386,0.4111248075040495,0.19778040160114826
768.0,0.0,6.045707772775222E-39,0.883040261197121,0.11695973880287899
298.0,0.10633236394917782,0.38765749838916974,0.3663348518014846,0.13967528586016784
1058.0,0.844018857850759,0.08604707996784854,0.05053161340607154,0.01940244877532089
1415.0,0.07048450866444275,0.37779274382365263,0.40247484237377457,0.14924790513813
44.0,0.06572139952853343,0.36992372109517235,0.4338317055364785,0.1305231738398157
1259.0,0.33072775579407276,0.34354245186233867,0.20799899611654285,0.11773079622704577
1358.0,0.7129705527317153,0.19192938887960617,0.0951000583886753,3.1739943435437546E-15
950.0,0.1164361329097129,0.3600381435087603,0.3529590957439417,0.1705666278375851
369.0,0.014676992870669038,0.026591592877218784,0.24699166570110773,0.7117397485510044
531.0,4.46562394070563E-19,0.026776545010354955,0.2504755190467323,0.7227479359429126
1540.0,0.861785502039475,0.11451400548772753,0.007266389624500285,0.016434102848297195
584.0,0.08235725684551291,0.3648822977693919,0.40618514076584383,0.14657530461925136
398.0,0.02923799808322031,0.01654041257457404,0.2785778927945581,0.6756436965476476
1005.0,0.012892335496631067,0.010118430692421571,0.22996040304990276,0.7470288307610446
234.0,0.9376905535647454,0.031586036118861655,0.02308468593496896,0.007638724381423847
1528.0,0.3154238384952209,0.3244395333517532,0.24083854539753066,0.11929808275549535
1117.0,0.06128936353950185,0.33729251512553965,0.4481452684232624,0.15327285291169607
1642.0,0.10633236394917782,0.38765749838916974,0.3663348518014846,0.13967528586016784
548.0,0.013890413084242704,0.03994342904711361,0.24250323258910858,0.7036629252795352
440.0,0.01452503515191194,0.02633867470180173,0.24624242624773096,0.7128938638985554
