1658.0,2.830911650201012E-6,0.0036772825735918477,0.47634018237346004,0.519979704141298
444.0,0.0024486870078306577,0.23719397892612085,0.6584157850460627,0.10194154901998578
556.0,0.0010266458731624445,0.13105875595737423,0.8029948534364267,0.06491974473303656
905.0,7.93112824317913E-4,0.1488286349659662,0.76718524307488,0.08319300913483585
243.0,1.396319006229456E-4,0.04951789906768138,0.7903938161203679,0.1599486529113278
1328.0,4.794704972460022E-6,0.016227471293673357,0.6914529685634804,0.29231476543787377
1173.0,0.012561615657617807,0.9473936593323975,0.04004470578447241,1.922551236426147E-8
1059.0,0.02568512800355238,0.33808680183425255,0.6362273147648237,7.553973713119145E-7
1414.0,2.8092040536625882E-8,0.03725098869477106,0.6897553628840709,0.2729936203291175
978.0,2.2723908402108216E-27,2.8795544477095025E-20,4.638779651125349E-14,0.9999999999999536
323.0,0.07627051524043929,0.7933286948172258,3.376334930213752E-7,0.13040045230884192
631.0,4.5113237871619906E-4,0.13607337462359867,0.8412521062922889,0.022223386705396326
66.0,0.9673580301341698,0.031555927437246965,0.0010780910851376439,7.951343445508082E-6
1541.0,0.9999999996635123,4.912657017453721E-12,4.4090326810018955E-11,2.8748471776140163E-10
161.0,1.3702371856681933E-4,0.4132801832343831,0.5207048595143385,0.06587793353271156
705.0,0.08144413783802416,0.24659298685104947,0.5812516014606246,0.09071127385030173
280.0,0.040821283506075313,0.7447926152384974,0.20769438057665807,0.006691720678769252
868.0,1.981672212290257E-6,0.004637363022214587,0.9952470486606535,1.1360664491976895E-4
1258.0,0.2338326163426817,0.055688032656474803,0.477029867984948,0.2334494830158955
1359.0,0.0010615826899456108,0.6300669058612893,0.34781704949430053,0.0210544619544646
107.0,9.883671473585272E-5,0.0022205424175062685,0.07384145759014941,0.9238391632776084
1529.0,0.9824775443280841,0.013223166742992558,0.004299288407944488,5.209788381802784E-10
1116.0,8.354768934399085E-22,8.323188601888961E-9,0.1537641211510831,0.8462358705257284
831.0,0.3197965470925861,0.6277249233450404,0.05245778359447956,2.0745967893961473E-5
666.0,0.03683427583822622,0.6818233072673275,0.2683962016287888,0.012946215265657533
487.0,0.9694474200386326,0.028319106760665406,0.0020821235673676147,1.5134963333449518E-4
40.0,0.013070832474501071,0.17812850952809206,0.7339078481987288,0.07489280979867818
1131.0,0.00816290338393185,0.6777680102612632,0.30119657084383156,0.012872515510973345
337.0,0.9999984087534138,2.4286358400611328E-8,5.834247147931989E-16,1.566960227038236E-6
1014.0,8.083063507927977E-15,0.999667059953847,6.854713386396538E-5,2.6439291228110565E-4
1486.0,0.001261860960309545,0.29647599073377384,0.6466032462941619,0.05565890201175484
1668.0,6.838742375357093E-7,0.0010170522129007164,0.2407373218872058,0.758244942025656
595.0,0.20508640504786957,0.5635719535446303,0.22724918164429697,0.004092459763203187
430.0,0.010766207103808783,0.8082681559299837,0.1636315953610335,0.017334041605174096
520.0,0.8783757045920223,0.11702459786000534,0.0044569960578860835,1.4270149008618955E-4
1586.0,0.9964437821608949,0.003335372231282559,2.208456070517726E-4,7.707904095431152E-13
1400.0,0.058648985350591556,0.4756423880845491,0.41050113186549586,0.05520749469936348
250.0,0.09187781158304287,0.2078701141408128,0.544086136505042,0.1561659377711023
941.0,0.0020721082485821293,0.48805885220479767,0.4614864343759116,0.048382605170708685
1245.0,0.003591814454606747,0.7580513481253028,0.2355337114046316,0.002823126015458797
1457.0,3.3348622686806777E-10,3.79485733575321E-7,0.23038252430382805,0.7696170958769522
795.0,0.001223795700147826,0.3299471956871743,0.34774687453094544,0.3210821340817325
1044.0,1.7551268754930912E-7,4.958261448314411E-9,0.9999998017853087,1.774374235902275E-8
702.0,9.596501571014663E-4,0.5366890142096027,0.45969326960072043,0.0026580660325754234
501.0,0.2415335315412254,0.28854555780527713,0.44916879564740014,0.02075211500609727
1613.0,5.717893435501464E-4,0.31071725513977716,0.6872170107854184,0.0014939447312542922
741.0,0.017731769079853296,0.9234240278608867,0.02892526200833408,0.029918941050925893
168.0,3.637823127365646E-6,9.447410198242139E-11,0.0100692623818093,0.9899270997005891
1186.0,0.9999995704891171,1.3117814717342685E-9,3.5272123861448507E-7,7.547786282154868E-8
266.0,0.34528979070453225,0.5720845591270741,0.08206505756316039,5.605926052331581E-4
832.0,0.0012818241532829846,0.30065153837333425,0.5371940533780825,0.1608725840953002
1287.0,1.9520183595621507E-4,0.5391747514269483,0.4365576996502961,0.02407234708679938
649.0,0.007957476270018976,0.18615106212405455,0.7876193232118469,0.018272138394079655
179.0,5.987483476908195E-5,0.0026607775252895207,0.029788686586703986,0.9674906610532374
1503.0,0.7898565983941266,0.2076288809834639,0.002470246878751093,4.427374365836996E-5
1146.0,4.7396974901923354E-12,3.707058744616711E-16,0.0022241362914416866,0.9977758637038182
812.0,0.05103990569505485,0.6280310646102404,0.2986515486537263,0.022277481040978514
316.0,0.08166097745748016,0.8662823167353083,0.04786066811556774,0.0041960376916438434
887.0,0.002582470782758949,0.08507218230623316,0.6779053277292567,0.2344400191817511
1228.0,0.011733111818129605,0.42537323005416267,0.522230192148907,0.04066346597880077
1385.0,0.0027844762857339063,0.020552075642743743,0.8538906166166149,0.12277283145490739
98.0,0.2042698272340396,0.7413231707456364,0.05440700024859923,1.771724828193814E-9
1571.0,0.0012458921329384363,0.3196157692131278,0.6072125413604492,0.07192579729348454
722.0,0.048992986309769025,0.3919451961243096,0.5036490335456723,0.05541278402024916
451.0,0.5201067707192165,0.395194538604745,0.07018812686783303,0.014510563808205453
612.0,1.8921728313125164E-4,0.0037607009783592257,0.40770299707427854,0.588347084664231
408.0,0.9999999952823975,2.636239351034415E-9,1.117977749527785E-10,1.9695654244726505E-9
1029.0,0.0371575938346776,0.4637015517821531,0.48777525451511317,0.011365599868056115
1440.0,0.09693095933247359,0.4766443813964558,0.39319566742804435,0.033228991843026204
225.0,0.9786615717530608,0.019813551256210857,0.0014774474037925881,4.7429586935708256E-5
961.0,0.04249540955045393,0.27127800992323986,0.6619851955799888,0.024241384946317425
922.0,4.211896492785146E-6,5.710206808916639E-10,0.5970683840035179,0.4029274035289686
359.0,2.671528588574506E-15,4.479552145413267E-14,2.919660475425558E-10,0.9999999997079865
1302.0,0.008239594354743404,0.6117685492397925,0.37612134861582647,0.0038705077896375563
1203.0,9.834780854655272E-10,3.945138164379919E-8,0.0024841108412793503,0.9975158487238609
75.0,0.04132068535092436,0.4348242405015764,0.5081179096400956,0.0157371645074036
1628.0,3.7981118567181E-5,0.00414874961050034,0.9594166221475655,0.036396647123366856
575.0,0.013328614330626218,0.5548027007777276,0.40090790685618893,0.030960778035457118
1156.0,0.006220936234298185,0.2674789466715581,0.24068675993176455,0.48561335716237913
851.0,0.7141014361139576,0.25799414256998376,0.025684240289327153,0.0022201810267313917
1313.0,8.193555991309754E-7,1.2958899044399425E-9,3.168078016462272E-8,0.9999991476677307
1643.0,2.9664966558080885E-7,0.022552616327707574,0.11422296049373544,0.8632241265288914
56.0,0.7997667077938193,0.18612866613465548,0.013708012922082133,3.966131494431348E-4
758.0,0.08482403262055614,0.9058344959918385,0.009340779888925572,6.91498679822401E-7
465.0,2.598847384543263E-7,0.9999997401152594,2.2777860557028398E-15,2.857608760063014E-21
186.0,7.95132453402993E-9,0.18579251413077214,0.7732037427982025,0.041003735119700895
685.0,0.5109445715443,0.44987557443684334,0.03909779882273991,8.20551961168482E-5
1431.0,1.9034390750087304E-9,0.9460111637883883,0.053970382147541324,1.8452160631211066E-5
302.0,3.1457818797741373E-4,0.015793059579806246,0.16293805339634396,0.8209543088358724
776.0,8.278003209085396E-8,0.9999999172198921,7.568247051226183E-14,2.8604655978966504E-22
1074.0,0.860564994894192,0.12964080994389932,0.009617253737492492,1.7694142441622491E-4
1374.0,4.171773195930139E-6,5.209639664398378E-4,0.10541639756006395,0.8940584667003003
373.0,0.25727898679342737,0.44526058122330625,0.29584458077216685,0.001615851211099561
958.0,0.018882711269017683,0.4423994491264302,0.4767749940502299,0.0619428455543222
1275.0,0.021111012888733988,8.678084977610694E-7,0.9487081409163464,0.030179978386421915
539.0,7.921271088858265E-4,0.07721095072313901,0.9173785789149811,0.00461834325299396
1556.0,8.193905052215585E-4,0.21177962188682278,0.7874007899508495,1.976571061308459E-7
394.0,0.5259913551714082,0.4517860884459334,0.021942293680402493,2.802627022559591E-4
576.0,1.0865035430705069E-5,0.23994971669255177,0.5201156192741376,0.23992379899787988
1101.0,3.757573742514712E-4,0.02175290513430388,0.8486582704908286,0.1292130670006161
997.0,0.5872921260211031,0.20602771621276306,0.18924704447094748,0.01743311329518641
232.0,0.0030581245321205344,0.06923254211633355,0.5756072413424501,0.3521020920090958
1512.0,0.16137401013679242,0.18377129019867905,0.6534059904639785,0.0014487092005500163
1537.0,3.6750983146076836E-10,9.011731050934706E-8,0.02614626853238705,0.9738536409827926
707.0,1.003034517765259E-11,0.40682766443294616,0.5914193075915668,0.0017530279654566978
281.0,0.6368863796902099,0.19723234120069993,2.093286030582766E-8,0.1658812581762299
870.0,2.536065816608265E-10,2.5870534687213253E-8,0.9999535693866513,4.640448920729933E-5
23.0,0.22253351395751533,0.7426910169102655,0.0325853643271644,0.002190104805054822
1262.0,0.003464381187871811,0.2860216882320321,0.7000335699020918,0.010480360678004307
1355.0,3.496897776850212E-5,0.9993893413937629,5.754684890479729E-4,2.2113942049490385E-7
33.0,0.0235085238156599,0.13803338230646853,0.6907672670253808,0.1476908268524908
1533.0,1.5210076585381148E-10,0.001862697120217312,0.9931778638782761,0.004959438849405701
1112.0,0.7432778130387506,0.24403025959441946,0.012268103937642084,4.238234291879039E-4
222.0,4.2597463333992686E-4,0.4105545184805448,0.5888577923945593,1.617144915560058E-4
829.0,0.30266223693196326,0.6086273750568674,0.0881498065266675,5.605814845018275E-4
664.0,7.455155215068866E-9,0.9999996247911203,6.600239066229851E-9,3.6115348547291646E-7
486.0,0.5637853718649978,0.1879854234841045,0.24822895922024407,2.4543065370887434E-7
1662.0,1.644103124759363E-7,0.05688833688707127,0.9421612041811038,9.502945215123768E-4
445.0,0.007123458863611669,0.15672071815899793,0.32540113504088336,0.510754687936507
558.0,0.0020288261688859955,0.24169519531595485,0.668524941820759,0.08775103669440003
907.0,0.6521599353363156,0.2514998639161876,0.07749026283768058,0.0188499379098162
1332.0,9.193819623769489E-5,0.023520006750001984,0.3059229865332494,0.6704650685205109
1169.0,0.04308444405424279,0.9111679688219253,0.045745830011228505,1.7571126032528819E-6
1063.0,0.31537240324530746,0.49122802073546606,0.19297519816156927,4.2437785765709647E-4
1410.0,0.03280200491010263,0.1483015568294898,0.6612235352423269,0.1576729030180807
976.0,0.966231313705476,7.748217668939855E-6,0.03375992819501353,1.009881841678207E-6
322.0,0.0022992417320547736,0.036307236233126775,0.018024809746539812,0.9433687122882786
629.0,1.2956086957581974E-22,6.992091567437787E-8,0.9999999300790838,3.725671129662816E-16
140.0,0.03518698127698265,0.502013906372474,0.4452167569139235,0.017582355436619772
1461.0,2.7312680417592107E-9,1.5773865401302402E-8,0.5840862374377295,0.41591374405713705
793.0,0.004439755161042177,0.28029338223583183,0.6593022223653795,0.05596464023774655
215.0,7.362615566940524E-5,0.10594922755452803,0.7352085331553329,0.1587686131344696
1040.0,0.08598064278612196,0.4487720318208051,0.34765980783283296,0.11758751756024002
500.0,9.260809606861708E-4,0.12112981153601766,0.7286684638364415,0.14927564366685472
700.0,8.013901607882277E-6,1.7385222285332645E-4,0.15700473004103682,0.842813403834502
1609.0,0.01633087762056284,0.638405086119501,0.3039803490411462,0.041283687218790006
80.0,1.5607694367138428E-5,0.12202307837432094,0.672505893583192,0.20545542034811978
743.0,0.9733792155851917,0.019617515961925333,0.006753100535674194,2.501679172086295E-4
1190.0,1.0972664118183754E-17,3.1171981681667633E-27,0.9999976259216691,2.374078331025593E-6
267.0,0.273092500979664,0.07501661003186713,0.4467823402391913,0.2051085487492776
834.0,0.029538696947174887,0.5686045702678287,0.3761613086546461,0.025695424130350263
1283.0,1.240578549006261E-4,0.46672235366822834,0.424954863775258,0.10819872470161301
1135.0,3.0494061335384047E-6,0.79993939664824,0.19511332184041846,0.004944232105207981
1012.0,3.107795759984496E-8,0.8701713644604813,0.12317802956391131,0.006650574897649893
336.0,0.15832790439602673,0.8399238749604441,0.0017482190429837818,1.6005453938145024E-9
1482.0,0.2256726626646179,0.7464774928543753,0.02759994062009103,2.499038609158708E-4
133.0,0.009530907514257728,0.5016030934019837,0.4353429973896072,0.053523001694151404
1664.0,1.8241091439850514E-5,7.370591474534722E-8,1.2523547316352259E-6,0.9999804328479137
593.0,0.20617980636376704,9.742588719621385E-11,0.6741347605036689,0.1196854330351381
522.0,0.1365248880413162,0.6905214585116765,0.16617462221421866,0.006779031232788624
431.0,0.8740842673583332,0.11205256495528125,0.013620721204663316,2.4244648172216468E-4
1590.0,0.0013762235004489741,0.04022075499295903,0.10500332412200485,0.8533996973845872
1404.0,6.516436226532486E-11,0.3697433066315666,0.6221019815596514,0.008154711743617635
943.0,5.866842373647455E-8,0.9976443751108061,0.0023555662073507246,1.3419547859174494E-11
121.0,7.641388472469315E-6,0.5953530736249144,0.3680714325851583,0.036567852401454895
1241.0,4.635599690453269E-5,0.005519323541454655,0.9944331579952339,1.1624664068816645E-6
409.0,0.009139452589078825,0.1364708856580644,0.5144996820955604,0.33988997965729634
614.0,0.06253761189383975,0.1754912664157045,0.35397797258049174,0.407993149109964
31.0,0.030014612327281056,0.8890583106368529,0.08092549003929958,1.5869965663472662E-6
49.0,0.8019699982362384,0.19545218683866084,0.0025740491007699264,3.765824331037403E-6
1025.0,7.33521205766507E-5,0.07224098129584215,0.718765824638007,0.20891984194557417
1444.0,1.6542064207461842E-5,0.002594458336619923,0.6296830420887106,0.3677059575104619
963.0,8.452727192370062E-5,0.06537629228565138,0.46283720951733043,0.4717019709250944
920.0,2.3529867390635242E-11,7.877463267928058E-4,0.8651854556149227,0.1340267980347547
358.0,0.7621823941595737,0.22523618502955162,0.012563845523731815,1.757528714273442E-5
1298.0,0.002645411883025662,0.00921569195090507,0.5240053580671977,0.46413353809887153
1207.0,0.5208880047674774,0.45201660022372453,0.02450691645301981,0.0025884785557782684
1624.0,0.9225028397395925,0.07619168538049913,0.0013052936072752122,1.8127263322856179E-7
158.0,0.011647228301075166,0.17690547128720407,0.7530223288906132,0.058424971521107594
573.0,4.1684798615302564E-4,0.43384871789642887,0.5657344167598626,1.7357555557381795E-8
651.0,0.005858443703056429,0.06167105335833581,0.2656550689328865,0.6668154340057212
1499.0,0.7668150158035654,0.19086592775189135,0.04171912315027739,5.999332942659322E-4
1150.0,2.722377482256455E-4,0.23758182281631612,0.5294234048040494,0.23272253463140893
814.0,0.15069208922897567,0.6281546547169022,0.17416611837143717,0.04698713768268483
317.0,0.7724251673504519,0.22127798904947346,0.006005081622852038,2.917619772227215E-4
885.0,9.460761255102532E-13,1.0454659546534384E-9,0.9079556881281277,0.0920443108254603
204.0,6.567248996796804E-6,4.0553145785784777E-11,0.9210088530028555,0.07898457970759451
1224.0,0.0027390941764240716,0.8895866751628629,0.08953315306883076,0.01814107759188223
1389.0,3.909127635664205E-13,3.860264473757107E-6,0.9834704162331747,0.01652572350196068
1575.0,0.4157959060756817,0.5162157244462858,0.06598811931859107,0.0020002501594413823
450.0,2.815401608831534E-7,4.1868940141914E-14,0.9999997184572067,2.5905299526342195E-12
720.0,1.7923289116951058E-13,0.9862797334725445,0.010072044062707796,0.003648222464568622
1370.0,0.0014514249697239678,0.1752572652682141,0.5344116111822743,0.28887969857978757
956.0,3.734271844217683E-8,0.7816280935303105,0.21837186368510395,5.441867223801581E-9
372.0,0.5292794118672554,0.4619322305473825,0.008786897400824608,1.460184537447589E-6
1279.0,0.9999976227396451,2.3772603549974673E-6,2.307125489988219E-32,3.966976227446634E-23
537.0,2.1396236463723044E-26,5.092815965127619E-7,0.9935314247618017,0.006468065956601789
1552.0,0.8525490956580456,0.12462136467147378,0.021608080856087536,0.0012214588143930573
151.0,0.09103872682495652,0.8244770043967289,0.08431995541527437,1.6431336304020524E-4
578.0,1.8686279892413203E-11,4.155152295731779E-4,0.6320942075108485,0.36749027724089195
395.0,3.6590198697927486E-4,0.001705921608874948,0.19303102708173486,0.804897149322411
1097.0,9.380919849701087E-4,0.6768883907220461,0.25692824291753974,0.06524527437544404
112.0,0.9999910973542684,4.006911377410893E-12,2.4096430072035043E-10,8.902400760337866E-6
999.0,2.4463236881303093E-7,7.574618618474203E-13,0.9999997553551251,1.174865561263047E-11
1516.0,0.007958890117770822,0.5878226931854187,0.36114155377551577,0.04307686292129485
1152.0,0.19598221189294338,0.6169825166565274,0.18561257908560608,0.0014226923649230687
197.0,0.23581396979471925,8.758312316420489E-6,0.4933250686744895,0.2708522032184748
849.0,0.048699032521123314,0.8943321663294167,0.0530778444329179,0.0038909567165420554
1317.0,0.026511591788397303,0.22422495942576462,0.5403173531492224,0.2089460956366158
1647.0,0.0013619570901579458,0.0018038629569171313,0.09696115520173183,0.8998730247511931
756.0,0.008696308728158294,0.11750345908076959,0.705803761883249,0.16799647030782308
464.0,1.0164996277646325E-5,7.551395661938285E-4,0.08261857365219283,0.9166161217853357
687.0,1.406086513847833E-16,7.970177192755102E-9,0.9752576791915208,0.02474231283830173
89.0,0.8353154044496696,0.16468254038760238,2.0551258987478934E-6,3.682930440068769E-11
1427.0,0.03500696761545531,0.8406771880105488,0.11515081201220839,0.009165032361787524
778.0,0.04692840131789762,0.9530715985861392,2.058133954231297E-13,9.575725852692924E-11
303.0,0.07436974065233913,0.0740778861698334,0.6392276238012069,0.21232474937662058
1078.0,0.9983569128733133,0.0016397903146545692,3.264364709351359E-6,3.244732273548668E-8
1123.0,0.0014715038745749332,0.11147772367255442,0.43441608505401674,0.452634687398854
1478.0,0.9590173550724759,0.038411930421704245,0.00225238372127268,3.1833078454731836E-4
339.0,0.22376707773250246,0.7230954321224168,0.053137486150670876,3.994409855962948E-9
1010.0,9.59888421907765E-5,0.14047240837300112,0.11281469957990188,0.7466169032049063
11.0,0.7101874950926154,0.27440962529388513,0.014633934320870692,7.689452926288483E-4
599.0,2.008258928897303E-7,0.9987281717194034,0.0012716269479828525,5.067209690456367E-10
70.0,1.2301402728687591E-8,3.632340198113518E-9,0.9999999726225327,1.144372423963339E-8
1594.0,0.19177605019752092,0.5420549844710395,0.2392947744499255,0.026874190881514038
524.0,1.5745170894572676E-8,0.9999999546570092,9.60089598050881E-9,1.999692398222967E-8
428.0,0.0033399116251856247,1.3579100176897251E-5,0.3814676278521689,0.6151788814224685
937.0,0.32780512247532306,0.531148512708503,0.13932825888596084,0.001718105930213058
251.0,0.9085377824077593,0.09091879294259853,5.434149196987665E-4,9.729943498258997E-9
1392.0,0.14516366031073974,0.36634854899817376,0.4498735624113954,0.038614228279691167
1237.0,0.7601139044917644,0.22031420790738776,0.015655357594023873,0.003916530006823938
111.0,0.9999999690941835,4.487764475874137E-9,9.293346511399309E-11,2.632511856964917E-8
1465.0,0.002922472063789632,0.4343978239200986,0.4840135466406468,0.07866615737546502
1052.0,1.875634772970939E-14,0.2360846348611394,0.6469739094503694,0.11694145568847258
799.0,0.2821476582546089,0.004311072563405554,0.2110658711044582,0.5024753980775273
503.0,6.327092743857442E-9,0.45415876268772626,0.5224112743989354,0.023429956586245637
698.0,0.6579557066414314,0.3279410810143423,0.013467443778802468,6.357685654237966E-4
1605.0,0.9820182759920106,0.01785784905065743,1.2387495711263361E-4,2.1927923874859353E-13
169.0,0.9879593398970679,0.011693626164169503,3.4212532523665963E-4,4.908613525969983E-6
737.0,0.00493669103554083,0.8858897499853785,0.09930605657997488,0.009867502399105608
836.0,1.0450932479973134E-4,0.009571044233363288,0.500852697669451,0.48947174877238603
264.0,0.9679012144180472,0.032092236121145326,4.865441353842971E-20,6.549460807513344E-6
1295.0,0.37332845564937367,0.256311802327781,0.30648286359901816,0.06387687842382722
552.0,5.184205016255756E-19,5.748315167857269E-20,0.12693422493361295,0.8730657750663872
446.0,2.5422737716215615E-4,0.00367821089801506,0.14282992666571975,0.853237635059103
1650.0,0.7234072897610321,0.25103030907037044,0.025205583108699112,3.5681805989837593E-4
1336.0,6.165008476926233E-9,1.0672468902407924E-7,0.020159710195235023,0.9798401769150674
242.0,1.8897169828215808E-4,0.04189529992829553,0.9579110486342404,4.679739182120018E-6
909.0,0.009101913438446437,0.6730938388605698,0.21283634537542,0.10496790232556374
1181.0,1.378026139635917E-7,0.003332749241189027,0.21252771312775368,0.7841393998284434
42.0,2.1677094497672382E-5,0.03002644940405878,0.3306553697957597,0.6392965037056838
1067.0,3.4757644374264856E-6,3.4473429053746164E-11,0.03106298772628527,0.9689335364748038
982.0,7.223068586896689E-5,0.002222139446895824,0.3182831590242585,0.6794224708429767
321.0,0.023511187659821034,0.4042497944416431,0.4879886229309323,0.08425039496760353
1422.0,0.6307395618552729,0.3605700021827475,0.008690435019543807,9.42435809529503E-10
627.0,0.9985648448313453,0.0014351504031469766,4.765506576016176E-9,1.0152818378337588E-15
1549.0,8.464582286347619E-11,0.00405646123433016,0.1298263177322416,0.8661172209487825
709.0,0.025665859005356947,0.2982002720898018,0.6430930512832866,0.033040817621554454
160.0,0.0010691068470888752,0.24771385569746288,0.7021627361370416,0.0490543013184067
1250.0,8.948087451905297E-22,1.1099000316979896E-13,0.19540511088462573,0.8045948891152633
864.0,0.09844687422009965,0.2001226170221235,0.5490554802692721,0.1523750284885047
282.0,0.05588826749965943,0.8310721982690783,0.11303953155386663,2.677395494749266E-9
1351.0,0.0038571780704380666,0.08145554734519178,0.7726581619371283,0.14202911264724194
1521.0,0.31840962316345617,0.5274159754080164,0.10161289531392341,0.0525615061146039
827.0,2.2820848979449955E-5,0.05346432598399363,0.34720954728037445,0.5993033058866525
1108.0,0.8596957137710332,0.12905551080329156,0.01057144014922759,6.773352764478416E-4
485.0,0.9763031901038816,0.02331432797967651,3.740564875973249E-4,8.425428844688493E-6
670.0,0.5062786309678776,0.4675731233833101,0.02581198463522254,3.3626101358982563E-4
855.0,0.0016737336091333633,0.4730480082098049,0.5066267544908808,0.01865150369018099
15.0,0.997349017899805,0.0023958026766987177,2.551784618244548E-4,9.616717810807674E-10
1164.0,0.010120655619006847,0.6202683328280129,0.20732627097678513,0.16228474057619516
1321.0,0.001492760409554564,0.08571674053746069,0.5439610346205357,0.368829464432449
102.0,0.0012643541370343364,0.1357219485053972,0.603220076032826,0.2597936213247425
1635.0,0.006773121370682852,0.3997910604441434,0.5482684868359586,0.04516733134921504
467.0,4.6014230049698633E-10,1.318892218795323E-7,0.17179532000641246,0.8282045476442234
754.0,2.3401104157170394E-14,5.474007664489249E-12,0.0011020324728224667,0.9988979675216803
681.0,1.7589993043418543E-6,0.029151289778122796,0.7588469935592265,0.21199995766334637
187.0,0.04846251021918523,0.426009137896184,0.4910860133736371,0.03444233851099361
1439.0,4.2328051710044563E-4,0.09362130505826968,0.2489139120285588,0.6570415023960711
1082.0,3.5293933959601915E-16,0.06279434977470769,0.7645436688516387,0.17266198137365327
300.0,0.9998095279436912,1.8752058157333554E-4,2.9514743438536998E-6,3.9181041936869153E-13
780.0,0.999585291021435,5.434831575872992E-11,2.548153386748376E-4,1.598935855416135E-4
954.0,0.009879359322098416,0.6060557766290486,0.3692931711517065,0.014771692897146409
375.0,0.4112363073760723,0.5195257388879421,0.06923795026431481,3.471670870533285E-9
1366.0,0.0022798816390247586,3.666114528518365E-12,1.1194772979040756E-29,0.997720118357309
1267.0,0.001306417439967522,1.1461291203237667E-5,0.9777145238197736,0.020967597449055582
79.0,0.0673017366424797,0.404895122348977,0.5165067228729129,0.011296418135630343
1564.0,4.0491663234869994E-4,0.33852553508966066,0.661068093275943,1.4550020476953388E-6
543.0,0.9984818930204791,0.001516550894696301,1.5333181936221313E-6,2.2766630957404278E-8
580.0,0.015005033171644916,0.9849949668252876,3.0619181881240723E-12,5.552140849322765E-15
392.0,0.01642011620681103,0.8956379569634794,0.0866919925664585,0.0012499342632509506
1093.0,0.6441842759363758,0.28942417443824087,0.06367702958247777,0.0027145200429055283
1504.0,0.019460707095252036,0.6469272359505508,0.2663817150548783,0.06723034189931885
233.0,0.9742257343419847,0.014581036956891098,0.010020317529547245,0.0011729111715769664
993.0,0.7424297588568135,0.23080875031490053,0.02629697713431402,4.6451369397187086E-4
178.0,0.034496944831363854,0.5157416550032936,0.4325882743183946,0.017173125846947943
653.0,0.0037524253299883485,0.4775092884435608,0.5187382306887638,5.553768693009812E-8
1495.0,0.7689254784174283,0.2276274033308981,0.0033263073644644765,1.208108872091066E-4
808.0,0.23500288594073546,0.5293085284638869,0.16338909047175237,0.07229949512362535
318.0,1.414509126107651E-8,1.338282618077985E-7,0.9999997503749322,1.0165171472096354E-7
1138.0,0.09003070822123732,0.26449231060395084,0.6454769811748118,8.227977404206971E-18
1220.0,0.8851435592257183,0.04552756538207091,0.06012532832721243,0.009203547064998395
883.0,0.003061127033521468,0.32273690758944956,0.6742016666899762,2.98687052813581E-7
1377.0,9.282468089364116E-13,0.011997943615035167,0.2316285792475068,0.7563734771365299
1579.0,0.0012215313200039457,0.007679523067703328,0.973570550633571,0.017528394978721506
58.0,1.6559569347252424E-4,3.5906888968274836E-4,0.4271469714835651,0.5723283639332797
449.0,3.934606275176295E-6,2.0058447128153412E-8,6.753754474187708E-9,0.9999960385815233
726.0,2.8133524252793988E-5,0.05440809883387319,0.563081684677566,0.38248208296430797
410.0,3.099733142208274E-5,2.7690009605042633E-5,0.0011623536569380219,0.9987789590020348
608.0,4.1372234575142607E-10,3.872821688238094E-5,0.9538987847906908,0.04606248657870448
1037.0,1.5276290323972333E-20,0.026599458963757396,0.0012705232382653005,0.9721300177979774
965.0,1.46085552451162E-4,0.006418266893753994,0.19774203422636366,0.795693613327431
224.0,7.683950357300561E-4,0.26135984688374186,0.7045972493777615,0.03327450870276653
1448.0,0.055044070615900116,0.9163382878730647,0.028617641237307662,2.7372756567432307E-10
1310.0,0.75727153124405,0.23229015141756926,0.010155169005578798,2.8314833280197564E-4
926.0,7.3386279389513445E-9,0.002140552697107711,0.17099536987273817,0.8268640700915261
357.0,0.010753986159147537,0.5144311932349851,0.41677641139936183,0.058038409206505576
1211.0,9.153488277842471E-9,0.0018706005708236098,0.3759139646800111,0.6222154255956771
571.0,3.250986329687578E-4,0.9972479215251702,1.4691720374495178E-7,0.002426832924657401
1620.0,1.5450451893768202E-15,0.01631510757796865,0.6704368891082063,0.3132480033138235
1469.0,1.0920348723618781E-11,0.008291657852696217,0.3076367148603672,0.6840716272760162
1048.0,1.1364436892856799E-9,5.99022847198271E-11,0.7807245605766633,0.21927543822699072
214.0,3.005703902388933E-19,2.854845289214594E-20,0.0136735001338636,0.9863264998661364
797.0,1.6350703915393603E-10,2.467667791322473E-4,0.9997530996102331,1.3344712754384868E-7
696.0,0.3088668160000375,0.5559055458238025,0.13091484077456247,0.004312797401597534
502.0,0.00517316371759798,0.3117298058224301,0.5788868996190328,0.10421013084093912
1601.0,1.0860095858910842E-5,0.056014656303468496,0.8546959365652056,0.08927854703546693
739.0,0.9999999999531375,2.93080955310274E-11,1.755445586836279E-11,1.848845794169226E-18
838.0,1.336791719151279E-6,0.8598719776928907,0.09032867774289488,0.04979800777249527
265.0,3.0302619744987336E-5,9.418308866209858E-4,0.6160099194643418,0.38301794702929226
1198.0,0.9688178193879581,0.031182013308640563,6.612573347595112E-11,1.6723727572019137E-7
22.0,0.010336213997228222,0.6286074433531424,0.35695605796451063,0.004100284685118664
35.0,0.024323679084503867,0.6705901029896281,0.23663552793730078,0.06845068998856726
1291.0,0.9999998007283588,1.9927164117081675E-7,4.596727598406996E-18,5.530625278743477E-32
1127.0,0.10234618470270186,0.31831027539895446,0.5219739506683541,0.05736958922998965
1474.0,1.3128329391389732E-9,0.18495337807887927,0.8150463811859389,2.3942234894085863E-7
1008.0,0.0010063436461648907,0.4077105387707229,0.590909119785666,3.739977974462821E-4
338.0,0.9400847781469774,0.05497161621295259,0.004861530215324005,8.207542474581188E-5
597.0,9.540945494113136E-12,5.835326246549711E-9,0.9909751018351624,0.009024892319970442
1672.0,1.0628133031413614E-4,0.182448495345642,0.4632808147710201,0.3541644085530238
132.0,0.04129256734794723,0.7403818183449941,0.1908037753141813,0.027521838992877447
1598.0,0.9673495954252547,0.03167916273372724,9.670189738744493E-4,4.22286714371016E-6
429.0,5.5684715079547275E-6,0.2741129308197393,0.71775309763682,0.008128403071932602
526.0,9.34080730161002E-6,0.01964915424592471,1.1636744501564414E-7,0.9803413885793287
939.0,0.07061219467828866,0.5518213192156874,0.35617891019836617,0.021387575907657795
1396.0,0.010632126868645552,0.13971340437547625,0.6292035728273737,0.2204508959285044
1233.0,0.03922048757910644,0.6752796095482432,0.23180718049712967,0.053692722375520655
1545.0,1.4065092170150405E-8,1.4298291366636004E-6,0.9999549780906865,4.357801508485515E-5
84.0,0.7882569146724422,0.17369312900917158,0.037128204258399564,9.21752059986621E-4
711.0,0.9176982530306147,0.0775453946751642,0.0046634217730952355,9.29305211257435E-5
1254.0,0.014189496055840837,0.18401404659255816,0.6724081118796333,0.12938834547196762
866.0,9.739696023780111E-5,0.03354453081877056,0.11633409773977992,0.8500239744812118
283.0,0.5973050869787785,0.3745975853612179,0.02790373987774258,1.9358778226101142E-4
1347.0,0.9283448388205112,0.06368511165433641,0.007310611566038499,6.594379591137412E-4
1525.0,0.007046753624484808,0.7683301133760027,0.2170833849714228,0.007539748028089878
825.0,0.0014246076541941978,0.28977127377099277,0.6379218186359261,0.07088229993888695
223.0,0.5812307452723806,0.40374200662840326,0.014945378714399507,8.186938481654741E-5
1104.0,0.13246453076047382,0.8312500278427525,0.03628544095529863,4.414751360154464E-10
484.0,0.9995160348930107,1.1958732832782435E-4,3.643776328431977E-4,1.4581831177659367E-10
668.0,0.1424309633515719,0.45452685848385305,0.40304217591488767,2.249687405609846E-9
554.0,0.4526760446711707,0.4659978527459533,0.08083345500185309,4.926475810230358E-4
447.0,0.003941993112635863,0.5532115364766085,0.33178185792308623,0.11106461248766945
1654.0,1.0700924705147622E-6,0.01798426254210418,0.7614018852050632,0.22061278216036215
1340.0,0.9877079498897369,0.012292050104914824,5.34829360500778E-12,7.424898295984786E-17
911.0,3.559663592046963E-8,0.999999964403364,2.235323486155539E-18,8.794213958620864E-22
125.0,0.9999999998864304,1.1155830477043657E-10,2.009078050005244E-12,2.1878659982011223E-15
1177.0,1.9479707317882864E-4,0.5492050741675001,0.4506000520939451,7.666537604310707E-8
1071.0,1.2882162519169613E-5,5.70506526113779E-14,0.023570798968546358,0.9764163188688774
980.0,0.002697682523641297,0.9680557277384955,0.029246548459291487,4.1278571707300504E-8
320.0,6.278330362985854E-9,0.8045231724826918,0.19175106645949347,0.0037257547794845077
1418.0,3.958521938384474E-23,1.4345653876846556E-23,0.30607466056596394,0.6939253394340361
141.0,5.227620299688079E-4,0.06419356973370142,0.8655476799979878,0.06973598823834207
625.0,4.078555440911216E-7,6.2553100795132E-7,0.823745295727233,0.17625367088621502
374.0,0.955593335877355,5.857817695136875E-4,0.04382088235313142,1.1310428580128885E-18
952.0,0.8303689392622698,0.024532858022349113,0.03501138519412652,0.11008681752125453
1362.0,0.9769144749668612,0.02307681225576913,8.07350033431633E-6,6.392770353744068E-7
1271.0,0.4065185530124351,0.034708983083655894,0.2264933805969479,0.33227908330696115
150.0,0.0036069802405128554,0.9963930173790413,2.811160956320047E-10,2.099329873617598E-9
1560.0,1.2561324861617703E-7,0.9535931895463787,1.2481801737961676E-5,0.046394203038634604
541.0,0.5504505527619746,0.01431061201664556,0.10098968998359524,0.33424914523778454
393.0,9.082841631261057E-5,0.002235590531496001,0.1657225913003252,0.8319509897518662
582.0,5.087117618300032E-16,0.9381705934290505,0.06108989321514792,7.395133558009977E-4
30.0,0.004245494159958247,0.6871665596541616,0.3022029064479401,0.006385039737940063
51.0,0.3645100026792186,0.5863388012806346,0.04829789801731637,8.532980228303333E-4
1089.0,0.005344827805547396,0.10773565261201795,0.32797240398768723,0.5589471155947474
1508.0,0.10064287117319748,0.7098643626415408,0.18041603657528216,0.009076729609979448
995.0,5.216313294182714E-15,0.010513599087811932,0.7274199980978668,0.2620664028143161
853.0,0.9999833183796992,1.4271545412228203E-6,4.232410991891848E-15,1.525446575527124E-5
1160.0,0.007616953504612644,0.1769211235289435,0.6858968108409096,0.1295651121255343
196.0,1.130927235666448E-37,4.1153246330045807E-13,8.634860161320281E-14,0.9999999999995022
1325.0,5.675578994475732E-4,0.004229984525184428,0.5871798904274568,0.40802256714791113
1639.0,0.09913597291713895,0.5746795636446735,0.2937572092963602,0.03242725414182735
752.0,0.9802757729362356,0.019710011467594647,1.4215596169571409E-5,2.008292372346228E-16
466.0,2.8377876486934153E-12,2.7129312171826024E-8,0.2932247149530759,0.7067752579147742
683.0,0.013989428194845981,0.6524988628748287,0.3170973990399284,0.016414309890396925
1435.0,0.5648185903334138,0.37016072518859383,0.0647603541076047,2.6033037038774724E-4
1086.0,1.2896117446376032E-15,0.42187143852406783,0.4180661457768708,0.16006241569906007
301.0,0.01884149486668878,0.08047962662049847,0.6073401590788047,0.29333871943400813
782.0,2.206695100425505E-12,0.3135563146025167,0.2716041361310795,0.4148395492641971
411.0,0.4752023526351869,0.2763675192290792,0.20725680672754201,0.041173321408191986
610.0,0.9913281343645342,0.006980725653169185,0.0016830160233826058,8.123958914112304E-6
1033.0,0.9853948786732498,0.0075444386837544165,0.005999787161795426,0.001060895481200394
116.0,0.9533362897257375,0.04581155537643763,8.304104606018287E-4,2.1744437223179923E-5
967.0,6.285740921361382E-16,0.004719848894836118,0.12128453042930266,0.8739956206758606
1306.0,1.407934986025821E-13,7.76419667997428E-16,0.9999953204961802,4.67950367796992E-6
924.0,1.6298118706617523E-19,1.8846703690709355E-12,0.9463445331109155,0.053655466887199854
356.0,0.0018292157363875776,0.03293921817375743,0.44044904035090837,0.5247825257389467
1215.0,0.06316996165095422,0.6055944499509331,0.21086280565366033,0.12037278274445223
569.0,8.011945284023523E-9,0.13245392858805352,0.05845250560500709,0.809093557794994
1616.0,0.810711775832292,0.16570514536824685,0.010234496943771071,0.013348581855690028
159.0,0.9183329122366426,0.0781264811829217,0.0035406065035574275,7.687833702879575E-11
655.0,6.355355656460084E-4,0.05051695116905605,0.7134271860120298,0.23542032725326817
93.0,3.0271376653756157E-5,3.285990477468437E-4,0.38516000765484976,0.6144811219207497
1491.0,0.9999998921131584,9.207867129396722E-10,3.862179792724673E-9,1.031038751490733E-7
810.0,0.001946708323608479,0.2726694985976303,0.5161091626152393,0.20927463046352188
319.0,2.1507320420149577E-10,0.35302147428013964,0.6032673696301437,0.04371115587464337
1142.0,6.864997859317697E-4,0.2614473891980456,0.7378653088496859,8.021663367348032E-7
205.0,0.004722223335148508,0.224949617451793,0.6171516287612777,0.15317653045178076
1216.0,0.10940574206293868,0.7352229760763795,0.1269007153593525,0.028470566501329307
881.0,0.9980192180148119,1.5700069573246025E-12,4.189252754596296E-12,0.0019807819794289325
1381.0,0.06623891175043792,0.7799655285262238,0.1493548392788675,0.004440720444470727
1583.0,4.5469762227042225E-8,0.669738377269043,0.3302615463660611,3.0895133756165634E-8
724.0,0.9966466536200655,6.226497090704044E-9,0.0033533396873342493,4.661030767158148E-10
448.0,0.013702101187231436,0.9862978988127685,5.737770752024078E-17,5.887733092805728E-18
1669.0,0.29265059002919896,0.6586289845347127,0.04772840861087382,9.92016825214504E-4
641.0,0.037541966383948217,1.5171503204653127E-7,0.9624572561165052,6.257845144438355E-7
177.0,5.471265581500177E-4,0.980610673772037,0.01884219966977549,3.736556060356277E-14
1130.0,0.04954010488491404,0.4430795754165926,0.48660870143091367,0.020771618267579593
312.0,0.0036563155215499988,0.4227201219827321,0.5526864916158761,0.02093707087984183
804.0,4.189316227663116E-6,0.007835545815109434,0.36758634794545997,0.624573916923203
1487.0,0.40746446491407834,0.5249179886808032,0.06686771862561847,7.498277794999986E-4
1401.0,0.06072216038315006,0.420821242105551,0.42519667894417507,0.0932599185671238
99.0,0.5065951715149601,0.4010999830908012,0.08966647592734929,0.0026383694668894006
895.0,4.84432617806147E-4,0.4175767862159099,0.420617616288601,0.16132116487768294
1244.0,6.801292465235452E-4,0.005517272010021119,0.3699575099770979,0.6238450887663574
730.0,9.639771338901177E-5,0.29061496180039603,0.4767451524646841,0.23254348802153094
455.0,0.012119486375221835,0.1752742004505403,0.8125166376128918,8.967556134600333E-5
1587.0,0.0030119098953769615,0.25677705019670916,0.6047100968441254,0.1355009430637885
620.0,0.9329483532649158,0.04716364784907998,0.01961727355917398,2.707253268303107E-4
412.0,2.704898899191934E-4,0.15529939057087533,0.7229236131245986,0.12150650641460685
227.0,0.9402220925438456,0.05963806163909705,1.3984581609041352E-4,9.669849528919761E-13
1456.0,0.001391451280280529,0.11440990424859,0.8841944119155278,4.232555601729378E-6
969.0,0.8895980398813574,0.050922779180421186,0.059331385630786417,1.4779530743506096E-4
1045.0,3.506597644199313E-4,0.15875994477846717,0.8058284833201571,0.03506091213695588
1187.0,0.9876028556212808,0.01224019189107849,1.546487110432493E-4,2.303776597589923E-6
355.0,0.0012436437306543363,0.06853648856451658,0.5812924245263471,0.34892744317848196
914.0,0.09714570842042958,0.5470279443586377,0.35358682237732364,0.0022395248436091193
1286.0,0.874649641450179,0.11881793160150064,0.006526857771944079,5.569176376291535E-6
1612.0,0.43326508886793247,0.07445643578434388,0.4878794131162218,0.004399062231501864
567.0,3.2100282812901886E-6,0.018535513828124826,0.32563254296093647,0.6558287331826573
74.0,0.002389009368418328,0.8974281038832428,0.10018286352002344,2.322831542738217E-8
1329.0,0.7790871597375565,0.19476313150885194,0.02588582649717977,2.6388225641186587E-4
1172.0,2.715586795958645E-6,0.005982685817543653,0.45553200198586086,0.5384825966097997
859.0,2.995777897800292E-5,0.005242039384277829,0.20627873309370742,0.7884492697430366
469.0,0.0030413886175292525,0.37969285052159896,0.5913800263783273,0.025885734482544425
766.0,0.007887395586241302,0.9222973886389724,0.06981518644046542,2.9334320943658333E-8
1659.0,7.048473215088102E-4,0.05632924232913023,0.5285752130332663,0.4143906973160947
184.0,7.645014152103005E-7,0.6535920048201717,0.3464071196497567,1.1102865652404677E-7
677.0,4.495644559551791E-5,0.0028268415221419474,0.2975238937044157,0.6996043083278468
768.0,1.5490511168100526E-4,1.0362696393991103E-4,0.9997396063005178,1.8616238612067882E-6
298.0,0.0024491782411725487,0.36998956459442767,0.47293089046394404,0.15463036670045568
