1658.0,0.0,0.16666666666666652,0.3983333333333334,0.4350000000000002
444.0,0.04000000000000001,0.3333333333333331,0.5000000000000003,0.12666666666666662
556.0,0.06500000000000004,0.3199999999999997,0.5000000000000001,0.11499999999999996
905.0,0.0,0.24500000000000008,0.5,0.25499999999999995
243.0,0.0,0.16833333333333325,0.4866666666666669,0.34499999999999986
1328.0,0.0,0.16666666666666655,0.4866666666666669,0.34666666666666657
1173.0,0.2133333333333334,0.5,0.2816666666666665,0.005
1059.0,0.2833333333333332,0.38500000000000023,0.33166666666666655,0.0
1414.0,0.0,0.21666666666666667,0.4983333333333334,0.28500000000000003
978.0,0.0,0.16999999999999996,0.32999999999999985,0.5000000000000003
323.0,0.006666666666666668,0.4600000000000002,0.3583333333333332,0.1749999999999999
631.0,0.003333333333333335,0.3316666666666665,0.5000000000000003,0.16499999999999987
66.0,0.5000000000000003,0.33333333333333315,0.16666666666666657,0.0
1541.0,0.5000000000000002,0.3033333333333331,0.1833333333333334,0.013333333333333338
161.0,0.05166666666666669,0.35499999999999987,0.4716666666666669,0.12166666666666662
705.0,0.23166666666666672,0.33499999999999985,0.4333333333333334,0.0
280.0,0.1916666666666667,0.4983333333333334,0.2716666666666666,0.03833333333333332
868.0,0.0,0.16666666666666655,0.33499999999999985,0.49833333333333363
1258.0,0.1566666666666666,0.05500000000000002,0.48333333333333356,0.3049999999999998
1359.0,0.028333333333333342,0.4950000000000003,0.3383333333333332,0.13833333333333325
107.0,0.0,0.16666666666666655,0.33499999999999985,0.49833333333333363
1529.0,0.4783333333333335,0.35333333333333333,0.1683333333333332,0.0
1116.0,0.008333333333333335,0.18333333333333324,0.3716666666666667,0.4366666666666667
831.0,0.34333333333333327,0.4833333333333335,0.17333333333333323,0.0
666.0,0.16499999999999987,0.4983333333333336,0.3349999999999998,0.0016666666666666672
487.0,0.5000000000000003,0.33333333333333315,0.16666666666666657,0.0
40.0,0.0,0.3266666666666665,0.5000000000000003,0.1733333333333333
1131.0,0.2266666666666667,0.42666666666666664,0.34499999999999986,0.0016666666666666663
337.0,0.0,0.4000000000000001,0.4333333333333335,0.1666666666666665
1014.0,0.005000000000000002,0.5000000000000002,0.20166666666666672,0.29333333333333317
1486.0,0.0,0.33333333333333315,0.5000000000000003,0.16666666666666657
1668.0,0.0,0.16666666666666655,0.3333333333333331,0.5000000000000003
595.0,0.2783333333333332,0.46666666666666673,0.25500000000000006,0.0
430.0,0.1633333333333332,0.4966666666666669,0.3333333333333331,0.006666666666666669
520.0,0.5000000000000003,0.33333333333333315,0.16666666666666657,0.0
1586.0,0.49000000000000027,0.3433333333333332,0.16666666666666655,0.0
1400.0,0.09,0.3983333333333333,0.4216666666666667,0.09
250.0,0.22666666666666682,0.1399999999999999,0.47833333333333344,0.1549999999999999
941.0,0.011666666666666665,0.43333333333333335,0.40000000000000013,0.15499999999999978
1245.0,0.0916666666666667,0.4983333333333335,0.3283333333333331,0.08166666666666675
1457.0,0.005000000000000002,0.1616666666666665,0.37666666666666654,0.456666666666667
795.0,0.011666666666666667,0.46000000000000013,0.2966666666666665,0.23166666666666672
1044.0,0.13833333333333328,0.4483333333333334,0.3399999999999998,0.07333333333333338
702.0,0.010000000000000004,0.36666666666666664,0.4666666666666669,0.1566666666666665
501.0,0.29333333333333317,0.4583333333333334,0.2483333333333335,0.0
1613.0,0.0,0.30499999999999994,0.4700000000000001,0.225
741.0,0.3316666666666665,0.5000000000000003,0.16833333333333325,0.0
168.0,0.003333333333333335,0.16499999999999987,0.34499999999999986,0.4866666666666669
1186.0,0.5000000000000003,0.33333333333333315,0.16666666666666657,0.0
266.0,0.35999999999999993,0.47333333333333355,0.1666666666666665,0.0
832.0,0.0,0.29,0.4666666666666668,0.24333333333333335
1287.0,0.02333333333333333,0.3966666666666667,0.43666666666666687,0.14333333333333317
649.0,0.010000000000000005,0.3316666666666665,0.5000000000000003,0.15833333333333321
179.0,0.0,0.16666666666666655,0.3333333333333331,0.5000000000000003
1503.0,0.5000000000000003,0.33333333333333315,0.16666666666666657,0.0
1146.0,0.0016666666666666674,0.16499999999999987,0.3333333333333331,0.5000000000000003
812.0,0.11166666666666666,0.5000000000000003,0.3333333333333331,0.05500000000000004
316.0,0.16999999999999996,0.49833333333333363,0.32999999999999974,0.0016666666666666674
887.0,0.006666666666666666,0.23333333333333323,0.4800000000000001,0.28
1228.0,0.0,0.49833333333333363,0.3349999999999999,0.16666666666666657
1385.0,0.0516666666666667,0.15833333333333324,0.4700000000000002,0.31999999999999995
98.0,0.41500000000000015,0.4183333333333335,0.1666666666666665,0.0
1571.0,0.09833333333333336,0.33499999999999974,0.49500000000000016,0.07166666666666671
722.0,0.04499999999999999,0.4333333333333334,0.4000000000000001,0.12166666666666658
451.0,0.43000000000000016,0.4033333333333335,0.1649999999999998,0.0016666666666666668
612.0,0.0,0.16666666666666655,0.3449999999999999,0.4883333333333336
408.0,0.4916666666666667,0.24333333333333335,0.19333333333333327,0.0716666666666667
1029.0,0.07666666666666669,0.42999999999999994,0.4033333333333333,0.09
1440.0,0.13333333333333322,0.4433333333333334,0.3900000000000001,0.033333333333333326
225.0,0.5000000000000003,0.33333333333333315,0.16666666666666657,0.0
961.0,0.018333333333333333,0.2366666666666667,0.4983333333333333,0.24666666666666667
922.0,0.001666666666666667,0.16499999999999984,0.36499999999999994,0.46833333333333355
359.0,0.0,0.16666666666666655,0.3366666666666665,0.4966666666666669
1302.0,0.0,0.4166666666666667,0.4050000000000001,0.1783333333333333
1203.0,0.0,0.16666666666666655,0.3333333333333331,0.5000000000000003
75.0,0.010000000000000002,0.3733333333333333,0.44666666666666693,0.16999999999999985
1628.0,0.0,0.16666666666666655,0.5000000000000003,0.3333333333333331
575.0,0.0,0.4433333333333334,0.3900000000000001,0.1666666666666665
1156.0,0.0016666666666666666,0.16499999999999979,0.44500000000000006,0.3883333333333334
851.0,0.5000000000000003,0.33333333333333315,0.16666666666666657,0.0
1313.0,0.0,0.16666666666666655,0.33499999999999985,0.4983333333333336
1643.0,0.0,0.18500000000000005,0.3366666666666665,0.4783333333333335
56.0,0.4833333333333335,0.3449999999999998,0.17166666666666663,0.0
758.0,0.19333333333333333,0.49999999999999983,0.21666666666666687,0.09
465.0,0.46000000000000013,0.3733333333333334,0.1666666666666665,0.0
186.0,0.14666666666666658,0.3166666666666665,0.47333333333333344,0.06333333333333337
685.0,0.30666666666666664,0.43833333333333335,0.255,0.0
1431.0,0.20666666666666672,0.5000000000000001,0.25999999999999995,0.033333333333333326
302.0,0.0,0.16666666666666655,0.3366666666666665,0.4966666666666669
776.0,0.5000000000000003,0.33333333333333315,0.16666666666666657,0.0
1074.0,0.5000000000000003,0.33333333333333315,0.16666666666666657,0.0
1374.0,0.0,0.16666666666666655,0.34166666666666656,0.4916666666666669
373.0,0.3399999999999998,0.47833333333333355,0.1816666666666666,0.0
958.0,0.15833333333333316,0.3816666666666666,0.43166666666666687,0.02833333333333333
1275.0,0.18499999999999997,0.3766666666666667,0.4133333333333333,0.024999999999999994
539.0,0.0,0.32999999999999974,0.5000000000000003,0.16999999999999993
1556.0,0.04333333333333332,0.3616666666666665,0.47166666666666685,0.12333333333333324
394.0,0.45000000000000023,0.37499999999999994,0.1749999999999999,0.0
576.0,0.0,0.4366666666666666,0.38500000000000006,0.17833333333333323
1101.0,0.0,0.1816666666666667,0.5000000000000003,0.3183333333333331
997.0,0.36666666666666675,0.31666666666666643,0.23166666666666685,0.08500000000000006
232.0,0.013333333333333334,0.18333333333333332,0.46833333333333343,0.3349999999999999
1512.0,0.2550000000000001,0.2883333333333331,0.4316666666666667,0.024999999999999994
1537.0,0.0,0.23333333333333348,0.29333333333333317,0.4733333333333334
707.0,0.02833333333333334,0.33499999999999985,0.49666666666666687,0.13999999999999993
281.0,0.38166666666666665,0.2166666666666667,0.024999999999999994,0.3766666666666667
870.0,0.0,0.17833333333333323,0.4166666666666668,0.4049999999999999
23.0,0.28,0.4050000000000001,0.27666666666666656,0.03833333333333332
1262.0,0.0,0.3666666666666667,0.4633333333333335,0.16999999999999987
1355.0,0.4933333333333336,0.33999999999999986,0.16666666666666655,0.0
33.0,0.010000000000000005,0.16499999999999987,0.5000000000000003,0.32499999999999984
1533.0,0.0,0.16666666666666655,0.4983333333333336,0.33499999999999985
1112.0,0.5000000000000003,0.33333333333333315,0.16666666666666657,0.0
222.0,0.0,0.2883333333333333,0.4983333333333334,0.21333333333333332
829.0,0.0683333333333334,0.4916666666666669,0.33666666666666645,0.10333333333333335
664.0,0.37666666666666665,0.45666666666666683,0.1666666666666665,0.0
486.0,0.4083333333333334,0.345,0.24666666666666667,0.0
1662.0,0.011666666666666674,0.3266666666666665,0.5000000000000003,0.16166666666666654
445.0,0.07833333333333337,0.225,0.42166666666666675,0.27499999999999986
558.0,0.0,0.33333333333333315,0.5000000000000003,0.16666666666666657
907.0,0.446666666666667,0.36833333333333335,0.16666666666666652,0.01833333333333334
1332.0,0.0,0.16666666666666652,0.3466666666666666,0.4866666666666669
1169.0,0.2799999999999998,0.5,0.22000000000000008,0.0
1063.0,0.19000000000000009,0.4950000000000003,0.3133333333333331,0.0016666666666666672
1410.0,0.003333333333333335,0.16499999999999987,0.5000000000000003,0.3316666666666665
976.0,0.29666666666666663,0.25499999999999995,0.235,0.21333333333333346
322.0,0.001666666666666667,0.2933333333333331,0.20500000000000013,0.5000000000000001
629.0,0.14166666666666655,0.4900000000000002,0.34333333333333316,0.025
140.0,0.1649999999999998,0.39000000000000007,0.4416666666666669,0.0033333333333333335
1461.0,0.3883333333333334,0.045000000000000005,0.2816666666666666,0.2849999999999999
793.0,0.0,0.33333333333333315,0.5000000000000003,0.16666666666666657
215.0,0.0,0.17166666666666663,0.5000000000000003,0.32833333333333314
1040.0,0.055000000000000035,0.49666666666666687,0.2816666666666667,0.16666666666666655
500.0,0.0,0.33333333333333315,0.5000000000000003,0.16666666666666657
700.0,0.0,0.16666666666666655,0.3333333333333331,0.5000000000000003
1609.0,0.01500000000000001,0.5000000000000003,0.33333333333333315,0.15166666666666656
80.0,0.0,0.2,0.4800000000000002,0.3199999999999998
743.0,0.49999999999999994,0.27166666666666656,0.22666666666666677,0.0016666666666666663
1190.0,0.0,0.16666666666666652,0.36333333333333334,0.4700000000000002
267.0,0.13833333333333334,0.26666666666666666,0.4266666666666667,0.16833333333333333
834.0,0.0516666666666667,0.49333333333333357,0.33999999999999986,0.11499999999999999
1283.0,0.003333333333333333,0.2849999999999999,0.4699999999999999,0.24166666666666678
1135.0,0.471666666666667,0.3349999999999998,0.16666666666666655,0.026666666666666672
1012.0,0.10500000000000001,0.4983333333333335,0.3349999999999998,0.06166666666666672
336.0,0.3383333333333332,0.49333333333333357,0.16833333333333325,0.0
1482.0,0.38999999999999996,0.4433333333333336,0.1666666666666665,0.0
133.0,0.0,0.4400000000000001,0.3933333333333334,0.1666666666666665
1664.0,0.008333333333333337,0.1583333333333332,0.3366666666666665,0.4966666666666669
593.0,0.2883333333333332,0.11999999999999998,0.47500000000000026,0.11666666666666664
522.0,0.29666666666666647,0.49999999999999994,0.2033333333333335,0.0
431.0,0.5000000000000003,0.33333333333333315,0.16666666666666657,0.0
1590.0,0.0016666666666666674,0.1666666666666666,0.3333333333333332,0.4983333333333336
1404.0,0.15333333333333318,0.3566666666666666,0.456666666666667,0.03333333333333333
943.0,0.12999999999999998,0.47000000000000025,0.3316666666666664,0.06833333333333338
121.0,0.4650000000000001,0.36500000000000005,0.16999999999999985,0.0
1241.0,0.0,0.17333333333333328,0.49333333333333357,0.33333333333333315
409.0,0.018333333333333344,0.1599999999999999,0.49833333333333363,0.32333333333333314
614.0,0.006666666666666668,0.2983333333333333,0.37000000000000016,0.3249999999999999
31.0,0.01333333333333334,0.5000000000000003,0.32333333333333314,0.16333333333333325
49.0,0.5000000000000003,0.33333333333333315,0.16666666666666657,0.0
1025.0,0.0,0.16833333333333325,0.4966666666666669,0.33499999999999985
1444.0,0.0,0.1666666666666665,0.44333333333333347,0.39000000000000007
963.0,0.0,0.16666666666666652,0.46666666666666684,0.3666666666666667
920.0,0.0,0.1683333333333332,0.49500000000000033,0.3366666666666665
358.0,0.5000000000000003,0.33333333333333315,0.16666666666666657,0.0
1298.0,0.040000000000000015,0.14999999999999988,0.44833333333333353,0.36166666666666664
1207.0,0.45833333333333354,0.37499999999999994,0.16666666666666652,0.0
1624.0,0.4966666666666669,0.3366666666666665,0.16666666666666655,0.0
158.0,0.02333333333333335,0.3266666666666665,0.49833333333333363,0.15166666666666656
573.0,0.0,0.4100000000000002,0.4233333333333334,0.1666666666666665
651.0,0.0,0.16666666666666646,0.4283333333333335,0.405
1499.0,0.48000000000000015,0.34333333333333316,0.16999999999999987,0.006666666666666668
1150.0,0.0,0.29499999999999993,0.49166666666666686,0.21333333333333324
814.0,0.3066666666666666,0.44666666666666666,0.19166666666666668,0.05500000000000001
317.0,0.4933333333333336,0.3383333333333332,0.16666666666666655,0.0016666666666666674
885.0,0.003333333333333335,0.16666666666666655,0.49833333333333363,0.3316666666666665
204.0,0.11833333333333332,0.30166666666666664,0.3966666666666667,0.18333333333333335
1224.0,0.33166666666666644,0.4900000000000003,0.17499999999999996,0.0033333333333333344
1389.0,0.13166666666666652,0.38499999999999995,0.4466666666666667,0.036666666666666646
1575.0,0.3583333333333333,0.4716666666666668,0.16999999999999987,0.0
450.0,0.32500000000000007,0.3183333333333332,0.3533333333333335,0.0033333333333333344
720.0,0.4433333333333336,0.3633333333333332,0.17333333333333328,0.020000000000000004
1370.0,0.0,0.1766666666666667,0.4950000000000002,0.32833333333333314
956.0,0.0033333333333333335,0.39000000000000007,0.4433333333333334,0.16333333333333314
372.0,0.4816666666666669,0.35166666666666657,0.16666666666666655,0.0
1279.0,0.5000000000000003,0.33333333333333315,0.1649999999999999,0.0016666666666666679
537.0,0.0,0.16666666666666646,0.4,0.43333333333333357
1552.0,0.5000000000000003,0.33333333333333315,0.16666666666666657,0.0
151.0,0.3299999999999998,0.4916666666666669,0.17833333333333332,0.0
578.0,0.0,0.16666666666666646,0.39500000000000013,0.4383333333333334
395.0,0.00666666666666667,0.15999999999999986,0.3333333333333331,0.5000000000000003
1097.0,0.0016666666666666674,0.5000000000000003,0.3333333333333331,0.16499999999999987
112.0,0.5000000000000003,0.33333333333333315,0.16666666666666657,0.0
999.0,0.005000000000000003,0.3416666666666666,0.4850000000000002,0.16833333333333325
1516.0,0.2866666666666665,0.4916666666666667,0.21333333333333343,0.008333333333333333
1152.0,0.27166666666666667,0.4650000000000001,0.26333333333333325,0.0
197.0,0.09333333333333332,0.4200000000000001,0.37499999999999994,0.11166666666666661
849.0,0.22166666666666682,0.4983333333333334,0.27499999999999986,0.005000000000000002
1317.0,0.021666666666666664,0.33666666666666667,0.4333333333333333,0.20833333333333337
1647.0,0.07500000000000007,0.09666666666666669,0.33333333333333304,0.49500000000000016
756.0,0.0,0.26666666666666655,0.5,0.23333333333333336
464.0,0.0,0.16666666666666655,0.3333333333333331,0.5000000000000003
687.0,0.0,0.2533333333333334,0.47166666666666673,0.2749999999999998
89.0,0.4950000000000003,0.3383333333333332,0.16666666666666655,0.0
1427.0,0.17833333333333332,0.5000000000000003,0.31999999999999973,0.0016666666666666674
778.0,0.0,0.2766666666666666,0.49166666666666664,0.23166666666666672
303.0,0.06333333333333335,0.11166666666666662,0.4616666666666668,0.3633333333333333
1078.0,0.5000000000000003,0.33333333333333315,0.16666666666666657,0.0
1123.0,0.0,0.16666666666666652,0.36499999999999994,0.46833333333333355
1478.0,0.5000000000000001,0.2583333333333333,0.1549999999999999,0.0866666666666667
339.0,0.3383333333333332,0.4950000000000003,0.16666666666666655,0.0
1010.0,0.0,0.3299999999999996,0.20500000000000013,0.4650000000000002
11.0,0.5000000000000003,0.33333333333333315,0.16666666666666657,0.0
599.0,0.11499999999999998,0.2566666666666666,0.34999999999999987,0.2783333333333335
70.0,0.0016666666666666674,0.49333333333333373,0.33999999999999986,0.16499999999999987
1594.0,0.24833333333333332,0.48333333333333345,0.26833333333333337,0.0
524.0,0.49833333333333363,0.3349999999999999,0.16666666666666657,0.0
428.0,0.03999999999999998,0.12833333333333322,0.3616666666666666,0.47000000000000014
937.0,0.4200000000000001,0.34666666666666646,0.2333333333333334,0.0
251.0,0.5000000000000003,0.33333333333333315,0.16666666666666657,0.0
1392.0,0.1266666666666667,0.4200000000000002,0.28333333333333327,0.16999999999999987
1237.0,0.4983333333333336,0.3333333333333331,0.16833333333333328,0.0
111.0,0.5000000000000003,0.33333333333333315,0.16666666666666657,0.0
1465.0,0.0,0.21166666666666697,0.495,0.29333333333333306
1052.0,0.0016666666666666666,0.3383333333333332,0.4483333333333334,0.21166666666666673
799.0,0.11833333333333325,0.05,0.3883333333333334,0.44333333333333336
503.0,0.17499999999999982,0.44,0.38333333333333336,0.0016666666666666663
698.0,0.49833333333333363,0.33499999999999985,0.16666666666666655,0.0
1605.0,0.5000000000000003,0.33333333333333315,0.16666666666666657,0.0
169.0,0.5000000000000003,0.33333333333333315,0.16666666666666657,0.0
737.0,0.11000000000000001,0.5000000000000003,0.32499999999999973,0.06500000000000006
836.0,0.0,0.16666666666666646,0.43833333333333335,0.39500000000000013
264.0,0.5000000000000003,0.32999999999999974,0.11499999999999999,0.05500000000000004
1295.0,0.45166666666666677,0.31833333333333313,0.1966666666666668,0.03333333333333333
552.0,0.0033333333333333335,0.16999999999999987,0.36666666666666664,0.4600000000000002
446.0,0.010000000000000004,0.16499999999999987,0.3416666666666665,0.4833333333333336
1650.0,0.48333333333333356,0.3499999999999999,0.16666666666666655,0.0
1336.0,0.1950000000000001,0.19333333333333327,0.16999999999999996,0.4416666666666668
242.0,0.02666666666666666,0.22500000000000003,0.5,0.2483333333333332
909.0,0.013333333333333332,0.4383333333333335,0.3683333333333331,0.17999999999999994
1181.0,0.0,0.16666666666666652,0.3483333333333332,0.4850000000000002
42.0,0.0,0.16666666666666652,0.34999999999999987,0.48333333333333356
1067.0,0.0,0.16666666666666655,0.3333333333333331,0.5000000000000003
982.0,0.005000000000000002,0.1616666666666665,0.3566666666666667,0.47666666666666685
321.0,0.12666666666666665,0.37500000000000006,0.355,0.14333333333333334
1422.0,0.25166666666666676,0.495,0.24333333333333326,0.009999999999999998
627.0,0.14333333333333326,0.12999999999999998,0.495,0.2316666666666667
1549.0,0.008333333333333335,0.19666666666666666,0.36999999999999994,0.42500000000000004
709.0,0.13499999999999987,0.3566666666666666,0.4766666666666669,0.03166666666666666
160.0,0.0,0.30166666666666647,0.5000000000000002,0.19833333333333333
1250.0,0.0,0.16666666666666652,0.3483333333333332,0.4850000000000002
864.0,0.05833333333333336,0.11999999999999993,0.49000000000000016,0.33166666666666644
282.0,0.31999999999999973,0.4966666666666669,0.18333333333333338,0.0
1351.0,0.005,0.26166666666666666,0.49166666666666664,0.24166666666666678
1521.0,0.21166666666666684,0.40833333333333327,0.3083333333333332,0.07166666666666667
827.0,0.0,0.1666666666666665,0.44000000000000006,0.3933333333333335
1108.0,0.5000000000000003,0.33333333333333315,0.16666666666666657,0.0
485.0,0.5000000000000003,0.33333333333333315,0.16666666666666657,0.0
670.0,0.491666666666667,0.3416666666666665,0.16666666666666655,0.0
855.0,0.13999999999999982,0.3716666666666666,0.4616666666666668,0.026666666666666658
15.0,0.4966666666666668,0.2733333333333333,0.1366666666666666,0.09333333333333338
1164.0,0.006666666666666668,0.18000000000000002,0.4666666666666668,0.3466666666666666
1321.0,0.011666666666666665,0.17333333333333314,0.46500000000000014,0.35
102.0,0.0,0.2516666666666667,0.5000000000000001,0.24833333333333335
1635.0,0.008333333333333337,0.34166666666666656,0.49166666666666686,0.1583333333333332
467.0,0.0033333333333333335,0.1666666666666665,0.38,0.45000000000000023
754.0,0.0,0.16666666666666655,0.3333333333333331,0.5000000000000003
681.0,0.0,0.2383333333333334,0.4933333333333333,0.26833333333333326
187.0,0.235,0.35166666666666657,0.2716666666666667,0.14166666666666666
1439.0,0.0,0.16833333333333328,0.3316666666666665,0.5000000000000003
1082.0,0.0,0.18333333333333332,0.4966666666666669,0.31999999999999984
300.0,0.5000000000000003,0.33333333333333315,0.16666666666666657,0.0
780.0,0.5000000000000003,0.33333333333333315,0.16666666666666657,0.0
954.0,0.07333333333333339,0.48,0.3533333333333333,0.09333333333333335
375.0,0.3616666666666667,0.4700000000000002,0.1683333333333332,0.0
1366.0,0.3933333333333334,0.4400000000000001,0.15166666666666648,0.015000000000000003
1267.0,0.4900000000000002,0.3433333333333332,0.16499999999999987,0.0016666666666666672
79.0,0.03333333333333332,0.40666666666666657,0.4266666666666669,0.1333333333333332
1564.0,0.04166666666666668,0.33999999999999986,0.4800000000000002,0.13833333333333328
543.0,0.5000000000000003,0.33333333333333315,0.1649999999999999,0.0016666666666666679
580.0,0.38166666666666654,0.45166666666666705,0.1666666666666665,0.0
392.0,0.3183333333333331,0.49166666666666686,0.18499999999999997,0.005000000000000002
1093.0,0.491666666666667,0.3366666666666665,0.16666666666666657,0.005000000000000004
1504.0,0.21666666666666676,0.49833333333333335,0.2699999999999998,0.015
233.0,0.5000000000000002,0.33166666666666644,0.16666666666666657,0.0016666666666666672
993.0,0.4600000000000002,0.3716666666666666,0.16666666666666652,0.001666666666666667
178.0,0.05833333333333335,0.4683333333333334,0.36333333333333323,0.10999999999999995
653.0,0.021666666666666667,0.4666666666666668,0.3666666666666667,0.14499999999999985
1495.0,0.5000000000000003,0.33333333333333315,0.16666666666666657,0.0
808.0,0.31333333333333335,0.45000000000000007,0.1699999999999999,0.06666666666666672
318.0,0.1616666666666665,0.3616666666666666,0.4600000000000002,0.016666666666666673
1138.0,0.3933333333333335,0.3233333333333332,0.2833333333333333,0.0
1220.0,0.485,0.22833333333333336,0.25666666666666665,0.029999999999999992
883.0,0.046666666666666676,0.3099999999999999,0.4900000000000002,0.15333333333333327
1377.0,0.0,0.1666666666666665,0.4466666666666668,0.3866666666666666
1579.0,0.10833333333333334,0.12999999999999992,0.4966666666666667,0.26499999999999996
58.0,0.0,0.16666666666666646,0.36833333333333335,0.4650000000000001
449.0,0.026666666666666672,0.2433333333333333,0.3433333333333334,0.38666666666666666
726.0,0.0,0.1666666666666665,0.4216666666666669,0.4116666666666666
410.0,0.45000000000000007,0.2583333333333332,0.22499999999999998,0.06666666666666667
608.0,0.07833333333333338,0.4733333333333335,0.3083333333333331,0.13999999999999996
1037.0,0.003333333333333333,0.1666666666666665,0.3816666666666667,0.44833333333333336
965.0,0.0,0.16666666666666655,0.3366666666666665,0.496666666666667
224.0,0.02333333333333334,0.3499999999999998,0.4833333333333336,0.14333333333333323
1448.0,0.3583333333333333,0.4750000000000002,0.1666666666666665,0.0
1310.0,0.5000000000000003,0.33333333333333315,0.16666666666666657,0.0
926.0,0.0,0.16666666666666655,0.33499999999999985,0.49833333333333363
357.0,0.011666666666666669,0.4366666666666669,0.3966666666666668,0.15499999999999983
1211.0,0.0,0.16666666666666652,0.3633333333333334,0.4700000000000002
571.0,0.0,0.17666666666666658,0.34999999999999987,0.4733333333333335
1620.0,0.008333333333333335,0.16666666666666652,0.4683333333333335,0.3566666666666666
1469.0,0.0,0.16666666666666646,0.39000000000000007,0.4433333333333334
1048.0,0.0,0.16833333333333325,0.49833333333333363,0.3333333333333331
214.0,0.0,0.16666666666666655,0.33499999999999985,0.4983333333333336
797.0,0.008333333333333333,0.24500000000000002,0.49,0.2566666666666666
696.0,0.43000000000000027,0.40333333333333327,0.1666666666666665,0.0
502.0,0.0,0.3199999999999997,0.5000000000000002,0.18000000000000005
1601.0,0.0,0.2649999999999999,0.5,0.2350000000000001
739.0,0.5000000000000003,0.33333333333333315,0.16666666666666657,0.0
838.0,0.0,0.2233333333333334,0.4616666666666667,0.3149999999999999
265.0,0.0,0.16666666666666655,0.3433333333333332,0.4900000000000002
1198.0,0.48500000000000015,0.34833333333333316,0.14999999999999986,0.016666666666666673
22.0,0.024999999999999998,0.32333333333333314,0.47166666666666685,0.18000000000000002
35.0,0.0,0.5000000000000003,0.33333333333333315,0.16666666666666657
1291.0,0.5000000000000003,0.33333333333333315,0.16666666666666657,0.0
1127.0,0.04666666666666666,0.4149999999999999,0.41333333333333355,0.12499999999999989
1474.0,0.0,0.16666666666666652,0.46166666666666684,0.3716666666666667
1008.0,0.01,0.4183333333333335,0.41500000000000015,0.15666666666666648
338.0,0.5000000000000003,0.33333333333333315,0.16666666666666657,0.0
597.0,0.03999999999999998,0.20166666666666677,0.5,0.2583333333333332
1672.0,0.0,0.25,0.44500000000000023,0.30499999999999977
132.0,0.0033333333333333357,0.5000000000000003,0.3299999999999998,0.16666666666666657
1598.0,0.5000000000000003,0.33333333333333315,0.16666666666666657,0.0
429.0,0.5000000000000003,0.3316666666666665,0.16833333333333325,0.0
526.0,0.15166666666666653,0.2433333333333334,0.1933333333333333,0.4116666666666667
939.0,0.023333333333333334,0.4666666666666669,0.3566666666666666,0.15333333333333315
1396.0,0.016666666666666673,0.18500000000000008,0.49166666666666686,0.3066666666666665
1233.0,0.1633333333333333,0.5000000000000001,0.2899999999999998,0.046666666666666676
1545.0,0.0,0.1950000000000001,0.4116666666666667,0.39333333333333326
84.0,0.5000000000000003,0.33333333333333315,0.16666666666666657,0.0
711.0,0.5000000000000003,0.33333333333333315,0.16666666666666657,0.0
1254.0,0.0,0.29499999999999976,0.47166666666666673,0.23333333333333348
866.0,0.0,0.1699999999999999,0.34333333333333327,0.48666666666666686
283.0,0.4483333333333335,0.3733333333333333,0.17499999999999993,0.003333333333333334
1347.0,0.5000000000000003,0.33333333333333315,0.16666666666666657,0.0
1525.0,0.019999999999999997,0.3566666666666665,0.3883333333333333,0.23500000000000007
825.0,0.07000000000000003,0.35166666666666646,0.4766666666666668,0.10166666666666667
223.0,0.4066666666666668,0.42500000000000004,0.16833333333333314,0.0
1104.0,0.285,0.5000000000000001,0.21166666666666661,0.0033333333333333335
484.0,0.5000000000000001,0.2316666666666667,0.25499999999999995,0.013333333333333334
668.0,0.19666666666666668,0.4866666666666668,0.31666666666666643,0.0
554.0,0.31333333333333335,0.3900000000000001,0.29666666666666647,0.0
447.0,0.03999999999999999,0.46666666666666673,0.3633333333333334,0.12999999999999987
1654.0,0.0,0.2050000000000001,0.49833333333333335,0.2966666666666665
1340.0,0.5000000000000003,0.33333333333333315,0.16666666666666657,0.0
911.0,0.5000000000000003,0.33333333333333315,0.16666666666666657,0.0
125.0,0.5000000000000003,0.33333333333333315,0.16666666666666657,0.0
1177.0,0.04666666666666667,0.4116666666666668,0.37166666666666665,0.16999999999999993
1071.0,0.16166666666666646,0.005000000000000001,0.4350000000000002,0.3983333333333333
980.0,0.0016666666666666674,0.4983333333333336,0.33499999999999985,0.16499999999999987
320.0,0.25666666666666654,0.4983333333333333,0.24333333333333335,0.0016666666666666663
1418.0,0.06500000000000003,0.10166666666666664,0.3899999999999999,0.4433333333333334
141.0,0.0,0.33333333333333315,0.5000000000000003,0.16666666666666657
625.0,0.0,0.3166666666666664,0.47833333333333355,0.20500000000000018
374.0,0.21999999999999997,0.48,0.28,0.02
952.0,0.5000000000000001,0.23666666666666666,0.15333333333333332,0.10999999999999996
1362.0,0.5000000000000003,0.33333333333333315,0.1549999999999999,0.011666666666666674
1271.0,0.2633333333333333,0.033333333333333326,0.44333333333333336,0.26
150.0,0.13333333333333328,0.5000000000000003,0.32833333333333314,0.03833333333333334
1560.0,0.001666666666666667,0.16499999999999984,0.35499999999999987,0.47833333333333355
541.0,0.20000000000000004,0.2200000000000001,0.25500000000000006,0.3249999999999999
393.0,0.0,0.16666666666666655,0.33666666666666656,0.4966666666666669
582.0,0.2483333333333333,0.5000000000000001,0.21333333333333332,0.03833333333333332
30.0,0.0016666666666666674,0.5000000000000003,0.3333333333333331,0.16499999999999987
51.0,0.39166666666666683,0.4416666666666667,0.1666666666666665,0.0
1089.0,0.0,0.16666666666666652,0.3566666666666667,0.47666666666666685
1508.0,0.25999999999999995,0.5,0.21333333333333326,0.02666666666666666
995.0,0.0,0.16666666666666655,0.48666666666666686,0.34666666666666657
853.0,0.49833333333333363,0.3349999999999999,0.16666666666666657,0.0
1160.0,0.0,0.32499999999999973,0.49833333333333363,0.17666666666666667
196.0,0.0016666666666666668,0.18500000000000005,0.375,0.4383333333333333
1325.0,0.0,0.16666666666666655,0.4666666666666669,0.3666666666666666
1639.0,0.2999999999999998,0.4983333333333336,0.1966666666666667,0.005000000000000003
752.0,0.5000000000000003,0.33333333333333315,0.16666666666666657,0.0
466.0,0.0,0.16666666666666646,0.4016666666666667,0.43166666666666687
683.0,0.16666666666666655,0.4866666666666669,0.34666666666666657,0.0
1435.0,0.37499999999999994,0.37333333333333324,0.2433333333333335,0.008333333333333331
1086.0,0.023333333333333338,0.4783333333333335,0.355,0.1433333333333332
301.0,0.0,0.16666666666666655,0.4916666666666669,0.34166666666666656
782.0,0.005000000000000001,0.17166666666666655,0.36333333333333334,0.4600000000000001
411.0,0.3550000000000001,0.35333333333333344,0.2833333333333333,0.008333333333333337
610.0,0.5000000000000003,0.32999999999999974,0.16999999999999993,0.0
1033.0,0.4983333333333336,0.13833333333333325,0.3216666666666665,0.04166666666666668
116.0,0.5000000000000003,0.33333333333333315,0.16666666666666657,0.0
967.0,0.0,0.17333333333333323,0.39333333333333337,0.4333333333333335
1306.0,0.0,0.16666666666666655,0.3383333333333332,0.49500000000000033
924.0,0.0,0.16666666666666655,0.4983333333333336,0.33499999999999985
356.0,0.038333333333333316,0.2433333333333335,0.35333333333333306,0.36500000000000005
1215.0,0.29999999999999977,0.49333333333333357,0.185,0.021666666666666674
569.0,0.15333333333333335,0.2966666666666666,0.18999999999999995,0.3600000000000001
1616.0,0.35500000000000015,0.4283333333333334,0.1633333333333332,0.053333333333333365
159.0,0.5000000000000003,0.33333333333333315,0.16666666666666657,0.0
655.0,0.0,0.1783333333333334,0.5000000000000002,0.32166666666666643
93.0,0.001666666666666667,0.16499999999999984,0.36,0.4733333333333335
1491.0,0.19000000000000006,0.29499999999999976,0.47666666666666685,0.03833333333333333
810.0,0.0,0.26666666666666655,0.5,0.23333333333333342
319.0,0.0,0.3433333333333332,0.49000000000000027,0.16666666666666655
1142.0,0.15833333333333313,0.3833333333333334,0.45000000000000023,0.008333333333333333
205.0,0.010000000000000002,0.22166666666666662,0.355,0.4133333333333335
1216.0,0.33833333333333315,0.4866666666666669,0.17499999999999996,0.0
881.0,0.5000000000000003,0.33333333333333315,0.1649999999999999,0.0016666666666666679
1381.0,0.2516666666666667,0.495,0.2516666666666666,0.0016666666666666666
1583.0,0.25166666666666676,0.4200000000000002,0.29999999999999977,0.02833333333333333
724.0,0.5000000000000003,0.3316666666666665,0.16833333333333325,0.0
448.0,0.20666666666666667,0.4933333333333334,0.28499999999999986,0.015000000000000003
1669.0,0.49500000000000016,0.2949999999999999,0.2100000000000001,0.0
641.0,0.4033333333333334,0.33999999999999986,0.25666666666666665,0.0
177.0,0.005,0.3983333333333335,0.42833333333333334,0.16833333333333314
1130.0,0.10999999999999995,0.37333333333333324,0.4550000000000001,0.06166666666666669
312.0,0.13999999999999985,0.3633333333333332,0.47000000000000014,0.026666666666666665
804.0,0.0,0.16666666666666646,0.4000000000000001,0.43333333333333335
1487.0,0.33833333333333315,0.49166666666666686,0.16833333333333325,0.0016666666666666672
1401.0,0.041666666666666664,0.18833333333333335,0.43000000000000027,0.33999999999999975
99.0,0.4950000000000003,0.3383333333333332,0.16666666666666655,0.0
895.0,0.0,0.3483333333333332,0.48000000000000015,0.17166666666666658
1244.0,0.003333333333333334,0.18499999999999994,0.3766666666666666,0.4350000000000002
730.0,0.0,0.36333333333333334,0.4333333333333335,0.2033333333333332
455.0,0.08000000000000006,0.3599999999999999,0.47166666666666673,0.08833333333333336
1587.0,0.0033333333333333357,0.3299999999999998,0.5000000000000003,0.16666666666666657
620.0,0.49166666666666686,0.3349999999999998,0.17333333333333326,0.0
412.0,0.0,0.33333333333333315,0.5000000000000003,0.16666666666666657
227.0,0.496666666666667,0.3366666666666665,0.16666666666666657,0.0
1456.0,0.001666666666666667,0.18166666666666662,0.4766666666666669,0.3399999999999998
969.0,0.5000000000000003,0.32333333333333314,0.17666666666666667,0.0
1045.0,0.0,0.3249999999999998,0.5000000000000002,0.17499999999999996
1187.0,0.5000000000000003,0.33333333333333315,0.16666666666666657,0.0
355.0,0.0,0.16666666666666652,0.476666666666667,0.35666666666666647
914.0,0.16499999999999984,0.46333333333333354,0.3666666666666667,0.005000000000000002
1286.0,0.5000000000000003,0.33333333333333315,0.16666666666666657,0.0
1612.0,0.3666666666666667,0.09833333333333334,0.44,0.095
567.0,0.0,0.16666666666666652,0.36500000000000005,0.4683333333333335
74.0,0.19333333333333347,0.5000000000000001,0.3066666666666665,0.0
1329.0,0.5000000000000003,0.33333333333333315,0.16666666666666657,0.0
1172.0,0.0,0.16666666666666646,0.39500000000000024,0.4383333333333333
859.0,0.0,0.16666666666666655,0.3333333333333331,0.5000000000000003
469.0,0.003333333333333335,0.32833333333333314,0.4916666666666669,0.17666666666666667
766.0,0.19666666666666668,0.4983333333333335,0.3049999999999998,0.0
1659.0,0.0,0.17333333333333323,0.4766666666666669,0.34999999999999987
184.0,0.42666666666666675,0.315,0.23333333333333325,0.024999999999999998
677.0,0.0,0.16666666666666652,0.3666666666666667,0.46666666666666684
768.0,0.12333333333333331,0.3333333333333331,0.5000000000000003,0.04333333333333335
298.0,0.0,0.4416666666666667,0.3916666666666668,0.1666666666666665
1058.0,0.49833333333333363,0.33499999999999985,0.16666666666666655,0.0
1415.0,0.0,0.29999999999999977,0.4916666666666668,0.20833333333333345
44.0,0.03833333333333332,0.2916666666666665,0.4933333333333334,0.17666666666666672
1259.0,0.3733333333333332,0.45666666666666683,0.16999999999999987,0.0
1358.0,0.5000000000000003,0.33333333333333315,0.16666666666666657,0.0
950.0,0.5000000000000003,0.33333333333333315,0.16666666666666657,0.0
369.0,0.0,0.16666666666666655,0.3333333333333331,0.5000000000000003
531.0,0.0,0.22166666666666665,0.43833333333333346,0.33999999999999997
1540.0,0.4016666666666666,0.40333333333333354,0.16666666666666652,0.028333333333333335
584.0,0.37166666666666665,0.4533333333333333,0.17499999999999993,0.0
398.0,0.4716666666666668,0.11666666666666663,0.14666666666666664,0.26500000000000007
1005.0,0.0033333333333333344,0.17666666666666664,0.49333333333333357,0.32666666666666644
234.0,0.5000000000000003,0.3266666666666665,0.16999999999999996,0.003333333333333335
1528.0,0.11999999999999997,0.32333333333333325,0.4200000000000002,0.1366666666666667
1117.0,0.0,0.1666666666666665,0.3916666666666667,0.44166666666666676
1642.0,0.03,0.4700000000000002,0.3549999999999998,0.14499999999999988
548.0,0.0016666666666666674,0.1666666666666666,0.3316666666666665,0.5000000000000003
440.0,0.015000000000000008,0.15166666666666656,0.3333333333333331,0.5000000000000003
1157.0,0.32166666666666643,0.49333333333333357,0.18166666666666662,0.0033333333333333344
897.0,0.41,0.42333333333333356,0.1666666666666665,0.0
1312.0,0.0,0.16666666666666646,0.40333333333333327,0.4300000000000002
241.0,0.0,0.16666666666666655,0.3333333333333331,0.5000000000000003
1430.0,0.07666666666666672,0.3549999999999999,0.4783333333333333,0.09000000000000002
986.0,0.5000000000000003,0.33333333333333315,0.16666666666666657,0.0
327.0,0.0,0.31833333333333347,0.37500000000000006,0.3066666666666665
1075.0,0.0,0.3333333333333331,0.49833333333333363,0.16833333333333325
67.0,0.008333333333333333,0.44166666666666676,0.38333333333333347,0.1666666666666665
639.0,0.0,0.16666666666666655,0.3333333333333331,0.5000000000000003
163.0,0.3750000000000001,0.31833333333333325,0.3066666666666666,0.0
713.0,0.0,0.16666666666666646,0.4116666666666668,0.4216666666666667
1557.0,0.0,0.16833333333333317,0.4600000000000002,0.37166666666666665
1375.0,0.00666666666666667,0.15999999999999986,0.3399999999999999,0.4933333333333336
876.0,0.19000000000000006,0.49500000000000016,0.31333333333333313,0.001666666666666667
284.0,0.49833333333333363,0.33499999999999985,0.16666666666666655,0.0
1274.0,0.0,0.18000000000000005,0.5000000000000002,0.31999999999999973
1100.0,0.05500000000000002,0.3449999999999998,0.48833333333333356,0.11166666666666664
823.0,0.5000000000000003,0.33333333333333315,0.16666666666666657,0.0
106.0,0.0,0.42500000000000004,0.40833333333333355,0.1666666666666665
1513.0,0.008333333333333333,0.1583333333333331,0.4366666666666669,0.39666666666666656
483.0,0.0,0.425,0.40833333333333355,0.16666666666666646
658.0,0.0,0.1766666666666666,0.3449999999999998,0.4783333333333336
341.0,0.0,0.16666666666666646,0.38833333333333336,0.44500000000000023
1022.0,0.04500000000000002,0.5000000000000003,0.3333333333333331,0.12166666666666665
1502.0,0.07166666666666668,0.2433333333333334,0.45000000000000007,0.23499999999999988
1147.0,0.5000000000000003,0.3083333333333331,0.17666666666666667,0.015000000000000008
1.0,0.04833333333333334,0.3383333333333331,0.49000000000000016,0.12333333333333325
603.0,0.0,0.16666666666666655,0.3333333333333331,0.5000000000000003
512.0,0.496666666666667,0.3366666666666665,0.16166666666666651,0.005000000000000003
426.0,0.34833333333333316,0.4800000000000002,0.17166666666666658,0.0
1570.0,0.0,0.16666666666666655,0.3333333333333331,0.5000000000000003
1229.0,0.4633333333333335,0.34833333333333333,0.1749999999999999,0.013333333333333334
1384.0,0.2849999999999999,0.4883333333333335,0.21166666666666664,0.015000000000000003
248.0,0.1833333333333334,0.5000000000000001,0.31499999999999967,0.001666666666666667
933.0,0.4433333333333334,0.18666666666666668,0.24666666666666662,0.12333333333333321
787.0,0.06333333333333335,0.3933333333333335,0.42666666666666664,0.11666666666666659
1028.0,0.36500000000000005,0.3666666666666668,0.16666666666666655,0.1016666666666667
1441.0,0.4850000000000002,0.3483333333333333,0.16666666666666655,0.0
60.0,0.0,0.16666666666666652,0.3616666666666667,0.47166666666666685
497.0,0.46166666666666684,0.365,0.16999999999999987,0.0033333333333333335
694.0,0.010000000000000005,0.5000000000000003,0.33333333333333315,0.15666666666666657
749.0,0.015,0.1716666666666665,0.4066666666666668,0.4066666666666668
170.0,0.0,0.43166666666666687,0.4016666666666667,0.1666666666666665
1629.0,0.0016666666666666666,0.42333333333333345,0.41000000000000014,0.16499999999999979
1303.0,0.44333333333333336,0.3733333333333333,0.18333333333333335,0.0
1202.0,0.5000000000000003,0.33333333333333315,0.16666666666666657,0.0
270.0,0.0,0.3049999999999997,0.4800000000000001,0.21500000000000022
840.0,0.5000000000000003,0.33333333333333315,0.16666666666666657,0.0
622.0,0.4683333333333335,0.36500000000000005,0.16666666666666652,0.0
413.0,0.5000000000000003,0.33333333333333315,0.16666666666666657,0.0
1460.0,0.1316666666666666,0.3333333333333331,0.4883333333333336,0.04666666666666667
971.0,0.0,0.16666666666666652,0.3566666666666667,0.4766666666666669
