1658.0,2.932645484886946E-7,0.05496381543544156,0.3512540442860297,0.5937818470139808
444.0,1.821241338917314E-7,0.3440761494771672,0.5563195760755514,0.09960409232314807
556.0,2.245757054412062E-7,0.10816222957235691,0.7363591051692397,0.15547844068269845
905.0,2.3558511662636538E-7,0.23373758547289364,0.5264211497144142,0.239841029227575
243.0,0.02380347311991051,0.22053267431274312,0.47397036562819744,0.28169348693914853
1328.0,2.558540959944256E-7,0.10633173327082986,0.4871737429793795,0.40649426789569504
1173.0,0.14574864130954682,0.5033090178795274,0.32410746558016323,0.026834875230762306
1059.0,0.13642582945178994,0.21340044741193634,0.492754290487838,0.15741943264843578
1414.0,3.3031783193072444E-7,0.21690151156633083,0.4056323536373191,0.3774658044785189
978.0,0.05731168761275684,0.5534848729300232,0.23694652669994662,0.15225691275727304
323.0,3.110828550642293E-7,0.20334984293168806,0.5557471916108139,0.2409026543746429
631.0,3.5729403752948307E-7,0.41333302975734126,0.38374237183625426,0.20292424111236682
66.0,0.654600314579797,0.23533007019140073,0.05228129230774037,0.05778832292106219
1541.0,0.8338540058208664,0.02874076976909952,0.13740474566950256,4.787405313638104E-7
161.0,3.3560973354896995E-7,0.16577148826183766,0.6913523541775122,0.14287582195091647
705.0,0.39594937654358453,0.40478798370483804,0.19926223274063598,4.0701094137110325E-7
280.0,0.05721455650461702,0.2550185092590528,0.39274317861073627,0.2950237556255939
868.0,3.2922612699292465E-7,0.2705295755224695,0.4253315104303139,0.3041385848210897
1258.0,0.2666975475162521,0.27643791528697426,0.281922181530111,0.17494235566666264
1359.0,2.840994289510534E-7,0.3594567600641424,0.4182590405164084,0.22228391532001937
107.0,3.5703762766831217E-7,0.055711683933627486,0.4421875166345098,0.5021004423942347
1529.0,0.0878896865991581,0.37624955249267783,0.32865262264378786,0.2072081382643757
1116.0,0.0877024929587008,0.29481642636970157,0.3631034343214203,0.25437764635017773
831.0,0.1051451535204126,0.3957245648642056,0.25430550307410743,0.2448247785412743
666.0,0.19910258989771906,0.3002475975178162,0.40643933419052924,0.09421047839393581
487.0,0.22933333425649724,0.255999999732011,0.3123333305490337,0.20233333546253957
40.0,2.603528604857737E-7,0.07638597235114965,0.6164763933837545,0.3071373739122358
1131.0,3.8882051355091533E-7,0.4287585288809831,0.48676900090862096,0.08447208138988228
337.0,2.8864895295056027E-7,0.3834032399927852,0.4135962876240241,0.20300018373423837
1014.0,0.047629691255100595,0.25187041710346914,0.4529551699729253,0.24754472166850508
1486.0,3.034335798847365E-7,0.15809652673145916,0.6870397309200553,0.1548634389149052
1668.0,2.4710935133559273E-7,0.1983282671709027,0.27603590360856034,0.5256355821111848
595.0,4.2027683693047047E-7,0.2069989574098683,0.5311825332194341,0.26181808909386095
430.0,0.027250953708687957,0.5218273142407166,0.24468254257552696,0.20623918947506806
520.0,0.4598189369348773,0.4168939423509674,0.09862944612402937,0.024657674590126473
1586.0,0.26388497924128845,0.4143152498590763,0.2927735013431914,0.02902626955644383
1400.0,0.4535571682222152,0.12151194647118485,0.12194401642205226,0.30298686888454696
250.0,0.12216336419451228,0.36312046389948094,0.11814143481252411,0.3965747370934825
941.0,0.06149907464110996,0.40486236012646104,0.4212747347218614,0.11236383051056789
1245.0,0.3459708748260052,0.4095259293945135,0.24450284371104847,3.5206843264056134E-7
1457.0,3.084242695983625E-7,0.17907356779180383,0.6266522743671988,0.19427384941672793
795.0,0.20648052499136466,0.26245996706604113,0.29566894219901857,0.23539056574357575
1044.0,0.052077516470427396,0.3764555649917228,0.3013591403036472,0.2701077782342025
702.0,0.05290825363830548,0.2904006058298924,0.3772726285490642,0.2794185119827382
501.0,0.453251716753928,0.241843182236858,0.3049047583264016,3.4268281225944823E-7
1613.0,3.4051873944559435E-7,0.32843970596770816,0.20968442812043708,0.46187552539311516
741.0,0.5193672371128338,0.3474371597338813,0.13319530544917624,2.9770410911379607E-7
168.0,3.6013025402653797E-7,0.3302234686505577,0.4402133961841596,0.2295627750350283
1186.0,0.7722189420992699,0.22778007117514026,4.93362795062506E-7,4.93362795062506E-7
266.0,0.12931736352744744,0.3790059940358549,0.45303375961254994,0.03864288282414829
832.0,3.2979213944182066E-7,0.2352422842858066,0.49810585647077016,0.26665152945128345
1287.0,2.969472902081841E-7,0.3468075953897318,0.5243079897534382,0.12888411790954055
649.0,0.06621831563009117,0.12297550903803327,0.7075328109050792,0.10327336442679663
179.0,0.05750773968862017,3.6180848846882453E-7,0.5280075712743167,0.41448432722857453
1503.0,0.7254423618026544,0.2745568021026108,4.1804736753835984E-7,4.1804736753835984E-7
1146.0,2.703258116330913E-7,0.04743875105703164,0.5484003883939343,0.40416059022322215
812.0,0.04233638329533532,0.5713216877672268,0.29641093010207925,0.08993099883535854
316.0,0.05434229432665174,0.15264196439892017,0.6022573995458411,0.19075834172858666
887.0,3.3195651392634696E-7,0.17045569144279338,0.464595457679549,0.3649485189211433
1228.0,3.936603116497424E-7,0.24430458933281698,0.5937191943767005,0.1619758226301707
1385.0,4.0585403278354773E-7,0.20833966487054892,0.5470530301679092,0.24460689910750927
98.0,0.45187364362186344,0.32487291019692616,0.1791022082519425,0.044151237929268936
1571.0,0.05657920278494372,0.15007006515693924,0.3860208972907,0.4073298347674173
722.0,0.062263837105533654,0.08159708420166742,0.6578698176035701,0.19826926108922882
451.0,0.22944284261382286,0.21513397306988694,0.3513918678208837,0.20403131649540684
612.0,0.05834393125383457,0.21319260056076098,0.40057482796019445,0.32788864022520997
408.0,0.7172038417690197,0.1730678505589026,0.0552322185955174,0.05449608907656001
1029.0,3.3197590712610887E-7,0.5085645455922659,0.46148125895162506,0.029953863480202268
1440.0,0.02487581431283998,0.29796473177680594,0.479447618595851,0.19771183531450254
225.0,0.22981988082258045,0.254503001799945,0.3128752473545233,0.20280187002303277
961.0,0.09980921629320484,0.3133974159951219,0.4309474399041438,0.15584592780752995
922.0,2.8294005681010613E-7,0.05053631859315631,0.3938099037274881,0.5556534947392987
359.0,3.8916321422098315E-7,0.2592724769212719,0.4755834472891474,0.26514368662636617
1302.0,2.53761821177339E-7,0.2696122684762035,0.4407591873731668,0.28962829038880794
1203.0,3.6443159313288755E-7,0.14203155420288072,0.3666236555766597,0.49134442578886567
75.0,0.14627890778582364,0.08848870946318331,0.5320307972651254,0.23320158548586734
1628.0,3.0049268298634033E-7,0.1969892264491565,0.5861293798185105,0.21688109323965007
575.0,0.04752153538937786,0.3187506975803515,0.4258577018024709,0.2078700652277991
1156.0,2.7095694023592367E-7,0.08344464505164469,0.48999258020000874,0.42656250379140603
851.0,0.5459014355874015,0.28341656683880934,0.05114138897106763,0.11954060860272202
1313.0,3.0723396266570427E-7,0.27344324632385786,0.43380968540571224,0.29274676103646774
1643.0,4.178427321900389E-7,0.17722936009039209,0.323735531156338,0.4990346909105376
56.0,0.4065571403046941,0.2757236409167341,0.26613087258604445,0.05158834619252706
758.0,0.2902242533516834,0.23513220798259382,0.23490127734825955,0.23974226131746298
465.0,0.21124843085385225,0.1641707436118246,0.47077953236014447,0.1538012931741788
186.0,0.11280416232076795,0.21997220334254974,0.46428798186208686,0.20293565247459533
685.0,0.10573504822015092,0.15804389297971042,0.5131701355512723,0.22305092324886672
1431.0,0.27630149591907066,0.28142988754692533,0.18371536408041703,0.25855325245358735
302.0,3.8908696166322684E-7,0.11872079529042898,0.4123226485351898,0.46895616708741955
776.0,0.3724898603146144,0.33599777493263344,0.2915119447363461,4.200164064907108E-7
1074.0,0.4425752710410443,0.22779648309065836,0.27381270328972895,0.05581554257856803
1374.0,3.57103623702939E-7,0.14014603164569947,0.4407537190818113,0.4190998921688653
373.0,0.3812477263855167,0.33148690881294657,0.20128463863976204,0.0859807261617749
958.0,3.587735846622742E-7,0.2693065038394412,0.417700522220408,0.3129926151665664
1275.0,0.16243000653807316,0.12156260857412315,0.5217871737906841,0.19422021109711957
539.0,0.05945797919322915,0.053780088353876876,0.8013129441087063,0.08544898834418767
1556.0,2.8215197926383673E-7,0.16296329180818653,0.7703682266177487,0.06666819942208538
394.0,0.2832375420541191,0.24366035258943927,0.296075885397755,0.1770262199586865
576.0,3.252232423512787E-7,0.48578293536876094,0.20987429391476675,0.3043424454932301
1101.0,2.6303341212057285E-7,0.14438827937358287,0.47226126306733324,0.3833501945256713
997.0,0.05170398666340608,0.10272550865584973,0.5012952899768373,0.34427521470390643
232.0,2.427685244682198E-7,0.2888939647019023,0.2965681083857057,0.4145376841438675
1512.0,0.08740027604439728,0.13556578153504295,0.41419634255835275,0.3628375998622072
1537.0,0.2038483145276046,0.3258068145354157,0.13105215104451315,0.3392927198924671
707.0,3.1916665632969663E-7,0.18379475435718334,0.44135528534656465,0.3748496411295953
281.0,0.05764843591673294,0.053613749524537256,0.3745678611080701,0.51416995345066
870.0,3.9251700615462906E-7,0.29229924608098584,0.46804867108160264,0.23965169032040562
23.0,0.3633439636081012,0.41450709376806805,0.13725956553521704,0.08488937708861329
1262.0,3.549176726748427E-7,0.3840586632235676,0.4511564871762833,0.1647844946824763
1355.0,0.6764346517265261,0.21173431037060025,0.058654502357649074,0.05317653554522496
33.0,2.88412100941427E-7,0.3245135948772769,0.3318736547659094,0.3436124619447125
1533.0,0.02622019479057165,0.16306114501396174,0.45572324804343645,0.35499541215203034
1112.0,0.8112549927710185,0.0878971754422707,2.1466356595999155E-7,0.10084761712314494
222.0,3.6451891012360037E-7,0.12039003324847287,0.3721686692310459,0.5074409330015707
829.0,3.279246932495105E-7,0.31784546156887056,0.6044407480421906,0.07771346246424529
664.0,0.720676555332004,0.16654590494323157,0.05272623263246691,0.060051307092297224
486.0,0.11410493969192505,0.39329944867705335,0.4401380108561259,0.05245760077489549
1662.0,3.266899628513726E-7,0.2942894198555215,0.5225601657270613,0.18315008772745453
445.0,0.273647449678037,0.3088798116798213,0.18396205621248823,0.2335106824296531
558.0,1.9054386617327825E-7,0.2976738992526256,0.41317333951893703,0.2891525706845715
907.0,0.41037811117839396,0.15759325372912922,0.26639264160971904,0.1656359934827578
1332.0,0.06962053357738845,0.1733844373517859,0.3253823634897311,0.4316126655810948
1169.0,3.794410255651543E-7,0.12470487639131873,0.777722746647543,0.09757199752011293
1063.0,0.18385847839325672,0.3476379032301708,0.233182095104662,0.23532152327191136
1410.0,2.6264331916311795E-7,0.17917400000665004,0.5049163381745351,0.31590939917549576
976.0,0.43282631098150537,0.25566030716280735,0.19870627899266147,0.11280710286302517
322.0,0.04765786150487049,0.2055047444044891,0.3717719008075066,0.37506549328313404
629.0,0.05406887117107409,0.34879957262325867,0.4814741016007247,0.11565745460494224
140.0,3.202434489877618E-7,0.22032529139153498,0.5310677378966652,0.24860665046835118
1461.0,0.328700439802492,0.08396988449203581,0.25439467342674693,0.3329350022787251
793.0,0.05165090667436547,0.10368429305072717,0.6504949919714651,0.19416980830344258
215.0,2.0524231457868971E-7,0.23921227255337107,0.5102023347968044,0.25058518740751035
1040.0,0.0433828972472913,0.2840734280156146,0.5134087926107775,0.1591348821263166
500.0,2.5904255524891426E-7,0.2660263052389553,0.5613501474909759,0.1726232882275138
700.0,2.731158716293722E-7,0.28930563225411543,0.41019759860169713,0.3004964960283157
1609.0,1.7314672238768482E-7,0.48969543095370277,0.41079866646441765,0.09950572943515698
80.0,0.05607733538325767,0.1678160712731713,0.23502701632451664,0.5410795770190546
743.0,0.7661010387998,0.06410071914118691,0.11551818258836745,0.054280059470645854
1190.0,3.41316897981125E-7,0.11498555446634018,0.4448592530138462,0.44015485120291503
267.0,0.05316433344202844,0.3905093658274131,0.2277043974990679,0.328621903231491
834.0,0.04353069273252743,0.4653337144400809,0.35979351775766943,0.13134207506972234
1283.0,0.09243354554446909,0.33626816205622473,0.2961025134835965,0.2751957789157102
1135.0,0.34127326592849405,0.15593578043581946,0.2619196149072685,0.24087133872841818
1012.0,3.9356550595748143E-7,0.2810265438394137,0.44356165499810135,0.2754114075969785
336.0,0.026617802279935546,0.40508092470792384,0.32198480209730856,0.24631647091483186
1482.0,0.19689034355220042,0.4128224019087492,0.33513878282848114,0.05514847171056957
133.0,1.8911934980962782E-7,0.30316607793431544,0.3893375664309746,0.3074961665153596
1664.0,3.0553151858118436E-7,0.045655605773942586,0.3833937838157802,0.5709503048787591
593.0,3.7875861875072784E-7,0.22036145916925595,0.42433215429058596,0.35530600778153953
522.0,0.13132264541816405,0.45876620848016164,0.23368044773167856,0.17623069836999516
431.0,0.43340082534557983,0.2685569678983083,0.1860373735930539,0.1120048331630574
1590.0,3.96377814858092E-7,0.11196371587143625,0.3410730256316904,0.5469628621190586
1404.0,0.061946756909624937,0.46912678766862853,0.35377103310376284,0.1151554223179838
943.0,3.399917375600277E-7,0.6103208469792377,0.2243109245059518,0.1653678885230729
121.0,0.5599325146346048,0.11709796274041283,0.21721034314000834,0.10575917948497457
1241.0,2.590319738317399E-7,0.343584200183482,0.5246516998904841,0.13176384089405963
409.0,3.358515630646216E-7,0.4110956931337508,0.26957555499702957,0.31932841601765716
614.0,3.3718921928853795E-7,0.13396043267244542,0.5621739536606992,0.303865276477636
31.0,0.05242630014448798,0.2775543148134164,0.4371339162879668,0.23288546875412905
49.0,0.5616159261290207,0.2852820711016888,0.0639100972479384,0.08919190552135146
1025.0,2.2424265754804808E-7,0.15315908536060852,0.2909143457443397,0.5559263446523939
1444.0,3.1727788616678026E-7,0.14013475848979107,0.46942163633678907,0.39044328789553356
963.0,2.4802158755922715E-7,0.13146429996241293,0.470804896917293,0.39773055509870675
920.0,2.9234395844470764E-7,0.11721665860810132,0.7095304879079289,0.1732525611400111
358.0,0.5651759193318654,0.24671392339262277,0.1308758256314699,0.05723433164404163
1298.0,0.1548963616293655,0.061333805152313896,0.35320824453384586,0.4305615886844749
1207.0,0.19718402117217068,0.33803033528508114,0.35752484215925706,0.10726080138349142
1624.0,0.5492135883677021,0.2683894394159194,0.043974990538866505,0.13842198167751243
158.0,3.390385654199693E-7,0.2675193200377302,0.48914046538043865,0.24333987554326547
573.0,2.9488470352090744E-7,0.3230240705899838,0.5440031792323946,0.13297245529291826
651.0,2.388163630727758E-7,0.280792357010408,0.4364857278403063,0.28272167633292195
1499.0,0.25391917114703666,0.47116101562963225,0.18534535058437032,0.08957446263896159
1150.0,3.141164146531926E-7,0.2934354159419485,0.3810462531615352,0.3255180167801023
814.0,0.3754685449712286,0.3097834062472847,0.1623171854909702,0.15243086329051664
317.0,0.3851994777709545,0.21417833250155244,0.2973197796137184,0.1033024101137745
885.0,3.8970128943459145E-7,0.14005060468067218,0.5263698074721412,0.3335791981458969
204.0,0.0546834727707607,0.3879451629751913,0.4174802699701576,0.13989109428389046
1224.0,0.22688849271125822,0.47950779512119573,0.18949070434384255,0.10411300782370385
1389.0,3.523790496619366E-7,0.5637951274066063,0.3169053374765901,0.11929918273775376
1575.0,0.09476287753908318,0.35083186916577824,0.434169924046311,0.1202353292488275
450.0,0.1388151046790351,0.2980212274286299,0.3371826297337022,0.22598103815863327
720.0,0.2844971957682007,0.3071228529836444,0.19205207364225535,0.21632787760589992
1370.0,2.929477507287588E-7,0.21412773761042275,0.5264310836368448,0.25944088580498176
956.0,2.7979695302302396E-7,0.21910530439109296,0.3905579152863568,0.39033650052559676
372.0,0.5685928458016116,0.3095090653621427,0.09876979724965493,0.02312829158659096
1279.0,0.5666023780599542,0.2673562917089195,0.13913854411609203,0.026902786115034022
537.0,2.950267910213758E-7,0.22346059791277395,0.322811168189756,0.4537279388706791
1552.0,0.4121982544296673,0.24604750649315718,0.09548174386512946,0.24627249521204617
151.0,0.3170189445121097,0.4507832531725542,0.20694005929249307,0.025257743022844257
578.0,3.598180226789243E-7,0.1679642761490832,0.43699392983752783,0.3950414341953665
395.0,0.11669340274516629,0.08245811915943983,0.38803203014770404,0.4128164479476901
1097.0,2.5310904917573844E-7,0.644049897812044,0.23268165414217104,0.1232681949367354
112.0,0.1187896792654169,0.2501405987023129,0.5185123961132955,0.11255732591897459
999.0,4.214819331262671E-7,0.2300236789789685,0.7699754780571653,4.214819331262671E-7
1516.0,0.17635312830225366,0.343627017734575,0.2759137956445119,0.20410605831865883
1152.0,0.10955624103186938,0.32296174925730364,0.47724258870450853,0.09023942100631836
197.0,0.08123474240390219,0.17448556799696296,0.6918294952802587,0.05245019431887595
849.0,0.1854722313332173,0.3785147093035493,0.3216653741657808,0.11434768519745234
1317.0,0.04613816020243145,0.34746165720990013,0.3681490553577397,0.23825112722992847
1647.0,0.48830280336431997,0.1036514340660424,0.21686979732399023,0.19117596524564753
756.0,3.4198128607573396E-7,0.31845992370623216,0.3831485405196935,0.2983911937927879
464.0,2.7349961766927604E-7,0.16853335385860563,0.36257321208647914,0.468893160555297
687.0,3.2717927307335703E-7,0.4703703955972344,0.4458435868729786,0.08378569035051359
89.0,0.6252180266650595,0.3185618431007112,3.8452987212322246E-7,0.05621974570435675
1427.0,4.089297832426317E-7,0.4343171897536212,0.3390755019732275,0.22660689934336795
778.0,3.6454946196646255E-7,0.23539496283346661,0.26575238109685195,0.49885229152021937
303.0,2.769814976514477E-7,0.09769439196159048,0.5267758751262416,0.3755294559306699
1078.0,0.6902714785032419,0.3097276119276799,4.54784539472798E-7,4.54784539472798E-7
1123.0,0.04538505403570357,0.09175029240883625,0.5748100675767392,0.2880545859787206
1478.0,0.7275661674098206,0.1041905495843696,0.058842284371359965,0.10940099863444973
339.0,0.10378844380905786,0.444382401988987,0.35107393339802306,0.10075522080393236
1010.0,2.3427775723326143E-7,0.4045748420354561,0.3637399779063386,0.23168494578044782
11.0,0.6608667104166138,0.10080659906201368,0.08859827825516761,0.149728412266205
599.0,0.08060955288704456,0.48839421967058433,0.3787026210122062,0.052293606430165354
70.0,0.055691823167638786,0.4252199951148552,0.4061031331281826,0.1129850485893239
1594.0,0.2989800365681109,0.3298316137745178,0.34427869663949473,0.026909653017876168
524.0,0.6593002211909624,0.14331036092669233,0.0853205067550788,0.1120689111272669
428.0,0.06900974978065783,0.1301471780640619,0.33743752385831477,0.4634055482969654
937.0,0.47176766992689245,0.26320774535094693,0.15687040573196478,0.10815417899019578
251.0,0.3312775472581124,0.2595612438467921,0.2155627242971437,0.1935984845979516
1392.0,0.05740049089377206,0.30711534212763575,0.38036616210095175,0.2551180048776407
1237.0,0.11127260628944123,0.5110881676241265,0.27644602450798045,0.10119320157845227
111.0,0.3551418312525243,0.4504792587078581,0.16862384368279798,0.02575506635681918
1465.0,3.483272356792916E-7,0.2275002043041361,0.45068418177991065,0.3218152655887178
1052.0,0.06398537872331334,0.20748034214633185,0.5882879435472039,0.14024633558315125
799.0,0.05566036362066207,0.26348313105109894,0.25915573811198384,0.4217007672162548
503.0,0.22559288617265238,0.3717160910469984,0.3091652705212707,0.09352575225907897
698.0,0.4526059442782213,0.3417581380529568,0.10845700144729448,0.0971789162215272
1605.0,0.7029959178374244,0.24223975733066602,0.05476388642206971,4.384098409217191E-7
169.0,0.42690834811941997,0.4167229940911907,0.10526997324545422,0.051098684543935485
737.0,0.24264105794525923,0.31809385933770884,0.26661774285919176,0.17264733985784
836.0,2.943701917713766E-7,0.0788911853630455,0.6035393707780228,0.3175691494887401
264.0,0.5822285941514337,0.1200336220436503,0.21223812244627882,0.0854996613586377
1295.0,0.19148166580760118,0.05463938792022235,0.4961160892194006,0.25776285705277546
552.0,2.8132530699279393E-7,0.2129385292637184,0.4742299753412552,0.3128312140697188
446.0,0.27609579897824266,0.1424838254780756,0.2734473946644673,0.30797298087921415
1650.0,0.5635601368531852,0.19263248278859688,0.1936025223652738,0.05020485799294429
1336.0,3.630048174503302E-7,0.08321345879566752,0.5264188233691999,0.3903673548303157
242.0,0.05812387523895636,0.11579183764099955,0.5906652274644381,0.23541905965560614
909.0,2.4810601451671086E-7,0.14796092665636087,0.4459136597420636,0.4061251654955616
1181.0,2.95402269950384E-7,0.24490889880798214,0.3525516163711398,0.402539189418608
42.0,2.1671598958878963E-7,0.23153193176123754,0.2601222740585188,0.508345577464255
1067.0,0.05657622576565251,0.07948523878929145,0.408087430197645,0.45585110524741157
982.0,2.8403498237158033E-7,0.2358283273561473,0.38502038708137043,0.37915100152750053
321.0,4.275931790127363E-7,0.5411332897957992,0.2665777731432896,0.19228850946773182
1422.0,4.2805175816783296E-7,0.2651470945255963,0.497198459202692,0.2376540182199545
627.0,3.962053942578205E-7,0.22913840535704338,0.2791776274553898,0.49168357098217197
1549.0,3.727097818776874E-7,0.058328242365222986,0.4450541764166268,0.4966172085083682
709.0,2.979207757089364E-7,0.37217520485869615,0.3374914770112262,0.290333020209302
160.0,2.6908099857743273E-7,0.2362821048134601,0.6523660927534651,0.11135153335207584
1250.0,0.030076121422830573,0.16730147328106929,0.26151813603588797,0.5411042692602119
864.0,3.000285918689888E-7,0.2841410657433793,0.5603653389336474,0.15549329529438133
282.0,0.12034244772586308,0.53892187268339,0.2505679172432302,0.09016776234751676
1351.0,2.939681452451613E-7,0.21224309454408907,0.6531863804225417,0.1345702310652238
1521.0,0.1509894534925047,0.3134276146240983,0.40671031878461894,0.12887261309877812
827.0,3.4766691693708004E-7,0.2428514082267386,0.3574838636134248,0.39966438049291964
1108.0,0.675999359227593,0.14971989242104133,0.061099576119536606,0.11318117223182934
485.0,0.9201301581580674,0.057162004665655075,0.022707737497219167,9.967905834852215E-8
670.0,0.22933333425649724,0.2569999996873427,0.3129999971859216,0.20066666887031998
855.0,0.041149969714729194,0.30810147035244445,0.5865799750557914,0.06416858487703389
15.0,0.5863473956684266,0.13605871189674462,0.18628366487259565,0.09131022756223367
1164.0,3.7644508687570785E-7,0.11758407121724888,0.3773411160896098,0.5050744362480543
1321.0,3.462660219068818E-7,0.16560335099586407,0.49315892372218556,0.34123737901592804
102.0,0.10680650364412776,0.17737495742944248,0.6026507608545972,0.11316777807183287
1635.0,2.468953107015663E-7,0.2627308408584882,0.5869191390345367,0.1503497732116643
467.0,0.0576477837536469,0.05798317980062387,0.6301648488701115,0.2542041875756177
754.0,4.2123188491975054E-7,0.37937981658189396,0.2615000248791369,0.35911973730708396
681.0,3.4950697525809364E-7,0.059300391232234205,0.5897294082818684,0.35096985097892236
187.0,0.3604145976091283,0.18789543168173004,0.28683449518373594,0.16485547552540591
1439.0,2.1469556869926516E-7,0.26154139232134294,0.3146136280797273,0.4238447649033604
1082.0,2.855548586075943E-7,0.1251179563299318,0.4652648225336434,0.40961693558156653
300.0,0.39936191278754335,0.3382459518129417,0.05488229048817547,0.20750984491133959
780.0,0.8586321138669113,0.09534791053927472,0.046019645365190535,3.3022862336045947E-7
954.0,3.2363441839750444E-7,0.25413462979450196,0.3802042746759737,0.36566077189510565
375.0,0.3229351828333523,0.4168686130162021,0.2601957946001216,4.095503245187735E-7
1366.0,0.5593852552709009,0.3336874031053861,0.1069268646033076,4.770204054068452E-7
1267.0,0.7117617857658463,0.11421942994215348,0.06361576113417104,0.1104030231578293
79.0,0.05833353042206376,0.33165756082604625,0.42370113305217855,0.18630777569971213
1564.0,0.16319387053751863,0.3163982505588587,0.3843141066376122,0.1360937722660102
543.0,0.1923380549563427,0.5144660401560796,0.09588901356782624,0.19730689131975146
580.0,0.6167599043455456,0.27188029434721217,0.06175917770791779,0.049600623599323664
392.0,0.38204218161353953,0.29939558593087723,0.1966319283428606,0.12193030411272299
1093.0,0.43515000570576584,0.25440159131606,0.12838466696131604,0.18206373601685774
1504.0,0.05194465090433684,0.42542285167656657,0.35106752952543935,0.17156496789365716
233.0,0.7727560230217638,0.12497654883851632,0.10226698044739964,4.4769232030441306E-7
993.0,0.15743801907248697,0.30358505501564226,0.2941468205381089,0.2448301053737619
178.0,0.02502549704915023,0.2061793877311846,0.46876939732287465,0.30002571789679117
653.0,2.967926853451887E-7,0.7883402866257442,0.1855043736126778,0.026155042968893257
1495.0,0.615506222106981,0.20154309780198917,0.07783008079667338,0.10512059929435659
808.0,0.47497885624715064,0.3105341145229575,0.15578651631386445,0.058700512916027854
318.0,4.2578311357012904E-7,0.12247775372307129,0.4951400027429169,0.38238181775089897
1138.0,0.247090371804781,0.3502861274785947,0.35356352550051084,0.0490599752161136
1220.0,4.2014798436534924E-7,0.21138595463142346,0.1976727125208144,0.5909409126997773
883.0,0.054032382523495286,0.1255357054255937,0.5501767700467246,0.2702551420041863
1377.0,3.9040920983876527E-7,0.29932995792148615,0.5136038295507783,0.1870658221185255
1579.0,0.1045362002164929,0.31972485777200355,0.39328510896416824,0.18245383304733553
58.0,3.8191060442460875E-7,0.3826200692959558,0.4071132991788816,0.2102662496145586
449.0,0.16334145887985788,0.19306565522143918,0.3453945196586932,0.2981983662400095
726.0,2.2235435826133418E-7,0.1898804376542951,0.310375335168288,0.49974400482305786
410.0,0.5265890873316728,0.2692004134705361,0.10456139160407907,0.09964910759371268
608.0,0.05295929504777752,0.4128220437702022,0.437782014002455,0.09643664717956509
1037.0,3.665548611449265E-7,0.1175676335288933,0.2864477449694664,0.5959842549467789
965.0,2.9610092220906115E-7,0.16806223849914687,0.35858613183616106,0.47335133356377046
224.0,3.432297516731299E-7,0.2525318042408081,0.5190944116523932,0.2283734408770472
1448.0,0.7866392141221815,0.14268099156073516,4.342151153104451E-7,0.07067936010196835
1310.0,0.751997142125297,0.13214747772052102,0.03937450819632812,0.07648087195785383
926.0,3.8932509314933016E-7,0.35877098869962387,0.18103233819539588,0.46019628377988664
357.0,2.072116962399817E-7,0.40467400496182726,0.40021588968100286,0.19510989814547383
1211.0,3.681155800513544E-7,0.22305744293099547,0.2719006381636569,0.5050415507897672
571.0,3.255925568794943E-7,0.20796658673906132,0.5069430910963324,0.2850899965720492
1620.0,0.1827678182567684,0.11864622948767338,0.6717971155646273,0.026788836690930875
1469.0,3.596029249064214E-7,0.36108513229734757,0.42750674465353866,0.21140776344618895
1048.0,0.05557087033423468,0.10783508845068508,0.6350407940297894,0.2015532471852909
214.0,3.8068670953843373E-7,0.056359812772122424,0.5844312908569279,0.3592085156842399
797.0,0.17395680348639053,0.29154493365277295,0.3224971264903015,0.21200113637053508
696.0,0.4167436909739061,0.26078878535438865,0.20683070592486646,0.11563681774683879
502.0,3.0695317001458955E-7,0.27647117859339804,0.31982262373790055,0.40370589071553137
1601.0,2.898692999398904E-7,0.10441056168717522,0.45693673511147437,0.43865241333205124
739.0,0.8379455689449095,0.10555071559328973,4.951973154032096E-7,0.05650322026448518
838.0,2.706346858119842E-7,0.3520480905549271,0.418172641630313,0.22977899718007402
265.0,3.034682585437213E-7,0.05394287176163795,0.466872878167023,0.4791839466030805
1198.0,0.38582636530472375,0.08772059558146292,0.47335920586373764,0.05309383325007584
22.0,0.05608357382942771,0.26608616041082306,0.28059300491649364,0.39723726084325633
35.0,0.10114592074857713,0.3641433506541112,0.2534905497415734,0.2812201788557376
1291.0,0.762649057583583,0.17318106474470418,0.06416941508553173,4.6258618160624676E-7
1127.0,3.3574468564189773E-7,0.5058327751659585,0.32714021647756575,0.16702667261178972
1474.0,3.3925705001692353E-7,0.07969912099824727,0.24099171112524378,0.6793088286194588
1008.0,0.09679669910033763,0.25060559341977323,0.6034526648312123,0.049145042648676765
338.0,0.7016704269520433,0.13012421079331435,0.10564591077050238,0.06255945148413991
597.0,0.11485691981481298,0.15175786994293,0.3313212444968763,0.40206396574538106
1672.0,2.823007580793693E-7,0.4820560937715311,0.24785801041235667,0.2700856135153538
132.0,3.722034849382916E-7,0.4652107823832748,0.25140526275853975,0.28338358265470054
1598.0,0.5646325817061919,0.17340200991291915,0.16191174067992792,0.10005366770096098
429.0,0.556536282109321,0.20059717439821584,0.10088537409079996,0.14198116940166305
526.0,0.055536778247689336,0.4697531143563484,0.2712855426082212,0.20342456478774076
939.0,3.734853336756908E-7,0.4766923335035921,0.4677691074862466,0.05553818552482709
1396.0,3.4733610804571633E-7,0.1725818973187195,0.4038935465419531,0.4235242088032193
1233.0,0.3898023716009091,0.27890299619356845,0.3036795618849655,0.027615070320556833
1545.0,3.028315506377313E-7,0.29478760924166436,0.44321658052666113,0.2619955074001236
84.0,0.4187980663763453,0.238480741274454,0.19995281260054135,0.1427683797486593
711.0,0.6301548437351155,0.2035699992082019,0.10202965884027627,0.06424549821640671
1254.0,2.642428193344217E-7,0.2322045439926475,0.4168140629698683,0.3509811287946651
866.0,3.6234370279229766E-7,0.22290004314115958,0.3478273317652008,0.429272262749937
283.0,0.09088701208014467,0.2942964295869453,0.36773285139921297,0.24708370693369758
1347.0,0.6360518826258992,0.3094487144407806,5.442696108159876E-7,0.05449885866370928
1525.0,0.09337168447769657,0.26991148340801585,0.3691412802616284,0.26757555185265997
825.0,3.258372094220646E-7,0.19067014971095037,0.6116638685799957,0.19766565587184454
223.0,0.10859089596249076,0.5415301951489484,0.29004518569990645,0.05983372318865443
1104.0,0.06104181844284792,0.4157746797983639,0.38248104391689675,0.1407024578418916
484.0,0.8990385762212663,3.533873210984181E-7,0.026176727407637976,0.07478434298377437
668.0,0.2842580806293023,0.364113281826971,0.29897132785234365,0.05265730969138346
554.0,0.35550614285944715,0.40624486952497657,0.1770177053227284,0.06123128229284796
447.0,0.04562404894339396,0.41140197356710273,0.3695935247842571,0.1733804527052471
1654.0,0.024605129903668102,0.20240994002567536,0.5611595493268479,0.21182538074380908
1340.0,0.8646149811835178,0.07326431238927011,0.06212036043607,3.459911421664893E-7
911.0,0.4289031731803038,0.2953557465213101,0.21379336375796051,0.06194771654042597
125.0,0.6510822763803342,0.2659694823369671,0.08294785390652655,3.873761719997156E-7
1177.0,0.050083848428498445,0.2707037625461439,0.36315747590994263,0.316054913115415
1071.0,3.9159416380074184E-7,0.15247247080476498,0.20143776175227998,0.6460893758487912
980.0,3.130712232103126E-7,0.43396584371944236,0.4016319928622516,0.1644018503470831
320.0,0.21774053510097022,0.4065505100767906,0.14935128160981237,0.2263576732124265
1418.0,2.637168399698102E-7,0.19916061468750657,0.3817842373451046,0.41905488425054954
141.0,2.568363954622494E-7,0.2980484192512725,0.5378018280426915,0.16414949586964128
625.0,0.06649258168727742,0.33069971445582297,0.335497021589829,0.2673106822670714
374.0,3.9493261466814844E-7,0.3322952674261785,0.3424664811120295,0.32523785652917775
952.0,0.872985480681976,0.026680720055389302,0.1003334764427806,3.228198541752302E-7
1362.0,0.8078466134499094,0.1921525764725405,4.0503877517477983E-7,4.0503877517477983E-7
1271.0,0.24921364379495753,0.13010679002827735,0.45345081441143736,0.16722875176532812
150.0,2.6814863378237743E-7,0.39833890520337767,0.4042993302465638,0.19736149640142425
1560.0,3.331264461640438E-7,0.1525842779145164,0.46498451489006914,0.38243087406896836
541.0,4.445352396158586E-7,0.22897832370709845,0.4634831018359089,0.307538129921753
393.0,2.983989083518935E-7,0.07001240103947826,0.33612265447550677,0.5938646460861065
582.0,0.21272569267058897,0.28914093169375854,0.3315703778515974,0.16656299778405542
30.0,3.582852922117873E-7,0.15418418347378085,0.4289592275769008,0.4168562306640265
51.0,0.2760151390614093,0.2836571741318846,0.41511732674675694,0.02521036005994905
1089.0,2.354611172894587E-7,0.28168102386389643,0.3671465037361711,0.35117223693881566
1508.0,0.43792275518773993,0.24023778398907936,0.19876191369087226,0.123077547132308
995.0,2.4063735309611494E-7,0.19559500883266043,0.5572622093321956,0.24714254119779092
853.0,0.8183194492729157,0.12638662992264765,0.05529353531748281,3.8548695397099977E-7
1160.0,3.105488952244763E-7,0.360094219684349,0.4125872523354101,0.22731821743134564
196.0,3.119196517765422E-7,0.057853738141227164,0.5029832465842367,0.43916270335488394
1325.0,2.0078171568214208E-7,0.08365307231030886,0.4404702700009261,0.4758764569070487
1639.0,3.317022125273028E-7,0.5496685655224758,0.235933819319323,0.21439728345598869
752.0,0.8240229910554295,0.13340928016096948,0.04256733771083358,3.910727673360458E-7
466.0,2.7451239837401804E-7,0.2184874139946252,0.1931732825753781,0.588339028917598
683.0,0.03946235391617642,0.24354716388473752,0.49259021897997574,0.22440026321911075
1435.0,3.1644423391839626E-7,0.22209759465598988,0.6572290413891355,0.12067304751064124
1086.0,2.5388862246173384E-7,0.2938606892285527,0.32303274381561464,0.38310631306720994
301.0,2.7364712509061073E-7,0.13107383125178848,0.5430384909864151,0.3258874041146712
782.0,0.029109167438881173,0.029109167438881173,0.2906156885720365,0.6511659765502015
411.0,0.5357534686963344,0.15219653939843011,0.22391281652710432,0.0881371753781307
610.0,0.33151341194840045,0.3609434435033945,0.13762026643207032,0.16992287811613416
1033.0,0.8970645980423472,0.07694824378062222,0.025986793491395533,3.64685635136761E-7
116.0,0.927102766068335,0.04962124230374497,0.02327588938671234,1.022412077580782E-7
967.0,3.19969377182645E-7,0.0645365728980127,0.46631337298642916,0.469149734146181
1306.0,3.0011607112559254E-7,0.26970308151854056,0.37856653429211545,0.35173008407327344
924.0,3.0661174727420913E-7,0.16269525487018657,0.4841904216505609,0.35311401686750515
356.0,3.580758453161051E-7,0.15995286701109873,0.668472363604289,0.17157441130876708
1215.0,0.25400495731849726,0.4914967951648368,0.13691429480732561,0.11758395270933981
569.0,0.3031901403697354,0.16376348333350715,0.30231121831290936,0.2307351579838479
1616.0,0.5206918027585135,0.31766676864972254,0.10900840833676807,0.05263302025499604
159.0,0.5956304138701485,0.25622298061759985,0.14814620666492656,3.988473252770036E-7
655.0,2.2515745680853196E-7,0.24163167351993545,0.5865461771525012,0.17182192417010672
93.0,2.7791686984446105E-7,0.05891154221321652,0.4200735751519454,0.5210146047179681
1491.0,0.29837072109408297,0.12877454986452921,0.3094983682894454,0.2633563607519425
810.0,2.345360927938709E-7,0.22452356000591314,0.4560277065521294,0.31944849890586446
319.0,2.473745749437523E-7,0.2737967076671887,0.4711861242680291,0.2550169206902072
1142.0,0.0872823844576096,0.1871073976987045,0.5306299635081712,0.19498025433551533
205.0,3.7543829961274364E-7,0.1063115058841304,0.5046823534126884,0.38900576526488106
1216.0,0.22555826570618334,0.40548773050751746,0.13240080454799813,0.23655319923830054
881.0,0.9158290198199409,0.08416993636425964,5.219078997305639E-7,5.219078997305639E-7
1381.0,0.0563896331769946,0.331909819515835,0.41576461575585044,0.1959359315513207
1583.0,0.2538243254959666,0.4484744829518625,0.0977885233127262,0.19991266823944454
724.0,0.630537140223239,0.16857124460140838,0.09003952899154419,0.11085208618380897
448.0,0.11892321713781366,0.2310486219789552,0.47793173036709585,0.1720964305161354
1669.0,0.71381816010759,0.053483386928540363,0.2326980271882709,4.2577559851861367E-7
641.0,0.17157734956639328,0.11177906382497875,0.5228094443834091,0.19383414222521933
177.0,0.02908046678572433,0.22962568591258772,0.5626869577728305,0.17860688952885778
1130.0,2.7714047733107595E-7,0.26241354371996534,0.6006942839486245,0.13689189519093298
312.0,2.9679154494252044E-7,0.40138539979624205,0.3495127029086857,0.24910160050352748
804.0,2.920842624421846E-7,0.056786588424461715,0.46809626294683787,0.4751168565444381
1487.0,0.10018638670855977,0.27115408362485716,0.4993823513356204,0.129277178330963
1401.0,3.260462037134526E-7,0.23539181877457016,0.536441335758212,0.22816651942101393
99.0,0.17647540529437172,0.5053992862944684,0.26865630528489004,0.04946900312626961
895.0,3.598069740499364E-7,0.30345801331502126,0.19650826903994068,0.500033357838064
1244.0,0.11167160448538065,0.2390797936965795,0.26871742269593746,0.380531179122103
730.0,0.0574452251069102,0.18795282632689625,0.4897552927191246,0.2648466558470686
455.0,0.055300242566086406,0.20378453482408676,0.4051352929506195,0.3357799296592076
1587.0,3.024258257817874E-7,0.21024197301897635,0.5498889167105615,0.2398688078446369
620.0,0.3837331928198751,0.16581213191327132,0.21891442644921233,0.231540248817641
412.0,2.7677929271856335E-7,0.19081147436625723,0.6710055660475325,0.13818268280691778
227.0,0.4540652830919678,0.235861620561098,0.2603002501090858,0.049772846237848396
1456.0,3.020400949459292E-7,0.2507588311851644,0.4106292698444718,0.33861159693026915
969.0,0.22256679627915557,0.1843577592487309,0.48399667043070865,0.1090787740414048
1045.0,3.013710650546112E-7,0.2928046687602658,0.36584815791129954,0.3413468719573693
1187.0,0.8231610897278362,0.17683840220883204,2.5403166563950687E-7,2.5403166563950687E-7
355.0,2.389465669008936E-7,0.29953478737855344,0.26204291519107686,0.4384220584838032
914.0,4.157081271481292E-7,0.44091807738171984,0.35877342220257563,0.20030808470757824
1286.0,0.25332613525390774,0.418497388908241,0.3281759433966127,5.324412391541106E-7
1612.0,0.3515839613970137,0.1884460483971873,0.3769312057362295,0.08303878446956939
567.0,2.682929569378596E-7,0.16525817856323477,0.4741042866892908,0.3606372664545169
74.0,0.12100695028184379,0.3579451564313656,0.3476346754205542,0.17341321786623723
1329.0,0.4661032522629582,0.3408598566739973,0.13700452810665192,0.056032362956392356
1172.0,3.095207227909136E-7,3.095207227909136E-7,0.4875282295662543,0.5124711513922999
859.0,2.8444737259808195E-7,0.31776555202321843,0.46780678553383803,0.21442737799557096
469.0,2.743332353784302E-7,0.23638208291576543,0.5134547582232678,0.2501628845277314
766.0,0.18290923504936893,0.2949156889516348,0.2589345699123321,0.2632405060866642
1659.0,0.05406372104036617,0.29652736638516847,0.4746716427515398,0.17473726982292487
184.0,0.050858295026166685,0.37119336407012293,0.4171914314581612,0.1607569094455489
677.0,2.422944325273344E-7,0.11321130410227236,0.3483946045427245,0.5383938490605699
768.0,3.53853834589431E-7,0.3190553691675344,0.6199952656783967,0.060949011300234286
298.0,2.7254115785308377E-7,0.29132787071668054,0.26838304302295657,0.44028881371920486
1058.0,4.718781828991691E-7,0.4058174411464525,0.453929807779491,0.1402522791958729
1415.0,3.5774773483920204E-7,0.17385176996763846,0.6546546832812066,0.17149318900342037
44.0,3.7461238809670477E-7,0.1276021349448549,0.6586446916355837,0.21375279880717343
1259.0,0.5818654484760747,0.3004564535704407,0.11767760495842157,4.92995063106367E-7
1358.0,0.5751085549722448,0.18620081065388672,0.15237881058156294,0.08631182379230543
950.0,0.6920839607511825,0.1384553662177785,0.08364301673582256,0.08581765629521634
369.0,3.4220290104906366E-7,3.4220290104906366E-7,0.4553135730672392,0.5446857425269591
531.0,3.007529467105634E-7,0.14023923749449133,0.5992865406321847,0.26047392112037726
1540.0,0.3540300869038994,0.273478153798464,0.19257497772069662,0.17991678157693974
584.0,3.81654646219863E-7,0.40744108889958797,0.37524645577212695,0.21731207367363883
