1658.0,9.318844415791272E-8,0.002992399317374137,0.7112184526347547,0.2857890548594271
444.0,2.0390979943327526E-5,0.2404046560027938,0.5869789498835094,0.17259600313375345
556.0,8.313920107891595E-5,0.17463466308134223,0.8008223266105406,0.0244598711070381
905.0,8.04723353423791E-9,0.012520867039237235,0.9383697567685806,0.049109368144948505
243.0,4.4346955611875904E-5,0.04773135015483159,0.9120815225820785,0.04014278030747794
1328.0,7.104990795926079E-7,0.013371735853013548,0.27178815359354236,0.7148394000543644
1173.0,0.0010230407193587122,0.9949442026473698,0.003912203552977483,1.2055308029384351E-4
1059.0,0.060540508921611294,0.8773228242455056,0.060177437500505,0.0019592293323781526
1414.0,3.5687854365057115E-10,0.0036730396046856604,0.5026412670394901,0.49368569299894566
978.0,1.198477784240567E-5,0.24963992491092873,0.5273493199440287,0.2229987703672002
323.0,9.730559511209266E-8,0.07116878726167916,0.8279056837187043,0.10092543171402134
631.0,2.96464515294926E-9,0.11688081552766129,0.8681644079359242,0.014954773571769312
66.0,0.8450595757511989,0.1528588604879235,0.002080730528219435,8.332326581251976E-7
1541.0,0.9999999633077097,3.466634569010548E-9,2.020238238532174E-9,3.120541743660306E-8
161.0,2.356323879215069E-4,0.5014654243931398,0.48110883700553514,0.017190106213403597
705.0,0.4934458107480668,0.28138629055245384,0.21106341354695904,0.01410448515252034
280.0,3.274797148881712E-5,0.425120837564396,0.5185882142112906,0.05625820025282456
868.0,3.2281455865023774E-12,6.641884029203366E-6,0.4336452939098823,0.5663480642028603
1258.0,2.6916914497135755E-4,0.002570518419163924,0.7202153100624679,0.27694500237339675
1359.0,0.010053281640060285,0.5460082658276001,0.42179961803231775,0.022138834500021916
107.0,6.582596509948274E-5,0.001839569262354002,0.4802693599438917,0.5178252448286549
1529.0,0.9454599356393075,0.050472205801710426,0.003852603024577622,2.152555344043556E-4
1116.0,0.007595354454786696,0.0390428444475564,0.6056713799821335,0.34769042111552334
831.0,0.920733697351887,0.07850613413777632,7.320116979364712E-4,2.8156812400025032E-5
666.0,0.005410095844350551,0.5424894759954966,0.43283879694814925,0.019261631212003666
487.0,0.9997896682178583,2.0939658902072926E-4,9.07616374068944E-7,2.7576746805626054E-8
40.0,6.369550162268634E-8,0.009708051881679206,0.7771241123921061,0.21316777203071305
1131.0,1.8250936215976197E-4,0.31560680208352865,0.6812354299991139,0.0029752585551976606
337.0,1.8965053940478524E-4,0.3330959638139741,0.5728639314759648,0.09385045417065623
1014.0,8.727252453884809E-9,0.7282047181607135,0.2283652483617308,0.04343002475030318
1486.0,3.7097562297812104E-6,0.29491585085943667,0.6229741932566476,0.08210624612768588
1668.0,5.015962980835441E-9,2.3378511219086928E-4,0.2961639546213092,0.703602255250537
595.0,0.2498319737141626,0.5249446325718172,0.2190415100045387,0.006181883709481428
430.0,2.3404414439858883E-4,0.7071198757954361,0.2854668652842431,0.007179214775922272
520.0,0.9787707924846997,0.021107185975068072,1.1492374463674419E-4,7.097795595590902E-6
1586.0,0.041417941564414244,0.9580805485554683,4.958246509852129E-4,5.685229132214974E-6
1400.0,0.005984592347423042,0.5391425720597821,0.44511717721846283,0.009755658374332123
250.0,0.34614547964046516,0.21157366917034245,0.35748142723257254,0.08479942395661984
941.0,0.0990827869849854,0.838634064785637,0.05628816561671702,0.005994982612660736
1245.0,0.031331466929726,0.33885736829461577,0.5577787664707258,0.07203239830493244
1457.0,1.2197831577206372E-5,3.1393064472354866E-4,0.0065127211740509255,0.9931611503496484
795.0,0.004790420396863617,0.527228367758499,0.31670509668082913,0.1512761151638081
1044.0,1.2715654602162154E-4,0.6786825363867505,0.29431300348234896,0.026877303584879032
702.0,1.0881002484075698E-4,0.7364690835680219,0.2584443412663345,0.004977765140802821
501.0,0.8484204673602022,0.14280329317065002,0.008106753463793522,6.69486005354301E-4
1613.0,3.049703148706615E-9,0.2929763371806497,0.6914353337613192,0.015588326008328025
741.0,0.5199837399959562,0.45754408514458256,0.021980888570800085,4.912862886611948E-4
168.0,4.352283776273826E-8,2.7579970104639565E-4,0.022543510198648066,0.9771806465774678
1186.0,0.9999133844558626,8.48198230684026E-5,1.5094493864384487E-6,2.862716825092601E-7
266.0,0.22761167924648765,0.700724594687669,0.06875535273947377,0.0029083733263696983
832.0,3.7419097054252795E-7,0.2047417813259624,0.7578277667471788,0.037430077735888335
1287.0,9.121301286419187E-10,0.16032149484422936,0.8316864940888679,0.007992010154772607
649.0,1.0486589304682034E-4,0.18525630516278346,0.7911444973689841,0.02349433157518577
179.0,9.27040467091849E-9,4.456830240965995E-6,0.1740440747432682,0.8259514591560861
1503.0,0.9612539276170468,0.038731154116374504,1.4881166515424932E-5,3.710006341884931E-8
1146.0,1.7229781428740855E-9,3.840378385297046E-5,0.0035354597550863354,0.9964261347380825
812.0,0.08904227824676242,0.794596434104083,0.09872005302572893,0.017641234623425688
316.0,0.006788580813471036,0.762305807467173,0.17188561070955286,0.05902000100980311
887.0,1.3696318940145521E-7,0.0012502495562684089,0.3413333143039391,0.657416299176603
1228.0,0.027853316051327074,0.7993649163044011,0.14619240817701581,0.026589359467256025
1385.0,3.494612516443523E-6,2.0133882755473146E-5,0.24932638248709957,0.7506499890176285
98.0,0.9394592597458735,0.0503135814029328,0.010103545081729951,1.2361376946375412E-4
1571.0,8.657563399539123E-7,0.437171346968266,0.5463160126519617,0.01651177462343245
722.0,4.601017806825646E-5,0.5029932413268551,0.48357549007253037,0.013385258422546271
451.0,0.8259368413935778,0.17217890344161288,0.0015241548832599,3.6010028154950677E-4
612.0,1.4657165706201023E-5,0.003315294682172414,0.9535190181668095,0.04315102998531181
408.0,0.9939448648433798,0.002171835989127171,3.2371632635424695E-4,0.00355958284113869
1029.0,1.0279505351349794E-5,0.4081732178707877,0.583289062452956,0.00852744017090506
1440.0,0.02548729346863094,0.715203003816526,0.24483452059777075,0.014475182117072292
225.0,0.999868942185893,1.3009465791923093E-4,9.249126753389713E-7,3.8243512433264716E-8
961.0,0.6516218713244706,0.0027431037817853363,0.0827474229766088,0.2628876019171352
922.0,4.385760113402689E-7,4.073746031831133E-7,0.018447208015902536,0.981551946033483
359.0,0.0038349904596049512,0.006089167615871658,0.0422970665045702,0.9477787754199533
1302.0,0.001969102011129239,0.6742681991768742,0.23906140321984984,0.0847012955921467
1203.0,2.0925359411873917E-9,1.0710150387823199E-4,0.4209865021574686,0.5789063942461172
75.0,0.0786154242102601,0.8600120619257712,0.057021272404120193,0.004351241459848572
1628.0,3.925454752758874E-11,2.281661287601126E-4,0.9907899597559441,0.008981874076041247
575.0,2.070773378479311E-5,0.5994518455765097,0.3872588095363185,0.013268637153387062
1156.0,1.260409008918126E-7,5.399102096566165E-4,0.2684652793263786,0.7309946844230638
851.0,0.8674349047321669,0.13174001407251426,7.740945913465864E-4,5.098660397229234E-5
1313.0,1.49866893428732E-6,0.005913014847322245,0.3963299438852215,0.5977555425985219
1643.0,2.1792214875265005E-9,9.079875819503493E-4,0.12813624107547347,0.8709557691633547
56.0,0.9918000021590493,0.007132341213319584,6.087679414535571E-4,4.588886861775044E-4
758.0,0.04123686189965998,0.9570560820629385,0.0016895376373778487,1.751840002366783E-5
465.0,0.3622900828898277,0.6368718066820184,5.92696663073821E-4,2.454137650799652E-4
186.0,3.929648988010283E-4,0.143273308065935,0.8232891547018919,0.03304457233337216
685.0,0.001615107929302019,0.9181051625053248,0.07989782992596131,3.818996394117442E-4
1431.0,0.0014470760157442942,0.9787656978935669,0.018411793694977707,0.0013754323957110971
302.0,7.378398323950576E-6,0.002974045528198272,0.1810307870599788,0.815987789013499
776.0,0.8601057946286927,0.13983695863287635,5.677190446992643E-5,4.7483396105896873E-7
1074.0,0.9758736164425454,0.0234314262909625,6.642265478811342E-4,3.073071861093881E-5
1374.0,4.211079182492052E-8,6.78783263782912E-4,0.5185590557892038,0.4807621188362215
373.0,0.9985869090896972,0.0012836525827505817,1.281066483530244E-4,1.3316791992410689E-6
958.0,5.99139559053137E-6,0.3218389378697314,0.6148537528308633,0.06330131790381471
1275.0,0.002043642228108367,0.5408621882543058,0.44358857601102164,0.0135055935065643
539.0,5.7442809755084895E-6,0.11485587947407526,0.8642792736307341,0.020859102614215207
1556.0,1.2121590954673632E-7,0.381773252590004,0.6105776526617275,0.0076489735323589094
394.0,0.011937848128537522,0.9444127357768026,0.04107617298320843,0.0025732431114514247
576.0,3.199997224579677E-6,0.5015035116027249,0.4084406341902109,0.09005265420983959
1101.0,2.106514427177893E-8,0.0043855961058139265,0.5331245828070099,0.4624898000220318
997.0,0.3111390395915875,0.06253639032129205,0.4382406389845876,0.18808393110253277
232.0,2.3914195052386664E-6,9.00904439683448E-4,0.5695259491206669,0.4295707550201444
1512.0,0.21901158353037745,0.008858498705936026,0.3585233520851348,0.4136065656785517
1537.0,0.09562496748125078,0.2892460725503797,0.06294780220967415,0.5521811577586953
707.0,2.8951714690091486E-11,0.17616551799828975,0.6990937152131415,0.12474076675961707
281.0,0.001857701872087589,0.010506288389060653,0.44554922455702944,0.5420867851818223
870.0,2.015216782335853E-6,0.006410182783088617,0.9510807087996492,0.04250709320047973
23.0,0.2778731416948027,0.7194457611284139,0.0026566403193016277,2.445685748185515E-5
1262.0,7.604722474196832E-5,0.8325201450126686,0.16522836541526556,0.0021754423473237957
1355.0,0.9743743069846154,0.02528502173419362,2.943667389240513E-4,4.6304542266859206E-5
33.0,0.0011101906168110018,0.042521261392596404,0.6682485975335676,0.2881199504570251
1533.0,3.49116451451764E-8,0.00264176334005886,0.5111066408020293,0.4862515609462666
1112.0,0.9170381019877237,0.08120021094940329,0.0016562488001463024,1.0543826272670614E-4
222.0,3.3118207478617796E-7,0.014652772856452818,0.6417588707339488,0.34358802522752363
829.0,1.94611070980609E-5,0.25399646967504813,0.709963591177486,0.03602047804036791
664.0,0.996179838036565,0.003750059489809528,6.637479386303046E-5,3.727679762393814E-6
486.0,0.12672710642740223,0.8410110068209944,0.03076958157885791,0.0014923051727453484
1662.0,1.3541713353288946E-6,0.0044047266743467445,0.9787959260735748,0.01679799308074303
445.0,0.004713801677833099,0.183599912979987,0.16417033332659997,0.64751595201558
558.0,0.0011460278820716254,0.3581570599080817,0.4759641492399858,0.16473276296986086
907.0,0.40044374159084395,0.47066922276619266,0.10691803412998327,0.021969001512980174
1332.0,9.846844835936101E-5,0.019003809664047792,0.36274812931006506,0.6181495925775279
1169.0,0.001961427422141454,0.9960454783505345,0.0019896947718594416,3.3994554645960775E-6
1063.0,0.18515476378964182,0.799176023796471,0.01566242368586251,6.788728024723422E-6
1410.0,1.5229392153412005E-4,0.022588398049483593,0.8103379201308175,0.1669213878981647
976.0,0.5971603300315987,0.24821968913612108,0.1345938421928929,0.020026138639387313
322.0,9.588800328097637E-8,5.703169657935424E-4,0.03636070855334491,0.9630688785928583
629.0,7.316426619923433E-7,0.5457234819483634,0.45282847898579165,0.001447307423183059
140.0,4.844580681431194E-6,0.5668111265086122,0.4204166557053459,0.012767373205360468
1461.0,0.42167081119611205,1.4172797855402982E-4,0.0031671279040950085,0.5750203329212389
793.0,4.2274752875132695E-5,0.21600718669553243,0.6777081276070966,0.10624241094449569
215.0,2.693877881450015E-8,0.016642935206274356,0.4816606548602877,0.5016963829946592
1040.0,0.5990017326587216,0.36037786254705595,0.034347701792973875,0.006272703001248645
500.0,7.106496596290801E-9,0.005917643505121438,0.8667844723580046,0.12729787703037737
700.0,8.986885246468355E-11,5.4579878982185786E-6,0.010705109532591224,0.9892894323896416
1609.0,8.3100902999344E-4,0.557985649893966,0.30929831414494907,0.13188502693109144
80.0,2.9860736351281335E-7,0.05303219707045943,0.6695711335206731,0.27739637080150403
743.0,0.9889472664982845,4.048569654640249E-5,0.0030643063419381993,0.007947941463231028
1190.0,1.3235622347500158E-7,0.06352934680007609,0.4775964306372638,0.4588740902064366
267.0,1.1820056284807854E-5,0.973640975790823,0.02239718847900507,0.003950015673887205
834.0,0.0016650910059545995,0.6002495874438754,0.2965160187684502,0.10156930278171979
1283.0,3.457823547645968E-4,0.0325264540251056,0.8746435826870071,0.09248418093312266
1135.0,0.9952796582992803,0.004564728104834535,1.5073275604031783E-4,4.880839844831822E-6
1012.0,3.5414401818181756E-7,0.4743579499432887,0.503992033968109,0.021649661944584207
336.0,0.8247036673421889,0.17447709063034528,7.864513695126702E-4,3.279065795317176E-5
1482.0,0.004005539311836521,0.9424757723136346,0.05298594879521458,5.327395793143262E-4
133.0,5.871902201860246E-5,0.3605074737961633,0.5926904224603832,0.0467433847214351
1664.0,1.2648100495618847E-9,1.2582786769932559E-6,0.2619182712080229,0.73808046924849
593.0,1.3835849153797153E-6,3.17574346968283E-4,0.5520706773290334,0.44761036473908294
522.0,0.7628108844836636,0.22309784615987127,0.01299756072783481,0.0010937086286302996
431.0,0.5006752185022748,0.4727535548267851,0.02598709852864152,5.841281422985449E-4
1590.0,6.372998564771397E-4,0.00863171283756609,0.4704000032749066,0.5203309840310502
1404.0,1.3908262675241546E-5,0.6390770700496287,0.36041147309279015,4.97548594906076E-4
943.0,0.007189949240302695,0.8621003460309469,0.030492390658651915,0.10021731407009853
121.0,0.9292366493821009,0.06698345403762197,0.0036952350841165725,8.46614961605865E-5
1241.0,1.8226211349535374E-8,0.06768495515918803,0.7891516456959813,0.14316338091861935
409.0,1.0108147933417357E-8,0.0038523860468332475,0.9132619735347813,0.08288563031023745
614.0,3.0053179732425735E-8,0.0014219816138417852,0.4810096354806603,0.5175683528523183
31.0,7.130939871322956E-8,6.89296819295799E-4,0.3019910976018587,0.6973195342694468
49.0,0.9985256241484087,0.0014655234630769206,8.614161808827045E-6,2.3822670557979484E-7
1025.0,2.2302212093621492E-4,0.041923125054458346,0.34566182610671814,0.6121920267178873
1444.0,3.3019712036288107E-6,0.003212364767753283,0.44228658989832575,0.5544977433627174
963.0,2.5965791527728056E-4,0.01871031884052357,0.7062302798071042,0.27479974343709507
920.0,9.461339154710509E-6,0.01852190875046557,0.7173004846381199,0.2641681452722599
358.0,0.9279572544333355,0.07063945003068721,0.0013899870525248745,1.3308483452379612E-5
1298.0,0.01683578214222244,7.740240418644661E-4,0.5211950224058197,0.46119517141009336
1207.0,0.9870519332070724,0.011917935760341801,4.121058098642192E-4,6.180252227215564E-4
1624.0,0.9427413634436357,0.05723947198795783,1.8858664479078248E-5,3.059039274188518E-7
158.0,0.08734445981899604,0.07019107637452916,0.6791858309050298,0.16327863290144506
573.0,3.222631924367971E-9,0.9820497504213108,0.017496961472099934,4.532848839573878E-4
651.0,2.2700596118398116E-8,0.011482678064638638,0.8307220798092456,0.15779521942551966
1499.0,0.7934620815466454,0.18391789952153956,0.021508000963367052,0.0011120179684479298
1150.0,5.423461960931655E-6,0.1706528817861823,0.5298949940652355,0.29944670068662127
814.0,0.5016495664928293,0.4331551673868456,0.048733501802806875,0.016461764317518154
317.0,0.9856375916986644,0.014313539703035425,4.7563855790017436E-5,1.3047425100650723E-6
885.0,6.956124262743986E-7,0.007614178161211706,0.6659382119248042,0.3264469143015579
204.0,0.711284500711972,0.008356861220110147,0.02160151166178976,0.25875712640612814
1224.0,0.988482581797733,0.010990116130649622,5.163090655886421E-4,1.0993006028703019E-5
1389.0,9.798447246548157E-4,0.7469046488765243,0.22265455623165242,0.029460950167168348
1575.0,0.0314512268625102,0.9199364395858399,0.04764770874583274,9.646248058172446E-4
450.0,0.021952651246916,0.9576974959791572,0.020064459210181955,2.8539356374475985E-4
720.0,0.9595232513335938,0.0017873652808531623,0.02166912547814083,0.01702025790741232
1370.0,1.4084949125033376E-6,0.16027657922391844,0.6848867142799144,0.15483529800125467
956.0,1.2865743873855277E-11,0.0021951170925741705,0.9908871064809145,0.006917776413645501
372.0,0.9370193791307279,0.06297299122038082,7.5482409777302134E-6,8.14079135891738E-8
1279.0,0.9999747550758018,2.5224560324251073E-5,2.021720689037449E-8,1.4666709525648072E-10
537.0,9.758269006701037E-9,3.777076164088661E-7,0.001269882835868911,0.9987297296982457
1552.0,0.9614563228702481,0.037419414043917326,0.0010553407546854774,6.892233114893111E-5
151.0,0.4004421898609758,0.5988053782530304,7.400431583161585E-4,1.2388727677699666E-5
578.0,5.852331924031827E-15,2.592579588565083E-10,0.01751104247640117,0.982488957264335
395.0,1.8229188968803567E-10,4.660101729590321E-6,0.17551639706775227,0.8244789426482263
1097.0,4.385684795739509E-6,0.7752902291884453,0.1781866878934787,0.04651869723328028
112.0,0.8654010825853614,0.12994391113980544,0.0043029548009264704,3.5205147390671496E-4
999.0,8.214130716205567E-11,0.10944056659614629,0.8878011750852347,0.0027582582364775858
1516.0,0.32311022377535115,0.5086540453129089,0.15926072577846817,0.008975005133271858
1152.0,0.01794917420698145,0.7832344276000884,0.19592915666884533,0.002887241524084793
197.0,7.776515738667833E-7,0.504207475945126,0.4954223839196533,3.6936248364670773E-4
849.0,0.004646948890160187,0.9331431599416803,0.05996225459401463,0.002247636574144996
1317.0,0.6502057183525531,0.28095890433488035,0.05368194893769812,0.015153428374868341
1647.0,0.004806564565476475,0.0035937779594125614,0.4638155914019979,0.527784066073113
756.0,0.0018490163345275482,0.12490502512883409,0.4143827259052026,0.45886323263143575
464.0,3.9107927901318705E-9,4.4766301781440926E-5,0.12284141952828216,0.8771138102591435
687.0,2.501080063220932E-10,0.006408987573821912,0.6564752367166535,0.33711577545941646
89.0,0.9999984641412284,1.5329804676023382E-6,2.8751341440702655E-9,3.1698783934368107E-12
1427.0,0.038707762399006695,0.872737242383378,0.07830869247204726,0.010246302745567981
778.0,0.0036435281148366775,0.013764299692110704,0.48745666837447194,0.4951355038185807
303.0,3.821974595652538E-7,1.4076503052590898E-5,0.07626277204730625,0.9237227692521816
1078.0,0.9993656833674356,6.314387265035207E-4,2.844814567987037E-6,3.3091492850864494E-8
1123.0,5.0042958017929025E-5,0.0265262249315564,0.5370685959823446,0.4363551361280812
1478.0,0.9966190944873078,2.812052928722149E-4,1.707052185633286E-4,0.002928995001256544
339.0,0.0021530750177173198,0.9760226399923185,0.02140757730710256,4.167076828615006E-4
1010.0,0.002571445003373285,0.5633765668030231,0.17385924587087773,0.2601927423227259
11.0,0.827703329591957,0.16710242955568838,0.004890214787538748,3.040260648158988E-4
599.0,0.023940548819070928,0.6966100267489098,0.24421716510776215,0.03523225932425704
70.0,1.455503326501093E-6,0.7020036320447745,0.27318209331229953,0.02481281913959961
1594.0,0.8230555410013576,0.15209607105527762,0.022510536053525106,0.002337851889839766
524.0,0.9028598604787111,0.010820278271522021,0.05660612173683102,0.02971373951293575
428.0,2.2913358701382662E-5,0.012410184444814301,0.7334317891322626,0.2541351130642218
937.0,0.5386255432229536,0.32633299853424064,0.1332334096994795,0.0018080485433262742
251.0,0.9967696055242324,0.0032151681419924655,1.3669235146683737E-5,1.5570986284679783E-6
1392.0,0.0014456353967247802,0.602207710690516,0.36605689857423573,0.03028975533852347
1237.0,0.5199446321892632,0.45648312610309244,0.018868074621216036,0.0047041670864280865
111.0,0.9996747768295736,3.2484116118514734E-4,3.698786998985842E-7,1.213054129026314E-8
1465.0,5.680537326426186E-7,5.013416136068032E-4,0.1639097844255215,0.8355883059071391
1052.0,4.640909481449962E-8,0.021653681268022255,0.7640417102800164,0.21430456204286644
799.0,1.1710710497590652E-6,1.3383243412372456E-4,0.08252394879691889,0.9173410476979076
503.0,0.10574935058598367,0.781290412434111,0.1068150900303073,0.006145146949598065
698.0,0.9445423014287267,0.05471983379294756,7.077508384154934E-4,3.0113939910219098E-5
1605.0,0.978659163367593,0.021329787200625037,1.1025945976348773E-5,2.3485805454127063E-8
169.0,0.9922776938795478,0.007664426393303048,5.737277097421622E-5,5.06956174935645E-7
737.0,0.0017632384552268606,0.7456308575795092,0.24279450656923385,0.009811397396030036
836.0,3.339940377839341E-8,1.1247819227790027E-4,0.627808236359286,0.3720792520490324
264.0,0.9998160250561307,9.873034067068519E-7,1.2129277288657129E-4,6.169486757611784E-5
1295.0,0.6819400140217068,0.21022112716539956,0.08932999086346648,0.018508867949427188
552.0,1.0394083925647679E-5,0.04673167228011227,0.486864986772942,0.46639294686302013
446.0,2.6962866340477066E-5,0.004468625324395569,0.7610628044808557,0.23444160732840832
1650.0,0.7317822531139341,0.262645811824585,0.005460083820069858,1.1185124141104623E-4
1336.0,0.011908997090767785,0.5078027691285469,0.1752661498080851,0.3050220839726001
242.0,5.894743972508064E-5,0.2665837190442935,0.699531796933875,0.033825536582106436
909.0,0.006430539964583856,0.4740679708138692,0.28132162245186304,0.23817986676968403
1181.0,1.3072878050208128E-8,6.438701787226349E-4,0.13528291624422328,0.864073200504176
42.0,5.190466887159174E-8,9.900342876282629E-4,0.209857520018637,0.7891523937890659
1067.0,8.542371416668248E-6,8.274089238234042E-4,0.6387745516149316,0.36038949708982826
982.0,4.6246501897646435E-8,9.532567129886467E-6,0.43235986865124887,0.5676305525351194
321.0,0.9079326787404794,0.019253534661210277,0.005620771475358612,0.06719301512295178
1422.0,0.06387503490970572,0.8455526124823531,0.07756527965996401,0.013007072947977231
627.0,2.4238645585280875E-7,0.016555855414906447,0.9501416690227683,0.033302233175869424
1549.0,1.199640675364518E-5,0.010820535324860308,0.7293667605162042,0.25980070775218184
709.0,6.477229946506669E-6,0.19032398641724488,0.7777231111568255,0.03194642519598314
160.0,4.159675019952041E-4,0.5294326570504198,0.42994915166605707,0.04020222378152789
1250.0,2.9273119079403206E-8,4.2855219481646245E-6,0.015480797788668064,0.9845148874162646
864.0,1.1759162233040983E-5,1.657200941342749E-5,0.02559208242153181,0.9743795864068217
282.0,2.865368634677424E-4,0.7701390538283047,0.22840323295498605,0.0011711763532415086
1351.0,1.219518170879252E-9,7.335648086183075E-5,0.3558644621504417,0.6440621801491783
1521.0,4.404564384647605E-5,0.21642593981349542,0.6639188846542361,0.11961112988842208
827.0,2.73951822863411E-5,0.1390779275722954,0.41668745607687957,0.44420722116853867
1108.0,0.9768111381554057,0.022870453326782267,3.058028628309526E-4,1.2605654980940751E-5
485.0,0.9940362528861343,0.005948955690146013,1.4739094298068878E-5,5.232942169967458E-8
670.0,0.9983722549470356,0.0016267308677108702,9.92459626675114E-7,2.1725626688743823E-8
855.0,8.059496829646998E-6,0.5557030553800295,0.4138378319332739,0.030451053189867013
15.0,0.9999926958401127,5.091730702929306E-7,1.2538429128669954E-6,5.541143904140134E-6
1164.0,3.317047234895257E-5,0.012691630042752474,0.25064058093623637,0.7366346185486622
1321.0,1.8783672513398706E-8,0.005148344550765944,0.554648518915952,0.4402031177496096
102.0,1.8513823333221524E-6,0.06521904540638301,0.6180128414248426,0.31676626178644113
1635.0,6.613615457835458E-8,0.10169204454938532,0.7404728316037786,0.1578350577106815
467.0,0.004580929489302541,0.2130334507065677,0.7609562500429647,0.021429369761165013
754.0,5.68319601720625E-7,0.01585395696159464,0.04505719507936632,0.9390882796394373
681.0,2.330938533378011E-13,0.002522512132231355,0.9511770258871958,0.046300461980339845
187.0,0.49701016644791934,4.6580393320594935E-4,0.15581362714959604,0.34671040246927864
1439.0,2.1713899007234469E-4,0.02775170714113395,0.13158107581964873,0.840450078049145
1082.0,5.514173924786285E-12,0.02140244376127976,0.8288881696980339,0.1497093865351722
300.0,0.999997576719927,2.4206041835888634E-6,2.315099699105169E-9,3.607897617912667E-10
780.0,0.9999985315912887,1.4609928136941572E-6,7.377632887169779E-9,3.8264690212798635E-11
954.0,0.003937160599751215,0.9037089390238442,0.08343536993769127,0.008918530438713306
375.0,0.8407072050652405,0.1503333531767263,0.00891934014594127,4.0101612091980055E-5
1366.0,0.9442827970426845,0.05570067357417643,1.6083174896021536E-5,4.4620824313777727E-7
1267.0,0.9991548151751267,2.9672325544965734E-5,1.1911843193003137E-4,6.963940673982695E-4
79.0,1.712327507088324E-4,0.37613672754737587,0.5711378629154706,0.052554176786444626
1564.0,4.637724274597569E-5,0.5062966513396758,0.4540551940448321,0.03960177737274618
543.0,0.9993416609259635,6.559566905235263E-4,1.2802884775837983E-6,1.1020950352567413E-6
580.0,0.036176198248893746,0.9631508982805568,6.717707796954897E-4,1.1326908540538925E-6
392.0,0.09912994726374547,0.7945747974073436,0.1030946582367164,0.003200597092194456
1093.0,0.855527147474753,0.14052015194058354,0.0037299045855379324,2.2279599912555938E-4
1504.0,0.08077308482256554,0.7193569038538662,0.1782585778191303,0.021611433504438
233.0,0.9999888491155186,1.1013947008470145E-5,1.3555658355507445E-7,1.380889333132441E-9
993.0,0.002309778549316416,0.8883602935165384,0.10710069611788305,0.002229231816262135
178.0,0.01184042229351313,0.6874242910391786,0.2568758330920512,0.04385945357525735
653.0,2.3697206953084261E-7,0.6886456953580355,0.2944056275315187,0.016948440138376313
1495.0,0.9985788048749107,0.00141995564785131,1.196601417223261E-6,4.2875820706825544E-8
808.0,0.007586574379009839,0.8623346552353038,0.1057312462430684,0.024347524142618007
318.0,4.4480054340108945E-4,0.6498665301233839,0.3103246940204248,0.03936397531279015
1138.0,0.03308665718398345,0.8192013159268215,0.14725197092311457,4.600559660804541E-4
1220.0,0.14588708673970732,0.7099183861885756,0.13025765290009098,0.013936874171626023
883.0,0.010624214501595652,0.8849319441268526,0.0957537082374876,0.008690133134064176
1377.0,4.386007749947193E-9,0.011098777960931316,0.9116054128730343,0.07729580478002665
1579.0,0.2805476198996564,0.16692792028959538,0.26261724569447403,0.2899072141162742
58.0,4.5741179886342575E-8,0.006414201180801968,0.44373508073775547,0.5498506723402626
449.0,0.008322664301202376,0.22571111480409595,0.556660494504064,0.2093057263906377
726.0,5.966781566235085E-8,0.013331054585360005,0.5646576226759228,0.4220112630709014
410.0,0.9999706499646962,2.7748352059725495E-5,1.3230667355323005E-6,2.7861650857975284E-7
608.0,0.0018697753495291074,0.7679198715488785,0.15875776723327492,0.07145258586831738
1037.0,6.897670570702057E-10,2.784431290728892E-7,0.22565843767947819,0.7743412831876256
965.0,1.2874013038422118E-6,0.0014498763535932436,0.33222723617862654,0.6663216000664763
224.0,1.5177877600987236E-10,0.01006598071391237,0.9562437740016821,0.03369024513262668
1448.0,0.7499521964194856,0.24994443942133351,1.0258711277482951E-4,7.770464060765867E-7
1310.0,0.9250775138124501,0.07363725250772928,0.0011927487402202798,9.248493960050424E-5
926.0,4.5858280147870735E-10,7.923969020864491E-5,0.012759908886897087,0.9871608509643114
357.0,3.493500689706714E-4,0.644579352489835,0.27934871051125726,0.07572258692993712
1211.0,8.837250211378599E-13,9.69365696497993E-4,0.8846937129019519,0.1143369214006663
571.0,1.3643470818926704E-7,0.010354909927175521,0.1353159427638858,0.8543290108742305
1620.0,7.841841601861549E-8,0.005723359522378567,0.9610719066707257,0.033204655388479665
1469.0,4.88699693927266E-8,0.005371854048811041,0.8425484314603918,0.1520796656208277
1048.0,1.4013519142694766E-5,0.08762697271490971,0.48350896404711186,0.4288500497188357
214.0,1.0289757045519129E-4,0.04305656599526877,0.638546036430223,0.31829450000405285
797.0,0.045881172527870856,0.060516051392391745,0.7883457675680577,0.10525700851167968
696.0,0.25184890154766126,0.6717643967441244,0.07463217654993806,0.0017545251582762572
502.0,1.3329377794456777E-5,0.10400829036121101,0.44942024769824596,0.4465581325627486
1601.0,1.0517382004267735E-9,0.0025640286926710233,0.6261405708529482,0.3712953994026426
739.0,0.999999684923732,3.150716118156427E-7,4.6513404037452174E-12,4.878114013290402E-15
838.0,6.982918954795094E-8,5.431176425091507E-4,0.040450450865590196,0.9590063616627111
265.0,9.765495650975364E-11,2.742861230659022E-7,0.013892449248326427,0.9861072763678955
1198.0,0.999826739739987,1.3773751599439012E-4,2.600961697164997E-5,9.513127046904259E-6
22.0,0.0016345801868005072,5.424851568633295E-4,0.1426298685313028,0.8551930661250334
35.0,0.007337568052028346,0.7422218498987042,0.1991009760906926,0.051339605958574945
1291.0,0.9980987943154334,0.0019009107567947133,2.9457293042108365E-7,3.548414774688189E-10
1127.0,7.744255695919922E-7,0.29170561404763834,0.6980491786536007,0.010244432873191248
1474.0,3.368594624496465E-9,3.748250872924204E-5,0.2524909935238868,0.7474715205987893
1008.0,6.783313776505532E-5,0.23805343939588247,0.7076924844002547,0.054186243066097685
338.0,0.9987410926040238,0.0012201642801019208,3.7538297749947384E-5,1.204818124307242E-6
597.0,4.872928187992336E-7,0.01197810361564117,0.6498398543645206,0.3381815547270194
1672.0,5.787823586760323E-4,0.09162671506640027,0.41138094493115607,0.4964135576437676
132.0,2.909893312883543E-5,0.6726103055967895,0.30725669564021263,0.0201038998298691
1598.0,0.9796297013178142,0.020091683112997173,2.754545415532783E-4,3.1610276353258704E-6
429.0,0.9997382930661181,2.589608140167467E-4,2.668724643120272E-6,7.739522223191763E-8
526.0,1.2991860443831906E-4,0.7379320004760079,0.10349692850119366,0.15844115241836
939.0,8.038457959370907E-8,0.021451916169459576,0.75470571491495,0.22384228853101085
1396.0,3.319227152959109E-6,3.802001273354875E-4,0.26960600809152074,0.7300104725539909
1233.0,0.25956657139608424,0.6146384647114221,0.10420113596474039,0.021593827927753145
1545.0,7.277703519334489E-7,0.01256811556411823,0.7257397018191921,0.2616914548463376
84.0,0.9999500890012287,4.590827011714853E-5,3.7937545856954283E-6,2.089740685366202E-7
711.0,0.9999057050882502,9.316475123723605E-5,1.0783318368746341E-6,5.182867566193758E-8
1254.0,0.014048012077280646,0.14429974163123746,0.5722685041886573,0.2693837421028246
866.0,3.799988245292521E-5,0.0025861826167722724,0.35778773562947697,0.6395880818712979
283.0,0.05953303365124246,0.9160314936829677,0.023622692855684205,8.127798101057083E-4
1347.0,0.9994417425850495,5.53779155250197E-4,4.104606030275484E-6,3.7365367017911177E-7
1525.0,0.07638287656739012,0.29796152651793123,0.4078212852564163,0.2178343116582624
825.0,3.6227791512534894E-5,0.5085464844775082,0.46603651279371483,0.025380774937264487
223.0,0.05002951381254252,0.9461076919325225,0.0038184965537661738,4.429770116879289E-5
1104.0,2.5482711352836284E-6,0.9675194219745458,0.032468557367290415,9.472387028530698E-6
484.0,0.7095415054326618,6.579580462572505E-5,0.03247939374735064,0.2579133050153618
668.0,0.9158265614736578,0.0752628698678432,0.008298065748804494,6.125029096944851E-4
554.0,0.027419969520616587,0.7382185919655097,0.23420279509725642,1.5864341661737163E-4
447.0,1.2202654335380843E-4,0.3669364139796267,0.4514105170160794,0.18153104246093996
1654.0,4.312748560912025E-9,0.03685686014433019,0.803957438020427,0.1591856975224943
1340.0,0.998247198661239,0.0017521143880982522,6.817011976262725E-7,5.249465179232966E-9
911.0,0.7912587950807507,0.20833884196337982,4.0066031437650503E-4,1.7026414930459251E-6
125.0,0.9056976814853648,0.09429352999659249,8.699126463061702E-6,8.939157969303977E-8
1177.0,0.8524361223015214,0.044961942344719764,0.05672224063670008,0.045879694717058744
1071.0,3.048938396652282E-7,1.4159844410453196E-7,0.2038940381447638,0.7961055153629525
980.0,1.2378782746933672E-4,0.9965327355713012,0.003340510821065131,2.965780164278416E-6
320.0,0.06578956240464326,0.8182510774775803,0.10874067270073391,0.007218687417042546
1418.0,2.362438723727149E-12,1.3114621531756671E-9,0.0030697597814753758,0.9969302389047
141.0,4.5584525942237953E-8,0.034655572023173147,0.85040093232721,0.11494345006509085
625.0,6.247338526769338E-7,0.00922449297394962,0.7350217866399837,0.2557530956522138
374.0,1.3100718223276872E-6,0.7548381374073454,0.22866084018944413,0.016499712331388094
952.0,0.9999958447755506,2.5731892994998794E-8,6.869158002250027E-7,3.4425767560878405E-6
1362.0,0.9999999972805242,2.371469155272231E-9,3.535055815421476E-11,3.1265605891140644E-10
1271.0,0.001741082239082816,4.5656089136759725E-4,0.1943428908046674,0.8034594660648823
150.0,6.68078398328546E-5,0.783831517930341,0.20043796265058728,0.01566371157923884
1560.0,8.420664930846243E-10,7.940082520282828E-6,0.02009432253981453,0.9798977365355986
541.0,2.314888127405033E-4,0.45489165423158534,0.2945313111279654,0.2503455458277088
393.0,2.5106023647046116E-5,2.806310253036761E-4,0.45007961359212034,0.549614649358929
582.0,0.012555155191711034,0.9356832419169129,0.05165571028029344,1.0589261108259324E-4
30.0,3.6112578379868075E-4,0.527475759544578,0.4441424638329484,0.028020650838674825
51.0,0.15800769513973592,0.8103623601262401,0.031380305013492586,2.4963972053149174E-4
1089.0,7.060947399873068E-4,0.03532327565995428,0.3703895551715877,0.5935810744284706
1508.0,0.4708313902957628,0.50204033485428,0.026160300916508884,9.679739334483944E-4
995.0,6.197868634370872E-13,0.0073332193296323026,0.6714993856441877,0.3211673950255602
853.0,0.9999768527309901,2.3096210906750703E-5,5.0781143015190006E-8,2.7696016780177784E-10
1160.0,1.3689272920234898E-4,0.42023575313522255,0.5386552968497563,0.04097205728581888
196.0,2.5768611671019166E-8,2.3731331743058632E-6,0.013933829837684262,0.9860637712605298
1325.0,8.28485511280118E-8,4.6917933209546556E-5,0.1721960030826542,0.8277569961355852
1639.0,0.7444847391375058,0.2253780834403507,0.029229442270023314,9.077351521202633E-4
752.0,0.999888633602718,1.112480958635564E-4,1.1671161975337003E-7,1.5897988345026807E-9
466.0,3.786251854800484E-8,0.0029818926960025593,0.32078878578814757,0.6762292836533313
683.0,0.08585437849270389,0.7770626057376382,0.12935891874891603,0.00772409702074189
1435.0,0.8803762598908247,0.005573754450215597,0.04095673122443962,0.07309325443452011
1086.0,4.01234484016428E-4,0.6367884081593878,0.30564193657172234,0.0571684207848735
301.0,9.074017078276221E-4,0.06465877301777956,0.7967033616887531,0.13773046358563978
782.0,4.170120832988112E-6,0.011038749812467285,0.6851237352344706,0.3038333448322293
411.0,0.9831378467547933,0.013785683562854801,0.002497767359058226,5.787023232935745E-4
610.0,0.9999842440771309,2.1647096983618534E-6,1.9632916018819483E-6,1.1627921568856689E-5
1033.0,0.6027627630479283,2.1986611627629314E-5,0.012395209453555005,0.384820040886889
116.0,0.9956801781219865,0.004312966281900883,6.824888214483265E-6,3.0707898192017744E-8
967.0,3.0844691970097196E-11,4.267910486504902E-4,0.1272230872728709,0.8723501216476339
1306.0,7.683539303772584E-8,5.94011820877674E-4,0.020211496767487448,0.9791944145762419
924.0,5.717244333821889E-7,0.015398136514119674,0.623978747892456,0.3606225438689909
356.0,0.0026576663520568667,0.21888090164858795,0.45075430610034023,0.3277071258990148
1215.0,0.3388180260168683,0.6068737314432658,0.044471074474164214,0.009837168065701537
569.0,0.9287371239090806,8.885510024399852E-6,0.004858245332431518,0.06639574524846344
1616.0,0.23734534612000965,0.5930762215708053,0.14676602071342876,0.022812411595756282
159.0,0.9961760422806408,0.003787575443276463,3.532991491014294E-5,1.0523611726321977E-6
655.0,1.8181179662595044E-5,0.028762953916923285,0.46987120257626747,0.5013476623271466
93.0,9.562893560752359E-13,2.9903820393277195E-6,0.8345052227260825,0.1654917868909219
1491.0,0.8043991156494126,0.12236471504313598,0.05424952330361949,0.01898664600383188
810.0,6.108943831326887E-6,0.07256806347953994,0.6142119330939322,0.3132138944826966
319.0,1.4997784323582712E-4,0.37327327366366,0.5726555637504305,0.05392118474267362
1142.0,6.192981805850793E-4,0.09969210614441079,0.845306738757763,0.05438185691724119
205.0,2.3320116326574065E-4,1.1517016664652545E-4,0.04760391857995999,0.9520477100901278
1216.0,0.11434602688718148,0.8691247113230081,0.01509200174211985,0.0014372600476906543
881.0,0.9990933381738656,9.058043257941198E-4,8.270954870567455E-7,3.040485323146797E-8
1381.0,0.01882213079172994,0.9363914068556514,0.04245282604098773,0.0023336363116308006
1583.0,3.9036238156797925E-4,0.3054847244696027,0.6848774968081034,0.009247416340725876
724.0,0.9998504280928606,1.469106342378624E-4,6.135639567147764E-7,2.0477089447760293E-6
448.0,0.02637470700414088,0.4418723587686316,0.529075391861555,0.002677542365672571
1669.0,0.4669820893403263,0.058661379754702085,0.3675825316276879,0.10677399927728373
641.0,0.9927004212065482,0.004792745593909741,0.0010898572968012265,0.0014169759027407459
177.0,6.047961904159674E-10,0.556003239757205,0.42968143911597606,0.014315320522022553
1130.0,5.805755506085309E-5,0.03864348466889727,0.8636320583800472,0.09766639939599477
312.0,2.863391053462552E-4,0.4300580481236295,0.4860142176638533,0.08364139510717097
804.0,5.071082057751499E-8,5.990583247571729E-4,0.23086847435589644,0.7685324166085259
1487.0,0.017743864451913918,0.9319559056693788,0.04973426884378159,5.659610349257299E-4
1401.0,4.543854925499698E-4,1.1977936618416285E-4,0.05957775872865256,0.9398480764126133
99.0,0.9143833598034884,0.08300043969827825,0.0025358178807940034,8.038261743937945E-5
895.0,5.0185184242829906E-6,0.465045719688171,0.4486020191876207,0.08634724260578386
1244.0,2.5903013049849507E-6,9.544585642323774E-5,0.0021153587607485934,0.9977866050815232
730.0,3.1359769569061963E-9,0.1658480084247482,0.6948946170379884,0.1392573714012865
455.0,6.1857737472659996E-6,0.17316294492305812,0.7492349843723722,0.07759588493082238
1587.0,0.003238000723800584,0.44337706214222583,0.44781316133962773,0.1055717757943459
620.0,0.8043576281950876,0.12944152479067222,0.06619872417539253,2.122838847637663E-6
412.0,1.4739768128917073E-5,0.2736739848394238,0.6952175450871287,0.03109373030531856
227.0,0.9782880601457016,0.017953636543480343,0.00374213453312914,1.6168777688810375E-5
1456.0,4.265629151659242E-5,0.050897322121529295,0.8044763372649858,0.14458368432196841
969.0,0.024756952229929966,0.05754713636086199,0.9161337009366215,0.0015622104725865414
1045.0,2.3442697523059826E-5,0.47400348021502,0.4752851481171417,0.050687928970315314
1187.0,0.9958311288604716,0.004163976575272343,4.886771443002572E-6,7.792813103524071E-9
355.0,5.450559755602308E-6,0.003979989844947714,0.1518278694786669,0.8441866901166298
914.0,7.075878468255874E-4,0.5658586878503485,0.43154109376374933,0.0018926305390765668
1286.0,0.9997815356049854,2.1427853679928095E-4,4.005741301449661E-6,1.801169138836866E-7
1612.0,0.5005930262926124,0.0752271662581476,0.3807619075271861,0.04341789992205387
567.0,3.29631001282957E-11,0.009668210774611177,0.7966716240038071,0.1936601651886187
74.0,0.025757197659787234,0.909855933702013,0.06339867443840007,9.881941997996987E-4
1329.0,0.9136335050806994,0.0836560485126104,0.0026294230623266665,8.10233443634971E-5
1172.0,7.90917763407151E-8,0.004601603362256806,0.18373530033386612,0.8116630172121007
859.0,1.475653296354856E-10,1.6728574574451183E-4,0.42577872569487274,0.5740539884118174
469.0,9.564606523488307E-7,0.7773730916058529,0.20024043507444847,0.02238551685904644
766.0,0.12464411505343864,0.8467687305540279,0.02754125888556447,0.0010458955069689653
1659.0,7.379620282515939E-5,0.04141520502831285,0.3212738501181159,0.6372371486507461
184.0,0.041192930213492185,0.6491472996550621,0.30771866456527874,0.0019411055661667244
677.0,7.664063184884359E-7,3.331315271906963E-5,0.04966674802999206,0.9502991724109704
768.0,2.4370853262488556E-7,0.1794177979530002,0.8203362771312448,2.4568120722239206E-4
298.0,1.0031471727203E-5,0.31646807698113294,0.4184031675339821,0.2651187240131577
1058.0,0.7703951707935818,0.22775361310102366,0.0018208505623234558,3.0365543071246733E-5
