1658.0,3.022462113395197E-6,0.0012520882502673565,0.2265967772944977,0.7721481119931216
444.0,1.2463882648654454E-4,0.04977267379591103,0.9398209457503578,0.010281741627244559
556.0,3.7930520830287757E-5,0.06795635263425608,0.9182846256058468,0.013721091239066981
905.0,1.349069731511534E-4,0.02121326812545596,0.9235361341961377,0.05511569070525521
243.0,3.1172026109697686E-4,0.013477747956166145,0.4185720085916817,0.5676385231910551
1328.0,4.26071385707857E-6,0.00597974770759412,0.532200602324619,0.4618153892539299
1173.0,0.004184962676580793,0.7632359492995163,0.2129617444228987,0.019617343601004162
1059.0,0.004877463468033463,0.31000118580369385,0.671278867978151,0.013842482750121666
1414.0,3.748932357935251E-5,0.025573570627706696,0.18326721019870496,0.7911217298500091
978.0,0.006276867194329091,0.4760709596627281,0.476657964718895,0.04099420842404782
323.0,3.5099962288610614E-4,0.07850193650489984,0.8095656213412123,0.11158144253100162
631.0,4.653295204875393E-4,0.06659407289681644,0.8692144877408723,0.06372610984182366
66.0,0.9494683340323397,0.04993195119472913,5.944821896873795E-4,5.232583243772718E-6
1541.0,0.97639078145146,0.018799122524139646,0.00392191731620149,8.881787081989406E-4
161.0,7.878486560419379E-4,0.5493587425441052,0.4322092876753175,0.017644121124535367
705.0,0.10754740861453349,0.6779035379660449,0.19253289412672372,0.02201615929269806
280.0,0.04800194266587225,0.7879227611176081,0.12809199906320165,0.035983297153317925
868.0,1.7785222896474737E-7,8.34442442837965E-5,0.005661384801588147,0.994254993101899
1258.0,0.010736146407085036,0.04322705994148718,0.667102129598791,0.2789346640526368
1359.0,2.561076056169981E-4,0.1812550192137028,0.7952509807478735,0.023237892432806634
107.0,4.24407236280766E-5,0.0076442742215972435,0.5943107702957965,0.39800251475897813
1529.0,0.4748801773480957,0.4871935309970778,0.034451010904930406,0.0034752807498961047
1116.0,0.06011911592910859,0.4437252118707071,0.3039435030113324,0.1922121691888518
831.0,0.31257666237675313,0.6651310605545091,0.02131153876833865,9.8073830039903E-4
666.0,0.0015210784517839502,0.5841435494629544,0.39357743149603686,0.02075794058922468
487.0,0.9745051152641363,0.025294272613679298,1.9161418464433468E-4,8.997937540041053E-6
40.0,2.3535969679843634E-5,0.029577816785245487,0.8237604128756576,0.14663823436941703
1131.0,0.028012035773231157,0.48154716558462474,0.4706839142396641,0.019756884402479993
337.0,1.512121729744089E-4,0.11648279540354953,0.7117406287522111,0.1716253636712649
1014.0,0.0018983334391621538,0.2238751772292997,0.6909934882576987,0.08323300107383937
1486.0,5.26170980081597E-5,0.026378263272783777,0.9269762251576621,0.04659289447154603
1668.0,2.0369831893448627E-6,0.003099704027537873,0.6992081778261842,0.29769008116308854
595.0,0.0076749634331611995,0.38693853841079195,0.5898724853320658,0.015514012823980978
430.0,7.798162305769415E-4,0.7217897078915233,0.26916479014990835,0.008265685727991386
520.0,0.9781414762367028,0.021776363522295835,8.172650429039331E-5,4.337367110283532E-7
1586.0,0.3747413606020926,0.545597611952447,0.06418182181160162,0.015479205633858715
1400.0,0.029842935374599797,0.7893628731086314,0.17191619348920253,0.008877998027566196
250.0,0.06570783910875093,0.5544388365299329,0.3257929732574627,0.05406035110385358
941.0,0.0018895842794322331,0.521360196701537,0.44126543429191534,0.03548478472711552
1245.0,0.0051178377835728395,0.14045640748152605,0.7214574945804964,0.13296826015440472
1457.0,9.40548581509337E-5,0.002904813207365759,0.13333944778450155,0.8636616841499819
795.0,0.02622160631507071,0.17871871868969874,0.5670289389178389,0.22803073607739158
1044.0,0.0013512708040290138,0.9595975774260466,0.032566025844484967,0.006485125925439355
702.0,1.228825412676616E-4,0.027997549780005865,0.9088111382553281,0.06306842942339835
501.0,0.024404518770516002,0.6668988897245527,0.29240111534189955,0.01629547616303182
1613.0,2.7457874642306635E-4,0.05493060743539524,0.8651939328569109,0.07960088096127085
741.0,0.7959294049676401,0.1910205764663677,0.01080347367683193,0.002246544889160349
168.0,4.1206177955256154E-5,0.007497438347346224,0.3216772207348408,0.6707841347398578
1186.0,0.9772181442383467,0.022689949408963052,9.133057462206027E-5,5.757780679726868E-7
266.0,0.15281674963913452,0.755624352111657,0.08522985323767532,0.006329045011533175
832.0,1.0308120266069106E-4,0.03193325653912547,0.5240926874026794,0.44387097485553434
1287.0,4.796780343338001E-4,0.36654134735767985,0.3087821785872062,0.32419679602078016
649.0,1.1094595148892727E-5,0.02189447920044639,0.9743249593652219,0.003769466839182802
179.0,8.962992655247632E-6,3.4955269809373553E-4,0.033393147960163176,0.9662483363490879
1503.0,0.923234276851742,0.06965874777550693,0.007050854091105748,5.612128164517258E-5
1146.0,6.892174712397281E-7,0.0034845278119286466,0.2094145443856665,0.7871002385849336
812.0,0.0012329707031071393,0.6565959078439285,0.32233843676434876,0.019832684688615664
316.0,5.38093185854743E-4,0.7759820261275544,0.21348596270828601,0.00999391797830476
887.0,2.4865108522609048E-5,0.05773751736347229,0.7004945773009229,0.24174304022708212
1228.0,1.4143553820651723E-4,0.9453466227752972,0.051577226546814986,0.00293471513968127
1385.0,4.607673719533374E-4,0.015651067954669952,0.28507728439846736,0.6988108802749093
98.0,0.9484205391239826,0.05122537196537169,3.4658468695424906E-4,7.504223691564185E-6
1571.0,0.00986146630369002,0.1928788854471059,0.6904974841367275,0.10676216411247651
722.0,0.0027030949709896594,0.12534034301613559,0.6818382358774703,0.19011832613540444
451.0,0.8895068339215042,0.10840133388269595,0.0020345938606752332,5.723833512467052E-5
612.0,5.207879917537244E-4,0.014825063584492974,0.4724829479298913,0.5121712004938621
408.0,0.59274942772305,0.25079067909290836,0.086398786010327,0.07006110717371464
1029.0,0.0011036294194613342,0.25516661888522113,0.7227480474488478,0.02098170424646976
1440.0,0.0035055361796693025,0.7235636502293745,0.2603388059916594,0.012592007599296821
225.0,0.9737512208815525,0.026096376095309824,1.5077594497085113E-4,1.6270781669129506E-6
961.0,9.734073955002461E-5,0.0065543801989200266,0.3222720917344472,0.6710761873270827
922.0,9.110089936337026E-7,9.161340515380543E-5,0.016403648785030797,0.9835038268008217
359.0,8.185401654230299E-4,0.10452757587565749,0.663979570332109,0.2306743136268105
1302.0,1.3930841040255045E-4,0.5515481511048347,0.38423323269977094,0.06407930778499184
1203.0,7.173734584543135E-7,6.185610831004343E-4,0.1094864289276489,0.8898942926157922
75.0,0.019373677682686743,0.2501414870940989,0.7143951824069389,0.01608965281627555
1628.0,6.0327318136386425E-6,0.01077928612804008,0.561164112410295,0.4280505687298513
575.0,1.9028053765918904E-4,0.9410936394788848,0.057029283917918124,0.0016867960655378197
1156.0,2.3164933613908642E-7,7.03585879799546E-5,0.012806163877648023,0.9871232458850359
851.0,0.9073042409472796,0.09013945593153495,0.0024555418848996825,1.0076123628591772E-4
1313.0,1.1902083506519547E-4,0.162393112815139,0.4136722576076883,0.4238156087421076
1643.0,2.711608438614841E-4,0.03727766830583521,0.2742845695168512,0.6881666013334522
56.0,0.03706967928485583,0.5831450981489318,0.3376047868793806,0.042180435686831934
758.0,0.01866976776448415,0.3182396641360096,0.4318297206892919,0.23126084741021427
465.0,0.10603513297936677,0.8362450151992689,0.054792272795810296,0.0029275790255541075
186.0,0.0033754980448221523,0.4552196021911456,0.5212137552746424,0.020191144489389735
685.0,0.32198645601751225,0.2371564328869094,0.408127888931973,0.032729222163605284
1431.0,0.05471632282186974,0.6216644810528111,0.2737073042003957,0.04991189192492337
302.0,1.0679094203745652E-6,2.7520843574385044E-4,0.033582016295234086,0.9661417073596017
776.0,0.9655945892772234,0.03392374652216578,4.786877492451238E-4,2.976451365634375E-6
1074.0,0.9648728389755508,0.034924091830985854,2.0193932109434205E-4,1.129872369023763E-6
1374.0,1.8250385818471376E-7,5.304128783474378E-4,0.10960370634229165,0.8898656982755027
373.0,0.7574736108429088,0.21503900171162993,0.023213906162185043,0.00427348128327637
958.0,1.1650987587113657E-4,0.0433827010664038,0.784863041284684,0.1716377477730411
1275.0,7.909625441397956E-4,0.16108558159917613,0.7549358167067582,0.08318763914992582
539.0,2.730856186562E-5,0.005760041032075562,0.9886534711745711,0.005559179231487725
1556.0,1.1909793374867772E-4,0.008145571789668942,0.9689137333469285,0.022821596929653683
394.0,0.7488904779002195,0.22868033506266072,0.022263973477919828,1.652135591998537E-4
576.0,1.1647694979481018E-4,0.8672081443566076,0.1251105370772201,0.007564841616377291
1101.0,1.2599188319096724E-5,0.017806486282074853,0.8985873456251183,0.08359356890448763
997.0,0.1407292983364438,0.15110658168823532,0.44878250571953016,0.25938161425579065
232.0,0.002617007706841274,0.048878943262083266,0.46762752525771045,0.48087652377336504
1512.0,0.12245325467297778,0.0655290050624676,0.32677937981109817,0.4852383604534565
1537.0,8.491907074232026E-4,0.06262395693842396,0.0959743392717554,0.8405525130823975
707.0,1.8933619097378672E-4,0.10030683509072574,0.872301888343143,0.02720194037515757
281.0,0.02295899524731171,0.035006757823275045,0.4214105757753903,0.520623671154023
870.0,3.0896232202170446E-5,0.009316008701131886,0.8265661726626041,0.16408692240406195
23.0,0.48242118346658924,0.4798419560344768,0.03655433895107081,0.0011825215478630875
1262.0,7.39704106092335E-5,0.30730701977172287,0.648233933656263,0.04438507616140494
1355.0,0.8380849384154736,0.1468569161213125,0.013923943137656549,0.0011342023255574167
33.0,2.6412913183624368E-5,0.0065816720287217335,0.6186675722537508,0.37472434280434375
1533.0,5.314330434545486E-7,4.038096136937435E-4,0.08969517204604029,0.9099004869072225
1112.0,0.6748392871692922,0.30662770247578985,0.012929555860679674,0.005603454494238282
222.0,5.905462653492694E-4,0.3538078319652599,0.491603081844487,0.1539985399249038
829.0,2.5621524644816603E-4,0.934501567722004,0.06196393777120136,0.0032782792603463485
664.0,0.6019679582516045,0.38807571076023767,0.009148205384473735,8.08125603684242E-4
486.0,0.03157854464914305,0.458275063055362,0.4934281010567591,0.0167182912387358
1662.0,4.196270027929812E-5,0.08464946390400938,0.9096690498002435,0.00563952359546782
445.0,0.014279831386381845,0.4667479586719027,0.3910693468014928,0.1279028631402226
558.0,8.73825297912296E-5,0.07081048905598769,0.8490845443186601,0.08001758409556091
907.0,0.167704935868126,0.260067635974191,0.22279730258368538,0.34943012557399755
1332.0,0.002276370137472892,0.11790797492687607,0.5556645762502362,0.32415107868541476
1169.0,0.21465178827129003,0.6374270929510241,0.14410725809903985,0.003813860678646082
1063.0,2.601639931215145E-4,0.9470543183822325,0.04973244296159638,0.00295307466304969
1410.0,8.310997360279315E-6,0.005060443003572343,0.15081853667728784,0.8441127093217796
976.0,0.35580562000991683,0.5602192581387163,0.0668926834693052,0.01708243838206164
322.0,4.215502749635469E-6,1.4458953459223372E-4,0.010910501653049312,0.9889406933096089
629.0,1.5564400386573418E-4,0.27032769168887477,0.7101694521780927,0.019347212129166895
140.0,4.760158597919678E-5,0.04018970815766422,0.9535159993841343,0.006246690872222248
1461.0,0.46630189913689196,0.3063265198716932,0.09095003074500141,0.1364215502464134
793.0,2.6136721341569335E-4,0.0210768928804996,0.6760552267003289,0.3026065132057558
215.0,5.176245408862244E-6,0.003508439968446595,0.11515671315254018,0.8813296706336045
1040.0,0.0027240225006442235,0.6719002062238986,0.28946156362922654,0.03591420764623079
500.0,6.651129968281074E-5,0.06826540863475304,0.84249966847382,0.08916841159174418
700.0,1.6575467889701672E-7,1.1712582613638661E-4,0.02346950130217311,0.9764132071170116
1609.0,3.5211526579160234E-4,0.8784554717760994,0.11088717399281693,0.01030523896529204
80.0,1.5908923963830132E-4,0.08800165721935686,0.6767543182024064,0.2350849353385985
743.0,0.946152599114605,0.02213098937892552,0.029333532135518463,0.0023828793709507984
1190.0,6.481766207953231E-8,1.2887158428190204E-4,0.004915855442132404,0.9949552081559236
267.0,7.426770359588403E-4,0.7880943699536724,0.18595297158210067,0.02520998142826798
834.0,6.896991422746559E-5,0.9489558433310435,0.0478572620115901,0.0031179247431388597
1283.0,0.0012978580499903743,0.2016593483086569,0.25086540054146805,0.5461773930998847
1135.0,0.48375247584196135,0.44357766178742375,0.059486878463268826,0.013182983907346034
1012.0,0.00484418854080442,0.9414800736289405,0.045943188505138885,0.00773254932511608
336.0,0.7695409929987526,0.2215095291266738,0.008646431880996118,3.030459935776492E-4
1482.0,0.4641060593468774,0.5182620093503627,0.017328452516725563,3.034787860343084E-4
133.0,7.779917130700757E-5,0.053479549575282156,0.8391190395956407,0.10732361165777002
1664.0,1.0409965134892028E-5,0.0016685161649988764,0.2722409829722299,0.7260800908976363
593.0,4.436384204711941E-5,0.022469783978134393,0.574483484826322,0.40300236735349654
522.0,0.04479564652561764,0.8573918388949271,0.08938180956481545,0.00843070501463976
431.0,0.9078266500582716,0.08934263439173805,0.0028239516434646335,6.763906525927894E-6
1590.0,6.446503367605715E-7,6.916650025695293E-4,0.09048040755769327,0.9088272827894005
1404.0,0.00134482820286193,0.6282756188415273,0.35606659890139486,0.014312954054216042
943.0,2.276845982951849E-4,0.8013040096125795,0.18844996657427554,0.010018339214849726
121.0,0.8990857478959036,0.09149592781558732,0.008517778221320698,9.005460671883245E-4
1241.0,1.7411576580555164E-5,0.048614779680176246,0.6243312693977834,0.32703653934545984
409.0,8.238450446217939E-4,0.05383680321072371,0.7909840833645074,0.15435526838014696
614.0,0.0017561358436680098,0.16824619010540703,0.6751692256760549,0.15482844837487014
31.0,0.001211560358883085,0.013110703295943006,0.2625643323617652,0.7231134039834087
49.0,0.9775469214892428,0.022339812532091885,1.0900816484452118E-4,4.257813820900218E-6
1025.0,9.093962900717446E-6,0.006239803335522369,0.44526603584848107,0.5484850668530958
1444.0,9.092023618862478E-6,0.0014971236043258547,0.11480415520660119,0.8836896291654541
963.0,5.70258389458516E-6,0.0013554448388868037,0.17536881132003201,0.8232700412571866
920.0,1.325018633295684E-5,0.010448173156126884,0.9605862792514683,0.028952297406071803
358.0,0.9158736590963327,0.0821952781075509,0.0019238574728517703,7.205323264689821E-6
1298.0,2.1873595666959292E-4,0.003950301600918678,0.05178940952893613,0.9440415529134757
1207.0,0.2457899500374436,0.6707452150261793,0.07963158357674566,0.0038332513596314546
1624.0,0.9757243757112058,0.02407266633895014,1.9822689011191378E-4,4.73105973208677E-6
158.0,3.0948110550263854E-4,0.3451795835212741,0.6186723030571408,0.035838632316082406
573.0,1.996993651760793E-5,0.028416763732941996,0.8976081068994289,0.07395515943111149
651.0,1.1406546503227426E-4,0.03239994930989856,0.31381546229933754,0.6536705229257317
1499.0,0.5791309625092653,0.39112077833491093,0.029000361328295112,7.478978275287246E-4
1150.0,1.856373559330007E-4,0.04565876447115965,0.6540819626150696,0.3000736355578377
814.0,0.13509027202661977,0.6321223113121027,0.15453807980743642,0.07824933685384126
317.0,0.6862230418954302,0.30847394418391794,0.005219434041765254,8.357987888663207E-5
885.0,9.161255129067354E-5,0.024841510374318976,0.6363939274679943,0.33867294960639605
204.0,0.0535436512221317,0.22647163482638352,0.384662590989939,0.3353221229615459
1224.0,0.41289019822693174,0.5626213382139592,0.024042206029512285,4.4625752959669504E-4
1389.0,1.0776534007129565E-5,0.9783821194698464,0.021195359941549488,4.1174405459704056E-4
1575.0,0.4056506316881023,0.5550737124252647,0.03867936418418455,5.962917024483886E-4
450.0,0.04534247922234042,0.7300484731652731,0.18965131608923497,0.03495773152315143
720.0,0.4627847610898512,0.4916251331655617,0.04240381733436251,0.0031862884102245325
1370.0,1.5365473680496007E-6,5.059533727740085E-4,0.07696483431420416,0.9225276757656538
956.0,7.4562386572060795E-6,0.021859476634365438,0.6693867244349022,0.3087463426920752
372.0,0.6626456942082137,0.3343946423697299,0.0029368683284031636,2.279509365337727E-5
1279.0,0.9822712136510287,0.01763571964813508,9.163129681169754E-5,1.435404024631834E-6
537.0,1.724124031447772E-6,0.00215102421840933,0.31173723873232745,0.6861100129252318
1552.0,0.9572856455256157,0.042396866624180254,3.136867292089963E-4,3.8011209949562545E-6
151.0,0.15636930478233707,0.7892542258105616,0.052012200415117435,0.0023642689919838107
578.0,1.144354986495245E-7,2.815906026568584E-5,0.010501390309512972,0.9894703361947227
395.0,7.876789384000639E-6,0.0016499088947838835,0.2021659365540551,0.7961762777617771
1097.0,3.782565026639821E-5,0.9794608352786174,0.019482687508472228,0.0010186515626439724
112.0,0.8949120719514914,0.103696044599548,0.0013125808244054044,7.930262455522818E-5
999.0,6.462583794150791E-6,0.02902459952088759,0.9579499469177839,0.013018990977534414
1516.0,0.5515275592156748,0.43663014386420684,0.011708153929317622,1.3414299080059637E-4
1152.0,0.5062953231635287,0.425127378144142,0.06211448756990011,0.006462811122429262
197.0,0.0018426231086283193,0.41882388151629646,0.5457242217918091,0.03360927358326606
849.0,0.013277966615218137,0.9512300328786536,0.03377370763436576,0.0017182928717626722
1317.0,0.003404206018173003,0.6483983765174338,0.29368147790422966,0.05451593956016359
1647.0,1.1080473617988114E-5,6.743578711091512E-4,0.02066752198957224,0.9786470396657005
756.0,5.188414555249913E-5,0.004939776205238968,0.20127743084196473,0.793730908807244
464.0,3.4141666414907093E-7,1.1941021680570118E-4,0.018529894424866564,0.9813503539416635
687.0,3.9295893637168646E-4,0.7228906233758338,0.24948710154295511,0.027229316144839415
89.0,0.9825804930463724,0.017301692283477613,1.1424636398364962E-4,3.568306166341193E-6
1427.0,0.0012237418321719277,0.943363019946904,0.05239750338596634,0.003015734834957758
778.0,0.0010366894806726967,0.04240148704870638,0.9343731732701486,0.022188650200472313
303.0,8.418616246320525E-4,0.05502924884590739,0.509033193629092,0.4350956959003686
1078.0,0.9824368704335247,0.01714481784727677,4.1206905499584185E-4,6.242664202510024E-6
1123.0,2.626887007654402E-4,0.0056289003636623,0.836308955949529,0.15779945498604322
1478.0,0.8343482492756785,0.046041708981039146,0.08435933892076647,0.03525070282251588
339.0,0.10087814490276406,0.8616095375955859,0.03423145455509508,0.0032808629465549306
1010.0,0.0020888350515061134,0.36404127368058065,0.2049598401423169,0.4289100511255964
11.0,0.8748259305453007,0.1220403520443705,0.002849193095023195,2.8452431530562555E-4
599.0,0.0030776639925239125,0.8020312628630025,0.13781669154813597,0.057074381596337445
70.0,1.2591660970269994E-5,0.9128102180783109,0.08494727993511489,0.002229910325603905
1594.0,0.0015893787063052328,0.1563419840615488,0.8214734249026834,0.02059521232946249
524.0,0.715073751727158,0.2629166280714228,0.021555383694214513,4.54236507204737E-4
428.0,9.311929037956257E-6,0.0034132298762533935,0.19554818007025834,0.8010292781244504
937.0,0.593163797007267,0.36325917704812466,0.041299483976322125,0.0022775419682864347
251.0,0.8356782335451853,0.15894672140542215,0.004918079649390823,4.5696540000175675E-4
1392.0,0.00585288533378881,0.6624274108821501,0.27394424854736193,0.057775455236699254
1237.0,0.4961454833927916,0.4694436464395395,0.03235843661819109,0.0020524335494778514
111.0,0.9644146992482912,0.03527632070977347,2.9723656134789464E-4,1.1743480587430218E-5
1465.0,2.818715255222865E-4,0.024365787423894267,0.7282239321530077,0.2471284088975757
1052.0,0.02301356029282847,0.7756949525521503,0.16287197495735553,0.03841951219766574
799.0,3.2983695811167004E-4,0.02982843114446757,0.49524348979875726,0.4745982420986633
503.0,0.01512366624257303,0.9124611982484182,0.06907485283033718,0.0033402826786717715
698.0,0.9614417096685014,0.03835357043138481,2.0360064461203453E-4,1.1192555016603063E-6
1605.0,0.9434440208500089,0.05625612642375929,2.9703516143573063E-4,2.8175647958590187E-6
169.0,0.9837469307867869,0.01617590716006804,7.697536292457626E-5,1.8669022069914636E-7
737.0,0.03380574357388675,0.7099033295676453,0.165974763404232,0.09031616345423579
836.0,5.1031441803791644E-5,0.010532222801810919,0.4766836702379348,0.5127330755184505
264.0,0.8293763040274452,0.12577450112080346,0.04129129673428076,0.003557898117470678
1295.0,0.01685991320793583,0.12987855746828045,0.35520446454004123,0.4980570647837426
552.0,0.005156876517163149,0.25705890042634666,0.6042241192170942,0.13356010383939595
446.0,0.0024949448256769233,0.022605020031469112,0.18382086649250784,0.7910791686503461
1650.0,0.8129737058776758,0.17666110462358264,0.010328689622879913,3.649987586166835E-5
1336.0,0.0011838204726597763,0.6416924080547078,0.3316847865908309,0.025438984881801418
242.0,0.0013835010926975754,0.4398048611714701,0.5411115132848694,0.017700124450962893
909.0,1.7954352343687343E-4,0.20244613604790837,0.7617012666136604,0.035673053814994415
1181.0,4.032805906960816E-7,1.547128269138526E-4,0.026605985673335303,0.9732388982191601
42.0,3.599615454352758E-5,0.009385263902879496,0.26484679026631264,0.7257319496762643
1067.0,9.750868671469203E-8,1.5083358241329656E-4,0.03893202960780978,0.9609170393010901
982.0,1.2806066076557771E-6,1.522917949639164E-4,0.018284695237902653,0.9815617323605257
321.0,0.08725690516192014,0.4977394440203313,0.17612979817609353,0.23887385264165492
1422.0,0.04687672140475186,0.7129049273090174,0.21162892733539435,0.02858942395083634
627.0,5.100540051029422E-5,0.007852257231835073,0.6880240010441394,0.30407273632351534
1549.0,1.5885122681955297E-4,0.012779110417376423,0.3425398300092371,0.6445222083465669
709.0,2.954092241146442E-4,0.19994035524019368,0.7178213481323539,0.08194288740333783
160.0,9.88891834092189E-4,0.1031509152000182,0.8638480265525607,0.032012166413328956
1250.0,1.1453578408397884E-4,0.020530395964382938,0.5415019905950349,0.43785307765649806
864.0,3.946146725775882E-4,0.006447272048614082,0.9536622240337786,0.0394958892450297
282.0,0.29335647015144506,0.4836062325406917,0.2192501755735833,0.0037871217342800665
1351.0,0.0013663690526964883,0.05877466598392511,0.39849295252264405,0.5413660124407342
1521.0,0.003328759528738739,0.16239144318265564,0.6701944558543739,0.16408534143423184
827.0,2.4836000472931497E-6,0.001692748803206829,0.07831460792962022,0.9199901596671257
1108.0,0.9237705297579205,0.07462502243090956,0.0015587270319641674,4.572077920565467E-5
485.0,0.9614080648592681,0.037623285065820154,9.434872057312334E-4,2.5162869180624454E-5
670.0,0.9704911601295209,0.02927271820551517,2.289717156407953E-4,7.1499493231646185E-6
855.0,6.074210086301938E-4,0.5899359759215032,0.3974449029791917,0.012011700090674945
15.0,0.8254724167407621,0.1453242445477738,0.025659772221487596,0.0035435664899766055
1164.0,1.0791767895109133E-4,0.0214801887627806,0.22633058687677163,0.7520813066814968
1321.0,0.0028745913391234365,0.29003861461785835,0.6556281190276059,0.0514586750154123
102.0,1.4308083396930006E-5,0.006165340381845043,0.20849777796730057,0.7853225735674575
1635.0,1.4574763421982675E-4,0.3599991882161914,0.6072749154376343,0.03258014871195428
467.0,1.0518527533320685E-4,0.055680859936373256,0.9079687219644895,0.03624523282380403
754.0,9.664356981625144E-5,0.02580621207005229,0.5182410319497844,0.4558561124103469
681.0,3.249254782428731E-5,0.10267477047130559,0.7828825493609606,0.11441018761990968
187.0,0.10468986749050598,0.46263166609048334,0.25714782009714077,0.17553064632186985
1439.0,0.00288507140898364,0.3537919658940195,0.27825244144949274,0.3650705212475042
1082.0,2.2033454647162095E-4,0.18968720732096497,0.37795206165096745,0.432140396481596
300.0,0.6956516820516422,0.27980709230717377,0.021779704822868125,0.002761520818315946
780.0,0.9904865277871995,0.009472613059031455,4.0485580327765155E-5,3.735734413503415E-7
954.0,2.610941397869908E-4,0.10088985032591205,0.7624161046202056,0.1364329509140955
375.0,0.3407112816773158,0.6530727841336369,0.006185763480475081,3.0170708572140596E-5
1366.0,0.9359705673705996,0.06343327081339553,5.904488864611407E-4,5.712929543834807E-6
1267.0,0.6447593027032607,0.34245624074995207,0.01225082539456078,5.336311522264619E-4
79.0,2.1390105834804383E-4,0.37826317603416887,0.598267503070235,0.023255419837248204
1564.0,1.953790656385032E-4,0.012156262740798457,0.8441899288226014,0.14345842937096168
543.0,0.7717278791788521,0.21650986221754587,0.010496122757509302,0.001266135846092797
580.0,0.6409740093962993,0.3181750384766266,0.038847879989638116,0.0020030721374358473
392.0,0.2074624672081767,0.6345081748341629,0.1253279373899798,0.03270142056768059
1093.0,0.8837821102472766,0.1084904595156964,0.0073173936417822725,4.100365952448613E-4
1504.0,0.022661802530024314,0.8778027965523575,0.07531357065241016,0.024221830265208
233.0,0.9808803480350814,0.01894106672535982,1.7175460968853415E-4,6.830629870319158E-6
993.0,0.03705428538328419,0.8819460099109421,0.07617145408759013,0.004828250618183559
178.0,0.0018159485675657244,0.8393920252981848,0.1505741403334146,0.008217885800834823
653.0,5.1005246529756665E-6,0.9638058532248506,0.0325398054540358,0.0036492407964605093
1495.0,0.9737512208815525,0.026096376095309824,1.5077594497085113E-4,1.6270781669129506E-6
808.0,0.1934142826592226,0.7138600113500269,0.06362556680292569,0.029100139187824735
318.0,0.17749091965741867,0.7184143131663646,0.09203458516010807,0.01206018201610875
1138.0,0.1756754604682801,0.71304651533494,0.10930833718582715,0.001969687010952816
1220.0,0.8298701181738563,0.10175686658967481,0.062162307665592414,0.006210707570876441
883.0,2.686011101937266E-4,0.05980831300861971,0.7133410075875892,0.2265820782935975
1377.0,5.096587327374505E-4,0.029161365256186452,0.6898399645476996,0.28048901146337657
1579.0,0.11380494951048162,0.6865527049736447,0.037435965064209965,0.16220638045166363
58.0,3.0865360005698724E-5,0.004282930790705015,0.36649805196481045,0.6291881518844787
449.0,0.003940491118465992,0.7142640128822306,0.23034977033644724,0.051445725662856046
726.0,1.4385734443336733E-4,0.058669777048041764,0.8434684483918848,0.09771791721563997
410.0,0.8451551646403763,0.13773882177269606,0.014637459082268373,0.0024685545046591296
608.0,0.012858948606485735,0.4290578589126606,0.5396956562186133,0.018387536262240482
1037.0,1.2375428234685835E-6,2.1395258689298864E-4,0.027789641860335553,0.9719951680099481
965.0,1.5544414169997593E-6,6.352020934165592E-4,0.04168644146427375,0.9576768020008927
224.0,4.162846160668054E-4,0.3349788885583975,0.6107260384643195,0.05387878836121623
1448.0,0.8137311206539732,0.18387498958509854,0.0023797195405738454,1.4170220354223041E-5
1310.0,0.964739693374385,0.03497825548035711,2.7881809113829343E-4,3.23305411952366E-6
926.0,6.39768340897744E-5,0.02408286089013837,0.03654029469006204,0.9393128675857098
357.0,8.036767768732905E-5,0.7988094408401472,0.1929545112592924,0.008155680222873158
1211.0,2.4214438970578275E-7,3.46224566325309E-4,0.03262436543966254,0.9670291678496223
571.0,4.781559998609672E-4,0.07693398449757878,0.7382976904832722,0.18429016901928783
1620.0,2.766837856615066E-5,0.005493239394225827,0.8483526582605426,0.1461264339666654
1469.0,1.41282090512302E-4,0.02253409236498758,0.7815783085566858,0.19574631698781436
1048.0,7.103589566150608E-5,0.030033385291205774,0.5208313151094033,0.44906426370372937
214.0,3.3850558672843777E-4,0.014493551631813161,0.5021723228056514,0.48299561997580687
797.0,1.589769186829038E-4,0.05509790254221779,0.8041923498267675,0.14055077071233188
696.0,0.836146996929275,0.14474486208408238,0.01835040173993909,7.577392467036852E-4
502.0,7.327415890102305E-5,0.06481133366322862,0.9109102422855103,0.024205149892360098
1601.0,6.685022734202505E-5,0.039398920027904266,0.8728866667874603,0.08764756295729344
739.0,0.6695677353313798,0.32610156261952206,0.00414171316053891,1.8898888855912858E-4
838.0,1.3326952100255727E-4,0.05615076865393054,0.36150709593740554,0.5822088658876614
265.0,4.5538679307890364E-8,1.2659633255034202E-5,0.005547353223748731,0.9944399416043169
1198.0,0.8464253636302406,0.14395122946254008,0.009146946810455777,4.7646009676353973E-4
22.0,3.974507189112144E-4,0.04091734540040563,0.47534821653123177,0.4833369873494513
35.0,5.00844805658225E-4,0.44854764053484203,0.512153849489041,0.03879766517045881
1291.0,0.966035798216006,0.03343438106354655,5.252277947949875E-4,4.592925652447932E-6
1127.0,4.554740047897887E-4,0.2248327102325695,0.7249588386553695,0.04975297710727132
1474.0,4.3149316763611503E-7,9.329106710819709E-5,0.015146462798458958,0.9847598146412653
1008.0,0.0018319599646592234,0.8740755703948478,0.11940410661204007,0.004688363028452949
338.0,0.9869643450511403,0.01292987362127235,1.0553407024491004E-4,2.4725734237897207E-7
597.0,3.3464744290576933E-4,0.06354195743539022,0.8467553090376586,0.08936808608404534
1672.0,1.7275134101338389E-4,0.053868474641229014,0.0924096197803467,0.8535491542374108
132.0,0.0010506325403884596,0.9017870449521392,0.08447827211439973,0.01268405039307255
1598.0,0.9910232126757372,0.008935098574184614,4.13966234446785E-5,2.921266334955128E-7
429.0,0.9694249201197762,0.030247283475027628,3.2426146368452004E-4,3.534941511645536E-6
526.0,9.426700943977875E-4,0.6220268920646559,0.32813196233732633,0.04889847550362007
939.0,2.355724430451369E-4,0.09525026596571673,0.8639392963817355,0.04057486520950267
1396.0,0.0012813833778646463,0.11385566121378489,0.7541814639598401,0.13068149144851032
1233.0,0.7691748621143772,0.21218996853050762,0.015918586149145725,0.0027165832059693616
1545.0,5.545395929436333E-5,0.010248450097929428,0.18145812322371366,0.8082379727190626
84.0,0.8061430434616558,0.1888690146169042,0.0049215447464383485,6.639717500167544E-5
711.0,0.9724562620569345,0.027402421947059878,1.3945877997236362E-4,1.8572160334226146E-6
1254.0,1.8778606190232437E-4,0.08295053083015345,0.8921506727592623,0.02471101034868187
866.0,1.2243384003285751E-6,2.0849337110751882E-4,0.029342780898528636,0.9704475013919635
283.0,0.6562297786665018,0.33405846244782383,0.00963878170181039,7.297718386401736E-5
1347.0,0.9580874159068584,0.04153851404826425,3.5481182345189994E-4,1.925822142550094E-5
1525.0,9.592686003621216E-5,0.030843723742030593,0.03937933246711322,0.9296810169308198
825.0,7.89063685499088E-5,0.007935112598482497,0.927957801229392,0.06402817980357553
223.0,0.011062172545403278,0.9685432085279858,0.018452160934151085,0.0019424579924597425
1104.0,0.0031589461254788245,0.9369540470624335,0.05875718664294206,0.0011298201691457828
484.0,0.9165349126004366,0.05506637370375825,0.017981938268965984,0.010416775426839189
668.0,0.5701689823250744,0.3986508418455991,0.029973517428520873,0.001206658400805663
554.0,0.2451586679936764,0.7368610037222498,0.01752874857875537,4.515797053184112E-4
447.0,2.4705858461493267E-4,0.8953252057361214,0.09182298695760431,0.012604748721659249
1654.0,6.697055483494574E-6,0.013342228756574094,0.8879791858260535,0.09867188836188887
1340.0,0.7491643574881967,0.2439956498936141,0.0063906239528333155,4.493686653559437E-4
911.0,0.4059797742155534,0.5856279089803765,0.008302993899570859,8.932290449936921E-5
125.0,0.9107390038338566,0.08876487640541314,4.913968183844752E-4,4.7229423456560235E-6
1177.0,0.0016992406365628197,0.0929520059396611,0.7436278092589838,0.16172094416479238
1071.0,3.902672591188479E-5,0.00256809567428779,0.0703840410612372,0.9270088365385631
980.0,2.968428499716131E-4,0.5162448367360817,0.463534038720718,0.01992428169322869
320.0,0.11635541050921473,0.7604837742987012,0.07252269094504754,0.050638124247036606
1418.0,8.792436894877854E-7,7.373350387493186E-5,0.013162899510448427,0.9867624877419873
141.0,4.314780350754524E-6,0.017820964285799903,0.977525166384307,0.004649554549542407
625.0,2.3444265749812066E-4,0.06548891813699187,0.47524748803028055,0.4590291511752295
374.0,0.05770446183776401,0.36458043363939246,0.48025268292490086,0.09746242159794262
952.0,0.9867381955379142,0.012271964737159158,8.485171348400027E-4,1.41322590086436E-4
1362.0,0.9090807114378773,0.08264565124528137,0.007517109327961734,7.565279888796083E-4
1271.0,0.006100502077076027,0.07888962613426749,0.7187705350612892,0.19623933672736715
150.0,1.2025730047079626E-4,0.9059940176483867,0.0895054768001591,0.004380248250983471
1560.0,5.870170617706611E-6,0.004770462931963519,0.08113756199918906,0.9140861048982298
541.0,0.0014584735831916454,0.031561930970501285,0.41243228253488845,0.5545473129114187
393.0,4.988101565740914E-6,2.522075936418445E-4,0.046268492787937744,0.9534743115168546
582.0,0.8297769580174674,0.16595150850569806,0.004241759898303484,2.9773578530971384E-5
30.0,0.0019066357344671501,0.7557978269788856,0.22929252630763633,0.01300301097901083
51.0,0.09086988386490275,0.7735782124394662,0.10756859729381008,0.027983306401820923
1089.0,2.9448855839468725E-5,0.010963762332247093,0.5927420902208913,0.3962646985910221
1508.0,0.022711312949023014,0.7195608143535148,0.22459644306509877,0.03313142963236341
995.0,1.1866963578093792E-6,0.0031980208109938135,0.11419905691246829,0.88260173558018
853.0,0.9746191447807824,0.02519567257106322,1.761732578811075E-4,9.009390273322165E-6
1160.0,6.557091846644828E-5,0.03259247146851786,0.2599112453461251,0.7074307122668907
196.0,1.3017505442710583E-5,0.0031243704440549985,0.10901402048980167,0.8878485915607005
1325.0,6.130008956117501E-6,0.003947631231661777,0.4225870896641445,0.5734591490952377
1639.0,0.48588736678817873,0.40521608070870085,0.07531812515255148,0.03357842735056901
752.0,0.9889871420392282,0.01097346004213244,3.914141777721114E-5,2.5650086216264584E-7
466.0,1.9338366265607765E-7,2.1332221002755977E-4,0.030710154250476532,0.9690763301558332
683.0,9.333625576778767E-4,0.7091929082026694,0.28084213406823133,0.009031595171421311
1435.0,0.003597897118299442,0.7523473561811197,0.2158454417078583,0.028209304992722624
1086.0,3.58461146314419E-4,0.5831740767522351,0.4033687253429806,0.013098736758469847
301.0,1.6470594923391165E-4,0.014506102441396766,0.6822760232234588,0.3030531683859104
782.0,0.37005026009123454,0.3163410740917484,0.24578780874840414,0.06782085706861295
411.0,0.8475146626243042,0.14260921593066153,0.008445898045571646,0.0014302233994626119
610.0,0.5835864137297777,0.23509392744022714,0.1592261486938537,0.022093510136141543
1033.0,0.977945353199959,0.01575031221219634,0.005832818235017191,4.715163528275794E-4
116.0,0.956059285900111,0.04268950931525186,0.0011929674919238472,5.823729271327544E-5
967.0,3.7308414864672093E-6,0.005265993536298444,0.42226711232756164,0.5724631632946534
1306.0,3.819874266282141E-4,0.15334779246674873,0.6285661064620056,0.21770411364461745
924.0,2.702296712295803E-5,0.008860900522165639,0.5159433342764708,0.4751687422342407
356.0,4.8404602158859297E-4,0.04562792547348093,0.8660426512653074,0.08784537723962316
1215.0,0.10882591072736529,0.8105783982383749,0.047017757058248,0.0335779339760118
569.0,0.03805321922076186,0.09887446434806103,0.3762086585140431,0.4868636579171338
1616.0,0.48709135094191613,0.47719933826072924,0.03345792155919633,0.002251389238158343
159.0,0.9743718123311997,0.025380061829233896,2.4768973321296657E-4,4.361063534238334E-7
655.0,2.848020615474709E-4,0.08002238000734348,0.7231116871351145,0.19658113079599457
93.0,1.2290854440075143E-5,0.0016667469323069783,0.29018043593971304,0.7081405262735397
1491.0,0.4651964771285835,0.30570834540281594,0.21513069597925208,0.013964481489348635
810.0,1.3724125304269364E-5,0.002720356832853954,0.18882741096018577,0.8084385080816561
319.0,2.5278256508307617E-5,0.03496910568155465,0.7302221969728077,0.23478341908912942
1142.0,4.173803685393249E-4,0.0786066695757207,0.9118026683988176,0.009173281656922438
205.0,8.015504075367804E-4,0.10384103017812568,0.5076840823745679,0.38767333703976964
1216.0,0.1849127008035871,0.7498576124528077,0.06302297307599873,0.002206713667606422
881.0,0.950751665382789,0.048961863758021563,2.7687457438173123E-4,9.596284807755446E-6
1381.0,0.2093989005025715,0.6650888748031718,0.1163602938973113,0.009151930796945349
1583.0,0.45453691578192407,0.5050277910092683,0.037425080748828096,0.0030102124599794182
724.0,0.9041191296969714,0.09433415594191531,0.001480122361381077,6.659199973245197E-5
448.0,0.09900528012253489,0.8202980414087779,0.07271312779130715,0.007983550677380003
1669.0,0.6777485454512078,0.30778612825509655,0.014288727771231633,1.7659852246397929E-4
641.0,0.18366068671542882,0.6710905996088943,0.1306675854643912,0.014581128211285762
177.0,2.5901364821041935E-5,0.02116712592187529,0.19272581231060845,0.7860811604026952
1130.0,0.0015035943469981538,0.33011048384188446,0.6163736098099204,0.0520123120011969
312.0,0.0017423861880872956,0.4094910059265666,0.512126117913799,0.076640489971547
804.0,1.4510127336496443E-6,8.547910712465387E-4,0.07264853542919654,0.9264952224868233
1487.0,0.010982982923549451,0.7851166154409133,0.19687073475597947,0.007029666879557773
1401.0,3.7464596670503125E-5,0.002935426960501857,0.019966457241855584,0.977060651200972
99.0,0.06818528565501142,0.7667259016414799,0.1588752919989798,0.00621352070452893
895.0,7.356306384310563E-5,0.08088379970082875,0.297613875576637,0.6214287616586912
1244.0,0.005397597547446515,0.0495951542507163,0.3433335014308303,0.601673746771007
730.0,3.196292404897435E-5,0.027893623404513974,0.8641723348625897,0.10790207880884732
455.0,5.270303332252692E-4,0.19681620548641932,0.7216945226736893,0.08096224150666628
1587.0,3.3427670234158766E-4,0.4389106007509124,0.5388849950710796,0.0218701274756664
620.0,0.041254066967507656,0.6028665586232078,0.3130753041341375,0.04280407027514703
412.0,1.720934550079832E-5,0.009533608829219909,0.9448401686548038,0.045609013170475395
227.0,0.048511105635369034,0.9437899827702144,0.0071854180053695675,5.134935890470629E-4
1456.0,1.593180887247196E-5,0.005002251774732726,0.3288489795196132,0.6661328368967816
969.0,0.9601289877764779,0.03921451883130707,6.547781463772263E-4,1.7152458376473153E-6
1045.0,5.352876678125252E-4,0.4034012183203839,0.5326436753772673,0.06341981863453625
1187.0,0.9374967244899328,0.06097192132388202,0.0014709168106741839,6.043737551086432E-5
355.0,0.009576456212429297,0.6369180808285487,0.23653122804014312,0.11697423491887875
914.0,6.100212152239517E-4,0.7623634351860838,0.22650743028480996,0.010519113313882267
1286.0,0.5215268416612219,0.46602716173963643,0.011358331082934933,0.0010876655162067677
1612.0,0.2921099450037557,0.5586767523097367,0.14397340794118277,0.005239894745324852
567.0,4.269117582820844E-8,1.4495360140550457E-4,0.0235908757648865,0.9762641279425321
74.0,0.039810052214697716,0.8642454307363625,0.08924072596506231,0.00670379108387746
1329.0,0.8379630714683165,0.15838139365556178,0.0036385999430498892,1.6934933071994365E-5
1172.0,2.5006837266827766E-5,0.0125778721679955,0.5380936284135281,0.4493034925812095
859.0,7.399099266303344E-6,0.002675786622039416,0.03363536391338146,0.9636814503653127
469.0,1.6727105930889048E-5,0.01246707478962772,0.9307017381118659,0.05681445999257563
766.0,0.0023797781359169243,0.8934609833665768,0.09170571765136612,0.012453520846140135
1659.0,7.752265459703453E-4,0.5870588948166736,0.3463170631822894,0.06584881545506659
184.0,0.3222003044191281,0.4946614990608292,0.1664868293228471,0.01665136719719553
677.0,1.684410443079622E-6,2.85355336573769E-4,0.039315904663592034,0.960397055589391
768.0,1.550068571281174E-5,0.1976361960542192,0.7552213618702354,0.047126941389832734
298.0,3.3769082394520945E-4,0.22374570454017745,0.6383331955054841,0.13758340913039324
1058.0,0.846732216017682,0.14970791075510773,0.003537776055813667,2.2097171396657228E-5
1415.0,9.891333564786899E-5,0.04091796151198271,0.7539392907282226,0.20504383442414673
