1658.0,2.5358446059888282E-6,0.013552983260094091,0.4262692328472087,0.5601752480480913
444.0,6.695712276218726E-5,0.15490200500419474,0.6101196706597136,0.23491136721332953
556.0,1.5740227656588617E-5,0.06565778609083231,0.7833273284603488,0.1509991452211624
905.0,2.0339189404152564E-6,0.030460608274293442,0.8548134445808399,0.11472391322592626
243.0,7.70224310020677E-4,0.1246679230631076,0.5160385916272895,0.35852326099958226
1328.0,3.9818265638243855E-6,0.025375705697147897,0.45570556958000125,0.518914742896287
1173.0,0.12680369421891285,0.8019588878976365,0.06584961838636424,0.005387799497086424
1059.0,0.01714162355387867,0.5436645081952162,0.4160938306338902,0.023100037617015037
1414.0,1.6732927065740445E-6,0.05904776073485064,0.4781068540285039,0.4628437119439389
978.0,0.011794151987560595,0.5236370544070198,0.3751308257185558,0.08943796788686377
323.0,6.641899530990256E-8,0.010039140385228754,0.5904515831649159,0.3995092100308601
631.0,8.194628366658915E-5,0.13322815447049793,0.6628982661968603,0.20379163304897516
66.0,0.9598473197538888,0.039552759428097384,5.951855646211203E-4,4.735253392519424E-6
1541.0,0.999349523253298,5.922848493505423E-4,3.790063826145349E-5,2.0291259090220028E-5
161.0,0.007510789357338915,0.49878718827713053,0.42128569534400573,0.07241632702152487
705.0,0.7770945462904691,0.19647676439188141,0.02422147353148202,0.002207215786167507
280.0,0.001228066193918783,0.370334465094899,0.515103460189111,0.11333400852207115
868.0,9.219075953855095E-8,0.0011940792154029316,0.1862236824064814,0.812582146187356
1258.0,0.21737647716960332,0.15696074202744095,0.43338150368990275,0.1922812771130531
1359.0,0.09999438047593558,0.7501525184431138,0.13187385820381223,0.017979242877138257
107.0,5.3466970378781566E-5,0.019856282889032368,0.4304899753792205,0.5496002747613682
1529.0,0.8186652219876192,0.1742444621231978,0.006489481744906394,6.008341442768254E-4
1116.0,0.030816007488626094,0.3764225988743496,0.3980863238092372,0.19467506982778704
831.0,0.8200051618011155,0.17496823934554218,0.0048611352111774565,1.654636421648312E-4
666.0,0.005682778075971835,0.5816234263371841,0.36729103797369944,0.045402757613144495
487.0,0.9981246077027655,0.001864157352594142,1.0786035506971407E-5,4.4890913354350287E-7
40.0,8.039793181077129E-7,0.04211780374066296,0.7256063213797088,0.23227507090031022
1131.0,0.02544903753862953,0.3812624028431933,0.5743087541036183,0.01897980551455879
337.0,1.9963904992953933E-4,0.25189535870165175,0.6079945021336974,0.13991050011472125
1014.0,1.2672052235258966E-4,0.29511742242873484,0.2931332110209094,0.4116226460280032
1486.0,6.656180026126364E-5,0.12240964939570141,0.7138640246361522,0.16365976416788522
1668.0,6.596556755400254E-7,0.003905507162088864,0.29945190801363747,0.6966419251685981
595.0,0.11204738520980322,0.5259795477373584,0.3405510588449491,0.021422008207889233
430.0,0.06770942981810621,0.7801718558035646,0.14103936493881367,0.011079349439515532
520.0,0.9887189740615054,0.011167249230116994,1.0638622136107415E-4,7.390487016446213E-6
1586.0,0.36721321024827674,0.6292274865098622,0.0032866116774005016,2.726915644605276E-4
1400.0,0.21185011015711114,0.6285849988352357,0.1513640170829455,0.008200873924707636
250.0,0.47721333584047027,0.29956755703016646,0.18296290895366277,0.040256198175700676
941.0,0.06878685585457991,0.6479630512103429,0.2534325269281466,0.029817566006930668
1245.0,0.1201021754236886,0.516350844234506,0.32496683895896533,0.03858014138284015
1457.0,7.899227267227714E-5,0.00900061088895309,0.05357949879965619,0.9373408980387185
795.0,0.01489785056888623,0.6283451759054485,0.2334116078126452,0.12334536571302021
1044.0,0.0035855957576634468,0.6180183377060213,0.3043576588931741,0.0740384076431411
702.0,9.827870837466677E-5,0.12622825329463877,0.72663707024496,0.14703639775202648
501.0,0.3751775914510016,0.5527289970084702,0.06638400779672433,0.005709403743803753
1613.0,4.150929428855226E-6,0.017814793787376503,0.7671192129991318,0.21506184228406275
741.0,0.9498102076700318,0.050060891506381426,1.2365549006186264E-4,5.245333525029998E-6
168.0,2.8584092499870467E-6,6.703562440009183E-4,0.23468652561561568,0.7646402597311334
1186.0,0.9961190656947597,0.003830559959146875,4.737887736107977E-5,2.995468732477242E-6
266.0,0.2232645406558595,0.6671699359159606,0.1045167395658108,0.005048783862369274
832.0,5.908126386080413E-4,0.3549260084411498,0.5415033545467123,0.10297982437353004
1287.0,3.4138603443307195E-4,0.4449032565997035,0.44954198306994947,0.10521337429591392
649.0,8.372749423269951E-4,0.1964046452104696,0.7284708905375172,0.07428718930968618
179.0,1.1268338884956761E-6,3.7246634062736633E-4,0.15777734100952923,0.8418490658159549
1503.0,0.9891683423655832,0.010693251794830758,1.3688168407439814E-4,1.524155511911501E-6
1146.0,8.10643651207318E-8,0.0037674533905129428,0.08822853220624365,0.9080039333388784
812.0,0.07410794202844569,0.7509149435743795,0.15254648710786384,0.022430627289311104
316.0,0.001778202268728667,0.6507465746510759,0.27598609374885646,0.07148912933133893
887.0,2.2978958395674768E-5,0.06939420531784538,0.4692644058257243,0.46131840989803463
1228.0,0.04519384112342724,0.741057689654857,0.1927390879937574,0.021009381227958604
1385.0,6.136245761706824E-5,0.06216074261441359,0.4946254372715525,0.44315245765641686
98.0,0.9887323399475588,0.0110540608164305,1.963408531830243E-4,1.7258382827813466E-5
1571.0,0.007022326059046722,0.4936661348533437,0.404715874853629,0.09459566423398057
722.0,7.306058886015169E-5,0.19078180174623907,0.6897303018363137,0.11941483582858722
451.0,0.981054447333114,0.018633673409179978,2.915237288790279E-4,2.035552882688121E-5
612.0,0.011702037791935885,0.1051150539851081,0.6101070760832042,0.2730758321397517
408.0,0.9184581346792089,0.06626440499245718,0.008405619263465822,0.006871841064868177
1029.0,9.304152913502266E-4,0.35396436578636725,0.5629764184617423,0.08212880046054023
1440.0,0.031239974452489473,0.6815510573996272,0.2743245195394405,0.012884448608442864
225.0,0.9987195174248003,0.0012696264176751718,1.0407709999555678E-5,4.4844752513593983E-7
961.0,4.7770673594582294E-4,0.07150728406639002,0.4477206045796184,0.48029440461804573
922.0,6.918856307759747E-6,0.0011540191945458808,0.06462657974742729,0.934212482201719
359.0,0.02616031763973227,0.2446784025058106,0.27747348708673925,0.4516877927677179
1302.0,4.171829966124384E-5,0.244287865196516,0.5530996612095439,0.2025707552942788
1203.0,8.542733361957439E-7,0.0059468755843812135,0.2704882755951224,0.7235639945471601
75.0,0.0479798546173345,0.41425149104815684,0.4991557639366454,0.038612890397863274
1628.0,2.782903000471809E-8,0.007072803639497981,0.7880318579225072,0.2048953106089647
575.0,0.02726435239878663,0.6647350669831553,0.2865879354860955,0.021412645131962477
1156.0,8.28149360519391E-7,0.0075155431031105535,0.38052768213392474,0.6119559466136042
851.0,0.7608255672252905,0.22234137191401265,0.015424495076820456,0.0014085657838763077
1313.0,8.928587659384733E-6,0.07433723948574741,0.44678238619924965,0.4788714457273435
1643.0,1.5693959647115415E-5,0.08839369637971588,0.21895651173318922,0.6926340979274477
56.0,0.36557428032756467,0.4680628583473778,0.1348025966495108,0.03156026467554675
758.0,0.057032494755371296,0.9321673676818488,0.010452546389377171,3.4759117340265726E-4
465.0,0.16019499534240048,0.7470905283097395,0.07975230894363722,0.012962167404222827
186.0,0.037209168718630496,0.533380828631686,0.4111480588985358,0.018261943751147737
685.0,0.11071815428604652,0.6637235036041899,0.21196214113516784,0.013596200974595785
1431.0,0.005987729648930789,0.8136553260598327,0.17576058318832471,0.004596361102911667
302.0,0.0022788291561155003,0.09359538213799151,0.3798364897241812,0.5242892989817118
776.0,0.9780998464645517,0.021792312756489622,1.0770419712957881E-4,1.365818290167595E-7
1074.0,0.9603958685658914,0.038076325897325895,0.0014593863276145499,6.841920916827657E-5
1374.0,1.1499271692117785E-5,0.020148504889064195,0.42326348870682967,0.556576507132414
373.0,0.9726224109601446,0.025728869866539716,0.0015030670601440936,1.4565211317172334E-4
958.0,0.002246024741919586,0.3956733832805789,0.4256714393993771,0.17640915257812437
1275.0,0.09640819529701218,0.6058676047228874,0.2863101270662519,0.011414072913848456
539.0,6.468263784480645E-5,0.0916913820786291,0.8088228458083385,0.09942108947518746
1556.0,9.88658857842341E-6,0.0702203466981304,0.8025453845032445,0.12722438221004656
394.0,0.3762080538486122,0.521125287660086,0.09255833649140871,0.010108321999893085
576.0,4.5858512464440343E-4,0.3164728394646267,0.40018617886944685,0.2828823965412819
1101.0,2.754069575577593E-6,0.04595183491246051,0.5945582914875518,0.3594871195304121
997.0,0.549626061506189,0.2114872226006286,0.1901859468916128,0.048700769001569715
232.0,5.678578616908403E-5,0.0197817605359747,0.4823568323075107,0.4978046213703455
1512.0,0.3035651167102654,0.20890904569096497,0.29004735155058237,0.19747848604818719
1537.0,0.24776397374180786,0.5917894161935588,0.08418796182662963,0.07625864823800356
707.0,8.005204461811314E-7,0.05180202947774342,0.7551921766204326,0.19300499338137786
281.0,0.027352292686095216,0.11690955767568327,0.5663195393227612,0.28941861031546035
870.0,0.006886991797670868,0.2950019186339044,0.4892686706963389,0.2088424188720858
23.0,0.6144167052460787,0.36892857300040605,0.015974903196698434,6.798185568168907E-4
1262.0,2.3893196949596405E-5,0.0826980521054887,0.8387635246808073,0.0785145300167543
1355.0,0.857385958917025,0.14196149685962112,6.037918808314024E-4,4.875234252242586E-5
33.0,0.0036186030110756276,0.19956676974040255,0.5768963971229035,0.21991823012561823
1533.0,8.884773408725533E-6,0.0064724345411125974,0.38080981114661283,0.6127088695388658
1112.0,0.905966549662406,0.09157432633498787,0.0022011733389569843,2.5795066364906166E-4
222.0,6.888080209797343E-5,0.12071321630351313,0.6168921522044751,0.2623257506899137
829.0,0.006352125620630001,0.5867419239077165,0.3780580981418927,0.02884785232976084
664.0,0.8701710536186117,0.12459215694196792,0.004770868551753237,4.6592088766707037E-4
486.0,0.02030696795482607,0.7404637799316505,0.21939785543126575,0.019831396682257696
1662.0,1.678782154952307E-4,0.15151318094732075,0.7636847181992661,0.08463422263791799
445.0,0.05700444874922529,0.4029906337977085,0.3058697626170866,0.2341351548359797
558.0,1.7839098586454465E-4,0.15622641575141896,0.568387150418407,0.2752080428443095
907.0,0.6659819550531857,0.30291229102468764,0.023590789689783596,0.00751496423234318
1332.0,0.001890037987334788,0.13856952944328105,0.5426094296582578,0.3169310029111264
1169.0,0.126533904856453,0.7437209161586829,0.1260017700885668,0.0037434088962973035
1063.0,0.050817893583211864,0.8211509362134071,0.1212212019194894,0.006809968283891688
1410.0,1.4245638100197767E-4,0.052246363351961235,0.3377106669904627,0.609900513276574
976.0,0.8536824168426383,0.12731210860545064,0.015512757066667977,0.0034927174852430734
322.0,9.251574979409587E-4,0.09251526803155076,0.4267893901924053,0.4797701842781029
629.0,5.734232117612898E-4,0.40131811111731397,0.5372303492291705,0.060878116441754365
140.0,2.621953014019767E-4,0.2528695624421725,0.6338820313898481,0.11298621086657726
1461.0,0.7853733291959443,0.10631933987669553,0.025084454151887942,0.08322287677547217
793.0,1.9822894166703297E-5,0.07148365632249919,0.7893392371932408,0.13915728359009333
215.0,1.6296332478796263E-7,0.016721820064927794,0.4980387478946957,0.4852392690770518
1040.0,0.1376499797293863,0.6971874154816246,0.1392570904794062,0.025905514309582853
500.0,5.107850175670722E-7,0.02506656107931819,0.6214872805812565,0.3534456475544079
700.0,9.51516050822901E-10,2.7420821377483574E-4,0.09201076706488817,0.9077150237698209
1609.0,4.8824867293001465E-4,0.3619534248632914,0.4142444021930069,0.22331392427077168
80.0,1.4752936666158556E-5,0.03585626942373873,0.45309825106986384,0.5110307265697314
743.0,0.7366997610113444,0.04452551202192183,0.15255681117856332,0.06621791578817045
1190.0,6.940791462826643E-8,0.006527406061363686,0.13553200045393876,0.8579405240767829
267.0,0.0068246104636362805,0.7233953463186945,0.24375148369497887,0.026028559522690335
834.0,0.0010444115322451961,0.41444680911374093,0.414586448133027,0.16992233122098693
1283.0,0.11435721949209188,0.32907821062444104,0.4173638024353829,0.13920076744808432
1135.0,0.9639559799998938,0.0348897663755673,0.001098534415075823,5.5719209462973414E-5
1012.0,4.530512640696318E-4,0.47216149511116384,0.48170043104776233,0.04568502257700435
336.0,0.3806565548835027,0.6162423697977083,0.0030350867817119116,6.598853707718002E-5
1482.0,0.24587553318996488,0.6919703725999349,0.06071452088305364,0.0014395733270467603
133.0,2.4417244265104535E-5,0.13110492877644897,0.7307180184143628,0.1381526355649231
1664.0,1.9237409726894342E-7,2.2691036075741736E-4,0.2337282827365721,0.7660446145285733
593.0,2.1985620050963693E-4,0.0444448479405848,0.5595564868464465,0.39577880901245904
522.0,0.8112348871888531,0.17335643789999453,0.013806588646116573,0.0016020862650359229
431.0,0.9555833800062855,0.042704870920567684,0.001656626134946627,5.5122938200094265E-5
1590.0,0.0015845586154328432,0.08607635394997058,0.5966887562818391,0.3156503311527574
1404.0,0.05662641478468378,0.6766809384758902,0.2595253070415972,0.007167339697828896
943.0,0.007273403918003324,0.6540133184810523,0.19533766856801316,0.14337560903293115
121.0,0.6393587449553475,0.3332620788981289,0.02472489217660741,0.0026542839699160866
1241.0,7.875822899234331E-6,0.09793371174308284,0.7782432425708838,0.12381516986313411
409.0,1.284798529071676E-4,0.06789916833704403,0.7802986540667635,0.15167369774328543
614.0,2.789543085652826E-4,0.07934261423225668,0.7459663191382367,0.17441211232094117
31.0,2.238782206148214E-5,0.015232236990274291,0.24939978602577478,0.7353455891618893
49.0,0.9928931672451824,0.007045739913925615,5.791440982672954E-5,3.178431065226185E-6
1025.0,1.6522744044108185E-4,0.07765889873041507,0.5288181907699319,0.393357683059212
1444.0,7.000545706135111E-4,0.08121611192000719,0.522332500250225,0.3957513332591542
963.0,8.656403718769861E-4,0.07166900382801697,0.595387892952005,0.3320774628481011
920.0,1.5847070467346394E-5,0.03389824697442361,0.7073497570660894,0.25873614888901963
358.0,0.906744144951151,0.09044682700677548,0.0026994480274458756,1.0958001462764167E-4
1298.0,0.08344623495986905,0.0838924167729038,0.4439074953602612,0.388753852906966
1207.0,0.334811702311094,0.4317255143684321,0.1778587084413209,0.055604074879153066
1624.0,0.9785289413039688,0.021320491332419946,1.4826531911636806E-4,2.302044494963702E-6
158.0,1.0398625396640859E-4,0.07763430504135543,0.5929450748200856,0.3293166338845925
573.0,1.8297304283014453E-6,0.07570123832770258,0.6956159639557737,0.22868096798609533
651.0,2.375917393669855E-5,0.06709649102403346,0.6460489284321137,0.2868308213699161
1499.0,0.8637358271547873,0.13036990526781542,0.0056002822511567445,2.939853262404708E-4
1150.0,7.823184559190401E-5,0.13644562079225506,0.5089358769265986,0.3545402704355544
814.0,0.2698638376527342,0.608662810677903,0.09223520426194613,0.029238147407416735
317.0,0.9729800934320944,0.02694209734394699,7.471717157912968E-5,3.0920523793339374E-6
885.0,8.761644722076164E-5,0.15788313966568873,0.676589980116062,0.16543926377102844
204.0,0.00607153324512378,0.1620322556551468,0.13900239417829197,0.6928938169214375
1224.0,0.9634060265430124,0.03511520749207631,0.001409182079888156,6.958388502319785E-5
1389.0,0.0038142271694797496,0.6537972423072793,0.2952304717271092,0.04715805879613188
1575.0,0.04243241519355506,0.6877048233069661,0.24233846448582985,0.027524297013648932
450.0,0.09991974119299102,0.6725607634253313,0.17013314359995677,0.057386351781720836
720.0,0.29751988490550557,0.5629852532837726,0.1268497484618204,0.012645113348901322
1370.0,2.430069845744637E-4,0.1894683518101671,0.5659563988403711,0.24433224236488735
956.0,1.0589100581526394E-7,0.08564586030804702,0.7217439183442318,0.19261011545671541
372.0,0.9038307998831785,0.09382752739277267,0.0022247330064197202,1.1693971762894536E-4
1279.0,0.9992994007660062,6.96953794447756E-4,3.524738078013289E-6,1.2070146805829103E-7
537.0,1.0778596985927399E-8,0.0014326900440999775,0.1421188027213017,0.8564484964560013
1552.0,0.9317235600824469,0.06538678541861738,0.0026742002151070787,2.154542838286445E-4
151.0,0.8914416135571183,0.09882534429624631,0.009072654035565527,6.603881110699107E-4
578.0,4.19617162961025E-9,1.0364383822116477E-4,0.10379802676617042,0.8960983251994369
395.0,1.689438467380717E-6,0.004856779868619047,0.3708992484151432,0.6242422822777705
1097.0,2.352809532719137E-4,0.638295713219459,0.284025450833632,0.07744355499363702
112.0,0.8420527254430676,0.14954935217242948,0.007663677467455324,7.34244917047705E-4
999.0,5.652469150244645E-6,0.2960865982083952,0.6637846122441527,0.04012313707830187
1516.0,0.9466581384556477,0.05089265351218612,0.002251269502551492,1.9793852961466098E-4
1152.0,0.013089570800039056,0.5785748442727443,0.3733201060078665,0.035015478919349925
197.0,0.0012063826241899506,0.4427869303474094,0.5436215239023823,0.0123851631260183
849.0,0.020895418123627014,0.9420422869521725,0.03475789521382923,0.0023043997103713238
1317.0,0.19303501907746407,0.5134379505244875,0.2408641070808899,0.05266292331715861
1647.0,0.0029739170109037366,0.06736280792249924,0.41118765126367857,0.5184756238029185
756.0,7.230102422875946E-4,0.21220603112064967,0.5402852621762742,0.2467856964607884
464.0,2.3345634875772832E-7,0.0017975231518530476,0.219925475659641,0.7782767677321571
687.0,9.333656796054212E-7,0.05870464587765779,0.6496060474950948,0.2916883732615679
89.0,0.9981286386811263,0.0018372741148786388,3.372139586829966E-5,3.6580812676338876E-7
1427.0,0.3043006123038161,0.6537638930329921,0.03754484460681613,0.004390650056375618
778.0,0.0097763581137966,0.11674235280034728,0.6103355784993649,0.26314571058649117
303.0,7.670171731356504E-5,0.005426457324456781,0.22274289820505158,0.771753942753178
1078.0,0.9933913079709485,0.006564421048170708,4.33140562992948E-5,9.56924581318655E-7
1123.0,4.947022592587996E-4,0.10237189854371571,0.45016393296524937,0.44696946623177614
1478.0,0.8854794957015899,0.07580837768820893,0.02937444181909294,0.009337684791108117
339.0,0.05592953273416374,0.8542760368808927,0.08017318400098969,0.009621246383953964
1010.0,0.006790902361778539,0.5193570742113239,0.2947616066411129,0.1790904167857846
11.0,0.8780649772571624,0.1191855830553245,0.002451831781758898,2.9760790575422794E-4
599.0,3.3008891367248953E-4,0.3136633906320208,0.31974745014964095,0.36625907030466565
70.0,4.956368480492294E-5,0.5744909486083197,0.3410687985954367,0.08439068911143859
1594.0,0.010461703618622123,0.4301363743929252,0.5061071376660778,0.05329478432237478
524.0,0.7645236136005968,0.20856574553104326,0.02222070324814714,0.004689937620212597
428.0,5.296321018463149E-7,0.00819154600949125,0.6032325316090484,0.38857539274935854
937.0,0.6741532397992581,0.311088020544548,0.013595022501832043,0.0011637171543618984
251.0,0.94956514424267,0.05032337186540602,1.0264287972030017E-4,8.841012203613503E-6
1392.0,0.20595926542782453,0.6232197052842425,0.15019119665804634,0.02062983262988664
1237.0,0.8330837112668168,0.1620501027979809,0.004126532797567173,7.396531376351546E-4
111.0,0.9941275553558898,0.0058135281769437245,5.6301666027714075E-5,2.6148011386307906E-6
1465.0,3.379499479829219E-5,0.014554362496340633,0.2634681774432217,0.7219436650656392
1052.0,4.3080925104487146E-4,0.19221449127625087,0.7548589135682952,0.05249578590440898
799.0,7.756708789965391E-4,0.03042501317672643,0.36957204610796124,0.5992272698363158
503.0,0.2017677708434808,0.6667610168020139,0.12307032186618598,0.008400890488319324
698.0,0.965170874837423,0.03430465414503774,4.88652243607192E-4,3.581877393196164E-5
1605.0,0.9801502051767007,0.019751562494423777,9.753463963205247E-5,6.976892434005231E-7
169.0,0.9831634641469316,0.016592674550496792,2.3846092438628542E-4,5.4003781851540295E-6
737.0,0.4070717153220457,0.5199666084320936,0.06561451080465021,0.0073471654412104
836.0,9.094210700243131E-6,0.0076616673030185925,0.2566649657046942,0.7356642727815871
264.0,0.7591738525202719,0.10688120265585924,0.10868049937853932,0.025264445445329433
1295.0,0.8623759273946804,0.1032468715722097,0.028269601467853043,0.006107599565256834
552.0,6.853673995152637E-4,0.2215159464735175,0.38237073817569645,0.3954279479512708
446.0,0.0033891986771413148,0.06093985321486116,0.6375474699573054,0.29812347815069207
1650.0,0.5008020528046837,0.45843627279889265,0.03855158343196516,0.0022100909644586306
1336.0,0.023886887446752478,0.5333423490210436,0.3681370824188232,0.07463368111338062
242.0,4.5437583212570387E-4,0.1798190434426016,0.6750207669144423,0.14470581381083034
909.0,4.5891732964777016E-4,0.2252740948170228,0.46593853147018527,0.3083284563831443
1181.0,4.586019670286479E-7,0.00438378521403611,0.1981839987909123,0.7974317573930845
42.0,3.7096621551752567E-7,0.005551224657821995,0.2807530512666269,0.7136953531093356
1067.0,2.43447628446175E-7,0.0026919531933559705,0.43833195390308133,0.5589758494559343
982.0,8.351088244392375E-7,7.62161305739784E-4,0.3033609531364256,0.6958760504490102
321.0,0.4944593740293415,0.3829535291287433,0.07003251305205198,0.052554583789863156
1422.0,0.04428601048485794,0.6408042010485276,0.2515958142825376,0.06331397418407686
627.0,8.354830727224619E-4,0.1221887574503511,0.7897667368127691,0.0872090226641572
1549.0,2.660548486022396E-4,0.29251308469488235,0.5111680268847102,0.19605283357180528
709.0,1.4525898297630582E-4,0.21534815505002478,0.5947335192460904,0.18977306672090855
160.0,5.904046140838192E-4,0.23446011942058817,0.6248599135432699,0.14008956242205828
1250.0,6.032881910609475E-7,0.002440105158378817,0.06877081693171502,0.9287884746217151
864.0,3.42404262388091E-4,0.006547188465528239,0.1807272639227004,0.8123831433493833
282.0,0.4233182652824433,0.5309562417688749,0.04461135690271481,0.0011141360459669793
1351.0,9.55213243041896E-6,0.006138346452494748,0.3388952993785298,0.6549568020365449
1521.0,0.0016825302863932544,0.3606613630312859,0.3906305413725957,0.2470255653097252
827.0,1.0892389485028461E-4,0.17329543075527784,0.47555398701235335,0.35104165833751844
1108.0,0.9754738804676173,0.024090920781564412,4.112762615642877E-4,2.3922489253891814E-5
485.0,0.978820488239836,0.02093744086594851,2.383413420589725E-4,3.729552156448242E-6
670.0,0.9968185566123752,0.0031584558536524557,2.2231137678563196E-5,7.563962938190536E-7
855.0,0.0011346287963043269,0.39346720798169854,0.5739805803659932,0.031417582856003885
15.0,0.8956994945913805,0.07819223540559729,0.017158207132392155,0.008950062870629993
1164.0,1.183259226918393E-4,0.040412426271115756,0.4478084412223006,0.5116608065838918
1321.0,4.814216644315579E-4,0.06627598784884481,0.594315981285376,0.3389266092013477
102.0,9.030931853636115E-6,0.0740685307429285,0.6361512000121784,0.28977123831303936
1635.0,1.729913036198314E-5,0.16332114494959735,0.6800619537298728,0.15659960219016775
467.0,0.011379228083951988,0.3954662428305866,0.5686230615426512,0.024531467542810204
754.0,3.288928682503561E-5,0.0148011030982568,0.15484048129766467,0.8303255263172535
681.0,1.3257712921080183E-7,0.02468784087419305,0.71872113618195,0.2565908903667278
187.0,0.36132368572529944,0.2630784847754942,0.2740268186084468,0.10157101089075951
1439.0,9.174371035528302E-4,0.11758779835846993,0.2869616130041379,0.5945331515338393
1082.0,1.5257406777903699E-7,0.033631273171572856,0.6701540246400567,0.2962145496143027
300.0,0.9798675782152799,0.01968596908899254,4.3240788547142166E-4,1.4044810256070466E-5
780.0,0.9992143025516939,7.787113127822861E-4,6.909632766720512E-6,7.650275715453767E-8
954.0,0.0062310895506592434,0.45061956342227893,0.3499133662784153,0.19323598074864665
375.0,0.9606380623678057,0.037784745285211085,0.0015475909673791062,2.9601379603990402E-5
1366.0,0.9179343396292629,0.0804287856479921,0.0015338255508684127,1.0304917187665585E-4
1267.0,0.9817015025516995,0.017430693341274207,7.165269920867837E-4,1.5127711493953354E-4
79.0,3.300277123089384E-5,0.111742353797979,0.7615437154925977,0.12668092793819233
1564.0,3.925970572121611E-4,0.23037364803337743,0.568162021302355,0.20107173360705533
543.0,0.9832025763682058,0.016784535283541305,1.2073883223433385E-5,8.144650294236594E-7
580.0,0.9425388321876591,0.05626236304748965,0.0011711113651790607,2.769339967211585E-5
392.0,0.14658829490939898,0.7146280762658777,0.12320169993882413,0.015581928885899201
1093.0,0.7986325704763956,0.19115719267396675,0.009528551698560012,6.816851510776525E-4
1504.0,0.5809958851127401,0.37140599730891516,0.04038152136650761,0.0072165962118371
233.0,0.9978866220644061,0.002088850383487368,2.3702390574334665E-5,8.251615321129345E-7
993.0,0.12100773875492284,0.7764114076818163,0.09842591422974897,0.004154939333511999
178.0,0.010075417957616876,0.5593777397992639,0.36789745640575444,0.0626493858373649
653.0,9.187708107529858E-5,0.4585817330861814,0.4395768676250344,0.101749522207709
1495.0,0.9987195174248003,0.0012696264176751718,1.0407709999555678E-5,4.4844752513593983E-7
808.0,0.1733418440219244,0.7684196267313685,0.0459356788162827,0.012302850430424554
318.0,0.010485173635348172,0.34456400219836986,0.5677712908159318,0.07717953335035012
1138.0,0.4170214025206259,0.5414832099216839,0.0386849143895613,0.002810473168128803
1220.0,0.24376681128656175,0.3027608928930333,0.333354972401606,0.12011732341879892
883.0,0.015661495514574898,0.5500095821221613,0.39310863296699944,0.041220289396264424
1377.0,2.980875997747596E-4,0.126254280591617,0.8010329246763039,0.07241470713230433
1579.0,0.3672765991958504,0.5285311850219843,0.07765025936156801,0.026541956420597413
58.0,1.064594692193753E-5,0.026566397261509722,0.7357934514689737,0.2376295053225947
449.0,0.029257566855813568,0.3761059118320168,0.4647356011098829,0.1299009202022868
726.0,3.8897946288953456E-7,0.011701251608998759,0.47436571634361907,0.5139326430679193
410.0,0.9962107607678564,0.0035516345123841127,1.9049109332683009E-4,4.7113626432636816E-5
608.0,0.006574111767714932,0.5210436156108876,0.4310519571568199,0.04133031546457759
1037.0,1.0595511083613768E-4,0.003127900745872745,0.1573457913929112,0.83942035275038
965.0,3.966353494670307E-5,0.02104698393640752,0.33162956982234754,0.6472837827062984
224.0,2.3915420056180766E-4,0.2104120881524223,0.673496517437337,0.1158522402096789
1448.0,0.9639990809174724,0.03549520897646759,4.742198259846734E-4,3.149028007518259E-5
1310.0,0.9457013462698858,0.05328231816943188,9.298046638107839E-4,8.653089687138228E-5
926.0,1.5263031995261936E-6,0.05637729118293392,0.3433727845884609,0.6002483979254056
357.0,0.00172060908461882,0.44728877083790075,0.422968166397981,0.12802245367949944
1211.0,2.7332301629397207E-6,0.03195372907627527,0.5382597539467824,0.42978378374677945
571.0,2.4943707933878557E-4,0.09539980616668282,0.43749913207642765,0.46685162467755076
1620.0,0.003917883433180927,0.21491695066765018,0.662553185467177,0.11861198043199186
1469.0,3.499137438817225E-4,0.09397994693601187,0.6794012396866888,0.2262688996334176
1048.0,9.185153378399897E-5,0.15282530418691997,0.6147977887778948,0.2322850555014013
214.0,0.0014329539918355788,0.08114533616926632,0.4809522677149716,0.4364694421239265
797.0,0.03326504519365183,0.29136230245358785,0.6078998660380631,0.06747278631469723
696.0,0.6924728586331733,0.2771007009864341,0.028793301758411022,0.0016331386219816159
502.0,4.429712132896927E-4,0.15356407558775637,0.541574707962337,0.304418245236617
1601.0,1.8709479213181874E-7,0.019570769861590048,0.5596229585980683,0.42080608444554957
739.0,0.9992981454001393,7.003282499981658E-4,1.505351577864566E-6,2.099828485777852E-8
838.0,7.793010163859236E-9,0.005289929071089085,0.10465344774839075,0.8900566153875101
265.0,2.1699588825792808E-7,3.489427830535869E-4,0.07933521980871995,0.9203156204123382
1198.0,0.5323485082656187,0.36789019064694445,0.08864558563970464,0.011115715447732195
22.0,2.823490860239523E-4,0.02387982970484634,0.4436366841199973,0.5322011370891324
35.0,0.0055919500399587135,0.5787894966604867,0.3091504725631601,0.10646808073639445
1291.0,0.9927250596116582,0.007266639324310814,8.23589304930805E-6,6.517098158383516E-8
1127.0,0.0018603474105233512,0.45465135206254387,0.45917598729677106,0.0843123132301618
1474.0,4.666989407805162E-5,0.005679401236553745,0.21121809533864355,0.7830558335307246
1008.0,4.883453477610715E-4,0.31121574161521803,0.6321463816820286,0.05614953135499224
338.0,0.976201147130348,0.022562152461370125,0.0011989860594838378,3.771434879811769E-5
597.0,5.239867573244735E-4,0.09204526404960119,0.6881540289700712,0.21927672022300318
1672.0,2.5988416601862343E-4,0.3117883985218186,0.3149781653107433,0.37297355200141935
132.0,0.02790363948856459,0.673459738922156,0.25661465623468205,0.042021965354597325
1598.0,0.9900487750548999,0.009826997313473756,1.2158261307577563E-4,2.645018550643047E-6
429.0,0.9979806071832629,0.001994204428684628,2.4340122970623522E-5,8.482650818333839E-7
526.0,3.9000574674558124E-4,0.3378850046517358,0.4575437657517152,0.20418122384980353
939.0,2.2801223787342544E-6,0.10947312182520182,0.7654003908044873,0.1251242072479321
1396.0,9.282430609486261E-4,0.06962034227271902,0.4109726517474995,0.5184787629188329
1233.0,0.2690715694126167,0.5847013089467734,0.10893231147267937,0.03729481016793044
1545.0,2.026358312747941E-4,0.14880693650466603,0.5237978792507019,0.3271925484133572
84.0,0.9780520907375662,0.021232830590725983,6.881248414280992E-4,2.6953830280020942E-5
711.0,0.9894661289511357,0.010409016412700782,1.1941359971086723E-4,5.441036452597934E-6
1254.0,0.0010638110167604659,0.14095147899364013,0.5922907839823084,0.2656939260072909
866.0,7.496129333615577E-5,0.05785239569876958,0.38192324346340484,0.5601493995444895
283.0,0.37557153926754966,0.557594197875761,0.06377161747207756,0.0030626453846118304
1347.0,0.9945624687694955,0.005389729811119284,4.3842706350114966E-5,3.95871303515282E-6
1525.0,0.02477257230035123,0.37644614153027783,0.36699727307592145,0.23178401309344954
825.0,1.0267549948837872E-4,0.13543888258167652,0.7545149023422216,0.10994353957661333
223.0,0.5506369071107647,0.43271167815714195,0.015002868416998591,0.0016485463150947286
1104.0,0.386250660000868,0.5754427045717858,0.037959992865943364,3.4664256140267243E-4
484.0,0.21624518224289116,0.103715838045346,0.4053460968467894,0.2746928828649735
668.0,0.6550204825935335,0.30509831204655846,0.03766330272114661,0.002217902638761233
554.0,0.2370352505596807,0.6961858935936047,0.0658769562245305,9.018996221841025E-4
447.0,0.0010642169257345775,0.4171824458375879,0.372413467358091,0.20933986987858638
1654.0,1.0270256172713862E-5,0.053998628354431935,0.7528994158713878,0.1930916855180075
1340.0,0.9424822971005502,0.057442527888769,7.374933867596366E-5,1.4256720047991714E-6
911.0,0.9614278354805398,0.038116506026715485,4.3939010704944494E-4,1.626838569527047E-5
125.0,0.965923017616472,0.03388889462423956,1.8627107154153832E-4,1.81668774685525E-6
1177.0,1.1275584589526826E-4,0.08601788144788064,0.5370519957399453,0.37681736696627877
1071.0,1.8394732688109057E-5,6.360947771298847E-4,0.0578978129212839,0.9414476975688981
980.0,2.250895067614956E-4,0.42475133185866065,0.5617362816685952,0.013287296965982694
320.0,0.3755699147471363,0.587121416698509,0.03365771087186148,0.003650957682493144
1418.0,4.092865428023954E-6,6.28005282720731E-4,0.09330917959683646,0.9060587222550148
141.0,1.5669459245520822E-6,0.04500825995909266,0.6603338970707707,0.294656276024212
625.0,1.3336749718114532E-5,0.03961081754900125,0.7936341809883807,0.16674166471289997
374.0,1.915187296100498E-4,0.13425489019092074,0.5913834057122945,0.27417018536717463
952.0,0.9785735845746668,0.01433554067120411,0.005779421344487624,0.0013114534096412282
1362.0,0.9997006017335446,2.7760831209360724E-4,1.653073756158444E-5,5.259216800067271E-6
1271.0,0.019769630577448394,0.16758467743371225,0.3837724542120806,0.4288732377767588
150.0,0.0015688447468581274,0.4478764903095567,0.4078498897064957,0.14270477523708952
1560.0,3.1138400701764677E-10,8.35262338928126E-4,0.1695600263738715,0.8296047109758165
541.0,0.009465733233466143,0.17178311663120788,0.588151220864306,0.23059992927101985
393.0,2.0282994353030057E-4,0.013531706152570776,0.35467121881780095,0.6315942450860978
582.0,0.6847915553309849,0.3025430345842754,0.012476531816518999,1.8887826822070193E-4
30.0,0.0012792991846939986,0.3994695952202099,0.49572475451685794,0.1035263510782381
51.0,0.21328865733424243,0.6955499215966993,0.08804590868016562,0.0031155123888926863
1089.0,0.0018118849639271644,0.1723307408532774,0.37501564482556476,0.45084172935723055
1508.0,0.8485591999163108,0.14295252688119273,0.00796480386486762,5.234693376289266E-4
995.0,2.000529167093091E-9,0.01976441233342256,0.43964234100220384,0.5405932446638445
853.0,0.9979056500165229,0.002083007885182339,1.1240053454094244E-5,1.0204484066580214E-7
1160.0,3.475349045711466E-5,0.13164663075131977,0.7431434408361022,0.1251751749221209
196.0,3.921550145853252E-6,0.0053672752072151985,0.19564262758592382,0.798986175656715
1325.0,6.459205935316745E-7,0.003875661413019921,0.3358847564931179,0.6602389361732687
1639.0,0.5465819628333419,0.406384430328289,0.04113165800960048,0.00590194882876858
752.0,0.9987305653436181,0.0012686072209337842,8.235390890276254E-7,3.89635912769086E-9
466.0,2.1522732080718883E-7,0.01706340150181396,0.42547559380068795,0.5574607894701772
683.0,0.10915377679883054,0.672552164721362,0.20690134129925447,0.011392717180552826
1435.0,0.018816676360910084,0.1903095411096697,0.5979767107022197,0.1928970718272006
1086.0,0.0041077304342973155,0.4588325408546809,0.3770904439736657,0.15996928473735605
301.0,0.0024171918276439833,0.15551403488899226,0.6200610315061446,0.22200774177721913
782.0,0.009579541155335701,0.1549032291556284,0.5158787859267562,0.3196384437622796
411.0,0.6391206146618087,0.3084191214457199,0.042407904105732065,0.010052359786739249
610.0,0.5356775975255075,0.3121520889369255,0.13347269334838463,0.018697620189182442
1033.0,0.31842800351481115,0.09006240799339273,0.2266800089674065,0.36482957952438966
116.0,0.9846560830084291,0.015204235322047432,1.3740103789431295E-4,2.28063162900273E-6
967.0,1.975016866257443E-8,0.004688536210428286,0.612279315064015,0.38303212897538813
1306.0,1.813205775019025E-6,0.00854439620393681,0.15795451444950326,0.833499276140785
924.0,1.2423126756045153E-5,0.01812414334384501,0.534996147314556,0.44686728621484295
356.0,0.0017069223540932454,0.3322980018567681,0.5730277542432042,0.09296732154593439
1215.0,0.6928566992194682,0.28399675476622716,0.019204357262334364,0.003942188751970238
569.0,0.08695144082641099,0.05938406830766354,0.40635125953360907,0.4473132313323165
1616.0,0.9313780047057207,0.06540626020958605,0.0029332564653757353,2.82478619317387E-4
159.0,0.8937727550618618,0.10253710747255634,0.003571034511025,1.1910295455698444E-4
655.0,7.95206508636329E-5,0.09335573788509526,0.5545035855467945,0.3520611559172466
93.0,1.8062379608411396E-8,5.438070646577806E-4,0.3853908336531497,0.6140653412198129
1491.0,0.06551806190120808,0.5660756220748898,0.29041564507474943,0.07799067094915275
810.0,3.1043913918168887E-5,0.08713923791662273,0.5753897416134401,0.33743997655601904
319.0,0.0010369304171127687,0.2359731734710921,0.6084887239327207,0.15450117217907441
1142.0,5.357183898939881E-5,0.102440518806252,0.7404427703908917,0.15706313896386687
205.0,0.007639871174371352,0.07800508162926247,0.36904354917052756,0.5453114980258387
1216.0,0.521765632268596,0.42953660654407333,0.039614808607391486,0.009082952579939133
881.0,0.9958524618435118,0.004146033547026452,1.3879010359164925E-6,1.1670842591840579E-7
1381.0,0.2816354629436774,0.5712624495241613,0.1135280302594763,0.033574057272685136
1583.0,0.15213068793896892,0.7392535691535083,0.10019659996578509,0.008419142941737656
724.0,0.992875603204103,0.007029079062350767,8.318388616247223E-5,1.2133847383748467E-5
448.0,0.3980876255585777,0.3854196051991748,0.20299443648104504,0.013498332761202457
1669.0,0.13104651082419586,0.5386612042287015,0.30365062569020146,0.026641659256901193
641.0,0.9240981340815743,0.06472286226527955,0.008905930981051084,0.0022730726720951145
177.0,2.663435110625937E-5,0.131804548829138,0.5982384808469771,0.2699303359727786
1130.0,1.5166250262368958E-4,0.1980041111496648,0.6376150742072882,0.16422915214042333
312.0,8.546226710729211E-4,0.26886332246545125,0.6159907123703218,0.11429134249315405
804.0,3.601339844650502E-7,0.0032701209833623218,0.2559511844354925,0.7407783344471607
1487.0,0.07703525465050974,0.7517543480662292,0.16365972414399263,0.007550673139268433
1401.0,6.517772692061791E-5,0.014908263206832776,0.2768981315260914,0.7081284275401551
99.0,0.9006886815927351,0.09461300791716513,0.004461070243697771,2.3724024640209239E-4
895.0,2.360073912508445E-4,0.4016450210202823,0.43908127471183633,0.1590376968766306
1244.0,6.306799962146065E-5,0.012163422243236998,0.09080863556660002,0.8969648741905415
730.0,7.026160946531723E-5,0.25970422676158555,0.5692736482639511,0.1709518633649979
455.0,4.808791706192303E-5,0.15658716718923746,0.6448884828145981,0.19847626207910257
1587.0,0.008010627266303097,0.49165120473159346,0.37272335828912245,0.12761480971298103
620.0,0.9117591606256159,0.07870777327824494,0.009491528410434965,4.153768570441111E-5
412.0,1.86211492000105E-4,0.12769121344919226,0.7986546078297632,0.07346796722904447
227.0,0.9180109164352294,0.07672714171885116,0.005090674872449533,1.7126697346976503E-4
1456.0,1.622912932452128E-4,0.0622125441956126,0.6209224311423387,0.3167027333688035
969.0,0.626645837460451,0.31163128024644554,0.057331529409088575,0.004391352884014849
1045.0,8.392335704966436E-5,0.11972409185984224,0.6498131344101227,0.23037885037298533
1187.0,0.9867704882958017,0.013122493461908349,1.0586389816681565E-4,1.1543441232351658E-6
355.0,3.738721620683726E-5,0.024194227803998446,0.333282568666561,0.6424858163132339
914.0,0.021614971238838775,0.6847257622065104,0.2538478981793252,0.03981136837532551
1286.0,0.941079931107363,0.05791342930872792,9.813578811354528E-4,2.528170277378043E-5
1612.0,0.15952020417165402,0.27306048365918106,0.5001493118095115,0.0672700003596534
567.0,1.0223489709397803E-7,0.01762923675441287,0.3998289840809446,0.5825416769297456
74.0,0.22923284816075548,0.696757619219479,0.06998397886530147,0.004025553754464144
1329.0,0.876188847525813,0.11882581419376592,0.004756035336531545,2.2930294388975072E-4
1172.0,2.8700590183244213E-6,0.020671651306844726,0.4052823668937719,0.5740431117403652
859.0,2.7004029861967593E-7,0.007972755011505081,0.31548135652261267,0.6765456184255836
469.0,5.732666862528532E-6,0.10639074818936063,0.8170032419229176,0.0766002772208592
766.0,0.09984035860664896,0.7459690717780175,0.12016814497632178,0.03402242463901169
1659.0,4.142677613550617E-4,0.14944028114281932,0.5201557950316087,0.32998965606421693
184.0,0.04459378379772347,0.5660052202478494,0.3388268765639154,0.05057411939051176
677.0,1.7579557512572302E-7,0.0012543097926366435,0.2828516119537844,0.7158939024580038
768.0,6.678392119442177E-5,0.15200405174684997,0.7814607081998729,0.06646845613208277
298.0,1.6164822270577013E-5,0.1739785346255786,0.4963343222532984,0.32967097829885245
1058.0,0.2764946148499775,0.6632925764386952,0.05917435860452992,0.0010384501067973167
1415.0,6.5652299845746566E-6,0.03191046710758442,0.6936201291872067,0.2744628384752243
44.0,0.042417784460670724,0.30278612598058896,0.5529460072159599,0.10185008234278049
1259.0,0.9098772906586929,0.08629347117241391,0.0037345890949860437,9.464907390705297E-5
1358.0,0.9820753158091099,0.01789025469896525,3.320822556837972E-5,1.2212663564014735E-6
