1658.0,0.013483490122169393,0.03637083934357189,0.38282814415747896,0.5673175263767798
444.0,0.05189462387640067,0.3603121662278343,0.5124208099744827,0.0753723999212823
556.0,0.00431832306900058,0.15921703484824173,0.763905917656558,0.07255872442619968
905.0,0.0,0.14244993760979596,0.5682575022834895,0.28929256010671456
243.0,0.04688181460499206,0.029776286889122597,0.5554285947003982,0.36791330380548715
1328.0,0.0,0.02221051633226726,0.32680807732707784,0.6509814063406549
1173.0,0.012155528175397175,0.710409636890998,0.22554217307690905,0.05189266185669585
1059.0,0.03720819812102953,0.3541623874311834,0.570126936322265,0.03850247812552207
1414.0,0.0,0.07509991666405225,0.519965226562117,0.40493485677383084
978.0,0.009553039276425328,0.031025466219152094,0.4815257512227348,0.4778957432816878
323.0,5.587658454915093E-4,0.3525530241765938,0.5441291702338098,0.10275903974410479
631.0,0.0,0.20154481918617193,0.6809916367294949,0.11746354408433314
66.0,0.9047384592784228,0.05974417494058532,0.015350198994694276,0.020167166786297607
1541.0,0.848007843853206,0.10039715237198887,0.048034223879896525,0.00356077989490859
161.0,0.024825160496470145,0.19009462724114937,0.6390162438781398,0.14606396838424074
705.0,0.49397151386706567,0.3601462547989062,0.14440550757469564,0.0014767237593324547
280.0,0.3323072333585509,0.286119112785364,0.33264736786726057,0.04892628598882458
868.0,0.0,0.006568872741248725,0.1100441333696412,0.8833869938891101
1258.0,0.14203784774399342,0.23734180050949064,0.2790492272543556,0.3415711244921603
1359.0,0.0012079413572478033,0.7608812342656821,0.14146144224464555,0.09644938213242457
107.0,1.63265306122449E-4,8.42594105680767E-4,0.4510871332559398,0.547907007332257
1529.0,0.4749070869489583,0.48912495492712027,0.02379052052469184,0.012177437599229745
1116.0,0.31033605639350914,0.1720435465229394,0.2420241150303954,0.27559628205315595
831.0,0.8590062717017486,0.11860817069455513,0.0206981819290724,0.001687375674624065
666.0,0.0018291691197453263,0.6504204136794808,0.32732697312037345,0.02042344408040043
487.0,0.9250999007092443,0.052259924639176406,0.007606531841671832,0.015033642809907459
40.0,0.010898692810457517,0.2950450615724194,0.6104508031121054,0.08360544250501772
1131.0,0.1504035399620473,0.6762331862566068,0.10199416095439201,0.07136911282695386
337.0,6.73116465463533E-4,0.7411616110677534,0.23115426516894072,0.027011007297842383
1014.0,0.0050439158253592275,0.40882206667955473,0.3465159316516405,0.23961808584344552
1486.0,0.0,0.1186378434226978,0.8336136183114372,0.04774853826586488
1668.0,0.0,0.03751502496910412,0.28631895839070887,0.676166016640187
595.0,0.008049248471950399,0.3063714353177489,0.6220067852405929,0.06357253096970777
430.0,2.380952380952381E-4,0.36596341174753,0.6137999196453191,0.01999857336905557
520.0,0.3541031875890637,0.6249316879165379,0.015678143294909103,0.005286981199489462
1586.0,0.725330981055321,0.23625996830395923,0.015010135250847935,0.023398915389871846
1400.0,0.6093020341517742,0.315574084694119,0.07142232604786215,0.00370155510624463
250.0,0.653135428149157,0.19167715705152116,0.07731364193258256,0.07787377286673922
941.0,0.0,0.21596037009717065,0.6586700644259574,0.12536956547687197
1245.0,0.16962409891082003,0.513522178935364,0.2916065960143638,0.025247126139452125
1457.0,0.2177173354942598,0.18234645189742862,0.38175585351329616,0.21818035909501524
795.0,0.13392801261709242,0.6716335117594593,0.15914982893461335,0.03528864668883495
1044.0,0.020616977712168586,0.5571401794265508,0.26082287377288804,0.16141996908839257
702.0,0.00747743032556885,0.2730257022830319,0.6283436193859279,0.09115324800547131
501.0,0.01410728286452448,0.39336356929012606,0.5473852376858845,0.045143910159464874
1613.0,1.4598540145985403E-4,0.11910202571099593,0.42019645557715546,0.46055553331038873
741.0,0.3390398351703158,0.6151780974118903,0.03991956945523587,0.005862497962558066
168.0,1.0526315789473686E-4,0.14657822810460755,0.36132776332731353,0.49198874541018417
1186.0,0.9070005184226142,0.07066971929957414,0.011262251573440749,0.011067510704370868
266.0,0.5453862307148534,0.2625561948695843,0.187354632457958,0.004702941957604283
832.0,0.003333333333333333,0.16709477976711895,0.49804171963173116,0.33153016726781653
1287.0,0.011148113384807111,0.5198322603403532,0.40097066214929866,0.06804896412554093
649.0,4.485373781148429E-4,0.19160649189381895,0.7269797258617747,0.08096524486629147
179.0,0.3012614421963312,0.2205738309251443,0.14210462551212444,0.33606010136640013
1503.0,0.8512766364606924,0.11705205239453662,0.03075763385788774,9.136772868832874E-4
1146.0,0.0017333333333333337,0.024820118954393292,0.5053665460332935,0.46808000167897995
812.0,4.4451212940869317E-4,0.8439670020162454,0.12365244960590978,0.031936036248436064
316.0,0.01096270631529869,0.44599911331511227,0.5156630748311997,0.027375105538389278
887.0,0.0,0.01460618634457125,0.4342536303111968,0.5511401833442319
1228.0,0.0031074735277958044,0.7592838143913299,0.203403457514309,0.034205254566565244
1385.0,0.001928124716758815,0.09773736351649913,0.509922644863424,0.3904118669033181
98.0,0.8320804627819831,0.14385156061195073,0.021058195857924747,0.003009780748141393
1571.0,0.1777689689676999,0.2353863684963057,0.20253298629899377,0.3843116762370007
722.0,0.01438428236927576,0.3381616605332678,0.4819816600298977,0.16547239706755867
451.0,0.7419324831843069,0.19553224688073628,0.02197135392409604,0.04056391601086062
612.0,0.06514249040765063,0.02568067950198137,0.29375934319790764,0.6154174868924605
408.0,0.6036291004460717,0.33778426781756465,0.053126485344757717,0.005460146391605977
1029.0,0.004734822922726255,0.5783805449409183,0.4052794053023716,0.011605226833983623
1440.0,5.83672513249978E-4,0.3019883618254336,0.6304795782913871,0.06694838736992924
225.0,0.9370614304069403,0.044263808007532816,0.007045200139737695,0.011629561445789296
961.0,0.0862341863039514,0.20860428505231474,0.41033439916808834,0.2948271294756455
922.0,0.10288316231890594,0.019222032040743103,0.40500335945752125,0.47289144618282974
359.0,0.04620671272786546,0.10738385448401372,0.40244496320715883,0.443964469580962
1302.0,0.0028168267135229384,0.8292562676385888,0.11623493504271858,0.051691970605169446
1203.0,0.00805195301286013,0.0030071343278302814,0.24470721455934996,0.7442336980999597
75.0,0.18203615841003906,0.23870802308485128,0.30945287466332305,0.26980294384178666
1628.0,0.0,0.01601891494605786,0.25168265600519896,0.7322984290487432
575.0,8.905912199333328E-4,0.769135241112401,0.2105385703261499,0.01943559734151593
1156.0,1.4925373134328358E-4,0.030541107836748793,0.5505616846495542,0.41874795378235374
851.0,0.7876264948599204,0.17636616940832414,0.032086545075339215,0.003920790656416304
1313.0,0.0,0.0406432087493921,0.37735872842215146,0.5819980628284565
1643.0,0.042297673659215836,0.2110523109285974,0.6214748021754187,0.12517521323676806
56.0,0.6315550453821316,0.24251466362201934,0.09458356147114579,0.03134672952470337
758.0,0.10960593423687341,0.2861687037435985,0.48838621369298885,0.11583914832653928
465.0,0.28374208476807217,0.41009586029777745,0.27115215452990366,0.03500990040424679
186.0,0.1036385526768482,0.6332258219077083,0.18827327006499184,0.0748623553504516
685.0,0.421508237074787,0.24172830911514562,0.3051052094862705,0.031658244323796894
1431.0,0.4612646849617076,0.5191681074202755,0.017644717741675812,0.0019224898763411126
302.0,0.012107454402055275,0.4170453544544632,0.3155277239212851,0.2553194672221965
776.0,0.7682229294684136,0.2064940485325643,0.024267275217795842,0.001015746781226302
1074.0,0.6519108586708009,0.2585234383525658,0.08293837013125101,0.006627332845382318
1374.0,1.63265306122449E-4,0.0029628758706993744,0.36469449503534945,0.6321793637878288
373.0,0.3994272884717002,0.4403220951374699,0.07722963302205307,0.08302098336877686
958.0,0.0027667814767949024,0.34650885132834974,0.5655474341866055,0.08517693300825
1275.0,0.007940143686661466,0.14047548798052664,0.7386334509804948,0.112950917352317
539.0,0.0,0.30383973402947195,0.6205718939088746,0.07558837206165349
1556.0,0.004444173892384318,0.2690798554715255,0.6600425906120461,0.06643338002404399
394.0,0.46262228037691744,0.42411890617734915,0.10409951640596297,0.009159297039770475
576.0,9.345794392523365E-5,0.7701603564520303,0.16084051488538345,0.06890567071866104
1101.0,0.0,0.05021796824796357,0.48520096475010177,0.46458106700193474
997.0,0.5518880002896488,0.12407973515041405,0.15083442020007307,0.17319784435986402
232.0,0.00151950075095522,0.10350377911206382,0.328496309775901,0.5664804103610799
1512.0,0.25266265631669954,0.15488906983161463,0.24312621740808388,0.3493220564436019
1537.0,0.05458303417402388,0.451815806614944,0.35099753911754306,0.14260362009348915
707.0,0.012673553343025442,0.407424273710548,0.5261859949445689,0.05371617800185774
281.0,0.07789862452410665,0.20784074555056437,0.4241054821106987,0.2901551478146303
870.0,3.1249999999999995E-4,0.011214826463170692,0.5603990415259166,0.4280736320109128
23.0,0.6492162993567802,0.24143464638060802,0.09534264183454588,0.01400641242806586
1262.0,0.0,0.22883506384661928,0.69395363604536,0.0772113001080207
1355.0,0.867764228973721,0.05356654645130371,0.024732665348887545,0.053936559226087824
33.0,0.010940180002679465,0.17011826971442223,0.41045510696502496,0.40848644331787326
1533.0,1.153846153846154E-4,0.04335623796022563,0.38120258460533935,0.5753257928190504
1112.0,0.8794321310976566,0.03725431431244065,0.003307611775372051,0.08000594281453084
222.0,0.0030747956296449915,0.2570662823459067,0.5127582356738458,0.22710068635060246
829.0,0.0015906640528389302,0.6837312142816642,0.26980238925250766,0.04487573241298935
664.0,0.33019460055167543,0.6367043146193814,0.015203660438936646,0.017897424390006637
486.0,0.01713798083838801,0.7150249127584054,0.22863116373370757,0.03920594266949909
1662.0,0.0,0.17706725002474033,0.6875048894521527,0.13542786052310693
445.0,0.10789780893341483,0.5712373731984809,0.26031258538324176,0.0605522324848626
558.0,0.0011480732361920886,0.6089444663006947,0.36072535430645924,0.029182106156654026
907.0,0.2569720671627007,0.19376598412871077,0.5078423258364494,0.04141962287213909
1332.0,0.0,0.07147519140601169,0.532915959132443,0.39560884946154523
1169.0,0.0,0.3094895278416956,0.6684213049046076,0.02208916725369682
1063.0,2.4078489926903192E-4,0.5824222802685449,0.38973200035719907,0.02760493447498705
1410.0,0.0,0.01504725763907139,0.6570167270688448,0.32793601529208394
976.0,0.301650341446249,0.6506293322436533,0.036435381607232954,0.011284944702864787
322.0,0.4074921759794108,0.24198276390239318,0.1666794551622317,0.1838456049559643
629.0,0.015457717892034753,0.5870016478071699,0.3706846727705351,0.026855961530260278
140.0,0.0,0.21614006642828199,0.7346109396995489,0.049248993872169064
1461.0,0.42137721886023793,0.563764824000685,0.0025534241395245385,0.01230453299955275
793.0,0.0,0.1315920743075804,0.8124723308076235,0.05593559488479621
215.0,0.0,0.040714732083412836,0.4956496398405298,0.4636356280760573
1040.0,8.107430225054448E-4,0.617157727175269,0.35426325451377577,0.027768275288449825
500.0,0.0,0.07224807489277696,0.7523019280935298,0.17544999701369318
700.0,0.0,0.03366126872328341,0.23092704135506653,0.7354116899216501
1609.0,3.832613929997652E-4,0.7845825181314365,0.17113671240283163,0.04389750807273197
80.0,2.548840048840049E-4,0.13120233496226535,0.5978544094397112,0.2706883715931395
743.0,0.9038973482062884,0.059051117748638846,0.02196721449568697,0.015084319549385682
1190.0,0.0,0.05274459279580333,0.46914978843788147,0.4781056187663152
267.0,0.07008002705820492,0.7015407665356276,0.18286920737638201,0.04550999902978546
834.0,3.832613929997652E-4,0.7704273436279412,0.20282256319407446,0.026366831784984626
1283.0,0.13029034565563066,0.5190745987981467,0.2123277408402209,0.13830731470600163
1135.0,0.8222630247523093,0.07098894524323932,0.05365466540864772,0.05309336459580361
1012.0,0.011880887656176503,0.5540766153628602,0.407008475682905,0.027034021298058285
336.0,0.2563878524262495,0.7064174975433293,0.026573185984266907,0.010621464046154407
1482.0,0.6822677366587843,0.28247330224798683,0.03497179500728237,2.8716608594657375E-4
133.0,0.0019057840657891775,0.7650004568862527,0.20082033920118447,0.03227341984677371
1664.0,0.23205340418173367,0.18628269606419834,0.3763647485254461,0.2052991512286219
593.0,0.011354178588549316,0.1153015358847672,0.6383408550672839,0.23500343045939967
522.0,0.21111011654270623,0.40261593603168766,0.3740942968284387,0.012179650597167415
431.0,0.8008679010651486,0.1755602109652527,0.02174852304396726,0.0018233649256315055
1590.0,0.0,0.005614312554882115,0.3399745805265488,0.6544111069185692
1404.0,0.002537819636608967,0.6251271580012243,0.3342401380258029,0.03809488433636379
943.0,0.0033157025644326094,0.7546809436961143,0.09855654861310492,0.14344680512634816
121.0,0.7627995786633867,0.1870381616297003,0.04717896905049682,0.002983290656416303
1241.0,0.0022851729551236944,0.07481573725273895,0.3440390319966598,0.5788600577954776
409.0,2.4096385542168674E-4,0.036921044234691454,0.4814318963367976,0.4814060955730893
614.0,0.0,0.15315858568692184,0.48309819329326154,0.3637432210198167
31.0,0.0019966386554621848,0.048499259107085094,0.2652254734774249,0.6842786287600278
49.0,0.9212327229012123,0.04465696568945813,0.005038055130654535,0.029072256278675046
1025.0,0.0,0.02680295569713352,0.39036717744184424,0.5828298668610223
1444.0,0.0,0.03079994055565993,0.3792538046708224,0.5899462547735176
963.0,0.0,0.006817273602444505,0.5745519298001901,0.41863079659736535
920.0,0.0,0.04604750461121075,0.5774279283672317,0.37652456702155757
358.0,0.8295079743498334,0.11393933293084856,0.026295491364221442,0.0302572013550967
1298.0,0.031533503617313684,0.1900684433179583,0.28950575727882283,0.48889229578590515
1207.0,0.5224795879074919,0.3276529025149185,0.1356282386837362,0.014239270893853512
1624.0,0.8985287948970436,0.07231794112081234,0.005909339596976107,0.023243924385167918
158.0,9.352093834361848E-4,0.18274497148593413,0.7741629301332137,0.04215688899741595
573.0,0.0,0.3648272273483133,0.5522769832903457,0.08289578936134114
651.0,0.0,0.046033219808960336,0.6980601704005492,0.25590660979049046
1499.0,0.8515336109032445,0.0874614201224597,0.026232161544281152,0.03477280743001456
1150.0,0.0024231472648304276,0.29699967077060596,0.5187635861061788,0.18181359585838489
814.0,0.2538669703326621,0.3232429033942261,0.2757689246181041,0.1471212016550076
317.0,0.866823216928812,0.09610954421013974,0.011423031994868082,0.025644206866180234
885.0,0.0069490412566310875,0.11924458116580437,0.7003868908009486,0.17341948677661595
204.0,0.1255345697153812,0.17406831632600808,0.4832275151492829,0.21716959880932785
1224.0,0.17592017986739733,0.7722654320808294,0.04758495068823499,0.004229437363538278
1389.0,0.010931916314130222,0.6275915660698249,0.3448950592032163,0.016581458412828626
1575.0,0.6370124466945282,0.21603456944978622,0.12874428768390747,0.018208696171778213
450.0,0.22788145067037008,0.3519578595111828,0.3507109512135982,0.06944973860484895
720.0,0.45293734897967614,0.3541456991834198,0.13264269644296134,0.0602742553939427
1370.0,4.3535812032305534E-4,0.04922792863971589,0.7661058321623556,0.1842308810776054
956.0,0.0023135028710279297,0.2154010222503056,0.6371511566661207,0.14513431821254588
372.0,0.6848694992069442,0.2620916569909535,0.05121831166454762,0.0018205321375548277
1279.0,0.919323846548752,0.05335517194930685,0.0031251294678417705,0.024195852034099404
537.0,0.0,0.08157313990050742,0.5863277023559879,0.33209915774350457
1552.0,0.6244508354751619,0.3201736010399571,0.048177060908663034,0.007198502576217925
151.0,0.4015406288458446,0.43335880287641726,0.1504358834543597,0.01466468482337845
578.0,0.0,0.0059857072035747645,0.3258363548001472,0.6681779379962779
395.0,0.019989744315481114,0.02022110973568605,0.24898651455174456,0.7108026313970883
1097.0,0.006366411377037691,0.6828075661579183,0.2942566341540449,0.016569388310999182
112.0,0.37462489757008144,0.6022992671025653,0.0101997029830528,0.012876132344300581
999.0,0.0,0.2914539228169123,0.6547076044512439,0.05383847273184389
1516.0,0.45952371675454445,0.4935771481585281,0.04476166441597548,0.002137470670951938
1152.0,0.3755683198775178,0.44152375490056095,0.15080319914991314,0.03210472607200813
197.0,0.02278548786040139,0.5659758788870173,0.38943296521074705,0.021805668041834102
849.0,0.013808847777486222,0.6479018198883666,0.269770916670319,0.06851841566382824
1317.0,0.001444449267250953,0.497783385297358,0.4222602275693028,0.07851193786608827
1647.0,0.2514121301186973,0.1865802465376612,0.4344280418469666,0.12757958149667487
756.0,3.2776321978712314E-4,0.17680077063118252,0.5827517092893435,0.24011975685968692
464.0,0.0,0.03184002377266337,0.2152238538912662,0.7529361223360703
687.0,0.003122886082061022,0.4302997803612718,0.4210620983532249,0.14551523520344212
89.0,0.8655801009450399,0.11057440104228669,0.0217942427382681,0.0020512552744052833
1427.0,0.05496183438617374,0.7667547437155875,0.1503364205539989,0.027947001344239802
778.0,5.772357723577236E-4,0.03764034522786223,0.49425744118242887,0.46752497781735114
303.0,0.0,0.04609164140544529,0.6389715659252426,0.31493679266931196
1078.0,0.914402087983122,0.06303490130522654,0.00786447323325391,0.014698537478397524
1123.0,0.027318721671841708,0.010015833627761274,0.6151873027020797,0.34747814199831734
1478.0,0.8661047793285468,0.0996189805804371,0.02498735039437294,0.00928888969664317
339.0,0.35322608179526366,0.34050215908426124,0.16569179659003827,0.14057996253043684
1010.0,2.2770896568211882E-4,0.7184898017144568,0.1564260353742491,0.124856453945612
11.0,0.779838494213914,0.04429694260448114,0.02813615728564869,0.14772840589595604
599.0,0.001187527540323982,0.42746073570376353,0.4550429510933458,0.11630878566256664
70.0,0.004918727507398373,0.3956559852863596,0.5078890346530692,0.09153625255317276
1594.0,7.591843473031994E-4,0.5551736809101955,0.4311516021015358,0.012915532640965463
524.0,0.8761994455691465,0.0824824592542954,0.020411869731753476,0.020906225444804635
428.0,0.002089306546620445,0.13640217080665562,0.5891887934158261,0.2723197292308978
937.0,0.30578656159209106,0.6158685093239314,0.07782859996153961,5.163291224378408E-4
251.0,0.7478709797734862,0.23447371051430096,0.014615792226686734,0.003039517485526195
1392.0,0.03775962976956489,0.6123737779778086,0.28275012547612893,0.06711646677649771
1237.0,0.5275047708364923,0.09887477566669121,0.2967888534272558,0.07683160006956075
111.0,0.9156269607581454,0.054579484848740624,0.007063994295093032,0.022729560098020917
1465.0,6.580086580086583E-4,0.11119135494239808,0.804787134686564,0.0833635017130292
1052.0,0.22646585945790923,0.6100047075007116,0.13669151877877453,0.026837914262604623
799.0,0.015065338456735683,0.2776175612685317,0.512590107823584,0.1947269924511486
503.0,0.04281454982787256,0.647012941482425,0.24144595755610546,0.06872655113359687
698.0,0.3087299974039001,0.6729211036873802,0.010915342434561175,0.007433556474158358
1605.0,0.9059313442887632,0.06959186606343767,0.011848774943012822,0.01262801470478632
169.0,0.9059108576837545,0.07094425579638058,0.009975190692820714,0.013169695827044225
737.0,0.598882608976999,0.34322059701166086,0.05545060977895332,0.00244618423238684
836.0,0.0,0.018087831068112792,0.3935273518110592,0.5883848171208281
264.0,0.8620912655507416,0.07053719696677463,0.04382651283919676,0.023545024643287064
1295.0,0.5165891614571912,0.32044947325734247,0.12250190875500667,0.04045945653045964
552.0,0.03254822279736467,0.2711177453288021,0.5978890323463575,0.09844499952747562
446.0,0.04701196888932832,0.13721059054963478,0.5972035104760637,0.21857393008497322
1650.0,0.9207831755276206,0.03661932888395735,0.012045247721982823,0.030552247866439113
1336.0,8.203326288496485E-4,0.3668988787675294,0.3775488826729018,0.25473190593071926
242.0,3.3634821933295646E-4,0.04957877064886554,0.7978734731171941,0.15221140801460728
909.0,0.010323484224874295,0.4258373920769729,0.3984733342409663,0.16536578945718652
1181.0,5.128205128205128E-4,0.015169863297300176,0.3338986818453028,0.6504186343445766
42.0,0.0,0.07805896035828742,0.4482127655758913,0.4737282740658212
1067.0,1.63265306122449E-4,0.00551592516059077,0.48595226275204007,0.5083685467812468
982.0,0.0,0.003043902148599786,0.2683726668297929,0.7285834310216073
321.0,0.13905885526882455,0.6735911086767936,0.15076574443009236,0.03658429162428962
1422.0,0.17542282886783322,0.32177616411353993,0.45838220882653685,0.04441879819208996
627.0,0.04399508545542184,0.04185142937392191,0.4037351187423325,0.5104183664283237
1549.0,0.3242403934223117,0.3579945771370836,0.2767702966567574,0.04099473278384737
709.0,0.0,0.7477867123156833,0.22155227771934632,0.030661009964970343
160.0,0.001709223318793348,0.19360976594733686,0.7107392072103258,0.09394180352354396
1250.0,0.03300768960565485,0.024597012201616284,0.24464134337816634,0.6977539548145625
864.0,0.0,0.10333379246601217,0.691101966559437,0.2055642409745507
282.0,0.27658076959335803,0.6527390142309775,0.060963930104594034,0.009716286071070394
1351.0,0.02143744299050287,0.19628015403569296,0.5958432487303236,0.1864391542434806
1521.0,0.6862281287019707,0.15394477988881092,0.10417634041912595,0.05565075099009246
827.0,0.0,0.02869145074602161,0.3191301791460346,0.6521783701079437
1108.0,0.9164703299446387,0.0489908990513019,0.002867884542906836,0.03167088646115266
485.0,0.9208609792000467,0.046783074544042486,0.021047730761020022,0.01130821549489064
670.0,0.9146276629112547,0.053808069513389616,0.00735029654661274,0.024213971028742894
855.0,0.005057632130225757,0.1607671932611092,0.7518347781079996,0.08234039650066542
15.0,0.7159431954511999,0.2043716014232661,0.041287872783875974,0.03839733034165804
1164.0,2.2388059701492535E-4,0.06761562117815904,0.4814914522563252,0.45066904596850077
1321.0,6.746663703813438E-4,0.06517626841443555,0.5810604569263428,0.3530886082888404
102.0,0.001788565919364742,0.14191912891258385,0.7503820340918197,0.10591027107623155
1635.0,5.258778012993648E-4,0.147512154809445,0.8205233116823766,0.031438655706879086
467.0,0.0,0.12345499933735248,0.7388367752073356,0.137708225455312
754.0,0.0,0.071558641635958,0.1916611943570824,0.7367801640069596
681.0,0.0,0.15787743098795579,0.8027495000939642,0.03937306891808006
187.0,0.6016349148131654,0.37634183050200976,0.011112588075007781,0.010910666609816978
1439.0,0.0,0.27245624530929796,0.46221509030476343,0.26532866438593855
1082.0,0.00748240148214752,0.07470678913056841,0.2748558577986164,0.6429549515886678
300.0,0.8868834143699701,0.0902675714756894,0.022356150070622263,4.928640837182337E-4
780.0,0.9364184229309103,0.0462889549900809,0.007022390659174401,0.010270231419834349
954.0,0.0014898631973197666,0.5191899742422071,0.3249009169661507,0.15441924559432227
375.0,0.14119238758344257,0.8179539470348548,0.03730214943343144,0.003551515948271204
1366.0,0.25983832245310834,0.7119137139812459,0.02114954693286369,0.007098416632782117
1267.0,0.703557500356812,0.23214367091660076,0.06185837647454186,0.002440452252045297
79.0,0.0012302704396558335,0.5353483666667536,0.4398857060903506,0.02353565680324001
1564.0,0.0,0.24442910493781142,0.5860388866506568,0.16953200841153188
543.0,0.37923579530340007,0.3198813367806161,0.28726163443077213,0.013621233485211815
580.0,0.5027563130502621,0.4120672268560183,0.07230002803944224,0.012876432054277322
392.0,0.694288516886841,0.2747371034379981,0.018647605240644887,0.012326774434515986
1093.0,0.8820490582105229,0.05947027704380488,0.005523459985209401,0.052957204760462874
1504.0,0.18597398289016578,0.738769627941544,0.07051748289202912,0.004738906276261232
233.0,0.9137183638953984,0.05521914079331336,0.007215161411477605,0.02384733389981068
993.0,0.1860834840569343,0.6003941982562601,0.1904106155473471,0.023111702139458623
178.0,0.004113541377712884,0.43896483830470895,0.4754062466625655,0.0815153736550128
653.0,0.0,0.8825191473482841,0.07800964673781421,0.0394712059139017
1495.0,0.9358925992381092,0.04452354826727307,0.0075646806592182154,0.012019171835399684
808.0,0.5764226183461274,0.3455776730001932,0.06965166967765807,0.008348038976021224
318.0,0.24567391757420967,0.2116250131064321,0.3852722146342847,0.15742885468507356
1138.0,0.35649389048292196,0.4131588223970938,0.22708087420040426,0.003266412919579992
1220.0,0.03866677930251021,0.06637421583090986,0.49225690436384995,0.4027021005027299
883.0,0.017871410691070885,0.15086429038979512,0.7735164048222524,0.05774789409688163
1377.0,3.5714285714285714E-4,0.14075788779382362,0.6612274615084273,0.1976575078406062
1579.0,0.13969077421265302,0.7097405801477119,0.1168979136046988,0.03367073203493633
58.0,0.00597711439754969,0.19384381117540625,0.6302503186149104,0.1699287558121335
449.0,0.5408346868891191,0.40759759455118755,0.03937695178254606,0.012190766777147427
726.0,0.0,0.11871816877479968,0.46486428243374944,0.41641754879145093
410.0,0.721588540274379,0.24260847810457778,0.03543475984813181,3.6822177291129737E-4
608.0,0.0032490366266421365,0.42820894136120885,0.5167847107268853,0.05175731128526382
1037.0,0.0191557841389901,0.019780674020714144,0.3267761643019161,0.6342873775383797
965.0,0.0017197610878129364,0.0016156903333629134,0.3745133560422078,0.6221511925366163
224.0,0.00464429516195355,0.5682093988376438,0.3856641917524816,0.0414821142479211
1448.0,0.8947293763777702,0.06530765961841867,0.014176533650297399,0.025786430353513815
1310.0,0.8943359110079351,0.06938807263818672,0.007934729748359804,0.028341286605518438
926.0,0.0014111247059206385,0.3827481477464631,0.2927797897395003,0.32306093780811584
357.0,0.003005552092018257,0.5529667698713827,0.37928964702563206,0.06473803101096688
1211.0,0.0,0.1674873663823629,0.3668559649656003,0.4656566686520368
571.0,3.5927313080871126E-4,0.20555691697084702,0.5685155772161016,0.2255682326822426
1620.0,0.032173641706201336,0.03557475000105059,0.393051406409147,0.5392002018836011
1469.0,0.008815007368271172,0.007371108058608058,0.4342792968050582,0.5495345877680625
1048.0,0.0,0.10410924481187746,0.5128662420325838,0.38302451315553876
214.0,0.17005005378384927,0.12506018764702198,0.19636097028517038,0.5085287882839583
797.0,0.023128392994285776,0.08945062761357453,0.30570021675422415,0.5817207626379155
696.0,0.5953931234079873,0.21379215692041742,0.1753809762745811,0.015433743397014206
502.0,0.004358532821951298,0.5737712501449421,0.3226275322340773,0.09924268479902919
1601.0,0.0,0.0720549726262447,0.5008840959966312,0.4270609313771241
739.0,0.28638527819899456,0.5223906736105954,0.144034221901204,0.04718982628920596
838.0,5.714285714285714E-5,0.2622130311908604,0.13553479927148793,0.6021950266805088
265.0,8.823529411764706E-4,0.08285006991892407,0.2420508743041388,0.6742167028357606
1198.0,0.7393867809238341,0.1390398544776147,0.09399262585142253,0.027580738747128658
22.0,0.054490192058250585,0.28351097702313,0.3483853846173011,0.3136134463013185
35.0,9.833456876878004E-4,0.7609517061569637,0.22228012210470724,0.015784826050641177
1291.0,0.7628804145901619,0.20714635133847814,0.028119937808339,0.0018532962630210684
1127.0,0.015272453941873286,0.46511423358246307,0.4513009254659982,0.06831238700966549
1474.0,0.016337965270337273,0.18322524751210267,0.5735064576274349,0.22693032959012505
1008.0,0.0023349838878551758,0.5689971147061513,0.40344749724847645,0.02522040415751686
338.0,0.7416275256936274,0.13171955391827242,0.10258573035165942,0.024067190036440814
597.0,0.0,0.16933549026839867,0.5914272842068901,0.2392372255247114
1672.0,0.0,0.07410547485970832,0.2227481266258073,0.7031463985144843
132.0,0.030280169212369826,0.6069985699166781,0.1912830223313927,0.1714382385395593
1598.0,0.9214228987663822,0.035931260928110366,0.021712400777695675,0.020933439527811848
429.0,0.9425596356082093,0.036418512380315377,0.005836483508571925,0.015185368502903427
526.0,0.016120756529331686,0.3915320971264291,0.2675986167411871,0.32474852960305195
939.0,0.03892122169393795,0.5688660372202016,0.3576859810767828,0.034526760009077735
1396.0,0.001177173082088473,0.028796326097226696,0.7993303147946321,0.1706961860260528
1233.0,0.6377048441335313,0.2772577454800969,0.024620864083436365,0.06041654630293532
1545.0,0.0026788550759916816,0.06874001817729046,0.20328958237660683,0.725291544370111
84.0,0.7747936651580078,0.1859051198407885,0.027528001272874685,0.011773213728328956
711.0,0.8628535983056036,0.09450917029854322,0.014382561418196526,0.02825466997765673
1254.0,0.0049517690588564076,0.32261754356067035,0.5826019312953512,0.089828756085122
866.0,0.0,0.0046523601209291785,0.2943780035341845,0.7009696363448863
283.0,0.8579803402858175,0.10921378358848369,0.018078390245945496,0.014727485879753314
1347.0,0.9105790007734919,0.06294893242357079,0.0038443320224189194,0.02262773478051842
1525.0,0.569907880775964,0.261779922198852,0.11294281879115287,0.05536937823403115
825.0,3.209158356217179E-4,0.14397041452347153,0.8072750854701547,0.04843358417075209
223.0,0.0737267997294145,0.8195957443187929,0.08199391935361462,0.024683536598177996
1104.0,0.04540707850473144,0.7745158411859515,0.15060072878572245,0.029476351523594662
484.0,0.819409235653269,0.12605232418194418,0.0452850811943125,0.009253358970474268
668.0,0.8333000309710439,0.10719743059617265,0.05729380740569274,0.002208731027090809
554.0,0.25735983009280705,0.5463992259008782,0.1270857764588203,0.06915516754749441
447.0,0.005536262743045675,0.5701186427119976,0.3908011746129372,0.03354391993201943
1654.0,3.9855072463768114E-4,0.06939551926174736,0.68998180581724,0.24022412419637484
1340.0,0.9009334432846849,0.05333737121148812,0.027543360665853216,0.01818582483797368
911.0,0.9167114682919204,0.0537473690792285,0.00724732460719774,0.02229383802165336
125.0,0.9271415030414603,0.04359015546453823,0.0036385127839766817,0.02562982871002476
1177.0,0.0031571428571428575,0.12799724436422658,0.28699860813409006,0.5818470046445404
1071.0,0.04135244924796977,0.19465474046276587,0.32579185355928514,0.4382009567299792
980.0,9.66183574879227E-5,0.5629307326277576,0.33953036553474,0.09744228348001455
320.0,0.48718310140358795,0.3298238727426805,0.13609199600947355,0.04690102984425789
1418.0,2.0000000000000004E-4,0.060455846950578956,0.2532292629520859,0.6861148900973352
141.0,1.1494252873563219E-4,0.12979748840307662,0.8052123460300036,0.06487522303818412
625.0,0.0,0.07424097958578574,0.5201225876449456,0.40563643276926864
374.0,0.5780269091808852,0.22518955281640768,0.13846633188122737,0.058317206121479705
952.0,0.7550008350213022,0.1486074609049228,0.08749525739570208,0.008896446678072966
1362.0,0.8250671404349519,0.12047585385785395,0.03841395642849443,0.0160430492786997
1271.0,0.13337385498384452,0.164618347897116,0.5143287083030601,0.18767908881597933
150.0,8.32907788456503E-4,0.7714211059232742,0.17489366925477598,0.05285231703349343
1560.0,0.0,0.05796200150519159,0.37938828559664106,0.5626497128981672
541.0,0.2639823458897685,0.28923745599100986,0.3656380395823855,0.0811421585368361
393.0,0.0,0.014294898504318643,0.31941869084403335,0.666286410651648
582.0,0.35228491249011584,0.6204500171775583,0.019208345335895556,0.008056724996430238
30.0,0.27988320587038207,0.349414006044573,0.23012372977315498,0.14057905831188983
51.0,0.3781571467651693,0.5936548181014571,0.019800780552156914,0.008387254581216684
1089.0,0.0,0.00523851829993376,0.6217581857924448,0.37300329590762155
1508.0,0.38557532127590227,0.40370824128192595,0.0699905026528081,0.1407259347893637
995.0,0.0,0.21203901356683322,0.29182252952564025,0.4961384569075266
853.0,0.9252088376983437,0.05636918946840593,0.004549130166917797,0.013872842666332593
1160.0,0.0,0.3831845139639673,0.516808787793797,0.10000669824223558
196.0,0.020749999999999998,0.2322425331808635,0.5829060345373871,0.1641014322817494
1325.0,0.006404772053749034,0.08289307394123326,0.5366655200408973,0.37403663396412035
1639.0,0.1182709627968377,0.7885650024120909,0.07515065848040621,0.018013376310665234
752.0,0.9356794533379942,0.04514776271795847,0.004899880867400049,0.014272903076647537
466.0,0.0,0.03111696144265671,0.3579763685899619,0.6109066699673814
683.0,0.03548046525107046,0.42774224359224294,0.43763517470579144,0.09914211645089513
1435.0,0.023324284966536997,0.403327549943373,0.49803203346601355,0.07531613162407652
1086.0,7.059011783387991E-4,0.37327835680801075,0.5649963306605569,0.06101941135309346
301.0,0.0437621565104006,0.048487363521398714,0.4862755991998952,0.4214748807683054
782.0,0.05338641428538111,0.1551077825943427,0.3540409069911924,0.4374648961290838
411.0,0.7613477133908277,0.18968247071724845,0.03442574995987049,0.014544065932053383
610.0,0.818770527202314,0.12979024711155637,0.03766436558463676,0.013774860101492755
1033.0,0.8711401504479267,0.08471170223180535,0.034590370465339984,0.009557776854928068
116.0,0.8967189903870421,0.037830565252495466,0.0184519871389787,0.04699845722148362
967.0,0.0,0.0801399375137279,0.6960832785310622,0.2237767839552098
1306.0,0.042128814392676996,0.1284454600165376,0.28944431244475655,0.5399814131460289
924.0,0.0,0.02920879214410686,0.47049767400429376,0.5002935338515994
356.0,0.0013913332090777896,0.2357200352052831,0.6984586550471484,0.06442997653849067
1215.0,0.1613489799456975,0.7388081114597733,0.07873830294463308,0.021104605649896063
569.0,0.16893039542061802,0.1072967343370423,0.3025401093560814,0.4212327608862584
1616.0,0.8436172091712874,0.11631458013159124,0.012953989989625098,0.02711422070749641
159.0,0.9372965098408019,0.04459474910632546,0.0029009496274507245,0.015207791425421772
655.0,0.0031512368335188255,0.22639364593728264,0.5262062756728159,0.24424884155638268
93.0,0.0,0.0010331611093967227,0.12456092127614436,0.8744059176144588
1491.0,0.6821484502938225,0.2026116560616415,0.07551942662332602,0.039720467021209876
810.0,0.0,0.062421585555925585,0.7392849689811808,0.19829344546289362
319.0,0.0,0.173140663805867,0.65877356600101,0.16808577019312296
1142.0,0.0,0.47441662715385347,0.4736071454174815,0.051976227428665034
205.0,0.01910457963089542,0.14418839122668595,0.3989251495693881,0.43778187957303044
1216.0,0.10225445391432825,0.6509414205797383,0.12829253433170756,0.11851159117422601
881.0,0.9155130420681398,0.056536095870569056,0.007063994295093033,0.020886867766198157
1381.0,0.41709091122344155,0.2626950663008954,0.2779187384579476,0.04229528401771551
1583.0,0.8183418218419791,0.06392831640456777,0.02165538361465093,0.09607447813880214
724.0,0.8496351044772337,0.13583929526835417,0.012578356944508769,0.0019472433099034293
448.0,0.3419223869799329,0.4818557789372062,0.13470088268038138,0.04152095140247953
1669.0,0.8397821190137221,0.11685038489072112,0.03193229485337105,0.01143520124218562
641.0,0.07386427252715097,0.631210776664115,0.2765132869480594,0.01841166386067471
177.0,1.7857142857142863E-4,0.06003412957092638,0.3418580938987145,0.5979292051017877
1130.0,0.005647064829908755,0.15164434096976057,0.6472556819189045,0.19545291228142608
312.0,0.08894212558378861,0.40617884960077,0.42403285610235253,0.08084616871308886
804.0,0.0020202020202020206,0.12239548885933271,0.44898079839001664,0.4266035107304487
1487.0,0.1714789236156733,0.494252226031527,0.31214023121089823,0.022128619141901427
1401.0,3.802248477922083E-4,0.5442921108581036,0.3159598080866643,0.1393678562074399
99.0,0.586811863528694,0.2575257060704579,0.15504403612928672,6.183942715613426E-4
895.0,0.0013345661889351212,0.48018706598552896,0.4215086061527453,0.09696976167279064
1244.0,0.38596754006096634,0.40738065064848233,0.1662909799327326,0.04036082935781881
730.0,4.3859649122807014E-5,0.19274806348035944,0.7542563059273375,0.052951770943180175
455.0,3.1628366691376336E-4,0.2555814880730117,0.6275307187815712,0.11657150947850348
1587.0,7.127496159754224E-4,0.3553725056129107,0.575116976512795,0.0687977682583189
620.0,0.32585873245913005,0.39329189584278607,0.24308812625988818,0.03776124543819561
412.0,0.0,0.27967695725819186,0.5908504090190451,0.12947263372276305
227.0,0.32661778759582594,0.3369664436939445,0.3101487122521122,0.026267056458117367
1456.0,7.236965458876401E-4,0.0382192936899203,0.4069843700154607,0.5540726397487314
969.0,0.736199342222532,0.1810864091408085,0.07584194409020696,0.0068723045464524355
1045.0,6.677018633540373E-4,0.16805693156226942,0.7154432899973956,0.11583207657698102
1187.0,0.9118165969675474,0.040135582960269776,0.01110090575229052,0.036946914319892464
355.0,4.396135265700484E-4,0.12172764587782003,0.6575695037408725,0.22026323685473742
914.0,0.0024720068159523726,0.24409445945981875,0.49264254349866,0.2607909902255689
1286.0,0.6909607360535217,0.24465698772976138,0.04638719228567053,0.01799508393104634
1612.0,0.42410220896763995,0.3438070299896403,0.06992911098774815,0.16216165005497166
567.0,0.0,0.08707931038304033,0.5771692420559842,0.3357514475609756
74.0,0.4334449046579128,0.29235176000543817,0.2152628416619135,0.05894049367473551
1329.0,0.8984743657816688,0.07918379763665151,0.007339919690447438,0.015001916891232312
1172.0,0.0,0.007228600201999196,0.3570467349837481,0.6357246648142528
859.0,0.0,0.017346445998499393,0.18106363345134466,0.801589920550156
469.0,0.0,0.3268611293094464,0.6030746083442142,0.07006426234633928
766.0,0.002432083254190803,0.5331328746779329,0.418663710960917,0.04577133110695939
1659.0,0.015388485435226909,0.5725310170728484,0.2976483530923765,0.11443214439954812
184.0,0.31019257283811413,0.1749363105821207,0.3385777861531875,0.1762933304265777
677.0,0.0,0.04569753617705536,0.5145139883509916,0.439788475471953
768.0,0.0015694164989939637,0.35747563671167565,0.6026245420567546,0.03833040473257571
298.0,0.0030690098249067706,0.3715236605593234,0.5349768469845985,0.09043048263117132
1058.0,0.7940921873452029,0.11288267555423381,0.06672900551045796,0.02629613159010515
1415.0,0.0,0.006132455935206701,0.5292600225407615,0.46460752152403173
44.0,0.0012536780159730979,0.22670950392057282,0.648721070587287,0.12331574747616719
1259.0,0.7869239129538009,0.19606150263014954,0.015031098263806702,0.001983486152242842
1358.0,0.910959377120772,0.059294332389063314,0.009515286075519854,0.0202310044146449
950.0,0.8817913148812785,0.06384111576481527,0.008489864890295563,0.045877704463610586
369.0,0.0,0.0770027662104019,0.3621046257543936,0.5608926080352045
531.0,0.018920287375248285,0.1750225559647098,0.6390335358791694,0.16702362078087252
1540.0,0.752023693422761,0.05142842752310355,0.019176784036244503,0.17737109501789092
584.0,0.026847951949569848,0.38845904368400286,0.5143771130604449,0.07031589130598247
398.0,0.5586299988456653,0.23837074703690878,0.17231231698512106,0.030686937132304925
1005.0,5.0E-4,0.3035085120631678,0.5231915109837589,0.17279997695307314
234.0,0.5817280933218766,0.3340036818506977,0.08296096429623762,0.0013072605311880638
1528.0,0.008525821197155321,0.5884230014672387,0.3009650777433254,0.10208609959228063
1117.0,0.0,0.06066355089231755,0.3320437168245606,0.607292732283122
1642.0,0.06614473292822068,0.5010137775622183,0.37006791915347564,0.06277357035608531
548.0,0.12233593093383827,0.7343410619012617,0.10142784265380911,0.04189516451109081
440.0,0.04389014475783061,0.15291982387574513,0.6415037378668693,0.16168629349955493
1157.0,0.13998074371574254,0.6984814521127457,0.14249174383306784,0.019046060338443888
897.0,0.7367313826497064,0.22161417314201443,0.04122524682561178,4.2919738266739504E-4
1312.0,9.852216748768478E-5,0.14085321028828585,0.5758872919861034,0.283160975558123
241.0,0.0026448247619974374,0.17368183931469397,0.4028607211000761,0.4208126148232324
1430.0,1.4084507042253522E-4,0.20374385031231487,0.779955702081706,0.016159602535556716
986.0,0.34010296927854855,0.5379568648794926,0.11716261940597279,0.004777546435986169
