1658.0,1.7751098982381646E-21,2.1385013192186787E-6,0.015495323879025689,0.9845025376196551
444.0,1.518939967381561E-15,0.11888864077986064,0.6392656333636824,0.24184572585645564
556.0,1.949175431865284E-15,0.0013489558879710194,0.9983106169502216,3.4042716180524154E-4
905.0,8.968652913799152E-17,1.352988368412273E-5,0.9634885793581686,0.03649789075814715
243.0,7.637229296114895E-6,0.01910541111700225,0.66278531105204,0.3181016406016616
1328.0,3.5653886989283944E-17,4.852177096388331E-5,0.0040690158740095215,0.9958824623550265
1173.0,2.246720572889983E-10,0.9205224026921728,0.07364233270983606,0.005835264373319055
1059.0,4.851072096530339E-8,0.6801792699468905,0.31924196968604057,5.787118563479849E-4
1414.0,2.1734528715810121E-7,0.30435213475923434,0.18228758704244483,0.5133600608530338
978.0,0.0034533340562417,0.9338903670842059,0.062578341732364,7.795712718844361E-5
323.0,2.5986679917316366E-18,0.0036751387023739716,0.32918845347921727,0.6671364078184088
631.0,7.376985662543696E-17,0.04381802336188888,0.954123690623748,0.0020582860143630493
66.0,0.9999057706113821,9.422936299591705E-5,2.5612372329723497E-11,9.791614326000305E-15
1541.0,0.9999998046828431,1.8721497193591545E-7,7.247820271544886E-9,8.543646624798033E-10
161.0,1.0335153759953019E-13,0.28886917221425923,0.7111052807706217,2.5547015015617172E-5
705.0,0.9737451651299197,4.3829490658773265E-5,0.025642677339684724,5.683280397367578E-4
280.0,1.2960195800835053E-13,4.4308415531637646E-4,0.002417283953875195,0.9971396318906789
868.0,5.372908046578304E-17,4.188010047586643E-6,0.23338991412696583,0.7666058978629865
1258.0,1.554485550126343E-7,2.184257998872171E-7,0.3538449828510529,0.6461546432745922
1359.0,1.7782144421154763E-8,0.7474367932051517,0.2369705537267274,0.015592635285976427
107.0,2.8031806789985156E-14,5.1738602439351184E-5,0.6707167609386883,0.32923150045884436
1529.0,0.13339173246418726,0.864250177807879,0.0017088877478628394,6.492019800708539E-4
1116.0,0.9999147913778839,1.1055677144276391E-5,7.390672211463182E-5,2.4622285729596266E-7
831.0,0.9949136558476407,0.005036170535621428,4.8197723383126315E-5,1.9758933548371098E-6
666.0,3.6299327688620615E-15,0.27144572189336835,0.7285514200990212,2.858007606881779E-6
487.0,0.9997343985222946,2.6489204166010383E-4,6.879165515565734E-7,2.1519493804184602E-8
40.0,2.6137470493688554E-26,6.5884111714840745E-6,0.9920164572733271,0.007976954315501512
1131.0,2.8979405525434037E-10,1.015746338073634E-4,0.9998591344475999,3.9290628798684404E-5
337.0,1.0965880510265698E-20,8.412708873678381E-4,0.4809222691569194,0.5182364599557128
1014.0,5.331573507284326E-20,2.2194837102884932E-5,0.9936918043495697,0.006286000813327488
1486.0,1.3249616842949178E-18,3.6637185777359264E-5,0.9409452474227885,0.05901811539143417
1668.0,8.564314131602503E-19,1.8754143948138357E-7,0.07580307492887615,0.9241967375296842
595.0,0.008765898077547473,0.9902542735757454,9.79781293041723E-4,4.705366542083219E-8
430.0,1.2147705138470576E-8,0.658094354813809,0.34137429505828015,5.31337980205787E-4
520.0,0.9995816077558123,4.1731730301141284E-4,1.0342813600867948E-6,4.065981622752492E-8
1586.0,0.003908889922818206,0.8248969408351253,0.14912327503644152,0.022070894205615095
1400.0,0.004802547780012614,0.4962400925189923,0.49824059635695656,7.16763344038685E-4
250.0,0.7681330217311927,0.14382776834419514,0.07901505829433816,0.009024151630273985
941.0,7.400583829608942E-4,0.9911835407160353,0.006026059136146593,0.00205034176485723
1245.0,5.722880823408028E-11,0.0014860363093849244,0.2988018453769902,0.699712118256396
1457.0,3.4331580660497648E-12,6.196858735569766E-5,9.368685690369651E-4,0.9990011628401743
795.0,4.710635902666564E-11,6.979141175304489E-4,0.8307488148624235,0.16855327097293968
1044.0,3.2682448141827538E-6,0.9940511024445652,0.005167150573013569,7.78478737607051E-4
702.0,1.0159572527540233E-18,2.8581539004994046E-5,0.9995802347415992,3.911837193958298E-4
501.0,8.269878978126393E-8,0.9207897145197586,0.07919408915539612,1.611362605557985E-5
1613.0,4.5147068813151333E-14,0.05505742510579963,0.9447987772617455,1.4379763240957662E-4
741.0,0.27258168894252993,0.6582130810953022,0.06686669813922543,0.002338531822942272
168.0,3.225503291222083E-14,0.016603798671946064,0.005864252746567346,0.9775319485814543
1186.0,0.9996051749514557,3.931126592530586E-4,1.6781999370710449E-6,3.4189354024370636E-8
266.0,0.018219917185667744,0.5806383366524859,0.398736406323542,0.002405339838304297
832.0,3.3930841770494006E-17,6.143929058916386E-5,0.9703977676175541,0.029540793091856615
1287.0,2.6331593656082363E-19,0.009055182101758548,0.13128852573506503,0.8596562921631764
649.0,1.5098365429470505E-16,0.010727597759439348,0.9886467502522897,6.256519882709391E-4
179.0,1.3314762450018005E-12,3.5439484799991603E-7,0.2421411727262697,0.7578584728775508
1503.0,0.9999998347795572,1.6522041860617365E-7,2.408812504720079E-14,4.431557659930852E-18
1146.0,5.378081451708852E-20,1.0371077007047623E-4,0.014284261078251485,0.985612028151678
812.0,5.168587676079961E-8,0.8458513432538144,0.13620401026993037,0.01794459479037852
316.0,2.0601230375563656E-19,0.10315910575087606,0.8960353594495541,8.055347995699288E-4
887.0,2.150750813564368E-25,2.7285326873425707E-8,2.7496011700357576E-4,0.9997250125976694
1228.0,4.077399440992827E-5,0.972246490067026,0.011740593550248283,0.01597214238831561
1385.0,2.926011692594521E-11,0.042862021973692474,0.9450772337487898,0.012060744248257534
98.0,0.9988427557495987,0.0011544477431615332,2.746518124175102E-6,4.998911561150345E-8
1571.0,5.174836618084629E-7,0.958746471035749,0.040841624934881374,4.113865457078305E-4
722.0,4.038140150476156E-19,1.0274228568908278E-4,0.9795849397849546,0.02031231792935618
451.0,0.9996654384760131,3.340450944909965E-4,4.946331822229226E-7,2.1796313632735507E-8
612.0,0.0024710493456020447,0.01902332915250025,0.5116680096463151,0.4668376118555826
408.0,0.9999186908791655,6.30190590683145E-5,1.3106520467518235E-5,5.1835412987344895E-6
1029.0,1.497432395289927E-7,0.8547226943606754,0.14372993168065198,0.001547224215433207
1440.0,1.1508756817219596E-4,0.6007012417382263,0.39902281548161134,1.6085521199018146E-4
225.0,0.9997898775822204,2.0966072136106235E-4,4.4091130893929953E-7,2.0785109544485648E-8
961.0,2.0218862302221425E-15,3.61135262655277E-8,0.0757895206557138,0.924210443230758
922.0,4.564033485711797E-19,3.128290153877991E-9,5.024491353120974E-4,0.9994975477363979
359.0,4.704891398929657E-12,0.24344081893842284,0.08972622732656482,0.6668329537303075
1302.0,1.936606693992857E-15,0.8615511315179437,0.1357068542968945,0.002742014185159892
1203.0,5.746323282519761E-12,2.6546858242347174E-4,0.06356953861039327,0.9361649928014371
75.0,1.1438402411871436E-4,0.9913045509039973,0.008548287584866709,3.277748701735828E-5
1628.0,1.528082678592786E-20,2.47369995008574E-6,0.9797384492064021,0.02025907709364786
575.0,1.3291141554626393E-6,0.9982185764840832,0.0017432093319083176,3.688506985303428E-5
1156.0,9.242084408282525E-29,1.9602488517733516E-8,0.07583374935138908,0.9241662310461224
851.0,0.5079551430373292,0.4721961213362699,0.01813721349588832,0.0017115221305125362
1313.0,6.637812097028216E-13,6.863482943788703E-4,0.049809723033731525,0.9495039286712258
1643.0,1.0616373958768676E-12,2.50450281113551E-6,1.2036567178461969E-5,0.9999854589289487
56.0,0.0031149399892685357,0.1894704993198217,0.4362687994286797,0.3711457612622301
758.0,2.3542797802896644E-11,8.076260562080203E-5,0.16139669960736827,0.8385225377634681
465.0,0.004664470539493166,0.9646415128834858,0.028739918876188684,0.0019540977008323823
186.0,1.8142066192738417E-7,0.6198135127384682,0.37794974101032924,0.002236564830540737
685.0,0.0016899155593894017,0.027852021572209725,0.9410359504773322,0.029422112391068674
1431.0,0.2599861385800727,0.3838193546700157,0.027919149357050383,0.3282753573928611
302.0,2.6702530049647E-23,1.851949927915791E-8,4.898022068078276E-4,0.9995101792736929
776.0,0.9997553792326633,2.4379917997230177E-4,8.183344271284388E-7,3.252937175260323E-9
1074.0,0.9997499934595351,2.486601713102195E-4,1.3336312243240157E-6,1.2737930503082296E-8
1374.0,3.199921477154889E-17,3.5303739772487546E-6,0.6134879818751117,0.386508487750911
373.0,0.6493869701389104,0.12576760592964023,0.22090370853415447,0.003941715397294897
958.0,9.272746751960613E-15,0.0520293843826722,0.9359955982522776,0.011975017365040865
1275.0,3.6767509376504035E-8,0.011601296672351834,0.9808821904674299,0.007516476092709026
539.0,3.031680009742486E-16,2.5401779227159543E-4,0.9997345515589521,1.1430648776080562E-5
1556.0,1.275865186786258E-16,3.5615070764387954E-4,0.9921219127028892,0.007521936589466808
394.0,0.13721449087211213,0.6436822086444802,0.21864250104221394,4.6079944119364213E-4
576.0,5.7119918193839154E-8,0.6762654766723192,0.16714995333085803,0.1565845128769047
1101.0,2.8869463542781473E-19,6.329908494373098E-5,0.1203276452372936,0.8796090556777626
997.0,6.444979333661612E-4,0.07703881373480276,0.24944149899143034,0.6728751893404008
232.0,9.295404542809793E-15,3.0343860621689873E-4,0.962375462463012,0.037321098930761805
1512.0,0.938810782290745,0.019008770955034206,0.001099754984491987,0.041080691769728804
1537.0,5.516200110056614E-6,0.4102459426201718,0.017976366234423682,0.5717721749452945
707.0,7.972320741560972E-22,3.153376359281249E-5,0.8062410296660273,0.19372743657037989
281.0,1.2107029711983184E-8,9.203825974910402E-5,0.032374781264945286,0.967533168368276
870.0,1.0585996740303219E-6,0.059085654297576624,0.893508248438476,0.0474050386642734
23.0,0.02207110496940315,0.9362986893482949,0.04148564693530852,1.445587469934697E-4
1262.0,1.8361802843415198E-6,0.8486726189973578,0.15117309961800324,1.5244520435451995E-4
1355.0,0.999951436264516,4.636271843189709E-5,2.124896148549253E-6,7.612090347197982E-8
33.0,7.089930133704864E-10,0.002453516089574094,0.10218698914213709,0.8953594940592957
1533.0,2.204841138416711E-18,8.68404400490736E-9,0.8674106067143974,0.13258938460155847
1112.0,0.37760576159402476,0.6197012468637986,0.00258121237112465,1.1177917105188102E-4
222.0,3.789368868399813E-16,0.006498093858374556,0.3572185491510643,0.6362833569905607
829.0,2.861222517383164E-8,0.02338610062452645,0.9739826210915307,0.0026312496717178233
664.0,0.9999954208036936,3.8822456656538584E-6,6.906322868619662E-7,6.31835382227821E-9
486.0,0.96741555801775,0.03255536784074726,2.9066028058190502E-5,8.113444496739594E-9
1662.0,2.6983636707584443E-12,0.005112500556594323,0.9425458154507477,0.052341683989959725
445.0,2.4609587703068476E-7,0.07115288001669708,0.27350716604433417,0.6553397078430917
558.0,1.7683207172169522E-20,0.0039354663587611765,0.9220202272586431,0.07404430638259582
907.0,0.01624694405718931,0.027762721748382145,0.24494906823586363,0.7110412659585649
1332.0,7.2670155207887625E-9,0.013456285528608794,0.8288391589351192,0.15770454826925662
1169.0,0.1397827080975896,0.7963128633418132,0.06219347904460508,0.001710949515992151
1063.0,6.702544095643318E-5,0.9786807149907519,0.019770571989321122,0.001481687578970485
1410.0,9.534542455218008E-17,0.0033648143333432877,0.005757059273096094,0.9908781263935605
976.0,0.17777174124352846,0.35255996019999014,0.3902135451407789,0.07945475341570245
322.0,1.083992674150299E-12,3.4704510437324756E-7,3.232212826380446E-5,0.9999673308255478
629.0,5.727541486034508E-16,0.3498129403302415,0.650143506169635,4.3553500122819576E-5
140.0,5.795918388479868E-9,0.03347909774199255,0.6728936126837107,0.2936272837783784
1461.0,0.003123972077763604,0.6620174070349153,0.110022865692698,0.22483575519462312
793.0,1.6386558227210266E-19,2.7548611990498867E-5,0.9991890331075878,7.83418280421692E-4
215.0,1.1549843981152478E-21,5.689825887568827E-7,0.0035691848627606086,0.9964302461546507
1040.0,0.0015574428022938635,0.7806354057047334,0.20693384273793455,0.01087330875503823
500.0,7.255574025451827E-27,5.343112206035423E-8,0.9998350864596839,1.6486010919406003E-4
700.0,8.027229343410434E-26,2.627100743996479E-8,1.8844329429782133E-5,0.9999811293995627
1609.0,2.0177646615990137E-13,0.5811516961192159,0.26910393319513753,0.1497443706854448
80.0,1.9350420939579925E-16,1.9191931077583871E-4,0.029221497984461588,0.9705865827047624
743.0,0.9999999997886796,1.4686006853916414E-10,6.262596832246203E-11,1.834317538678099E-12
1190.0,1.4317727963011922E-18,9.102596337016223E-7,7.988301144850012E-4,0.9992002596258812
267.0,3.6951880945760073E-9,0.1864729715928793,0.8009145456158316,0.012612479096100993
834.0,4.792016065961232E-13,0.5749738654215194,0.3474744531715888,0.07755168140641247
1283.0,3.927223190466595E-12,2.6661600873631724E-4,0.5885397424562502,0.4111936415310863
1135.0,0.9402234997775348,0.058914430997563855,8.054832951717967E-4,5.658592972942226E-5
1012.0,1.4239992578775392E-10,0.9415073696932553,0.05833696956502872,1.5566059931614425E-4
336.0,0.014187776343232705,0.9758749335805821,0.009748952116321654,1.8833795986355063E-4
1482.0,0.0011438361068991975,0.9176397708267576,0.0796897526432525,0.001526640423090696
133.0,3.0426523853711537E-27,0.0012105277085355832,0.995202810406362,0.0035866618851023223
1664.0,2.055103761493472E-20,7.107285534688596E-13,0.9959801674329987,0.00401983256629062
593.0,2.369624181327879E-16,7.4977607418291294E-6,0.6773588446984841,0.3226336575407739
522.0,0.24657089832729925,0.5465358848603012,0.17356800394063812,0.0333252128717613
431.0,0.9066577869478041,0.09264442981030453,6.935862309574306E-4,4.197010933898726E-6
1590.0,4.537451371264475E-7,2.4628156590217814E-4,0.15307327111256094,0.8466799935763998
1404.0,0.002653051584130098,0.98033710286806,0.01682524589234012,1.84599655469923E-4
943.0,2.3314273356162218E-14,0.04687340133512601,0.3580773500931627,0.5950492485716878
121.0,0.9994055144338274,4.624796025543188E-4,1.2895416204599966E-4,3.0518015722362345E-6
1241.0,2.6427266872314173E-21,9.566862217414165E-5,0.6440765790273225,0.35582775235050335
409.0,1.4334025375857342E-11,0.1861975670616104,0.14560892392409383,0.6681935089999617
614.0,1.1568836465129783E-15,0.001560330498098228,0.9983452430616028,9.442644029787746E-5
31.0,1.4099081031708861E-12,0.014085922908394475,0.32046592209259767,0.6654481549975979
49.0,0.9993330424746995,6.659121444003997E-4,1.0394659664713727E-6,5.914933612368653E-9
1025.0,1.5965242513959193E-15,4.5671825777377146E-4,0.8684588453137051,0.13108443642851955
1444.0,5.911706825193355E-10,1.996434154879814E-4,0.038192691585220435,0.9616076644081208
963.0,6.551664641247223E-8,0.017504013808433645,0.2081054478560033,0.7743904728189167
920.0,3.351726189077449E-15,0.022590697709893366,0.9401573799278831,0.037251922362220094
358.0,0.9993405276287988,6.591364508355042E-4,3.3497632550742113E-7,9.440402997837333E-10
1298.0,1.3645379919659224E-8,1.091446469845307E-7,3.725523442402159E-4,0.9996273248657328
1207.0,2.3244393774691495E-7,0.48870038433156066,0.511266820179883,3.256304461858534E-5
1624.0,0.9764616819251954,0.023117936220374138,3.7681218679857224E-4,4.3569667631687675E-5
158.0,2.1798168334941736E-15,0.03164668316217674,0.291437615949988,0.6769157008878331
573.0,4.5768417783521905E-14,0.1140189340447483,0.8516304821881231,0.03435058376708273
651.0,2.3701816415711973E-22,4.031207708187489E-6,0.24481234874618052,0.7551836200461113
1499.0,0.4384548806326868,0.556333075623151,0.004855948813129574,3.560949310324747E-4
1150.0,4.430517844446898E-19,0.0027422404775859317,0.4715081953816498,0.5257495641407642
814.0,0.008260696976124696,0.9383484455325779,0.03968564982825876,0.013705207663038708
317.0,0.9887597305786353,0.011028862719007132,2.1026848980614787E-4,1.1382125514502788E-6
885.0,2.1778471249152063E-9,0.8553055786833912,0.03250218266697765,0.11219223647178414
204.0,9.072191136668786E-8,0.9747148953488269,0.02504977497629282,2.352389529689983E-4
1224.0,0.9868344384483132,0.013048802554050706,1.124659962496229E-4,4.2930013866572535E-6
1389.0,4.690576928021055E-9,0.4906061266921232,0.4964595026408103,0.01293436597648952
1575.0,0.0032871628963424067,0.9046187061751657,0.09209383634430232,2.945841893932548E-7
450.0,1.7083097955091762E-7,0.29560275778730993,0.7018493513524521,0.0025477200292585976
720.0,0.9999190166637242,5.672514832578586E-5,1.268928147748511E-5,1.156890647266918E-5
1370.0,3.24197074463681E-27,4.884443028771535E-7,0.9841205118545349,0.01587899970116218
956.0,4.249239731646998E-34,3.101292179230757E-7,0.46514525805205453,0.5348544318187275
372.0,0.9992608172405021,7.287391874258342E-4,1.018202535440491E-5,2.6154671767639833E-7
1279.0,0.9997395036732423,2.5962077589914296E-4,5.724417085649131E-7,3.0310915027916444E-7
537.0,1.5917986665837708E-20,4.101631899762144E-6,0.0017720118683274381,0.9982238864997728
1552.0,0.9978037538496386,0.0021836260011074762,1.2219175069482961E-5,4.009741842383175E-7
151.0,3.7320055742142804E-4,0.9535555189847973,0.045408955775482145,6.623246822991708E-4
578.0,5.249658414714409E-28,2.339356639978823E-11,0.0011788159336633462,0.9988211840429431
395.0,1.31437110587701E-21,4.3242989210322475E-8,0.33455652852888673,0.6654434282281241
1097.0,5.622059916605553E-15,0.8059787207910365,0.18980771768451768,0.004213561524440122
112.0,0.9190189860159464,0.05860864318451347,0.022257187511211324,1.1518328832870691E-4
999.0,2.200682272030675E-15,0.3226587947244822,0.6773411613001983,4.3975317305402587E-8
1516.0,0.9966626468999562,0.003281539287896083,5.3523255018769335E-5,2.2905571288719404E-6
1152.0,0.11798472646824908,0.2236018607485956,0.6583531817750436,6.023100811160716E-5
197.0,1.6483383905205498E-10,0.4058785866159643,0.5889807321224169,0.0051406810967849345
849.0,1.2878721932451992E-4,0.9784373143106005,0.0214025488875714,3.134958250368212E-5
1317.0,0.0630552926236571,0.6562682252850055,0.26602492690445523,0.014651555186882242
1647.0,1.4659141136011812E-7,9.21965790873906E-6,0.009079756753466497,0.9909108769972134
756.0,3.9425042821154486E-11,3.69886943220219E-5,0.01171724294776943,0.9882457683184834
464.0,1.1641892602078785E-19,6.157602564414424E-8,0.009576555105694136,0.9904233833182803
687.0,8.106292245992096E-13,0.10424113354695197,0.8860966149759478,0.009662251476289515
89.0,0.999993245219071,6.368945841365237E-6,3.8578808782001367E-7,4.699992026015325E-11
1427.0,4.68159771890128E-9,0.9949906296054729,0.004415765885008187,5.935998279210939E-4
778.0,7.690484109002308E-4,0.9551675293586139,0.03492108365292906,0.009142338577556653
303.0,4.409619129468791E-14,1.4576285600948157E-6,0.010037911783703737,0.9899606305876921
1078.0,0.9999999268536884,7.210920128044402E-8,1.0225221501028307E-9,1.4588133019541256E-11
1123.0,6.953257443572675E-8,2.2543669980934513E-4,0.018816605451621667,0.9809578883159946
1478.0,0.9999998337492567,1.4155855521128033E-7,2.469003834250853E-8,2.149725735062622E-12
339.0,1.5585036723697885E-7,0.9773278758882086,0.022663521811863138,8.446449561069193E-6
1010.0,4.296776475145205E-10,0.02456047730962091,0.5797150529841802,0.39572446927652116
11.0,0.8655144471940814,0.13363133905505598,7.983374539891847E-4,5.587629687330813E-5
599.0,1.3737094225869057E-9,0.997988774012242,0.0019942758598725232,1.69487541761001E-5
70.0,1.349230840761547E-11,0.7187177300430485,0.2808015862367923,4.806837066667783E-4
1594.0,6.386924736766135E-10,0.0043142954538954534,0.9948604882578335,8.252156495787413E-4
524.0,0.8607951830435169,0.13661947298124244,0.002533884254752361,5.145972048821686E-5
428.0,5.715006820385164E-29,1.9536388115210018E-10,0.08339215928345636,0.9166078405211797
937.0,0.18372946363298903,0.6603344746108086,0.15579938444943678,1.3667730676544828E-4
251.0,0.8922663203288903,0.10590167864856424,8.827542561608362E-4,9.492467663845555E-4
1392.0,3.634527353107647E-5,0.9386735265721442,0.047781892561368826,0.013508235592955919
1237.0,0.1405142020991422,0.8447738298393732,0.00800560150693382,0.006706366554550831
111.0,0.9973266066250017,0.002671277727953619,2.104985376217158E-6,1.066166829169569E-8
1465.0,2.0223252867320061E-19,5.81526633710729E-4,0.12181115099605686,0.8776073223702323
1052.0,8.574848142808137E-10,0.023930991967318575,0.9499447194658094,0.02612428770938732
799.0,5.394212693854891E-10,0.020083924609207184,0.23037771818970862,0.7495383566616629
503.0,0.0012380949745132278,0.967524337026153,0.031224049677977487,1.3518321356278041E-5
698.0,0.9990709139534195,9.271390829637996E-4,1.8697951517782763E-6,7.716846484742628E-8
1605.0,0.999981438984631,1.856062259591942E-5,3.9232295780291053E-10,4.5021017154248067E-13
169.0,0.9989429035761556,0.0010537790989351243,3.237114888761118E-6,8.021002046864084E-8
737.0,0.06228375371883011,0.9227911625136812,0.014673317064745867,2.5176670274288797E-4
836.0,6.3001643840879804E-18,1.4670420470277513E-4,0.9765677101586164,0.023285585636680817
264.0,0.9873240981090566,0.003146039016965294,0.008575288170943116,9.54574703034913E-4
1295.0,9.582432367230224E-4,1.1258109508759502E-4,0.24296811625583098,0.7559610594123584
552.0,4.261929349559872E-10,0.8502004727383314,0.10558791278208637,0.04421161405338937
446.0,0.004215888560730381,0.001409870099180721,0.15483638370138383,0.8395378576387051
1650.0,0.0031773692900044265,0.9635324416618936,0.03319378529440065,9.640375370119745E-5
1336.0,7.697564318607412E-6,0.6497903726346174,0.3156382716850243,0.03456365811603979
242.0,4.090383430307925E-9,0.6328693167023597,0.36562309634258566,0.001507582864671188
909.0,7.327746692115876E-17,0.19543449756444242,0.683415244045786,0.12115025838977152
1181.0,1.2173958703391544E-22,3.330527279839383E-7,0.006201573731957886,0.9937980932153141
42.0,3.594131982156332E-26,3.168529934585698E-9,5.597459690937399E-5,0.9999440222345607
1067.0,5.709194654165436E-23,7.360186316033884E-10,0.8564395028830747,0.14356049638090673
982.0,5.831052966963656E-18,3.5015351270584244E-6,0.04970766063241269,0.9502888378324602
321.0,0.4902280265330836,0.16360558371745965,0.013186207340838469,0.3329801824086183
1422.0,1.3516522172236557E-5,0.7405762833683122,0.24994514093272455,0.009465059176791154
627.0,1.85283195988046E-18,6.356475945063083E-7,0.9996876287845474,3.1173556785807664E-4
1549.0,1.610742174222158E-7,0.008370932701791732,0.12736303200294055,0.8642658742210503
709.0,1.558507033612776E-17,0.10318995524013737,0.7861240483257852,0.11068599643407745
160.0,1.6970837627644475E-7,0.9220788836858275,0.07402585165800163,0.003895094947794575
1250.0,1.3524720720205701E-9,0.7705632675407558,0.19472431346503705,0.03471241764173508
864.0,4.354132465085327E-14,2.6402547161817447E-5,0.010702280319326464,0.9892713171334682
282.0,1.937580400323244E-4,0.9845609156130646,0.01524479317614419,5.331707588815204E-7
1351.0,1.6037149347020808E-12,0.0015169952516014891,0.04150579471709867,0.9569772100296963
1521.0,2.3522912327463644E-13,0.036615013792441364,0.960044718118014,0.003340268089309398
827.0,4.184836565374783E-14,0.00898810270919398,0.06845032518437033,0.9225615721063939
1108.0,0.9964992584844863,0.0034704627491676907,2.9315325649312217E-5,9.634406966994963E-7
485.0,0.9999999249189288,7.508078745021627E-8,2.8085592805978687E-13,2.905948499970702E-15
670.0,0.9996345444857224,3.643383523887155E-4,1.089717685490263E-6,2.7444203209710544E-8
855.0,2.574287846009727E-7,0.9392969763146284,0.060250249389203564,4.5251686738352083E-4
15.0,0.9999982485556527,1.73988613239335E-6,1.1544933483559478E-8,1.3281632399505E-11
1164.0,1.0483666745760362E-6,0.4948901003085496,0.02347067860314478,0.481638172721631
1321.0,1.1053028683691817E-6,0.972446625599245,0.02694212498639035,6.101441114963964E-4
102.0,1.4825368593823253E-27,7.452442458213262E-5,0.16188070446524155,0.8380447711101763
1635.0,2.5289623041237745E-16,0.0117198110488998,0.9322183378417838,0.056061851109316205
467.0,9.267623855427729E-6,0.0010420544960666911,0.9987609071694148,1.8777071066305504E-4
754.0,1.3802952664166795E-11,0.04009720984659412,0.8891245048873794,0.07077828525222342
681.0,1.6881176658610664E-22,6.518745494476406E-6,0.41220742696559026,0.5877860542889154
187.0,3.1574739303971667E-4,0.012836150836872597,0.9865750189715011,2.7308279858642964E-4
1439.0,1.3234970756303734E-9,0.3355708773789775,0.45815533188780366,0.20627378940972163
1082.0,6.410294948567619E-21,0.0067024606708959355,0.9872052927448397,0.0060922465842642775
300.0,0.9936437947980648,0.0063259680064714505,3.0229538646184678E-5,7.656817775140908E-9
780.0,0.9999960859901563,3.9099455470096754E-6,4.019998383412878E-9,4.429827923724642E-11
954.0,1.7238222213046563E-12,0.13727078078090663,0.6048870718748223,0.2578421473425472
375.0,0.4884363196919489,0.45456979406473047,0.056993215969853704,6.70273466960073E-7
1366.0,0.9781004282276446,0.02189473277008426,4.6593960944919765E-6,1.7960617652529138E-7
1267.0,0.98355218643498,0.015432223372563187,7.985399459675118E-4,2.170502464891739E-4
79.0,8.892725226229468E-14,0.13034690925530507,0.8686513760126396,0.0010017147319663292
1564.0,2.4566242934411305E-19,3.948379163369318E-7,0.9858916875869039,0.014107917575179745
543.0,0.9335737664350164,0.0663838960413788,3.974998652169096E-5,2.5875370831138236E-6
580.0,0.9999998933410181,1.0665897472866171E-7,7.255045228096484E-15,1.2428617635282359E-18
392.0,0.00783198886369598,0.9831934931849636,0.008396906634889586,5.77611316450657E-4
1093.0,0.990250835127407,0.009498707728782337,2.4014605887385005E-4,1.0311084936971017E-5
1504.0,0.01139749494376982,0.5415591985442376,0.2546071254266162,0.1924361810853763
233.0,0.9997375030766867,2.61850483830668E-4,6.298332287804585E-7,1.6606253820396892E-8
993.0,1.80476387202139E-5,0.9393284614322387,0.060602593320219444,5.0897608821711474E-5
178.0,6.194276259697774E-7,0.7572855364746579,0.21553553662929836,0.0271783074684177
653.0,4.8609539015264216E-17,0.19146582907339132,0.7283283563564392,0.0802058145701695
1495.0,0.9982511723224288,0.0017484373251064442,3.7315828251527826E-7,1.7194182254344046E-8
808.0,0.19959203755972083,0.7791575440303866,0.016403682832720316,0.004846735577172337
318.0,0.9918105982619684,0.006228495629526686,0.0019600436682923766,8.624402125264282E-7
1138.0,0.30073801089417296,0.3481302191884122,0.3509249538368369,2.068160805778424E-4
1220.0,0.9797361431458964,0.013728513487151919,0.004210458659423564,0.002324884707528056
883.0,3.801563392984743E-9,0.9994020393849431,5.801412206183779E-4,1.7815592875193656E-5
1377.0,3.3191887456702978E-12,7.838774495953763E-4,0.9103376916623278,0.08887843088475757
1579.0,0.5303076473983549,0.38056033035684117,0.021710389442671566,0.06742163280213237
58.0,1.808425049019376E-14,0.0056711162318479865,0.009934695564609809,0.9843941882035242
449.0,2.4842979633207125E-5,0.12819210154432117,0.8546988562837998,0.01708419919224583
726.0,2.020667357491183E-19,1.1826010863633748E-4,0.9704637749630171,0.02941796492834653
410.0,0.9999996613682243,3.272529982010284E-7,1.062978664197186E-8,7.489908221649369E-10
608.0,1.7949967537495217E-8,0.5626842685103022,0.2690742210171594,0.168241492522571
1037.0,1.1867326886936584E-18,2.7284775627901714E-10,4.628229083662156E-4,0.9995371768187861
965.0,4.899957473202629E-22,2.582766257594237E-4,0.11511213620037528,0.8846295871738654
224.0,1.0704745634572703E-19,1.256479506048967E-4,0.9993459211727241,5.28430876670922E-4
1448.0,0.008635997572183503,0.9897633475896429,0.0015928028180661902,7.852020107555488E-6
1310.0,0.7745042500214898,0.22416386356570692,0.0010857499621350008,2.461364506682397E-4
926.0,1.2662276264266805E-10,0.010808797918461455,0.0809448040577655,0.9082463978971503
357.0,1.1076946718063076E-16,0.22051967121455907,0.7513920875752467,0.028088241210194115
1211.0,9.709336319397927E-19,1.968776442110772E-6,0.00915822537143466,0.9908398058521232
571.0,1.0103341400548903E-12,0.009213786804695983,0.118330210084283,0.8724560031100107
1620.0,2.685513555174603E-16,8.165657557928548E-5,0.9998927343330245,2.560909139588974E-5
1469.0,2.1927725952757413E-5,0.8518111618786314,0.12154246026091282,0.026624450134503045
1048.0,4.991557640805342E-16,0.00477544292885613,0.8930703817811564,0.10215417528998696
214.0,2.587031317572729E-14,1.0051009432026678E-8,0.20274686347463988,0.7972531264743248
797.0,2.331243406767912E-7,0.09769742514674568,0.900229525174761,0.0020728165541527266
696.0,0.018162774497231637,0.9682712925223321,0.013524461486644108,4.147149379200581E-5
502.0,4.1820798951370474E-14,0.016254908789107365,0.9826760658001898,0.0010690254106608848
1601.0,1.4108670708515394E-15,0.0053191413709191655,0.3189547287026487,0.6757261299264308
739.0,0.9999874183671188,1.2581092672794589E-5,4.94817730210112E-10,4.5390591495751193E-11
838.0,1.1042392359169501E-17,0.01765864268922691,0.34459018470558556,0.6377511726051875
265.0,7.713957529815492E-29,4.08574556044702E-16,4.013227825170402E-5,0.9999598677217478
1198.0,0.9999999458019115,5.337254153670206E-8,8.250743693651687E-10,4.726785833040353E-13
22.0,2.549352541827738E-20,5.108986818441084E-6,0.049586296737106524,0.950408594276075
35.0,1.6750454538742647E-9,0.3382816595623889,0.6320004317262615,0.029717907036304052
1291.0,0.9999978469008296,2.153089470961175E-6,9.696600479460579E-12,2.8834420062080042E-15
1127.0,7.610193702098698E-13,0.010051878714437528,0.9373235739208472,0.05262454736395441
1474.0,4.009009645586523E-15,2.9825496470248986E-11,7.990048016805853E-4,0.9992009951684898
1008.0,1.2980032976309754E-10,0.6660767864111166,0.33381074747043255,1.1246598865060004E-4
338.0,0.9999953286311007,2.825547778944116E-6,1.844548140954672E-6,1.2729794613577367E-9
597.0,1.916220160303304E-14,0.021413795090136703,0.7925622744203276,0.18602393048951665
1672.0,3.9245020390044246E-15,0.002315930286421394,0.01017209462863297,0.9875119750849417
132.0,9.913570003327442E-7,0.8900414588760429,0.08330038648846412,0.0266571632784926
1598.0,0.9995567859169989,4.419866298093966E-4,1.1978308467592808E-6,2.9622344852488064E-8
429.0,0.9997898775822204,2.0966072136106235E-4,4.4091130893929953E-7,2.0785109544485648E-8
526.0,4.9046600312402415E-12,0.7861755976161868,0.20297989731277896,0.010844505066129514
939.0,4.528554503751888E-18,0.026291538510099823,0.9636772687121371,0.01003119277776317
1396.0,2.0259192501833812E-14,9.28858344839621E-5,0.20378044357513567,0.7961266705903601
1233.0,0.9968905684959788,0.0031048228601657742,4.213785097843811E-6,3.948587576088876E-7
1545.0,8.204548870006728E-16,0.006413612881756549,0.5570319889075445,0.4365543982106983
84.0,0.9983278309567117,0.001671441216369979,6.872635712634543E-7,4.0563346971648456E-8
711.0,0.9986812484812712,0.0013160549366569854,2.619335163844371E-6,7.724690791392202E-8
1254.0,9.982714693237E-16,0.0016528356869417661,0.8604922070971524,0.13785495721590485
866.0,1.1904929925442738E-12,8.272088214339004E-6,0.007147883275394043,0.9928438446352011
283.0,0.46252830559163655,0.5359008090885341,0.001565578043249944,5.307276579317608E-6
1347.0,0.9996915300370709,3.077359293834349E-4,7.029142731501206E-7,3.1119272617928134E-8
1525.0,3.9537591598854615E-7,0.010273226309671906,0.18590545950388843,0.8038209188105236
825.0,1.1920280458491174E-17,9.955243118041903E-4,0.9972945568417926,0.0017099188464031303
223.0,0.0014403433578545936,0.9900757717865052,0.003382007672890855,0.005101877182749393
1104.0,3.0780360714552414E-9,0.9953433108093297,0.004656624305950718,6.180668362974023E-8
484.0,0.9999999999983022,1.2611237804590153E-12,3.79058240065224E-14,3.986190752882452E-13
668.0,0.999198056240941,7.98680436174856E-4,3.103069928518003E-6,1.6025295567971977E-7
554.0,1.090348577860535E-4,0.9743713525977235,0.025519444663156,1.6788133451934058E-7
447.0,1.4524901834353028E-10,0.7491117263865374,0.23569183778136912,0.015196435686844544
1654.0,3.733611914587815E-22,1.5511876833760565E-5,0.9260925664748098,0.0738919216483566
1340.0,0.9861247222422581,0.013820842499092626,5.1869706019590116E-5,2.565552629779694E-6
911.0,0.9453512517537611,0.0541768089712073,4.600102267105539E-4,1.1929048321012428E-5
125.0,0.9951911821305842,0.004761152779132959,4.568987011960298E-5,1.9752201631939707E-6
1177.0,7.256101908901851E-7,0.11538037172499514,0.4560214935501316,0.42859740911468236
1071.0,3.5810924143999153E-12,7.837551567125986E-9,1.5860071156727263E-5,0.9999841320877105
980.0,6.088463196878619E-13,0.9370810910994473,0.04938788259319367,0.013531026306750245
320.0,0.9951117134394482,0.004327579594502531,2.089071819109448E-4,3.517997841384918E-4
1418.0,1.5121270719657585E-19,3.880849221699386E-11,6.686335753144829E-7,0.9999993313276163
141.0,1.5071546034290932E-23,4.521127555522159E-6,0.9962503939579348,0.003745084914509705
625.0,1.0720940879946109E-12,0.05222115397109066,0.594744855087317,0.3530339909405201
374.0,0.0011221244498662855,0.8696723937855064,0.12677567602464335,0.002429805739983982
952.0,0.9999999998771048,1.1777996987187828E-10,5.086284795405566E-12,2.8951859381030664E-14
1362.0,0.9999999999995697,4.3000340754876063E-13,1.8545605052885132E-16,6.026737513010531E-20
1271.0,4.040277042126753E-7,0.017881025775584647,0.7041208714825422,0.277997698714169
150.0,1.687812821639106E-9,0.7053592928566051,0.21358408530038944,0.08105662015519255
1560.0,1.396214397299308E-24,9.24197105017857E-5,0.06339110792263197,0.9365164723668662
541.0,3.389019972565544E-6,0.037891736603001616,0.6009437327617653,0.3611611416152605
393.0,1.687011565252027E-7,1.536305778030964E-7,0.00972107252614694,0.9902786051421186
582.0,0.7950217719617146,0.20493686253632326,4.1211207474334E-5,1.5429448769778536E-7
30.0,4.8849661910185634E-9,0.9217888806481764,0.055998722707673795,0.0222123917591835
51.0,2.7132185536770755E-5,0.9833322089701481,0.01652667351278776,1.1398533152743589E-4
1089.0,2.50835001469185E-12,3.1332237714894656E-4,0.2791616204704468,0.7205250571498958
1508.0,0.012798444568676712,0.2470545296853498,0.7285453770159177,0.01160164873005582
995.0,5.0244852762632227E-23,5.6434187457080595E-5,0.4037044741898427,0.5962390916227003
853.0,0.9999999728408052,2.7159123642659846E-8,7.080855917329536E-14,3.31729144312102E-16
1160.0,1.7156461092430155E-16,0.23105575769207684,0.2487277610655021,0.5202164812424209
196.0,2.864939584368789E-23,8.661356889464826E-11,0.0023668189433776682,0.9976331809700087
1325.0,3.8440235972484614E-25,4.701275045385283E-10,0.08610211079206115,0.9138978887378113
1639.0,0.9999003748310721,8.408727236097548E-5,1.4533595683407631E-5,1.0043008835240745E-6
752.0,0.9999257553120409,7.401439645445901E-5,2.2183934659789667E-7,8.452158024274264E-9
466.0,1.9917703949830016E-18,2.831208589259615E-4,0.1379285114393681,0.8617883677017059
683.0,1.2004510387035975E-6,0.7808621397013333,0.21910975095354057,2.6908894087329743E-5
1435.0,3.83486110795055E-6,0.2966980836302118,0.6925756004366076,0.010722481072072746
1086.0,2.234120702862592E-9,0.059208423937294974,0.9331808829368384,0.007610690891745904
301.0,6.287954379694654E-10,0.0025565071362750737,0.22093745175198512,0.7765060404829444
782.0,0.9463049095193815,0.053450167434476156,2.2723720760792722E-4,1.7685838534299452E-5
411.0,0.9985173664275439,0.0014713886983459728,1.0561563622113586E-5,6.833104880385609E-7
610.0,0.2816092006683953,0.648880910065236,0.06030801493988844,0.00920187432648033
1033.0,0.9999999695033547,2.673389093136337E-8,3.757552411277617E-9,5.201884463010078E-12
116.0,0.9999999967769762,3.2230221277630895E-9,1.63084253114019E-15,2.2845102986666817E-17
967.0,4.812960313045046E-26,2.834060677984982E-6,0.2801338517251908,0.7198633142141313
1306.0,1.0006246278202685E-16,0.014569503398779946,0.09794245445166182,0.8874880421495581
924.0,1.3547344267932676E-22,3.0459185846223055E-4,0.07366370650721045,0.9260317016343272
356.0,3.997607807587931E-13,0.043027336296922604,0.1543189109095595,0.8026537527931182
1215.0,0.09224385213213582,0.6174382625766058,0.16031710352342943,0.13000078176782887
569.0,1.1764120083358275E-4,0.0026680243873580273,0.06748510201692648,0.9297292323948819
1616.0,0.9762029760321319,0.011841349675066377,0.005838708154496299,0.006116966138305565
159.0,0.9971255226239382,0.002871431939191189,3.041182736877823E-6,4.254133747025676E-9
655.0,3.128865784336448E-13,0.0025544811290958776,0.0039617006169459686,0.9934838182536453
93.0,2.934447473080119E-29,1.4598895733925364E-11,8.960671251538384E-4,0.9991039328602472
1491.0,0.9910409194329549,0.008648331272786011,3.0316444018888727E-4,7.584854070173739E-6
810.0,1.0469416655577154E-23,5.316824661346634E-8,0.3397365043638951,0.6602634424678582
319.0,1.2775786220725978E-16,1.1299923361297252E-4,0.8204397199378295,0.1794472808285575
1142.0,1.3664093699922937E-12,6.241755172417385E-4,0.9993561923696509,1.9632111740978162E-5
205.0,9.736636847466089E-11,3.4660079545997505E-5,0.003083642708917234,0.9968816971141704
1216.0,0.0037461371098780503,0.10004272089660471,0.8613431948756343,0.03486794711788305
881.0,0.9994495957524292,5.50370461047324E-4,3.304891704379208E-8,7.376064120108021E-10
1381.0,0.21425249462310095,0.7160167604191567,0.050997885529611174,0.018732859428131004
1583.0,0.5031321629532974,0.4393422202972366,0.05703982479791247,4.8579195155358106E-4
724.0,0.9997182071997051,2.8068577853890546E-4,1.0405741216020446E-6,6.644763443116363E-8
448.0,0.0030601840178598252,0.004633873535808913,0.9020002236270964,0.09030571881923487
1669.0,0.18949297672733892,0.7977192102808567,0.012611335765499767,1.7647722630472726E-4
641.0,4.017957994261709E-4,0.37023615171646856,0.6079632126384195,0.021398839845685722
177.0,2.9309557702986115E-17,0.007748334864980633,0.00839507182783382,0.9838565933071856
1130.0,1.522652176868362E-18,2.000084978846535E-4,0.9974319691163654,0.0023680223857499897
312.0,3.9281701212491797E-10,0.9224165615879788,0.04972934796278856,0.02785409005641568
804.0,2.753400866863008E-25,2.645879301823007E-7,0.029775346710844204,0.9702243887012256
1487.0,2.5457521545076582E-8,0.9958967222250497,0.004100403563135222,2.8487542935061342E-6
1401.0,2.397140127059013E-17,4.997736725228187E-4,0.014928921020652595,0.9845713053068246
99.0,0.568751455368487,0.4230906677698844,0.006997146510425518,0.0011607303512030315
895.0,1.0499321632733717E-14,1.5460410875934105E-4,0.6315981664514765,0.36824722943975363
1244.0,4.77070765938592E-7,0.7778784916218153,0.08522342236967537,0.13689760893774347
730.0,1.2325899790237663E-10,0.2990039528907485,0.3842375301083778,0.3167585168776147
455.0,1.0796493768667802E-17,9.560043588827152E-4,0.998980191971439,6.380366967836533E-5
1587.0,2.318505275517431E-13,0.013040973513004026,0.9856255808490085,0.0013334456377557076
620.0,0.9999913198294219,8.494084035818133E-6,1.8608653598670047E-7,6.331591816390992E-15
412.0,1.0144806497253132E-19,8.775458622385548E-4,0.9948611125361778,0.004261341601583702
227.0,0.007436945999930186,0.8453921237034009,0.13000752634592758,0.017163403950741465
1456.0,2.0480885070216145E-9,0.0016876543511507034,0.9444883679825428,0.05382397561821799
969.0,0.9889169115716224,0.010447296236468742,6.357513486766759E-4,4.0843232118849607E-8
1045.0,1.2096880738334688E-13,0.6891691296570875,0.2947595780031272,0.016071292339664305
1187.0,0.9999999767746005,2.3225349566921147E-8,4.9927041341551186E-14,6.696699012844995E-18
355.0,8.710214030180934E-12,0.35044116823715293,0.5498820325469835,0.0996767992071533
914.0,4.679799724044151E-9,0.9418932141551734,0.057690041000767765,4.167401642591976E-4
1286.0,0.9969901378606904,0.0029855970926920532,2.195488169393966E-5,2.3101649237165804E-6
1612.0,0.9973182576621334,0.0025819759153104414,9.975461979828895E-5,1.1802757924699471E-8
567.0,2.0332169893756565E-24,4.2403574793609434E-7,0.09006765074616352,0.9099319252180886
74.0,2.4324537751952986E-4,0.9785398892959287,0.008101631444038507,0.013115233882513441
1329.0,0.9951194370901216,0.00478102244763718,9.652836599770542E-5,3.012096243379478E-6
1172.0,1.3144318446742589E-13,1.0881978575877181E-4,0.005636641106712363,0.9942545391073975
859.0,5.161979117918048E-15,1.4621230810820714E-4,0.033733528668524845,0.9661202590233618
469.0,1.3864427877999156E-20,3.546343618337178E-4,0.980769185841461,0.01887617979670528
