1658.0,5.852211208794563E-14,8.758303110524298E-5,0.16812325080987628,0.8317891661589599
444.0,6.222445179531479E-10,0.18722518702140503,0.6893136107476865,0.12346120160866389
556.0,3.3124524176499957E-9,0.035691771911758804,0.8842339494412235,0.0800742753345653
905.0,5.681328744182075E-11,0.01231421370609076,0.6736927489307158,0.3139930373063802
243.0,3.56036347477344E-5,0.03209552147304692,0.679950208668254,0.2879186662239514
1328.0,4.21795221652024E-12,0.005112359666426519,0.47345670463129486,0.5214309356980606
1173.0,0.0022195364935924215,0.9185157360016816,0.07401035680564164,0.005254370699084549
1059.0,0.002206650184479468,0.6438584262684741,0.2997150868031304,0.05421983674391593
1414.0,6.137345390408092E-7,0.35447197981194917,0.3985619097885563,0.24696549666495538
978.0,0.36348023895865056,0.6237804997188596,0.012261018689303653,4.7824263318619725E-4
323.0,3.942586505360746E-12,0.01707493426158993,0.4310132516004597,0.5519118141340077
631.0,6.895308219203008E-6,0.37467255983446957,0.5923036754800531,0.03301686937725797
66.0,0.977710024560944,0.022184570293567546,1.0539483202803286E-4,1.0313460365315679E-8
1541.0,0.9994666882600213,5.257087608049398E-4,7.042632980101928E-6,5.603461937716559E-7
161.0,6.881799294838091E-8,0.5707462299658117,0.41260676367380134,0.01664693754239401
705.0,0.08981623328137912,0.7416260410303415,0.14993456362425606,0.01862316206402354
280.0,8.871667486342103E-6,0.16844872780495274,0.7196276237694033,0.11191477675815747
868.0,8.5070542472738E-14,3.500336653944271E-4,0.0984087667331565,0.901241199601364
1258.0,6.474579371734611E-4,0.0038103090659534888,0.3194795133304218,0.6760627196664513
1359.0,2.5935285742932766E-6,0.5004761237994406,0.44904732988909146,0.05047395278289357
107.0,3.3379497686795113E-9,0.009909744023157847,0.6591044371262477,0.3309858155126447
1529.0,0.9443546236102183,0.054295062197489814,0.001296668374929549,5.3645817362340577E-5
1116.0,0.9405424695903539,0.05771534509154541,0.001525976627936765,2.1620869016397462E-4
831.0,0.8254661965340921,0.16560897817630812,0.008412097517025444,5.127277725744491E-4
666.0,9.446834669080221E-8,0.4697519705514616,0.45865594184238406,0.07159199313780774
487.0,0.9979837326077233,0.001997667525728539,1.8046158732897946E-5,5.537078153378284E-7
40.0,9.008060947487174E-17,0.0024998465923365735,0.713159794805874,0.2843403586017893
1131.0,3.5989818565834356E-4,0.060966836328357955,0.8073090951609553,0.13136417032502845
337.0,3.781056105263881E-16,0.010802187507801715,0.7568572716563114,0.23234054083588643
1014.0,2.936578586723073E-10,0.09649251381563634,0.8193798190311508,0.08412766685955517
1486.0,2.0858233023878615E-13,0.07473291260605879,0.8900057091324125,0.03526137826132016
1668.0,1.5794840412562352E-13,1.2970991180591274E-4,0.3892370055805273,0.6106332845075089
595.0,0.03735283509804465,0.9425061203943954,0.01972433868621048,4.1670582134938023E-4
430.0,1.5541083268261304E-5,0.8038247826453185,0.19276447452311632,0.003395201748297007
520.0,0.9976523370582866,0.0023280076598414844,1.8830305025729336E-5,8.249768461999823E-7
1586.0,0.06114267828482749,0.6291548211941475,0.24447063235628003,0.06523186816474508
1400.0,0.5958500176455345,0.3703607541303249,0.029675327227537247,0.004113900996603418
250.0,0.7133360094278381,0.24809917667434334,0.03551028974039916,0.0030545241574193543
941.0,0.07426347710550837,0.8804234532104303,0.041869770800755476,0.0034432988833058326
1245.0,1.2430488417759733E-8,0.004960645626001555,0.3429426950760598,0.6520966468674502
1457.0,2.2785856959423996E-7,0.0032080656343235784,0.2835793255626083,0.7132123809444986
795.0,1.1039430444117715E-6,0.07082857474925426,0.5192673032765162,0.4099030180311852
1044.0,0.0038204991009023674,0.9577996194361721,0.03567771040235932,0.002702171060566208
702.0,4.397441466651164E-13,0.006219005362926083,0.8934302082493453,0.10035078638728903
501.0,2.518217054824944E-4,0.8215554859504833,0.16168657387714838,0.01650611846688594
1613.0,7.504525609249865E-7,0.33161332472552174,0.580385658481703,0.08800026634021438
741.0,0.7285262998260755,0.27004490034230844,0.0012289751388066636,1.998246928094328E-4
168.0,3.4040619922521206E-11,0.003443244099250039,0.2588108147127049,0.7377459411540044
1186.0,0.9960599467372127,0.0038850166164754465,5.387272761779897E-5,1.1639186941204881E-6
266.0,0.0048843566361910055,0.5344787618833216,0.4218953863042649,0.0387414951762225
832.0,1.8028312040743067E-10,0.006123323557194463,0.8777915639799126,0.11608511228260968
1287.0,1.0201098998669443E-7,0.30870327118800467,0.40605682918522873,0.2852397976157765
649.0,2.865592361333854E-9,0.06288079554588959,0.8789777092017037,0.058141492386814236
179.0,1.0990640684663656E-10,6.212676746042252E-5,0.050543889244969595,0.9493939838776635
1503.0,0.9998826201777351,1.1720425973281583E-4,1.7555025666606116E-7,1.227532355550551E-11
1146.0,6.966740285400111E-13,0.005194591763278858,0.3869513079273792,0.6078541003086453
812.0,1.8366213883150367E-6,0.5537828094345104,0.3850950129392116,0.06112034100488957
316.0,3.201073764389036E-9,0.32397957700309404,0.6296267218922212,0.04639369790361086
887.0,6.173167368624233E-16,0.0014945101139856804,0.38294168723576594,0.6155638026502477
1228.0,0.0013983003805109224,0.9509882455786431,0.04437378414412505,0.003239669896720763
1385.0,1.8367179840630027E-6,0.03862023494303482,0.46262939568274164,0.49874853265623936
98.0,0.9963173737576156,0.003631224862517766,4.809447934579363E-5,3.306900520615719E-6
1571.0,0.00960110352074622,0.9372032616566202,0.04795922329014594,0.005236411532487765
722.0,8.340360679377665E-7,0.06110164852234274,0.5079493429658963,0.43094817447569295
451.0,0.9979110110975362,0.0020729819332359397,1.540065717785757E-5,6.063120497699586E-7
612.0,0.15449704967763775,0.31006159893005847,0.40111646738909784,0.13432488400320594
408.0,0.9967501979181635,0.0020203864721286668,6.123662439948151E-4,6.170493657130037E-4
1029.0,1.864555250715245E-7,0.22416430361170558,0.615408635299648,0.16042687463312139
1440.0,0.001440227457515519,0.9220710267920945,0.07553034450395375,9.584012464360794E-4
225.0,0.9983377555414713,0.0016460660509920824,1.5683093643767754E-5,4.953138927943613E-7
961.0,2.3923928344845786E-10,1.7955688273186171E-4,0.014761454970158886,0.9850589879078699
922.0,9.293265654226352E-13,2.3792023442152206E-5,0.03252620331749009,0.9674500046581385
359.0,8.60887263055217E-8,0.39487128260378207,0.31435352536300465,0.29077510594448697
1302.0,7.764436254871473E-12,0.16009379315760466,0.7141669242333387,0.1257392826012922
1203.0,8.78139746199125E-10,0.0012271612653145093,0.3493946134972901,0.6493782243592556
75.0,0.11261991769554269,0.8475093429834241,0.03910510527858092,7.65634042452295E-4
1628.0,9.487738808195092E-15,3.5393400848029153E-4,0.3585653878886458,0.6410806781028644
575.0,0.0011258359593426393,0.9066858177957514,0.08795571002764614,0.004232636217259842
1156.0,2.78475492988701E-16,2.2756253471027686E-5,0.19335279059659594,0.8066244531499328
851.0,0.7041774404972221,0.2630541355085914,0.028454297975967453,0.004314126018219012
1313.0,7.198783260369172E-9,0.13538207271834987,0.44306941297290464,0.4215485071099623
1643.0,1.1511673910751556E-7,0.010046738190401042,0.021039977605463053,0.9689131690873968
56.0,0.01578931323839844,0.33266494530284174,0.48895357752741647,0.1625921639313433
758.0,7.521850965720506E-6,0.3119791357728764,0.10985862553626398,0.578154716839894
465.0,0.022947777175524764,0.7151936119356315,0.24148666498398969,0.02037194590485395
186.0,0.014328824656768008,0.9307472746886223,0.05433140937969603,5.924912749137065E-4
685.0,0.348490345908871,0.10422325073075951,0.47276528845624,0.07452111490412949
1431.0,0.4273345615837714,0.3296871555803592,0.20188999480035738,0.041088288035512094
302.0,1.291037491597221E-11,2.1278724417756153E-4,0.036232682894523915,0.9635545298483882
776.0,0.9986377018503477,0.0013574181581450168,4.868258011234552E-6,1.1733495850213275E-8
1074.0,0.9667995865661865,0.031995994619661544,0.0011668207844643913,3.759802968757296E-5
1374.0,1.1426201993618241E-13,3.855322361292471E-4,0.4289783592844449,0.5706361084793116
373.0,0.586548421071166,0.3629548104073514,0.04283828123392467,0.007658487287557901
958.0,3.0519390727727056E-9,0.1306413084550501,0.8100684220767013,0.05929026641630957
1275.0,8.258321473133884E-8,0.34385330339871806,0.6295510846698101,0.02659552934825707
539.0,4.699261578710392E-9,0.08646479550860062,0.8357500055382908,0.07778519425384696
1556.0,2.6148929946683212E-11,0.003639421250966169,0.7716286911592192,0.2247318875636656
394.0,0.9774862673178958,0.02187348296696652,6.279999028038564E-4,1.2249812333599717E-5
576.0,1.3783273338102344E-6,0.5342765427481051,0.3648099351311122,0.10091214379344893
1101.0,7.595293034869152E-14,0.01718722630229953,0.7421383509197174,0.24067442277790713
997.0,0.02799941803158508,0.5673795673577577,0.36041507407428913,0.04420594053636803
232.0,5.328334215978732E-9,0.07263911892714467,0.6251750700896751,0.30218580565484604
1512.0,0.9801323696699661,0.01906497059964291,7.026686225920312E-4,9.999110779906568E-5
1537.0,0.014228344311618775,0.8434870283865011,0.10051037683847602,0.041774250463404224
707.0,8.82338572424356E-14,0.006443196003555865,0.41292090537104914,0.5806358986253067
281.0,3.742968626718809E-5,0.03317257432736057,0.49962687696202895,0.4671631190243433
870.0,1.0597315753156828E-7,0.026446702612675434,0.7662504271511839,0.20730276426298316
23.0,0.5939679578571165,0.3817810846121309,0.023831433139902523,4.195243908501221E-4
1262.0,1.3639358074865926E-6,0.35515230658116775,0.5908241403282755,0.05402218915474938
1355.0,0.9731684396623014,0.02362908179963866,0.0029989295291057002,2.035490089541877E-4
33.0,1.39650450583781E-7,0.023473313422520427,0.6133821555795976,0.36314439134743126
1533.0,9.533190509086323E-11,1.4651522492596948E-4,0.4555904007775719,0.5442630839021703
1112.0,0.7186627103477135,0.26271415927571323,0.016735966962651706,0.0018871634139216845
222.0,4.3069915822031817E-7,0.6126472956626969,0.3643220260484617,0.023030247589683184
829.0,4.920384694285072E-4,0.8480103428373974,0.14393449664865113,0.007563122044523129
664.0,0.9201957839160804,0.0778573671672052,0.0017473151172897627,1.995337994248485E-4
486.0,0.7998473796597387,0.18709782522379947,0.012850434146936814,2.043609695250589E-4
1662.0,4.388731985570261E-8,0.12051023707243065,0.7914258386509967,0.08806388038925271
445.0,2.9273035314964392E-5,0.07672984057671503,0.4351777002309762,0.4880631861569939
558.0,8.577086929082943E-13,0.008648780355966286,0.8663007617406732,0.12505045790250285
907.0,0.15643002673255574,0.347773393530669,0.24911809947605393,0.24667848026072134
1332.0,1.4026188937367044E-5,0.3993268339634232,0.5274265789364125,0.07323256091122689
1169.0,0.5766360231697862,0.4034389359686556,0.019212584462673838,7.124563988843352E-4
1063.0,0.0011252158690506864,0.9085380151541721,0.08161489761413954,0.008721871362637667
1410.0,9.279594424853762E-11,0.022556196803421188,0.2826851614355239,0.6947586416682591
976.0,0.10989781646217067,0.5211879261229444,0.29047356181708706,0.07844069559779786
322.0,7.716650734316014E-7,1.3644695655561393E-4,0.01976505005701287,0.9800977313213581
629.0,2.6761447372084134E-8,0.5875836466525095,0.36801115940741175,0.04440516717863131
140.0,3.409770489569178E-7,0.4272509646961475,0.5117120535450808,0.061036640781722766
1461.0,0.09871672483178252,0.7549608334931452,0.1044421708992665,0.04188027077580581
793.0,1.273147216456268E-15,0.0031195344853468107,0.5909830555390955,0.40589740997555657
215.0,2.7030312785187754E-14,1.8389019610309218E-4,0.13558829597784658,0.8642278138260232
1040.0,1.0890093293956709E-4,0.7621273690760075,0.2299145578507308,0.007849172140322297
500.0,5.843433988075107E-17,3.8992116174371054E-4,0.5770748589870047,0.4225352198512516
700.0,7.995631218018405E-18,2.8840941560664063E-5,0.041123984779541635,0.9588471742788977
1609.0,5.302327061065075E-9,0.21622252858604685,0.467093980440817,0.3166834856708092
80.0,5.114377814088525E-9,0.13520431327519067,0.3280085177397245,0.536787163870707
743.0,0.9967753475254492,0.0031275188264140953,9.32336743906837E-5,3.899973745976955E-6
1190.0,2.40573212266069E-12,6.176985573119425E-4,0.11176274058105613,0.8876195608592261
267.0,0.005824659903027891,0.9492256507561928,0.04384699045004591,0.0011026988907334816
834.0,2.1401146687663746E-8,0.2865061677363688,0.5282513715311365,0.1852424393313479
1283.0,6.067168238579471E-6,0.06215304942905592,0.42081365942189164,0.5170272239808139
1135.0,0.9831585898256985,0.01647372935707811,3.48687009211181E-4,1.8993808012066245E-5
1012.0,1.2840918000825073E-5,0.9365943121712134,0.06097599547262307,0.0024168514381627975
336.0,0.11732600012033115,0.8813408553782645,0.0012386303318848444,9.451416951940987E-5
1482.0,0.7514769143568006,0.2408838438173102,0.006647677440485109,9.915643854038973E-4
133.0,3.136528566516813E-17,5.616193764813009E-4,0.33340884771890045,0.6660295329046183
1664.0,1.5155491263028305E-15,7.014071631019248E-6,0.24210033466355457,0.7578926512648129
593.0,1.3821489278986354E-8,0.13574438296399344,0.7438229289644739,0.12043267425004339
522.0,0.5994119980191571,0.3172814884453119,0.07334513483887575,0.009961378696655289
431.0,0.993831438017146,0.006092912607957552,7.449397859957295E-5,1.1553962968194255E-6
1590.0,1.3664223224137571E-8,0.007843706495307103,0.580964275771005,0.4111920040694647
1404.0,0.0010340033337294786,0.9141386885010128,0.08411936678528056,7.079413799770776E-4
943.0,3.29776939886382E-10,0.19054971516480418,0.7236006889816375,0.08584959552378132
121.0,0.9610884540101646,0.038007561061759856,8.598112925769796E-4,4.417363549856499E-5
1241.0,6.1966114630384665E-12,0.005850571018616004,0.7021031919989561,0.29204623697623133
409.0,2.3762769278201894E-7,0.21194572556331026,0.4815885052018174,0.30646553160717954
614.0,3.866973008097655E-7,0.5723483774120521,0.40336904876286805,0.02428218712777892
31.0,7.12344968592146E-10,0.07106291899401548,0.4561090745059143,0.4728280057877252
49.0,0.9981575760176565,0.0018282499650951022,1.3721669422372818E-5,4.5234782614084967E-7
1025.0,4.6598270760281045E-11,0.00886551466030328,0.6117389609380193,0.3793955243550792
1444.0,1.868575580105516E-4,0.5197768406302492,0.38872541201159955,0.09131088980014077
963.0,1.5945885326963425E-8,0.00985661667663425,0.5998263441434996,0.39031702323398093
920.0,6.34065704704278E-11,0.02363830261541394,0.6105668653292199,0.36579483199195956
358.0,0.9806047251289864,0.019014287510828638,3.7158505992855367E-4,9.402300256465181E-6
1298.0,1.3802314364043558E-6,7.688917712088343E-4,0.11481806966166162,0.8844116583356932
1207.0,0.004502768417268244,0.6010718480304589,0.31234177425702675,0.0820836092952461
1624.0,0.9632813953990281,0.03496456324509797,0.0016459256497680355,1.0811570610581593E-4
158.0,3.600427005084987E-11,0.05936075796737274,0.4681101315730318,0.4725291104235913
573.0,1.2558309033527736E-9,0.11377993600943573,0.7335290357650414,0.15269102696969214
651.0,7.521911492900992E-15,2.105130205734113E-4,0.18116610478609887,0.8186233821933201
1499.0,0.5238018550196557,0.4508086123226771,0.023851896507893728,0.0015376361497734367
1150.0,1.6122949870457236E-10,0.015475753223527674,0.5201213830229783,0.46440286359226457
814.0,0.051331785245148934,0.7696417594034842,0.13211595066749146,0.04691050468387554
317.0,0.9951254399863674,0.00487088967544023,3.364929805399129E-6,3.0540838705076343E-7
885.0,5.1866681659294775E-6,0.31084655598745015,0.3656869292741065,0.3234613280702774
204.0,0.027174511031137837,0.7259239647240652,0.2310577682800536,0.01584375596474317
1224.0,0.9291837965935855,0.06703504206781336,0.003565488944605255,2.1567239399571225E-4
1389.0,1.4723620392004393E-6,0.6714210225055943,0.29868662123216466,0.029890883900201736
1575.0,0.642070302809645,0.3331367197087531,0.024134487845133924,6.584896364678775E-4
450.0,0.01056618042965999,0.84109555163075,0.13483191009868972,0.013506357840900297
720.0,0.9642769412593798,0.034757036256921774,9.12493284798806E-4,5.352919889983517E-5
1370.0,1.5988377033587853E-14,1.1628132159684335E-4,0.201729585196655,0.7981541334817323
956.0,2.710983792273407E-21,1.2736133759501422E-4,0.5009666684704687,0.4989059701919362
372.0,0.9701491340755471,0.029050520844147033,7.614168992738165E-4,3.8928181032016855E-5
1279.0,0.9979132174244101,0.002069790481800204,1.6239734843153597E-5,7.523589464009031E-7
537.0,8.085951713226866E-15,5.491124252893552E-4,0.2556056202824201,0.7438452672922824
1552.0,0.9956634322712752,0.0042823261827362215,5.233120397625278E-5,1.9103420125665944E-6
151.0,0.7858891780849163,0.18894501696601268,0.023344308059098727,0.0018214968899721838
578.0,7.847503629538795E-18,4.651040619429535E-6,0.06811829430131684,0.9318770546580638
395.0,1.9336697077328997E-13,2.480925126959146E-4,0.41606283385256915,0.5836890736345416
1097.0,5.406888720564527E-8,0.6263755081441073,0.33578525081515126,0.03783918697185438
112.0,0.8992593093532374,0.09012716895960349,0.009554667604519906,0.0010588540826392625
999.0,2.109021986180627E-6,0.6644832153442977,0.3294554725920916,0.006059203041624501
1516.0,0.9877336495890373,0.011917163902343958,3.300508424872211E-4,1.9135666131601982E-5
1152.0,0.31542875739882636,0.4781677219620105,0.1912026646316916,0.01520085600747167
197.0,7.434375048965602E-9,0.37050713539701113,0.6077359117200479,0.02175694544856592
849.0,0.3634754968898318,0.635753227188248,7.115718959746221E-4,5.970402594564238E-5
1317.0,0.0010151769524768723,0.9122543722227202,0.08155340356325819,0.005177047261544863
1647.0,2.1384743136634875E-8,5.015783180628457E-4,0.030160214759411583,0.9693381855377824
756.0,6.683554935779201E-10,0.003598238695559434,0.3690372905564031,0.6273644700796821
464.0,1.30606236662959E-13,1.1974705013070488E-4,0.23001013370877274,0.7698701192409659
687.0,9.358181354981149E-9,0.18057436203015534,0.7005449031180824,0.11888072549358085
89.0,0.9977522449755655,0.0022232243274724586,2.4064547248250993E-5,4.661497136350548E-7
1427.0,0.004919078224530878,0.9423809044267066,0.04795610450715183,0.004743912841610685
778.0,0.0010077846812405799,0.8884691529790076,0.10674890033651699,0.0037741620032349377
303.0,4.86375145172055E-9,0.03005157248208934,0.6668304582437179,0.3031179644104412
1078.0,0.9994912326022938,4.925815273931141E-4,1.5773804016064602E-5,4.120662969949565E-7
1123.0,1.3376603024224885E-6,0.008556215728473949,0.5249969082447591,0.46644553836646463
1478.0,0.9889425604748957,0.010667677784512023,3.8962601876140173E-4,1.3572183077414615E-7
339.0,0.009800229606502587,0.8899068448396018,0.09886797115724456,0.0014249543966511837
1010.0,6.484929287886363E-8,0.08045102577769113,0.5479209867079692,0.37162792266504674
11.0,0.9244022959356651,0.07409489589958082,0.0013376935681210734,1.6511459663303882E-4
599.0,7.790656400538065E-6,0.7572232042524485,0.2217252662140571,0.02104373887709388
70.0,2.0173809566090276E-6,0.7278775698074775,0.2302163660377326,0.04190404677383311
1594.0,5.909590215542655E-8,0.11479301190904478,0.7918590974088916,0.09334783158616142
524.0,0.9278597411517856,0.07019228313647359,0.0018775840268833567,7.03916848575269E-5
428.0,1.576280222791127E-17,1.2103295056404743E-4,0.5993620574191019,0.40051690963033393
937.0,0.9303078384609152,0.0637553875377937,0.005582187602799854,3.545863984912958E-4
251.0,0.9298458073289213,0.07004967972196112,8.504502933469985E-5,1.9467919782915283E-5
1392.0,0.028216840061810328,0.9302406018627307,0.03855756866058918,0.0029849894148696017
1237.0,0.7223272024845536,0.27235724700845515,0.0049850012875980185,3.305492193933442E-4
111.0,0.9975527785689519,0.0024275808165962237,1.8929239337894506E-5,7.113751138662482E-7
1465.0,3.4807231454130756E-11,0.03996095081812359,0.6517331640455595,0.3083058851015097
1052.0,9.145353414746524E-5,0.2977463318871562,0.6416648230585321,0.060497391520164284
799.0,0.0015093362782641134,0.5225483870180815,0.2600628528583332,0.21587942384532122
503.0,0.07227805644111251,0.8791943603479291,0.04723400374974218,0.0012935794612162338
698.0,0.9947610981423513,0.005184021329957091,5.2457063631927116E-5,2.4234640598017996E-6
1605.0,0.9995478478843012,4.504794292715159E-4,1.664636489151963E-6,8.049938061522816E-9
169.0,0.9951453028883241,0.004804913131995668,4.8550344482612094E-5,1.2336351973109558E-6
737.0,0.4597491035372726,0.4711785154838016,0.05406478503106432,0.01500759594786146
836.0,5.081467907994729E-12,0.008194426786368326,0.7072605685287316,0.28454500467981847
264.0,0.3624617231715856,0.6117139807593288,0.02428740356654694,0.0015368925025386253
1295.0,0.010652470422865186,0.07887733269283624,0.4599320641446809,0.45053813273961757
552.0,2.732306397006174E-7,0.031111241260576766,0.34302384980985856,0.625864635698925
446.0,0.011013718971567209,0.12320487992628945,0.4384303006760822,0.42735110042606117
1650.0,0.060715230880020496,0.8023798104823923,0.12385350630450835,0.01305145233307896
1336.0,2.113936691842904E-6,0.7150394333212192,0.26579146826194827,0.019166984480140717
242.0,2.0341801314971516E-7,0.34486673806541607,0.5863280506426368,0.06880500787393408
909.0,8.000303313612377E-13,0.031086172351517623,0.7095124119425995,0.2594014157050829
1181.0,1.7047853835096323E-14,8.975283488522593E-5,0.11709085082319695,0.8828193963419008
42.0,2.356036718653046E-16,2.6121515365354605E-6,0.02765883080510198,0.9723385570433613
1067.0,3.751102819637638E-20,8.147769099503864E-7,0.13455609289505152,0.8654430923280386
982.0,1.3635354949244697E-14,5.407167955800268E-5,0.11777480604921074,0.8821711222712175
321.0,0.05608486766567682,0.7267338306175998,0.13858632778803226,0.078594973928691
1422.0,0.001718559941078098,0.6597667432291074,0.3097286039935096,0.02878609283630477
627.0,1.336352482274992E-10,4.8727074378358804E-4,0.8066259322515452,0.19288679687103608
1549.0,0.0010247130050825943,0.3504499874339049,0.45217584958212453,0.19634944997888812
709.0,6.174539395459693E-11,0.05023764867974685,0.6824968324885028,0.26726551877000493
160.0,7.522842611116951E-5,0.3634536133696421,0.5304905197761685,0.10598063842807832
1250.0,7.877159388010352E-4,0.8486238334836018,0.1334110322836621,0.017177418293934904
864.0,4.447382241019576E-8,0.07947044529663772,0.6980615504357451,0.22246795979379463
282.0,0.8895565986500021,0.10607100467950112,0.004333902767536825,3.849390295988321E-5
1351.0,1.3813449958638007E-7,0.5486121002652812,0.3910852287539881,0.06030253284623115
1521.0,6.415302088508053E-7,0.4542621550480613,0.494637736543209,0.051099466878520815
827.0,5.84347282671459E-9,0.10146259273125115,0.41884753900085975,0.47968986242441636
1108.0,0.9904801185747668,0.00927753382829463,2.3576250327504993E-4,6.585093663515931E-6
485.0,0.9993716021336309,6.271066625062479E-4,1.2910332841470138E-6,1.7057867838999022E-10
670.0,0.9972584857607392,0.002716930706825604,2.39076927384347E-5,6.75839696531717E-7
855.0,1.353179059986624E-4,0.907843542041834,0.08934447510377587,0.0026766649483914062
15.0,0.9974409927633516,0.0025362747687282415,2.2108735336002405E-5,6.237325840958779E-7
1164.0,6.708135412059978E-5,0.6114744113321734,0.30788301352721176,0.0805754937864941
1321.0,5.9155262877947456E-5,0.8208630737572911,0.1651409389162482,0.013936832063582727
102.0,1.626304721828236E-16,3.863467672939339E-5,0.02819196854726928,0.971769396776001
1635.0,2.4899667322702502E-12,0.12006501509741103,0.7642958220060284,0.11563916289407056
467.0,6.9514443754713465E-6,0.5622649473835692,0.42377748106124846,0.013950620110806847
754.0,1.604436262224904E-8,0.2099057621051983,0.7346401880903528,0.055454033760086334
681.0,1.3355498598302313E-13,0.02595531082762628,0.6648638484396244,0.30918084073261576
187.0,0.11223390031955682,0.5121335067423082,0.33874520787666795,0.036887385061467146
1439.0,1.2056315491447738E-5,0.37636985159618713,0.3989220314356862,0.22469606065263512
1082.0,1.6879739031851296E-11,0.10838772671961593,0.5427842097015774,0.34882806356192697
300.0,0.9804952463088262,0.01922883764965132,2.609835119904158E-4,1.4932529531972333E-5
780.0,0.9989747635677148,0.0010204752795130662,4.643177247741799E-6,1.1797552424284336E-7
954.0,1.4884154255495292E-8,0.16222303604997612,0.6191007978857234,0.2186761511801463
375.0,0.9369239635740486,0.06065733770382274,0.002399366756841233,1.9331965287451596E-5
1366.0,0.9962826017432472,0.0036822222394954237,3.4417074197050325E-5,7.58943060304833E-7
1267.0,0.9789787222854308,0.020835276035333864,1.7789907706718724E-4,8.102602168141098E-6
79.0,2.730425005615292E-12,0.06169516740281569,0.9056781636904929,0.03262666890396098
1564.0,1.6471081598083823E-11,0.0018184724873593432,0.984355545900574,0.01382598159559569
543.0,0.982385011285778,0.017595154776810496,1.8780787596398276E-5,1.0531498152521629E-6
580.0,0.9999658314475621,3.4074345766300146E-5,9.42027675031486E-8,3.9040429219182474E-12
392.0,0.30982780483722344,0.09667289985506841,0.5129741401402248,0.08052515516748333
1093.0,0.94943410053546,0.04748980995877892,0.0028959712971180283,1.801182086430166E-4
1504.0,0.21992088506279445,0.5956804887278656,0.14239751154317007,0.04200111466616992
233.0,0.9972584857607392,0.002716930706825604,2.39076927384347E-5,6.75839696531717E-7
993.0,0.015457275686947398,0.9221846271122474,0.062335581486646405,2.251571415885552E-5
178.0,0.003915524975793875,0.8430933996712449,0.1316979632919327,0.021293112061028633
653.0,6.800532426833378E-11,0.16498069744589516,0.469176653964414,0.3658426485216855
1495.0,0.9983377555414713,0.0016460660509920824,1.5683093643767754E-5,4.953138927943613E-7
808.0,0.4185643358197071,0.5518790870055972,0.028090424574135527,0.0014661526005602242
318.0,0.9546768946006355,0.042112380251762976,0.003149691662564449,6.10334850370822E-5
1138.0,0.7799168791551451,0.20978935408645563,0.009695138977663883,5.98627780735428E-4
1220.0,0.9647478264775258,0.03381057729825517,0.001362679778037556,7.891644618137619E-5
883.0,1.1298487357397378E-6,0.7499337974038285,0.24113943816331157,0.008925634584124131
1377.0,1.1057610395717658E-5,0.04039906656367921,0.6788843302201483,0.2807055456057768
1579.0,0.7317365209555156,0.2468055379444774,0.017445176419247935,0.004012764680759197
58.0,8.940556983331456E-10,0.0017222629398745228,0.17413655868299735,0.8241411774830724
449.0,0.11342813696233818,0.8371549409971841,0.046302011604955125,0.003114910435522566
726.0,4.274764084999867E-13,0.005933294760204059,0.7719371050324882,0.22212960020688033
410.0,0.999962741910093,3.6069568622724864E-5,1.0802299059867724E-6,1.0829137822034708E-7
608.0,1.2506214771564664E-5,0.4033270055752392,0.3658246228215174,0.2308358653884718
1037.0,7.09051110411557E-11,2.9058584095881957E-5,0.03041301104095293,0.969557930304046
965.0,2.0022800437151496E-14,2.8995109836207574E-4,0.11662944155721325,0.8830806073444046
224.0,1.7967947716146107E-12,0.1500966509369913,0.8107068742647897,0.03919647479642227
1448.0,0.970026567132398,0.029325262110623126,6.321548931156513E-4,1.6015863862947435E-5
1310.0,0.9430843006097911,0.05500336227964189,0.0017550361132847654,1.573009972820734E-4
926.0,2.393184963352868E-7,0.3563632477467903,0.3544148958663836,0.2892216170683297
357.0,8.829175944655133E-10,0.19719534478793135,0.6993956454373391,0.1034090088918119
1211.0,9.46408359971397E-12,0.012504003533343895,0.3935765377547975,0.5939194587023945
571.0,4.2040569908282416E-7,0.33371817436724316,0.5084360271245165,0.1578453781025412
1620.0,8.868405277576128E-8,0.01321379759996092,0.9272448776503451,0.05954123606564117
1469.0,3.2683557424662044E-5,0.2086671029038249,0.6179415649699594,0.17335864856879094
1048.0,7.573856562143379E-11,0.01426501784775566,0.31243091935960415,0.6733040627169016
214.0,1.3219421301563838E-7,0.002608285765822391,0.26635641197492,0.7310351700650446
797.0,8.384796498034147E-6,0.5679741983797907,0.381004136834649,0.051013279989062195
696.0,0.7665093730416228,0.22236980474998205,0.010027857667781371,0.0010929645406136347
502.0,2.0069832926164325E-10,0.036641899449941624,0.904290174367222,0.059067925982137996
1601.0,2.8182181048016605E-11,0.05488150163961689,0.7343128204337859,0.2108056778984151
739.0,0.9651903446910797,0.03468866723805363,1.0932965917607909E-4,1.1658411690537395E-5
838.0,2.7144581649474334E-12,0.0031632515448617687,0.3704621999467343,0.6263745485056895
265.0,1.1298014739908942E-21,3.136157072728638E-8,0.015908525272508935,0.9840914433659204
1198.0,0.9899950401343998,0.009777931293743072,2.192767323889251E-4,7.751839468331441E-6
22.0,6.622015687566957E-13,0.003580090796120493,0.5217474786433527,0.47467243055986463
35.0,1.4506956696107205E-8,0.2183230239030226,0.6564342605924928,0.12524270099752804
1291.0,0.9996877666113172,3.115356390898106E-4,6.977455652896699E-7,4.027657244580148E-12
1127.0,2.6542584744214553E-6,0.14351857108751387,0.6477417086882878,0.2087370659657238
1474.0,1.7328060200629116E-12,5.283043875484236E-7,0.03176972731368463,0.968229744380195
1008.0,1.273826149350146E-6,0.579831566299885,0.3944336537504791,0.025733506123486575
338.0,0.9868987898879998,0.012856541145217115,2.3829647805345355E-4,6.372488729600955E-6
597.0,5.652144909583185E-7,0.1916118710311919,0.7578572419773374,0.05053032177697967
1672.0,3.206890850649074E-11,0.06007915281767529,0.3888598790605236,0.5510609680897323
132.0,0.0037009872417353793,0.9154228026132292,0.07194198556930718,0.008934224575728324
1598.0,0.9981648293602754,0.0018210635216931823,1.365546499707137E-5,4.516530342402568E-7
429.0,0.9983377555414713,0.0016460660509920824,1.5683093643767754E-5,4.953138927943613E-7
526.0,2.679167512731545E-7,0.5416215624443613,0.3590727230097347,0.09930544662915289
939.0,1.5705166025542317E-12,0.04737221558067406,0.8455473030673599,0.10708048135039558
1396.0,1.1976057146863762E-6,0.2157666071173378,0.6669229951192347,0.11730920015771278
1233.0,0.9244022959356651,0.07409489589958082,0.0013376935681210734,1.6511459663303882E-4
1545.0,6.39276329439597E-10,0.03728678188935773,0.6287897989674011,0.33392341850396484
84.0,0.9965561567613064,0.0034220696424005098,2.1310714999353558E-5,4.6288129376810134E-7
711.0,0.9956651340931553,0.0042892904584574945,4.428338234391265E-5,1.2920660433898362E-6
1254.0,3.661014665723585E-12,0.020700968522520475,0.8169014957447829,0.16239753572903562
866.0,9.871753213521985E-11,6.991307524225999E-4,0.16578848205620217,0.8335123870926576
283.0,0.9523231861856865,0.045696118122544885,0.0019141490370232588,6.654665474548181E-5
1347.0,0.9979110110975362,0.0020729819332359397,1.540065717785757E-5,6.063120497699586E-7
1525.0,0.001693379250576696,0.6123579890520486,0.27179728428200883,0.11415134741536594
825.0,2.758330843964553E-11,0.02299215664577456,0.8742368940141924,0.10277094931244996
223.0,0.33299570185193356,0.6554748453858281,0.010996189704108896,5.332630581295645E-4
1104.0,0.08843859513557831,0.8909010724291102,0.019642779377427675,0.0010175530578839188
484.0,0.9982021937162868,0.00178235837392844,1.4991259409498627E-5,4.5665037515863406E-7
668.0,0.9476247043402107,0.05132950213842361,0.0010427209612892069,3.072560076422824E-6
554.0,0.3890964433977419,0.5794637717275741,0.03084373245224655,5.960524224374576E-4
447.0,1.463082472060111E-8,0.27868624508348827,0.5972196364799255,0.12409410380576152
1654.0,1.2031551689665948E-12,0.006644790632402811,0.6828866376833812,0.3104685716830129
1340.0,0.932299280202581,0.06732246371972743,3.511704195898629E-4,2.7085658101693745E-5
911.0,0.984100933953913,0.015594528652241627,2.955015951378688E-4,9.035798707535002E-6
125.0,0.9965360494125317,0.003430080495812629,3.281003176417292E-5,1.060059891451694E-6
1177.0,3.0722687211415576E-7,0.5621904120742333,0.43615068743865854,0.0016585932602359867
1071.0,4.200638125028599E-8,5.269702893350885E-4,0.028340607545535412,0.9711323801587481
980.0,4.248076826954981E-9,0.29539856688809263,0.6064452686431253,0.09815616022070515
320.0,0.7109389664425825,0.27919655983425956,0.008936767196224781,9.277065269331441E-4
1418.0,2.0056556496572822E-11,4.438713836972874E-5,0.009708878727988066,0.9902467341135858
141.0,1.1266047364596007E-15,0.006880594671551105,0.9482294022663158,0.04489000306213203
625.0,4.61702602546409E-9,0.053735454590307125,0.733448166491929,0.21281637430073777
374.0,0.12840434794768835,0.7100178116904435,0.15493959286500436,0.006638247496863823
952.0,0.9997840702332479,2.0832587491968638E-4,7.472295459988597E-6,1.3159637253413946E-7
1362.0,0.9974469820374746,0.002518429928676749,3.457267294417616E-5,1.5360904510334158E-8
1271.0,1.0651696986200757E-6,0.0013911113593642233,0.031122411005637715,0.9674854124652994
150.0,4.281205303395312E-8,0.696120241378886,0.26195894833206257,0.041920767476998494
1560.0,3.5378631014029844E-17,2.1719328017822336E-4,0.3299466737419361,0.6698361329778857
541.0,1.6009732378807453E-4,0.39262221240751455,0.5523921018984058,0.05482558837029154
393.0,1.297609106616163E-7,5.7428863594655144E-5,0.16935046732842474,0.83059197404707
582.0,0.9942062732556375,0.005757429969750015,3.5949356800341955E-5,3.4741781189821695E-7
30.0,6.566591014784789E-4,0.7132853611147161,0.27327079308861174,0.012787186695193653
51.0,7.57139406019222E-4,0.4371523062013592,0.42257533709301454,0.1395152172996071
1089.0,2.4530146569130597E-11,0.0014002786556549431,0.4742902226268384,0.5243094986929766
1508.0,0.04803852276133225,0.7586167629760128,0.18003787104044852,0.013306843222206438
995.0,1.9273048096194305E-10,0.04405868022237845,0.48686154460524345,0.4690797749796477
853.0,0.9999025109791495,9.738772931344916E-5,1.0115373484789412E-7,1.3780202587824408E-10
1160.0,2.992859092708654E-13,0.03861853534300695,0.42286663782977735,0.5385148268269164
196.0,1.1936137796923028E-15,3.4373548860221654E-5,0.04352885245303057,0.956436773998108
1325.0,8.759014755362479E-17,2.132037746649816E-5,0.29769654780804167,0.7022821318144918
1639.0,0.977911405613532,0.019582326737968208,0.0023181067979462814,1.8816085055372076E-4
752.0,0.9985590384449176,0.0014237776291045493,1.663340285149457E-5,5.505231265104052E-7
466.0,7.74006651507422E-15,0.0011247809908999623,0.5514635122707822,0.44741170673831016
683.0,1.9258562430244993E-4,0.8303945534979003,0.16633719580468861,0.0030756650731086333
1435.0,2.262896249564517E-5,0.46996404306393547,0.4768317684425947,0.05318155953097406
1086.0,5.957283486115836E-6,0.4380852500759275,0.49330767293747424,0.06860111970311218
301.0,3.217962622549463E-8,0.00608816349320243,0.4927838781337278,0.5011279261934435
782.0,0.9332493763687058,0.06565913511272375,0.001044291266576584,4.7197251993962544E-5
411.0,0.9806059402297294,0.018918374479040684,4.4528978607024625E-4,3.039550515965993E-5
610.0,0.19250791361425057,0.7041996197821758,0.0959938961218234,0.007298570481750077
1033.0,0.9986164396424675,0.0013670190370462002,1.6398879859833566E-5,1.4244062633681743E-7
116.0,0.9995655784664809,4.3380252876536407E-4,6.188790440586658E-7,1.257096241831688E-10
967.0,1.9957641453603583E-16,2.2291431514404408E-4,0.30155642503985847,0.6982206606449972
1306.0,2.6970440327012924E-11,0.08548826745849583,0.3079925597383782,0.6065191727761555
924.0,1.2544281876838683E-14,1.930614544667405E-4,0.11551818082914679,0.884288757716374
356.0,1.581247784219727E-7,0.2277438761204512,0.5773181331569287,0.19493783259784161
1215.0,0.3953336582606646,0.5560702896813252,0.03527323319311534,0.013322818864894923
569.0,0.30782947106033387,0.4807881916924918,0.140147872456627,0.07123446479054732
1616.0,0.9820558398483441,0.015829258499092717,0.0019722302694689655,1.4267138309438697E-4
159.0,0.9896891465544789,0.01008121787109165,2.2603006819211583E-4,3.6055062371412018E-6
655.0,5.0185268511486135E-11,0.005702009360972152,0.18913771229163479,0.8051602782972078
93.0,6.5862975701554E-24,6.777374680970946E-8,0.03609036685655248,0.9639095653697006
1491.0,0.6485581965969208,0.33838397510236706,0.012625705981433609,4.321223192784385E-4
810.0,1.5851302865129536E-16,1.1399319277621962E-5,0.17826513860476192,0.8217234620759603
319.0,6.983526439057547E-11,0.029107532897639267,0.8824499798107235,0.08844248722180188
1142.0,7.142801790221716E-9,0.12700533702669692,0.7275487146528301,0.14544594117767118
205.0,6.759118896744247E-7,0.4754515176940685,0.41770397595207986,0.10684383044196205
1216.0,0.25792895146401634,0.5540713925747448,0.163780821679826,0.024218834281412933
881.0,0.9979920133513219,0.00200709808728551,8.40546285028197E-7,4.801510768545091E-8
1381.0,0.051440947342856966,0.595380049073613,0.24201003101107,0.11116897257245993
1583.0,0.8222099152385116,0.16499541647636462,0.010951834642268779,0.0018428336428549749
724.0,0.9962684065818155,0.0036879994446260694,4.11672693539561E-5,2.4267042044407557E-6
448.0,0.0011315064988514107,0.18455309665308106,0.695201446198891,0.11911395064917638
1669.0,0.709543785279943,0.2798962955890454,0.01042913928580746,1.307798452041613E-4
641.0,0.08887264975575865,0.5320155681011323,0.3197761433866561,0.05933563875645286
177.0,6.507268778755266E-11,0.05811596424016122,0.31587618561036523,0.6260078500844009
1130.0,3.059528438109269E-8,0.1442430267661098,0.5537019630873486,0.30205497955125715
312.0,6.021625602738519E-8,0.4882050904683059,0.5110610357089655,7.338136064724973E-4
804.0,2.056010423060437E-16,1.0930983437729859E-5,0.05931186871207765,0.9406772003044844
1487.0,0.3847041530455415,0.47354746921505675,0.14114854044769398,5.998372917077073E-4
1401.0,3.8101313786939766E-16,9.368641988724604E-5,0.040245893858667184,0.9596604197214452
99.0,0.38651696528687973,0.5423178147594673,0.0660152312845913,0.005149988669061618
895.0,2.904348277504883E-10,0.05368356886208937,0.46710465659650763,0.47921177425096806
1244.0,7.15694668472209E-4,0.11650219060385396,0.6373062658247863,0.24547584890288746
730.0,1.3229956180275322E-8,0.0698152915604611,0.5380163119474133,0.39216838326216935
455.0,6.289857488927552E-8,0.38861256906456443,0.5740323655051798,0.03735500253168098
1587.0,6.003863773089885E-6,0.7172588742082145,0.25146400397559665,0.031271117952415654
620.0,0.3397688377073258,0.638292344067759,0.021900543747952514,3.827447696265061E-5
412.0,7.129692378774836E-11,0.04466891693430794,0.9072700680921436,0.04806101490225169
227.0,0.04816453956711861,0.7740146694220257,0.14576494008763313,0.032055850923222586
1456.0,5.361652178067321E-8,0.009215759311509315,0.6930916865395452,0.2976925005324238
969.0,0.8951583347642835,0.09870953311284705,0.0058710647810089655,2.6106734186056186E-4
1045.0,4.0511575471219555E-8,0.1621737519257771,0.7130555636850249,0.1247706438776224
1187.0,0.9990621161735932,9.361436599383299E-4,1.7398215372625715E-6,3.449310341309434E-10
355.0,1.5514770803038267E-8,0.17186956408111118,0.5209444590817104,0.30718596132240755
914.0,6.225181375158123E-4,0.7421914341640627,0.22280249589615014,0.03438355180227108
1286.0,0.9880445384942855,0.011808298690574355,1.400626572259703E-4,7.10015791420287E-6
1612.0,0.902733089062313,0.09570637571027772,0.001493143161483838,6.739206592556764E-5
567.0,6.629301605783045E-17,7.716289236544684E-5,0.11524230072785119,0.8846805363797832
74.0,0.08995263909255671,0.7541892029125853,0.13189523218513446,0.023962925809723593
1329.0,0.9582474736610925,0.03989826286699199,0.001761417217240486,9.284625467491723E-5
1172.0,1.9604007320026605E-10,0.0359922285232314,0.35967210984104436,0.6043356614396842
859.0,3.88318354277413E-11,0.014740666632747425,0.30896303799172525,0.6762962953366954
469.0,1.3174797123269379E-14,8.284483183682631E-4,0.7451329763616781,0.25403857531994034
766.0,0.0011044044092106066,0.9650191048119301,0.030786712128178722,0.003089778650680643
1659.0,2.0272815668518385E-6,0.2685685581493889,0.5786980640909413,0.15273135047810293
184.0,0.8130806001004849,0.15868687300910475,0.02756464981045861,6.678770799518226E-4
677.0,8.176549417996972E-16,1.925063558171736E-5,0.026485642741334987,0.9734951066230825
768.0,4.2037964450425326E-10,0.2866371617760202,0.6837632592149382,0.02959957858866195
