1658.0,1.766794848262033E-5,0.0022860517139379794,0.2026611187301193,0.7950351616074601
444.0,5.152672121774951E-4,0.11347158596356878,0.8612120034775539,0.024801143346699913
556.0,9.991712119124585E-5,0.15749134561932102,0.8210090427638123,0.021399694495675473
905.0,8.031033845372212E-5,0.021020778065290267,0.8868590887390492,0.09203982285720695
243.0,3.6806551974795414E-4,0.010687647777718787,0.2810553760899983,0.7078889106125349
1328.0,4.6702726597669125E-5,0.013229911994094746,0.45259767514063726,0.5341257101386704
1173.0,0.0035389009841504775,0.7732589774918603,0.20885730357974505,0.014344817944244088
1059.0,0.009749253356977416,0.2783966993182265,0.574307887481139,0.13754615984365692
1414.0,0.0014821166627571893,0.1863157742495534,0.2716929840796533,0.5405091250080363
978.0,0.016860866400105718,0.8865392063777124,0.08885701438925528,0.007742912832926572
323.0,5.985315438780937E-4,0.13908150962555077,0.5334287415498709,0.32689121728070014
631.0,0.0028753639950194697,0.17107780177335108,0.7571266839130913,0.06892015031853806
66.0,0.9248604398825722,0.07316977575859392,0.0019610617111872966,8.722647646712507E-6
1541.0,0.9431174041634904,0.04802371148916697,0.007764038647605142,0.001094845699737473
161.0,8.812535700095092E-4,0.7349480530691511,0.2539125452162182,0.01025814814462121
705.0,0.23113888932062848,0.536539462798823,0.19509027925894565,0.03723136862160273
280.0,0.06402924572339345,0.5933954379986061,0.28637728127264844,0.05619803500535199
868.0,5.698073940511447E-7,1.630994445614699E-4,0.006485285224523344,0.993351045523521
1258.0,0.011562477999320846,0.043277011512701996,0.6564997544511061,0.2886607560368711
1359.0,0.0010436455858625938,0.34680390266695027,0.5882158093435451,0.06393664240364212
107.0,1.670030239446663E-4,0.03419586899636294,0.5160881638838452,0.44954896409584716
1529.0,0.1595923173822306,0.7904232977346816,0.04537238387159339,0.004612001011494471
1116.0,0.3996494247130089,0.5331347268344759,0.05329614077298272,0.013919707679532474
831.0,0.3132128559052702,0.6198324637341613,0.062342005749505464,0.004612674611062985
666.0,0.002124926024782813,0.40944368842076806,0.5245500670841305,0.0638813184703187
487.0,0.9240172431627569,0.07397509979897322,0.0019745478958827552,3.310914238714002E-5
40.0,9.601702323677588E-6,0.025336257065072604,0.884238128386443,0.09041601284616076
1131.0,0.04888524519769633,0.4519280560069034,0.48674510663015114,0.012441592165248932
337.0,4.9454549175101076E-5,0.03177334036746967,0.5742173902302968,0.3939598148530583
1014.0,6.024085715305266E-4,0.10697318615868305,0.8354027897191824,0.057021615550604116
1486.0,9.129153265058246E-5,0.0835480773946915,0.7514388856012406,0.1649217454714172
1668.0,5.227288151834339E-6,0.006001231758589369,0.7514531029173135,0.24254043803594535
595.0,0.011384202860030102,0.8362871649390216,0.13839478627470214,0.013933845926246165
430.0,0.001924864511665247,0.39273433822646486,0.5914782070198211,0.013862590242048755
520.0,0.9326133918619967,0.06620902145345227,0.001170698496137741,6.8881884132307764E-6
1586.0,0.33307888655288037,0.5588363957982437,0.08702652604377734,0.02105819160509847
1400.0,0.2390781532801969,0.611714536861309,0.14035548044255866,0.008851829415935457
250.0,0.04139382911684598,0.6952072095110235,0.2280781786405842,0.03532078273154639
941.0,0.012445966847149062,0.6200934537279049,0.30238879792489004,0.0650717815000558
1245.0,0.002001707391391071,0.07808394725800026,0.542128601358547,0.37778574399206166
1457.0,5.089164964122924E-4,0.017393384591495538,0.24917347764137388,0.7329242212707183
795.0,0.014459050915824582,0.13891122655093774,0.6394004245588164,0.2072292979744212
1044.0,0.0028773966206969656,0.7318598494389399,0.23364921724889445,0.03161353669146867
702.0,5.2465107003799084E-5,0.018233484512367865,0.9016755452426085,0.0800385051380198
501.0,0.009840383470213496,0.7994350982841167,0.17900165539375298,0.011722862851916689
1613.0,0.0020481975883961537,0.3892146217841757,0.5711110345353798,0.03762614609204846
741.0,0.44683272225293147,0.5131570079126271,0.03626211874320756,0.0037481510912339053
168.0,2.3859745195712256E-4,0.03896053134961191,0.37811408335958013,0.5826867878388509
1186.0,0.8658836366554634,0.12937231825586457,0.004706153435162966,3.7891653509109864E-5
266.0,0.16318216617271566,0.5914972963329821,0.2165523436045187,0.028768193889783487
832.0,6.07921214063713E-5,0.027339554154310962,0.5881179485054412,0.3844817052188415
1287.0,0.0016636282437671288,0.3004485479084718,0.36078526776620923,0.337102556081552
649.0,6.010396436047061E-5,0.09040889268447441,0.877563407473959,0.03196759587720623
179.0,1.558333143715901E-4,0.005818432164617396,0.15794673152338093,0.8360790029976302
1503.0,0.9262763049892868,0.06907056228225864,0.004616011831214487,3.712089724022069E-5
1146.0,9.305139582902189E-6,0.027481652763880718,0.47269454874063,0.49981449335590644
812.0,0.0018208848371763407,0.5458323597807482,0.40380567040840465,0.04854108497367091
316.0,4.158834186433558E-4,0.2979350420949397,0.6677516860146245,0.03389738847179231
887.0,3.9978547529459816E-5,0.0869352353767707,0.5524064773730359,0.3606183087026639
1228.0,6.02972074790965E-4,0.9004503937224226,0.0875212494810219,0.011425384721764483
1385.0,9.576518630886106E-4,0.02761681436139478,0.49292086299308835,0.47850467078242825
98.0,0.8778230779660062,0.11662433434863471,0.005304904908983966,2.476827763750398E-4
1571.0,0.06098451017130379,0.29914698532311784,0.39480362752783177,0.24506487697774654
722.0,0.004148877094194165,0.1343800264574591,0.5444187250656932,0.3170523713826535
451.0,0.9176461746351404,0.08060680212232364,0.0017162315180418472,3.079172449399922E-5
612.0,0.009840434911946106,0.18397565410055455,0.5100258434110394,0.29615806757645985
408.0,0.6709709931759651,0.14402089654341863,0.1256997193682998,0.05930839091231646
1029.0,0.003088108959109674,0.29994800562062174,0.6230118648577245,0.07395202056254402
1440.0,0.004044650578707646,0.8874936022346487,0.10149216822087774,0.006969578965765925
225.0,0.935166750652979,0.06335099408891826,0.0014705916828662187,1.1663575236489567E-5
961.0,1.397428620400185E-5,0.0012931353207202134,0.09289707051265418,0.9057958198804216
922.0,1.0106009544253056E-6,8.575940818611588E-5,0.010204739300086684,0.9897084906907727
359.0,0.0014416757284221034,0.2870567723086445,0.47998828908455,0.23151326287838336
1302.0,1.1475447204424568E-4,0.312283481997341,0.6110677212518483,0.07653404227876656
1203.0,2.244400915916617E-5,0.004651583535642656,0.16047912870073378,0.8348468437544643
75.0,0.016646493947623544,0.7102284995101602,0.2674406679050092,0.005684338637207029
1628.0,8.625986948985473E-6,0.009396602985510153,0.4671192500639553,0.5234755209635856
575.0,0.003379578613889528,0.7449705197956343,0.2293441472815685,0.022305754308907695
1156.0,1.8438384892188015E-6,4.544203838882016E-4,0.04302409471526978,0.9565196410623528
851.0,0.7268340263351927,0.23476917186898105,0.0341601044595878,0.004236697336238487
1313.0,6.273668992200947E-4,0.16728873956875873,0.3480128797657476,0.4840710137662736
1643.0,0.005427930230651488,0.20793605037162166,0.1163367134740449,0.6702993059236819
56.0,0.03616707724950648,0.4902402371539486,0.422920614862872,0.05067207073367298
758.0,0.01077834657086034,0.14124218211169468,0.46364683999004624,0.3843326313273988
465.0,0.05926560292803208,0.8424809255038908,0.08875413521784135,0.00949933635023568
186.0,0.0032867580052235185,0.7658134099029923,0.22168547655601534,0.009214355535768763
685.0,0.25516529473086896,0.12507766196648598,0.5544586947342905,0.06529834856835463
1431.0,0.28956810779039444,0.36940844362959496,0.2925309492746412,0.04849249930536943
302.0,3.0790448065332657E-7,1.2886561651966115E-4,0.014656796501167262,0.9852140299778324
776.0,0.9396643151679315,0.05845527807654525,0.0018567792060041198,2.362754951915342E-5
1074.0,0.9500558175574548,0.04904056288448706,8.983612759736858E-4,5.2582820843588505E-6
1374.0,6.080805119295663E-7,5.344418811265109E-4,0.06462466110211385,0.9348402889362476
373.0,0.5499032184703602,0.4153106659471304,0.030871065162883717,0.003915050419625596
958.0,2.1310086242588216E-5,0.01583240571460395,0.65602075745162,0.32812552674753337
1275.0,5.369682117993572E-4,0.13389924252767496,0.8024012756956529,0.06316251356487276
539.0,5.2403379751004344E-5,0.012190753248964317,0.9782175849406336,0.009539258430651091
1556.0,6.670776378946838E-5,0.013608623512202362,0.8799580252528988,0.10636664347110945
394.0,0.45318340627001297,0.5150982772800518,0.03153854177092111,1.797746790140744E-4
576.0,0.0014305035486501842,0.8271051011916971,0.1476449120255026,0.023819483234150136
1101.0,1.827405087712211E-5,0.02794923882103865,0.8127151286689536,0.15931735845913067
997.0,0.06925224855970626,0.15522112192472518,0.5020032017957395,0.27352342771982896
232.0,0.001168600177290428,0.053671154324523525,0.557026264749405,0.38813398074878125
1512.0,0.4724916788900384,0.29366723463459277,0.13119938482782553,0.10264170164754322
1537.0,0.006991565792101954,0.414749250399069,0.2676944156306709,0.3105647681781582
707.0,0.0016337049281557347,0.3036319022359791,0.5513499215805056,0.14338447125535955
281.0,0.005263672490801934,0.026112392554479374,0.4610623958743794,0.5075615390803392
870.0,4.6154707601626173E-4,0.029160589803025532,0.6755732082569106,0.29480465486404767
23.0,0.5990817963638705,0.3227897265347516,0.07716243109516525,9.660460062125785E-4
1262.0,9.915143864199563E-4,0.26732857189346687,0.6256270721067209,0.10605284161339229
1355.0,0.8311639567332667,0.138011374417146,0.02974674828357075,0.001077920566016531
33.0,1.7197808875702784E-4,0.017936275297854867,0.5722143837974217,0.4096773628159664
1533.0,1.009086323807331E-6,3.0005542478350294E-4,0.06219826585027974,0.937500669638613
1112.0,0.3817574502399459,0.585661430828524,0.029369841892005828,0.003211277039524238
222.0,6.919465887660231E-4,0.5859731039538851,0.34283588851702007,0.07049906094032883
829.0,0.0017129800885450626,0.7045947732682061,0.26095458396893156,0.03273766267431718
664.0,0.7547231068320079,0.237066477851498,0.00763966437298563,5.707509435084062E-4
486.0,0.07739265351144209,0.4826812268456514,0.4151301097481072,0.024796009894799215
1662.0,2.2984500984186051E-4,0.08295204405304317,0.8809542907670013,0.035863820170113817
445.0,0.04060597322919396,0.47662638845800526,0.34083203405308626,0.14193560425971455
558.0,1.306258322469497E-4,0.06254745371233224,0.8671828908525585,0.07013902960286231
907.0,0.12289016903433604,0.29340555957153197,0.2638226141630699,0.3198816572310621
1332.0,0.004960445716259949,0.28218253564214196,0.614672606596574,0.09818441204502423
1169.0,0.4730171721270593,0.35314988789211427,0.16555294561045872,0.008279994370367734
1063.0,0.0035697188693713045,0.8903115381904594,0.09333658996029956,0.012782152979869635
1410.0,2.8889306688101195E-5,0.009942490513106712,0.11371098830224682,0.8763176318779584
976.0,0.22321532787146592,0.6553019000954672,0.09334863774428685,0.028134134288780022
322.0,4.815197771519036E-5,9.25481827323916E-4,0.03136243755497052,0.9676639286399903
629.0,5.92438344326574E-4,0.17570432766961708,0.7676969527528901,0.05600628123316637
140.0,4.7362792648376797E-4,0.09338948849510954,0.8083916540580985,0.09774522952030806
1461.0,0.28070515154711856,0.5912305595634384,0.09519708895728435,0.0328671999321586
793.0,7.782973523463353E-5,0.013155249001442947,0.4322536194445383,0.5545133018187841
215.0,7.787239260177002E-6,0.0027314615838664757,0.1323883979004478,0.8648723532764256
1040.0,0.0023249798122341914,0.388484485340563,0.5729478060197051,0.03624272882749786
500.0,3.4671216196922365E-5,0.03457452579517027,0.9154667369686159,0.04992406602001694
700.0,2.9508717923629046E-6,0.0025074708190265488,0.09513909515801698,0.9023504831511641
1609.0,0.001151682967308432,0.6519281174893826,0.2936634180190989,0.05325678152421006
80.0,6.837716690086158E-4,0.3497214917567586,0.5430112270820981,0.10658350949213466
743.0,0.9205055987577123,0.045793080268732946,0.03131983428321746,0.002381486690337102
1190.0,5.068526202747241E-7,7.796552257483987E-4,0.02803349943566565,0.9711863384859657
267.0,0.0056365668996152226,0.5435824925227726,0.43717876665020716,0.013602173927404938
834.0,4.537282652463051E-4,0.7962282119696988,0.18008760731704418,0.023230452448010783
1283.0,0.002055687716818674,0.08256387421386631,0.21027328234103046,0.7051071557282845
1135.0,0.6434747516638522,0.3218740462738306,0.032341666693723195,0.0023095353685941063
1012.0,0.01207458502288372,0.9076381671902705,0.07179129753371441,0.008495950253131455
336.0,0.5854795840916429,0.3808511807774134,0.03090587300323965,0.002763362127704127
1482.0,0.5530262566115451,0.4109634144786242,0.03346495699158173,0.002545371918248922
133.0,5.872008009332717E-5,0.0726259747450261,0.596381531586771,0.3309337735881095
1664.0,5.029429301109834E-6,0.0037167871457483796,0.5225326211318951,0.4737455622930554
593.0,2.9573057506039823E-5,0.014964493088938638,0.4444531163769766,0.5405528174765787
522.0,0.16659647373419656,0.7299360799255674,0.09271221194853915,0.010755234391696981
431.0,0.8746101520454843,0.12254885006607659,0.002836539085036794,4.458803402303977E-6
1590.0,3.3868598894067793E-6,0.0014442612172505403,0.0784654566056774,0.9200868953171826
1404.0,0.0025707433118349102,0.37324069101152085,0.5963302284148404,0.027858337261803975
943.0,8.392925802608395E-5,0.2921890760932461,0.6965042791663273,0.011222715482400525
121.0,0.8038430084556817,0.18326905704701313,0.011932454470332575,9.554800269726288E-4
1241.0,6.476736001245148E-6,0.026899084674512266,0.5892619929019876,0.38383244568749897
409.0,0.0017400362193357227,0.25241303516710895,0.4504003605167208,0.2954465680968344
614.0,0.0016564451111845064,0.5451852168581648,0.39491910322437496,0.05823923480627572
31.0,0.0048461817497115305,0.051485370978298674,0.3887184738226256,0.5549499734493643
49.0,0.9336010487791097,0.06515212662168753,0.0012285856841367012,1.8238915066074703E-5
1025.0,8.986814540321919E-6,0.004701971709066201,0.42416810529587656,0.571120936180517
1444.0,0.0010307566587926225,0.049068792600368207,0.38140972661009426,0.5684907241307449
963.0,2.112219259966245E-5,0.005314126459985214,0.3782649334629218,0.6163998178844933
920.0,2.5428733401932046E-4,0.07670406371806612,0.7900370433646614,0.13300460558325322
358.0,0.8975109522768041,0.09172641351649499,0.010667058118856753,9.557608784410362E-5
1298.0,3.093409220765229E-4,0.0032039403936575607,0.02851995387709291,0.967966764807173
1207.0,0.18465714730588184,0.7237945745977319,0.08165093794911679,0.009897340147269517
1624.0,0.9316915055853533,0.06313047049472449,0.005005528018020768,1.7249590190143764E-4
158.0,7.846788791037595E-4,0.3697993616991962,0.5437460370976871,0.08566992232401305
573.0,5.307678542942595E-5,0.04612767894434314,0.8071854542384129,0.1466337900318145
651.0,6.359852343164304E-5,0.03530551837702232,0.20803900018065005,0.756591882918896
1499.0,0.5092792402151373,0.4264154990497067,0.06062423512414387,0.003681025611012117
1150.0,3.4155574026528636E-4,0.02831446025690336,0.8264451226145803,0.14489886138825098
814.0,0.16379756650973593,0.5972001092961845,0.17467231666408498,0.06433000752999454
317.0,0.7651128895204177,0.22802733233783867,0.006769447117758435,9.033102398534122E-5
885.0,0.0011346555517698482,0.1016768779417709,0.6030430938640123,0.2941453726424469
204.0,0.03030963944437719,0.29699297403092684,0.5214293854781217,0.15126800104657445
1224.0,0.5685145620685703,0.36043284846497037,0.06928316102771616,0.0017694284387431728
1389.0,3.197226762060237E-4,0.8969662723307553,0.09652624007381329,0.006187764919225396
1575.0,0.5130299132889872,0.45073927874979225,0.0359032911506501,3.2751681057051845E-4
450.0,0.021036989003965948,0.7003040336082519,0.25703082350550227,0.02162815388227996
720.0,0.7157903062518799,0.24714901064070227,0.03324816558486652,0.003812517522551276
1370.0,1.232126556266307E-6,3.355025598103384E-4,0.040861743704207774,0.9588015216094256
956.0,9.082243810405633E-6,0.02440502385260349,0.713057546652781,0.26252834725080504
372.0,0.5892196069453854,0.3746592989630652,0.03472006278736462,0.0014010313041845992
1279.0,0.9260649070507969,0.07277974811664331,0.001138827491636651,1.6517340923170894E-5
537.0,4.49356642249838E-6,0.005281422023696557,0.3353331267264464,0.6593809576834346
1552.0,0.927233094538775,0.07158770590562681,0.0011726332819378563,6.5662736602996674E-6
151.0,0.25392457432690557,0.5579556067759834,0.15919532257724367,0.028924496319867377
578.0,7.627277690798818E-8,2.9286309917952423E-5,0.010182899895772627,0.9897877375215325
395.0,3.8379495022751116E-5,0.0060608391285604975,0.4426597332891411,0.5512410480872757
1097.0,6.918087804417986E-4,0.8206257345279316,0.16804371222561715,0.01063874446600946
112.0,0.6787773653165063,0.30473339929957344,0.015866148203233017,6.230871806871321E-4
999.0,4.670707207065562E-5,0.08748773810410504,0.8840895969530878,0.02837595787073655
1516.0,0.8261821803966073,0.16577943920285135,0.00791501475397273,1.2336564656859495E-4
1152.0,0.2574913733655017,0.48726471977094027,0.2141759831316106,0.041067923731947474
197.0,0.0028498753840679432,0.1642695910449734,0.7259440929809012,0.10693644059005729
849.0,0.014867899509159106,0.9162556268366497,0.061363809770741636,0.007512663883449585
1317.0,0.00315576064156094,0.7698212681998726,0.20514762980264412,0.021875341355922246
1647.0,7.3214180340487E-5,0.006543484759076813,0.034451176491802266,0.9589321245687803
756.0,6.560787497131262E-5,0.007059246727251216,0.206564361576269,0.7863107838215085
464.0,1.6130430383604965E-5,0.001983049205717332,0.08289141109189183,0.9151094092720071
687.0,0.0016419349799465296,0.591373484855985,0.35957317979971487,0.04741140036435354
89.0,0.9044851459547203,0.09338202369904429,0.0021018071598369577,3.1023186398596974E-5
1427.0,0.0033697289403770534,0.8473660383707373,0.13783187547862205,0.01143235721026352
778.0,0.0020036103083180606,0.6950980357483316,0.2878269049039887,0.01507144903936152
303.0,4.921211256379911E-4,0.06811623417298801,0.6175998189229417,0.31379182577843234
1078.0,0.9440037995483963,0.04168768296108401,0.014111043968158706,1.9747352236109227E-4
1123.0,0.0032768261259878786,0.015619461068382908,0.7438853799353509,0.23721833287027816
1478.0,0.8605903194551111,0.058654951205637726,0.07524188173461376,0.005512847604637348
339.0,0.1293345233356591,0.5816864158889133,0.27739184925886184,0.011587211516565825
1010.0,0.001976319026849241,0.2620676205381919,0.29240798360600634,0.44354807682895264
11.0,0.8165860143811493,0.17658760280890073,0.006250801234212896,5.755815757369202E-4
599.0,0.0025740823470068526,0.6097986857427804,0.30147503675155285,0.08615219515865992
70.0,2.1351012648740386E-4,0.8448468795925882,0.14613844803638956,0.00880116224453482
1594.0,6.529492716204105E-4,0.07148850621094188,0.8893621256984682,0.03849641881896963
524.0,0.6361901164889748,0.3331850636137095,0.030015425958609124,6.093939387067184E-4
428.0,2.155772086311995E-6,0.002489924002552227,0.23757246101932533,0.7599354592060362
937.0,0.535167974082422,0.3773088063096415,0.08080461828749168,0.006718601320444787
251.0,0.764687633952,0.21481285436202216,0.018454040562538507,0.0020454711234392485
1392.0,0.010521883526026324,0.3887674394147804,0.5019319507863035,0.09877872627288983
1237.0,0.5207593105756363,0.43607321594893944,0.039662523875203914,0.00350494960022031
111.0,0.9039151569853788,0.09396855311282161,0.002094484471543545,2.1805430256020765E-5
1465.0,0.0013449427565409892,0.10174658878818087,0.5341174184619452,0.36279104999333295
1052.0,0.0730221019957809,0.8318902954132403,0.08184530301669286,0.013242299574286005
799.0,0.006088062998636847,0.3072057083114581,0.36688325018282697,0.3198229785070782
503.0,0.035245204234147266,0.728363498846404,0.2248802639086761,0.011511033010772675
698.0,0.8932527842685765,0.1044139720398453,0.0023195802640692685,1.3663427508992406E-5
1605.0,0.9231434412889753,0.07533040536871836,0.0015088547665222855,1.729857578411885E-5
169.0,0.8618050540621727,0.13202827613613524,0.006066040069814178,1.0062973187801014E-4
737.0,0.1698678584466277,0.6734558915001516,0.09412612934772042,0.06255012070550034
836.0,2.756772088084446E-4,0.05290677138318055,0.6656468695827493,0.2811706818252617
264.0,0.7575404265012629,0.21837710869825933,0.023230233345823015,8.522314546547273E-4
1295.0,0.0052007344213707216,0.06425286496912949,0.27933597076001243,0.6512104298494873
552.0,0.009735633159565887,0.38105440902620025,0.456540251457042,0.1526697063571919
446.0,0.18985960918451275,0.23086247878789967,0.21733241620612048,0.361945495821467
1650.0,0.7835191853271266,0.20132157545974957,0.015045912809165833,1.1332640395781887E-4
1336.0,0.001099685464899264,0.41457598767952036,0.5374568075907358,0.04686751926484462
242.0,0.0037011069739477064,0.42956273642119286,0.5337012758106129,0.03303488079424654
909.0,2.2512266051169885E-4,0.18353386318064513,0.7445792727623516,0.07166174139649159
1181.0,1.6214140719923725E-7,2.4412831998921842E-4,0.02971085104631427,0.9700448584922893
42.0,5.293865836171475E-5,0.014698048363612336,0.4215114428289723,0.5637375701490536
1067.0,2.711987378300412E-7,3.654139797267635E-4,0.0712973287556842,0.9283369860658512
982.0,2.2154688857184473E-6,5.045778580732404E-4,0.03608181596344396,0.9634113907095971
321.0,0.13235074374802439,0.4445059626536356,0.17402144593486987,0.24912184766347006
1422.0,0.07172646974536044,0.6051622770236973,0.2821102339657147,0.04100101926522749
627.0,2.0978518027571636E-5,0.004395589904522772,0.8202563904750161,0.17532704110243344
1549.0,0.0018144988679298336,0.03124276612689903,0.23707323613269643,0.7298694988724748
709.0,5.811423448258782E-4,0.19950111098446657,0.7333513053539868,0.06656644131672065
160.0,0.001925551674181118,0.3644293670983745,0.5937364656581627,0.039908615569281596
1250.0,8.691100106497534E-4,0.7592131764633051,0.22339992466287648,0.016517788863168677
864.0,0.001139862751521776,0.010820929340732576,0.8287476764334902,0.15929153147425532
282.0,0.4184928770604621,0.24782820986904897,0.32921275813158096,0.004466154938907913
1351.0,0.0022312624786747985,0.36442802669799057,0.32123419002458375,0.312106520798751
1521.0,5.75222310587184E-4,0.1665024505507625,0.6549526688999265,0.17796965823872396
827.0,1.6410875785298986E-4,0.036080428633114635,0.27996007018666974,0.6837953924223625
1108.0,0.8232298943427518,0.1578654528153138,0.018306682967651703,5.979698742827414E-4
485.0,0.8616754227249805,0.12682171980882176,0.01099364609697762,5.092113692200699E-4
670.0,0.9129000753389258,0.08485115238947252,0.0022226340046161376,2.613826698553062E-5
855.0,0.0011114010150162755,0.856384136494865,0.13350243493339212,0.00900202755672666
15.0,0.9129000753389258,0.08485115238947252,0.0022226340046161376,2.613826698553062E-5
1164.0,7.330084615355926E-4,0.0734248913964191,0.3110842327159486,0.6147578674260966
1321.0,0.0030414832363409227,0.8306354562961841,0.1485187778904129,0.01780428257706221
102.0,2.4045188718526055E-6,0.0018681705368695897,0.08498523920398891,0.9131441857402697
1635.0,1.638751787974313E-4,0.26093335779332044,0.6964921392306069,0.04241062779727536
467.0,3.6665501585825787E-4,0.1792127188386571,0.7780398235265557,0.042380802618928924
754.0,3.400907157666094E-4,0.23741031690591452,0.7308182424335558,0.03143134994476304
681.0,7.739011781681575E-5,0.14187195840410732,0.7558988010469557,0.10215185043111995
187.0,0.11541610774649849,0.7284502884012373,0.14266603282595988,0.013467571026304507
1439.0,0.0038024955967677493,0.2540430578193277,0.4260905677385028,0.31606387884540177
1082.0,3.7819985426414343E-4,0.2659042809619104,0.36981669193008887,0.36390082725373646
300.0,0.5985984116013277,0.34732742970373326,0.04889840470856198,0.005175753986377179
780.0,0.9298981154547195,0.0684109378285294,0.0016714982599766465,1.9448456774387642E-5
954.0,6.600699897296158E-4,0.1419951523020381,0.7147498299388481,0.14259494776938433
375.0,0.6157319206967211,0.37081190804402714,0.013341243746931977,1.1492751231976522E-4
1366.0,0.8845614361905567,0.11138205254528823,0.004021338627197841,3.5172636957076094E-5
1267.0,0.7554495979340127,0.23297624555653004,0.011151627448125496,4.22529061331836E-4
79.0,2.992302716508012E-4,0.284132786763537,0.6883279341086438,0.02724004885616834
1564.0,3.786267500133119E-5,0.00560613951924013,0.8468009164281302,0.14755508137762832
543.0,0.7157826052281763,0.27237198273391483,0.01142591862459973,4.1949341330924013E-4
580.0,0.8512228630183769,0.10643596398829873,0.041934421859118005,4.0675113420626986E-4
392.0,0.2900370870765639,0.4282179327099098,0.22712333270488688,0.05462164750863952
1093.0,0.8240968552728469,0.12538508356304062,0.04735485050824711,0.003163210655865338
1504.0,0.10589802834649967,0.533144213791486,0.22115669093295937,0.1398010669290549
233.0,0.9129000753389258,0.08485115238947252,0.0022226340046161376,2.613826698553062E-5
993.0,0.011009993727798248,0.6849678171662756,0.2941932609596609,0.009828928146265074
178.0,0.009310611480136751,0.7896896202154252,0.17908181741452936,0.021917950889908548
653.0,1.1488221352302588E-4,0.8349708403265272,0.08488915555513404,0.08002512190481564
1495.0,0.935166750652979,0.06335099408891826,0.0014705916828662187,1.1663575236489567E-5
808.0,0.5391305136888411,0.4253796993923273,0.033210450016076434,0.0022793369027550494
318.0,0.3125845126883057,0.6595140929579263,0.027229132409583242,6.722619441845897E-4
1138.0,0.6006262400030155,0.3647066699943316,0.03207808712764784,0.0025890028750051655
1220.0,0.7732690488382961,0.20470322966608934,0.021302252684562543,7.254688110521917E-4
883.0,9.480738502097442E-4,0.11751496541130553,0.625907344798781,0.2556296159397038
1377.0,0.0021844014244704942,0.06727162852232528,0.5616779157557764,0.36886605429742775
1579.0,0.32442351055056734,0.4944508360776571,0.07841331129630214,0.10271234207547343
58.0,1.0469608978265919E-4,0.009044631774490443,0.35693180814046904,0.6339188639952578
449.0,0.00833613348376715,0.6352222377171347,0.24903368850590135,0.10740794029319684
726.0,1.4000088548730855E-4,0.0463045306280632,0.9010760860686837,0.052479382417765806
410.0,0.9190604872588215,0.07314751586033638,0.007202683634592823,5.893132462491067E-4
608.0,0.0527230130325074,0.5083831044370054,0.4198819232771674,0.01901195925331977
1037.0,1.4648843787289174E-6,4.7169229401921046E-4,0.047531315987018354,0.9519955268345838
965.0,1.2921569727750197E-5,0.0024911698622240115,0.03326928175581653,0.9642266268122318
224.0,2.3559779766065719E-4,0.2563946762493101,0.5337278453999503,0.20964188055307886
1448.0,0.6112207128224391,0.3394298540919959,0.04842927150065001,9.201615849149233E-4
1310.0,0.9007881755971361,0.09520764894044971,0.003932256040148216,7.19194222660915E-5
926.0,9.971729590054852E-4,0.1150376092956334,0.05910740558726449,0.8248578121580967
357.0,1.9216843321720337E-4,0.7849980252796982,0.20260480621786284,0.012205000069221811
1211.0,1.2489941202283864E-5,0.006227630971759045,0.19811569913416646,0.7956441799528722
571.0,0.002004725977753022,0.29615585222411767,0.5521792960496447,0.14966012574848456
1620.0,8.499549520461571E-5,0.014047099091149389,0.5971717840837424,0.3886961213299037
1469.0,0.0018772284716018575,0.2484784628529896,0.5766160766088843,0.1730282320665242
1048.0,1.224202032659878E-4,0.04008845585028365,0.46083152196213234,0.4989576019843179
214.0,9.837711219445693E-4,0.0201708853505759,0.5888237952291113,0.39002154829836816
797.0,4.933151339710502E-4,0.15439691202695957,0.5557741095604781,0.28933566327859117
696.0,0.773091047216789,0.20216237387614175,0.023482856437517245,0.0012637224695518968
502.0,5.730428128748253E-5,0.06855232681771663,0.9217153194138519,0.009675049487144077
1601.0,3.7486461206602697E-4,0.12698900353989975,0.6914707878118046,0.18116534403622972
739.0,0.45136117631475425,0.5286787769792586,0.018632100930166484,0.0013279457758206654
838.0,2.2852538282138574E-4,0.06332838543644634,0.5661391335936166,0.37030395558711565
265.0,1.690815760053507E-8,1.9670717874846058E-5,0.007366432841278226,0.9926138795326892
1198.0,0.8706040958612523,0.12237555593631838,0.0069627784048278355,5.7569797601580584E-5
22.0,2.7111007472055263E-4,0.034527981325214764,0.38384709377294207,0.5813538148271226
35.0,0.001006315861460954,0.5907013216045974,0.3748975327880544,0.0333948297458871
1291.0,0.9088650373719164,0.08682868239881991,0.0042920450066299696,1.4235222633746521E-5
1127.0,6.803715820974443E-4,0.053286605564773395,0.8708729347905149,0.07516008806261422
1474.0,4.2511439435757277E-7,1.0207303486842204E-4,0.017545943748186313,0.9823515581025508
1008.0,0.005280216965631286,0.6023410215746151,0.36797623675215396,0.024402524707599606
338.0,0.8597164759239789,0.13714622429075563,0.0031259214616616276,1.1378323603834223E-5
597.0,3.2991073264996526E-4,0.054729387818153126,0.8854545966557873,0.05948610479340967
1672.0,8.310691237234717E-4,0.10042094740646966,0.12838651051086278,0.7703614729589441
132.0,0.005462226534038484,0.6903434190094968,0.2635506705181387,0.0406436839383259
1598.0,0.9336010487791097,0.06515212662168753,0.0012285856841367012,1.8238915066074703E-5
429.0,0.935166750652979,0.06335099408891826,0.0014705916828662187,1.1663575236489567E-5
526.0,4.770192177147434E-4,0.3007007402846631,0.6407277547088948,0.05809448578872749
939.0,2.54584869271662E-4,0.12074486299700135,0.7901508088285013,0.08884974330522583
1396.0,0.0014776951816459934,0.2666558893497777,0.5889834799618477,0.14288293550672862
1233.0,0.8165860143811493,0.17658760280890073,0.006250801234212896,5.755815757369202E-4
1545.0,3.878397606223225E-4,0.053983327215565965,0.5855090431650491,0.36011978985876264
84.0,0.8875179441605088,0.10911357172650722,0.003337337307827725,3.1146805156231166E-5
711.0,0.9295707490404898,0.06903175408466056,0.001387311112039563,1.0185762810033346E-5
1254.0,0.0010574000965421315,0.13064820598736895,0.8291982377010845,0.03909615621500442
866.0,1.6500976951987232E-5,7.764222461316484E-4,0.050267461487690956,0.9489396152892255
283.0,0.6928253644551374,0.28832150632257925,0.018544201049611287,3.089281726720312E-4
1347.0,0.9176461746351404,0.08060680212232364,0.0017162315180418472,3.079172449399922E-5
1525.0,6.50680269629369E-4,0.09438223652961082,0.07011076817884064,0.8348563150219191
825.0,8.154955133604929E-4,0.11089722977174908,0.8062536147758533,0.08203365993903715
223.0,0.023163392989130664,0.8151394504971189,0.139665446750485,0.022031709763265496
1104.0,0.010090892964714363,0.8838457132566828,0.09770303892933574,0.008360354849267174
484.0,0.8516748983521369,0.11977087249021907,0.023066824547715543,0.005487404609928588
668.0,0.573533342983581,0.3994585404130709,0.026108702618274984,8.994139850733512E-4
554.0,0.49539485829910784,0.4777357168764025,0.025834379028684316,0.0010350457958053928
447.0,4.317638375155365E-4,0.5759308598734032,0.33571968075793573,0.08791769553114552
1654.0,2.871087288328333E-5,0.0171252884505038,0.8693092755708357,0.11353672510577721
1340.0,0.5603867587873079,0.4072506435923717,0.026259401488311285,0.006103196132009081
911.0,0.3806623901825797,0.5774997288633572,0.040694033662474705,0.0011438472915883255
125.0,0.8833487144754711,0.11404793282860196,0.0025749645387549156,2.8388157171824814E-5
1177.0,4.05172751373001E-4,0.18900911292141911,0.7460175473518605,0.06456816697534731
1071.0,4.522624219274537E-4,0.008697679952560667,0.12297536548933036,0.8678746921361815
980.0,0.001533048562328807,0.5756893753665445,0.36337528855801987,0.05940228751310682
320.0,0.46207527441730867,0.43510669959591597,0.0668719158407141,0.035946110146061236
1418.0,1.4295278333018655E-6,1.862443879596987E-4,0.01541504691659931,0.9843972791676078
141.0,1.1961268378766406E-5,0.0287062995867953,0.9531767477895758,0.01810499135524999
625.0,5.678961822174177E-4,0.09153285322293826,0.4636809855869433,0.44421826500790096
374.0,0.20635108671576516,0.6097053402878674,0.16617969211174588,0.017763880884621518
952.0,0.9725858367374512,0.02445802849959629,0.0028489010966445973,1.0723366630800413E-4
1362.0,0.8661218234979562,0.10310371469378675,0.029472942056926743,0.0013015197513302243
1271.0,0.010487091092794158,0.18514474779202764,0.6312870280536941,0.17308113306148415
150.0,3.4579355913843895E-4,0.7264799922948969,0.2528406764760415,0.020333537669923026
1560.0,7.915158050989691E-5,0.025750002355140758,0.21869143014989476,0.7554794159144546
541.0,0.003378576763594413,0.06712865860112274,0.6736407319260442,0.2558520327092386
393.0,2.2075148868041576E-5,5.282313628729615E-4,0.0581397450704913,0.9413099484177676
582.0,0.8533291919007492,0.14276584018892818,0.0038859474568523652,1.9020453470248464E-5
30.0,0.03725798104103514,0.6783440535608979,0.257688942943727,0.026709022454339912
51.0,0.06387263622176498,0.7531973421352443,0.14597562053295132,0.03695440111003948
1089.0,4.985365996098484E-5,0.007527202597308923,0.2877771822692956,0.7046457614734344
1508.0,0.024784350082999923,0.5139410321499425,0.402820192006643,0.05845442576041456
995.0,2.268516590191439E-6,0.006660957093792381,0.1413873060066868,0.8519494683829306
853.0,0.9320607588146435,0.06705890017114388,8.718489143048502E-4,8.492099907937635E-6
1160.0,1.0390193231921968E-5,0.012954115906761281,0.0778211494237358,0.909214344476271
196.0,5.9308230365818195E-6,0.0033982737526974324,0.13964197329346675,0.8569538221307993
1325.0,8.647436754330695E-6,0.007387902943717115,0.5710698805534066,0.4215335690661219
1639.0,0.7987226439578892,0.15589527951778073,0.04026388038775656,0.005118196136573732
752.0,0.9326157868019725,0.06606873006868892,0.0013033914652020567,1.2091664136568673E-5
466.0,2.147050252207054E-6,0.0017720448963609353,0.17075553722174625,0.8274702708316405
683.0,0.0015126281835595844,0.4899567859262934,0.47942945115711993,0.02910113473302721
1435.0,0.01648160219858387,0.5801562972077471,0.34577181352807296,0.05759028706559612
1086.0,0.0010018492060009767,0.5801646124907174,0.4013264237806013,0.017507114522680545
301.0,1.436143234506815E-4,0.010555348056055368,0.3608979958621734,0.6284030417583204
782.0,0.7223743052136758,0.26876976230070027,0.008706143668481775,1.4978881714201967E-4
411.0,0.9085619552025346,0.08761034324798671,0.003659343983095918,1.6835756638274247E-4
610.0,0.6163038315229887,0.2711997446957459,0.10276989963620091,0.009726524145064395
1033.0,0.9485310551697587,0.04637733610938724,0.0050315872174548975,6.002150339927069E-5
116.0,0.8201947471465896,0.1627652050724656,0.016352202391279106,6.87845389665681E-4
967.0,9.423203155744293E-6,0.006922650148398595,0.5865209689702204,0.4065469576782252
1306.0,4.5594413669058334E-4,0.44161543390893887,0.5018718411974593,0.056056780756911256
924.0,7.435324061745588E-5,0.019818869411157434,0.35894369615116706,0.6211630811970581
356.0,0.0010238576990655767,0.3300907787274063,0.6413666741439111,0.02751868942961711
1215.0,0.09877127267952956,0.733555856273097,0.11230814001958339,0.055364731027789965
569.0,0.23199098049626032,0.3042048426992467,0.28833391428666477,0.17547026251782824
1616.0,0.716901312430556,0.2461034079436705,0.03492289306006013,0.0020723865657133553
159.0,0.9004990398813412,0.09435997147403866,0.0051085261559476874,3.246248867235656E-5
655.0,0.002138999041936444,0.1783300430108688,0.4173216679496481,0.40220928999754674
93.0,1.7949802791995417E-5,0.00420426708374429,0.43340191772905107,0.5623758653844128
1491.0,0.7778776827707867,0.1914441557794856,0.02998682145523388,6.913399944936695E-4
810.0,1.2882955115000257E-6,3.720386222048145E-4,0.04455032176917702,0.9550763513131066
319.0,3.460732915099576E-5,0.06737236321912249,0.6541704152310294,0.2784226142206972
1142.0,0.0014211973955397653,0.3840524260260422,0.5906729457698782,0.023853430808539862
205.0,0.0021878991278353127,0.09769616242501504,0.44998818634816246,0.45012775209898714
1216.0,0.3716585857375715,0.55034185265836,0.07483182827865166,0.003167733325416749
881.0,0.8723740658944281,0.12481408489538987,0.0027677243315047807,4.412487867731473E-5
1381.0,0.20676772634652263,0.62665589757104,0.1430036579680271,0.023572718114410134
1583.0,0.7511338675535648,0.22660741715667004,0.019042411679837525,0.0032163036099275228
724.0,0.8383795989090708,0.15322133032469748,0.007978319010648285,4.2075175558342945E-4
448.0,0.20270962847991225,0.5383211133952316,0.19847516762765005,0.06049409049720623
1669.0,0.3676264769990485,0.6025444331555216,0.029465983975517723,3.63105869912064E-4
641.0,0.23108685712162313,0.5037083364690432,0.21916884465292052,0.046035961756412884
177.0,7.338273042793923E-5,0.037915041946903955,0.20382908456332435,0.7581824907593437
1130.0,0.0018020864492663982,0.3497649844208459,0.6139134435001035,0.03451948562978423
312.0,0.0014252815258521956,0.3344034345425768,0.6072065407770966,0.05696474315447445
804.0,3.5607865997406944E-6,0.0025273975408330925,0.08817453756461009,0.9092945041079572
1487.0,0.01103057371377087,0.7335611498798906,0.2465613921074457,0.008846884298892731
1401.0,1.6342858206303315E-5,0.0012333369921248174,0.015321089176908394,0.9834292309727606
99.0,0.08461435926862304,0.5981632630178964,0.26748024721873565,0.04974213049474509
895.0,9.826694584638079E-5,0.05620050637479295,0.2568526365840346,0.6868485900953262
1244.0,0.053323289523488505,0.1515935052982347,0.54408922288589,0.2509939822923869
730.0,5.050242949283886E-4,0.049774119322257386,0.6761806482480399,0.2735402081347743
455.0,0.0011916925007531157,0.31087710512788497,0.6222148974584819,0.06571630491288005
1587.0,9.223891388299763E-4,0.42310228325132976,0.5380193456289152,0.03795598198092503
620.0,0.06699870201483434,0.42978099606938214,0.43221509467612285,0.07100520723966071
412.0,6.527682089184387E-5,0.04531460316720525,0.7572022021621552,0.1974179178497477
227.0,0.06259452381390124,0.8730385512101291,0.051674066087298055,0.0126928588886716
1456.0,1.040256410109054E-4,0.011185942672695088,0.4044046971727938,0.5843053345135002
969.0,0.7563384995476586,0.23217618390554545,0.011394213096686218,9.110345010989834E-5
1045.0,0.0012601778160372442,0.3724377693256383,0.5581703717867262,0.06813168107159831
1187.0,0.8600060814151178,0.13392997969771725,0.005853278329978634,2.106605571863639E-4
355.0,0.004488552376714905,0.6177849112861316,0.23917899540145662,0.1385475409356971
914.0,0.005666405752345172,0.4823677250435565,0.4557389449636627,0.056226924240435724
1286.0,0.8341819588905482,0.16064861346054116,0.004961907348969185,2.075202999412718E-4
1612.0,0.39951619833240437,0.5394465167167053,0.05793908651268645,0.003098198438203897
567.0,5.999702259169225E-7,0.0019269234229321388,0.09323069604816368,0.9048417805586784
74.0,0.16662037142809383,0.5655333376458241,0.2538754181986286,0.013970872727453497
1329.0,0.8347892179431681,0.15778157879302973,0.007312407857505809,1.1679540629638552E-4
1172.0,3.291910628441866E-4,0.05396824932786025,0.694839681614947,0.25086287799434853
859.0,1.2343488955177264E-4,0.048157877209950406,0.09111680920510627,0.8606018786953916
469.0,3.7928848711517216E-5,0.02181723113635074,0.7183304608159361,0.25981437919900185
766.0,0.00919695531424629,0.7976852837851781,0.15799374229980542,0.03512401860077024
1659.0,0.0011167227231876954,0.1663839817621216,0.7197955780767047,0.11270371743798603
184.0,0.5827608214656858,0.26505558535805107,0.1459979313447916,0.006185661831471524
677.0,5.310598535913089E-6,6.89196048056904E-4,0.03388086740683437,0.9654246259465729
768.0,9.761107436456794E-6,0.07887340149464057,0.8146807245452289,0.10643611285269398
298.0,4.774550265983374E-4,0.36595510198347675,0.49727161370917,0.13629582928075495
1058.0,0.7599496605000868,0.22878528868124262,0.011141564923562502,1.2348589510815071E-4
1415.0,0.0011248438073452759,0.05772700262023743,0.6119152574054247,0.3292328961669926
44.0,1.9519254233388056E-4,0.037745702360224904,0.8549592677246035,0.10709983737283767
1259.0,0.8730971485917655,0.1237470426153979,0.0031125945362800375,4.3214256556511966E-5
