1658.0,1.1081449824270893E-221,2.2646527475993138E-73,0.999999976317583,2.3682417125222453E-8
444.0,0.007971296831999802,0.6917794631921079,0.2460722206098086,0.054177019366083635
556.0,0.011241990173677512,0.7845127521924704,0.1856338301717629,0.01861142746208912
905.0,0.001639294159451489,0.05230425754896906,0.315898904714124,0.6301575435774553
243.0,0.773295036672283,0.17759307590615936,0.030685506967663805,0.018426380453893797
1328.0,0.0024715924046700122,0.009871008875121377,0.29187916861209007,0.6957782301081186
1173.0,0.011241990173677512,0.7845127521924704,0.1856338301717629,0.01861142746208912
1059.0,0.8204676879257807,0.14110884067148977,0.023492743427341332,0.014930727975388273
1414.0,0.010499229488603535,0.7663349493961219,0.21331950461770668,0.00984631649756776
978.0,0.006457469042962961,0.8056024013204629,0.17242086688735628,0.015519262749218011
323.0,0.798488420064975,0.15483893814227084,0.027984572404447253,0.018688069388306746
631.0,0.011241990173677512,0.7845127521924704,0.1856338301717629,0.01861142746208912
66.0,0.8287632186048602,0.13131678407776734,0.019934085754032785,0.019985911563339648
1541.0,0.9097219698898974,0.07601365740403646,0.006092432419997178,0.008171940286069067
161.0,0.004930482425759199,0.7663013720394302,0.20711618417610056,0.021651961358709972
705.0,0.0041058929695330214,3.77480539264112E-5,0.9958563589765407,0.0
280.0,4.803613279271666E-10,2.808776247947209E-10,0.9999999290498772,7.018888376916255E-8
868.0,0.0023383025172996168,0.05435924622493421,0.3332760487570889,0.6100264025006773
1258.0,0.0,0.04180052064711845,0.30685470798888415,0.6513447713639974
1359.0,0.9116370027322008,0.06749398788020704,0.004131084096990771,0.016737925290601315
107.0,0.0028260987122205165,0.027079928507726787,0.30891330086363894,0.6611806719164138
1529.0,0.004930482425759267,0.7663013720394299,0.2071161841761005,0.02165196135871027
1116.0,0.0,0.02863098660072622,0.3091160591521316,0.6622529542471423
831.0,0.8204676879257807,0.14110884067148977,0.023492743427341332,0.014930727975388273
666.0,0.006457469042962961,0.8056024013204629,0.17242086688735628,0.015519262749218011
487.0,0.9097219698898974,0.07601365740403646,0.006092432419997178,0.008171940286069067
40.0,0.008049548277226778,0.03878537287888901,0.30061258180495226,0.6525524970389319
1131.0,0.0,0.0193161610934154,0.29129006545057695,0.6893937734560076
337.0,3.343576907111539E-8,0.0030304774477887676,0.9938506925751274,0.003118796541314773
1014.0,0.0028260987122205165,0.027079928507726787,0.30891330086363894,0.6611806719164138
1486.0,0.007334288936938258,0.7634546431340216,0.18696182971751635,0.042249238211523835
1668.0,0.0,0.003204817000698107,0.9936110511969908,0.0031841318023110893
595.0,0.003968353054201142,0.0039681266007579935,0.9841447661583259,0.00791875418671485
430.0,0.010502262150677726,0.7664526851844029,0.21318692660168834,0.009858126063231058
520.0,0.009986445302544044,0.8150608119103762,0.15699910553262988,0.01795363725444979
1586.0,0.798488420064975,0.15483893814227084,0.027984572404447253,0.018688069388306746
1400.0,0.008049548277226743,0.03878537287888914,0.30061258180495204,0.652552497038932
250.0,0.00806451626198703,0.0,0.991935483738013,0.0
941.0,0.01637031196753939,0.6859439720908673,0.2664834415246421,0.031202274416951233
1245.0,0.008049548276236565,0.03878537288302785,0.3006125818049266,0.652552497035809
1457.0,0.0012417640376423816,0.031261681996831395,0.29861590525492565,0.6688806487106006
795.0,0.8331982384896892,0.13269691840222192,0.019839821730665785,0.014265021377423014
1044.0,0.9091372408974816,0.06922293930994954,0.008653165966131193,0.012986653826437726
702.0,0.011241990173677512,0.7845127521924704,0.1856338301717629,0.01861142746208912
501.0,0.016370311967483002,0.6859439720904051,0.2664834415252056,0.03120227441690621
1613.0,0.007953190111981704,0.8116359662661791,0.15209685744023377,0.02831398618160545
741.0,0.00797023932080935,0.6919269252531604,0.24595003508302402,0.05415280034300644
168.0,0.002076500206841313,0.04132079977055168,0.2799439924370197,0.6766587075855873
1186.0,0.8204676879257807,0.14110884067148977,0.023492743427341332,0.014930727975388273
266.0,0.0,0.003324932795077893,0.9911686677649568,0.005506399439965348
832.0,4.781371509346406E-10,2.7940395059926946E-10,0.999999929299951,6.994250787302118E-8
1287.0,0.0024715924046700122,0.009871008875121377,0.29187916861209007,0.6957782301081186
649.0,0.011241990173677512,0.7845127521924704,0.1856338301717629,0.01861142746208912
179.0,0.01211604029543231,0.8204808249325239,0.14858463574150033,0.01881849903054328
1503.0,0.9097219698898974,0.07601365740403646,0.006092432419997178,0.008171940286069067
1146.0,5.086059331865037E-208,0.0,1.0,6.655029205428617E-52
812.0,0.008185097959819337,0.8045878754235052,0.1738435450790778,0.013383481537597766
316.0,0.00880153915892085,0.7312085443472686,0.22834690065879956,0.031643015835010946
887.0,8.043461606186026E-83,0.010568215803766623,0.30885407843532275,0.6805777057609106
1228.0,0.001639294159451489,0.05230425754896906,0.315898904714124,0.6301575435774553
1385.0,0.0,0.0193161610934154,0.29129006545057695,0.6893937734560076
98.0,0.00880153915892085,0.7312085443472686,0.22834690065879956,0.031643015835010946
1571.0,0.013997698959437182,0.8285249257943953,0.14395337383206028,0.013524001414107197
722.0,5.086059331865037E-208,0.0,1.0,6.655029205428617E-52
451.0,0.8914877138307712,0.09628405744805657,0.008156890705889767,0.004071338015282437
612.0,0.001639294159451489,0.05230425754896906,0.315898904714124,0.6301575435774553
408.0,0.03460989386974585,0.7668158453957272,0.15693842126543428,0.041635839469092724
1029.0,0.8204648107552791,0.14111106954512775,0.02349316982057011,0.014930949879022918
1440.0,0.011241990173677512,0.7845127521924704,0.1856338301717629,0.01861142746208912
225.0,0.8332163144921544,0.13268555807423923,0.019836158448639445,0.014261968984966988
961.0,0.011241990173677512,0.7845127521924704,0.1856338301717629,0.01861142746208912
922.0,0.0012417640376423816,0.031261681996831395,0.29861590525492565,0.6688806487106006
359.0,3.3588410853781326E-8,0.0030348080498831483,0.9938386954734006,0.0031264628883054314
1302.0,0.008185097959818295,0.804587875423505,0.17384354507907962,0.013383481537597192
1203.0,4.781371509346406E-10,2.7940395059926946E-10,0.999999929299951,6.994250787302118E-8
75.0,2.067244500441152E-98,0.0,0.9949490654847385,0.005050934515261553
1628.0,0.008185097959818295,0.804587875423505,0.17384354507907962,0.013383481537597192
575.0,0.012055057648130887,0.8287482258412096,0.13573069054737227,0.023466025963287354
1156.0,8.043461606186026E-83,0.010568215803766623,0.30885407843532275,0.6805777057609106
851.0,0.7409174039229058,0.1933097902915549,0.04074524177888034,0.025027564006658926
1313.0,0.002076500206841313,0.04132079977055168,0.2799439924370197,0.6766587075855873
1643.0,0.008049548277226778,0.03878537287888901,0.30061258180495226,0.6525524970389319
56.0,0.8483156030424165,0.11884811373573238,0.015097579608478595,0.0177387036133725
758.0,0.008185097959818295,0.804587875423505,0.17384354507907962,0.013383481537597192
465.0,0.0,0.0,0.9954506356386019,0.004549364361398066
186.0,0.00446349662941054,0.04393323338926643,0.2954930938882382,0.6561101760930849
685.0,0.03460989386974585,0.7668158453957272,0.15693842126543428,0.041635839469092724
1431.0,0.013997698961479465,0.8285249258930399,0.14395337374232559,0.013524001403155086
302.0,0.011241990173677512,0.7845127521924704,0.1856338301717629,0.01861142746208912
776.0,0.012055057648130887,0.8287482258412096,0.13573069054737227,0.023466025963287354
1074.0,0.8332163144921544,0.13268555807423923,0.019836158448639445,0.014261968984966988
1374.0,0.0,0.04180052064711845,0.30685470798888415,0.6513447713639974
373.0,0.0,0.003324932795077893,0.9911686677649568,0.005506399439965348
958.0,0.009986440420151326,0.8150604803953637,0.15699939307263697,0.01795368611184806
1275.0,0.0037143705598277257,0.07408739243828927,0.2966648780485067,0.6255333589533763
539.0,0.0037143705598277257,0.07408739243828927,0.2966648780485067,0.6255333589533763
1556.0,0.798488420064975,0.15483893814227084,0.027984572404447253,0.018688069388306746
394.0,0.007971296831999802,0.6917794631921079,0.2460722206098086,0.054177019366083635
576.0,0.01049922948258891,0.7663349491625508,0.21331950488070064,0.009846316474159542
1101.0,0.03460533976693593,0.7668057081234892,0.15695503217173637,0.0416339199378384
997.0,0.7392132352320837,0.1942770391657567,0.04117393642210659,0.025335789180053074
232.0,0.001639294159451489,0.05230425754896906,0.315898904714124,0.6301575435774553
1512.0,0.8259809007310162,0.13238475098600305,0.01960049632373507,0.0220338519592457
1537.0,4.781371509346406E-10,2.7940395059926946E-10,0.999999929299951,6.994250787302118E-8
707.0,0.00446349662941054,0.04393323338926643,0.2954930938882382,0.6561101760930849
281.0,0.0012417640376423816,0.031261681996831395,0.29861590525492565,0.6688806487106006
870.0,0.0023383024327668558,0.054359241447798315,0.33327603054020805,0.6100264255792267
23.0,0.007971296831999802,0.6917794631921079,0.2460722206098086,0.054177019366083635
1262.0,0.00446349662941054,0.04393323338926643,0.2954930938882382,0.6561101760930849
1355.0,4.0655732804305943E-72,0.004122054287803342,0.9958779457121967,3.289464723745973E-70
33.0,0.0,0.0418005205105286,0.3068547080193949,0.6513447714700764
1533.0,4.803613279271666E-10,2.808776247947209E-10,0.9999999290498772,7.018888376916255E-8
1112.0,0.011941173827778704,0.7200367465604746,0.2492910260576101,0.018731053554136623
222.0,0.007971296831999802,0.6917794631921079,0.2460722206098086,0.054177019366083635
829.0,0.0025280743711186358,0.01740883104546147,0.27246614645233536,0.7075969481310845
664.0,0.773295036672283,0.17759307590615936,0.030685506967663805,0.018426380453893797
486.0,0.8761053830325006,0.10174870721756309,0.008827901548891862,0.013318008201044349
1662.0,0.011879138733101249,0.7200135162987249,0.24136242422264914,0.026744920745524703
445.0,0.016370311967483002,0.6859439720904051,0.2664834415252056,0.03120227441690621
558.0,0.03460989093502269,0.7668158388640961,0.15693843196868404,0.04163583823219708
907.0,0.8332163144921544,0.13268555807423923,0.019836158448639445,0.014261968984966988
1332.0,0.0023383025172996168,0.05435924622493421,0.3332760487570889,0.6100264025006773
1169.0,0.00446349662941054,0.04393323338926643,0.2954930938882382,0.6561101760930849
1063.0,0.8332163144921544,0.13268555807423923,0.019836158448639445,0.014261968984966988
1410.0,0.00446349662941054,0.04393323338926643,0.2954930938882382,0.6561101760930849
976.0,0.8287632186048602,0.13131678407776734,0.019934085754032785,0.019985911563339648
322.0,0.011241990173677512,0.7845127521924704,0.1856338301717629,0.01861142746208912
629.0,0.009986445302648009,0.8150608119174109,0.1569991055265281,0.017953637253413066
140.0,0.003968353054201142,0.0039681266007579935,0.9841447661583259,0.00791875418671485
1461.0,1.1081449824270893E-221,2.2646527475993138E-73,0.999999976317583,2.3682417125222453E-8
793.0,0.0012417640376423816,0.031261681996831395,0.29861590525492565,0.6688806487106006
215.0,0.00446349662941054,0.04393323338926643,0.2954930938882382,0.6561101760930849
1040.0,0.00282394881848753,0.02707999251661086,0.3089139659213461,0.6611820927435555
500.0,0.0037143705598277257,0.07408739243828927,0.2966648780485067,0.6255333589533763
700.0,5.073570482738766E-155,0.0032280262252677334,0.24382927372060295,0.7529427000541294
1609.0,0.006457469042962961,0.8056024013204629,0.17242086688735628,0.015519262749218011
80.0,0.002076500206841313,0.04132079977055168,0.2799439924370197,0.6766587075855873
743.0,0.9097219698898974,0.07601365740403646,0.006092432419997178,0.008171940286069067
1190.0,0.0,3.1750480096810735E-8,0.9999999682495199,0.0
267.0,0.0,0.0,0.9954506356386019,0.004549364361398066
834.0,0.006457469042962961,0.8056024013204629,0.17242086688735628,0.015519262749218011
1283.0,0.8259809007310162,0.13238475098600305,0.01960049632373507,0.0220338519592457
1135.0,5.073570482738766E-155,0.0032280262252677334,0.24382927372060295,0.7529427000541294
1012.0,0.004856595070032471,1.7880344887638163E-18,0.9951434044098286,5.20139010667392E-10
336.0,0.8483156030424165,0.11884811373573238,0.015097579608478595,0.0177387036133725
1482.0,0.008185097959818295,0.804587875423505,0.17384354507907962,0.013383481537597192
133.0,0.011941173827778704,0.7200367465604746,0.2492910260576101,0.018731053554136623
1664.0,0.004856595070032471,1.7880344887638163E-18,0.9951434044098286,5.20139010667392E-10
593.0,0.0017054470007728246,0.031550253931073906,0.334851733969266,0.6318925650988872
522.0,0.8204676879257807,0.14110884067148977,0.023492743427341332,0.014930727975388273
431.0,0.016370311967483002,0.6859439720904051,0.2664834415252056,0.03120227441690621
1590.0,0.00446349662941054,0.04393323338926643,0.2954930938882382,0.6561101760930849
1404.0,0.011241990173677512,0.7845127521924704,0.1856338301717629,0.01861142746208912
943.0,1.1081449824270893E-221,2.2646527475993138E-73,0.999999976317583,2.3682417125222453E-8
121.0,0.0023383025172996168,0.05435924622493421,0.3332760487570889,0.6100264025006773
1241.0,0.0,0.029624037279209314,0.28117960056622604,0.6891963621545646
409.0,0.8259809007310162,0.13238475098600305,0.01960049632373507,0.0220338519592457
614.0,0.016370311967483002,0.6859439720904051,0.2664834415252056,0.03120227441690621
31.0,0.8028970887666093,0.14799443197699255,0.028108906112406108,0.020999573143992093
49.0,0.8287632186048602,0.13131678407776734,0.019934085754032785,0.019985911563339648
1025.0,0.0023382227889662765,0.05435474078620686,0.3332588675546366,0.6100481688701902
1444.0,0.0025280743711186358,0.01740883104546147,0.27246614645233536,0.7075969481310845
963.0,0.012055057841102322,0.828748180984065,0.1357307375454889,0.02346602362934371
920.0,0.0,0.01188524160886811,0.2759856705345025,0.7121290878566294
358.0,0.9091372408974816,0.06922293930994954,0.008653165966131193,0.012986653826437726
1298.0,8.043461182845851E-83,0.010568215799854409,0.30885407841384527,0.6805777057863003
1207.0,0.00247213257519869,0.009919756993783536,0.29171240614998106,0.6958957042810366
1624.0,0.77896881085809,0.18111564028283214,0.015349698010055682,0.024565850849022346
158.0,0.01049922948258891,0.7663349491625508,0.21331950488070064,0.009846316474159542
573.0,3.214276419182292E-8,0.0040056578408331645,0.9959943100164027,0.0
651.0,0.011902965197533432,0.7181067823417036,0.24287577269173424,0.02711447976902884
1499.0,0.9097219698898974,0.07601365740403646,0.006092432419997178,0.008171940286069067
1150.0,0.00880153915892085,0.7312085443472686,0.22834690065879956,0.031643015835010946
814.0,0.8332163144921544,0.13268555807423923,0.019836158448639445,0.014261968984966988
317.0,0.8259809007310162,0.13238475098600305,0.01960049632373507,0.0220338519592457
885.0,0.8120715199492491,0.1419016245152686,0.025222795285459784,0.020804060250022526
204.0,0.0,3.1750480096810735E-8,0.9999999682495199,0.0
1224.0,0.007334288936938257,0.7634546431340227,0.18696182971751524,0.04224923821152383
1389.0,0.007334305388724087,0.7634531137396495,0.1869630847479499,0.04224949612367647
1575.0,0.7789688108580959,0.1811156402828271,0.015349698010055254,0.024565850849021832
450.0,0.004856581791793279,1.7880396591919624E-18,0.9951434176880676,5.201390387677096E-10
720.0,3.343576907111539E-8,0.0030304774477887676,0.9938506925751274,0.003118796541314773
1370.0,0.00806451626198703,0.0,0.991935483738013,0.0
956.0,0.01049922948258891,0.7663349491625508,0.21331950488070064,0.009846316474159542
372.0,0.016370311967710008,0.6859439720922647,0.26648344152293785,0.031202274417087502
1279.0,0.8259809007310162,0.13238475098600305,0.01960049632373507,0.0220338519592457
537.0,0.00806451626198703,0.0,0.991935483738013,0.0
1552.0,0.01211386988420546,0.8204205626489279,0.14866382063840863,0.01880174682845805
151.0,0.03460989386974585,0.7668158453957272,0.15693842126543428,0.041635839469092724
578.0,4.202827252389602E-9,0.007868553093407902,0.9921314226376627,2.0066102022955885E-8
395.0,0.0,0.0193161610934154,0.29129006545057695,0.6893937734560076
1097.0,0.007334288936938257,0.7634546431340227,0.18696182971751524,0.04224923821152383
112.0,0.8332163144921544,0.13268555807423923,0.019836158448639445,0.014261968984966988
999.0,0.03460989386974585,0.7668158453957272,0.15693842126543428,0.041635839469092724
1516.0,0.007334288936938257,0.7634546431340227,0.18696182971751524,0.04224923821152383
1152.0,0.008049548277226778,0.03878537287888901,0.30061258180495226,0.6525524970389319
197.0,4.803613279271666E-10,2.808776247947209E-10,0.9999999290498772,7.018888376916255E-8
849.0,0.00880153915892075,0.7312085443472709,0.22834690065879784,0.03164301583501059
1317.0,0.0,0.003204817000698107,0.9936110511969908,0.0031841318023110893
1647.0,3.343576907111539E-8,0.0030304774477887676,0.9938506925751274,0.003118796541314773
756.0,7.22258283788017E-83,0.010560217023307322,0.3088101527096563,0.6806296302670364
464.0,0.0020765002068413104,0.04132079977055163,0.27994399243701934,0.6766587075855877
687.0,2.067244500441152E-98,0.0,0.9949490654847385,0.005050934515261553
89.0,0.7409174039229058,0.1933097902915549,0.04074524177888034,0.025027564006658926
1427.0,0.006457469042962961,0.8056024013204629,0.17242086688735628,0.015519262749218011
778.0,0.011241990173677512,0.7845127521924704,0.1856338301717629,0.01861142746208912
303.0,0.9116370027322012,0.0674939878802067,0.0041310840969907255,0.016737925290601294
1078.0,0.007334288936938257,0.7634546431340227,0.18696182971751524,0.04224923821152383
1123.0,9.23808917684256E-286,0.003996741841723783,0.9918780441150107,0.0041252140432655165
1478.0,0.9116370027322012,0.0674939878802067,0.0041310840969907255,0.016737925290601294
339.0,0.8204676879257807,0.14110884067148977,0.023492743427341332,0.014930727975388273
1010.0,0.0,3.1750480096810735E-8,0.9999999682495199,0.0
11.0,0.8029149162601587,0.14798272292328626,0.028103146807073986,0.020999214009481224
599.0,0.012055057658184551,0.8287482235042561,0.13573069299586313,0.02346602584169604
70.0,0.008185097959818295,0.804587875423505,0.17384354507907962,0.013383481537597192
1594.0,0.016370311967593292,0.6859439720913086,0.26648344152410375,0.03120227441699429
524.0,0.004930482425759199,0.7663013720394302,0.20711618417610056,0.021651961358709972
428.0,0.0041058929695330214,3.77480539264112E-5,0.9958563589765407,0.0
937.0,0.008185097959818295,0.804587875423505,0.17384354507907962,0.013383481537597192
251.0,0.8287632186048602,0.13131678407776734,0.019934085754032785,0.019985911563339648
1392.0,0.0,0.028631048495911485,0.309116276856167,0.6622526746479216
1237.0,0.007953190111981704,0.8116359662661791,0.15209685744023377,0.02831398618160545
111.0,0.9116370027322012,0.0674939878802067,0.0041310840969907255,0.016737925290601294
1465.0,4.803613279271666E-10,2.808776247947209E-10,0.9999999290498772,7.018888376916255E-8
1052.0,1.309907286445687E-17,0.003289591115182894,0.9967104080286845,8.561326162225573E-10
799.0,4.0655732804305943E-72,0.004122054287803342,0.9958779457121967,3.289464723745973E-70
503.0,0.012055057648130887,0.8287482258412096,0.13573069054737227,0.023466025963287354
698.0,0.9116370027322012,0.0674939878802067,0.0041310840969907255,0.016737925290601294
1605.0,0.8204676879257807,0.14110884067148977,0.023492743427341332,0.014930727975388273
169.0,0.9097219698898974,0.07601365740403646,0.006092432419997178,0.008171940286069067
737.0,0.773295036672283,0.17759307590615936,0.030685506967663805,0.018426380453893797
836.0,0.011241990173677512,0.7845127521924704,0.1856338301717629,0.01861142746208912
264.0,0.8332163144921544,0.13268555807423923,0.019836158448639445,0.014261968984966988
1295.0,0.009986443683297206,0.815060813189448,0.15699910583356894,0.017953637293685955
552.0,0.0017054470007728246,0.031550253931073906,0.334851733969266,0.6318925650988872
446.0,3.343576907111539E-8,0.0030304774477887676,0.9938506925751274,0.003118796541314773
1650.0,0.8259809007310162,0.13238475098600305,0.01960049632373507,0.0220338519592457
1336.0,0.003968353054201142,0.0039681266007579935,0.9841447661583259,0.00791875418671485
242.0,0.007334288936938257,0.7634546431340227,0.18696182971751524,0.04224923821152383
909.0,0.00880153915892085,0.7312085443472686,0.22834690065879956,0.031643015835010946
1181.0,0.0,0.011885241608855122,0.27598567053446027,0.7121290878566847
42.0,0.0025280743711166348,0.01740883104506259,0.2724661464531311,0.7075969481306897
1067.0,0.0,0.04180052064711845,0.30685470798888415,0.6513447713639974
982.0,0.011941173827778704,0.7200367465604746,0.2492910260576101,0.018731053554136623
321.0,0.001639294159451489,0.05230425754896906,0.315898904714124,0.6301575435774553
1422.0,0.0,0.003324932795077893,0.9911686677649568,0.005506399439965348
627.0,0.0,0.0,0.9954506356386019,0.004549364361398066
1549.0,0.0,0.011885241608855122,0.27598567053446027,0.7121290878566847
709.0,0.011879138733101249,0.7200135162987249,0.24136242422264914,0.026744920745524703
160.0,0.0025280743711186358,0.01740883104546147,0.27246614645233536,0.7075969481310845
1250.0,0.0,0.029624037282861827,0.2811796005787715,0.6891963621383668
864.0,0.8332163144921544,0.13268555807423923,0.019836158448639445,0.014261968984966988
282.0,0.007971296749109782,0.6917794747557865,0.24607221102817592,0.05417701746692778
1351.0,0.0023383025172996168,0.05435924622493421,0.3332760487570889,0.6100264025006773
1521.0,0.008185097959818295,0.804587875423505,0.17384354507907962,0.013383481537597192
827.0,0.00797127587511262,0.691779463055441,0.24607223640366485,0.054177024665781545
1108.0,0.8287632186048602,0.13131678407776734,0.019934085754032785,0.019985911563339648
485.0,0.7409174039229058,0.1933097902915549,0.04074524177888034,0.025027564006658926
670.0,0.9091372408974816,0.06922293930994954,0.008653165966131193,0.012986653826437726
855.0,0.00998639106313209,0.8150571290408354,0.15700229987213246,0.01795418002389999
15.0,0.011879138733101249,0.7200135162987249,0.24136242422264914,0.026744920745524703
1164.0,0.007971296831999802,0.6917794631921079,0.2460722206098086,0.054177019366083635
1321.0,0.007971296831999802,0.6917794631921079,0.2460722206098086,0.054177019366083635
102.0,0.007334288936938257,0.7634546431340227,0.18696182971751524,0.04224923821152383
1635.0,0.008185097959818295,0.804587875423505,0.17384354507907962,0.013383481537597192
467.0,0.0016392926816927538,0.05230425759908271,0.3158989051715709,0.6301575445476536
754.0,4.0655732804305943E-72,0.004122054287803342,0.9958779457121967,3.289464723745973E-70
681.0,0.011241990173677512,0.7845127521924704,0.1856338301717629,0.01861142746208912
187.0,0.8332163144921544,0.13268555807423923,0.019836158448639445,0.014261968984966988
1439.0,0.001639294159451489,0.05230425754896906,0.315898904714124,0.6301575435774553
1082.0,0.008185097959818295,0.804587875423505,0.17384354507907962,0.013383481537597192
300.0,0.883484383046491,0.09570929692314052,0.008323453830421898,0.012482866199946437
780.0,0.8312328229860726,0.13397446964059276,0.01875893404212347,0.016033773331211188
954.0,0.77896881085809,0.18111564028283214,0.015349698010055682,0.024565850849022346
375.0,0.011241990173677512,0.7845127521924704,0.1856338301717629,0.01861142746208912
1366.0,0.883484383046491,0.09570929692314052,0.008323453830421898,0.012482866199946437
1267.0,0.8914877138307712,0.09628405744805657,0.008156890705889767,0.004071338015282437
79.0,0.00446349662941054,0.04393323338926643,0.2954930938882382,0.6561101760930849
1564.0,0.0,0.0033249327950778695,0.9911686677649568,0.005506399439965348
543.0,0.8287632186048602,0.13131678407776734,0.019934085754032785,0.019985911563339648
580.0,0.012115996824302026,0.8204796182969648,0.14858622154015688,0.018818163338576294
392.0,0.002076500206841311,0.04132079977055209,0.27994399243701984,0.6766587075855868
1093.0,0.883484383046491,0.09570929692314052,0.008323453830421898,0.012482866199946437
1504.0,0.8287632186048602,0.13131678407776734,0.019934085754032785,0.019985911563339648
233.0,0.9091372408974816,0.06922293930994954,0.008653165966131193,0.012986653826437726
993.0,0.008185097959818295,0.804587875423505,0.17384354507907962,0.013383481537597192
178.0,0.7409174039229058,0.1933097902915549,0.04074524177888034,0.025027564006658926
653.0,0.01049922948258891,0.7663349491625508,0.21331950488070064,0.009846316474159542
1495.0,0.8332163144921544,0.13268555807423923,0.019836158448639445,0.014261968984966988
808.0,0.0,0.029624037279209314,0.28117960056622604,0.6891963621545646
318.0,3.343576907111539E-8,0.0030304774477887676,0.9938506925751274,0.003118796541314773
1138.0,0.013997698961479465,0.8285249258930399,0.14395337374232559,0.013524001403155086
1220.0,0.008049548277226778,0.03878537287888901,0.30061258180495226,0.6525524970389319
883.0,0.008185097959818295,0.804587875423505,0.17384354507907962,0.013383481537597192
1377.0,0.001639294159451489,0.05230425754896906,0.315898904714124,0.6301575435774553
1579.0,0.0,0.003324932795077893,0.9911686677649568,0.005506399439965348
58.0,4.803613279271666E-10,2.808776247947209E-10,0.9999999290498772,7.018888376916255E-8
449.0,0.011241990173677512,0.7845127521924704,0.1856338301717629,0.01861142746208912
726.0,0.011879138733101249,0.7200135162987249,0.24136242422264914,0.026744920745524703
410.0,0.8483156030424165,0.11884811373573238,0.015097579608478595,0.0177387036133725
608.0,0.006457469042962961,0.8056024013204629,0.17242086688735628,0.015519262749218011
1037.0,0.0,0.04180052064711845,0.30685470798888415,0.6513447713639974
965.0,0.007971287123864494,0.6917808175330376,0.24607109840668825,0.05417679693640975
224.0,0.011941173827778704,0.7200367465604746,0.2492910260576101,0.018731053554136623
1448.0,0.9116320101143585,0.06749797824860235,0.004131384837478238,0.016738626799560976
1310.0,0.8259809007310162,0.13238475098600305,0.01960049632373507,0.0220338519592457
926.0,4.0655732804305943E-72,0.004122054287803342,0.9958779457121967,3.289464723745973E-70
357.0,0.006457469042962961,0.8056024013204629,0.17242086688735628,0.015519262749218011
1211.0,0.0,0.0193161610934154,0.29129006545057695,0.6893937734560076
571.0,0.0028260987122205165,0.027079928507726787,0.30891330086363894,0.6611806719164138
1620.0,0.00446349662941054,0.04393323338926643,0.2954930938882382,0.6561101760930849
1469.0,0.0025280743711186358,0.01740883104546147,0.27246614645233536,0.7075969481310845
1048.0,0.00446349662941054,0.04393323338926643,0.2954930938882382,0.6561101760930849
214.0,0.0,0.02863098660072622,0.3091160591521316,0.6622529542471423
797.0,0.013997698961479465,0.8285249258930399,0.14395337374232559,0.013524001403155086
696.0,0.798488420064975,0.15483893814227084,0.027984572404447253,0.018688069388306746
502.0,0.011241990173677512,0.7845127521924704,0.1856338301717629,0.01861142746208912
1601.0,0.01049922948258891,0.7663349491625508,0.21331950488070064,0.009846316474159542
739.0,0.8259809007310145,0.1323847509860047,0.01960049632373503,0.02203385195924566
838.0,0.004856595070032471,1.7880344887638163E-18,0.9951434044098286,5.20139010667392E-10
265.0,0.0024715924046700122,0.009871008875121377,0.29187916861209007,0.6957782301081186
1198.0,0.7986298025314783,0.15473178022526582,0.02795561914606613,0.018682798097189757
22.0,0.01124199025534612,0.784512742169888,0.18563383845743064,0.01861142911733534
35.0,0.011941173827778704,0.7200367465604746,0.2492910260576101,0.018731053554136623
1291.0,0.8914877138307712,0.09628405744805657,0.008156890705889767,0.004071338015282437
1127.0,0.00446349662941054,0.04393323338926643,0.2954930938882382,0.6561101760930849
1474.0,0.0,3.1750480096810735E-8,0.9999999682495199,0.0
1008.0,3.343576907111539E-8,0.0030304774477887676,0.9938506925751274,0.003118796541314773
338.0,0.0,0.04180052064711845,0.30685470798888415,0.6513447713639974
597.0,0.0,0.003324932795077893,0.9911686677649568,0.005506399439965348
1672.0,0.0012417640376423816,0.031261681996831395,0.29861590525492565,0.6688806487106006
132.0,0.013997698961464258,0.8285249258923378,0.14395337374296488,0.01352400140323289
1598.0,0.8287632186048602,0.13131678407776734,0.019934085754032785,0.019985911563339648
429.0,0.8332163144921544,0.13268555807423923,0.019836158448639445,0.014261968984966988
526.0,0.0012417640376423816,0.031261681996831395,0.29861590525492565,0.6688806487106006
939.0,0.0037143705598277257,0.07408739243828927,0.2966648780485067,0.6255333589533763
1396.0,1.1378028919856835E-8,0.004053284058195802,0.9959467045637754,8.337033587001513E-292
1233.0,0.8028970903057889,0.14799443096608506,0.028108905615137205,0.020999573112988768
1545.0,0.0020765002068428447,0.041320799770618616,0.27994399243731377,0.6766587075852247
84.0,0.8332163144921544,0.13268555807423923,0.019836158448639445,0.014261968984966988
711.0,0.883484383046491,0.09570929692314052,0.008323453830421898,0.012482866199946437
1254.0,0.8287632186048602,0.13131678407776734,0.019934085754032785,0.019985911563339648
866.0,0.0039490894681510555,0.0039065997582530005,0.9842342349198624,0.007910075853733343
283.0,0.007334288936938257,0.7634546431340227,0.18696182971751524,0.04224923821152383
1347.0,0.001639294159227385,0.052304257548977266,0.3158989047141961,0.6301575435775992
1525.0,0.008814960413472066,0.7321907437267009,0.22752679190369174,0.03146750395613542
825.0,0.0,0.01188524160885492,0.2759856705344603,0.7121290878566848
223.0,0.01211604029543231,0.8204808249325239,0.14858463574150033,0.01881849903054328
1104.0,0.007334288936938257,0.7634546431340227,0.18696182971751524,0.04224923821152383
484.0,0.77896881085809,0.18111564028283214,0.015349698010055682,0.024565850849022346
668.0,2.067244500441152E-98,0.0,0.9949490654847385,0.005050934515261553
554.0,0.003968353054201142,0.0039681266007579935,0.9841447661583259,0.00791875418671485
447.0,1.1081449824270893E-221,2.2646527475993138E-73,0.999999976317583,2.3682417125222453E-8
1654.0,0.006457469042962961,0.8056024013204629,0.17242086688735628,0.015519262749218011
1340.0,0.7409174039229058,0.1933097902915549,0.04074524177888034,0.025027564006658926
911.0,0.013997698961479465,0.8285249258930399,0.14395337374232559,0.013524001403155086
125.0,0.0012417640376423816,0.031261681996831395,0.29861590525492565,0.6688806487106006
1177.0,0.7732950366730815,0.1775930759056815,0.03068550696747397,0.01842638045376304
1071.0,0.00446349662941054,0.04393323338926643,0.2954930938882382,0.6561101760930849
980.0,0.773295036672283,0.17759307590615936,0.030685506967663805,0.018426380453893797
320.0,0.0,0.042507509601879837,0.3087591671919321,0.6487333232061882
1418.0,0.0,0.04180052064711845,0.30685470798888415,0.6513447713639974
141.0,8.043461606186026E-83,0.010568215803766623,0.30885407843532275,0.6805777057609106
625.0,0.0012417640376423816,0.031261681996831395,0.29861590525492565,0.6688806487106006
374.0,0.01211604029543231,0.8204808249325239,0.14858463574150033,0.01881849903054328
952.0,0.9323440351930827,0.057949266352257424,0.009664974012947844,4.172444171193368E-5
1362.0,0.8028970887666093,0.14799443197699255,0.028108906112406108,0.020999573143992093
1271.0,9.23808917684256E-286,0.003996741841723783,0.9918780441150107,0.0041252140432655165
150.0,0.011241990173677512,0.7845127521924704,0.1856338301717629,0.01861142746208912
1560.0,0.0,0.02863098660072622,0.3091160591521316,0.6622529542471423
541.0,0.011241990173677512,0.7845127521924704,0.1856338301717629,0.01861142746208912
393.0,0.0017054470007728246,0.031550253931073906,0.334851733969266,0.6318925650988872
582.0,0.8332163144921544,0.13268555807423923,0.019836158448639445,0.014261968984966988
30.0,0.0012417640376423816,0.031261681996831395,0.29861590525492565,0.6688806487106006
51.0,9.23808917684256E-286,0.003996741841723783,0.9918780441150107,0.0041252140432655165
1089.0,0.0017054470007728246,0.031550253931073906,0.334851733969266,0.6318925650988872
1508.0,0.007953190111981746,0.8116359662661792,0.1520968574402337,0.028313986181605477
995.0,2.067244500441152E-98,0.0,0.9949490654847385,0.005050934515261553
853.0,0.7791275752262851,0.18098610507668852,0.015339196167628516,0.02454712352939786
1160.0,0.008185097959818295,0.804587875423505,0.17384354507907962,0.013383481537597192
196.0,0.008185097959818295,0.804587875423505,0.17384354507907962,0.013383481537597192
1325.0,0.0,0.01941444484992881,0.29143589153539173,0.6891496636146794
1639.0,0.8483156030424165,0.11884811373573238,0.015097579608478595,0.0177387036133725
752.0,0.8483156030424165,0.11884811373573238,0.015097579608478595,0.0177387036133725
466.0,0.0024715924046700122,0.009871008875121377,0.29187916861209007,0.6957782301081186
683.0,0.011941173828224672,0.7200367466509284,0.24929102596328737,0.01873105355755957
1435.0,3.343576907111539E-8,0.0030304774477887676,0.9938506925751274,0.003118796541314773
1086.0,0.010501848107407123,0.7664317514144029,0.21320983643253913,0.009856564045650856
301.0,0.008049548277226778,0.03878537287888901,0.30061258180495226,0.6525524970389319
782.0,0.004463496629410646,0.04393323338926747,0.29549309388824013,0.6561101760930818
411.0,0.8483156030424165,0.11884811373573238,0.015097579608478595,0.0177387036133725
610.0,0.8333170330130097,0.12502841014921093,0.019764291121126185,0.021890265716653076
1033.0,0.77896881085809,0.18111564028283214,0.015349698010055682,0.024565850849022346
116.0,0.8483156030424165,0.11884811373573238,0.015097579608478595,0.0177387036133725
967.0,0.0012417640376423816,0.031261681996831395,0.29861590525492565,0.6688806487106006
1306.0,0.0025278057266744807,0.017355415289411136,0.27257286197836517,0.7075439170055491
924.0,0.0017054470007728246,0.031550253931073906,0.334851733969266,0.6318925650988872
356.0,0.0025280743711186358,0.01740883104546147,0.27246614645233536,0.7075969481310845
1215.0,0.8259809007310162,0.13238475098600305,0.01960049632373507,0.0220338519592457
569.0,0.0,0.003324932795077893,0.9911686677649568,0.005506399439965348
1616.0,0.77896881085809,0.18111564028283214,0.015349698010055682,0.024565850849022346
159.0,0.8914877138307712,0.09628405744805657,0.008156890705889767,0.004071338015282437
655.0,0.007971296831999802,0.6917794631921079,0.2460722206098086,0.054177019366083635
93.0,0.0,0.0032048170006981716,0.9936110511969908,0.0031841318023111092
1491.0,0.8483156030424165,0.11884811373573238,0.015097579608478595,0.0177387036133725
810.0,0.002076500206841313,0.04132079977055168,0.2799439924370197,0.6766587075855873
319.0,2.0006321730114895E-9,0.027261560927623968,0.3097709507219743,0.6629674863497695
1142.0,0.8332163144921544,0.13268555807423923,0.019836158448639445,0.014261968984966988
205.0,0.011941173827778704,0.7200367465604746,0.2492910260576101,0.018731053554136623
1216.0,0.009970842021141554,0.8150730682704046,0.15700206433280525,0.01795402537564865
881.0,0.9116370027322012,0.0674939878802067,0.0041310840969907255,0.016737925290601294
1381.0,0.77896881085809,0.18111564028283214,0.015349698010055682,0.024565850849022346
1583.0,0.8259809007310162,0.13238475098600305,0.01960049632373507,0.0220338519592457
724.0,0.8914877138307712,0.09628405744805657,0.008156890705889767,0.004071338015282437
448.0,0.00880153915892085,0.7312085443472686,0.22834690065879956,0.031643015835010946
1669.0,0.00446349662941054,0.04393323338926643,0.2954930938882382,0.6561101760930849
641.0,0.8483156030424165,0.11884811373573238,0.015097579608478595,0.0177387036133725
177.0,0.77896881085809,0.18111564028283214,0.015349698010055682,0.024565850849022346
1130.0,0.0064574690429631204,0.8056024013204498,0.17242086688736677,0.015519262749220213
312.0,0.007971296831999802,0.6917794631921079,0.2460722206098086,0.054177019366083635
804.0,0.8028970887666093,0.14799443197699255,0.028108906112406108,0.020999573143992093
1487.0,0.8483156030424165,0.11884811373573238,0.015097579608478595,0.0177387036133725
1401.0,0.007971296831999802,0.6917794631921079,0.2460722206098086,0.054177019366083635
99.0,0.013997698961479465,0.8285249258930399,0.14395337374232559,0.013524001403155086
895.0,0.0037143705598277257,0.07408739243828927,0.2966648780485067,0.6255333589533763
1244.0,0.00446349662941054,0.04393323338926643,0.2954930938882382,0.6561101760930849
730.0,3.214276419182292E-8,0.0040056578408331645,0.9959943100164027,0.0
455.0,0.011241990173677512,0.7845127521924704,0.1856338301717629,0.01861142746208912
1587.0,0.0073342926248024555,0.7634543003031015,0.18696211104665467,0.04224929602544146
620.0,0.0,0.003324932795077893,0.9911686677649568,0.005506399439965348
412.0,0.011879138733252196,0.7200135163068195,0.24136242421547388,0.026744920744454476
227.0,0.007334288936938285,0.7634546431340226,0.18696182971751515,0.04224923821152406
1456.0,0.001639294159451489,0.05230425754896906,0.315898904714124,0.6301575435774553
969.0,0.00446349662941054,0.04393323338926643,0.2954930938882382,0.6561101760930849
1045.0,0.001639294159451489,0.05230425754896906,0.315898904714124,0.6301575435774553
1187.0,0.7984884200702499,0.15483893813827238,0.02798457240336748,0.01868806938811044
355.0,0.0,0.011885241608855122,0.27598567053446027,0.7121290878566847
914.0,0.7984900231522593,0.1548377263215071,0.0279842396185568,0.01868801090767683
1286.0,0.9091372408974816,0.06922293930994954,0.008653165966131193,0.012986653826437726
1612.0,0.9103731866676232,0.06852355314857295,0.004281039184915337,0.016822220998888478
567.0,0.00446349662941054,0.04393323338926643,0.2954930938882382,0.6561101760930849
74.0,0.006457469042962961,0.8056024013204629,0.17242086688735628,0.015519262749218011
1329.0,0.8204676879257807,0.14110884067148977,0.023492743427341332,0.014930727975388273
1172.0,0.001639294159451489,0.05230425754896906,0.315898904714124,0.6301575435774553
859.0,0.0023383025172996168,0.05435924622493421,0.3332760487570889,0.6100264025006773
469.0,0.00446349662941054,0.04393323338926643,0.2954930938882382,0.6561101760930849
766.0,0.009986445302648009,0.8150608119174109,0.1569991055265281,0.017953637253413066
1659.0,0.0,0.011885241608855122,0.27598567053446027,0.7121290878566847
184.0,0.8259809007310162,0.13238475098600305,0.01960049632373507,0.0220338519592457
677.0,5.073570482738766E-155,0.0032280262252677334,0.24382927372060295,0.7529427000541294
768.0,1.1378028919856835E-8,0.004053284058195802,0.9959467045637754,8.337033587001513E-292
298.0,0.008049548277177977,0.03878537287909298,0.30061258180495104,0.6525524970387779
1058.0,0.8287632186048602,0.13131678407776734,0.019934085754032785,0.019985911563339648
1415.0,0.0,0.02863098660072622,0.3091160591521316,0.6622529542471423
44.0,4.2028272523895734E-9,0.007868553093407902,0.9921314226376627,2.0066102022950892E-8
1259.0,0.8914877138307712,0.09628405744805657,0.008156890705889767,0.004071338015282437
1358.0,0.8332163144921544,0.13268555807423923,0.019836158448639445,0.014261968984966988
950.0,0.008185097959818295,0.804587875423505,0.17384354507907962,0.013383481537597192
369.0,0.0023383025172996168,0.05435924622493421,0.3332760487570889,0.6100264025006773
531.0,0.006457469042962961,0.8056024013204629,0.17242086688735628,0.015519262749218011
1540.0,0.008185097959818295,0.804587875423505,0.17384354507907962,0.013383481537597192
584.0,0.7677793008854547,0.18195318231073662,0.03150674040417671,0.018760776399632084
398.0,0.8028970888770626,0.14799443190444866,0.02810890607672152,0.020999573141767265
1005.0,3.214276419182292E-8,0.0040056578408331645,0.9959943100164027,0.0
234.0,0.8852073666741215,0.05070334252920236,0.05158000382127967,0.012509286975396341
1528.0,0.0,0.011887505705973663,0.2759975184211423,0.712114975872884
1117.0,0.0025280670793056174,0.017407377740237456,0.2724690458718527,0.7075955093086042
1642.0,0.008185097959818295,0.804587875423505,0.17384354507907962,0.013383481537597192
548.0,2.067244500441152E-98,0.0,0.9949490654847385,0.005050934515261553
