1658.0,2.135255432194795E-5,0.0038569955506979393,0.24588151642255054,0.7502401354724294
444.0,0.006960519127688603,0.3357925259755034,0.581428445935251,0.07581850896155698
556.0,0.001290335501348256,0.20248922663104768,0.7685295306565788,0.02769090721102524
905.0,0.0023581265835087933,0.0820717389053405,0.8233759915271193,0.09219414298403153
243.0,0.006247682283807248,0.0956342561952158,0.458114804907833,0.440003256613144
1328.0,4.887351167466416E-5,0.02593113765639266,0.47743293059621517,0.49658705823571747
1173.0,0.05376325097151531,0.636189783939123,0.27873340950088543,0.03131355558847629
1059.0,0.045441192776641326,0.42390363953499816,0.5073525464793781,0.023302621208982473
1414.0,1.4053472524027335E-4,0.044195709061133105,0.45445328053736006,0.5012104756762666
978.0,0.011847477747269972,0.2704290710924813,0.445513018111474,0.2722104330487748
323.0,3.1475608099134706E-4,0.09751634038143497,0.7470940680894483,0.15507483544812542
631.0,0.0029603230498926824,0.1980678709041965,0.709241287689844,0.08973051835606674
66.0,0.9358648236746608,0.06224696847608184,0.0018583942759988945,2.9813573258549917E-5
1541.0,0.950658956619254,0.03762613781010471,0.0078891439646074,0.003825761606033882
161.0,0.014898070086425304,0.36694301620453595,0.5468891035122587,0.07126981019677998
705.0,0.44546729891327785,0.47299687566952203,0.06950817281731123,0.012027652599888796
280.0,0.04319017479661472,0.750911415708783,0.17713780220819544,0.02876060728640688
868.0,4.635160514289651E-6,4.0980712989801437E-4,0.025866141491160153,0.9737194162184276
1258.0,0.2410368385943755,0.16157952084693847,0.39841764950598413,0.19896599105270188
1359.0,0.007510574527349294,0.7005853044474651,0.26770180617968964,0.024202314845495884
107.0,5.23198994547061E-5,0.004320470950329794,0.19347403300302538,0.8021531761471902
1529.0,0.6943041802346028,0.28275357743509666,0.02043995110681967,0.0025022912234809046
1116.0,0.034918008374523364,0.1412783305596978,0.3683753619655638,0.45542829910021504
831.0,0.4132642783239588,0.5557642509965874,0.02924977816818054,0.0017216925112733805
666.0,0.05689435500550143,0.6691809051504701,0.2523839611162537,0.021540778727774587
487.0,0.9397264260640454,0.059124980193298454,0.0010241869687285536,1.2440677392751902E-4
40.0,9.661439151197893E-4,0.09095490443631163,0.8224524443498449,0.08562650729872376
1131.0,0.13375960069151063,0.5734354560464476,0.26435116134310405,0.028453781918937632
337.0,0.0014511707175944532,0.5424257888324253,0.4280940039475354,0.02802903650244486
1014.0,0.017441946639671274,0.7713201812856589,0.14592041659379437,0.06531745548087536
1486.0,0.0024688249642584896,0.10798020913391819,0.8305337290095555,0.05901723689226795
1668.0,2.01933850039648E-5,0.0021677063030683505,0.17713804230170005,0.8206740580102275
595.0,0.039633986771670515,0.338782643586255,0.598723753446569,0.0228596161955055
430.0,0.03727921788891348,0.8011787844473177,0.1434433263500131,0.018098671313755744
520.0,0.9346656729504693,0.06444821249937864,8.330203984425142E-4,5.3094151709619494E-5
1586.0,0.4362260400427542,0.5360160098360963,0.02591524885600446,0.0018427012651449364
1400.0,0.16602874609267945,0.5494646260706035,0.2551221204203893,0.02938450741632764
250.0,0.3590090312786697,0.23049760083910675,0.31207529760213315,0.09841807028009046
941.0,0.0130454879044357,0.42093724859497955,0.5082388692790107,0.05777839422157407
1245.0,0.18257552518766756,0.571355155879625,0.21944304452505065,0.0266262744076568
1457.0,0.013113542774334113,0.026500028607300045,0.2128749811191708,0.747511447499195
795.0,0.02606568476063331,0.545095314777047,0.3045447838293383,0.12429421663298143
1044.0,0.026402979410962545,0.7859604679988563,0.14587484363768305,0.04176170895249814
702.0,0.00305573549091153,0.22081665479164997,0.7330646494986423,0.043062960218796256
501.0,0.33187143968717736,0.5187937750696154,0.13715333517516723,0.012181450068040073
1613.0,6.099943142645141E-4,0.06503735430496753,0.6711832193587323,0.26316943202203574
741.0,0.9150391215978056,0.08326949347103806,0.0016170752200152035,7.430971114103844E-5
168.0,8.353391789749864E-4,0.024227517458240727,0.47591759784065746,0.4990195455221269
1186.0,0.9386281152663735,0.06080612310361544,5.490828330911262E-4,1.6678796920070314E-5
266.0,0.3004535363130255,0.6365281775245718,0.06131755833589443,0.0017007278265082659
832.0,0.0035784670470958824,0.2986037067452435,0.5274963942772204,0.17032143193044028
1287.0,0.004317792552144969,0.4192566557665119,0.4891137300681124,0.08731182161323085
649.0,0.0026941585647545286,0.1329241770797731,0.8474721342399286,0.01690953011554377
179.0,1.9438795082453298E-4,0.0012443821513743872,0.057773294924278934,0.9407879349735221
1503.0,0.8463323948422947,0.14395078496188046,0.00926954241182087,4.472777840038816E-4
1146.0,1.944087105266497E-6,0.0016216914179229998,0.0757432913361789,0.9226330731587928
812.0,0.030423104718588525,0.6122644483702325,0.3297058579732434,0.02760658893793534
316.0,0.007930397787094598,0.8812224445107869,0.1016386954064002,0.00920846229571826
887.0,0.0014355834966831918,0.09321767420006093,0.5671868904765519,0.3381598518267039
1228.0,0.01388735800091091,0.6601966590694571,0.2924770928627109,0.03343889006692122
1385.0,0.009238892271923028,0.16422175830329797,0.416898706158506,0.4096406432662731
98.0,0.8762773696874399,0.12128351978763387,0.0022177380979680706,2.2137242695813623E-4
1571.0,0.05375348291044682,0.3039622642983014,0.5632990104962627,0.07898524229498917
722.0,0.006152546207307575,0.2236734659474076,0.6363981557705575,0.13377583207472726
451.0,0.6734215581667486,0.31158552131834394,0.013361789519941178,0.0016311309949663421
612.0,0.0010407719026480963,0.016109828677258773,0.34453662680489977,0.6383127726151935
408.0,0.771805996550298,0.18054610122291262,0.025875419726477895,0.021772482500311476
1029.0,0.008317374605591524,0.35771514245169517,0.5927541825139037,0.04121330042880977
1440.0,0.03564228697846404,0.6007587917042756,0.33175664920784353,0.03184227210941691
225.0,0.9398920993611996,0.059111391398023586,9.288675183241626E-4,6.76417224527086E-5
961.0,0.01317237438274469,0.21331725314466257,0.6179129730600321,0.1555973994125606
922.0,1.043979272268395E-4,0.0020678267929095545,0.06233576744456806,0.9354920078352956
359.0,0.008497859126365429,0.1166768189093441,0.4320209311075167,0.4428043908567738
1302.0,7.71334145150658E-4,0.6433811665016053,0.3146617030645959,0.04118579628864822
1203.0,6.098135887611188E-6,0.0010920718334237788,0.0823808613137719,0.9165209687169167
75.0,0.07467695581599498,0.2583486217147224,0.5552684510774311,0.1117059713918516
1628.0,2.9619761786260153E-5,0.016708370520039657,0.6643896293740505,0.3188723803441235
575.0,0.008933113964702121,0.5599195090551711,0.4077946735007026,0.023352703479424156
1156.0,7.873679457459893E-5,0.005932800310809088,0.21129279987839603,0.7826956630162204
851.0,0.6755552057291958,0.3096555921115653,0.014117480793435604,6.717213658033847E-4
1313.0,0.0011989855261380887,0.134337734159013,0.446670065889516,0.41779321442533296
1643.0,0.002258759622507285,0.07963364381728456,0.2740813201759173,0.6440262763842909
56.0,0.2559639594930081,0.534820222740433,0.177586419486419,0.03162939828013981
758.0,0.09673156582794672,0.7498266242313302,0.1161947811985419,0.03724702874218119
465.0,0.29603216914872543,0.6400657161743729,0.05893896647584469,0.004963148201056809
186.0,0.033702577814208434,0.258080866126753,0.6780978879581429,0.03011866810089569
685.0,0.12849874164484978,0.6006489086096353,0.2575159547755501,0.013336394969964797
1431.0,0.11062921842317892,0.7088707232757792,0.13743517631498758,0.04306488198605425
302.0,0.002597821778499852,0.0496299122968811,0.411568272339087,0.5362039935855321
776.0,0.9242463740622867,0.07445291729744201,0.0012893834994823965,1.1325140788648944E-5
1074.0,0.8350234590726976,0.16224732368395772,0.0026637665387359323,6.545070460884202E-5
1374.0,1.2842448013139047E-5,0.003843996085658043,0.37069071848868745,0.6254524429776414
373.0,0.857720952007749,0.12600887974383745,0.013966015879728956,0.00230415236868455
958.0,0.021645645870907487,0.4947370586561847,0.40162313123729637,0.08199416423561141
1275.0,0.02512569230084958,0.28198007773259387,0.6383709548878701,0.054523275078686435
539.0,5.734549139939414E-4,0.04978625091872724,0.9231820038710558,0.02645829029622309
1556.0,0.0021605042578450523,0.16655824344706446,0.804167136457853,0.02711411583723745
394.0,0.6743372976709898,0.2860732814678133,0.036926948446110545,0.0026624724150862214
576.0,0.004318379691949782,0.5392907570454579,0.3524196466052816,0.10397121665731078
1101.0,1.4461757520478348E-4,0.03922461392729271,0.6694092810468487,0.2912214874506538
997.0,0.22790241428090643,0.2599713566375901,0.41548764619283135,0.09663858288867225
232.0,0.016181419953750643,0.0630613365881317,0.5715613175374786,0.34919592592063897
1512.0,0.2001636533525107,0.08719386020693845,0.34874150062651593,0.3639009858140349
1537.0,0.040540710948311,0.29912414308834734,0.24071412707761516,0.41962101888572656
707.0,5.61557888397718E-4,0.31023400019108693,0.6574333240971456,0.03177111782336971
281.0,0.2211087406981637,0.1191116581050215,0.29751687624203255,0.3622627249547823
870.0,0.0044728732408495855,0.1297555200502173,0.5453514890692255,0.3204201176397077
23.0,0.2533159720610958,0.6471416266081617,0.08924613287526233,0.010296268455480243
1262.0,6.430097523680109E-4,0.2807441701566427,0.6686094993413417,0.05000332074964748
1355.0,0.8247991046996757,0.1690864829911888,0.005644468282846794,4.699440262886823E-4
33.0,0.0037103392827692325,0.06300873410098176,0.6197279841375252,0.3135529424787238
1533.0,1.9087037113821285E-5,0.0031462747888134674,0.2470297309470272,0.7498049072270454
1112.0,0.8616948490580285,0.13363656473554641,0.004191453695371793,4.771325110534439E-4
222.0,0.0012626770511488697,0.15661041143933147,0.7139871452925786,0.1281397662169412
829.0,0.010117762480785815,0.6294142030510695,0.3421097300374992,0.018358304430645553
664.0,0.7228177809951717,0.26602962434639044,0.00982723292033433,0.0013253617381035155
486.0,0.019880172496382,0.7501280358443396,0.2126490567217232,0.01734273493755526
1662.0,0.0010783778834536043,0.20924016596917022,0.7749898735354561,0.014691582611920096
445.0,0.10282322157022152,0.4330268606644476,0.30224898171006137,0.1619009360552695
558.0,0.00244885392020129,0.2976006980581425,0.6060109026491155,0.09393954537254084
907.0,0.4246723505309668,0.4191778922889719,0.11342414085013834,0.042725616329922875
1332.0,0.0017189899923972826,0.046568071745918226,0.2702675348111078,0.6814454034505767
1169.0,0.05843690796034223,0.7883583388236319,0.1392198884864458,0.013984864729579998
1063.0,0.021024166766947017,0.8088433049864755,0.15129762493593257,0.018834903310645055
1410.0,6.248640793667785E-4,0.025094462066309966,0.4384937318519519,0.5357869420023713
976.0,0.7770282992895499,0.1581779486465915,0.04418292233407546,0.02061082972978312
322.0,0.00868063739085695,0.06290140224614077,0.17917243431693503,0.7492455260460673
629.0,0.004887899733095577,0.7469365540546904,0.21677681189782325,0.03139873431439077
140.0,0.0052635468906192945,0.25634964167753954,0.7091127835812696,0.02927402785057163
1461.0,0.7017929763658586,0.14494804791300653,0.060869891567096754,0.0923890841540382
793.0,0.0033787707650007716,0.07854272554998004,0.8882436940845857,0.02983480960043346
215.0,8.876547199729472E-5,0.049434827159312786,0.5920184398364899,0.3584579675321999
1040.0,0.042914106756767496,0.5764861365255542,0.301796696584897,0.07880306013278121
500.0,9.348054144581554E-4,0.10320533405328235,0.6674965081040596,0.22836335242819994
700.0,5.9617870585495614E-6,0.0010944626380581279,0.09026827377030906,0.9086313018045743
1609.0,0.006457863274563205,0.6618066637433648,0.2941821944850885,0.03755327849698354
80.0,7.86646960447989E-4,0.03769753483674866,0.5764103045108107,0.38510551369199275
743.0,0.8259815234951271,0.04178296973858651,0.11599408136544148,0.01624142540084493
1190.0,1.2679711498084733E-6,0.0015052893476319776,0.058000836761897615,0.9404926059193205
267.0,0.01569365576385783,0.7267121344720776,0.21106699521532377,0.046527214548740856
834.0,0.00673904530791158,0.6762630223726608,0.28524874597637884,0.03174918634304887
1283.0,0.0647045164349713,0.21589960741499858,0.3443396151027875,0.3750562610472426
1135.0,0.7960013374948437,0.1938086094504234,0.009271374908069953,9.186781466628718E-4
1012.0,0.0014129339364035236,0.8567819974488512,0.12582426908526534,0.01598079952947992
336.0,0.4999301358397079,0.4728520182941635,0.02613487294211983,0.0010829729240087627
1482.0,0.47998289819130274,0.5026668555645959,0.016891852378823964,4.5839386527718034E-4
133.0,0.0059519696121959256,0.44676663389153554,0.5046787207573187,0.042602675738949956
1664.0,7.664086692017383E-5,6.427981685057502E-4,0.0638086284927916,0.9354719324717825
593.0,0.009678430750383214,0.09940787000696834,0.6728494854237439,0.21806421381890467
522.0,0.23043144345626612,0.6836191359863406,0.07945958771890461,0.006489832838488731
431.0,0.7981562545390862,0.18938708192461304,0.011957399291933544,4.992642443670176E-4
1590.0,3.713779368417895E-4,0.015540062392942948,0.5207397179902036,0.46334884168001167
1404.0,0.051972813562760393,0.6215918204857106,0.3014386681104994,0.024996697841029737
943.0,0.015390117641829942,0.8115565918900166,0.14966316835941462,0.023390122108738812
121.0,0.6317441348852156,0.3331176042688997,0.030813743947707584,0.004324516898177185
1241.0,4.0187752532405815E-4,0.12274955175835597,0.6450867931392134,0.2317617775771066
409.0,0.0034128395763772614,0.04774421878249012,0.7920709169299035,0.1567720247112291
614.0,0.008091248091344786,0.11115488883064317,0.6312228412720552,0.2495310218059568
31.0,0.020573396014666196,0.16262854559273549,0.3800983309455084,0.43669972744708996
49.0,0.9421714497431946,0.05703242165401532,7.39645055227959E-4,5.648354756232527E-5
1025.0,0.0015483769200859195,0.06775474182409043,0.5730126181676738,0.3576842630881497
1444.0,9.093869765200361E-5,0.005576446246802424,0.2681470860873164,0.7261855289682291
963.0,0.0010733794952477867,0.01651931581385032,0.49224094029101434,0.4901663643998874
920.0,2.908208515175141E-4,0.017923444265927672,0.7598886365048838,0.22189709837767088
358.0,0.8403424183660697,0.15344712402433433,0.006035620912070285,1.7483669752575042E-4
1298.0,0.13095722784097533,0.06925180550346374,0.414692092076934,0.3850988745786268
1207.0,0.5159974690079383,0.34531318109395603,0.12921531080770768,0.009474039090397995
1624.0,0.9420254759768815,0.05733217654167997,6.2803564205329E-4,1.4311839385478691E-5
158.0,0.006732067092774525,0.14884866688404666,0.7766785030394309,0.0677407629837479
573.0,1.5097277745679857E-4,0.09130196187302712,0.8274300785705043,0.0811169867790117
651.0,0.0025755515693580027,0.07663701120155356,0.6475914545995712,0.2731959826295174
1499.0,0.6629789588215247,0.3092655009076353,0.026317399412468814,0.0014381408583709245
1150.0,0.007701415055628653,0.31355219188693456,0.46304091939885156,0.21570547365858536
814.0,0.27362915361843615,0.5255741542983998,0.1525588510623727,0.04823784102079128
317.0,0.699914316699191,0.2859205860995661,0.013046077467169247,0.0011190197340738197
885.0,0.0014256096588542053,0.058908464177496934,0.7288242233300113,0.21084170283363762
204.0,0.17437530601344292,0.33327841038258993,0.2528233084562171,0.23952297514775
1224.0,0.6520559189247421,0.31854888227956774,0.028171313437065203,0.0012238853586250418
1389.0,0.0035381488471365728,0.7785376711573709,0.20011564309671045,0.017808536898781993
1575.0,0.32884207078525296,0.5226893019129087,0.14104407240499187,0.007424554896846381
450.0,0.24357558795177553,0.5088344636388391,0.17509909763438206,0.07249085077500349
720.0,0.3154722849363701,0.5946268219519626,0.07795498030608881,0.011945912805578551
1370.0,0.0013836979645728952,0.09269737622961796,0.7922476057619909,0.11367132004381815
956.0,1.2985995993975655E-4,0.3402107064532302,0.5648879179504434,0.0947715156363867
372.0,0.7364831557450539,0.25961909980904374,0.003809205726159393,8.853871974303242E-5
1279.0,0.9523113465034881,0.04685414576786888,7.835897184082796E-4,5.0918010234482854E-5
537.0,1.953815953450833E-5,0.002286133243071184,0.13147163794603667,0.8662226906513576
1552.0,0.7395362281578399,0.24244404568334915,0.01647336014079015,0.0015463660180208916
151.0,0.4788946362692241,0.4975700056843582,0.022975120649410263,5.602373970073773E-4
578.0,5.581205345316127E-6,6.631519993852509E-4,0.083948588204063,0.9153826785912064
395.0,1.5161226138558781E-4,0.005094710235956988,0.16275281304616418,0.8320008644564931
1097.0,1.8441998873313967E-4,0.9186124895474699,0.07445563899312078,0.006747451470676186
112.0,0.8817863732317746,0.11305704034327098,0.004885206806427372,2.713796185271415E-4
999.0,1.1805901770025852E-4,0.08015472451781339,0.8863914881819085,0.03333572828257794
1516.0,0.4908105511753062,0.48521449032602076,0.022592730686450815,0.0013822278122221274
1152.0,0.1608661113504517,0.6985025336044116,0.12944095635304703,0.011190398692089664
197.0,0.034287663433035,0.6654990551344832,0.2638931815764392,0.03632009985604246
849.0,0.04536409393415999,0.8208672016413562,0.11931072936525283,0.014457975059231045
1317.0,0.05349077898864229,0.44488737094479813,0.3910898591323864,0.11053199093417318
1647.0,0.0034345633289993814,0.010375443508734573,0.1569336945959151,0.829256298566351
756.0,0.008839466112430859,0.24025051955891308,0.5850014715890645,0.16590854273959157
464.0,1.7798759760814535E-5,8.311852821385594E-4,0.04345611651750219,0.9556948994405984
687.0,3.9414912700238224E-4,0.12568676251927974,0.7373542737682112,0.13656481458550676
89.0,0.9730499071064905,0.026151101758976822,7.654738865964317E-4,3.351724793610052E-5
1427.0,0.06306424730978863,0.8536894580820428,0.07465200091091306,0.008594293697255588
778.0,0.006105112118745481,0.046230028631715867,0.7909062660452848,0.1567585932042539
303.0,0.00716550906155044,0.04296318447618255,0.3269186560934497,0.6229526503688173
1078.0,0.9633306777369613,0.03627673979883687,3.8013684171769125E-4,1.2445622483908696E-5
1123.0,0.002440450480542854,0.055113336078542886,0.3826536045699446,0.5597926088709697
1478.0,0.8808210180143402,0.05520062356458217,0.0378727436541032,0.026105614766974438
339.0,0.08308060158328517,0.8275410806597633,0.08219965456188066,0.007178663195070891
1010.0,0.00928300665866977,0.5951739583506238,0.2814738846338985,0.11406915035680781
11.0,0.8594938149291885,0.1363203608185809,0.003722096019970168,4.637282322603396E-4
599.0,0.06333184242239304,0.40692663024982634,0.26740047026224734,0.2623410570655332
70.0,0.001829255663481195,0.5444552746001368,0.40132928874537804,0.052386180991004096
1594.0,0.10878999175766615,0.4164879211209422,0.41477741536057877,0.059944671760812814
524.0,0.7512093324768856,0.21739154177176107,0.027229545480550198,0.004169580270803248
428.0,2.408946421499706E-4,0.01851214839832994,0.2985082319824641,0.682738724977056
937.0,0.5880171275020784,0.39219333183300503,0.01832975630326679,0.0014597843616498368
251.0,0.8601590891911962,0.13428385463079034,0.005028572549592371,5.284836284210633E-4
1392.0,0.07315992928852735,0.6272535163024386,0.2509437450852118,0.0486428093238222
1237.0,0.5145498492804619,0.45787527772247744,0.021703034492623254,0.005871838504437453
111.0,0.9346234721013713,0.06426241746689436,0.001015648281279202,9.84621504550299E-5
1465.0,0.004854560698228194,0.0653218078483385,0.5830948972484746,0.34672873420495876
1052.0,0.022159887223664555,0.32613503183200815,0.529954899159173,0.12175018178515436
799.0,0.004939656745974855,0.04278971897404123,0.4356330232701387,0.5166376010098453
503.0,0.047139878228011786,0.8380499075186095,0.10299043922233872,0.011819775031040008
698.0,0.9289649842540117,0.069865138428765,0.0011236994607461803,4.617785647694704E-5
1605.0,0.9079233181649297,0.09115011451403282,9.141423518857021E-4,1.2424969151627157E-5
169.0,0.9598069306859339,0.03949494063537658,6.87431797582534E-4,1.0696881106896289E-5
737.0,0.29285742131925446,0.5956042242604264,0.09732082053517953,0.014217533885139523
836.0,1.2871877123273636E-4,0.005359855649575984,0.2678648021798803,0.726646623399311
264.0,0.8465453609595229,0.09495489237383761,0.04490292694162826,0.013596819725011151
1295.0,0.5345156461537804,0.22105331173550205,0.1860903410760098,0.058340701034707704
552.0,0.02676643548244313,0.40547127605481664,0.4149360849636869,0.15282620349905343
446.0,0.007881576535167837,0.04169516155058875,0.3240690678387881,0.6263541940754553
1650.0,0.5803765762474171,0.38317904808626324,0.035137254620365654,0.0013071210459540076
1336.0,0.031135576631871557,0.5445755230978757,0.3727532417335805,0.05153565853667231
242.0,0.006064560637917534,0.14238183669177623,0.7681333533152566,0.08342024935504974
909.0,0.004224772512950744,0.2109097840381226,0.6332728394388482,0.1515926040100785
1181.0,7.849211032926212E-5,0.004731612365681597,0.11972502132513008,0.875464874198859
42.0,8.726936744596624E-5,0.01753356035504013,0.23219252059915857,0.7501866496783552
1067.0,2.4922904904047357E-5,0.0020586134933293816,0.13628708047759436,0.8616293831241723
982.0,9.178422659980931E-5,0.001260679266813822,0.09129858581754774,0.9073489506890386
321.0,0.2665462871902159,0.44536738185908975,0.19804390020734972,0.09004243074334459
1422.0,0.029462212124136817,0.49101719639507374,0.4401650027043888,0.039355588776400524
627.0,0.004415511989889872,0.050200206341106966,0.5889228029553131,0.35646147871369016
1549.0,0.0038364081712426146,0.10429247499905193,0.5765093885940583,0.31536172823564723
709.0,0.002604473876551445,0.45809408993234757,0.4693254525475524,0.0699759836435485
160.0,0.010401937525136382,0.14580687926833683,0.7798016585379259,0.06398952466860078
1250.0,1.0172531358817353E-4,0.0026401061647138516,0.08633104019503021,0.9109271283266678
864.0,0.023323207136914846,0.11405562982579497,0.5141559681220034,0.3484651949152869
282.0,0.23490826850932686,0.7176566873669448,0.045427820073322425,0.002007224050405889
1351.0,0.005596228076869821,0.04984660653894024,0.5608143677343773,0.3837427976498126
1521.0,0.21686434949801822,0.42241315482826414,0.2741236921672161,0.08659880350650143
827.0,1.388006722549218E-4,0.023576078210380776,0.3194313840542697,0.6568537370630947
1108.0,0.8732836787588438,0.12325632964131637,0.003264004010571647,1.9598758926790713E-4
485.0,0.9695635906313542,0.029903782512818555,5.242105582570065E-4,8.416297570295079E-6
670.0,0.9459081909971365,0.05319712385974425,8.254502776117384E-4,6.923486550761798E-5
855.0,0.0067915738096927135,0.31071308460553637,0.6535859012460942,0.028909440338676734
15.0,0.5933266635340886,0.19363884235819656,0.12888668229065686,0.08414781181705812
1164.0,0.001155300053644921,0.0315447432901916,0.3586918256330159,0.6086081310231476
1321.0,0.006556692974269901,0.07584663222736764,0.6740626063715874,0.243534068426775
102.0,0.00269348485636787,0.08843704764627909,0.7282440540078703,0.18062541348948274
1635.0,0.0015818963698739383,0.16336779805867768,0.7983035045231989,0.036746801048249525
467.0,0.004406704637119929,0.09840735217333352,0.8279855231642196,0.06920042002532696
754.0,0.0012140422460129765,0.0249087976905621,0.19860072343129884,0.7752764366321261
681.0,1.7737450810331913E-4,0.12188110924252504,0.6744771387042184,0.2034643775451533
187.0,0.23288012802995153,0.32958133050462296,0.24174185881585222,0.1957966826495733
1439.0,0.003567821605617967,0.12951071584935112,0.3301823847649444,0.5367390777800867
1082.0,3.0872905799870197E-4,0.05312715899910225,0.5177802549844521,0.42878385695844695
300.0,0.9439056629126789,0.050064346574542624,0.005384577911524568,6.454126012541912E-4
780.0,0.9789849494857241,0.020790991861448668,2.1797123919762342E-4,6.0874136296288455E-6
954.0,0.007065105114723071,0.39700562871946765,0.46856669676879903,0.12736256939701032
375.0,0.7473746538777459,0.24279373544850358,0.00963504342157981,1.9656725217066865E-4
1366.0,0.9011894289734753,0.09445577067861204,0.004130119167546927,2.2468118036563737E-4
1267.0,0.45000531315287223,0.5225434046237072,0.02296058349034147,0.004490698733079174
79.0,0.0036031486750903664,0.4085538764848281,0.557550402956561,0.030292571883520424
1564.0,0.025507466049542137,0.30535596830604167,0.5268725956736355,0.14226396997078058
543.0,0.880132983804845,0.11368250265616846,0.00471072801852198,0.0014737855204645562
580.0,0.5554878936761755,0.40917061101390323,0.03199667499637067,0.0033448203135504812
392.0,0.36374152852968605,0.5054391638326131,0.12051906586568625,0.010300241772014652
1093.0,0.6008856186578629,0.3575686615418806,0.03797979643036912,0.003565923369887356
1504.0,0.1342316977074033,0.758503184669217,0.07654758081986292,0.030717536803516892
233.0,0.9687958808597622,0.030443572415344462,6.991413869316992E-4,6.140533796163253E-5
993.0,0.15865021195193282,0.7714442938546466,0.06325732614681358,0.0066481680466068255
178.0,0.018128998052178394,0.4956167066607262,0.43350719903145696,0.052747096255638476
653.0,3.227108554674043E-4,0.8807307581378105,0.10973631019346891,0.009210220813253237
1495.0,0.9398920993611996,0.059111391398023586,9.288675183241626E-4,6.76417224527086E-5
808.0,0.24452464174728197,0.6040314672583064,0.11101811022778249,0.040425780766629
318.0,0.09505310905900917,0.3410613083148348,0.4526759301456103,0.11120965248054582
1138.0,0.21401868320804027,0.6611299714409413,0.11834458703094977,0.006506758320068598
1220.0,0.3317618206058981,0.1421352896332213,0.42467408987948363,0.101428799881397
883.0,0.005317093429695139,0.14108236335033003,0.7760512618476626,0.07754928137231215
1377.0,0.0020316336650280137,0.10601463872381305,0.7811924046869435,0.11076132292421537
1579.0,0.21267643263159522,0.5872604841331684,0.11739632517261392,0.08266675806262243
58.0,2.2482286922195254E-4,0.01761508807211567,0.43192993628400844,0.550230152774654
449.0,0.11786718315620866,0.28339517743102227,0.4573952578143568,0.14134238159841217
726.0,7.267586069828728E-4,0.079045376481725,0.5133726003805701,0.40685526453072207
410.0,0.8163490772887713,0.1436516295504647,0.030647843267607482,0.009351449893156737
608.0,0.03644571946187759,0.45672650468361886,0.4808262757659165,0.026001500088586996
1037.0,0.0014734355917012515,0.018294407531196252,0.14245972045989688,0.8377724364172056
965.0,1.302049629655369E-4,0.005504432592053246,0.30795887661005517,0.6864064858349261
224.0,0.003135745941558764,0.523387248748279,0.4392224504002543,0.03425455490990806
1448.0,0.9135780546984101,0.08525825940773007,0.0011405265788238927,2.31593150358665E-5
1310.0,0.9128293830809667,0.08564900581570324,0.0014375334964790091,8.40776068510186E-5
926.0,1.6077722430974588E-4,0.04455657851681312,0.21606715921873723,0.7392154850401399
357.0,0.007130850104110494,0.5903457747569314,0.346801469859406,0.05572190527955208
1211.0,4.153638775023461E-5,0.008452318102259061,0.21303823526229715,0.7784679102476936
571.0,0.0025366973048838387,0.10220233006218105,0.44128357312634786,0.4539773995065872
1620.0,0.01005213032269904,0.07234332662683722,0.7442656396281032,0.17333890342236066
1469.0,3.1354909448652124E-4,0.012175587167150724,0.734385322202704,0.2531255415356588
1048.0,6.743443557296668E-4,0.042875623410872025,0.7785843004884743,0.177865731744924
214.0,0.012356377809011058,0.053241943205686204,0.46232583277494893,0.47207584621035387
797.0,0.0053037594738194575,0.07893529834350321,0.7749377900364711,0.14082315214620625
696.0,0.7841532931329733,0.18304839504145845,0.0312156123884473,0.0015826994371209856
502.0,0.005575308730983526,0.19154998955448066,0.5805560149985529,0.22231868671598268
1601.0,4.937708995005286E-4,0.04727882342651954,0.8520140922579427,0.10021331341603716
739.0,0.9484184739980119,0.050817369152413853,7.20376016716738E-4,4.378083285769697E-5
838.0,8.048707639786547E-4,0.17200059676018684,0.2866947343105015,0.540499798165333
265.0,7.765812336113539E-5,0.0015968606943505715,0.0701897261564959,0.9281357550257924
1198.0,0.5720590475861418,0.29895187913958876,0.1049020840402122,0.024086989234057173
22.0,0.028348594973859668,0.1357216863741479,0.5616126432256453,0.27431707542634737
35.0,0.012637578512079656,0.6730021281625154,0.24699825517888363,0.06736203814652146
1291.0,0.8807685945517678,0.11528837931690693,0.0037673745363028363,1.756515950223467E-4
1127.0,0.008152331840940897,0.5960205704779002,0.33949306129165435,0.056334036389504454
1474.0,2.55568664459555E-4,0.006279421953852991,0.13995982446409264,0.8535051849175948
1008.0,0.0066541316671157764,0.501229961907592,0.47514103865939583,0.016974867765896327
338.0,0.9690571471641575,0.028949920339322685,0.0019535716494488223,3.9360847070937335E-5
597.0,0.0021341592728637746,0.20110239093169813,0.6681391550474265,0.12862429474801162
1672.0,0.005641823264227273,0.2843993795419119,0.2966482857474983,0.4133105114463623
132.0,0.018806189330180884,0.8226860886289673,0.12901912031199034,0.02948860172886137
1598.0,0.9716502862450079,0.02790418029015472,4.3883025784841186E-4,6.703206988991229E-6
429.0,0.9203492559922472,0.07647464999461727,0.00297836687064526,1.9772714249039587E-4
526.0,0.021255179423048182,0.6580060498841891,0.2547061841524282,0.06603258654033455
939.0,0.002955890190869552,0.6297511943784602,0.3325792792532706,0.03471363617739987
1396.0,0.010573654024685427,0.11254615487669924,0.6178696737014512,0.2590105173971641
1233.0,0.37449512804268215,0.4064444867801068,0.1621758016448585,0.05688458353235258
1545.0,0.0033310040089349884,0.14394189438269128,0.27699228170943396,0.5757348198989397
84.0,0.5340436737271308,0.44739288814384365,0.01747234141299387,0.0010910967160318145
711.0,0.9462861702231145,0.05285796035978239,8.225220645035479E-4,3.334735259968841E-5
1254.0,0.0033954693849020377,0.18712639447784354,0.7251411803617612,0.08433695577549315
866.0,5.4447893175295235E-5,0.005959687466818096,0.11432468241218317,0.8796611822278233
283.0,0.5328322543801985,0.4067981178743953,0.057614375852785366,0.0027552518926209505
1347.0,0.9270875924434816,0.07133438053377453,0.001368255894907858,2.097711278359009E-4
1525.0,0.010172267528422043,0.1282488667650756,0.374996574386582,0.4865822913199203
825.0,0.0024251238378021627,0.08818068520606608,0.8413736740857496,0.06802051687038203
223.0,0.05996242515029446,0.9199803789364961,0.01801449683544366,0.002042699077765744
1104.0,0.03492493051418314,0.811208276994876,0.14628190279375428,0.007584889697186752
484.0,0.7534234176574348,0.0747422987312177,0.10993216738350932,0.061902116227838
668.0,0.3197915591358698,0.5694037573855615,0.09804003549903405,0.012764647979534733
554.0,0.13368489006060866,0.7696492883768734,0.09152424210404063,0.0051415794584773475
447.0,0.010160460498656614,0.7425024250133342,0.19330345712790423,0.05403365736010488
1654.0,1.8735536608425286E-4,0.01835867229797437,0.7549791421974777,0.22647483013846365
1340.0,0.8937382612041725,0.10444121624079862,0.0017717237863964794,4.879876863248576E-5
911.0,0.7848164724063519,0.21260636340138309,0.0025214845847827674,5.567960748232282E-5
125.0,0.8908147483496566,0.10772772965496595,0.0014165600257344177,4.0961969643190024E-5
1177.0,0.015178783833503722,0.32750277902173036,0.41166952835811405,0.24564890878665196
1071.0,2.817669611662242E-4,0.008365936424120321,0.09318518185489046,0.8981671147598229
980.0,0.0024465640222719504,0.5407776208857688,0.4168064485837322,0.03996936650822701
320.0,0.3383686679245245,0.5504370106712595,0.0902423084915364,0.020952012912679438
1418.0,1.0871996390796804E-4,0.0015064111582868346,0.07816497127575407,0.9202198976020511
141.0,9.124759877627824E-4,0.14588575198912218,0.78155250205143,0.0716492699716851
625.0,0.0014708055533255906,0.03831394016907972,0.8202854325828797,0.13992982169471516
374.0,0.11455580139298598,0.381734858345683,0.3373303839790804,0.16637895628225077
952.0,0.9261232884995201,0.06379587398338654,0.007199503132101738,0.002881334384991594
1362.0,0.983626272456739,0.015559052936829952,6.587515517734301E-4,1.5592305465758415E-4
1271.0,0.11591860764084443,0.2018597089642707,0.4471307677012008,0.235090915693684
150.0,0.012061427604909362,0.7376724909941405,0.21291420596059202,0.037351875440358284
1560.0,1.100000718335529E-5,0.004583022286854786,0.27053807703318145,0.7248679006727803
541.0,0.13934361895871272,0.22145787055814026,0.3714167005321675,0.26778180995097955
393.0,4.401423997109516E-5,0.0032410175843847287,0.25989301166397283,0.7368219565116713
582.0,0.8001301621377969,0.1841766666495316,0.015235410818523677,4.5776039414767585E-4
30.0,0.0015432285694657617,0.638495395291165,0.31486691985426857,0.04509445628510064
51.0,0.6052278458247493,0.36246714959760934,0.031170175335549055,0.0011348292420922566
1089.0,0.002732317516408768,0.0969690233657449,0.48041858830667067,0.41988007081117573
1508.0,0.29932620472337956,0.6544267060583184,0.04251515737426837,0.0037319318440336632
995.0,7.249803871528445E-6,0.01836074351270547,0.413680728454667,0.5679512782287559
853.0,0.9569467062166107,0.04240750829032234,6.045850077562098E-4,4.120048531070878E-5
1160.0,0.0017671985558353094,0.1400961852180966,0.7439023429651319,0.11423427326093634
196.0,0.001926411066512925,0.06317496412853733,0.2244577798795824,0.7104408449253674
1325.0,5.1410713604812215E-5,0.007970297694403373,0.29293910153922414,0.6990391900527676
1639.0,0.16285952243084206,0.7513659987694715,0.06531978067137956,0.02045469812830687
752.0,0.9758058857848173,0.02398529108508245,2.0532771213033625E-4,3.4954179698437027E-6
466.0,1.5830392768002033E-4,0.03511500701511404,0.3267530124265128,0.6379736766306932
683.0,0.046696277617681047,0.7247005887723883,0.21131912242847423,0.017284011181456307
1435.0,0.03236492738328519,0.46802815064064973,0.4265691862029876,0.07303773577307754
1086.0,0.007511501541935982,0.4433731615608946,0.4582892916447633,0.0908260452524062
301.0,0.008128972968274025,0.0728859270963935,0.6356186724573798,0.2833664274779527
782.0,0.009174086929467883,0.044230684920015605,0.32860593609575706,0.6179892920547594
411.0,0.43805791005669414,0.42901789733385015,0.10417046610374785,0.028753726505707785
610.0,0.7292185476410915,0.18538887375041951,0.07198340528213915,0.01340917332634997
1033.0,0.8526670553671594,0.05361882525213502,0.06412145149464636,0.02959266788605923
116.0,0.9747712078508991,0.024910718903148867,3.104833371094E-4,7.589908842549996E-6
967.0,7.553218117466134E-5,0.022831388932421738,0.5344123696458237,0.4426807092405798
1306.0,0.0011982704715503452,0.03947339297116021,0.37961815688822803,0.5797101796690616
924.0,6.006463234683097E-4,0.030453692635757094,0.623726377296018,0.34521928374475674
356.0,0.0037388924246306264,0.07558697673547267,0.7807901571322473,0.13988397370764957
1215.0,0.28997892299106287,0.6508560830571991,0.04207035941124296,0.01709463454049503
569.0,0.07116833321937444,0.06278805980252682,0.23669279529568418,0.6293508116824145
1616.0,0.41803905375979244,0.5239195757434396,0.052475282834518334,0.005566087662249655
159.0,0.908530276632689,0.0889799049807402,0.002445768892208744,4.404949436210369E-5
655.0,0.002502309820361075,0.17237615995622416,0.6404618639583118,0.18465966626510302
93.0,5.7966716980857985E-5,0.001712662046531165,0.16803114565055693,0.8301982255859311
1491.0,0.11577169800498383,0.3090489770329377,0.4468730810427147,0.12830624391936377
810.0,0.0024804214360892372,0.16210834830822682,0.6699568162431639,0.1654544140125199
319.0,0.004050355123290733,0.16655424757129517,0.758155766050579,0.07123963125483511
1142.0,0.010925562368595727,0.2546384381375552,0.6595255367401233,0.0749104627537257
205.0,0.007146333903846723,0.11132101719678157,0.4659181419169662,0.4156145069824055
1216.0,0.22197465060547372,0.6992743062717811,0.06805324456690975,0.01069779855583531
881.0,0.9367553162389045,0.06263672666588627,5.519607307441809E-4,5.599636446502496E-5
1381.0,0.4501057691753458,0.45093200711655407,0.08760905958460688,0.011353164123493355
1583.0,0.3543930581718933,0.5718935069357703,0.06845582693939202,0.005257607952944116
724.0,0.8793342638412392,0.11696764710982369,0.003061443101840916,6.366459470961866E-4
448.0,0.20452250106520786,0.6130146683315113,0.1558066678791314,0.0266561627241493
1669.0,0.6423149128410257,0.24122002707878923,0.10961752507146635,0.006847535008718634
641.0,0.5762010182182815,0.382153780121751,0.036969513385993975,0.004675688273973598
177.0,3.465655890223236E-4,0.05453410141798104,0.605784099113,0.33933523387999665
1130.0,0.008884318071554173,0.44773832310030726,0.46703680376987994,0.07634055505825872
312.0,0.008750509149884554,0.47428557782503816,0.45805806570859803,0.05890584731647914
804.0,2.448837568161446E-4,0.013151514544333172,0.23966437479950697,0.7469392268993437
1487.0,0.05018268088064565,0.7257427374393755,0.20319882736231457,0.02087575431766433
1401.0,0.013710903991370295,0.16061903965990776,0.33986643992905946,0.4858036164196624
99.0,0.5850414014835429,0.3919655860354485,0.02207076490198416,9.222475790246354E-4
895.0,6.45905293717931E-4,0.2922020554184986,0.5652953770953171,0.14185666219246645
1244.0,0.09420746393037972,0.1382533031109173,0.3242581903301604,0.44328104262854273
730.0,8.784528841873636E-4,0.15218519135635802,0.6885769208794789,0.15835943487997575
455.0,0.007263282700400863,0.3327603888577674,0.5085940497216019,0.15138227872022997
1587.0,0.010330133125448228,0.34388600930690233,0.5567572554128996,0.08902660215474982
620.0,0.5535141090778085,0.39963709322181223,0.04517993533505776,0.0016688623653215169
412.0,9.880575181315653E-4,0.1020296120686871,0.850088219769054,0.046894110644127456
227.0,0.6538078014351819,0.328290311997841,0.017545754913858878,3.5613165311824924E-4
1456.0,0.0016857293577653917,0.04853527351164751,0.46616473645174056,0.4836142606788466
969.0,0.8933434543751229,0.09746148784236106,0.009045398007867387,1.4965977464875135E-4
1045.0,9.371409729622657E-4,0.1232128904421828,0.7828819222204789,0.09296804636437604
1187.0,0.9700948861543198,0.02952550258161365,3.734365111428387E-4,6.174752923659304E-6
355.0,0.008959815958806825,0.13350459060676917,0.5059342812843193,0.3516013121501047
914.0,0.006622976828050976,0.7041671361292215,0.2680301881259472,0.02117969891678036
1286.0,0.6101451524048239,0.36570288307316867,0.021189554388743405,0.002962410133263962
1612.0,0.3028071339936585,0.15425684102946643,0.4622057330921893,0.08073029188468579
567.0,4.009668073582028E-5,0.024206361467244027,0.4057956652101068,0.5699578766419133
74.0,0.06950978810716579,0.827693236831129,0.09884719660014418,0.003949778461560856
1329.0,0.7063594050806044,0.2731095030745459,0.020054054702918003,4.7703714193178195E-4
1172.0,4.40064601088192E-5,0.009276768238094497,0.34534485028365397,0.6453343750181428
859.0,4.5161372276989445E-5,0.0034999338525442338,0.06948932744350264,0.9269655773316762
469.0,1.5766399193923238E-4,0.1038965478821491,0.86098162580963,0.03496416231628165
766.0,0.02303719435411777,0.7870965896193249,0.15651717643932753,0.033349039587229595
1659.0,0.031141825590741783,0.5400925911032034,0.2986007893292213,0.13016479397683356
184.0,0.3009717516870069,0.2560831161726033,0.37634144105288614,0.06660369108750348
677.0,2.6973986110123348E-5,0.0017029346420915873,0.14750466249781924,0.850765428873979
768.0,0.0012183876457182042,0.2558466589680197,0.7152919666719292,0.027642986714332834
298.0,0.004171983309915372,0.4032891547314146,0.4134256148657292,0.17911324709294088
1058.0,0.541211619630771,0.4196917237507765,0.03726280311284036,0.0018338535056119818
1415.0,8.545831436615576E-4,0.04393082868077511,0.7335080888898803,0.22170649928568312
44.0,0.01573344723362616,0.13912021344525788,0.6830593697658249,0.1620869695552911
1259.0,0.3517719296180859,0.6249274484846821,0.022409400393094844,8.912215041370475E-4
1358.0,0.9103491079490013,0.08648521531070281,0.0030394970023536563,1.261797379422134E-4
950.0,0.9773379937589415,0.021538064424902102,0.001000622605654218,1.2331921050214432E-4
