1658.0,3.9473270873694426E-5,0.00445317151949012,0.3354523792607826,0.6600549759488537
444.0,0.002658570890881254,0.4544779579251354,0.4890941694050165,0.053769301778966785
556.0,8.551312973503858E-4,0.12365913891528418,0.8485615372577002,0.02692419252966508
905.0,0.0018256837820610765,0.12470831516266552,0.7970032365235197,0.07646276453175373
243.0,5.569215261339023E-4,0.025585779034500555,0.20326202986184452,0.7705952695775211
1328.0,1.217293957601517E-5,0.007994332770170039,0.4686650192793818,0.5233284750108722
1173.0,0.028705488420981654,0.5161715057845309,0.3140049599924534,0.14111804580203408
1059.0,0.04144666483612801,0.5926892188874648,0.33501352099884596,0.030850595277561243
1414.0,4.097548747646649E-4,0.043359801688754585,0.36434286684994044,0.5918875765865402
978.0,0.022075734913050253,0.23428090800978216,0.20569771986956129,0.5379456372076064
323.0,1.5828921053851982E-4,0.03158650132606878,0.403941721393769,0.5643134880696238
631.0,0.0034682352159512986,0.05763547474389062,0.8848336981019129,0.054062591938245114
66.0,0.9651609813292725,0.03461439447580242,2.2227012973122527E-4,2.3540651939484007E-6
1541.0,0.9409872669447713,0.05684269995813718,0.0016426745983857028,5.273584987059323E-4
161.0,0.022542997511991247,0.7894974048615396,0.17433764817488848,0.013621949451580654
705.0,0.1859680665088576,0.7507722603109653,0.05873598910121549,0.0045236840789615205
280.0,0.005205198189215437,0.8638755812658324,0.11691473674266692,0.014004483802285167
868.0,1.349679040824289E-6,1.10341175048846E-4,0.019784404894247112,0.9801039042516632
1258.0,0.06823998095780547,0.1369558523806029,0.6304777711090278,0.16432639555256395
1359.0,0.008543014739469406,0.5615832510417261,0.40336890030352307,0.02650483391528147
107.0,7.200243338195046E-5,0.016872012906758334,0.4528143464595995,0.5302416382002602
1529.0,0.35737355265911475,0.6153779152925165,0.025702231594956326,0.0015463004534125044
1116.0,0.047729055596433353,0.20716389998020993,0.27534745810456646,0.4697595863187903
831.0,0.31985927409964315,0.652930560825649,0.026318856133650856,8.91308941056911E-4
666.0,0.020934924355563034,0.3368197688414705,0.6123861836871992,0.02985912311576711
487.0,0.9803304295815842,0.019459256127229395,1.927159112603942E-4,1.759837992601247E-5
40.0,0.0010164353150286113,0.12385837782381778,0.8364649136949467,0.03866027316620697
1131.0,0.21067638942206318,0.325711944501474,0.3828769764330965,0.08073468964336641
337.0,3.8668246879344087E-4,0.2597872354715961,0.6594979389159915,0.08032814314361889
1014.0,0.001924083848100383,0.24404958333808655,0.31508956308121805,0.4389367697325951
1486.0,1.320153229870022E-4,0.05392905594180873,0.8691784825633329,0.07676044617187143
1668.0,2.0901051824994903E-5,0.0018660059798555292,0.14615099478435598,0.8519620981839635
595.0,0.1444145328120653,0.45714397579710897,0.3807689599175728,0.017672531473252907
430.0,0.005758568080250527,0.35799510197606127,0.618723953393849,0.017522376549839052
520.0,0.878093709897852,0.12016479693243574,0.0016812474088685396,6.0245760843795874E-5
1586.0,0.6995241713943622,0.28175287950218364,0.01755472108539831,0.0011682280180558599
1400.0,0.1373095606286254,0.7044889844130059,0.14531676538295293,0.01288468957541576
250.0,0.26939609870678866,0.5000667288398009,0.18875338439755118,0.041783788055859424
941.0,0.012443605017522938,0.5748544048929086,0.31723230259484353,0.09546968749472481
1245.0,0.09865428347337171,0.13056520587427906,0.6081082157495996,0.16267229490274943
1457.0,0.005728514850994441,0.022331077829935708,0.25400001791020405,0.717940389408866
795.0,0.02519084665842645,0.3569025184643947,0.4082197013690859,0.20968693350809287
1044.0,0.12446164836851858,0.5717225649265947,0.1902450952333164,0.11357069147157038
702.0,1.3152802203277277E-4,0.01952133051181071,0.9149678342405086,0.0653793072256479
501.0,0.43261098829408917,0.4673014954028242,0.09577753317619672,0.004309983126889902
1613.0,6.562094223546105E-4,0.050372527850647844,0.49312048894971405,0.45585077377728356
741.0,0.5015088271774162,0.481857352460266,0.014810563774096034,0.0018232565882217854
168.0,1.032268901615794E-5,0.0021920593292007384,0.12305538918365935,0.8747422287981238
1186.0,0.9777689877976894,0.0221073841171119,1.2203572547772831E-4,1.5923597212366804E-6
266.0,0.25377352460249003,0.6595578183317401,0.08487863297157042,0.001790024094199564
832.0,0.0014397277560334668,0.16173058571214738,0.38591907438745154,0.4509106121443677
1287.0,0.011777605334899162,0.3053332211389752,0.39097262616664635,0.2919165473594793
649.0,4.585049754784162E-4,0.07790054568973422,0.8838358635210108,0.037805085813776534
179.0,3.588424028821432E-5,4.169580009803392E-4,0.02962470104049288,0.9699224567182386
1503.0,0.9053940967024697,0.09254713786987423,0.0019659971046064257,9.276832304951864E-5
1146.0,1.0183311279176128E-4,0.03629153351518009,0.35458442099500065,0.6090222123770276
812.0,0.02373710676888441,0.6869503023392315,0.24183897225716247,0.04747361863472172
316.0,0.003655578473486961,0.8784394044414767,0.10948006152556085,0.008424955559475396
887.0,6.0424115730362254E-5,0.0045707217567074136,0.12770325980984695,0.8676655943177153
1228.0,0.005452345750245319,0.6965268178818645,0.2777472473349426,0.020273589032947473
1385.0,0.0015098100497220777,0.057848679058583825,0.6912808106915752,0.2493607002001189
98.0,0.3922222384310983,0.5406601518155175,0.0547357828951217,0.012381826858262463
1571.0,0.24762614208824565,0.5636238618602099,0.14551149782523173,0.04323849822631295
722.0,0.012470916250041484,0.39102750262198993,0.5277801337748623,0.06872144735310642
451.0,0.8889379870515584,0.1064482917202932,0.004312916545346433,3.0080468280205725E-4
612.0,4.759887015018597E-4,0.017571746716076805,0.3069109152317665,0.6750413493506549
408.0,0.8647164142069518,0.08336977498708739,0.022882269281560657,0.029031541524400246
1029.0,0.015766480783678514,0.6118151652776824,0.35243069880658784,0.01998765513205116
1440.0,0.020493250394718696,0.3537910520539898,0.5901336149450253,0.035582082606266344
225.0,0.986681707186788,0.013219917507375811,9.482526571583897E-5,3.550040120096634E-6
961.0,0.0024971481670490892,0.03446451053504559,0.8752812336251002,0.08775710767280505
922.0,1.0958169462501737E-5,0.002264590229102445,0.11622652769386606,0.881497923907569
359.0,0.01597574679089843,0.10453932046930793,0.5377368258639386,0.34174810687585494
1302.0,0.0015998789100886872,0.3531049255493193,0.628252047541407,0.017043147999184972
1203.0,0.0021720700019166386,0.03488120540143569,0.41226514790453844,0.5506815766921094
75.0,0.07387452885826944,0.3077341136032982,0.589952977646019,0.028438379892413247
1628.0,9.610360727129275E-5,0.024184517506028295,0.8131849774741459,0.16253440141255449
575.0,0.05744856152996648,0.7921058744087525,0.13817480769888346,0.012270756362397455
1156.0,3.340390341866944E-6,3.686253192436051E-4,0.04207471559405689,0.9575533186963576
851.0,0.8927236189574244,0.10536597588137114,0.0018496654529894972,6.0739708215022396E-5
1313.0,3.0316337873826708E-5,0.028894312911621547,0.2930631858428933,0.6780121849076114
1643.0,0.004653609351888229,0.13572255581342685,0.28848706604926966,0.5711367687854153
56.0,0.5642191725473001,0.3813307244920643,0.05033138188074993,0.004118721079885535
758.0,0.051228646217842115,0.41257249972549914,0.47963173353419314,0.05656712052246572
465.0,0.6779533491157137,0.2953128533164069,0.024050039995900267,0.0026837575719791244
186.0,0.34337204972614976,0.5768542489983082,0.07715723402279494,0.002616467252747014
685.0,0.1359325631061931,0.5147164386555412,0.33655142865171706,0.01279956958654852
1431.0,0.08437089001733142,0.8763500080298445,0.031836409252436915,0.007442692700387121
302.0,1.532803104631927E-4,0.008480464145430397,0.23167604921365725,0.759690206330449
776.0,0.7346814239549737,0.23986040871332606,0.024912150278390586,5.460170533095629E-4
1074.0,0.7911563803489179,0.20588002930080848,0.002922057730832288,4.1532619441369334E-5
1374.0,2.878679603234556E-6,0.002430131520900566,0.4546152208071326,0.5429517689923634
373.0,0.7118765486550033,0.2658769415712654,0.01927800786677699,0.002968501906954159
958.0,0.008217242761524446,0.3573261075150823,0.5725417447991341,0.06191490492425926
1275.0,5.967888048613953E-4,0.1166460220066097,0.8546434901206016,0.02811369906792735
539.0,1.0002206870043693E-4,0.009580983046879507,0.9798466025233131,0.010472392361106845
1556.0,9.462497662087723E-4,0.04221892726435627,0.9393420569215077,0.01749276604792719
394.0,0.1898499789118391,0.7201802818121249,0.0877734626409828,0.0021962766350532704
576.0,0.00528391380225205,0.6093681939677569,0.3302561349224851,0.055091757307505866
1101.0,9.499108106209645E-5,0.04952314677582754,0.7820204175963077,0.16836144454680269
997.0,0.10434866737472673,0.18707683483925996,0.5980760934518103,0.11049840433420285
232.0,0.043236730504245896,0.11134084382031997,0.6427000336234514,0.20272239205198284
1512.0,0.43042820044025587,0.19311834083937507,0.2659674054547006,0.11048605326566843
1537.0,0.014993672095395925,0.22101391525255257,0.19832816017017474,0.5656642524818768
707.0,5.652634193531723E-4,0.10111106748773913,0.8651639731173972,0.0331596959755104
281.0,0.19990170730277643,0.07563025712241496,0.5099582856392589,0.2145097499355497
870.0,0.002468396215394679,0.06139058898179717,0.7589471300203806,0.17719388478242756
23.0,0.2536647258882875,0.7055659926445174,0.04021657927561629,5.52702191578856E-4
1262.0,0.006138295684768981,0.46535671564446995,0.4737672220960622,0.054737766574698844
1355.0,0.9016754709202817,0.09600927266375157,0.0022401722565318404,7.508415943510035E-5
33.0,0.0015959273359054998,0.11442062816618033,0.3999511383293306,0.48403230616858345
1533.0,2.758005423511636E-5,0.0032036100173439704,0.21945737437124732,0.7773114355571734
1112.0,0.6943009437601763,0.295594437679439,0.009858242642028704,2.463759183560523E-4
222.0,8.307706091819215E-4,0.1607828258276938,0.756540438844045,0.0818459647190793
829.0,0.0011758560282545804,0.276003320981468,0.7089092689025217,0.013911554087755702
664.0,0.3830950851790315,0.6015511014077951,0.014459050698695472,8.947627144778084E-4
486.0,0.09154446997418438,0.8151863271001647,0.08170042355970349,0.01156877936594766
1662.0,3.0915247743023243E-4,0.053213173576184804,0.9063193287411356,0.040158345205249274
445.0,0.04315322271881116,0.2977245643604874,0.44027748295068736,0.21884472997001408
558.0,1.2792808323742845E-4,0.05680159719641615,0.8271567901692205,0.11591368455112593
907.0,0.33668763758229786,0.46307729504690387,0.17711664313338035,0.023118424237417962
1332.0,0.00418634786612536,0.07272449109472537,0.34049186446309315,0.5825972965760561
1169.0,0.0684641427004953,0.8069093785019398,0.11535788636293884,0.009268592434626105
1063.0,0.0062390856773617874,0.8274457416062598,0.14854514619291911,0.017770026523459236
1410.0,1.9277818959020596E-5,0.0038122574363277425,0.23647745632095798,0.7596910084237554
976.0,0.2877944849603143,0.5479622983806777,0.13465188730010696,0.029591329358901065
322.0,5.231820787210675E-4,0.004606091021884778,0.08177389716943435,0.9130968297299598
629.0,0.0076036403288550795,0.23421447325962866,0.5649323365322962,0.19324954987922008
140.0,3.421635295701697E-4,0.05974248685433834,0.8858886293542764,0.05402672026181515
1461.0,0.4275731928800989,0.07390940951688699,0.07483164111756158,0.42368575648545265
793.0,4.74044754853427E-5,0.0038788336899163367,0.971596739974619,0.024477021859979308
215.0,2.4411904703224046E-4,0.09831406044662128,0.7312025559214606,0.17023926458488586
1040.0,0.03406078864918708,0.5078529384169853,0.41924425859828957,0.03884201433553815
500.0,1.6417151637200357E-4,0.0457695013725961,0.6682952302282544,0.2857710968827775
700.0,3.4579010393723244E-6,4.773248423211609E-4,0.07396635454895946,0.92555286270768
1609.0,0.00190985140107101,0.8415914180575909,0.14044080347244375,0.016057927068894397
80.0,7.154273054369495E-4,0.045576913881742634,0.6621847976047813,0.2915228612080391
743.0,0.9318916882179876,0.0336597479096203,0.028426145247615404,0.006022418624776646
1190.0,1.6268947969172776E-6,0.0015323111291825411,0.03811106780138857,0.9603549941746319
267.0,0.006921880053774835,0.8219660018529703,0.16170435917631204,0.009407758916942748
834.0,0.004908823108258734,0.815839930550189,0.15841838283873255,0.020832863502819855
1283.0,0.054693084338621065,0.1803015307831156,0.31432564158064225,0.450679743297621
1135.0,0.8698128894230633,0.12408360904948065,0.005635143004220441,4.683585232354334E-4
1012.0,3.4990974458105325E-4,0.970571278056724,0.027765050860991913,0.0013137613377030527
336.0,0.58298127536162,0.40467874031211215,0.012185724494221081,1.542598320467135E-4
1482.0,0.7695305302806302,0.22700427140253937,0.003411702710916837,5.3495605913521405E-5
133.0,5.333231939478497E-4,0.042437905914781804,0.9250230990432509,0.0320056718480194
1664.0,1.4268530542141875E-5,3.288040502002309E-4,0.06866209103958587,0.9309948363796717
593.0,3.3183977502419776E-4,0.01566640379964905,0.7300608488737943,0.25394090755153254
522.0,0.29844581892662353,0.6149553497056781,0.07544616561114165,0.011152665756556667
431.0,0.4065071015223868,0.5717749703182208,0.021414743337593804,3.031848217986257E-4
1590.0,9.79807892397027E-5,0.011493746379849337,0.3371667133232445,0.6512415595076665
1404.0,0.016365880395488745,0.7187295201454076,0.2542400065522027,0.010664592906900944
943.0,0.010671418677389117,0.43266500462975405,0.4433536673518692,0.11330990934098767
121.0,0.9284095374554662,0.06813483951867848,0.003187962108945559,2.6766091690976884E-4
1241.0,2.625890675503701E-5,0.025267036615655294,0.36132229054832843,0.6133844139292612
409.0,0.007629680413503635,0.16897881305950632,0.6899593807553219,0.13343212577166813
614.0,0.01038219511513607,0.19129529374272333,0.6718319719261256,0.12649053921601497
31.0,0.01289155309040483,0.22908981991348837,0.44102169658193996,0.31699693041416677
49.0,0.8775627905494677,0.1184473655718001,0.003812439682963757,1.7740419576836662E-4
1025.0,8.565355915992706E-5,0.016272368612067146,0.49059660313900333,0.49304537468976967
1444.0,1.243806783677606E-6,9.123576566857878E-4,0.06027315621231317,0.9388132423242174
963.0,0.010506733438144627,0.09020537073254635,0.7591771652338241,0.1401107305954851
920.0,7.954967429707992E-4,0.04806300976488473,0.8823099965283466,0.06883149696379781
358.0,0.6863153698845568,0.30762859780671375,0.00598057063744825,7.54616712813047E-5
1298.0,0.00535017504448579,0.02000210332508705,0.11477769921811341,0.8598700224123137
1207.0,0.08181996358454183,0.478767639499827,0.4091142565918532,0.030298140323777988
1624.0,0.9798944377028076,0.019990816207677065,1.1118778332313099E-4,3.5583061922581836E-6
158.0,0.0028863371434572197,0.5148707768596066,0.44252411915692663,0.03971876684000948
573.0,3.1837686925893603E-4,0.052834202612221506,0.710179155440732,0.2366682650777877
651.0,9.875391963502672E-4,0.05102035533393627,0.7250331731323655,0.222958932337348
1499.0,0.6088980722858067,0.37285422529389517,0.017721950584308477,5.257518359897539E-4
1150.0,0.00625037386033551,0.09672618443550485,0.6995437598031513,0.1974796819010083
814.0,0.4353351878157104,0.45948852407211516,0.09000025293131579,0.015176035180858739
317.0,0.5017962722390792,0.4690717997689032,0.026789120315412557,0.0023428076766051366
885.0,0.007735129737301415,0.10383807429262996,0.624703418036786,0.26372337793328265
204.0,0.22568674224851162,0.4491510072337306,0.25959700442536904,0.0655652460923889
1224.0,0.5348279065237351,0.4555627842806802,0.009455086060085594,1.5422313549906785E-4
1389.0,0.003650053141452095,0.7254103627683932,0.25241600364391087,0.0185235804462437
1575.0,0.27488733355155637,0.6412802242494327,0.08071129448332917,0.0031211477156818544
450.0,0.16594800811593402,0.6624271725263714,0.1340728027494536,0.03755201660824113
720.0,0.08303566451040836,0.4688524000332323,0.390582170395906,0.05752976506045337
1370.0,1.1376018330774161E-4,0.015558503751727093,0.8462264208188931,0.1381013152460721
956.0,4.91303104911519E-5,0.021316561106153306,0.7747442068571949,0.20389010172616062
372.0,0.9698653247334678,0.02979619687988866,3.3266386422688284E-4,5.8145224165893435E-6
1279.0,0.9675528329638918,0.031341778868248474,9.604025605996283E-4,1.4498560726007313E-4
537.0,3.365088470861585E-7,5.943217082393887E-5,0.013188480358946897,0.986751750961382
1552.0,0.9504479561265444,0.04899956494253249,5.470928708768375E-4,5.386060046228676E-6
151.0,0.04283479443991443,0.7026857949130275,0.24110543985961105,0.013373970787447046
578.0,9.474663336997164E-8,5.8976551022003856E-5,0.013118492779609898,0.9868224359227348
395.0,2.1400046614847824E-5,0.001581941166187871,0.08481704836536731,0.9135796104218301
1097.0,9.759937959307862E-5,0.9520998289659282,0.045206806524184774,0.0025957651302938836
112.0,0.5080134213873012,0.4217715918838906,0.06742309003338254,0.0027918966954257564
999.0,2.6452394911473235E-4,0.34053410550157537,0.6541089093286452,0.005092461220664573
1516.0,0.7428679156393759,0.24983395724946553,0.007091655791080436,2.0647132007790356E-4
1152.0,0.37117957628989084,0.5693475367344042,0.0572679806241962,0.0022049063515086537
197.0,0.007403177140013679,0.4752796631122859,0.37795349566972386,0.13936366407797648
849.0,0.07967247850214419,0.8285517331274185,0.08475779708722017,0.007017991283217161
1317.0,0.014967554885839663,0.1873605669274909,0.6986961157539894,0.09897576243268001
1647.0,0.001002002961829603,0.008010635562917407,0.07662425302403052,0.9143631084512225
756.0,0.011574109143512631,0.3060254473392382,0.6162185878212149,0.06618185569603446
464.0,3.1077970026895276E-4,0.01833410156781551,0.17639585751031403,0.8049592612216016
687.0,9.509563513775801E-4,0.30314570375089084,0.41270903441446055,0.28319430548327096
89.0,0.9931141529663563,0.006797656518723739,8.681584512026746E-5,1.3746697998135575E-6
1427.0,0.03225012447830357,0.8949703946336242,0.06613127937967675,0.0066482015083953894
778.0,0.001446744474503842,0.05517936439045739,0.8249691620564094,0.1184047290786294
303.0,2.2409465416150758E-4,0.004864140794653943,0.3082931566639233,0.6866186078872614
1078.0,0.9725011407770064,0.026714268506161116,7.429842353143051E-4,4.160648151806979E-5
1123.0,0.0037961383464937574,0.07485967708000651,0.3762756871643363,0.5450684974091634
1478.0,0.9474855728314386,0.030419859520154982,0.01644359964898789,0.00565096799941851
339.0,0.21572097239875623,0.7123990250221518,0.07044960197315563,0.001430400605936179
1010.0,0.00775659887663377,0.7965013904875815,0.1647411658050558,0.03100084483072893
11.0,0.8897546216563648,0.10874884036917683,0.0013438902910058023,1.5264768345271522E-4
599.0,0.0603946574745476,0.777703957650688,0.11336777219806893,0.04853361267669534
70.0,0.0012171653495874305,0.8243213971540141,0.16630926619407396,0.008152171302324611
1594.0,0.022947243752732622,0.14841462178646378,0.7488581451581112,0.07977998930269234
524.0,0.4013578845823995,0.5433194953691199,0.05074413419840543,0.004578485850075105
428.0,3.597054215768883E-5,0.008296779018692642,0.24503778004991822,0.7466294703892314
937.0,0.06800247861194328,0.842026899561841,0.08641317753315562,0.003557444293060197
251.0,0.9531690234863374,0.04615134912412328,6.396552418781725E-4,3.9972147661150495E-5
1392.0,0.015619304816783763,0.7319043554992567,0.214569494893229,0.03790684479073067
1237.0,0.2772835589872593,0.6655238483811315,0.05310387269456271,0.0040887199370462
111.0,0.9095010377013841,0.08768788195854557,0.0026171537701109955,1.939265699592803E-4
1465.0,2.528401289113096E-4,0.013309650744623374,0.2708783508087498,0.7155591583177157
1052.0,0.03781090704127808,0.3774111636556684,0.5192101153828945,0.06556781392015908
799.0,0.0020013515861226445,0.04167667835132086,0.3550324012850652,0.6012895687774912
503.0,0.0317483164585095,0.8730607738192275,0.0858731773562239,0.009317732366039106
698.0,0.9627614310088237,0.03677659833015415,4.319742195567395E-4,2.9996441465579105E-5
1605.0,0.9673304694230119,0.03248393277720791,1.832981144714422E-4,2.299685308703346E-6
169.0,0.9626064088057827,0.03641261863360236,9.730697921504269E-4,7.90276846438054E-6
737.0,0.24042003441848286,0.7079481494527129,0.04668820309810576,0.004943613030698602
836.0,9.610581754807668E-4,0.02100341123253437,0.5700066669014667,0.408028863690518
264.0,0.9406734841524735,0.03971673296854861,0.016403427952727246,0.0032063549262506957
1295.0,0.30339350574710006,0.5491220098257278,0.1277240327915237,0.019760451635648442
552.0,0.010788561180448257,0.16332492201916077,0.3775416175554442,0.44834489924494686
446.0,0.011868898751179448,0.04498539921452657,0.19919381079720888,0.743951891237085
1650.0,0.7716494253112275,0.22180674952987997,0.006492304053025716,5.152110586676389E-5
1336.0,0.02360607298218397,0.7317611599302222,0.22801897900358586,0.016613788084008107
242.0,0.0037488823472939152,0.5724650394776567,0.3932735623152688,0.030512515859780723
909.0,0.001923562397233563,0.06541098909075509,0.629042318603436,0.3036231299085755
1181.0,3.089234909629992E-6,1.1632192892439907E-4,0.022505918041096782,0.9773746707950691
42.0,2.6589683136684683E-6,4.856714379225133E-4,0.038834661336037184,0.9606770082577266
1067.0,1.2497546563363732E-6,3.24039587909871E-4,0.057351474077190566,0.9423232365802433
982.0,1.2709253755668247E-6,6.643990797275978E-5,0.015434312985361139,0.9844979761812905
321.0,0.4056552244258748,0.41306670321084205,0.12452793714690809,0.05675013521637511
1422.0,0.04128437806349032,0.6320372972265127,0.29939734051438677,0.027280984195610182
627.0,0.0010907644699186098,0.04428017479273197,0.5629522349147844,0.39167682582256513
1549.0,0.005095015446736385,0.04662795565878448,0.6992395999208431,0.24903742897363607
709.0,0.002036076610132957,0.24304989870195573,0.7380617033995771,0.01685232128833416
160.0,0.004182966331365324,0.09201929232585458,0.8732242556295358,0.030573485713244357
1250.0,3.72306475199228E-4,0.0060126511465716445,0.04684392490325357,0.9467711174749754
864.0,0.013826452223954133,0.06232137836115404,0.7325920898654666,0.19126007954942528
282.0,0.04058512455973149,0.9001313726458644,0.054122781216785036,0.0051607215776190525
1351.0,0.0011985672641716828,0.04981425153948551,0.6252392037585157,0.3237479774378271
1521.0,0.021529535635932833,0.5598503732475838,0.3442852275299261,0.07433486358655728
827.0,4.195863225260506E-4,0.11355011070779931,0.666240570408215,0.2197897325614595
1108.0,0.7923493283616387,0.2033709464398143,0.003967859214749937,3.118659837968771E-4
485.0,0.986503568761532,0.013413307808542285,8.206297316961086E-5,1.0604567559768733E-6
670.0,0.915652346572578,0.08295415274033927,0.0013327373094605991,6.0763377622246977E-5
855.0,0.009300387835594935,0.7913071033593035,0.18404326836235477,0.015349240442746652
15.0,0.4614231809567925,0.19795308894299088,0.21969952283292138,0.1209242072672953
1164.0,0.005068223339799836,0.19415994978468706,0.5608632620890699,0.23990856478644323
1321.0,0.0101267319828704,0.3688191400832099,0.5498394500133418,0.07121467792057788
102.0,1.286791208870804E-4,0.01623061410058794,0.6220198798081324,0.36162082697039255
1635.0,6.637951496472577E-4,0.07883228573406205,0.9040292965517697,0.01647462256452113
467.0,0.0028248072895171957,0.12231565514712543,0.8639701247983811,0.0108894127649763
754.0,2.364757005503012E-5,0.0017530173546843446,0.07662225209463236,0.9216010829806283
681.0,1.2270654495833628E-4,0.2725955728098801,0.6330087122033868,0.09427300844177475
187.0,0.4514457431441324,0.2603975470764378,0.20433341381246564,0.08382329596696414
1439.0,0.009938913433142325,0.3758421351951845,0.4360769291478347,0.17814202222383838
1082.0,1.3106425200123882E-4,0.05660621692920733,0.9019532226134649,0.0413094962053266
300.0,0.8748382693074576,0.07961447848891318,0.04398706324444411,0.0015601889591851969
780.0,0.993687502760711,0.0062490859962835215,6.228176324785676E-5,1.1294797575984263E-6
954.0,0.0016844683530983012,0.09496591655114253,0.5757439331039421,0.32760568199181694
375.0,0.7577344550710493,0.23725917072702285,0.004929824193638742,7.655000828906368E-5
1366.0,0.9604398048921312,0.037319974633087456,0.0020246139559845287,2.156065187965825E-4
1267.0,0.5743578756452966,0.4157336223234944,0.008787015556198182,0.0011214864750109753
79.0,0.001104501308865675,0.9001804110510626,0.09297956264698455,0.005735524993087052
1564.0,0.0018269668678905042,0.06426891774145216,0.7618552654575665,0.1720488499330908
543.0,0.7768775474067195,0.21803922419395214,0.0042544884416451986,8.287399576831718E-4
580.0,0.879775405903799,0.11784516990024357,0.0023614131969006582,1.8010999056768763E-5
392.0,0.5301817535399387,0.3834848501440946,0.07416327677548701,0.012170119540479932
1093.0,0.9193295632433545,0.07865569587592526,0.0019042817034672448,1.1045917725322042E-4
1504.0,0.08873053128292997,0.8641494802108802,0.03566091024117218,0.01145907826501777
233.0,0.9877518361239528,0.012047869528667272,1.9101920586552212E-4,9.275141514223407E-6
993.0,0.23274878787477143,0.6542410832921081,0.10697225160386403,0.00603787722925637
178.0,0.030767331551403973,0.7607873998079868,0.1750171291583039,0.03342813948230539
653.0,0.0011673959838405783,0.8839181854924302,0.10447336599861919,0.010441052525109918
1495.0,0.986681707186788,0.013219917507375811,9.482526571583897E-5,3.550040120096634E-6
808.0,0.6472472241948084,0.2939549486186917,0.04777743432865521,0.011020392857844742
318.0,0.00829938912740502,0.25444394230412115,0.6445078644434076,0.09274880412506627
1138.0,0.3042834215484488,0.5791366416613303,0.1069494530076603,0.009630483782560675
1220.0,0.6030856185547562,0.1576381757748594,0.17419742131182067,0.06507878435856383
883.0,8.919834469878965E-4,0.07054582185837996,0.8781245897054667,0.05043760498916537
1377.0,0.0013811084905400429,0.06277302260018541,0.832287380201016,0.10355848870825861
1579.0,0.08613229518110303,0.54441305460972,0.14602709287752214,0.2234275573316546
58.0,2.0836642668943428E-4,0.013725403660294747,0.14629110192541123,0.8397751279876045
449.0,1.4610953895187439E-5,9.818732218293284E-4,0.034555341396057176,0.9644481744282183
726.0,4.825357657633417E-4,0.14000566416969967,0.7962597052079781,0.06325209485655899
410.0,0.965535660858457,0.033321090347053176,0.0010017146830240018,1.4153411146563145E-4
608.0,0.01837707907330638,0.46576365119518653,0.4820191098384335,0.03384015989307357
1037.0,3.298356395313614E-4,0.0047397031808070695,0.169747348239693,0.8251831129399685
965.0,8.944660909916502E-6,0.001038440984511067,0.07805141534641062,0.9209011990081685
224.0,1.4021037088776477E-4,0.16954086182705483,0.8005670060878209,0.029751921714236487
1448.0,0.6225999349791053,0.3676517147366809,0.009560516263691168,1.8783402052248947E-4
1310.0,0.9544173487842502,0.04506628914458467,4.883451988096932E-4,2.8016872355328935E-5
926.0,2.2516592240506072E-4,0.03170023099594983,0.1909181630979431,0.777156439983702
357.0,0.001796220351300922,0.9109795505211038,0.08114779454237017,0.006076434585225087
1211.0,4.067221230941852E-5,0.007354559730492978,0.1549203728075163,0.8376843952496812
571.0,0.0026850975255460676,0.17015019422728156,0.4307390172991525,0.3964256909480198
1620.0,0.004084418878975922,0.08169399819090509,0.701756413329159,0.21246516960096
1469.0,0.00263414567289507,0.029389302568034275,0.5825503742698684,0.3854261774892021
1048.0,5.705880712601062E-4,0.039436160133660365,0.7842040424828347,0.1757892093122447
214.0,0.0010524588478116083,0.009736320092991128,0.3099197611483845,0.6792914599108127
797.0,0.008943553955811066,0.36341791535697826,0.6041552439817248,0.02348328670548568
696.0,0.9312819136783836,0.06537914268899156,0.0032702117080818933,6.873192454297686E-5
502.0,0.004655653772108691,0.22722182101795346,0.6843825410738036,0.08373998413613436
1601.0,7.20309525897952E-4,0.08070645251470338,0.8173506542877966,0.10122258367160206
739.0,0.9343707506000171,0.06482020362673409,7.771983836247687E-4,3.18473896241553E-5
838.0,7.987176396890541E-5,0.01149638088667694,0.13801835469779192,0.8504053926515622
265.0,4.048394113554288E-7,7.245752856140848E-5,0.01764936938291654,0.9822777682491107
1198.0,0.6718938227198319,0.28296133675490254,0.0336920104395664,0.011452830085699146
22.0,0.007761504380501498,0.0712170710082411,0.7095570327318735,0.2114643918793839
35.0,0.007137683794101986,0.8558809042178216,0.11106598076409326,0.02591543122398305
1291.0,0.9719492035737893,0.027766984118595354,2.7936539723368893E-4,4.446910381518887E-6
1127.0,0.003308862257328537,0.28455027578495945,0.6164831840061336,0.09565767795157856
1474.0,4.500253378395241E-5,8.54207823998268E-4,0.04754371759785582,0.9515570720443619
1008.0,0.0067672745649842245,0.41850394130460145,0.5490737739308603,0.02565501019955405
338.0,0.9477400069814763,0.05141324205320447,8.418598249701318E-4,4.89114034919136E-6
597.0,0.0035703779947361706,0.6954905545218689,0.2510400749048686,0.049898992578526175
1672.0,0.004940352741978112,0.6037922380131235,0.11063630265257322,0.2806311065923251
132.0,0.029710544611420375,0.9241010064743217,0.039197834918941625,0.006990613995316219
1598.0,0.9833386834873163,0.01643724370390951,2.175719741787423E-4,6.500834595280061E-6
429.0,0.959798238815178,0.03971591566929994,4.6497539889541985E-4,2.0870116626560194E-5
526.0,0.0012591731874643053,0.8416174343580293,0.13723888111675422,0.019884511337752063
939.0,9.283539702495608E-4,0.44686691031378534,0.5224904289185985,0.02971430679736646
1396.0,0.0031252676476814303,0.10585143946174412,0.644561441661294,0.24646185122928058
1233.0,0.5840393990281738,0.3747853185162634,0.035426263116733095,0.005749019338829767
1545.0,2.852298063830767E-4,0.03884042661703878,0.161774473848197,0.7990998697283812
84.0,0.9019500989389253,0.09490934030697837,0.002961610720524324,1.789500335720363E-4
711.0,0.9827373246760123,0.017112605085338288,1.4321281756179396E-4,6.857421087737522E-6
1254.0,0.007712025738369087,0.21134429382573278,0.7276514656890151,0.05329221474688313
866.0,1.719387253822926E-4,0.006349660817096628,0.0997770487861198,0.8937013516714012
283.0,0.15034576554251472,0.7729835907028896,0.06869531449349997,0.0079753292610956
1347.0,0.9779126101801338,0.02179807899606677,2.550100992627946E-4,3.4300724536896585E-5
1525.0,0.004646552524827063,0.19100072202866006,0.20558270091753655,0.5987700245289764
825.0,0.0013774896246683056,0.04642994218411723,0.9109130046953529,0.041279563495861656
223.0,0.03795265356118934,0.8639857203092218,0.08111317732045345,0.016948448809135427
1104.0,0.007477959282975468,0.7873301535496107,0.18554228114363028,0.01964960602378369
484.0,0.8197089110587492,0.06411836891702252,0.08285910359271019,0.03331361643151803
668.0,0.25693700929550056,0.7148225104851746,0.025151501411107384,0.0030889788082173525
554.0,0.13593129706594206,0.6925983451824027,0.1589920485245001,0.012478309227155088
447.0,0.012942487604196758,0.4742317270295117,0.3493834879510459,0.16344229741524577
1654.0,4.9895156406210035E-5,0.041976130856913096,0.5493924855232258,0.40858148846345477
1340.0,0.8950473942934131,0.10283707766103015,0.002067501365440825,4.802668011591505E-5
911.0,0.9147879282930016,0.08413458845738492,0.0010676841292570308,9.799120356371725E-6
125.0,0.9624442636348871,0.037313624964389815,2.3922458917401674E-4,2.8868115489867125E-6
1177.0,1.4517870881520104E-4,0.041929632090561116,0.37997323373071656,0.5779519554699072
1071.0,3.747400477693861E-6,2.1414196913989306E-4,0.024024663860588994,0.9757574467697934
980.0,0.0011950815767900536,0.9063674948838555,0.08711472700262589,0.005322696536728524
320.0,0.7560640126780428,0.2315344882886503,0.01160000814880072,8.014908845062137E-4
1418.0,1.7401233280588238E-5,6.254195057550805E-4,0.06671599807510697,0.9326411811858574
141.0,3.7260734603886147E-4,0.043011624386618895,0.8083358606612435,0.1482799076060986
625.0,0.004499719161971577,0.07901626579396256,0.4107054643434353,0.5057785507006306
374.0,0.0456365587914088,0.4009494196459967,0.3902303718871915,0.16318364967540308
952.0,0.9400615898841439,0.051930395270317876,0.005505365860001438,0.002502648985536815
1362.0,0.9857988163938752,0.013719731912978044,4.157463345846069E-4,6.57053585622821E-5
1271.0,0.05224389649074208,0.07681868824309575,0.7095077352627611,0.16142968000340108
150.0,0.0026280892952636244,0.6172089571838704,0.340135849157129,0.0400271043637371
1560.0,2.962287413118709E-6,0.0017689957213242586,0.11115803388113106,0.8870700081101315
541.0,0.16153118819289594,0.3759082894103564,0.3530492038448503,0.10951131855189741
393.0,8.112183058046073E-4,0.013479744818544708,0.362426092078211,0.6232829447974397
582.0,0.983619795910981,0.016148671005719997,2.2957192652535064E-4,1.9611567736760138E-6
30.0,0.00408130722683574,0.7396151489540028,0.24215282402481644,0.014150719794344891
51.0,0.562477721173084,0.39589332630813184,0.04038268194005581,0.001246270578728213
1089.0,0.002932541762680108,0.09598053402382566,0.44879475242341005,0.4522921717900841
1508.0,0.12044611881834344,0.8494403427931642,0.02789795616200897,0.002215582226483581
995.0,2.3053548025574608E-5,0.036986427324363746,0.5246899312890212,0.4383005878385893
853.0,0.9847358822983846,0.015112178261158403,1.381425547432576E-4,1.3796885713662493E-5
1160.0,0.0013228164687467,0.08847757167716898,0.882003296056492,0.028196315797592412
196.0,8.935429951482859E-4,0.07918637901725922,0.19077535564798467,0.7291447223396078
1325.0,6.561168178986288E-5,0.025140270490936763,0.32498802557152506,0.6498060922557483
1639.0,0.09920836458382044,0.8037733959503074,0.06510182864604723,0.031916410819824985
752.0,0.9734533165249869,0.026348798976961577,1.9401264976003443E-4,3.871848291574161E-6
466.0,2.6484902204274867E-5,0.013311747736998943,0.16190968121827035,0.8247520861425264
683.0,0.054805664606813284,0.8307613137615412,0.10900714200143602,0.00542587963020951
1435.0,0.020245080848186433,0.3327340900037391,0.521209043122422,0.12581178602565232
1086.0,0.007839363288677412,0.648444972234282,0.2989728263662548,0.044742838110785665
301.0,0.0017022411114234104,0.039201054850766616,0.6442617684278836,0.3148349356099263
782.0,0.06673228188014037,0.24589990351015986,0.39392705469763106,0.29344075991206864
411.0,0.6604716284167308,0.29236735718567225,0.043201827810514244,0.003959186587082781
610.0,0.8784595274354788,0.1094209051157832,0.011757393823340656,3.621736253973284E-4
1033.0,0.9021513020770059,0.051013317013477485,0.038072658714009874,0.008762722195506755
116.0,0.9911944029705985,0.00875344262514094,5.069489497159389E-5,1.459509288933611E-6
967.0,1.2410894779784749E-5,0.004826009466222847,0.25616782892157247,0.7389937507174248
1306.0,0.0033472237907218017,0.04507199704270448,0.15619474199659403,0.7953860371699798
924.0,2.0889249094129844E-5,0.004785236862000089,0.5776609695382403,0.4175329043506653
356.0,0.008131109756213395,0.06894172647116985,0.7725160821022841,0.15041108167033287
1215.0,0.23771848962024236,0.5746833302472478,0.12056712559109242,0.06703105454141749
569.0,0.025188414665922546,0.0761680316870822,0.38311454401435857,0.5155290096326366
1616.0,0.5839481425770006,0.38940372887942415,0.020161038733705824,0.0064870898098694715
159.0,0.9708982077254219,0.028794792343323595,3.033399897990935E-4,3.6599414554029416E-6
655.0,0.0034378543776281585,0.1887783834804556,0.700273891217999,0.1075098709239173
93.0,4.917323451091598E-6,1.5215181833059483E-4,0.026920035745592298,0.9729228951126261
1491.0,0.3074242582251188,0.5931701674226248,0.08133903693180676,0.01806653742044936
810.0,0.0023362218294024433,0.13080807178448203,0.6554151936856272,0.21144051270048841
319.0,4.3049399153474233E-4,0.13459087907863956,0.7521774072600954,0.11280121966973042
1142.0,0.0035127747578432714,0.23864050376081383,0.7363874233701622,0.02145929811118076
205.0,0.001966866201779462,0.11035506920018219,0.5448226990884251,0.3428553655096133
1216.0,0.04386747296278203,0.8096402435386179,0.11553151393066664,0.03096076956793349
881.0,0.9923497145663835,0.007596281956304294,4.579033662191276E-5,8.213140690461118E-6
1381.0,0.6018409505327948,0.36638476160698824,0.029661809218252358,0.0021124786419646152
1583.0,0.2850965107890935,0.676570645064474,0.03566995982475221,0.0026628843216804712
724.0,0.9398343524184272,0.05655965860872446,0.0032805457343286068,3.2544323851997305E-4
448.0,0.02416630890405393,0.9094427948722859,0.05970705176360708,0.0066838444600532485
1669.0,0.7092222857712278,0.13723288711261264,0.14558078777885303,0.00796403933730648
641.0,0.29206216977408544,0.6598604260904662,0.03323201973457025,0.014845384400878157
177.0,0.0019693788578198164,0.1646076386095091,0.717224953993359,0.11619802853931198
1130.0,0.0011554438559735409,0.09940712931597498,0.7883693974738873,0.11106802935416413
312.0,0.011790635353747202,0.7787923314164918,0.1851900309475732,0.024227002282187726
804.0,4.182726511225893E-6,0.0016652787832077275,0.1321227853326905,0.8662077531575906
1487.0,0.21518128782347473,0.6489283830659058,0.12460756388121612,0.011282765229403406
1401.0,0.01821528273926499,0.19420878235473343,0.27427557211879056,0.513300362787211
99.0,0.43233076006314747,0.5287824266462338,0.03775693099702624,0.0011298822935926426
895.0,5.978328098720682E-6,0.00835559856915829,0.0684865111835953,0.9231519119191477
1244.0,0.04018190157116995,0.09166789612435618,0.3931922518133575,0.4749579504911165
730.0,2.0690813785466202E-4,0.09753983525876922,0.8307504436006075,0.07150281300276877
455.0,0.0041524464713743065,0.1807111403587342,0.6687435427136639,0.14639287045622754
1587.0,0.005174498176568623,0.23803347951549636,0.6528667957066837,0.10392522660125132
620.0,0.7270483380189168,0.25504078674822234,0.017636210794828713,2.7466443803208205E-4
412.0,8.228727246808826E-4,0.03467573592905281,0.9438275817090567,0.02067380963720971
227.0,0.5249366423815769,0.4636516705421317,0.01086255465212016,5.491324241712553E-4
1456.0,5.122137059343388E-4,0.039273298368658935,0.6689663605682676,0.29124812735713906
969.0,0.4363218108818946,0.49345242838280984,0.06896016756761675,0.0012655931676788337
1045.0,0.0023479108268044664,0.3589786540160102,0.5137144580521383,0.12495897710504693
1187.0,0.9796860195595651,0.0202168886662683,9.593615824983568E-5,1.1556159168585195E-6
355.0,0.013955492238530653,0.327194701353149,0.4785521970517753,0.180297609356545
914.0,0.017991229474178763,0.3819055844505254,0.5645502753261513,0.035552910749144497
1286.0,0.5132098733818579,0.4673335461321474,0.017748566073356436,0.0017080144126382236
1612.0,0.9090159879642985,0.07849913378499625,0.012294428080375841,1.9045017032946784E-4
567.0,1.3708513057306781E-5,0.006984869191022221,0.45471032793437954,0.5382910943615409
74.0,0.22225369655313076,0.714479721546709,0.05919781181594167,0.004068770084218638
1329.0,0.889743709781949,0.10812220096830165,0.0021086204115984687,2.5468838150745596E-5
1172.0,8.918231627760705E-4,0.09604375526806934,0.7145860648437906,0.18847835672536406
859.0,0.0015683603322561282,0.04531567143295495,0.38788740088978513,0.5652285673450037
469.0,1.5232677022162863E-4,0.022587559221054897,0.8940196274041958,0.08324048660452764
766.0,0.023917826999635784,0.8425063535071394,0.10494299149410385,0.028632827999121032
1659.0,0.029255928352416413,0.369209642862503,0.27218111476066204,0.3293533140244186
184.0,0.07499490106949733,0.23725687203353868,0.6530553994282937,0.034692827468670126
677.0,9.158153594722176E-5,0.004745104929900351,0.22263658704866818,0.7725267264854843
768.0,6.860003959241631E-4,0.428756474194384,0.39890768590711506,0.1716498395025767
298.0,0.003017175743971923,0.34249189437166105,0.4582575903165245,0.1962333395678424
1058.0,0.5589391013068529,0.40565625470232863,0.033983008744091645,0.0014216352467269155
1415.0,6.134529967362109E-5,0.006574895516121325,0.3828984613581218,0.6104652978260833
44.0,0.0032560476465027747,0.05385247654986753,0.818776247766778,0.12411522803685163
1259.0,0.7269368563542062,0.2695821590244449,0.0034367804904969677,4.420413085194465E-5
