1658.0,2.5264627253451425E-19,1.8403553907722153E-6,0.08996419504372151,0.9100339646008877
444.0,1.1353699019080742E-13,0.07041557428671749,0.8401254784377178,0.08945894727545137
556.0,9.950873677607528E-14,0.004006959672816657,0.9697966652237976,0.02619637510328627
905.0,2.4780554125468124E-16,7.325702343565122E-4,0.9106433817052669,0.08862404806037642
243.0,7.201409829798332E-8,0.009569333417459858,0.679442840231875,0.3109877543365669
1328.0,3.6035518252165156E-17,2.510400927518321E-4,0.33866030597262176,0.6610886539346263
1173.0,4.239783465029434E-4,0.9941416273252386,0.005385982135413232,4.841219284540388E-5
1059.0,9.345300441870317E-5,0.7705433703718713,0.22586059348287582,0.0035025831408342332
1414.0,3.560607312200736E-12,0.06553633780202105,0.4853917058708113,0.44907195632360697
978.0,0.014273362718813694,0.9743186489705574,0.011246587150636674,1.6140115999208168E-4
323.0,5.97013172103931E-19,3.4876585676338296E-4,0.42519921554505885,0.5744520185981777
631.0,1.6599226964291155E-9,0.13137504832346447,0.8461861154330829,0.02243883458352998
66.0,0.9991628502949064,8.371003216116338E-4,4.9383422945780215E-8,5.891764365722292E-14
1541.0,0.9999997205042679,2.792865722713805E-7,1.9625846293139692E-10,1.290141156971161E-11
161.0,1.3293596630277683E-9,0.6667911255680313,0.3296519382086952,0.003556934893913802
705.0,0.344601657756029,0.642026340532598,0.013140084076580797,2.3191763479228465E-4
280.0,3.186749337434713E-8,0.16456577505946662,0.7931878932052873,0.04224629986775264
868.0,9.29853503847133E-21,4.4396727991963564E-7,0.015956928691593018,0.984042627341127
1258.0,5.614192922520097E-4,0.002129033466952134,0.40474712572576577,0.59256242151503
1359.0,6.771989266507675E-7,0.8841772691844919,0.11312364031364343,0.002698413302938027
107.0,4.2903050849953114E-13,4.221348477587462E-4,0.49985868371549147,0.49971918143632066
1529.0,0.9889705891757266,0.01102142630001534,7.937221925627085E-6,4.730233241938086E-8
1116.0,0.5923046908191228,0.3976360567976607,0.009090437711796615,9.688146714198196E-4
831.0,0.9632188205494376,0.03673838643640757,4.26563645946003E-5,1.3664956030364386E-7
666.0,1.442435067857638E-9,0.6576878744775194,0.33241398371530234,0.009898140364743192
487.0,0.99999665053985,3.349316361226625E-6,1.4350585060140309E-10,2.828049962399E-13
40.0,1.5812475174566497E-22,2.062496106083858E-4,0.8372004745350157,0.16259327585437594
1131.0,2.503039476355868E-5,0.057851000892381425,0.9343070512772703,0.007816917435584603
337.0,2.0010556400723624E-19,0.0064623800969344095,0.8958738429656191,0.09766377693744631
1014.0,1.544067567009159E-13,0.1054469937532847,0.7303569518930214,0.16419605435353948
1486.0,2.889890550737871E-17,0.01696579759681155,0.9694376199296121,0.013596582473576433
1668.0,1.8457784684533508E-19,8.037593071448251E-7,0.1512019884282868,0.8487972078124061
595.0,0.009231662804940671,0.9797907141915713,0.010955312052954178,2.2310950533843437E-5
430.0,1.7946017036247839E-6,0.9658607813217589,0.03406473131534198,7.269276119551721E-5
520.0,0.9999763939055887,2.3604600317132054E-5,1.4871324803440928E-9,6.961764128073706E-12
1586.0,0.05965780659691322,0.9387236419314826,0.001564540381802053,5.40110898022819E-5
1400.0,0.372946767492315,0.6171071344265527,0.009833706708050827,1.1239137308138596E-4
250.0,0.8271795914463717,0.1609092796367841,0.011572924597989358,3.382043188548743E-4
941.0,0.009684009744797273,0.9753783350294633,0.014716018608340025,2.216366173994326E-4
1245.0,1.3183079340831558E-8,0.020293235355189565,0.7292161764328695,0.2504905750288615
1457.0,2.3412701833219133E-11,3.3654445296608763E-5,0.014613700439027925,0.9853526450922627
795.0,8.817159247955013E-8,0.21547179047666642,0.4773883587200644,0.3071397626316765
1044.0,2.5535695344035218E-5,0.9847144185354177,0.014833875584559853,4.261701846783677E-4
702.0,8.753483960918145E-17,0.001424488703429393,0.9646489215851881,0.03392658971138229
501.0,2.2623844701698912E-4,0.9807138051843004,0.018802980587257795,2.569757814247785E-4
1613.0,8.76525157235158E-12,0.015138579353277695,0.9237681606515,0.06109325998645714
741.0,0.982890799319671,0.017109040756503067,1.5823861132820246E-7,1.6852145536174672E-9
168.0,1.4226813888712624E-16,3.023565106384705E-6,0.06522123598696387,0.9347757404479295
1186.0,0.9999866346012884,1.3363508984829885E-5,1.8857493066646105E-9,3.977357573365879E-12
266.0,0.003065494550272607,0.9052438399718616,0.0910676335928261,6.230318850397769E-4
832.0,2.931789237336708E-13,0.005395226933083869,0.9571353765553237,0.03746939651129923
1287.0,1.194345855265751E-10,0.4248161225297279,0.4579809159184587,0.11720296143237889
649.0,4.9397561292395165E-12,0.022779954877296563,0.9671252793712349,0.01009476574652881
179.0,1.358713714879988E-16,2.292641072217725E-8,0.006427740469174684,0.9935722366044144
1503.0,0.99999886472685,1.1352553075578306E-6,1.7842666391257426E-11,2.1438785062538572E-17
1146.0,8.679645327615149E-20,2.6950531205959304E-5,0.038796556117115404,0.9611764933516785
812.0,3.2548390135043234E-7,0.892207230029564,0.10409577928648253,0.003696665200052096
316.0,1.7798856103663164E-11,0.5904364456900236,0.397882525897344,0.011681028394833625
887.0,3.129685908072386E-20,2.0386953267953833E-4,0.2906333071617043,0.7091628233056161
1228.0,9.748431945565482E-5,0.990053717200882,0.009728345037248662,1.2045344241379076E-4
1385.0,2.655139063891302E-10,0.005150503803476231,0.39750206226954904,0.5973474336614608
98.0,0.9999634997884934,3.6493127130961375E-5,7.0191232990007926E-9,6.525229113843328E-11
1571.0,1.5762085756521705E-4,0.9652652785703812,0.03325378495413237,0.0013233156179213534
722.0,1.8588677633238592E-10,0.03186368613218831,0.7902520564397679,0.17788425724215692
451.0,0.9999640655447126,3.59310593963008E-5,3.381429190154602E-9,1.4461995340331786E-11
612.0,0.007117160676289585,0.11684618610882712,0.710377672853571,0.16565898036131244
408.0,0.9998587381038737,1.3187561142796522E-4,4.112697997527153E-6,5.273586700849089E-6
1029.0,5.108667269443296E-10,0.2081849923033549,0.7478974818654542,0.04391752532032402
1440.0,7.78045435415029E-5,0.9736122898433007,0.02628566466796747,2.4240945190372285E-5
225.0,0.9999981069842206,1.8928952546212212E-6,1.2027214506442567E-10,2.5243174761828223E-13
961.0,2.108816412059521E-13,2.1225470595854515E-5,0.008946451872349706,0.9910323226568435
922.0,6.268969325015466E-18,2.3986315373192392E-8,0.0015153866478139447,0.9984845893658707
359.0,7.520359503946245E-9,0.289041742224575,0.2139054265428457,0.4970528237122197
1302.0,9.085895858615737E-16,0.0984233208309306,0.8210171793146414,0.08055949985442709
1203.0,1.2416042727623173E-15,1.0893563883696417E-5,0.11443009930116066,0.8855590071349544
75.0,0.01616989036039881,0.9409572637143546,0.042773201427819776,9.964449742695832E-5
1628.0,7.385807081874789E-22,6.282629724575196E-6,0.585689183475506,0.4143045338947695
575.0,5.492876376081473E-5,0.9664081441091299,0.033353152955576476,1.8377417153286844E-4
1156.0,3.764204674424436E-22,2.4871765153812694E-7,0.08803331123458283,0.9119664400477656
851.0,0.9103995237160954,0.08904105629295322,5.477171193653749E-4,1.1702871585732702E-5
1313.0,1.6774175574006403E-13,0.023530273801946628,0.3794021615290355,0.5970675646688501
1643.0,2.3742950102069237E-12,0.0010471296289217083,0.004486262703692919,0.994466607665011
56.0,0.028846302489393183,0.6981566794856853,0.2440816092735157,0.028915408751406014
758.0,1.6373698623821456E-6,0.995885808968315,0.0032476846814304943,8.64868980392038E-4
465.0,0.007342660342378366,0.9637978583520449,0.028261830238975733,5.976510666010231E-4
186.0,0.0011458899964706505,0.9635556366801825,0.035272123055130236,2.6350268216324344E-5
685.0,0.2199332793332596,0.35562309191218106,0.4178670745594742,0.0065765541950852
1431.0,0.009541528906600082,0.8926850913000431,0.09696861892809504,8.047608652618879E-4
302.0,5.0412414813446624E-14,3.057362708638283E-5,0.01730030357724917,0.9826691227956139
776.0,0.9999728639867738,2.7135616317359205E-5,3.9690695664537014E-10,1.8590501360068812E-15
1074.0,0.9988151347578674,0.0011835163305111919,1.3457760608236066E-6,3.135560607848816E-9
1374.0,2.649022930859158E-18,1.3976068539922857E-5,0.26826674298089537,0.7317192809505647
373.0,0.98535009067414,0.014566020429451303,8.170578503530748E-5,2.183111373507018E-6
958.0,2.207078829123538E-11,0.14906414377914576,0.8130044628021661,0.03793139339661717
1275.0,2.4816800919914454E-8,0.5826146357291807,0.4163184310174312,0.0010669084365871428
539.0,5.882397429529352E-13,0.013765603516733506,0.9693591436645319,0.016875252818146388
1556.0,5.311526061093168E-16,4.6857837675667966E-4,0.9324038592355419,0.067127562387701
394.0,0.9730143608568014,0.02687252560773364,1.1274268507797194E-4,3.7085038685211725E-7
576.0,2.162437343664846E-9,0.5223949626936396,0.36694412347752026,0.11066091166640277
1101.0,4.956471820325344E-19,0.001687790871955321,0.764866123691254,0.23344608543679074
997.0,0.0876021736243185,0.6119507318984448,0.2865580401517551,0.013889054325481626
232.0,7.636000026885304E-13,0.0033025308752212055,0.5611675790489876,0.4355298900750275
1512.0,0.9875905252470266,0.011840283071731347,4.953692543167307E-4,7.382242692531734E-5
1537.0,0.007605107170921027,0.9712145885180221,0.013354468958116759,0.007825835352940192
707.0,1.9819343765175087E-19,8.45775154491184E-4,0.6428444861303311,0.35630973871517785
281.0,2.7980407736438472E-6,0.009497273753431958,0.5717904345157954,0.41870949368999894
870.0,2.2023881754979835E-9,0.021092345245565455,0.8308435097874463,0.14806414276460006
23.0,0.7436940444450589,0.2557365895864554,5.687081164268141E-4,6.578520590907001E-7
1262.0,8.241756763693543E-11,0.06707902601184433,0.9207661827357765,0.01215479116996162
1355.0,0.9964292301591892,0.0035691712841724147,1.585142700584719E-6,1.3413937939159475E-8
33.0,1.4244463990468978E-9,0.011784019966864127,0.7309689919646303,0.25724698664405926
1533.0,1.6717382126605968E-15,1.6880715293538994E-6,0.25050664295423897,0.7494916689742299
1112.0,0.9679121191006526,0.032046567034244404,4.049385632836447E-5,8.200087747585758E-7
222.0,1.24923185455824E-10,0.2774623575287533,0.6937424423748108,0.02879519997151275
829.0,6.3940702836994885E-6,0.9180457389391009,0.08143959756435344,5.082694262618548E-4
664.0,0.9890800446167665,0.010912230824129843,7.592816761101037E-6,1.3174234255111324E-7
486.0,0.11403606235063167,0.8714101912725076,0.014521445493584839,3.230088327597984E-5
1662.0,1.5751822114957583E-11,0.03483692117301798,0.9469539941269408,0.01820908468428944
445.0,6.5338474938834615E-6,0.10919644899652844,0.38128399626405884,0.509513020891919
558.0,3.8192085316995545E-16,0.0030417728013515683,0.8991383336773996,0.09781989352124858
907.0,0.5063839771660569,0.46241919344407323,0.020986747064354487,0.010210082325515329
1332.0,9.2674897735958E-8,0.17330384871595395,0.73474038999495,0.09195566861419825
1169.0,0.2110552485258666,0.7837914301877792,0.005144579771020859,8.741515333309328E-6
1063.0,8.395016583818868E-5,0.9891459469789794,0.010671293627495526,9.880922768689242E-5
1410.0,2.39768108018665E-14,0.0019303127733562482,0.12721206376156607,0.8708576234650538
976.0,0.5978884839073849,0.37889990136464796,0.02123321806421936,0.0019783966637478374
322.0,1.3220677675385838E-9,2.0943368660767034E-5,0.011460152609118002,0.9885189027001534
629.0,4.2743661764376136E-11,0.5882659340820662,0.40325303966250675,0.008481026212683396
140.0,2.595443069818303E-10,0.2810390767541891,0.6962752738616987,0.02268564912456796
1461.0,0.49520884630857076,0.46691170134275906,0.012339277128329922,0.025540175220340373
793.0,6.168617126521684E-20,4.8838725677956E-4,0.843075131494225,0.15643648124899556
215.0,8.39366893643985E-21,5.291493157692491E-6,0.09453578107966042,0.905458927427182
1040.0,3.0107306469441853E-5,0.9523777987373014,0.04712540543692602,4.6668851930316285E-4
500.0,6.874790328028389E-23,2.0198314308036187E-5,0.6121184318151215,0.3878613698705705
700.0,7.700859024316238E-27,7.132275201149082E-9,0.002807610774023667,0.9971923820937011
1609.0,8.85488758243163E-12,0.239822084094249,0.48603669029177554,0.27414122560512055
80.0,1.7779375306761108E-13,0.010234365762296404,0.257190775388736,0.7325748588487898
743.0,0.9998155153670684,1.6986385747800686E-4,1.4222276754677693E-5,3.984986987091252E-7
1190.0,1.8871355668295002E-19,4.149928475847023E-6,0.01262331423589111,0.9873725358356331
267.0,6.329411931403046E-5,0.987382274779591,0.012502647090726538,5.178401036864231E-5
834.0,7.379389074980713E-11,0.35121621256983765,0.5310068334524064,0.11777695390396202
1283.0,3.043199444376838E-6,0.08034719908485276,0.56409813625113,0.35555162146457275
1135.0,0.9994596421735868,5.40060443824922E-4,2.9611927454830374E-7,1.263313708003464E-9
1012.0,1.3895965604425563E-8,0.947715084863908,0.05198752455240605,2.9737668772035876E-4
336.0,0.08395667787390496,0.9160380721977889,5.236708323011708E-6,1.3219983099606068E-8
1482.0,0.552177656387295,0.4469237585166423,8.937751479552807E-4,4.809948107403969E-6
133.0,2.69222283986447E-21,2.3192729217256022E-4,0.6332533214236974,0.3665147512841299
1664.0,4.185570443327778E-22,2.049995764979418E-9,0.060195301375522724,0.9398046965744815
593.0,8.328651873516367E-12,0.014814415295630226,0.8368821679635512,0.14830341673248995
522.0,0.9071568804140561,0.09142457608869518,0.0013848438440000263,3.3699653248793624E-5
431.0,0.9997528630610707,2.470418218156185E-4,9.504076603840223E-8,7.634749478403132E-11
1590.0,5.3811739882832686E-11,0.0015153543609469264,0.6329669769245795,0.36551766866066193
1404.0,1.0267459358759806E-4,0.9718026815751737,0.02808454315586235,1.0100675376366515E-5
943.0,1.03459436477578E-11,0.48953480283554957,0.4495569911475302,0.060908206006574435
121.0,0.9818426663693979,0.018132175119454672,2.4946185664347806E-5,2.1232548305463664E-7
1241.0,1.1031121275593564E-16,0.0011602724879035402,0.9060568017246506,0.09278292578744582
409.0,8.968513811839978E-11,0.03786220467308629,0.8083410509839044,0.1537967442533242
614.0,4.05671563345484E-10,0.15402602014753905,0.8278374194056975,0.0181365600410918
31.0,3.3216315589956075E-14,0.002033352911738022,0.17332729186038842,0.8246393552278403
49.0,0.9999883532887006,1.1646116768081029E-5,5.928875486643243E-10,1.643812598643693E-12
1025.0,1.8901867171074568E-14,0.0015142862672711816,0.5832542693603291,0.4152314443723809
1444.0,5.743287316199453E-7,0.167160583734426,0.6521700821659944,0.18066875977084804
963.0,3.353863519080295E-11,0.0015379567679781325,0.6416086511647063,0.3568533920337769
920.0,2.372218907537737E-15,0.0016943121308711196,0.7466347793260181,0.25167090854310836
358.0,0.9982760621102558,0.0017231112670414003,8.253008464058228E-7,1.321856403000554E-9
1298.0,2.6999041987175756E-7,1.3472416805742227E-4,0.08758407997751509,0.9122809258640076
1207.0,0.005357696208948531,0.8317421841234914,0.14442951846904717,0.018470601198512914
1624.0,0.9992917812134731,7.080286919270333E-4,1.8979506924404504E-7,2.9953054041086007E-10
158.0,9.739497731013029E-15,0.010826422054021715,0.5304801252536357,0.4586934526923328
573.0,5.444831687001538E-15,0.018284998311602553,0.8879442530868626,0.09377074860152922
651.0,5.046893381538001E-19,3.559683286656617E-5,0.2422222821437829,0.7577421210233505
1499.0,0.8955767793501561,0.10422801943204002,1.9418709218211013E-4,1.0141256216355536E-6
1150.0,3.3090216474050543E-14,0.00496148072502491,0.5085206221311543,0.4865178971437876
814.0,0.03096185515813088,0.9455544305817861,0.02001003625695079,0.003473678003132313
317.0,0.9998786235977453,1.213762110348478E-4,1.901214847521593E-10,1.0983990106021866E-12
885.0,1.587811394468557E-9,0.15465480110206808,0.6324303786448632,0.2129148186652572
204.0,0.0011492690573870281,0.7461579453488331,0.16496511678138906,0.08772766881239087
1224.0,0.9976584607479791,0.002337415540725764,4.10477984555297E-6,1.8931449688955602E-8
1389.0,1.2279185460246141E-8,0.8551736478426804,0.1413377267940815,0.0034886130840525048
1575.0,0.11504998169426928,0.8667440457346299,0.018119087624600266,8.688494650065448E-5
450.0,0.002005397313533064,0.964047356274333,0.03228721699917155,0.0016600294129624125
720.0,0.9421476837774329,0.057570636984469,2.791599818826996E-4,2.519256215433288E-6
1370.0,1.2761660174879941E-17,6.447607222296982E-5,0.2748965998557049,0.7250389240720722
956.0,7.664676635193193E-28,2.6301290573473253E-5,0.7092507445804823,0.2907229541289441
372.0,0.9972028315096457,0.0027957532699767955,1.4093251013438362E-6,5.895275981738388E-9
1279.0,0.9999987043612932,1.295596571618116E-6,4.203258353814359E-11,1.0256885536232336E-13
537.0,1.1656028138778504E-22,9.374295130528579E-7,0.0356132746236072,0.9643857879468797
1552.0,0.9997273821685269,2.725065296821501E-4,1.1079919178241968E-7,5.025993252543154E-10
151.0,0.9763131180314478,0.023469047945279705,2.1592512530397155E-4,1.9088979685172367E-6
578.0,3.454835898100122E-26,4.531023848732941E-10,0.005442083297629605,0.994557916249268
395.0,6.142952598593667E-19,2.0634365878607297E-6,0.21397105766706506,0.786026878896347
1097.0,2.9622210724333744E-11,0.8294837050157362,0.16279268954502946,0.00772360540961209
112.0,0.9841097297936263,0.01581921002116757,6.991527863105677E-5,1.1449065750906648E-6
999.0,3.530066009487765E-11,0.525439919814568,0.4737403063601425,8.197737899887891E-4
1516.0,0.9994218338090523,5.775794289851064E-4,5.821794941348026E-7,4.582468327803586E-9
1152.0,0.013500062558319922,0.8115948667982618,0.1729427272191507,0.001962343424267566
197.0,2.2998947430710503E-11,0.37942554889612534,0.6197875897599154,7.86861320960356E-4
849.0,0.013961051594699419,0.9860053720461399,3.329150656024047E-5,2.848526002057482E-7
1317.0,4.511287822295065E-4,0.9657283615765819,0.03311357932197426,7.069303192142967E-4
1647.0,1.0989032254257998E-10,5.230528517881946E-5,0.01573742691626988,0.9842102676886609
756.0,1.5003063454341302E-12,0.002112241472121896,0.4537891505871894,0.5440986079391883
464.0,4.257241690964605E-20,2.692514750247229E-7,0.05186971723758015,0.9481300135109447
687.0,2.2878057652857132E-14,0.024867539096462485,0.8728330195500944,0.10229944135342024
89.0,0.9999963248316946,3.6745696925251927E-6,5.984185955804066E-10,1.9405534402575154E-13
1427.0,0.002698037952864215,0.9948760604718645,0.002383353032826991,4.254854244434709E-5
778.0,6.945249109118005E-5,0.6550490809871661,0.33693392243427067,0.007947544087472008
303.0,9.943091752558217E-13,3.9199936221745647E-4,0.28961242637722623,0.7099955742595621
1078.0,0.9999970978663861,2.9016287385355757E-6,5.044259866860954E-10,4.495250905177536E-13
1123.0,1.6053070657920198E-9,0.0018962643593147036,0.4201486642860479,0.5779550697493303
1478.0,0.9991582433655994,8.322016488823223E-4,9.553338896731409E-6,1.6466213449974872E-9
339.0,8.016760992132383E-4,0.9906771911661424,0.008498435992036854,2.2696742607469327E-5
1010.0,1.8860513359541946E-9,0.16296523735070972,0.5100318462643618,0.3270029144988771
11.0,0.9902798507513778,0.009717153658153581,2.9273219738654338E-6,6.82684946667219E-8
599.0,9.386285230801444E-9,0.7767873625426948,0.19133589988563288,0.031876728185387074
70.0,2.2862759310707575E-10,0.8578454785415233,0.13303723794328517,0.0091172832865638
1594.0,1.8004455210058597E-9,0.12968764602071314,0.8538144292059024,0.016497922972938783
524.0,0.9815097172509758,0.01844719238369437,4.256633073903408E-5,5.240345907414625E-7
428.0,1.8853556241428473E-23,1.998126885976063E-6,0.5983657333987796,0.4016322684743344
937.0,0.9723243372375205,0.02758775917809078,8.718225576184831E-5,7.213286269396266E-7
251.0,0.9964353583619824,0.003564634133811364,7.284112112671177E-9,2.2009422854083402E-10
1392.0,0.010978440066716779,0.9808797634689249,0.00801077083447285,1.3102562988545518E-4
1237.0,0.9373649009051986,0.06261103432025036,2.3627856010622946E-5,4.3691854025236984E-7
111.0,0.9999871644830534,1.283472862771998E-5,7.861831861488925E-10,2.1358654357778706E-12
1465.0,3.0988165077096425E-15,0.0013818464179297892,0.3309214324827445,0.6676967210993225
1052.0,9.520256866414738E-8,0.12407551817876411,0.8672714792798639,0.00865290733880323
799.0,5.067180635532198E-6,0.06130954223628678,0.30493907960066446,0.6337463109824132
503.0,0.02679972119037515,0.9652787694320958,0.007898880441382991,2.2628936146045696E-5
698.0,0.9998329555336694,1.6702483523768988E-4,1.9528155814704255E-8,1.0293708574237002E-10
1605.0,0.9999919080889096,8.091789602064035E-6,1.214818273147861E-10,6.48880263279324E-15
169.0,0.999926992107615,7.299919509882049E-5,8.689569686102213E-9,7.716576247502234E-12
737.0,0.4531359265368871,0.5402243677924621,0.006333426271788037,3.0627939886275523E-4
836.0,1.246073484339524E-16,1.5166710497802085E-4,0.3590915298539728,0.6407568030410491
264.0,0.8184789171209971,0.17562206205866418,0.005768153546828071,1.3086727351075564E-4
1295.0,0.31567813112154525,0.25064268513368126,0.32717504698031424,0.10650413676445931
552.0,4.885022146747224E-10,0.016106311805466393,0.25101075453941585,0.7328829331666156
446.0,1.0472538840825719E-4,0.018871670587787708,0.5759260423313312,0.40509756169247285
1650.0,0.08367553333697478,0.9066132996440134,0.00962176021714721,8.940680186472468E-5
1336.0,1.214754522158172E-7,0.8220508698294487,0.17404959487900934,0.0038994138160896373
242.0,2.5915574693815855E-10,0.15492128950991021,0.8134798092749483,0.03159890095598573
909.0,1.0848350524922995E-15,0.01853231550064663,0.715287586154271,0.26618009834508133
1181.0,9.653048055105387E-21,4.3509557516116757E-7,0.020980684632432585,0.9790188802719924
42.0,1.0981331165066664E-22,1.6431701113947867E-8,0.007137560276665885,0.9928624232916331
1067.0,1.5321169695884543E-26,3.283988574746446E-9,0.07251720645376283,0.9274827902622486
982.0,1.5771125165920218E-20,5.114410230858206E-8,0.03658901059066879,0.9634109382652288
321.0,0.09462146877895307,0.8647914409037646,0.024418621014897827,0.01616846930238465
1422.0,1.7250382673257765E-4,0.8653832611729299,0.12976339846169957,0.004680836538637998
627.0,2.2919414954944166E-13,1.1037524022800074E-4,0.9607620926871807,0.03912753207236208
1549.0,8.955570271546702E-7,0.3015918135732181,0.555981229594146,0.14242606127560867
709.0,2.456773556418218E-14,0.026445759125458594,0.8147939211137537,0.1587603197607632
160.0,1.320848253075671E-7,0.22855775465354022,0.7211646172106324,0.05027749605100199
1250.0,1.7800371528010792E-8,0.06948938209241473,0.2521158820940772,0.6783947180131366
864.0,5.1110463714761896E-11,0.0015770734468288521,0.3110882344974278,0.6873346920046329
282.0,0.8821210551252618,0.1175468259071359,3.320052500498941E-4,1.1371755244724074E-7
1351.0,9.092720966872563E-12,0.020790657399932966,0.6707504867448093,0.30845885584616495
1521.0,3.5459453024097015E-9,0.48289043751795147,0.4703524004749288,0.046757158461174494
827.0,1.806779995840265E-12,0.04447050372279587,0.4144762380460737,0.5410532582293236
1108.0,0.9997926920395347,2.0723358627005952E-4,7.418948521682532E-8,1.847100657673464E-10
485.0,0.9999879746382404,1.202513074710219E-5,2.3101182406313862E-10,7.370616486675712E-16
670.0,0.9999922959993939,7.703608205083382E-6,3.918134260888132E-10,5.876419379940989E-13
855.0,4.293839687113628E-7,0.8947149418429907,0.10501973584243263,2.6489293060797097E-4
15.0,0.9998016238236871,1.9805793214567731E-4,3.111051948060116E-7,7.138972476357547E-9
1164.0,4.675976021420763E-8,0.12970349127949612,0.595389702788592,0.27490675917215174
1321.0,2.2644353453900072E-7,0.38542131970898036,0.5720655885740428,0.042512865273442314
102.0,4.425366460235981E-21,7.682342459506628E-6,0.039612592356189844,0.9603797253013505
1635.0,1.017917725764608E-16,0.04157613896262929,0.9101704228036381,0.04825343823373249
467.0,2.0784703580973636E-7,0.5320873892859584,0.46688077471896905,0.0010316281480366861
754.0,3.816292565600597E-12,0.020019400998678535,0.6030546783345994,0.37692592066290576
681.0,4.013282319493628E-20,0.0013011890845368334,0.7945729911073725,0.2041258198080907
187.0,0.17280894632330293,0.518488927867724,0.2906109386366057,0.018091187172367316
1439.0,3.9791301540751235E-8,0.1449942851054028,0.3036663943507633,0.5513392807525324
1082.0,6.615213649629761E-18,0.008400618007010332,0.6923363754312738,0.2992630065617159
300.0,0.999647052568106,3.5286104312829683E-4,8.614104842530016E-8,2.477172256408316E-10
780.0,0.9999992867529965,7.132233889968986E-7,2.3604207745503283E-11,1.0247388391437772E-14
954.0,3.4049032204933046E-10,0.24043586890765795,0.5834560947691017,0.17610803598275018
375.0,0.9977208089551008,0.002276170599848412,3.019724929047525E-6,7.201218545610872E-10
1366.0,0.9997099152165804,2.9004235138116235E-4,4.233498596350095E-8,9.705248859243013E-11
1267.0,0.9996558771247124,3.4402364574539216E-4,9.776687438045754E-8,1.4626678806819659E-9
79.0,1.740849671723904E-16,0.012027484330426746,0.9789248140869518,0.009047701582621344
1564.0,1.5603840586376442E-14,9.129082031895802E-4,0.9914858765487159,0.007601215248078818
543.0,0.9997261046665563,2.738951588963382E-4,1.7354116121575708E-10,1.005987495909261E-12
580.0,0.9999981630140061,1.8368999978852143E-6,8.599568112296651E-11,1.299808386838829E-16
392.0,0.2927376224174231,0.39893648021714234,0.2991601199054492,0.009165777459985373
1093.0,0.9893614760164581,0.010611928127490336,2.6413987443011607E-5,1.8186860855658859E-7
1504.0,0.38648061252322824,0.5996200073831104,0.01286052471694433,0.0010388553767170683
233.0,0.9999949102268997,5.089355162333848E-6,4.1729754022908565E-10,6.403809628166404E-13
993.0,0.002882897703704738,0.9901097076684542,0.007007232046254904,1.6258158632039278E-7
178.0,8.582777556499993E-5,0.9192120931343088,0.07741289328552074,0.003289185804605304
653.0,2.3845631236900643E-14,0.2607557140312089,0.5782690325734765,0.1609752533952907
1495.0,0.9999981069842206,1.8928952546212212E-6,1.2027214506442567E-10,2.5243174761828223E-13
808.0,0.1600056925531317,0.8378615471685178,0.0020876029895814103,4.515728876906314E-5
318.0,0.4114494033560653,0.5343479694128135,0.053983188957412644,2.194382737085912E-4
1138.0,0.7618780856085395,0.23747356527990846,6.438454886194213E-4,4.503622932723101E-6
1220.0,0.9610489316181494,0.03753184182198492,0.0013755480221959203,4.36785376697579E-5
883.0,4.014985367724072E-8,0.8396803949832105,0.15937828584249625,9.412790244395816E-4
1377.0,7.684102384684889E-9,0.010828840298415555,0.9348065916571906,0.05436456036029155
1579.0,0.6932486986492233,0.3038727946918801,0.002567197867498005,3.113087913984224E-4
58.0,3.00458841914167E-14,1.3026418200304664E-4,0.29589314535063493,0.703976590467332
449.0,0.011001721490088606,0.9351423362605983,0.05233317835043654,0.0015227638988766763
726.0,4.1687959304342245E-19,1.5533455167482597E-4,0.672781720013147,0.3270629454351783
410.0,0.9999998844627596,1.1537840132921982E-7,1.5306421430207351E-10,5.7748821621126026E-12
608.0,2.6109480040574346E-7,0.5978974632128665,0.3677650718637338,0.034337203828599346
1037.0,8.04756975337544E-15,8.688818492616526E-8,0.0037565312753320766,0.9962433818364749
965.0,1.1759303548029724E-18,8.050964121755922E-6,0.041981656271779424,0.9580102927640989
224.0,9.829418631931938E-16,0.06473194823979597,0.9234980513720675,0.011770000388135603
1448.0,0.9989968312587303,0.0010029338343564432,2.3429336196612793E-7,6.13551294622596E-10
1310.0,0.9970642467237035,0.002934400262680334,1.3358745114151005E-6,1.7139104768541447E-8
926.0,1.2030824167459931E-12,0.058958077182603284,0.29382510262280565,0.6472168201933879
357.0,4.8803995749552465E-12,0.25386201569362044,0.6979370804239272,0.04820090387757178
1211.0,5.755857753812518E-17,8.096596081251908E-4,0.34758742394821385,0.651602916443661
571.0,3.804509537254921E-10,0.10307763254199481,0.5914114686887005,0.30551089838885376
1620.0,7.521966256625262E-10,0.00555210777702291,0.9771236419552117,0.017324249515568692
1469.0,3.0952158860318985E-8,0.047868143730054484,0.8312416174477053,0.12089020787008124
1048.0,2.1718973277788002E-14,0.00614651038342594,0.4405772820360683,0.5532762075804841
214.0,4.178128627714639E-10,4.181039140122239E-4,0.20690525145333094,0.792676644214844
797.0,8.679640740866081E-7,0.45956938228016125,0.5281897927684821,0.012239956987282669
696.0,0.9057947719282974,0.0938406564606247,3.61090758751213E-4,3.4808523266710878E-6
502.0,2.310768950259482E-13,0.013102825070233108,0.9338413829877348,0.05305579194180092
1601.0,1.3070876011512406E-17,0.0024045151649854813,0.7484193767288211,0.2491761081061935
739.0,0.999977441916187,2.255795857968879E-5,1.2494743767625415E-10,2.8587237833028047E-13
838.0,3.217965659304266E-20,2.2838468949770394E-5,0.04370270762486832,0.9562744539061819
265.0,2.375049309374792E-28,9.561538898341799E-12,8.944742694361529E-4,0.9991055257210022
1198.0,0.9939187738744638,0.006054175932370735,2.686449358684419E-5,1.856995785818486E-7
22.0,4.0943335031866516E-16,1.6772274549479071E-4,0.3718468448854317,0.627985432369073
35.0,2.9139873789966525E-10,0.4067184696295766,0.5390073079932665,0.054274222085758286
1291.0,0.9999979225789564,2.0774167739428764E-6,4.269737579482613E-12,3.034328962535328E-19
1127.0,1.6604302082911037E-8,0.1981505020410976,0.7347919398968837,0.06705754145771643
1474.0,9.244893096837409E-17,3.1237657378862983E-9,0.0056564949669225114,0.9943435019093116
1008.0,1.7956992718667363E-9,0.46668073740379173,0.5285921133215475,0.004727147478961466
338.0,0.9997311589506327,2.686234891457222E-4,2.1727522855870113E-7,2.849927950595941E-10
597.0,7.194819516995622E-10,0.03869326642929808,0.9308063996662281,0.030500333184991957
1672.0,2.4495100106031866E-14,0.04933153369636053,0.26617927378329886,0.684489192520316
132.0,1.830276827750749E-4,0.9750788112471068,0.023977802474659016,7.603585954590945E-4
1598.0,0.9999837729729026,1.622578351064886E-5,1.242217076294186E-9,1.369750415923874E-12
429.0,0.9999970243460276,2.975372010727431E-6,2.8148393073523057E-10,4.778426356285838E-13
526.0,3.3877284058442936E-10,0.5316529415665324,0.39385666425250687,0.07449039384218789
939.0,7.171665493812449E-18,0.009318391104203471,0.9604257978968982,0.030255810998898368
1396.0,3.920143183194142E-9,0.04745771436697978,0.7090627015818968,0.24347958013098028
1233.0,0.8638954950037253,0.13570989703907885,3.702530559001603E-4,2.435490129572438E-5
1545.0,3.494695530235006E-13,0.013410427701723727,0.65253884428724,0.3340507280106868
84.0,0.9999326712800886,6.731765260972476E-5,1.1052798357045935E-8,1.450343268847471E-11
711.0,0.9999593963045496,4.059974974274929E-5,3.937607075259757E-9,8.100421580195134E-12
1254.0,9.516157254985865E-15,0.006388245630437368,0.8741495822731229,0.11946217209643001
866.0,1.2849533428651124E-14,6.293053122817382E-5,0.08129650454680674,0.9186405649219522
283.0,0.9400937124597546,0.059670485117346864,2.3519606813358996E-4,6.063547648895599E-7
1347.0,0.9999897474451145,1.0252050466671142E-5,5.016443669536474E-10,2.774418980498886E-12
1525.0,1.3560656561481464E-4,0.6674089084565945,0.23611990190487786,0.09633558307291284
825.0,5.680885782493964E-15,0.005594410516818212,0.9688780008860967,0.02552758859707951
223.0,0.4170836485251265,0.5826383862555925,2.756993463105441E-4,2.26587297034514E-6
1104.0,0.06950348639278416,0.9293835666843285,0.0011121345709781017,8.123519093072223E-7
484.0,0.9992120622830506,7.666425013681648E-4,2.063604612849514E-5,6.591694526797427E-7
668.0,0.9778583640844356,0.02209631941458531,4.5304409083348256E-5,1.2091895700404326E-8
554.0,0.20261033401911493,0.7940878465182625,0.003300481303543331,1.3381590792287582E-6
447.0,5.195582677890426E-11,0.35330794902781426,0.5472457695626238,0.09944628135760601
1654.0,2.771485379760018E-17,7.209975298434011E-4,0.8468917798051786,0.15238722266497798
1340.0,0.996072480064601,0.003927498324677748,2.156111003466145E-8,4.96111240552513E-11
911.0,0.9994395568287294,5.603424819326012E-4,1.005118954224245E-7,1.7744268469822544E-10
125.0,0.9998918008893973,1.0819441420736471E-4,4.694128476066578E-9,2.2667407691700324E-12
1177.0,1.5928918160655638E-10,0.2025054653016961,0.7941976101948997,0.0032969243441149745
1071.0,7.449982109493088E-13,2.918634206849035E-7,0.0011622987944927708,0.9988374093413416
980.0,2.605738240635945E-12,0.3113887124162888,0.6845338479750704,0.004077439606035059
320.0,0.645695832717269,0.35376174625474627,5.330611718374554E-4,9.359856147300755E-6
1418.0,8.001216919870926E-17,2.424714816409692E-8,6.471021095084005E-4,0.9993528736433435
141.0,3.722400674106966E-21,5.818132838540187E-4,0.9678483305375208,0.03156985617862525
625.0,1.3031456068917611E-13,0.004036277344959784,0.9108688325938724,0.08509489006103753
374.0,1.5815769973374604E-4,0.5536355182619758,0.43294317310648867,0.013263150931801875
952.0,0.9999972320065863,2.735155580195107E-6,3.26379535678298E-8,1.9988010521213405E-10
1362.0,0.9999993672283629,6.323522514173804E-7,4.192934244412244E-10,9.225670458876225E-14
1271.0,4.3587904586905955E-8,4.306384990485114E-4,0.01811769012892533,0.9814516277841215
150.0,1.8427188401443782E-10,0.7663296950956426,0.2150385428964478,0.018631761823637644
1560.0,1.6519476945943794E-26,2.4364451121490844E-7,0.061432114006191314,0.9385676423492973
541.0,4.839747207814035E-6,0.1929744275753162,0.7611854456774009,0.045835287000074956
393.0,4.115053866769432E-11,1.0885350653176544E-6,0.0688940291587762,0.9311048822650079
582.0,0.997694343245768,0.0023051737559391778,4.828893320169309E-7,1.0896082313285138E-10
30.0,2.3532541911203574E-6,0.7152031795213988,0.28059246429737394,0.004202002927036104
51.0,5.396039134068527E-4,0.906693650386103,0.09110704630392573,0.0016596993965644644
1089.0,1.1138134875301248E-13,5.417750554126624E-4,0.32699787762744625,0.6724603473170296
1508.0,0.289943874415191,0.7024784031170069,0.007520881875358164,5.6840592444042146E-5
995.0,8.70080193007195E-19,0.001759980116053868,0.3537025891308614,0.6445374307530848
853.0,0.9999998178580422,1.821411217949194E-7,8.359354581361327E-13,1.5998253495380073E-17
1160.0,3.318539978962247E-17,0.014553193383941666,0.7429444096379153,0.2425023969781429
196.0,5.3928601753517616E-21,1.9070680891504996E-7,0.007270364111316281,0.9927294451818749
1325.0,9.341080739632994E-23,1.242453125709228E-7,0.12173472960607341,0.878265146148614
1639.0,0.9866872344401216,0.013180031676162883,1.3042241926498194E-4,2.3114644505209433E-6
752.0,0.999998375051245,1.6249385746047494E-6,1.0177952568852853E-11,2.4252111805757348E-15
466.0,3.655774503362627E-21,3.7986358783550665E-5,0.37668788650613977,0.6232741271350767
683.0,3.997008838116678E-5,0.9514995534980569,0.048384982398966304,7.549401459564558E-5
1435.0,1.413883820489611E-6,0.26606725739359394,0.6953257085971652,0.03860562012542034
1086.0,7.401354992784398E-8,0.549033827266985,0.4133561685363689,0.03760993018309628
301.0,2.2053232148882737E-10,0.002408387870906979,0.6419319017577659,0.3556597101507948
782.0,0.48225745707405054,0.4954700345335888,0.021350391571326233,9.221168210345229E-4
411.0,0.9916937774927503,0.00828353582538904,2.2141532582338484E-5,5.451492783047027E-7
610.0,0.33315403634897844,0.6360385256331763,0.03031086401465131,4.965740031938171E-4
1033.0,0.9996444936796379,3.4674787059307165E-4,8.572997278650474E-6,1.8545249034593807E-7
116.0,0.9999939875259699,6.012410009863102E-6,6.401993251719171E-11,3.2844526756735463E-16
967.0,8.967214035564601E-24,2.1304845585902205E-6,0.3105854560118301,0.6894124135036114
1306.0,7.991807249449152E-17,0.0010766004202634283,0.05816142653808484,0.9407619730416517
924.0,3.1550990000027587E-19,6.346720967895548E-6,0.09179244405159023,0.9082012092274419
356.0,8.156565474016474E-10,0.20626467138819718,0.7313704313368654,0.062364896459280825
1215.0,0.6585876528102227,0.3400774410359377,0.001192671067100673,1.4223508673890832E-4
569.0,0.20511220801906474,0.19758478547991992,0.3206215016939793,0.2766815048070361
1616.0,0.9989822538340605,0.0010130609504285038,4.635247598732759E-6,4.9967912458261904E-8
159.0,0.9989362068945603,0.0010631204090517997,6.721400346027897E-7,5.563534449720883E-10
655.0,1.0021744526598753E-14,0.0011910335351919415,0.19306448892669292,0.8057444775381052
93.0,1.757575401759653E-31,4.8767711435400145E-11,0.015047335173501503,0.9849526647777308
1491.0,0.1957202218292373,0.7915900815915465,0.012514666427605889,1.750301516101244E-4
810.0,1.2631106299495718E-20,2.284297705605614E-6,0.19335756119685754,0.8066401545054368
319.0,1.7438761694447938E-13,0.014761391252830207,0.9476348838609001,0.03760372488609517
1142.0,8.828804428310195E-13,0.027109138265593496,0.9131672161015809,0.059723645631942844
205.0,2.421724757963055E-8,0.15584879198615473,0.5345401334936475,0.3096110503029502
1216.0,0.38153211142661686,0.6042961474220228,0.01346931180438168,7.024293469788236E-4
881.0,0.999992448505808,7.551493326987246E-6,8.58712328156115E-13,6.420589366921659E-15
1381.0,0.042164985374433445,0.8868408401285958,0.058662665761856615,0.01233150873511408
1583.0,0.531935975996108,0.4645725196592272,0.003417188627776731,7.431571688802341E-5
724.0,0.999976131158578,2.3866254586716165E-5,2.5526858342130944E-9,3.414946994108726E-11
448.0,0.002660487770201822,0.37627819982764504,0.6103649741746193,0.010696338227533906
1669.0,0.4017071703903353,0.5882243501765761,0.010051423295231532,1.7056137857000013E-5
641.0,0.7123932726810732,0.2679822579740993,0.018305300641837125,0.0013191687029904056
177.0,5.1380786471647064E-15,0.020344442867452458,0.4109800866180651,0.5686754705144773
1130.0,1.3604030868804519E-11,0.07501774470617428,0.7601550826040552,0.1648271726761666
312.0,1.479582519714713E-10,0.3362426469717382,0.6634844174829956,2.7293539730795675E-4
804.0,9.202464770857176E-23,4.006771564049652E-8,0.01380277498636018,0.9861971849459241
1487.0,0.08093791389673938,0.8722992050846526,0.04674893364124958,1.394737735837923E-5
1401.0,3.194560507378783E-20,1.600823866299759E-6,0.010508635285451123,0.9894897638906825
99.0,0.8832710068215802,0.11617787901467032,5.475718074457844E-4,3.5423563035512975E-6
895.0,2.6644573477484484E-13,0.07519840694913422,0.5907605421776047,0.33404105087299474
1244.0,1.538999526954745E-7,0.0043633168565803725,0.14496961322943644,0.8506669160140305
730.0,2.9309205562157588E-12,0.05121736059633906,0.7092130843097498,0.2395695550909801
455.0,9.042088235318147E-12,0.1629765245659641,0.8118627909848275,0.02516068444016642
1587.0,1.2414122057342966E-7,0.8109976455809914,0.17734291950677866,0.011659310771009292
620.0,0.8718805036012883,0.12768967359518868,4.2981773339973106E-4,5.070123460985706E-9
412.0,2.4579598971193836E-14,0.00942392826904678,0.9831058176141583,0.007470254116770319
227.0,0.4526611175489892,0.5417064951080099,0.005568768084641521,6.361925835928861E-5
1456.0,2.0425263546739446E-11,0.0012256302031546599,0.7448854914573589,0.25388887831906104
969.0,0.9524120159650828,0.047165909982889595,4.1986844863933033E-4,2.205603388058415E-6
1045.0,8.665988740966542E-12,0.04507075291757465,0.8708746786153742,0.08405456845838519
1187.0,0.9999888796423881,1.1120220698041158E-5,1.3691349961888403E-10,4.615311170351918E-16
355.0,1.6424790084445468E-12,0.010545579679450138,0.36000175852292116,0.6294526617959861
914.0,2.7098413454887376E-5,0.913351220324655,0.08347145368548557,0.0031502275764045324
1286.0,0.9993439779850839,6.559135342352344E-4,1.082602191688021E-7,2.2046171846169554E-10
1612.0,0.8565278588377244,0.14019190621403502,0.0032495294069438503,3.0705541296643994E-5
567.0,1.0969979041569037E-23,1.988410708139941E-6,0.05479299536949334,0.9452050162197986
74.0,0.04138149277184376,0.9447948191735028,0.013604287091920396,2.1940096273292858E-4
1329.0,0.9949868807920722,0.005005813153314485,7.277496750328327E-6,2.8557863059693267E-8
1172.0,1.1116107667388583E-15,0.0013386823182180015,0.21235827943799587,0.786303038243785
859.0,1.7765922888536513E-17,1.7838440792665916E-4,0.12127859842727942,0.878543017164794
469.0,1.6090509477884067E-19,1.6957571908622163E-4,0.9528547684239613,0.04697565585695244
766.0,1.702451663250835E-4,0.9954641895092542,0.004182755308526749,1.8281001589407972E-4
