1658.0,1.0091286831960027E-8,0.0016544811685027627,0.8380492586033004,0.16029625013691015
444.0,5.8174286170959936E-8,0.262879127964311,0.630335801156737,0.10678501270466567
556.0,1.6493969256950565E-5,0.051489075826770335,0.9042319639261693,0.04426246627780333
905.0,3.2091837643566605E-11,0.002494998864879039,0.9371733689863743,0.06033163211665475
243.0,2.878009628524521E-7,0.0060737068990105204,0.9686639790343711,0.025262026265655595
1328.0,1.0053668526621878E-7,0.014522743475248321,0.37940329648073845,0.606073859507328
1173.0,2.634777268972885E-6,0.8628756609306448,0.13563401022328478,0.0014876940688013248
1059.0,0.053098296557676734,0.9149990804202863,0.03186909707471145,3.3525947325542604E-5
1414.0,5.138010101935152E-11,1.964105453735072E-4,0.15973487947411608,0.8400687099291303
978.0,1.0214385433629469E-4,0.8470903032939805,0.1387910882676089,0.014016464584074271
323.0,4.4693122053984233E-13,7.904004902164369E-4,0.05647103397925089,0.9427385655300857
631.0,1.3187748951610217E-8,0.10244919555358069,0.8878497651445544,0.009701026114115925
66.0,0.9934456314172869,0.006553703774329287,6.642456405557391E-7,5.627431760117239E-10
1541.0,0.999999999334561,3.9406630443390276E-10,9.07856249551089E-11,1.805872586901711E-10
161.0,0.0053849475179860926,0.7679483718316411,0.22350156220461825,0.003165118445754511
705.0,0.9965218654508354,0.002290623320131977,0.001175199611159052,1.2311617873617024E-5
280.0,1.7684391801044624E-9,0.11495398814650859,0.6463528427080115,0.23869316737704066
868.0,7.959230872982364E-17,1.641992937039307E-8,0.7227523621578645,0.2772476214222061
1258.0,1.9342327893126217E-5,0.0013172615002044995,0.9377078520748732,0.06095554409702915
1359.0,4.122998743527999E-4,0.4563144151888384,0.5202256835471432,0.023047601389665717
107.0,1.9585709728114685E-6,0.009755095452669185,0.5925767809896978,0.39766616498666024
1529.0,0.1492748779927303,0.8469120738309323,0.0036733394137234087,1.397087626141244E-4
1116.0,1.4604099389487832E-4,0.03244121662921453,0.9434871778787761,0.023925564498114456
831.0,0.9593268098464057,0.04028994626467432,3.7558395171081695E-4,7.659937209134189E-6
666.0,4.5511887804638795E-4,0.2624353796809905,0.7276776655475146,0.00943183589344861
487.0,0.9999938140537565,6.185309326780782E-6,6.342387520348816E-10,2.677971273989569E-12
40.0,7.087049751107434E-11,0.013125361388534906,0.2713403681170765,0.715534270423518
1131.0,4.540008301456572E-5,0.13749645670624377,0.8570745567775386,0.005383586433203017
337.0,2.830771746827307E-8,0.12048035282849504,0.6842261608637682,0.19529345800001927
1014.0,3.546991005653946E-17,0.04067334305098075,0.9271200759069483,0.032206581042070824
1486.0,5.433903700692785E-12,0.23817603464092937,0.7192743283877248,0.04254963696591192
1668.0,9.724720993474793E-10,2.7364910508061407E-4,0.4436988383955878,0.5560275115268595
595.0,0.9444498271253228,0.02981459062149666,0.025127629467269756,6.079527859108221E-4
430.0,8.280302832817022E-8,0.7239607256734008,0.2718183101810977,0.004220881342473134
520.0,0.8597825722328092,0.14001624433599216,2.0036204439408578E-4,8.213868045478266E-7
1586.0,0.1264328951839203,0.8735429067610461,2.415620199020853E-5,4.185304333818884E-8
1400.0,0.0011415936216733768,0.5013912336587395,0.4964512706125153,0.0010159021070719116
250.0,0.9805183624522065,0.018090101411320166,0.0013402242311324594,5.131190534083676E-5
941.0,0.004241705642708883,0.974530211602954,0.016608671467186347,0.004619411287150695
1245.0,4.951345706108189E-5,0.0846917787319098,0.6558107507716772,0.259447957039352
1457.0,1.5496452147425375E-6,0.0010338030515518292,0.032095835921442516,0.9668688113817909
795.0,0.0027696254830485985,0.7250564517574654,0.21898789167846905,0.05318603108101696
1044.0,0.002330274451772645,0.6795248824980623,0.31567482221575627,0.0024700208344089094
702.0,8.359056005269506E-9,0.45865694849544825,0.5007375654315293,0.04060547771396669
501.0,0.9496976851299263,0.04514134026253558,0.005104979939261917,5.599466827633701E-5
1613.0,9.250554774238386E-14,0.3699379717992746,0.5965222172819448,0.03353981091868811
741.0,0.04640525627527425,0.9439281284182345,0.009537956697272337,1.286586092189245E-4
168.0,5.670921733746144E-11,8.15119069416588E-6,0.0021546567682789153,0.9978371919843178
1186.0,0.9999023274481017,9.755639686867165E-5,1.1583874658069028E-7,3.1628316296380114E-10
266.0,0.012129475567176582,0.6391145848582848,0.3475971015295439,0.0011588380449949105
832.0,1.071900587664782E-9,0.059784251788661626,0.867447056140455,0.07276869099898269
1287.0,3.915429571628389E-9,0.8531455758440458,0.13477817696262895,0.012076243277895604
649.0,2.6650029803539198E-8,0.07010502824419637,0.9171920647780324,0.012702880327741377
179.0,2.291973138237636E-11,1.8407025021877635E-5,0.4401838679277438,0.5597977250243146
1503.0,0.9993100725558066,6.899195079590935E-4,7.933757107521737E-9,2.4773378485029283E-12
1146.0,7.634435611913641E-9,0.0012660020493905314,0.2705458468397069,0.728188143476467
812.0,0.5087319815387823,0.48201726936734507,0.008045620251434368,0.001205128842438277
316.0,2.9027879399192433E-7,0.6795701783048405,0.30177252203200894,0.018657009384356618
887.0,1.3324489077115513E-9,6.979910778380553E-6,0.09287329025878252,0.9071197284979902
1228.0,1.25311721704984E-4,0.6535662464589396,0.3290437649265221,0.017264676892833297
1385.0,4.2944034978613833E-7,0.001113646202111328,0.6742493321316793,0.32463659222585955
98.0,0.06724597317751807,0.8323040856105515,0.10015613061333853,2.9381059859196065E-4
1571.0,3.9550114230216306E-8,0.036647044396606675,0.9377456830581334,0.02560723299514553
722.0,1.5003755939547934E-7,0.7802287652466906,0.21486069746288275,0.004910387252867125
451.0,0.9817294941173083,0.018270018937768296,4.837143431887003E-7,3.230580372194648E-9
612.0,5.770223232889577E-5,0.01789786374048489,0.978187773521999,0.0038566605051871708
408.0,0.9973309619823052,1.9549310575679035E-4,1.8070451204998063E-4,0.0022928403998881074
1029.0,1.7443897194108382E-7,0.3313293957861339,0.6647491991543665,0.003921230620527669
1440.0,0.008262033042762816,0.48206460982075855,0.49345864351170177,0.016214713624776764
225.0,0.9999958857845649,4.113656805096902E-6,5.574674134506495E-10,1.1625336927229062E-12
961.0,0.01566294000491572,9.469056639557403E-4,0.621962533691972,0.3614276206391565
922.0,1.1380843740508425E-10,3.0299934019395578E-5,0.11244632625996936,0.8875233736922029
359.0,0.002792495712926255,0.0032114687725482574,0.027306800191404298,0.9666892353231212
1302.0,0.0012516777493098523,0.748617022301299,0.24512850490344643,0.005002795045944701
1203.0,1.4113933327433683E-9,6.633715688918231E-5,0.6372855172469641,0.3626481441847533
75.0,0.00655445864542884,0.9885698081904118,0.004875549547822829,1.8361633649362663E-7
1628.0,3.0426187884907183E-11,0.0021699772329186167,0.9966416598636644,0.0011883628729908895
575.0,9.526318323990944E-5,0.9823958009302189,0.017502840175199496,6.095711341661284E-6
1156.0,4.81468163552173E-11,5.175495848740113E-5,0.11066952043872832,0.8892787245546374
851.0,0.9864738695794768,0.013473837552210129,5.084232723639548E-5,1.4505410765482826E-6
1313.0,4.89661916270644E-14,8.533617401683847E-5,0.15545359389456634,0.8444610699313678
1643.0,3.868426463899135E-10,0.008155130825986463,0.3669232071984968,0.6249216615886741
56.0,0.9999621875454606,3.130902446042671E-5,5.866737872916782E-6,6.366922060774645E-7
758.0,2.7265178197867528E-5,0.96108467460145,0.03586522702843795,0.0030228331919142904
465.0,0.996326304435099,0.003669729039906043,3.5155909537018968E-6,4.5093404135367053E-7
186.0,0.005115953033114769,0.9067877319423295,0.0857957030037411,0.002300612020814624
685.0,2.3651202815454133E-5,0.8308247097064474,0.16728003396148003,0.0018716051292571741
1431.0,1.3502471443258198E-5,0.6286949055838407,0.10285093728768742,0.2684406546570286
302.0,6.490135719674902E-8,1.4252539522927737E-4,0.1862321396070874,0.8136252700963261
776.0,0.2765719151333808,0.7228118745191687,5.733524135879172E-4,4.285793386244559E-5
1074.0,0.9943242600575299,0.005552307260474597,1.2026439684629314E-4,3.168285149033829E-6
1374.0,2.0326594413954147E-13,2.0290445475548116E-5,0.7035546337465024,0.29642507580781885
373.0,0.999159243047681,7.534906414745703E-4,8.500406442830431E-5,2.262246416253016E-6
958.0,8.314543456964411E-7,0.229317201995871,0.6489341183089569,0.12174784824082645
1275.0,8.542389385946468E-7,0.37367553352735366,0.625751476892539,5.721353411686737E-4
539.0,4.415638631276006E-6,0.4178228680425905,0.5756004902863475,0.006572226032430529
1556.0,5.32685327696129E-7,0.28241764177684686,0.6858194360241806,0.031762389513644795
394.0,1.8089155322230818E-5,0.5116620825420818,0.4613375648447089,0.02698226345788705
576.0,6.4968119239812575E-6,0.36756627789528545,0.5871182941308469,0.045308931161943615
1101.0,1.4409730512816097E-10,0.0029576368476493635,0.3259562550713292,0.6710861079369241
997.0,0.0025997315123992364,0.012855842529533153,0.7359112632206418,0.24863316273742583
232.0,6.267349222076732E-6,7.328996918839841E-4,0.8292751421318155,0.16998569082707832
1512.0,0.36107830474091757,0.01279985830850196,0.4568703697216519,0.1692514672289285
1537.0,2.6409956095584455E-4,0.010792548107042353,0.02940440577329863,0.9595389465587031
707.0,1.208502085168412E-9,0.08057645241965534,0.667561024572873,0.2518625217989697
281.0,7.519959805657445E-4,5.360493984878656E-4,0.6984650181919865,0.3002469364289599
870.0,3.519172307837525E-6,0.025392054286525103,0.9515884086112626,0.023016017929904486
23.0,0.019815858996324123,0.9766938491674046,0.0034198575700343137,7.04342662368481E-5
1262.0,6.246820730329889E-6,0.6605245620421992,0.3383811535423248,0.0010880375947456722
1355.0,0.9785096463912784,0.021405863991579847,7.833813992341782E-5,6.151477218293372E-6
33.0,1.5888491437345138E-5,0.07400067426640274,0.7004979722326516,0.22548546500950822
1533.0,2.208043656662277E-9,0.002401548478384081,0.6928946496871938,0.30470379962637856
1112.0,0.8909330962913596,0.10806854633648226,9.473921573627978E-4,5.096521479519095E-5
222.0,1.4143995325527978E-9,0.0012058776735306344,0.8907366531075248,0.10805746780454512
829.0,2.302991992253844E-7,0.02933316020728222,0.887000227167239,0.08366638232627954
664.0,0.9433128649907873,0.05569566952724047,9.71649358421697E-4,1.98161235506575E-5
486.0,0.7403040309397417,0.2580769670926358,0.0016148492301336838,4.152737488739086E-6
1662.0,9.953258006431133E-8,0.0010419495643420285,0.8607125891652285,0.13824536173784943
445.0,8.207698238518274E-4,0.10177236391592497,0.2962889551921699,0.6011179110680535
558.0,3.772409808328871E-6,0.09386302540353496,0.721508404180995,0.1846247980056617
907.0,0.37388044270832266,0.4599497070889386,0.14229552917825358,0.023874321024485157
1332.0,8.38308332768385E-6,0.004431185810938662,0.3746368157458179,0.6209236153599157
1169.0,0.004387769961008366,0.9937801115336933,0.001827419908429833,4.6985968686208305E-6
1063.0,0.044465162911957234,0.9345555170958293,0.020757426910096695,2.2189308211664836E-4
1410.0,1.3272675122903206E-7,0.0027404045039952757,0.3727205981153789,0.6245388646538745
976.0,0.21732289917501682,0.2002349868866706,0.4646657462585746,0.11777636767973794
322.0,3.120147240727429E-10,2.1091395421283863E-5,0.015443372817306277,0.9845355354752576
629.0,5.673705586697087E-10,0.4254114991704411,0.5480887209222588,0.026499779339929547
140.0,3.7211048979157444E-11,0.11720722168658729,0.7977956313553708,0.08499714692083084
1461.0,0.6844908192274868,3.892454462562148E-6,0.002193024229402171,0.3133122640886484
793.0,1.2598072342343912E-7,0.02260432941109718,0.9505112278944946,0.026884316713684693
215.0,6.31210816728463E-10,0.005072141974783667,0.5594500344625567,0.4354778229314489
1040.0,0.6754943544036064,0.3229265690074933,0.0015650398337817076,1.4036755118648751E-5
500.0,6.734037735614216E-13,7.6569412802893E-4,0.9571612648092381,0.0420730410620596
700.0,7.655288183832223E-13,7.324817173363686E-7,0.0057408297015268785,0.9942584378159903
1609.0,0.0015793009252365968,0.6387811236495106,0.29845645044531915,0.06118312497993384
80.0,1.004848652547705E-9,0.001154027116948696,0.18661231792011726,0.8122336539580854
743.0,0.9999713004859163,1.332257480227163E-6,2.1689687108347157E-5,5.677569495128299E-6
1190.0,1.1714859822723309E-11,0.03980667475404737,0.8174058170056144,0.14278750822862335
267.0,1.4609119448528376E-6,0.9032885931434683,0.06369064490377083,0.03301930104081603
834.0,0.0022162921390346388,0.6689032845388777,0.2986677913250808,0.030212631997006904
1283.0,4.373721323093414E-4,0.00602323473917628,0.9638531719536044,0.029686221174909894
1135.0,0.9953544770790252,0.004613383183680497,3.1399724829246423E-5,7.400124651089415E-7
1012.0,6.027936252168321E-8,0.6515300877967709,0.34020117927656957,0.0082686726472969
336.0,0.6683344823790176,0.3315043624104494,1.580268149946045E-4,3.1283955382254866E-6
1482.0,0.20970953048287322,0.7599544669018048,0.03025431068035996,8.169193496203989E-5
133.0,1.0320409143795214E-7,0.07561716853954566,0.9039610587842036,0.02042166947215943
1664.0,1.2513365573353878E-13,1.1699806066898014E-7,0.8587956909293027,0.14120419207251136
593.0,2.2313134975761594E-11,1.4186420680499574E-4,0.8139774150007619,0.18588072077011994
522.0,0.973290706318359,0.025807701057051078,8.606603741099522E-4,4.093225047988588E-5
431.0,0.0041122995305863785,0.906110788501078,0.08412213401125133,0.005654777957084323
1590.0,0.003591412018842309,0.06338315702990087,0.9110364451407206,0.02198898581053623
1404.0,2.519285989878014E-6,0.9211845608213676,0.07860760351837841,2.0531637426405476E-4
943.0,1.1401581295945937E-5,0.30303581194252793,0.07230731236692524,0.624645474109251
121.0,0.9982032278027161,0.0016207348455540582,1.7570719804937496E-4,3.301536804855861E-7
1241.0,1.3232208877395419E-14,0.006958374615822124,0.8563214080687387,0.13672021731542588
409.0,5.296934682275806E-10,0.05386285304640131,0.7889068776161765,0.15723026880772864
614.0,5.3952712474685495E-9,0.003173949151996838,0.8283613613273424,0.16846468412538954
31.0,1.1360156841268332E-4,0.14115494214393917,0.27670065969400215,0.582030796593646
49.0,0.997097861493128,0.002884188930212781,1.744126942721393E-5,5.083072320587836E-7
1025.0,5.1172013554083756E-5,0.020263337893797,0.48886248538001714,0.49082300471263174
1444.0,9.6950221479105E-10,6.352432578494885E-4,0.13799587071755623,0.8613688850550921
963.0,7.646154717262479E-6,0.002230991633770314,0.8495957634390989,0.14816559877241336
920.0,2.7132748649178028E-6,0.018177614821877332,0.9089413117529019,0.07287836015035577
358.0,0.9677633803437283,0.03209792021345668,1.3841622489533308E-4,2.8321791957166983E-7
1298.0,9.137657424787902E-6,4.329231020237895E-5,0.18434905083348216,0.8155985191988906
1207.0,0.9870181836976379,0.011056429759666472,0.001740689422995582,1.8469711970004653E-4
1624.0,0.9858003318146192,0.014191422463285497,8.064763075859576E-6,1.809590193150865E-7
158.0,0.18456850203999298,0.22705952652057432,0.5649617165220779,0.02341025491735482
573.0,1.4878691135944226E-7,0.5311782245799225,0.43593431770987195,0.03288730892329434
651.0,1.2624146156412337E-9,0.001056917815960367,0.5924067676658531,0.4065363132557719
1499.0,0.26180413971191885,0.7056078070683603,0.0319805555597851,6.074976599357068E-4
1150.0,9.557018863028801E-6,0.051255558331789866,0.6374999082517663,0.3112349763975809
814.0,0.8346069805318483,0.151901714123143,0.010907293074593169,0.0025840122704154428
317.0,0.9994999174941793,4.999908375233759E-4,9.156112343535462E-8,1.0717397598774859E-10
885.0,6.604253878994396E-5,0.01768872371343254,0.09775897156220544,0.8844862621855721
204.0,0.9778686738637056,0.007136295746599179,0.0012399201521586403,0.013755110237536691
1224.0,0.9630838742088185,0.03571532588028178,0.0010060745618895583,1.9472534901009768E-4
1389.0,4.635345306079622E-4,0.9033795451600014,0.09178570916104879,0.004371211148341915
1575.0,0.009511043961121658,0.9754922262489402,0.01492537207214132,7.135771779668818E-5
450.0,9.058036372189801E-6,0.9799010884082201,0.018683091710252394,0.0014067618451552783
720.0,0.2616170438664975,0.0585746965524433,0.5280584016254893,0.15174985795556992
1370.0,9.593046031639837E-11,0.014422529197038831,0.9282053014406524,0.0573721692663783
956.0,1.0517984491367871E-13,4.869927556515525E-5,0.9985535767788029,0.0013977239455268263
372.0,0.9998320026237482,1.679781292112332E-4,1.9171927550459622E-8,7.511313449793786E-11
1279.0,0.9999287232791121,7.126835924536331E-5,8.275232144353458E-9,8.641030329785409E-11
537.0,3.237146188105851E-14,1.5292226763339755E-10,1.3618053115310366E-4,0.9998638193158923
1552.0,0.9981011743509289,0.001897640849594004,1.183338590111222E-6,1.4608868925934194E-9
151.0,0.008730706847656944,0.990527558808881,7.304244754669674E-4,1.1309867995005466E-5
578.0,1.7802227865138012E-23,1.4036153788938046E-11,0.005298596146428936,0.9947014038395349
395.0,3.1786035405831652E-15,3.6272545145060176E-7,0.054228750832807864,0.9457708864417376
1097.0,2.0266567111668877E-6,0.6253201586862505,0.3356187575584048,0.03905905709863348
112.0,0.15338384712323994,0.755000852164213,0.09085876722705731,7.56533485489701E-4
999.0,1.1231217612513428E-12,0.5922756066320499,0.4068239364986668,9.004568681601002E-4
1516.0,0.9714086863270303,0.028125827083556054,4.630793495938856E-4,2.4072398197212415E-6
1152.0,0.0029501592313173706,0.7661589219851218,0.23076442109075418,1.26497692806662E-4
197.0,6.904529962603995E-5,0.597942102141358,0.39632729766143615,0.005661554897579704
849.0,1.0259227740322165E-4,0.9878749072742099,0.011494995515325714,5.275049330613134E-4
1317.0,0.2207009041900109,0.7582979177191055,0.02084325935159179,1.5791873929189412E-4
1647.0,3.746808370871873E-5,0.003692962274388304,0.7664387232078546,0.22983084643404833
756.0,3.466041594653806E-4,0.07011888505646163,0.34540423726597147,0.5841302735181015
464.0,5.416696432459161E-12,7.640127216378469E-5,0.16336467045473912,0.8365589282676805
687.0,6.057988877211357E-12,0.0029537976953244766,0.8760559376160449,0.1209902646825726
89.0,0.9999992294226797,7.673871124510239E-7,3.189767660690436E-9,4.4020853617387944E-13
1427.0,6.835655371820134E-4,0.9324290839270255,0.05473918712925577,0.012148163406536761
778.0,1.0740178772717662E-6,0.00108558630420931,0.5211272793399137,0.4777860603379997
303.0,3.9955197231242945E-11,1.4146609741250128E-6,0.10419708970959095,0.8958014955894799
1078.0,0.9999569275586713,4.306858907648876E-5,3.829749688130479E-9,2.2502581573193242E-11
1123.0,1.2473123747266368E-4,0.048504683849983805,0.6475697027498436,0.3038008821626999
1478.0,0.999999900493273,9.344332171304385E-8,6.034723857706142E-9,2.8681402613550963E-11
339.0,0.08132509932988956,0.905470678073407,0.013118678445713598,8.554415098993195E-5
1010.0,0.02148132958881558,0.6679263339896104,0.18994175236726413,0.12065058405430992
11.0,0.9571421981946406,0.04249130573516329,3.5028889958786197E-4,1.6207170608213313E-5
599.0,0.002377873114145855,0.9768176999632149,0.020686430972112528,1.1799595052677944E-4
70.0,2.681275577078673E-7,0.9676437838856962,0.03208256401227557,2.7338397447049825E-4
1594.0,0.06258820496690455,0.2898520609261336,0.612155341218579,0.03540439288838293
524.0,0.18733434783507383,0.7222694381568101,0.07786166012361716,0.012534553884498967
428.0,1.6319910805523384E-14,3.2124899725501896E-6,0.05002317420055119,0.94997361330946
937.0,0.005067425654030862,0.5114566513652984,0.48068584145066423,0.0027900815300063585
251.0,0.9981854731303942,0.001810715324940127,3.7298511568265774E-6,8.16935087510368E-8
1392.0,0.002686561243710822,0.21683270371622074,0.7528982902987337,0.027582444741334766
1237.0,0.8632568443964737,0.13498626662317256,0.0017103655231623805,4.6523457191415756E-5
111.0,0.9998598929438761,1.4007885897745418E-4,2.8111010264838512E-8,8.613613141131354E-11
1465.0,8.587359456660151E-10,3.786299672309632E-5,0.0484781942982675,0.9514839418462735
1052.0,9.582016799835342E-8,0.002327438828041495,0.944988120593819,0.05268434475797145
799.0,5.098177956677196E-9,8.304584880948139E-5,0.10725913134477924,0.8926578177082333
503.0,0.08701423885818252,0.7471243509756064,0.16508793102504402,7.734791411670894E-4
698.0,0.9974556858133714,0.002542600624235856,1.6681178889136083E-6,4.544450377800578E-8
1605.0,0.999383223488247,6.167728013564865E-4,3.7100155224474904E-9,3.809631106243824E-13
169.0,0.8977310047733896,0.10109928097907249,0.0011579232792396214,1.1790968298197563E-5
737.0,0.00479948800178805,0.8679651196140497,0.11968242531100842,0.007552967073153936
836.0,9.092338279747545E-9,2.6132122009003605E-5,0.9243558617844566,0.07561799700119631
264.0,0.9999137584132171,2.150541276162962E-6,8.072626116497785E-5,3.3647843418515402E-6
1295.0,0.9887537481852732,0.010243358160925328,9.893147510775867E-4,1.3578902723829654E-5
552.0,4.925358679707464E-10,0.0015565825822537013,0.4978420944649881,0.5006013224602223
446.0,4.0769382764236494E-7,5.123494466740357E-4,0.9787401606305786,0.020747082228919723
1650.0,0.7531161380894447,0.2420857827256562,0.0047172857944163295,8.079339048277946E-5
1336.0,0.1979523294644967,0.7920315636904061,0.00984631757813173,1.6978926696548653E-4
242.0,0.045625598012041434,0.8916704169514401,0.061862149746660426,8.418352898580139E-4
909.0,3.070692431165455E-4,0.11781535542083356,0.39895033427608656,0.48292724105996326
1181.0,4.984291388972639E-13,6.465498533812058E-6,0.06590162191533835,0.9340919125856294
42.0,2.17165506926278E-9,6.677712626951131E-5,0.11161512425993414,0.8883180964421413
1067.0,4.251255583965305E-11,6.196715861076726E-5,0.3072731711437123,0.6926648616551644
982.0,3.20162970303727E-13,1.6278615437603942E-7,0.2178582303779734,0.7821416068355521
321.0,0.9811946941496051,0.011637807928646285,0.0014478856882481498,0.005719612233500402
1422.0,0.031663661747298726,0.7572440234842281,0.19302352931417355,0.018068785454299508
627.0,1.6597648742334625E-11,0.016973688345717858,0.9802777628234425,0.002748548814241925
1549.0,2.749006441439412E-10,7.916938618051304E-4,0.33646121539794055,0.6627470904653537
709.0,1.3285456313635607E-5,0.4985512640688721,0.47452275250745624,0.02691269796735789
160.0,5.121284432551746E-4,0.47884195077512004,0.5121585968880503,0.008487323893574462
1250.0,1.9116350821739105E-7,5.3634406170189606E-5,0.02690366284492419,0.9730425115853975
864.0,3.463641865362673E-5,7.989830086248029E-5,0.10556611486074377,0.8943193504197401
282.0,1.1863933115318189E-8,0.9711603766777893,0.02879746950878068,4.214194949705044E-5
1351.0,7.988713736962791E-14,6.679650208116636E-6,0.43860624874614873,0.5613870716035632
1521.0,1.4855579200309037E-4,0.6083804780878482,0.2660032168118343,0.12546774930831436
827.0,1.0446613061890859E-6,0.21311696326437685,0.5764951957105828,0.21038679636373403
1108.0,0.9967680551383714,0.0032062787206188154,2.4834031716761927E-5,8.32109293060734E-7
485.0,0.9999345533805734,6.544260990147191E-5,4.0076073402510585E-9,1.917801525057011E-12
670.0,0.9998889571000177,1.1103566950342817E-4,7.218734267869298E-9,1.1744741811849973E-11
855.0,5.352373700977606E-6,0.6192151311553631,0.3759261965783622,0.004853319892573669
15.0,0.9999999965871115,9.62030270254808E-10,1.553834979847678E-9,8.970233497615707E-10
1164.0,1.2966142875254997E-7,0.08596365690299444,0.31495497432164965,0.5990812391139272
1321.0,6.996561690621565E-7,0.14967014830809908,0.6358063340143648,0.21452281802136705
102.0,3.786979389789653E-12,0.019859709398654758,0.38067393616559597,0.5994663544319622
1635.0,4.4962170148675204E-8,0.012532356923955202,0.9045188724352864,0.08294872567858823
467.0,0.0359351560613184,0.4227127837914251,0.5407489036473687,6.031564998876914E-4
754.0,5.307056995043989E-9,0.0022245931471368886,0.028230413692522077,0.969544987853284
681.0,1.0794967498473021E-13,9.41820696877648E-4,0.995604913783537,0.0034532655194773475
187.0,8.071806525768493E-6,2.3799500229333498E-5,0.9036102403588979,0.09635788833434696
1439.0,3.3944796667095963E-4,0.12787615120750606,0.3207241881445038,0.5510602126813191
1082.0,1.6515247425126493E-13,0.017431678046848448,0.9783898766424984,0.004178445310488061
300.0,0.99999683003051,3.1592929223480458E-6,1.0043155235333398E-8,6.334124825322725E-10
780.0,0.9999999970949826,2.903831787814304E-9,1.1855738533876182E-12,6.150289709889673E-17
954.0,2.5902658502856746E-5,0.5536754943720992,0.3117473243689555,0.13455127860044253
375.0,0.1666649044847107,0.8305628343027873,0.0027678729196663307,4.38829283574123E-6
1366.0,0.9995082000943841,4.917712814005871E-4,2.835104934244312E-8,2.731659397694357E-10
1267.0,0.9993102239662688,6.331199985419435E-4,4.5364359495080326E-5,1.1291675694315181E-5
79.0,1.528306042781694E-5,0.6347161665543907,0.35455022995568225,0.010718320429499228
1564.0,6.112280907726285E-9,0.06979716479801364,0.8728712700015542,0.05733155908815126
543.0,0.999171294655437,7.856443316868672E-4,2.0350623970407583E-5,2.27103889057246E-5
580.0,0.9745712897284743,0.025428618559761553,9.168294902673968E-8,2.8815084767432836E-11
392.0,0.6486541989735907,0.3092918111054503,0.03978448425081144,0.0022695056701476433
1093.0,0.9917168761359364,0.008222364454076193,5.895728847041103E-5,1.8021215169636107E-6
1504.0,0.06309508349850397,0.7238206770756754,0.20143712505332576,0.011647114372494874
233.0,0.9999997992423683,2.006712252644844E-7,8.637228026887583E-11,3.419193696128405E-14
993.0,0.0011336719311886582,0.9526915490101838,0.046156641796243944,1.8137262383477456E-5
178.0,0.0718759468279346,0.7623281035690004,0.15422553164421277,0.011570417958852138
653.0,8.845375052781764E-7,0.4572008260643096,0.5301300081527236,0.01266828124546153
1495.0,0.9999522189747698,4.7780235523386763E-5,7.883010828753167E-10,1.4058140144205915E-12
808.0,0.9074277042490391,0.06952075278715021,0.02059431533997772,0.0024572276238329725
318.0,1.8392662277720111E-6,0.9721488114517239,0.026909067096223403,9.402821858246818E-4
1138.0,0.014813841310137868,0.8306170971216161,0.1541490426958043,4.200188724417236E-4
1220.0,0.47215219738657094,0.13959801454213577,0.32658172396954505,0.06166806410174814
883.0,4.895068047528304E-5,0.9590944510962819,0.04010714935278581,7.494488704571537E-4
1377.0,5.087130062147528E-13,1.2687959557857253E-4,0.914875175705387,0.0849979446985257
1579.0,0.44037659835145326,0.4229151291632317,0.11182622903630707,0.024882043449008077
58.0,5.4293701278083025E-8,0.014413404015730795,0.8244919563221653,0.1610945853684027
449.0,7.099398997668241E-11,2.9131818527389165E-5,0.24485921638761723,0.7551116517228613
726.0,1.4898421752826718E-8,0.052353035351939324,0.8470873639447342,0.10055958580490486
410.0,0.9999991092242582,8.87226801784758E-7,2.989804446328314E-9,5.591356628539024E-10
608.0,0.0013139149954549177,0.41659822431843857,0.3781252460682905,0.2039626146178161
1037.0,1.0879457762565814E-7,6.0028105471368566E-5,0.4771229546723054,0.5228169084276456
965.0,2.9542848562047986E-9,0.0012354867504661663,0.4727936286834441,0.5259708816118048
224.0,2.1742722491015384E-15,0.05066176399027938,0.9385037267425048,0.01083450926721359
1448.0,0.19475930999076335,0.801246124365745,0.003986709920737208,7.855722754297758E-6
1310.0,0.9899544880143523,0.009968526263457997,7.427528946018246E-5,2.710432729439872E-6
926.0,7.640049364615474E-12,2.9297336383649614E-5,0.022819605360176014,0.9771510972958003
357.0,1.6276962567281618E-4,0.46751716330309695,0.49114272369021045,0.041177343381019776
1211.0,3.197719410132983E-16,1.4208294918563961E-5,0.4585242981272187,0.5414614935778624
571.0,3.874531868790747E-11,7.466231450392728E-4,0.07971156909685147,0.9195418077193639
1620.0,2.150069139326233E-8,0.007775079531528031,0.9916776100978989,5.472888698817473E-4
1469.0,2.16356765657411E-6,0.00528648941498736,0.9511755925863944,0.043535754430961644
1048.0,4.2892457282998087E-7,0.026923231195173793,0.8229008499952642,0.15017548988498908
214.0,2.733049996726345E-8,7.275534161441203E-4,0.5025699874309929,0.4967024318223631
797.0,0.040722325314141286,0.8282714219920624,0.12131789139511809,0.009688361298678354
696.0,0.15745315758611403,0.7912813837390772,0.05117237121046052,9.308746434833453E-5
502.0,4.707611688703918E-6,0.0072703553447385815,0.4326086099104678,0.5601163271331048
1601.0,6.426929022490307E-14,2.0732061718071513E-4,0.39728542765765235,0.6025072517251028
739.0,0.9999841207045633,1.5878691852776315E-5,6.021832162804163E-10,1.4007567269899503E-12
838.0,2.342341951989439E-10,1.922345711473877E-5,0.009243779669817192,0.9907369966388339
265.0,8.54539234876779E-15,1.7652805522808035E-8,0.027578813723760746,0.9724211686234252
1198.0,0.999997531667289,2.3947450772265555E-6,7.353602549082292E-8,5.1608391993060426E-11
22.0,0.0014606769229640595,8.765303997743227E-4,0.41770915099137296,0.5799536416858887
35.0,0.017036785689742887,0.9635218668136287,0.016851429192752405,0.0025899183038761127
1291.0,0.9999146359067526,8.536291331075352E-5,1.1793440290577207E-9,5.927053263821075E-13
1127.0,2.475969427561538E-8,0.1569726082266842,0.8382124185622795,0.004814948451342089
1474.0,3.741466138687469E-11,2.4624692541668534E-6,0.11038868609169776,0.8896088514016334
1008.0,1.3862150457149108E-6,0.20788285353831454,0.7751656265431199,0.016950133703519717
338.0,0.9997498382127838,2.413127556218826E-4,8.772105228630053E-6,7.692636564596544E-8
597.0,9.932976918232513E-9,0.02337662035650128,0.7904567588859904,0.18616661082453131
1672.0,6.408260485958312E-7,0.009876352282430598,0.35094502251526327,0.6391779843762575
132.0,3.595497274440051E-5,0.7942296644173528,0.18693544365213222,0.01879893695777054
1598.0,0.9944644949771625,0.005502203066790384,3.2719210330433235E-5,5.827457166723512E-7
429.0,0.9999726736814357,2.7318673516439474E-5,7.62230942282569E-9,2.2738370234496117E-11
526.0,6.923819592275459E-7,0.8727689931068311,0.08099528562106605,0.04623502889014363
939.0,6.428768417856938E-11,0.00164430860799297,0.4477805489997619,0.5505751423279576
1396.0,5.013467725502308E-8,6.363496787557059E-5,0.5220161856766522,0.47792012922079496
1233.0,0.9312727386338987,0.0681684201542462,5.168819557121623E-4,4.195925614281526E-5
1545.0,9.523640350090297E-13,8.719228297744641E-4,0.4979720672961416,0.5011560098731316
84.0,0.9999756843341614,2.4209545773388842E-5,1.054347116907418E-7,6.853534504663334E-10
711.0,0.9999992789768236,7.202035564900105E-7,8.177547231425847E-10,1.865080755960686E-12
1254.0,0.225100778970609,0.20007907045678142,0.4721518913484405,0.10266825922416906
866.0,2.2631291325370966E-5,0.00305088981782044,0.10188304749670146,0.8950434313941528
283.0,8.854652014080376E-4,0.9301497271379819,0.0670349129422399,0.001929894718370359
1347.0,0.9999878646697599,1.2133903181907163E-5,1.4045775292935122E-9,2.2480692833095233E-11
1525.0,3.2905890136653867E-4,0.33991471772388726,0.3461369826325355,0.31361924074221076
825.0,5.125227814666006E-6,0.06539384776554875,0.9265276256855907,0.008073401321045894
223.0,1.7504771190263247E-5,0.9918800811125177,0.007838184813220262,2.6422930307190795E-4
1104.0,1.320843824288349E-9,0.8491595861847687,0.15061165181197644,2.2876068241093077E-4
484.0,0.9999842773940862,2.1427433487170244E-6,1.1811748044454377E-5,1.7681145204248777E-6
668.0,0.29814803845449495,0.5957170416092967,0.09739178817450304,0.008743131761705285
554.0,0.0011298643402527521,0.966128622648727,0.03271998459240312,2.152841861701589E-5
447.0,4.1497966064066916E-7,0.3201662095093405,0.5358830518546943,0.1439503236563045
1654.0,5.4498226702771E-16,5.862215648150461E-4,0.7660780456200207,0.23333573281516368
1340.0,0.9989488212415861,0.0010511376555757937,4.022783928083243E-8,8.749987906216673E-10
911.0,0.9618874311575594,0.038109409224923486,3.1591695465729556E-6,4.4797058800981554E-10
125.0,0.9826929808542768,0.017306235599226442,7.443865270167276E-7,3.9159969827281E-8
1177.0,3.2992000111758206E-6,0.26709776330036933,0.37237221024370415,0.36052672725591534
1071.0,3.636046593760522E-8,1.4006340665388224E-7,0.2684412417221645,0.7315585818539629
980.0,3.5679767028625544E-6,0.999978082119852,1.832330203427613E-5,2.660141101362257E-8
320.0,0.9197844012825135,0.07962851635888955,5.842227822259825E-4,2.859576371038197E-6
1418.0,3.4031868811836362E-15,7.484652689489547E-11,3.597455125387001E-4,0.9996402544126114
141.0,6.362750689201771E-9,0.017543835947225275,0.7268349349420763,0.2556212227479478
625.0,3.077607813945787E-9,0.0014089837759853566,0.6458715481613908,0.352719464985016
374.0,5.1332683508569105E-12,0.4202304209280104,0.4640261799454226,0.1157433991214338
952.0,0.9999992632450219,4.892340798263397E-8,6.157010771659192E-7,7.213049317041885E-8
1362.0,0.999999999997639,2.3600771809913933E-12,9.293525452110473E-16,1.6762402133464046E-18
1271.0,5.0358362266103456E-5,8.312318388962207E-5,0.23606232084601736,0.763804197607827
150.0,3.081117895091922E-8,0.6315718658193061,0.3149788104839573,0.05344929288555762
1560.0,7.19733480707725E-13,4.1630416943877447E-7,0.0026924356168622253,0.9973071480782486
541.0,1.8498297424952598E-5,0.18781296561444147,0.418933142346739,0.3932353937413945
393.0,1.0098480880384557E-4,6.126049880752144E-5,0.5459370926812557,0.4539006620111329
582.0,0.9002048467909561,0.09657915520761112,0.0031722893868936413,4.3708614539104184E-5
30.0,4.375983259014944E-8,0.05541414740717246,0.9051700420301688,0.03941576680282623
51.0,0.035536792030552676,0.9410886209396627,0.023169421511121762,2.0516551866283956E-4
1089.0,3.191082794744593E-4,0.027485162506202643,0.5197530595679009,0.4524426696464221
1508.0,0.4197570831278575,0.47140919392857306,0.10233243300093896,0.006501289942630581
995.0,3.810038031339424E-17,8.862972592741614E-4,0.81303025197116,0.18608345076956567
853.0,0.9999999815059732,1.8493530465508095E-8,4.962328035915068E-13,3.458292339764148E-17
1160.0,7.279003003987208E-5,0.815735128322562,0.1740784435670128,0.010113638080385233
196.0,6.746551706873955E-12,6.23318007648304E-5,0.0519532403963351,0.9479844277961534
1325.0,2.33619917184529E-10,9.244250769408921E-5,0.21923747382272143,0.7806700834359646
1639.0,0.9271634270436636,0.06886592124963882,0.0038979742548092104,7.267745188842663E-5
752.0,0.9999797963388298,2.0202324887520265E-5,1.3135912344996958E-9,2.269149021255674E-11
466.0,6.537722348172926E-9,0.001459675903425358,0.16197548417156057,0.8365648333872917
683.0,0.26277375523469937,0.707604229611945,0.029611724380966677,1.0290772388984409E-5
1435.0,0.4249594339706644,0.047052495521227436,0.30706372742667465,0.22092434308143355
1086.0,0.001189984051697807,0.8025058233444669,0.17928781829142632,0.01701637431240893
301.0,6.189713079000741E-5,0.05655284557402317,0.6516676363267999,0.29171762096838694
782.0,4.009888235320494E-6,0.03826320188718512,0.8705862746081736,0.09114651361640587
411.0,0.999070885601796,8.677680622877772E-4,5.7479329368558296E-5,3.8670065476302735E-6
610.0,0.9999863414956587,1.185428325863955E-5,8.836125262826324E-7,9.206085564144597E-7
1033.0,0.9999847387970126,4.793921833266858E-9,1.0107954403984005E-5,5.148454661624458E-6
116.0,0.9999612142641751,3.87843178192717E-5,1.4171919329596703E-9,8.137378810602881E-13
967.0,4.6966432798507995E-15,5.757473769350189E-7,0.028101501426232668,0.9718979228263858
1306.0,3.3991300433136506E-9,2.3064176361382418E-4,0.006156319864367999,0.9936130349728881
924.0,3.3150693739158935E-8,0.004387130050439264,0.7093064250354116,0.28630641176345534
356.0,2.1480133763087343E-4,0.05698881335264012,0.21997987055653048,0.7228165147531984
1215.0,0.8696103460585217,0.12624227528609883,0.00379555714677741,3.5182150860202415E-4
569.0,0.44352785785536475,1.091006144543703E-4,0.201580050113461,0.3547829914167199
1616.0,0.17660408741037223,0.8099401295092898,0.012874041314330294,5.817417660076126E-4
159.0,0.9989614614880483,0.001037041955289924,1.475816622955972E-6,2.0740038772175426E-8
655.0,1.781928524129805E-4,0.01475750000798606,0.4185797976726567,0.5664845094669443
93.0,1.0079001605408987E-15,2.2832775594347334E-8,0.043179134480024764,0.9568208426871986
1491.0,0.9847129787475627,0.01429429420100554,9.3538047202515E-4,5.734657940665919E-5
810.0,6.498220419014167E-7,0.015510305520427786,0.7003562970088814,0.2841327476486491
319.0,2.843611322927384E-7,0.1982369559373457,0.7550871292311807,0.0466756304703414
1142.0,5.4914087855447225E-5,0.08453864576315707,0.9151590340445687,2.474061044188296E-4
205.0,9.140911132944894E-8,5.702868560902328E-4,0.12282480961125508,0.8766048121235434
1216.0,0.001818209194674731,0.9227477214509212,0.06365225132802263,0.011781818026381476
881.0,0.9998830997190988,1.1686917520739085E-4,3.105347900664119E-8,5.2214832221367385E-11
1381.0,0.008709437159738492,0.9900781179225999,0.001195063079752762,1.7381837908839476E-5
1583.0,5.316321490926823E-4,0.9486697630630253,0.050298077601655646,5.005271862261919E-4
724.0,0.9999994696251454,5.28372512237969E-7,1.1238545647698843E-9,8.784877801760059E-10
448.0,8.725996094000742E-5,0.2760893544642382,0.7174473715449791,0.00637601402984263
1669.0,0.998964612825075,8.526202700908418E-4,1.8165217900301963E-4,1.1147258313367594E-6
641.0,0.9881064139139877,0.011831127533615014,4.7892500186072704E-5,1.4566052211265902E-5
177.0,6.970562365633722E-11,0.021896177360636312,0.9235476510146867,0.054556171554971424
1130.0,5.0557191434359454E-8,0.03626295688588635,0.8820240774006394,0.08171291515628276
312.0,5.514273663338572E-5,0.6798374347689581,0.3188053321605046,0.00130209033390388
804.0,2.8618633893700642E-9,1.645365481698739E-4,0.3778049528716373,0.6220305077183295
1487.0,0.019157128686405248,0.9362949522537903,0.044391830293471046,1.5608876633322564E-4
1401.0,0.001037223282224064,0.0051293757894044275,0.2680799737053974,0.7257534272229742
99.0,0.7279842228320974,0.27070065520606956,0.0012863894031966638,2.8732558636324847E-5
895.0,1.3439162813640907E-11,0.17440715590628605,0.22861765363247033,0.5969751904478044
1244.0,7.284138384894335E-7,1.4114282903191972E-4,0.006545299236068591,0.993312829521061
730.0,5.925392147141003E-13,0.022969266496396672,0.7604889108274411,0.21654182267556976
455.0,4.354987578174263E-8,0.02194903333390173,0.9727245416350458,0.005326381481176485
1587.0,2.7507914072805894E-4,0.5501875669300667,0.4007553170451424,0.048782036884062775
620.0,0.9996941621464571,3.0537805620874504E-4,4.597922906135255E-7,5.0435558732348786E-12
412.0,1.241245146310801E-8,0.09631277322713853,0.8832733730716603,0.020413841288749682
227.0,0.7439412459794313,0.23704251352942035,0.018997107862669362,1.9132628478972497E-5
1456.0,4.765416474479066E-7,0.03205150049857367,0.9401878024535122,0.027760220506266673
969.0,0.7273745957676779,0.10141210835880796,0.1711870728595538,2.6223013960365486E-5
1045.0,4.882005878158159E-5,0.8778089573293769,0.11142564038581806,0.010716582226023622
1187.0,0.999939754278114,6.024002939443181E-5,5.6921507222472325E-9,3.407299871901525E-13
355.0,5.215627600937925E-6,0.019315095204640503,0.3156109912873188,0.6650686978804398
914.0,0.008973289646348272,0.9178329526129266,0.07059614769619382,0.002597610044531388
1286.0,0.9999682307761645,3.1574005081038644E-5,1.8125537403163422E-7,1.396338049611297E-8
1612.0,0.9999814209396846,1.3465809724507914E-5,5.067296004323167E-6,4.595458670622842E-8
567.0,2.0447862169624272E-13,0.0011149557015656276,0.942570208869375,0.05631483542885486
74.0,0.049861239247255086,0.8971031959878589,0.05173202582813735,0.0013035389367486087
1329.0,0.9947402264502808,0.0051980718850037485,6.076412152387374E-5,9.375431915227665E-7
1172.0,3.1675891376875617E-9,0.0034539862637317565,0.07263132821743393,0.9239146823512452
859.0,5.805492259493416E-10,0.0011800137321925444,0.5654782879573005,0.4333416977299576
469.0,2.2322124654571573E-8,0.23155180250414747,0.7290325354320212,0.039415639741706754
766.0,0.030638294645831066,0.9447796386644,0.02417771352617229,4.04353163596668E-4
1659.0,7.168197962517518E-7,0.010950801860571605,0.32322242722136835,0.6658260540982637
184.0,0.024753207094422233,0.8260986216659818,0.1491336515257628,1.451971383341759E-5
