1658.0,5.975370850360121E-28,2.107225121387141E-8,0.033167649344842974,0.9668323295829059
444.0,8.164242199746912E-20,0.07167816628968748,0.7938214980565513,0.13450033565376118
556.0,2.7890818252743417E-19,3.4052824519987396E-4,0.9996447878452113,1.4683909588865858E-5
905.0,7.100981581307879E-25,2.4423632475968556E-7,0.9968924147394311,0.00310734102424399
243.0,5.113219044924907E-10,0.0012863127041025848,0.9826008622646962,0.01611282451987923
1328.0,2.892681350436834E-23,6.910532502605271E-7,9.33390766093812E-4,0.9990659181806559
1173.0,1.8110683293641865E-13,0.999858786974452,1.4065057477671218E-4,5.62450590268732E-7
1059.0,4.165683942059222E-9,0.9792393169098564,0.020758694368729565,1.984555730025575E-6
1414.0,1.0561165944880455E-16,0.0019674559908689857,0.17992633481526527,0.8181062091938656
978.0,1.7361372954095341E-7,0.8453005832348639,0.1546374375560692,6.180559533750126E-5
323.0,6.795821763952934E-25,8.03802188472839E-4,0.7685242639838299,0.23067193382769724
631.0,3.0779645241617484E-25,0.007156897154766042,0.9927829094136973,6.019343153682233E-5
66.0,0.9999863382194583,1.3661780504965802E-5,3.672021059663499E-14,7.141275689897059E-21
1541.0,1.0,7.95570131793577E-17,3.565205802883501E-18,1.7433050467399837E-17
161.0,5.693362075754783E-17,0.3457865803531586,0.6542122661812497,1.1534655914654057E-6
705.0,0.9924380254196302,1.424220470210534E-5,0.007539118901792036,8.613473875760033E-6
280.0,6.898350353886765E-17,0.00280373428496199,0.014993370138535767,0.9822028955765021
868.0,2.6673570770525226E-28,3.044487355483295E-11,0.11599608026620643,0.8840039197033486
1258.0,7.03004267342903E-11,8.932467999119968E-10,0.4740107662031447,0.5259892328333081
1359.0,3.47765144760176E-10,0.8393120893282099,0.16000408040221636,6.838299218086133E-4
107.0,2.2149436758313322E-18,1.2612073685482686E-7,0.5605316087668906,0.4394682651123727
1529.0,0.8279279045600639,0.172050101084805,2.1328992026498565E-5,6.653631044872984E-7
1116.0,0.9941062916577957,1.4874608824655873E-5,0.005857855107967276,2.0978625412496878E-5
831.0,0.9996701019484729,3.2987248425714295E-4,2.550932685493771E-8,5.794294203681941E-11
666.0,5.18555097532718E-17,0.35772043870140824,0.6422794005079209,1.6079067072542572E-7
487.0,0.9999999567172276,4.328233727856451E-8,4.346178254884302E-13,5.335734780640458E-16
40.0,2.1547438123507312E-33,1.0096734670805982E-7,0.9968772059819503,0.0031226930507029355
1131.0,4.260600504588115E-14,4.617534467997493E-5,0.9999536800658213,1.4458945610969763E-7
337.0,8.186264095500428E-24,9.951121088269854E-4,0.7779914433779384,0.22101344451323474
1014.0,1.2016511839337214E-27,9.730984070579524E-5,0.9982743230705713,0.0016283670887230388
1486.0,1.0242975360387145E-23,2.1884060216186335E-5,0.9875738242770945,0.012404291662689318
1668.0,3.970990583868188E-27,5.168229600156848E-11,0.021745105734460892,0.9782548942138568
595.0,0.0045647166478118015,0.995156228932607,2.790537824860867E-4,6.370951100750405E-10
430.0,4.698514285284058E-12,0.8757600527693429,0.12423199121661122,7.956009347410512E-6
520.0,0.9999923596325423,7.64028084866243E-6,8.632625906850996E-11,2.827180452195346E-13
1586.0,1.7472227404449298E-4,0.9997598996072931,6.526100204383931E-5,1.1711661851466883E-7
1400.0,4.130964022782184E-5,0.5984572901688391,0.4014833897238009,1.8010467132302995E-5
250.0,0.8298870878741115,0.09546716061328026,0.07172553013684357,0.0029202213757647177
941.0,9.146786407218561E-5,0.999589759781343,3.035671793319462E-4,1.5205175252835672E-5
1245.0,9.443467495743928E-12,0.002481241112190431,0.7104894073474042,0.2870293515309619
1457.0,2.5595430614244254E-17,1.1608931192869454E-8,3.4252707793630066E-6,0.9999965631202895
795.0,9.460296910336715E-13,0.0015966910998288625,0.8800002659333686,0.11840304296585666
1044.0,6.344999847529533E-10,0.9981957737697607,0.0017690826941263017,3.5142901613135E-5
702.0,3.5600965424770385E-22,1.2087663303333876E-4,0.9998653303839843,1.3792982982341964E-5
501.0,9.038531321767139E-7,0.9958983439568815,0.004100646815541916,1.0537444446007387E-7
1613.0,2.224041690103989E-22,0.03685423931038397,0.9631402891585363,5.4715310797331305E-6
741.0,0.3366253398067943,0.6610717028922137,0.002300721201141819,2.2360998501307977E-6
168.0,7.845893780264486E-22,2.6514453278672355E-6,6.279474073475586E-5,0.9999345538139375
1186.0,0.9999999773575031,2.2640964269083487E-8,1.5260601490997532E-12,6.6360174869915075E-15
266.0,0.009881418855944242,0.9400278540893965,0.050072210054858284,1.851699980107649E-5
832.0,2.2605058661291776E-23,2.1282475515836922E-5,0.9976732082460249,0.0023055092784593553
1287.0,1.7064151735691763E-27,0.012330311021286733,0.9248182530825708,0.06285143589614237
649.0,2.6497770305940007E-20,0.0029980770937272226,0.9969776999920298,2.4222914243076297E-5
179.0,1.1124259157680743E-20,7.320357730577676E-13,0.031978692072983025,0.9680213079262848
1503.0,0.9999999944248371,5.575162929766041E-9,2.683823444953566E-19,1.3964181605167952E-25
1146.0,6.331753762695575E-29,2.813883929201519E-9,3.171971465867835E-5,0.9999682774714574
812.0,7.212114332637196E-9,0.9832127992856514,0.016229318933073254,5.578745691610427E-4
316.0,7.459620995026071E-21,0.3802516395690974,0.6194948646944967,2.5349573640606705E-4
887.0,2.6701815899859437E-32,2.6615191819197312E-11,6.48656662251583E-5,0.9999351343071596
1228.0,1.5003524214251578E-6,0.997575840593944,0.0017571122625261836,6.655467911084259E-4
1385.0,2.7108235119237054E-16,6.787488548375633E-7,0.9077180737666528,0.092281247484492
98.0,0.9999521407334727,4.783952140483813E-5,1.9739170709936225E-8,5.951776174902686E-12
1571.0,7.940033673848279E-13,0.9590655824301764,0.04091715727259263,1.726029643683421E-5
722.0,3.9498793285671036E-23,1.3342462063013196E-4,0.9990315110670568,8.350643123130556E-4
451.0,0.999951364944872,4.8634552278049474E-5,4.953646183077458E-10,7.485360147563026E-12
612.0,6.16303065508536E-8,1.593243132222508E-4,0.9439051150382044,0.05593549901826687
408.0,0.9999999073886058,7.620695401042582E-8,2.0776149226494275E-9,1.4326825246671324E-8
1029.0,2.199897571824878E-12,0.8224702327454816,0.17749217541309384,3.7591839224712225E-5
1440.0,6.1912061392443974E-6,0.851908884365137,0.14807968218698053,5.242241743219982E-6
225.0,0.9999999802519882,1.9747751134946943E-8,2.598988936718145E-13,7.601816222114481E-16
961.0,5.661882265420955E-15,9.938948140556005E-11,0.007246578537788475,0.9927534213628163
922.0,1.4336742704906072E-25,4.50766167841491E-16,4.756402646845924E-6,0.9999952435973527
359.0,1.6873473999749216E-14,8.277376149170232E-4,0.0018630109470943398,0.9973092514379718
1302.0,5.661639006884068E-18,0.9605768268367662,0.03900595250284342,4.172206603904264E-4
1203.0,1.6259848933213134E-20,2.5766096777855116E-8,0.027584581194040177,0.9724153930398631
75.0,8.279311155312794E-6,0.9996155595016251,3.7600760497683505E-4,1.5358224273854646E-7
1628.0,6.265650282100819E-31,6.957874114455645E-10,0.9997555939065944,2.4440539761808966E-4
575.0,3.223678235536891E-11,0.9990787061985713,9.202142302491833E-4,1.0795389427244296E-6
1156.0,9.535432910407232E-36,1.0714621720142585E-11,0.020633808874144545,0.9793661911151408
851.0,0.8919221104840754,0.10805638733414298,2.1333176449775073E-5,1.6900533173041682E-7
1313.0,1.4583094926930044E-18,5.366901123904527E-6,0.02224854105486088,0.9777460920440152
1643.0,1.752778493442648E-21,1.5574635007179903E-9,1.1326949943135854E-6,0.9999988657475423
56.0,0.7950703555994306,0.1522573827306554,0.02862257492927275,0.024049686740641354
758.0,3.967966677479293E-9,0.43874191304198584,0.5239220982584971,0.03733598473155027
465.0,0.0026905512381654785,0.9972856749059851,2.2957002643595863E-5,8.168532057948853E-7
186.0,1.882094077609205E-10,0.25940727590512414,0.7403344302540571,2.5829365260931396E-4
685.0,2.0948920952476698E-5,0.34413359509155594,0.6557084491431053,1.370068443861525E-4
1431.0,5.621374742996013E-4,0.9979233336271826,6.199903040015013E-4,8.945385945163184E-4
302.0,1.7490758451481301E-28,5.3612474285497255E-11,6.275154429508314E-5,0.9999372484020924
776.0,0.9999762908885439,2.3709084373643735E-5,2.708148073539275E-11,1.0528956583961462E-15
1074.0,0.9999946593692622,5.339980620764902E-6,6.497019127424224E-10,4.1512551794089065E-13
1374.0,2.9897338374665306E-24,2.660943051010084E-9,0.5039939070785651,0.49600609026049186
373.0,0.9998921847325702,8.879914152445813E-5,1.9012619160929525E-5,3.506744548127797E-9
958.0,9.903183597847592E-20,0.03481740800209674,0.963313957570523,0.0018686344273803627
1275.0,1.0737318753201474E-10,0.015239349656629647,0.9844917996993486,2.688505366485377E-4
539.0,2.7487709589555598E-21,4.383349625273491E-5,0.9999557633521647,4.03151582540627E-7
1556.0,2.4371098291136694E-23,2.785155193892445E-4,0.9995783786835812,1.4310579702940605E-4
394.0,0.0016770663417395777,0.9881269807018678,0.010193974023047008,1.978933345813457E-6
576.0,3.84875017829082E-13,0.8333269011556883,0.13182800865923366,0.03484509018469313
1101.0,1.1564925917802375E-26,3.9245280274941144E-7,0.09520565654986488,0.9047939509973324
997.0,8.465390841806052E-4,0.019695376488265734,0.3556711549782574,0.6237869294492964
232.0,4.9221858896121987E-20,5.365403382172142E-7,0.9561981510008778,0.04380131245878404
1512.0,0.9166139386760119,3.538077585565489E-4,0.0012130426505087787,0.08181921091492296
1537.0,1.0224084385856363E-6,0.18695575813849,0.0015601131429999091,0.8114831063100715
707.0,3.13598568987837E-32,1.4125420427703391E-5,0.9284211298285658,0.0715647447510065
281.0,2.860559378241267E-11,1.2748361121955718E-6,0.01824632898926764,0.9817523961460146
870.0,1.2555255560111296E-12,3.887833873379196E-4,0.9974015646933135,0.0022096519180931293
23.0,0.008264427079245802,0.9916196095080604,1.1595805166089906E-4,5.361032972580968E-9
1262.0,1.7900287307126515E-10,0.979092379603617,0.020907168039739018,4.5217764106112956E-7
1355.0,0.9999996082338416,3.915426801496986E-7,2.219309067173472E-10,1.5472188713833385E-12
33.0,2.154081973270992E-12,2.6750887644616246E-4,0.1476860685112704,0.8520464226101294
1533.0,1.6049180005751647E-25,5.337546393973689E-11,0.7871187638523373,0.21288123609428716
1112.0,0.888745079476281,0.11124714754613532,7.742316133727536E-6,3.066145003028982E-8
222.0,2.582703358895935E-22,1.666133437891294E-4,0.3959134220319011,0.6039199646243097
829.0,7.754589292604495E-13,0.009266659098601766,0.9905420431665087,1.912977341140026E-4
664.0,0.9999999908592979,9.11809798580415E-9,2.2589853406041297E-11,1.4315670165877688E-14
486.0,0.822373430397704,0.1776221876470971,4.381869141182736E-6,8.605769804062214E-11
1662.0,3.2507176533321675E-18,2.0127683533368706E-5,0.9992410744221003,7.387978943663318E-4
445.0,1.9311271907149006E-9,0.018862090592852557,0.055197274436316134,0.9259406330397041
558.0,5.883443361586128E-23,0.0038253267561973274,0.9546818014143,0.041492871829502564
907.0,0.11934057345811368,0.23179542420828725,0.34342452572218424,0.3054394766114148
1332.0,1.4554998593360634E-12,6.544383061212111E-4,0.6484275271114832,0.35091803458094006
1169.0,2.419455364092901E-4,0.9996836010593235,7.444685316842844E-5,6.551098602579562E-9
1063.0,1.542572129167255E-5,0.9996919636264556,2.9259946819153176E-4,1.1184061273545633E-8
1410.0,8.47745023662144E-20,4.2102710764630493E-4,0.022766881347881716,0.9768120915444719
976.0,0.4246865690692233,0.387967755952819,0.17948357451547817,0.00786210046247961
322.0,6.399113953974703E-20,9.238306129059727E-11,5.865415403618955E-7,0.9999994133660767
629.0,1.0215896208895505E-21,0.43943094724849274,0.560568901618941,1.511325661409083E-7
140.0,9.128806123088122E-14,0.0744264371325304,0.9087537424409285,0.016819820426449826
1461.0,0.006905389263258581,1.5560648520730017E-4,6.374354277060143E-4,0.9923015688238281
793.0,1.367190476310153E-23,1.0766458818028094E-5,0.9998011469568434,1.8808658433863183E-4
215.0,3.2114444280467564E-29,1.5116808049657036E-8,0.002126659787600858,0.9978733250955911
1040.0,0.004401023678273447,0.9734802844214234,0.021814724558443598,3.039673418594656E-4
500.0,5.261184794879664E-35,4.708799581335244E-10,0.9999633564767235,3.6643052396459345E-5
700.0,5.5685606349989086E-36,8.494215480857165E-14,1.1896175903701896E-7,0.9999998810381561
1609.0,4.345810907491289E-16,0.7788848984347864,0.16097549095602373,0.06013961060918954
80.0,1.2467393904810634E-22,3.134967721629231E-5,0.049495609888246785,0.950473040434537
743.0,0.9999999999999011,1.6218756540519231E-15,8.885514206704601E-14,8.326605222218206E-15
1190.0,2.6787522439940124E-25,8.023428081539683E-8,5.377956502946478E-4,0.9994621241154246
267.0,8.518809589583728E-14,0.9485885713161855,0.051224360580940376,1.8706810278897813E-4
834.0,1.974886466522535E-15,0.78778243566056,0.1894028483095845,0.022814716029853528
1283.0,3.072718436589458E-15,1.6029750365779374E-5,0.9109544877153258,0.08902948253430538
1135.0,0.9997874435035107,2.124711671297709E-4,8.505000460352007E-8,2.793550407821713E-10
1012.0,5.796746068332619E-17,0.9441582693428117,0.0558328270424163,8.9036147720728E-6
336.0,0.08847059857354006,0.9114908002432334,3.855705755322841E-5,4.4125673251141556E-8
1482.0,4.0540986070352E-6,0.9960042864707657,0.003990569160798422,1.0902698289197507E-6
133.0,3.8519453366981394E-31,8.863530244890836E-4,0.9986827018688205,4.3094510669058753E-4
1664.0,1.1596587417918683E-28,4.620140394061758E-18,0.9789463483257363,0.021053651674263648
593.0,7.862711792399259E-22,1.858735430818781E-9,0.6467057474832698,0.35329425065799475
522.0,0.6518986326334298,0.34274484447380377,0.005234490575332333,1.2203231743409752E-4
431.0,0.92753455381802,0.07244092002664862,2.4521017969836046E-5,5.137361516797708E-9
1590.0,4.868160348210313E-10,3.183847962371621E-6,0.0872965083987923,0.9127003072664293
1404.0,4.240167251899863E-8,0.9917143500770378,0.008285453750113496,1.5377117609139092E-7
943.0,1.3233255297980078E-15,0.38969478702825266,0.06540537050562481,0.5448998424661211
121.0,0.999986080099707,1.369289348124769E-5,2.268873042153675E-7,1.1950768577373984E-10
1241.0,9.621757548738448E-29,1.2477060533462453E-5,0.8655950090984234,0.13439251384104317
409.0,6.446999105261449E-19,0.0035733050383534278,0.661438406177222,0.3349882887844245
614.0,9.741196089926606E-23,5.634014578039358E-6,0.9998165811783984,1.7778480702354863E-4
31.0,8.102982270853194E-20,7.360719897296784E-6,0.08821067643633093,0.9117819628437717
49.0,0.9999993208016156,6.791930002120092E-7,5.382951994575353E-12,1.2525894138371693E-15
1025.0,1.0711688699341698E-18,5.529479235639075E-5,0.6985100197988202,0.30143468540882346
1444.0,2.7968934760670434E-15,8.338780729945443E-7,0.018645949739468693,0.9813532163824554
963.0,4.883792553382083E-11,7.077347720706336E-4,0.27902798478651014,0.7202642803925813
920.0,5.594448393965525E-20,7.159149868358418E-4,0.9794579833912985,0.019826101621865447
358.0,0.999968707605028,3.1292133509966515E-5,2.6145188844425913E-10,1.0218769881447694E-14
1298.0,4.5973620928870654E-10,1.1626063599830558E-10,2.623062028176865E-4,0.9997376932211854
1207.0,6.882605600807855E-5,0.969977431534116,0.02994815567162898,5.58673824709398E-6
1624.0,0.9991847901268323,8.152069391902804E-4,2.9228342093242144E-9,1.114313354937103E-11
158.0,7.247804866939256E-16,0.004681183406163472,0.6745469226483713,0.32077189394546446
573.0,5.873048430014192E-22,0.9438438846349604,0.0560312620166921,1.2485334834745265E-4
651.0,1.2955792920094788E-29,1.0906382693811024E-7,0.678537767862268,0.32146212307390487
1499.0,0.7938094000962783,0.20602340779361678,1.6631933312092543E-4,8.72776983921392E-7
1150.0,5.56085404911143E-24,0.0011296609532166389,0.5068900676340926,0.49198027141269074
814.0,0.011399938546581464,0.9841189025622528,0.003819015749556585,6.621431416089726E-4
317.0,0.9999294755587451,7.052007596061808E-5,4.3643711019570475E-9,9.232068327604385E-13
885.0,2.4808545929179274E-14,0.06348852677319172,0.3135142483035152,0.6229972249232683
204.0,2.1162232129919248E-5,0.9337593846394927,0.05220444928644794,0.014015003841929554
1224.0,0.9999023750776487,9.759899772073206E-5,2.5900282666014632E-8,2.4347921030221096E-11
1389.0,1.0945887528360583E-11,0.7998501508345194,0.19912556352588567,0.0010242856286490642
1575.0,1.0716561944130303E-4,0.9968617003500388,0.0030311336707196986,3.598001125060389E-10
450.0,1.0838092205688804E-8,0.9697889308478593,0.030208797547290125,2.260766758338348E-6
720.0,0.9999997002352171,3.75684582747125E-8,1.4421707040937244E-7,1.1797925414258658E-7
1370.0,5.3575242790288346E-33,1.3470655146728336E-7,0.9948244095205678,0.00517545577288071
956.0,5.878184659071432E-45,6.252261992606947E-10,0.9926407235208309,0.007359275853943135
372.0,0.9999722290719352,2.7770887849904975E-5,4.020214115481382E-11,1.2818299956692646E-14
1279.0,0.9999999964862997,3.513695266795832E-9,4.979778038414369E-15,3.0807120902539203E-17
537.0,5.18935149513803E-29,2.3869734590065305E-13,6.584514399493259E-7,0.9999993415483213
1552.0,0.999924651939694,7.53385312170972E-5,9.499128656317668E-9,2.9960308451812755E-11
151.0,3.1041446861171135E-4,0.9996513545829084,3.82162964613237E-5,1.465201848417122E-8
578.0,1.4037119020134794E-42,1.2168974298617382E-21,7.1071789333831495E-6,0.9999928928210666
395.0,1.4214374247641832E-31,2.1999712258409384E-13,0.05861370914163718,0.9413862908581428
1097.0,2.936306445407884E-20,0.9561719931105853,0.0434738446520342,3.541622373804461E-4
112.0,0.9918428256910876,0.008073673239588247,8.345260949776685E-5,4.8459826306695585E-8
999.0,2.1926836445840647E-25,0.04278823215183279,0.9572117675920088,2.5615843297973024E-10
1516.0,0.995293319542112,0.004687378029870973,1.924303372704415E-5,5.939428996779582E-8
1152.0,0.006980709485334514,0.6642242310401383,0.3287944917473892,5.677271380331391E-7
197.0,1.4529168479037472E-16,0.47749045914441507,0.522506086433958,3.4544216268233374E-6
849.0,4.784145133176727E-7,0.9990084749018063,9.909597792370389E-4,8.690444341438598E-8
1317.0,0.22132414165360642,0.7305045361063645,0.04698448508307848,0.00118683715695057
1647.0,8.311257164026657E-10,2.1430806590730035E-8,0.0046411341367101075,0.9953588436013576
756.0,1.3360514083104733E-13,7.692225296159724E-6,0.007049447050313759,0.9929428607242564
464.0,4.413073618906056E-28,2.2539567746258498E-12,8.173422062577847E-4,0.9991826577914883
687.0,3.4698128085857974E-22,0.0011386338475160478,0.9924385316296997,0.00642283452278415
89.0,0.9999999999968009,3.198474697609653E-12,6.081427711430182E-16,6.352453685184163E-23
1427.0,1.9195626204922537E-10,0.9996873714752433,3.0448104469578765E-4,8.147288104520182E-6
778.0,8.881965178628716E-5,0.4028043750554563,0.4200348713498725,0.17707193394288492
303.0,1.0002235819316152E-20,8.878256926115187E-12,3.9498248465395E-4,0.9996050175064677
1078.0,0.9999999999652034,3.479453069898456E-11,1.994542439053423E-15,4.499234951437778E-19
1123.0,6.600129543923031E-12,1.0743340205344944E-5,0.015026144161906185,0.9849631124912883
1478.0,0.9999999999943295,4.758785235518975E-12,9.093156967826158E-13,2.2277900161103034E-15
339.0,3.7432879651575667E-10,0.9995734492173546,4.2654619378779243E-4,4.214528801987726E-9
1010.0,5.125625240874226E-12,0.06481124190766846,0.3726851472245633,0.5625036108626428
11.0,0.9732214920514125,0.02677477201821357,3.711820113969893E-6,2.4110260009965176E-8
599.0,3.4084478477888535E-11,0.9995945748830403,4.0499061385004077E-4,4.344690252167702E-7
70.0,3.072586091264027E-17,0.8861364506671029,0.11383819919723946,2.5350135657603484E-5
1594.0,5.071575307410137E-8,0.03334045693669518,0.9665462347438802,1.1325760367164944E-4
524.0,0.9984341973410122,0.001424819915962102,1.390131355098415E-4,1.9696075159843167E-6
428.0,3.0103643480452302E-33,5.528203279943485E-12,0.27118066430434523,0.7288193356901267
937.0,0.3513940345974962,0.601475865311967,0.047129330256410654,7.698341263431931E-7
251.0,0.9997610336586039,2.3895710264326765E-4,7.901241098699644E-9,1.3375116340910576E-9
1392.0,5.804491175515203E-8,0.9775211727851079,0.021673934212444085,8.048349575362639E-4
1237.0,0.17340955215415071,0.8262448075526806,2.6052147851913946E-4,8.51188146495459E-5
111.0,0.9999993835242662,6.164752129119735E-7,5.207017663921319E-13,1.1310820966863053E-16
1465.0,8.42234172088474E-26,1.8550827288209567E-7,0.011026945498829648,0.9889728689928975
1052.0,3.130693255210435E-17,7.11122478564358E-4,0.9886399065902353,0.010648970931200388
799.0,4.5130203424817255E-16,2.2751530528367248E-6,0.013786490641896626,0.9862112342050501
503.0,1.620512377627104E-4,0.996255053235149,0.0035827627664608576,1.327606275254824E-7
698.0,0.9999496281173522,5.037088201740851E-5,9.98050440460735E-10,2.579983836901338E-12
1605.0,0.9999996928647946,3.071352031902887E-7,2.0942390809471988E-15,7.381595923089935E-21
169.0,0.9999926773907131,7.3224755855385245E-6,1.3365843274087427E-10,4.2904268631168153E-14
737.0,1.460218826837544E-4,0.9958500065597514,0.003999725821027485,4.245736537297828E-6
836.0,3.8826245019089346E-25,3.0293769450869585E-8,0.9819609788274607,0.01803899087876975
264.0,0.9999995489073049,9.455713938786086E-10,4.333346150353748E-7,1.681250870692427E-8
1295.0,0.02057545272700414,7.243895795802344E-4,0.5009641603550722,0.47773599733834343
552.0,3.7467036211494285E-14,0.3438194080726095,0.41074230428357805,0.245438287643775
446.0,2.119790725603173E-7,7.048020455355233E-6,0.38154230618915486,0.6184504338113173
1650.0,0.012434072247503347,0.9870626468401246,5.032331922417176E-4,4.772013029008183E-8
1336.0,2.717279066600312E-7,0.8475740944364004,0.12071887901948478,0.031706754816208244
242.0,4.845065234941512E-13,0.46559628902267053,0.5342423256891127,1.6138528773232874E-4
909.0,1.8093136602950384E-18,0.3236951299834852,0.5622033685405896,0.11410150147592509
1181.0,1.5596242797419674E-30,1.783597961829634E-10,5.5886229910916E-4,0.999441137522531
42.0,1.9051589321531672E-33,3.244945302808652E-12,8.687393834620637E-6,0.9999913126029205
1067.0,7.142371129255072E-28,6.078315222322212E-13,0.9021454654458635,0.0978545345535287
982.0,3.444277945890075E-25,4.21268541763392E-11,0.02299736104564722,0.9770026389122259
321.0,0.9519550477881725,0.0032168194501325013,8.042892925955794E-5,0.04474770383243543
1422.0,1.4366747326372021E-6,0.972181080288572,0.02755663819478935,2.608448419058995E-4
627.0,3.756021507476957E-25,1.3200587332838204E-8,0.9999822781693016,1.7708630111212482E-5
1549.0,4.047261775767032E-12,1.982715640637387E-4,0.26093154452009937,0.7388701839117897
709.0,1.654314107426736E-22,0.032947752336080445,0.9604946127059025,0.006557634958016926
160.0,1.489005094514693E-10,0.9472135905803412,0.052482651799320275,3.037574714381661E-4
1250.0,8.080620207262044E-16,4.515990496351689E-5,0.03923756939212692,0.9607172707029088
864.0,4.0141328755876044E-19,2.1634715979478877E-10,1.400523266280721E-4,0.9998599474570249
282.0,5.342889366251027E-8,0.9975071771786607,0.0024927687178299693,6.74615679111701E-10
1351.0,2.1093188712877415E-21,6.971632338548284E-8,0.01202174969565549,0.9879781805880211
1521.0,1.2732339665164166E-17,0.013879225727002294,0.9854183501539853,7.024241190125718E-4
827.0,2.0718584223216848E-18,0.0023855973200734197,0.044481757421586596,0.95313264525834
1108.0,0.9999293406307042,7.065280414029576E-5,6.552433467135494E-9,1.2722198078880155E-11
485.0,0.9999999996155648,3.8443516320008377E-10,3.024311430241127E-18,1.2202360714147826E-22
670.0,0.9999996092143664,3.907849327468182E-7,7.003664163692357E-13,5.135514512463921E-16
855.0,2.9175866383980968E-12,0.9623068948799939,0.037662085870208695,3.101924688004824E-5
15.0,0.9999999999998771,1.2179139816043219E-13,1.1331732495150766E-15,2.9469008423765513E-17
1164.0,4.864121886926988E-11,0.012057219534650988,0.009880658559464631,0.9780621218572431
1321.0,1.1133389380570627E-12,0.24432194100824997,0.7354117265579514,0.02026633243268519
102.0,6.33877574183715E-33,1.1431278257138411E-5,0.19450455666430347,0.8054840120574394
1635.0,2.1218072355635267E-23,0.0017278467641880658,0.9801042646407738,0.018167888595038022
467.0,3.0541219634424245E-8,2.2565817853296017E-4,0.9997723416729822,1.9696072649528878E-6
754.0,3.281343523445556E-17,0.002092662370326157,0.14083858028744814,0.8570687573422257
681.0,9.436931483575685E-35,2.8386584389393478E-8,0.9179631080845565,0.08203686352885911
187.0,0.0014670813211880391,1.582520104804181E-5,0.9976100810191103,9.070124586536444E-4
1439.0,1.056674821483742E-12,0.032021615900005226,0.16964890725179965,0.7983294768471384
1082.0,2.6524922015490336E-32,1.6212590264510886E-4,0.9982457341066105,0.0015921399907444305
300.0,0.9999999963960796,3.603910469650936E-9,9.862197861720202E-15,8.63682870256992E-19
780.0,0.9999999999971435,2.856502595463106E-12,1.568097043423204E-17,9.865668904175337E-22
954.0,3.472731939440602E-14,0.7631794584932792,0.2209750396426856,0.01584550186400052
375.0,0.8731213746525244,0.12614607387297072,7.325514213587049E-4,5.314631189422054E-11
1366.0,0.9992463349030082,7.536650630996885E-4,3.3833891429376885E-11,5.825261160138581E-14
1267.0,0.9999996907834198,1.4620379186278137E-7,4.6844470891829466E-8,1.1616831737861691E-7
79.0,3.7445402025327114E-17,0.11018753938314198,0.8896733243970757,1.391362197821877E-4
1564.0,2.2825453280387304E-23,6.046340355717034E-7,0.998505089498203,0.0014943058677612585
543.0,0.9999792538172418,2.074616033013204E-5,2.0749986318777906E-11,1.6780435463110225E-12
580.0,0.9999935602244578,6.439775542025381E-6,1.5266020614774564E-16,6.296027376226106E-23
392.0,7.793432242003546E-4,0.9984554533700163,7.629195400334693E-4,2.283865749881861E-6
1093.0,0.9985803130332299,0.0014189246421016405,7.593453089792876E-7,2.9793594953758505E-9
1504.0,0.0013149641067894786,0.9118547027271887,0.07678089825245933,0.01004943491356241
233.0,0.9999999983494952,1.650452391833857E-9,5.2312548966843705E-14,1.6966698336015656E-17
993.0,3.052706324475767E-8,0.9939269124294656,0.0060729128300525265,1.4421341857060568E-7
178.0,1.3180643616635126E-8,0.9200089550094968,0.07743460336888872,0.002556428440970838
653.0,2.6805771715628355E-23,0.45462356245244145,0.540291917721326,0.005084519826232495
1495.0,0.9999980658091265,1.9341905612574383E-6,3.115343614343352E-13,7.616508550222651E-16
808.0,0.0016207234158147799,0.9962735845789448,0.0019043188037596059,2.0137320148089569E-4
318.0,0.08780019152144383,0.8264577193924447,0.08573367009661242,8.418989498853653E-6
1138.0,0.021035145273830977,0.8561644305577082,0.12280009449663243,3.2967182843421797E-7
1220.0,0.9366503167327213,0.06132299710049152,0.0018412675330881853,1.8541863369905343E-4
883.0,3.931618044709993E-11,0.9999550187445596,4.483502731075047E-5,1.4618881357889926E-7
1377.0,1.4700500504641207E-20,1.2792540802648308E-5,0.9892925250060709,0.010694682453126488
1579.0,0.68571623466694,0.2089010512706157,0.019219433064301177,0.08616328099814315
58.0,9.740396803150686E-22,3.73890741387576E-5,0.003957220575029894,0.9960053903508314
449.0,4.661027162779336E-7,0.06758931250160854,0.9216201736168815,0.010790047778793594
726.0,2.060788552000596E-26,3.2831624505603196E-6,0.9651944642622444,0.03480225257530495
410.0,0.9999999999952144,4.779690392877153E-12,5.651533700042806E-15,1.6245025454550783E-16
608.0,6.10025609377795E-11,0.9130863687545601,0.058636496820759644,0.02827713436367776
1037.0,2.8675318774448983E-28,3.089146581628899E-17,5.355905074995302E-5,0.99994644094925
965.0,7.17443812883254E-28,4.9247271233483E-7,0.04101517603852267,0.958984331488765
224.0,1.2211127170849767E-29,1.210447743273623E-6,0.9999736289297804,2.516062247631208E-5
1448.0,0.030924432858478075,0.9690750988670763,4.68248172622699E-7,2.6273025698943867E-11
1310.0,0.9802724463541825,0.019726255107087844,1.2676206951448085E-6,3.0918034408046274E-8
926.0,3.480429474639969E-20,5.090391267284461E-7,7.0669007285967E-4,0.9992928008880135
357.0,1.1314087698812364E-19,0.45387736061527945,0.5378325938996502,0.008290045485070396
1211.0,2.5873868705342655E-30,1.0320586594574948E-8,0.04971035055788293,0.9502896391215305
571.0,9.164611352410373E-20,7.3787687610496E-5,0.010564546849200777,0.9893616654631887
1620.0,1.7615948792598178E-23,3.782106610011594E-7,0.9999987992058951,8.225834439372763E-7
1469.0,1.0895060787989486E-11,0.046903777339278,0.9020365424283934,0.051059680221433604
1048.0,1.760820183785811E-20,0.001021257444537346,0.8869134532976859,0.1120652892577768
214.0,6.066122857962899E-18,9.987054673023014E-10,0.2543426882993415,0.745657310701953
797.0,1.6884642158488064E-8,0.0079722919878785,0.9916491969410394,3.78494186440017E-4
696.0,0.007517223604622828,0.9912513397693989,0.0012313044148003147,1.3221117788491218E-7
502.0,1.0979298766811098E-18,0.004912205414585924,0.9933064677063668,0.0017813268790474728
1601.0,2.6475474680456354E-24,1.9829943247556145E-5,0.3335587188722907,0.6664214511844618
739.0,0.9999999999988328,1.1671957912826863E-12,5.433323471198659E-22,5.644043531961828E-26
838.0,6.827928984730903E-25,7.748327144246484E-6,0.009353298453668689,0.990638953219187
265.0,4.234110033847019E-39,5.298165974764745E-23,2.736440339680871E-7,0.999999726355966
1198.0,0.9999999999982204,1.7753236541350658E-12,4.216787072669913E-15,1.124061179163563E-18
22.0,3.9232137203455244E-23,1.8994489624836962E-9,0.00503583113056483,0.9949641669699862
35.0,3.670377310523844E-11,0.7061140251595712,0.28871493023894335,0.0051710445647816785
1291.0,0.9999999981557224,1.844277587110798E-9,1.4355751156346588E-18,4.8636479392319175E-25
1127.0,8.583827553190262E-19,0.0051497687887503895,0.9937710593923595,0.0010791718188900084
1474.0,9.69708652646716E-24,9.780722414648324E-16,1.4731586586258494E-4,0.9998526841341365
1008.0,2.288946836830623E-14,0.3887421255437887,0.6112377901244379,2.0084331750593962E-5
338.0,0.9999999984140425,1.547686770283727E-9,3.826975358042104E-11,8.697862061793466E-16
597.0,1.229939430867992E-20,4.6168224789542005E-4,0.8530123852702924,0.14652593248181203
1672.0,3.945090577258668E-18,2.680285428912626E-4,0.005736322183725075,0.9939956492733836
132.0,3.994179709868633E-11,0.9685334460675581,0.0304156421567221,0.0010509117357780293
1598.0,0.9999919130266233,8.086730676936926E-6,2.425991455843437E-10,1.0079396578333271E-13
429.0,0.9999999598054592,4.019378851564288E-8,7.508163687276718E-13,1.5551657315416308E-15
526.0,8.610556738805643E-16,0.9704552321417592,0.027207646862744746,0.0023371209954952737
939.0,4.4303367873437045E-25,9.152907429631011E-4,0.9944407029373682,0.0046440063196687646
1396.0,6.772796248426967E-20,3.1983982178256176E-8,0.048418857754501186,0.9515811102615166
1233.0,0.9931770456841119,0.00682172736865014,1.1915054360528718E-6,3.544180197656819E-8
1545.0,1.1976102305095355E-21,1.488205890258754E-4,0.6928437542962987,0.3070074251146754
84.0,0.9999999489565747,5.1041814225825265E-8,1.6034944855805214E-12,7.571812538028682E-15
711.0,0.9999999436027474,5.6395817954523965E-8,1.4318947801919706E-12,2.8607290923093544E-15
1254.0,3.613996307510581E-17,4.297123589475127E-4,0.8955363592694819,0.10403392837157054
866.0,4.696115243772926E-17,2.1747285689201762E-8,0.002286144568190236,0.9977138336845239
283.0,0.052308991718769904,0.947641861717485,4.913809683468632E-5,8.46691035822301E-9
1347.0,0.9999998679619467,1.3203610634598913E-7,1.9361077061787684E-12,1.0817585068892934E-14
1525.0,1.2303611627105612E-7,0.012067088141910527,0.2505372373022062,0.737395551519767
825.0,1.0586119869581495E-21,0.0018041645702498894,0.9981092797504775,8.655567927272829E-5
223.0,6.453081539607087E-5,0.9999285474059143,6.6666578594784285E-6,2.551208300203457E-7
1104.0,3.3486088027417894E-15,0.9999381178210038,6.188217857273837E-5,4.2025408285837847E-13
484.0,0.9999999999999003,5.1230380463184237E-17,7.911782340484221E-16,9.887749247424899E-14
668.0,0.9999731049403225,2.6883027367132364E-5,1.1961764924716422E-8,7.05454409640193E-11
554.0,3.2139312442863383E-6,0.9950253843932337,0.004971401649331782,2.6190278348929156E-11
447.0,5.166009953565004E-14,0.7560080945288924,0.23464654792413392,0.009345357546922065
1654.0,1.6470647983079866E-30,7.232285438091413E-7,0.982148525494613,0.017850751276843282
1340.0,0.9999843424944823,1.565748973593617E-5,1.577248228723924E-11,9.153371818180079E-15
911.0,0.9910126803399482,0.008987167087393005,1.525500776204995E-7,2.258127768667524E-11
125.0,0.9996533126237771,3.4668716320829484E-4,2.1283806998378855E-10,1.7651435310520765E-13
1177.0,4.447542956101136E-5,0.08937552536658698,0.30452014741807004,0.606059851785782
1071.0,8.405756267569451E-19,4.429703011078919E-16,2.724007868546664E-6,0.999997275992131
980.0,1.0482232371712808E-17,0.9999711560740311,2.8838918992917952E-5,5.006976019334668E-9
320.0,0.9444084130180328,0.05528601129532442,2.564033056229187E-4,4.917238101976875E-5
1418.0,1.4122959497412232E-31,1.780510661910121E-20,7.0713708640595E-10,0.999999999292863
141.0,9.495017333665567E-31,2.0009164976240754E-7,0.9992127400285872,7.870598797630483E-4
625.0,1.3156412714595275E-18,9.383967481696986E-4,0.7631128713130814,0.23594873193874888
374.0,1.7664648701686972E-9,0.9726795305601282,0.027274980037158454,4.548763624830873E-5
952.0,1.0,3.789816133466636E-19,8.596617197286013E-19,2.394319740834718E-20
1362.0,1.0,2.0802156676311184E-22,2.2513725845129428E-27,4.739038194839228E-30
1271.0,1.1015223847636484E-9,4.275623054021255E-6,0.12389927572070136,0.8760964475547222
150.0,1.630815779260057E-13,0.9432261904762219,0.05427115768387798,0.0025026518397369907
1560.0,5.1652244955475E-34,3.0176328019651566E-10,5.489372528296667E-4,0.999451062445407
541.0,2.279757855948187E-9,0.08308838449215074,0.551246242297131,0.3656653709309604
393.0,4.845400668034955E-12,5.252561483214027E-11,0.00486677973743056,0.9951332202051985
582.0,0.04549772863971822,0.9544938752786445,8.39599534967457E-6,8.628760464121359E-11
30.0,2.8782028519489038E-12,0.9620860662302445,0.03657091292835771,0.0013430208385195879
51.0,5.664224178434602E-6,0.9995054076483263,4.88890872288607E-4,3.725520670204353E-8
1089.0,2.9462794657483923E-15,1.6787250218733042E-5,0.1365680207845041,0.8634151919652742
1508.0,0.05004741851937165,0.8459118092180077,0.10394857965607757,9.219260654334817E-5
995.0,4.928471011226874E-35,4.4094219198824174E-7,0.45636594326100927,0.5436336157967987
853.0,0.9999999999997714,2.285201416564981E-13,1.1380913008451606E-21,1.9428749388697417E-26
1160.0,1.0837773551684155E-19,0.4292061720040451,0.46862477081454607,0.10216905718140891
196.0,2.4637440563995793E-31,7.530489195005418E-17,1.301902437622947E-5,0.9999869809756237
1325.0,2.6108221226947764E-32,1.8356410201509627E-14,0.012152971042488893,0.9878470289574928
1639.0,0.9999784155953599,2.118654367506355E-5,3.966702831827325E-7,1.1906818485465155E-9
752.0,0.9999999954357189,4.564267354678801E-9,1.3608070576202858E-14,1.0449499491708393E-17
466.0,1.1212584136896423E-25,7.902946369619916E-7,0.04622843491104981,0.9537707747943133
683.0,1.7476121540196343E-7,0.9633253340977352,0.036674105621119994,3.8551992942478356E-7
1435.0,3.54306974876528E-4,0.02810743410491056,0.913898624020212,0.05763963490000073
1086.0,3.329840923931684E-12,0.14014216470913057,0.8579463656443811,0.00191146964315853
301.0,2.1988851113573753E-12,6.23620771408065E-4,0.545900165359003,0.45347621386739007
782.0,0.0028781580881775373,0.8098141067998672,0.1775158287099771,0.00979190640197827
411.0,0.9999839601145477,1.6022291490801308E-5,1.722636319104612E-8,3.675981537889964E-10
610.0,0.9999989805342996,8.070377130018721E-7,7.988093979137853E-8,1.3254704765463644E-7
1033.0,0.9999999999765827,2.10846615592646E-13,2.015562345630936E-11,3.0507308014220187E-12
116.0,0.9999999999880952,1.1904924060155624E-11,6.1829206111906705E-21,4.689979574447607E-25
967.0,1.1499466974305294E-36,1.1379873445672733E-9,0.027459173304259177,0.9725408255577535
1306.0,7.584765517621601E-24,6.5745112693590475E-6,0.001198922223736911,0.9987945032649937
924.0,1.8849815917253892E-28,1.1111425350030612E-5,0.09182936727338263,0.9081595213012674
356.0,2.491655855691374E-15,0.019682213549078873,0.16655054944848852,0.81376723700243
1215.0,0.07918586581729596,0.9044343349679054,0.013169583183309666,0.0032102160314892046
569.0,0.004500937625644427,2.3636245858617782E-7,0.006378641398539992,0.989120184613357
1616.0,0.9652671950722386,0.031094126705749993,0.002916871338235977,7.218068837754729E-4
159.0,0.9999895165261724,1.0483397429858262E-5,7.63932797456497E-11,4.4648087215972795E-15
655.0,9.839375445005057E-18,1.1650482578722099E-4,0.0026288064009336197,0.9972546887732792
93.0,1.4039709954770933E-40,1.9200122054973176E-16,0.003606652158291411,0.9963933478417084
1491.0,0.9988768104219838,0.0011091424597600736,1.3884724370334218E-5,1.623938858157243E-7
810.0,1.2027803793446892E-28,8.690137682071091E-9,0.383679003253805,0.6163209880560574
319.0,4.9624849797385975E-20,9.904083314209164E-5,0.9700643175178625,0.02983664164899546
1142.0,7.078103505235879E-16,3.6588824790662495E-5,0.9999627038554892,7.073197194677595E-7
205.0,1.8118729716982914E-14,1.919738362228212E-9,7.885492182757055E-5,0.999921143158416
1216.0,0.0036332331119162987,0.9091731815476051,0.0867066881579711,4.868971825076929E-4
881.0,0.999999572684449,4.273155309154504E-7,2.0219850356243397E-14,2.5290464308548197E-17
1381.0,0.005690391179981082,0.9917259273465208,0.0025133130513344537,7.036842216362918E-5
1583.0,0.0012115996599050567,0.7789773562076354,0.21977714672248003,3.389740997962334E-5
724.0,0.9999999752629304,2.4736587146498318E-8,3.759821241189821E-13,1.0642702665844878E-13
448.0,1.7177263637195366E-4,0.005894950668620422,0.9932796623877298,6.536143072778677E-4
1669.0,0.6882470226734662,0.282347877179381,0.029251283536716716,1.5381661043602056E-4
641.0,0.16569346023176174,0.6162341206809113,0.20499788391764462,0.013074535169682287
177.0,4.8482165027926855E-25,0.1933170714887715,0.1242423972305942,0.6824405312806343
1130.0,1.2494239755768771E-22,1.0218056524882645E-5,0.9996038349308921,3.8594701258296964E-4
312.0,2.8598857097840105E-13,0.945597556542323,0.047517017956612215,0.006885425500778826
804.0,1.4640717150052383E-32,1.6878081348034798E-10,0.005582828630144616,0.9944171712010746
1487.0,3.759870766843511E-10,0.9998493818227641,1.5061591952747892E-4,1.8817215105154554E-9
1401.0,3.947817477777789E-21,9.846769020400576E-9,1.904178620563969E-4,0.9998095722911746
99.0,0.9437740394270386,0.05620313274380704,2.2646392784026258E-5,1.8143637037224488E-7
895.0,1.5496326090181998E-19,2.7567502953587593E-4,0.8632917434820019,0.13643258148846224
1244.0,6.339145273585926E-12,2.444256994371854E-4,6.28426084480288E-4,0.9991271482097432
730.0,1.2055013977498182E-18,0.1387249840994472,0.6844793715313046,0.17679564436924836
455.0,8.003262293025544E-23,2.3438799803382815E-4,0.9997580062517436,7.605750222620857E-6
1587.0,2.0999160336781822E-15,0.01569005167088875,0.9838401288989435,4.6981943016565766E-4
620.0,0.9999993092390269,6.852380033205852E-7,5.5229697446540255E-9,3.776143610574506E-21
412.0,2.791719487367074E-24,4.0965290706864924E-4,0.9993070855720677,2.832615208636849E-4
227.0,0.406157724418289,0.5750872487697293,0.01874268666149309,1.2340150488571293E-5
1456.0,1.445528029228793E-13,1.3045690210394557E-4,0.9841019463944324,0.015767596703319044
969.0,0.9612995815903782,0.01801357227884092,0.020686842899919365,3.2308615687351043E-9
1045.0,6.079359285295502E-18,0.7425476755462198,0.2551577771156092,0.002294547338170986
1187.0,0.9999999999183172,8.16828903343574E-11,1.7283955759575826E-19,3.501751703808702E-26
355.0,3.0033951146872594E-16,0.0076935726155445815,0.3765856065740268,0.6157208208104282
914.0,5.022638356142221E-12,0.9686665588099318,0.03133239416251814,1.0470225273792158E-6
1286.0,0.9999996078953959,3.920580861992053E-7,4.618526441425458E-11,3.3277589550639936E-13
1612.0,0.9995686984320886,3.748138405725558E-4,5.648654975990463E-5,1.1775789495715658E-9
567.0,2.428193624282382E-34,1.202676532353137E-8,0.21119247362320662,0.7888075143500279
74.0,6.825313529152075E-6,0.9995222453735877,4.5336235087702173E-4,1.756696200617578E-5
