1658.0,0.019356200285486486,0.05604617073262294,0.26152593621384346,0.6630716927680471
444.0,0.0,0.272074201406041,0.5587137001244032,0.16921209846955573
556.0,0.0,0.19801594664675531,0.7244484743830814,0.07753557897016336
905.0,3.9215686274509797E-4,0.22547894064190138,0.5810729984315629,0.1930559040637906
243.0,0.04817469714472242,0.05144915113123532,0.5573241983775975,0.3430519533464447
1328.0,0.0,0.03990772464149258,0.2868920035561522,0.6732002718023553
1173.0,0.00973586433080492,0.6004542654325182,0.32285241126218367,0.06695745897449308
1059.0,0.0017557626543169913,0.24935862358469926,0.5737192802358722,0.1751663335251116
1414.0,1.5936254980079682E-4,0.03771291128588765,0.293771574677846,0.6683561514864655
978.0,0.00449841293755789,0.05926975232425923,0.2886559156405125,0.6475759190976703
323.0,0.0,0.12008373459573111,0.6999195230478655,0.17999674235640342
631.0,0.0012350987117680534,0.11382761327694771,0.7906220181146366,0.09431526989664764
66.0,0.7707642346245707,0.16458323769691136,0.028617789685074304,0.036034737993443755
1541.0,0.19996063557170946,0.554004980636089,0.1259560824388859,0.1200783013533156
161.0,0.01492964990020426,0.7327074367891493,0.2377340883426579,0.014628824967988532
705.0,0.1887598034036481,0.5854561568801265,0.2170037169108585,0.00878032280536683
280.0,0.4875860394090412,0.2856775467414438,0.17223452257114044,0.05450189127837461
868.0,3.787878787878788E-4,0.03001530619664615,0.16648389246062842,0.8031220134639376
1258.0,0.16627822760713637,0.24244420872773964,0.242615198768239,0.34866236489688496
1359.0,0.004026193844867781,0.6177741922976749,0.3520919196338543,0.026107694223603
107.0,2.8169014084507044E-4,0.008319063774674753,0.48884271485763947,0.5025565312268409
1529.0,0.21104054843534578,0.7551432609800139,0.023863931400948765,0.009952259183691458
1116.0,0.5901785880006122,0.10492856892239892,0.21583998430717014,0.08905285876981883
831.0,0.5704575436852367,0.32556776179448144,0.06761848090204038,0.03635621361824144
666.0,0.0,0.32542418742208007,0.5444089004474677,0.13016691213045214
487.0,0.9282936339987476,0.03532150513569771,0.013499503993094355,0.02288535687246033
40.0,1.1494252873563217E-4,0.157277830426563,0.7162751976642726,0.12633202938042887
1131.0,0.2798005142583193,0.5279291820407083,0.17699888149058365,0.015271422210388762
337.0,0.0,0.4235240136147555,0.48351003675159954,0.09296594963364505
1014.0,0.0,0.31805149851804443,0.5333501979099851,0.14859830357197054
1486.0,3.8022813688212935E-5,0.08922363724397675,0.7086428409892046,0.20209549895313045
1668.0,0.0,0.011164171556551463,0.33684763988553046,0.651988188557918
595.0,0.01745886948102027,0.47215477361579444,0.5042085787856244,0.006177778117560843
430.0,0.0032816678678533624,0.6579917976243359,0.3236375299145504,0.01508900459326044
520.0,0.9144849298308353,0.06896710375961551,0.006166297072031925,0.010381669337517335
1586.0,0.8444592566601066,0.11436034125164182,0.019311098902269196,0.02186930318598238
1400.0,0.24664075768677776,0.529609961699852,0.1721964315367165,0.05155284907665395
250.0,0.21335776611083485,0.40568719663573366,0.2199384646171856,0.1610165726362459
941.0,0.0012896825396825394,0.13713898222013557,0.7307506035044083,0.13082073173577352
1245.0,0.05425476612403411,0.4910045501871694,0.4338167206086531,0.020923963080143323
1457.0,0.2733564472265616,0.2988224647015385,0.2742948294324372,0.1535262586394627
795.0,0.14930774812813286,0.502673525117016,0.31085773709642156,0.03716098965842965
1044.0,0.04025221914190068,0.5455852454906153,0.12724826262419792,0.2869142727432861
702.0,2.651914295749912E-4,0.16688016916832685,0.7737091752856972,0.059145464116400814
501.0,0.0203423218414223,0.44679378508088824,0.5043350573452738,0.028528835732415776
1613.0,2.2058823529411774E-4,0.1876444086011319,0.4120233318736894,0.4001116712898847
741.0,0.2570575353883007,0.6827706545689165,0.04897790889151586,0.011193901151266804
168.0,0.0,0.03641028727503822,0.295905687425988,0.6676840252989739
1186.0,0.8551420084264527,0.12747387048701117,0.013723750261169836,0.003660370825366241
266.0,0.3030133488127928,0.4665827795517503,0.21917571093242783,0.011228160703029037
832.0,8.19672131147541E-5,0.2945261829617526,0.36778902533853985,0.3376028244865929
1287.0,0.0016025706129166835,0.18283590893226803,0.4705002223389365,0.3450612981158787
649.0,9.174311926605502E-5,0.11234828377654087,0.7957793832121651,0.09178058989202788
179.0,0.18912687483269852,0.29638659286856817,0.252808298204974,0.26167823409375934
1503.0,0.9034477483301518,0.08762796489194068,0.00622548169762064,0.002698805080286828
1146.0,0.0,0.025925986725452654,0.6532370024740347,0.3208370108005125
812.0,0.006361311564057262,0.6126371086167905,0.3387445286038165,0.0422570512153358
316.0,0.004004515379317941,0.6215894962295728,0.3498324160101636,0.02457357238094561
887.0,5.696969696969698E-4,0.09136250328309481,0.3760479753152832,0.532019824431925
1228.0,0.007402847673603815,0.639782909732895,0.3360946258395731,0.016719616753928107
1385.0,0.0272849200117984,0.3323013277266732,0.36280097861423005,0.2776127736472984
98.0,0.25946668758882346,0.5106324933272582,0.15141516782728515,0.0784856512566331
1571.0,0.6211705153957973,0.25449948486723245,0.08076334434947174,0.04356665538749853
722.0,0.1125610976762095,0.4316380964526565,0.37869083397152914,0.07710997189960482
451.0,0.7074524123388907,0.20652703011010784,0.05355752213739202,0.03246303541360941
612.0,0.06460097398486968,0.0627360995163959,0.2480073401403917,0.6246555863583427
408.0,0.7818715624049256,0.11957499784623289,0.07139378624129443,0.027159653507547225
1029.0,0.004373045333586399,0.5197346865492242,0.44800935775532774,0.027882910361861676
1440.0,2.1994824747118325E-4,0.15445571939621577,0.6297849943830108,0.21553933797330238
225.0,0.9353997725789112,0.04465502469401391,0.012123007798161051,0.007822194928914037
961.0,0.0,0.19386515844306468,0.640751502515123,0.16538333904181227
922.0,0.012556031606756939,0.02799272117644594,0.5902497867101353,0.3692014605066619
359.0,7.250470809792842E-4,0.08170940788599018,0.6636928624638458,0.2538726825691847
1302.0,0.030861330435304823,0.6079669060367905,0.3468738110713177,0.014297952456587007
1203.0,0.05162877540933243,0.10501082922969636,0.5138176472554052,0.32954274810556583
75.0,0.12950327236736936,0.33097347822592715,0.4740201977727791,0.06550305163392438
1628.0,0.0,0.07080502473650938,0.38665461910932064,0.5425403561541698
575.0,0.612602184493574,0.3252560824289862,0.049492164061907186,0.012649569015532833
1156.0,0.001,0.04772910875472286,0.40613365571446636,0.5451372355308107
851.0,0.8818717377007323,0.09568018864618805,0.016864980234323337,0.005583093418756264
1313.0,0.0,0.02740279140101266,0.4996162002058815,0.47298100839310586
1643.0,0.07939055607823091,0.3172509338196825,0.4429556542046523,0.16040285589743425
56.0,0.8663731969174439,0.08944456141896938,0.03336306720535054,0.010819174458236252
758.0,0.127267043381446,0.4068370633054292,0.4110253058858945,0.054870587427230194
465.0,0.060749765778500414,0.23821650429836147,0.6016532345492592,0.09938049537387887
186.0,0.1551245960587063,0.573664025838273,0.2124798232379601,0.058731554865060674
685.0,0.4686701364409325,0.07557350273500922,0.3974233942910468,0.05833296653301152
1431.0,0.41466024110038213,0.5624904537580564,0.011172569363445588,0.011676735778115835
302.0,0.054800369018041604,0.5072455845397652,0.29667613082291533,0.14127791561927786
776.0,0.8468563052627215,0.11488040433867536,0.03565962664332495,0.00260366375527825
1074.0,0.30646359212891405,0.6149405001308699,0.06980141491132119,0.008794492828894886
1374.0,2.8169014084507044E-4,0.009203766548553982,0.47501151104491335,0.5155030322656876
373.0,0.22836337760783898,0.5601248268623485,0.20219928778845567,0.009312507741356828
958.0,0.008882337672998699,0.576146895213353,0.3680797234492522,0.04689104366439592
1275.0,1.1494252873563218E-4,0.10903387562753847,0.749872755371654,0.1409784264720719
539.0,1.1494252873563222E-4,0.14212314665687117,0.7140347968624541,0.1437271139519391
1556.0,0.0033318442782004926,0.07312957739900712,0.8349558738241913,0.08858270449860099
394.0,0.6906063705071237,0.1511677682828735,0.1404912250052963,0.01773463620470642
576.0,0.0012075332972177773,0.6311381437169064,0.3408806532272624,0.02677366975861334
1101.0,0.0,0.03116430103204233,0.4268027332656377,0.54203296570232
997.0,0.5966192179954372,0.29107819443237753,0.07139479502585097,0.04090779254633426
232.0,0.0019676505062596636,0.2149846250846933,0.6682458403755033,0.11480188403354377
1512.0,0.7657568140820069,0.15785276959986716,0.023213064432507736,0.053177351885618354
1537.0,0.07133227095177742,0.5157092545300203,0.21356032110755763,0.19939815341064468
707.0,0.0011593625498007966,0.31929570914938665,0.6243929386932682,0.05515198960754434
281.0,0.34794304010102367,0.14561581033860257,0.42341949174367144,0.08302165781670229
870.0,0.0,0.028135824763498327,0.58479777024147,0.3870664049950318
23.0,0.3444038615449556,0.59862646680225,0.021087756182474958,0.03588191547031958
1262.0,0.004436072180080531,0.48413311457660535,0.44342430802855404,0.06800650521476011
1355.0,0.8525093428537002,0.1259855025085414,0.014860364210467233,0.006644790427291283
33.0,0.05848920216755655,0.029136107103679594,0.7007033886712504,0.21167130205751353
1533.0,0.0,0.012781833262768254,0.21091399218884596,0.7763041745483857
1112.0,0.8587107916516081,0.07664763593312167,0.025870750849965582,0.03877082156530475
222.0,0.06392505313833938,0.4539288367793734,0.46632546262635305,0.01582064745593411
829.0,0.002680930043440039,0.5572199936628395,0.41846794511534846,0.02163113117837207
664.0,0.2103263013571217,0.7530466691100014,0.027266351882731254,0.009360677650145637
486.0,0.019551207000864587,0.6168014728122677,0.33010454707338915,0.03354277311347844
1662.0,0.0,0.14485044300882277,0.7342010480528737,0.12094850893830351
445.0,0.1328947430665046,0.6231267015866817,0.190624353654767,0.053354201692046806
558.0,1.7857142857142857E-4,0.05516557627805419,0.7391061910285996,0.2055496612647747
907.0,0.20701688496211368,0.34385420653747156,0.39386034257527924,0.05526856592513535
1332.0,0.0,0.018114885783616443,0.7126695656082632,0.26921554860812036
1169.0,0.005943781244672623,0.7533612015733071,0.22237675630167233,0.018318260880347943
1063.0,9.939776236361244E-4,0.7530537903859312,0.22933775448214366,0.016614477508289198
1410.0,0.0,0.010475906289250462,0.4516592298150991,0.5378648638956506
976.0,0.12906407867401704,0.6898268488139356,0.16723927062816657,0.013869801883880806
322.0,0.3583394439639261,0.3599850075832657,0.2158077955506374,0.06586775290217094
629.0,0.0,0.2583527644059445,0.557239002480272,0.18440823311378343
140.0,0.0,0.09578737776732868,0.7779802401878214,0.12623238204484988
1461.0,0.4998948170537325,0.40560375129934345,0.06655600036453344,0.027945431282390562
793.0,0.0,0.1390806397853569,0.7814784014669264,0.0794409587477166
215.0,4.900266659180431E-4,0.6610342011482422,0.30142635805871815,0.037049414127121615
1040.0,0.009904972331194794,0.6977766389577706,0.2757071629315481,0.016611225779486493
500.0,0.0,0.14502566556350324,0.7005092638683943,0.15446507056810246
700.0,0.0,0.013326868817966069,0.39652213546597137,0.5901509957160624
1609.0,0.006865330627634395,0.8573485904139453,0.12336071560811393,0.012425363350306334
80.0,0.005804715224969426,0.12033286839265407,0.6705073561253475,0.20335506025702893
743.0,0.9138349376425875,0.05393720491224534,0.020467969325118476,0.011759888120048537
1190.0,0.0,0.07304737457045009,0.40816496613508996,0.5187876592944599
267.0,0.06725859083777089,0.6864549487907768,0.19040354719384472,0.05588291317760771
834.0,0.005782815863288419,0.7870805308279986,0.19271491041496472,0.01442174289374829
1283.0,0.08239839220674997,0.504357089477714,0.34654920405412065,0.06669531426141546
1135.0,0.47249481996963794,0.23562923532979047,0.12946160772117202,0.16241433697939942
1012.0,0.009568837191749672,0.8027811165805142,0.18272469822170986,0.004925348006026223
336.0,0.7662499113794303,0.16521630570857115,0.04212590465996438,0.026407878252034132
1482.0,0.6593778229226476,0.3231427204674227,0.013448004918192412,0.004031451691737339
133.0,0.0,0.13323899226625344,0.742242988442786,0.12451801929096051
1664.0,0.07456167122704155,0.2498419944696451,0.3553870313869036,0.3202093029164097
593.0,9.174311926605505E-5,0.08418048511427992,0.5299998898310676,0.38572788193538643
522.0,0.2942041546063623,0.5615617465528944,0.12184771135511988,0.022386387485623313
431.0,0.24860812013420497,0.659987749689619,0.0670644366162031,0.024339693559972845
1590.0,0.0,0.0566959381951051,0.36959757627919493,0.5737064855257
1404.0,0.007233851829913381,0.6037564025945442,0.37269059834133766,0.01631914723420472
943.0,0.00600703042622648,0.36758365188013237,0.38571574340726905,0.2406935742863721
121.0,0.7566393435103896,0.2238818519697815,0.016875462513211262,0.0026033420066176394
1241.0,2.857142857142857E-4,0.13968930127018755,0.3662718242196237,0.4937531602244745
409.0,0.0,0.17564373092012436,0.3129299905950943,0.5114262784847814
614.0,0.002093706963199186,0.3040728942407868,0.4432369650458598,0.25059643375015406
31.0,0.0137202380952381,0.10036039633078925,0.4919944096805293,0.39392495589344334
49.0,0.8528861900567077,0.12686785251277677,0.015225018328282245,0.005020939102233273
1025.0,0.0,0.09171112668027212,0.2718896576523069,0.636399215667421
1444.0,0.0,0.059871156276055146,0.3218988139042432,0.6182300298197017
963.0,0.0,0.019627337721682,0.6252203353173341,0.35515232696098376
920.0,0.0,0.005330202478771344,0.7452713353539162,0.24939846216731243
358.0,0.880870856742449,0.08544952815772368,0.010675792231082578,0.02300382286874471
1298.0,0.0408909843533479,0.19828228866657105,0.33401470882517365,0.42681201815490744
1207.0,0.14456177149294144,0.2673660305365632,0.4849838133285257,0.10308838464196964
1624.0,0.7295695009351717,0.2413171240517454,0.01922043266145178,0.009892942351630966
158.0,6.759241018154788E-4,0.6930245179648444,0.2665995418580876,0.0397000160752525
573.0,0.0,0.16955321843873922,0.6381742165754343,0.1922725649858266
651.0,0.0,0.11696449059977303,0.6460626048111151,0.2369729045891118
1499.0,0.70962936705132,0.20449848899178574,0.054526517225278126,0.03134562673161605
1150.0,0.005133240222817606,0.07385313024485848,0.7400505047900334,0.1809631247422905
814.0,0.16870617780814082,0.26652130986186556,0.3779462074363372,0.18682630489365637
317.0,0.828908663249005,0.13780543237718781,0.014319738719411343,0.01896616565439581
885.0,0.02368023401024267,0.1726647188538724,0.5127187958895515,0.2909362512463335
204.0,0.28869524809244695,0.17226740467198112,0.2708768860677883,0.2681604611677836
1224.0,0.350979505192551,0.6066771960688707,0.033720020650688215,0.008623278087890068
1389.0,0.0,0.40218683096852015,0.5002298800504673,0.09758328898101253
1575.0,0.7831562271155414,0.1136036488943608,0.08331559651826918,0.019924527471828577
450.0,0.10999676332381164,0.42948331854302146,0.40587403223461777,0.05464588589854917
720.0,0.13278225619839265,0.3330847891032416,0.47536745833408417,0.05876549636428153
1370.0,3.9999999999999996E-4,0.08232248362616572,0.5414231348701907,0.37585438150364364
956.0,3.892476072720612E-4,0.1707816032611013,0.5737923005647693,0.2550368485668574
372.0,0.8834729210617447,0.09040121777658064,0.022009011583467197,0.004116849578207599
1279.0,0.8694026576839501,0.09877152662780363,0.01354742382330365,0.01827839186494256
537.0,0.0,0.027381583872704,0.4736762888073553,0.49894212731994075
1552.0,0.9149752584152856,0.06496279141077557,0.009118820593148703,0.01094312958079001
151.0,0.14652245516225265,0.3695686332896794,0.42024765554669086,0.06366125600137701
578.0,0.0,0.016447700939370175,0.21517680263417696,0.7683754964264529
395.0,0.028744385171905886,0.014018291481416739,0.3134845926967484,0.643752730649929
1097.0,0.00831913747078271,0.8944244372046413,0.08662951737437452,0.010626907950201443
112.0,0.19706045901595537,0.71513409946615,0.07575110371117831,0.01205433780671631
999.0,0.0011732606970297971,0.5312633661235195,0.42568771982712666,0.04187565335232395
1516.0,0.7907845873960022,0.16299855376588807,0.04178199174485506,0.004434867093254594
1152.0,0.5983362919718576,0.27223259007021955,0.09680917072497464,0.03262194723294824
197.0,2.1454381210478772E-4,0.27209663168056925,0.5754246033007365,0.15226422120658947
849.0,0.029360870153229114,0.8236754731061978,0.12384346676444424,0.02312018997612875
1317.0,2.0629637334442828E-4,0.39432392946720063,0.46210382318580884,0.14336595097364613
1647.0,0.1137936792736657,0.4521038978922963,0.11633694362621283,0.3177654792078251
756.0,1.136363636363637E-4,0.01005681818181819,0.838912828286297,0.1509167171682485
464.0,0.0,0.03894644579937213,0.4576244053685688,0.503429148832059
687.0,0.0032929661195771655,0.32346248133181194,0.4285908197872594,0.24465373276135147
89.0,0.927758413030705,0.05258978936241259,0.012179677369668327,0.007472120237214177
1427.0,0.03664563187159402,0.7758729657189994,0.15797146273248155,0.029509939676924987
778.0,0.0,0.07075683624210928,0.7784003427155931,0.15084282104229763
303.0,0.0,0.1467970083560482,0.5028905750231616,0.35031241662079027
1078.0,0.8635378362412895,0.06310300837007313,0.0365158804891118,0.036843274899525526
1123.0,0.02378609971445409,0.014088641685675758,0.6804601438806399,0.28166511471923017
1478.0,0.8963367183796859,0.07477400981714741,0.015082217124355958,0.013807054678810743
339.0,0.335447135750436,0.46508740283942795,0.07824621207457491,0.12121924933556116
1010.0,0.0035926988519829717,0.6461421744127123,0.27646812045493524,0.0737970062803696
11.0,0.9008623332027156,0.06621784359899431,0.011641750720947993,0.02127807247734206
599.0,3.2991803278688525E-4,0.43767496578751697,0.30982637371391303,0.25216874246578314
70.0,0.013207267273571925,0.6685315172135986,0.2443742462710534,0.07388696924177614
1594.0,5.422222222222223E-4,0.08344328343928886,0.8347749859499314,0.08123950838855758
524.0,0.77180252179707,0.1431211926270731,0.07144414976974958,0.013632135806107367
428.0,0.0,0.06499663441995142,0.39179077768042236,0.5432125878996262
937.0,0.33334463617543814,0.5431373769609579,0.10480715696534004,0.018710829898264045
251.0,0.8710391508000294,0.10885439930353277,0.012797128482020297,0.007309321414417677
1392.0,0.025905186406845884,0.7422437793989852,0.1911142440093239,0.04073679018484495
1237.0,0.8078909380836663,0.09826629856929411,0.06799217831848468,0.025850585028554838
111.0,0.872782774311905,0.07810995103812746,0.01903928086908504,0.030067993780882426
1465.0,0.0,0.302046378222258,0.47976612500029037,0.2181874967774516
1052.0,0.15757727503477498,0.6982413264706929,0.11554872636464246,0.028632672129889594
799.0,0.00960171215132783,0.2248052200818384,0.5023321117402586,0.26326095602657507
503.0,0.04113319991765907,0.4304209099940482,0.44332962632460565,0.08511626376368708
698.0,0.5755069951960015,0.3715639332590597,0.030533301433544394,0.02239577011139437
1605.0,0.8697024859256333,0.11219451846088452,0.014265029240746262,0.0038379663727360703
169.0,0.9096902282146853,0.07385776589385164,0.011894194346552513,0.0045578115449106706
737.0,0.2878951469777978,0.4097766936027383,0.20353173623470758,0.09879642318475625
836.0,0.09286593026426616,0.19852246163562612,0.42553027679044125,0.2830813313096664
264.0,0.8398601092765097,0.06733629583425672,0.06569571398313935,0.027107880906094287
1295.0,0.1582925820371269,0.48253101761203565,0.2939717514952904,0.065204648855547
552.0,0.11018904997201436,0.36070101427328183,0.45864066839635087,0.07046926735835299
446.0,0.13714439947711798,0.21157127423775784,0.43213070679904847,0.21915361948607562
1650.0,0.7878905736609202,0.14878590390624227,0.032004990072753516,0.0313185323600839
1336.0,0.009296425862664189,0.6964661532640799,0.28756247124799,0.006674949625265858
242.0,0.003333333333333334,0.23835147131667306,0.6169876435876616,0.14132755176233208
909.0,2.985074626865672E-4,0.16821053497435762,0.3166246768745951,0.5148662806883607
1181.0,0.0,0.07288485696811611,0.3260822217433763,0.6010329212885075
42.0,1.7857142857142863E-4,0.02254455954768858,0.29594940065376035,0.6813274683699797
1067.0,2.816901408450704E-4,0.0025526432468899953,0.22873424071860096,0.768431425893664
982.0,7.692307692307694E-4,0.05966301696523719,0.33546505968611595,0.6041026925794162
321.0,0.5066668222576576,0.38943974791399755,0.061621672118954994,0.042271757709389984
1422.0,0.4088416379805386,0.19741092657292775,0.32673306439095195,0.06701437105558171
627.0,0.015226468745751181,0.05340370612061541,0.31855088441362667,0.6128189407200068
1549.0,0.13544402945360168,0.44328559140640444,0.367438596017794,0.05383178312219994
709.0,9.00900900900901E-5,0.45196133424664625,0.4996923153016955,0.048256260361568236
160.0,0.004637007163303868,0.09855935205833485,0.8194192294659924,0.0773844113123689
1250.0,0.06646851253796462,0.007019229066465618,0.21868597502043624,0.7078262833751335
864.0,6.896551724137931E-5,0.18776935189998764,0.7601552396568235,0.052006442925947506
282.0,0.2837079222469077,0.5880720485715206,0.11067746511576974,0.01754256406580196
1351.0,0.01784354994043958,0.2947319398144617,0.667005486042327,0.020419024202771665
1521.0,0.5245743873487032,0.19119543513865608,0.18988767489058553,0.09434250262205503
827.0,0.0,0.3814202063798145,0.317529642151916,0.3010501514682695
1108.0,0.8813503764799563,0.08745054128614366,0.012666016747000727,0.01853306548689933
485.0,0.9365181509381943,0.052334184270743524,0.007258921459804407,0.0038887433312576993
670.0,0.8850726215580096,0.08314622943591678,0.008577618797968744,0.023203530208104953
855.0,0.010090554122607122,0.5944652517252327,0.37684447847722524,0.018599715674934937
15.0,0.6203621621386484,0.25186939851729434,0.06854704633174771,0.05922139301230949
1164.0,9.54468819171336E-4,0.159876068456947,0.73453646894052,0.10463299378336154
1321.0,0.0017704277987458767,0.26578334123579944,0.6749820979032631,0.05746413306219154
102.0,0.0010499039466588377,0.13825604344293085,0.7490130926318646,0.11168095997854564
1635.0,1.1494252873563222E-4,0.11893434998291924,0.7379382894912302,0.14301241799711498
467.0,0.00669823456438662,0.3001355971043731,0.6424102289086315,0.050755939422608774
754.0,0.0,0.05269380753389623,0.2723650916020423,0.6749411008640613
681.0,0.008594755192073492,0.38046190960230064,0.5795341739167711,0.031409161288854744
187.0,0.4895700701183827,0.25545916295740595,0.11682106625957692,0.13814970066463456
1439.0,0.0067000082350250675,0.5105817636606048,0.43222315320160865,0.05049507490276141
1082.0,0.0015626845493151354,0.12947348322028285,0.6887844657091344,0.18017936652126765
300.0,0.49947753053469346,0.42209481298953144,0.07578335712847314,0.0026442993473018597
780.0,0.9332606790293819,0.04649089488598816,0.011499105827581346,0.008749320257048531
954.0,0.0,0.13882438757841903,0.5169735423565565,0.34420207006502446
375.0,0.31797515213802685,0.6479923380401086,0.027708129527910817,0.006324380293953525
1366.0,0.8299347814136849,0.15255640757989397,0.009624075382762515,0.007884735623658563
1267.0,0.6318889942760104,0.3566642038820755,0.008688056411373195,0.002758745430541018
79.0,0.004401550307530739,0.6957182374169869,0.2819649378722459,0.017915274403236457
1564.0,0.0,0.1057842909321054,0.6755587784720799,0.21865693059581467
543.0,0.4867286570948022,0.4594916099097807,0.04120666287627125,0.012573070119145737
580.0,0.7308605555672784,0.2623551930151173,0.005098290385080512,0.0016859610325240066
392.0,0.7613110616464244,0.17366365604560444,0.05979962209165001,0.0052256602163211355
1093.0,0.778830584981586,0.10418374548739037,0.01998019241899969,0.09700547711202394
1504.0,0.46312444973378314,0.505635133789054,0.02714695278173892,0.0040934636954238456
233.0,0.9210297990672057,0.0382229377979987,0.012425887417123827,0.02832137571767182
993.0,0.18035685181591157,0.41338873687022293,0.22519814265931654,0.18105626865454894
178.0,0.008475189273349523,0.6765320606516505,0.2468263092110965,0.06816644086390351
653.0,0.0013615819321986164,0.7848223088391726,0.19147244378275824,0.02234366544587058
1495.0,0.9162306013585102,0.04243075329146381,0.03334705151400804,0.007991593836017863
808.0,0.7702304489765343,0.16682921307139353,0.041418743784331316,0.02152159416774091
318.0,0.3721251563314517,0.19760342956553784,0.27979435689391596,0.1504770572090946
1138.0,0.1470459690994938,0.5205607787141837,0.31183055455377773,0.02056269763254474
1220.0,0.20113490354421545,0.10225736864581986,0.42497335479379145,0.2716343730161733
883.0,3.5884496776002244E-4,0.10484961328726246,0.7593723983759949,0.13541914336898267
1377.0,0.0011111111111111111,0.17983635418723942,0.4464016497130528,0.37265088498859666
1579.0,0.20771236410422397,0.6281932867548227,0.10390624039605562,0.06018810874489766
58.0,0.005455836703868701,0.21726227498356526,0.5760847410415045,0.20119714727106153
449.0,0.020828012714323815,0.016727585375673384,0.20132902758878413,0.7611153743212187
726.0,0.0,0.1469244677866733,0.7001343056999281,0.15294122651339853
410.0,0.9146852923833891,0.04217456024925779,0.026827775583057475,0.016312371784295624
608.0,0.022411007540742146,0.604346547562809,0.32120928418582784,0.05203316071062096
1037.0,0.02580500652947481,0.02255789560639442,0.3884022841998955,0.5632348136642353
965.0,2.247946757292552E-4,0.011600286678677338,0.3187817212057422,0.6693931974398512
224.0,4.1095890410958907E-4,0.2514054062885527,0.66020070280359,0.08798293200374778
1448.0,0.8365442671941878,0.11693425124596159,0.021542257050894673,0.024979224508955903
1310.0,0.8621236601615001,0.11447476696503778,0.010632579410378238,0.012768993463083765
926.0,0.0,0.0695160395876647,0.4186271378093614,0.5118568226029739
357.0,0.008164863232484226,0.8401032010760678,0.14319596819500163,0.008535967496446261
1211.0,0.005421892234097896,0.2589388104631895,0.3734039144593618,0.36223538284335083
571.0,4.660508382109536E-4,0.27659562045220626,0.5905136049573888,0.13242472375219394
1620.0,0.043882257401539844,0.11954523939901096,0.37947807386790594,0.4570944293315432
1469.0,0.010943848596219885,0.019284632034632033,0.2402763820111422,0.729495137358006
1048.0,1.1235955056179773E-4,0.11688126741474542,0.6329671086995835,0.25003926433510926
214.0,0.21073026461927988,0.16150976540151793,0.15729581802440618,0.4704641519547959
797.0,0.010431375155005421,0.34964563519821,0.5249334329587293,0.11498955668805523
696.0,0.5396628011256718,0.39312891582337145,0.045305257877809216,0.021903025173147614
502.0,0.0016376379157224715,0.19715272688593416,0.7517225699916946,0.04948706520664879
1601.0,0.0030139888846785388,0.35042936173488737,0.4413432753775755,0.20521337400285847
739.0,0.5875057835715181,0.35537348289694093,0.049016216611979274,0.008104516919561811
838.0,0.0,0.022868058908045684,0.09998017655870786,0.8771517645332465
265.0,0.0,0.008578799214250065,0.3475348230332483,0.6438863777525016
1198.0,0.7516788950718031,0.1950214050710976,0.028611521423217913,0.024688178433881564
22.0,0.0,0.1886477039327879,0.5253809696482983,0.2859713264189139
35.0,0.005861300892908276,0.7027533955643903,0.286584166603054,0.004801136939647184
1291.0,0.7498003987296641,0.23902688733872532,0.00932027235962505,0.0018524415719855462
1127.0,0.00342844689801927,0.18272689797585173,0.6030953671484484,0.21074928797768075
1474.0,0.07092236000878162,0.13651547069853612,0.4257779453895937,0.3667842239030885
1008.0,4.054054054054055E-4,0.43770639237406783,0.4917406921400644,0.07014751008046244
338.0,0.36448638012957923,0.3702469401740058,0.17062560823764547,0.09464107145876949
597.0,4.0674603174603173E-4,0.2670629084404924,0.22204848326269166,0.5104818622650699
1672.0,0.0033441014398247664,0.4726141438275812,0.3013617683563213,0.22267998637627287
132.0,0.03353601438850668,0.8273595961844727,0.10018347391817464,0.03892091550884609
1598.0,0.8819260374846745,0.10339001596345679,0.007214188642100748,0.00746975790976785
429.0,0.9343621774113033,0.038078056171232035,0.011995569814908317,0.015564196602556273
526.0,0.012372852994563522,0.2094427534896569,0.46711796344620593,0.31106643006957363
939.0,1.4084507042253525E-4,0.2918437308788382,0.6168214873355495,0.09119393671518981
1396.0,0.0,0.07899474784002226,0.827730067864014,0.09327518429596375
1233.0,0.7706874647387127,0.19441710203915152,0.015532050400291587,0.019363382821844258
1545.0,0.0031378515724593205,0.04840424244529645,0.23113382884734524,0.7173240771348991
84.0,0.8254138551485327,0.14725155185295488,0.022207974952421345,0.00512661804609105
711.0,0.9056793939235663,0.06773920404474244,0.008247951729127519,0.018333450302563743
1254.0,0.00430885319493633,0.4709060332512403,0.5211190429327953,0.0036660706210280584
866.0,0.0,0.04726779178816223,0.47878562655113405,0.4739465816607037
283.0,0.7167326640251339,0.2359886455582474,0.023918869352150637,0.023359821064468114
1347.0,0.9264130003433385,0.040851622043396846,0.012829009375272753,0.01990636823799195
1525.0,0.21518709889267768,0.5501945344160305,0.14231169428284132,0.09230667240845043
825.0,1.7543859649122806E-4,0.1421930828345487,0.7473719281307838,0.11025955043817631
223.0,0.042641392671177704,0.7194712139244659,0.17305862607900452,0.06482876732535192
1104.0,0.024301857300004778,0.6542332983873135,0.22564924727370644,0.09581559703897523
484.0,0.8987973997200605,0.0721347651506349,0.018768654105405676,0.010299181023898813
668.0,0.5560705935078252,0.3864397771489323,0.04608632857056784,0.011403300772674789
554.0,0.21122708293925577,0.5334298877489603,0.21633975188067553,0.03900327743110855
447.0,0.008062084257206208,0.26719082309466236,0.35171421241644674,0.3730328802316847
1654.0,0.0,0.0747253303586613,0.7133051905079435,0.21196947913339517
1340.0,0.8614307865746463,0.11322856601689017,0.02017214375510769,0.005168503653355738
911.0,0.8859057921098807,0.08871153779171011,0.009211903589322525,0.016170766509086634
125.0,0.9052084903700701,0.07615295324504397,0.012008164990955146,0.006630391393930747
1177.0,0.0,0.30907643504017146,0.44702710381014954,0.24389646114967908
1071.0,0.031339003713982926,0.09503279971989029,0.2599419578243426,0.6136862387417841
980.0,0.03683029190628053,0.803583318272264,0.15141570025079812,0.008170689570657424
320.0,0.7133264964624303,0.2220705663512015,0.05152427824997897,0.013078658936389218
1418.0,0.001,0.15157781002773169,0.4861232063955932,0.3612989835766751
141.0,3.8022813688212935E-5,0.057593482932899356,0.6765110200229051,0.2658574742305074
625.0,0.0,0.22803875125371906,0.4594607053455087,0.3125005434007722
374.0,0.3701898663181843,0.28834291718689087,0.2827259114469167,0.058741305048008105
952.0,0.9088501935580051,0.06250612416314029,0.018022328390583747,0.010621353888270886
1362.0,0.875877337915426,0.08552036462964953,0.033908031636544135,0.004694265818380396
1271.0,0.08128989060239272,0.27432491120075697,0.5238126751857206,0.1205725230111297
150.0,0.0,0.413947473678583,0.4800234507407379,0.10602907558067917
1560.0,0.0,0.016711653647940212,0.2711296627653507,0.7121586835867091
541.0,0.17623375471450728,0.38577256889657824,0.3486104476044829,0.08938322878443161
393.0,5.882352941176472E-4,0.0183690284363362,0.5770577069330501,0.40398502933649594
582.0,0.828730640320569,0.1514349039958959,0.013841583176363165,0.005992872507171959
30.0,0.304396160375661,0.3253285409387691,0.25750303366543437,0.11277226502013564
51.0,0.3228687427469481,0.6198164214688983,0.05167017114023459,0.005644664643919006
1089.0,1.3333333333333337E-4,0.017560057287981823,0.5115109848910869,0.4707956244875979
1508.0,0.11834648904650377,0.7428140386074614,0.09668734312425072,0.042152129221784074
995.0,0.0,0.0556211323945126,0.3679165000696442,0.5764623675358432
853.0,0.9041354756381697,0.07831425592142305,0.00789459439836075,0.009655674042046418
1160.0,3.5884496776002244E-4,0.13688603719516834,0.7797906034128773,0.08296451442419418
196.0,2.6315789473684215E-4,0.34841840258335016,0.46721546442848166,0.18410297509343151
1325.0,0.0,0.20841894018194204,0.41284238641000565,0.3787386734080523
1639.0,0.05934944506132674,0.6866150009892352,0.22133001585960804,0.03270553808982986
752.0,0.8635998716903897,0.11419692291026493,0.012587235696104709,0.009615969703240686
466.0,0.0,0.01114021935675671,0.31698843033388235,0.6718713503093608
683.0,0.0,0.6487944329093194,0.2782134998417571,0.0729920672489236
1435.0,0.0,0.3379439554554422,0.5151770290803926,0.14687901546416504
1086.0,0.002507838557886785,0.6052829909064368,0.33288226972457624,0.05932690081110031
301.0,0.0281235077258437,0.035533522371772576,0.39820604099446083,0.538136928907923
782.0,0.28988428573939196,0.11012529144398726,0.1255388575570488,0.4744515652595719
411.0,0.7336625420301963,0.2073310470394123,0.04545427110865257,0.013552139821738854
610.0,0.862553307586147,0.11121378880329238,0.016502232228712353,0.009730671381848315
1033.0,0.896943879666223,0.06893408418639395,0.022769440899287903,0.011352595248095084
116.0,0.9259427224002443,0.058222822210650546,0.009774648438965732,0.006059806950139426
967.0,0.002727272727272727,0.038340644900936055,0.43681228010956474,0.5221198022622265
1306.0,0.06911699843308647,0.14102205643362475,0.17219141400635898,0.6176695311269298
924.0,0.0,0.08953782948631493,0.30303232456921736,0.6074298459444678
356.0,0.004193568249276718,0.0889532288421447,0.8127220416521794,0.09413116125639912
1215.0,0.15040270875855374,0.6926765568943505,0.13220322703712697,0.024717507309968915
569.0,0.5467729352774449,0.12975081654460796,0.2552574259718856,0.06821882220606158
1616.0,0.7862718304692876,0.1705706553805903,0.03593440248582737,0.007223111664294632
159.0,0.8592284896372453,0.117465986616592,0.010580775913890809,0.012724747832271932
655.0,0.001915306459965903,0.26514938527580684,0.649809050094776,0.0831262581694513
93.0,0.0,0.013210181486929954,0.20097617079074476,0.7858136477223253
1491.0,0.7452357476952881,0.164072101044335,0.061109981877499074,0.029582169382877815
810.0,0.0,0.12658345648691927,0.6552914498745501,0.2181250936385307
319.0,0.0,0.14677212576179915,0.707899426982572,0.14532844725562877
1142.0,1.5936254980079676E-4,0.22342443042025248,0.6939035363883691,0.08251267064157751
205.0,0.0,0.3096815218229561,0.43102618160065487,0.25929229657638897
1216.0,0.13794154904488967,0.6372093031927986,0.15083075133397,0.07401839642834175
881.0,0.9011269041035331,0.07467998730579492,0.014196012277222805,0.009997096313449064
1381.0,0.22356583471919833,0.5664831436062272,0.15932673637958195,0.05062428529499241
1583.0,0.8026393256857542,0.12964655029269015,0.025114314866133698,0.04259980915542193
724.0,0.8150531497710763,0.14815709527471296,0.028984530351106808,0.0078052246031039855
448.0,0.10022964206584001,0.6670231037997302,0.18102069897945744,0.051726555154972466
1669.0,0.6037767776702787,0.24434776421529794,0.09174991564559436,0.06012554246882901
641.0,0.10763407055739466,0.6325237229338216,0.18266912689549106,0.0771730796132927
177.0,0.0,0.16311194782347804,0.3812771634836284,0.45561088869289357
1130.0,0.003939366914622444,0.07774474579847741,0.7908068674686745,0.12750901981822568
312.0,0.004583364206246703,0.6067958093848103,0.37234840978930267,0.01627241661964041
804.0,0.0,0.04703659564480126,0.2748710756460429,0.6780923287091558
1487.0,0.20239346460683316,0.4241672345010986,0.31675277986792133,0.056686521024146994
1401.0,8.064516129032258E-5,0.3911102855134747,0.34723192523662194,0.26157714408861305
99.0,0.15216023110491317,0.5600180828401683,0.282644728634167,0.005176957420751447
895.0,0.0,0.12207759342215635,0.500341013933662,0.37758139264418156
1244.0,0.1993015770084061,0.2632839937025727,0.43134363410568954,0.1060707951833317
730.0,0.0,0.09142240454186142,0.722448533492886,0.18612906196525267
455.0,0.0,0.34080649470390906,0.4283530133395065,0.2308404919565845
1587.0,0.0,0.1872402312998041,0.6699642439000227,0.14279552480017327
620.0,0.14335558784551516,0.625559697121746,0.2174446033930592,0.013640111639679759
412.0,0.0,0.1438163719870649,0.6969439927103306,0.1592396353026045
227.0,0.7859822912999174,0.13910149820616885,0.008580177090983687,0.06633603340293005
1456.0,6.751336898395723E-4,0.02666135587404956,0.29815231554771615,0.6745111948883946
969.0,0.055635692486835156,0.39529017576629344,0.49021697629292277,0.05885715545394874
1045.0,0.0,0.583449411284167,0.24012547344312704,0.17642511527270588
1187.0,0.903451864769594,0.07046013839858209,0.013274697875025419,0.012813298956798511
355.0,0.004917769445867821,0.6395082976346528,0.312482272319654,0.043091660599825235
914.0,0.055385697096896724,0.5140706194605265,0.3609772475244237,0.06956643591815313
1286.0,0.7456208324051381,0.17373836964691414,0.06464079377688882,0.016000004171058832
1612.0,0.8352815404364902,0.12032235634178347,0.013217089346942245,0.031179013874783928
567.0,3.153551429413498E-4,0.05216257763487239,0.4331550518828069,0.5143670153393793
74.0,0.7774447064333894,0.16234178706721836,0.04977946738533274,0.010434039114059546
1329.0,0.8945632797898365,0.08471356535961322,0.015629381042237152,0.005093773808313121
1172.0,0.0,0.009289221883173498,0.8297667743833279,0.16094400373349868
859.0,0.0,0.03928794010043607,0.3387948336609555,0.6219172262386085
469.0,1.5936254980079676E-4,0.3129989757637591,0.5551954790177259,0.13164618266871406
766.0,0.03202078664233002,0.5215703253802022,0.38576431938486994,0.06064456859259778
1659.0,0.023870848905997635,0.738618890767367,0.15936244286610868,0.07814781746052676
184.0,0.10433265750337087,0.16529785465856744,0.5543159255534346,0.17605356228462712
677.0,0.0019685417873443085,0.09714888321430229,0.663609963064916,0.2372726119334375
768.0,0.015951004503790195,0.5381239078077754,0.35399768724514374,0.09192740044329056
298.0,1.1494252873563218E-4,0.16418347999715915,0.48134330518428464,0.3543582722898205
1058.0,0.5832429589391471,0.16345199473797603,0.1794353472587003,0.07386969906417647
1415.0,0.0,0.03464214241042283,0.4021566343864667,0.5632012232031105
44.0,9.174311926605505E-5,0.1002540492227354,0.5554900071055434,0.3441642005524551
1259.0,0.7504304333884535,0.21879988830960667,0.020222068356177618,0.010547609945762332
1358.0,0.9445809192556383,0.043033437320176296,0.007686194334133842,0.004699449090051482
950.0,0.8150688425258031,0.10575035733161699,0.04177333196333718,0.03740746817924258
369.0,0.0,0.007276493106946399,0.24065418988820372,0.7520693170048499
531.0,4.054054054054054E-4,0.3252724275207468,0.45088295786306914,0.22343920921077864
1540.0,0.8406859560378042,0.12167216430893221,0.02251656218334312,0.015125317469920505
584.0,0.026409098295285496,0.27190349547541504,0.46433738613854486,0.23735002009075448
398.0,0.17353514636715364,0.562472363126504,0.18872428933624308,0.07526820117009941
1005.0,7.543019795575106E-4,0.10189450690237893,0.7109620820793829,0.18638910903868064
234.0,0.3661601776902427,0.5239987207122903,0.10673778224197093,0.0031033193554961713
1528.0,0.0,0.2359673125878744,0.5154548753175539,0.2485778120945718
1117.0,9.259259259259262E-5,0.06646879944329917,0.27353322612328684,0.6599053818408215
1642.0,0.044106077146108244,0.2388475563889922,0.5012430712267857,0.2158032952381139
548.0,0.1376932091327724,0.6934377960650704,0.15329198578976935,0.015577009012387842
440.0,0.06116997511607423,0.33774107614675875,0.4317979528103094,0.1692909959268576
1157.0,0.06507077267107177,0.7326948973424919,0.18317170499498536,0.019062624991450866
897.0,0.6135861598621978,0.37824762995520134,0.005523309445546197,0.002642900737054674
1312.0,5.263157894736844E-4,0.23009955368569432,0.6131204102611404,0.15625372026369175
241.0,0.0032658888782504834,0.13003279265377324,0.5683797398296959,0.2983215786382805
1430.0,0.007350806014514822,0.5333980952665525,0.4233116004062717,0.03593949831266103
986.0,0.36994163886434556,0.5989219399213893,0.023874235320693913,0.007262185893571237
327.0,0.0,0.1718380426567482,0.48532871568070163,0.3428332416625502
