1658.0,5.2561004466320436E-197,0.0,1.0,0.0
444.0,0.011352577999749711,0.6884525125505683,0.24554010419457717,0.05465480525510495
556.0,0.010825911480038667,0.7384287112415622,0.2355222192067661,0.015223158071633049
905.0,0.005516124131975132,0.02748119055947667,0.27467795481749596,0.6923247304910523
243.0,0.8179080387366827,0.14381056290955493,0.018894685242654256,0.019386713111108136
1328.0,0.002687334904155501,0.0043733283773354165,0.2855121960736347,0.7074271406448744
1173.0,0.010825911480038667,0.7384287112415622,0.2355222192067661,0.015223158071633049
1059.0,0.8489797846842544,0.1192776658615094,0.017789587521876205,0.01395296193235998
1414.0,0.00449864787384896,0.7528592424021645,0.2197408197812246,0.02290128994276182
978.0,0.006667793636109017,0.7805691352739816,0.19527625129454035,0.01748681979536894
323.0,0.8616628182162411,0.11202238875169702,0.013848763853686148,0.012466029178375727
631.0,0.014893356699211232,0.8085885628744703,0.15395561237256883,0.022562468053749538
66.0,0.8436914451330945,0.12286897793111064,0.012122361213748926,0.021317215722045868
1541.0,0.9642859288890143,0.035714071110985596,0.0,0.0
161.0,0.0037340152537096464,0.7219704554088034,0.24057932419494005,0.03371620514254671
705.0,1.6461983915066205E-126,0.0,1.0,0.0
280.0,0.0,0.0,1.0,0.0
868.0,0.0,0.016425265969402185,0.33329039999576665,0.6502843340348312
1258.0,0.003867880676688079,0.024876804154944514,0.2806542642579189,0.6906010509104485
1359.0,0.9369356781783712,0.049567400358988364,0.004490963556724313,0.009005957905916132
107.0,0.003176772288741102,0.025267313061572972,0.2885441150177374,0.6830117996319485
1529.0,0.0037340243450312504,0.7219707870306844,0.24057900087750048,0.03371618774678374
1116.0,9.895542720024566E-89,0.011242730146690232,0.2988723393939156,0.6898849304593941
831.0,0.8489797846842544,0.1192776658615094,0.017789587521876205,0.01395296193235998
666.0,0.006667793636109017,0.7805691352739816,0.19527625129454035,0.01748681979536894
487.0,0.8401625922632836,0.12277030662464349,0.019287033621577382,0.017780067490495634
40.0,0.004064794669743477,0.017520413556313466,0.2723625203616566,0.7060522714122864
1131.0,2.063779878330041E-203,0.007178871210195918,0.30175512294598295,0.691066005843821
337.0,6.47600252672851E-229,0.021730298966311637,0.27167307656220413,0.7065966244714842
1014.0,0.003176771417143484,0.025267313601758004,0.28854412606702884,0.6830117889140697
1486.0,0.01446902508303656,0.7361369566363267,0.20780776012378005,0.041586258156856626
1668.0,0.0,0.0028847420514532818,0.9969931341395064,1.2212380904034334E-4
595.0,0.004130546351115952,4.063022885439028E-7,0.9917883427726313,0.004080704573964135
430.0,0.021273127127449477,0.8098456111502372,0.14774301078138163,0.021138250940931608
520.0,0.016781140835778197,0.7914014221184746,0.1704166260908878,0.0214008109548594
1586.0,0.8616628182162411,0.11202238875169702,0.013848763853686148,0.012466029178375727
1400.0,0.0,0.06520659250044011,0.2798518689129471,0.6549415385866127
250.0,0.007936521897021574,2.9996969295685704E-28,0.9920634781011105,1.867756710748564E-12
941.0,0.05108344969901237,0.7455753264433862,0.16136977751003032,0.04197144634757114
1245.0,0.0,0.06527291848591892,0.2798480628888909,0.6548790186251902
1457.0,0.0070817588574033485,0.025024378609765932,0.2978402861145266,0.6700535764183041
795.0,0.8586164922659151,0.113700427390145,0.01538087467818956,0.012302205665750365
1044.0,0.9669794262765843,0.0163458583160112,0.01667471540740466,6.99828952979444E-270
702.0,0.014893356699211232,0.8085885628744703,0.15395561237256883,0.022562468053749538
501.0,0.017561507481873066,0.7073175309735769,0.23402477195014995,0.04109618959440004
1613.0,0.010597604253187985,0.8400925246381006,0.12404775059965774,0.025262120509053684
741.0,0.011352577999749711,0.6884525125505683,0.24554010419457717,0.05465480525510495
168.0,0.004262015875412616,0.02283597579705179,0.2590818840828359,0.7138201242446996
1186.0,0.8489797846842544,0.1192776658615094,0.017789587521876205,0.01395296193235998
266.0,0.00416277335631988,1.108591501488559E-47,0.99583722664368,9.659775088745022E-88
832.0,0.0,0.0,1.0,0.0
1287.0,0.002687334904155501,0.0043733283773354165,0.2855121960736347,0.7074271406448744
649.0,0.010830688788690214,0.7385374995180896,0.2354004747436442,0.01523133694957609
179.0,0.021273127127449477,0.8098456111502372,0.14774301078138163,0.021138250940931608
1503.0,0.8401625922632836,0.12277030662464349,0.019287033621577382,0.017780067490495634
1146.0,8.145160792627715E-8,0.0,0.9999999182235262,3.2486586565682775E-10
812.0,0.041697593726136954,0.7847946164535453,0.15263746621739913,0.020870323602918635
316.0,0.008706493115437808,0.7261690132363007,0.23108421421849795,0.034040279429763565
887.0,3.104264872616631E-14,0.012358631339408106,0.290890684552094,0.696750684108467
1228.0,0.005516124131975132,0.02748119055947667,0.27467795481749596,0.6923247304910523
1385.0,2.063779878330041E-203,0.007178871210195918,0.30175512294598295,0.691066005843821
98.0,0.016781140835778197,0.7914014221184746,0.1704166260908878,0.0214008109548594
1571.0,0.020727149375191097,0.8151247993852384,0.13838048368096809,0.02576756755860235
722.0,8.145160792627715E-8,0.0,0.9999999182235262,3.2486586565682775E-10
451.0,0.9145868702939269,0.07687802022620539,0.008535109479867556,1.439065958586221E-81
612.0,0.005516021302775777,0.027481191916436203,0.27467798440631036,0.6923248023744777
408.0,0.8705530626429107,0.09255476016148091,0.014276379541732314,0.02261579765387606
1029.0,0.011352577999749711,0.6884525125505683,0.24554010419457717,0.05465480525510495
1440.0,0.010825911480038667,0.7384287112415622,0.2355222192067661,0.015223158071633049
225.0,0.8586164922659157,0.11370042739014473,0.015380874678189351,0.01230220566575018
961.0,0.010825911480038667,0.7384287112415622,0.2355222192067661,0.015223158071633049
922.0,0.0,0.015211903427839516,0.25944098585674136,0.7253471107154191
359.0,0.004262015875412616,0.02283597579705179,0.2590818840828359,0.7138201242446996
1302.0,0.011327796514107187,0.7990692205872472,0.1756143486627989,0.013988634235846622
1203.0,0.0,0.0,1.0,0.0
75.0,0.0,0.0,1.0,0.0
1628.0,0.011327796514107187,0.7990692205872472,0.1756143486627989,0.013988634235846622
575.0,0.021445858247387838,0.7792141422889546,0.174343513644716,0.02499648581894159
1156.0,0.0,0.003399974225095897,0.2003765434793539,0.7962234822955502
851.0,0.8401625922632836,0.12277030662464349,0.019287033621577382,0.017780067490495634
1313.0,0.004262015875412616,0.02283597579705179,0.2590818840828359,0.7138201242446996
1643.0,0.004064794669743477,0.017520413556313466,0.2723625203616566,0.7060522714122864
56.0,0.8488356220862109,0.12107692678597703,0.014991638291798434,0.015095812836013706
758.0,0.011327796514107187,0.7990692205872472,0.1756143486627989,0.013988634235846622
465.0,1.1237260288302164E-7,0.003395396387397749,0.9966044912399994,0.0
186.0,0.006255044429862427,0.02460362960137304,0.30225970627222404,0.6668816196965406
685.0,0.05141804068012557,0.7456587583460288,0.1609554426159792,0.04196775835786647
1431.0,0.020727149375190938,0.8151247993852432,0.13838048368096365,0.025767567558602444
302.0,0.010825911480038667,0.7384287112415622,0.2355222192067661,0.015223158071633049
776.0,0.0073029155638951685,0.7397756883922947,0.23827903294183753,0.014642363101972707
1074.0,0.8586164922659157,0.11370042739014473,0.015380874678189351,0.01230220566575018
1374.0,0.003867880676688079,0.024876804154944514,0.2806542642579189,0.6906010509104485
373.0,0.00416277335631988,1.108591501488559E-47,0.99583722664368,9.659775088745022E-88
958.0,0.016781140835778197,0.7914014221184746,0.1704166260908878,0.0214008109548594
1275.0,0.0,0.06527291848591892,0.2798480628888909,0.6548790186251902
539.0,0.0,0.06527291848591892,0.2798480628888909,0.6548790186251902
1556.0,0.9669794262765843,0.0163458583160112,0.01667471540740466,6.99828952979444E-270
394.0,0.011352577999749711,0.6884525125505683,0.24554010419457717,0.05465480525510495
576.0,0.00449661789255084,0.7528377225826559,0.21976402330750847,0.02290163621728466
1101.0,0.05141804064512801,0.7456587583374531,0.16095544265916073,0.04196775835825813
997.0,0.0,0.016425298271360154,0.3332906000853392,0.6502841016433006
232.0,0.005516124131975132,0.02748119055947667,0.27467795481749596,0.6923247304910523
1512.0,0.8404870623855443,0.11803235126721123,0.020831380829860878,0.020649205517383574
1537.0,0.0038989329996272095,0.0039030939924371956,0.992197972683578,3.2435745419439793E-10
707.0,0.002656372254513267,0.01603162628724489,0.27138285755300234,0.7099291439052395
281.0,0.0,0.01523297079828973,0.2595477269726342,0.7252193022290762
870.0,0.0,0.0,1.0,0.0
23.0,0.011352577999866288,0.6884525125526653,0.2455401041929628,0.05465480525450561
1262.0,0.006255044429862427,0.02460362960137304,0.30225970627222404,0.6668816196965406
1355.0,1.5778338954885947E-16,0.0037879922433822215,0.9962120077553548,1.262862477704637E-12
33.0,0.00386686540877144,0.024877328949318156,0.28066473743106274,0.6905910682108476
1533.0,0.0,0.0,1.0,0.0
1112.0,0.0073029155638951685,0.7397756883922947,0.23827903294183753,0.014642363101972707
222.0,0.011352577999749711,0.6884525125505683,0.24554010419457717,0.05465480525510495
829.0,0.009055899279490397,0.005902080053733888,0.24309114817905028,0.7419508724877254
664.0,0.010597604253187985,0.8400925246381006,0.12404775059965774,0.025262120509053684
486.0,0.8505757459554576,0.12313370576251631,0.010831846711086064,0.015458701570939945
1662.0,0.0207271493751909,0.8151247993852418,0.13838048368096492,0.02576756755860236
445.0,0.017561507481843916,0.7073175309734887,0.23402477195027022,0.04109618959439715
558.0,0.05141804067983721,0.7456587583459585,0.16095544261633457,0.041967758357869686
907.0,0.8586164922659157,0.11370042739014473,0.015380874678189351,0.01230220566575018
1332.0,0.0,0.01642526596940601,0.3332903999957591,0.6502843340348349
1169.0,0.006255044429862427,0.02460362960137304,0.30225970627222404,0.6668816196965406
1063.0,0.8586164922659157,0.11370042739014473,0.015380874678189351,0.01230220566575018
1410.0,0.0062550439423533265,0.024603628649940614,0.30225970347180176,0.6668816239359042
976.0,0.8436914451330945,0.12286897793111064,0.012122361213748926,0.021317215722045868
322.0,0.010825911480038577,0.7384287112415552,0.23552221920677285,0.01522315807163328
629.0,0.016781140835778197,0.7914014221184746,0.1704166260908878,0.0214008109548594
140.0,0.004130546351115952,4.063022885439028E-7,0.9917883427726313,0.004080704573964135
1461.0,4.5586369940957865E-14,1.268770753870522E-63,0.9921589949721946,0.007841005027759893
793.0,0.0,0.01521190377000036,0.25944098759133877,0.7253471086386609
215.0,0.0026563701350824226,0.016031619845292527,0.27138282898754745,0.7099291810320777
1040.0,0.0031767714557009476,0.025267313577861748,0.2885441255782269,0.6830117893882104
500.0,0.0,0.06527291848591892,0.2798480628888909,0.6548790186251902
700.0,0.0,0.0033872881252749276,0.20014931689154433,0.7964633949831808
1609.0,0.006667793636109017,0.7805691352739816,0.19527625129454035,0.01748681979536894
80.0,0.004262015875412616,0.02283597579705179,0.2590818840828359,0.7138201242446996
743.0,0.9642859288890143,0.035714071110985596,0.0,0.0
1190.0,4.5587639141045793E-14,1.2688761981433777E-63,0.9921584866841202,0.007841513315834117
267.0,1.123726028830217E-7,0.0033953963873969797,0.9966044912400001,0.0
834.0,0.006667793636109017,0.7805691352739816,0.19527625129454035,0.01748681979536894
1283.0,0.8404870623855443,0.11803235126721123,0.020831380829860878,0.020649205517383574
1135.0,0.0,0.0033872881252749276,0.20014931689154433,0.7964633949831808
1012.0,0.00900901655481319,0.004504472152997389,0.9819822863456791,0.004504224946510383
336.0,0.8488356220857781,0.12107692678607693,0.014991638291967315,0.015095812836177565
1482.0,0.011327796514107187,0.7990692205872472,0.1756143486627989,0.013988634235846622
133.0,0.0073029155638951685,0.7397756883922947,0.23827903294183753,0.014642363101972707
1664.0,0.00900901655481319,0.004504472152997389,0.9819822863456791,0.004504224946510383
593.0,0.005502433187430941,0.016310490592574365,0.2780965002308604,0.7000905759891343
522.0,0.8489797846842544,0.1192776658615094,0.017789587521876205,0.01395296193235998
431.0,0.017561507481843916,0.7073175309734887,0.23402477195027022,0.04109618959439715
1590.0,0.006255044429862427,0.02460362960137304,0.30225970627222404,0.6668816196965406
1404.0,0.014893356699211232,0.8085885628744703,0.15395561237256883,0.022562468053749538
943.0,4.5587639141045793E-14,1.2688761981433777E-63,0.9921584866841202,0.007841513315834117
121.0,0.0,0.016425265969402185,0.33329039999576665,0.6502843340348312
1241.0,1.4409617049064355E-69,0.0074397650000773965,0.9925602349999227,1.3797556096623254E-106
409.0,0.8404870623855443,0.11803235126721123,0.020831380829860878,0.020649205517383574
614.0,0.017561507481843916,0.7073175309734887,0.23402477195027022,0.04109618959439715
31.0,0.8705530626429107,0.09255476016148091,0.014276379541732314,0.02261579765387606
49.0,0.8436914451330945,0.12286897793111064,0.012122361213748926,0.021317215722045868
1025.0,0.004262015875412616,0.02283597579705179,0.2590818840828359,0.7138201242446996
1444.0,0.002687334904155501,0.0043733283773354165,0.2855121960736347,0.7074271406448744
963.0,0.021445858247387838,0.7792141422889546,0.174343513644716,0.02499648581894159
920.0,2.229221347656777E-131,0.023819650984063377,0.2572606881501907,0.718919660865746
358.0,0.8616628182162411,0.11202238875169702,0.013848763853686148,0.012466029178375727
1298.0,3.0166797937947054E-57,0.01052340509684262,0.27836972434142676,0.7111068705617307
1207.0,0.002687334904155501,0.0043733283773354165,0.2855121960736347,0.7074271406448744
1624.0,0.8505757459554576,0.12313370576251631,0.010831846711086064,0.015458701570939945
158.0,0.00449661789255084,0.7528377225826559,0.21976402330750847,0.02290163621728466
573.0,0.004587149992487685,0.0,0.9954128500075122,0.0
651.0,0.013100053851770177,0.7199801316664718,0.2450821603698303,0.0218376541119278
1499.0,0.8401625922632836,0.12277030662464349,0.019287033621577382,0.017780067490495634
1150.0,0.008706493115437808,0.7261690132363007,0.23108421421849795,0.034040279429763565
814.0,0.8586164922659157,0.11370042739014473,0.015380874678189351,0.01230220566575018
317.0,0.8404870623855443,0.11803235126721123,0.020831380829860878,0.020649205517383574
885.0,0.9369356781783706,0.04956740035898898,0.0044909635567243296,0.00900595790591619
204.0,8.970055076398196E-197,0.0,1.0,0.0
1224.0,0.015439118871622018,0.7481591767860668,0.197941752658255,0.038459951684056234
1389.0,0.015439118871622018,0.7481591767860668,0.197941752658255,0.038459951684056234
1575.0,0.8505757459554576,0.12313370576251631,0.010831846711086064,0.015458701570939945
450.0,0.00900901655481319,0.004504472152997389,0.9819822863456791,0.004504224946510383
720.0,0.004587149992487685,0.0,0.9954128500075122,0.0
1370.0,0.007936521897021574,2.9996969295685704E-28,0.9920634781011105,1.867756710748564E-12
956.0,0.00449661789255084,0.7528377225826559,0.21976402330750847,0.02290163621728466
372.0,0.05129964844999973,0.7456295706875101,0.1611017044912163,0.04196907637127376
1279.0,0.8404870623855443,0.11803235126721123,0.020831380829860878,0.020649205517383574
537.0,1.5778338955186908E-16,0.0037879922432513184,0.9962120077554857,1.2628624777051081E-12
1552.0,0.004496617892605245,0.7528377225832368,0.21976402330688288,0.02290163621727509
151.0,0.05141804068012557,0.7456587583460288,0.1609554426159792,0.04196775835786647
578.0,1.4409617049064355E-69,0.0074397650000773965,0.9925602349999227,1.3797556096623254E-106
395.0,2.063779878330041E-203,0.007178871210195918,0.30175512294598295,0.691066005843821
1097.0,0.015439118871622018,0.7481591767860668,0.197941752658255,0.038459951684056234
112.0,0.8586164924554239,0.11370042741421678,0.015380874472039086,0.01230220565832018
999.0,0.0,0.0,1.0,0.0
1516.0,0.015439118871622018,0.7481591767860668,0.197941752658255,0.038459951684056234
1152.0,0.004012014824018344,0.017521461403180963,0.27237702347778375,0.7060895002950169
197.0,0.0,0.0,1.0,0.0
849.0,0.008706493115437374,0.7261690132363058,0.23108421421849307,0.0340402794297638
1317.0,0.0,0.0028847420514532818,0.9969931341395064,1.2212380904034334E-4
1647.0,0.004587149992487685,0.0,0.9954128500075122,0.0
756.0,9.453326030763707E-12,0.038512282741146486,0.387735583449825,0.5737521337995752
464.0,0.004262015875412616,0.02283597579705179,0.2590818840828359,0.7138201242446996
687.0,0.0,0.0,1.0,0.0
89.0,0.8401625922632836,0.12277030662464349,0.019287033621577382,0.017780067490495634
1427.0,0.015437658821609327,0.801987347962936,0.16962119737292838,0.012953795842526294
778.0,0.010825911480038667,0.7384287112415622,0.2355222192067661,0.015223158071633049
303.0,0.8705530626429107,0.09255476016148091,0.014276379541732314,0.02261579765387606
1078.0,0.015439118871622018,0.7481591767860668,0.197941752658255,0.038459951684056234
1123.0,0.0,0.003422801774098229,0.9928351885815683,0.0037420096443334656
1478.0,0.9369356781783712,0.049567400358988364,0.004490963556724313,0.009005957905916132
339.0,0.8489797326985725,0.11927770757333288,0.017789594794705866,0.013952964933388866
1010.0,5.2561004466320436E-197,0.0,1.0,0.0
11.0,0.8705530626425096,0.09255476016177762,0.014276379541784418,0.022615797653928432
599.0,0.8436914451330945,0.12286897793111064,0.012122361213748926,0.021317215722045868
70.0,0.00900901655481319,0.004504472152997389,0.9819822863456791,0.004504224946510383
1594.0,0.05141804068012526,0.7456587583460349,0.16095544261597367,0.041967758357866224
524.0,0.0037340152537096464,0.7219704554088034,0.24057932419494005,0.03371620514254671
428.0,0.0,0.003422801774098229,0.9928351885815683,0.0037420096443334656
937.0,0.011327796514107187,0.7990692205872472,0.1756143486627989,0.013988634235846622
251.0,0.8436914451330945,0.12286897793111064,0.012122361213748926,0.021317215722045868
1392.0,0.008706493115436751,0.7261690132362988,0.2310842142185009,0.03404027942976348
1237.0,0.010597604253187985,0.8400925246381006,0.12404775059965774,0.025262120509053684
111.0,0.9369356781783712,0.049567400358988364,0.004490963556724313,0.009005957905916132
1465.0,0.0,0.0,1.0,0.0
1052.0,1.5113547520862734E-91,7.613777757150876E-58,1.0,1.2168544552586083E-42
799.0,1.5778338954885947E-16,0.0037879922433822215,0.9962120077553548,1.262862477704637E-12
503.0,0.021445858247387838,0.7792141422889546,0.174343513644716,0.02499648581894159
698.0,0.9369356781783712,0.049567400358988364,0.004490963556724313,0.009005957905916132
1605.0,0.8489797846842544,0.1192776658615094,0.017789587521876205,0.01395296193235998
169.0,0.8401625922632836,0.12277030662464349,0.019287033621577382,0.017780067490495634
737.0,0.8179080387366827,0.14381056290955493,0.018894685242654256,0.019386713111108136
836.0,0.014893356699211232,0.8085885628744703,0.15395561237256883,0.022562468053749538
264.0,0.9583372751243311,0.041662724875668924,0.0,6.738831805877933E-47
1295.0,0.016781140835778197,0.7914014221184746,0.1704166260908878,0.0214008109548594
552.0,0.005502433187432253,0.016310490592578258,0.2780965002308872,0.7000905759891023
446.0,0.004587149992487685,0.0,0.9954128500075122,0.0
1650.0,0.8404870623855443,0.11803235126721123,0.020831380829860878,0.020649205517383574
1336.0,0.004130546351115952,4.063022885439028E-7,0.9917883427726313,0.004080704573964135
242.0,0.015439118871622018,0.7481591767860668,0.197941752658255,0.038459951684056234
909.0,0.008706493115437808,0.7261690132363007,0.23108421421849795,0.034040279429763565
1181.0,9.895542720024566E-89,0.011242730146690232,0.2988723393939156,0.6898849304593941
42.0,0.002687334904155501,0.0043733283773354165,0.2855121960736347,0.7074271406448744
1067.0,0.003867880676688079,0.024876804154944514,0.2806542642579189,0.6906010509104485
982.0,0.0073029155638951685,0.7397756883922947,0.23827903294183753,0.014642363101972707
321.0,0.005516124131975132,0.02748119055947667,0.27467795481749596,0.6923247304910523
1422.0,1.1237260288302164E-7,0.003395396387397749,0.9966044912399994,0.0
627.0,0.00416277335631988,1.108591501488559E-47,0.99583722664368,9.659775088745022E-88
1549.0,2.2292208770235975E-131,0.023819651022049644,0.2572606880623256,0.7189196609156248
709.0,0.013100053851770177,0.7199801316664718,0.2450821603698303,0.0218376541119278
160.0,0.002687334904155501,0.0043733283773354165,0.2855121960736347,0.7074271406448744
1250.0,0.006769547650227919,0.020290352990479196,0.29943346227563855,0.6735066370836543
864.0,0.8586164922659157,0.11370042739014473,0.015380874678189351,0.01230220566575018
282.0,0.015439118687649144,0.7481591746112822,0.1979417544574382,0.038459952243630455
1351.0,0.0,0.016425265969402185,0.33329039999576665,0.6502843340348312
1521.0,0.011327796514107187,0.7990692205872472,0.1756143486627989,0.013988634235846622
827.0,0.011352577999749711,0.6884525125505683,0.24554010419457717,0.05465480525510495
1108.0,0.8436914451330945,0.12286897793111064,0.012122361213748926,0.021317215722045868
485.0,0.8401625922632836,0.12277030662464349,0.019287033621577382,0.017780067490495634
670.0,0.8616628182162411,0.11202238875169702,0.013848763853686148,0.012466029178375727
855.0,0.01678114073941155,0.7914014216293697,0.17041662658376902,0.02140081104744972
15.0,0.02072714937519136,0.81512479938524,0.1383804836809665,0.025767567558602367
1164.0,0.011352577999749711,0.6884525125505683,0.24554010419457717,0.05465480525510495
1321.0,0.011352577999749711,0.6884525125505683,0.24554010419457717,0.05465480525510495
102.0,0.015439118871622018,0.7481591767860668,0.197941752658255,0.038459951684056234
1635.0,0.011327796514107187,0.7990692205872472,0.1756143486627989,0.013988634235846622
467.0,2.063779878330041E-203,0.007178871210195918,0.30175512294598295,0.691066005843821
754.0,1.5778338954885947E-16,0.0037879922433822215,0.9962120077553548,1.262862477704637E-12
681.0,0.010825911480038667,0.7384287112415622,0.2355222192067661,0.015223158071633049
187.0,0.9578895184281118,0.04211048157188824,0.0,1.871631566850072E-46
1439.0,0.005516124131975132,0.02748119055947667,0.27467795481749596,0.6923247304910523
1082.0,0.011327796514107187,0.7990692205872472,0.1756143486627989,0.013988634235846622
300.0,0.8505757459554576,0.12313370576251631,0.010831846711086064,0.015458701570939945
780.0,0.8401625922632836,0.12277030662464349,0.019287033621577382,0.017780067490495634
954.0,0.8505757459554576,0.12313370576251631,0.010831846711086064,0.015458701570939945
375.0,0.014893356699211232,0.8085885628744703,0.15395561237256883,0.022562468053749538
1366.0,0.8505757459554576,0.12313370576251631,0.010831846711086064,0.015458701570939945
1267.0,2.063779878330041E-203,0.007178871210195918,0.30175512294598295,0.691066005843821
79.0,0.0026563701350800564,0.01603161984528547,0.2713828289875165,0.709929181032118
1564.0,0.00416277335631988,1.108591501488559E-47,0.99583722664368,9.659775088745022E-88
543.0,0.8436914451330945,0.12286897793111064,0.012122361213748926,0.021317215722045868
580.0,0.021273127127449477,0.8098456111502372,0.14774301078138163,0.021138250940931608
392.0,0.004262015875412616,0.02283597579705179,0.2590818840828359,0.7138201242446996
1093.0,0.8505757459554576,0.12313370576251631,0.010831846711086064,0.015458701570939945
1504.0,0.8436914451330945,0.12286897793111064,0.012122361213748926,0.021317215722045868
233.0,0.8616628182162411,0.11202238875169702,0.013848763853686148,0.012466029178375727
993.0,0.011327796514107187,0.7990692205872472,0.1756143486627989,0.013988634235846622
178.0,0.8401625922632836,0.12277030662464349,0.019287033621577382,0.017780067490495634
653.0,0.00449661789255084,0.7528377225826559,0.21976402330750847,0.02290163621728466
1495.0,0.8586164922659157,0.11370042739014473,0.015380874678189351,0.01230220566575018
808.0,0.006769547650227919,0.020290352990479196,0.29943346227563855,0.6735066370836543
318.0,0.0,0.0,1.0,0.0
1138.0,0.020727149375190938,0.8151247993852432,0.13838048368096365,0.025767567558602444
1220.0,0.0040647946009631395,0.01752041355767796,0.2723625203805559,0.706052271460803
883.0,0.011327796514107187,0.7990692205872472,0.1756143486627989,0.013988634235846622
1377.0,0.005516124131975132,0.02748119055947667,0.27467795481749596,0.6923247304910523
1579.0,0.00416277335631988,1.108591501488559E-47,0.99583722664368,9.659775088745022E-88
58.0,0.0,0.0,1.0,0.0
449.0,0.006769547650227919,0.020290352990479196,0.29943346227563855,0.6735066370836543
726.0,0.013100053851770177,0.7199801316664718,0.2450821603698303,0.0218376541119278
410.0,0.9745784408748295,0.025421548631068953,3.860859071628512E-9,6.633242501466411E-9
608.0,0.006667793636109017,0.7805691352739816,0.19527625129454035,0.01748681979536894
1037.0,0.003867880676688079,0.024876804154944514,0.2806542642579189,0.6906010509104485
965.0,0.015439035291557041,0.7481581887640991,0.19794257004122315,0.03846020590312084
224.0,0.0073029155638951685,0.7397756883922947,0.23827903294183753,0.014642363101972707
1448.0,0.05141804068012557,0.7456587583460288,0.1609554426159792,0.04196775835786647
1310.0,0.8404870623855443,0.11803235126721123,0.020831380829860878,0.020649205517383574
926.0,1.5778338954885947E-16,0.0037879922433822215,0.9962120077553548,1.262862477704637E-12
357.0,0.006667793636109017,0.7805691352739816,0.19527625129454035,0.01748681979536894
1211.0,2.063779878330041E-203,0.007178871210195918,0.30175512294598295,0.691066005843821
571.0,0.020727149375190938,0.8151247993852432,0.13838048368096365,0.025767567558602444
1620.0,0.006255044429862427,0.02460362960137304,0.30225970627222404,0.6668816196965406
1469.0,0.009055899273692795,0.005902080052822836,0.24309114820097552,0.7419508724725088
1048.0,0.0026563701350800564,0.01603161984528547,0.2713828289875165,0.709929181032118
214.0,2.2292208770235975E-131,0.023819651022049644,0.2572606880623256,0.7189196609156248
797.0,0.0,0.003422801774098229,0.9928351885815683,0.0037420096443334656
696.0,0.8616628182162411,0.11202238875169702,0.013848763853686148,0.012466029178375727
502.0,0.010825911480038667,0.7384287112415622,0.2355222192067661,0.015223158071633049
1601.0,0.00449661789255084,0.7528377225826559,0.21976402330750847,0.02290163621728466
739.0,0.8404870623855443,0.11803235126721123,0.020831380829860878,0.020649205517383574
838.0,0.00900901655481319,0.004504472152997389,0.9819822863456791,0.004504224946510383
265.0,0.002687334904155501,0.0043733283773354165,0.2855121960736347,0.7074271406448744
1198.0,0.9669794262765843,0.0163458583160112,0.01667471540740466,6.99828952979444E-270
22.0,0.010825911480038667,0.7384287112415622,0.2355222192067661,0.015223158071633049
35.0,0.0073029155638951685,0.7397756883922947,0.23827903294183753,0.014642363101972707
1291.0,0.9145868702939269,0.07687802022620539,0.008535109479867556,1.439065958586221E-81
1127.0,0.006255044429862572,0.02460362960137361,0.30225970627222676,0.666881619696537
1474.0,4.5587639141045793E-14,1.2688761981433777E-63,0.9921584866841202,0.007841513315834117
1008.0,0.0,0.0,1.0,0.0
338.0,0.003867880676688079,0.024876804154944514,0.2806542642579189,0.6906010509104485
597.0,0.00416277335631988,1.108591501488559E-47,0.99583722664368,9.659775088745022E-88
1672.0,0.00717589699538145,0.7398093115140167,0.2383628210393798,0.014651970451221994
132.0,0.020727149375190938,0.8151247993852432,0.13838048368096365,0.025767567558602444
1598.0,0.8436914451330945,0.12286897793111064,0.012122361213748926,0.021317215722045868
429.0,0.021273125927988294,0.8098456099150646,0.14774301312837476,0.02113825102857233
526.0,0.0070817588574033485,0.025024378609765932,0.2978402861145266,0.6700535764183041
939.0,0.0,0.06527291848591892,0.2798480628888909,0.6548790186251902
1396.0,0.0039371740660997705,3.1532485412883814E-8,0.9960627944014148,7.806478891955121E-233
1233.0,0.8705530626429107,0.09255476016148091,0.014276379541732291,0.022615797653876054
1545.0,0.004587149992487685,0.0,0.9954128500075122,0.0
84.0,0.8586164922659157,0.11370042739014473,0.015380874678189351,0.01230220566575018
711.0,0.8505757459554576,0.12313370576251631,0.010831846711086064,0.015458701570939945
1254.0,0.8436914451330945,0.12286897793111064,0.012122361213748926,0.021317215722045868
866.0,0.004130546350504676,4.063022748777114E-7,0.9917883427741706,0.004080704573049872
283.0,0.015439118871622018,0.7481591767860668,0.197941752658255,0.038459951684056234
1347.0,1.4243351322105218E-196,0.007519740027040272,0.3009653653558925,0.6915148946170672
1525.0,0.01678114083577832,0.7914014221184748,0.1704166260908876,0.02140081095485919
825.0,9.895542720024566E-89,0.011242730146690232,0.2988723393939156,0.6898849304593941
223.0,0.021273127127449477,0.8098456111502372,0.14774301078138163,0.021138250940931608
1104.0,0.015439118871622018,0.7481591767860668,0.197941752658255,0.038459951684056234
484.0,0.9521550111290644,0.04784498887093556,0.0,0.0
668.0,0.0,0.0,1.0,0.0
554.0,0.004130546351115952,4.063022885439028E-7,0.9917883427726313,0.004080704573964135
447.0,5.2561004466320436E-197,0.0,1.0,0.0
1654.0,0.006667793636109545,0.780569135273973,0.19527625129454834,0.017486819795369063
1340.0,0.8401625922632836,0.12277030662464349,0.019287033621577382,0.017780067490495634
911.0,0.020727149375190938,0.8151247993852432,0.13838048368096365,0.025767567558602444
125.0,0.0073029155638951685,0.7397756883922947,0.23827903294183753,0.014642363101972707
1177.0,0.9145868702939269,0.07687802022620539,0.008535109479867556,1.439065958586221E-81
1071.0,0.0026563701350800564,0.01603161984528547,0.2713828289875165,0.709929181032118
980.0,0.8179080387366827,0.14381056290955493,0.018894685242654256,0.019386713111108136
320.0,0.013102925712353497,0.7200322859813787,0.24502515620164192,0.021839632104626017
1418.0,0.003867880676688079,0.024876804154944514,0.2806542642579189,0.6906010509104485
141.0,3.104264872616631E-14,0.012358631339408106,0.290890684552094,0.696750684108467
625.0,0.0,0.015211903499241643,0.2594409862187144,0.725347110282044
374.0,0.00416277335631988,1.108591501488559E-47,0.99583722664368,9.659775088745022E-88
952.0,0.9431945208039665,0.040454397254924106,0.01635108194110943,0.0
1362.0,0.8705544575038255,0.09255391935265402,0.014276133542609062,0.022615489600911393
1271.0,0.0,0.003422801774098229,0.9928351885815683,0.0037420096443334656
150.0,0.010825911480038667,0.7384287112415622,0.2355222192067661,0.015223158071633049
1560.0,2.2292208770235975E-131,0.023819651022049644,0.2572606880623256,0.7189196609156248
541.0,0.010825911480038667,0.7384287112415622,0.2355222192067661,0.015223158071633049
393.0,0.005502433187430941,0.016310490592574365,0.2780965002308604,0.7000905759891343
582.0,0.021273127127449477,0.8098456111502372,0.14774301078138163,0.021138250940931608
30.0,0.0,0.015211903427852072,0.25944098585680847,0.7253471107153394
51.0,0.0,0.003422801774098229,0.9928351885815683,0.0037420096443334656
1089.0,0.005502433187430941,0.016310490592574365,0.2780965002308604,0.7000905759891343
1508.0,0.010597604253187985,0.8400925246381006,0.12404775059965774,0.025262120509053684
995.0,0.0,0.0,1.0,0.0
853.0,0.8505757459554576,0.12313370576251631,0.010831846711086064,0.015458701570939945
1160.0,0.011327796514107187,0.7990692205872472,0.1756143486627989,0.013988634235846622
196.0,0.011327796514107187,0.7990692205872472,0.1756143486627989,0.013988634235846622
1325.0,0.003734015253794832,0.7219704554022269,0.24057932419988776,0.03371620514409037
1639.0,0.8488356220857781,0.12107692678607693,0.014991638291967315,0.015095812836177565
752.0,0.8488356220857781,0.12107692678607693,0.014991638291967315,0.015095812836177565
466.0,0.009055888975428058,0.005902078434453145,0.2430911871441125,0.7419508454460063
683.0,0.021441271999816155,0.7792094862912368,0.17435535255159618,0.024993889157351012
1435.0,0.004587149992487685,0.0,0.9954128500075122,0.0
1086.0,0.00449661789255084,0.7528377225826559,0.21976402330750847,0.02290163621728466
301.0,0.004064794669743477,0.017520413556313466,0.2723625203616566,0.7060522714122864
782.0,0.006255044429862427,0.02460362960137304,0.30225970627222404,0.6668816196965406
411.0,0.8488356220857781,0.12107692678607693,0.014991638291967315,0.015095812836177565
610.0,0.9547228270242099,0.027122201695459796,0.0,0.01815497128033028
1033.0,0.9521550111290644,0.04784498887093556,0.0,0.0
116.0,0.8488356220857781,0.12107692678607693,0.014991638291967315,0.015095812836177565
967.0,0.0,0.015211903427839516,0.25944098585674136,0.7253471107154191
1306.0,0.0,0.0,1.0,0.0
924.0,0.005502433187430941,0.016310490592574365,0.2780965002308604,0.7000905759891343
356.0,0.0075117161204879,0.005640849352730251,0.24950655171754685,0.737340882809235
1215.0,0.8404870623855464,0.11803235126721151,0.020831380829858553,0.020649205517383622
569.0,1.1237260288302164E-7,0.003395396387397749,0.9966044912399994,0.0
1616.0,0.8505757459554576,0.12313370576251631,0.010831846711086064,0.015458701570939945
159.0,0.9145868702939269,0.07687802022620539,0.008535109479867556,1.439065958586221E-81
655.0,0.011352577999749711,0.6884525125505683,0.24554010419457717,0.05465480525510495
93.0,0.0,0.00288474205147102,0.9969931341394879,1.2212380904110467E-4
1491.0,0.8488356220857781,0.12107692678607693,0.014991638291967315,0.015095812836177565
810.0,0.004262015875412616,0.02283597579705179,0.2590818840828359,0.7138201242446996
319.0,0.0033030799926698265,0.025190433054224682,0.2869753936800831,0.6845310932730224
1142.0,0.8586164922659157,0.11370042739014473,0.015380874678189351,0.01230220566575018
205.0,0.007303032900293996,0.7397707428044406,0.2382836429650484,0.014642581330216984
1216.0,0.016781140835778197,0.7914014221184746,0.1704166260908878,0.0214008109548594
881.0,0.9369356781783712,0.049567400358988364,0.004490963556724313,0.009005957905916132
1381.0,0.8505757459554576,0.12313370576251631,0.010831846711086064,0.015458701570939945
1583.0,0.008706493115437808,0.7261690132363007,0.23108421421849795,0.034040279429763565
724.0,5.2561004466320436E-197,0.0,1.0,0.0
448.0,0.008706493115437808,0.7261690132363007,0.23108421421849795,0.034040279429763565
1669.0,0.00265637013508022,0.016031619845286126,0.2713828289875186,0.7099291810321151
641.0,0.8488356220857781,0.12107692678607693,0.014991638291967315,0.015095812836177565
177.0,0.8505757459554576,0.12313370576251631,0.010831846711086064,0.015458701570939945
1130.0,0.006667793636109017,0.7805691352739816,0.19527625129454035,0.01748681979536894
312.0,0.011352577999749711,0.6884525125505683,0.24554010419457717,0.05465480525510495
804.0,0.8705530626429107,0.09255476016148091,0.014276379541732314,0.02261579765387606
1487.0,0.9745784408748295,0.025421548631068953,3.860859071628512E-9,6.633242501466411E-9
1401.0,0.011352577999749711,0.6884525125505683,0.24554010419457717,0.05465480525510495
99.0,0.020727149375190938,0.8151247993852432,0.13838048368096365,0.025767567558602444
895.0,0.0,0.06527291848591892,0.2798480628888909,0.6548790186251902
1244.0,0.0026563701350800564,0.01603161984528547,0.2713828289875165,0.709929181032118
730.0,0.004587149992487685,0.0,0.9954128500075122,0.0
455.0,0.014893356699211232,0.8085885628744703,0.15395561237256883,0.022562468053749538
1587.0,0.015439118871621848,0.7481591767860676,0.19794175265825475,0.03845995168405577
620.0,0.00416277335631988,1.108591501488559E-47,0.99583722664368,9.659775088745022E-88
412.0,0.020723144915786775,0.8150919291259136,0.1384188843209267,0.025766041637372963
227.0,0.011353222502883191,0.6884641013864684,0.24553118007443514,0.05465149603621317
1456.0,0.005516096494888285,0.027481190924185214,0.2746779627699887,0.6923247498109378
969.0,0.006255044429862427,0.02460362960137304,0.30225970627222404,0.6668816196965406
1045.0,0.005516124131975132,0.02748119055947667,0.27467795481749596,0.6923247304910523
1187.0,0.8616628182162411,0.11202238875169702,0.013848763853686148,0.012466029178375727
355.0,2.2292208770235975E-131,0.023819651022049644,0.2572606880623256,0.7189196609156248
914.0,0.8339687282363439,0.13485422988500453,0.016874530725817734,0.014302511152833836
1286.0,0.8616628182162411,0.11202238875169702,0.013848763853686148,0.012466029178375727
1612.0,0.9369356781783712,0.049567400358988364,0.004490963556724313,0.009005957905916132
567.0,0.006255044429862427,0.02460362960137304,0.30225970627222404,0.6668816196965406
74.0,0.015437658821609327,0.801987347962936,0.16962119737292838,0.012953795842526294
1329.0,0.8489797846842544,0.1192776658615094,0.017789587521876205,0.01395296193235998
1172.0,0.005516124131975132,0.02748119055947667,0.27467795481749596,0.6923247304910523
859.0,0.0,0.016425265969402185,0.33329039999576665,0.6502843340348312
469.0,0.0026563701350800564,0.01603161984528547,0.2713828289875165,0.709929181032118
766.0,0.01678114011828574,0.7914014184768388,0.17041662976063657,0.021400811644239043
1659.0,2.2292208770235975E-131,0.023819651022049644,0.2572606880623256,0.7189196609156248
184.0,0.9524135755433784,0.029247856210297993,0.0,0.018338568246323718
677.0,0.0,0.0033872881252749276,0.20014931689154433,0.7964633949831808
768.0,0.0039371740660997705,3.1532485412883814E-8,0.9960627944014148,7.806478891955121E-233
298.0,0.0036299073309061913,0.017529097585778173,0.272482049977031,0.7063589451062846
1058.0,0.8436914451330945,0.12286897793111064,0.012122361213748926,0.021317215722045868
1415.0,9.895542720024566E-89,0.011242730146690232,0.2988723393939156,0.6898849304593941
44.0,0.0039371740660997705,3.1532485412883814E-8,0.9960627944014148,7.806478891955121E-233
1259.0,0.9145868702939269,0.07687802022620539,0.008535109479867556,1.439065958586221E-81
1358.0,0.8586164922659157,0.11370042739014473,0.015380874678189351,0.01230220566575018
950.0,0.011327796514107187,0.7990692205872472,0.1756143486627989,0.013988634235846622
369.0,0.0,0.016425265969402185,0.33329039999576665,0.6502843340348312
531.0,0.006667793636497906,0.7805691352757832,0.1952762512927065,0.017486819795012386
1540.0,0.011327796514107187,0.7990692205872472,0.1756143486627989,0.013988634235846622
584.0,0.003734015253711551,0.7219704554088153,0.2405793241949235,0.03371620514254966
398.0,0.009055899279490397,0.005902080053733888,0.24309114817905028,0.7419508724877254
1005.0,0.004587149992487685,0.0,0.9954128500075122,0.0
234.0,0.9484794345530755,0.034304671761602526,0.017215893685322066,0.0
1528.0,2.2292208770235975E-131,0.023819651022049644,0.2572606880623256,0.7189196609156248
1117.0,0.009055772501432479,0.005902060130491574,0.2430916275964628,0.7419505397716131
1642.0,0.011327796514107187,0.7990692205872472,0.1756143486627989,0.013988634235846622
548.0,0.0,0.0,1.0,0.0
440.0,0.0,0.016425265969402185,0.33329039999576665,0.6502843340348312
1157.0,0.00449661789255084,0.7528377225826559,0.21976402330750847,0.02290163621728466
897.0,0.00900901655481319,0.004504472152997389,0.9819822863456791,0.004504224946510383
1312.0,0.021445858247387838,0.7792141422889546,0.174343513644716,0.02499648581894159
241.0,0.002687334904155501,0.0043733283773354165,0.2855121960736347,0.7074271406448744
1430.0,0.014893356699211232,0.8085885628744703,0.15395561237256883,0.022562468053749538
986.0,0.8586164922659157,0.11370042739014473,0.015380874678189351,0.01230220566575018
327.0,0.021445858247387838,0.7792141422889546,0.174343513644716,0.02499648581894159
1075.0,0.0,0.0028831033706223966,0.9969947979451868,1.2209868419074194E-4
67.0,0.0,0.016425265969402185,0.33329039999576665,0.6502843340348312
639.0,2.2292217001861744E-131,0.02381965095560957,0.25726068821600734,0.7189196608283831
163.0,0.003176771417143484,0.025267313601758004,0.28854412606702884,0.6830117889140697
713.0,1.4409617077799813E-69,0.007439764998887179,0.9925602350011127,1.379755604438501E-106
1557.0,0.0,0.0,1.0,0.0
1375.0,0.00900901655481319,0.004504472152997389,0.9819822863456791,0.004504224946510383
