1658.0,1.1226741534959805E-8,0.0017263248851448745,0.7860948248210166,0.21217883906709706
444.0,6.373330281099738E-8,0.2725419477675153,0.6193535056782747,0.10810448282090714
556.0,1.6991219176274966E-5,0.05632905930770415,0.8997018999632942,0.043952049509825356
905.0,3.567008821755662E-11,0.0026159230528923863,0.9316047330415623,0.06577934386987516
243.0,8.212706335826007E-7,0.009787046421994237,0.9284739333678163,0.06173819893955599
1328.0,1.1006857982939187E-7,0.01485533527856001,0.39420558412001083,0.5909389705328493
1173.0,7.608378973631521E-6,0.8363021489481368,0.16092924756312482,0.0027609951097648014
1059.0,0.07078757632758459,0.8865287874550003,0.042637220817986564,4.641539942845645E-5
1414.0,8.066990277556034E-11,3.0834471763421854E-4,0.19107575960532994,0.8086158955963659
978.0,1.3228997211814776E-4,0.8032457838451881,0.1507032701647781,0.04591865601791565
323.0,7.021466091879849E-13,0.0024698357685194483,0.08131395206304877,0.9162162121677296
631.0,2.1346829202875284E-8,0.12691181598023313,0.8608947704669113,0.012193392206026358
66.0,0.9923747998678748,0.007624279913367671,9.193265146953033E-7,8.922429133956613E-10
1541.0,0.9999999984048534,9.854026252139686E-10,1.9225978709645267E-10,4.1748408484792035E-10
161.0,0.005844646113599272,0.7591473832013793,0.23131628181525618,0.0036916888697650467
705.0,0.9922601555867148,0.005964942031844405,0.0017439845958390613,3.091778560182917E-5
280.0,1.9454786601355356E-9,0.12196767883059008,0.6470142830775748,0.2310180361463564
868.0,1.5630701720422103E-16,7.426584611625758E-8,0.6645712245235674,0.33542870121058627
1258.0,2.132100488627663E-5,0.0018151484334319743,0.9275152957120543,0.07064823484962746
1359.0,4.950722393900551E-4,0.45741579027493917,0.5131428767297472,0.028946260755923537
107.0,3.2382236942021312E-6,0.013524497806283552,0.5518733414253228,0.43459892254469945
1529.0,0.20931965213728232,0.7850093487007872,0.005459064430908678,2.1193473102183163E-4
1116.0,6.338557493970012E-4,0.11808884870783629,0.7852090048144875,0.09606829072827934
831.0,0.9511028913585123,0.04845856883971807,4.290157109152093E-4,9.524090854485153E-6
666.0,4.810873980706551E-4,0.2745252438995479,0.7147316485998589,0.01026202010252255
487.0,0.9999938204131698,6.178765900804115E-6,8.151420810880749E-10,5.78735821473099E-12
40.0,9.853350240097158E-11,0.013711225149763787,0.32568801099168,0.6606007637600226
1131.0,7.447032187531642E-5,0.15967648510215002,0.8323644089077877,0.00788463566818689
337.0,2.7844360503791603E-8,0.1189241959859852,0.6945198199642132,0.18655595620544105
1014.0,1.4288406114797982E-16,0.05525840791817584,0.8843050257840416,0.06043656629778234
1486.0,1.1502434648592083E-11,0.25818121218001916,0.6923483257347374,0.049470462073740964
1668.0,1.012239521687084E-9,2.900449362700872E-4,0.4491089785549032,0.5506009754965872
595.0,0.9125879646007488,0.0480628271126996,0.03856674089793866,7.824673886129982E-4
430.0,1.5092520424116577E-7,0.7084283571411044,0.28690516669120736,0.004666325242483937
520.0,0.8644141125067626,0.13537983746641313,2.0488177594615717E-4,1.168250878093622E-6
1586.0,0.1533058770312453,0.8466640485248507,2.9986295294992062E-5,8.814860903452504E-8
1400.0,0.0015132623641292513,0.514218637851275,0.4828241887043873,0.001443911080208528
250.0,0.9770445831768919,0.021396734730652397,0.0014960481060007367,6.263398645494522E-5
941.0,0.0077498610563021784,0.9640506462338791,0.02048103852078307,0.007718454189035532
1245.0,5.588744505972576E-5,0.09360621061795286,0.6335296297009687,0.27280827223601867
1457.0,1.915242165038391E-6,0.0013626183625701064,0.03427591055051795,0.9643595558447469
795.0,0.0034555367920402953,0.6359868851590589,0.27151079561041663,0.08904678243848403
1044.0,0.002366704315534546,0.6721522361932603,0.3216610881228938,0.0038199713683113924
702.0,1.5487523451799846E-8,0.4672487857845826,0.4909171365053042,0.041834062222589855
501.0,0.909631486908732,0.08163741201485918,0.008620984599134273,1.101164772745149E-4
1613.0,2.4347743546507983E-13,0.3633470969147836,0.5987162536658859,0.037936649419086824
741.0,0.09769588144426507,0.8885429078767354,0.01354298464354141,2.1822603545813734E-4
168.0,8.680269218518986E-11,1.349054819034638E-5,0.0032140241436777253,0.9967724852213293
1186.0,0.9998928657267909,1.0700593155588818E-4,1.2784724250248226E-7,4.94410662974301E-10
266.0,0.013715295249936733,0.6206795402388563,0.36420914359097956,0.0013960209202273815
832.0,1.4723640231983093E-9,0.06688020051429036,0.856937590932195,0.07618220708115053
1287.0,6.5756277825225555E-9,0.7882073559205892,0.19036794398742546,0.021424693516357556
649.0,3.42878019140508E-8,0.07333087373417665,0.9098285210326764,0.016840570945344992
179.0,3.8665567167096656E-11,4.5658582550887096E-5,0.47811360674424574,0.5218407346345378
1503.0,0.9990279198335108,9.72071789761332E-4,8.3727158045643E-9,4.012072969034233E-12
1146.0,7.951479506830742E-9,0.0010664092923329792,0.2285331653126689,0.7704004174435186
812.0,0.5093372034528485,0.4760932932573031,0.012740567391813862,0.001828935898034542
316.0,3.1822350485161117E-7,0.6674634229635075,0.3129779805296421,0.019558278283345592
887.0,2.565996362108726E-9,1.4357287477315124E-5,0.144499274447138,0.8554863656993883
1228.0,2.1474647944908819E-4,0.6482040644097684,0.33215871534633157,0.01942247376445097
1385.0,7.551543259373595E-7,0.002467663129294246,0.6534283077571374,0.34410327395924234
98.0,0.1087155103446044,0.7883757287667121,0.10259892137944394,3.0983950923952686E-4
1571.0,7.809245144585123E-8,0.05593397941066337,0.9066159558136625,0.03744998668322271
722.0,3.213852498259301E-7,0.7396749038928065,0.25398732092803095,0.006337453793912664
451.0,0.969709259222768,0.030290017344732984,7.172697199118407E-7,6.162779200970272E-9
612.0,1.1990738480695193E-4,0.020347228952698426,0.9737238997107354,0.0058089639517593375
408.0,0.9956490597207021,3.1987335049683824E-4,3.07240889867529E-4,0.003723826038933534
1029.0,3.2425753858681244E-7,0.3568571174930833,0.6386526587368274,0.004489899512550723
1440.0,0.008478255110219183,0.468940926015158,0.5052576676930091,0.01732315118161366
225.0,0.9999950968780321,4.9023066043938266E-6,8.125829686056635E-10,2.780564757802079E-12
961.0,0.02433775755098866,0.0015483863255037688,0.6396622990278237,0.3344515570956839
922.0,2.319924384771615E-10,4.2560344122907374E-5,0.12344681672805688,0.8765106226958277
359.0,0.003592976481757773,0.004373399709470722,0.036228098695409196,0.9558055251133624
1302.0,0.0016727253291467037,0.7286398338458436,0.2624242046232461,0.007263236201763587
1203.0,1.870963903929639E-9,1.2271391144907947E-4,0.6397804063467318,0.3600968778708553
75.0,0.01222642101067691,0.9795678151040649,0.008205422233909762,3.416513484241948E-7
1628.0,6.741887181915368E-11,0.0022429734121303556,0.9961534736966481,0.0016035528238027995
575.0,1.4140498629177297E-4,0.981139309714643,0.01871026019895095,9.025100114248508E-6
1156.0,5.413837884413179E-11,5.508508764429243E-5,0.11367441557481942,0.8862704992833979
851.0,0.9856986054255144,0.014249211085437752,5.0425578335774425E-5,1.757910712153361E-6
1313.0,8.433320881958336E-14,1.1007752292377956E-4,0.19157637397175123,0.8083135485052405
1643.0,7.197197835551939E-10,0.011426663499252048,0.392238022164409,0.5963353136166192
56.0,0.9999331141608009,5.560394931939692E-5,9.214455192798556E-6,2.0674346869154026E-6
758.0,5.4129339538434664E-5,0.9315769256946754,0.06214970135157721,0.006219243614208779
465.0,0.9913541297881878,0.008640324229148701,4.422564614694569E-6,1.1234180488384802E-6
186.0,0.007384990904319329,0.8948381476850803,0.0951437328377781,0.0026331285728223566
685.0,4.0865294308281504E-5,0.7889195888341732,0.20853641889063212,0.002503126980886344
1431.0,1.5161653861304733E-5,0.6208523861855506,0.10059866082636683,0.2785337913342214
302.0,7.613756434055583E-8,1.8210848643320562E-4,0.21158216348909148,0.7882356518869109
776.0,0.3867663053837367,0.6123584937011914,8.203507786903186E-4,5.485013638154339E-5
1074.0,0.9940402468912309,0.005828392603368293,1.2774219630909818E-4,3.6183090917393236E-6
1374.0,2.477390735410669E-13,2.5864856233101133E-5,0.6939936225618036,0.3059805125817156
373.0,0.9979408461161173,0.0018726333032999562,1.8025873281816E-4,6.261847764503143E-6
958.0,9.133108706702239E-7,0.23797590676187266,0.638475362964616,0.1235478169626408
1275.0,2.2506491797738356E-6,0.38543469935616487,0.6136555920391884,9.07457955466952E-4
539.0,5.287712495601927E-6,0.3652562832515641,0.6262416783490663,0.008496750686873859
1556.0,5.597475467227209E-7,0.32392778070510936,0.6424922306082659,0.0335794289390781
394.0,2.221435403025321E-5,0.5155315939561732,0.4578268200723057,0.02661937161749072
576.0,7.355805088172111E-6,0.3754943895054133,0.5681804976953294,0.05631775699416914
1101.0,1.6292466545557323E-10,0.003443453319802995,0.3706842548677034,0.625872291649569
997.0,0.0036923876968736205,0.0165675040265165,0.7194452145615278,0.26029489371508213
232.0,6.994150185713837E-6,0.0010123688436437742,0.807276418794407,0.19170421821176353
1512.0,0.321411978465966,0.019449701202349626,0.5044167609509487,0.15472155938073573
1537.0,6.41104268705965E-4,0.03250364232099164,0.06641843920253979,0.9004368142077627
707.0,1.5069043545066884E-9,0.08084899691528298,0.6836988112860002,0.23545219029181252
281.0,9.054700368292106E-4,9.425284725656636E-4,0.693047522133289,0.30510447935731605
870.0,5.584645757307366E-6,0.03471701938926524,0.926634441938088,0.03864295402688956
23.0,0.02914749565307757,0.9666531540275922,0.004114200368643176,8.514995068709107E-5
1262.0,8.69697645210959E-6,0.6292031582245099,0.3684231906433063,0.0023649541557317884
1355.0,0.953963859818989,0.045846089431606694,1.7809903739314482E-4,1.1951712011108994E-5
33.0,2.027587532136293E-5,0.07618001658323621,0.689419389709075,0.23438031783236732
1533.0,2.903216149746679E-9,0.0029327212245141066,0.6781206315507383,0.3189466443215315
1112.0,0.8761670670371264,0.12263097143076115,0.0011339531370837361,6.800839502863864E-5
222.0,4.7299460010916825E-9,0.0021594692464746907,0.8626785826859386,0.1351619433376407
829.0,3.1748322647896406E-7,0.05064259128810085,0.8639237650331159,0.08543332619555684
664.0,0.9171333585362136,0.08114005263256405,0.001682999669504723,4.358916171773896E-5
486.0,0.7177835128624991,0.2804888738524109,0.0017219043381397601,5.7089469501847175E-6
1662.0,1.5046184942941793E-7,0.0017803381952227343,0.8141707542696176,0.18404875707331023
445.0,8.76778854049218E-4,0.1049050263745597,0.31171440258742045,0.5825037921839705
558.0,3.85367281543216E-6,0.09441784538323768,0.7269427178282212,0.17863558311572575
907.0,0.37710434803194687,0.4471426954680145,0.1490032738984402,0.02674968260159839
1332.0,8.855139306637732E-6,0.005275244086027666,0.3949730823918545,0.5997428183828112
1169.0,0.006659135391574564,0.9901020456479164,0.0032316372072100376,7.181753299069451E-6
1063.0,0.06301950722253508,0.9055506809096187,0.030961085316747673,4.687265510985441E-4
1410.0,1.3573684511704168E-7,0.0027302989810493433,0.3823935118141514,0.6148760534679543
976.0,0.2486670583358161,0.19837448364496102,0.4247983802154949,0.12816007780372796
322.0,9.52446721501393E-10,8.396389483262363E-5,0.042820258475155526,0.9570957766775652
629.0,6.587725739423624E-10,0.4253432966619507,0.5475763852849809,0.027080317394295887
140.0,6.930114246384388E-11,0.1335477677073234,0.7813624019715751,0.08508983025180049
1461.0,0.5829263766288888,7.797624514168722E-6,0.00411551872851297,0.4129503070180841
793.0,1.2952126514895031E-7,0.022307783443293355,0.9482431655588899,0.02944892147655167
215.0,7.97152473051307E-10,0.005159344367845596,0.5696458219477152,0.4251948328872868
1040.0,0.6806128603581351,0.3170263990145181,0.0023278153847363474,3.292524261052831E-5
500.0,9.951790234243557E-13,7.099118994097777E-4,0.9528652539222323,0.04642483417736272
700.0,9.10840684996314E-13,1.010166396012958E-6,0.006643053874898154,0.993355935957795
1609.0,0.0016447010976644095,0.6325181514079188,0.303764539858765,0.0620726076356519
80.0,1.750149376067109E-9,0.001736836508389731,0.2124815591733363,0.7857816025681247
743.0,0.999934275706719,4.541880545239961E-6,4.9396433530531006E-5,1.1785979205223618E-5
1190.0,2.284490787171175E-11,0.04539198121654108,0.6937079738655874,0.26090004489502666
267.0,2.447173028361169E-6,0.8695989065931387,0.08304750049784952,0.04735114573598337
834.0,0.002376309129740205,0.6662055374177529,0.3009515034225521,0.030466650029954787
1283.0,4.6109609371226677E-4,0.007511117777527637,0.94991835592025,0.04210943020851
1135.0,0.9947699763962903,0.005185626224406832,4.320294589582848E-5,1.1944334069993166E-6
1012.0,9.361795891477269E-8,0.6578683327816066,0.3339497409225233,0.008181832677911286
336.0,0.6217891921853542,0.37803243587591745,1.7474917158953078E-4,3.6227671387296984E-6
1482.0,0.21895737409416774,0.7494748594470853,0.031474370325253964,9.339613349291694E-5
133.0,1.1457118891449798E-7,0.07843861773079348,0.8991917701692037,0.022369497528813887
1664.0,2.5248785431054656E-13,1.4461795934917402E-7,0.8204346859205496,0.1795651694612387
593.0,2.4214881503014896E-11,2.587580371129733E-4,0.6908435872369503,0.3088976547017219
522.0,0.9680000706234523,0.03092045641708655,0.001026315701043456,5.315725841774292E-5
431.0,0.0051142878689175025,0.8927430054147182,0.09589028664123445,0.0062524200751298605
1590.0,0.007321072742284651,0.07642960195984991,0.8649376638226065,0.051311661475258966
1404.0,3.17832484323159E-6,0.9097648253703362,0.09000087601593103,2.3112028888942415E-4
943.0,1.3882004690204647E-5,0.3199630978713209,0.08009267794663207,0.5999303421773569
121.0,0.9958710198485841,0.0038280024418946854,2.9946978264745267E-4,1.507926873828126E-6
1241.0,2.5342963513529165E-14,0.011054561306787275,0.8364678422908495,0.15247759640233793
409.0,5.901303785184473E-10,0.05927424014020322,0.7399967027322819,0.20072905653738438
614.0,6.915691723908862E-9,0.003468188052149738,0.8219955529135259,0.17453625211863266
31.0,1.434654259777808E-4,0.1894455240304012,0.3129913108556133,0.49741969968800775
49.0,0.9958560960232657,0.0041195675543037515,2.3668961277939662E-5,6.674611524494684E-7
1025.0,5.6827718220038554E-5,0.021440535952162425,0.4972940439869189,0.4812085923426986
1444.0,1.6552569784758136E-9,7.753070082849693E-4,0.15360618914615426,0.8456185021903038
963.0,9.508580130562398E-6,0.002673187847022361,0.8399056088731505,0.15741169469969657
920.0,3.064823276353309E-6,0.019558018341636126,0.8934925571078575,0.08694635972723005
358.0,0.9524585458688147,0.0473324881520211,2.0852312752296797E-4,4.4285164127749715E-7
1298.0,1.3826405300517912E-5,6.041509631399614E-5,0.20215076156479672,0.7977749969335888
1207.0,0.9789004861859065,0.018246236587887956,0.0025676006792558553,2.856765469497293E-4
1624.0,0.9852384900583515,0.014753159940820404,8.15986384959462E-6,1.9013697847647629E-7
158.0,0.19534279962173015,0.24317567159696762,0.5078039635045242,0.05367756527677794
573.0,2.2029647344524223E-7,0.49574670448045693,0.4731110728699701,0.0311420023530994
651.0,1.5382502475338764E-9,0.0013689153080480502,0.5529969923154076,0.4456340908382942
1499.0,0.27613770485362793,0.6894998098810932,0.03367207290003724,6.904123652417322E-4
1150.0,1.228718590038347E-5,0.05365276794190287,0.6278394718560317,0.318495473016165
814.0,0.8236401530311311,0.16210481040812702,0.011413784822328334,0.0028412517384134943
317.0,0.9987154313521027,0.001284297466525568,2.7070743014742875E-7,4.739415873582991E-10
885.0,6.212670356526727E-5,0.02148045263859493,0.10381919381349286,0.874638226844347
204.0,0.9348189845549985,0.023630295128403235,0.005512265405162069,0.03603845491143615
1224.0,0.9518618843468439,0.04642092113121303,0.0014238544215538038,2.933401003891065E-4
1389.0,6.588309608556971E-4,0.9033442416163885,0.09151096171386978,0.004485965708885959
1575.0,0.016165021415919984,0.9583007047273565,0.02539335552595216,1.4091833077129644E-4
450.0,3.383286747958992E-5,0.9639448406662867,0.033884522893159685,0.0021368035730739902
720.0,0.28048176854091483,0.08950373366937822,0.4370791652959594,0.19293533249374734
1370.0,1.578171274470152E-10,0.01789640026149046,0.9216468167542073,0.06045678282648514
956.0,3.0356491467484744E-13,1.2222780263810424E-4,0.9958223507223629,0.004055421474695397
372.0,0.9995357782088202,4.6418522539072305E-4,3.639406184542371E-8,1.717272240827961E-10
1279.0,0.9998873456642944,1.1263615900858008E-4,1.7903270202634066E-8,2.7342682860677287E-10
537.0,1.6463875499076803E-13,1.6802032535400529E-9,4.358332010737142E-4,0.9995641651185584
1552.0,0.9975856836226579,0.0024127299739921566,1.5828902755604848E-6,3.5130744089890357E-9
151.0,0.00984485077171786,0.9892042696099399,9.285916617228378E-4,2.2287956619307933E-5
578.0,6.586718407117837E-23,1.0042760153690255E-10,0.015110232997257141,0.9848897669023152
395.0,8.409457774594413E-15,5.532912046346612E-7,0.08833461253353966,0.9116648341752472
1097.0,2.499578304930121E-6,0.6316575680642919,0.32764697586474445,0.040692956492658854
112.0,0.15736252070018444,0.7448911484721428,0.09676182330974412,9.845075179286348E-4
999.0,2.4662201269077104E-12,0.5693210378894658,0.4295999698272123,0.0010789922808557104
1516.0,0.9656909273228945,0.03372969607825245,5.762345693426235E-4,3.1420295104673786E-6
1152.0,0.003924203863077263,0.720218637639174,0.2756107700018017,2.463884959471026E-4
197.0,8.342671901532042E-5,0.5909647956415818,0.3989743263464865,0.009977451292916408
849.0,1.6354538048863847E-4,0.9856730462319924,0.01353404203394669,6.293663535723555E-4
1317.0,0.2816468357368393,0.688769226966902,0.029256769995018205,3.2716730124055855E-4
1647.0,5.7879474147600874E-5,0.006049310664357136,0.7047787028659486,0.2891141069955468
756.0,4.187635930788503E-4,0.08191743598985265,0.370012675821475,0.5476511245955935
464.0,7.457520529678941E-12,9.715732654416147E-5,0.184600766204305,0.8153020764616933
687.0,9.751668077968915E-12,0.003728633424040696,0.8237943020994511,0.17247706446675648
89.0,0.9999987238914969,1.2724823528672694E-6,3.6249044903149557E-9,1.2457937273662606E-12
1427.0,0.0013921043376640477,0.9192141310241095,0.066279471562288,0.013114293075938392
778.0,1.5107656936694935E-6,0.0014096637854211437,0.532662499596855,0.46592632585203025
303.0,4.730824433368761E-11,2.7476586658789316E-6,0.1118195900438142,0.8881776622502118
1078.0,0.9999284964407913,7.149535394214554E-5,8.151632622079536E-9,5.363383631269512E-11
1123.0,1.306992455739415E-4,0.04879294912117392,0.6414800863809244,0.3095962652523278
1478.0,0.9999994980335196,4.821829865443951E-7,1.9658138582295143E-8,1.2535519651529305E-10
339.0,0.08188487552321165,0.9048682226662843,0.013145229445735722,1.0167236476826732E-4
1010.0,0.022685652511368684,0.6508769284988432,0.19189382029370208,0.13454359869608612
11.0,0.9561062493365335,0.04351577813780109,3.6042906620816834E-4,1.7543459457199207E-5
599.0,0.006781797394967849,0.9390635293217237,0.05346344632685863,6.912269564498313E-4
70.0,4.5874934648768987E-7,0.9642000766274215,0.03547557911882047,3.238855044114954E-4
1594.0,0.06885484885192296,0.3573396588192535,0.5197948754525945,0.054010616876229
524.0,0.21049984520516435,0.6885574085804833,0.08656324766763268,0.014379498546719554
428.0,4.2804296280567817E-14,1.9281211070837167E-5,0.09440669585769622,0.9055740229311902
937.0,0.009095611820372922,0.5056162201318134,0.48204648211931345,0.0032416859285002804
251.0,0.9967754758882482,0.003218744754913584,5.634855626131233E-6,1.44501212100565E-7
1392.0,0.003301677149731736,0.21018240354727066,0.7545381796908825,0.03197773961211496
1237.0,0.8478341125990451,0.15026167958990125,0.0018468316999308528,5.7376111122977527E-5
111.0,0.9998640782135803,1.3588365081015978E-4,3.7928061397639574E-8,2.0754809846822848E-10
1465.0,1.9305636189029372E-9,7.698780392092961E-5,0.08616122860737527,0.9137617816581403
1052.0,1.701730419606131E-7,0.0033168490080463875,0.8990766512010118,0.09760632961789999
799.0,1.1337299693649368E-8,1.21808134470288E-4,0.1316658490105679,0.8682123315176621
503.0,0.10126630947214098,0.7260226678805278,0.1718310795909415,8.799430563897592E-4
698.0,0.9975741363170887,0.0024235775785124893,2.2139832230692523E-6,7.212117564264852E-8
1605.0,0.9991143810923044,8.856124373313293E-4,6.469698948650681E-9,6.651622543383457E-13
169.0,0.8996715747784373,0.0991801748600109,0.0011358748349525026,1.2375526599354144E-5
737.0,0.005645323939198164,0.863191902310155,0.12303164397323808,0.008131129777408666
836.0,1.15974422508612E-8,5.249377194821933E-5,0.8991853195861579,0.10076217504445167
264.0,0.9998155170629128,5.851441903188545E-6,1.6324288588140745E-4,1.5388609302568614E-5
1295.0,0.9870784259599494,0.011789769843352636,0.0011117013394425714,2.0102857255292863E-5
552.0,5.304075058276166E-10,0.0018868015543924603,0.5057873331764293,0.4923258647387707
446.0,1.0865733174790825E-6,0.001979647511778222,0.9422496127149071,0.05576965319999717
1650.0,0.7150135959368049,0.27842702629378663,0.006452789436669385,1.0658833273921536E-4
1336.0,0.18793500596697146,0.8012494620739942,0.010489670098307253,3.258618607272581E-4
242.0,0.06377433603848907,0.8563258890654538,0.07874596324140838,0.0011538116546486934
909.0,3.1562810009466485E-4,0.12031080539392335,0.39305186912095447,0.48632169738502745
1181.0,5.218306518789908E-13,8.350971838922437E-6,0.07679771532371635,0.9231939337039229
42.0,2.4871637531857685E-9,7.209849147299433E-5,0.13088793351949637,0.8690399655018669
1067.0,7.047944272241524E-11,1.0582597501604622E-4,0.3492923461542195,0.650601827800285
982.0,5.391300496142928E-13,2.2335828821193394E-7,0.28780983362890933,0.7121899430122633
321.0,0.9696877122240543,0.021058355211422672,0.0025133680319529912,0.006740564532570098
1422.0,0.03710951855705723,0.7467577040499781,0.19675877095303534,0.019374006439929297
627.0,5.672805388312894E-11,0.018746644190205296,0.9781826438294565,0.0030707119236100134
1549.0,4.022397281267603E-10,0.001636236973428926,0.4047854116258795,0.5935783509984519
709.0,1.7633967076943477E-5,0.48025769690718706,0.49294310433398186,0.02678156479175417
160.0,5.245259572638627E-4,0.49026056891849273,0.500084682955374,0.009130222168869436
1250.0,2.2823017766731241E-7,9.650784005139892E-5,0.03821996165714384,0.9616833022726272
864.0,4.079124151637079E-5,1.0308496618546339E-4,0.12876542916602865,0.8710906946262695
282.0,4.6378863546718885E-8,0.9381291842162399,0.061750490024060835,1.2027938083572119E-4
1351.0,1.3138591633704688E-13,1.3599793592742627E-5,0.48805301758116854,0.5119333826251073
1521.0,1.832302019111043E-4,0.5583453304419099,0.3145108034280196,0.12696063592815926
827.0,1.792702015305366E-6,0.2159048903115812,0.570863947958762,0.2132293690276414
1108.0,0.9965373453382514,0.0034342245217355663,2.7431193299814268E-5,9.98946713285297E-7
485.0,0.9999184360770929,8.15597124011726E-5,4.207187553607651E-9,3.3184768701737275E-12
670.0,0.999890988599688,1.0900284249242162E-4,8.533896846897378E-9,2.3922813850786184E-11
855.0,5.5047039507009335E-6,0.6104611085930909,0.38462566457876673,0.004907722124191632
15.0,0.9999999849954294,5.51433328557379E-9,7.1603356240241E-9,2.329901569742497E-9
1164.0,4.497065750356145E-7,0.10492534350531574,0.3352696636393286,0.5598045431487807
1321.0,9.580242860004068E-7,0.1658427276945769,0.6091208501416617,0.22503546413947523
102.0,6.2041576140953785E-12,0.025594047176690813,0.3651598152152169,0.6092461376018882
1635.0,4.889805978285842E-8,0.02045950811344821,0.8865983436951282,0.09294209929336367
467.0,0.05185223035746651,0.40458555496289744,0.540974442978652,0.002587771700984045
754.0,1.02518763167261E-8,0.005271833571743484,0.04765675894679192,0.9470713972295883
681.0,1.680436012564684E-13,0.0025691387062634274,0.991426738709796,0.006004122583772435
187.0,2.0358742539948427E-5,9.143234598817684E-5,0.8222504875394456,0.17763772137202619
1439.0,3.6983049854506214E-4,0.1355921912594685,0.3151569110054215,0.548881067236565
1082.0,3.7629529689129984E-13,0.027070305694878723,0.9652411922988852,0.007688502005859907
300.0,0.9999817335378638,1.8215871509978223E-5,4.5180622499766245E-8,5.410003625083789E-9
780.0,0.999999995166534,4.83165876917921E-9,1.8071062453181182E-12,1.8131058934280696E-16
954.0,3.105088910958118E-5,0.5431597281362911,0.31670861442972265,0.1401006065448767
375.0,0.23611812083297726,0.7601458609263253,0.0037278234800638527,8.19476063364404E-6
1366.0,0.9982116264753969,0.0017882957701258132,7.682290222636085E-8,9.315752375088828E-10
1267.0,0.9987906502106999,0.001119029239853181,6.478005216267014E-5,2.554049728430009E-5
79.0,1.591497666193171E-5,0.6004627869863378,0.385351243765064,0.014170054271936256
1564.0,9.725125556214987E-9,0.0870588737135562,0.8306870400509152,0.08225407651040297
543.0,0.9972186172360307,0.002707004755467719,3.0237385580081815E-5,4.414062292146425E-5
580.0,0.9604588573788562,0.039541024423710054,1.1815177479511609E-7,4.565904444053579E-11
392.0,0.6722672953452421,0.2867688618866575,0.03866365484694805,0.002300187921152122
1093.0,0.9918333771257416,0.008104660462603755,6.010266183160346E-5,1.859749823176882E-6
1504.0,0.08529331341009923,0.6756712956835884,0.22477610385507102,0.014259287051241323
233.0,0.9999997590467867,2.408323041108054E-7,1.2079029017118532E-10,1.1874186492699343E-13
993.0,0.001868839021766513,0.9459135124202134,0.05219054998604855,2.7098571971546854E-5
178.0,0.0783088926990402,0.7513721799956629,0.1583336879283742,0.011985239376922691
653.0,1.003890921071719E-6,0.47129527430720586,0.5146536461891312,0.014050075612741963
1495.0,0.9999470089350234,5.299001406149369E-5,1.0477562405754145E-9,3.1589648006626767E-12
808.0,0.8901600878519399,0.08474783032639199,0.022621007115926624,0.002471074705741553
318.0,5.998196572600529E-6,0.957370950075691,0.04112843453406741,0.001494617193669146
1138.0,0.01954191584681128,0.8202936139131835,0.15965461856639013,5.09851673615139E-4
1220.0,0.4431598737911123,0.14614589979408332,0.343553109581715,0.06714111683308935
883.0,9.971920166778105E-5,0.9394252034124286,0.05940550597592381,0.0010695714099798381
1377.0,9.407577477330653E-13,2.0513290751147663E-4,0.8548064237950066,0.14498844329654112
1579.0,0.39957731261965385,0.4516515527111305,0.10849542164334329,0.04027571302587254
58.0,6.960881610491572E-8,0.020753002848347902,0.7504534557516404,0.2287934717911957
449.0,1.1213213782071576E-10,5.07371050526951E-5,0.2727779735682766,0.7271712892145387
726.0,1.5441699803063606E-8,0.05514317665513624,0.8435324670288579,0.10132434087430608
410.0,0.9999988704823778,1.122416617645838E-6,6.071321285534557E-9,1.0296832806149608E-9
608.0,0.001461137830871811,0.41767050322957733,0.38889877143990564,0.19196958749964535
1037.0,1.7315539295309016E-7,1.0703723965705212E-4,0.4311298189692937,0.5687629706356563
965.0,3.369210844828887E-9,0.0013655605628287257,0.47861145038725444,0.520022985680706
224.0,5.301736876496597E-15,0.07210927144505895,0.9147415739543184,0.013149154600617233
1448.0,0.20485441332060095,0.7906873528709689,0.00444648832481493,1.174548361519046E-5
1310.0,0.9896072514399152,0.01031039872653174,7.913159644295787E-5,3.218237110204746E-6
926.0,1.478003566926505E-11,6.053351404076989E-5,0.028502939265305723,0.9714365272058734
357.0,1.7987115483934167E-4,0.47113195520802054,0.4862279187300617,0.042460254907078325
1211.0,5.521102061220555E-16,3.741866157127407E-5,0.487796212463655,0.5121663688747731
571.0,1.0480425845788621E-10,0.0011752255680225153,0.11020376007900592,0.8886210142481673
1620.0,3.842149082910273E-8,0.010065084985712484,0.9892465682449249,6.883083478717819E-4
1469.0,2.619666817242916E-6,0.007007054447607413,0.9375383484757128,0.05545197740986256
1048.0,4.772159880723306E-7,0.02782843896921886,0.7711101672514908,0.20106091656330224
214.0,2.6593402733798785E-8,9.353377189593433E-4,0.5082618082369327,0.4908028274507052
797.0,0.0457785921259065,0.8098818414961616,0.13210708718596018,0.012232479191971766
696.0,0.16201283803155284,0.7845684296879855,0.05330634193223896,1.1239034822274278E-4
502.0,5.0409841744981825E-6,0.009822456614738146,0.4516837898387531,0.5384887125623342
1601.0,1.0576327904405596E-13,3.5617090021666955E-4,0.42393968101414536,0.5757041480855322
739.0,0.9999452541767542,5.4743856692458056E-5,1.959865091457144E-9,6.6882111714629326E-12
838.0,3.664794364289214E-10,3.385721208919625E-5,0.015465889561038462,0.9845002528603929
265.0,1.165578188060174E-14,3.3485339602906515E-8,0.03676484878632404,0.9632351177283247
1198.0,0.9999901506584701,9.562425379119205E-6,2.866299355041141E-7,2.8621522430481704E-10
22.0,0.0015941283901108687,0.0011728337735031054,0.4227460671082839,0.5744869707281022
35.0,0.019498738470999956,0.9600679070993202,0.017609975997437344,0.00282337843224252
1291.0,0.9998493081248335,1.5068952776640403E-4,2.3463848287450757E-9,1.0151986194351747E-12
1127.0,4.7139923986584923E-8,0.22481463303494834,0.7672322103719434,0.007953109453184226
1474.0,4.7834503933138506E-11,3.36826751500335E-6,0.1430809610786594,0.856915670605991
1008.0,2.2442658583478437E-6,0.21069933582609784,0.7637920457434975,0.025506374164546375
338.0,0.9996553888338172,3.340386309032484E-4,1.0458632285021443E-5,1.1390299443644316E-7
597.0,1.7797681648545258E-8,0.03879230659822864,0.7043260794519145,0.25688159615217515
1672.0,8.508285738403626E-7,0.013352797426922284,0.35222208038685276,0.6344242713576511
132.0,4.360622372060106E-5,0.7717406891569117,0.20871675362492512,0.01949895099444265
1598.0,0.9934753931746007,0.00648894409281477,3.499274996192583E-5,6.699826226954345E-7
429.0,0.9999673001746185,3.2688665828348954E-5,1.1108533805560903E-8,5.101944510358509E-11
526.0,1.2368325943852639E-6,0.8232291194632816,0.09446699532001195,0.08230264838411223
939.0,8.779996905141033E-11,0.0018891380113384775,0.45836735074178087,0.5397435111590807
1396.0,5.875217680481184E-8,1.18191656698981E-4,0.5531198792813453,0.4467618703097789
1233.0,0.923390014950435,0.0759729238535624,5.882470833439073E-4,4.881411265864192E-5
1545.0,1.6705699663806437E-12,0.0012387172711186263,0.4923929563326695,0.5063683263945413
84.0,0.9999738405630653,2.602951009405378E-5,1.287537651663067E-7,1.1730754535434267E-9
711.0,0.9999985938264453,1.4049504726157538E-6,1.2188729774974414E-9,4.20909835358106E-12
1254.0,0.19204807903565288,0.2102336547862038,0.4914040327734993,0.10631423340464394
866.0,4.111044071369773E-5,0.006161740379135554,0.1718054186814599,0.8219917304986909
283.0,0.0015487809541592085,0.9198230793767691,0.0763162551418503,0.002311884527221351
1347.0,0.9999849105234542,1.5087587204930439E-5,1.8503902318030728E-9,3.8950702205490596E-11
1525.0,6.810941375448163E-4,0.33910140546981393,0.350158415230462,0.31005908516217934
825.0,1.0559638968218932E-5,0.1313466552198375,0.8462856616905986,0.02235712345059565
223.0,5.5469191278862345E-5,0.9869746823800838,0.012619337974701722,3.5051045393562824E-4
1104.0,4.398094459245292E-9,0.812161187384652,0.1875439768337693,2.9483138348420355E-4
484.0,0.9999453154688499,8.027117182653986E-6,3.819470175199311E-5,8.462712215525193E-6
668.0,0.2729434666465197,0.6155144301721989,0.10157810270089673,0.009964000480384731
554.0,0.002712496240982732,0.9344594928970789,0.06278290244804188,4.510841389667E-5
447.0,4.4402695023133167E-7,0.3223455840321662,0.533508811536959,0.14414516040392455
1654.0,1.1521691807616094E-15,7.944451432240119E-4,0.7317871849118656,0.2674183699449093
1340.0,0.9981280138366077,0.0018719213969637305,6.31935366465134E-8,1.5728919595514708E-9
911.0,0.9391493451745713,0.060845864540451704,4.7893637339780875E-6,9.212431418340817E-10
125.0,0.980755582834903,0.019243312285886712,1.0620087765765057E-6,4.287043364154758E-8
1177.0,1.2253269697195243E-5,0.23041783649977504,0.41445345425578467,0.355116455974743
1071.0,5.493803126851579E-8,2.887652861684363E-7,0.23832067214141006,0.7616789841552726
980.0,2.3983306676216245E-5,0.9998768139977792,9.893455263960464E-5,2.681429050032245E-7
320.0,0.917601475403005,0.08170341342382535,6.912488960777682E-4,3.862277092054685E-6
1418.0,9.948921894306576E-15,4.0089909392384504E-10,0.0012511885243876118,0.9987488110747033
141.0,9.460217249036299E-9,0.01851941141186872,0.7276095395177019,0.253871039610212
625.0,3.677128126057714E-9,0.0018065333517690624,0.6073860427816389,0.3908074201894639
374.0,1.0756056293550966E-11,0.43331739093617855,0.41051580270877686,0.15616680634428862
952.0,0.9999984395768962,1.2576921140626158E-7,1.2251644750123374E-6,2.0948941735063501E-7
1362.0,0.9999999999881181,1.1879062783278695E-11,2.9565195936875656E-15,1.1401834471501828E-17
1271.0,9.727307035256457E-5,2.8540390174389764E-4,0.3373225956536178,0.6622947273742859
150.0,4.271839151520742E-8,0.6190617825128814,0.3262937854358603,0.05464438933286688
1560.0,1.2640568156082925E-12,7.710206200857354E-7,0.004449809217972177,0.9955494197601437
541.0,1.9650052137716802E-5,0.18221671085485824,0.40045039583197783,0.41731324326102615
393.0,1.1371576718590448E-4,9.655380123041105E-5,0.5609590027536335,0.4388307276779502
582.0,0.8892047629606419,0.1075548682951,0.0031929445174071927,4.742422685096645E-5
30.0,9.692677045791809E-8,0.07676153822358815,0.8717255931434431,0.05151277170619835
51.0,0.04135030799423877,0.9309485714691181,0.027436589337371385,2.6453119927172605E-4
1089.0,3.6025449520606085E-4,0.029614438287868573,0.517773927950098,0.4522513792668274
1508.0,0.3894777862861135,0.4981534992377945,0.10529334924260216,0.007075365233489937
995.0,8.70013334132937E-17,0.0024000465431225308,0.7534062625412635,0.24419369091561385
853.0,0.9999999488783269,5.1120694649728216E-8,9.783467123706776E-13,1.5952461190941503E-16
1160.0,8.514967291119307E-5,0.7399232874358677,0.2489072110179182,0.011084351873302936
196.0,1.0660337463444019E-11,8.341336922681257E-5,0.07995020819117059,0.9199663784289424
1325.0,3.620295553726288E-10,1.226361441008823E-4,0.23195585776567865,0.767921505728191
1639.0,0.9167051946105955,0.07870531340320606,0.004501646140916393,8.784584528193502E-5
752.0,0.9999536335282373,4.636409603923309E-5,2.336876096381202E-9,3.884741778961506E-11
466.0,6.519026273058366E-9,0.0022922320017998345,0.16875277164327612,0.8289549898358978
683.0,0.26536006121093103,0.7034293027776327,0.0311953191959799,1.5316815456252474E-5
1435.0,0.3465275305689682,0.06271543834778986,0.33729981552250055,0.25345721556074147
1086.0,0.0013401519835571792,0.7933276625388739,0.18598636745570185,0.019345818021867175
301.0,8.004363571869967E-5,0.05665046226604889,0.6489313290628133,0.2943381650354192
782.0,9.318928719458308E-6,0.0440496025811383,0.8391977026602617,0.11674337582988045
411.0,0.9988386228873911,0.0010856580086885778,7.080255983581883E-5,4.916544084434966E-6
610.0,0.9999596434418827,3.62909537946394E-5,2.1713009433609284E-6,1.8943033792492332E-6
1033.0,0.9999552250354253,1.9662911142830507E-8,2.6661184500668366E-5,1.8094117162938602E-5
116.0,0.9999500038071467,4.999367323105833E-5,2.518412223707824E-9,1.20995457593453E-12
967.0,1.649099213809846E-14,1.6165214908660176E-6,0.07088195057789576,0.9291164329005969
1306.0,3.996106733968583E-9,3.3360901232766413E-4,0.008527225651173928,0.9911391613403917
924.0,3.7835491941463286E-8,0.004340995771977426,0.6808263833170403,0.3148325830754904
356.0,2.5663365156760183E-4,0.12132177097293251,0.28373093112501463,0.5946906642504852
1215.0,0.8609437684465248,0.13370495287844242,0.004764200810736679,5.870778642961216E-4
569.0,0.40735559367190644,2.512489427395895E-4,0.24647047167975475,0.34592268570559914
1616.0,0.234008916477731,0.7479002076428055,0.017183207806672308,9.076680727911841E-4
159.0,0.9988796413340628,0.0011186126111966705,1.7199003668539607E-6,2.6154373500010123E-8
655.0,2.2192829170007114E-4,0.017732097700676974,0.41897610224524634,0.5630698717623767
93.0,1.71360576942881E-15,4.669634896585757E-8,0.08499445605304798,0.9150054972506014
1491.0,0.9809008410055685,0.01783363898745296,0.0011817702353690402,8.374977160950409E-5
810.0,6.640341944883527E-7,0.018001380713644096,0.7097528156647678,0.27224513958739366
319.0,3.794827420119584E-7,0.21342250508760285,0.738241124926199,0.048335990503456196
1142.0,9.837987027048857E-5,0.1710035666519027,0.8278362063433157,0.0010618471345111493
205.0,1.1471450111657965E-7,8.607064700735343E-4,0.14612321826100086,0.8530159605544245
1216.0,0.0029298187912872287,0.9124265569798168,0.06925768903347972,0.015385935195416362
881.0,0.9998671466554094,1.328197894516625E-4,3.347902774110056E-8,7.611102798225245E-11
1381.0,0.012170135205112035,0.9863810473715152,0.001424046673364947,2.4770750007859998E-5
1583.0,6.191518126271085E-4,0.94723457221572,0.05158060807003008,5.656679016228432E-4
724.0,0.999998533421319,1.4624103317665293E-6,2.0157931885801317E-9,2.152555968213212E-9
448.0,1.4289219539831324E-4,0.30269837597123384,0.6887686078365868,0.008390123996781065
1669.0,0.9981720800837995,0.0014974899035959427,3.275114775027004E-4,2.9185351017385406E-6
641.0,0.9824218784073693,0.01749228142466305,6.557177683774375E-5,2.0268391129842652E-5
177.0,9.317665547571303E-11,0.02870838324899952,0.8979938458148787,0.07329777084294506
1130.0,5.4643480082069905E-8,0.040403138283344575,0.8646530350924763,0.09494377198069914
312.0,1.1250365454833826E-4,0.6597289599654903,0.3387647708235222,0.0013937655564392316
804.0,3.2627524332292887E-9,1.758670730656855E-4,0.39426347158113073,0.605560658083051
1487.0,0.03125153677057221,0.9117934144534038,0.056747793350136896,2.072554258871078E-4
1401.0,0.0014570335223468534,0.008353602898322807,0.30255717897774387,0.6876321846015866
99.0,0.7383339619114067,0.2603167670720358,0.001318920905530305,3.0350111027388295E-5
895.0,3.038445334911575E-11,0.18603137211443865,0.22726113547108642,0.5867074923840905
1244.0,1.3542714897563872E-6,3.3707218992117997E-4,0.01148405622693123,0.9881775173116578
730.0,9.6494816127457E-13,0.03227890752339412,0.7391425917558317,0.2285785007198091
455.0,5.383192259784743E-8,0.030506836933017006,0.9620582938549493,0.007434815380110965
1587.0,2.8830412176651513E-4,0.5533838321622551,0.3960855963329993,0.050242267382979176
620.0,0.9986517644258234,0.0013471471920797398,1.0883650557105776E-6,1.7041155812672748E-11
412.0,1.581535547092564E-8,0.11394161480952462,0.8619279631130276,0.024130406262092344
227.0,0.8037590361895759,0.1817858627172023,0.014436779933674619,1.832115954724445E-5
1456.0,6.91405836091577E-7,0.03355780546225026,0.937722826899326,0.028718676232587646
969.0,0.6569973452989488,0.1523744625844654,0.19059358577636681,3.460634021890997E-5
1045.0,6.955466915269894E-5,0.8384414929506865,0.14676454011070128,0.01472441226945954
1187.0,0.9999146602837559,8.533362661580734E-5,6.089103017265035E-9,5.254211774936485E-13
355.0,5.350371632770664E-6,0.021090609197110238,0.32236014148187303,0.6565438989493839
914.0,0.012252599942996397,0.8918147816457694,0.09246582649438301,0.0034667919168512315
1286.0,0.9999440235248911,5.5628696134218964E-5,3.234290621642735E-7,2.4349912454248147E-8
1612.0,0.999969991050192,2.1561970655191415E-5,8.375551789259743E-6,7.142736347423392E-8
567.0,2.404697341385704E-13,0.0015444902965395786,0.9116616169479703,0.08679389275524961
74.0,0.052113452395748903,0.8923405209950309,0.05414757836907911,0.001398448240141045
1329.0,0.9943214568911108,0.005613052705274727,6.440348928184923E-5,1.0869143327077884E-6
1172.0,5.957807810287175E-9,0.00451363724168055,0.11058787937291,0.8848984774276017
859.0,6.806411812421079E-10,0.001920410790133307,0.5838548278936064,0.414224760635619
469.0,2.5201507242234398E-8,0.21436529910855665,0.715854966387172,0.0697797093027642
766.0,0.05817918692713197,0.9052600030995833,0.03596968121420126,5.911287590835783E-4
1659.0,8.084173087981046E-7,0.010358098957089265,0.2946922137708887,0.6949488788547131
184.0,0.04330937195702791,0.7288799197112266,0.2277724225165518,3.828581519376131E-5
677.0,6.8784576355495335E-9,1.995162262316471E-6,0.01307800058235559,0.9869199973769244
