1658.0,0.006471830332269899,0.021270442221480664,0.21929235071982545,0.7529653767264239
444.0,9.207991009125972E-5,0.34245049268040756,0.5096450457651678,0.1478123816443333
556.0,4.828999014726281E-5,0.09577206832859805,0.8081204876458684,0.09605915403538622
905.0,4.460881279657818E-5,0.9174915006819303,0.07741542320751198,0.005048467297761177
243.0,0.006504731635801074,0.03248697549793165,0.03248697549793165,0.9285213173683355
1328.0,8.751033623591221E-7,0.04228312821223524,0.5260216972381954,0.43169429944620696
1173.0,0.0072709327526758955,0.4756125443185943,0.4876448167870365,0.029471706141693334
1059.0,0.01766857581739825,0.3901963367385533,0.5168216345697005,0.07531345287434782
1414.0,1.3550462696972751E-8,0.024017133363568414,0.36162623558762336,0.6143566174983455
978.0,0.10416793600558825,0.3353881839643497,0.2480285078094738,0.3124153722205882
323.0,1.597623308175181E-8,0.00822672019521449,0.5010632368189157,0.49071002700963656
631.0,0.03460678735462775,0.12072019694406678,0.6433041804011779,0.20136883530012759
66.0,0.9914391707473436,8.827136743434594E-5,0.007149980762182022,0.0013225771230400767
1541.0,0.9909784232669913,0.007270298492179267,0.0016294003648501716,1.2187787597926959E-4
161.0,0.041639127561136816,0.07402511566424323,0.7732980832782551,0.11103767349636484
705.0,0.2622633535289576,0.7054659603922839,0.01844039204500483,0.013830294033753623
280.0,0.053165966563780885,0.5542494597244618,0.34205249564351486,0.05053207806824253
868.0,0.0019179911469488105,0.005188126510930692,0.1778629579997447,0.8150309243423759
1258.0,0.259789593137119,0.1871981303755301,0.5400081297544663,0.013004146732884502
1359.0,2.2185732171769637E-4,0.6755549512915793,0.2843391553134192,0.039884036073283675
107.0,8.605737124729544E-5,0.06450367407340282,0.6377552230301684,0.29765504552518157
1529.0,0.9078506934049324,0.06179568664786397,0.01755559279768863,0.01279802714951501
1116.0,0.021689367861447924,0.021689367861447924,0.05171478139717234,0.9049064828799318
831.0,0.5597311851856236,0.40140493728380644,0.03776009460140571,0.001103782929164234
666.0,1.4263448302751218E-4,0.1926727359696591,0.7415913921405177,0.06559323740679564
487.0,0.9969906904724648,0.0012121593452321614,2.686036734049138E-5,0.0017702898149623801
40.0,0.0077077285893641006,0.013318955002421168,0.8874120041625666,0.09156131224564823
1131.0,0.14397814012856214,0.5050670200841155,0.33966724723634406,0.011287592550978224
337.0,5.862478011568541E-6,0.20938612452817698,0.6093605161629964,0.18124749683081504
1014.0,1.8132523910066076E-8,0.039711305292158654,0.1699551025222181,0.7903335740530993
1486.0,2.159569321911439E-5,0.0686596445220496,0.6506103866935904,0.28070837309114094
1668.0,1.2443229541976871E-8,0.005358055321880257,0.4333540533435804,0.5612878788913098
595.0,0.003643151057005844,0.3886133833602889,0.566067932922291,0.041675532660414294
430.0,5.954829905461553E-6,0.8651210601074832,0.12572792847458925,0.009145056588021864
520.0,0.9631569655745366,0.012112778441248247,0.012365127992107587,0.012365127992107587
1586.0,0.6752845742077349,0.23542821763937108,0.08721513031819467,0.002072077834699336
1400.0,0.7746383407246742,0.17934814183628017,0.01254914111973972,0.03346437631930592
250.0,0.15696408638674098,0.4587689796934965,0.3573248658356212,0.026942068084141242
941.0,8.955181866651762E-4,0.2233075052574573,0.6213495889320562,0.1544473876238214
1245.0,0.08571488265384333,0.8927813209946253,0.017836169633331157,0.0036676267182003024
1457.0,0.009038049541776769,0.0440767301816286,0.024926764986602706,0.9219584552899919
795.0,0.09183673469387756,0.163265306122449,0.653061224489796,0.09183673469387756
1044.0,0.12111856386502455,0.8177651039705484,0.051627166341760594,0.009489165822666517
702.0,4.828999014726281E-5,0.09577206832859805,0.8081204876458684,0.09605915403538622
501.0,0.8210727697822884,0.11907897060078142,0.05864645051562769,0.0012018091013025014
1613.0,1.0928675572836623E-6,0.28658177009979063,0.4966818112293918,0.21673532580326033
741.0,0.2,0.6666666666666666,0.1,0.03333333333333333
168.0,3.107384318253217E-6,4.0571478740377147E-4,0.042252674657626284,0.9573385031706517
1186.0,0.9347790904677132,0.03366240491988995,0.018935102767438095,0.01262340184495873
266.0,0.2040991892727922,0.5533936328347248,0.2201021237130422,0.022405054179440803
832.0,3.6085968279104292E-6,0.06494991724947913,0.5655999473560432,0.36944652679764967
1287.0,0.004357581154697012,0.1831279539434682,0.5697843530837822,0.2427301118180526
649.0,4.828999014726281E-5,0.09577206832859805,0.8081204876458684,0.09605915403538622
179.0,0.001470959920262263,7.216917609538862E-4,0.2554316430251777,0.7423757052936062
1503.0,0.9312513964162125,0.06842135249434551,1.0524080119476466E-4,2.2201028824730574E-4
1146.0,0.0019350746508874951,0.006732196689478201,0.13167269028062778,0.8596600383790065
812.0,1.4510193800793794E-5,0.765801318711295,0.20644125586570058,0.027742915229203507
316.0,0.004429206620838,0.8564398618884862,0.12951032768908383,0.009620603801592088
887.0,3.291883097811034E-4,0.024487588772099892,0.39229708139821107,0.5828861415199079
1228.0,0.00170309222570071,0.9071762223715798,0.08900803989916334,0.002112645503556003
1385.0,0.025442982943739745,0.11901347700345528,0.10863230638931666,0.7469112336634882
98.0,0.20216635690015258,0.6446188060722385,0.12798427045569022,0.025230566571918637
1571.0,0.01786596675860711,0.6293410123308065,0.2975575752466722,0.05523544566391433
722.0,1.1029488976305547E-4,0.5282219134301988,0.35214794228679913,0.11951984939323917
451.0,0.6926440149989878,0.051989095012184676,0.14769629264825196,0.10767059734057564
612.0,0.04661272149922482,0.007805163450491261,0.1774594906644306,0.7681226243858532
408.0,0.4154256086458602,0.04849760047492682,0.5051833382804879,0.030893452598725116
1029.0,0.0030472069622774945,0.5574581401033706,0.4089533062500762,0.03054134668427576
1440.0,1.9322585707776208E-4,0.2047008129698654,0.7279609828035271,0.06714497836952972
225.0,0.9129125741240843,0.07005915824654675,0.006811307051747601,0.010216960577621403
961.0,0.13224263058780544,0.1331745895229881,0.021362190665465266,0.7132205892237411
922.0,3.957745797234552E-4,4.5884494892320263E-4,0.39411106622918407,0.6050343142421692
359.0,1.9374080634100267E-4,0.0010913064505293783,0.12343938300077818,0.8752755697423514
1302.0,1.1757550153393388E-5,0.22946534300179477,0.5894408352736096,0.18108206417444225
1203.0,0.08206235142991672,0.3833893280303824,0.4776603050432325,0.056888015496468304
75.0,0.35770159770033516,0.025019158128328774,0.5961693295005587,0.021109914670777403
1628.0,0.06349206349206349,0.09523809523809523,0.7777777777777779,0.06349206349206349
575.0,0.9239175248091439,0.038677263709766346,0.017602452461689216,0.01980275901940037
1156.0,2.7619504163469707E-4,0.004441174013748812,0.21945603947757797,0.7758265914670386
851.0,0.8408148090708233,0.1294747264683947,0.012603453737565377,0.017107010723216593
1313.0,7.063487790475479E-6,0.0047304445625031884,0.4091207223785171,0.5861417695711892
1643.0,0.44290900549548246,0.36825613213668285,0.11030627442365243,0.07852858794418226
56.0,0.9440424907662776,0.04949786099290367,5.660621975246301E-4,0.005893586043294306
758.0,0.5093982798598892,0.3453436168988142,0.09551217747372921,0.04974592576756729
465.0,0.21045092053002998,0.3989202614757077,0.2660468722499033,0.12458194574435898
186.0,0.06665430497626997,0.8661509532804625,0.06595710733114779,0.0012376344121198552
685.0,0.39385731271519236,0.23116621356616593,0.3483444238809643,0.026632049837677398
1431.0,0.02703005927359936,0.8619689490155423,0.09610687741724216,0.014894114293615974
302.0,0.01991057722590671,0.06009727607182814,0.10330996287019062,0.8166821838320746
776.0,0.9207172574108528,0.05164119680997342,0.022265993502675045,0.005375552276498709
1074.0,0.7083253178921622,0.25369521439008247,0.03139900072220622,0.0065804669955490105
1374.0,1.9254165071693347E-9,0.0024787620402233,0.45215989046724653,0.5453613455671136
373.0,0.1961442158849564,0.7660531916162509,0.02622164315286644,0.011580949345926407
958.0,3.4769278180824757E-4,0.2988345134682504,0.6353621398835997,0.06545565386634165
1275.0,1.1094934057156425E-5,0.031039131952435326,0.031039131952435326,0.9379106411610723
539.0,0.02387184261140184,0.01336266408568266,0.9388936506915138,0.02387184261140184
1556.0,2.3117524733172443E-4,0.16832981320786464,0.7299790518894927,0.10145995965531078
394.0,0.3326059241771579,0.3326059241771579,0.3326059241771579,0.0021822274685263324
576.0,1.5152172614443264E-4,0.6782570069759459,0.25822069229571576,0.0633707790021939
1101.0,1.7370051613297733E-6,0.027252234684936236,0.507490179443694,0.46525584886620847
997.0,0.29539874632266633,0.46322996163374686,0.06185617849318585,0.17951511355040106
232.0,0.00161372195723658,0.43562858332386256,0.44233161668063536,0.12042607803826552
1512.0,0.07463443079467369,0.8550896500444111,0.0692711885672469,0.001004730593668417
1537.0,0.7104228259885447,0.00927246292648992,0.0943667073482529,0.1859380037367125
707.0,1.4817312452144657E-7,0.4557483489315833,0.5280441252439532,0.016207377651339047
281.0,0.2043507008946086,0.05148195492453896,0.11850909779862981,0.6256582463822224
870.0,0.030304551779540664,0.01939491313890603,0.8521137873158416,0.09818674776571176
23.0,0.7985384736186495,0.17202522014913968,0.023577952258317547,0.005858353973893294
1262.0,3.0668067978165635E-6,0.12507820905623077,0.8163897705829853,0.05852895355398608
1355.0,0.9050451009960525,0.08798985758514277,5.622368154367173E-4,0.006402804603367945
33.0,3.3229439041462247E-5,0.2582236400083298,0.5209172005930723,0.22082592995955627
1533.0,4.61949669551428E-5,0.006101666395654259,0.4863747943307211,0.5074773443066695
1112.0,0.9114832820721697,0.07326855963183672,0.011870559207754572,0.003377599088239042
222.0,5.583244615373438E-4,0.6358748407466454,0.3165031085317521,0.047063726260065164
829.0,9.51924508561212E-5,0.839025546572827,0.15321558353498546,0.007663677441331394
664.0,0.18029381213829948,0.7788692684374539,0.017094524410149876,0.02374239501409705
486.0,0.15820852391840692,0.6667924151478549,0.15747844799290756,0.017520612940830668
1662.0,4.723021720236385E-8,0.023760453618340147,0.8605810198147577,0.11565847933668501
445.0,0.05194290837942799,0.7312473178151582,0.20072267754134585,0.01608709626406799
558.0,1.639656729207849E-6,0.058044781602327004,0.6042172451796791,0.33773633356126476
907.0,0.06520933679140421,0.8002964060763246,0.08558725453871803,0.04890700259355316
1332.0,9.624031687588884E-5,3.2080105625296274E-5,0.9535349096258785,0.04633676995162027
1169.0,1.9283680999433253E-4,0.700042047265243,0.2931726949256974,0.006592420999065322
1063.0,7.13618429002605E-6,0.9002994999950965,0.09640460094429673,0.003288762876316729
1410.0,1.2446362584632737E-8,0.023906719949944946,0.34557486979066204,0.6305183978130304
976.0,0.9672200829355413,0.022244467339777443,0.003707411223296241,0.006828038501384874
322.0,0.005112067903057971,0.004704325220948414,0.05665160078444831,0.9335320060915454
629.0,4.599712789464476E-5,0.28073101164000475,0.5432393084448911,0.1759836827872095
140.0,0.0025036272589562896,0.1460756610539148,0.7041810870448518,0.1472396246422771
1461.0,0.8631305355619804,0.07954275345319639,0.04474279881742296,0.012583912167400211
793.0,0.001749027183859502,0.11334790108191536,0.7793204993146006,0.10558257241962471
215.0,1.088284548550132E-7,0.14967894871230075,0.5604088432846179,0.2899120991746265
1040.0,6.080185460666073E-4,0.8766574487241074,0.11671948766990141,0.006015045059924541
500.0,3.2422359630167996E-9,0.008617826305064831,0.953147272258076,0.03823489819462321
700.0,0.006376392740379929,0.006376392740379929,0.0011955736388212367,0.9860516408804189
1609.0,1.1652013692773165E-4,0.6294621108261717,0.33337734293755417,0.037044026099346435
80.0,0.046332375488690715,0.03909294181858279,0.8754817408741437,0.03909294181858279
743.0,0.9680835584126558,0.018839137524469945,0.012802918388097596,2.743856747765442E-4
1190.0,7.879711102082431E-7,0.033249684053426085,0.767058401699729,0.19969112627573465
267.0,0.009994182394670545,0.8389513234304987,0.1417893854659322,0.009265108708898604
834.0,1.1652013692773165E-4,0.6294621108261717,0.33337734293755417,0.037044026099346435
1283.0,0.07410466973870469,0.3751548905521924,0.5021505326336596,0.04858990707544327
1135.0,0.097799511002445,0.4400977995110025,0.2310513447432763,0.2310513447432763
1012.0,2.061971086800127E-4,0.8802465864885497,0.1185594770313143,9.877393714559386E-4
336.0,0.75,0.08333333333333333,0.08333333333333333,0.08333333333333333
1482.0,0.8539424555238304,0.06676916318910607,0.037557654293872166,0.041730726993191296
133.0,0.0027695222100072433,0.22574892595402354,0.6690709326888282,0.10241061914714106
1664.0,2.9927126761248086E-6,5.476212610904329E-4,0.6542906816554803,0.34515870437075324
593.0,7.476129457270396E-4,0.11142578743254737,0.3764798261769789,0.5113467734447465
522.0,0.05995674042233581,0.26295791407571556,0.6746949418048308,0.0023904036971180063
431.0,0.1101139050290993,0.7412279728849593,0.14183750673927695,0.006820615346664454
1590.0,1.2153610542573826E-4,0.09500118621921426,0.573271807424473,0.3316054702508868
1404.0,0.002050395326183123,0.7118117644368656,0.27416967572522427,0.011968164511726848
943.0,0.1797919470063236,0.3106804844269273,0.467388830987142,0.042138737579607094
121.0,0.6447598851133807,0.3271500901507642,0.019371614195954415,0.008718410539900814
1241.0,3.442359664375359E-5,0.19169725239628504,0.5346809546909733,0.27358736931609795
409.0,1.559722795547129E-5,0.9303993324807461,0.011957122483338328,0.05762794780795992
614.0,0.014340413407997658,0.32658222574371903,0.5961675162344715,0.06290984461381173
31.0,0.5556825500962688,0.2903860611240292,0.0535490156859731,0.10038237309372895
49.0,0.9239175248091439,0.038677263709766346,0.017602452461689216,0.01980275901940037
1025.0,1.6696367360293783E-5,0.045515773039533594,0.3202697792988568,0.6341977512942494
1444.0,3.158938617654443E-6,0.021145727052569747,0.5679751879951958,0.41087592601361694
963.0,0.004245403375496654,0.2403840351773213,0.5762141278927302,0.17915643355445196
920.0,5.745859173593361E-6,0.026543742452181395,0.869399321606696,0.10405119008194903
358.0,0.6101344200455612,0.32467715802500674,0.03440396232982089,0.030784459599611264
1298.0,0.07295208601627466,0.07295208601627466,0.8464016626454217,0.007694165322028968
1207.0,0.8653212979261277,0.04202852193404531,0.04887046979186305,0.04377971034796387
1624.0,0.9938902939394988,0.005611340613173725,8.611149570868874E-5,4.1225395161879566E-4
158.0,0.0035203215630559676,0.406003220662222,0.5049588181131525,0.0855176396615696
573.0,1.498206262028068E-5,0.0867901569690995,0.6897263509306754,0.22346851003760482
651.0,5.19074629308496E-7,0.0990864819019507,0.5210920617061551,0.3798209373172649
1499.0,0.4700113603935964,0.456161084546318,0.07109793045716398,0.0027296246029216483
1150.0,0.005187714772482211,0.36017859068287345,0.543725432611936,0.09090826193270843
814.0,0.03316243129617916,0.842700375510453,0.11306668441316994,0.011070508780197958
317.0,0.9927623064632555,3.240758300034751E-4,0.003456808853370401,0.003456808853370401
885.0,0.01883663074107205,0.1397897121089366,0.36731154857649145,0.47406210857349984
204.0,0.9952374741401153,0.0022396216100486984,3.4775040668810173E-4,0.002175153843147762
1224.0,0.11569362613818962,0.7694161756829137,0.08355650776647026,0.031333690412426354
1389.0,2.6316818568044556E-4,0.48380781578146986,0.4318405748773838,0.08408844115546585
1575.0,0.18312884555827885,0.5794845899003368,0.21476795062142484,0.022618613919959504
450.0,0.011827956989247308,0.9107526881720429,0.038709677419354833,0.038709677419354833
720.0,5.332644770111357E-4,0.13940349051826414,0.8600422524598215,2.0992544903240522E-5
1370.0,1.590088866971986E-4,0.1046660556014016,0.6002887734520007,0.2948861620599005
956.0,2.5803676036418525E-10,0.028566911921975927,0.8661108909894747,0.10532219683051278
372.0,0.8503565003104763,0.12986452799755013,0.010573805594894134,0.00920516609707954
1279.0,0.8279572579729114,0.12113301648627862,0.007822929770644041,0.043086795770165894
537.0,3.5731975401587885E-4,0.003986672595705133,0.1609801200214262,0.8346758876288528
1552.0,0.9881288040220164,0.011643722356537737,1.7066686111531367E-4,5.68067603305105E-5
151.0,0.14147840900474146,0.6453388637914653,0.07170431819905171,0.14147840900474146
578.0,0.01370961919131016,0.01370961919131016,0.0866583336537136,0.885922427963666
395.0,0.0016730488863584206,1.960604163701274E-5,0.7487305088040034,0.24957683626800115
1097.0,0.0013354303436635716,0.7518181585906156,0.22443971203465682,0.02240669903106396
112.0,0.186134617796512,0.7379471794387481,0.05916481687067744,0.01675338589406238
999.0,2.624390832065133E-6,0.3037019100342836,0.6053286740201335,0.09096679155475099
1516.0,0.003631057562114434,0.9867625027581893,0.009604417867356253,2.0218123398731604E-6
1152.0,0.38648222303118557,0.05824535857298872,0.454313796869312,0.10095862152651379
197.0,2.412324436681417E-4,0.40532718683016183,0.5405122418433013,0.053919338882868796
849.0,3.3864252768969115E-4,0.947283564772734,0.05017641263924524,0.002201380060331026
1317.0,7.897004260239687E-4,0.6013250721640273,0.377406324378271,0.020478903031677542
1647.0,0.005613725446795114,0.18416210970066946,0.4540605243477188,0.3561636405048166
756.0,0.008843298719118743,0.3463362999726341,0.5053803781163407,0.13944002319190646
464.0,0.05379225543020057,0.0661896892988796,0.27232329311539033,0.6076947621555295
687.0,6.128394294475679E-6,0.1110950779929175,0.809870059805283,0.07902873380750497
89.0,0.990205375017661,0.009563380455970211,1.8808471268527027E-4,4.315981368367582E-5
1427.0,0.004754609814429916,0.6707064007438953,0.27520921038990764,0.04932977905176723
778.0,7.793519405014853E-6,0.01156498395457613,0.765351327690749,0.22307589483526996
303.0,1.1975806241128262E-5,0.0032878590337784026,0.414348439713346,0.5823517254466344
1078.0,0.8556149732620321,0.07700534759358288,0.033689839572192515,0.033689839572192515
1123.0,0.008141877323875293,0.35079989852574817,0.42458858845423936,0.21646963569613717
1478.0,0.999903754966586,1.101303584984446E-5,3.893328812965755E-5,4.6298709434372416E-5
339.0,0.02776762744260215,0.40129425835642485,0.5106193952200193,0.060318718980953624
1010.0,5.4129348396967576E-5,0.8167275347646072,0.15394386678957028,0.029274469097425607
11.0,0.9128098320877682,0.0764990417002072,0.003283969161497832,0.00740715705052686
599.0,0.05788278982796822,0.1603378929942746,0.29905162773959304,0.48272768943816413
70.0,2.628871011537067E-4,0.7509763594670099,0.2138777742423888,0.0348829791894474
1594.0,5.541215371184323E-4,0.05581553543137866,0.8210670107193936,0.12256333231210936
524.0,0.1486725663716814,0.6902654867256637,0.08053097345132744,0.08053097345132744
428.0,1.2273863880705618E-7,0.0015982790754673674,0.2807102753719458,0.7176913228139481
937.0,0.5093982798598892,0.3453436168988142,0.09551217747372921,0.04974592576756729
251.0,0.9795023338303467,0.015219625262636182,0.0038748253212672825,0.0014032155857499065
1392.0,0.00365311414244135,0.8868365663645804,0.10477916853212495,0.004731150960853292
1237.0,0.0013959573398877455,0.6858065134204674,0.3003731928500916,0.01242433638955323
111.0,0.9899567612825788,0.0029278055349726477,1.0366747563372537E-4,0.007011765706814888
1465.0,0.06772582453792189,0.2668140549568757,0.22077002891040948,0.4446900915947928
1052.0,0.08304644446936721,0.6974922189855759,0.18796520353148957,0.031496133013567414
799.0,6.826746412931905E-5,0.009814717328807013,0.3521871328703241,0.6379298823367395
503.0,0.5115725532874823,0.03756247284816382,0.4507496741779659,1.1529968638801878E-4
698.0,0.8653080184769282,0.05657204227957312,0.003495141851116574,0.07462479739238216
1605.0,0.9825894474174869,0.016804075720483733,3.374628234470931E-4,2.690140385822977E-4
169.0,0.9265974367432868,0.06733082759521007,0.005673756692252489,3.979789692507109E-4
737.0,0.22804470823437797,0.6946208011879866,0.07326728004760023,0.004067210530035215
836.0,6.967204516476777E-4,0.06513897673687893,0.7775118265711787,0.15665247624029474
264.0,0.9999981064783349,7.128025260381358E-7,9.261305061416135E-7,2.5458863303631847E-7
1295.0,0.16021030008227108,0.20510982244721504,0.5933927231048682,0.041287154365645715
552.0,3.7394741378709964E-6,0.04058450533167649,0.8518484062682349,0.10756334892595082
446.0,4.210956715455332E-4,0.6380972221429174,0.35698999502238493,0.004491687163152354
1650.0,0.8279572579729114,0.12113301648627862,0.007822929770644041,0.043086795770165894
1336.0,0.0035348632781113274,0.7701489288030547,0.2067995442469012,0.019516663671932805
242.0,2.6316818568044556E-4,0.48380781578146986,0.4318405748773838,0.08408844115546585
909.0,2.4004780934111214E-5,0.136331397795052,0.38405685081529495,0.47958774660871895
1181.0,9.431738490668257E-10,5.59655563413032E-4,0.08023616450498328,0.9192041789884299
42.0,2.538265200133286E-7,0.024389263669961258,0.357650366896359,0.6179601156071598
1067.0,3.1344072558719035E-8,9.919484141771538E-4,0.2406856815484512,0.7583223386932991
982.0,3.5667543972858155E-4,2.7450749375366204E-4,0.1498575339385689,0.8495112831279489
321.0,0.8429469180822717,0.0989525828200724,0.003936274525982912,0.05416422457167293
1422.0,0.02747671935191358,0.4549006661824882,0.4931254510877763,0.024497163377822
627.0,1.7987065938857895E-4,0.027731731532018213,0.7814883580153518,0.19060003979324144
1549.0,0.14194456564255248,0.16186629705114214,0.6901940892673742,0.00599504803893119
709.0,8.900708197435056E-7,0.4345788657544236,0.5369464055329004,0.028473838641856198
160.0,0.006194649500549277,0.2597068688468292,0.6485568164642148,0.08554166518840663
1250.0,0.012240972595245233,0.00443675838755888,0.10137095698800097,0.881951312029195
864.0,3.6568891330083895E-4,0.07179759902496767,0.3799921378198043,0.5478445742419272
282.0,0.003631057562114434,0.9867625027581893,0.009604417867356253,2.0218123398731604E-6
1351.0,0.0702063740174009,9.255723137059689E-4,0.7740567113907443,0.15481134227814883
1521.0,0.0664941660138405,0.5502286329238926,0.25735820306803925,0.12591899799422773
827.0,1.1424599538778435E-4,0.17151419654726013,0.5657029387522982,0.2626686187050539
1108.0,0.9114832820721697,0.07326855963183672,0.011870559207754572,0.003377599088239042
485.0,0.9854510514614011,0.014444748942030952,1.976779659992248E-5,8.443179996798746E-5
670.0,0.9688834734555959,0.029138860015159612,2.9076009013699914E-4,0.001686906439107501
855.0,3.204868409098395E-4,0.817930201575795,0.1787786839378942,0.002970627645400931
15.0,0.9997105737063205,1.452156632779466E-4,4.437010452861716E-5,9.984052587283765E-5
1164.0,0.009289215340345582,0.18410246028911903,0.5731360569737463,0.2334722673967891
1321.0,0.002374711242029172,0.2358623419634037,0.5524053062166682,0.20935764057789893
102.0,3.1340331052270765E-8,2.8526665775578017E-5,0.9906376328743491,0.009333809119544128
1635.0,9.657823058723573E-7,0.27234466818969577,0.5161838998078635,0.21147046622013485
467.0,1.2746164711259112E-4,0.3707666787791841,0.6074266310958013,0.021679228477902053
754.0,1.9115095094009401E-4,3.688687476077035E-4,0.06827333028041183,0.9311666500210404
681.0,2.5428070932470916E-6,0.3555372911901975,0.502618966306543,0.14184119969616626
187.0,0.06569343065693431,0.20437956204379568,0.46715328467153283,0.26277372262773724
1439.0,5.4129348396967576E-5,0.8167275347646072,0.15394386678957028,0.029274469097425607
1082.0,0.1323529411764706,0.36764705882352944,0.36764705882352944,0.1323529411764706
300.0,0.41680520527035725,0.423688596524459,0.15528803321142537,0.004218164993758329
780.0,0.997110691580146,0.0028582405012126505,1.945852850391733E-5,1.1609390137419061E-5
954.0,1.691637024890008E-5,0.07971583216299208,0.6937286860208913,0.2265385654458678
375.0,0.45112326348108195,0.5417072269021305,0.0063278939420689925,8.416156747185845E-4
1366.0,0.9783452593634107,0.02142615237580762,1.0591690612730868E-4,1.226713546543965E-4
1267.0,0.9864733453963237,0.012387539429888815,7.083140389615475E-4,4.30801134826009E-4
79.0,1.7792570768778262E-6,0.4145615061485677,0.5418577696833319,0.04357894491102369
1564.0,2.0039978223538032E-7,0.03500746158760276,0.8693978420373721,0.09559449597524289
543.0,0.895042693218358,0.10111465572842165,0.0028889901636691903,9.536608895511176E-4
580.0,0.9675711716216097,0.031863927232392564,3.4271598612780273E-5,5.306295473849313E-4
392.0,0.09655459659907871,0.3665660143946387,0.5208346261430425,0.016044762863240112
1093.0,0.9688724227807561,0.026570354415489827,6.713260059534878E-4,0.003885896797800703
1504.0,0.5646086116309073,0.30783333122266116,0.06377902857321581,0.06377902857321581
233.0,0.9918886617684302,0.007432961818090932,4.865605432734515E-5,6.297203591516607E-4
993.0,0.5341999273102216,0.38381007381012905,0.08184590671640259,1.440921632467774E-4
178.0,0.01101032381347643,0.8186786460435402,0.09201873536399287,0.07829229477899047
653.0,7.590776983697057E-6,0.9217797185161217,0.07733488296810594,8.778077387886397E-4
1495.0,0.9129125741240843,0.07005915824654675,0.006811307051747601,0.010216960577621403
808.0,0.47637578549892784,0.3359819406418106,0.16062423474403031,0.027018039115231228
318.0,0.008596909496925263,0.4480722358035743,0.5362252051282909,0.007105649571209598
1138.0,0.33303060113741967,0.5336135832675408,0.09477583246928713,0.038579983125752365
1220.0,0.24452876775973262,0.22291968413756522,0.5312605848814403,0.0012909632212618999
883.0,0.013955892487939353,0.013955892487939353,0.1256030323914542,0.8464851826326671
1377.0,1.8589725922420322E-7,0.9470356394529009,0.052039335158186546,9.248394916532236E-4
1579.0,0.0308717506431537,0.856320974209101,0.056350309951201626,0.05645696519654372
58.0,1.019813434220385E-6,0.0033483505074786155,0.33557570314018037,0.6610749265389069
449.0,1.0646425530525846E-5,0.0011306218354518796,0.1601108691087147,0.8387478626303029
726.0,2.692817624283513E-7,0.24450733201532543,0.6227073182167174,0.1327850804861947
410.0,0.9440424907662776,0.04949786099290367,5.660621975246301E-4,0.005893586043294306
608.0,0.0052302043130420875,0.49844511867931046,0.4674756681987935,0.028849008808853962
1037.0,0.003734819949183735,0.03318335608910653,0.33237773087534767,0.6307040930863621
965.0,5.974052703190928E-4,0.016952076656451442,0.4646947369912353,0.5177557810819942
224.0,0.00764589388010157,0.3013425025530311,0.627139558367524,0.06387204519934345
1448.0,0.7186402751340654,0.25866486571017944,0.012003713871903686,0.01069114528385148
1310.0,0.8279572579729114,0.12113301648627862,0.007822929770644041,0.043086795770165894
926.0,5.074201080035265E-4,0.005330219683942483,0.3500669318350597,0.6440954283729943
357.0,1.1652013692773165E-4,0.6294621108261717,0.33337734293755417,0.037044026099346435
1211.0,7.794327575024044E-7,0.001945153255132339,0.13832936323688533,0.8597247040752248
571.0,6.101942116745558E-7,0.1501239996201321,0.6317360232112232,0.21813936697443298
1620.0,0.009001692969445007,0.08432592552374689,0.8622741771071508,0.04439820439965728
1469.0,0.0020285455348148934,0.04758627555753447,0.7212980316955285,0.22908714721212214
1048.0,7.188156703562294E-7,0.06816335188675249,0.7773531573119087,0.1544827719856684
214.0,2.989240655703603E-6,0.0035483045276265973,0.41642833198844936,0.5800203742432682
797.0,0.008477430712908886,0.5379536317168837,0.4278846220889313,0.025684315481276167
696.0,0.3090303183032553,0.6130362378708897,0.07613329515361265,0.00180014867224254
502.0,1.5637111929562447E-4,0.29049923409804645,0.5274023617820299,0.18194203300062803
1601.0,2.0469898664935817E-6,0.03996309454272902,0.28410918642382554,0.6759256720435789
739.0,0.33068905753059585,0.6664896882857362,0.002645512460244766,1.7574172342311735E-4
838.0,5.940961398318704E-10,2.1143481779759793E-4,0.02157736244033002,0.9782112021477762
265.0,1.0779828033257984E-7,1.221915447825774E-4,0.15284597354336477,0.8470317271135723
1198.0,0.9999147053355635,8.444749899104529E-5,7.843519383637627E-7,6.281350713422856E-8
22.0,0.001989702468785253,0.03315327145194456,0.29293685524341023,0.6719201708358599
35.0,0.0015423811844021192,0.6949963589946029,0.2657663890482815,0.03769487077271352
1291.0,0.7138078484719806,0.27744644664759543,0.00864319990358357,1.0250497684036503E-4
1127.0,1.7121067385342392E-4,0.5651858605035858,0.3783794801003317,0.05626344872222915
1474.0,0.041436464088397795,0.07458563535911603,0.7734806629834253,0.11049723756906078
1008.0,1.6249084652008886E-5,0.23034806498976332,0.7053190126165682,0.06431667330901653
338.0,0.6645171531587369,0.27342792149089307,0.05847629103981351,0.0035786343105564723
597.0,1.1531341862255095E-6,0.4890224382855364,0.41215832323146967,0.09881808534880765
1672.0,0.001788023111496387,0.26247447384146955,0.5035830579481079,0.23215444509892622
132.0,0.10871764502018776,0.8359293402633986,0.04940644819685847,0.005946566519555167
1598.0,0.9795023338303467,0.015219625262636182,0.0038748253212672825,0.0014032155857499065
429.0,0.9129125741240843,0.07005915824654675,0.006811307051747601,0.010216960577621403
526.0,0.2201834862385321,0.08256880733944955,0.5504587155963302,0.14678899082568808
939.0,3.383087212929291E-5,0.42367027963556037,0.5589639499085999,0.01733193958371047
1396.0,1.0353356919534584E-4,0.054103765159902624,0.7245982427506829,0.22119445852021916
1233.0,0.6588997547036816,0.31221781914780716,0.026300649983919844,0.002581776164591482
1545.0,0.0016145156664595817,0.09015368965756737,0.4828736534355574,0.4253581412404156
84.0,0.45953932373892886,0.5045618476073193,0.03528821106969735,6.106175840545472E-4
711.0,0.9951031098623419,0.0047823518138123125,1.6001346804301722E-5,9.853697704153369E-5
1254.0,8.98679820542635E-4,0.4643208428285111,0.41457397884493025,0.12020649850601604
866.0,1.628143784938255E-5,0.11696206786195704,0.19493677976992838,0.6880848709302653
283.0,0.8637578112205421,0.11758710317122353,0.012747022660813328,0.005908062947421339
1347.0,0.8484848484848485,0.07575757575757576,0.030303030303030304,0.045454545454545456
1525.0,0.055735713647877994,0.7142226899291554,0.22122403234976726,0.00881756407319945
825.0,0.13874081683879244,9.477158074694211E-4,0.47892879728186694,0.3813826700718713
223.0,0.002410756683433426,0.8830901422301067,0.10863780777539231,0.005861293311067408
1104.0,0.05495428109114779,0.8414874292082005,0.06838754980231723,0.03517073989833459
484.0,0.9618645193115347,0.024256632608915918,0.010228079758386438,0.0036507683211628016
668.0,0.5568042491628616,0.08405861249439338,0.2770486495786891,0.08208848876405601
554.0,0.36273282408660534,0.41063797824094606,0.15573136118778275,0.07089783648466584
447.0,0.028354365774862784,0.012249086014740729,0.29484110036204975,0.6645554478483467
1654.0,1.498206262028068E-5,0.0867901569690995,0.6897263509306754,0.22346851003760482
1340.0,0.7813439067009753,0.20830748537978414,0.010088293931199302,2.6031398804129025E-4
911.0,0.9715660662425508,0.02788759337544254,4.414038401013056E-4,1.049365419052524E-4
125.0,0.9795023338303467,0.015219625262636182,0.0038748253212672825,0.0014032155857499065
1177.0,0.20566769063250312,0.5205963419135234,0.21667048889679338,0.05706547855718015
1071.0,4.3400092258783944E-5,0.023906008000961612,0.861511333319686,0.1145392585870936
980.0,6.213486106949229E-4,0.8958443292150613,4.095803830264385E-6,0.10353022637041358
320.0,0.4937198167142468,0.408327990670474,0.010756685260775375,0.08719550735450377
1418.0,4.818511602841137E-7,4.258898489365439E-6,0.005161368705538544,0.9948338905448119
141.0,1.3660941302667253E-4,0.17840985440123142,0.46800529077118097,0.353448245414561
625.0,0.0062176107762724146,0.15115360519781976,0.5859655288437674,0.25666325518214045
374.0,3.409046379997297E-4,0.24230317777412722,0.6192731469683633,0.13808277061950955
952.0,0.9787601904867421,0.0016333172917579787,0.019599807501095745,6.68472040425595E-6
1362.0,0.6,0.2,0.1,0.1
1271.0,0.0016383622893798742,0.25930297573744426,0.5037229788254717,0.23533568314770423
150.0,2.3655418334664347E-5,0.37711426122043,0.5128236011823029,0.1100384821789325
1560.0,0.03182020471740098,0.03182020471740098,0.2314196706720071,0.7049399198931908
541.0,0.0859705223525831,0.4044173964862102,0.21813683698009279,0.2914752441811138
393.0,1.0410911675172062E-5,0.008786758862204189,0.6344672794238164,0.35673555080230424
582.0,0.9695444435103351,0.028806841164100462,0.00120952391200158,4.391914135627868E-4
30.0,0.1818477140165918,0.5500332090625306,0.12376249857869166,0.14435657834218593
51.0,0.09398292666918763,0.880659689983013,0.017774665168474427,0.007582718179324986
1089.0,6.152818971537301E-5,0.25830961831426763,0.5312982079377998,0.21033064555821726
1508.0,0.029824923737773595,0.9360575846385769,0.026059887423104146,0.008057604200545304
995.0,0.01427849631811679,0.01427849631811679,0.0034044759648538957,0.9680385313989125
853.0,0.9988606521560704,0.0011388678208721708,4.5973798101784734E-8,4.3404925924643636E-7
1160.0,0.0077077285893641006,0.013318955002421168,0.8874120041625666,0.09156131224564823
196.0,7.988203542289635E-7,0.02726884880263842,0.6990948850088389,0.27363546736816863
1325.0,0.007617246139049962,0.008569401906431207,0.9326467773062066,0.05116657464831227
1639.0,0.03447278101504178,0.9348248983934366,0.01723639050752089,0.013465930084000695
752.0,0.7307692307692308,0.19230769230769235,0.03846153846153847,0.03846153846153847
466.0,1.4393622578807907E-6,0.014769284562887237,0.30054024020235776,0.6846890358724972
683.0,0.004198430602576291,0.5401704580262149,0.4269025977354947,0.028728513635714135
1435.0,0.005070911080368171,0.0791309917659514,0.4394990699319818,0.47629902722169865
1086.0,2.773661582807707E-6,0.47612507725235265,0.43391029055416525,0.08996185853189931
301.0,2.790056732157056E-4,0.09667246416969165,0.7551498712259879,0.14789865893110477
782.0,0.15945026896052805,0.46568095004596544,0.13323363446315306,0.24163514653035353
411.0,0.05620498717052192,0.7608361003695495,0.17138913031319553,0.01156978214673299
610.0,0.9987476591698122,0.0012138449897163652,3.27262031767769E-5,5.769637294735014E-6
1033.0,0.9960905975655866,2.74051269783256E-4,7.586491903390359E-4,0.0028767019742911328
116.0,0.8539424555238304,0.06676916318910607,0.037557654293872166,0.041730726993191296
967.0,6.445527491696257E-4,0.018698221745150387,0.4168474744532517,0.5638097510524283
1306.0,0.01050571859839092,0.0015467451985247515,0.053870459488228904,0.9340770767148554
924.0,1.3957132235862299E-5,0.016335249085261384,0.3730236846743488,0.6106271091081539
356.0,0.012185162943999258,0.09878738640197343,0.7910448612543894,0.09798258939963787
1215.0,0.04349920376131013,0.8581534466726076,0.0659759454600211,0.03237140410606112
569.0,0.005594918125831407,0.020724562893591918,0.4100951126758562,0.5635854063047205
1616.0,0.9690355443478925,0.030415387104859963,1.950920089968546E-4,3.5397653825070013E-4
159.0,0.8125,0.0625,0.0625,0.0625
655.0,0.0037025631822580453,0.24026063913524814,0.5840250798479455,0.1720117178345485
93.0,1.3231082011842554E-7,6.529865482914761E-4,0.13909508376588473,0.8602517973750037
1491.0,0.021092102179517225,0.7614248886805719,0.14998828216545582,0.06749472697445512
810.0,1.6972505784120696E-6,0.08181778419769285,0.5300775601185392,0.3881029584331896
319.0,4.5873447827008886E-6,0.41698149051673805,0.45918451042190733,0.1238294117165719
1142.0,9.658735950253872E-4,0.028382325122679283,0.9495701567272342,0.021081644555061157
205.0,0.002178080504516308,0.5217924122561646,0.41175821390686385,0.06427129333245526
1216.0,0.05006300353473428,0.49662263501411447,0.3512651049556532,0.10204925649549809
881.0,0.9603013438172215,0.03164562339996097,0.001837197205358328,0.006215835577459259
1381.0,0.06454943408802173,0.7779197267908308,0.11256973067325443,0.044961108447893125
1583.0,0.9695919850000053,0.001650099965386045,0.014850899688474405,0.013907015346134241
724.0,0.7341294730711301,0.20963504761843493,0.05241932001122029,0.0038161592992147484
448.0,0.03070007830853563,0.776219263899765,0.16238057948316367,0.03070007830853563
1669.0,0.9984006649085837,7.68929767224417E-4,7.883895157751736E-4,4.201580841681454E-5
641.0,0.813076217461509,0.17925454364134497,0.004364456163191188,0.0033047827339547538
177.0,8.005329705105444E-6,0.08345767696593662,0.5523238971030776,0.3642104206012806
1130.0,0.0023699516076088377,0.1585202076163671,0.7801811401716553,0.05892870060436875
312.0,0.0027757359343294112,0.7850778630046269,0.20266215175983393,0.009484249301209672
804.0,2.7455775233921265E-7,0.011607676313492006,0.47244315534476367,0.515948893783992
1487.0,0.6252298994828883,0.2896679169079789,0.08388383361910748,0.0012183499900252602
1401.0,0.0025465665085463267,0.08279927238598894,0.6664404655006896,0.248213695604775
99.0,0.16301327630454246,0.7443219202315382,0.07958393010621054,0.013080873357708814
895.0,3.310710961107087E-10,0.017997738069306216,0.20866002155986255,0.7733422400397602
1244.0,0.013773824911764505,0.6512109827206031,0.27527054112069993,0.05974465124693239
730.0,1.498206262028068E-5,0.0867901569690995,0.6897263509306754,0.22346851003760482
455.0,1.9322585707776208E-4,0.2047008129698654,0.7279609828035271,0.06714497836952972
1587.0,1.944159659998657E-4,0.23117834315686445,0.5864071494748008,0.18222009140233497
620.0,0.9261347804084186,0.07218683842011855,6.979098404684578E-4,9.804713309944084E-4
412.0,2.756428303105324E-6,0.09783064878182587,0.8490479797092171,0.05311861508065391
227.0,0.18605155531323445,0.7218481843513461,0.019562976966519444,0.07253728336889992
1456.0,2.9569103317983865E-4,0.09620462498359308,0.35737003746331397,0.5461296465199131
969.0,0.47269526720243127,0.35926857796990075,0.13840769218266685,0.02962846264500108
1045.0,2.2302370856951845E-5,0.6368587007358869,0.31750441714148164,0.045614579751774575
1187.0,0.9968120662506819,0.0031396981736370867,6.093808535910195E-7,4.762619482744642E-5
355.0,4.053465853166438E-6,0.21382010587032557,0.4096408071048088,0.37653503355901236
914.0,0.0029556277040797357,0.7074868033424111,0.25740210915946354,0.032155459794045646
1286.0,0.8989198045055823,0.09781032665001,0.003233349250117614,3.651959429012238E-5
1612.0,0.984887639341348,0.013877377985652747,0.001210851266223187,2.413140677615899E-5
567.0,1.3740694099615413E-10,0.01581704780269059,0.5616738116104335,0.42250914044946897
74.0,0.5891335372147929,0.0013251590104315823,0.37568257945735345,0.033858724317422234
1329.0,0.8637578112205421,0.11758710317122353,0.012747022660813328,0.005908062947421339
1172.0,0.039835182593453915,0.1219952466924526,0.13576961641319205,0.7023999543009015
859.0,1.1149545342475545E-5,0.054408060569619617,0.43796163550821976,0.5076191543768183
469.0,4.727494486472102E-9,0.04380351415288533,0.9081428998957424,0.04805358122387772
766.0,0.02580464750561339,0.7047962788613548,0.2679758917487911,0.0014231818842407587
1659.0,9.904111923022835E-5,0.4272676528287236,0.31876482544160245,0.2538684806104437
184.0,2.82746539576216E-4,2.0708975066617387E-7,0.2999151139112019,0.6998019324594712
677.0,0.010560869656534307,0.023330386735581007,0.4552361508240099,0.5108725927838749
768.0,1.3334522274615665E-6,0.4219070286102685,0.5576683787697263,0.020423259167777777
298.0,4.771587421724588E-5,0.48506327405896343,0.42831706597862207,0.08657194408819725
1058.0,0.014240046498111017,0.6456594843691619,0.17005023456636362,0.17005023456636362
1415.0,2.756997025283262E-7,0.0037137496308011567,0.3495720982113497,0.6467138764581466
44.0,0.010174374218850769,0.0620805972247455,0.2865153810340358,0.6412296475223679
1259.0,0.7138078484719806,0.27744644664759543,0.00864319990358357,1.0250497684036503E-4
1358.0,0.8910570399858482,0.10894208123761616,1.8856458308098438E-12,8.78774650083228E-7
950.0,0.9440424907662776,0.04949786099290367,5.660621975246301E-4,0.005893586043294306
