1658.0,4.105886492289843E-6,0.014074843166600503,0.4527470730986909,0.5331739778482164
444.0,4.7491429233439644E-4,0.3972302279186277,0.49359085143908954,0.10870400634994838
556.0,3.837702760467356E-4,0.19939605122568313,0.7113254504014255,0.0888947280968446
905.0,3.7995637101280927E-4,0.09157144741642571,0.8387804171717202,0.06926817904084119
243.0,0.001410212004239778,0.15136708024456152,0.5126755967239954,0.33454711102720325
1328.0,4.216719742271107E-7,0.04633771362239807,0.43648296596973096,0.5171788987358967
1173.0,0.004220874409150798,0.7951411970926897,0.1948101098274768,0.005827818670682596
1059.0,0.004530646571589881,0.5032149924478537,0.4657910091349324,0.02646335184562393
1414.0,1.7448506937284631E-6,0.05500598242854679,0.49444301604455604,0.45054925667620344
978.0,2.9584340394575294E-4,0.12371691234957823,0.41506606107674443,0.4609211831697316
323.0,2.6488450436044052E-5,0.09281833322264367,0.7984568727958102,0.10869830553111
631.0,3.086008231817041E-4,0.3886809844714558,0.5324762037789881,0.07853421092637418
66.0,0.9487856666683953,0.04926136867295393,6.172439712689156E-4,0.0013357206873819685
1541.0,0.8830446164189566,0.00823951821705981,0.08582831476103968,0.02288755060294391
161.0,0.0010155601846947339,0.32046462933447395,0.6498387086518386,0.028681101828992642
705.0,0.29337906657722895,0.6089018014782249,0.08356456459921172,0.014154567345334395
280.0,0.0882611565689602,0.10510270317958655,0.6856290103216525,0.12100712992980085
868.0,6.684798028751231E-6,0.003477409953219007,0.42476497209122716,0.5717509331575251
1258.0,0.3213069840455857,0.04836766211799024,0.12859468761350432,0.5017306662229197
1359.0,4.5421678104829074E-5,0.7243190357582594,0.2513525688282837,0.024282973735352032
107.0,5.270835280383408E-4,0.007436671495062153,0.3754069377546212,0.6166293072222783
1529.0,0.10971379535816012,0.7882768165443035,0.08704428350323809,0.014965104594298477
1116.0,0.05983241384086239,0.016827866392742547,0.7694497664719959,0.15388995329439917
831.0,0.7115578935725666,0.2658231772878853,0.01743844541053514,0.005180483729012933
666.0,0.007924915387070465,0.5222699271481845,0.45782474240792675,0.011980415056818308
487.0,0.9638697376429026,4.137052941652369E-4,0.00220642823554793,0.033510128827384196
40.0,1.075677469724778E-5,0.04878305497096362,0.8186804117123733,0.13252577654196593
1131.0,0.16449413195771256,0.6379609706722323,0.19753520572905062,9.691641004528217E-6
337.0,3.646837438884206E-5,0.5105175262924877,0.4019484670930056,0.08749753824011779
1014.0,5.279084589933615E-5,0.7129729374532779,0.21056091770377255,0.0764133539970501
1486.0,1.99416229596795E-4,0.22392912983500954,0.6394497892751216,0.13642166466027206
1668.0,9.417360771008987E-5,0.002560681453496534,0.3308467542302631,0.6664983907085302
595.0,0.010862443843574583,0.4366255099730649,0.5156228628889321,0.036889183294428585
430.0,0.001462050229790616,0.8379749788597467,0.149202792907509,0.011360178002953789
520.0,0.7104664704351576,0.2793146875791499,0.003919239382482294,0.006299602603210187
1586.0,0.6652752904864457,0.26433550404086636,0.030103356618173285,0.04028584885451454
1400.0,0.3656212518195635,0.5108906728140471,0.09454460392674668,0.02894347143964272
250.0,0.020907189383475064,0.2310195841212927,0.5862417580312849,0.1618314684639475
941.0,2.2275165567895239E-4,0.4463459825764292,0.5016573761603398,0.051773889607552054
1245.0,0.2066377811021034,0.7822224287909306,0.002749372154623553,0.008390417952342381
1457.0,0.0274850819379349,0.004009780651192516,0.02996125435848248,0.9385438830523901
795.0,0.020289338013385973,0.5828485156696411,0.32760612095002806,0.06925602536694479
1044.0,0.003432448158312619,0.7018073757935993,0.2514029174336465,0.04335725861444163
702.0,0.03759398496240601,0.15037593984962405,0.7368421052631579,0.07518796992481203
501.0,0.7336857375554475,0.17244720341192663,0.08888796057282289,0.004979098459803059
1613.0,2.2223972457794306E-6,0.02519533279101905,0.800438494899602,0.17436394991213328
741.0,0.5271878446818945,0.45290333428985136,0.011348704443674562,0.008560116584579707
168.0,1.0104095606308753E-6,1.994186640053751E-4,0.059206819125017636,0.9405927518014164
1186.0,0.9773146676393737,0.022160682142743658,3.2861642513979E-4,1.960337927429253E-4
266.0,0.7451846526763183,0.21951899525504678,0.02533797647346382,0.009958375595171076
832.0,5.732687786851322E-5,0.30008884332645513,0.6023944341123032,0.09745939568337326
1287.0,1.95715577479236E-4,0.5409336140447243,0.4329486522548893,0.02592201812290698
649.0,3.837702760467356E-4,0.19939605122568313,0.7113254504014255,0.0888947280968446
179.0,0.0021889653859479955,1.5172515934418597E-4,0.03988735305599242,0.9577719563987154
1503.0,0.9513025663255764,0.04781720005356178,3.973966685605717E-4,4.828369523010946E-4
1146.0,4.383021131741223E-6,0.005648058989473837,0.16349776801188182,0.8308497899775126
812.0,6.307726447541607E-5,0.7323836168942525,0.24024602948075588,0.027307276360516178
316.0,0.009697179939864832,0.7813718163258463,0.19243829892198672,0.016492704812302278
887.0,1.4753509622205837E-5,0.0434334081416212,0.6225686162433509,0.33398322210540554
1228.0,1.6366873232659168E-4,0.7273184103085623,0.24445684684847624,0.028061074110634913
1385.0,0.003238826477340586,0.0052824242108312994,0.16638920722874645,0.8250895420830817
98.0,0.911265802031844,0.084692442157576,0.0019176801967308373,0.0021240756138492284
1571.0,7.708656153875105E-4,0.552924798882405,0.4020212044380522,0.04428313106415525
722.0,0.013717579545172765,0.37320725678367284,0.541263205627912,0.07181195804324249
451.0,0.8359802325278678,0.02473063398448663,0.003213490511774948,0.13607564297587071
612.0,0.0028460211625095755,0.020008940206962214,0.6233325628563805,0.35381247577414776
408.0,0.6224036726322149,0.3213775893708003,0.03853707375663362,0.017681664240351395
1029.0,2.4197692565976775E-5,0.5857079228841701,0.39515081892329706,0.019117060499966927
1440.0,4.782313951603547E-5,0.0190048742550309,0.9801576484680576,7.896541373955407E-4
225.0,0.991185407120091,0.005669140890143408,6.715699236700315E-4,0.002473882066095751
961.0,0.0010166463268385998,0.06239505214757567,0.5132779862077776,0.42331031531780816
922.0,0.0034000173424047547,3.187516258504457E-4,0.019828901140904527,0.9764523298908403
359.0,0.013148824824561948,0.054616925041765095,0.23782698744642247,0.6944072626872505
1302.0,5.150921076907309E-5,0.555003207655788,0.3292276739749495,0.11571760915849338
1203.0,2.0752259798926113E-6,0.002265204030910748,0.29766878827281956,0.7000639324702898
75.0,0.23735277201149307,0.1126498507788922,0.25485559835107685,0.39514177885853785
1628.0,1.6838713540488816E-6,0.014244749385379576,0.8695145995205585,0.11623896722270788
575.0,0.016658660093481766,0.7385032327708502,0.20533029220081708,0.039507814934850935
1156.0,1.9787676447541977E-6,0.011358985525057761,0.37257318625346214,0.6160658494538354
851.0,0.7797658284815279,0.21320478849553007,0.0031735363534727335,0.003855846669469371
1313.0,3.530804051708078E-6,0.09955837619327919,0.5736206656473437,0.3268174273553253
1643.0,4.5649448020761105E-5,0.041417190603982426,0.9358056186641251,0.022731541283871694
56.0,0.43076458618645136,0.3358801575147921,0.1555545436038691,0.07780071269488756
758.0,0.010140968246598357,0.9065019104103649,0.05592209715267415,0.02743502419036262
465.0,0.43935181622110175,0.3437775431034098,0.19483067086826084,0.022039969807227645
186.0,0.03628129517024192,0.5308577516035505,0.41212292272503626,0.02073803050117123
685.0,0.16580310880829016,0.6632124352331606,0.10880829015544043,0.06217616580310881
1431.0,0.04596280569894431,0.7291790900760062,0.21333556232214265,0.011522541902906814
302.0,0.002988734157386842,0.05395013774469769,0.3161168061216803,0.6269443219762352
776.0,0.9386463456467872,0.057363351685009105,0.002719026379545373,0.0012712762886583175
1074.0,0.7451846526763183,0.21951899525504678,0.02533797647346382,0.009958375595171076
1374.0,2.864404805135925E-7,0.007633954105150203,0.4886571405205472,0.503708618933822
373.0,0.41420075934887013,0.4822135042616994,0.05232529359599083,0.05126044279343968
958.0,0.012812732725735418,0.38715122247404815,0.47834427285611464,0.12169177194410184
1275.0,0.013586685412470026,0.18702278950592913,0.7162468816187515,0.08314364346284943
539.0,9.366691863747377E-6,0.07961472543034932,0.8635768496363319,0.056799058241455036
1556.0,1.8732125379480045E-5,0.2707116279532028,0.6734755240618885,0.055794115859529314
394.0,0.2851896066925275,0.6609765022130013,0.04389087492509195,0.009943016169379334
576.0,8.219576874804636E-5,0.5275138239931629,0.36299348314133295,0.10941049709675608
1101.0,3.6025947549878097E-6,0.024381378491141855,0.45838691899782547,0.5172280999162776
997.0,0.9839619811602032,0.001888015850889002,0.001888015850889002,0.012261987138018977
232.0,0.005332761962935337,0.05360493666785916,0.7834731481914419,0.15758915317776356
1512.0,0.22735322526054189,0.11671183494279327,0.38808330423207277,0.267851635564592
1537.0,0.23123505966209643,0.34095880864612504,0.1820843508836477,0.24572178080813084
707.0,1.973679671931748E-5,0.23843151945537175,0.692985059490973,0.06856368425693593
281.0,0.0376780041105379,0.030332499375609594,0.3955171226001808,0.5364723739136718
870.0,2.100164139584004E-4,0.3880558149408695,0.4766565936982797,0.13507757494689246
23.0,0.8662803120704173,0.12730706398083383,0.0021625918545364786,0.004250032094212465
1262.0,3.1193995301807834E-6,0.10538337025357344,0.7988534550413589,0.09576005530553756
1355.0,0.7425937726380797,0.22374498853194813,0.02048949566658821,0.013171743163383926
33.0,4.825182895173116E-4,0.12949336417331422,0.563240464054506,0.3067836534826624
1533.0,5.140662562806747E-7,0.0035336468442603865,0.5416678076535686,0.45479803143591485
1112.0,0.9047068320421897,0.08994469073039102,0.003311132006897576,0.002037345220521778
222.0,2.3083982079949612E-4,0.18750504488696101,0.6197734607150827,0.19249065457715694
829.0,7.417785461015474E-5,0.8308108659567175,0.16313760166666683,0.005977354522005602
664.0,0.36364227208289035,0.5714603598734055,0.01698272560465025,0.04791464243905377
486.0,0.02393535949210411,0.664486573816833,0.2942222598527403,0.017355806838322593
1662.0,3.1570514246162496E-5,0.17397763191075732,0.7637714494539848,0.06221934812101163
445.0,0.38956454089339054,0.44686408661164373,0.11355422373481167,0.05001714876015409
558.0,1.6615753601907547E-5,0.2829322101539498,0.5330663746284499,0.18398479946399843
907.0,0.404989197319376,0.3016794713079949,0.2280086408554386,0.06532269051719064
1332.0,1.6393015494497686E-4,0.07170385696591552,0.5295024966377337,0.39862971624140586
1169.0,2.976607668216911E-4,0.6532704336958615,0.3380760935260855,0.008355812011231539
1063.0,1.7558832446994808E-4,0.8646644890216258,0.13418448331056154,9.754393433427415E-4
1410.0,7.174205297795993E-5,0.08489044643493622,0.5670091402880995,0.3480286712239865
976.0,0.19763980413244572,0.7010269644495063,0.07434066919704457,0.026992562221003498
322.0,4.4379246821020566E-7,1.331377404630617E-6,3.594718992502666E-5,0.9999622776402022
629.0,0.01751149165495772,0.637594937392645,0.32180672829910406,0.023086842653293194
140.0,0.010003229358520925,0.4926324901477337,0.4540721264293082,0.04329215406443713
1461.0,0.13179089178503442,0.2965295065163274,0.33738468296968815,0.23429491872895003
793.0,4.6901658993028105E-4,0.1983571239234616,0.7157631646897776,0.08541069479683042
215.0,2.051589777583602E-6,0.07175646015239155,0.5436604013908027,0.38458108686702813
1040.0,0.0018147456337976704,0.775631348996471,0.19618280819537873,0.026371097174352542
500.0,1.2831012776898754E-5,0.03173875015001365,0.8649461928959541,0.10330222594125546
700.0,3.5570148022293E-8,8.664325937587293E-5,0.09929907741666033,0.9006142437538157
1609.0,9.89522350074421E-5,0.5874094303476424,0.34596742718774565,0.06652419022960461
80.0,1.3468788904921918E-4,0.06110804833132132,0.5318203593233342,0.4069369044562953
743.0,0.9957025331494945,4.097540999252205E-4,0.002005197213489948,0.0018825155370903958
1190.0,3.727257180653213E-8,0.003939043315588753,0.12282482149907224,0.8732360979127671
267.0,0.005435818060920024,0.7360181221667148,0.2396363812888094,0.018909678483555823
834.0,9.89522350074421E-5,0.5874094303476424,0.34596742718774565,0.06652419022960461
1283.0,0.04002073615486007,0.4463686608383955,0.277801166826667,0.2358094361800774
1135.0,0.9383042342409298,0.05184628939770434,0.002638005470853115,0.0072114708905126924
1012.0,0.00151154346285643,0.7531558658493311,0.23542113849678162,0.009911452191030703
336.0,0.33144398512459766,0.6626991258569733,0.002943560600148175,0.002913328418280912
1482.0,0.8196105746187797,0.16756477142882184,0.008785912885170727,0.004038741067227616
133.0,8.429110463599109E-4,0.282881057142342,0.6090947691844443,0.10718126262685387
1664.0,2.1071352570249915E-4,4.6002539086683497E-4,0.39164303429202385,0.6076862267914067
593.0,9.175126072894618E-4,0.0500747486131085,0.4184478756091281,0.5305598631704739
522.0,0.4348080136070028,0.5020680269716025,0.05325669023008446,0.00986726919131026
431.0,0.8036518286954796,0.17604572171287144,0.015201977551347797,0.005100472040301274
1590.0,0.0024573519986149346,0.08797065982495401,0.29496064006027894,0.6146113481161521
1404.0,0.026906684885465194,0.6150260417092956,0.33877846141216855,0.019288811993070473
943.0,0.007862241462288888,0.8387787123434743,0.08014393325928772,0.07321511293494899
121.0,0.9453625550547187,0.04320232859523113,0.004900764150021532,0.006534352200028709
1241.0,6.653017013616866E-5,0.16158673345288607,0.737499028959119,0.1008477074178588
409.0,0.003780761453130898,0.050920401978037044,0.725827448976943,0.21947138759188917
614.0,0.0015042282221428443,0.0631679373952739,0.7624239077654431,0.17290392661714007
31.0,0.0068246311047593326,0.011069277336188055,0.24472498363870443,0.7373811079203483
49.0,0.9571666766679174,0.04075507506688191,0.0014503589136859465,6.278893515146944E-4
1025.0,4.914256332631504E-6,0.057542772605459515,0.43011338660213694,0.5123389265360709
1444.0,1.2712071043706894E-5,0.03296032738127824,0.5631202786335393,0.4039066819141388
963.0,0.001430642086730762,0.057373563613816875,0.5031884318591918,0.4380073624402607
920.0,2.65089317892092E-4,0.017527584433845948,0.6553406229490089,0.32686670329925316
358.0,0.7806494442917047,0.20117777045074042,0.009990814101166305,0.008181971156388596
1298.0,0.007707552262674275,0.17525213682796129,0.7705173512854099,0.04652295962395469
1207.0,0.43382453025008116,0.2952027020549937,0.21883307116322517,0.05213969653169998
1624.0,0.9703777932642402,0.027167087754977823,8.951829715423932E-4,0.0015599360092397338
158.0,0.0019340267714659566,0.10677357460638871,0.654428456669761,0.23686394195238444
573.0,7.75372735934602E-7,0.333522861351237,0.6239666410457146,0.042509722230312415
651.0,1.392784154229646E-5,0.06557194184172448,0.7402906075323491,0.19412352278438408
1499.0,0.19846142460652771,0.6254038132312991,0.15396055483966686,0.02217420732250626
1150.0,0.006535066819936976,0.37740868157650237,0.47560875181864465,0.14044749978491614
814.0,0.007175536720301133,0.7178857373107119,0.24154693450719747,0.03339179146178952
317.0,0.7933958265353986,0.18587388514525396,0.006071255550044828,0.014659032769302542
885.0,3.6370037798440395E-5,0.03942651264823314,0.64139515293481,0.3191419643791585
204.0,0.9994296790573842,1.525663937342584E-5,8.878924125146941E-5,4.662750619909156E-4
1224.0,0.42885972429429564,0.5400450984314787,0.023740444800639894,0.007354732473585845
1389.0,1.0663291283929351E-4,0.7504742802766713,0.22551596527406662,0.023903121536422788
1575.0,0.26465854085781015,0.5126005629204143,0.20390049138196337,0.018840404839812273
450.0,0.01868598429467138,0.5568067511595544,0.36383556569965686,0.060671698846117374
720.0,0.9264334208943844,0.00849669199514574,0.006023473336706316,0.059046413773763566
1370.0,2.7374799769828664E-5,0.186405233845451,0.5715144719772942,0.24205291937748502
956.0,2.8108551732028224E-7,0.3242326157333422,0.6010433662411716,0.0747237369399688
372.0,0.6224036726322149,0.3213775893708003,0.03853707375663362,0.017681664240351395
1279.0,0.9914972501134575,0.006276781489211431,9.537809602665674E-5,0.0021305903013045147
537.0,1.342651635240437E-5,7.43282164779101E-4,0.0841270640870128,0.9151162272318556
1552.0,0.8579621413350551,0.13103110759121045,0.008927516633025035,0.002079234440709432
151.0,0.03269653757753998,0.7687022712107358,0.15500580777500433,0.04359538343671997
578.0,1.6413409694797177E-6,3.233087718947862E-5,0.02962572052516598,0.9703403072566751
395.0,1.9861042079983464E-4,0.0031865250669078546,0.3324613909610025,0.6641534735512897
1097.0,1.8795239064491587E-5,0.781254461451136,0.19884968154380842,0.01987706176599117
112.0,0.41420075934887013,0.4822135042616994,0.05232529359599083,0.05126044279343968
999.0,3.791500421560072E-7,0.15084777628790283,0.745900023300161,0.10325182126189389
1516.0,0.6892968081085685,0.2873779333007699,0.02049669891988851,0.0028285596707730383
1152.0,0.07751142904187013,0.3662674097837745,0.40670794082338896,0.14951322035096648
197.0,0.001538649978996485,0.6088479303220555,0.3743355571296855,0.015277862569262586
849.0,0.04458533409622273,0.6868263523974308,0.24136878372162793,0.027219529784718536
1317.0,0.012812732725735418,0.38715122247404815,0.47834427285611464,0.12169177194410184
1647.0,0.014158367282422814,0.028511425650208356,0.3944531572010352,0.5628770498663336
756.0,1.449878254643497E-4,0.26846584712697963,0.4962895276019403,0.2350996374456158
464.0,1.2460956160003219E-6,0.004692999846888826,0.23853254067806098,0.7567732133794342
687.0,5.055615123852189E-4,0.28397601649115484,0.6375591296471343,0.07795929234932583
89.0,0.9453625550547187,0.04320232859523113,0.004900764150021532,0.006534352200028709
1427.0,0.008867317228479584,0.8572432641140745,0.12458151002437476,0.009307908633071058
778.0,6.11258197887679E-8,3.338284771397245E-4,0.037471035035680736,0.9621950753613596
303.0,0.0019256237453364822,0.005971349750841119,0.4024984131122042,0.5896046133916182
1078.0,0.9557535173936235,0.04260761884836975,9.876618646279618E-4,6.512018933788439E-4
1123.0,5.97752306911217E-4,0.15374261429884156,0.48522600012304856,0.3604336332711987
1478.0,0.9998613524956002,3.62296024150611E-5,4.5212253013329946E-5,5.720564897140301E-5
339.0,0.6143618592587312,0.20481211352446965,0.17878363665114094,0.002042390565658301
1010.0,5.091959056567623E-5,0.6238898212904451,0.28203870149551247,0.09402055762347683
11.0,0.8678510232121651,0.10971525483810969,0.004842846372395145,0.017590875577330047
599.0,0.004474897454929461,0.08537381689428059,0.539794968803117,0.37035631684767295
70.0,2.64849493439027E-5,0.5330792598683005,0.42361980040762287,0.04327445477473261
1594.0,0.03267467658343264,0.16400373588120898,0.677953638495039,0.12536794904031942
524.0,0.9343550422475924,0.04845750421705858,0.001963042772482842,0.0152244107628662
428.0,4.706489245240414E-5,0.003132630020350141,0.5521036085673442,0.4447166965198532
937.0,0.1602781287754768,0.7686901779711779,0.0528518983044269,0.01817979494891849
251.0,0.6198358736159182,0.34074670441552124,0.028620700706956027,0.01079672126160437
1392.0,0.01886960376727814,0.7879941698263816,0.16882227543403558,0.02431395097230468
1237.0,0.052484263437444195,0.8623830911081339,0.07729037863668319,0.007842266817738662
111.0,0.9812286279434465,0.005040175808271176,7.609996157729531E-4,0.01297019663250954
1465.0,3.975149893564861E-5,0.05598821619822074,0.2263472585662465,0.717624773736597
1052.0,0.0029362338498129656,0.4675589031981311,0.4146748004256657,0.11483006252639028
799.0,0.002939738237765869,0.005610428109328402,0.3449767324958168,0.646473101157089
503.0,0.10028826747463707,0.600316538573971,0.28143389865072405,0.01796129530066784
698.0,0.4687284741721991,0.5011006140247796,0.009339724573998839,0.02083118722902256
1605.0,0.9773146676393737,0.022160682142743658,3.2861642513979E-4,1.960337927429253E-4
169.0,0.9874350041576613,0.012124729631120523,2.985646359520261E-4,1.4170157526629363E-4
737.0,0.9087251746604914,0.0313996389041526,0.02596357641887118,0.03391161001648481
836.0,2.6361018524078746E-5,0.010313257768938449,0.20003433618798044,0.7896260450245569
264.0,0.9999867480890362,2.4252069777576027E-6,2.807970964151763E-6,8.018733021871892E-6
1295.0,0.9206924651830477,0.005732833060072332,0.05309176696932989,0.020482934787550106
552.0,0.005392007435354389,0.25045840970052247,0.49017074610556555,0.25397883675855754
446.0,0.9453625550547187,0.04320232859523113,0.004900764150021532,0.006534352200028709
1650.0,0.4324182416953045,0.42538079264311246,0.06409656707449911,0.07810439858708385
1336.0,0.013624366407417801,0.5397865819409655,0.3440351507981211,0.10255390085349565
242.0,3.953211597068528E-4,0.19860663571566303,0.719244448184962,0.08175359493966804
909.0,0.002018657200753934,0.2267996775606928,0.5745883165058332,0.19659334873272022
1181.0,2.6300601601069633E-4,0.0034977437011755224,0.21184623445790302,0.7843930158249108
42.0,4.7022429324386036E-7,0.032855250236035076,0.4263618728931808,0.5407824066464909
1067.0,3.2537148443263294E-5,0.0032238485221946192,0.465143819794694,0.531599794534668
982.0,0.0012784667579467583,0.0012544365458467344,0.15985703911684096,0.8376100575793656
321.0,0.14728682170542637,0.12919896640826872,0.6459948320413437,0.07751937984496124
1422.0,0.16341702728727114,0.3666525796910214,0.42988225728421575,0.040048135737491775
627.0,0.006968129186056692,0.09702035016535149,0.758622322263825,0.13738919838476696
1549.0,0.01805888164563652,0.51099120547861,0.4478769983119219,0.023072914563831676
709.0,1.670157550047726E-4,0.3103654580316107,0.6299701698770641,0.059497356336320494
160.0,1.4412698517239116E-4,0.21547177564216738,0.6444890925581859,0.13989500481447442
1250.0,7.708354258096784E-4,0.0014961184797909507,0.06072580185656512,0.9370072442378343
864.0,0.004294301776001669,0.02238703476662794,0.1893462023328893,0.783972461124481
282.0,0.1672671111281061,0.7752468465320245,0.04779444684725183,0.009691595492617583
1351.0,0.017429428665107688,0.0313671266852634,0.36325130001467454,0.5879521446349544
1521.0,0.13525623166960565,0.527430974987504,0.17102261805380295,0.1662901752890874
827.0,5.144002771262608E-6,0.09122771774433983,0.5011014193269683,0.4076657189259207
1108.0,0.9047068320421897,0.08994469073039102,0.003311132006897576,0.002037345220521778
485.0,0.9335874909549344,0.06235709140217623,0.0027501640174295468,0.0013052536254597265
670.0,0.9895725276882995,0.008076892467317172,2.4111276197580315E-4,0.002109467082407587
855.0,0.011149880350956416,0.3663609416260491,0.5907715667515397,0.0317176112714549
15.0,0.9989005304017401,2.0672959862724744E-4,1.8449018342938024E-4,7.082498162034215E-4
1164.0,6.877280645624052E-5,0.052181122712306044,0.38418566588573,0.5635644385955076
1321.0,0.0015120702441055933,0.13454872970949497,0.5743013279832395,0.28963787206316
102.0,3.3430368465311235E-4,0.1609517892210357,0.6185114356174636,0.2202024714768477
1635.0,7.310994155616147E-6,0.29913180551773333,0.5736518982411166,0.12720898524699442
467.0,0.04601154603961138,0.07405974797963795,0.8549261391439505,0.02500256683680013
754.0,4.655153817306491E-5,1.613837093484682E-4,0.01125024970779571,0.9885418150446827
681.0,0.041666666666666664,0.20833333333333334,0.5416666666666666,0.20833333333333334
187.0,0.05138995092946091,0.4162936540821034,0.47416254869331986,0.05815384629511588
1439.0,1.4494796939835293E-5,0.12085507876053551,0.3607337513331037,0.518396675109421
1082.0,3.6326541377262066E-6,0.07046322626782435,0.5985056537644787,0.3310274873135592
300.0,0.9386322357239814,0.055532497069879054,0.0037443738676611158,0.0020908933384786534
780.0,0.9453625550547187,0.04320232859523113,0.004900764150021532,0.006534352200028709
954.0,0.059937868099152164,0.05549802601773348,0.8246262377839622,0.059937868099152164
375.0,0.50483785787714,0.4782798194530792,0.012497239681839736,0.00438508298794123
1366.0,0.6273706793874844,0.35933702793989475,0.009198106693306226,0.004094185979314598
1267.0,0.7664543524416135,0.1769285208775655,0.035385704175513094,0.021231422505307858
79.0,4.5291014125210954E-5,0.2674565945875181,0.626253324415876,0.10624478998248074
1564.0,0.0017474784674846376,0.3574171690529458,0.5707497184995587,0.07008563398001079
543.0,0.9378658439900416,0.056603898820854176,0.004172717299087789,0.0013575398900164551
580.0,0.7283118719888225,0.2647516641272077,0.004691851736250077,0.0022446121477196217
392.0,0.08333333333333334,0.45833333333333337,0.41666666666666674,0.04166666666666667
1093.0,0.7485842915195549,0.209498501373644,0.015283809180062731,0.026633397926738366
1504.0,0.1820383141307325,0.7418328285907385,0.06830328032742115,0.00782557695110768
233.0,0.9763314523859166,0.016320351129376593,6.955390875491862E-4,0.006652657397157759
993.0,0.21330444936616655,0.6309508700721981,0.1543373892676305,0.0014072912940050325
178.0,0.0010302483694910663,0.5834973002710703,0.35637432139546155,0.05909812996397708
653.0,7.685295376961585E-6,0.8611912796427285,0.13755532060410794,0.0012457144577866046
1495.0,0.991185407120091,0.005669140890143408,6.715699236700315E-4,0.002473882066095751
808.0,0.2197286076464833,0.6425402202360496,0.11895038351058322,0.018780788606883796
318.0,0.03982037545187087,0.2774838656657243,0.556005867950395,0.12668989093200989
1138.0,0.3738766787005361,0.5253719823602871,0.08118742817146483,0.019563910767711922
1220.0,0.008553370504279942,0.05463721570752025,0.522852755521431,0.41395665826676886
883.0,5.97073221730433E-6,0.17348623896493479,0.7412088832156025,0.08529890708724534
1377.0,5.488311092451696E-4,0.18018017082731502,0.7889789766446151,0.030292021418824838
1579.0,0.029971345529551965,0.778980647293581,0.17962533148115958,0.011422675695707474
58.0,3.549796696237613E-6,0.016381333179640873,0.5393501709938073,0.44426494602985567
449.0,0.058238357182133216,0.19222571309704015,0.6230127632706313,0.12652316645019546
726.0,6.539577603112329E-6,0.05754280028182526,0.5631489532208482,0.37930170691972337
410.0,0.8539297812975716,0.1226918520148741,0.0060556122262909375,0.017322754461263287
608.0,0.0020422779434301507,0.33300173450366227,0.4940910482760394,0.1708649392768682
1037.0,0.002135389064287103,0.0064802269391784975,0.24249592294294234,0.748888461053592
965.0,6.387785446825811E-6,0.012327032991944927,0.4332803372011325,0.5543862420214757
224.0,0.004982272535889594,0.4686824521494983,0.47402843569831876,0.052306839616293364
1448.0,0.8678510232121651,0.10971525483810969,0.004842846372395145,0.017590875577330047
1310.0,0.8942056314348207,0.09107613990926358,0.004797143880411978,0.009921084775503686
926.0,1.111896848364098E-5,0.02958227582911649,0.244169483719424,0.7262371214829758
357.0,1.0981800933736803E-4,0.5070801990869394,0.4206483888548318,0.0721615940488916
1211.0,1.2154527847768923E-7,0.012192751439155094,0.3434265401126704,0.6443805869028961
571.0,6.469192185600485E-6,0.1077526156391126,0.6222599836987385,0.2699809314699633
1620.0,0.0023021179276325604,0.11367706878016526,0.7881703451992584,0.09585046809294374
1469.0,1.4466268487296034E-4,0.045962630754922094,0.8117973750265995,0.14209533153360543
1048.0,5.2176808134499666E-6,0.15803116996086294,0.6299996498733654,0.2119639624849582
214.0,0.003767138342805147,0.02815816661285409,0.5702379121948149,0.3978367828495257
797.0,0.005443067873756281,0.0712421058138748,0.783913282334035,0.13940154397833399
696.0,0.4480209674547536,0.4564750134177177,0.06725921350197565,0.028244805625553038
502.0,4.608152098032887E-4,0.1835276930092123,0.611516987884527,0.2044945038964573
1601.0,5.559510087723122E-6,0.05548220951188857,0.4447695253751654,0.4997427056028584
739.0,0.5096850551726091,0.47796336206911233,0.004246638078968204,0.008104944679310411
838.0,4.9462010928190264E-8,5.688134630995709E-4,0.020170470654533104,0.9792606664203564
265.0,5.814010191751552E-5,5.194851710515192E-4,0.16233548099741493,0.8370868937296161
1198.0,0.9919050681199965,0.007505293401415079,2.4739931393216285E-4,3.4223916465617974E-4
22.0,8.410171574467258E-4,0.1335763126267443,0.7135613074258814,0.15202136278992756
35.0,0.0017414953869964805,0.7220002554623475,0.24595191992348361,0.030306329227172267
1291.0,0.48332212024896976,0.48105938168186196,0.03510723367846877,5.112643906994333E-4
1127.0,6.119804683826668E-4,0.5133706526637101,0.41296786276235015,0.07304950410555708
1474.0,0.14695486046923892,0.21711925859153935,0.6353024858740584,6.233950651633369E-4
1008.0,7.768740216670999E-5,0.4291724802903915,0.5289416411290082,0.04180819117843355
338.0,0.8293512652740935,0.12077190370513158,0.031518731813065866,0.018358099207709054
597.0,1.200811408360268E-4,0.19466754256510546,0.6236509225171363,0.18156145377692237
1672.0,4.4979781121020084E-4,0.29191601663327005,0.5099825564352307,0.19765162912028902
132.0,0.010785724860431887,0.7971976293986821,0.16143073379550554,0.030585911945380424
1598.0,0.9571666766679174,0.04075507506688191,0.0014503589136859465,6.278893515146944E-4
429.0,0.991185407120091,0.005669140890143408,6.715699236700315E-4,0.002473882066095751
526.0,0.04066567796858449,0.7137522633097227,0.04880228843343003,0.19677977028826274
939.0,0.007941286027805045,0.3413876291680548,0.6057853540774009,0.04488573072673925
1396.0,0.0036800291854046053,0.13095218947095832,0.38556561395964084,0.4798021673839961
1233.0,0.030921332017495237,0.7508625104007188,0.18832396628325704,0.029892191298528867
1545.0,2.2689621559683485E-4,0.23090755474817742,0.5419094392722922,0.22695610976393363
84.0,0.21016977561036784,0.6789468071760747,0.10816649021129722,0.002716927002260282
711.0,0.94164783168562,0.05478003558620087,0.0015366840172588731,0.002035448710920149
1254.0,7.465220483652657E-4,0.2470730951406602,0.46512067164290005,0.2870597111680744
866.0,3.780617950468128E-5,0.03792920630477745,0.4177743995748148,0.5442585879409031
283.0,0.07118654212696635,0.00790961579188515,0.9182673034838534,0.0026365385972950497
1347.0,0.9486601204477504,0.008051026456477943,9.596393794409302E-4,0.042329213716330846
1525.0,0.9498646896918483,0.03474078556749405,0.00763665400520812,0.007757870735449519
825.0,0.05788427611157015,0.048839857969137306,0.14887931098654875,0.7443965549327438
223.0,0.02948048355853442,0.8678321868488935,0.09714042588208943,0.005546903710482671
1104.0,7.747012357064284E-4,0.9283588407583918,0.07067316411389508,1.9329389200671552E-4
484.0,0.1555733421945949,0.47503749876541695,0.18469457951999413,0.18469457951999413
668.0,0.8283663664969517,0.15621996048940084,0.007753808605701052,0.00765986440794622
554.0,0.734691221174212,0.25229446599283906,0.004752627793398916,0.008261685039549825
447.0,0.0015104852054289256,0.6573279695355443,0.2870794630779419,0.054082082181084803
1654.0,3.104318912393241E-6,0.04887756861539494,0.7789974351948865,0.1721218918708063
1340.0,0.5545735802806498,0.43948316717176983,0.002118054176290436,0.003825198371289959
911.0,0.9216804608335455,0.0715721670988117,0.0032897443459410968,0.0034576277217014772
125.0,0.917480418631484,0.0762583220927313,0.004260495854518659,0.002000763421265987
1177.0,0.9898601628137549,1.452905632811345E-4,0.0010867928650723111,0.008907753757891724
1071.0,0.02631952334585045,0.107471386995556,0.7763717833047572,0.08983730635383623
980.0,2.1039184324331505E-6,0.2356499205348216,0.6796847738653861,0.08466320168135982
320.0,0.20715901966172467,0.5139325018370091,0.2570102625935391,0.02189821590772715
1418.0,9.720878315092633E-6,1.2979498762885096E-5,0.012875873902150996,0.987101425720771
141.0,3.577203319140513E-5,0.11383692803440514,0.7058797437806741,0.18024755615172935
625.0,1.244978694511877E-4,0.05519504105015962,0.7242326298411885,0.22044783123920061
374.0,0.06117478548350515,0.1782646390746672,0.5370240756967849,0.2235364997450428
952.0,0.13039862492950713,0.13039862492950713,0.059915563312892446,0.6792871868280933
1362.0,0.8840654233286159,0.10462586846369944,0.0012477158921105273,0.010060992315574073
1271.0,0.01156793539504167,0.1819626235784601,0.6634483395593856,0.14302110146711258
150.0,0.01900011899437444,0.0035185405545137853,0.9584812214567374,0.01900011899437444
1560.0,3.528655020160738E-5,0.0022869854619690533,0.15612369860588285,0.8415540293819466
541.0,0.19722396071351816,0.44207709911497667,0.2971444966848375,0.06355444348666764
393.0,3.395489459424211E-5,0.005124542512167251,0.3220104805707799,0.6728310220224586
582.0,0.6066375418796968,0.35805660135060596,0.016904892471018965,0.01840096429867826
30.0,0.16656440778043421,0.33744860825553624,0.30364138793925843,0.1923455960247711
51.0,0.20544137413210853,0.7197640745683143,0.029041470486778513,0.04575308081279877
1089.0,1.7827742245321327E-4,0.11179492179304588,0.3578073559423806,0.5302194448421202
1508.0,0.5312843208475433,0.4128893294487265,0.030552028371561728,0.02527432133216858
995.0,7.16172332130959E-5,0.2049456103159008,0.5785096215187998,0.21647315093208633
853.0,0.9838835828224236,0.01573633383959889,7.89627846216516E-5,3.011205533558844E-4
1160.0,3.288787186359831E-6,0.11292984322254988,0.7752126032327005,0.11185426475756326
196.0,0.00502097095199828,0.00232017471929139,0.05931490179655723,0.9333439525321531
1325.0,4.845194044617505E-6,0.003824385862935498,0.24932706573009292,0.7468437032129269
1639.0,0.1390197681472166,0.771499098500989,0.06331899254659257,0.026162140805201822
752.0,0.9746986971813176,0.025061275370585855,6.277781824179202E-5,1.772496298547678E-4
466.0,3.1191504436948014E-7,0.025710693178104826,0.5041177801687011,0.4701712147381496
683.0,0.02244805272689294,0.6497348129907705,0.30877074135732513,0.01904639292501135
1435.0,0.4490454274615522,0.11905680883956812,0.2368550655731715,0.19504269812570804
1086.0,2.3717899967756063E-5,0.3873801086830998,0.49568318481404183,0.11691298860289075
301.0,3.314560869875121E-4,0.16537597888470984,0.5327533771567202,0.3015391878715825
782.0,0.005350913486026638,0.17954686270476386,0.814851399739552,2.5082406965749865E-4
411.0,0.04338530995429788,0.7362395630071972,0.18649510042192075,0.03388002661658427
610.0,0.9329263042477199,0.057987054539052896,0.00694949540479268,0.002137145808434431
1033.0,0.5809324294501269,0.1067532993148458,0.14840649253120886,0.1639077787038184
116.0,0.9141054704236445,0.08378312261763625,6.724875599971036E-4,0.001438919398722124
967.0,5.12732767130822E-7,0.0030099323040497054,0.22642010463611556,0.7705694503270676
1306.0,1.0890149382151555E-4,0.0011097168876321264,0.017652498782790252,0.981128882835756
924.0,1.8662471534693096E-5,0.032761516604501176,0.6944327983781408,0.2727870225458234
356.0,0.007271482058361612,0.021783207209132537,0.7099292619333631,0.26101604879914275
1215.0,0.036876694478351804,0.7648196582589777,0.1562231229094369,0.042080524353233596
569.0,0.9677440899889166,6.316431472950735E-4,0.00869002228462523,0.022934244579163137
1616.0,0.6017610669059514,0.3462028605909758,0.03440825031868486,0.01762782218438784
159.0,0.9162308787108687,0.07556622537758832,0.0046988537681863065,0.0035040421433565417
655.0,3.330484866780998E-5,0.1152687344446618,0.5677939811069503,0.31690397959972005
93.0,9.477099138925495E-5,9.186308851764495E-4,0.2724488357745456,0.7265377623488888
1491.0,0.016966989625479868,0.44549908182778236,0.4236286180388265,0.11390531050791133
810.0,1.8729200471602334E-5,0.17389498236433173,0.5949697690150613,0.23111651942013542
319.0,2.3299247059623053E-4,0.31839706500028303,0.5465544020095667,0.13481554051955397
1142.0,0.002819075554985787,0.08328118868504723,0.844785502709008,0.06911423305095908
205.0,0.3430759240566554,0.1991551849399178,0.12447199058744862,0.3332969004159782
1216.0,0.18852403520898067,0.5676477222115623,0.18251572468085908,0.06131251789859792
881.0,0.9435149766019695,0.050603986400601146,0.001608532620679873,0.00427250437674949
1381.0,0.04152459155753677,0.4885096276766922,0.40172341760044916,0.06824236316532191
1583.0,0.4324182416953045,0.42538079264311246,0.06409656707449911,0.07810439858708385
724.0,0.7022515799852374,0.16389821285216294,0.06692510358129987,0.06692510358129987
448.0,0.11473087818696884,0.2950897072710104,0.5311614730878187,0.059017941454202076
1669.0,0.9422007353291069,0.024996324274576806,0.029447955953441213,0.003354984442875185
641.0,0.43894956774948085,0.4455422438725921,0.08263273818008371,0.032875450197843305
177.0,0.023625630016800445,0.9272330595482545,0.025515680418144483,0.023625630016800445
1130.0,0.0059737408222013556,0.13996208593261794,0.7852994292035889,0.06876474404159197
312.0,2.641966022055652E-4,0.4126295433214702,0.5182540014436824,0.06885225863264179
804.0,7.43479677630951E-7,0.013737277862266374,0.4382804924901528,0.5479814861679032
1487.0,0.02184713319663051,0.728946448325414,0.2373890806465831,0.011817337831372334
1401.0,0.0908136576871872,0.022158929515551467,0.12649387058151176,0.7605335422157494
99.0,0.5522493874051412,0.40689011257642915,0.03293329938993209,0.007927200628497642
895.0,1.6870027542119308E-6,0.3199040125271767,0.5760751792334828,0.10401912123658613
1244.0,0.005797374866422155,0.7668573128272205,0.19295692095010358,0.0343883913562537
730.0,1.1011400641823303E-5,0.30670187287857087,0.5866213337278164,0.10666578199297083
455.0,0.002749588866698775,0.37629434714931415,0.5277783342170398,0.09317772976694738
1587.0,0.0012715154981995157,0.25106294059526285,0.6408954170133976,0.10677012689314001
620.0,0.721548825143653,0.24079039185594073,0.02410196743801929,0.01355881556238703
412.0,3.9214510670907085E-5,0.16069358673766693,0.7613346134155891,0.07793258533607315
227.0,0.7288698195330809,0.24856112533541447,0.017244136223056636,0.005324918908448103
1456.0,2.2999270263778892E-4,0.0753421740065881,0.4299539668885931,0.494473866402181
969.0,0.46454942405597033,0.3554617250972581,0.14849254661864217,0.03149630422812934
1045.0,1.454410313019448E-6,0.31548278101078964,0.532871490567099,0.15164427401179845
1187.0,0.9624224730406562,0.035904516823741656,4.567091524080837E-4,0.001216300983194233
355.0,0.0011662238072953836,0.06760317315401594,0.3746413672655031,0.5565892357731854
914.0,0.0010659296140746414,0.8367932953096469,0.14956862726052675,0.01257214781575174
1286.0,0.4309693116457585,0.5164193500505276,0.051521937814786756,0.0010894004889271244
1612.0,0.03008658880858044,0.16975354663659714,0.6846201408064492,0.11553972374837326
567.0,3.900158706711446E-7,0.039875784099731824,0.48975576353586664,0.47036806234853085
74.0,0.28397103409134405,0.5179125593941452,0.18113500024183832,0.016981406272672344
1329.0,0.8020915675662437,0.1822723299770391,0.00949188054263699,0.006144221914080284
1172.0,3.7273002584385717E-7,0.005866816279487134,0.2774687886433124,0.7166640223471746
859.0,9.630944059976085E-5,0.021495768345775972,0.34843651804170894,0.6299714041719152
469.0,7.665571344507284E-7,0.1284502175057554,0.7946701354802161,0.07687888045689406
766.0,0.050957920019598896,0.6106693232380667,0.33536747263418665,0.0030052841081478687
1659.0,0.014218147657143635,0.31870376599368627,0.44149393767108563,0.2255841486780845
184.0,0.15113012604096554,0.0500521928848005,0.7904378893453791,0.008379791728855043
677.0,3.2020334465799016E-6,0.0017063729649408757,0.11424657336795724,0.8840438516336553
768.0,0.027251439952629596,0.6806131237551811,0.26488399633955967,0.027251439952629596
298.0,3.1095494736173475E-4,0.35970408877960386,0.4936397512795937,0.14634520499344075
1058.0,0.7187612607843135,0.2187323486981925,0.06133855940404856,0.001167831113445302
1415.0,8.398694120893382E-4,0.03332399989231002,0.5185380420840596,0.4472980886115411
44.0,0.041811846689895474,0.041811846689895474,0.07317073170731707,0.8432055749128919
1259.0,0.3384333339552955,0.6327375609250567,0.021621828839735922,0.007207276279911975
1358.0,0.9109990284607578,0.07403176563305672,0.00657316565359701,0.008396040252588433
