1658.0,0.03175734468961195,0.3830628244022333,0.416787044593762,0.16839278631439278
444.0,0.04829112522806383,0.37258450835166435,0.40751646933484753,0.17160789708542432
556.0,0.043703477928282365,0.39730362629167176,0.4223070147445004,0.13668588103554552
905.0,0.03175734468960918,0.383062824402287,0.4167870445937256,0.1683927863143781
243.0,0.03175734468961268,0.38306282440228573,0.4167870445937242,0.16839278631437746
1328.0,0.06612653727930835,0.3899008346562128,0.4049405317803793,0.13903209628409957
1173.0,0.19017116986162938,0.47314478652337416,0.24818069301664658,0.08850335059834988
1059.0,0.16856132147439482,0.451664125790054,0.2812076510626522,0.098566901672899
1414.0,0.024219234848997344,0.43624410081391046,0.42359335725154657,0.11594330708554565
978.0,0.008112413648130779,0.022932240941305648,0.14068357504052018,0.8282717703700434
323.0,0.0011344730092684087,0.01026639641883309,0.8973549858046131,0.09124414476728532
631.0,0.04410564470865455,0.398032746671599,0.4213958643052339,0.13646574431451255
66.0,0.045125783745326296,0.42279568871583284,0.39721984218342193,0.13485868535541887
1541.0,0.7492956775727109,0.17918175076027484,0.05069482258458634,0.02082774908242788
161.0,0.03185197145438096,0.38324421574670847,0.4165379419350618,0.16836587086384874
705.0,0.0012063888438141619,0.007707518442170654,0.9481510142795624,0.042935078434452864
280.0,0.06612653727931549,0.38990083465621,0.40494053178037603,0.13903209628409852
868.0,0.007983394284007805,0.04476403174164632,0.7173793199071997,0.22987325406714615
1258.0,0.059044684334193076,0.3949652505522677,0.41151332802100654,0.13447673709253263
1359.0,0.006725851067771224,0.029241959206955905,0.22792098645587847,0.7361112032693944
107.0,0.05920267747651408,0.39515720992692394,0.4111916486405417,0.13444846395602034
1529.0,0.03176130576775741,0.38307103219415417,0.4167754886667476,0.16839217337134088
1116.0,0.00870256296810407,0.022650998471687053,0.20878420848309018,0.7598622300771186
831.0,0.7602435398298345,0.1646457356681455,0.035056947242350305,0.04005377725966971
666.0,0.037037240802884897,0.4837237942005511,0.3852111739082249,0.0940277910883391
487.0,0.746653649522157,0.18212372889512912,0.05056628433414541,0.020656337248568524
40.0,0.027378826132198164,0.3956808133182682,0.41369131796397446,0.1632490425855591
1131.0,0.03395659871381386,0.38744823406277473,0.4105561862646906,0.16803898095872075
337.0,0.008112413706593435,0.022932240990116107,0.14068357574364052,0.8282717695596499
1014.0,0.19509811255726908,0.44677436806176074,0.24999867714510374,0.10812884223586654
1486.0,0.1686771195432812,0.4516791163365576,0.281119080146458,0.09852468397370329
1668.0,0.04953668843164054,0.3988778260335003,0.3983300754188466,0.15325541011601257
595.0,0.6948905287710722,0.22210912364084576,0.05395201441431254,0.029048333173769564
430.0,0.07364380604588103,0.5258271517454094,0.33867078741776474,0.06185825479094479
520.0,0.19417503245508225,0.41169845437865377,0.26295961181099814,0.13116690135526587
1586.0,0.05904468441735876,0.3949652511077282,0.41151332750548975,0.13447673696942333
1400.0,0.03340503273079874,0.5040021841950144,0.31735420129876124,0.14523858177542548
250.0,0.1688601131025029,0.45165162544765913,0.28096469738400537,0.09852356406583258
941.0,0.17778314395753372,0.39940050142845124,0.3001547980931583,0.12266155652085672
1245.0,0.02739889849803746,0.39602893024068275,0.4133707290115074,0.16320144224977248
1457.0,0.010384542737814645,0.035206560180895324,0.18091345605750372,0.7734954410237863
795.0,0.07364380603220305,0.5258271515126107,0.3386707875697359,0.06185825488545031
1044.0,0.0012063888438141619,0.007707518442170654,0.9481510142795624,0.042935078434452864
702.0,0.18964684817952182,0.47316183875630474,0.24856828701959224,0.08862302604458115
501.0,0.2727299337271904,0.37797260314544967,0.24157919207619016,0.10771827105116971
1613.0,0.0,0.0,0.9039578393395874,0.09604216066041267
741.0,0.16867711953313552,0.4516791163352199,0.2811190801542054,0.09852468397743924
168.0,0.013831071119937085,0.026554041344825592,0.20271147758256577,0.7569034099526716
1186.0,0.01968183371309138,0.012727006248143975,0.6493532338115517,0.3182379262272128
266.0,0.7128306845162236,0.20104846755456632,0.06327914237705495,0.02284170555215512
832.0,0.27273011038438366,0.377972551206138,0.2415790952580634,0.10771824315141502
1287.0,0.06612653727930763,0.38990083465621306,0.4049405317803796,0.13903209628409968
649.0,0.07488139558935551,0.43746410958561904,0.36540754305751666,0.12224695176750881
179.0,0.005951680726007372,0.013208917950309108,0.26610890112338387,0.7147305002002997
1503.0,0.7466536495218923,0.18212372889531558,0.05056628433420336,0.020656337248588723
1146.0,0.009494336781077322,0.02015208556076324,0.1646942862143669,0.8056592914437926
812.0,0.6358959555746749,0.2389376770464382,0.09349690609916812,0.03166946127971884
316.0,0.04953668781712438,0.39887782556174284,0.39833007644499074,0.15325541017614205
887.0,0.04829112532836299,0.3725844764953605,0.4075164909941647,0.1716079071821118
1228.0,0.031816223533724625,0.38318470811016686,0.41661540271690384,0.16838366563920465
1385.0,0.03175734468961268,0.38306282440228573,0.4167870445937241,0.16839278631437746
98.0,0.006712727668585805,0.02187643082980391,0.9163841313989769,0.05502671010263357
1571.0,0.01080435663400624,0.02178008192941243,0.2582803804613038,0.7091351809752775
722.0,0.04518664728524234,0.4229485981462309,0.3970284395474778,0.13483631502104884
451.0,0.09063522949564431,0.44145456677539313,0.3122377648354402,0.1556724388935224
612.0,0.09031547728041152,0.44140055468471007,0.3124456889435356,0.15583827909134285
408.0,0.7973515719602025,0.10195571632168016,0.06778020640585712,0.032912505312260296
1029.0,0.048291125193023685,0.3725845082908782,0.40751646939049324,0.17160789712560495
1440.0,0.19015778183836815,0.473145234568546,0.2481905797024595,0.08850640389062632
225.0,0.7128317504743624,0.20104779492224342,0.06327884782536189,0.02284160677803226
961.0,0.04372445532933476,0.3973210151653364,0.4222894002708999,0.13666512923442892
922.0,0.010384542735349467,0.03520656016924277,0.18091345602594708,0.7734954410694608
359.0,0.008112413648130779,0.022932240941305648,0.14068357504052018,0.8282717703700434
1302.0,0.02737882613800583,0.3956808133159213,0.41369131796149133,0.16324904258458153
1203.0,0.006725769763642239,0.029244972831328885,0.22792120429404022,0.7361080531109886
75.0,0.049589461911505095,0.3989183027756167,0.3982419926591223,0.15325024265375592
1628.0,0.00384745137298577,0.40510707739052004,0.4238207498413413,0.16722472139515285
575.0,0.0817980128616663,0.4865562678777741,0.30992964714089016,0.1217160721196694
1156.0,0.16867711954361916,0.4516791163366042,0.28111908014619763,0.09852468397357905
851.0,0.7466536495125504,0.18212372890189857,0.05056628433624943,0.020656337249301604
1313.0,0.008112413648130779,0.022932240941305648,0.14068357504052018,0.8282717703700434
1643.0,0.03340334722314746,0.5040012526266526,0.31735560199670415,0.14523979815349575
56.0,0.7730184402617597,0.14013974393988426,0.06875686839262199,0.018084947405734002
758.0,0.0334033472253123,0.5040012520824168,0.31735560244079736,0.14523979825147365
465.0,0.7528369444721825,0.10514216553960473,0.10457200197805079,0.03744888801016196
186.0,0.013951620132779638,0.05568135326849044,0.28607823348656775,0.6442887931121621
685.0,0.11131093445530243,0.40183789027523065,0.35404015583861287,0.132811019430854
1431.0,0.059044684417358606,0.3949652511077271,0.41151332750549086,0.1344767369694234
302.0,0.022363081511613436,0.030489678414660888,0.1638059901970492,0.7833412498766765
776.0,0.045124523423484546,0.42279252001119383,0.39722380799541324,0.13485914856990833
1074.0,0.7128317504743408,0.2010477949222561,0.06327884782536917,0.022841606778033954
1374.0,0.010804463122699868,0.021780013602962695,0.2582797866747854,0.709135736599552
373.0,0.7128317504743618,0.2010477949222438,0.063278847825362,0.022841606778032306
958.0,0.0496208946265337,0.39894237925453313,0.3981895645686458,0.15324716155028734
1275.0,0.007796140805659296,0.007115265100408554,0.1721947050316521,0.81289388906228
539.0,0.02819370857756608,0.39705553333574506,0.41224741864645287,0.1625033394402361
1556.0,0.05904468441735876,0.3949652511077282,0.41151332750548975,0.13447673696942333
394.0,0.04829193790200555,0.3725859180159521,0.4075151788339275,0.1716069652481149
576.0,0.024219234848998683,0.43624410081390974,0.42359335725154607,0.11594330708554562
1101.0,0.06612653727966727,0.38990083465638115,0.40494053177989625,0.13903209628405533
997.0,0.025674597178955764,0.04454181843392762,0.6226846139695698,0.3070989704175469
232.0,0.031757785159928956,0.3830633330138365,0.4167865083030992,0.16839237352313544
1512.0,0.04953668781712438,0.39887782556174284,0.39833007644499074,0.15325541017614205
1537.0,0.010811988173539799,1.665497901079106E-4,0.1912546699184749,0.7977667921178774
707.0,0.07364380601695517,0.5258271517625649,0.338670787427868,0.061858254792612005
281.0,0.046045664127987766,0.42233023134631564,0.3965028900474564,0.1351212144782401
870.0,0.039121696738001484,0.2819900987437989,0.5221164612179856,0.1567717433002141
23.0,0.0,0.012526741941568612,0.8364831739694913,0.15099008408893996
1262.0,0.02421923484899733,0.43624410081391046,0.42359335725154657,0.11594330708554565
1355.0,0.16867711954380776,0.4516791163366298,0.28111908014605264,0.09852468397350982
33.0,0.0637330183109667,0.4003889989862274,0.402252178766132,0.1336258039366739
1533.0,0.002569252109823164,3.048851577443856E-11,0.9377634179681336,0.05966732989155472
1112.0,0.7365899471861772,0.19480075557632548,0.0442613413819745,0.02434795585552289
222.0,0.16818329814037752,0.4516147432243777,0.2814970494358619,0.09870490919938285
829.0,0.06612653727930763,0.38990083465621306,0.4049405317803796,0.13903209628409968
664.0,0.6745227059894593,0.19787530000967654,0.09921548362509944,0.028386510375764736
486.0,0.8758304564084548,0.08477907402747255,0.02235208534759507,0.017038384216477517
1662.0,0.05904468441736745,0.3949652511077388,0.411513327505472,0.13447673696942178
445.0,0.06612653727930765,0.38990083465621306,0.4049405317803796,0.13903209628409968
558.0,0.066212713670351,0.38994323215214666,0.40482252566238164,0.13902152851512056
907.0,0.07364380604518463,0.5258271517448391,0.3386707874186458,0.06185825479133051
1332.0,0.02490281556437444,0.04040978037016769,0.6211354117130283,0.3135519923524295
1169.0,0.024269191836335167,0.43642999109545605,0.42347067843034514,0.11583013863786368
1063.0,0.7128317492883348,0.2010477956971242,0.06327884814682752,0.02284160686771357
1410.0,0.024220720642487256,0.4361475834420985,0.4236319788322633,0.11599971708315081
976.0,0.08179788799914384,0.4865563347848491,0.3099296887435865,0.12171608847242049
322.0,0.015725034464994885,0.047444133507754165,0.22093800700522845,0.7158928250220226
629.0,0.04953668781712438,0.39887782556174284,0.39833007644499074,0.15325541017614205
140.0,0.04512456619068395,0.42279262731415856,0.39722367359361643,0.13485913290154103
1461.0,0.008279211684675413,0.024221685005375155,0.23543741432796195,0.7320616889819875
793.0,0.045124530587015974,0.42279253802203404,0.39722378545389747,0.13485914593705253
215.0,0.00788537284005073,0.02113241146994977,0.2744384080470079,0.6965438076429915
1040.0,0.19509816228238205,0.44677434672755356,0.24999865487372558,0.10812883611633892
500.0,0.027378826138031633,0.39568081331641713,0.41369131796103675,0.16324904258451442
700.0,0.019681811885453475,0.01272697711495101,0.6493533880398251,0.3182378229597705
1609.0,0.03703577430581057,0.48372241394441734,0.385213821367735,0.09402799038203714
80.0,0.03703577430508009,0.4837224139334184,0.38521382137364013,0.09402799038786143
743.0,0.8324400297076601,0.08525207980775587,0.053975980851035485,0.028331909633548622
1190.0,0.0,0.0,0.9039578393395874,0.09604216066041267
267.0,0.024220745511392576,0.4358690547538588,0.42379494132996365,0.11611525840478505
834.0,0.03703577430859166,0.4837224139122406,0.38521382138842847,0.09402799039073939
1283.0,0.0,0.011909747285977832,0.18050522538553324,0.8075850273284889
1135.0,0.0498044393566454,0.37516435268686504,0.4051341442938531,0.1698970636626364
1012.0,0.027378826138002077,0.39568081331592286,0.41369131796149294,0.16324904258458214
336.0,0.6358959555746747,0.2389376770464383,0.09349690609916819,0.031669461279718855
1482.0,0.027378835879554763,0.39568098088785864,0.4136911635611827,0.16324901967140396
133.0,0.0451246491856944,0.42279283620624253,0.39722341226014346,0.1348591023479196
1664.0,0.0,0.023197352873555503,0.23794305710242059,0.7388595900240238
593.0,0.00791434518478556,0.023945146250875297,0.8721426172854833,0.09599789127885587
522.0,0.20400064831611459,0.444653384484174,0.2534870875433113,0.09785887965640004
431.0,0.27267986710162667,0.37798732643087074,0.24160662888034912,0.10772617758715354
1590.0,0.02421923484990724,0.4362441007548212,0.42359335727519715,0.11594330712007438
1404.0,0.043703477908100204,0.39730362625488874,0.42230701479038835,0.13668588104662277
943.0,0.09031547728015513,0.4414005546846249,0.3124456889438263,0.15583827909139372
121.0,0.02422996685129099,0.04054351225834492,0.6238349762902912,0.31139154460007284
1241.0,0.04370347790810007,0.3973036262548885,0.42230701479038857,0.13668588104662283
409.0,0.04953966218656821,0.39888010868259643,0.3983251100122034,0.15325511911863193
614.0,0.06612653727930763,0.38990083465621306,0.4049405317803796,0.13903209628409968
31.0,0.06612653727930763,0.38990083465621306,0.4049405317803796,0.13903209628409968
49.0,0.7365899471876549,0.19480075557534524,0.0442613413816404,0.02434795585535946
1025.0,0.024903645466499334,0.04041404950456503,0.6211372730611748,0.31354503196776073
1444.0,0.06612653727930763,0.38990083465621306,0.4049405317803796,0.13903209628409968
963.0,0.04511725609365438,0.422799357665063,0.3972234837748438,0.13485990246643875
920.0,0.1941750299851956,0.4116984556249717,0.2629596126264628,0.13116690176336993
358.0,0.5697687145931694,0.25569830130279575,0.11527498652990781,0.059257997574126975
1298.0,0.16835504085053846,0.4485437017723042,0.28359110748945093,0.09951014988770639
1207.0,0.2727303897367663,0.37797245820130854,0.24157895167402085,0.10771820038790429
1624.0,0.19058908593992363,0.47297605149370686,0.24795808267264413,0.08847677989372539
158.0,0.7528342139485525,0.1051433446011499,0.10457316697728511,0.037449274473012405
573.0,0.03703577430187995,0.48372241385098064,0.3852138214435729,0.09402799040356648
651.0,0.059044684417257,0.39496525109977315,0.41151332750902453,0.13447673697394527
1499.0,0.6831905129978375,0.22352551140843357,0.06695172420007159,0.02633225139365736
1150.0,0.0,0.012281248484225252,0.18186298482523797,0.8058557666905367
814.0,0.7128317504727091,0.201047794923322,0.06327884782581157,0.022841606778157376
317.0,0.866360927833049,0.09999939147840287,0.025084689303203508,0.00855499138534463
885.0,0.006723679093324946,0.029244962312273113,0.22792169063233467,0.7361096679620672
204.0,0.00915437511925464,0.020736253560136142,0.28262746883320095,0.6874819024874083
1224.0,0.16847834132284326,0.451787065290831,0.28118634024201195,0.09854825314431373
1389.0,0.019681811886954878,0.01272697711338844,0.6493533880873029,0.3182378229123538
1575.0,0.04370376355178541,0.39730414685320414,0.4223063653270578,0.13668572426795272
450.0,0.0,0.010022275552211812,0.850220076737193,0.13975764771059526
720.0,0.09895801965397272,0.6122597070003245,0.2264834350625243,0.06229883828317837
1370.0,0.048932513235065825,0.37368887279622104,0.40650172626243875,0.1708768877062744
956.0,0.0,0.013783024762726725,0.9610550251064317,0.025161950130841645
372.0,0.06612697597009994,0.3899010507513775,0.404939930771086,0.13903204250743656
1279.0,0.19417503242947684,0.41169845438155583,0.26295961182456046,0.13116690136440684
537.0,0.0,0.025892126103112485,0.12994075130646285,0.8441671225904247
1552.0,0.013439359825556278,4.806252380395803E-4,0.932585136787565,0.05349487814883923
151.0,0.27272473730632657,0.3779741314257595,0.24158203959834415,0.10771909166956985
578.0,0.015725034464994885,0.047444133507754165,0.22093800700522845,0.7158928250220226
395.0,1.6933916717873017E-30,9.334990967178375E-60,0.3145802832007328,0.6854197167992672
1097.0,0.04829112924180523,0.3725845153139527,0.40751646296112837,0.17160789248311376
112.0,0.7130646402099865,0.20066464632934702,0.06338967763704655,0.022881035823619854
999.0,0.0,0.015410083127703004,0.9404061831636668,0.04418373370863023
1516.0,0.16867711954380776,0.4516791163366298,0.28111908014605264,0.09852468397350982
1152.0,0.635895954763928,0.238937677505038,0.09349690635905261,0.03166946137198144
197.0,0.7973515719602025,0.10195571632168016,0.06778020640585712,0.032912505312260296
849.0,0.19417503238410452,0.411698454390808,0.2629596118530197,0.13116690137206785
1317.0,0.8678378211794109,0.09899794901593081,0.024739815937857876,0.008424413866800375
1647.0,0.007998293229205058,0.04475892624646823,0.7172456578430034,0.22999712268132322
756.0,0.04829112514107333,0.3725845082007601,0.40751646947299136,0.17160789718517522
464.0,0.036573449386281064,0.4701566319924853,0.39608772296719175,0.09718219565404188
687.0,0.008702562968104089,0.022650998471686962,0.20878420848308873,0.7598622300771202
89.0,0.746653649522157,0.18212372889512912,0.05056628433414541,0.020656337248568524
1427.0,0.03704355901448237,0.4837388173599988,0.3851925267682413,0.09402509685727758
778.0,0.19017116978136903,0.47314478655575837,0.24818069305942492,0.08850335060344766
303.0,0.06612653727930635,0.3899008346562113,0.404940531780381,0.13903209628410138
1078.0,0.8997065115311387,0.07199251979098864,0.010024086213605838,0.01827688246426697
1123.0,0.07662043471930613,0.41280677156489903,0.3793794101947633,0.1311933835210315
1478.0,0.9104983206777862,0.05462640959175612,0.019472529938957445,0.015402739791500237
339.0,0.1686771285087492,0.4516791149924079,0.2811190725795297,0.09852468391931316
1010.0,0.09031547728041149,0.44140055468474804,0.3124456889435102,0.15583827909133027
11.0,0.23187360972140714,0.3889397628776388,0.265018998792194,0.11416762860876015
599.0,0.01083678328455637,0.024709149869963438,0.18193067452804668,0.7825233923174335
70.0,0.0,0.010022538800153023,0.8502200912017915,0.1397573699980555
1594.0,0.27256036315248733,0.3780224573138682,0.24167212978852384,0.10774504974512063
524.0,0.09031547728041152,0.44140055468471007,0.3124456889435356,0.15583827909134285
428.0,0.0011344730092684087,0.01026639641883309,0.8973549858046131,0.09124414476728532
937.0,0.6358959555746747,0.2389376770464383,0.09349690609916819,0.031669461279718855
251.0,0.7365899471876566,0.19480075557534401,0.044261341381640056,0.02434795585535928
1392.0,0.04953668781712438,0.39887782556174284,0.39833007644499074,0.15325541017614205
1237.0,0.8061049806625957,0.1352065572396025,0.04392158089684203,0.014766881200959765
111.0,0.9104983206777859,0.05462640959175624,0.01947252993895749,0.015402739791500275
1465.0,0.06612653727929929,0.3899008346562048,0.4049405317803903,0.1390320962841057
1052.0,0.0,0.010022283642306928,0.8502199003992701,0.13975781595842285
799.0,0.019681810582962513,0.012726977506852076,0.6493533771235726,0.3182378347866128
503.0,0.12113344092647559,0.4908208726440985,0.2753303488804113,0.11271533754901453
698.0,0.2727303565094617,0.37797247768588776,0.2415789611239858,0.10771820468066468
1605.0,0.8861642271731692,0.08131215489973767,0.012002533528434698,0.0205210843986583
169.0,0.7466533076701415,0.1821239697845254,0.050566359208830305,0.02065636333650292
737.0,0.09031296122669558,0.44139947572854765,0.31244870378204254,0.15583885926271412
836.0,0.043701676482770846,0.394164973345584,0.4250249813852353,0.13710836878640975
264.0,0.7528369444722239,0.10514216553958558,0.10457200197803367,0.03744888801015688
1295.0,0.19417546539953723,0.4116984055697617,0.2629593823614071,0.131166746669294
552.0,0.015725034464994885,0.047444133507754165,0.22093800700522845,0.7158928250220226
446.0,0.008200975598693941,0.04601877894878066,0.7164678114979999,0.22931243395452547
1650.0,0.17458212044322594,0.41528494680756023,0.2756699182605214,0.1344630144886924
1336.0,0.009494375507371157,0.020152573459451976,0.16469498846191125,0.8056580625712656
242.0,0.1686771186276265,0.4516791162173518,0.28111908084706955,0.09852468430795219
909.0,0.049536695475478065,0.39887783286968903,0.39833006607866295,0.15325540557616996
1181.0,0.0,0.01260885498224292,0.18417724219634965,0.8032139028214075
42.0,0.06612653727930788,0.389900834656213,0.40494053178037953,0.13903209628409963
1067.0,0.010804343898160054,0.021780043443432928,0.2582799047163711,0.709135707942036
982.0,0.6971701004244837,0.1271778522519831,0.10454349227952026,0.07110855504401291
321.0,0.565238188002382,0.2552348064327319,0.1376736178042363,0.04185338776064992
1422.0,0.712831750476833,0.20104779491819338,0.0632788478265268,0.022841606778446693
627.0,0.024219234848997344,0.43624410081391046,0.42359335725154657,0.11594330708554565
1549.0,0.04953668781712438,0.39887782556174284,0.39833007644499074,0.15325541017614205
709.0,0.05904487752274375,0.394965486136398,0.4115129339091187,0.13447670243173965
160.0,0.06612741349538319,0.38990126626971666,0.40493933136145494,0.13903198887344514
1250.0,0.015726407188858836,0.04743936441791277,0.2209232580052259,0.7159109703880024
864.0,0.02456027230756091,0.4171568049611308,0.4307943826423161,0.1274885400889922
282.0,0.16867711901444066,0.451679116268246,0.2811190805508678,0.09852468416644562
1351.0,0.03703402525096085,0.48366984912479516,0.38525598400396655,0.09404014162027745
1521.0,0.05535270060603667,0.4143793744956223,0.38669408559387497,0.14357383930446613
827.0,0.04854200113937607,0.37301842184578965,0.40711866276514774,0.17132091424968654
1108.0,0.736589947122966,0.19480075561858437,0.04426134139600474,0.024347955862444835
485.0,0.746653649522157,0.18212372889512912,0.05056628433414541,0.020656337248568524
670.0,0.4105884498247855,0.34171114061406055,0.16719677647623282,0.08050363308492108
855.0,0.04953668781756124,0.39887782556208623,0.3983300764442528,0.15325541017609975
15.0,0.847203841971485,0.0864695264709661,0.06063439973429911,0.005692231823249715
1164.0,0.04829112514107333,0.3725845082007601,0.40751646947299136,0.17160789718517522
1321.0,0.04829112514107333,0.3725845082007601,0.40751646947299136,0.17160789718517522
102.0,0.048291125142949594,0.37258450820401345,0.4075164694700126,0.17160789718302435
1635.0,0.027378826138003763,0.3956808133159336,0.41369131796148223,0.16324904258458045
467.0,0.00915437511925464,0.020736253560136142,0.28262746883320095,0.6874819024874083
754.0,0.0,0.025848989710480944,0.13139425925284387,0.8427567510366751
681.0,0.0437034778744342,0.39730362551475373,0.4223070154855659,0.13668588112524624
187.0,0.0059516806266570075,0.013208917951719398,0.26610890115075175,0.7147305002708718
1439.0,0.03175734623238521,0.3830628261837323,0.4167870427153348,0.16839278486854767
1082.0,0.0,0.010023592533076041,0.8502155177158631,0.13976088975106093
300.0,0.8304304596615121,0.11206115692113411,0.05167773076938435,0.0058306526479694025
780.0,0.746653649522157,0.18212372889512912,0.05056628433414541,0.020656337248568524
954.0,0.19015021760120626,0.47314548740602935,0.24819616592619387,0.08850812906657056
375.0,0.8758304449388594,0.08477908155475178,0.0223520878139245,0.017038385692464356
1366.0,0.8396311546886267,0.1061762241459396,0.04882350989931196,0.005369111266121694
1267.0,0.009154375119203905,0.02073625356033169,0.2826274688302766,0.6874819024901877
79.0,0.024219234848997385,0.43624410081391046,0.42359335725154657,0.11594330708554562
1564.0,0.024219234848999897,0.43624410081391657,0.4235933572515419,0.11594330708554154
543.0,0.736589927514973,0.1948007686951077,0.04426134576783817,0.024347958022081128
580.0,0.7528369444722239,0.10514216553958558,0.10457200197803367,0.03744888801015688
392.0,0.09895801965397272,0.6122597070003242,0.2264834350625247,0.06229883828317848
1093.0,0.22594873225476123,0.4579789553840965,0.23001669331122127,0.086055619049921
1504.0,0.08358329653765696,0.4870200135360145,0.3081215501900067,0.12127513973632188
233.0,0.918744698875881,0.05202177721648128,0.017823630779091194,0.011409893128546601
993.0,0.07920112850637424,0.5051801006685351,0.2927979722529863,0.12282079857210439
178.0,0.7316023192462701,0.19203762708266275,0.054362650456488186,0.021997403214579086
653.0,0.024219234848997344,0.43624410081391046,0.42359335725154657,0.11594330708554565
1495.0,0.7128317504743479,0.201047794922253,0.06327884782536587,0.022841606778033364
808.0,0.8758295658102493,0.08478002993120864,0.022352909218369226,0.017037495040172893
318.0,0.007983394284007805,0.04476403174164632,0.7173793199071997,0.22987325406714615
1138.0,0.9187452616065057,0.05202142940207142,0.017823494364655464,0.011409814626767408
1220.0,0.03044345876898047,0.4006125121097388,0.4084099237729356,0.16053410534834503
883.0,0.0,0.010022275552328097,0.8502200767371992,0.13975764771047258
1377.0,0.00915437511925464,0.020736253560136142,0.28262746883320095,0.6874819024874083
1579.0,0.013951620132784066,0.05568135326844331,0.28607823348677225,0.6442887931120005
58.0,0.06612653727930763,0.38990083465621306,0.4049405317803796,0.13903209628409968
449.0,0.01572503583567192,0.047444128745413205,0.22093799227723387,0.715892843141681
726.0,0.059044684417367786,0.39496525110773917,0.41151332750547137,0.13447673696942172
410.0,0.7730184402617597,0.14013974393988426,0.06875686839262199,0.018084947405734002
608.0,0.008112413648131075,0.022932240941306217,0.1406835750405265,0.8282717703700362
1037.0,0.022430442749232674,0.019802800854257643,0.24954618010786242,0.7082205762886473
965.0,0.16865331420623877,0.4516759355902628,0.2811373602287566,0.09853338997474184
224.0,0.045124523423484254,0.422792520011194,0.39722380799541335,0.13485914856990838
1448.0,0.27273034655150347,0.37797248174873455,0.24157896584393102,0.10771820585583092
1310.0,0.19415670253894754,0.41170159083224545,0.26297180018068717,0.13116990644811982
926.0,0.04829112678071391,0.37258423063873114,0.4075166578781169,0.17160798470243807
357.0,0.0370357743058493,0.4837224139264812,0.3852138213809478,0.09402799038672183
1211.0,0.03175734468994515,0.38306282440234046,0.4167870445929485,0.16839278631476592
571.0,0.05904468441731994,0.3949652511068267,0.41151332750590625,0.13447673696994716
1620.0,0.07345700381517112,0.5212128123101066,0.3419625900927577,0.06336759378196458
1469.0,0.00530640760460582,3.037085725032425E-11,0.9351909119708541,0.059502680394169255
1048.0,0.005951680726007531,0.013208917950309087,0.2661089011233837,0.7147305002002997
214.0,0.008730306111439965,0.02273460906809826,0.21026401633296493,0.7582710684874968
797.0,0.0012063888438141619,0.007707518442170654,0.9481510142795624,0.042935078434452864
696.0,0.1923904712643747,0.4468607269597141,0.25211003396240944,0.10863876781350178
502.0,0.043703493818740405,0.3973036529285015,0.4223069792733023,0.13668587397945572
1601.0,0.024225164567171397,0.4358584375227658,0.42374756569916544,0.11616883221089735
739.0,0.006712945315063725,0.021876426131681545,0.9163839311700375,0.055026697383217305
838.0,0.0,0.023198288061668574,0.23794547690614676,0.7388562350321847
265.0,0.006725769614041953,0.029244973977294527,0.22792120440450567,0.7361080520041579
1198.0,0.847203841971485,0.0864695264709661,0.06063439973429911,0.005692231823249715
22.0,0.04370347791378258,0.3973036262596242,0.42230701478558275,0.13668588104101048
35.0,0.0451245234236148,0.4227925200115247,0.39722380799500034,0.13485914856986023
1291.0,0.8061049803968544,0.13520655738453038,0.04392158099172825,0.014766881226886948
1127.0,0.024219234848997344,0.43624410081391046,0.42359335725154657,0.11594330708554565
1474.0,0.0,0.0,0.7058227653324286,0.2941772346675713
1008.0,0.024806243821878488,0.04042884966832206,0.621519642331825,0.3132452641779744
338.0,0.8104075866648411,0.11753945621553812,0.04561976144007684,0.026433195679543945
597.0,0.00789071715314047,0.02115643155234356,0.2744571975410917,0.6964956537534243
1672.0,0.07581250412770334,0.4790588163441255,0.32134956094580674,0.12377911858236439
132.0,0.05904468441743088,0.394965251107816,0.4115133275053427,0.13447673696941043
1598.0,0.0,0.04211725051546722,0.7783107454333371,0.1795720040511956
429.0,0.712831750474368,0.20104779492223948,0.06327884782536065,0.022841606778031813
526.0,0.010384542735349467,0.03520656016924277,0.18091345602594708,0.7734954410694608
939.0,0.0,0.023198288776182557,0.23794547907798735,0.7388562321458302
1396.0,0.04369166576720547,0.388782012130022,0.4297028314226758,0.13782349068009678
1233.0,0.2727302824476621,0.3779725006018518,0.2415790009713555,0.10771821597913059
1545.0,0.035385842514606684,0.43813935746648,0.42174524483163045,0.10472955518728293
84.0,0.7128317504743618,0.2010477949222438,0.063278847825362,0.022841606778032306
711.0,0.8758304472672396,0.08477908002656907,0.022352087313059953,0.01703838539313134
1254.0,0.04949579326279093,0.3824503318062024,0.42330011038752463,0.14475376454348193
866.0,0.010384542735147884,0.035206560169250105,0.18091345602598738,0.7734954410696145
283.0,0.1686771195415238,0.45167911633635094,0.2811190801477889,0.09852468397433634
1347.0,0.8061049806625977,0.13520655723960393,0.04392158089683936,0.014766881200958884
1525.0,0.04953694806151047,0.3988780253335174,0.3983296418942106,0.1532553847107616
825.0,0.051296561433945544,0.40019182247011575,0.3954321833206414,0.15307943277529726
223.0,0.07183931333004134,0.524298498287107,0.34098264158718794,0.06287954679566382
1104.0,0.16866142980273652,0.45167708897920444,0.2811310786495134,0.09853040256854562
484.0,0.8396311546886267,0.1061762241459396,0.04882350989931196,0.005369111266121694
668.0,0.19417503242947684,0.41169845438155583,0.26295961182456046,0.13116690136440684
554.0,0.045124535208843894,0.4227925487677934,0.3972237717379514,0.13485914428541138
447.0,0.031757344746654946,0.383062824520455,0.41678704442732917,0.16839278630556098
1654.0,0.007983394303611148,0.04476403173458448,0.7173793197309466,0.2298732542308577
1340.0,0.746653649522157,0.18212372889512912,0.05056628433414541,0.020656337248568524
911.0,0.059044684417358856,0.3949652511077283,0.4115133275054895,0.1344767369694233
125.0,0.7365899471876565,0.1948007555753441,0.04426134138164007,0.02434795585535929
1177.0,0.6745026915791665,0.19788636223335573,0.09922207109782961,0.028388875089648127
1071.0,0.005951680726008019,0.013208917950309082,0.2661089011233836,0.7147305002002994
980.0,0.03175734468960919,0.38306282440228717,0.41678704459372556,0.1683927863143781
320.0,0.1950981130780415,0.4467743680427506,0.24999867674130974,0.1081288421378982
1418.0,0.010804343898160054,0.021780043443432928,0.2582799047163711,0.709135707942036
141.0,0.16867711954258377,0.4516791163364481,0.28111908014700354,0.09852468397396458
625.0,0.009494336781077322,0.02015208556076324,0.1646942862143669,0.8056592914437926
374.0,0.013439359825372414,4.806252380020431E-4,0.9325851367903103,0.05349487814631515
952.0,0.6971701004244837,0.1271778522519831,0.10454349227952026,0.07110855504401291
1362.0,0.9104983206777859,0.05462640959175624,0.01947252993895749,0.015402739791500275
1271.0,0.028441036569855836,0.05882141062801012,0.3322074194507767,0.5805301333513574
150.0,0.04370347790810007,0.3973036262548885,0.42230701479038857,0.13668588104662283
1560.0,0.006712945315415294,0.021876426131673957,0.916383931169714,0.05502669738319675
541.0,0.02239115676997557,0.030515279354311264,0.16384610049011955,0.7832474633855936
393.0,0.023711148214881947,0.032315978981862545,0.19463977184368864,0.7493331009595668
582.0,0.07364380522550315,0.5258271510665142,0.3386707884602915,0.061858255247691105
30.0,0.04512452340899679,0.4227925200175422,0.39722380800149215,0.13485914857196882
51.0,0.18812100275564916,0.446935861963179,0.2554965139262965,0.10944662135487532
1089.0,0.1590494899385372,0.47221803469218976,0.27274585580136285,0.09598661956791023
1508.0,0.08766838993264817,0.4402264003598105,0.31565660068082024,0.1564486090267212
995.0,0.1941750324294984,0.41169845438152447,0.26295961182457206,0.13116690136440518
853.0,0.875830456370638,0.08477907405174759,0.02235208535480188,0.017038384222812314
1160.0,0.027378826138005803,0.3956808133159213,0.41369131796149133,0.16324904258458153
196.0,0.0,0.010026480520785088,0.8501284107426971,0.1398451087365177
1325.0,0.03175734468961105,0.3830628244021817,0.4167870445937568,0.16839278631445043
1639.0,0.6358959555746748,0.23893767704643826,0.09349690609916815,0.03166946127971885
752.0,0.6358959555746748,0.23893767704643826,0.09349690609916815,0.03166946127971885
466.0,0.010811570377449736,1.6663277304440955E-4,0.19123134073723058,0.7977904561122752
683.0,0.735878850461054,0.19527595548931354,0.044419327971654446,0.024425866077978167
1435.0,0.832440028943484,0.08525208002800366,0.05397598120865319,0.0283319098198592
1086.0,0.07359777491804255,0.5257890370106119,0.3387292949478168,0.06188389312352866
301.0,0.027378819035770146,0.39568081619458056,0.4136913209867657,0.16324904378288357
782.0,0.024219234850048336,0.43624410055835866,0.423593357388965,0.11594330720262801
411.0,0.6358959555749364,0.23893767704625013,0.09349690609912073,0.03166946127969284
610.0,0.04953668786869026,0.3988778256013302,0.3983300763588831,0.15325541017109645
1033.0,0.8396311546357478,0.1061762241647979,0.0488235099298188,0.005369111269635443
116.0,0.6358959555746747,0.2389376770464383,0.09349690609916819,0.031669461279718855
967.0,0.00949433678107737,0.020152085560764747,0.1646942862143691,0.8056592914437888
1306.0,0.00672576973218046,0.029244973973786788,0.22792120437675334,0.7361080519172793
924.0,0.01574237149314586,0.047386440302324646,0.22077809897461315,0.7160930892299163
356.0,0.06612655294135777,0.3899008423712353,0.4049405103232275,0.1390320943641795
1215.0,0.1941750324294584,0.411698454381561,0.26295961182457067,0.13116690136440992
569.0,0.0242581733740274,0.43621994944365466,0.42357338122751687,0.11594849595480114
1616.0,0.19017110891765746,0.47314478859398823,0.2481807380044736,0.08850336448388074
159.0,0.8061049806625958,0.13520655723960248,0.04392158089684203,0.014766881200959765
655.0,0.16780776355463917,0.4515648328722246,0.28178506092149447,0.09884234265164175
93.0,0.006712945315415294,0.021876426131673957,0.916383931169714,0.05502669738319675
1491.0,0.6358959555746926,0.23893767704642654,0.09349690609916358,0.0316694612797173
810.0,0.037035774274680605,0.4837224076154432,0.3852138261653504,0.09402799194452578
319.0,0.1950981130780415,0.4467743680427506,0.24999867674130974,0.1081288421378982
1142.0,0.025649772225002417,0.4414875205478037,0.4201293123539697,0.11273339487322422
205.0,0.009494345528644258,0.020152195767213374,0.16469444483931542,0.805659013864827
1216.0,0.19417502412703536,0.4116984560737164,0.262959617032983,0.13116690276626525
881.0,0.9104983206777859,0.05462640959175624,0.01947252993895749,0.015402739791500275
1381.0,0.04370348030445721,0.39730363041940814,0.42230700944071076,0.13668587983542388
1583.0,0.0,0.015563418688947514,0.8556148114002967,0.12882176991075572
724.0,0.003852725918312447,0.023592576949547403,0.8987718114255071,0.07378288570663302
448.0,0.19417503242936016,0.41169845438158215,0.2629596118246312,0.13116690136442652
1669.0,0.7528369444722239,0.10514216553958558,0.10457200197803367,0.03744888801015688
641.0,0.6358959555746747,0.2389376770464383,0.09349690609916819,0.031669461279718855
177.0,0.043703477893571305,0.3973035856946134,0.42230704988111495,0.1366858865307004
1130.0,0.03703577430050686,0.48372241380971154,0.38521382147667527,0.09402799041310635
312.0,0.04829114511573689,0.37258454284913983,0.40751643775369667,0.17160787428142646
804.0,0.06612653727930763,0.38990083465621306,0.4049405317803796,0.13903209628409968
1487.0,0.7726146396159117,0.14042140793526509,0.06884097586280687,0.018122976586016276
1401.0,0.04829112514107333,0.3725845082007601,0.40751646947299136,0.17160789718517522
99.0,0.19509811309356975,0.4467743680357273,0.24999867673465592,0.10812884213604701
895.0,0.027378826138005883,0.3956808133159213,0.41369131796149133,0.1632490425845815
1244.0,0.013951620128027635,0.055681353235721404,0.2860782334833634,0.6442887931528876
730.0,0.03703576306493329,0.48372064761705846,0.38521518125307014,0.09402840806493812
455.0,0.1901711697813486,0.473144786555759,0.24818069305944007,0.08850335060345232
1587.0,0.1413348740049776,0.44618450524053477,0.3031547790598717,0.10932584169461594
620.0,0.7128317504450691,0.20104779494072086,0.06327884783345764,0.02284160678075244
412.0,0.05904868245253617,0.3949701169140468,0.4115051787382205,0.13447602189519647
227.0,0.8996147216589566,0.07205368557055397,0.010036909705901237,0.01829468306458817
1456.0,0.03175734469049481,0.38306282440408557,0.4167870445911699,0.16839278631424975
969.0,0.0242192454458187,0.4362441408982397,0.42359333121620535,0.11594328243973633
1045.0,0.031759428172445876,0.38306714166319866,0.4167809663470718,0.1683924638172837
1187.0,0.918745163045567,0.052021490223851205,0.017823518330075776,0.01140982840050603
355.0,0.04953668781712438,0.39887782556174284,0.39833007644499074,0.15325541017614205
914.0,0.059068112798770875,0.39499375848755086,0.41146558234078373,0.13447254637289457
1286.0,0.9187452613305322,0.05202142957263766,0.01782349443149166,0.011409814665338452
1612.0,0.9104983206731122,0.05462640959448539,0.019472529940129827,0.01540273979227269
567.0,0.02420569888265492,0.4362630553367461,0.4235930465565362,0.11593819922406276
74.0,0.03703841826172807,0.48372538137611354,0.38520866615213223,0.09402753421002621
1329.0,0.8866940340368683,0.08094896520399256,0.01192308895404024,0.02043391180509893
1172.0,0.031757344689612686,0.3830628244022861,0.41678704459372395,0.16839278631437735
859.0,0.037036122549851114,0.48370750430367937,0.38522446778510694,0.09403190536136262
469.0,0.07364380604642592,0.5258271517458558,0.3386707874170753,0.06185825479064305
766.0,0.049536689652459824,0.398877826970718,0.3983300733805312,0.15325540999629092
1659.0,5.181136693225004E-126,0.4936645969061301,0.33344268804927,0.17289271504459974
184.0,0.1941750324294796,0.41169845438155384,0.2629596118245601,0.13116690136440642
677.0,0.04827340729837958,0.3725911348711218,0.4075241178590464,0.17161133997145214
768.0,0.007914349363592374,0.02394514591361875,0.8721425991996657,0.09599790552312308
298.0,0.029750537074969923,0.3995522338704999,0.4095698638373814,0.1611273652171488
1058.0,0.6971701004244837,0.12717785225198314,0.10454349227952026,0.07110855504401291
1415.0,0.04955525080522231,0.39889650119629483,0.3982944156281333,0.15325383237034956
44.0,0.8700343633355709,0.08842621590542321,0.02366520045423424,0.01787422030477164
1259.0,0.8061049806608914,0.13520655724067807,0.04392158089729932,0.014766881201131123
1358.0,0.7128317504743618,0.2010477949222438,0.063278847825362,0.022841606778032306
950.0,0.6358959555747156,0.23893767704641145,0.09349690609915769,0.0316694612797153
369.0,0.025975581836902534,0.043173621433134315,0.6206999762359959,0.31015082049396725
531.0,0.037035774304962195,0.4837224139436114,0.3852138213692725,0.09402799038215393
1540.0,0.6358959555746747,0.2389376770464383,0.09349690609916819,0.031669461279718855
584.0,0.03175746868149298,0.383063081341531,0.4167866828506701,0.1683927671263059
398.0,0.010811570377449736,1.6663277304440955E-4,0.19123134073723058,0.7977904561122752
1005.0,0.008112413648130779,0.022932240941305648,0.14068357504052018,0.8282717703700434
234.0,0.8653313901271733,0.08498254700545582,0.030940052878191657,0.018746009989179104
1528.0,1.8463908520322916E-57,0.45570663253216204,0.37094225036097933,0.1733511171068586
