26275.0,1.0190984017599745E-4,0.013404000209749738,0.9864940899500744
26544.0,0.19018360640749413,0.7601156307981536,0.04970076279435225
26006.0,0.11333626831711954,0.8807520497862632,0.005911681896617112
26946.0,0.15247190704893593,0.8126375385942983,0.03489055435676567
26705.0,0.2967380083002856,0.6971327034124476,0.006129288287266874
27255.0,0.05995243447567554,0.5580964698316737,0.38195109569265073
27492.0,0.48051615564413486,0.5086640772619053,0.0108197670939597
26493.0,0.05307666326295315,0.919324894232496,0.02759844250455096
26222.0,0.008214932103782442,0.03052847107542611,0.9612565968207915
26780.0,0.09417470530682877,0.7931602283638428,0.11266506632932843
27023.0,0.05480994049683421,0.042279363055821424,0.9029106964473445
27561.0,0.15511086791538808,0.7237609936908872,0.12112813839372474
27322.0,0.16907093169066986,0.1555146538591867,0.6754144144501434
26154.0,0.08608187385828846,0.8982577851370375,0.0156603410046741
26425.0,0.2150570857106712,0.7693771206449512,0.015565793644377626
27390.0,0.01235366674461457,0.057566641147445474,0.93007969210794
27083.0,0.6930045635739358,0.298097574128053,0.00889786229801128
26840.0,0.10544823471992865,0.8132774529542592,0.08127431232581207
26066.0,0.16065782152834726,0.8284424954339078,0.010899683037745078
26612.0,0.03276734845676231,0.963425003124219,0.003807648419018736
26343.0,0.09744066090860116,0.6456353846348967,0.2569239544565022
27424.0,0.19695468073938183,0.6337255282641338,0.16931979099648453
27187.0,0.10756207029814471,0.8869687196758946,0.0054692100259605605
26645.0,0.1947345753643451,0.7227430344641171,0.08252239017153776
26886.0,0.09196378925432294,0.7923185834822212,0.1157176272634559
26274.0,0.33012026682297846,0.6621106342772726,0.007769098899749005
26545.0,0.005566853656909931,0.031048060281271245,0.9633850860618187
26007.0,0.14982422861313166,0.6448586662056668,0.20531710518120158
26947.0,0.16745902663924586,0.8238361960287836,0.008704777331970663
26704.0,0.11913327706171643,0.1596121320211427,0.7212545909171408
27254.0,0.11095278294319087,0.5577251345680434,0.33132208248876566
27493.0,0.006157089438162908,0.022990472802366636,0.9708524377594705
26492.0,0.15225066339620452,0.7863729739902503,0.06137636261354503
26223.0,0.07844510020582257,0.9130595897191737,0.008495310075003796
26781.0,0.12946715929741726,0.7755547712586082,0.09497806944397458
27022.0,0.08128451056051571,0.20402990765273743,0.7146855817867469
27560.0,0.0018736118298103414,0.008895711111845098,0.9892306770583446
27323.0,0.04678309646842647,0.07218165686619264,0.881035246665381
26155.0,0.24593331989527184,0.7419854828924008,0.012081197212327224
26424.0,0.8813340754779799,0.11573933438221036,0.0029265901398096983
27391.0,0.38449054832901686,0.5379322235414481,0.0775772281295351
27082.0,0.03287997579572834,0.8484817876127123,0.11863823659155942
26841.0,0.17979958925214667,0.7922570679529715,0.027943342794881792
26067.0,0.5361948409691311,0.2796726708554368,0.18413248817543218
26613.0,0.20050093067490143,0.791267130128937,0.008231939196161489
26342.0,0.002651831621501493,0.02448202907122899,0.9728661393072695
27425.0,0.002841840317833274,0.005465948608530936,0.9916922110736358
27186.0,0.013099153488256115,0.06740013319357156,0.9195007133181722
26644.0,0.030565366130776327,0.1729840345149359,0.7964505993542877
26887.0,0.1969098178830572,0.7779930475121762,0.02509713460476671
26707.0,0.026202633175173386,0.0052069905835009376,0.9685903762413256
26944.0,0.5893234703218607,0.3476134257682983,0.06306310390984093
27494.0,0.1368508712516057,0.8381393548252483,0.025009773923146
27253.0,0.03005920502439914,0.8747092630330631,0.09523153194253772
26546.0,0.23019062191691897,0.7547154892036632,0.01509388887941792
26273.0,0.4538726471688759,0.3288997817026941,0.21722757112843
26004.0,0.08538358741301662,0.02068418227632167,0.8939322303106617
27021.0,0.14501180670471034,0.8399005679284915,0.015087625366798254
26782.0,0.005031981856990994,0.008639695632467416,0.9863283225105415
27320.0,0.009275871566885042,0.07252630067354633,0.9181978277595686
27563.0,0.49008398980886003,0.5038756331100764,0.006040377081063651
26220.0,0.0456306022327861,0.9390837713604672,0.015285626406746763
26495.0,0.004615595050804188,0.14251220013967666,0.8528722048095193
27388.0,0.024894391325587312,0.15750419756102127,0.8176014111133915
26842.0,0.23461470682099977,0.7210691483358008,0.044316144843199526
27081.0,0.3136891947314495,0.6395825074772086,0.04672829779134179
26427.0,0.12886123394441582,0.24052058436551485,0.6306181816900694
26152.0,0.03012657959375885,0.49812063690024777,0.4717527835059935
27185.0,0.008672929195031504,6.543863187241394E-5,0.9912616321730962
27426.0,0.31564735252582227,0.6709752350538795,0.01337741242029813
26884.0,0.0821650185631188,0.9132910141018986,0.004543967334982562
26647.0,0.0034615231011762377,0.004599051119682863,0.991939425779141
26064.0,9.626718730171707E-4,0.014606109654275294,0.9844312184727074
26341.0,0.004077004066440543,0.035716072515043565,0.9602069234185159
26614.0,0.33012026682297846,0.6621106342772726,0.007769098899749005
26706.0,0.0725500253551899,0.24915577867089014,0.6782941959739198
26945.0,0.012427870276640326,0.023453139867916868,0.9641189898554429
27495.0,0.00748545420948355,0.8542594315229057,0.13825511426761067
27252.0,0.0436683309595515,0.7270839197734013,0.22924774926704727
26547.0,0.33012026682297846,0.6621106342772726,0.007769098899749005
26272.0,0.004515185009996905,0.06049226307358914,0.934992551916414
26005.0,0.03526130194359871,0.9488829742552841,0.01585572380111709
27020.0,0.3548747289123741,0.6373098699835389,0.007815401104086902
26783.0,0.15344636710164566,0.8114665242698995,0.035087108628454725
27321.0,0.3814425039514023,0.6059187415615516,0.012638754487046275
27562.0,0.4270547749198634,0.5643724002452146,0.008572824834922005
26221.0,0.18861596929189162,0.7967332586122912,0.01465077209581715
26494.0,0.09627129745404418,0.8347664121854249,0.06896229036053088
27389.0,4.8095706442761267E-4,0.008424762487918092,0.9910942804476544
26843.0,0.0177603627392222,0.007162326403309278,0.9750773108574685
27080.0,0.5278123514226506,0.4646904623729062,0.00749718620444317
26426.0,0.1725737881927728,0.027135222280612367,0.8002909895266148
26153.0,0.24950704731134105,0.7238854618205709,0.0266074908680881
27184.0,0.3976464087689834,0.5945769551520204,0.007776636078996241
27427.0,0.039825334745155073,0.05199209509505057,0.9081825701597943
26885.0,0.24787135943611083,0.7375553731799652,0.014573267383924043
26646.0,0.33012026682297846,0.6621106342772726,0.007769098899749005
26065.0,0.12141560724620472,0.8492186793665311,0.029365713387264143
26340.0,0.03683941512515161,0.02577506303207345,0.937385521842775
26615.0,0.21473166831892954,0.708062456380372,0.07720587530069851
25951.0,0.014145908219755813,0.3148676108406896,0.6709864809395546
26489.0,0.10574562418175346,0.8629954405028747,0.03125893531537192
26218.0,0.0122335957427147,0.30816791283635975,0.6795984914209255
27565.0,0.15276093245752265,0.8319717243626382,0.015267343179839214
27326.0,0.2967763639866743,0.698496645159791,0.004726990853534544
26776.0,0.057788809692763815,0.09939742238233538,0.8428137679249007
27019.0,0.3356150646229166,0.6538532073443302,0.010531728032753186
26002.0,0.13286699952727674,0.7682378684918404,0.09889513198088275
26279.0,0.0054393469558858916,0.0073269645690706795,0.9872336884750433
26548.0,0.08619100593630548,0.8819220570189391,0.03188693704475539
27251.0,0.11858940619207665,0.8564068248117338,0.025003768996189606
27488.0,0.10201424904916308,0.885815071703927,0.012170679246909897
26950.0,0.4381023276877302,0.548517232211253,0.01338044010101675
26709.0,0.005649914269179756,0.0023519908683224074,0.9919980948624978
26608.0,0.2040490394517654,0.7745391880944108,0.021411772453823842
26339.0,0.4199740671383839,0.5550033621878642,0.02502257067375195
26070.0,0.07097773403033796,0.751280126317209,0.17774213965245317
26641.0,0.17883162047405776,0.8015167827087752,0.019651596817166956
26882.0,0.7357417078979249,0.2560745674716549,0.008183724630420167
27428.0,0.06837373944073334,0.9210081759915774,0.010618084567689251
27191.0,0.9835863583597829,0.01571656130909979,6.970803311172196E-4
26158.0,0.13876961758460538,0.15636907804511144,0.7048613043702832
26429.0,0.09384727693534467,0.8702682110161025,0.035884512048552815
27087.0,0.0968734507689399,0.8923455969741689,0.01078095225689129
26844.0,0.1857626093443462,0.805882627061044,0.008354763594609821
27386.0,0.27120295509661585,0.7204547763819007,0.008342268521483473
25950.0,0.11529947850755058,0.876420954975484,0.008279566516965401
26488.0,0.1860821057974458,0.7831905499472466,0.03072734425530773
26219.0,0.14132981781439571,0.7688538014499772,0.08981638073562719
27564.0,0.36634309449399977,0.6093427349232364,0.024314170582763858
27327.0,0.5278123514226506,0.4646904623729062,0.00749718620444317
26777.0,0.009197440756646564,0.0974123504555311,0.8933902087878223
27018.0,3.447705492124581E-4,0.0043825547211518035,0.9952726747296358
26003.0,0.11892488879390266,0.8607247312074846,0.02035037999861281
26278.0,0.17214350789487093,0.583734266266488,0.24412222583864102
26549.0,0.30461225983435414,0.6879679358277024,0.007419804337943542
27250.0,0.07834519475728632,0.8109252169903551,0.11072958825235867
27489.0,0.13451862865320327,0.8228584389567676,0.04262293239002917
26951.0,0.09968688692360268,0.898010570132086,0.002302542944311306
26708.0,4.729611481341953E-4,0.023838457985344803,0.9756885808665211
26609.0,0.2545735210902709,0.7256388228860281,0.019787656023700882
26338.0,0.0968734507689399,0.8923455969741689,0.01078095225689129
26071.0,0.04035230137226818,0.9187501693272915,0.04089752930044042
26640.0,0.0021262736993017638,0.05194688259751478,0.9459268437031836
26883.0,0.26847931208369386,0.6009853356551106,0.1305353522611956
27429.0,0.16441936232382848,0.7902534671860499,0.04532717049012155
27190.0,0.2967380083002856,0.6971327034124476,0.006129288287266874
26159.0,0.1094216134646853,0.18099589987968606,0.7095824866556285
26428.0,0.0490764686053764,0.06289978294634982,0.8880237484482737
27086.0,0.055022927869624434,0.03932354783282867,0.905653524297547
26845.0,0.010700571054428516,0.014951410481685442,0.974348018463886
27387.0,0.04736626115083048,0.27648109619199324,0.6761526426571763
27324.0,0.14891712421999773,0.8340297807167952,0.017053095063206986
27567.0,0.19086144691702606,0.7641931710981463,0.04494538198482766
27017.0,0.6186082516565399,0.36153913398309334,0.01985261436036683
26778.0,0.3426746267555683,0.6514567809437997,0.005868592300632054
25949.0,0.0762994249565236,0.8674191450559869,0.05628142998748953
26216.0,0.22570029142999665,0.7677404256269686,0.006559282943034602
26491.0,0.21010261986476997,0.7767189299526392,0.013178450182590826
27490.0,0.005314159226633563,0.01011270632832008,0.9845731344450463
27249.0,0.012051334859615754,0.016405206900933757,0.9715434582394505
26711.0,0.42656796096876987,0.5581602150408348,0.015271823990395252
26948.0,0.1537309711126097,0.022603380016200224,0.8236656488711901
26000.0,0.07027858734200819,0.539027258121588,0.3906941545364037
26550.0,0.16954689528373434,0.8129149216536423,0.017538183062623277
26277.0,0.9699717588161255,0.02852191832328963,0.0015063228605847671
26880.0,0.036716120484504,0.9548806222726361,0.008403257242859981
26643.0,0.06299339797314223,0.14513250354680718,0.7918740984800507
27189.0,0.5173781061875737,0.4650788886040357,0.017543005208390746
27430.0,8.443820105599192E-4,0.003850235947730117,0.9953053820417099
26337.0,0.2078887155816092,0.7832702887622258,0.008840995656164979
26610.0,0.2967763639866743,0.698496645159791,0.004726990853534544
26068.0,0.1685850036952517,0.8120913095550675,0.019323686749680824
26846.0,0.11718118606857333,0.8730294280669918,0.009789385864435025
27085.0,0.35270904708854195,0.44761575105897194,0.19967520185248616
27384.0,0.7357417078979249,0.2560745674716549,0.008183724630420167
26431.0,0.03918858504930463,0.3750779468603173,0.5857334680903781
26156.0,0.6930045635739358,0.298097574128053,0.00889786229801128
27325.0,0.03062142534224849,0.06703203502792927,0.9023465396298224
27566.0,0.03231639153955239,0.42815687094609906,0.5395267375143485
27016.0,0.2531650107515248,0.41975981959083924,0.32707516965763594
26779.0,0.19207935127255843,0.7607699815268985,0.047150667200543055
26217.0,0.6930045635739358,0.298097574128053,0.00889786229801128
26490.0,0.004615234201987259,0.008559060270671777,0.9868257055273408
27491.0,0.011895249636932463,0.009235527572003974,0.9788692227910637
27248.0,0.259404029104149,0.6995671179682932,0.041028852927557806
26710.0,0.3301955082113614,0.663968861814707,0.005835629973931448
26949.0,0.2058053429536511,0.7869416627154422,0.007252994330906639
26001.0,0.08899162538374351,0.06418759272940824,0.8468207818868483
26551.0,0.0034250684061283847,0.0327112542393251,0.9638636773545465
26276.0,0.0791031421574452,0.10873316089746018,0.8121636969450947
26881.0,0.04102390518602497,0.9515380664477563,0.007438028366218747
26642.0,0.6512736599137763,0.3330131062369244,0.015713233849299294
27188.0,0.2305974615834873,0.7472798475995285,0.02212269081698433
27431.0,0.08807374037079944,0.8490419042731138,0.06288435535608669
26336.0,0.011796493130265517,0.014365209489713109,0.9738382973800213
26611.0,0.043519301399149835,0.0044222329294031,0.9520584656714471
26069.0,0.22520183721927198,0.7644856008841009,0.010312561896627256
26847.0,0.007167125451086522,0.0037987522887371226,0.9890341222601763
27084.0,0.10049694723516343,0.32589062791717743,0.5736124248476592
27385.0,0.05622421631101101,0.9288073873690895,0.014968396319899512
26430.0,0.2677184139872787,0.5052310963566948,0.22705048965602653
26157.0,0.3494514771776796,0.19426016836067178,0.45628835446164856
26146.0,0.06343950210725607,0.9109368716737027,0.025623626219041174
26417.0,0.48486618940108417,0.5031230025491743,0.01201080804974139
27382.0,0.010290398185108032,0.005841565301218143,0.9838680365136739
27075.0,0.010549066394749573,0.008461555622634839,0.9809893779826155
26832.0,0.12810285676524388,0.5131049390281345,0.35879220420662167
26074.0,0.1409276970138391,0.7038558574536612,0.15521644553249977
26620.0,0.6189371924673543,0.36948812275467346,0.011574684777972341
26351.0,0.003349817097191046,0.03501649325952748,0.9616336896432814
27432.0,0.043291212572476284,0.5136413261279675,0.4430674612995561
27195.0,0.10731811931748843,0.8820850192780648,0.010596861404446649
26653.0,0.024195732799640695,0.031527141662072884,0.9442771255382864
26894.0,0.4963414789065512,0.114624998813393,0.3890335222800558
26283.0,0.2710743970044777,0.6584554466931418,0.07047015630238034
26552.0,0.2558994994874385,0.7297927639555476,0.014307736557013999
26014.0,0.09878592842430106,0.7830684091729454,0.11814566240275355
26954.0,0.006915135637939273,0.013448508844563844,0.979636355517497
26713.0,0.21669259132708243,0.7666850383620282,0.01662237031088952
27263.0,0.01713461813906398,0.5008841608028509,0.481981221058085
27500.0,0.17342345870932077,0.8016305712620964,0.0249459700285829
26485.0,0.0033548040202218657,0.0023456468921299444,0.9942995490876482
26214.0,0.3428267410958828,0.6331910745424185,0.02398218436169884
26772.0,0.007179656393183127,0.003971464043171318,0.9888488795636456
27015.0,0.2464156753987298,0.6419427908039853,0.11164153379728498
27553.0,0.04994870933707857,0.27445598705196866,0.6755953036109528
27314.0,0.16928377433480302,0.8027118548416631,0.02800437082353384
26147.0,0.021636174754307246,0.36712845309155545,0.6112353721541373
26416.0,7.174202884948774E-4,0.03144514112252271,0.9678374385889824
27383.0,0.006606568232248042,0.006655381870928906,0.9867380498968229
27074.0,0.010497253152621322,0.09209115052788767,0.8974115963194911
26833.0,0.0671913453165959,0.9200718655260189,0.012736789157385098
26075.0,0.06957377527167405,0.8968940548953755,0.03353216983295046
26621.0,0.25699056891203587,0.7370285523750969,0.005980878712867238
26350.0,0.46754642097440074,0.5251987521124233,0.007254826913176133
27433.0,0.18637796028965578,0.7986275011515407,0.014994538558803531
27194.0,0.9926347375746932,0.006926599564893038,4.386628604136905E-4
26652.0,0.07508558666751185,0.9157703802827222,0.00914403304976603
26895.0,0.18962565793343947,0.7235486332726673,0.08682570879389334
26282.0,0.02026266972034608,0.1442387405009661,0.835498589778688
26553.0,0.22682762329371411,0.7380416821362445,0.035130694570041386
26015.0,0.15854428425404218,0.8347688004485183,0.006686915297439558
26955.0,0.2508703262186807,0.739263296537519,0.009866377243800286
26712.0,0.07992971498906314,0.8952938564407722,0.024776428570164603
27262.0,0.002486874547014692,0.008246321756712626,0.9892668036962727
27501.0,0.21603649500738129,0.7710969325979377,0.012866572394681038
26484.0,0.9020596312031779,0.08590443300162613,0.01203593579519605
26215.0,0.633527744464869,0.36228656284549965,0.004185692689631266
26773.0,0.27761525577730556,0.7101007222203326,0.012284022002361887
27014.0,0.07737996547413013,0.9090096149905054,0.013610419535364567
27552.0,0.16745902663924586,0.8238361960287836,0.008704777331970663
27315.0,0.22837966983538974,0.5364874844965932,0.23513284566801687
27380.0,0.05904075281897359,0.5730052625273243,0.36795398465370205
26834.0,0.037975010891065135,0.11497643419980859,0.8470485549091262
27073.0,0.18107326254475312,0.7869836753503521,0.031943062104894886
26419.0,0.7991832636611836,0.19378246429029347,0.00703427204852274
26144.0,0.1316739677487396,0.8238388924755141,0.044487139775746434
27193.0,0.4779945346697651,0.517610049941637,0.004395415388597891
27434.0,0.26188430676407964,0.622656154554502,0.1154595386814185
26892.0,0.07499820116218293,0.8345929941496643,0.09040880468815268
26655.0,0.077132264444367,0.6228409308512014,0.3000268047044315
26072.0,0.0010956902843085288,0.005208036207337281,0.9936962735083541
26349.0,0.8560842126435835,0.12856205067737014,0.015353736679046378
26622.0,0.45332296732385935,0.5371780511295461,0.009498981546594532
26715.0,0.137012982855101,0.8568724213224572,0.0061145958224417514
26952.0,0.18004254389425203,0.7465500104615871,0.07340744564416093
27502.0,0.4936746808454249,0.48154394100400405,0.024781378150571146
27261.0,0.11843455619760057,0.8233705664618897,0.058194877340509744
26554.0,0.31902606782170134,0.6459610605918296,0.03501287158646909
26281.0,0.03080658668305116,0.03913862130645544,0.9300547920104935
26012.0,0.2505878212369009,0.30465707917174445,0.44475509959135473
27013.0,0.16297890675344964,0.8245700393713532,0.012451053875197274
26774.0,0.34107651957419977,0.6304149046188288,0.028508575806971574
27312.0,0.037799854443201976,0.569228301743409,0.39297184381338907
27555.0,0.02814154341109813,0.2953069779433008,0.6765514786456012
26212.0,0.022686587395038562,0.0012025448054855488,0.9761108677994759
26487.0,0.07927742277204301,0.9163180737158324,0.00440450351212442
27381.0,0.09346561271912693,0.026167314437457068,0.8803670728434161
26835.0,0.07549201250652848,0.13045756286276358,0.7940504246307079
27072.0,0.06428247892067532,0.8329852390487719,0.1027322820305529
26418.0,0.3418252771475456,0.6491665809418656,0.009008141910588676
26145.0,0.013196760230263048,0.03804706504339068,0.9487561747263463
27192.0,0.1493797101933126,0.8310063370311224,0.019613952775565054
27435.0,0.4060893593974393,0.5406663409639011,0.053244299638659606
26893.0,0.26108913828122265,0.7338554458048295,0.0050554159139478295
26654.0,0.15221850742266155,0.7885156278940282,0.059265864683310285
26073.0,0.013136233500520358,0.010900929835826337,0.9759628366636532
26348.0,0.18771920738898673,0.04621007841071535,0.7660707142002978
26623.0,0.003672233437512631,0.04962393033939413,0.9467038362230933
26714.0,0.5651490598358965,0.4222396078591547,0.012611332304948743
26953.0,0.004370014207430799,0.024636735599883476,0.9709932501926857
27503.0,0.06661771604878579,0.906130442788309,0.0272518411629051
27260.0,0.7874932955101672,0.19096160165325116,0.021545102836581512
26555.0,0.12494362874365059,0.846570821653102,0.0284855496032475
26280.0,0.08502158502257148,0.9095097228377711,0.005468692139657319
26013.0,0.011289707844651402,0.04900033045277348,0.939709961702575
27012.0,0.004860564961930943,0.044455091020057014,0.9506843440180119
26775.0,0.11866680811006489,0.23495781117790066,0.6463753807120345
27313.0,0.182791353696779,0.2447382545355451,0.5724703917676759
27554.0,0.13714713479387988,0.8573999512726149,0.005452913933505131
26213.0,0.03716378493770199,0.04598092004456507,0.916855295017733
26486.0,0.005189007917077083,0.03708842490808874,0.9577225671748343
26616.0,0.09483486617385777,0.8968081308807108,0.008357002945431513
26347.0,0.13390079494343302,0.8349786333805067,0.031120571676060232
26078.0,0.00940157764935861,0.1401743764953792,0.8504240458552623
26649.0,0.003505212352344579,0.03506570968379046,0.9614290779638649
26890.0,0.1313263473093506,0.5029522084840913,0.3657214442065581
27436.0,0.015240960255669796,0.01912995114857659,0.9656290885957536
27199.0,0.014161527894172712,0.1313352519283749,0.8545032201774524
26150.0,0.006821162376146172,0.013565239116333597,0.9796135985075203
26421.0,0.06903562276942864,0.9233231517344657,0.007641225496105677
27079.0,0.2511714002222307,0.6620268376208115,0.0868017621569576
26836.0,0.28351336255982656,0.6867492049703172,0.02973743246985618
27378.0,0.04638945448244412,0.25651874336424496,0.6970918021533108
26481.0,0.012356725316002395,0.002356537746341705,0.985286736937656
26210.0,0.02927752024010872,0.07505351267456559,0.8956689670853257
27557.0,1.494026689468058E-4,0.007184512333013087,0.9926660849980401
27318.0,0.19682226410096929,0.7832921536529573,0.0198855822460733
26768.0,0.007688946291625387,0.06327644838028981,0.9290346053280848
27011.0,0.0023007096261168395,0.015325864853090164,0.9823734255207931
26010.0,0.04825571178244878,0.887372168221959,0.06437211999559211
26287.0,0.17153363677609104,0.8190629405801846,0.009403422643724497
26556.0,0.47583778446323816,0.21855157739316322,0.30561063814359873
27259.0,0.24536877625611056,0.7266820507592864,0.02794917298460304
27496.0,0.2188022700237414,0.738424640894198,0.04277308908206059
26958.0,0.03685049250327874,0.0066647629504677395,0.9564847445462535
26717.0,0.14398832412975107,0.7868433865487833,0.06916828932146557
26617.0,0.07396529216650627,0.28486339556201307,0.6411713122714807
26346.0,0.21258861739975166,0.7769549925073028,0.010456390092945508
26079.0,0.05476761058956359,0.7597465764811097,0.18548581292932684
26648.0,0.012219299241862389,0.06721577649586913,0.9205649242622684
26891.0,0.46754642097440074,0.5251987521124233,0.007254826913176133
27437.0,0.023399462006436257,0.23004253101045527,0.7465580069831085
27198.0,8.328338167161857E-4,0.0035788527029950636,0.9955883134802888
26151.0,0.27258218741626244,0.722093540320342,0.005324272263395431
26420.0,0.20339687286453997,0.7873582735965173,0.009244853538942645
27078.0,0.017274452080033097,0.7951397816291099,0.18758576629085702
26837.0,0.32690417827721185,0.5174105990868427,0.15568522263594545
27379.0,0.46333579986857326,0.5217799654162681,0.014884234715158566
26480.0,0.7270636103442701,0.22831326873981572,0.04462312091591417
26211.0,0.09578834206998199,0.818033639760491,0.08617801816952697
27556.0,0.3252607914933196,0.09123586282524726,0.5835033456814331
27319.0,5.330741781479623E-4,0.004456930453830879,0.9950099953680211
26769.0,0.985297858265776,0.014146043341617022,5.560983926070129E-4
27010.0,0.05475511956816235,0.9316662864063329,0.013578594025504882
26011.0,0.14820461414975128,0.8099995231015222,0.041795862748726514
26286.0,0.13918188657452776,0.8546591858671725,0.006158927558299846
26557.0,0.006042786750422118,0.0466124809813184,0.9473447322682594
27258.0,0.01826767836850983,0.00307988100319838,0.9786524406282917
27497.0,0.0031299533576744807,0.0274204399221382,0.9694496067201873
26959.0,0.10158790090129058,0.8585960589039654,0.039816040194744044
26716.0,0.1711543151643814,0.8118722686561911,0.01697341617942758
26888.0,0.05728257852206731,0.9339567800284332,0.008760641449499514
26651.0,0.0019053019253315615,0.024071339245123696,0.9740233588295447
27197.0,0.482430519537609,0.41045014386578577,0.10711933659660532
27438.0,0.4718559573484617,0.05811731317458156,0.47002672947695673
26345.0,0.19552996010998488,0.7839109834545943,0.020559056435420695
26618.0,0.051346725111043046,0.92465059224397,0.02400268264498702
26076.0,0.014689990041604378,2.9090753477417245E-4,0.9850191024236216
26838.0,0.11730096273299488,0.44987915066363576,0.43281988660336934
27077.0,0.11844153040476386,0.8685022322434616,0.013056237351774615
27376.0,0.16573469251872863,0.013379517283017903,0.8208857901982535
26423.0,0.0014658782707124933,0.005016322540830209,0.9935177991884573
26148.0,0.04591647407339929,0.931734264592775,0.022349261333825775
27316.0,0.0014629814302100585,0.007641019035617658,0.9908959995341722
27559.0,0.06865320271103732,0.5128022008340654,0.4185445964548974
27009.0,0.5289710179197301,0.2505036497820507,0.22052533229821933
26770.0,0.1532627951589165,0.8080058156428163,0.03873138919826718
26208.0,0.1990324489335509,0.7817040045895347,0.019263546476914254
26483.0,0.00394578254643799,0.006000488719691952,0.99005372873387
27498.0,0.3820870687884392,0.6022938384685407,0.015619092743020268
27257.0,0.5279809923319794,0.38267896626391923,0.08934004140410129
26719.0,0.2113976955022906,0.7761331819915178,0.01246912250619149
26956.0,0.45839423109982297,0.35909808280188193,0.18250768609829512
26008.0,0.2079513345450124,0.783747710564846,0.008300954890141482
26558.0,0.14562838833390876,0.7919017214605029,0.062469890205588276
26285.0,0.03724394131764451,0.8875408029012476,0.07521525578110792
26889.0,6.040517348858075E-4,0.08225419129161399,0.9171417569735001
26650.0,0.8370329000485259,0.16123311712423002,0.0017339828272439556
27196.0,0.15854428425404218,0.8347688004485183,0.006686915297439558
27439.0,0.15893726534754674,0.7351778253472655,0.10588490930518771
26344.0,0.057000241471370866,0.8235917630617728,0.1194079954668564
26619.0,0.09415271735310766,0.8949626854354437,0.010884597211448618
26077.0,0.23824425967657434,0.7481104111173069,0.013645329206118715
26839.0,0.00977190980953904,0.001727976854414027,0.988500113336047
27076.0,0.007257635967867512,4.915764789630645E-5,0.9926932063842363
27377.0,0.8726931024762271,0.1238114472655797,0.003495450258193278
26422.0,0.03832147778898207,0.1223540424210469,0.8393244797899712
26149.0,0.013601461144904518,0.0014906262731752113,0.9849079125819202
27317.0,0.05008532422181216,0.031348307283277095,0.9185663684949108
27558.0,0.17342345870932077,0.8016305712620964,0.0249459700285829
27008.0,0.34455258599810545,0.6486132173922305,0.006834196609664091
26771.0,0.22268400782210276,0.7660825317901719,0.011233460387725283
26209.0,0.014592099011013075,0.3351435290202085,0.6502643719687784
26482.0,0.08858061402240679,0.2306946807213835,0.6807247052562098
27499.0,0.1851463875796012,0.7615861196077518,0.05326749281264702
27256.0,0.4779945346697651,0.517610049941637,0.004395415388597891
26718.0,0.9769195526087643,0.022020562841880448,0.0010598845493551888
26957.0,0.06053167291189366,0.8140907858682203,0.1253775412198861
26009.0,0.18560474330705803,0.7707219717040433,0.04367328498889859
26559.0,0.18087421205106124,0.5329458968606378,0.2861798910883009
26284.0,0.31607850315943653,0.6567846353869741,0.027136861453589248
26963.0,0.27361051614326554,0.6443381878587932,0.08205129599794123
26688.0,0.08643038124790911,0.1796835799249106,0.7338860388271804
27238.0,0.05916516119959743,0.2643620011717562,0.6764728376286464
27509.0,0.9934455035287871,0.006231029146485559,3.2346732472726897E-4
26290.0,0.34148111488706206,0.6530991661720899,0.005419718940848027
26529.0,0.009634086565869544,0.029085292934269414,0.9612806204998611
25991.0,0.04382497987312825,0.1501683088322855,0.8060067112945862
26765.0,0.1691302651564309,0.7928923499664583,0.037977384877110804
27038.0,0.05022306727356468,0.12558236918534632,0.8241945635410891
27576.0,0.06257717015344494,0.10087550889378515,0.83654732095277
27307.0,0.19803939955388325,0.7972622201886987,0.004698380257417992
26476.0,0.6653422049770662,0.326251908496526,0.008405886526407908
26239.0,0.010611665664235102,0.015227629642013353,0.9741607046937516
27375.0,0.3739992390356224,0.6186675140289398,0.007333246935437799
27098.0,0.22701601029949312,0.766568428185825,0.006415561514681828
26825.0,0.5588133765706846,0.3800404904191585,0.06114613301015692
26171.0,0.014117314364269492,0.013882979713475834,0.9719997059222546
26408.0,0.136995686154413,0.8323871492341761,0.03061716461141087
27441.0,0.11276851951379044,0.4811804396988392,0.40605104078737025
27170.0,0.2304361013375111,0.7599609233472744,0.009602975315214438
26628.0,0.05385884392321594,0.19249807946994396,0.7536430766068402
26903.0,0.18791371598432743,0.6224587000370485,0.18962758397862406
26051.0,0.019318522425303804,0.8649269008645024,0.11575457671019386
26597.0,0.15189099422799246,0.8343005406866291,0.013808465085378563
26358.0,0.0732901509428562,0.01013975715118733,0.9165700919059564
26962.0,0.18595789552787895,0.8036839229206555,0.010358181551465673
26689.0,0.12858806760701494,0.8597753177165969,0.011636614676388154
27239.0,0.545420158167055,0.44919257259051437,0.005387269242430497
27508.0,0.08680270261095098,0.8811165570673403,0.03208074032170862
26291.0,0.8636589265534207,0.0812787358260319,0.05506233762054729
26528.0,0.15924369376230998,0.06205657164111624,0.7786997345965737
25990.0,0.16780009151096198,0.8246683973967397,0.007531511092298315
26764.0,0.16034602684838045,0.7544499401037209,0.08520403304789871
27039.0,0.028407412410546895,0.026417513129618323,0.9451750744598347
27577.0,0.06815183000815125,0.845227613672152,0.08662055631969667
27306.0,0.012065570560883565,0.12811735951433853,0.859817069924778
26477.0,0.1407776947914665,0.7340176600485648,0.12520464515996874
26238.0,0.04262603638732727,0.11251524705808127,0.8448587165545913
27374.0,0.019120114582641592,0.03452738571715547,0.946352499700203
27099.0,0.0682210057392643,0.9236046139743136,0.008174380286422214
26824.0,0.0053298369201163365,0.11533317791721762,0.8793369851626659
26170.0,0.5278123514226506,0.4646904623729062,0.00749718620444317
26409.0,0.04000284079666243,0.36597066609651896,0.5940264931068187
27440.0,0.021596610216457455,0.18030333393534093,0.7981000558482015
27171.0,0.14704224120419054,0.8247377169711099,0.02822004182469949
26629.0,0.08170751337377381,0.7591966322047468,0.1590958544214795
26902.0,0.0781861193106673,0.004945186851463849,0.9168686938378687
26050.0,0.0025719534221126735,0.00807172635321345,0.9893563202246738
26596.0,0.3452577031395533,0.13338195476448111,0.5213603420959656
26359.0,0.069284457954284,0.8372392164284417,0.09347632561727424
26531.0,0.16861037555406452,0.8240747107727867,0.007314913673148784
26288.0,0.006137158862442065,0.01528507234219004,0.9785777687953678
25989.0,0.008842230028634596,0.012207818362158826,0.9789499516092065
26690.0,0.19661280670131173,0.7674137824599223,0.03597341083876604
26961.0,0.8471488623381759,0.1451518151870264,0.007699322474797812
27511.0,0.17399237183546848,0.5779072264991515,0.24810040166538008
27236.0,0.08131421260461512,0.7357642732732305,0.1829215141221544
26237.0,0.2796637375209901,0.7124200201370186,0.00791624234199132
26478.0,0.1787162236175294,0.7346139759689735,0.08666980041349706
27036.0,0.6653422049770662,0.326251908496526,0.008405886526407908
26767.0,0.019278537510002382,0.02378034068342054,0.956941121806577
27305.0,0.013067720131639062,0.3050906064598397,0.6818416734085212
27578.0,0.2967380083002856,0.6971327034124476,0.006129288287266874
26410.0,0.025910440215794604,0.034501393552190986,0.9395881662320144
26169.0,0.046520897539044426,0.9433537048009697,0.010125397659985892
27373.0,0.3418252771475456,0.6491665809418656,0.009008141910588676
26827.0,0.20598764183089543,0.7722604612825515,0.021751896886552963
27096.0,0.46754642097440074,0.5251987521124233,0.007254826913176133
26049.0,0.05216651016626921,0.011345701002578406,0.9364877888311522
26356.0,0.011764428395981047,0.0027694971439967565,0.9854660744600221
26599.0,0.007817919941983529,0.06048832366499304,0.9316937563930233
27168.0,0.0027686052278762772,0.06393560993573041,0.9332957848363934
27443.0,0.09683249721321252,0.07900248380185265,0.8241650189849349
26901.0,0.0021614732961062256,0.007581022361439588,0.9902575043424541
26630.0,0.003866904985161736,0.005090824048979483,0.9910422709658588
26530.0,0.26108913828122265,0.7338554458048295,0.0050554159139478295
26289.0,0.027243466869425668,0.006356142225705147,0.9664003909048693
25988.0,0.032745930895369486,0.9529427074886071,0.01431136161602352
26691.0,0.007075238676316641,2.853522517935221E-4,0.9926394090718899
26960.0,0.2026420730673232,0.7884157364779697,0.008942190454707044
27510.0,0.5165936452934609,0.46848137795477823,0.014924976751761012
27237.0,0.024644086048475927,0.0215638342579365,0.9537920796935876
26236.0,0.06610196302177138,0.8898546570293379,0.04404337994889083
26479.0,0.00190249770142076,0.006516130840275541,0.9915813714583036
27037.0,0.23484119225773695,0.6522825438702866,0.11287626387197638
26766.0,0.0857646931046979,0.7323091557465643,0.18192615114873778
27304.0,0.04143812063866284,0.7154164424501999,0.24314543691113727
27579.0,0.6653422049770662,0.326251908496526,0.008405886526407908
26411.0,0.18355691829022658,0.8031815162766757,0.01326156543309771
26168.0,0.20178046374415273,0.7895966571073857,0.008622879148461571
27372.0,0.008638333473085638,0.0997581338052948,0.8916035327216196
26826.0,0.22888670005595563,0.7231333639648854,0.047979935979158964
27097.0,0.422565205253256,0.5618077178335396,0.01562707691320426
26048.0,0.059284118639024434,0.5302604746585002,0.4104554067024752
26357.0,0.8442385567292435,0.15120507312652048,0.004556370144235853
26598.0,0.2166870224826851,0.7704578467440389,0.01285513077327578
27169.0,0.22360928142335434,0.6762632693092876,0.100127449267358
27442.0,0.004711038194286783,0.003989458369391131,0.991299503436322
26900.0,0.17204764958060675,0.8140548271134345,0.013897523305958817
26631.0,0.4401872663577508,0.23378616088614393,0.3260265727561054
27580.0,0.18616432878248676,0.7697039715923574,0.04413169962515581
27311.0,0.7991832636611836,0.19378246429029347,0.00703427204852274
26761.0,0.7991832636611836,0.19378246429029347,0.00703427204852274
27034.0,0.11589223025044729,0.8752268527295234,0.008880917020029345
26472.0,0.09363078721614683,0.8796546350431597,0.026714577740693423
26235.0,0.20395275994287168,0.7393453288159655,0.05670191124116272
27234.0,0.06043541532654063,0.909576555463894,0.029988029209565326
27505.0,0.1826930180297094,0.7630193623218612,0.05428761964842935
26967.0,0.25811627701608286,0.08256052171851189,0.6593232012654053
26692.0,0.26108913828122265,0.7338554458048295,0.0050554159139478295
25987.0,0.1487046320994772,0.7451943428331764,0.10610102506734641
26294.0,0.48806942542756804,0.4804136893357966,0.03151688523663545
26533.0,0.2611411858052259,0.7331035593446551,0.005755254850118917
26624.0,0.30461225983435414,0.6879679358277024,0.007419804337943542
26899.0,0.9510018340423915,0.04590884450190111,0.003089321455707378
27445.0,0.014510945383475433,0.289737456474296,0.6957515981422286
27174.0,0.22366550362062643,0.7681851037577369,0.00814939262163678
26593.0,0.24231266968615395,0.745285696658206,0.01240163365563998
26354.0,0.03879441675603339,0.9589887639154377,0.00221681932852885
26055.0,0.17389105488790715,0.8105122838159848,0.015596661296107971
27102.0,0.11638708546605273,0.8029691878707859,0.08064372666316151
26829.0,0.22782731615723195,0.7465197548171157,0.025652929025652284
27371.0,0.08046082756308234,0.10447854381042913,0.8150606286264886
26175.0,0.27258218741626244,0.722093540320342,0.005324272263395431
26412.0,0.5337558245000277,0.4491919371233562,0.01705223837661619
27581.0,0.1856714095882122,0.788743606243635,0.02558498416815281
27310.0,0.37388720737920966,0.5883142967399685,0.03779849588082178
26760.0,0.2079513345450124,0.783747710564846,0.008300954890141482
27035.0,0.2489232177862894,0.7201830963164281,0.030893685897282537
26473.0,0.0017869269464327556,0.024692199158990964,0.9735208738945762
26234.0,0.00845425027416944,0.003903172178933959,0.9876425775468965
27235.0,0.10044733880943901,0.8461014336634003,0.0534512275271607
27504.0,0.09594185091701886,0.8752372501607095,0.02882089892227173
26966.0,0.1932682257546072,0.7841871429142495,0.02254463133114333
26693.0,0.03082567800666992,0.20521096042089598,0.763963361572434
25986.0,0.06289074939195904,0.7729633401486735,0.1641459104593674
26295.0,0.1677348344055919,0.8175769544395715,0.014688211154836602
26532.0,0.26108913828122265,0.7338554458048295,0.0050554159139478295
26625.0,0.01752390477811883,0.028307232039750434,0.9541688631821307
26898.0,0.4031796637651432,0.589976451156198,0.006843885078658869
27444.0,0.7357417078979249,0.2560745674716549,0.008183724630420167
27175.0,0.1431557901157501,0.8168717639432094,0.03997244594104053
26592.0,0.06901587012003842,0.32872183542487404,0.6022622944550875
26355.0,0.13770867100677725,0.8403010781090405,0.021990250884182317
26054.0,7.834034877227448E-4,0.06262203074085153,0.9365945657714259
27103.0,0.21627660660745385,0.7689564630806457,0.014766930311900493
26828.0,0.0016815721139684806,0.026841658975912612,0.9714767689101189
27370.0,0.08281328990277807,0.047947358706742035,0.8692393513904798
26174.0,0.3426746267555683,0.6514567809437997,0.005868592300632054
26413.0,0.01834294763468057,0.02831178545855311,0.9533452669067662
26233.0,0.12927440491092299,0.8518566086490637,0.018868986440013266
26474.0,0.40942312799589936,0.5277267032790227,0.06285016872507794
27309.0,0.22767115729380485,0.7605915316603764,0.011737311045818623
27582.0,0.4750684581124198,0.4548176133122719,0.07011392857530838
27032.0,0.14117199841673084,0.631375448634683,0.22745255294858624
26763.0,0.3084420515561094,0.6864142014391273,0.0051437470047634186
25985.0,0.16316333043116377,0.7559897214959674,0.08084694807286888
26535.0,0.2887213530186413,0.4618237886055925,0.24945485837576617
26292.0,0.030576583559683557,0.8412692938058108,0.1281541226345055
27507.0,0.11257529407674718,0.7763226015304634,0.11110210439278946
27232.0,0.5964052273750867,0.38486090938864226,0.018733863236271023
26694.0,0.5278123514226506,0.4646904623729062,0.00749718620444317
26965.0,0.007205665455929528,0.014850008489535379,0.9779443260545352
26352.0,0.21184660283380108,0.09612801313647128,0.6920253840297276
26595.0,0.6327632116613813,0.3632999837013107,0.003936804637308018
26053.0,0.041602291239030746,0.33120449993209,0.6271932088288792
26897.0,0.27445630579676394,0.7190739455785247,0.006469748624711332
26626.0,0.3548747289123741,0.6373098699835389,0.007815401104086902
27172.0,0.22451181654967425,0.7653869983219502,0.010101185128375566
27447.0,0.007026205573322889,0.10247514647895092,0.8904986479477262
26414.0,0.013579202640181674,0.002626125934880357,0.983794671424938
26173.0,0.006157509894400212,0.041265426329710024,0.9525770637758898
26831.0,0.9682568695951401,0.029196656672854468,0.002546473732005384
27100.0,0.3147564634288233,0.5156704753243215,0.16957306124685512
27369.0,0.12413808258470359,0.23096249044860762,0.6448994269666887
26232.0,0.4779945346697651,0.517610049941637,0.004395415388597891
26475.0,0.3976464087689834,0.5945769551520204,0.007776636078996241
27308.0,0.0142544325887674,0.036986830606714136,0.9487587368045185
27583.0,0.12511591271731082,0.013908715867250638,0.8609753714154386
27033.0,0.8662255312919582,0.12733957735761556,0.006434891350426124
26762.0,0.6653422049770662,0.326251908496526,0.008405886526407908
25984.0,2.7830638463154485E-4,0.007397041102919129,0.9923246525124493
