26275.0,6.660128637721567E-21,0.999999802062192,1.979378079616576E-7
26544.0,3.4782968012075973E-10,0.17445965748451955,0.8255403421676507
26006.0,0.0252210673699555,0.9700361740206225,0.004742758609421808
26946.0,2.4029813681901016E-8,0.9960583264180684,0.003941649552117946
26705.0,0.41562885045354636,0.5843665817732684,4.567773185273917E-6
27255.0,5.66397406564917E-4,0.9991438950500505,2.897075433846034E-4
27492.0,0.7874852798192132,0.21250945194037477,5.268240411951517E-6
26493.0,3.9984293517992597E-13,0.9579837232843635,0.04201627671523659
26222.0,2.880892073347893E-10,0.0016490648719502156,0.9983509348399606
26780.0,1.5538040676937244E-4,0.5824685955172542,0.41737602407597646
27023.0,2.806687917521253E-9,0.013175296953749548,0.9868247002395625
27561.0,1.4437831772773864E-4,3.5678075627181523E-6,0.9998520538747094
27322.0,4.8639601665445515E-18,8.323968308361511E-4,0.9991676031691638
26154.0,0.005460797137832433,0.8895587861632619,0.10498041669890557
26425.0,0.009788283683349878,0.9883618158446785,0.0018499004719715918
27390.0,4.487961968911878E-4,0.0020400206534588856,0.99751118314965
27083.0,1.0,1.024639672773062E-170,4.383223431844702E-31
26840.0,5.866064835678644E-4,0.282285101129478,0.7171282923869541
26066.0,0.03437710082782543,0.9516818348735834,0.01394106429859113
26612.0,0.0024074079157793407,0.9577332221610184,0.03985936992320227
26343.0,0.14245733615187672,0.7396249202148169,0.11791774363330637
27424.0,4.435962749748364E-5,0.6855314055405503,0.31442423483195225
27187.0,0.005413411512379463,0.9945692433301683,1.7345157452197772E-5
26645.0,0.14479987178233025,0.8368850702640847,0.01831505795358516
26886.0,3.557588888353906E-7,0.30464328272803004,0.6953563615130811
26274.0,0.7954364474548171,0.20451972356109852,4.382898408439817E-5
26545.0,6.486710883456963E-29,8.679870346886522E-4,0.9991320129653114
26007.0,1.0569511079042539E-22,0.9999999429908456,5.700915432385733E-8
26947.0,0.06281013641779408,0.9371600574711841,2.98061110218083E-5
26704.0,1.8113314717867751E-10,2.2953382731373376E-6,0.9999977044805938
27254.0,1.7928584245009195E-5,0.49880481800846976,0.5011772534072851
27493.0,1.328722686541379E-9,0.011631559462004547,0.9883684392092729
26492.0,2.3100691510912387E-6,0.999639270050031,3.584198808180572E-4
26223.0,3.233514115768235E-10,0.9999999996766482,5.29480541476668E-16
26781.0,2.0615355760688496E-7,0.9998122272630695,1.8756658337296163E-4
27022.0,0.0021381370709325463,0.7828368182491753,0.2150250446798922
27560.0,3.429372295827574E-9,0.012424332206145985,0.9875756643644817
27323.0,9.08116062044393E-9,0.9761773726658565,0.023822618252982927
26155.0,6.30682806125401E-13,0.9998812055360745,1.1879446329471733E-4
26424.0,0.0030252924687435606,0.9940309446877338,0.0029437628435225443
27391.0,1.005047226551221E-4,0.9859579612552901,0.013941534022054574
27082.0,0.06867710151282508,0.8989071913094403,0.0324157071777346
26841.0,1.6175637407883447E-5,0.9996487808086225,3.350435539695634E-4
26067.0,0.20540269447399712,0.5691212480030677,0.22547605752293523
26613.0,0.007160432973347049,0.9804943202522513,0.012345246774401639
26342.0,1.913511032828555E-4,0.03482227526188372,0.9649863736348333
27425.0,1.045974790053125E-28,5.337053565578015E-5,0.9999466294643443
27186.0,0.0013931505711415376,0.8345861466665776,0.164020702762281
26644.0,0.8983855552955633,0.09144960952837594,0.010164835176060762
26887.0,1.0,5.192454460464519E-36,1.5807081425232356E-29
26707.0,3.2928476844072005E-11,0.5175795165966609,0.48242048337041055
26944.0,4.1351777648691856E-4,0.7332573236699055,0.2663291585536075
27494.0,0.0016380567532220177,0.9505624700399499,0.04779947320682819
27253.0,0.041636351150940325,0.9451144071092759,0.01324924173978384
26546.0,0.08978111504803295,0.6961315353691183,0.21408734958284878
26273.0,1.5840399313479028E-24,0.022867092003748053,0.977132907996252
26004.0,3.005767433861849E-22,0.04783018551949106,0.952169814480509
27021.0,0.039949686586335256,0.9547632447366634,0.00528706867700128
26782.0,0.9879564216828126,0.0024288476471484004,0.00961473067003916
27320.0,1.3604599640707556E-23,3.6964252064587683E-4,0.9996303574793542
27563.0,0.6326816382858452,0.366196309210229,0.0011220525039258083
26220.0,1.0,2.7111771446006763E-27,5.26149279230544E-22
26495.0,6.632711325412652E-17,0.009790845654544567,0.9902091543454554
27388.0,2.869954029490887E-17,0.0045025286709308035,0.9954974713290691
26842.0,0.2509633397868115,0.7417063752830664,0.007330284930122007
27081.0,3.832607019167117E-16,0.9991956363422924,8.043636577071931E-4
26427.0,4.2643142390119E-17,5.082013797363566E-8,0.999999949179862
26152.0,0.4909802598656342,0.5087702288592636,2.495112751021599E-4
27185.0,2.093878561377781E-9,0.0012127527285010088,0.9987872451776205
27426.0,6.913483575472508E-5,1.555864788102787E-8,0.9999308496055973
26884.0,0.028382400408591343,0.9606365661749526,0.010981033416456067
26647.0,6.927125915777173E-66,1.7323351082920824E-18,1.0
26064.0,3.025901360539936E-14,0.03959022854264681,0.960409771457323
26341.0,3.783686613704493E-11,0.00888562590919733,0.9911143740529659
26614.0,0.19587418605397783,0.8032232463530494,9.025675929726947E-4
26706.0,0.37898691660764566,0.5378336274876576,0.0831794559046967
26945.0,7.466593393572207E-15,2.540480513263814E-5,0.9999745951948599
27495.0,7.849367259887025E-13,0.5938192747739446,0.4061807252252705
27252.0,3.4903732026039267E-7,0.9999995883433423,6.261933724728299E-8
26547.0,0.35316534185780996,0.6466760205798309,1.5863756235918317E-4
26272.0,3.1346020409412406E-23,0.007625277438251719,0.9923747225617482
26005.0,0.5379935496906043,0.44202832619144755,0.019978124117948085
27020.0,0.9422542348169657,0.057175692191873816,5.7007299116053E-4
26783.0,0.9999919958488754,8.894162562721034E-15,8.004151115704848E-6
27321.0,0.07129759808731949,0.9278971885396665,8.052133730139765E-4
27562.0,0.10424229854101098,0.895667162577005,9.053888198402603E-5
26221.0,0.02873046418663843,0.9662830126976988,0.004986523115662927
26494.0,0.27529309173179806,0.26998048990998713,0.4547264183582147
27389.0,2.4681541253948836E-30,0.026351789237184398,0.9736482107628157
26843.0,1.6966301134074444E-8,0.001310695735505563,0.9986892872981933
27080.0,0.3476158141122814,0.6522264525973283,1.5773329039040106E-4
26426.0,3.740524631672954E-18,0.05760576754917816,0.9423942324508219
26153.0,0.8097703516957441,0.19018370311369662,4.594519055935706E-5
27184.0,0.7245924457902445,0.27534385584518495,6.369836457055193E-5
27427.0,2.736630242306022E-13,0.014597543577184345,0.985402456422542
26885.0,5.431103951021932E-4,0.9786326156762535,0.020824273928644447
26646.0,0.8662291960690156,0.13365736714297227,1.1343678801199527E-4
26065.0,0.1294406846437739,0.8365324890418443,0.03402682631438179
26340.0,2.5173079295502396E-30,3.489733848606793E-5,0.999965102661514
26615.0,6.505923855451026E-34,5.087104558188915E-10,0.9999999994912896
25951.0,4.9857921380491515E-6,0.0693322981776893,0.9306627160301727
26489.0,0.0026785238649698877,0.9949697794283221,0.002351696706707899
26218.0,8.388319995550308E-8,0.20105220396691845,0.7989477121498815
27565.0,1.690417928985791E-10,9.593748806211097E-8,0.99999990389347
27326.0,0.6636500101110683,0.33560971222920577,7.402776597259722E-4
26776.0,0.49879862490582116,0.19895897089184844,0.30224240420233034
27019.0,0.08457666289858307,0.7900692343653511,0.12535410273606584
26002.0,3.399769188411162E-40,0.6440324453861953,0.35596755461380464
26279.0,2.5144799708267552E-11,0.0011706306453576776,0.9988293693294975
26548.0,0.09948325862334206,0.8943777082970429,0.006139033079615011
27251.0,0.1899081250003285,0.8076262789159954,0.002465596083676129
27488.0,0.006613111655666715,0.9922627233108707,0.001124165033462434
26950.0,0.48062431965976676,0.5190503943988798,3.252859413533247E-4
26709.0,2.0825060433395895E-6,0.08946202557451799,0.9105358919194387
26608.0,0.04212910009865668,0.943863111228348,0.014007788672995286
26339.0,0.01987289021878375,0.7182079299240347,0.2619191798571815
26070.0,1.746585796965308E-15,0.0034307664984430312,0.9965692335015552
26641.0,0.04905074744738801,0.8749438068727433,0.07600544567986874
26882.0,0.9044767341633344,0.09547851469673829,4.47511399273148E-5
27428.0,0.010098290868524904,0.9891123771026457,7.89332028829439E-4
27191.0,0.9681750208767317,0.03178368871569664,4.12904075716512E-5
26158.0,3.8312117378021394E-8,0.9908374785779533,0.009162483109929117
26429.0,0.21307180648642476,0.7632698925268433,0.023658300986731953
27087.0,0.01388482417264227,0.9672129345496772,0.018902241277680545
26844.0,0.36004823582905504,0.6398677845925415,8.397957840350889E-5
27386.0,0.11723470615314005,0.8808768114913508,0.0018884823555091479
25950.0,0.1458902324321295,0.8511079999313542,0.003001767636516254
26488.0,0.025394441127693405,0.08386639136094642,0.8907391675113603
26219.0,0.07894766834069461,0.9188751151212355,0.002177216538069916
27564.0,0.3853009523447615,0.591868787301022,0.022830260354216498
27327.0,0.029894193501956167,0.9579587704595767,0.012147036038467158
26777.0,9.917626244466789E-13,0.12066034490888532,0.8793396550901229
27018.0,8.794556155286513E-6,0.0027505027843729773,0.9972407026594718
26003.0,0.016301004342548667,0.9565632805510521,0.027135715106399286
26278.0,0.9642201686970248,0.02995499388116527,0.0058248374218100646
26549.0,0.3013665209287097,0.6980716522183522,5.618268529381698E-4
27250.0,1.5642655709314623E-4,0.9972422552352299,0.0026013182076769802
27489.0,0.03995513964171288,0.9564389222588162,0.003605938099470933
26951.0,0.03072012017795288,0.8975136187911193,0.07176626103092777
26708.0,2.565234033489125E-16,0.3132662786410906,0.6867337213589091
26609.0,0.2874324334259927,0.7115677501906228,9.998163833845055E-4
26338.0,0.24192847154514244,0.7579915038357641,8.00246190935687E-5
26071.0,1.4284849155022004E-4,0.9619924827925935,0.03786466871585612
26640.0,0.015222297172684711,0.6790654562838296,0.30571224654348556
26883.0,1.553541940943814E-5,0.9902633233850255,0.00972114119556509
27429.0,9.574698368201258E-5,0.7035706615041604,0.2963335915121576
27190.0,0.7339908062290595,0.26139501636370027,0.004614177407240187
26159.0,4.879760008114953E-14,0.8823314886761922,0.11766851132375915
26428.0,8.490013611127639E-17,0.9076320598442652,0.09236794015573481
27086.0,6.245300474605311E-7,0.026680379253077476,0.9733189962168751
26845.0,8.683561047231825E-11,0.005954196177234285,0.9940458037359301
27387.0,0.0019143820970118804,0.041734504985807844,0.9563511129171802
27324.0,0.09170760945298174,0.8933310609689811,0.014961329578037169
27567.0,0.3145635322963443,0.5422679053842789,0.1431685623193768
27017.0,0.9999999999999412,2.888826640041846E-23,5.876861572589764E-14
26778.0,0.9972828677832674,0.0027163038448203693,8.283719122255541E-7
25949.0,2.5413435013505256E-12,0.9831116968595582,0.016888303137900375
26216.0,0.15898561601436634,0.8408526347203302,1.6174926530333205E-4
26491.0,0.2565160956373596,0.7405364848783542,0.0029474194842862194
27490.0,3.714924260420795E-18,1.1134418478820487E-18,1.0
27249.0,0.5133597225004684,0.1340495027837552,0.3525907747157765
26711.0,0.6012768941927377,0.39271370609420475,0.006009399713057652
26948.0,2.883596163946649E-26,0.2767201477611729,0.7232798522388272
26000.0,1.0,3.637189034965796E-35,5.479821454930924E-17
26550.0,0.12132337475509543,0.8760992429203874,0.0025773823245170075
26277.0,0.9059409881762519,0.0940215612177003,3.745060604774363E-5
26880.0,0.15677801401735006,0.8046086215506865,0.03861336443196362
26643.0,1.2917567147649019E-8,0.9223773597465467,0.07762262733588625
27189.0,0.03354863098286144,0.9588146790852345,0.007636689931904025
27430.0,1.0256122342398796E-9,8.901527973076816E-5,0.9999109836946571
26337.0,5.223927649493154E-7,0.9985109542675908,0.0014885233396442251
26610.0,0.8738784974391616,0.12612054826926955,9.54291568929545E-7
26068.0,0.10056235860839785,0.8943455186688365,0.005092122722765578
26846.0,2.624657352378551E-11,0.7596950390482877,0.24030496092546572
27085.0,1.6093824866277272E-30,0.9999989644879799,1.0355120201556235E-6
27384.0,0.8147350815578194,0.18488947472211156,3.754437200690984E-4
26431.0,1.0,1.0828110175400361E-19,1.0784417026120605E-17
26156.0,0.9999999999992875,3.1014270223409282E-21,7.124973574470327E-13
27325.0,0.9999999999999998,1.5429026092549466E-16,1.1843908119876853E-20
27566.0,1.0329821531777818E-17,2.4675991862045467E-6,0.9999975324008138
27016.0,1.7106147165551508E-7,1.1781557811889508E-9,0.9999998277603724
26779.0,5.637980050465437E-13,0.9999999999994362,6.384911596864053E-41
26217.0,1.572538201768572E-26,0.8669160361807976,0.1330839638192025
26490.0,0.005719866280642924,0.580074774521136,0.41420535919822116
27491.0,1.0,1.6072325260277947E-20,5.3752804756037814E-27
27248.0,0.004751658199311249,0.9944366938625062,8.116479381826011E-4
26710.0,0.9089521310184571,0.09102782401612532,2.0044965417645173E-5
26949.0,0.010784044612989792,0.9807997792082404,0.008416176178769818
26001.0,2.360778873911496E-21,1.4556898486429899E-5,0.9999854431015135
26551.0,4.303498254923185E-10,0.6933077630831201,0.30669223648653005
26276.0,0.9572571922201666,5.88337091302374E-20,0.04274280777983347
26881.0,0.0027271846539871467,0.997052165896489,2.2064944952374126E-4
26642.0,9.068418028700003E-23,0.9735464848023071,0.026453515197692873
27188.0,0.006280514077710658,0.9891119034028333,0.004607582519456094
27431.0,2.9786704614848454E-26,0.9999919889726567,8.011027343257436E-6
26336.0,6.20133263141524E-14,0.12215787390933298,0.877842126090605
26611.0,0.9993646145658929,5.901027482071555E-4,4.528268589984039E-5
26069.0,0.7745574388378962,0.20095849152882667,0.024484069633277115
26847.0,1.7575577987965141E-10,0.570292352360871,0.4297076474633732
27084.0,3.5943773849812736E-10,0.3107015051709864,0.6892984944695759
27385.0,0.02825823460315395,0.9602980598152275,0.01144370558161871
26430.0,0.02200968966094236,0.9707020238909678,0.00728828644808971
26157.0,0.3804900720404344,0.29217398761302016,0.32733594034654545
26146.0,0.01195294202087288,0.9018015846176652,0.08624547336146182
26417.0,0.08316806394831797,0.8963326243152295,0.020499311736452405
27382.0,3.616845309043734E-21,1.9168930722920482E-4,0.9998083106927708
27075.0,0.9999999940537534,5.03520650583827E-18,5.946246556210147E-9
26832.0,0.9734119128647567,0.026584958485098103,3.1286501450427274E-6
26074.0,0.0024208630120157197,0.8965096056529005,0.10106953133508394
26620.0,0.9999999999999907,4.2414810217752676E-17,9.423382726366211E-15
26351.0,4.9090843671312963E-17,0.060564748136413965,0.939435251863586
27432.0,1.446273091635684E-29,0.8835629351306438,0.1164370648693562
27195.0,0.45526048793575186,0.46815468004878397,0.07658483201546418
26653.0,4.269375422075125E-46,7.03275707472483E-8,0.9999999296724292
26894.0,4.435966583787728E-28,3.489410427064218E-9,0.9999999965105895
26283.0,2.5545001554586465E-15,0.9988027727835742,0.001197227216423202
26552.0,0.2957690602590741,0.4915906754878187,0.21264026425310717
26014.0,0.14432780530077696,0.808417934381607,0.047254260317615954
26954.0,1.6620782465386843E-11,0.999999857313571,1.42669808194052E-7
26713.0,0.031315065779895436,0.9024802945044995,0.066204639715605
27263.0,0.9999999999999805,3.029959322948188E-16,1.9326177771781444E-14
27500.0,0.07688192699375924,0.9172256882452188,0.005892384761022082
26485.0,1.4271427894196136E-4,7.247240752392609E-4,0.9991325616458187
26214.0,0.08683817876714078,0.905013593523252,0.008148227709607256
26772.0,1.0761091824879077E-8,1.563850007978323E-12,0.9999999892373442
27015.0,0.0020557525492806445,0.4414927818651544,0.5564514655855649
27553.0,7.681437688878376E-12,0.025236362997844857,0.9747636369944738
27314.0,0.9999999999988427,1.5778106735948493E-14,1.1415319410954516E-12
26147.0,1.1373107818173744E-10,0.04689044868484343,0.9531095512014254
26416.0,5.412713652786682E-7,5.1501741053761254E-8,0.9999994072268937
27383.0,9.58338298890966E-26,0.014301927798014325,0.9856980722019856
27074.0,3.815541006988457E-8,3.1222130819814325E-7,0.9999996496232817
26833.0,9.200853170659966E-7,0.9428579096878117,0.05714117022687122
26075.0,6.038362119050817E-8,0.16569159964703795,0.8343083399693408
26621.0,2.0925901251815422E-7,0.880374580396733,0.11962521034425444
26350.0,0.2926788788039963,0.7067524135933522,5.687076026514719E-4
27433.0,0.18914218745717482,0.8100354164069052,8.223961359199472E-4
27194.0,2.9511674296529564E-17,0.13152743622241297,0.868472563777587
26652.0,2.3482276824533915E-4,0.9847724347038677,0.014992742527886835
26895.0,3.923855329352527E-27,0.9999988045396591,1.1954603408717512E-6
26282.0,3.6392239958649616E-7,0.4511993951056704,0.54880024097193
26553.0,0.026342592835358752,0.9702466044462156,0.0034108027184256502
26015.0,0.763491695225138,0.21817972233592167,0.018328582438940328
26955.0,0.03092732986585408,0.9662402491538944,0.002832420980251665
26712.0,3.257146017391489E-31,0.9956531447636039,0.004346855236396222
27262.0,2.2854400407427028E-6,1.5185205285126998E-9,0.9999977130414387
27501.0,0.2830169322404939,0.7112340103768146,0.005749057382691452
26484.0,0.3550224124139656,0.6391773187062603,0.005800268879774064
26215.0,0.06323531270501134,0.93237616821835,0.004388519076638718
26773.0,0.5935213091665063,0.40600032753891,4.7836329458375256E-4
27014.0,1.1597390606193293E-9,0.9915166538116894,0.008483345028571449
27552.0,0.005875303789299926,0.9644622863046785,0.029662409906021415
27315.0,0.39132747145747027,0.6065211704665113,0.002151358076018336
27380.0,9.607784938094522E-4,0.5510432742581811,0.4479959472480094
26834.0,0.023422576702575457,0.1443753085713456,0.832202114726079
27073.0,5.244017204602304E-8,0.6761703270752116,0.3238296204846164
26419.0,0.9999999999999998,7.620625718590767E-21,1.8925683395676737E-16
26144.0,0.012623143861218905,0.982657616832984,0.004719239305797025
27193.0,0.9509025115306388,0.04909095350588096,6.534963480220127E-6
27434.0,0.0071533397325757465,0.9785302923571684,0.014316367910255761
26892.0,0.0383509298628317,0.9436292521089807,0.0180198180281875
26655.0,9.086247414920979E-13,0.9904249068604446,0.009575093138646733
26072.0,3.6741234950194324E-39,8.827569173432454E-4,0.9991172430826568
26349.0,9.55083300638534E-4,0.9934389628426444,0.0056059538567169095
26622.0,0.030774322340628005,0.962743802515081,0.006481875144290867
26715.0,0.010988696703516994,0.9861822356432663,0.0028290676532166667
26952.0,0.6631708138994143,0.3311521695479998,0.005677016552585865
27502.0,0.9999999546150004,4.5381938630760265E-8,3.0611069158433828E-12
27261.0,2.2929804913814557E-9,0.9970773754605368,0.002922622246482611
26554.0,2.5206407526153422E-20,0.011486979100113575,0.9885130208998864
26281.0,6.096172486199216E-10,0.06791508734760589,0.9320849120427769
26012.0,0.9999983762857937,2.75404355449587E-9,1.620960162783911E-6
27013.0,0.23339882337026951,0.766567769383452,3.340724627855719E-5
26774.0,0.866413426872929,0.028451408281956123,0.1051351648451149
27312.0,0.007117735767192619,0.9307214579044178,0.06216080632838939
27555.0,0.044705423652393765,0.6884609458448132,0.266833630502793
26212.0,2.8655557967636176E-11,2.4919823584526226E-17,0.9999999999713445
26487.0,0.3107191262543152,0.6084592224402116,0.08082165130547328
27381.0,0.9827818527259063,1.1032504006856532E-8,0.01721813624158954
26835.0,9.289832505927535E-22,0.04700058995838276,0.9529994100416173
27072.0,1.948002498677073E-4,0.9995281197262003,2.7708002393193095E-4
26418.0,0.6411498678800261,0.3588363886956247,1.3743424349174427E-5
26145.0,1.7338928623947661E-22,0.004737369730721007,0.995262630269279
27192.0,0.0930316962059635,0.8682937676062453,0.03867453618779113
27435.0,0.9999213394140638,5.6167145939002385E-12,7.866058031956361E-5
26893.0,0.9999999999999998,9.036821035389681E-18,2.6109546091773994E-16
26654.0,3.107524154033434E-4,0.894235974557179,0.10545327302741773
26073.0,1.7432977834277803E-18,1.9461723456061324E-13,0.9999999999998055
26348.0,0.01108427920691393,0.5269608658320485,0.4619548549610376
26623.0,1.8330582817859053E-17,0.1507966565402799,0.8492033434597202
26714.0,0.04697652661446365,0.952909695321055,1.1377806448139324E-4
26953.0,7.541136011437534E-9,0.10346194713024996,0.896538045328614
27503.0,0.0019927336766157678,0.9886082411340571,0.009399025189327299
27260.0,0.7688053605913366,0.22237856509406093,0.008816074314602386
26555.0,0.03927908821726073,0.8697183542029107,0.09100255757982859
26280.0,0.1935640064719069,0.7605879897621719,0.04584800376592126
26013.0,3.5754966315493324E-5,0.00620167350476166,0.9937625715289228
27012.0,1.0438655622257471E-23,6.061991286416856E-5,0.9999393800871358
26775.0,5.8013497629159066E-5,0.0059474988994620585,0.9939944876029088
27313.0,0.06066661006229378,0.9182128386976911,0.021120551240015172
27554.0,1.1100593950758006E-16,1.0,7.214015186298079E-21
26213.0,1.3240294992774241E-8,3.55893838431351E-19,0.9999999867597051
26486.0,6.7508008614202415E-18,0.0016414709183658685,0.9983585290816341
26616.0,0.009752088644898012,0.9769425580426846,0.013305353312417533
26347.0,0.1121554602401174,0.8744570145033914,0.01338752525649116
26078.0,6.842137610978315E-7,0.008117364924020825,0.9918819508622182
26649.0,4.508354533331843E-31,0.028190484837743373,0.9718095151622566
26890.0,1.1559513574394581E-14,0.948325511490448,0.05167448850954055
27436.0,5.603907950271163E-24,0.0020063148462735303,0.9979936851537266
27199.0,6.27396471142972E-34,0.8296218927102184,0.17037810728978176
26150.0,8.45057242761011E-7,9.19169510548732E-28,0.9999991549427572
26421.0,5.06923909303479E-9,0.9037291851108529,0.09627080981990803
27079.0,0.4439986069318895,0.47233292634359375,0.08366846672451685
26836.0,0.03516872164613312,0.9363131793352262,0.028518099018640698
27378.0,5.95855460055196E-4,0.859573786717852,0.13983035782209277
26481.0,5.439534747227393E-10,0.36813691793586273,0.6318630815201838
26210.0,1.4629025244286887E-5,0.3231400778081403,0.6768452931666153
27557.0,2.040775709438252E-6,0.35253848149043177,0.6474594777338587
27318.0,0.01141693089390567,0.9862289360655361,0.002354133040558149
26768.0,0.7946213509560043,1.3899034256170502E-6,0.20537725914057006
27011.0,1.1126236343926259E-9,0.05814718350432154,0.9418528153830548
26010.0,4.352205374171235E-6,0.9994429694895659,5.526783050599614E-4
26287.0,0.4808884611952331,0.5084133995963698,0.0106981392083972
26556.0,8.757026117943137E-8,0.949708654461068,0.05029125796867063
27259.0,0.054314269861197854,0.936929513902784,0.008756216236018258
27496.0,0.1918080777350023,0.8069185138391962,0.0012734084258014303
26958.0,3.4450224220363456E-9,0.9077134086248194,0.09228658793015826
26717.0,0.26994211239940386,0.5428994158557998,0.18715847174479627
26617.0,2.0494245536581263E-15,0.07127416087391013,0.9287258391260877
26346.0,0.7337382174108318,0.2651291806788516,0.0011326019103167207
26079.0,0.00340901693173176,0.33182319863718335,0.6647677844310849
26648.0,0.9361906566464152,1.4067761986431421E-15,0.06380934335358332
26891.0,0.9999999999960492,2.6392568968071305E-13,3.686887536294055E-12
27437.0,6.630711921328069E-13,2.1847568531840742E-5,0.999978152430805
27198.0,1.601211917135474E-23,0.2623864500390114,0.7376135499609886
26151.0,0.041962311920860744,0.9536432088184578,0.004394479260681507
26420.0,0.003319811950830198,0.6975740182691864,0.29910616977998344
27078.0,0.9999847611727681,1.5018692674049364E-5,2.2013455773125716E-7
26837.0,0.5314807922074686,0.3891191963951209,0.07940001139741058
27379.0,0.24548769242558813,0.7506166772368713,0.0038956303375404845
26480.0,1.0344836039923992E-14,1.4556315398576238E-4,0.999854436846004
26211.0,1.4853126994539679E-9,0.01861239428109022,0.9813876042335972
27556.0,1.2888517002514228E-7,0.016329103781829876,0.9836707673330002
27319.0,3.002403176709201E-24,0.004405720110195778,0.9955942798898042
26769.0,0.8287556509952857,0.17120868464660577,3.5664358108496886E-5
27010.0,0.03406538345515989,0.9538612066669093,0.012073409877930858
26011.0,9.790175675465285E-16,0.977439385273241,0.022560614726757786
26286.0,0.37532834524657005,0.6057205643366576,0.01895109041677242
26557.0,5.047911057194913E-19,0.010833419973322314,0.9891665800266778
27258.0,1.0610325040450804E-14,1.578361370036389E-4,0.9998421638629856
27497.0,3.542123865099762E-7,0.08075624879085998,0.9192433969967535
26959.0,0.04789475992308749,0.9166654339748379,0.035439806102074735
26716.0,0.08050084912806112,2.8379430224730808E-8,0.9194991224925086
26888.0,0.0078748148736245,0.9668963850802805,0.02522880004609504
26651.0,7.750753981092356E-9,1.926700504609427E-10,0.999999992056576
27197.0,1.0,1.953785212386427E-40,8.994073382211168E-35
27438.0,1.1355560856031503E-25,6.480649546036358E-13,0.9999999999993519
26345.0,0.006899986644479085,0.9463898027798548,0.04671021057566591
26618.0,1.0,4.1219403933407053E-29,1.189269461269921E-21
26076.0,2.2815874489887497E-31,2.540984250499236E-10,0.9999999997459015
26838.0,4.615858143611745E-9,0.015807317208418752,0.984192678175723
27077.0,0.013960192028233754,0.984952896660569,0.0010869113111973982
27376.0,1.7662827395647452E-4,0.09840427858931043,0.9014190931367332
26423.0,1.0703509852499975E-26,5.181494546355789E-14,0.9999999999999483
26148.0,3.634062748573207E-11,0.8482676310145708,0.1517323689490885
27316.0,1.1787786064980039E-47,2.578676374669315E-5,0.9999742132362532
27559.0,6.483652285665026E-6,0.1380161175339565,0.8619773988137578
27009.0,0.18022107877050564,0.8192008104719107,5.781107575836967E-4
26770.0,0.9983558997218172,0.0016441002768456112,1.3374328438388372E-12
26208.0,5.078111362249978E-4,0.9981795500270458,0.0013126388367291273
26483.0,4.4536991828666363E-7,0.20750197964687583,0.7924975749832059
27498.0,0.9999999910727934,5.648347645626378E-9,3.278858880031076E-9
27257.0,2.845998508929129E-16,9.6971558325492E-16,0.9999999999999987
26719.0,0.8172074013939491,0.18248170832954239,3.1089027650847364E-4
26956.0,0.07281205491221994,0.8704746173279814,0.05671332775979883
26008.0,9.50144524436727E-18,0.9987219310649355,0.001278068935064513
26558.0,0.1660276533473204,0.6674877531102082,0.16648459354247133
26285.0,0.0020270739683899103,0.030213729950699174,0.967759196080911
26889.0,0.0037168022656305093,0.8084213577062481,0.18786184002812145
26650.0,3.6375134557527146E-4,0.9978146368328742,0.0018216118215505755
27196.0,0.19485186712031485,0.8037004509520587,0.0014476819276264292
27439.0,1.9516926072179144E-14,0.5274663689051439,0.4725336310948366
26344.0,0.0014461526788707886,0.9793867484508251,0.01916709887030407
26619.0,0.15641226919039708,0.8425513175153778,0.0010364132942250223
26077.0,0.07076268718413006,0.9173543660885292,0.011882946727340641
26839.0,3.0614750155711884E-18,1.543248259232709E-6,0.9999984567517408
27076.0,6.279072571202299E-28,4.755029575996103E-16,0.9999999999999996
27377.0,0.011096895986131991,0.9881887670318239,7.143369820441465E-4
26422.0,0.0013501429065043498,8.96980627568207E-6,0.99864088728722
26149.0,1.453376874920872E-16,3.091815013451204E-9,0.9999999969081848
27317.0,2.0512254579305114E-15,1.3798028172828258E-8,0.9999999862019697
27558.0,0.1804253136485766,0.812300075294932,0.007274611056491224
27008.0,0.9937775884009752,0.006219609682848372,2.8019161761938795E-6
26771.0,0.20729131581763585,0.792255113992665,4.535701896992446E-4
26209.0,0.5963062358313201,0.3542871273504382,0.04940663681824169
26482.0,2.636496428269803E-4,0.027652364946664714,0.9720839854105083
27499.0,0.14393466549426975,0.8156162856252345,0.040449048880495754
27256.0,0.2134365061644391,0.786502675629871,6.081820568988367E-5
26718.0,0.9837876539007435,0.016212346099256383,1.6652306615232126E-17
26957.0,2.7160952521341714E-15,0.999169723654117,8.302763458803281E-4
26009.0,0.005284115973258283,0.8204209047857879,0.1742949792409538
26559.0,0.6107056648355943,0.11864814013614775,0.27064619502825793
26284.0,0.9999999999999767,1.3431113218661526E-15,2.1904179771062217E-14
26963.0,0.08854987948189418,0.7834854598715283,0.12796466064657752
26688.0,0.6479165267753139,0.15642977188047924,0.19565370134420693
27238.0,0.9996418589546828,3.581410313597851E-4,1.3957289828914543E-11
27509.0,0.9484481910327841,0.050137582497922724,0.0014142264692932893
26290.0,0.25779677917115196,0.7421429909243551,6.022990449293637E-5
26529.0,2.454336441649927E-10,0.995605751066267,0.004394248688299393
25991.0,2.3458110612602142E-8,0.9941753064388947,0.005824670102994621
26765.0,0.06834463486649488,0.9248373336769055,0.0068180314565996535
27038.0,1.5514078040496004E-25,1.4467556814465554E-4,0.9998553244318553
27576.0,7.314316280915838E-36,7.24243240132524E-21,1.0
27307.0,0.22998812392347276,0.7696770030659075,3.348730106198362E-4
26476.0,9.173413607920386E-17,0.999999999350385,6.496149531153261E-10
26239.0,9.750328520774647E-6,3.377384171369149E-4,0.9996525112543424
27375.0,6.988385797817697E-7,0.8962982595521388,0.10370104160928134
27098.0,0.9634361985778352,0.036548756309377727,1.5045112787211827E-5
26825.0,0.5758444437895409,0.4235776928434479,5.778633670111182E-4
26171.0,2.5954969440248142E-12,2.3839585394073962E-4,0.9997616041434636
26408.0,2.3753756045916725E-17,0.9996913400486268,3.0865995137314907E-4
27441.0,0.11350991606181039,0.38492229324309774,0.5015677906950918
27170.0,0.9999999999999987,1.794377471495397E-17,1.3011401558470753E-15
26628.0,1.2290419582194126E-13,0.010919771017972,0.9890802289819052
26903.0,0.0018863842089896382,0.7386890735671374,0.25942454222387296
26051.0,2.0615479083107402E-8,0.982932309096856,0.01706767028766497
26597.0,0.14884622358344957,0.8510908191163505,6.295730019983716E-5
26358.0,3.0776985685714027E-40,0.02209996978231945,0.9779000302176805
26962.0,5.636402966032238E-4,0.5362074909418427,0.46322886876155395
26689.0,1.4905679599180763E-4,0.9672495929645912,0.032601350239416856
27239.0,0.0022133878459713687,0.9973642488008394,4.2236335318915493E-4
27508.0,0.0010265847071259208,0.9944841688518259,0.00448924644104835
26291.0,0.5754698757808127,0.39116540108544334,0.033364723133743994
26528.0,4.0511391941713436E-25,0.0167161853442701,0.9832838146557299
25990.0,0.08941325542444453,0.14120630050217417,0.7693804440733812
26764.0,9.108750206787993E-21,1.2848449376959675E-11,0.9999999999871516
27039.0,0.022139570230079394,0.15887135016620968,0.8189890796037109
27577.0,2.482519475828502E-16,0.004758882456862334,0.9952411175431375
27306.0,1.8343062648651982E-10,0.014464909500496635,0.9855350903160728
26477.0,0.011773102641567553,0.9836996815138378,0.004527215844594554
26238.0,9.091465363829128E-9,7.3702976082341435E-9,0.9999999835382369
27374.0,4.03646266495591E-36,3.565025965678434E-5,0.9999643497403433
27099.0,2.2982399273457546E-4,0.9698608217549072,0.02990935425235827
26824.0,0.003253391697974815,0.34635466665204123,0.650391941649984
26170.0,0.9182768651269736,0.08171910326604617,4.031606980162374E-6
26409.0,1.5514103698531215E-5,0.1401902092248658,0.8597942766714356
27440.0,1.5420813690652839E-9,0.005354588286430585,0.9946454101714881
27171.0,0.8103226521309522,0.18908614654086411,5.912013281837915E-4
26629.0,0.020957225056930134,0.9721701704773671,0.006872604465702964
26902.0,1.4534698512870132E-11,0.0517362300190532,0.948263769966412
26050.0,2.2305527689085875E-12,0.0011459424750874536,0.998854057522682
26596.0,1.037526285706768E-5,0.8142541633729146,0.1857354613642284
26359.0,0.006253823585743271,0.8932529598485264,0.1004932165657304
26531.0,0.9116496929060669,0.08811500884730875,2.3529824662443233E-4
26288.0,0.11469464057620943,0.04159596234959172,0.8437093970741989
25989.0,5.759159275674048E-25,1.3545883511230737E-5,0.9999864541164887
26690.0,0.004887868520665242,0.9864284007158585,0.00868373076347624
26961.0,0.999999999975115,1.1488063781310786E-22,2.4885081626114614E-11
27511.0,0.015878255053302107,0.6948050357234362,0.2893167092232617
27236.0,0.05167757560689969,0.7766084907115453,0.1717139336815552
26237.0,0.017020992831150966,0.9788645266154472,0.004114480553401776
26478.0,6.170654336527056E-16,0.9390565667993147,0.060943433200684606
27036.0,0.6621773375981338,0.04309412973545491,0.29472853266641147
26767.0,1.5405477056068724E-4,0.01101601911886969,0.9888299261105696
27305.0,3.1836272478456763E-21,4.1233134407248636E-8,0.9999999587668656
27578.0,0.14037607481368206,0.859605381723937,1.8543462381123653E-5
26410.0,7.366816971323194E-10,4.1343749119807807E-10,0.9999999988498809
26169.0,4.908407232829667E-11,0.9936729198249288,0.006327080125986979
27373.0,0.14877580586639208,0.8511681226218923,5.607151171566902E-5
26827.0,2.4460948673492996E-12,0.9483012229990956,0.05169877699845823
27096.0,0.0051195293729515475,0.9929156243187811,0.001964846308267183
26049.0,5.102750188351995E-42,1.4092347595304438E-4,0.9998590765240468
26356.0,0.07734276082733092,0.06940415503537112,0.853253084137298
26599.0,1.442353396159336E-14,0.23396725812116226,0.7660327418788234
27168.0,4.571550533551222E-16,0.6847223028399625,0.3152776971600371
27443.0,7.533788193092145E-8,0.03235798003932247,0.9676419446227957
26901.0,8.089030808261959E-20,0.0014435734884635496,0.9985564265115365
26630.0,1.6003891795985393E-17,2.2604556226959053E-4,0.9997739544377304
26530.0,0.8763904813525998,0.12354255734573708,6.696130166308676E-5
26289.0,0.9924679511149782,5.049955038064037E-10,0.007532048380026282
25988.0,0.05197819800723144,0.912893190520481,0.035128611472287595
26691.0,6.15122261439957E-35,0.015222845773131237,0.9847771542268688
26960.0,1.816368254510551E-13,0.9471148816051569,0.05288511839466136
27510.0,0.24597890659684546,0.7519807622327631,0.002040331170391505
27237.0,1.984207197150361E-12,0.013881561661283823,0.9861184383367321
26236.0,2.3186886966215613E-4,0.7720900675476037,0.22767806358273412
26479.0,5.660108369737545E-19,0.0022571558774722557,0.9977428441225278
27037.0,2.9312203195392102E-5,0.9993697127991342,6.009749976702833E-4
26766.0,0.1384042351337544,0.8609742342813514,6.215305848942677E-4
27304.0,0.0296603347737317,0.9130487851252531,0.05729088010101525
27579.0,0.7841200362358566,0.2147955173611512,0.0010844464029921782
26411.0,0.033127992843890626,0.7813094455758794,0.18556256158022982
26168.0,4.871399390444565E-5,0.8394889431488457,0.16046234285724983
27372.0,4.144895763962069E-9,0.13019485354999338,0.8698051423051109
26826.0,0.04525420576888555,0.9097579668632525,0.04498782736786188
27097.0,0.5648118926514909,0.4340305549277163,0.00115755242079277
26048.0,3.287133659751092E-6,0.2618927319458031,0.7381039809205372
26357.0,0.013537391812500668,0.9863574389499016,1.0516923759784612E-4
26598.0,0.4439027150564515,0.5434036081772633,0.012693676766285193
27169.0,6.412576387398764E-5,0.059581744257488384,0.9403541299786377
27442.0,7.725555567389724E-79,3.1101328907497028E-18,1.0
26900.0,0.006741683628978857,0.9887504933126079,0.004507823058413139
26631.0,4.1233112906970316E-17,3.290425978983789E-15,0.9999999999999967
27580.0,0.9320367743362135,0.06772812563658603,2.3510002720042786E-4
27311.0,0.770721536078784,0.2289410161667593,3.374477544568174E-4
26761.0,0.8412592930462898,0.15863943980561107,1.0126714809912584E-4
27034.0,2.6826570433407998E-6,0.9997120266445029,2.8529069845382776E-4
26472.0,0.9954494114649795,3.0698486100320667E-7,0.004550281550159609
26235.0,0.7479692991197447,0.2433005054699949,0.008730195410260369
27234.0,0.09323303165062242,0.9059321314843385,8.348368650390678E-4
27505.0,0.9919617757170505,0.008031170303307772,7.053979641873923E-6
26967.0,0.028681090002426062,8.948810904124576E-4,0.9704240289071614
26692.0,2.763215964950815E-18,0.9998351243300663,1.6487566993369986E-4
25987.0,0.042992796648720355,0.8737675217631883,0.08323968158809146
26294.0,6.534905140860941E-5,0.9974166224493201,0.0025180284992713012
26533.0,0.5614429458995575,0.43790482450438395,6.522295960586046E-4
26624.0,0.0627072558143003,0.9321245453784316,0.005168198807268041
26899.0,0.06890223423105674,0.9264084964665967,0.0046892693023465465
27445.0,2.1520259356817158E-9,0.5884023740440354,0.4115976238039386
27174.0,0.328514576041932,0.6708541034847437,6.313204733242686E-4
26593.0,0.7298026394181414,0.26955698638126074,6.403742005978561E-4
26354.0,5.1695889301186374E-5,2.3141289722985283E-7,0.9999480726978016
26055.0,3.144048994172754E-5,0.15577469585449957,0.8441938636555587
27102.0,1.1674194219077704E-13,6.040923011332242E-4,0.99939590769875
26829.0,0.6047004400694229,0.37785355147981997,0.017446008450757187
27371.0,7.679441988841135E-11,0.08921655526417889,0.9107834446590267
26175.0,0.9999999986720538,1.9198876853824347E-10,1.135957290411173E-9
26412.0,0.06868496263441558,0.9290350966646967,0.0022799407008875926
27581.0,0.007215228067649125,0.9908105285299222,0.0019742434024287237
27310.0,0.017093422811699403,0.8786831902240748,0.10422338696422585
26760.0,0.14109072590315946,0.8566466907500488,0.00226258334679161
27035.0,0.29993004120480393,0.2660354091570114,0.43403454963818466
26473.0,8.594579079317003E-12,0.0015727781649654952,0.99842722182644
26234.0,9.611410907443876E-23,0.9999984610899572,1.5389100428618103E-6
27235.0,0.3080525711104443,0.5281644821232906,0.16378294676626504
27504.0,0.0014771889774045945,0.9979037855239346,6.190254986608828E-4
26966.0,0.8243100336349247,0.17509597226133444,5.939941037407444E-4
26693.0,0.00878762844567701,0.07120036689985733,0.9200120046544656
25986.0,8.760858637450283E-12,0.1421050010775726,0.8578949989136666
26295.0,0.005152362323903953,0.8472088429542223,0.14763879472187372
26532.0,0.09283095049247861,0.9069148470668644,2.5420244065704295E-4
26625.0,1.4437857418030417E-29,0.9538713588530332,0.046128641146966874
26898.0,0.1501281088111751,0.8498507869124156,2.11042764093094E-5
27444.0,0.999999998346808,1.6449425258212397E-9,8.249363573176782E-12
27175.0,0.003743396611527462,1.1817146603590698E-10,0.996256603270301
26592.0,0.01729287309825527,0.7519153595772545,0.23079176732449022
26355.0,3.373441652871577E-4,0.985038365463593,0.014624290371119899
26054.0,1.5334220905070523E-7,0.05448713004914922,0.9455127166086417
27103.0,0.04844396527992189,0.9462919372692005,0.0052640974508776535
26828.0,6.184971615591436E-22,0.003424805029943818,0.9965751949700562
27370.0,1.2632578779351654E-17,0.004029231082455615,0.9959707689175444
26174.0,0.24745145583582842,0.7524312252183623,1.1731894580929981E-4
26413.0,1.0,5.991921666129526E-38,4.672592037782551E-17
26233.0,6.323191054516664E-4,0.9888478422223499,0.010519838672198462
26474.0,0.17648652193380884,0.8232296311307312,2.838469354599671E-4
27309.0,0.002463798062169533,0.6512875432310558,0.3462486587067747
27582.0,4.572059112285223E-13,0.9953785521274088,0.004621447872134025
27032.0,0.06664185946568257,0.9316969323506666,0.001661208183650931
26763.0,0.21448959932496883,0.7841909380755017,0.0013194625995294883
25985.0,5.203377257358168E-6,0.8137352513203883,0.18625954530235436
26535.0,3.7210718968865347E-6,0.960045397161921,0.0399508817661821
26292.0,6.1904016956495625E-25,4.707466089425834E-21,1.0
27507.0,0.9999996640059098,8.908566742887001E-11,3.3590500462942137E-7
27232.0,0.001748431749126207,0.9892482660132162,0.009003302237657483
26694.0,2.8448467416468603E-6,0.9920190033527279,0.007978151800530565
26965.0,3.2846078131014475E-16,6.061769248541112E-8,0.9999999393823072
26352.0,4.3489827660942696E-13,0.9357628037114142,0.06423719628815089
26595.0,0.8698312022591297,0.1301548228587133,1.3974882156901422E-5
26053.0,0.44867487409453743,0.5492336430441513,0.002091482861311361
26897.0,0.08626259082926473,0.9109277051861144,0.0028097039846209293
26626.0,0.0076600032808670105,0.9287550653974452,0.06358493132168781
27172.0,0.07091011802316863,0.9151794101117785,0.013910471865052846
27447.0,7.50632978695403E-22,4.278884074451359E-5,0.9999572111592555
26414.0,1.0925003016482914E-16,0.021280400432864954,0.978719599567135
26173.0,3.5114179096860543E-12,0.013215316976640853,0.9867846830198477
