26275.0,2.862980213344326E-29,0.9999999996145594,3.854405850953235E-10
26544.0,2.0609037760503183E-8,0.7593021261932438,0.24069785319771847
26006.0,0.02822575335102002,0.9360683536284421,0.03570589302053794
26946.0,4.374866140237807E-8,0.9912129144441582,0.008787041807180505
26705.0,0.6557906029873024,0.3440990163428529,1.1038066984468049E-4
27255.0,4.4814611846415785E-5,0.9906272650894785,0.009327920298674904
27492.0,0.8882691585168402,0.11152251894114308,2.0832254201684467E-4
26493.0,3.855411883294689E-11,0.9662297275801116,0.03377027238133414
26222.0,6.938095452724882E-4,2.4418081254413455E-5,0.9992817723734732
26780.0,0.0013054389925242521,0.36991336353819015,0.6287811974692856
27023.0,3.338839926310071E-10,6.504110946251242E-4,0.9993495885714908
27561.0,2.804790723229761E-6,4.036462232058678E-8,0.9999971548446546
27322.0,2.906158312310876E-35,0.0041930620416704804,0.9958069379583295
26154.0,0.006027136605681487,0.5242823383517086,0.4696905250426099
26425.0,0.03332554458984242,0.958470830739587,0.008203624670570502
27390.0,1.3491037644232555E-4,0.004986904251991261,0.9948781853715665
27083.0,1.0,6.0666853049072E-128,2.2894143591586386E-17
26840.0,0.03687454636721687,0.9032429770926871,0.059882476540096076
26066.0,0.0294111790407534,0.9206065010492065,0.049982319910040235
26612.0,6.375663686547433E-4,0.9761294131119819,0.02323302051936348
26343.0,0.37812972995850425,0.3126654878314538,0.3092047822100419
27424.0,0.005201119673171422,0.8632610774593599,0.13153780286746883
27187.0,0.01735497349746752,0.9821502465472086,4.947799553239724E-4
26645.0,0.06915511769163962,0.8846829691243908,0.04616191318396965
26886.0,0.24479925895926138,0.7145319859361803,0.04066875510455817
26274.0,0.7749623907438803,0.2243066152838526,7.309939722670214E-4
26545.0,1.5409018483444322E-14,6.821180361910972E-4,0.9993178819637935
26007.0,9.451954291308769E-17,0.9996313957246158,3.6860427538420684E-4
26947.0,0.07154786503201165,0.9265130848900548,0.001939050077933575
26704.0,4.824060616492441E-21,2.539477431817493E-10,0.9999999997460522
27254.0,0.012613699690132877,0.5857784297243624,0.4016078705855046
27493.0,4.732646230162781E-12,0.010062675529031766,0.9899373244662355
26492.0,0.04327012345146562,1.5902203536517377E-10,0.9567298763895125
26223.0,3.462350015644936E-8,0.9999999645528147,8.236849907157178E-10
26781.0,0.0530833771410922,0.9236814776824546,0.023235145176453132
27022.0,0.41448559402203017,0.5175179462834242,0.06799645969454567
27560.0,6.844621196027994E-5,0.0027194139986475986,0.9972121397893922
27323.0,1.4588526534637089E-13,0.8204827213111303,0.17951727868872383
26155.0,0.950097321418992,0.04899349981366556,9.091787673425115E-4
26424.0,3.2836082450425006E-20,0.9999999999994891,5.109925776218804E-13
27391.0,1.1913643573760767E-5,0.9083000431284111,0.09168804322801516
27082.0,0.042137828625512165,0.923035590485437,0.03482658088905081
26841.0,0.2383690699976187,0.7494481569022247,0.012182773100156676
26067.0,0.9118987575283227,0.04902968122461831,0.03907156124705897
26613.0,0.010910552013768664,0.9555746408506908,0.03351480713554056
26342.0,0.0015184844031594345,0.16944036146885302,0.8290411541279876
27425.0,2.1940791270508E-23,2.470017361199765E-5,0.9999752998263879
27186.0,0.8349583640716904,3.2688453584660225E-11,0.16504163589562115
26644.0,0.3300311699847015,0.5137328778270125,0.15623595218828595
26887.0,0.02399472559857179,4.4151360915082323E-5,0.9759611230405132
26707.0,2.6899713098297486E-7,0.010575547130491593,0.9894241838723773
26944.0,5.773139545489434E-4,0.9042420415052381,0.0951806445402128
27494.0,0.0028302428054645,0.9837090552657969,0.013460701928738569
27253.0,0.06497542362408862,0.9227307933954807,0.012293782980430717
26546.0,0.11732410049841842,0.07922932816297595,0.8034465713386056
26273.0,3.994017460064272E-17,0.02648568952811037,0.9735143104718895
26004.0,2.0535970692458945E-15,0.03232125401998522,0.9676787459800127
27021.0,0.034951279238428334,0.9288392875276872,0.036209433233884425
26782.0,5.0687481193621973E-17,0.5981290181045581,0.4018709818954419
27320.0,6.674298028832858E-8,0.15600688960882744,0.8439930436481923
27563.0,0.4581295419724646,0.5393379184545603,0.002532539572975256
26220.0,1.9878439996236376E-14,2.4034472427476207E-9,0.9999999975965328
26495.0,6.757221461976515E-13,0.2524347787469788,0.7475652212523455
27388.0,1.661086796681156E-14,0.03925570420593182,0.9607442957940515
26842.0,0.2707031674352596,0.6881961555839666,0.04110067698077375
27081.0,3.435852709150784E-19,0.9646589448754245,0.03534105512457561
26427.0,1.2195203003414289E-10,0.7669452588659417,0.23305474101210627
26152.0,0.10284679749865941,0.8959797499637204,0.001173452537620049
27185.0,1.6227626401443173E-11,0.009803531110702568,0.9901964688730699
27426.0,0.00810376429159794,0.9777515076648772,0.014144728043524867
26884.0,0.013100134449359006,0.9494008787944184,0.037498986756222506
26647.0,8.494354169393154E-23,4.3721926444809357E-10,0.9999999995627806
26064.0,2.9860420363911014E-12,0.004378595262959454,0.9956214047340545
26341.0,4.4501098728605014E-4,0.04862444990562514,0.9509305391070889
26614.0,0.1753192685028596,0.7909360495664526,0.03374468193068783
26706.0,0.9817620967433709,0.015431954261110544,0.0028059489955184363
26945.0,3.13474601347914E-6,0.01459146269652855,0.985405402557458
27495.0,3.058658401225827E-13,0.4167496715079721,0.5832503284917221
27252.0,0.09023906870970991,0.6141803182932256,0.2955806129970645
26547.0,0.7851804889332606,0.21407790666905996,7.416043976794201E-4
26272.0,8.69891825396928E-30,3.3684413447166795E-4,0.9996631558655283
26005.0,0.06716885423693501,0.8481446086056792,0.08468653715738579
27020.0,0.860073066625426,0.13926435956618974,6.625738083842209E-4
26783.0,0.9993027799071005,4.275154797132243E-9,6.972158177446395E-4
27321.0,0.056844136746856636,0.9365547830604461,0.006601080192697197
27562.0,0.159164470659463,0.8369611819394032,0.0038743474011336937
26221.0,0.09562774115844554,0.8901215377729854,0.014250721068568999
26494.0,0.12077564652330529,0.15932263440835537,0.7199017190683393
27389.0,6.851912427501975E-31,0.004853091808772474,0.9951469081912274
26843.0,1.853884969500326E-8,6.31240876081077E-9,0.9999999751487416
27080.0,0.8212859834700247,0.17867547784244858,3.8538687526740274E-5
26426.0,1.1468592468666364E-6,0.03684809879475527,0.963150754345998
26153.0,0.9428749629878758,0.05600501991214701,0.0011200170999772817
27184.0,0.5569248324111643,0.4378645665370154,0.005210601051820198
27427.0,0.03643684161282918,0.41847561489637475,0.545087543490796
26885.0,0.029946191710207244,0.7914358447930803,0.17861796349671244
26646.0,0.9517190762690797,0.047593789878845945,6.87133852074424E-4
26065.0,0.18400631668475667,0.7362284854731935,0.07976519784204983
26340.0,3.663278999463357E-22,6.465633715697738E-4,0.9993534366284301
26615.0,1.033462279035803E-23,1.0708822732228282E-7,0.9999998929117727
25951.0,1.1833891139806675E-4,0.9998815893946578,7.169394409036423E-8
26489.0,8.203574408883114E-4,0.967653225228379,0.03152641733073255
26218.0,6.284176567079109E-4,0.21618860945020754,0.7831829728930846
27565.0,2.4710047249134058E-8,1.2518738765733086E-8,0.999999962771214
27326.0,0.4139912843327384,0.5685074983199715,0.01750121734729014
26776.0,0.013309301770601377,0.07797456758276672,0.9087161306466319
27019.0,0.025885456198283575,0.7909341835858189,0.18318036021589748
26002.0,6.542088671790929E-27,0.43291478234735786,0.5670852176526421
26279.0,1.7805880981080288E-13,1.8756894722973076E-4,0.9998124310525922
26548.0,0.07590258810487803,0.9157282600830612,0.008369151812060866
27251.0,0.053008986802835556,0.9087789944347594,0.03821201876240493
27488.0,0.025072816516277113,0.9422655385317931,0.032661644951929664
26950.0,0.4394991850929781,0.5573428917962122,0.0031579231108096037
26709.0,4.205050647901902E-11,0.03149261078309711,0.9685073891748524
26608.0,0.03891147886363313,0.8724266570210156,0.08866186411535111
26339.0,0.12212796163314829,0.5863686383343147,0.2915034000325369
26070.0,8.03912789198532E-18,0.5403129495432799,0.4596870504567201
26641.0,5.879811092373467E-4,0.9799369080286269,0.01947511086213563
26882.0,0.8867770435029025,0.11274681363527339,4.761428618239961E-4
27428.0,0.45496998678736894,0.36234444468270727,0.18268556852992374
27191.0,0.9801809603271348,0.019704606849757667,1.144328231074633E-4
26158.0,6.770366323684185E-14,0.9159810631688777,0.08401893683105467
26429.0,0.07434433041136725,0.8883783348799814,0.037277334708651425
27087.0,0.06366615737114813,0.9309899438356123,0.005343898793239458
26844.0,0.4283197436391295,0.5668699363952187,0.004810319965651711
27386.0,0.19652638489613464,0.7917522866956804,0.011721328408185027
25950.0,0.07665893278666018,0.8772826136513815,0.0460584535619585
26488.0,2.6441647522010313E-14,0.07497519317228496,0.9250248068276885
26219.0,0.016250400635067958,0.8669627431138802,0.11678685625105183
27564.0,0.6323793252205347,0.35607312541444636,0.01154754936501885
27327.0,0.01260916053867557,0.96524588232195,0.022144957139374522
26777.0,2.3499839068852464E-17,0.2528496315319274,0.7471503684680726
27018.0,2.184838859454357E-8,0.016622190644213122,0.9833777875073982
26003.0,0.03541737860886966,0.8661184164867693,0.09846420490436095
26278.0,5.393698017802966E-13,0.2520380581399217,0.747961941859539
26549.0,0.5127394372927936,0.48165207621637945,0.005608486490826915
27250.0,1.5596870851969077E-8,0.9690008436609652,0.030999140742163825
27489.0,0.009842843427065477,0.9726787427540954,0.01747841381883917
26951.0,0.15597725678145719,0.7206081867025743,0.12341455651596851
26708.0,1.0651069644688087E-11,0.09354634716615984,0.9064536528231891
26609.0,0.5046196144115347,0.4827135717891054,0.01266681379935998
26338.0,0.093897336771399,0.9002060956278882,0.005896567600712723
26071.0,2.8835028810036853E-7,0.9753473863274136,0.02465232532229832
26640.0,0.0016705653031113801,0.1533932716822342,0.8449361630146545
26883.0,6.418927233546409E-7,0.8481264072596243,0.15187295084765212
27429.0,0.968263731912706,0.028859690641390056,0.002876577445903853
27190.0,0.7419432116625894,0.2556582634197534,0.0023985249176570723
26159.0,4.1402741169208046E-5,0.1101707481903269,0.8897878490685038
26428.0,3.885787153017296E-10,0.8149513142114218,0.18504868539999952
27086.0,0.27175310187154983,0.15713165134942278,0.5711152467790274
26845.0,8.11899732565778E-13,0.0071331994724869036,0.9928668005267012
27387.0,4.210924817545193E-10,0.1414010068561011,0.8585989927228065
27324.0,0.08260811169643249,0.8771177785214239,0.04027410978214367
27567.0,0.07582273584146028,0.8794806304000221,0.044696633758517665
27017.0,0.9999999910939935,4.849649227622596E-17,8.906006471997882E-9
26778.0,0.9816314309799108,0.018338339287408228,3.0229732680946057E-5
25949.0,6.478330007890232E-8,0.9675615707817452,0.03243836443495471
26216.0,0.1866547581606395,0.8120358366699216,0.001309405169438938
26491.0,0.008515041594867332,0.9680478815557738,0.023437076849358838
27490.0,3.960428974759408E-21,1.7214805895348216E-20,1.0
27249.0,0.002616046663898211,0.17660769391916412,0.8207762594169377
26711.0,0.49345419234648147,0.480748479529894,0.02579732812362459
26948.0,7.143157366316326E-17,0.9241890365788847,0.0758109634211152
26000.0,6.305868266153515E-26,9.351864655844748E-7,0.9999990648135343
26550.0,0.055383357213817895,0.9300216571222135,0.01459498566396848
26277.0,0.9649545641547851,0.03494192115110888,1.0351469410594523E-4
26880.0,0.9197003645091576,0.07760436545301523,0.002695270037827053
26643.0,3.044766431831123E-6,0.9977603434413697,0.002236611792198605
27189.0,0.08192333887503278,0.9094939075205964,0.00858275360437065
27430.0,3.380073170886361E-15,0.0027651232572808953,0.9972348767427156
26337.0,0.16099501314602307,0.8334232968207504,0.005581690033226526
26610.0,0.8561136620665873,0.14381496255081544,7.137538259734156E-5
26068.0,0.06045129944633694,0.9272507770157854,0.012297923537877776
26846.0,1.2878568648871563E-8,0.9869461967990623,0.013053790322369294
27085.0,2.9732088750181372E-21,0.9954010260998372,0.0045989739001629105
27384.0,0.8245174070666873,0.17461560190138883,8.669910319237716E-4
26431.0,9.239721382533414E-4,0.9221569549503126,0.07691907291143406
26156.0,0.999999998091748,6.753016073504101E-16,1.9082514010526787E-9
27325.0,1.0,2.947407376284242E-19,5.389800300409431E-24
27566.0,9.883397260762619E-20,5.816443655090152E-11,0.9999999999418356
27016.0,0.27250631229810046,0.6591240178578509,0.06836966984404864
26779.0,4.502765192555625E-16,0.9999999999999996,1.4470688979179383E-29
26217.0,2.3826922202181216E-8,0.8617713988647546,0.1382285773083231
26490.0,5.877950152117728E-4,1.1897911648857618E-4,0.9992932258682997
27491.0,3.7424017587013614E-21,2.1631234998516867E-9,0.9999999978368765
27248.0,0.14992135636420176,0.8350354274613956,0.01504321617440255
26710.0,0.9269331051809995,0.07273582079145104,3.310740275496141E-4
26949.0,0.00869049106295047,0.9826837276489372,0.00862578128811239
26001.0,1.6014556917037668E-13,0.7538981568575654,0.24610184314227435
26551.0,1.9672991758228614E-10,0.02806619587671892,0.9719338039265513
26276.0,0.999958567828272,1.0033886320213608E-13,4.1432171627694714E-5
26881.0,6.820980635958663E-4,0.9845174447759577,0.014800457160446406
26642.0,0.9899885361814106,0.008980914699428523,0.0010305491191609031
27188.0,0.09509148309342871,0.8834703695710167,0.021438147335554537
27431.0,7.715362434135349E-14,0.9993422711714337,6.577288284890355E-4
26336.0,5.282419725698641E-16,1.0171073067376979E-17,0.9999999999999996
26611.0,4.838398606975251E-7,0.7201880251229481,0.2798114910371911
26069.0,0.4070227417421862,0.569430790761419,0.023546467496394847
26847.0,6.108776258065388E-7,0.001343488072631885,0.9986559010497422
27084.0,2.2945375062372722E-4,0.3137993909473102,0.6859711553020661
27385.0,0.028323232579369723,0.8553834528095327,0.11629331461109761
26430.0,0.009213339729540384,0.6934472527764821,0.29733940749397747
26157.0,1.134198364942988E-5,0.8327433620703116,0.16724529594603893
26146.0,0.009311075133511653,0.8768968116500915,0.11379211321639666
26417.0,0.036273191099430134,0.9151446527641262,0.0485821561364437
27382.0,2.0837159308101917E-12,3.454898242522025E-4,0.9996545101736641
27075.0,3.708491357935394E-11,0.057506028347517876,0.9424939716153972
26832.0,7.682002769497423E-13,0.9996614275385158,3.385724607160279E-4
26074.0,6.586802607841431E-4,0.6662062749362905,0.33313504480292544
26620.0,1.4194937547591564E-6,0.9749537020563903,0.02504487844985497
26351.0,1.4576432682260565E-31,2.7939004268319154E-8,0.9999999720609957
27432.0,1.6051450902230137E-16,0.9783486226629843,0.021651377337015564
27195.0,0.5225298143691961,0.40709849334872217,0.07037169228208169
26653.0,4.9110511563558296E-36,0.00470642995048356,0.9952935700495165
26894.0,0.9978564204383217,2.846988292085526E-4,0.0018588807324698992
26283.0,9.704210810021878E-11,0.9733642732264954,0.026635726676462523
26552.0,0.056854467789504676,0.6371102423985577,0.3060352898119375
26014.0,0.12613965228246282,0.7899874175723203,0.08387293014521698
26954.0,1.9854603514387362E-11,0.9999999691680507,3.08120948082853E-8
26713.0,0.04572475638096096,0.7536427527140751,0.20063249090496393
27263.0,4.4101969595890794E-11,0.413200526067116,0.5867994738887821
27500.0,0.057611729742734014,0.9205905947538144,0.0217976755034515
26485.0,8.1423489657693E-7,0.8512841601674102,0.14871502559769326
26214.0,6.119905122102725E-7,2.4724786607741816E-10,0.99999938776224
26772.0,1.1167824552787297E-14,0.8683364336821476,0.13166356631784115
27015.0,1.0956342808282916E-4,0.9338416314827744,0.06604880508914282
27553.0,8.452519733448574E-9,0.47516143509794573,0.5248385564495346
27314.0,0.21654608005127796,0.7668356754243276,0.016618244524394383
26147.0,3.941202768174076E-20,1.0220400857961468E-14,0.9999999999999898
26416.0,9.481719678703215E-18,0.11570854328351651,0.8842914567164836
27383.0,2.875284758545585E-12,0.23108842449307088,0.7689115755040539
27074.0,5.27006918588459E-10,3.0528056015066674E-11,0.9999999994424651
26833.0,2.6597879498668532E-6,0.9915843739742858,0.008412966237764464
26075.0,5.707996323375189E-26,0.9138462518464647,0.08615374815353541
26621.0,1.2900017812222495E-9,0.7734584831175997,0.22654151559239852
26350.0,0.2954837114467744,0.6980625639658348,0.006453724587390865
27433.0,0.10599692790686058,0.8863081777292328,0.007694894363906469
27194.0,0.037033767842831376,0.9589765542809678,0.003989677876200773
26652.0,0.9999999998657914,1.34068322209459E-10,1.4042328435876047E-13
26895.0,8.178754626686719E-9,0.9932074397517157,0.00679255206952984
26282.0,4.057488358173786E-12,0.21431476190705515,0.7856852380888873
26553.0,0.032950568455561186,0.958181754616875,0.008867676927563658
26015.0,0.4223814600399655,0.5740739885680421,0.0035445513919923665
26955.0,0.09143251169184465,0.90497501168314,0.0035924766250152633
26712.0,1.3199783281484365E-7,0.9458276654404105,0.05417220256175659
27262.0,2.463169893917537E-19,1.643398919582251E-23,1.0
27501.0,0.3804265639130604,0.58020930565101,0.03936413043592961
26484.0,0.818382894923828,0.13800541104298925,0.04361169403318282
26215.0,0.03201406439744603,0.9628941848446503,0.005091750757903686
26773.0,0.6571049443036775,0.3415781119192326,0.001316943777089915
27014.0,9.606964187755553E-9,0.9954891415159601,0.004510848877075795
27552.0,0.004782893472751393,0.945677463659537,0.04953964286771158
27315.0,0.5580714490865463,0.4385221348098206,0.003406416103633037
27380.0,2.36718883504012E-9,0.9459825201990726,0.05401747743373856
26834.0,7.491954419810062E-4,0.38434080033936247,0.6149100042186566
27073.0,4.179733004129971E-9,0.99775700701339,0.002242988806876932
26419.0,1.0,9.444343215575478E-26,6.415486561523737E-19
26144.0,7.172249110854562E-13,0.9632974407259446,0.03670255927333814
27193.0,0.9001205657618166,0.09969490259659257,1.8453164159090772E-4
27434.0,0.003481854621232124,0.9833162520631491,0.013201893315618668
26892.0,0.03872742122851627,0.9559698756530002,0.005302703118483644
26655.0,3.227320883256489E-8,0.9997274924025686,2.7247532422252794E-4
26072.0,6.015513064408462E-10,0.0016540767560895568,0.9983459226423591
26349.0,8.830035886539154E-4,0.9967103427354455,0.002406653675900532
26622.0,0.0666196158306676,0.9007918375113383,0.03258854665799417
26715.0,0.013077789224108861,0.9680624171363283,0.018859793639562698
26952.0,0.32411515431976823,0.6643127519995109,0.011572093680720772
27502.0,0.6017873531792497,0.395753224184612,0.002459422636138356
27261.0,3.96569410196758E-6,0.7834626393917372,0.21653339491416068
26554.0,1.520022057007976E-15,2.5173571747860717E-6,0.9999974826428237
26281.0,9.637529127732656E-16,0.07533806156432406,0.924661938435675
26012.0,0.9999999986567674,3.4863618624699343E-15,1.3432291707664957E-9
27013.0,0.5330447660213344,0.4661510600812688,8.041738973966347E-4
26774.0,0.9475335562829607,0.030299924492945825,0.022166519224093535
27312.0,0.01876564539185278,0.8287483663341548,0.15248598827399243
27555.0,0.011598403042765321,0.6149296757211338,0.37347192123610085
26212.0,0.005229805022816717,0.09676577514817085,0.8980044198290124
26487.0,0.3809194263311592,0.5989174735830118,0.02016310008582886
27381.0,4.9287856732097255E-6,1.8340983470057203E-5,0.9999767302308568
26835.0,9.842989559684655E-7,0.9946991643121857,0.005299851388858368
27072.0,0.37538010839449715,0.49144060311439,0.13317928849111285
26418.0,0.5262722067457992,0.4732353172220608,4.924760321399433E-4
26145.0,1.870282107867435E-21,0.09499695976286114,0.9050030402371388
27192.0,0.22267295525481062,0.7342475212141611,0.04307952353102822
27435.0,0.9969165141436273,1.9927601679119823E-8,0.0030834659287708966
26893.0,0.9999999999984273,5.130897361131505E-15,1.5676468545579981E-12
26654.0,3.235035266457365E-4,0.9470150798422237,0.05266141663113073
26073.0,2.990618779184056E-42,5.6493489892464113E-14,0.9999999999999436
26348.0,0.04346667060786197,0.19485177021196606,0.761681559180172
26623.0,3.375512715327233E-9,0.21114129920908517,0.7888586974154022
26714.0,0.09415645166942024,0.8913852676778474,0.0144582806527323
26953.0,3.0777502424122763E-8,0.13781157162727567,0.8621883975952218
27503.0,0.04927758618861387,0.935547250234043,0.015175163577343071
27260.0,6.901077091031347E-7,0.9853283117400792,0.014670998152211746
26555.0,0.025152915332609865,0.9282189370655906,0.04662814760179957
26280.0,0.49044172256051455,0.41702788524322354,0.0925303921962619
26013.0,0.0034994627443646364,0.1418218845185576,0.8546786527370778
27012.0,4.234721753694704E-24,0.019471053121337883,0.9805289468786622
26775.0,6.040641208917553E-6,0.010571174244911805,0.9894227851138792
27313.0,0.4751057965421544,0.49810841851300236,0.02678578494484327
27554.0,0.002365443883775866,0.9976345561161711,5.304173564991695E-14
26213.0,0.7621711078181668,2.0579494871990606E-17,0.2378288921818332
26486.0,1.1837168467724801E-15,0.006491931022484054,0.9935080689775148
26616.0,2.0995074556766325E-4,9.409720391922547E-10,0.9997900483134604
26347.0,0.05319703966783162,0.9194532481601155,0.02734971217205278
26078.0,1.6693162231304843E-11,0.007600736444520512,0.9923992635387864
26649.0,4.734743219634353E-22,0.055987043067966716,0.9440129569320334
26890.0,2.3744341007158132E-4,0.8231155575927567,0.17664699899717187
27436.0,5.975080208280476E-17,1.0379364940258447E-4,0.9998962063505974
27199.0,7.070690771778577E-21,0.25602696279299125,0.7439730372070088
26150.0,5.474890407258375E-20,1.60244244810382E-29,1.0
26421.0,3.2314764532116426E-23,7.346371808205915E-4,0.9992653628191794
27079.0,0.7422085827916033,0.25554301914269417,0.002248398065702495
26836.0,0.0850411177366562,0.8773670826641118,0.037591799599232055
27378.0,0.0039887721977456565,0.8507070654179414,0.14530416238431312
26481.0,3.152882902068866E-4,0.6703344344136669,0.32935027729612626
26210.0,2.0944784365570492E-4,0.9725952656888006,0.02719528646754378
27557.0,1.5494217505907601E-15,0.0507040886715055,0.949295911328493
27318.0,0.04220711710964545,0.9478678953905422,0.00992498749981231
26768.0,0.10037081553376534,1.1236550907427882E-4,0.8995168189571603
27011.0,1.7321577684764172E-13,0.003629233398066408,0.9963707666017604
26010.0,0.007226181895701431,0.9033657559330902,0.08940806217120831
26287.0,0.48459525919098667,0.5004380862528206,0.014966654556192763
26556.0,1.6099376665079903E-13,5.490231329683068E-12,0.9999999999943487
27259.0,0.04575913903526557,0.9437355356026487,0.010505325362085663
27496.0,0.21337650878219547,0.7503753390068422,0.036248152210962226
26958.0,8.227370400670342E-11,0.0024879286156682377,0.997512071302058
26717.0,0.2863819644231865,0.5861390318814255,0.12747900369538803
26617.0,2.1593972957143634E-9,0.8217575501232839,0.17824244771731876
26346.0,0.4845650866918942,0.5085379064934701,0.006897006814635689
26079.0,0.04353157865798392,0.5770511591586546,0.37941726218336147
26648.0,4.601105766466439E-9,3.046235210457139E-32,0.9999999953988943
26891.0,0.9999999999999971,2.9053035069035374E-15,1.0429880356987635E-16
27437.0,1.8180715220005195E-7,0.01646611864549733,0.9835336995473505
27198.0,1.4196924493803736E-11,0.027369179669543636,0.9726308203162594
26151.0,0.04383726754978881,0.9407284588203232,0.01543427362988817
26420.0,0.0024396418527048457,0.8124236705465465,0.18513668760074872
27078.0,8.665186871242453E-25,3.75614645155586E-9,0.9999999962438535
26837.0,0.27077563578819375,0.637391296641642,0.09183306757016431
27379.0,0.014935697577029667,0.8827658049373966,0.10229849748557368
26480.0,5.4566354700241814E-8,0.06879552850443353,0.9312044169292117
26211.0,2.1551790368718726E-11,3.8408933435257666E-8,0.9999999615695147
27556.0,5.063259761226923E-10,0.006335688344030278,0.9936643111496436
27319.0,4.370893118877023E-18,2.56685947572908E-4,0.999743314052427
26769.0,0.5972737709287863,0.3905944862091931,0.01213174286202059
27010.0,0.042488960902857656,0.9481345107682467,0.009376528328895644
26011.0,0.4946479075494622,0.502491972317317,0.0028601201332208843
26286.0,0.19335406484015552,0.7700521070299452,0.036593828129899315
26557.0,1.0175598972204626E-22,0.3769754500523842,0.6230245499476157
27258.0,2.2330070752952158E-7,8.954750819968257E-5,0.9999102291910927
27497.0,4.0686452617758144E-12,0.007427401909026943,0.9925725980869043
26959.0,0.029207504285508248,0.9515725121845015,0.019219983529990405
26716.0,0.022697814274333154,1.6764839181993742E-12,0.9773021857239904
26888.0,0.012919952301006158,0.9622260115389093,0.024854036160084473
26651.0,0.001995901707952522,0.025225738268209823,0.9727783600238376
27197.0,0.99999999999998,1.530834150128897E-17,2.009166954699077E-14
27438.0,8.097521328762002E-5,0.07431902594037461,0.9255999988463377
26345.0,0.08889680934340564,0.8926990063171986,0.01840418433939574
26618.0,0.9999999999999964,4.379295516436022E-19,3.608149200875544E-15
26076.0,2.6731004522675813E-42,2.460975065032262E-7,0.9999997539024936
26838.0,1.3092331196854492E-8,0.2653144803315525,0.7346855065761163
27077.0,0.012327922686465759,0.9681083602357212,0.019563717077813087
27376.0,0.0017370812992698501,0.07650310588966643,0.9217598128110638
26423.0,7.515855711456297E-24,3.8945426137944035E-15,0.999999999999996
26148.0,7.866139780093105E-10,0.8758966139090523,0.1241033853043337
27316.0,7.929414936057674E-23,0.002623118979878389,0.9973768810201216
27559.0,0.0019799880370740936,0.5279807453138072,0.47003926664911866
27009.0,0.010921986200713791,0.31354293476074946,0.6755350790385367
26770.0,0.992195351356723,0.007804648643183444,9.372877280521794E-14
26208.0,8.077183767256872E-4,0.9731661479892828,0.02602613363399141
26483.0,0.14372113010117768,0.05626934811709164,0.8000095217817307
27498.0,0.02964581620019742,0.9182498249613933,0.052104358838409345
27257.0,2.2109591836200425E-10,2.359168466690613E-8,0.9999999761872195
26719.0,0.7905727918073844,0.20683907654605269,0.0025881316465629213
26956.0,0.36702812343050667,0.40612183265757135,0.22685004391192187
26008.0,2.6824615247087784E-13,0.7885687717665637,0.2114312282331681
26558.0,0.01427443420012093,0.9785890304753695,0.007136535324509487
26285.0,0.045004999831931465,0.8238330866118063,0.13116191355626214
26889.0,8.021774254957614E-4,0.20278492842283685,0.7964128941516674
26650.0,0.03325486434741113,0.948532897587778,0.01821223806481101
27196.0,0.14758774774264274,0.8374063433534044,0.01500590890395287
27439.0,2.680695440673487E-31,0.9070873816013025,0.09291261839869751
26344.0,0.2235637133304228,0.6795677257186515,0.09686856095092562
26619.0,0.09825630969100575,0.8972197411461214,0.004523949162872742
26077.0,0.06538634735140719,0.9138083718560748,0.02080528079251805
26839.0,8.212527629681158E-13,2.609517959912154E-4,0.9997390482031875
27076.0,2.2208527314460004E-22,1.2951427893493625E-11,0.9999999999870486
27377.0,0.01587374653722265,0.974513233603678,0.009613019859099327
26422.0,1.1013000776050818E-9,1.501898934598087E-4,0.9998498090052401
26149.0,3.3885306183069303E-10,0.0011365009027317725,0.9988634987584152
27317.0,3.0772654039863624E-4,0.016096554251774496,0.9835957192078268
27558.0,0.04570780535290601,0.9250088460998214,0.02928334854727248
27008.0,0.9168169769603568,0.08285474569455595,3.282773450873314E-4
26771.0,0.15558973066443657,0.8412431056998455,0.003167163635718025
26209.0,0.024854206972994137,0.8659205750236684,0.10922521800333747
26482.0,0.0016496641398663083,0.07810786071336188,0.9202424751467718
27499.0,0.014046765561811336,0.9215835878263887,0.06436964661179997
27256.0,0.33995370609778724,0.658795290211787,0.0012510036904258052
26718.0,0.2620242839776843,0.7351764036497619,0.002799312372553811
26957.0,1.936895237407752E-9,0.9924619159461681,0.007538082116936614
26009.0,0.013365015163000635,0.8776600671493229,0.10897491768767638
26559.0,0.18142501614007667,0.34653132726725977,0.4720436565926635
26284.0,0.8259581820282323,0.17337503908455923,6.667788872083586E-4
26963.0,0.014096578314799971,0.9148479837953474,0.0710554378898526
26688.0,0.12698608206212098,9.532494711030765E-4,0.872060668466776
27238.0,0.9734060848844082,0.02448376463413184,0.0021101504814601472
27509.0,0.9975009771613011,0.002483556078282843,1.54667604159564E-5
26290.0,0.056068811381498836,0.9428707723511716,0.0010604162673296608
26529.0,6.805451660284846E-11,0.9890339974552121,0.010966002476733317
25991.0,4.43927795252708E-6,0.45432044267890537,0.5456751180431421
26765.0,0.03764334068900986,0.9518877223757657,0.010468936935224257
27038.0,2.3517551785844695E-14,0.17042228626157158,0.8295777137384048
27576.0,5.45354314368722E-17,0.20980202239444862,0.7901979776055514
27307.0,0.1452088657073095,0.852692257303615,0.002098876989075498
26476.0,3.528624119618011E-24,0.999995211055215,4.788944784918509E-6
26239.0,2.4033600647417374E-12,0.0014244093374110307,0.9985755906601855
27375.0,0.28432253649973366,0.7126537309334064,0.0030237325668599655
27098.0,0.912024941355912,0.08772968829558524,2.4537034850263535E-4
26825.0,0.45364514425017616,0.544714735179597,0.00164012057022679
26171.0,5.830508978485759E-6,0.014555789423193478,0.985438380067828
26408.0,2.885393213320646E-13,0.9748460234779724,0.025153976521738907
27441.0,0.10966893580447146,0.6885882922541744,0.2017427719413542
27170.0,0.8258213167842817,0.17224408178591766,0.0019346014298006044
26628.0,3.436172668241929E-23,1.1538031481354307E-4,0.9998846196851864
26903.0,0.005210828851815834,0.9139600908127561,0.080829080335428
26051.0,0.35778360695378997,0.6298147797000457,0.012401613346164256
26597.0,0.013058858810467451,0.9835204810908206,0.0034206600987118727
26358.0,9.063129418284034E-25,2.6401563227801298E-15,0.9999999999999973
26962.0,0.09193758250428452,0.5426026499026065,0.3654597675931089
26689.0,0.022219684459833394,0.9304902738835623,0.047290041656604304
27239.0,0.06426206338080509,0.8844712431362344,0.051266693482960674
27508.0,0.003973850831358741,0.9436122872062008,0.05241386196244056
26291.0,0.8912825668327806,0.03492916458299847,0.07378826858422081
26528.0,2.3939532006744597E-29,8.324988997904748E-14,0.9999999999999167
25990.0,0.5103784398216434,0.4734890224556205,0.01613253772273613
26764.0,1.0379198854148473E-9,0.8676022133309008,0.13239778563117938
27039.0,0.0014301839318214314,0.2736244615554618,0.7249453545127168
27577.0,1.4041410156435522E-17,0.0045006698947453435,0.9954993301052547
27306.0,6.8937191484591615E-6,0.04434158913428467,0.9556515171465668
26477.0,4.395026094103165E-9,0.9999999956047987,1.7518699062133692E-13
26238.0,2.1064175276276805E-8,3.9557377044387024E-11,0.9999999788962672
27374.0,3.9304179663285495E-16,1.765857679453826E-6,0.9999982341423203
27099.0,0.0017431565955125722,0.9360965378683195,0.062160305536167984
26824.0,6.421350694795786E-4,0.07763750633162785,0.9217203585988926
26170.0,0.8525967092233079,0.14724533829751582,1.5795247917618993E-4
26409.0,2.8061772477608007E-4,0.8338003110563501,0.16591907121887378
27440.0,1.473690001496073E-6,0.9986469579109336,0.0013515683990648264
27171.0,0.67849121574725,0.3190004791806406,0.002508305072109429
26629.0,0.013917143824821714,0.9769009635969178,0.009181892578260646
26902.0,1.2901244491173477E-14,2.8659609419164943E-10,0.999999999713391
26050.0,1.830030297391587E-6,0.11558805769882016,0.8844101122708825
26596.0,0.9412334676388542,0.055034616293716886,0.0037319160674288278
26359.0,0.023562414194164272,0.9325399025511272,0.04389768325470853
26531.0,0.008555981491188604,0.9905732206292106,8.707978796008774E-4
26288.0,0.03385274257757374,0.03639699971561751,0.9297502577068089
25989.0,1.0262644180656094E-21,0.002176653515853453,0.9978233464841465
26690.0,0.008682041513077594,0.9230246667926376,0.06829329169428476
26961.0,0.7682106657073241,5.363944105191158E-12,0.23178933428731194
27511.0,6.219806579782546E-4,0.9406913728917524,0.058686646450269386
27236.0,0.10657759626055738,0.8044559897764957,0.088966413962947
26237.0,0.010842753471334366,0.9560127906536942,0.033144455874971696
26478.0,3.741829149152625E-17,0.9387313182127001,0.061268681787299974
27036.0,0.999299041066328,6.7474431349888335E-12,7.009589269245691E-4
26767.0,3.78100469219637E-17,1.7368599997899278E-12,0.9999999999982632
27305.0,8.79622337728274E-19,7.457309906663861E-12,0.9999999999925426
27578.0,0.7110679619884954,0.28866250408849176,2.695339230128573E-4
26410.0,4.813319392860397E-6,1.7482578848484407E-8,0.9999951691980283
26169.0,1.4346357104966205E-9,0.9832437184624933,0.016756280102870925
27373.0,0.3599431329253793,0.6397117020278852,3.451650467355223E-4
26827.0,0.21215585779955437,0.7378197373887967,0.05002440481164881
27096.0,0.9302592103815748,0.06954336600688808,1.974236115369688E-4
26049.0,1.7042390628714563E-26,8.807498321117863E-4,0.9991192501678883
26356.0,4.3936746360141363E-4,0.02865191427339829,0.9709087182630003
26599.0,0.21308905613017534,0.004671405938086841,0.7822395379317378
27168.0,2.9027554374755923E-10,0.025918541793258375,0.974081457916466
27443.0,2.9225711344862126E-8,0.271732919775742,0.7282670509985466
26901.0,8.03666438823702E-26,2.517230860623521E-4,0.9997482769139376
26630.0,8.373789130603935E-6,0.003662267440946301,0.9963293587699231
26530.0,0.652440867381695,0.34652980454047216,0.0010293280778327534
26289.0,2.912512506083015E-40,1.698338720530266E-13,0.9999999999998301
25988.0,0.008475805229126145,0.9256599463786193,0.06586424839225444
26691.0,5.646273364244324E-40,0.0021122837882555368,0.9978877162117444
26960.0,8.469319104322746E-28,0.8713186109583416,0.12868138904165832
27510.0,0.1485395695779539,0.8451814606657491,0.0062789697562970976
27237.0,1.2058905009660435E-11,0.025385478487789617,0.9746145215001514
26236.0,0.0010841476455449404,0.9269453290348497,0.07197052331960535
26479.0,2.030738546313927E-13,0.0020259874833292737,0.9979740125164676
27037.0,0.9726735547595996,0.026089478581131587,0.0012369666592687786
26766.0,0.017319056970521447,0.9580026468688105,0.024678296160668266
27304.0,0.07914182582806444,0.8920951721520634,0.028763002019872176
27579.0,0.6492014801178054,0.3220274851942286,0.02877103468796595
26411.0,0.01419680149937628,0.9695270733379531,0.016276125162670622
26168.0,4.2672379352407154E-5,0.7293979893760932,0.2705593382445543
27372.0,2.0120567188225227E-5,0.729904329494088,0.2700755499387239
26826.0,0.05741728760641257,0.7936424751937526,0.14894023719983485
27097.0,0.680029002406076,0.31348601275017546,0.006484984843748491
26048.0,1.124582794708186E-5,0.04483198295244682,0.9551567712196062
26357.0,0.07216260179226994,0.9122021886463391,0.015635209561390855
26598.0,0.6507891455379303,0.3186190519552828,0.030591802506786857
27169.0,9.804204463670876E-6,5.092086443682349E-18,0.9999901957955364
27442.0,3.6002281513093156E-34,6.130267784183377E-20,1.0
26900.0,0.010352024050316046,0.968525895519483,0.021122080430200963
26631.0,2.327340105320753E-9,0.9815328472500819,0.018467150422577988
27580.0,0.2893031086536969,0.7066554186533662,0.004041472692936809
27311.0,0.6571261854302498,0.3420379655093036,8.358490604465648E-4
26761.0,0.9049346604788898,0.09404225965706908,0.0010230798640411332
27034.0,0.10062223490084021,0.891854418258433,0.007523346840726712
26472.0,0.7684706984359501,0.2304308947864448,0.0010984067776050985
26235.0,0.025334237714526444,0.9669748819907809,0.00769088029469264
27234.0,0.24505431825908697,0.06873839848642753,0.6862072832544854
27505.0,0.9658108680138825,0.03396040095187877,2.2873103423871682E-4
26967.0,2.3772880156736746E-13,0.776309964761209,0.22369003523855333
26692.0,1.0302606961527682E-7,0.987965044049426,0.012034852924504374
25987.0,0.05044088119769622,0.8328474243249318,0.11671169447737195
26294.0,2.5509397179779644E-4,0.9885071635438174,0.011237742484384881
26533.0,0.513407764267206,0.4836536211574149,0.0029386145753791514
26624.0,0.037612174690402414,0.955940960891788,0.006446864417809452
26899.0,0.30928035524287856,0.6850808204059915,0.005638824351129911
27445.0,8.32565433069198E-13,1.926305061433211E-4,0.9998073694930241
27174.0,0.0935528846437818,0.9055853303386748,8.617850175433054E-4
26593.0,0.8184640785209135,0.1799457859161017,0.001590135562984769
26354.0,0.1565008108917676,0.8306702720063851,0.012828917101847302
26055.0,1.2301161937210034E-34,0.9399466581092147,0.06005334189078512
27102.0,6.028850738114675E-10,0.013788980392994683,0.9862110190041202
26829.0,0.6265422025672995,0.36147037656763653,0.011987420865063974
27371.0,8.92854813731241E-11,0.2899546224887572,0.7100453774219574
26175.0,0.9999999999999778,8.074308013961683E-16,2.132595828920864E-14
26412.0,1.8220787888169455E-11,0.9986671564735116,0.0013328435082674895
27581.0,0.018441122301991672,0.9704719512948683,0.011086926403140003
27310.0,0.024987659273043077,0.8562403726116176,0.11877196811533951
26760.0,0.01649304155886203,0.9818251714561707,0.0016817869849673848
27035.0,0.6209947357371155,0.25614255029991356,0.12286271396297094
26473.0,2.5204129356137514E-12,1.5015938485617134E-4,0.9998498406126234
26234.0,0.7787956220121756,2.9245711958767696E-5,0.22117513227586574
27235.0,0.9582849736268114,5.773889472263272E-10,0.04171502579579979
27504.0,0.0059365622272906605,0.9801293828348999,0.013934054937809463
26966.0,0.1016146857392358,0.8928851292884957,0.005500184972268379
26693.0,0.005937877486756708,0.11090106556980367,0.8831610569434397
25986.0,2.9996413383869245E-5,0.05524325383882872,0.9447267497477874
26295.0,0.017765686055512986,0.9738050484648567,0.008429265479630167
26532.0,0.23262265056122108,0.7660935619330685,0.00128378750571039
26625.0,1.1435528659624519E-13,1.0295294078084396E-11,0.9999999999895903
26898.0,0.23895610724995098,0.7604755694336851,5.683233163638815E-4
27444.0,1.0,1.2293692072015802E-26,1.2766655226293486E-26
27175.0,0.9992032192503906,1.2493639576338468E-12,7.96780748359998E-4
26592.0,1.7489965614844952E-4,0.45113913271169015,0.5486859676321615
26355.0,1.4923934737396074E-4,0.9946826888158556,0.005168071836770384
26054.0,3.875591581725622E-9,0.1310178116881846,0.8689821844362238
27103.0,0.04685840637441995,0.942461169487018,0.01068042413856192
26828.0,2.3879833069291134E-9,0.3482189547529852,0.6517810428590316
27370.0,2.3030960692638676E-17,0.010303785413254381,0.9896962145867456
26174.0,0.3104773495129651,0.689124035416856,3.986150701789576E-4
26413.0,0.5485491101252614,0.4513664266673674,8.446320737109192E-5
26233.0,0.001954164909196104,0.9875275425121012,0.010518292578702779
26474.0,0.020406029440005004,0.976296994494404,0.0032969760655909733
27309.0,0.00944644140859544,0.7256196458021837,0.26493391278922085
27582.0,0.009822903685952344,0.9888811095895587,0.0012959867244889344
27032.0,0.05296168971654389,0.927024675287371,0.02001363499608525
26763.0,0.4981493756178397,0.5000067212960032,0.0018439030861571249
25985.0,4.4382417198994445E-7,0.6520894584332906,0.34791009774253745
26535.0,7.607948533164402E-4,0.9001726223550947,0.09906658279158898
26292.0,0.9988741808535331,1.6562282061838174E-10,0.0011258189808441236
27507.0,1.2339393018760133E-5,0.9832960718902592,0.016691588716721918
27232.0,0.11845653441607525,0.8457369642404966,0.03580650134342817
26694.0,1.3560864320546278E-7,0.997791078132948,0.00220878625840889
26965.0,4.607312624609687E-30,3.7969359779874895E-10,0.9999999996203064
26352.0,6.982365894764553E-15,0.6927082434995432,0.3072917565004499
26595.0,0.9672439440603948,0.032735956718584154,2.0099221021153794E-5
26053.0,0.01450218372531763,0.9065546894986101,0.07894312677607233
26897.0,0.0625975636694171,0.9295704301546924,0.007832006175890378
26626.0,0.0035967056588478083,0.9368319537849418,0.05957134055621039
27172.0,0.019972348653459777,0.9635729261703087,0.01645472517623173
27447.0,7.452216738438777E-18,0.012801620621122688,0.9871983793788772
26414.0,1.145762584490269E-15,0.003082006801582082,0.9969179931984167
26173.0,4.847085509543882E-6,0.06997866717480053,0.9300164857396899
26831.0,0.987617640699564,0.01236842297556667,1.3936324869315788E-5
