26275.0,9.20212906858346E-11,3.895415547606087E-5,0.9999610457525027
26544.0,0.0022072441796841817,0.9927871904891714,0.005005565331144422
26006.0,3.6908916264980445E-4,0.99962991233741,9.984999401464635E-7
26946.0,0.08031822482669126,0.9196817585267896,1.6646519173807394E-8
26705.0,0.9906041395763061,0.00939586042272017,9.736963005386903E-13
27255.0,0.9710417782425347,0.028936130137469797,2.2091619995503927E-5
27492.0,0.9996726786695053,3.273213303605571E-4,1.3424076814180544E-13
26493.0,0.003649816211889286,0.9963499952425198,1.8854559090724026E-7
26222.0,1.9635763673707135E-20,8.672137444233124E-16,0.9999999999999991
26780.0,1.4196170585948913E-9,0.04645393475764252,0.9535460638227404
27023.0,1.976114009363547E-20,6.901104631280992E-14,0.9999999999999309
27561.0,9.66729262285425E-9,0.03878191142227814,0.9612180789104292
27322.0,4.198708797214433E-6,1.4259080031117692E-4,0.9998532104908917
26154.0,5.239802816164648E-4,0.9991760737707923,2.9994594759110137E-4
26425.0,0.008803099195412818,0.9911898104630922,7.090341495092243E-6
27390.0,1.8060806450355965E-7,3.2160775350484084E-4,0.9996782116384307
27083.0,0.9998698152796792,1.3018472018695934E-4,1.337612181377432E-13
26840.0,2.2768616184074596E-5,0.9952073667049076,0.0047698646789082685
26066.0,0.14524809580831735,0.8547476781807755,4.226010907224709E-6
26612.0,1.04998518429967E-5,0.9999549604200375,3.453972811947498E-5
26343.0,0.0313784192452137,0.9669427306647393,0.001678850090046944
27424.0,7.478428568920101E-8,0.5277042849316897,0.47229564028402443
27187.0,0.053840123818739635,0.9461598723212897,3.859970620994091E-9
26645.0,0.3535745608493812,0.6464252332491894,2.059014293842598E-7
26886.0,0.12886471613611797,0.7460622662747379,0.12507301758914427
26274.0,0.9984888234341966,0.001511176557836133,7.967281401037225E-12
26545.0,5.175988109005956E-19,1.8896242454549445E-12,0.9999999999981104
26007.0,7.419333417775945E-18,1.1946895595215592E-11,0.9999999999880531
26947.0,0.3092918978094813,0.6906464449427204,6.165724779814523E-5
26704.0,5.8499697634877465E-27,2.2522971198199555E-12,0.9999999999977477
27254.0,0.003884475175047166,0.34323558080624006,0.6528799440187129
27493.0,1.992253029531312E-21,6.58319052414255E-13,0.9999999999993416
26492.0,1.2855271215477847E-4,0.9998703495059851,1.0977818602090517E-6
26223.0,4.7863809336477616E-5,0.9999208988487867,3.1237341876790196E-5
26781.0,6.029481741927028E-6,0.999762156956961,2.3181356129706242E-4
27022.0,0.7352576444357891,0.24081679224773564,0.02392556331647533
27560.0,2.188991450869025E-13,5.238029604793711E-10,0.9999999994759782
27323.0,5.82124475961515E-17,7.161907222448612E-11,0.9999999999283808
26155.0,0.7178418308400326,0.280439448632127,0.0017187205278404326
26424.0,3.30722179252925E-4,0.9996692285111302,4.93096169307117E-8
27391.0,0.9918324816259572,0.00816642674075152,1.0916332912282172E-6
27082.0,6.237661346951038E-7,0.39700847810593226,0.6029908981279329
26841.0,0.8092684564758885,0.1907312346206106,3.0890350088307776E-7
26067.0,0.0654002362879713,0.45253638694568615,0.4820633767663424
26613.0,0.026984896579075424,0.9730145628644301,5.405564944107675E-7
26342.0,5.9184368518250185E-5,0.004162004902487146,0.9957788107289945
27425.0,7.1276236903219245E-28,9.177170745466903E-16,0.9999999999999991
27186.0,8.798888732760714E-12,5.301550657115876E-8,0.9999999469756945
26644.0,0.003366148243204485,0.9367134614129746,0.059920390343820955
26887.0,0.9293728056130749,0.0706271072592706,8.712765450583385E-8
26707.0,2.772468875754418E-25,1.735049328335802E-18,1.0
26944.0,1.4060676200154134E-4,0.9989596443928201,8.997488451782788E-4
27494.0,1.4840041386868007E-5,0.9999712938858708,1.3866072742315134E-5
27253.0,0.04777584145301737,0.9522180775019403,6.08104504237993E-6
26546.0,0.9349613300829606,0.06503379913918858,4.870777850778436E-6
26273.0,2.000630805707372E-6,0.0016750073745068368,0.9983229919946875
26004.0,2.7861961126718644E-14,1.4865854493887058E-9,0.9999999985133867
27021.0,0.03986986093346069,0.9601298530821536,2.859843856086167E-7
26782.0,4.55583247544248E-29,3.4081870235980504E-22,1.0
27320.0,9.60145380294197E-16,5.742348993017417E-10,0.9999999994257641
27563.0,0.9718548357726702,0.02814516398638771,2.4094200507410027E-10
26220.0,1.8612425759553653E-6,0.8764445110776322,0.12355362767979194
26495.0,5.526755219324587E-13,7.985205067625797E-5,0.999920147948771
27388.0,1.4964214620184364E-13,3.176473655713546E-8,0.9999999682351138
26842.0,1.6275952995083387E-4,0.9671426949781341,0.03269454549191503
27081.0,0.859273453902049,0.14069036405099858,3.618204695244915E-5
26427.0,3.3751272909568757E-4,2.2108030793813004E-4,0.9994414069629661
26152.0,1.1274935974108865E-6,0.9848873127673766,0.015111559739025912
27185.0,1.9286231144167333E-18,1.3314904315991727E-13,0.9999999999998669
27426.0,0.3060224144126009,0.6939770265788958,5.590085033383086E-7
26884.0,0.11370219755691957,0.8862976690200501,1.334230301892874E-7
26647.0,3.144822893104775E-44,1.8474023251024446E-31,1.0
26064.0,6.043045604856881E-16,6.450501001042553E-10,0.9999999993549493
26341.0,4.5189042729778197E-7,8.851154628253473E-4,0.9991144326467473
26614.0,0.962655114980147,0.037344884446053855,5.737990854441986E-10
26706.0,1.0543298193869632E-8,6.355764748836654E-5,0.9999364318092134
26945.0,3.08757798612426E-21,1.2506490006090606E-12,0.9999999999987493
27495.0,4.414340003736165E-13,0.7227954672365761,0.27720453276298246
27252.0,1.0238478619775176E-4,0.47103323149430987,0.5288643837194924
26547.0,0.5982228341684248,0.40177713526737563,3.0564199597796754E-8
26272.0,4.592493855448768E-13,6.809936961257283E-10,0.999999999318547
26005.0,0.027704095789231616,0.8945598580603391,0.07773604615042917
27020.0,0.9888070314635289,0.011192954209780137,1.4326690921807661E-8
26783.0,0.26892725178043003,0.7310708985132732,1.8497062967092366E-6
27321.0,0.04972070747730667,0.9502792732495148,1.9273178572949537E-8
27562.0,0.10771624826633361,0.8922837320810915,1.9652575019740888E-8
26221.0,0.5238451832005673,0.4761547897548951,2.7044537561590705E-8
26494.0,0.004478448532728636,0.537142041772976,0.4583795096942954
27389.0,1.9315504258272645E-14,1.6437437110580872E-9,0.999999998356237
26843.0,2.571719908720148E-20,7.241136158056122E-10,0.9999999992758863
27080.0,0.8960675621428834,0.1039324336142239,4.2428927032171E-9
26426.0,3.567755686017046E-5,3.3221864931982155E-5,0.9999311005782079
26153.0,0.028171883093024923,0.9686622542080382,0.0031658626989369007
27184.0,0.9964232850521624,0.003576714945602616,2.2348844171880602E-12
27427.0,3.119989927543952E-14,2.528411595296763E-6,0.9999974715883735
26885.0,6.189000766501759E-5,0.9999262727965688,1.1837195766360002E-5
26646.0,0.9982473217442734,0.0017526782486981668,7.028418374485923E-12
26065.0,0.012752961599806009,0.9870291696600131,2.1786874018095415E-4
26340.0,1.3907730884378856E-12,2.8362554206193285E-9,0.9999999971623538
26615.0,4.238450701858773E-7,0.6792220325435275,0.32077754361140237
25951.0,7.016064136186221E-7,0.0017170380169149561,0.9982822603766713
26489.0,0.013330779469503768,0.9865233914544942,1.4582907600206634E-4
26218.0,1.1018587485495175E-5,0.0595377298021936,0.940451251610321
27565.0,2.329002519231658E-5,0.9998635096206718,1.13200354135933E-4
27326.0,0.6871409874998764,0.31285835543805013,6.570620735726012E-7
26776.0,3.62744409910926E-8,1.1293708631773944E-5,0.9999886700169273
27019.0,0.009846825945983155,0.9901260623876139,2.7111666402979655E-5
26002.0,7.953259941580116E-9,1.50546119049093E-4,0.999849445927691
26279.0,5.253984431193085E-10,5.722344237944847E-7,0.9999994272401778
26548.0,0.14172976828152528,0.8582701545902425,7.712823221280485E-8
27251.0,0.2733245799979881,0.7266752311952542,1.8880675761124166E-7
27488.0,0.0468354372628355,0.9531645597079348,3.0292297287505E-9
26950.0,0.8807759025937384,0.11922409333858809,4.0676733825801674E-9
26709.0,2.0145753528181616E-31,1.7409165905753016E-25,1.0
26608.0,0.11794799842882553,0.8820505510939575,1.4504772170150075E-6
26339.0,0.008940159031499955,0.9910537117785694,6.129189930716134E-6
26070.0,0.013644356634663263,0.7983906879198419,0.18796495544549482
26641.0,1.4398236115606317E-5,0.5192589145894307,0.4807266871744536
26882.0,0.999866036181595,1.3396381838741563E-4,1.7559485130168626E-14
27428.0,0.2700730228123398,0.7299246959013443,2.281286315966691E-6
27191.0,0.9920852154712949,0.00791453556292671,2.489657783531744E-7
26158.0,1.1145902800687564E-8,2.5806309297415696E-5,0.9999741825447999
26429.0,0.2194148238127379,0.7805782294361562,6.946751105885834E-6
27087.0,3.6385600355554124E-4,0.9989890852318019,6.470587646425355E-4
26844.0,0.9414127231415041,0.05858727388568223,2.972813549232402E-9
27386.0,0.9372583966276672,0.0627415870912616,1.6281071224104385E-8
25950.0,0.39414171314561125,0.6058582350856518,5.176873681416939E-8
26488.0,3.634745746210163E-4,0.023823977627976275,0.9758125477974028
26219.0,4.457741236666175E-6,0.2284133123317827,0.7715822299269806
27564.0,0.9354718886614696,0.06452810662795669,4.7105737171078286E-9
27327.0,0.21894102610207627,0.7810568741867725,2.0997111511970663E-6
26777.0,0.030527020585168402,0.4867348061794701,0.48273817323536133
27018.0,1.4466812262876306E-13,5.337449154652732E-9,0.9999999946624062
26003.0,0.008553358533736198,0.9914430772987347,3.5641675291467213E-6
26278.0,6.618958173654737E-6,0.29398347277197845,0.7060099082698479
26549.0,0.9166721957170845,0.08332780284224815,1.4406675073945935E-9
27250.0,3.1715651784345407E-4,0.7337976193115676,0.2658852241705891
27489.0,0.0065682157711119404,0.9934312502461315,5.3398275657547E-7
26951.0,0.010788049968482,0.9890007474662635,2.112025652543906E-4
26708.0,0.06745595830930189,0.013712907936683082,0.9188311337540149
26609.0,0.8040374822012026,0.19596246899012001,4.8808677356224765E-8
26338.0,0.9816078395269732,0.01839216045774133,1.5285481464236024E-11
26071.0,1.7050560507772531E-6,0.2964365024030389,0.7035617925409103
26640.0,1.5352173852148414E-8,0.015087400690197806,0.9849125839576283
26883.0,7.445928243383748E-7,0.6665710360011995,0.33342821940597633
27429.0,0.8705022309463817,0.12936949626532945,1.282727882887338E-4
27190.0,0.030229023501010387,0.9559230360090318,0.013847940489957928
26159.0,3.14221396036888E-9,1.2429797344449483E-7,0.9999998725598125
26428.0,3.732811369592595E-18,3.820479142003265E-10,0.9999999996179522
27086.0,0.4906785291906634,0.07117249378136639,0.4381489770279703
26845.0,7.76544131840865E-17,2.609293796350163E-10,0.9999999997390705
27387.0,2.921907349157396E-14,2.6428421828407444E-6,0.9999973571577879
27324.0,0.329240455696344,0.6707566962133051,2.848090350864918E-6
27567.0,0.019415047854072137,0.9805674173307913,1.753481513643856E-5
27017.0,0.9851454986899284,0.014854498107986933,3.202084634314369E-9
26778.0,0.9967056323413399,0.003294367638769043,1.9891028979284836E-11
25949.0,0.6636386772970839,0.33632963851066,3.168419225608221E-5
26216.0,0.6233830758517283,0.37661692278842357,1.359848259739216E-9
26491.0,4.519379175252484E-4,0.9957207262514125,0.003827335831062301
27490.0,1.5220291374221308E-28,1.475293137077714E-21,1.0
27249.0,4.668229721931348E-14,1.7473689252240675E-11,0.9999999999824796
26711.0,0.8196003393572985,0.18039965538553593,5.25716564615213E-9
26948.0,1.7498477453329142E-7,4.694169926903014E-8,0.9999997780735262
26000.0,6.812570828082824E-8,0.0010832794788258376,0.9989166523954658
26550.0,0.1124321349409779,0.8875648638163982,3.001242623971606E-6
26277.0,0.996302380433304,0.003697619493823786,7.28723256253538E-11
26880.0,0.2926824794957156,0.7072926664771394,2.485402714507481E-5
26643.0,0.0012399579685399586,0.22522242670914785,0.7735376153223121
27189.0,0.15445952346996228,0.8455400404659759,4.360640617927973E-7
27430.0,2.122694069009578E-20,4.303179595261416E-15,0.9999999999999958
26337.0,0.05359640845909707,0.9464035571697417,3.4371161226159927E-8
26610.0,0.9997953342887488,2.04665711238509E-4,1.2833918681239793E-14
26068.0,0.8011476530420486,0.19885232824798274,1.870996872362778E-8
26846.0,1.7997070004689278E-5,0.9359990021396788,0.06398300079031644
27085.0,1.4486839287753572E-9,7.537373751571877E-6,0.9999924611775646
27384.0,0.9995955113020786,4.044886977290517E-4,1.9243928406878359E-13
26431.0,1.5196543311147712E-16,4.738272921799824E-10,0.9999999995261726
26156.0,0.9990339406349652,9.660593633112235E-4,1.7235700767245574E-12
27325.0,8.150931979484133E-16,3.5254236630621555E-12,0.9999999999964737
27566.0,6.3335219058577945E-34,2.4305818384232637E-21,1.0
27016.0,3.382310984949151E-6,0.03199437278560334,0.9680022449034118
26779.0,2.042645212039909E-5,0.9505990205057793,0.049380553042100324
26217.0,0.6240598826650902,0.37593990540658506,2.1192832484123723E-7
26490.0,1.6042621093993973E-13,3.968889299265626E-6,0.9999960311105403
27491.0,3.012470510126734E-19,5.185447604901049E-12,0.9999999999948146
27248.0,0.01231790164362412,0.3985473920492914,0.5891347063070845
26710.0,0.9996163568124579,3.8364318625291486E-4,1.2892578333917718E-12
26949.0,0.0034130838062603904,0.9965869082065637,7.98717579870472E-9
26001.0,1.440911171378399E-12,5.29190620489128E-7,0.9999994708079386
26551.0,1.3455198977639037E-13,6.090156068914855E-9,0.9999999939097094
26276.0,1.1772513023265283E-6,2.334016220001442E-5,0.9999754825864977
26881.0,7.148696999947097E-4,0.9992849142290666,2.160709387059008E-7
26642.0,0.8892678015369465,0.10636638672197157,0.004365811741081826
27188.0,0.03209296618340521,0.9679047002675588,2.33354903598047E-6
27431.0,1.5068706779999087E-4,0.9998226923986582,2.6620533541792557E-5
26336.0,2.0352683213207158E-17,3.508536265022233E-11,0.9999999999649147
26611.0,6.951796520342194E-10,3.571313741071547E-9,0.9999999957335066
26069.0,0.8848686051195611,0.11513080607888261,5.888015562384746E-7
26847.0,1.0701859386239076E-23,5.79830425642783E-17,1.0
27084.0,0.01823727878605137,0.8702119720960926,0.11155074911785606
27385.0,0.002141132555115711,0.9832067226029693,0.014652144841914927
26430.0,0.04077636892919431,0.9589311707224312,2.9246034837453856E-4
26157.0,4.790610969750844E-5,0.004053883832930813,0.9958982100573717
26146.0,0.009526349176553038,0.9904589354159482,1.4715407498767203E-5
26417.0,0.19353648404916532,0.806462507669363,1.0082814716345594E-6
27382.0,1.3760734227079403E-23,1.545925867821689E-16,0.9999999999999999
27075.0,1.8151110763392924E-22,1.6742769256289208E-13,0.9999999999998326
26832.0,0.09127659816612692,0.11457479878088987,0.7941486030529832
26074.0,8.361692259599015E-4,0.9417345923825999,0.057429238391440124
26620.0,0.3081833259269489,0.6917943116835433,2.236238950767636E-5
26351.0,9.4789457325192E-12,1.963080758487413E-9,0.9999999980274403
27432.0,1.7755976072345305E-17,4.0182860514880264E-12,0.9999999999959818
27195.0,0.15803279186029662,0.8419536429277531,1.3565211950400374E-5
26653.0,9.910841730488393E-21,3.0358970736701235E-13,0.9999999999996965
26894.0,9.318536221402895E-8,4.408537303775776E-6,0.999995498277334
26283.0,6.930151626957655E-6,0.1391777222442171,0.8608153476041559
26552.0,0.20401518192622575,0.7714869164708951,0.024497901602879117
26014.0,0.007806320881248761,0.9921574812096786,3.6197909072704056E-5
26954.0,2.0101220297301805E-7,4.428185401198628E-5,0.999955517133785
26713.0,0.005298313715365602,0.9946987253839223,2.960900712059591E-6
27263.0,1.5831854796230382E-9,2.044118099898574E-4,0.9997955866068247
27500.0,0.7011455028868302,0.2988544650966226,3.201654720514124E-8
26485.0,1.0610728479971022E-8,2.6187602009492313E-8,0.9999999632016696
26214.0,0.08878658533097351,0.7391226488071218,0.17209076586190483
26772.0,4.080870804842659E-20,7.773268685762788E-14,0.9999999999999223
27015.0,0.0010741438353594455,0.8861895303650185,0.11273632579962213
27553.0,4.183492140406819E-8,1.0019913229120174E-4,0.9998997590327874
27314.0,0.7483233504141376,0.2516766316144241,1.7971438396577835E-8
26147.0,1.5247658907767683E-14,2.631724214827263E-9,0.9999999973682605
26416.0,1.1282329954896491E-13,4.237416072232983E-8,0.9999999576257266
27383.0,1.0701385374034692E-32,8.7503993187988E-29,1.0
27074.0,1.2697367057290227E-22,3.4378375696655103E-14,0.9999999999999656
26833.0,0.11076438465540185,0.8889121225280756,3.2349281652261166E-4
26075.0,6.749794261699496E-8,0.05860369248233299,0.9413962400197243
26621.0,0.03286588131307901,0.9671340342435387,8.444338230387067E-8
26350.0,0.9713077186054282,0.028692281336408252,5.8163498596799567E-11
27433.0,0.20881911404910394,0.7911787008471453,2.1851037509803114E-6
27194.0,0.003335543849797512,0.9852981134768806,0.011366342673321915
26652.0,0.011780994187416039,0.9869919280437918,0.001227077768792155
26895.0,5.935042824169383E-6,0.2766550655918014,0.7233389993653744
26282.0,1.7342797306074843E-9,2.7463329845640148E-6,0.9999972519327358
26553.0,0.28523452733042687,0.714765331197079,1.4147249412862394E-7
26015.0,0.8133354961980993,0.18666431607622658,1.8772567408193078E-7
26955.0,0.2779058659286146,0.7220933486282732,7.854431122861516E-7
26712.0,0.03470989448734159,0.961419765303141,0.003870340209517505
27262.0,6.118246893700631E-19,1.0361483070557613E-11,0.9999999999896386
27501.0,0.9903779366652534,0.009622062564436349,7.703102111516402E-10
26484.0,0.5759560255176289,0.42400155961943836,4.2414862932806426E-5
26215.0,0.6012162170019719,0.398783757622302,2.5375726120894333E-8
26773.0,0.9876563380202913,0.012343661978475994,1.2326129508485383E-12
27014.0,9.690406364791112E-4,0.878804574396375,0.12022638496714587
27552.0,0.007683461613369981,0.9923129985806649,3.539805965198707E-6
27315.0,0.4216092640532375,0.5783903471831363,3.88763626292916E-7
27380.0,3.06333232180836E-11,0.003596064751399432,0.9964039352179672
26834.0,7.899484470290076E-6,0.25743883239368287,0.7425532681218467
27073.0,8.349456437247081E-4,0.9988808440381578,2.8421031811751466E-4
26419.0,0.9989488150514422,0.0010511849463163698,2.241471952588548E-12
26144.0,0.1414000926250028,0.8585774912951969,2.241607980020655E-5
27193.0,0.999551475637022,4.485243627282822E-4,2.496206126000231E-13
27434.0,0.00810338597762284,0.9918568835547926,3.9730467584594464E-5
26892.0,0.9308645563853745,0.06913525154628808,1.920683374615617E-7
26655.0,0.005943279632769644,0.9938186615441846,2.380588230457828E-4
26072.0,1.1011859477620003E-36,2.744246372833766E-22,1.0
26349.0,1.0269346774795544E-6,0.9997077563690614,2.9121669626102264E-4
26622.0,0.12243907476113765,0.8775607368447612,1.8839410116581285E-7
26715.0,0.005677530653098835,0.9943224580660496,1.1280851539851311E-8
26952.0,0.0657722354156612,0.7051996485798349,0.22902811600450387
27502.0,0.9941422001995263,0.005857799721682836,7.879096741738367E-11
27261.0,2.4360539988283267E-7,0.9742027458199516,0.025797010574648654
26554.0,1.2553014644562779E-5,0.2492987711020395,0.7506886758833159
26281.0,0.0031730547883140198,9.18862145316589E-4,0.9959080830663695
26012.0,2.031378649682222E-6,0.6273761032422149,0.3726218653791354
27013.0,0.9087775030139985,0.09122249637155595,6.144455107161651E-10
26774.0,0.22104899343120074,0.7757002928504338,0.0032507137183654987
27312.0,2.9614497712475594E-7,0.06139734081337941,0.9386023630416435
27555.0,2.7635138907057374E-5,0.001020017241477425,0.9989523476196155
26212.0,2.888625706036938E-26,8.407620500305306E-18,1.0
26487.0,0.9469078868038986,0.0530921079890738,5.2070275832506485E-9
27381.0,1.7791372113023066E-14,1.0539520927834024E-9,0.9999999989460301
26835.0,6.891701363166292E-8,7.165667754960955E-4,0.9992833643074903
27072.0,7.160798495076416E-8,0.9915264070754736,0.00847352131654143
26418.0,0.9991714065949233,8.285934042769835E-4,7.996093380869644E-13
26145.0,1.8851252365605625E-24,2.5241087484685487E-16,0.9999999999999997
27192.0,0.4444132674890579,0.5555864934805264,2.3903041580143517E-7
27435.0,2.9081906365804444E-6,0.041153015965797554,0.9588440758435659
26893.0,0.9999309268314941,6.907316850106832E-5,4.861887514921629E-15
26654.0,4.1582633995513595E-5,0.9961574613949631,0.003800955971041406
26073.0,2.041537478763499E-20,1.609184191752842E-10,0.9999999998390815
26348.0,1.5703998770676643E-4,0.7733755397229152,0.22646742028937808
26623.0,1.6635891884370196E-9,1.1460507961647936E-6,0.9999988522856147
26714.0,0.4592914864591332,0.5407078528020508,6.607388160286594E-7
26953.0,0.0015993221646075798,0.0010796144391556715,0.9973210633962367
27503.0,0.046851377589895486,0.9531443367647711,4.28564533350987E-6
27260.0,0.9966795895509495,0.00332038962758079,2.082146971108338E-8
26555.0,8.40865474036589E-4,0.9988770505098783,2.8208401608513316E-4
26280.0,0.048287068475738916,0.9515662377939883,1.466937302729307E-4
26013.0,7.377226398225261E-16,4.176749456731703E-12,0.9999999999958226
27012.0,6.3201181855873854E-18,5.1286793042612334E-11,0.9999999999487131
26775.0,1.5258507369443746E-8,2.01683879130113E-5,0.9999798163535796
27313.0,0.012360273086493113,0.5151967739566357,0.47244295295687116
27554.0,1.6202869683798758E-4,0.9998379362702192,3.503294282470855E-8
26213.0,5.720390532101612E-11,1.718109248301251E-8,0.9999999827617035
26486.0,3.4499337589784493E-6,1.978079458145913E-4,0.9997987421204264
26616.0,0.040469599860862696,0.9595303043520722,9.578706509079793E-8
26347.0,0.07171953781871694,0.9282791590713196,1.3031099633647964E-6
26078.0,9.666863974358475E-20,3.545663874430409E-13,0.9999999999996454
26649.0,1.425703087982098E-6,4.8793246050216096E-5,0.9999497810508617
26890.0,0.0020200007848117816,0.6997275971763125,0.2982524020388757
27436.0,2.3201436683897856E-20,8.096418612054277E-13,0.9999999999991904
27199.0,5.463949146355183E-16,9.069838154836431E-8,0.9999999093016179
26150.0,2.126158103668799E-29,2.6412213779784665E-19,1.0
26421.0,0.060464033479271526,0.9395261970617217,9.769459006723268E-6
27079.0,0.0021673734071573077,0.9971735599865021,6.590666063405493E-4
26836.0,0.020386512602560844,0.9796132160122413,2.7138519782421255E-7
27378.0,0.8978030329669621,0.1019369593184361,2.600077146019334E-4
26481.0,4.747273741224335E-19,5.038897082944286E-12,0.9999999999949611
26210.0,1.1835798412216345E-24,3.7132597650811125E-13,0.9999999999996286
27557.0,1.4556805405171477E-27,2.0594092922608165E-17,1.0
27318.0,0.004582071910276317,0.9954126327170553,5.295372668485197E-6
26768.0,3.7212335727703094E-7,0.0013699949032087945,0.998629632973434
27011.0,8.329618278008114E-13,5.212781525885811E-7,0.9999994787210145
26010.0,2.933850016191971E-7,0.9236040251494078,0.07639568146559067
26287.0,0.9743022090781264,0.025697785144809207,5.777064376280216E-9
26556.0,9.072387816853218E-4,0.7358628594838138,0.2632299017345009
27259.0,0.07421665921778847,0.9255973864509756,1.859543312358866E-4
27496.0,0.2799897485717572,0.7197525398183479,2.5771160989507724E-4
26958.0,2.753152287970525E-27,4.324599152960489E-20,1.0
26717.0,0.2573218613704785,0.7426642648364697,1.3873793051681273E-5
26617.0,3.914507420674829E-12,5.082937686210765E-7,0.9999994917023168
26346.0,0.776592093437138,0.2234076328828002,2.736800618056438E-7
26079.0,8.675358494488212E-5,0.9806364358556442,0.019276810559410964
26648.0,3.1519269554955645E-14,7.606297984894975E-11,0.9999999999239055
26891.0,0.9010787991424417,0.09892100184199772,1.990155605262929E-7
27437.0,1.2092615033826007E-13,2.4335367105140517E-9,0.9999999975663424
27198.0,3.1638346127030847E-28,6.4705475934453805E-22,1.0
26151.0,0.9430051939532151,0.05699480603569973,1.1085144919939183E-11
26420.0,9.406268782594226E-5,0.9993472177547705,5.587195574033756E-4
27078.0,5.760988514310429E-20,7.760344894587104E-12,0.9999999999922395
26837.0,4.402188157134489E-4,0.7792937284895841,0.2202660526947025
27379.0,0.5387931528310393,0.46110688300813435,9.996416082626197E-5
26480.0,2.465300337127916E-4,0.006508645036398367,0.9932448249298887
26211.0,0.947633139827352,0.05230534173619523,6.151843645263177E-5
27556.0,3.4796519339483605E-19,3.1245030822574307E-9,0.9999999968754969
27319.0,2.622186213290641E-18,5.225628690836516E-12,0.9999999999947744
26769.0,0.35448585247586184,0.6454677821251692,4.636539896894226E-5
27010.0,6.228536472601522E-4,0.9993746525028517,2.4938498882431546E-6
26011.0,0.9731725076361678,0.026827352863884643,1.3949994747180666E-7
26286.0,0.3059847058951265,0.6939701257870634,4.5168317810121913E-5
26557.0,2.1526681602322094E-8,4.009823729562265E-6,0.9999959686495888
27258.0,1.3004601310421225E-21,2.7331530280384738E-15,0.9999999999999973
27497.0,7.24553156514801E-16,1.6280306066793576E-8,0.9999999837196932
26959.0,0.003368782612927017,0.996630967518791,2.498682820595658E-7
26716.0,0.006433844271542545,0.9935660547158796,1.0101257782668325E-7
26888.0,0.16236092647992906,0.8376387102919592,3.6322811165612425E-7
26651.0,4.198177961239155E-22,3.3538849810345387E-13,0.9999999999996646
27197.0,0.008475659344185604,0.7725754496621108,0.21894889099370365
27438.0,7.461667283767408E-13,1.3153961816736023E-7,0.9999998684596356
26345.0,0.016406683800966916,0.983405795021424,1.875211776091202E-4
26618.0,0.17087037401683933,0.829095620056067,3.400592709374933E-5
26076.0,3.3028537616370694E-18,3.451715766077729E-11,0.9999999999654828
26838.0,0.0015794608584900698,0.12142434920110358,0.8769961899404064
27077.0,0.004224274021938452,0.9936578253086766,0.002117900669384855
27376.0,2.736913058538604E-11,1.6195721150822872E-6,0.9999983804005158
26423.0,1.8283800531446805E-25,2.2202611039906143E-19,1.0
26148.0,0.005042006603871562,0.9946207552381985,3.372381579299656E-4
27316.0,6.440885885061219E-18,3.595167066309066E-13,0.9999999999996405
27559.0,7.080298819320639E-8,0.15163562018991003,0.8483643090071018
27009.0,2.1429116690421313E-10,1.0048655153464476E-4,0.9998995132341741
26770.0,0.12624754602900679,0.8737518137212338,6.402497594047181E-7
26208.0,7.088511753632413E-7,0.998455340238746,0.0015439509100785129
26483.0,4.05156711812544E-9,2.639816619996664E-8,0.9999999695502667
27498.0,0.7264513967420828,0.27352231037777486,2.6292880142394267E-5
27257.0,5.132202941718386E-7,0.14607799018427892,0.8539214965954268
26719.0,0.9891512713407409,0.01084872715420307,1.5050561707563068E-9
26956.0,0.8445734441311141,0.1528036031614582,0.0026229527074276672
26008.0,0.5230453368351721,0.47689090687165275,6.375629317515267E-5
26558.0,3.2512498853513324E-5,0.7049266860557573,0.29504080144538924
26285.0,0.02255282522933511,0.9757780490044557,0.001669125766209165
26889.0,8.149649289272544E-10,2.8046644266667463E-4,0.9997195327423684
26650.0,0.05965387345942046,0.940344696678935,1.4298616445133569E-6
27196.0,0.9070637722866605,0.09293622379617329,3.91716630361595E-9
27439.0,1.1471610482395803E-12,2.9765985563137883E-6,0.9999970234002966
26344.0,1.3497630774838894E-9,0.008228761426156014,0.991771237224081
26619.0,0.2729548929162062,0.7270450254637726,8.162002114202328E-8
26077.0,0.3531970000438132,0.6468029600839937,3.987219313347904E-8
26839.0,2.2488975790256602E-26,4.391784546063908E-17,1.0
27076.0,4.326202953136608E-34,2.803826690996385E-22,1.0
27377.0,0.9927033040997064,0.007296695899897678,3.9593237165009575E-13
26422.0,3.346313761566869E-23,4.926412299836339E-16,0.9999999999999996
26149.0,4.12635448059658E-14,7.463819360556762E-13,0.9999999999992123
27317.0,2.5991442410371032E-19,1.772098486985516E-13,0.9999999999998228
27558.0,0.24164577280341024,0.7583521508244101,2.0763721796668946E-6
27008.0,0.992737456930373,0.007262542816002551,2.536243537557991E-10
26771.0,0.6891458817327331,0.3108540144298671,1.0383739990938341E-7
26209.0,0.0367381367439933,0.9570974090230867,0.0061644542329200025
26482.0,2.0777456737373592E-4,0.07406304684964612,0.9257291785829802
27499.0,0.7027279228342748,0.29718187693259407,9.020023313116675E-5
27256.0,0.9642203275231843,0.03577967247468011,2.1356075463422294E-12
26718.0,0.9958981202141683,0.0041018789326693625,8.53162375857468E-10
26957.0,1.0130775528627602E-4,0.915384291189463,0.08451440105525075
26009.0,2.1475202251230275E-4,0.9997837505983762,1.4973791115603034E-6
26559.0,0.07470926152737783,0.4281638589579809,0.49712687951464124
26284.0,0.9954574337595129,0.004542566060226793,1.8026023239760379E-10
26963.0,0.005491056159628522,0.9944919847246959,1.6959115675539305E-5
26688.0,4.653987914431112E-10,2.715655452652859E-7,0.999999727969056
27238.0,5.3659961846337324E-8,1.7788580931893708E-4,0.9998220605307192
27509.0,0.24586142000229586,0.7540987461001838,3.983389752039007E-5
26290.0,0.42103760048851396,0.578962399460724,5.0762086320724694E-11
26529.0,0.04871519340577077,0.7085845072758965,0.24270029931833279
25991.0,1.1333716781184206E-11,3.225317398630589E-8,0.9999999677354923
26765.0,0.00101350822210791,0.9989864529552739,3.8822618263987017E-8
27038.0,2.808480892476302E-7,1.370413157032445E-5,0.9999860150203405
27576.0,1.7415623219282009E-22,5.289991817727027E-13,0.999999999999471
27307.0,0.7254820347804973,0.2745179635111268,1.7083758642722504E-9
26476.0,0.9963109715750013,0.0036890262737926606,2.1512060444594864E-9
26239.0,2.0781921220077447E-17,6.5734255996695895E-12,0.9999999999934265
27375.0,0.025471313632398393,0.9745241936426465,4.492724955065034E-6
27098.0,0.9654860760242854,0.03451392209939923,1.8763154876537063E-9
26825.0,0.8661694047380881,0.13383059136761935,3.894292499648934E-9
26171.0,1.5026995911459086E-18,4.9723100534140336E-12,0.9999999999950276
26408.0,0.71713941602292,0.27814569399875416,0.004714889978325763
27441.0,0.070379938497567,0.929512639324246,1.0742217818707896E-4
27170.0,0.8692377140469926,0.13076191875562276,3.6719738473007765E-7
26628.0,8.544263467840389E-15,5.68060417911461E-4,0.99943193958208
26903.0,7.969597695918947E-8,0.8485334680049602,0.15146645229906283
26051.0,5.946019214537553E-4,0.39284747569839906,0.6065579223801472
26597.0,5.997755139745433E-5,0.999939439945908,5.82502694547354E-7
26358.0,1.6178234235811262E-14,4.383031893007791E-6,0.9999956169680908
26962.0,1.244568301048072E-7,0.00930568903606275,0.9906941865071072
26689.0,0.0060133104664984866,0.9939678182823161,1.8871251185457707E-5
27239.0,0.3517916871813128,0.6482082758896843,3.692900296762731E-8
27508.0,3.6364233872276776E-6,0.9999853576546678,1.1005921944873028E-5
26291.0,0.6216602307272128,0.3773039500795611,0.0010358191932261515
26528.0,7.500068686719387E-18,1.7806259401357873E-9,0.9999999982193741
25990.0,0.8608370598780644,0.13916292344925454,1.6672681019109087E-8
26764.0,3.473707713489413E-4,0.9994841135164626,1.685157121885788E-4
27039.0,5.74045464374093E-10,8.104496919088632E-7,0.9999991889762626
27577.0,1.795599173447096E-6,0.06256210536073539,0.9374360990400912
27306.0,2.449313079706204E-14,9.891141935190085E-7,0.999999010885782
26477.0,0.001549188373823905,0.997924849009561,5.259626166150296E-4
26238.0,5.0445883134386586E-11,6.123330170034703E-5,0.9999387666478537
27374.0,1.566856927842704E-28,1.532061700195216E-20,1.0
27099.0,1.328310259401051E-4,0.9998646801470366,2.4888270232370694E-6
26824.0,1.2108183747564204E-5,0.04873071181019253,0.9512571800060599
26170.0,0.9999119273287809,8.80726712065143E-5,1.2593145964472534E-14
26409.0,1.279064364706537E-4,0.9982656222161738,0.0016064713473555178
27440.0,1.9521431662135221E-7,0.014185384538100403,0.985814420247583
27171.0,0.6784644686585689,0.321535405231903,1.2610952805064862E-7
26629.0,0.05267207496197352,0.947210619259187,1.1730577883937521E-4
26902.0,2.248264169043018E-9,3.175882306416782E-5,0.9999682389286717
26050.0,7.70431600544772E-18,1.0369675816804527E-14,0.9999999999999897
26596.0,1.8563419335236373E-5,0.8702953240662996,0.12968611251436518
26359.0,0.005469006073039059,0.994516137005789,1.4856921171914521E-5
26531.0,0.12895351315153947,0.8710457274331621,7.594152984779156E-7
26288.0,7.443824066342913E-18,4.3553295807117065E-13,0.9999999999995645
25989.0,1.7015873943951382E-19,6.696595077606182E-14,0.999999999999933
26690.0,1.944781916895499E-4,0.9796380181068608,0.02016750370144959
26961.0,0.8516592555662672,0.14821055758077112,1.301868529617539E-4
27511.0,9.182750010540812E-7,0.9624307891646052,0.037568292560393804
27236.0,3.9764710467069074E-5,0.9983892745567311,0.0015709607328016732
26237.0,0.00885326924300154,0.991146277618047,4.531389514599009E-7
26478.0,0.0015375462799980288,0.9983279095941487,1.3454412585313356E-4
27036.0,0.9910670706752047,0.00893292873577313,5.890221827512582E-10
26767.0,7.599806941652925E-8,6.7257306036777E-6,0.9999931982713269
27305.0,4.938715546335536E-16,2.974927293293133E-6,0.9999970250727063
27578.0,0.8121524536418236,0.1878475418171454,4.5410310338445066E-9
26410.0,1.2057830532022686E-18,2.1179451202057726E-11,0.9999999999788206
26169.0,0.14167459176983183,0.8583253173184133,9.091175486148801E-8
27373.0,0.9071079273574557,0.09289207260881151,3.373269585961247E-11
26827.0,0.11043443045116408,0.8895623006968567,3.2688519792727977E-6
27096.0,0.9966783935820526,0.0033216056308589185,7.870885200590279E-10
26049.0,9.705880549786115E-23,4.477019605683492E-14,0.9999999999999553
26356.0,7.302296384457901E-11,1.4778612024550247E-8,0.9999999851483651
26599.0,2.3739436654796115E-24,5.6972802257539546E-18,1.0
27168.0,0.025231229905674526,0.10521364397312893,0.8695551261211966
27443.0,2.5627386784670896E-17,6.192045415653332E-10,0.9999999993807954
26901.0,4.2262039736237863E-23,1.085635864199769E-17,1.0
26630.0,2.812186354517825E-20,2.0704657232731427E-12,0.9999999999979294
26530.0,0.9924519982684307,0.0075480017241274545,7.441912755137843E-12
26289.0,2.0065214959193005E-14,4.595072553295734E-7,0.9999995404927247
25988.0,0.0645107723823696,0.9354887860865854,4.415310449888376E-7
26691.0,2.484419749432229E-33,6.480621013712159E-21,1.0
26960.0,0.15607401130223944,0.8439196102578177,6.378439942771829E-6
27510.0,0.10206706069851154,0.8979328467574471,9.254404136045156E-8
27237.0,9.492737400044219E-17,1.0907675804919813E-10,0.9999999998909231
26236.0,0.004065760186368402,0.9641695860976217,0.03176465371600987
26479.0,1.3951257288245802E-6,2.786436217501577E-4,0.999719961252521
27037.0,3.224212768311052E-4,0.5136571219532623,0.48602045676990646
26766.0,1.006094049664085E-5,0.001695703534746467,0.9982942355247569
27304.0,1.0416571901978138E-5,0.8852806438005217,0.11470893962757635
27579.0,0.8693564416343471,0.13064347381616945,8.454948336857199E-8
26411.0,0.9006940738241496,0.09926745913155835,3.8467044292045844E-5
26168.0,0.8847068723654512,0.11529305960333469,6.803121409706381E-8
27372.0,2.50462333495166E-10,1.1491408057024502E-6,0.999998850608732
26826.0,0.01230260944850832,0.987675381956787,2.2008594704749293E-5
27097.0,0.9650671168269063,0.03493288255032367,6.227700599836635E-10
26048.0,1.1883502819522204E-5,0.04621017714523569,0.9537779393519448
26357.0,0.035263555850231054,0.9647363898480172,5.4301751749818184E-8
26598.0,0.7129184201226476,0.28708118517159154,3.947057608214032E-7
27169.0,7.060702323409768E-8,0.04894290912695674,0.95105702026602
27442.0,4.993628393856014E-34,3.4223121976186016E-24,1.0
26900.0,0.0045236434543634175,0.9954752380178631,1.118527773525738E-6
26631.0,0.6422509343597547,0.33159859681251985,0.02615046882772542
27580.0,0.7089440675165539,0.29102977138952246,2.6161093923666268E-5
27311.0,0.9994913439573291,5.086560422349238E-4,4.360056075607105E-13
26761.0,0.9993670182486436,6.329817507575965E-4,5.988518634985298E-13
27034.0,0.020210536721180887,0.9796905402468371,9.892303198201169E-5
26472.0,0.00326671521853757,0.9967144023389238,1.8882442538637154E-5
26235.0,0.041631893887897994,0.9583664828776182,1.623234483766254E-6
27234.0,8.449445119919134E-6,0.37224464813157,0.6277469024233101
27505.0,0.5854479150206012,0.4145519483570863,1.366223123964321E-7
26967.0,5.273808765892577E-22,7.316528486996312E-14,0.9999999999999268
26692.0,0.008874002758789508,0.9911231488123268,2.8484288837011328E-6
25987.0,3.374893985532092E-4,0.9996594654110379,3.0451904089295615E-6
26294.0,1.0337148794703097E-8,0.9961480399766361,0.0038519496862150894
26533.0,0.9148635320263447,0.0851364640296605,3.943994736883527E-9
26624.0,0.4941557514987037,0.5058442407938055,7.707490635420234E-9
26899.0,4.998170480202984E-6,0.9948948702221094,0.005100131607410349
27445.0,3.451216717524287E-10,6.826004961080231E-7,0.9999993170543823
27174.0,0.16883107520417442,0.8311686847397503,2.400560752717989E-7
26593.0,0.99666208725863,0.0033379126999392647,4.143068201405351E-11
26354.0,0.1993682131083486,0.8006317217408564,6.51507948432222E-8
26055.0,0.009271181059493077,0.7467622890430333,0.24396652989747367
27102.0,0.13889461483888488,0.8063943033507444,0.05471108181037078
26829.0,0.9457168537153522,0.05428314429599991,1.9886477774091626E-9
27371.0,2.6703228694333703E-10,2.270873997868759E-8,0.9999999770242277
26175.0,0.9998724253962504,1.2757460374403565E-4,5.516919069308325E-15
26412.0,0.9623212263392357,0.03767876943356106,4.227203340533923E-9
27581.0,0.003583041867463077,0.9964157797750963,1.178357440644007E-6
27310.0,5.056494903984803E-4,0.9994712648983003,2.308561130120244E-5
26760.0,0.907769812429479,0.09223015909657588,2.847394527128656E-8
27035.0,0.003459581077610688,0.996368687465547,1.717314568424508E-4
26473.0,2.7444627802319425E-18,1.4938811762713596E-12,0.9999999999985062
26234.0,8.922733739944429E-22,1.5488254920114876E-17,1.0
27235.0,0.003185112888908818,0.915973425367273,0.08084146174381825
27504.0,0.0016020371282234186,0.9983970013946453,9.61477131298295E-7
26966.0,0.9716942826698338,0.028305697000921885,2.032924425430038E-8
26693.0,1.8703350587568777E-9,1.124369968622013E-6,0.9999988737596963
25986.0,3.6441318802472926E-18,3.2492602239266065E-5,0.9999675073977607
26295.0,0.001328652269006945,0.9986620713792916,9.276351701436541E-6
26532.0,0.7562506380638715,0.2437493616932919,2.4283661546573275E-10
26625.0,2.6320689098766244E-27,5.644195513486292E-17,1.0
26898.0,0.9044865123083488,0.09551348768602812,5.623075611340774E-12
27444.0,0.9960013613578029,0.00399863862176157,2.0435534115407276E-11
27175.0,1.6997986479561704E-4,0.9987924631878407,0.0010375569473635906
26592.0,1.0094294559167822E-4,0.04659410563836026,0.953304951416048
26355.0,1.0938529741024673E-5,0.9976060579397781,0.002383003530480875
26054.0,0.28268303754327356,0.6926251820610474,0.02469178039567908
27103.0,0.13818359777809308,0.861816381914377,2.0307529883723448E-8
26828.0,9.69120654833251E-21,1.8465315228864876E-12,0.9999999999981535
27370.0,0.0018104034155192281,0.026845950153872034,0.9713436464306088
26174.0,0.9698308540947896,0.030169145894501176,1.070916981992975E-11
26413.0,7.085083216091545E-32,1.7110426971503855E-19,1.0
26233.0,8.109748477254984E-9,0.9764272703563739,0.023572721533877565
26474.0,0.18873293442986558,0.8112665154431205,5.501270140334313E-7
27309.0,1.2250182107352567E-5,0.9276713635532946,0.07231638626459805
27582.0,5.294557952207521E-6,0.4122301981708692,0.5877645072711785
27032.0,2.562514736826595E-4,0.9997341335206009,9.615005716549245E-6
26763.0,0.5035008287200001,0.4964959688323377,3.2024476621586475E-6
25985.0,0.3419232675509062,0.6580753586139254,1.3738351684705649E-6
26535.0,0.22781930459097974,0.19910414186701073,0.5730765535420095
26292.0,1.1086598155560121E-7,9.895295242036781E-4,0.9990103596098148
27507.0,1.279525818550196E-11,0.0023264226278265666,0.9976735773593782
27232.0,0.04442808862938625,0.9555707198218297,1.1915487839833383E-6
26694.0,0.8673578163725597,0.13264217700229597,6.625144320673859E-9
26965.0,2.0630107551230002E-23,8.355353900972704E-14,0.9999999999999164
26352.0,3.5510075162644374E-8,1.7834318875140455E-6,0.9999981810580373
26595.0,0.9976819603728283,0.0023180395783305016,4.8841074078879564E-11
26053.0,0.022150129962595105,0.20457277410370733,0.7732770959336975
26897.0,0.28532642456752133,0.7146735525407015,2.2891777167174928E-8
26626.0,0.0013371665995595811,0.9986626733818591,1.600185813204518E-7
27172.0,0.0771560664150384,0.9228438117015886,1.2188337312886813E-7
27447.0,3.5782046399751186E-6,0.0013876322418772797,0.9986087895534826
26414.0,1.1406206532823774E-21,1.4027026883649585E-10,0.9999999998597298
