26275.0,4.5946915573687615E-9,9.18176478997082E-6,0.9999908136405185
26544.0,0.0028615623493157124,0.9971313622531911,7.075397493144358E-6
26006.0,4.438494817797518E-5,0.9999555760551264,3.8996695643730826E-8
26946.0,2.3338260080481627E-4,0.9997666065771665,1.0822028662597343E-8
26705.0,0.9147978499196691,0.08520214986083098,2.1950001541655738E-10
27255.0,0.09319751261753177,0.902318743888122,0.004483743494346105
27492.0,0.9391228481925565,0.06087715167964377,1.2779972126691774E-10
26493.0,3.6178538495865066E-7,0.9999996364990601,1.7155550809006874E-9
26222.0,7.472860205013491E-30,2.056967935411921E-25,1.0
26780.0,8.241283086804066E-9,1.0367451751934074E-5,0.999989624306965
27023.0,3.0942324966771055E-26,8.149984375772185E-20,1.0
27561.0,0.012918189822801364,0.6444607590698437,0.3426210511073549
27322.0,0.002521962666475893,0.2786324889964629,0.7188455483370612
26154.0,7.808020048727932E-7,0.9999841118287189,1.5107369276163457E-5
26425.0,0.0013190667057792918,0.9986141966840698,6.67366101509053E-5
27390.0,6.175203420947711E-16,6.36499892865066E-13,0.9999999999993628
27083.0,0.9657380113623087,0.03426198601326208,2.6244290786362284E-9
26840.0,4.1347947248266E-4,0.9995645895958933,2.19309316239874E-5
26066.0,0.007056622702893978,0.9929419601228062,1.4171742998416966E-6
26612.0,2.007090820472318E-5,0.9999799288810161,2.1077924653877855E-10
26343.0,0.10561359755588966,0.8728967038698248,0.021489698574285628
27424.0,1.1216983460367802E-10,0.9999777297263425,2.2270161487621552E-5
27187.0,2.4301311142283843E-5,0.9999756978370893,8.517685221249551E-10
26645.0,2.0177867595407016E-5,0.9999759260209858,3.896111418754901E-6
26886.0,0.030600353129516353,0.9660861706377256,0.00331347623275804
26274.0,0.9330773625467841,0.06692263718303622,2.70179681850016E-10
26545.0,8.262739696464445E-53,2.7521427184621303E-43,1.0
26007.0,1.8735227244514168E-7,6.21708474417693E-5,0.9999376418002858
26947.0,0.49894592641074753,0.5010539983455642,7.524368839758213E-8
26704.0,1.0303222114866194E-27,1.1597092933959838E-10,0.999999999884029
27254.0,5.110029213414365E-6,0.18260073730947207,0.8173941526613145
27493.0,2.922838946127501E-28,4.779550719940133E-23,1.0
26492.0,0.0019819266570030897,0.9979921635931487,2.5909749848290403E-5
26223.0,2.788485834864367E-5,0.9999680049625588,4.110179092683442E-6
26781.0,3.742579920484313E-11,0.9998218248151957,1.781751473785935E-4
27022.0,0.104400731371784,0.5747759324375573,0.3208233361906588
27560.0,1.8347955277660682E-36,2.2016997503924633E-30,1.0
27323.0,8.209923594816086E-24,1.0099448105329488E-18,1.0
26155.0,0.7070486382693735,0.292951041404741,3.20325885578529E-7
26424.0,3.5048897799859E-4,0.9996495100955421,9.264592585544502E-10
27391.0,0.8580818288224906,0.14191715922583215,1.0119516771581594E-6
27082.0,4.286721777579949E-6,0.01277424545938889,0.9872214678188336
26841.0,0.43040694529401535,0.5695928922166992,1.6248928541130874E-7
26067.0,6.184861307603544E-4,0.10494261839907537,0.8944388954701643
26613.0,0.0064485135765057966,0.9935514813854175,5.0380767196545416E-9
26342.0,5.615688758389226E-22,4.498156857341909E-14,0.9999999999999549
27425.0,1.7865882993926378E-49,6.60316090151111E-35,1.0
27186.0,1.0032489361012786E-17,6.590466069148515E-12,0.9999999999934096
26644.0,6.900735258709499E-11,1.8255873243523973E-5,0.9999817440577491
26887.0,0.4368605480645711,0.5631392929622149,1.589732140384095E-7
26707.0,7.645700756995812E-56,2.018128497206426E-43,1.0
26944.0,0.09697163487091687,0.9027311195383905,2.9724559069270413E-4
27494.0,0.024365899328779483,0.9756337895475194,3.1112370104682904E-7
27253.0,2.4333462792052783E-10,0.9999997593110616,2.404456038129405E-7
26546.0,0.43600302234441146,0.563974530573511,2.244708207767204E-5
26273.0,7.177376126458899E-10,4.699947386879053E-6,0.9999952993348755
26004.0,7.097307714079683E-25,6.821899695718483E-20,1.0
27021.0,0.011105268375927874,0.9888946599813538,7.164271833184043E-8
26782.0,2.203376054056916E-45,2.314692505097619E-37,1.0
27320.0,1.784106555879284E-14,6.816331534749305E-9,0.9999999931836506
27563.0,0.79912288774588,0.200877105971961,6.282158873463088E-9
26220.0,2.2190089584354084E-4,0.921876681053163,0.07790141805099343
26495.0,4.402738711826003E-12,1.7614030337159261E-7,0.9999998238552938
27388.0,1.4219481621283134E-11,2.732212026081043E-8,0.9999999726636603
26842.0,0.02834716833349179,0.9566082035089039,0.015044628157604423
27081.0,0.8210126191437769,0.17898671293443064,6.679217924538868E-7
26427.0,1.699204093866477E-5,6.94032805398127E-4,0.9992889751536632
26152.0,8.471896603723123E-9,0.6848877983550999,0.3151121931730036
27185.0,2.6948182265291386E-23,7.482143104318483E-19,1.0
27426.0,0.009355713821290693,0.9906431949510109,1.091227698356345E-6
26884.0,5.0781695620348345E-6,0.99999485516773,6.66627079448898E-8
26647.0,1.4856660430778794E-70,3.8493601587595155E-59,1.0
26064.0,5.930570805519677E-41,5.849295924096706E-32,1.0
26341.0,1.2693615211271734E-9,2.9866621471911065E-6,0.9999970120684912
26614.0,0.1541307695594675,0.8458689267626432,3.0367788931355635E-7
26706.0,1.418217006880573E-6,2.0899153532982695E-5,0.9999776826294602
26945.0,1.8530494969763104E-27,2.100625405162916E-18,1.0
27495.0,6.349634221095231E-14,2.0487593778858312E-4,0.9997951240621479
27252.0,5.953699314330134E-17,6.048252056439272E-8,0.9999999395174793
26547.0,0.848920192918299,0.15107980626717313,8.145278784048843E-10
26272.0,9.24971138680947E-17,1.0800619033233518E-9,0.999999998919938
26005.0,2.97354673681567E-4,0.9997003254318397,2.3198944786209193E-6
27020.0,0.9150333169354541,0.08496667791538191,5.1491640144738025E-9
26783.0,0.0023070502745805794,0.9976927152408092,2.3448461030380778E-7
27321.0,0.0020605145234277172,0.9979394854322264,4.434583588901109E-11
27562.0,1.8200242808268925E-5,0.99998179886755,8.896417051075219E-10
26221.0,0.011633607053286234,0.9883663396449404,5.3301773519660365E-8
26494.0,0.011740696486081323,0.9791650203764797,0.00909428313743893
27389.0,2.9515171153359066E-21,4.160784651189355E-16,0.9999999999999997
26843.0,1.0524930285079188E-27,3.085748425252775E-19,1.0
27080.0,0.9617616971496702,0.03823830150317946,1.3471503159969525E-9
26426.0,6.582733846283438E-7,2.617820474077362E-5,0.9999731635218746
26153.0,0.6366915874628992,0.363308273442328,1.390947726586468E-7
27184.0,0.5599789636678394,0.44002103491052524,1.4216353715213058E-9
27427.0,8.37794817203768E-28,2.853925122690695E-19,1.0
26885.0,0.0010722571992887548,0.998918953548718,8.789251993232355E-6
26646.0,0.9330773625467841,0.06692263718303622,2.70179681850016E-10
26065.0,0.5791276629721863,0.4206198349030635,2.525021247502841E-4
26340.0,3.458177306237284E-27,1.0671928097099162E-21,1.0
26615.0,6.584682952446601E-7,0.946142853045918,0.05385648848578659
25951.0,4.553907228550456E-7,0.017046994609891515,0.9829525499993856
26489.0,0.027081693589756078,0.972918299568956,6.841287834922103E-9
26218.0,6.748353006192928E-9,0.07808006161924806,0.9219199316323989
27565.0,0.0250695959177972,0.9749303820460868,2.2036115912990446E-8
27326.0,0.04777382219757311,0.952226177606366,1.9606091020559878E-10
26776.0,6.073292077678079E-35,9.704316031308203E-29,1.0
27019.0,0.03602314367616619,0.963947830557853,2.9025765980599757E-5
26002.0,2.4940323309038637E-10,5.952671851324098E-6,0.9999940470787455
26279.0,7.723251334018889E-19,1.12656647337887E-13,0.9999999999998873
26548.0,0.02434138827904163,0.9756585437669026,6.795405578592165E-8
27251.0,0.07288992797732088,0.9270903614165977,1.9710606081499173E-5
27488.0,3.452441136916356E-6,0.9999965472264317,3.324313425216962E-10
26950.0,0.404781457250836,0.5952185381993247,4.549839336692117E-9
26709.0,5.554615703364594E-78,1.1254971127192172E-65,1.0
26608.0,0.5485288295782873,0.45146387118660397,7.2992351087880475E-6
26339.0,0.0720024568415379,0.9279972941354491,2.49023013018414E-7
26070.0,0.7847100766732301,0.21513894612360399,1.509772031658375E-4
26641.0,9.023785139270555E-4,0.9990966775042998,9.439817732476702E-7
26882.0,0.9438791523778772,0.05612084745383562,1.6828705034335958E-10
27428.0,0.04729716482164935,0.9527013536939838,1.4814843666939088E-6
27191.0,0.6842548063899208,0.31572840630295057,1.67873071287149E-5
26158.0,0.13591469944109,0.8434736473241331,0.0206116532347769
26429.0,0.001053968126377024,0.9989459747116013,5.716202162550478E-8
27087.0,0.007202772319120987,0.9927972225569272,5.12395191266171E-9
26844.0,0.5216872621224385,0.47831272332864344,1.4548917911039419E-8
27386.0,0.002070294276167108,0.9979297034106458,2.3131869814313576E-9
25950.0,0.0019952608832831055,0.9980047369074053,2.2093116202544737E-9
26488.0,0.017020385515653456,0.9815098955230709,0.0014697189612757325
26219.0,0.001319145964799647,0.9562986679074074,0.042382186127792966
27564.0,0.02279148869510497,0.9772050021094852,3.5091954097887875E-6
27327.0,0.8746993985406842,0.1253006010595639,3.9975182483405237E-10
26777.0,2.123326306782161E-7,0.018209838533416463,0.9817899491339529
27018.0,8.137593221730984E-17,3.585276583850503E-11,0.9999999999641471
26003.0,0.0038471377499584925,0.9961502646349945,2.5976150471273154E-6
26278.0,6.166090018347837E-6,0.1863847281226776,0.813609105787304
26549.0,0.13326030590820914,0.8667396887707082,5.321082715112002E-9
27250.0,0.011347583671903966,0.8491618120818648,0.13949060424623114
27489.0,2.1962491713694214E-5,0.9993678603111441,6.101771971421995E-4
26951.0,0.02582802134791129,0.9741716689580256,3.096940631318865E-7
26708.0,2.74942366842568E-9,1.3430352480885006E-8,0.9999999838202238
26609.0,0.6330440813857279,0.36695584894740985,6.966686219682932E-8
26338.0,4.089825763798502E-6,0.9999959101628759,1.1360244337470258E-11
26071.0,2.3583695709379095E-6,0.01332946891523176,0.9866681727151974
26640.0,6.566265728281331E-25,1.5239263074320072E-12,0.999999999998476
26883.0,3.9471911988697654E-7,0.9973820741387552,0.00261753114212485
27429.0,0.23565401964609525,0.7643381503051938,7.830048710885563E-6
27190.0,0.833039746666552,0.16696024962563705,3.7078109359134063E-9
26159.0,1.9600216162760516E-7,9.474110684071024E-7,0.99999885658677
26428.0,1.6043665947094378E-35,2.6613818515914056E-22,1.0
27086.0,5.84069518905337E-4,0.012123719182956814,0.9872922112981378
26845.0,5.643513529579141E-42,1.3407965345531963E-30,1.0
27387.0,3.951039839500627E-10,4.70517384888432E-6,0.9999952944310472
27324.0,9.265072033161633E-6,0.9999830532584728,7.681669494006034E-6
27567.0,4.6809039052478883E-4,0.9993005879417581,2.3132166771711813E-4
27017.0,0.925404026224618,0.07459597337673578,3.986461919024757E-10
26778.0,0.9388377124301139,0.061162287268307705,3.015783351369928E-10
25949.0,0.024114044275646195,0.9758619065164685,2.4049207885181193E-5
26216.0,0.002421168223423705,0.9975788317382381,3.833813468822131E-11
26491.0,0.0027668925334340005,0.9972316272445313,1.4802220346065888E-6
27490.0,4.17830892135829E-64,4.8598843148584205E-51,1.0
27249.0,9.219117633348117E-29,1.6647367839710468E-22,1.0
26711.0,0.4898393736577393,0.5101603047132689,3.216289918818402E-7
26948.0,3.874708812623887E-9,2.6580711148083546E-8,0.99999996954458
26000.0,4.218589242161571E-5,0.0627815346089433,0.9371762794986351
26550.0,0.6636947355760665,0.33630525875041917,5.673514389383133E-9
26277.0,0.9091276454106033,0.09087235407635516,5.130416121348101E-10
26880.0,6.892706648719039E-4,0.9992536685779163,5.706075721181178E-5
26643.0,5.909520566800361E-8,3.041165422229453E-4,0.9996958243625714
27189.0,0.25523071456117263,0.7447692780488151,7.3900122708940836E-9
27430.0,2.281447328117846E-48,1.3430650079878317E-33,1.0
26337.0,2.711469683374243E-7,0.9999997288028663,5.01654102724053E-11
26610.0,0.913159529583886,0.08684047031149147,1.0462249411738238E-10
26068.0,0.31912143511148217,0.6808783976812067,1.6720731110787358E-7
26846.0,0.017126787170712487,0.9828659298777835,7.2829515039156235E-6
27085.0,2.1277955072667647E-6,2.938969410135442E-4,0.9997039752634791
27384.0,0.9500181950305856,0.04998180482366709,1.4574735301016052E-10
26431.0,1.6555652076643466E-8,0.001980170753644025,0.9980198126907038
26156.0,0.9641406908920693,0.03585930893599621,1.7193454556431683E-10
27325.0,1.5124260992890197E-26,4.420123326235983E-22,1.0
27566.0,2.8264083352085596E-20,1.0783651480351642E-9,0.9999999989216347
27016.0,9.083727321064667E-14,1.5944367895102974E-5,0.999984055632014
26779.0,1.1058224846335793E-6,0.002544038755112588,0.9974548554224028
26217.0,0.0031109215880749112,0.9968885717921608,5.06619764091702E-7
26490.0,7.613249558507978E-22,5.1590452032823775E-18,1.0
27491.0,1.3472687845157574E-61,1.698491107514243E-51,1.0
27248.0,0.16222582298178692,0.835557984904917,0.002216192113296196
26710.0,0.9330250866060659,0.06697491323561773,1.583163937769478E-10
26949.0,4.1752292929383965E-5,0.9999582409406201,6.766450362394514E-9
26001.0,2.9670919056890632E-18,3.468250619261265E-8,0.9999999653174938
26551.0,4.92203715517455E-24,3.197568381395092E-15,0.9999999999999968
26276.0,3.7048752821592746E-14,1.942418842737433E-11,0.9999999999805388
26881.0,6.942930468868912E-8,0.9999999305694048,1.290425595959484E-12
26642.0,0.9289835800043528,0.07101616069648309,2.5929916424429604E-7
27188.0,0.02879755817651466,0.9711968068915343,5.6349319510289E-6
27431.0,1.76492074560183E-4,0.9997510439732885,7.246395215122912E-5
26336.0,1.3367533914336374E-21,2.9557317061140452E-15,0.9999999999999971
26611.0,8.866351537020548E-21,1.8554443824644133E-16,0.9999999999999998
26069.0,0.8858496356441725,0.11415034485848939,1.9497338144369385E-8
26847.0,4.3569065836721973E-47,1.0538957158884899E-38,1.0
27084.0,0.014645060012038014,0.9243816466374878,0.06097329335047428
27385.0,0.0013122371297610805,0.9631563892410212,0.035531373629217634
26430.0,0.015909064808381442,0.9840902114297898,7.237618287603381E-7
26157.0,4.25308880469786E-8,6.244959028620069E-7,0.9999993329732091
26146.0,5.168697801441681E-4,0.9981159911542495,0.0013671390656062596
26417.0,0.00787740276777462,0.9921225897207568,7.511468502183465E-9
27382.0,2.992956719107525E-45,3.4556421932266145E-39,1.0
27075.0,1.93954686950143E-52,1.1057990751591264E-41,1.0
26832.0,0.6792549612353233,0.3128602327803342,0.007884805984342403
26074.0,3.391038052563288E-5,0.9996767610990422,2.893285204321296E-4
26620.0,0.0156606358149202,0.9843274217369501,1.1942448129769397E-5
26351.0,1.2874542464296039E-26,4.1854902769929016E-21,1.0
27432.0,2.078185300505829E-9,2.3426041309443997E-5,0.9999765718805053
27195.0,1.9574210981901044E-4,0.9998017611359727,2.4967542083566486E-6
26653.0,2.579260892091676E-28,1.5070248576750124E-20,1.0
26894.0,4.25640918343956E-10,2.6872897592152232E-8,0.9999999727014615
26283.0,5.746865415782919E-7,0.7884334806666319,0.21156594464682665
26552.0,4.1120899654696993E-4,0.9959083445936608,0.0036804464097921984
26014.0,2.1052548674522517E-5,0.49084652481796653,0.5091324226333591
26954.0,5.579249955297155E-15,1.0051396417673875E-12,0.9999999999989893
26713.0,0.0013930425992741175,0.9986056364572142,1.320943511666097E-6
27263.0,8.21390093335753E-8,0.12553705555503158,0.874462862305959
27500.0,0.871766047702905,0.12823361002605174,3.4227104331062205E-7
26485.0,1.8911141193655453E-21,2.9606502528438027E-18,1.0
26214.0,0.0025524871686237838,0.9974122042430253,3.530858835092338E-5
26772.0,1.6877624170881588E-40,6.509948835758267E-33,1.0
27015.0,1.4906472015736761E-5,0.7139880813588227,0.28599701216916157
27553.0,5.590967925244919E-8,0.0018135242794880965,0.9981864198108327
27314.0,0.016756240592096194,0.9832351782260237,8.5811818799958E-6
26147.0,1.0862098737279946E-18,1.3639783988862495E-13,0.9999999999998637
26416.0,1.4034010677944867E-17,4.13848867798589E-12,0.9999999999958615
27383.0,8.487256984491672E-37,4.1306694373026505E-32,1.0
27074.0,1.4548518417513656E-31,6.241311953864608E-20,1.0
26833.0,0.08172874305427723,0.9182288975031241,4.235944259872672E-5
26075.0,1.8741779363991594E-6,0.14202070302675343,0.8579774227953102
26621.0,0.6181295817419152,0.3818704029480446,1.5310040291511735E-8
26350.0,0.43985500468175626,0.5601449915654294,3.7528143282648055E-9
27433.0,9.099966075008374E-6,0.9999908997979573,2.3596782510913784E-10
27194.0,0.14974786330432802,0.8502521340854288,2.6102429983688743E-9
26652.0,1.4593074122923381E-4,0.999854067091051,2.1677198245699914E-9
26895.0,7.959564182878504E-11,3.682469541569746E-4,0.9996317529662474
26282.0,2.4829200649594468E-12,9.428232892165527E-7,0.9999990571742278
26553.0,1.6770826062393942E-4,0.9998301523681514,2.139371224666341E-6
26015.0,0.5802462720381927,0.4197537073423762,2.0619431121458863E-8
26955.0,1.8055766333228838E-4,0.9998190821810554,3.6015561221114253E-7
26712.0,2.4337713018547993E-6,0.9999964913815682,1.0748471299389289E-6
27262.0,1.4074100484276606E-37,3.500066211178051E-31,1.0
27501.0,0.9258129826995329,0.07418701695009204,3.503750818367987E-10
26484.0,0.019710491291876256,0.9802894706603307,3.804779307038159E-8
26215.0,0.8153474056818569,0.18465259418954916,1.2859383935081373E-10
26773.0,0.01171237769464275,0.9882876222780235,2.7333824992977998E-11
27014.0,7.36819930125446E-8,0.010092255777413782,0.9899076705405933
27552.0,0.05928488368490321,0.9407149230705929,1.93244503790354E-7
27315.0,0.1647288647063971,0.8337168551332412,0.0015542801603617446
27380.0,3.704952034267535E-16,4.092621413561475E-8,0.9999999590737854
26834.0,4.381004548737349E-24,3.2893495247940847E-18,1.0
27073.0,0.019163564311345506,0.9808357093413748,7.26347279627708E-7
26419.0,0.9392678058058958,0.06073219397356067,2.2054370217881954E-10
26144.0,0.001690902719619702,0.9983015147349922,7.582545387977747E-6
27193.0,0.9523457067683594,0.04765429317056522,6.107539801501182E-11
27434.0,0.03993704254613225,0.9598840912801795,1.788661736881821E-4
26892.0,0.1355556314063709,0.8644290710453201,1.5297548309092956E-5
26655.0,0.2544211149189705,0.7429337605384004,0.0026451245426290793
26072.0,1.3788470592822092E-74,4.978327302069516E-59,1.0
26349.0,2.0650907651640954E-4,0.9996863314558653,1.0715946761835168E-4
26622.0,0.5755867021441692,0.4244132369454448,6.091038609216488E-8
26715.0,0.02305915857002716,0.9769408303432072,1.1086765649368012E-8
26952.0,1.1580536752182865E-4,0.9870153229688633,0.012868871663614872
27502.0,0.8783690619030887,0.12163093743689386,6.600174016186286E-10
27261.0,1.769048728980296E-5,0.9162214534203007,0.08376085609240949
26554.0,2.3814608540884997E-5,0.9999244985525721,5.1686838886990844E-5
26281.0,1.043929206927264E-18,2.3660951835277497E-15,0.9999999999999977
26012.0,7.088805647402747E-11,1.6551710206566965E-5,0.9999834482189054
27013.0,0.00130337735933003,0.9986966226307706,9.899283202237633E-12
26774.0,0.0074917833125541676,0.9739704883721484,0.018537728315297427
27312.0,0.0014156980757759987,0.2898113726522199,0.7087729292720041
27555.0,1.1154773454273798E-12,9.981932347529907E-9,0.9999999900169522
26212.0,3.4566686682172703E-53,8.916702053470551E-45,1.0
26487.0,0.00893424373009771,0.9910657554213939,8.485082702372705E-10
27381.0,6.647727240269878E-21,2.0165777469633633E-15,0.9999999999999979
26835.0,3.0623228090413106E-8,1.463433550716185E-4,0.9998536260217002
27072.0,1.7583459590559884E-8,0.9874849975338102,0.012514984882730125
26418.0,0.9210459005403084,0.07895409910578022,3.539112522756808E-10
26145.0,9.34084840049068E-34,2.037226520360131E-28,1.0
27192.0,0.11217320270852933,0.8878267281394853,6.91519853333476E-8
27435.0,0.0036061990119573123,0.9962801476335077,1.13653354535001E-4
26893.0,0.958913771089749,0.04108622885667983,5.357118558672552E-11
26654.0,2.162380740746469E-7,0.9999972231458656,2.5606160603694206E-6
26073.0,1.066609024750196E-27,7.267867717222176E-20,1.0
26348.0,1.7694994108970373E-7,0.006146471427604259,0.9938533516224547
26623.0,5.747499290578992E-14,2.1781675010564275E-11,0.9999999999781608
26714.0,0.5957001229188785,0.4042998147212414,6.235988004211125E-8
26953.0,3.552263159370137E-17,7.333159509997818E-13,0.9999999999992667
27503.0,0.3084399404746488,0.6915596932400628,3.662852882520632E-7
27260.0,0.9838708894240036,0.016129041126236393,6.944975994821415E-8
26555.0,0.08500450495240407,0.8529893676068766,0.06200612744071934
26280.0,0.11793472769517965,0.8820639275401652,1.3447646550883434E-6
26013.0,9.573979720240514E-28,2.9321048756262656E-21,1.0
27012.0,8.515503867815807E-13,1.2782207835336768E-10,0.9999999998713265
26775.0,9.966751743213493E-17,7.91729835251895E-13,0.9999999999992082
27313.0,3.928826237559108E-5,0.0026385146148037966,0.9973221971228207
27554.0,0.002708893904375673,0.9972910814815571,2.4614067343609443E-8
26213.0,1.5832989914642366E-17,3.883738603397506E-15,0.9999999999999961
26486.0,9.183365490289833E-11,1.322486790365836E-8,0.9999999866832984
26616.0,0.0940791583478134,0.9059207903300294,5.1322157227334744E-8
26347.0,0.012382070365154568,0.9867421372115347,8.757924233106769E-4
26078.0,2.1066892135258906E-26,4.466410602817107E-15,0.9999999999999954
26649.0,1.4173899784091827E-16,3.7616487577526204E-11,0.9999999999623833
26890.0,0.0031699264268796614,0.7666289632694414,0.23020111030367893
27436.0,2.7401381914791874E-31,2.0614059346647476E-24,1.0
27199.0,5.5284351296780266E-17,5.311161944025616E-13,0.9999999999994689
26150.0,1.6073796999948356E-35,2.133688545066874E-30,1.0
26421.0,5.17563260707257E-4,0.9994824357526594,9.866333834998027E-10
27079.0,0.004870340495899139,0.9951269568249648,2.702679136272492E-6
26836.0,7.365522997780929E-4,0.9992634416132825,6.086939441944514E-9
27378.0,0.7339352704745425,0.26322671569684525,0.0028380138286122287
26481.0,2.1631180312984394E-29,5.062634270844149E-24,1.0
26210.0,2.6735270842825325E-27,3.525623739396681E-21,1.0
27557.0,2.6455115328913052E-53,1.8168838214737007E-45,1.0
27318.0,4.017213886008187E-4,0.9995909186046299,7.360006769167661E-6
26768.0,4.067261757229735E-9,4.014204008490217E-4,0.9995985755318892
27011.0,4.2522658943609665E-39,9.415908753788652E-29,1.0
26010.0,3.1205528667622134E-5,0.9996384877658686,3.3030670546380336E-4
26287.0,0.9194361106624205,0.08056388897109158,3.664880546881821E-10
26556.0,1.6830287673892526E-6,1.1130797747628467E-4,0.9998870089937563
27259.0,9.372802346136955E-5,0.9999052810474897,9.909290488513852E-7
27496.0,0.014947683448897726,0.9850466995439686,5.6170071336692705E-6
26958.0,2.3465291549785003E-53,4.810620944476989E-47,1.0
26717.0,0.06799081318515195,0.9320008834546569,8.303360191147963E-6
26617.0,2.08183916742277E-11,1.0339436482840251E-7,0.9999998965848167
26346.0,0.8453144460802559,0.15468554888805747,5.0316866523760236E-9
26079.0,3.791963679888758E-4,0.07903540177146622,0.9205854018605449
26648.0,1.957133568973753E-18,1.5614332178175786E-13,0.9999999999998439
26891.0,0.5800738113333259,0.4199261870496075,1.617066525323255E-9
27437.0,2.9290507632754154E-11,1.7328723796550326E-8,0.9999999826419856
27198.0,1.846063998807502E-52,7.593049960161458E-40,1.0
26151.0,0.9085555149903687,0.09144448477191584,2.37715498161053E-10
26420.0,0.0015941938993491098,0.9983906339873023,1.517211334868895E-5
27078.0,3.264221656570105E-26,3.828092498130956E-16,0.9999999999999996
26837.0,0.20496335310750136,0.1410484460526998,0.6539882008397989
27379.0,0.9301777627803872,0.06982223369297064,3.5266420881451647E-9
26480.0,0.1037146976106502,0.14442190526009774,0.7518633971292521
26211.0,0.24330219469559194,0.7564165853723678,2.8121993204028244E-4
27556.0,4.868905728915919E-25,2.013437453587084E-13,0.9999999999997986
27319.0,2.3297703060676394E-31,1.6730828232458757E-23,1.0
26769.0,0.21520175022099772,0.7847976037665428,6.460124593215156E-7
27010.0,3.1056056130709883E-11,0.9998014189719109,1.9858099703313394E-4
26011.0,0.15338733535219137,0.8466125554506974,1.09197111317833E-7
26286.0,0.10264036943646755,0.8969200282094654,4.396023540672233E-4
26557.0,8.064835501129872E-20,3.045727608790995E-13,0.9999999999996954
27258.0,5.429787153282827E-41,2.6634113627426204E-35,1.0
27497.0,5.908964336769567E-43,7.949145148235289E-34,1.0
26959.0,2.4283341888601523E-5,0.999957854087112,1.7862570999355853E-5
26716.0,0.0016573412046556278,0.9983426505751783,8.220166039630682E-9
26888.0,0.022428350315696035,0.9775689821746969,2.6675096071619244E-6
26651.0,3.899792053333203E-29,8.440558789917238E-19,1.0
27197.0,2.760451719756533E-4,0.9981775255701614,0.0015464292578628671
27438.0,6.589066089453241E-14,7.10993690043338E-12,0.9999999999928242
26345.0,1.4863305124333607E-6,0.9996636806902445,3.34832979243265E-4
26618.0,0.0025190373058429413,0.9972550748189679,2.2588787518899723E-4
26076.0,6.159638519377431E-30,3.909546823525576E-25,1.0
26838.0,8.849189092753399E-4,0.5287384801066024,0.47037660098412226
27077.0,0.45683289450608955,0.5431120616670455,5.504382686493661E-5
27376.0,5.771213772458183E-21,1.2561271428147563E-17,1.0
26423.0,1.6171124122123994E-42,2.0983530696532127E-33,1.0
26148.0,1.6139156746006537E-6,0.9999923170054899,6.069078835651314E-6
27316.0,1.1567494404741828E-33,7.09470258833277E-27,1.0
27559.0,4.811459477816678E-17,1.395181449292034E-7,0.999999860481855
27009.0,2.3555495321838274E-11,1.288298837202877E-7,0.9999998711465609
26770.0,1.1686619945998775E-5,0.9999873940161906,9.193638633039182E-7
26208.0,0.009417955284442968,0.9904483022922544,1.337424233026812E-4
26483.0,4.536235808718332E-24,3.3983611722556755E-22,1.0
27498.0,0.5506051563711655,0.44939470809601356,1.355328209158842E-7
27257.0,7.254754978195486E-8,0.8023176053853385,0.19768232206711173
26719.0,0.884756715890973,0.11524327747583434,6.633192496977995E-9
26956.0,0.8967623610824267,0.09721869329902684,0.006018945618546399
26008.0,0.4381036477814162,0.5618963329569892,1.9261594693846612E-8
26558.0,4.281245604601482E-4,0.9956047741255579,0.003967101313981991
26285.0,6.26679085592395E-7,0.9999993061798318,6.714108274752981E-8
26889.0,5.145321821474603E-26,1.6757188906834937E-20,1.0
26650.0,0.9072038280509135,0.09279616601085859,5.9382277231925435E-9
27196.0,0.8534276786271855,0.14657232037282308,9.99991500257795E-10
27439.0,8.47085047251687E-6,2.8914679389796424E-4,0.9997023823556296
26344.0,5.095959902757158E-6,0.005069953975430719,0.9949249500646665
26619.0,1.2360230302010578E-5,0.9999875696767332,7.009296480891055E-8
26077.0,0.022792118264980583,0.9772078668325972,1.4902422306594543E-8
26839.0,4.077343577809922E-56,5.712435529456409E-44,1.0
27076.0,1.9035801307359786E-60,4.420001078759831E-46,1.0
27377.0,0.9526226706492462,0.047377329246257587,1.0449629886074615E-10
26422.0,3.2166950590686396E-45,4.229404214531513E-35,1.0
26149.0,3.873741191166203E-59,3.024929599730308E-48,1.0
27317.0,3.8770545379375126E-26,5.428818356168305E-18,1.0
27558.0,0.45831511016865084,0.5416138654694155,7.10243619336106E-5
27008.0,0.1999398481440667,0.8000601517656926,9.024069870558407E-11
26771.0,0.015905658182211856,0.984094241857767,9.996002105562557E-8
26209.0,4.525462831032097E-4,0.1293253344755575,0.8702221192413392
26482.0,7.2129085437460245E-9,1.294174966271107E-4,0.9998705752904644
27499.0,0.2931425410836867,0.6965847387026449,0.010272720213668329
27256.0,2.683788761506059E-4,0.9997316211212053,2.6440957953238785E-12
26718.0,0.8621809773590275,0.1378190195999218,3.041050731120305E-9
26957.0,7.246567733235229E-11,5.248477518653622E-6,0.9999947514500157
26009.0,8.017406257961161E-4,0.9991958572384797,2.4021357241326054E-6
26559.0,4.743080155800407E-7,3.2375318233326E-5,0.9999671503737512
26284.0,0.4931221167061679,0.5068778461801069,3.7113725264092206E-8
26963.0,5.7082763451338206E-5,0.9997501955970769,1.927216394717813E-4
26688.0,6.067719948489712E-39,1.3692133230662769E-30,1.0
27238.0,4.6873685722368864E-11,5.638414030718937E-6,0.9999943615390956
27509.0,4.1040462424418755E-4,0.9995895950153375,3.604182822718744E-10
26290.0,0.05295618737349868,0.9470438124435686,1.829326131154964E-10
26529.0,0.0064987280706108284,0.2008684971007975,0.7926327748285916
25991.0,1.57855782236752E-20,2.0796578675941583E-13,0.9999999999997919
26765.0,1.9972567397917924E-5,0.9999800056375917,2.1795010318106202E-8
27038.0,2.4976221832862797E-13,1.5003264938363146E-9,0.9999999984994238
27576.0,5.5501481527384E-26,1.834914362206342E-18,1.0
27307.0,8.907270350936974E-4,0.9991092728634156,1.0149062944546439E-10
26476.0,0.9442867750547007,0.05571322388129958,1.0639997500407016E-9
26239.0,2.4699216210715613E-17,5.645471164621178E-16,0.9999999999999994
27375.0,7.215977730679285E-4,0.999278402181678,4.525410537815839E-11
27098.0,0.19817183430224056,0.801828038958741,1.2673901863522407E-7
26825.0,0.17941315908180228,0.8205868151389701,2.577922752252267E-8
26171.0,4.5686300859458506E-29,1.5416812130726612E-17,1.0
26408.0,0.7342305314369918,0.26205065549774753,0.0037188130652607673
27441.0,1.6374785519415455E-6,0.817122402275727,0.18287596024572114
27170.0,0.4941400262925972,0.5058597983736175,1.7533378535336702E-7
26628.0,1.000637634678032E-15,9.351547551486939E-9,0.9999999906484516
26903.0,3.87785891649202E-12,0.0037832872488455537,0.9962167127472765
26051.0,7.350385734980739E-7,0.9997752310804061,2.2403388102039377E-4
26597.0,2.209702532787949E-6,0.9999977890642726,1.2331946165226171E-9
26358.0,1.8283624627887844E-32,2.6694441813307547E-16,0.9999999999999997
26962.0,0.0018645602926623606,0.9978233652067438,3.1207450059388066E-4
26689.0,0.13510752302427184,0.8648758777759183,1.659919980984936E-5
27239.0,0.6159319860029954,0.3840680071448872,6.852117443638321E-9
27508.0,8.556184669035711E-4,0.9991425153224961,1.8662106003665623E-6
26291.0,0.9961615150586364,0.0038252951937580246,1.3189747605744652E-5
26528.0,1.3029697624189472E-19,4.2481481579586297E-13,0.9999999999995752
25990.0,0.17406057107236755,0.8259394034924431,2.543518935239387E-8
26764.0,0.44478548496461784,0.555208307637812,6.207397570137981E-6
27039.0,5.937466959789726E-31,1.557373054252722E-25,1.0
27577.0,1.2748492737481596E-8,0.001673426407936713,0.9983265608435705
27306.0,2.244267253543432E-17,7.946889093774042E-9,0.999999992053111
26477.0,0.01637962492284891,0.9658302747523511,0.01779010032480002
26238.0,1.581384646550253E-9,1.7641025952221464E-6,0.9999982343160201
27374.0,7.580965639839114E-47,5.072989171379148E-35,1.0
27099.0,4.782133466799631E-6,0.9999951938096405,2.40568927883601E-8
26824.0,2.554966103028346E-7,4.352636955842381E-4,0.9995644808078055
26170.0,0.9401337191685832,0.05986628064696976,1.844469317921812E-10
26409.0,2.4346963066793597E-9,0.32473946982918905,0.6752605277361146
27440.0,1.2785595875422786E-11,1.9985761735294526E-7,0.9999998001295971
27171.0,0.05727193241803545,0.9427280506501764,1.6931788253086745E-8
26629.0,8.767691108210051E-8,0.07165575728972093,0.928344155033368
26902.0,7.435536930156291E-18,2.6418059209391746E-15,0.9999999999999973
26050.0,4.079547832278503E-32,1.0951722096193218E-23,1.0
26596.0,2.5493093678042897E-11,0.02462805443688314,0.9753719455376237
26359.0,0.003296361249544738,0.9961487620534323,5.548766970231294E-4
26531.0,5.083963601602196E-4,0.9994915932673085,1.0372531131263184E-8
26288.0,8.334953740545256E-41,8.655216177020421E-35,1.0
25989.0,2.094938674390107E-28,1.0196735160269413E-23,1.0
26690.0,0.015886706164491667,0.9696061934125848,0.01450710042292346
26961.0,0.6496609701006745,0.3503384793456701,5.505536554909507E-7
27511.0,1.6116958727633952E-6,0.0012434274252757596,0.9987549608788514
27236.0,9.999878132202712E-4,0.9981975771817285,8.024350050511929E-4
26237.0,9.994160856438877E-7,0.9999990005339081,5.000628666469257E-11
26478.0,6.487871153534682E-6,0.999992701001671,8.111271754426358E-7
27036.0,0.9480937779830593,0.05190622154423327,4.727075407170442E-10
26767.0,5.05848494231815E-12,3.7179307817015316E-9,0.9999999962770107
27305.0,7.384225111988449E-12,2.471843761431539E-6,0.9999975281488543
27578.0,0.6492238421028423,0.3507761548648116,3.032345929468078E-9
26410.0,3.3537736280719286E-41,1.3747329141194741E-33,1.0
26169.0,1.749094454552246E-5,0.999982484682375,2.4373079545613005E-8
27373.0,0.8612994915822566,0.13870050803811873,3.796246801207818E-10
26827.0,0.2287630258527542,0.7712251670828879,1.1807064357793873E-5
27096.0,0.8796968148954424,0.12030317548214109,9.622416473880542E-9
26049.0,3.872834328767778E-30,6.478568196270333E-23,1.0
26356.0,8.326968088560512E-18,2.1738958812090407E-13,0.9999999999997826
26599.0,1.5055225464156136E-25,4.985211046700209E-20,1.0
27168.0,1.6863828099016566E-8,1.6649107040039434E-4,0.9998334920657714
27443.0,9.887739696098767E-30,1.168110609742506E-22,1.0
26901.0,1.428215669780233E-42,1.4611294271936963E-33,1.0
26630.0,6.051798994617905E-32,4.089509861480464E-24,1.0
26530.0,0.8274714589646859,0.17252854095920414,7.610991953718626E-11
26289.0,8.481915368009223E-30,2.7919296781568075E-20,1.0
25988.0,0.0020473321613315412,0.9979511646833548,1.50315531366906E-6
26691.0,5.431570714524553E-72,2.2099095238934522E-60,1.0
26960.0,0.1421584215008534,0.8578415606442255,1.785492117883863E-8
27510.0,5.155482905963126E-4,0.9994843880420163,6.366738757034962E-8
27237.0,4.2843536939577237E-51,8.168719866640356E-42,1.0
26236.0,0.03370640723846437,0.9655677995068144,7.25793254721275E-4
26479.0,2.407305687091787E-16,7.921936719284141E-12,0.9999999999920778
27037.0,0.0018685186813434422,0.9310028983762942,0.06712858294236237
26766.0,2.6132820268682456E-8,2.5167806298878323E-5,0.9999748060608808
27304.0,3.7425794751337936E-11,5.319706851171265E-4,0.9994680292774571
27579.0,0.9557152623433186,0.04428473746705811,1.8962328202106483E-10
26411.0,0.9003770392112566,0.09962248755372151,4.732350219939428E-7
26168.0,0.699992359901159,0.30000763926632756,8.325132325788639E-10
27372.0,4.241176297045249E-13,3.825344105701992E-10,0.9999999996170414
26826.0,0.2963585513905352,0.674644432850605,0.028997015758859726
27097.0,0.2605902122000799,0.7394097725743233,1.5225597007322465E-8
26048.0,0.016342827884432715,0.6431118626142482,0.340545309501319
26357.0,0.004814518072613459,0.9951854813220623,6.053243349297014E-10
26598.0,0.5608258760568336,0.4391739476090919,1.7633407443794872E-7
27169.0,0.058296591711390254,0.7274972505803936,0.21420615770821608
27442.0,1.883185033867146E-43,1.6992785759695968E-37,1.0
26900.0,3.694867247406825E-5,0.9999630319301752,1.939735070861025E-8
26631.0,0.702364928607067,0.2956358188785416,0.0019992525143913316
27580.0,0.006920193144539411,0.9927926615604279,2.8714529503263124E-4
27311.0,0.6402515846143505,0.35974841165787674,3.727772755328786E-9
26761.0,0.9392678058058958,0.06073219397356067,2.2054370217881954E-10
27034.0,6.442332055628185E-5,0.9970968995080524,0.0028386771713914336
26472.0,2.3397289368891575E-4,0.4181867078790362,0.5815793192272749
26235.0,0.009494994500263908,0.9905049520257326,5.3474003475811815E-8
27234.0,5.17715007291202E-10,0.004777728083151608,0.9952222713991333
27505.0,0.034833571005889324,0.9651645201692177,1.908824892792016E-6
26967.0,1.3504058891273904E-19,5.116924273157182E-12,0.9999999999948831
26692.0,0.4684211847874551,0.5315788007840742,1.4428470676013588E-8
25987.0,1.5328556803100997E-4,0.9998024431033783,4.427132859054382E-5
26294.0,1.5684955354145279E-9,0.9871501556107997,0.012849842820704819
26533.0,0.7041274887501102,0.2958724676219174,4.362797251272566E-8
26624.0,0.9082687533952485,0.09173124637396306,2.3078852490496277E-10
26899.0,1.0334947469276214E-4,0.9997653928223188,1.3125770298831027E-4
27445.0,3.0107910306940584E-10,1.2899224502254662E-5,0.9999871004744186
27174.0,0.7366912936981777,0.26330870178884913,4.512973111086517E-9
26593.0,0.4045625215807825,0.5954374695706705,8.848547021890817E-9
26354.0,0.05789172522657435,0.9421082733682236,1.405202065834329E-9
26055.0,0.08924445354598291,0.9107451151411134,1.0431312903799341E-5
27102.0,0.02422307327388391,0.9757734561507735,3.4705753425826303E-6
26829.0,0.02322801680814097,0.9767715125774653,4.7061439381449397E-7
27371.0,1.6399862620482992E-23,7.687529032508967E-18,1.0
26175.0,0.9406429989250287,0.059357001018669,5.6302311594506E-11
26412.0,0.9295302912318558,0.0704696977682204,1.0999923762601151E-8
27581.0,0.29168533672867736,0.7083140833088191,5.79962503643544E-7
27310.0,1.5456109703452942E-5,0.9999638421509535,2.0701739343080387E-5
26760.0,0.7227855962570839,0.27721440240143624,1.3414797689153299E-9
27035.0,1.1056111928390373E-5,0.9999843001784608,4.6437096106906106E-6
26473.0,4.231280069215068E-39,3.764623845938714E-32,1.0
26234.0,1.1574693394909282E-38,9.754950046949175E-35,1.0
27235.0,9.263042693033827E-4,0.999061396850271,1.229888042576885E-5
27504.0,6.378968508967551E-9,0.9999997594304502,2.3419058154285497E-7
26966.0,0.5663983855350573,0.4336016016324919,1.2832450888787964E-8
26693.0,4.410865821763782E-20,6.053593108182014E-17,1.0
25986.0,2.042501011011546E-6,0.018606425920262633,0.9813915315787264
26295.0,0.003264785345060867,0.9967352144255857,2.293535223505774E-10
26532.0,0.02720576265003055,0.9727942343357737,3.0141957813120793E-9
26625.0,1.6194466007362972E-30,2.7893047889342363E-24,1.0
26898.0,0.001583095766233012,0.9984169025210338,1.7127330720184776E-9
27444.0,0.7637687607911646,0.23623123873087884,4.779564632482566E-10
27175.0,1.560829907087696E-4,0.9998395780059306,4.339003360622384E-6
26592.0,4.7313386193819907E-11,2.868470535641318E-4,0.9997131528991224
26355.0,8.028101179890851E-6,0.9999919677429157,4.155904571866797E-9
26054.0,1.2911122990109128E-6,8.087354124233097E-4,0.9991899734752776
27103.0,3.8894630106226115E-4,0.999611053429288,2.6964971324222927E-10
26828.0,4.684330438876666E-34,4.687773615262552E-27,1.0
27370.0,1.620604692587772E-16,1.3727994097869072E-10,0.9999999998627199
26174.0,0.7490405276538232,0.25095947143954006,9.066365885372144E-10
26413.0,3.755978546486821E-26,3.0013416770998717E-19,1.0
26233.0,0.006390957605194999,0.9936067974545051,2.2449402999538862E-6
26474.0,0.007663631298312649,0.9923277357584644,8.632943222882689E-6
27309.0,0.0027473806728296035,0.8956902466125591,0.10156237271461128
27582.0,9.614291655248615E-8,0.7801218614169497,0.21987804244013356
27032.0,4.249442944834978E-7,0.9973070870022381,0.0026924880534673085
26763.0,0.2503007588013125,0.7496932728404266,5.968358260862297E-6
25985.0,0.07947354223178514,0.9204922047146673,3.4253053547585174E-5
26535.0,0.04586932707061841,0.4234549056862338,0.5306757672431477
26292.0,1.1516021349261225E-13,0.7223831413451427,0.2776168586547421
27507.0,1.2187092754883522E-12,3.017145800944053E-6,0.9999969828529804
27232.0,0.24286358961046053,0.757136390871704,1.9517835428600084E-8
26694.0,0.029961618987758922,0.970038341546931,3.9465310001161384E-8
26965.0,7.15025746130577E-62,1.0398131879973812E-45,1.0
26352.0,7.944857210034672E-12,8.149287818030757E-8,0.9999999184991769
26595.0,0.9350969483002788,0.06490305158009577,1.196254942801197E-10
26053.0,3.305475649325468E-8,4.892102480917558E-6,0.9999950748427626
26897.0,0.005275508075032933,0.9947244886880071,3.236959885333669E-9
26626.0,7.651430961719133E-4,0.9992348407618495,1.614197857692114E-8
27172.0,0.0033760581152762676,0.9966235021133384,4.397713852739768E-7
27447.0,3.9433469262123564E-5,1.522532347393214E-4,0.9998083132959985
26414.0,1.8885465797613425E-46,3.148021732897413E-38,1.0
26173.0,3.861089723825947E-33,1.9749943805651698E-23,1.0
26831.0,0.5031787413580239,0.49682125236046537,6.281510779640803E-9
27100.0,0.0048948744800399865,0.04144827460012118,0.9536568509198389
27369.0,2.2319463235155926E-14,6.775336531331331E-4,0.9993224663468445
26232.0,7.087596706082744E-4,0.9992912401519243,1.7746738160693376E-10
26475.0,0.8943344673800395,0.10566552984204203,2.777918421281748E-9
27308.0,1.6887843083709803E-19,1.385601678657647E-17,1.0
27583.0,5.465845631500671E-22,2.9584672982411004E-13,0.9999999999997041
27033.0,0.11872093170534596,0.8812790013307809,6.6963873049922E-8
26762.0,0.9557152623433186,0.04428473746705811,1.8962328202106483E-10
25984.0,7.38792210198927E-18,1.9392364070448898E-15,0.9999999999999981
26534.0,0.009413280529397569,0.9905842625338571,2.4569367451923293E-6
