26275.0,3.117874942326659E-4,0.006178846701010028,0.9935093658047573
26544.0,0.023419750883825023,0.8765021320812538,0.10007811703492109
26006.0,0.04667100333017167,0.9530429070689336,2.860896008947375E-4
26946.0,0.0925899172472148,0.9048289861530303,0.0025810965997549156
26705.0,0.7835351472682658,0.21611152214612914,3.533305856051885E-4
27255.0,0.6411138309019123,0.3179064731887379,0.04097969590934975
27492.0,0.9769900892349975,0.022913407637895282,9.650312710721578E-5
26493.0,0.05444757215033772,0.9408308507817985,0.004721577067863746
26222.0,0.007489193025092814,0.04016750936591116,0.952343297608996
26780.0,0.012966130450051695,0.8709015993899784,0.11613227015996999
27023.0,0.00454780247201133,0.023673326962912685,0.9717788705650761
27561.0,0.025313964037920474,0.6443849875815696,0.33030104838050983
27322.0,0.01732462652963785,0.11514255800594977,0.8675328154644124
26154.0,0.013945557712900515,0.9495342227522232,0.036520219534876434
26425.0,0.02919268984426752,0.9704004527211889,4.068574345435407E-4
27390.0,0.0019028977440573268,0.028500213554508786,0.9695968887014339
27083.0,0.9558408832207301,0.04386347130735682,2.9564547191306075E-4
26840.0,0.03881680974526516,0.9504596289917463,0.01072356126298861
26066.0,0.03820241790918447,0.9588342845044892,0.0029632975863262806
26612.0,0.005379912863199831,0.9945387298323676,8.135730443243795E-5
26343.0,0.007845671335918375,0.8043475081138401,0.18780682055024148
27424.0,0.01971631143429925,0.5800755971551288,0.4002080914105719
27187.0,0.06479335725782244,0.9343207848376965,8.858579044809794E-4
26645.0,0.08561601060744714,0.9047591585902869,0.00962483080226612
26886.0,0.23217901385389134,0.7380682802928504,0.02975270585325818
26274.0,0.8558748366499536,0.1439208549087785,2.0430844126779032E-4
26545.0,0.003084803514674073,0.036630865759886944,0.960284330725439
26007.0,0.024542369793836807,0.5827224123810995,0.39273521782506376
26947.0,0.1307111396754398,0.8689256005924252,3.632597321348796E-4
26704.0,0.00970383551440991,0.0670436338438531,0.9232525306417371
27254.0,0.04872469902476161,0.4984762032731167,0.4527990977021216
27493.0,7.283593086144575E-4,0.021061157900833606,0.9782104827905519
26492.0,0.035539521168642736,0.9608208671519343,0.003639611679422934
26223.0,0.02583065154117889,0.9738041575441416,3.6519091467967113E-4
26781.0,0.14465415514610103,0.8435067473615648,0.011839097492334024
27022.0,0.1422849581692236,0.36540835834638513,0.4923066834843912
27560.0,0.0014728432149584646,0.015895601267225362,0.9826315555178161
27323.0,0.0061067757017412684,0.034216233712311875,0.9596769905859469
26155.0,0.06837039906890471,0.9299622438016303,0.0016673571294648928
26424.0,0.15031848846430054,0.8491797571973627,5.01754338336577E-4
27391.0,0.7611098224128546,0.23159706718717046,0.007293110399974778
27082.0,0.01803778960085639,0.9189111854455342,0.0630510249536094
26841.0,0.4881465490528454,0.5080648020646407,0.0037886488825140344
26067.0,0.2891256133574829,0.5022876820176886,0.2085867046248285
26613.0,0.03403313679289961,0.9654523931111911,5.1447009590938E-4
26342.0,0.002552247157153205,0.044739548158740094,0.9527082046841066
27425.0,0.0011920909573609334,0.019257230892332486,0.9795506781503066
27186.0,0.009223785303830744,0.13805875791585046,0.8527174567803188
26644.0,0.022496934466666094,0.13251533816927052,0.8449877273640634
26887.0,0.6902160705637443,0.3057411177611719,0.0040428116750838025
26707.0,0.005003765841442422,0.03137978123498969,0.9636164529235678
26944.0,0.09834122626063761,0.8228464058377901,0.07881236790157221
27494.0,0.028197396980489,0.9706187229146283,0.0011838801048829116
27253.0,0.06650920488763214,0.9178715467644333,0.015619248347934656
26546.0,0.8353462497765564,0.16154002639582699,0.0031137238276167244
26273.0,0.11314498736130015,0.6074235528303473,0.27943145980835254
26004.0,0.00674559916666935,0.07688608497135817,0.9163683158619724
27021.0,0.07202897026387768,0.9263215416441571,0.0016494880919650991
26782.0,0.003380482462541022,0.023603345482390035,0.9730161720550689
27320.0,0.00262688346843678,0.052414138830384774,0.9449589777011785
27563.0,0.5626222477861944,0.4366635336080094,7.14218605796236E-4
26220.0,0.09785750557580118,0.8951082802370675,0.007034214187131337
26495.0,0.0017501043195238695,0.23963491514772214,0.7586149805327541
27388.0,0.0014785397153884237,0.035913090213057317,0.9626083700715542
26842.0,0.1460598187961671,0.8458393017183158,0.008100879485517104
27081.0,0.4557177025507753,0.5256258538195577,0.0186564436296669
26427.0,0.09278292852504283,0.39215629899953686,0.5150607724754203
26152.0,0.005948408669225659,0.35403934331864423,0.6400122480121301
27185.0,0.001101488513430004,0.0065405692266209065,0.9923579422599491
27426.0,0.38696447983297083,0.6110159388172186,0.00201958134981059
26884.0,0.018084207941482324,0.9786989810764569,0.003216810982060809
26647.0,0.001399051021083738,0.013589624705008027,0.9850113242739083
26064.0,0.00259433414842755,0.030676333680279062,0.9667293321712935
26341.0,0.0015831846303402163,0.019699899803203202,0.9787169155664567
26614.0,0.6701460853333313,0.32478561746611345,0.005068297200555142
26706.0,0.038719023793690674,0.12556262127501186,0.8357183549312973
26945.0,0.0019283412887518864,0.05306914002998845,0.9450025186812597
27495.0,4.951862953771428E-4,0.936835352108764,0.0626694615958588
27252.0,0.03512591136099994,0.8214915259546144,0.14338256268438573
26547.0,0.9091862284417828,0.0902016068841539,6.121646740633565E-4
26272.0,9.93176877434151E-4,0.017352536029504317,0.9816542870930616
26005.0,0.06530762182994049,0.9034758709771624,0.031216507192896963
27020.0,0.9388014860613076,0.061124447643000304,7.4066295691954E-5
26783.0,0.16649345307217622,0.8167953269532945,0.016711219974529377
27321.0,0.06925087076958647,0.9291253113080415,0.0016238179223720505
27562.0,0.10468980673799835,0.8947325092556702,5.7768400633154E-4
26221.0,0.08655131342401022,0.9117484111110873,0.0017002754649026257
26494.0,0.22671837648798343,0.6038257585773703,0.1694558649346463
27389.0,2.290813071097817E-4,0.011953848222386921,0.9878170704705033
26843.0,0.003202954124038129,0.02788206032463503,0.9689149855513268
27080.0,0.9480566069895847,0.051904362490127684,3.9030520287569136E-5
26426.0,0.03765242259401413,0.08399626596300808,0.8783513114429777
26153.0,0.7692792980355676,0.19187202093931519,0.03884868102511723
27184.0,0.4826609094030554,0.5165251025981823,8.1398799876227E-4
27427.0,0.020399791072155112,0.05484046917945483,0.9247597397483901
26885.0,0.023296886953945183,0.9612470862011572,0.01545602684489757
26646.0,0.8439214627908446,0.15458652334142814,0.0014920138677273936
26065.0,0.05053003963991807,0.9471265025890535,0.0023434577710284648
26340.0,0.01036040674019614,0.03821075437886681,0.951428838880937
26615.0,0.04714121964392463,0.9310869125266726,0.02177186782940259
25951.0,0.003227071215377618,0.17845857219454034,0.8183143565900821
26489.0,0.07114362654983501,0.9271767797031392,0.0016795937470259678
26218.0,0.002902477231056545,0.15474950021272574,0.8423480225562178
27565.0,0.026921566681788255,0.9702156749441935,0.0028627583740182877
27326.0,0.06704761736663022,0.9327013964418331,2.509861915367677E-4
26776.0,0.02210706406772737,0.104074295222088,0.8738186407101847
27019.0,0.08490528212233191,0.9066852264217736,0.008409491455894511
26002.0,0.14760747249332168,0.5583411662462473,0.2940513612604309
26279.0,4.917029573133937E-4,0.010580700713121576,0.9889275963295651
26548.0,0.050877771981182644,0.9464550036254256,0.002667224393391715
27251.0,0.25095957827646753,0.7449810363626781,0.004059385360854364
27488.0,0.03251239499449018,0.9644484215163641,0.003039183489145663
26950.0,0.2861209206192836,0.7132190643658088,6.600150149074543E-4
26709.0,0.003452496308362336,0.02379119309143457,0.9727563106002032
26608.0,0.045786271260594126,0.9471213280114054,0.007092400728000617
26339.0,0.08120798220103166,0.911645304599201,0.007146713199767303
26070.0,0.009160072281121466,0.6948693943738385,0.29597053334503987
26641.0,0.03122460984014863,0.9191097570511699,0.04966563310868146
26882.0,0.9641177967671465,0.03568724898680175,1.94954246051866E-4
27428.0,0.05311615017610572,0.9458847492491571,9.991005747371534E-4
27191.0,0.8607763569716776,0.13586190755618416,0.0033617354721382038
26158.0,0.23358210506542948,0.32872692389666447,0.43769097103790594
26429.0,0.07251557898555216,0.9051170786465441,0.022367342367903734
27087.0,0.09282076878344471,0.9066927376284756,4.8649358807954275E-4
26844.0,0.7159621972096378,0.28356022793437907,4.775748559830341E-4
27386.0,0.41347070105155914,0.5847297207396065,0.001799578208834377
25950.0,0.07188791331698266,0.9273981903659564,7.138963170610665E-4
26488.0,0.1776307739814193,0.5638802795680459,0.2584889464505349
26219.0,0.08832200126119648,0.8793110576771519,0.03236694106165158
27564.0,0.4242708825592165,0.5730187323731183,0.0027103850676651587
27327.0,0.041846076085810556,0.9578013333029487,3.5259061124082874E-4
26777.0,0.0010419053945853506,0.03731445517834902,0.9616436394270657
27018.0,8.068528675390336E-5,0.004433688647764485,0.9954856260654815
26003.0,0.09630421707440207,0.9015190793074979,0.0021767036180999123
26278.0,0.1476723945047517,0.36961957060379863,0.48270803489144953
26549.0,0.4052555877156734,0.5937543902735843,9.900220107423034E-4
27250.0,0.2076318276941149,0.7709789817444087,0.021389190561476385
27489.0,0.006181375796394608,0.9573168451364027,0.03650177906720265
26951.0,0.018610816087927386,0.9811931703798227,1.960135322500199E-4
26708.0,0.007530312786442894,0.0769154848296948,0.9155542023838623
26609.0,0.33856727466084635,0.6579081426535595,0.0035245826855942537
26338.0,0.08325161799344086,0.9160328530799415,7.155289266177566E-4
26071.0,9.024506328426137E-4,0.9317527387510388,0.06734481061611848
26640.0,0.00523158632758715,0.027347294306561055,0.9674211193658517
26883.0,0.05188542705419594,0.839117440350193,0.10899713259561099
27429.0,0.6573146561713122,0.33583076047642924,0.006854583352258656
27190.0,0.8146283576053747,0.18417303648030844,0.0011986059143167963
26159.0,0.002797318194592283,0.04384787377185725,0.9533548080335504
26428.0,0.015048826688116364,0.1200831969897855,0.864867976322098
27086.0,0.07712105808695632,0.08158025903473244,0.8412986828783112
26845.0,0.0037084653052655114,0.04243434546240531,0.9538571892323291
27387.0,0.0031651205864392396,0.3087300631380831,0.6881048162754776
27324.0,0.06322522676399944,0.9314320992121368,0.0053426740238638375
27567.0,0.1795643231773391,0.8163871425372536,0.00404853428540711
27017.0,0.4156488422277682,0.5785936507888029,0.005757506983428868
26778.0,0.9682430880122209,0.03167692812244757,7.998386533150211E-5
25949.0,0.11931761134807001,0.8592312105392272,0.02145117811270261
26216.0,0.6717133725735043,0.32795104132798114,3.3558609851461955E-4
26491.0,0.2378270143751181,0.7586238836954731,0.003549101929408949
27490.0,0.00458435425399445,0.040016037674999165,0.9553996080710063
27249.0,0.00884231701395888,0.02854484067877289,0.9626128423072682
26711.0,0.48794357246451986,0.5093639541447128,0.002692473390767339
26948.0,0.10476297141689254,0.11916901043418582,0.7760680181489217
26000.0,0.047866172679147716,0.17828349061196141,0.7738503367088909
26550.0,0.385987830285803,0.6104381275690676,0.003574042145129481
26277.0,0.9707614250927479,0.02912614162829291,1.1243327895937521E-4
26880.0,0.1567392624094821,0.8239121449793291,0.019348592611188868
26643.0,0.03179076213221719,0.40701678423021764,0.5611924536375652
27189.0,0.07566842075399947,0.9239834622315711,3.4811701442925277E-4
27430.0,0.0014091678676812999,0.015219680662756859,0.9833711514695619
26337.0,0.05138870781924651,0.9480297692131633,5.815229675900695E-4
26610.0,0.9731978150139855,0.026729291642552545,7.289334346175884E-5
26068.0,0.050113063520458696,0.9490202587209221,8.666777586191911E-4
26846.0,0.09505598383326051,0.8911524718611619,0.013791544305577672
27085.0,0.015159634762046183,0.6870534016193666,0.2977869636185873
27384.0,0.9441143621913782,0.05548341533128091,4.022224773409105E-4
26431.0,0.03228897027831076,0.11323893034523892,0.8544720993764503
26156.0,0.9686930410139044,0.03116400847019018,1.429505159054532E-4
27325.0,0.008205583564993173,0.051514603705715235,0.9402798127292915
27566.0,0.011011635512398053,0.0697740589693212,0.9192143055182808
27016.0,0.22748552897292765,0.623118152252078,0.1493963187749943
26779.0,0.2344137526735143,0.7422846166280603,0.023301630698425512
26217.0,0.1490364364014278,0.8345321907336728,0.016431372864899516
26490.0,0.0018489069685311262,0.014787774164430582,0.9833633188670383
27491.0,0.0025328449080382408,0.03170299983180007,0.9657641552601618
27248.0,0.2981253824174119,0.6733521253727767,0.02852249220981151
26710.0,0.9118569216697985,0.08766007585701209,4.830024731893184E-4
26949.0,0.040161177926660706,0.959522037615302,3.167844580372391E-4
26001.0,0.010006551580535242,0.07304366799344487,0.9169497804260198
26551.0,0.00167540400045118,0.0229272415431814,0.9753973544563675
26276.0,0.02918689700229699,0.16700027156584535,0.8038128314318577
26881.0,0.03367208991799367,0.9654449099707884,8.830001112180301E-4
26642.0,0.6087844801726733,0.34789473682184635,0.04332078300548039
27188.0,0.0726275909227747,0.9253970219274631,0.0019753871497623816
27431.0,0.16099876100862826,0.7989185311547558,0.040082707836615855
26336.0,0.0018656158165042112,0.030143731915857265,0.9679906522676386
26611.0,0.006057104562024946,0.035490675453761805,0.9584522199842133
26069.0,0.0776983491407419,0.921121648975551,0.0011800018837070027
26847.0,0.004349459164364806,0.027952358034304507,0.9676981828013308
27084.0,0.020688931305469935,0.24000800060758246,0.7393030680869476
27385.0,0.028932070252587472,0.969432764154764,0.0016351655926485841
26430.0,0.06369363023906412,0.583749692942598,0.35255667681833797
26157.0,0.10774029743060139,0.49668349174674203,0.3955762108226566
26146.0,0.0283092691671404,0.9195852699758634,0.05210546085699628
26417.0,0.21821517382416689,0.7747927990777712,0.006992027098062041
27382.0,0.003445071454237687,0.01753358046634512,0.9790213480794171
27075.0,0.002192272480230541,0.020996059048350366,0.9768116684714192
26832.0,0.03502070867616921,0.2576880275162509,0.70729126380758
26074.0,0.023392547698434494,0.3194118716026072,0.6571955806989583
26620.0,0.9323920181744756,0.0672905669978633,3.174148276611731E-4
26351.0,0.0025796397144712394,0.06280876055956103,0.9346115997259676
27432.0,0.007314010830404719,0.25828991113642374,0.7343960780331715
27195.0,0.10638873819745723,0.8833037570781034,0.010307504724439344
26653.0,0.004095930229289639,0.04148731812060437,0.954416751650106
26894.0,0.027433816486084152,0.06282041941635069,0.9097457640975651
26283.0,0.10874720935538813,0.6974429343248563,0.19380985631975559
26552.0,0.6139404639709773,0.3804043945746714,0.005655141454351295
26014.0,0.19522220021856007,0.7867218891503123,0.01805591063112767
26954.0,0.007731445059509954,0.03913686655126587,0.9531316883892242
26713.0,0.046322425050625324,0.951149523459451,0.002528051489923755
27263.0,0.00946805780269519,0.26076573707286355,0.7297662051244413
27500.0,0.15767353534907297,0.839541146361455,0.0027853182894720316
26485.0,0.002716745067595745,0.00969075740088356,0.9875924975315207
26214.0,0.25433813122105364,0.668855434781229,0.07680643399771747
26772.0,0.00599877103588648,0.02168338573343434,0.9723178432306793
27015.0,0.0523840140645699,0.8821183598734991,0.06549762606193103
27553.0,0.013007734532887168,0.4193648834452942,0.5676273820218186
27314.0,0.25220881455467176,0.7434363034438192,0.004354882001509129
26147.0,0.006729889949016663,0.19687865429438609,0.7963914557565973
26416.0,0.001010812960794489,0.027157480721463168,0.9718317063177423
27383.0,0.002814638319548337,0.018610528536668645,0.9785748331437829
27074.0,0.00579676628404705,0.07780088142653584,0.9164023522894171
26833.0,0.36875010942442393,0.6270819270953439,0.0041679634802321425
26075.0,0.017986446867956845,0.6536639136845187,0.3283496394475245
26621.0,0.05028180117101207,0.9494052445394862,3.129542895017445E-4
26350.0,0.1981204504562581,0.8008213449924078,0.001058204551334089
27433.0,0.09707758740548159,0.9015780988094003,0.0013443137851182562
27194.0,0.06167138918106974,0.9314392089207848,0.006889401898145496
26652.0,0.0024020161518649883,0.9858773018468464,0.011720682001288623
26895.0,0.028950685476356815,0.9278775830158573,0.043171731507785874
26282.0,0.01600567017634347,0.13118904721876182,0.8528052826048947
26553.0,0.40184759593399455,0.5797206152162344,0.018431788849771123
26015.0,0.7012903246427993,0.29837460955349143,3.3506580370929986E-4
26955.0,0.24166383995408178,0.7575548395736795,7.813204722387112E-4
26712.0,0.08811263492568343,0.9084755525987583,0.003411812475558038
27262.0,0.0030302305995655483,0.02419046648536406,0.9727793029150703
27501.0,0.3695742247407034,0.6268964599733547,0.003529315285941851
26484.0,0.6023534459799843,0.39275384431577043,0.004892709704245254
26215.0,0.15013128061567776,0.8493792444609722,4.894749233499882E-4
26773.0,0.3723506879900934,0.624877816516067,0.0027714954938396407
27014.0,0.07005842462451455,0.9222104074641609,0.007731167911324513
27552.0,0.09060278721254075,0.9079454625953007,0.001451750192158527
27315.0,0.6639976438021847,0.30364202994048256,0.0323603262573326
27380.0,0.002572598536210172,0.7313029863993344,0.26612441506445533
26834.0,0.005676224336668708,0.051849922382447386,0.9424738532808841
27073.0,0.03782162852222859,0.9315760095715058,0.03060236190626566
26419.0,0.9536112625014794,0.045864909053749015,5.238284447714332E-4
26144.0,0.09938479917721554,0.8963729393274718,0.004242261495312585
27193.0,0.9760657369731266,0.023901125966039948,3.3137060833667915E-5
27434.0,0.06715823908797557,0.8887734049941893,0.04406835591783515
26892.0,0.17070962713202267,0.8257722996975282,0.003518073170449132
26655.0,0.15162733850452167,0.4558805787351655,0.3924920827603128
26072.0,7.901219363468998E-4,0.014094485004422135,0.985115393059231
26349.0,0.010318836044225994,0.9388475947449905,0.05083356921078352
26622.0,0.06905099071733528,0.9303052658807338,6.437434019308219E-4
26715.0,0.06280805798640621,0.9366042113970079,5.877306165858616E-4
26952.0,0.2189660563144838,0.7734677307511956,0.007566212934320596
27502.0,0.3342615349025055,0.6624827247689492,0.003255740328545355
27261.0,0.06609104842969613,0.9194187043453992,0.014490247224904636
26554.0,0.0574689064585517,0.5628784172499101,0.3796526762915382
26281.0,0.017512412018451017,0.0331246581973842,0.9493629297841647
26012.0,0.05627260554280665,0.4557789607218063,0.48794843373538704
27013.0,0.3111983938303052,0.682014506114581,0.006787100055113941
26774.0,0.6616200741268626,0.30170775121758,0.03667217465555732
27312.0,0.08328201351092644,0.5557239700576752,0.3609940164313985
27555.0,0.057323333524583166,0.3173101632386437,0.6253665032367731
26212.0,0.007056942954001083,0.02822924786323541,0.9647138091827635
26487.0,0.1270699087612103,0.8713773472475864,0.0015527439912033643
27381.0,0.0056138962553796655,0.047551342678429566,0.9468347610661907
26835.0,0.022902986778631895,0.22959077755771487,0.7475062356636532
27072.0,0.015038270991718847,0.8634879264200783,0.12147380258820298
26418.0,0.46081870264915364,0.5366582003949942,0.0025230969558521455
26145.0,0.00410579060836145,0.03240528764272208,0.9634889217489164
27192.0,0.30743795127086887,0.6881327794136299,0.0044292693155011135
27435.0,0.011944510325467186,0.7969628131401265,0.19109267653440634
26893.0,0.9707044537643921,0.029222125265390756,7.342097021723352E-5
26654.0,0.04194018382026285,0.9250354387484165,0.03302437743132058
26073.0,0.0035894088350023573,0.01890757473614447,0.9775030164288531
26348.0,0.036038642406934905,0.17442488378029855,0.7895364738127666
26623.0,0.0053019224135675775,0.08674959822779166,0.9079484793586406
26714.0,0.2846926469760101,0.7139159816341113,0.0013913713898785819
26953.0,0.003935123838693915,0.03245906000705537,0.9636058161542507
27503.0,0.015445879417173432,0.9722283971634602,0.01232572341936624
27260.0,0.9212673977528815,0.07341538621509197,0.005317216032026556
26555.0,0.04668013853997525,0.938508535665466,0.014811325794558725
26280.0,0.10210716791867003,0.8817450374641264,0.01614779461720363
26013.0,0.005427120969743771,0.047715754651849636,0.9468571243784066
27012.0,1.666444575189038E-4,0.012723624108138373,0.9871097314343428
26775.0,0.006559150763583441,0.0699269504971098,0.9235138987393068
27313.0,0.16022539000265762,0.16696159814599978,0.6728130118513426
27554.0,0.01683513903769874,0.9828241331847881,3.407277775130167E-4
26213.0,0.015116836268419052,0.012071857919278702,0.9728113058123024
26486.0,0.0015823536627837362,0.041412231249313806,0.9570054150879025
26616.0,0.02160165094427235,0.9774597444182883,9.386046374393771E-4
26347.0,0.07563892053569145,0.9214694823882362,0.0028915970760724054
26078.0,0.011860026786316083,0.10416567005546361,0.8839743031582203
26649.0,0.005005839402863934,0.03315048127913624,0.9618436793179999
26890.0,0.24327838974343138,0.44248318651228125,0.31423842374428734
27436.0,0.004896570859313233,0.029341500289335957,0.9657619288513508
27199.0,0.005676819521324295,0.08763585796074602,0.9066873225179297
26150.0,0.0020497738132744924,0.023820306347073696,0.9741299198396517
26421.0,0.06832609934280004,0.9305863253853397,0.001087575271860373
27079.0,0.6270259799920553,0.3650300500524348,0.007943969955509908
26836.0,0.14781102671906177,0.8360540669095304,0.016134906371407888
27378.0,0.04588805190615431,0.503827639565934,0.4502843085279116
26481.0,0.0018981456208801378,0.021195873782434912,0.9769059805966849
26210.0,0.015236808188357449,0.14942093757730182,0.8353422542343408
27557.0,0.0013185225141415162,0.023497409027557665,0.9751840684583007
27318.0,0.05991621046906851,0.9391567146673778,9.270748635535161E-4
26768.0,7.651906888430777E-4,0.03161817344988157,0.9676166358612753
27011.0,0.0031188652877998826,0.03589791799769407,0.9609832167145059
26010.0,0.0035424135858502614,0.8945152704824234,0.10194231593172624
26287.0,0.3890732507989565,0.607349282651531,0.003577466549512433
26556.0,0.21903092634908447,0.29137366673477383,0.48959540691614173
27259.0,0.12622527041341244,0.8724777494162851,0.0012969801703024717
27496.0,0.06420894180215364,0.8558158239545661,0.0799752342432804
26958.0,0.01105950691981834,0.05569920476387198,0.9332412883163097
26717.0,0.13327124511612473,0.795770499659904,0.07095825522397124
26617.0,0.0044479791676392275,0.2649186032781346,0.7306334175542261
26346.0,0.4686465637009288,0.5289858275552937,0.0023676087437775415
26079.0,0.0446184706901186,0.7574052197729142,0.19797630953696724
26648.0,0.004163501474538324,0.04739745927763294,0.9484390392478287
26891.0,0.736600758678583,0.26246606134124467,9.331799801722711E-4
27437.0,0.013178894687194888,0.22209134030827749,0.7647297650045277
27198.0,6.993305056117848E-4,0.010910596850748449,0.9883900726436398
26151.0,0.3186706350193711,0.6794529646969995,0.001876400283629351
26420.0,0.004758600278592732,0.9720377311517723,0.023203668569635034
27078.0,0.01334174061410741,0.3534916150584419,0.6331666443274506
26837.0,0.22546339825438763,0.7150699275427524,0.0594666742028599
27379.0,0.13100911975879956,0.8411143603446775,0.027876519896523087
26480.0,0.13653778319301685,0.4890632170573096,0.37439899974967356
26211.0,0.7720016266360037,0.20320205957469933,0.02479631378929698
27556.0,0.021718524384469348,0.2226246831742584,0.7556567924412723
27319.0,4.7177704749895816E-4,0.0074814930244053255,0.9920467299280956
26769.0,0.6770790236149404,0.3216603030314054,0.00126067335365414
27010.0,0.024255940484590063,0.9610697840571758,0.0146742754582342
26011.0,0.09233431704776812,0.9058552806279565,0.0018104023242752646
26286.0,0.24641719745020643,0.7470362078796108,0.006546594670182829
26557.0,0.0016258329233223563,0.04290699664674625,0.9554671704299313
27258.0,0.003370360828161912,0.016439674102693574,0.9801899650691446
27497.0,0.004098615942814696,0.04805437099401541,0.9478470130631699
26959.0,0.04120778355277562,0.9523337610240497,0.006458455423174852
26716.0,0.022659839114009567,0.9724695083775738,0.0048706525084164926
26888.0,0.030647529134849624,0.9684479456817228,9.045251834276263E-4
26651.0,0.0032761345175321716,0.03557232213181737,0.9611515433506506
27197.0,0.18596351149089568,0.7615707274605124,0.05246576104859197
27438.0,0.09568866348220398,0.16798896186873088,0.7363223746490651
26345.0,0.1203194892197739,0.8710939260069038,0.008586584773322309
26618.0,0.04930725709651565,0.932191639432235,0.018501103471249288
26076.0,0.011506757509844834,0.030403773271285177,0.9580894692188698
26838.0,0.021915974700422714,0.5636053146322538,0.4144787106673235
27077.0,0.021284323620576653,0.977689423021148,0.0010262533582753612
27376.0,0.0637152588588996,0.07202770271147092,0.8642570384296293
26423.0,0.0014013887726847818,0.026527068667843517,0.9720715425594717
26148.0,0.06215821322475298,0.9330237464196585,0.004818040355588476
27316.0,9.610844841257186E-4,0.026920931694725956,0.9721179838211483
27559.0,0.02630364831726796,0.42084751722479313,0.5528488344579389
27009.0,0.1949257003189558,0.38625144162092523,0.418822858060119
26770.0,0.5988169479865268,0.3835786856957323,0.017604366317740795
26208.0,0.0329214362775036,0.9114449936951106,0.05563357002738575
26483.0,0.0051241762320034115,0.020030901092802658,0.9748449226751941
27498.0,0.07320970930951122,0.9207658021007359,0.00602448858975299
27257.0,0.005684016381632566,0.38626966146569425,0.6080463221526733
26719.0,0.878826252256872,0.12054224978717931,6.314979559487538E-4
26956.0,0.7802630446713025,0.08476098046802259,0.13497597486067486
26008.0,0.26802717391518927,0.7286534276831663,0.0033193984016444285
26558.0,0.05915430891368894,0.8964796147188789,0.044366076367432186
26285.0,0.015328440895633035,0.9323867778799688,0.052284781224398204
26889.0,0.0034678558526812175,0.072527055063395,0.9240050890839236
26650.0,0.12498058606618224,0.8745131551440697,5.062587897479643E-4
27196.0,0.3330818582471349,0.6655682477971027,0.0013498939557623894
27439.0,0.059468000903402526,0.5184151476487441,0.42211685144785344
26344.0,0.02518727011587307,0.833024050630604,0.1417886792535229
26619.0,0.054502344560123324,0.9447234520192712,7.742034206053521E-4
26077.0,0.06076768883487123,0.9380761010164711,0.0011562101486577107
26839.0,0.0026805953304360423,0.021821906691358996,0.975497497978205
27076.0,0.0018866853751006059,0.01058320540275373,0.9875301092221456
27377.0,0.15690924387258495,0.8407680084078712,0.002322747719543815
26422.0,0.008211326303587655,0.07676438129682608,0.9150242923995863
26149.0,0.005030377974407533,0.02661882433204641,0.968350797693546
27317.0,0.008276133948555515,0.04681638822376237,0.944907477827682
27558.0,0.17962116316403257,0.8121077292884997,0.008271107547467712
27008.0,0.7929238053998294,0.20670875983622058,3.674347639500079E-4
26771.0,0.4086023108662403,0.5898067858436231,0.0015909032901366004
26209.0,0.009318341472390029,0.6023717101748429,0.388309948352767
26482.0,0.011471231996612239,0.15781749817018487,0.8307112698332029
27499.0,0.3386348536054,0.6456964579614455,0.015668688433154422
27256.0,0.19178238862347094,0.8076527110041075,5.649003724216198E-4
26718.0,0.8205081361294618,0.1783819890944546,0.0011098747760834833
26957.0,0.046317678077808504,0.9167996334659737,0.03688268845621783
26009.0,0.02959048144414297,0.9568316950251362,0.013577823530720748
26559.0,0.17737570258109972,0.35283779442719654,0.4697865029917038
26284.0,0.8816762294114471,0.117871353169737,4.524174188160914E-4
26963.0,0.046569203590602896,0.9028046384095051,0.050626157999891994
26688.0,0.021752277032307872,0.16036251573635027,0.8178852072313418
27238.0,0.100979089657092,0.25785107340955327,0.6411698369333547
27509.0,0.7440169777588188,0.25177747965977526,0.004205542581405988
26290.0,0.3149771771187584,0.6832026294057314,0.0018201934755103383
26529.0,0.0022507036446497526,0.03967092716961933,0.9580783691857309
25991.0,0.010014839489027772,0.056153178088021435,0.9338319824229508
26765.0,0.05345196438451852,0.9435137052791834,0.003034330336298033
27038.0,0.005063126919515133,0.0844505038364117,0.9104863692440732
27576.0,0.019433203845147205,0.09448650469469494,0.8860802914601578
27307.0,0.08493629508056262,0.9148294647574112,2.3424016202626923E-4
26476.0,0.9905910953730717,0.009195776534308349,2.1312809261990882E-4
26239.0,0.0019341804922852473,0.01222841717720483,0.9858374023305099
27375.0,0.7230771759948689,0.27661700718467347,3.0581682045760115E-4
27098.0,0.9200872648805246,0.07982814132138273,8.45937980926841E-5
26825.0,0.8914148749537256,0.10674020369021818,0.001844921356056198
26171.0,0.003632701712860045,0.038451628477886385,0.9579156698092537
26408.0,0.3037428948384305,0.6800813569482337,0.01617574821333579
27441.0,0.10703815656790464,0.6846908935020135,0.20827094993008188
27170.0,0.6040788113431429,0.39416574796426895,0.0017554406925882986
26628.0,0.006174673221057526,0.18587298411424444,0.8079523426646982
26903.0,0.036034565034343054,0.8246349464618312,0.13933048850382576
26051.0,0.04472822572611914,0.8433265092571302,0.11194526501675059
26597.0,0.018346082648918377,0.9814731395513279,1.8077779975369344E-4
26358.0,0.005552364134610993,0.02214570008732769,0.9723019357780613
26962.0,0.0539370697185605,0.9379890494950751,0.008073880786364387
26689.0,0.23935125812178085,0.7565599994107018,0.004088742467517368
27239.0,0.18634243390095392,0.8103127349900806,0.003344831108965475
27508.0,0.06858370886716894,0.9281488843799143,0.0032674067529169224
26291.0,0.8562702931406765,0.11702677487957755,0.026702931979746044
26528.0,0.03308828422637794,0.16719388256762668,0.7997178332059954
25990.0,0.6830555486509421,0.31637020843491537,5.742429141424692E-4
26764.0,0.0392990001762658,0.9297275788935272,0.030973420930207083
27039.0,0.011076511626216203,0.08164984714649148,0.9072736412272924
27577.0,0.03810681435639669,0.8358978409314094,0.1259953447121939
27306.0,9.422496082278824E-4,0.06298716141760104,0.9360705889741712
26477.0,0.12972202723862075,0.8132497314147528,0.05702824134662637
26238.0,0.0035187017546174574,0.13004152948807704,0.8664397687573056
27374.0,0.0024303704526588577,0.05257919576288788,0.9449904337844531
27099.0,0.016978691017085594,0.9792266278999902,0.003794681082924411
26824.0,0.002694058387379817,0.034827740283585165,0.9624782013290349
26170.0,0.9653858602115174,0.03456000732499023,5.413246349239746E-5
26409.0,0.04717701070883747,0.4786058266983409,0.4742171625928217
27440.0,0.002122832302939804,0.07682439589800913,0.9210527717990512
27171.0,0.5685743105900175,0.4294731965282952,0.0019524928816873092
26629.0,0.06075273833975205,0.8818063204306331,0.05744094122961487
26902.0,0.009142740355963243,0.03551489998244607,0.9553423596615906
26050.0,0.0026783719848743177,0.02461650311685399,0.9727051248982718
26596.0,0.058033789896731594,0.6398719565299593,0.302094253573309
26359.0,0.013995660391181204,0.9318794830739019,0.05412485653491687
26531.0,0.2638214714523057,0.7347538279038826,0.001424700643811753
26288.0,0.012214877678390185,0.045694698866817,0.9420904234547928
25989.0,0.002014106620058558,0.0384501436932174,0.9595357496867242
26690.0,0.036677843090646325,0.949404122805637,0.013918034103716715
26961.0,0.6102455073425994,0.38754113169550314,0.0022133609618975383
27511.0,0.021204586678543837,0.6076411069442353,0.37115430637722074
27236.0,0.10028913241075722,0.8634995749620414,0.036211292627201144
26237.0,0.03184584961298968,0.9672765795726397,8.775708143707103E-4
26478.0,0.021841289394141927,0.9165469620050619,0.061611748600796115
27036.0,0.5605861624252907,0.43674925821259597,0.002664579362113186
26767.0,0.008166943860551626,0.027237822647146952,0.9645952334923014
27305.0,0.003326238859491705,0.18974432944747588,0.8069294316930324
27578.0,0.9504751647001259,0.04926275957919904,2.6207572067513644E-4
26410.0,0.02915251766470117,0.07371373374002045,0.8971337485952784
26169.0,0.03835752160576107,0.9614203273761521,2.2215101808675854E-4
27373.0,0.9538433712551698,0.04600510007179108,1.5152867303913926E-4
26827.0,0.24423201475463732,0.7520387869636005,0.003729198281762056
27096.0,0.9112199932601363,0.08869550057269493,8.450616716881401E-5
26049.0,0.010612260540002838,0.043282061836936746,0.9461056776230603
26356.0,0.0028417813531491695,0.004632932667045125,0.9925252859798058
26599.0,0.011363877274323104,0.15375718468329852,0.8348789380423784
27168.0,0.009415687721779637,0.03041411988788509,0.9601701923903353
27443.0,0.005700474892392493,0.07840713753581975,0.9158923875717878
26901.0,0.0017148450935476568,0.01492896240675819,0.9833561924996942
26630.0,0.0012083695050456686,0.01032309670896078,0.9884685337859934
26530.0,0.9544939574795575,0.04545397216544981,5.207035499267681E-5
26289.0,0.0032111411774769917,0.03770240675591907,0.9590864520666039
25988.0,0.014696887185175632,0.9814591107919632,0.0038440020228611696
26691.0,0.0018533596278104878,0.012545185060258491,0.985601455311931
26960.0,0.11895477773482782,0.8802501701905104,7.950520746617592E-4
27510.0,0.21126557073296007,0.7871810363850767,0.0015533928819631787
27237.0,0.004280164689937803,0.044163837619016814,0.9515559976910454
26236.0,0.030044585111377,0.9302547727483669,0.03970064214025621
26479.0,2.1839680335554622E-4,0.008916540491614104,0.9908650627050305
27037.0,0.2955835051757364,0.664404542821035,0.040011952003228574
26766.0,0.35171928045157275,0.5617718525273319,0.08650886702109536
27304.0,0.059690725045869406,0.7718126924702096,0.16849658248392105
27579.0,0.2019037348095662,0.7957259831312031,0.002370282059230806
26411.0,0.12010855548916435,0.8753005794550971,0.004590865055738593
26168.0,0.8653926197647738,0.1343147052223141,2.92675012912011E-4
27372.0,0.016011117674862015,0.08976132172884152,0.8942275605962966
26826.0,0.21176490128157166,0.7730973105858132,0.015137788132615035
27097.0,0.6211860437474338,0.37535912644342284,0.003454829809143451
26048.0,0.012321496707306808,0.2619525660189136,0.7257259372737798
26357.0,0.10189361941973472,0.8966721786658004,0.0014342019144649104
26598.0,0.16105786211143647,0.8356459909983622,0.003296146890201272
27169.0,0.12304235857775728,0.6236692944795386,0.25328834694270425
27442.0,0.0021823805283583595,0.021460103346832855,0.9763575161248088
26900.0,0.040346352342617874,0.9578348983992655,0.0018187492581166376
26631.0,0.6495111735490972,0.16660357301860487,0.183885253432298
27580.0,0.034530800559416625,0.944996748317093,0.02047245112349024
27311.0,0.5717150108401162,0.42425642712633094,0.004028562033552813
26761.0,0.9594932896976618,0.04003474195289438,4.719683494439781E-4
27034.0,0.020402404810261305,0.9767987684252408,0.002798826764497858
26472.0,0.6064756401486452,0.38729177059746195,0.006232589253892869
26235.0,0.039041815414527684,0.9383792651743276,0.022578919411144666
27234.0,0.12000049891735072,0.8760486728032947,0.003950828279354624
27505.0,0.36191023729849714,0.6345567145694523,0.0035330481320504986
26967.0,0.02274534418265829,0.21071371008066334,0.7665409457366784
26692.0,0.22548961072446838,0.7728503148299166,0.0016600744456149116
25987.0,0.05039097967376041,0.9149518376568723,0.0346571826693672
26294.0,0.007691562034279834,0.9672290861993372,0.025079351766382818
26533.0,0.33234938780186135,0.6673154046101388,3.352075879998097E-4
26624.0,0.076093630706027,0.9207986473871307,0.003107721906842335
26899.0,0.1125613834470214,0.8807606706301572,0.006677945922821343
27445.0,0.007004542303873114,0.22825334656560942,0.7647421111305175
27174.0,0.3816180683934184,0.6165569542891063,0.0018249773174752082
26593.0,0.727512670472231,0.27182807743417214,6.592520935968892E-4
26354.0,0.06574390636521628,0.9338594106167251,3.9668301805856294E-4
26055.0,0.0981914498677314,0.7804752103545256,0.12133333977774295
27102.0,0.5055850873824724,0.47637083585424533,0.018044076763282308
26829.0,0.2111111090724758,0.7795233011287277,0.009365589798796523
27371.0,0.016396848110762252,0.10954994911975562,0.8740532027694821
26175.0,0.9534177559402355,0.04645373751138043,1.2850654838415974E-4
26412.0,0.4054080712431101,0.5853127088056542,0.009279219951235493
27581.0,0.01830184876968926,0.9792133568118202,0.002484794418490572
27310.0,0.03810413770981453,0.9326052850906107,0.029290577199574754
26760.0,0.10005536088298687,0.898462730638838,0.0014819084781751363
27035.0,0.3561019711897761,0.6181906008725189,0.025707427937705165
26473.0,0.0018576069898259694,0.018222195672859192,0.9799201973373148
26234.0,0.004981849700697423,0.01298950027884839,0.9820286500204543
27235.0,0.059011926084187316,0.828544652809532,0.11244342110628076
27504.0,0.03087235604727868,0.9682725865150231,8.550574376981914E-4
26966.0,0.7860937138563372,0.21046546321123263,0.003440822932430227
26693.0,0.008858233339850927,0.057809723789356456,0.9333320428707927
25986.0,0.029292657953881508,0.6452109981551166,0.32549634389100196
26295.0,0.03869776042558416,0.9573835399891034,0.003918699585312477
26532.0,0.15232876446109325,0.8471028301863154,5.684053525914257E-4
26625.0,0.0072591678231423325,0.07847030744580423,0.9142705247310535
26898.0,0.15552874571959557,0.8436200528505847,8.512014298197019E-4
27444.0,0.905141973294834,0.09429276547601272,5.652612291532297E-4
27175.0,0.07822016925912327,0.9178317242704839,0.003948106470392959
26592.0,0.008240192086018899,0.09144224145264261,0.9003175664613384
26355.0,0.011723813972916212,0.9848572216970941,0.0034189643299895565
26054.0,0.009217963637171332,0.05255776264464875,0.9382242737181798
27103.0,0.12283924067459809,0.8758028720681018,0.001357887257300164
26828.0,0.0019139202014028002,0.0464300389717335,0.9516560408268636
27370.0,0.014240815831165477,0.03667961073497433,0.9490795734338601
26174.0,0.6402378500543773,0.35918374656824675,5.784033773761052E-4
26413.0,0.002067872661564557,0.03944012967564444,0.9584919976627909
26233.0,0.0538088711771321,0.9334569906601873,0.012734138162680634
26474.0,0.2846527344618798,0.6842539867536789,0.031093278784441333
27309.0,0.05468978375506471,0.9323008975108371,0.013009318734098272
27582.0,0.2035382169550525,0.7176147787681667,0.07884700427678076
27032.0,0.20256118147159458,0.6976889276157789,0.09974989091262662
26763.0,0.5368499639765941,0.46256435618893993,5.856798344659053E-4
25985.0,0.229273695805445,0.7506944433712966,0.02003186082325831
26535.0,0.2808823588047143,0.4407013211270922,0.27841632006819345
26292.0,0.010987500346404144,0.7255065294239332,0.26350597022966277
27507.0,0.007078140132908324,0.7980882637944743,0.1948335960726173
27232.0,0.09935396016533496,0.8949897550543646,0.005656284780300301
26694.0,0.852765932533884,0.1470201549259768,2.1391254013931586E-4
26965.0,0.002294086590143537,0.027252150354583168,0.9704537630552734
26352.0,0.084152999503259,0.27045287754877,0.6453941229479709
26595.0,0.9813405173833923,0.018551467955894022,1.0801466071372363E-4
26053.0,0.0985591940732976,0.42428391885564315,0.4771568870710592
26897.0,0.1681604314469941,0.8312540658193491,5.855027336567092E-4
26626.0,0.03195209969367019,0.9579326821939494,0.010115218112380414
27172.0,0.08624721572146697,0.9120597946127362,0.0016929896657966368
27447.0,1.8081053820397347E-4,0.011663936645555052,0.9881552528162411
26414.0,0.005895824053890353,0.02992596254363894,0.9641782134024707
26173.0,0.0033018481988829145,0.03493328068208301,0.9617648711190342
26831.0,0.9772495697881503,0.022531377374424892,2.1905283742474689E-4
27100.0,0.049058027987001686,0.7768851908770409,0.1740567811359576
27369.0,0.007284520771016701,0.22661867202045735,0.7660968072085259
26232.0,0.14988687804554648,0.8495525137903833,5.606081640701111E-4
26475.0,0.4261965025624354,0.5732118017109424,5.916957266221916E-4
27308.0,0.013292463536961454,0.07505605213885724,0.9116514843241813
