26275.0,2.0373576519168867E-11,1.2701319513387125E-6,0.9999987298476751
26544.0,0.01121427372518079,0.9887661566006136,1.956967420562563E-5
26006.0,0.008535337689744755,0.991458765330586,5.896979669176576E-6
26946.0,0.026641579384240287,0.9733582911206942,1.2949506558915512E-7
26705.0,0.9937118139590602,0.0062881859619977965,7.894211968197675E-11
27255.0,0.8340276803003847,0.1631672287638257,0.002805090935789739
27492.0,0.997864222720918,0.002135777244577298,3.450471829210552E-11
26493.0,0.0231096207147953,0.9768829556804484,7.42360475626738E-6
26222.0,8.525721433039419E-19,5.147445408393231E-16,0.9999999999999994
26780.0,1.3150649474503887E-6,0.023946009772072206,0.9760526751629803
27023.0,1.095576215445242E-14,1.1168156920972711E-11,0.9999999999888209
27561.0,1.8202320362210025E-8,0.0016907005566440913,0.9983092812410356
27322.0,4.050399331235527E-6,4.5227870514028467E-4,0.9995436708955285
26154.0,0.007514289335757747,0.9919877718716743,4.979387925678967E-4
26425.0,0.12424114287045755,0.8757567646618847,2.0924676577531234E-6
27390.0,5.278811829908645E-10,1.3822089846696785E-6,0.9999986172631342
27083.0,0.9982923781932271,0.0017076217112369542,9.553584644617954E-11
26840.0,0.0028114076183599177,0.9971593099017015,2.9282479938394228E-5
26066.0,0.03656908211989011,0.963215471390494,2.1544648961586526E-4
26612.0,7.151177701091017E-4,0.9992791337877351,5.748442155647619E-6
26343.0,0.011740846462577009,0.8131543221494222,0.17510483138800076
27424.0,1.1652616729901853E-5,0.03560185879926872,0.9643864885840014
27187.0,0.06162511070733313,0.938374448884058,4.404086089768604E-7
26645.0,0.09765823319262076,0.9023374842819236,4.282525455557517E-6
26886.0,0.7596549698170035,0.24019688959402566,1.4814058897088647E-4
26274.0,0.9779461917708057,0.022053798590301328,9.638893159116698E-9
26545.0,3.8998081609820854E-21,7.131088064498729E-15,0.9999999999999929
26007.0,1.0321182777353366E-11,5.3398791081499866E-8,0.9999999465908878
26947.0,0.5665494263176916,0.43321713164992376,2.3344203238459077E-4
26704.0,1.5963356146626842E-17,3.6152424098122947E-9,0.9999999963847577
27254.0,0.003203366987033461,0.05685340728479845,0.939943225728168
27493.0,1.2299725756008527E-15,9.688612950932194E-9,0.9999999903113858
26492.0,0.0017766078256991032,0.9982225504855261,8.416887748006028E-7
26223.0,0.005671190434458183,0.9943246058280234,4.203737518356021E-6
26781.0,4.1348682183895146E-4,0.9994920883468931,9.442483126803325E-5
27022.0,0.8665825624732136,0.13164257000624563,0.0017748675205408288
27560.0,5.782132293215295E-17,1.4858092023942368E-12,0.9999999999985141
27323.0,1.3862197529694115E-13,4.6142605727403307E-7,0.9999995385738042
26155.0,0.08974490544486567,0.8755382790140577,0.03471681554107671
26424.0,0.001082178328838018,0.9989177568876841,6.47834779443042E-8
27391.0,0.9607259769648745,0.0391232258229373,1.50797212188237E-4
27082.0,2.2438707815432664E-5,0.9748667421030959,0.02511081918908881
26841.0,0.7573674388445766,0.24262759337026282,4.967785160714817E-6
26067.0,0.3190861198684285,0.531354480663638,0.14955939946793345
26613.0,0.049857495285386626,0.9501392895762257,3.2151383875362506E-6
26342.0,0.006292146255195527,0.2312849917814669,0.7624228619633375
27425.0,1.5261090172943155E-29,3.873116768686157E-18,1.0
27186.0,3.6194434658017174E-8,3.715920139105434E-6,0.9999962478854262
26644.0,2.7084732837650142E-5,0.01592622773971175,0.9840466875274506
26887.0,0.8476980217665028,0.1522877493874566,1.422884604073006E-5
26707.0,1.3891119573998083E-23,1.0834485252630688E-19,1.0
26944.0,0.0022932181974176886,0.9971481057826456,5.586760199368439E-4
27494.0,1.51421755912375E-4,0.9998426152324097,5.963011677846724E-6
27253.0,0.13203939975476486,0.8679301669235893,3.0433321645789787E-5
26546.0,0.7640735272975405,0.23579041027415892,1.360624283003159E-4
26273.0,0.003714105166282111,2.5126266759668473E-4,0.9960346321661211
26004.0,9.499740254184987E-18,5.28737056091355E-13,0.9999999999994713
27021.0,0.011125538934303635,0.98886658618763,7.874878066325302E-6
26782.0,1.2111467626071355E-25,6.761128082521348E-20,1.0
27320.0,1.7455961024282714E-15,4.647224049915904E-10,0.9999999995352759
27563.0,0.86698215513802,0.13301777417599434,7.068598570727008E-8
26220.0,0.001805732402780062,0.992631336766079,0.005562930831141054
26495.0,5.585644661214837E-13,8.714763296468708E-6,0.999991285236145
27388.0,1.2847857799645326E-11,3.141900246435352E-7,0.9999996857971275
26842.0,0.061729239615575984,0.9208756126157015,0.017395147768722478
27081.0,0.14976813905457478,0.836945162774081,0.013286698171344322
26427.0,0.05229101874429808,0.010159197807827924,0.937549783447874
26152.0,1.027782776295208E-4,0.9989490281551135,9.481935672569273E-4
27185.0,1.7439182330945366E-11,5.366072112952676E-10,0.9999999994459536
27426.0,0.024196184981136376,0.9757995066483072,4.30837055650599E-6
26884.0,0.017309364685873067,0.9826876821584768,2.9531556501545007E-6
26647.0,1.6488127218646098E-36,1.6305403781247458E-29,1.0
26064.0,3.1400267855104437E-18,4.260126374496289E-14,0.9999999999999575
26341.0,5.523663161898126E-4,0.06792560927708953,0.9315220244067206
26614.0,0.903216365743065,0.09678206245164055,1.5718052944762753E-6
26706.0,7.790905152641896E-10,6.0149442760860135E-6,0.9999939842766334
26945.0,7.319905283020393E-17,1.5155114109051408E-8,0.9999999848448858
27495.0,2.3224443281956103E-10,0.9400536481908235,0.0599463515769322
27252.0,0.008166112202786218,0.9065093805649247,0.08532450723228908
26547.0,0.9924846317366864,0.007515366735318658,1.5279949343834872E-9
26272.0,6.144136052744262E-8,1.1423514455965077E-6,0.9999987962071939
26005.0,0.1402791665891606,0.8423098117402948,0.017411021670544605
27020.0,0.9662326445012179,0.033767330785295424,2.4713486579820936E-8
26783.0,0.05251347384204305,0.9474556612563888,3.086490156810491E-5
27321.0,0.012050521362891595,0.9879477940856284,1.684551480003959E-6
27562.0,0.7869937792264677,0.21300617620061926,4.4572912990234015E-8
26221.0,0.014616007603434518,0.9853807798016295,3.2125949358792608E-6
26494.0,0.013035711262888161,0.8222450500192002,0.16471923871791166
27389.0,5.502662188796701E-13,2.5110834680718034E-8,0.9999999748886151
26843.0,7.085487918254146E-19,1.6639389837743499E-10,0.9999999998336061
27080.0,0.9867395071937178,0.013260453651011467,3.915527069914598E-8
26426.0,0.008371180910703683,0.0025354959357814888,0.9890933231535148
26153.0,0.19290975997077017,0.8067015593387691,3.886806904607654E-4
27184.0,0.7886981140034842,0.2113015691522335,3.16844282313186E-7
27427.0,2.6174891553147023E-15,4.626074884040946E-9,0.9999999953739225
26885.0,1.264747631992356E-4,0.9975842505640381,0.002289274672762621
26646.0,0.9884613659030165,0.011538630209910384,3.887073082360625E-9
26065.0,0.07095653819878206,0.9288612836685626,1.8217813265527797E-4
26340.0,5.140886407215955E-15,2.774355855108859E-12,0.9999999999972206
26615.0,4.094790023254142E-5,0.9957716932181649,0.0041873588816025795
25951.0,2.8462861387720985E-4,0.9013602930662479,0.0983550783198749
26489.0,0.1911387551941285,0.807452634017414,0.0014086107884575907
26218.0,2.3680834829748915E-9,2.819572831790359E-4,0.9997180403487375
27565.0,4.416987596890161E-4,0.9995543643736904,3.936866620578878E-6
27326.0,0.16478979454824347,0.8352096498389227,5.55612834015835E-7
26776.0,6.572822254673066E-14,3.0804955823049874E-10,0.9999999996918847
27019.0,0.07197739274144184,0.9273057979416074,7.16809316950797E-4
26002.0,2.449696012409067E-9,1.77047184267823E-6,0.9999982270784613
26279.0,8.381457781122849E-16,3.822894360113095E-11,0.9999999999617702
26548.0,0.03642764835237588,0.9635694659943792,2.8856532448635996E-6
27251.0,0.0987072413706965,0.901286617554535,6.141074768500947E-6
27488.0,0.45842068356368804,0.541579265684588,5.07517238358353E-8
26950.0,0.7320705802414846,0.26792933890595094,8.085256452775327E-8
26709.0,3.4003448441806785E-29,5.20805943672021E-26,1.0
26608.0,0.04964350743886413,0.9503380532940324,1.8439267103527604E-5
26339.0,0.291557348856606,0.7084386952835522,3.955859841801262E-6
26070.0,0.2537465192190432,0.7221052890345925,0.02414819174636421
26641.0,2.6333540358835117E-5,0.06752465215591064,0.9324490143037305
26882.0,0.9983376241259111,0.0016623758512432313,2.2845623832984823E-11
27428.0,0.4471322069978321,0.5528602274441303,7.565558037643185E-6
27191.0,0.9798257008045258,0.020122834025400518,5.146517007366701E-5
26158.0,2.1249494331372047E-7,3.2932775469981444E-4,0.9996704597503567
26429.0,0.13849533888614532,0.861451382570299,5.327854355577797E-5
27087.0,5.062923542957944E-4,0.9994742929427162,1.9414702988052106E-5
26844.0,0.9529374752257692,0.04706230728295475,2.174912760095594E-7
27386.0,0.7700243892438025,0.22997415977198726,1.4509842102153895E-6
25950.0,0.16662640303895823,0.8333709504727913,2.6464882502894527E-6
26488.0,3.803404692310658E-10,5.005074565696877E-7,0.999999499112203
26219.0,0.15058898507332702,0.8393983993393355,0.010012615587337645
27564.0,0.6960816011640854,0.30391733768025253,1.0611556622576147E-6
27327.0,0.0019480497472929433,0.9980371404662083,1.4809786498710938E-5
26777.0,1.6414988225004257E-4,0.03148742098906357,0.9683484291286863
27018.0,4.965897100044264E-10,1.6660090426816557E-6,0.9999983334943676
26003.0,0.017602430279199204,0.9823731538331536,2.441588764712032E-5
26278.0,6.09708432744047E-6,0.0035828734949578203,0.9964110294207148
26549.0,0.869861175941286,0.13013857582439328,2.482343208539722E-7
27250.0,0.06233337340034991,0.937623351964828,4.3274634822148014E-5
27489.0,0.004508847298391908,0.9954786164680715,1.2536233536650498E-5
26951.0,0.12129518932744636,0.8786100169023605,9.47937701930037E-5
26708.0,1.898118822353171E-4,8.869682743336917E-4,0.9989232198434309
26609.0,0.8498159602987824,0.15018360149327228,4.382079453278958E-7
26338.0,0.9577981497895556,0.04220184933995258,8.704918939895982E-10
26071.0,1.0177289605927664E-4,0.8937057864907557,0.10619244061318496
26640.0,1.4907445725978676E-8,9.78095839447198E-4,0.9990218892531071
26883.0,1.4100990939234181E-5,0.05399136277825073,0.9459945362308101
27429.0,0.9456284125196773,0.05434493587444998,2.665160587268661E-5
27190.0,0.3477607083675239,0.6521577606954553,8.15309370207135E-5
26159.0,5.162860282285266E-12,7.10874765616075E-10,0.9999999992839624
26428.0,1.4529970331111985E-17,8.156256078271858E-13,0.9999999999991843
27086.0,0.8454471888759504,0.08132564522426264,0.0732271658997871
26845.0,1.4181179467590442E-18,7.92025322897576E-13,0.999999999999208
27387.0,2.1287106872408507E-12,3.524794556780626E-8,0.9999999647499257
27324.0,0.1284272399408269,0.8715530056931852,1.9754365987933676E-5
27567.0,0.15055670717104344,0.8494367116697412,6.581159215368676E-6
27017.0,0.9335777923396936,0.06642193168559274,2.759747136320698E-7
26778.0,0.9784497610122436,0.021550236657320237,2.3304360460235336E-9
25949.0,0.78542724174616,0.21456678060472378,5.9776491161293555E-6
26216.0,0.22676879457331273,0.7732310608988455,1.4452784176771812E-7
26491.0,0.0035522855563856173,0.9962642761803985,1.8343826321583746E-4
27490.0,5.1151222875141755E-24,2.5678600898508373E-19,1.0
27249.0,2.3746221035248453E-13,1.5060402677166952E-10,0.9999999998491585
26711.0,0.5470411415837091,0.45295647669552425,2.381720766684815E-6
26948.0,8.356871345489421E-7,1.812758609725904E-5,0.9999810367267682
26000.0,1.989019198313159E-11,1.0436100468361073E-7,0.9999998956191051
26550.0,0.06286677996495804,0.9371249501271645,8.269907877384995E-6
26277.0,0.99762720711547,0.0023727910100658804,1.8744641525364727E-9
26880.0,0.7846680780554978,0.21416367860075303,0.0011682433437490954
26643.0,5.039110003676374E-4,0.05908797777514401,0.9404081112244884
27189.0,0.01263460150586489,0.9873651455112337,2.5298290162853526E-7
27430.0,5.979008499674896E-20,3.945947939051092E-16,0.9999999999999997
26337.0,0.05927214525695733,0.9407272202532597,6.344897829583922E-7
26610.0,0.9968426141858436,0.0031573857951999653,1.8956476289498354E-11
26068.0,0.22538831476565171,0.7746099225282734,1.762706074847955E-6
26846.0,0.004441731205474534,0.9947048526027515,8.534161917740072E-4
27085.0,1.0145190922903238E-4,0.03815175928668088,0.9617467888040901
27384.0,0.9916866334875191,0.008313366086882771,4.2559822551061804E-10
26431.0,1.6263344521827472E-6,2.123695882572934E-4,0.9997860040772906
26156.0,0.9990227424010845,9.77257582472276E-4,1.6443221615961496E-11
27325.0,2.5196441737192065E-12,2.2222539119098945E-11,0.9999999999752578
27566.0,2.820487286245875E-23,4.777762501045872E-17,1.0
27016.0,8.719278022762495E-4,0.03753049216993157,0.9615975800277923
26779.0,0.001317189204390501,0.9906794177338916,0.008003393061717864
26217.0,0.4848994571306025,0.5150897388126973,1.0804056700197856E-5
26490.0,9.019371027211013E-10,1.6616976654823795E-5,0.9999833821214081
27491.0,5.212977254669108E-26,9.322681447384546E-20,1.0
27248.0,0.6234349741845828,0.35745893746914964,0.019106088346267515
26710.0,0.9958601957730661,0.004139803639872902,5.870610171936617E-10
26949.0,8.830368429790749E-4,0.9991168319003569,1.312566639173784E-7
26001.0,1.0372055216301613E-11,1.4711869533094715E-8,0.9999999852777585
26551.0,4.1786955643011707E-16,2.5157235618053176E-11,0.9999999999748423
26276.0,1.3986689738533145E-10,1.5912600245234754E-7,0.9999998407341307
26881.0,0.005933610005828275,0.9940645949065169,1.7950876547747098E-6
26642.0,0.1823859264308284,0.10546509448907757,0.7121489790800941
27188.0,0.05287906560515054,0.9471131174089672,7.816985882348384E-6
27431.0,4.8346684889092977E-4,0.9994657361952473,5.079695586180918E-5
26336.0,2.765395774351343E-16,5.2793870899303405E-11,0.9999999999472059
26611.0,5.888581853663404E-13,2.036237519325689E-11,0.9999999999790488
26069.0,0.2900008940733196,0.7099498782358346,4.9227690845899315E-5
26847.0,1.7680381995179937E-30,1.534243645943472E-23,1.0
27084.0,8.53394257944154E-8,7.019062779331976E-5,0.9999297240327809
27385.0,0.10016291725841124,0.8985763171957507,0.0012607655458379587
26430.0,0.005785922070491176,0.9938808006319613,3.332772975474851E-4
26157.0,7.574378071162634E-4,0.015041561178468551,0.9842010010144152
26146.0,0.01975844825059184,0.9800231898035764,2.183619458318775E-4
26417.0,0.007600337066188886,0.9923803539139432,1.9309019868045957E-5
27382.0,1.6519822365449985E-20,9.347570007213104E-15,0.9999999999999907
27075.0,3.849750704275215E-25,9.935051724037167E-18,1.0
26832.0,9.516353406101523E-4,0.018074411225839065,0.9809739534335508
26074.0,7.934155328624299E-4,0.508570944228483,0.4906356402386545
26620.0,0.014719171625746262,0.9100529311467518,0.07522789722750191
26351.0,3.920382486891371E-11,1.2737948835473847E-10,0.9999999998334167
27432.0,1.3030721167329158E-9,2.2265656173354954E-7,0.9999997760403662
27195.0,0.11849482326457782,0.8814556518377762,4.952489764591658E-5
26653.0,3.588951343225709E-21,4.720679683944789E-16,0.9999999999999996
26894.0,7.809645571314144E-9,1.151065102365209E-8,0.9999999806797034
26283.0,7.143827391821024E-4,0.2914428382753241,0.7078427789854937
26552.0,0.535420079603989,0.44887877125696624,0.01570114913904472
26014.0,0.01265275574540368,0.9872163163967237,1.309278578726078E-4
26954.0,1.407737263819757E-6,1.1005201155321164E-4,0.999888540251183
26713.0,0.002334438425628275,0.997658205962559,7.355611812554342E-6
27263.0,5.1492325060820813E-8,1.974257155497394E-4,0.9998025227921252
27500.0,0.08082370757194346,0.9191683746737588,7.91775429776476E-6
26485.0,5.603096274241101E-8,9.604293592846798E-6,0.9999903396754444
26214.0,0.05892359867567673,0.0686397752000584,0.8724366261242649
26772.0,3.85268528456553E-21,1.9512856595384113E-14,0.9999999999999805
27015.0,3.141059152986462E-5,0.954413814398533,0.045554775009937265
27553.0,0.005901582667338283,0.7970811412669099,0.19701727606575184
27314.0,0.5773606582410942,0.42263800721623446,1.3345426713243981E-6
26147.0,6.1084357397279406E-18,2.0222720955481144E-12,0.9999999999979777
26416.0,4.598190437005435E-10,1.4343385587572526E-6,0.9999985652016221
27383.0,1.3781638635684777E-26,2.279089229854426E-23,1.0
27074.0,1.946420472910163E-20,7.832057350850796E-15,0.9999999999999921
26833.0,0.6572473914008341,0.3427261737596566,2.643483950931249E-5
26075.0,1.2377203862278049E-8,0.0012165509692115446,0.9987834366535846
26621.0,0.037804387540873736,0.962195310810382,3.016487440715358E-7
26350.0,0.9201858199453521,0.07981414840837742,3.1646270537490234E-8
27433.0,0.2603584813035822,0.739637173938845,4.3447575730384625E-6
27194.0,0.4432494625489474,0.5557217325516982,0.0010288048993544216
26652.0,0.03455964967829326,0.9649549859325265,4.853643891802672E-4
26895.0,2.0546013941178038E-4,0.44911097941523953,0.5506835604453487
26282.0,4.917271078485837E-7,3.8395721678282106E-4,0.9996155510561093
26553.0,0.046460535427227195,0.9535341274845773,5.337088195489884E-6
26015.0,0.9908684859439694,0.009131171748793802,3.423072368183077E-7
26955.0,0.2643151433241174,0.7356802176022893,4.639073593213112E-6
26712.0,0.008178352410390834,0.9890137009867329,0.0028079466028762476
27262.0,1.874088697334056E-20,2.243402366545073E-14,0.9999999999999776
27501.0,0.7201950254060748,0.2798034394049118,1.5351890132667E-6
26484.0,0.6020478185185782,0.39788401866063755,6.816282078414555E-5
26215.0,0.13861735061818142,0.8613806966050881,1.9527767305119097E-6
26773.0,0.919928924497399,0.08007107471676757,7.858333344266538E-10
27014.0,0.006010337507185351,0.9908011550761645,0.003188507416650076
27552.0,5.695777671226942E-4,0.9993646639862851,6.575824659218126E-5
27315.0,0.04977292847727323,0.9502250458790342,2.0256436924078114E-6
27380.0,2.805295580773666E-7,0.37163396674410365,0.6283657527263383
26834.0,6.216848172803727E-10,4.2865335062123416E-5,0.9999571340432531
27073.0,2.48229804343134E-4,0.9975152051635443,0.002236565032112578
26419.0,0.997504418299355,0.0024955815029389914,1.9770609963089622E-10
26144.0,0.14489488320016244,0.8472250226064092,0.007880094193428467
27193.0,0.9985717653626202,0.0014282346268298927,1.0550021867657462E-11
27434.0,0.0017884474735611667,0.9981850356892864,2.651683715243298E-5
26892.0,0.6537670599655386,0.3462328323954417,1.0763901967858858E-7
26655.0,0.012331855324551723,0.9842686077550791,0.003399536920369331
26072.0,3.944415218141694E-31,2.3353635933669965E-19,1.0
26349.0,4.428630034087553E-5,0.9999458905945933,9.823105065777173E-6
26622.0,0.16291850116263024,0.8370775477750804,3.95106228936967E-6
26715.0,3.0246897453608824E-4,0.9996971087513673,4.2227409675506493E-7
26952.0,0.5856406500102184,0.4143487067148188,1.0643274962893184E-5
27502.0,0.9395839789130485,0.060415992856716,2.8230235391405763E-8
27261.0,4.987110243411096E-4,0.9994202274514066,8.10615242524468E-5
26554.0,4.152744134007762E-8,2.9895247286638256E-4,0.9997010059996922
26281.0,1.9813838362322166E-10,2.792019965252024E-9,0.9999999970098417
26012.0,9.602205095906734E-7,0.0011699710905815155,0.9988290686889089
27013.0,0.9441593368759095,0.05584064483881503,1.8285275571016597E-8
26774.0,0.03101007930675507,0.08790968244465266,0.8810802382485922
27312.0,3.0064036955430942E-5,0.23434808705959834,0.7656218489034462
27555.0,9.197910715129158E-7,3.9139673311202743E-4,0.9996076834758164
26212.0,1.1826010951656124E-26,1.947152450774812E-20,1.0
26487.0,0.874288468211803,0.1257112502578859,2.8153031121711156E-7
27381.0,8.295394701899165E-14,1.4353955132427887E-11,0.9999999999855631
26835.0,1.514435616206181E-4,0.10957466595201258,0.8902738904863668
27072.0,1.2356867093198706E-5,0.9989743243530859,0.0010133187798208995
26418.0,0.9929998899166662,0.007000109535377705,5.479560384420592E-10
26145.0,8.963187450117042E-26,3.156114823418604E-20,1.0
27192.0,0.2690953295848993,0.7308956909533643,8.979461736418795E-6
27435.0,1.6095865704205398E-4,0.04181429183483903,0.958024749508119
26893.0,0.9988146132098803,0.001185386781882616,8.237024605355588E-12
26654.0,6.476132726293308E-4,0.9974264934707138,0.0019258932566568827
26073.0,6.177364352099793E-14,1.7675340917500246E-8,0.9999999823245973
26348.0,4.6777357512629246E-7,0.009562778217730517,0.9904367540086944
26623.0,3.4813789132393197E-9,5.459189364984562E-6,0.999994537329256
26714.0,0.3951649879029109,0.604830309420415,4.702676674145347E-6
26953.0,1.6016321044935154E-5,2.0857928469368114E-4,0.9997754043942614
27503.0,0.017163664210102476,0.9828214809435134,1.485484638398979E-5
27260.0,0.966892545886916,0.03310692756500807,5.265480759685711E-7
26555.0,0.0012348921332132146,0.9987409373665564,2.417050023038818E-5
26280.0,0.569860011082879,0.43012960243096077,1.0386486160248384E-5
26013.0,3.5263113823231394E-16,4.499373138716265E-11,0.9999999999550059
27012.0,3.487022492940847E-11,7.319846181781677E-7,0.9999992679805115
26775.0,3.0826978892375974E-6,3.817291083214329E-4,0.9996151881937894
27313.0,5.232641982187356E-5,0.0017342410454414447,0.9982134325347366
27554.0,2.2151339323780054E-4,0.9997775563020871,9.30304675028064E-7
26213.0,2.3375829512742172E-8,4.7284307082511865E-8,0.9999999293398635
26486.0,1.2017549185443866E-6,2.131282735877129E-5,0.9999774854177227
26616.0,0.008953891210939549,0.991042507913603,3.600875457348473E-6
26347.0,0.008322217148288794,0.9916113357706539,6.644708105735376E-5
26078.0,1.5814467472934542E-15,9.630348087389387E-13,0.9999999999990353
26649.0,2.9074067511107768E-5,3.6537763600233246E-4,0.9996055482964866
26890.0,0.03249514728494792,0.9653966139465082,0.0021082387685437674
27436.0,4.354730531003784E-25,3.002059335747685E-17,1.0
27199.0,8.853525686995234E-11,1.6791173419202985E-7,0.9999998319997306
26150.0,1.3900990927827416E-30,8.214459043149767E-21,1.0
26421.0,0.27508839247055006,0.7248942672772254,1.7340252224374768E-5
27079.0,0.005487888983762528,0.9906819389354513,0.003830172080786252
26836.0,0.010413986652032544,0.9895835189214375,2.4944265299102294E-6
27378.0,0.621098615174108,0.3784128211071278,4.885637187641246E-4
26481.0,1.5804043265319367E-13,6.513328794186585E-10,0.9999999993485091
26210.0,6.418564810688558E-17,2.083099158267701E-10,0.99999999979169
27557.0,1.5144538975987504E-25,2.4247162201702645E-18,1.0
27318.0,0.049270437061442365,0.9507200232283954,9.539710162249966E-6
26768.0,3.6065519357847187E-7,0.0036671214389987885,0.9963325179058077
27011.0,1.7492882663708087E-19,4.969794642047766E-14,0.9999999999999504
26010.0,7.231911456388881E-7,0.9877464533744916,0.012252823434362686
26287.0,0.6096265209591609,0.39036715715106196,6.321889777176933E-6
26556.0,0.020151038906537903,0.1292133661284943,0.8506355949649678
27259.0,0.0675278166197843,0.9323109320551204,1.6125132509529167E-4
27496.0,0.0765020050202475,0.9213189660955543,0.0021790288841983243
26958.0,9.127318035409809E-27,3.99075349827044E-21,1.0
26717.0,0.49422749487079143,0.5056901640007558,8.234112845280197E-5
26617.0,3.931612517162015E-5,0.0033014487113736347,0.9966592351634548
26346.0,0.8195792740976273,0.18041990114768397,8.247546886444276E-7
26079.0,2.1255012073510463E-4,0.9882406326528451,0.011546817226419866
26648.0,3.666930818996535E-10,6.570252266567835E-7,0.9999993426080803
26891.0,0.7063038891819677,0.2936902215485183,5.889269514043352E-6
27437.0,8.366006268221242E-7,5.336791020026915E-4,0.9994654842973706
27198.0,2.75669301898003E-28,3.12324017379302E-22,1.0
26151.0,0.6482283866524478,0.35177160602999924,7.317553022742451E-9
26420.0,1.0752316661910719E-4,0.999541098433445,3.513783999360437E-4
27078.0,4.696364947621656E-19,1.2064672108184741E-12,0.9999999999987935
26837.0,0.0013321253871310557,0.9851106519581417,0.013557222654727214
27379.0,0.4267386315482699,0.5732221417270742,3.9226724655970965E-5
26480.0,3.3053444453345176E-8,1.4860204329315646E-5,0.9999851067422263
26211.0,0.946889172850808,0.05307545211852456,3.537503066741272E-5
27556.0,1.5484133894890068E-20,1.5721059618896447E-12,0.9999999999984278
27319.0,4.8061857861951835E-18,3.0760561880369884E-12,0.999999999996924
26769.0,0.25622231636878356,0.7437668869468503,1.0796684366096446E-5
27010.0,0.002649305073230792,0.9973231760408033,2.7518885965849204E-5
26011.0,0.777642028475492,0.2223566025537198,1.3689707881391737E-6
26286.0,0.308983513739353,0.6906971031468306,3.193831138162952E-4
26557.0,3.168919124297103E-14,8.145989717750389E-12,0.9999999999918223
27258.0,5.384134256286576E-16,4.927023974703332E-13,0.9999999999995068
27497.0,1.22645666774814E-19,2.1422404929915193E-13,0.9999999999997858
26959.0,0.0010393246102405156,0.9989567722682594,3.903121500063077E-6
26716.0,1.2336165395875038E-4,0.9998754523506775,1.185995363799917E-6
26888.0,0.01669156289328741,0.9832992026956968,9.234411015665501E-6
26651.0,3.86853402424161E-15,4.930386922220668E-9,0.9999999950696092
27197.0,0.7142538655387842,0.2852870763990468,4.590580621688418E-4
27438.0,1.336193810328333E-13,3.323363808662605E-10,0.99999999966753
26345.0,0.047081789231457914,0.9515168130229463,0.0014013977455957962
26618.0,0.2451193127728684,0.7547715442268014,1.0914300033014869E-4
26076.0,7.550422085007221E-23,4.298296848780772E-17,1.0
26838.0,0.023116532768908474,0.8241105707693432,0.1527728964617482
27077.0,0.0371472088741826,0.9628362160390109,1.6575086806439098E-5
27376.0,2.853405352601294E-17,8.748244360926818E-13,0.9999999999991251
26423.0,1.0507717110700107E-21,1.1745895870882964E-15,0.9999999999999989
26148.0,0.04219819467122683,0.9570866425090458,7.1516281972735E-4
27316.0,3.433015458259874E-21,1.087236862352866E-15,0.9999999999999989
27559.0,1.0950531405668726E-7,0.19126780758492773,0.8087320829097583
27009.0,2.5475153043880556E-12,7.182474226982748E-8,0.9999999281727102
26770.0,0.38197560921544443,0.618015726791828,8.663992727484665E-6
26208.0,2.133302852659169E-5,0.9986215752759106,0.0013570916955628867
26483.0,1.276178578220304E-20,2.826671771046232E-17,1.0
27498.0,0.34972296206673714,0.649807403926851,4.6963400641172756E-4
27257.0,6.094358566134268E-6,0.05935655811246585,0.940637347528968
26719.0,0.953679420035966,0.046320382180816196,1.9778321788600137E-7
26956.0,0.4996060515386585,0.48199158654310764,0.018402361918233977
26008.0,0.47857958938328093,0.5210451328495141,3.75277767204998E-4
26558.0,0.05764360784011997,0.9195324064596809,0.022823985700199147
26285.0,0.0012241306889147832,0.9987153246998417,6.0544611243452624E-5
26889.0,1.6201732828011466E-12,4.533282335044987E-8,0.9999999546655565
26650.0,0.1735970215519318,0.8263966720344423,6.306413625769817E-6
27196.0,0.2938013430367003,0.7061958018010505,2.8551622492562245E-6
27439.0,3.643913499133509E-13,1.3910877935506514E-9,0.9999999986085478
26344.0,1.7893242413847223E-4,0.03570638500009158,0.9641146825757699
26619.0,0.618091491287144,0.38190803760001435,4.711128415504605E-7
26077.0,0.03641287731171939,0.963581872867128,5.249821152460307E-6
26839.0,3.280955456659946E-27,2.508558362473205E-20,1.0
27076.0,5.0349948840676535E-29,1.9518538197956026E-22,1.0
27377.0,0.9247133141798888,0.07528668529890893,5.212022418174491E-10
26422.0,2.8942143497229726E-24,1.2909255183904343E-18,1.0
26149.0,1.638640807806422E-16,7.609141179270437E-16,0.9999999999999991
27317.0,5.177808995149403E-13,2.42302067108228E-9,0.9999999975764615
27558.0,0.011592728591458313,0.9883879953883598,1.9276020181831375E-5
27008.0,0.9718522094060038,0.02814770506734132,8.552665485442225E-8
26771.0,0.5743674410679147,0.42563205448511776,5.044469674315994E-7
26209.0,0.09402434861041387,0.90591653581243,5.9115577155889906E-5
26482.0,4.456395051936833E-9,4.371788718995199E-5,0.9999562776564149
27499.0,0.1468491810619305,0.8425889637726699,0.010561855165399665
27256.0,0.9773417974137355,0.022658202489818657,9.644581829835043E-11
26718.0,0.9940317392150135,0.005968142041005292,1.187439812540211E-7
26957.0,1.0938595502353077E-4,0.9705030276283944,0.029387586416582196
26009.0,8.892368517838471E-4,0.9991060020887031,4.7610595130589095E-6
26559.0,8.487219588900354E-4,0.0010499957439888783,0.9981012822971211
26284.0,0.9452717329473754,0.05472819427099308,7.278163139506183E-8
26963.0,0.014490019362919054,0.9854470492260782,6.293141100270496E-5
26688.0,8.030569236997999E-18,2.578549876032755E-14,0.9999999999999742
27238.0,0.018889256124872213,0.34964289457311243,0.6314678493020154
27509.0,0.04484603397277992,0.9551445316230823,9.434404137687533E-6
26290.0,0.3353447383989433,0.664655260207513,1.3935438420690662E-9
26529.0,0.0629372546737285,0.9239825805361022,0.013080164790169362
25991.0,1.3975462998135337E-11,4.895301072623077E-9,0.9999999950907235
26765.0,2.0440432934585288E-4,0.9997937897494071,1.8059212471009293E-6
27038.0,4.8015902647949514E-11,3.051185308016801E-7,0.9999996948334534
27576.0,1.0942872478878656E-20,5.302674799929407E-13,0.9999999999994698
27307.0,0.8573904191817799,0.14260956305677713,1.7761442904377956E-8
26476.0,0.9887056227299155,0.011294238233792647,1.3903629187893946E-7
26239.0,6.518606592051374E-16,5.716037818178465E-11,0.9999999999428391
27375.0,0.30446520838144114,0.6955342535670789,5.380514800487852E-7
27098.0,0.966699933635807,0.033300055843507516,1.052068548939722E-8
26825.0,0.624330077742865,0.3756698574907464,6.476638855029087E-8
26171.0,2.998638217153952E-8,6.0955030270885186E-5,0.9999390149833469
26408.0,0.08778940259363402,0.39103758562239893,0.5211730117839671
27441.0,0.059525961139795795,0.9399082568731307,5.657819870735637E-4
27170.0,0.7932821182073274,0.206711886039356,5.99575331646426E-6
26628.0,1.7564914913994437E-8,0.11590390432887358,0.8840960781062115
26903.0,2.2121164490832197E-5,0.9912865789656568,0.008691299869852238
26051.0,0.09363282526902962,0.9047685021735278,0.001598672557442554
26597.0,1.12706195179983E-4,0.9998856756419046,1.6181629153236478E-6
26358.0,2.035205307344078E-17,5.564012069254654E-12,0.9999999999944359
26962.0,4.582375207241562E-4,0.9399570008380728,0.059584761641203035
26689.0,0.004136327512901408,0.995819282827559,4.4389659539501685E-5
27239.0,0.4123085080507064,0.587670869476673,2.0622472620612416E-5
27508.0,2.7210457441569726E-5,0.9999650548488926,7.734693665865947E-6
26291.0,0.5125014956334295,0.48748929073426156,9.213632308965434E-6
26528.0,1.8125014572811174E-10,2.3272474776108737E-5,0.9999767273439737
25990.0,0.424969080973062,0.5750266347213412,4.284305596748044E-6
26764.0,9.373245215983597E-5,0.9998001771963979,1.0609035144232012E-4
27039.0,6.284639701418452E-15,1.6369514914912924E-10,0.9999999998362985
27577.0,0.0017231855781484602,0.6488224265284717,0.34945438789337974
27306.0,7.979205230536225E-11,2.9837400185640426E-4,0.9997016259183515
26477.0,1.0629727180166536E-4,0.9991802435404424,7.134591877560158E-4
26238.0,1.651301504378272E-6,0.003720022333191845,0.9962783263653039
27374.0,2.2116351243409953E-27,1.3017578622934506E-20,1.0
27099.0,3.872488733634726E-5,0.9999128060322684,4.846908039518483E-5
26824.0,9.353376591862386E-4,0.1702609722846253,0.8288036900561885
26170.0,0.9979482227574231,0.0020517772145108104,2.8066045016876007E-11
26409.0,4.943382969825942E-4,0.7017586918836441,0.2977469698193732
27440.0,3.718145618089809E-16,1.9625738011929257E-9,0.9999999980374258
27171.0,0.46117097257125916,0.538819538112315,9.489316425936563E-6
26629.0,0.0013895454658639202,0.9985927508618436,1.7703672292504873E-5
26902.0,5.438045209720439E-13,5.216282468726933E-10,0.999999999477828
26050.0,5.513457137756848E-17,2.0477462299743252E-14,0.9999999999999795
26596.0,4.7932286156649026E-4,0.9162622306434884,0.08325844649494502
26359.0,0.007789636578890845,0.9921723803015225,3.7983119586586224E-5
26531.0,0.11017527951633839,0.8898106384535048,1.408203015686706E-5
26288.0,8.556653366551771E-20,3.6347702112313626E-16,0.9999999999999997
25989.0,1.4500578296057676E-13,1.4670299861386338E-9,0.999999998532825
26690.0,0.01169955655626855,0.9848053037306291,0.003495139713102272
26961.0,0.9215644310725685,0.07843496526126409,6.036661673386421E-7
27511.0,0.0010261076933582457,0.9869645260700813,0.012009366236560475
27236.0,3.1144884406711707E-4,0.9989262805261925,7.622706297404253E-4
26237.0,0.05484071763406845,0.9451583746250103,9.077409213278903E-7
26478.0,0.014433923282325602,0.9845816921918572,9.843845258172034E-4
27036.0,0.9079417042270385,0.09205784098252902,4.5479043257313525E-7
26767.0,2.716965576135242E-9,1.165096845348766E-6,0.9999988321861891
27305.0,5.6402799649077434E-8,0.050189843966276466,0.9498100996309239
27578.0,0.9323757633666234,0.06762420979961979,2.6833756676506093E-8
26410.0,1.043396267834619E-12,1.4898048622828614E-7,0.9999998510184703
26169.0,0.6480044511535079,0.35199545572356633,9.312292573010064E-8
27373.0,0.9451699132741116,0.054830085460651726,1.2652365866446953E-9
26827.0,0.08253678819441547,0.9173551520289822,1.0805977660223253E-4
27096.0,0.9875639449531357,0.01243598182065098,7.322621322159821E-8
26049.0,2.530737067081228E-19,3.363803019154187E-15,0.9999999999999967
26356.0,3.1609280048226435E-6,1.7377694818413366E-4,0.9998230621238111
26599.0,1.8353246266698447E-18,8.347376122169149E-16,0.9999999999999991
27168.0,1.3641001040500008E-4,0.0035811267794205706,0.9962824632101744
27443.0,3.7687991574006227E-17,2.85743547413646E-11,0.9999999999714255
26901.0,2.5378099605470677E-26,6.422341325322057E-21,1.0
26630.0,6.557284034476798E-16,2.2447422916938757E-10,0.9999999997755251
26530.0,0.9559058485557088,0.044094148243866496,3.200424711832113E-9
26289.0,3.518452283474691E-21,5.041873963463333E-13,0.9999999999994958
25988.0,1.766742357289963E-4,0.9998167502629132,6.575501357884983E-6
26691.0,3.141184981517303E-29,2.4562937919430515E-21,1.0
26960.0,0.8369722561369954,0.16302745534406715,2.88518937375468E-7
27510.0,0.34129354571376763,0.6587051439888053,1.3102974270609943E-6
27237.0,1.7692213672767933E-21,2.3350710209823197E-15,0.9999999999999977
26236.0,0.0030829468388528193,0.9912505892017912,0.005666463959355958
26479.0,6.114081773922559E-11,9.015589430102467E-7,0.9999990983799162
27037.0,0.009127690589304635,0.9906023395988848,2.699698118106344E-4
26766.0,0.010210469865842373,0.25434702568271905,0.7354425044514387
27304.0,2.8829995687036755E-4,0.9988278880521413,8.838119909883014E-4
27579.0,0.7133265885944857,0.2866603596638416,1.3051741672598202E-5
26411.0,0.26458536458041937,0.7300020272809085,0.005412608138672126
26168.0,0.980324085838469,0.01967215655640028,3.757605130855548E-6
27372.0,1.4440400694577902E-9,1.021768440770153E-6,0.9999989767875193
26826.0,0.02283041513220536,0.9771180065182681,5.15783495265902E-5
27097.0,0.9660854276609285,0.0339145651447054,7.194366192483621E-9
26048.0,2.3464346645581208E-5,0.08663724987220918,0.9133392857811451
26357.0,0.17021152175660823,0.8297860798970498,2.3983463420421887E-6
26598.0,0.6506717697120984,0.3493260816991935,2.1485887081034957E-6
27169.0,0.01070578545358025,0.5534131829198886,0.4358810316265313
27442.0,9.019015342119357E-29,4.8937831198994375E-21,1.0
26900.0,0.0025757664025593827,0.9974229912814646,1.2423159759636806E-6
26631.0,0.17992300246606813,0.08028593331754362,0.7397910642163883
27580.0,0.05183907148575087,0.9420338494940887,0.006127079020160237
27311.0,0.9502987955106537,0.04970120296857203,1.5207743255886528E-9
26761.0,0.9953179536140783,0.00468204603496402,3.5095776342065286E-10
27034.0,0.03641248842405088,0.9635104924331485,7.701914280068109E-5
26472.0,0.03932007247718328,0.9606505390869005,2.938843591641328E-5
26235.0,0.018342067599011275,0.9816496070173709,8.32538361784964E-6
27234.0,0.004403359454658397,0.6576821083221864,0.3379145322231552
27505.0,0.6623637804478683,0.33763576126654354,4.5828558813152595E-7
26967.0,6.817281205255448E-12,2.550371565685296E-8,0.999999974489467
26692.0,0.4393933966152757,0.5606045982199752,2.005164748977791E-6
25987.0,0.001152053547829741,0.9988428321952775,5.114256892783396E-6
26294.0,4.1437906797378825E-9,0.9995809284874411,4.1906736876819807E-4
26533.0,0.939687016989782,0.06031295103664519,3.197357271535067E-8
26624.0,0.13393274176340045,0.8660672279537489,3.0282850536700185E-8
26899.0,0.010164327243243928,0.9897788397103052,5.6833046450759244E-5
27445.0,5.5620247467269366E-5,6.937444695084249E-4,0.9992506352830243
27174.0,0.8394972434586457,0.16050274863982528,7.901529099778677E-9
26593.0,0.9698904747722057,0.030109498820799087,2.6406995349672053E-8
26354.0,0.04447730488134913,0.9555179186504563,4.776468194637178E-6
26055.0,0.007318588125405052,0.14840874693197012,0.8442726649426249
27102.0,0.38174675197777325,0.5732137363247333,0.04503951169749342
26829.0,0.5644813316269136,0.43551747216683107,1.1962062553575716E-6
27371.0,6.985144145492882E-13,7.38979174072029E-10,0.9999999992603223
26175.0,0.9980876750398795,0.0019123249495809646,1.0539630746811645E-11
26412.0,0.8469505300434761,0.15304551982512232,3.95013140147854E-6
27581.0,0.00529639732715926,0.994699537185098,4.0654877427468316E-6
27310.0,0.0012552911558537372,0.9786822633082328,0.02006244553591352
26760.0,0.044612381635898146,0.9553846320637707,2.9863003311621765E-6
27035.0,0.01648582617025517,0.9833516284939149,1.6254533582986058E-4
26473.0,2.861604296642246E-22,5.232922142428183E-16,0.9999999999999994
26234.0,4.382146537258859E-25,5.465097334121139E-22,1.0
27235.0,0.0011009931815989145,0.9770573718474921,0.021841634970909102
27504.0,0.01729632386131508,0.9826986543200301,5.02181865476054E-6
26966.0,0.9230787080465317,0.07692015805882511,1.133894643257047E-6
26693.0,5.123898493391668E-17,1.8605300138147155E-12,0.9999999999981395
25986.0,2.8745421202430034E-8,0.215114789297539,0.7848851819570398
26295.0,0.0013530148086187527,0.9986359016591346,1.1083532246656906E-5
26532.0,0.8758124497040545,0.12418754721927015,3.07667527848858E-9
26625.0,2.362644766058486E-19,2.718147330986521E-12,0.9999999999972818
26898.0,0.9785985824667384,0.021401417440249617,9.301213621048987E-11
27444.0,0.9717842825828048,0.028215676101156176,4.131603904363065E-8
27175.0,3.557807812933783E-4,0.9976814194624366,0.0019627997562699554
26592.0,1.0857649440727884E-7,4.2020229507156744E-4,0.999579689128434
26355.0,1.4707648584324698E-4,0.999841652628451,1.1270885705608477E-5
26054.0,0.017207971509533102,0.45974913542469115,0.5230428930657758
27103.0,0.03405785383794104,0.9659413709743419,7.751877169863633E-7
26828.0,7.070029545782646E-16,1.0532295870763615E-9,0.9999999989467697
27370.0,2.644999817220814E-13,2.698551646885344E-10,0.9999999997298804
26174.0,0.8193995101260382,0.1806004887976797,1.0762822041221737E-9
26413.0,4.754282431586308E-27,2.444104890137185E-16,0.9999999999999998
26233.0,1.1162715069352574E-5,0.9978584127860907,0.002130424498839924
26474.0,0.06287144511980407,0.937122846762689,5.7081175068945195E-6
27309.0,0.0030354433150884767,0.9963231975389076,6.413591460038283E-4
27582.0,0.001694230307707,0.997985615629206,3.2015406308704726E-4
27032.0,0.0012010109577014867,0.9983268679435412,4.721210987572905E-4
26763.0,0.23939192434160597,0.760606580808756,1.4948496380517723E-6
25985.0,0.04495581524828728,0.955037889286391,6.295465321840822E-6
26535.0,0.006353118100403498,0.09330562261201784,0.9003412592875786
26292.0,1.3130310776402675E-8,1.0483269335603697E-5,0.9999895036003537
27507.0,3.7897593953017486E-6,0.42792437604108663,0.5720718341995181
27232.0,0.03841022099985504,0.9615817300050956,8.048995049319398E-6
26694.0,0.44032576760403674,0.5596737790766991,4.533192641716491E-7
26965.0,6.30225127842337E-23,1.6652771005853942E-15,0.9999999999999983
26352.0,1.716796086756936E-8,1.4017492143189309E-6,0.9999985810828249
26595.0,0.9908614793303749,0.009138394261360254,1.2640826478598382E-7
26053.0,0.10232026531596937,0.6690241829831411,0.22865555170088944
26897.0,0.06760063913557617,0.9323972676860616,2.093178362149108E-6
26626.0,6.610093146793051E-4,0.9993230626836799,1.5928001640847798E-5
27172.0,0.02005847374850568,0.979939103166715,2.4230847794511442E-6
27447.0,3.817374140763594E-7,6.128520824842249E-5,0.9999383330543375
26414.0,4.193920749880342E-20,2.6628642147161965E-11,0.9999999999733713
26173.0,2.677658337663926E-13,1.6990818963822956E-8,0.9999999830089132
