26275.0,1.2847142955061722E-7,2.7888828957584028E-5,0.999971982699613
26544.0,0.023558526520883187,0.9497622634324874,0.02667921004662947
26006.0,0.12837400316145314,0.871622024980884,3.971857662845159E-6
26946.0,0.07196845803615959,0.9280299650338628,1.576929977721275E-6
26705.0,0.9703639341240353,0.029631733000043684,4.3328759209165315E-6
27255.0,0.4068181835020154,0.574243439241686,0.01893837725629848
27492.0,0.990916683662169,0.00908200419160077,1.3121462302020376E-6
26493.0,0.01171511113197668,0.9882374902748948,4.739859312853209E-5
26222.0,9.582526243068307E-4,0.004906253436450973,0.9941354939392423
26780.0,0.04636064581227215,0.9491981638596282,0.004441190328099677
27023.0,2.6638884990991717E-9,6.700093938837114E-8,0.9999999303351721
27561.0,8.051861032552564E-4,0.7491393343810764,0.25005547951566837
27322.0,4.250472470344189E-4,0.14082100221009786,0.8587539505428677
26154.0,0.005234878522934104,0.9935290422369312,0.0012360792401347972
26425.0,0.09831860167482594,0.890821779243121,0.010859619082053056
27390.0,5.142682797402934E-7,8.29550733958651E-5,0.9999165306583244
27083.0,0.9751092187273775,0.024890769337082813,1.1935539775345801E-8
26840.0,0.008854765610974409,0.9911189858316807,2.624855734501053E-5
26066.0,0.11706781778740838,0.8827829878460968,1.491943664949169E-4
26612.0,0.003554396508630976,0.995943785019,5.018184723689681E-4
26343.0,0.16710815890109185,0.817525778997978,0.015366062100930139
27424.0,0.061946466705410465,0.14323957766716536,0.7948139556274241
27187.0,0.05365734478681395,0.9462676906386457,7.496457454029259E-5
26645.0,0.19554769361833765,0.8044508693923732,1.43698928915505E-6
26886.0,0.2481089711436521,0.7273259223494395,0.024565106506908553
26274.0,0.9181988062886204,0.08180109253758484,1.0117379488879216E-7
26545.0,1.9110599361128026E-15,3.28253726133701E-11,0.9999999999671727
26007.0,3.111861870737465E-4,0.006819660935393656,0.9928691528775325
26947.0,0.11641619577569522,0.8835500646515412,3.3739572763697585E-5
26704.0,0.03260869565217392,0.05434782608695653,0.9130434782608696
27254.0,0.13495475089484116,0.8462042387526668,0.018841010352492
27493.0,4.1311263051647415E-12,1.2400379284042126E-7,0.9999998759920761
26492.0,0.004344290075817162,0.9946433983048849,0.0010123116192979212
26223.0,0.02480375221033806,0.9751772040882118,1.904370145020815E-5
26781.0,0.03021139196633571,0.9690831207048287,7.054873288353813E-4
27022.0,0.6126629213777589,0.38613646654075123,0.0012006120814899283
27560.0,4.292179561561918E-13,5.950717778537073E-11,0.9999999999400637
27323.0,2.2652135125852013E-6,4.680334392539342E-4,0.9995297013472334
26155.0,0.003778502580631685,0.9896354496180242,0.006586047801343987
26424.0,0.025040792132949668,0.9749586287449924,5.79122057845285E-7
27391.0,0.440587495717855,0.40980074915980663,0.14961175512233835
27082.0,0.010610863400494192,0.9861006177949484,0.0032885188045574036
26841.0,0.25772116600425765,0.7421121068441903,1.6672715155203931E-4
26067.0,0.34776020783096634,0.5468344871605152,0.10540530500851844
26613.0,0.0035921753370376877,0.9954400796675962,9.677449953661489E-4
26342.0,8.085688113372404E-4,0.06211359334286694,0.9370778378457958
27425.0,0.08173404960742672,0.14945654785358026,0.7688094025389931
27186.0,1.3261038749155218E-4,0.012743968883836082,0.9871234207286723
26644.0,0.002916429005736428,0.08776923858673473,0.9093143324075289
26887.0,0.77051190095902,0.22948290791958775,5.191121392364922E-6
26707.0,3.3415950858469185E-15,1.4695640555309264E-13,0.9999999999998497
26944.0,0.012200082226091183,0.9701813540110577,0.017618563762851123
27494.0,0.02940334977653798,0.9705733240435944,2.3326179867715648E-5
27253.0,0.035320077871117135,0.9644401592055176,2.397629233650988E-4
26546.0,0.549256222635665,0.4506719858873801,7.179147695489731E-5
26273.0,0.10523526190345706,0.16269728615566845,0.7320674519408745
26004.0,4.27122210365318E-12,2.125638042466723E-8,0.9999999787393484
27021.0,0.13316067066728626,0.8668090491502465,3.0280182467429185E-5
26782.0,0.00275873505672507,0.0044336813411652905,0.9928075836021096
27320.0,2.844249610007777E-8,4.5884529058300285E-5,0.9999540870284457
27563.0,0.6104039848974605,0.38959498672946236,1.028373077125214E-6
26220.0,0.03665482035770707,0.9614001602747821,0.0019450193675107775
26495.0,4.598259238398385E-7,0.004063108667611009,0.9959364315064652
27388.0,7.245214010209165E-8,0.002851171483064105,0.9971487560647958
26842.0,0.1401808180639628,0.8592696218274499,5.495601085871076E-4
27081.0,0.4133348187577417,0.5862848974483662,3.802837938919381E-4
26427.0,0.1353045909817192,0.5503544046906922,0.3143410043275886
26152.0,0.0037247652367605436,0.08002445290736222,0.9162507818558773
27185.0,3.455760529177485E-4,0.027652404783084596,0.9720020191639978
27426.0,0.5702542680960762,0.4290906984707426,6.550334331812016E-4
26884.0,0.06522900360787741,0.9347668760606991,4.120331423411781E-6
26647.0,5.630008565244655E-23,1.266418258512647E-16,0.9999999999999998
26064.0,0.011332627360184136,0.0818892930493786,0.9067780795904372
26341.0,0.05463823113271618,0.8152480710028112,0.13011369786447266
26614.0,0.8322087696241578,0.1677891694445029,2.0609313393464804E-6
26706.0,3.251517191458237E-5,7.806033458932474E-4,0.9991868814821921
26945.0,1.4315854493134314E-8,4.303504710288328E-5,0.9999569506370425
27495.0,5.146860984164188E-5,0.9768599777065595,0.023088553683598825
27252.0,0.0034752763038434775,0.880505625107826,0.1160190985883305
26547.0,0.9204411387966289,0.07955878891759875,7.228577236848376E-8
26272.0,1.047424706446448E-8,2.9434953171009986E-6,0.9999970460304359
26005.0,0.02371081621436768,0.9755929494360625,6.962343495698735E-4
27020.0,0.8937153521378497,0.10628446525341907,1.8260873127531392E-7
26783.0,0.05000337918018876,0.9499002109097885,9.640991002268127E-5
27321.0,0.02476121485588583,0.9749393566022638,2.9942854185032196E-4
27562.0,0.4002884554513196,0.5997105331739142,1.011374766317953E-6
26221.0,0.0860349068238964,0.9137905841630607,1.7450901304298322E-4
26494.0,0.11728358039922704,0.7337051577397212,0.14901126186105165
27389.0,1.0405577358782356E-9,1.856686898015559E-5,0.9999814320904622
26843.0,2.560160338390875E-4,9.180423486460997E-5,0.9996521797312963
27080.0,0.8545604092644014,0.14542694530370665,1.2645431891978112E-5
26426.0,0.09829978741291148,0.732279655148247,0.16942055743884143
26153.0,5.023464317602739E-4,0.056689282225747144,0.9428083713424925
27184.0,0.8067229095655756,0.1932760321160062,1.0583184182370701E-6
27427.0,6.151338814468552E-9,4.711070270298509E-6,0.9999952827783909
26885.0,0.006331434816202651,0.9926891706907078,9.793944930894967E-4
26646.0,0.9283056592986703,0.07169422559961891,1.1510171086657942E-7
26065.0,0.02744015962468043,0.9720330636128657,5.267767624540379E-4
26340.0,0.0038764908481630843,0.034888417633467755,0.9612350915183691
26615.0,0.7179840420255822,0.27848562260270615,0.0035303353717117537
25951.0,7.77521702905546E-4,0.9086395711544979,0.09058290714259638
26489.0,0.06722051762653099,0.9326991640491435,8.031832432539995E-5
26218.0,7.721642636295748E-6,0.0022903434689048514,0.9977019348884587
27565.0,1.659476887626742E-5,0.09247970861784033,0.9075036966132835
27326.0,0.13321357914673881,0.8655510146311631,0.0012354062220980584
26776.0,1.1548407488050335E-9,6.011018748832723E-8,0.9999999387349718
27019.0,0.048234583833776074,0.9511975855343645,5.67830631859358E-4
26002.0,3.4882618306719886E-5,0.0021990256947384073,0.9977660916869548
26279.0,0.01337537118230637,0.1032671904049179,0.8833574384127758
26548.0,0.10598179873704021,0.8928238912202644,0.0011943100426953287
27251.0,0.18297250810113705,0.8169939105074274,3.358139143560299E-5
27488.0,0.32416626872409565,0.6758333025315715,4.2874433285949413E-7
26950.0,0.6290522206557535,0.37094750877914046,2.7056510604179033E-7
26709.0,0.061946466705410465,0.14323957766716536,0.7948139556274241
26608.0,0.06858837999693389,0.9312053479835145,2.0627201955163347E-4
26339.0,0.12650766246701514,0.8349787179165049,0.038513619616479866
26070.0,0.019025196041876694,0.9779905618020857,0.0029842421560375403
26641.0,8.485122176277423E-4,0.9542674374661863,0.04488405031618601
26882.0,0.9846390791305747,0.015360920018293544,8.511317383524603E-10
27428.0,0.09145141681463706,0.9062138243020269,0.0023347588833360798
27191.0,0.9247772637112326,0.07522002223890178,2.7140498656643933E-6
26158.0,0.008039058057685143,0.09727260249799023,0.8946883394443246
26429.0,0.09156705919623088,0.9080663117755745,3.666290281945846E-4
27087.0,0.1588685436072238,0.8411239145657071,7.541827069108862E-6
26844.0,0.8677937293600676,0.13220559516724956,6.75472682811645E-7
27386.0,0.5065201190575668,0.49347278998559335,7.090956839819149E-6
25950.0,0.433670321944769,0.5660028839231085,3.267941321224841E-4
26488.0,1.3276518081212208E-5,4.232290386319151E-5,0.9999444005780556
26219.0,0.025087737385856894,0.9639848831488834,0.010927379465259752
27564.0,0.257929671638857,0.7413609816066592,7.093467544838423E-4
27327.0,0.2549269629923329,0.7444804106708287,5.92626336838447E-4
26777.0,0.00256128341552726,0.15123629310309708,0.8462024234813756
27018.0,5.037486142074804E-4,0.058704385577632995,0.9407918658081595
26003.0,0.10689648112476886,0.8893090658618104,0.003794453013420776
26278.0,6.756967019187478E-5,0.014606732226681681,0.9853256981031265
26549.0,0.6216318331242714,0.3781296958814441,2.3847099428450847E-4
27250.0,0.0696454423413369,0.9303214432203157,3.3114438347357464E-5
27489.0,0.014529587193764279,0.9854290974274593,4.131537877654034E-5
26951.0,0.06053539374374042,0.9394541517818406,1.0454474419080552E-5
26708.0,0.003364100985147277,0.02540542987693168,0.971230469137921
26609.0,0.6916958863631687,0.30830109773887415,3.0158979571950402E-6
26338.0,0.689241975758956,0.31075797197796445,5.2263079589996615E-8
26071.0,0.0035158061307183127,0.9851461537148343,0.01133804015444729
26640.0,0.01337537118230637,0.1032671904049179,0.8833574384127758
26883.0,0.0017823410556121499,0.11302002115166417,0.8851976377927236
27429.0,0.6469887534580887,0.3499164127320666,0.003094833809844662
27190.0,0.42547460574777557,0.5534356706086817,0.02108972364354274
26159.0,0.003072847423513748,0.04894704518165899,0.9479801073948272
26428.0,1.4356823052545903E-11,7.270012551899759E-8,0.9999999272855177
27086.0,0.3812080017486681,0.1519617362190422,0.4668302620322897
26845.0,8.472950566806215E-11,2.2909698758292448E-7,0.999999770818283
27387.0,3.165258067209687E-6,2.5425247908524626E-5,0.9999714094940242
27324.0,0.0713485960531115,0.9285735055696296,7.78983772589212E-5
27567.0,0.2992746359500273,0.7006874447207525,3.791932922024964E-5
27017.0,0.7421923419434721,0.2578065568698806,1.101186647478843E-6
26778.0,0.9430459363055418,0.05695404326440825,2.0430050146591536E-8
25949.0,0.10341990098735224,0.8746143604473197,0.021965738565328175
26216.0,0.26341507303828166,0.7364758529822634,1.0907397945508379E-4
26491.0,0.07506099728534273,0.9063371379292194,0.018601864785437863
27490.0,0.011332627360184136,0.0818892930493786,0.9067780795904372
27249.0,0.008039058057685143,0.09727260249799023,0.8946883394443246
26711.0,0.6154085874301748,0.38458458132598805,6.831243837183421E-6
26948.0,0.003672260115426899,0.006126353119397366,0.9902013867651758
26000.0,1.0160203996280166E-5,5.3254061352061644E-5,0.9999365857346516
26550.0,0.47805957636673163,0.5219353838666536,5.039766614797315E-6
26277.0,0.8647290372890734,0.13527072675707622,2.359538505381352E-7
26880.0,0.6895732489139977,0.3097274755588673,6.992755271347899E-4
26643.0,0.026714304007326002,0.17597929360237444,0.7973064023902997
27189.0,0.12335274379341309,0.8766459081413005,1.3480652864322525E-6
27430.0,0.030162412993039445,0.030162412993039445,0.9396751740139211
26337.0,0.0313854478948944,0.9686011584406935,1.3393664412047847E-5
26610.0,0.9928286533711193,0.007170723290168546,6.233387121186644E-7
26068.0,0.12287203354623737,0.87712180704105,6.159412712494835E-6
26846.0,0.005698052658073757,0.9940756816584736,2.2626568345260456E-4
27085.0,0.003396358933183826,0.9562641320578077,0.040339509009008526
27384.0,0.9574915020913835,0.04250848537095535,1.2537661228277828E-8
26431.0,0.008039058057685143,0.09727260249799023,0.8946883394443246
26156.0,0.9857794040934202,0.014220594516199603,1.3903800699277853E-9
27325.0,1.2986658734837316E-8,4.5010071513300944E-8,0.9999999420032697
27566.0,8.422724367977005E-10,2.566406279081735E-9,0.9999999965913212
27016.0,0.021729933623136397,0.5027871794326141,0.4754828869442495
26779.0,0.010757185698514306,0.9720813754639965,0.01716143883748911
26217.0,0.20701092439017468,0.7928703270374136,1.1874857241177061E-4
26490.0,8.849714636352535E-6,0.002594652825198151,0.9973964974601655
27491.0,3.902139052014702E-17,2.3713200689002644E-12,0.9999999999976287
27248.0,0.07173002850158772,0.926897334365349,0.0013726371330631938
26710.0,0.960002905941231,0.0399970718827611,2.2176007864667894E-8
26949.0,0.026320032528434262,0.9736795217691244,4.4570244140137E-7
26001.0,2.1656983991897455E-4,0.09794177705789729,0.9018416531021838
26551.0,2.189272475905005E-11,1.518836536652981E-8,0.999999984789742
26276.0,0.023271332054383184,0.06464258903995328,0.9120860789056636
26881.0,0.04551542981152261,0.9544804698208225,4.100367654906417E-6
26642.0,0.687739776795843,0.251455568451314,0.06080465475284304
27188.0,0.005609242639122166,0.9911431474952108,0.0032476098656671025
27431.0,0.04200981248425431,0.9579219798390468,6.820767669887346E-5
26336.0,0.019447585231166978,0.15365993269070205,0.8268924820781309
26611.0,4.419151672730809E-9,2.1932911008111506E-9,0.9999999933875572
26069.0,0.3447608266424748,0.6552133571021873,2.5816255337792896E-5
26847.0,0.013709063214013707,0.034272658035034265,0.9520182787509519
27084.0,0.005851341729230939,0.05140002146461688,0.9427486368061522
27385.0,0.04662279282272648,0.9530589650738329,3.182421034406622E-4
26430.0,0.0025814959266005836,0.10412033570622353,0.8932981683671759
26157.0,0.19746167063205394,0.3864596964316362,0.41607863293630987
26146.0,0.03155745174818747,0.9655390935521211,0.002903454699691462
26417.0,0.04044763922681315,0.9594708081738196,8.155259936726277E-5
27382.0,5.137370278282965E-9,1.64961627879118E-7,0.9999998299010019
27075.0,4.4345308135753674E-17,1.3225769738480663E-12,0.9999999999986773
26832.0,0.004139431407890698,0.026671109184932113,0.9691894594071773
26074.0,0.013914308885985069,0.9559632180345264,0.030122473079488465
26620.0,0.0014600075652650077,0.06958535416024797,0.928954638274487
26351.0,2.514548776041044E-9,2.9727033828774627E-6,0.9999970247820684
27432.0,1.7545032973127312E-6,0.009597871577504288,0.9904003739191984
27195.0,0.06480117734857352,0.9144688457236337,0.020729976927792885
26653.0,3.7632260515781465E-14,9.190964455520511E-9,0.9999999908089978
26894.0,5.5888965804111474E-5,2.2041247020029836E-4,0.9997236985639956
26283.0,0.0022074393693496245,0.17558374449820152,0.8222088161324488
26552.0,0.43536499201286977,0.5639733269899566,6.616809971736829E-4
26014.0,0.0772674163758891,0.9126147162042654,0.01011786741984542
26954.0,6.892722434454497E-6,3.563153613000164E-5,0.9999574757414355
26713.0,0.053869354063929425,0.9461055208532065,2.512508286407394E-5
27263.0,0.0047552110836559655,0.001910575881826057,0.993334213034518
27500.0,0.13054242771754887,0.8682013548311259,0.001256217451325157
26485.0,0.0017223669125736828,0.10817524129062772,0.8901023917967986
26214.0,0.03518985142062733,0.5560865409679381,0.40872360761143456
26772.0,0.003996090571633535,0.04835269591676576,0.9476512135116008
27015.0,0.018990822306575547,0.9096403488798964,0.07136882881352799
27553.0,0.018835434704207978,0.7538295973484878,0.22733496794730423
27314.0,0.2548879779233308,0.7451056238557858,6.398220883344801E-6
26147.0,0.006524643310301155,0.0687369830221027,0.9247383736675963
26416.0,9.205128395213306E-7,3.5251690238885704E-4,0.9996465625847717
27383.0,2.326957569514471E-13,1.6768962637196066E-9,0.9999999983228711
27074.0,1.7586219870220292E-13,3.917770379393957E-8,0.9999999608221204
26833.0,0.29369918063104195,0.7062346457562994,6.61736126586044E-5
26075.0,0.0011805265788837661,0.3765205724782536,0.6222989009428627
26621.0,0.08973396655125442,0.9101118803767109,1.5415307203474826E-4
26350.0,0.5597337165493985,0.4401221109028272,1.4417254777436339E-4
27433.0,0.002674143619803539,0.8270821752512643,0.17024368112893215
27194.0,0.0034752763038434775,0.880505625107826,0.1160190985883305
26652.0,0.027551335348975897,0.9709075923308341,0.001541072320190142
26895.0,0.0014649188147096226,0.9959276788875112,0.002607402297779261
26282.0,1.6421305492897217E-4,0.0011534090127358907,0.9986823779323352
26553.0,0.06760797535012165,0.9323729340594002,1.909059047820364E-5
26015.0,0.7457031872635674,0.2535414974909625,7.553152454699559E-4
26955.0,0.13198105669327784,0.8679961613828221,2.2781923900089176E-5
26712.0,0.04609304152847012,0.953761789818585,1.4516865294500025E-4
27262.0,2.0419037279489313E-14,6.831782840790547E-11,0.9999999999316617
27501.0,0.4131099125151514,0.5868790880210372,1.0999463811507568E-5
26484.0,0.3532878580319025,0.6438898557921507,0.0028222861759467912
26215.0,0.36693711714540034,0.6330253813790587,3.7501475541146295E-5
26773.0,0.8511859055938449,0.14881408452021563,9.885939524790248E-9
27014.0,0.02593046714568652,0.9662390934775376,0.007830439376775978
27552.0,0.08696357855083445,0.9129335835820259,1.0283786713977889E-4
27315.0,0.5032331790243272,0.4967256575587104,4.11634169624824E-5
27380.0,1.941297951899073E-5,0.9410565078193722,0.05892407920110865
26834.0,0.028761731759006964,0.03451407811080835,0.9367241901301846
27073.0,0.018670444404377592,0.980653611869471,6.759437261514211E-4
26419.0,0.9624709693953654,0.037528986129860845,4.447477366414767E-8
26144.0,0.09806608466040985,0.8992102128021839,0.0027237025374061783
27193.0,0.9691210451550478,0.030878622355295923,3.3248965620711073E-7
27434.0,0.007127343115435734,0.9927705514394611,1.0210544510309339E-4
26892.0,0.7753603515923125,0.22463910531919312,5.430884943391258E-7
26655.0,0.035851934854463356,0.9632881547792935,8.599103662431414E-4
26072.0,2.826337201563705E-20,1.1667055798947137E-15,0.9999999999999988
26349.0,0.003009288597345004,0.9969737523352966,1.6959067358363097E-5
26622.0,0.18268377584878223,0.8163491636508172,9.670605004005547E-4
26715.0,0.15572854456761032,0.8442704143701766,1.041062212917838E-6
26952.0,0.17477129056150548,0.8158125909142186,0.009416118524275844
27502.0,0.8093381191133702,0.19066148179672263,3.9908990721788275E-7
27261.0,0.013443053095006057,0.984270943871383,0.0022860030336109417
26554.0,4.760040039520689E-6,3.763483017296017E-4,0.9996188916582309
26281.0,9.02488230444623E-7,2.5624963871674323E-5,0.9999734725478979
26012.0,0.00495348634935456,0.2822794438202414,0.7127670698304039
27013.0,0.7983225659632224,0.20167660103957316,8.329972045459669E-7
26774.0,0.17015602014553394,0.5837759828455626,0.24606799700890336
27312.0,3.1209948478773544E-4,0.9753974954175292,0.024290405097683095
27555.0,8.791752376415658E-5,7.469824532383942E-4,0.9991651000229975
26212.0,9.216626050141103E-17,3.583051723562419E-14,0.999999999999964
26487.0,0.5143132123432366,0.4856787030599621,8.084596801400058E-6
27381.0,4.920025250422766E-7,5.5682404966375504E-5,0.9999438255925086
26835.0,0.01048670531112483,0.5037337849822034,0.48577950970667166
27072.0,0.005140871639165182,0.9525985668989593,0.04226056146187554
26418.0,0.912893142261119,0.08710680971420877,4.8024672178456716E-8
26145.0,1.2997988486594322E-15,2.63784566156884E-13,0.9999999999997349
27192.0,0.1735834914182169,0.8263877370527933,2.8771528989777745E-5
27435.0,0.017291362448301362,0.7267487617896868,0.2559598757620118
26893.0,0.9863974147822488,0.013602584872781898,3.449692560584471E-10
26654.0,7.201096470741799E-4,0.9974141739837686,0.001865716369157204
26073.0,0.0016127997145514565,0.02569010745312187,0.9726970928323266
26348.0,0.046251325413135785,0.1557619808722458,0.7979866937146185
26623.0,1.0580881792782172E-6,1.1499710899612365E-4,0.9998839448028246
26714.0,0.2620580488147913,0.7379297899062942,1.2161278914429078E-5
26953.0,0.011542497376705142,0.1385099685204617,0.8499475341028332
27503.0,0.1195572017806342,0.8803007006350044,1.4209758436122474E-4
27260.0,0.583310704327115,0.4166667540190583,2.254165382665951E-5
26555.0,0.014013924705258184,0.9856641769966904,3.218982980514363E-4
26280.0,0.025407247214384133,0.9357672506964958,0.03882550208911994
26013.0,9.582526243068307E-4,0.004906253436450973,0.9941354939392423
27012.0,7.812917827292961E-8,0.0013627422413192217,0.9986371796295025
26775.0,0.001717651811170308,0.3337043338414945,0.6645780143473352
27313.0,0.02355463741587673,0.060610384678385254,0.915834977905738
27554.0,0.012878415605051038,0.9871166750954339,4.909299515015707E-6
26213.0,0.003996090571633535,0.04835269591676576,0.9476512135116008
26486.0,0.001292976602745296,0.16803046838472988,0.8306765550125248
26616.0,0.01850536893128191,0.9808596184959447,6.350125727733662E-4
26347.0,0.03907408035520544,0.9605892189762244,3.3670066857023666E-4
26078.0,2.935503776863019E-9,2.536610340734932E-6,0.9999974604541554
26649.0,0.0017223669125736828,0.10817524129062772,0.8901023917967986
26890.0,0.02911155608285297,0.9699551151786987,9.333287384483515E-4
27436.0,6.462543102729452E-15,1.0995412065684637E-11,0.9999999999889982
27199.0,0.10752688172043012,0.860215053763441,0.03225806451612904
26150.0,9.713948295429079E-19,2.350147220816384E-12,0.9999999999976499
26421.0,0.2349104764616438,0.7649681032277232,1.2142031063292749E-4
27079.0,0.01799866599803381,0.9819528608028357,4.847319913050152E-5
26836.0,0.08163428126528524,0.9183298982972498,3.582043746493158E-5
27378.0,0.13196294801339703,0.866435922095074,0.001601129891529077
26481.0,1.7286614666462064E-8,2.496743991206826E-4,0.9997503083142646
26210.0,0.035805626598465465,0.06905370843989768,0.8951406649616368
27557.0,0.01337537118230637,0.1032671904049179,0.8833574384127758
27318.0,0.059112992601808675,0.9380653092834753,0.0028216981147158563
26768.0,3.3758152046650246E-4,0.05014662664313579,0.9495157918363977
27011.0,1.6093054563153745E-13,9.756948269229015E-10,0.9999999990241443
26010.0,0.021957079094024078,0.9777818532091064,2.6106769686949074E-4
26287.0,0.27693826346260275,0.72170953279198,0.0013522037454171641
26556.0,0.0016432108843509035,0.3482639962031334,0.6500927929125158
27259.0,0.035073226062718135,0.9644033892975189,5.233846397630669E-4
27496.0,0.08887712229302998,0.9100353651164105,0.001087512590559493
26958.0,0.004401005170619723,0.017460314391193353,0.978138680438187
26717.0,0.4531157144977188,0.5379495330516563,0.008934752450624894
26617.0,8.128311702532988E-4,0.2301057308117152,0.7690814380180314
26346.0,0.47700344973255654,0.5215845730160387,0.0014119772514049982
26079.0,0.0024986810323013526,0.9747376896403142,0.02276362932738443
26648.0,1.7740184385868667E-7,1.1449935171882009E-5,0.9999883726629842
26891.0,0.4641207300247374,0.5291503124940116,0.006728957481251003
27437.0,0.00686142588901983,0.18211028321714384,0.8110282908938363
27198.0,5.037486142074804E-4,0.058704385577632995,0.9407918658081595
26151.0,0.8305194804159821,0.16853437280678574,9.46146777232083E-4
26420.0,0.011518965919621527,0.9883236438229771,1.573902574013186E-4
27078.0,6.107569156538586E-13,1.7297025733855232E-7,0.999999827029132
26837.0,0.1287807598421005,0.870636901016433,5.823391414666226E-4
27379.0,0.26770023943187904,0.7322802877669732,1.9472801147779372E-5
26480.0,2.585076311622781E-5,5.677147521428724E-4,0.9994064344847409
26211.0,0.8091258108049297,0.1905738766527772,3.003125422929956E-4
27556.0,2.400951016078693E-11,6.714473756655394E-7,0.9999993285286148
27319.0,0.001720630489352031,0.0066072210791117995,0.9916721484315362
26769.0,0.5042063174844937,0.4957900682162092,3.6142992972054865E-6
27010.0,0.003868463817628404,0.99442784102067,0.0017036951617017484
26011.0,0.48452616229171425,0.5154715799165602,2.2577917255084054E-6
26286.0,0.09206815785430737,0.9030048624563507,0.004926979689341847
26557.0,0.00287325850744812,0.01838885444766797,0.978737887044884
27258.0,6.623433227655359E-11,5.592302942665021E-8,0.9999999440107362
27497.0,2.6986992452162663E-14,1.0045837045787717E-10,0.9999999998995146
26959.0,0.012666868398455312,0.9835757860180759,0.003757345583468748
26716.0,0.027227086295231604,0.9722177263436069,5.551873611614061E-4
26888.0,0.07538000980089393,0.9245902954303437,2.969476876247751E-5
26651.0,9.087936816411922E-10,1.3008109939006854E-5,0.9999869909812673
27197.0,0.1417004536590192,0.8578946892063768,4.048571346039543E-4
27438.0,1.698833085180834E-7,5.061580571311797E-6,0.9999947685361201
26345.0,0.029404479190964016,0.9696955563497311,8.999644593048198E-4
26618.0,0.14347500860121098,0.8517902444079989,0.004734746990790082
26076.0,0.8656555965023224,0.09618395516692471,0.03816044833075297
26838.0,0.0269044888953828,0.9409906593106566,0.03210485179396049
27077.0,0.025726013801453024,0.9733935292745272,8.804569240198708E-4
27376.0,9.61366219571914E-12,2.606423670426329E-8,0.9999999739261496
26423.0,0.008699165327121281,0.103796859016788,0.8875039756560907
26148.0,0.04156699540022001,0.9578120968854504,6.209077143295224E-4
27316.0,0.008039058057685143,0.09727260249799023,0.8946883394443246
27559.0,4.450815648126242E-5,0.1900405985157671,0.8099148933277516
27009.0,3.6126193862904715E-6,5.981318311941968E-4,0.9993982555494196
26770.0,0.1892952445014235,0.8106304614643397,7.429403423665158E-5
26208.0,1.888929867080386E-4,0.655563769344318,0.34424733766897386
26483.0,4.45041778621082E-14,5.311984322469356E-12,0.9999999999946435
27498.0,0.033659365989536796,0.9237704599282028,0.042570174082260374
27257.0,0.0017261196481280145,0.0021480600065593076,0.9961258203453127
26719.0,0.7047068106022697,0.29441957743577096,8.736119619592354E-4
26956.0,0.3209712621608697,0.5641424841632502,0.1148862536758802
26008.0,0.025407247214384133,0.9357672506964958,0.03882550208911994
26558.0,0.3333046361726858,0.6531020927555493,0.013593271071764815
26285.0,0.03255873635458895,0.9673150428736325,1.2622077177866308E-4
26889.0,1.506348098479156E-8,2.590440609829435E-6,0.9999973944959092
26650.0,0.203655060683607,0.7963422626827231,2.676633669920983E-6
27196.0,0.32128207259891306,0.678366097448918,3.51829952168954E-4
27439.0,1.7998692103472975E-6,2.450456031612755E-5,0.9999736955704736
26344.0,0.027542335437464434,0.735661249584987,0.2367964149775486
26619.0,0.3997581903438434,0.6002401055497489,1.7041064075964789E-6
26077.0,0.11646071280803993,0.8835264337810215,1.2853410938590035E-5
26839.0,5.037486142074804E-4,0.058704385577632995,0.9407918658081595
27076.0,2.7412834084621527E-17,1.1822307985068474E-14,0.9999999999999881
27377.0,0.4344592213290552,0.5655147356890629,2.6042981882040462E-5
26422.0,0.004839196727065932,0.016591531635654626,0.9785692716372795
26149.0,0.003996090571633535,0.04835269591676576,0.9476512135116008
27317.0,0.0012848584688507237,0.06864591535724711,0.9300692261739022
27558.0,0.03419670771624563,0.9635885711710033,0.0022147211127511407
27008.0,0.6523070650165915,0.34769273327154654,2.0171186184870965E-7
26771.0,0.18728463656865085,0.8106244458273305,0.0020909176040186596
26209.0,0.09232201702101535,0.9069671228999321,7.108600790526554E-4
26482.0,0.006524643310301155,0.0687369830221027,0.9247383736675963
27499.0,0.1748647281089018,0.8242085241553053,9.267477357929035E-4
27256.0,0.8086114347764105,0.1913861823314331,2.382892156447143E-6
26718.0,0.8188768639275857,0.18112207908764652,1.0569847676820029E-6
26957.0,0.026539332625312422,0.5618007813995162,0.41165988597517134
26009.0,0.022048626163657513,0.9779064563842946,4.491745204798539E-5
26559.0,0.005966224690457196,0.010975341065185459,0.9830584342443573
26284.0,0.8156066626139363,0.18439146838365755,1.8690024059711217E-6
26963.0,0.0361769755997825,0.9637631049595341,5.991944068327652E-5
26688.0,0.004839196727065932,0.016591531635654626,0.9785692716372795
27238.0,0.1578645007313224,0.723518417186416,0.1186170820822617
27509.0,0.7851969859816449,0.21414463254044866,6.583814779063232E-4
26290.0,1.3139964104069834E-4,0.9995718197971274,2.9678056183206775E-4
26529.0,0.10666109294246112,0.8918329233818104,0.0015059836757284888
25991.0,0.019924756154272368,0.14002024717041603,0.8400549966753117
26765.0,0.12078009866058997,0.8727126556658902,0.006507245673519897
27038.0,8.184756883910247E-8,9.563230126675984E-6,0.9999903549223046
27576.0,3.0102397813652044E-6,0.004699559484150252,0.9952974302760683
27307.0,0.5945976677724751,0.40540221165760393,1.2056992098564425E-7
26476.0,0.4272518321226486,0.5727417002323374,6.46764501394807E-6
26239.0,1.544327286553953E-8,7.712729650751991E-7,0.9999992132837621
27375.0,0.32457679165480197,0.6754198728385652,3.3355066328782453E-6
27098.0,0.9374189947386737,0.06256752246477983,1.3482796546475518E-5
26825.0,0.5152480833182914,0.4847512931513606,6.235303479901133E-7
26171.0,0.0016127997145514565,0.02569010745312187,0.9726970928323266
26408.0,0.8305194804159821,0.16853437280678574,9.46146777232083E-4
27441.0,0.07508793873005626,0.9224842259062035,0.0024278353637402625
27170.0,0.4674062346259839,0.5250494216716831,0.007544343702333091
26628.0,1.1395602205021363E-7,0.004063042463701321,0.9959368435802766
26903.0,6.486313142903442E-4,0.9746286142895133,0.024722754396196343
26051.0,0.022826925649690997,0.9717033224264299,0.005469751923879102
26597.0,1.5840450455738907E-4,0.9992818779168013,5.597175786411581E-4
26358.0,1.4350733611190292E-10,7.483432149899731E-7,0.9999992515132776
26962.0,0.019161809824688337,0.9778030967535983,0.003035093421713297
26689.0,0.04130588630832501,0.9571884086091798,0.0015057050824951142
27239.0,0.3908247621748879,0.6091670962660348,8.141559077155612E-6
27508.0,0.0074578839845731775,0.9924839018240817,5.821419134508806E-5
26291.0,0.42915336874933707,0.5707814689040486,6.516234661428476E-5
26528.0,1.862942997107158E-5,0.01643244322955174,0.9835489273404772
25990.0,0.3860626219364891,0.6139359380541732,1.4400093377644429E-6
26764.0,0.013796660239930236,0.9861448095139148,5.853024615499321E-5
27039.0,0.023701490419185442,0.18288187051840618,0.7934166390624083
27577.0,0.11277750596606455,0.8809685141151196,0.006253979918815919
27306.0,1.83619152354774E-7,3.673430193035891E-4,0.9996324733615441
26477.0,0.036605050135584336,0.9620482760899639,0.0013466737744518157
26238.0,0.014968684269742578,0.5781633973478485,0.4068679183824088
27374.0,9.582526243068307E-4,0.004906253436450973,0.9941354939392423
27099.0,0.002377795636454317,0.9931190074384986,0.004503196925047257
26824.0,0.007973785645526133,0.034870782706382504,0.9571554316480915
26170.0,0.9636166725910174,0.036382997567511274,3.2984147141129615E-7
26409.0,0.001206660000447903,0.1616238129033833,0.8371695270961688
27440.0,3.3998923535728364E-10,2.609482172462969E-7,0.9999997387117935
27171.0,0.5414991756838208,0.4568519874882727,0.0016488368279063172
26629.0,0.05341754069016061,0.9423998871090407,0.004182572200798773
26902.0,3.607999396147313E-10,2.4537326888520415E-7,0.9999997542659312
26050.0,0.061946466705410465,0.14323957766716536,0.7948139556274241
26596.0,4.501657347673659E-4,0.9336109346198388,0.06593889964539387
26359.0,0.023741301144525453,0.9760905761552776,1.6812270019699418E-4
26531.0,0.0956506736638061,0.9043256400479306,2.3686288263258675E-5
26288.0,0.0047445273782974655,0.007625133286549499,0.9876303393351531
25989.0,1.712615229837634E-10,5.7867289322234025E-8,0.9999999419614493
26690.0,0.13213460962054854,0.8140458227113533,0.05381956766809817
26961.0,0.53954520148949,0.460453933326974,8.651835359358283E-7
27511.0,3.4749720615510703E-4,0.7289994300009406,0.2706530727929043
27236.0,0.01332950146387147,0.9866273972095132,4.310132661540416E-5
26237.0,0.1120143193694255,0.8879841641679536,1.5164626210104454E-6
26478.0,0.008937285059838512,0.9906800299154185,3.8268502474290614E-4
27036.0,0.6496349245490882,0.35035958104048254,5.494410429279313E-6
26767.0,8.392320091235849E-7,2.5022799497459707E-5,0.9999741379684934
27305.0,5.6629813999522595E-5,0.13153962884415932,0.8684037413418411
27578.0,0.9864949808608261,0.013479196194090248,2.582294508352066E-5
26410.0,1.1951370315779946E-7,8.990427822712338E-6,0.9999908900584742
26169.0,0.32133870832303896,0.67866016349464,1.12818232102896E-6
27373.0,0.8246822485713787,0.1753176998956023,5.153301899891566E-8
26827.0,0.08574874749933599,0.9141694376385324,8.181486213174139E-5
27096.0,0.7889418718002996,0.21094722649125042,1.1090170844998737E-4
26049.0,4.882375019782432E-14,1.1040568343860331E-9,0.9999999988958943
26356.0,5.023464317602739E-4,0.056689282225747144,0.9428083713424925
26599.0,9.95835154988528E-10,7.025536747694731E-10,0.9999999983016111
27168.0,0.002122390601045717,0.059014068827965865,0.9388635405709884
27443.0,7.913186598148924E-13,4.266781040376631E-9,0.9999999957324277
26901.0,0.0023095876384288234,0.011825088708755576,0.9858653236528155
26630.0,2.0140133640316442E-9,3.6453959632186434E-7,0.9999996334463904
26530.0,0.9405592763252949,0.05944069750216926,2.6172535773521065E-8
26289.0,4.340366922393408E-13,7.064845297322858E-9,0.9999999929347206
25988.0,0.007296449032955409,0.9911742948254321,0.00152925614161239
26691.0,4.324299431146864E-20,4.7001215548175755E-14,0.999999999999953
26960.0,0.14462355340070526,0.8553708420218672,5.604577427522721E-6
27510.0,0.1793528713302994,0.8206391075615862,8.021108114404194E-6
27237.0,1.723926606086528E-15,1.4306352323387431E-11,0.9999999999856919
26236.0,0.023382762528662324,0.9044489154354263,0.07216832203591136
26479.0,0.005851341729230939,0.05140002146461688,0.9427486368061522
27037.0,0.02652738232628611,0.9707473881640514,0.0027252295096624806
26766.0,0.03529411764705883,0.11764705882352944,0.8470588235294119
27304.0,0.12595833892367375,0.8641791732112122,0.009862487865114105
27579.0,0.4869727320110317,0.513011846085471,1.5421903497275876E-5
26411.0,0.13895641757341584,0.8413327133653483,0.019710869061235838
26168.0,0.6711501699861717,0.3288472913787486,2.5386350796994447E-6
27372.0,0.008039058057685143,0.09727260249799023,0.8946883394443246
26826.0,0.23186351423947463,0.767913638840326,2.2284692019930905E-4
27097.0,0.8799995185622697,0.12000035866907326,1.2276865718252475E-7
26048.0,0.01396545207089748,0.2277172988510872,0.7583172490780155
26357.0,0.2094547785567938,0.7904940916318358,5.1129811370426756E-5
26598.0,0.358591026684949,0.6402085719855894,0.0012004013294614688
27169.0,0.013259095391067148,0.02674345397857487,0.9599974506303579
27442.0,1.0220839495236677E-18,1.316188229854072E-11,0.9999999999868381
26900.0,0.05063177401262893,0.9477475406830526,0.0016206853043184695
26631.0,0.5972954468095859,0.11357830564204234,0.28912624754837174
27580.0,0.09542864351632607,0.8616041129908318,0.04296724349284209
27311.0,0.9153145400345728,0.08468537602325464,8.394217260730945E-8
26761.0,0.9687970116120395,0.03120297486464599,1.3523314603338593E-8
27034.0,0.027562844439319254,0.9721749516960522,2.6220386462858045E-4
26472.0,0.11516099211064885,0.8787171997121718,0.006121808177179442
26235.0,0.07885041521993905,0.920704707927406,4.448768526549092E-4
27234.0,0.04662328028573389,0.9488091249721594,0.004567594742106759
27505.0,0.3689403047750812,0.6310562073312861,3.4878936326542083E-6
26967.0,4.811631165469085E-7,0.003532731724146164,0.9964667871127373
26692.0,0.28691567708335963,0.7130778206890842,6.5022275561747545E-6
25987.0,0.015107137042009198,0.98487188513551,2.097782248067276E-5
26294.0,2.103722594335958E-4,0.9997485984027019,4.102933786448661E-5
26533.0,0.7920955717340887,0.20790416248529148,2.657806197735668E-7
26624.0,0.6554462952121903,0.34450888458924483,4.482019856493775E-5
26899.0,0.39876035649146957,0.6012179295221648,2.1713986365656755E-5
27445.0,7.580745626206322E-5,0.01351222072058003,0.9864119718231579
27174.0,0.6173264692635816,0.3826734731171325,5.761928603221769E-8
26593.0,0.7498292282768935,0.2500199284392895,1.5084328381712394E-4
26354.0,0.13232151321085756,0.8656386098911988,0.0020398768979435766
26055.0,0.023282671437206092,0.4560671317679202,0.5206501967948737
27102.0,0.03415428256803614,0.8623613975755844,0.10348431985637953
26829.0,0.04045566265910997,0.9461915378689856,0.01335279947190431
27371.0,0.03225806451612903,0.1075268817204301,0.8602150537634408
26175.0,0.8305194804159821,0.16853437280678574,9.46146777232083E-4
26412.0,0.4850306662411737,0.5149611700188923,8.163739933953354E-6
27581.0,0.03749363599983697,0.9624912072197146,1.5156780448372153E-5
27310.0,0.015887482956821086,0.98208009602903,0.0020324210141489034
26760.0,0.025407247214384133,0.9357672506964958,0.03882550208911994
27035.0,0.10610338710429205,0.8938131553150785,8.345758062924311E-5
26473.0,0.01337537118230637,0.1032671904049179,0.8833574384127758
26234.0,0.003072847423513748,0.04894704518165899,0.9479801073948272
27235.0,0.12580790068726816,0.8218441379133249,0.052347961399407034
27504.0,0.06522664571521752,0.9224088561807119,0.012364498104070523
26966.0,0.7045119491621308,0.2954816190054549,6.431832414398705E-6
26693.0,5.234661744608795E-13,2.152463554936793E-10,0.9999999997842302
25986.0,0.8305194804159821,0.16853437280678574,9.46146777232083E-4
26295.0,0.0279399176698136,0.971116554381322,9.435279488643594E-4
26532.0,0.7388571423598993,0.26114282931604804,2.8324052600575506E-8
26625.0,1.915663020092489E-10,2.3309992980814008E-7,0.9999997667085039
26898.0,0.7544625002554616,0.24553367131713222,3.828427406168256E-6
27444.0,0.9738129816754685,0.026186672001006467,3.4632352503910033E-7
27175.0,0.0054311006031713994,0.8793157329353366,0.11525316646149206
26592.0,0.005745748887321588,0.00923423928319541,0.9850200118294831
26355.0,0.002422797217829368,0.9956273691613782,0.0019498336207925118
26054.0,6.044750869477593E-4,0.005450443015557397,0.9939450818974949
27103.0,0.20239670439834687,0.7976014200470904,1.8755545626714039E-6
26828.0,2.0458439581586115E-10,7.065323287955677E-7,0.9999992932630868
27370.0,0.011485492806417709,0.009229413862299942,0.9792850933312823
26174.0,0.9547636637347373,0.0452363335442866,2.720975956522743E-9
26413.0,1.193588039998185E-13,5.202272101309592E-10,0.9999999994796535
26233.0,0.0010326518066104825,0.9919039661380893,0.007063382055300179
26474.0,0.13087656036723055,0.8635072938212939,0.005616145811475603
27309.0,0.015485043160345083,0.9818601880834287,0.002654768756226222
27582.0,0.0118350693419348,0.9840297617718607,0.004135168886204382
27032.0,0.5837385384829119,0.35024312308974714,0.06601833842734094
26763.0,0.62545906023402,0.3745362439722182,4.695793761931648E-6
25985.0,0.2647851116849377,0.7351961365735887,1.875174147356389E-5
26535.0,0.33277317977909204,0.5764093960282771,0.09081742419263082
26292.0,4.15413343324349E-4,0.34496142457796747,0.6546231620787082
27507.0,0.010991287870123583,0.9864532399088355,0.0025554722210409447
27232.0,0.11251163188681547,0.8871464720556506,3.4189605753402063E-4
26694.0,0.44111066592946374,0.5586117274919112,2.776065786250533E-4
26965.0,3.2348204751831263E-13,1.2958911958040516E-9,0.9999999987037853
26352.0,2.7048771701625044E-4,0.001427847729509536,0.9983016645534742
26595.0,0.9829348514719444,0.017065088972809,5.9555246491370416E-8
26053.0,0.02640594120275022,0.2251132587344126,0.7484808000628372
26897.0,0.12735155805614543,0.8719290907133973,7.193512304573406E-4
26626.0,0.012568793172480846,0.9871928763823715,2.3833044514755562E-4
27172.0,0.09297937785727294,0.9070070101365431,1.361200618402473E-5
27447.0,6.829566958566017E-8,7.712411045784994E-4,0.999228690599752
26414.0,3.839015771272869E-12,9.387245878389874E-8,0.9999999061237023
26173.0,0.00275873505672507,0.0044336813411652905,0.9928075836021096
