26275.0,7.74831246713215E-8,1.008553731218978E-4,0.9998990671437535
26544.0,0.049100818045992436,0.950700777469519,1.984044844885608E-4
26006.0,0.13490707773890098,0.8650886227995316,4.2994615674984926E-6
26946.0,0.1804491991616522,0.8195497746103068,1.0262280410172869E-6
26705.0,0.9440328376006476,0.055967158836315256,3.563037185200611E-9
27255.0,0.4718615308747318,0.5274905741366741,6.478949885941061E-4
27492.0,0.9805501899249861,0.01944980903926236,1.0357514436049092E-9
26493.0,0.01644718021249361,0.9835130516568666,3.9768130639780246E-5
26222.0,4.806386341285836E-12,3.5778104933585845E-10,0.9999999996374125
26780.0,2.9588231984812886E-4,0.4896441376022444,0.5100599800779074
27023.0,1.1165865890474627E-9,3.965995796418619E-8,0.9999999592234555
27561.0,5.507261778203693E-4,0.6833654482327168,0.3160838255894628
27322.0,5.111757359541222E-4,0.34478940729285446,0.6546994169711915
26154.0,0.007118106067907294,0.9910898409597296,0.0017920529723629561
26425.0,0.07836732486281836,0.9216202418678032,1.243326937856092E-5
27390.0,3.062385966817589E-7,5.939802053465479E-5,0.9999402957408686
27083.0,0.9778958698183423,0.022104126571844986,3.609812812046876E-9
26840.0,0.008896403354832128,0.9910723947840288,3.120186113895499E-5
26066.0,0.15159160683956036,0.8481451187718579,2.6327438858183996E-4
26612.0,0.005590408670675033,0.9944053739676786,4.217361646333778E-6
26343.0,0.12219019480648491,0.8615491827544062,0.016260622439108835
27424.0,0.009101826740830841,0.7718309003272505,0.21906727293191858
27187.0,0.06198043318382219,0.9380179158747453,1.6509414325407256E-6
26645.0,0.29379880778004447,0.7061995676141046,1.62460585089228E-6
26886.0,0.3180354614237797,0.6814259015105182,5.386370657021787E-4
26274.0,0.9110169707351846,0.0889829063957874,1.2286902803193154E-7
26545.0,5.340982249737831E-15,5.615290390702774E-10,0.9999999994384656
26007.0,9.271521315944612E-8,5.513624352392549E-4,0.9994485448495476
26947.0,0.11253009088598984,0.887432536012877,3.737310113324632E-5
26704.0,5.034962783990856E-12,3.639026185723374E-5,0.9999636097331078
27254.0,0.06939088509893414,0.8179668604000215,0.11264225450104445
27493.0,1.3385646462225555E-12,1.0445545694755044E-7,0.9999998955432046
26492.0,0.005382528109341372,0.994613958725892,3.5131647667414676E-6
26223.0,0.036892241933477725,0.9630752358403397,3.2522226182422046E-5
26781.0,0.03080685608313866,0.9691839774522746,9.166464586814794E-6
27022.0,0.5628680620980924,0.43527981831044765,0.0018521195914600256
27560.0,1.899393736834868E-12,1.5632311790360931E-9,0.9999999984348695
27323.0,5.2642497101461035E-6,0.0014284698209874461,0.9985662659293024
26155.0,0.16929700393824668,0.8297600546831825,9.429413785707919E-4
26424.0,0.04480463352726233,0.9551950781620822,2.883106554118216E-7
27391.0,0.5217960010140177,0.4777931644410939,4.1083454488845175E-4
27082.0,0.00895194470254676,0.9866123651939902,0.004435690103463051
26841.0,0.27481635314621594,0.7250697919016307,1.1385495215338524E-4
26067.0,0.32464036097533083,0.40424421081066914,0.2711154282139999
26613.0,0.08609051980354807,0.9138973215190401,1.215867741172334E-5
26342.0,0.006758461766541997,0.8832600641680634,0.10998147406539475
27425.0,1.0272813481790735E-18,1.2942398631524848E-11,0.9999999999870577
27186.0,6.915252295357029E-5,0.009437861750141965,0.9904929857269045
26644.0,0.0018892897516935225,0.06592023762020578,0.9321904726281007
26887.0,0.8208444878291803,0.17915217967519106,3.3324956285852685E-6
26707.0,9.289011747692155E-15,5.465747466369712E-12,0.999999999994525
26944.0,0.008722725347544535,0.9813512272432403,0.00992604740921519
27494.0,0.043297378696158954,0.9566627236111565,3.989769268440277E-5
27253.0,0.041507924430357,0.9583158761775471,1.7619939209602433E-4
26546.0,0.5363532955651698,0.4635473634007701,9.93410340601687E-5
26273.0,0.03935421102428146,0.15784734502638864,0.8027984439493299
26004.0,1.0050478565851477E-12,1.718508669504956E-8,0.9999999828139082
27021.0,0.11898550706272369,0.8809800106119949,3.4482325281298864E-5
26782.0,8.099414698074037E-16,1.0595438712733132E-12,0.9999999999989397
27320.0,1.2645967669493069E-8,3.5747778811140865E-5,0.9999642395752211
27563.0,0.6476091763170673,0.35239023067376435,5.930091685146119E-7
26220.0,0.056352946601466815,0.9415627681952399,0.0020842852032933734
26495.0,4.1712457837136797E-8,0.0022244523894331594,0.9977755058981089
27388.0,7.953962479115986E-8,0.00170184241801027,0.998298078042365
26842.0,0.12083816563123062,0.8784846467643734,6.77187604395919E-4
27081.0,0.031512723927414485,0.9681067336420865,3.8054243049901696E-4
26427.0,0.050371332725711086,0.5576812230366095,0.39194744423767947
26152.0,0.010685433171524917,0.9886093922291938,7.05174599281161E-4
27185.0,3.5581212075306266E-10,6.584195048535813E-7,0.9999993412246829
27426.0,0.6235937785640527,0.37640119180321485,5.029632732351428E-6
26884.0,0.09079719244442488,0.9091987329466035,4.074608971686827E-6
26647.0,6.04581347615478E-23,6.599151537884216E-16,0.9999999999999993
26064.0,1.5873880768836097E-12,8.139131952349626E-9,0.9999999918592807
26341.0,0.046998520824938585,0.8070770769304748,0.14592440224458644
26614.0,0.8162084323677162,0.18378932932486894,2.2383074147361426E-6
26706.0,3.102243579872007E-5,0.0014186045948439603,0.9985503729693573
26945.0,8.712136620821682E-9,3.4887579942769575E-5,0.9999651037079205
27495.0,2.6778124120990328E-5,0.9921660794452891,0.007807142430589798
27252.0,0.0303978627787359,0.9665224521974651,0.0030796850237989654
26547.0,0.9135857884618527,0.08641413419125094,7.734689658691312E-8
26272.0,5.8366406961763135E-8,1.1608391267263624E-4,0.9998838577209205
26005.0,0.030799543681801374,0.968563193799251,6.372625189475098E-4
27020.0,0.8916188906122485,0.1083808630973459,2.462904055915094E-7
26783.0,0.07423104042556605,0.9254633120264139,3.056475480201362E-4
27321.0,0.18379250563303462,0.8162041932690864,3.3010978790487354E-6
27562.0,0.5255446668050645,0.47445501714382743,3.1605110805283714E-7
26221.0,0.0956230707928656,0.9042664135344749,1.1051567265939523E-4
26494.0,0.13464188707024374,0.788182694213959,0.07717541871579717
27389.0,8.516847320404156E-10,1.0366405359686295E-5,0.9999896327429556
26843.0,3.367548570722465E-11,3.710559848088386E-7,0.9999996289103397
27080.0,0.9352468608292293,0.06475294171984784,1.9745092281462967E-7
26426.0,0.0851712334474391,0.7283860670818078,0.18644269947075318
26153.0,0.8107157377966017,0.18927826982050042,5.992382897770507E-6
27184.0,0.8182123547923419,0.18178688836735676,7.568403012560023E-7
27427.0,4.169587977111788E-9,3.887867575687299E-6,0.9999961079628362
26885.0,0.009592533533009083,0.9891274609782164,0.0012800054887743455
26646.0,0.9215524143554409,0.07844746148554035,1.2415901883649496E-7
26065.0,0.03993031724638976,0.9598650100176701,2.0467273594017364E-4
26340.0,1.1972872107944298E-10,3.3769486805645277E-7,0.9999996621854033
26615.0,3.23757052044437E-4,0.9986902999365241,9.859430114312962E-4
25951.0,0.0017676969071066726,0.931332904259044,0.06689939883384938
26489.0,0.0655405989259876,0.9343704434683312,8.895760568137437E-5
26218.0,2.6006215134383674E-5,0.018069149973480587,0.981904843811385
27565.0,0.047378772262542536,0.9526111560392821,1.0071698175398284E-5
27326.0,0.2812560603302635,0.7187437219485178,2.1772121878274602E-7
26776.0,4.021753962187051E-9,5.966361631960216E-7,0.9999993993420828
27019.0,0.0554271247056576,0.9441486437631459,4.242315311964573E-4
26002.0,3.0840466424817805E-5,0.004275461258494042,0.9956936982750811
26279.0,2.54584819388951E-11,2.508148147661512E-7,0.9999997491597269
26548.0,0.1931327711368522,0.8068573689201284,9.859943019539395E-6
27251.0,0.21346271139569994,0.7865141287447686,2.315985953143566E-5
27488.0,0.41124857553532307,0.5887512997234773,1.2474119958992832E-7
26950.0,0.6181866321285528,0.3818129966982055,3.71173241674012E-7
26709.0,2.0534935620057225E-18,2.1617504150473682E-16,0.9999999999999998
26608.0,0.09400188996853936,0.905895560980614,1.0254905084655929E-4
26339.0,0.1988803119057956,0.8010887692997458,3.09187944586686E-5
26070.0,0.0096373551936011,0.9865407928839665,0.0038218519224324774
26641.0,7.490907905170299E-4,0.8738771781868789,0.125373731022604
26882.0,0.9832192210483299,0.016780778038466816,9.132031677492244E-10
27428.0,0.14332634061062993,0.8566241159129355,4.954347643467946E-5
27191.0,0.9196860223054654,0.08031064825703459,3.3294375001227113E-6
26158.0,0.001272847747964319,0.16655585619477625,0.8321712960572595
26429.0,0.12639714843314442,0.8734011319073989,2.0171965945658748E-4
27087.0,0.24322455999252612,0.756772432914781,3.0070926928255096E-6
26844.0,0.8567495156173727,0.1432496660335503,8.183490769560311E-7
27386.0,0.4897634359665974,0.5102279904949282,8.573538474404284E-6
25950.0,0.4592533291419136,0.5407388689761433,7.801881943030957E-6
26488.0,1.1026273032150262E-4,4.021640547368147E-4,0.9994875732149417
26219.0,0.02052210932236954,0.9670301416752592,0.012447749002371165
27564.0,0.5422751121573701,0.4577145681339174,1.0319708712505625E-5
27327.0,0.35936833814327895,0.6406248353734029,6.826483318160287E-6
26777.0,0.0037267560603104436,0.5369681726375961,0.4593050713020934
27018.0,5.777119342022557E-7,5.472438781293187E-4,0.9994521784099365
26003.0,0.1761686500109318,0.8237600743002327,7.127568883542376E-5
26278.0,0.001413664686280256,0.27225452960718227,0.7263318057065375
26549.0,0.633728467281122,0.3662676980264495,3.834692428692072E-6
27250.0,0.11535458152165262,0.8846219802498854,2.343822846204396E-5
27489.0,0.013576757725155103,0.9863678928982197,5.534937662532121E-5
26951.0,0.05893305356023671,0.9410546313922385,1.2315047524769982E-5
26708.0,0.0012568244920086733,0.021795901070449493,0.9769472744375418
26609.0,0.7181532096651442,0.2818438037989242,2.986535931605326E-6
26338.0,0.7327706269955522,0.26722936369395317,9.310494636349555E-9
26071.0,0.002385127780927363,0.981633860939392,0.01598101127968051
26640.0,1.4064884010012068E-6,0.0011065732463882239,0.9988920202652107
26883.0,0.014397109800719654,0.572360040015605,0.41324285018367546
27429.0,0.5435461969298204,0.4563790791680459,7.472390213371182E-5
27190.0,0.4982236629793111,0.501621674493742,1.5466252694701168E-4
26159.0,8.073999742409142E-7,3.187661800919565E-5,0.9999673159820166
26428.0,1.6257662794298718E-11,1.2250457037462608E-7,0.999999877479172
27086.0,0.5719466371578392,0.41544478591977907,0.01260857692238173
26845.0,2.3646685905988193E-11,1.545744588732795E-7,0.9999998454018945
27387.0,1.6145112026643078E-6,0.0019723702792024374,0.9980260152095949
27324.0,0.06762600625542467,0.9322691792761862,1.0481446838899689E-4
27567.0,0.28762624228972766,0.7123284948933577,4.526281691453897E-5
27017.0,0.7628651046518341,0.23713408140617168,8.139419942817366E-7
26778.0,0.9403035331859263,0.05969644580100884,2.1013064842450755E-8
25949.0,0.09776131892501838,0.9021262207534421,1.1246032153953625E-4
26216.0,0.6449354933389629,0.3550641752100382,3.314509988530446E-7
26491.0,0.14782723815876042,0.8520040093869805,1.687524542590524E-4
27490.0,4.931874968479444E-16,7.661261119062191E-13,0.9999999999992333
27249.0,3.994150376158871E-9,2.3815352323446867E-7,0.9999997578523263
26711.0,0.6055999536782851,0.3943906736103714,9.372711343499859E-6
26948.0,1.8170830231746868E-4,0.007959530855930236,0.9918587608417524
26000.0,3.952876489346054E-6,1.5671094767731697E-4,0.9998393361758333
26550.0,0.45571319965268253,0.5442797927661863,7.007581131189738E-6
26277.0,0.9032295248813873,0.09677038959847656,8.55201361372387E-8
26880.0,0.5243678470878479,0.47474485286072393,8.873000514280845E-4
26643.0,0.026364083684205824,0.43431684753664107,0.5393190687791531
27189.0,0.31492017845211717,0.6850789191694426,9.023784403262909E-7
27430.0,1.2301324827821625E-14,2.2790832635960358E-10,0.9999999997720794
26337.0,0.36581986793551846,0.6341797475188962,3.845455852966338E-7
26610.0,0.9716740776949664,0.02832592144077182,8.642619037306085E-10
26068.0,0.13448375443211436,0.8655115952101495,4.650357736048215E-6
26846.0,0.003513747923855944,0.9961790021148794,3.0724996126462725E-4
27085.0,0.002941479384202911,0.9515756952323875,0.04548282538340949
27384.0,0.9610437720675234,0.03895621684500121,1.1087475382201042E-8
26431.0,0.053932021068050076,0.6315137930689094,0.31455418586304057
26156.0,0.9871612968587931,0.01283870271662396,4.2458315270671753E-10
27325.0,4.8050501409563E-7,2.630345255867696E-5,0.9999732160424272
27566.0,1.1597480190611055E-14,6.550566609185083E-10,0.9999999993449318
27016.0,0.01657073118412251,0.6306450858124946,0.3527841830033829
26779.0,0.012612890000439555,0.9744203907940523,0.012966719205508128
26217.0,0.29565001386373874,0.7042752164278816,7.476970837955936E-5
26490.0,5.789390160657078E-6,0.0014328820326539517,0.9985613285771854
27491.0,1.6951039645901855E-17,2.631013510222566E-12,0.999999999997369
27248.0,0.05421728771844074,0.9439183285140247,0.0018643837675346479
26710.0,0.9571136687745032,0.04288630758799232,2.3637504453151143E-8
26949.0,0.0425646317592377,0.95743469891158,6.693291821872902E-7
26001.0,1.3592220506967464E-4,0.05869390408594556,0.9411701737089847
26551.0,8.675847578628865E-11,1.3648440706394168E-7,0.9999998634288345
26276.0,1.9568808676676166E-6,4.9878223827385214E-5,0.9999481648953049
26881.0,0.05606447287260218,0.9439324614826731,3.065644724754876E-6
26642.0,0.6234912131918628,0.3448097469150832,0.031699039893054025
27188.0,0.1763021025589725,0.823666658643605,3.123879742247365E-5
27431.0,0.06667911617367378,0.9332274303990704,9.345342725579323E-5
26336.0,3.98801152408324E-11,5.548635016773933E-7,0.9999994450966182
26611.0,1.4355699613108458E-8,8.303163065131986E-8,0.9999999026126697
26069.0,0.32681914395277833,0.6731493385271732,3.1517520048546574E-5
26847.0,2.0359956986903573E-19,5.125294458438439E-15,0.9999999999999949
27084.0,2.5638624743099E-5,0.005182622261084811,0.994791739114172
27385.0,0.08775910512193072,0.9120793904921661,1.615043859030623E-4
26430.0,0.23291159855526916,0.7669501183134356,1.3828313129507743E-4
26157.0,0.0026535481473623514,0.8790424073433052,0.11830404450933237
26146.0,0.03995629522744559,0.9586704535550795,0.0013732512174749042
26417.0,0.036791251244941224,0.9630990464538707,1.0970230118828036E-4
27382.0,1.4526148512969576E-12,1.4632037788388034E-8,0.9999999853665096
27075.0,1.5378200008496891E-16,1.6921565812602795E-11,0.9999999999830782
26832.0,0.014689436166952783,0.8388801098849221,0.14643045394812515
26074.0,0.013397305602694278,0.9578584776222583,0.028744216775047442
26620.0,0.5959900658367495,0.4034164930957033,5.934410675472668E-4
26351.0,3.339303154820698E-10,2.1961285872751176E-6,0.9999978035374825
27432.0,6.326214620321685E-7,0.009676829104117473,0.9903225382744205
27195.0,0.16422809107902958,0.8356774123853263,9.449653564422652E-5
26653.0,6.916837317844727E-14,1.815976713058533E-8,0.9999999818401638
26894.0,2.982911218253674E-5,1.1497053880702221E-4,0.9998552003490105
26283.0,0.003099103509554935,0.3392887452058684,0.6576121512845767
26552.0,0.3753650627859627,0.6234514879145988,0.0011834492994385987
26014.0,0.04892359243396679,0.9503720453909832,7.043621750500835E-4
26954.0,1.1410585484228832E-4,2.5496643553910107E-4,0.9996309277096186
26713.0,0.08972844282890219,0.9102407089398952,3.0848231202601775E-5
27263.0,1.0038545865237477E-4,0.5922392692529341,0.4076603452884135
27500.0,0.18700994308298474,0.8129591421958497,3.091472116552596E-5
26485.0,2.451874878501293E-7,2.0934067004644473E-4,0.9997904141424658
26214.0,0.4354774527026492,0.23347756469825007,0.33104498259910065
26772.0,4.535916142773964E-14,1.6190144295796155E-9,0.9999999983809402
27015.0,0.024861664903395777,0.9697686881874219,0.0053696469091824225
27553.0,0.015647031477894414,0.9798458989182384,0.004507069603867065
27314.0,0.3181223626314431,0.6818719913729228,5.6459956341648655E-6
26147.0,1.629441811763488E-12,2.2153021165036746E-8,0.9999999778453494
26416.0,6.261971986901136E-8,3.4287088772200496E-4,0.9996570664925581
27383.0,1.6011433409388804E-15,2.4510860282090653E-12,0.9999999999975473
27074.0,2.14043721814435E-12,1.243751784526817E-7,0.999999875622681
26833.0,0.24778156935221352,0.751994767003385,2.236636444014675E-4
26075.0,1.1410654096983524E-5,0.015738794894525506,0.9842497944513775
26621.0,0.0987782337710347,0.9012202013873182,1.564841647159904E-6
26350.0,0.704652706610989,0.2953463570444926,9.36344518430593E-7
27433.0,0.09341784736738068,0.9065528129614193,2.9339671200153804E-5
27194.0,0.1638120934178027,0.8361142300389146,7.367654328274256E-5
26652.0,0.02180462266781955,0.9779401919646058,2.551853675745655E-4
26895.0,0.001727260545591514,0.9931107297902282,0.005162009664180275
26282.0,7.621899971720836E-5,0.005304127916245739,0.994619653084037
26553.0,0.1342880340587523,0.8656877685201714,2.419742107636219E-5
26015.0,0.8596894640215205,0.1403088863132133,1.6496652660110128E-6
26955.0,0.12222398548450722,0.8777486738429232,2.734067256963452E-5
26712.0,0.03237799062302727,0.9675467469872056,7.526238976733756E-5
27262.0,2.4748448674560486E-13,1.1834729616117236E-9,0.9999999988162795
27501.0,0.4025391264070732,0.59744587975953,1.4993833396806058E-5
26484.0,0.39241937111544334,0.6074000715863017,1.8055729825489946E-4
26215.0,0.44784784445985104,0.5521515213415835,6.341985654960199E-7
26773.0,0.8738843616001555,0.12611563323606212,5.1637823052762E-9
27014.0,0.03249450936489601,0.9620545470439857,0.005450943591118257
27552.0,0.07722478067172181,0.9226590733593094,1.1614596896860825E-4
27315.0,0.4832458816995372,0.51670318026657,5.093803389289717E-5
27380.0,9.428290623942815E-5,0.88588404224479,0.11402167484897047
26834.0,1.0142158847714075E-7,7.006391181226688E-5,0.9999298346665993
27073.0,0.014922805900381315,0.9846072117244212,4.699823751972847E-4
26419.0,0.969037825664007,0.030962161571148453,1.2764844694964325E-8
26144.0,0.013024684018665023,0.9863848545243453,5.90461456989638E-4
27193.0,0.9837775572098405,0.016222442338935824,4.5122352333445313E-10
27434.0,0.028506911660768425,0.9713404228598119,1.5266547941982712E-4
26892.0,0.7693686341625805,0.2306306210400233,7.447973960026176E-7
26655.0,0.03652424716785191,0.9624796486699345,9.96104162213704E-4
26072.0,9.002901476062588E-19,3.4748068300558846E-12,0.9999999999965252
26349.0,0.006083742891255483,0.9938773241051336,3.893300361073913E-5
26622.0,0.21818357599794272,0.7817979143534343,1.8509648623089377E-5
26715.0,0.19993597520514622,0.800062616130394,1.4086644599266575E-6
26952.0,0.2855888804682198,0.7144054075040117,5.712027768626316E-6
27502.0,0.8345400434759787,0.16545971529754885,2.4122647253581897E-7
27261.0,0.06021092459319734,0.9396920570813726,9.701832542994986E-5
26554.0,1.926816477631948E-5,0.005169730529663831,0.9948110013055599
26281.0,3.0175444808527626E-7,2.0017140672625656E-5,0.9999796811048792
26012.0,0.007674231610503111,0.2819527790119273,0.7103729893775697
27013.0,0.7602516566355748,0.23974806125086506,2.8211356000281376E-7
26774.0,0.1479145218212128,0.5462115931980376,0.30587388498074963
27312.0,5.953866989602258E-4,0.9611984162590665,0.038206197041973186
27555.0,2.1273462934654383E-4,0.004092876676914604,0.9956943886937388
26212.0,6.179149485293922E-17,6.690394807112619E-14,0.9999999999999329
26487.0,0.548738923105086,0.45125658443962313,4.492455290815447E-6
27381.0,7.027801140350034E-7,3.323110788923064E-5,0.9999660661119968
26835.0,0.001665045355633991,0.24033794345813073,0.7579970111862352
27072.0,0.002644235737601747,0.9889761351294598,0.008379629132938419
26418.0,0.9249671508898037,0.07503283181081785,1.7299378435760387E-8
26145.0,3.127112840601419E-15,4.292238312201062E-12,0.9999999999957045
27192.0,0.21630954496093321,0.7836650836372788,2.5371401788097444E-5
27435.0,0.011506601908628218,0.8481346733820668,0.14035872470930494
26893.0,0.986016758349933,0.01398324123494914,4.1511792533273663E-10
26654.0,9.09680396926851E-4,0.9974679642924212,0.0016223553106520005
26073.0,1.1412072233331678E-9,1.3006924549216244E-6,0.9999986981663379
26348.0,0.016936339225798486,0.48328608356043845,0.4997775772137632
26623.0,9.496686466874405E-7,0.0012027908040292195,0.9987962595273242
26714.0,0.25067446655970405,0.7493089916658641,1.6541774431854975E-5
26953.0,1.0355072019218625E-4,0.005752194745669506,0.9941442545341383
27503.0,0.10084427552905144,0.8990172839254401,1.3844054550846198E-4
27260.0,0.4152606085303509,0.5846955733369138,4.381813273539122E-5
26555.0,0.01230328415569416,0.9873127918844552,3.839239598508418E-4
26280.0,0.1087918668599361,0.8910320515599812,1.760815800826766E-4
26013.0,4.222244735797279E-9,7.423224663712307E-7,0.9999992534552888
27012.0,1.3271114786006223E-7,0.005743914882958742,0.9942559524058934
26775.0,5.574843432451591E-4,0.07261472098385201,0.9268277946729029
27313.0,0.01686199558365135,0.0466420207623231,0.9364959836540255
27554.0,0.028179616596286008,0.9718171706935304,3.2127101836165006E-6
26213.0,6.717080242764889E-7,4.3881295799194045E-6,0.9999949401623959
26486.0,4.535996564723235E-4,0.025805550209002565,0.973740850134525
26616.0,0.03014401175650305,0.9698445557714582,1.1432472038529785E-5
26347.0,0.03382286929759066,0.9657968850612129,3.802456411965769E-4
26078.0,1.7773477892317654E-8,9.080959682731245E-6,0.9999909012668394
26649.0,1.4747721365958113E-4,0.016685820180047373,0.983166702606293
26890.0,0.05316841083472481,0.9456049792702436,0.0012266098950315225
27436.0,4.977452705722461E-16,5.6872909065999515E-12,0.9999999999943121
27199.0,1.137281419349958E-7,0.002172095587499576,0.9978277906843585
26150.0,3.65318995512807E-19,3.2609998655910296E-12,0.999999999996739
26421.0,0.2782075279728368,0.7217890914110587,3.3806161044966445E-6
27079.0,0.051203881574903555,0.9487648892935379,3.122913155858015E-5
26836.0,0.10856405280603043,0.8913860692050826,4.987798888694229E-5
27378.0,0.08932107048324413,0.9100839235438005,5.95005972955409E-4
26481.0,6.342356345026841E-8,2.2836925034917362E-4,0.9997715673260874
26210.0,2.039104207176349E-9,3.731108672549782E-6,0.9999962668522233
27557.0,2.257745221343332E-15,6.940406234042937E-11,0.9999999999305937
27318.0,0.11756954688672153,0.882393800222678,3.665289060065377E-5
26768.0,0.001546172747393995,0.12605624809146931,0.8723975791611367
27011.0,5.021074736761325E-14,7.496444698970436E-10,0.9999999992503052
26010.0,0.03141150793365135,0.9682490990514677,3.393930148809306E-4
26287.0,0.4201962915226359,0.5797655006649303,3.82078124338286E-5
26556.0,0.0034837375777977634,0.02728180805360023,0.9692344543686019
27259.0,0.038686381297748575,0.9612212497860315,9.236891621990013E-5
27496.0,0.07718750535375987,0.9213152597862891,0.0014972348599509122
26958.0,1.2440662919528122E-16,8.877906793719434E-13,0.999999999999112
26717.0,0.22930960374562848,0.7698068252720677,8.835709823039134E-4
26617.0,0.009033861612162589,0.6252831292626342,0.3656830091252032
26346.0,0.6095976482508789,0.39039666373364473,5.68801547634576E-6
26079.0,0.016630640576289997,0.9825203141382997,8.490452854104062E-4
26648.0,2.2266597630939145E-7,5.351493908639422E-5,0.9999462623949372
26891.0,0.6528644700968746,0.34712729886301646,8.231040108885546E-6
27437.0,0.0038051618851263637,0.3188808112314443,0.6773140268834293
27198.0,6.94519598587031E-20,6.836510306240754E-14,0.9999999999999316
26151.0,0.7245291601201065,0.27547081469320955,2.5186683912298312E-8
26420.0,0.010524472113073799,0.9892643290746297,2.1119881229671202E-4
27078.0,2.5326568657115657E-13,1.2601880373549632E-7,0.9999998739809429
26837.0,0.08325605339524392,0.9160746884580686,6.692581466876699E-4
27379.0,0.23004346047763893,0.7699049412667187,5.1598255642358014E-5
26480.0,1.0894010759563909E-5,3.7855338496298885E-4,0.9996105526042774
26211.0,0.7970822412970756,0.2025227768864687,3.9498181645576967E-4
27556.0,1.624208644777175E-11,5.711469724255441E-7,0.9999994288367855
27319.0,1.59749615354347E-13,3.1905393762765725E-8,0.9999999680944466
26769.0,0.5812393257324158,0.41875798079091314,2.693476671154349E-6
27010.0,0.0032757068731891106,0.9965165466895376,2.0774643727327653E-4
26011.0,0.47391510266421183,0.5260818187725005,3.0785632877153426E-6
26286.0,0.09555057861473239,0.901778168895005,0.002671252490262604
26557.0,6.124100741019803E-11,2.6990299284815384E-7,0.9999997300357661
27258.0,7.004549705484216E-11,3.82105551713045E-8,0.9999999617193992
27497.0,1.0868190395596857E-14,1.5016442454055868E-10,0.9999999998498248
26959.0,0.028761554983083328,0.9712129769980083,2.546801890831523E-5
26716.0,0.030085326111961068,0.969899078040702,1.5595847336918098E-5
26888.0,0.09033848277433165,0.9096472945959413,1.4222629727172011E-5
26651.0,4.009308640998636E-10,1.0201110973484817E-5,0.9999897984880957
27197.0,0.14671605509367272,0.8528459159139751,4.3802899235224636E-4
27438.0,1.46123523727732E-7,3.318565086778645E-6,0.9999965353113894
26345.0,0.026679430850471274,0.9722591065820463,0.001061462567482245
26618.0,0.15067857682140268,0.846775841579556,0.002545581599041159
26076.0,1.3662175757826676E-12,2.956224256035276E-9,0.9999999970424096
26838.0,0.015131816151137595,0.9689300988061519,0.01593808504271037
27077.0,0.06217468207998236,0.9378105771311466,1.4740788871034639E-5
27376.0,1.2161626862925014E-11,4.597481519215957E-8,0.9999999540130232
26423.0,6.059962183362808E-15,9.77512171972199E-9,0.9999999902248723
26148.0,0.037167062411534606,0.9623832845671915,4.4965302127390733E-4
27316.0,1.8108565122262374E-17,3.48243628386486E-11,0.9999999999651756
27559.0,5.487168684666515E-5,0.15165876776733653,0.8482863605458169
27009.0,1.0634596787652365E-5,0.001592727070991761,0.9983966383322207
26770.0,0.2294446891580741,0.7704933507998963,6.196004202950121E-5
26208.0,0.0021085869663090315,0.9859254618567056,0.011965951176985472
26483.0,1.1283355612873202E-13,1.1480537342887702E-10,0.9999999998850817
27498.0,0.033619754547015615,0.965122930869391,0.0012573145835933516
27257.0,0.00129547187269849,0.9326320654184828,0.06607246270881877
26719.0,0.7646172284412392,0.2353792497796886,3.521779072100518E-6
26956.0,0.7067690088853691,0.2925150694010141,7.159217136169865E-4
26008.0,0.0672640192215614,0.9322475598113467,4.884209670919544E-4
26558.0,0.27852661838737336,0.7064139282904722,0.015059453322154265
26285.0,0.04112872506777,0.9586668580246144,2.0441690761556676E-4
26889.0,8.377727428480412E-9,2.074127592138244E-6,0.9999979174946804
26650.0,0.23272739761010114,0.7672702470564634,2.3553334353600394E-6
27196.0,0.28389517863212177,0.7160956100173477,9.211350530681692E-6
27439.0,1.005170486373344E-5,2.2078857516062272E-4,0.9997691597199756
26344.0,0.008944951796256111,0.868029342035278,0.12302570616846581
26619.0,0.39691821225399365,0.6030795597211824,2.228024823945814E-6
26077.0,0.16387498624313568,0.8361119064017061,1.3107355158235258E-5
26839.0,6.481612868507336E-19,2.6328492619892467E-13,0.9999999999997367
27076.0,8.640527535760845E-18,7.432364240563666E-15,0.9999999999999925
27377.0,0.4945820524762658,0.5054179305764416,1.6947292776162693E-8
26422.0,1.767217117613131E-14,8.186836924018706E-11,0.999999999918114
26149.0,1.1653501038770448E-10,3.2880855134263087E-9,0.9999999965953794
27317.0,7.453907253597183E-9,2.7695428264315057E-6,0.9999972230032662
27558.0,0.03962059641173894,0.9602741434608395,1.0526012742154562E-4
27008.0,0.6702869473203377,0.3297128437085427,2.0897111975328914E-7
26771.0,0.3618217168935259,0.6381749493463454,3.33376012859143E-6
26209.0,0.09657017061531929,0.9031323802229249,2.974491617558301E-4
26482.0,1.184350065762774E-5,0.003578303604290202,0.9964098528950521
27499.0,0.29044272665834514,0.7088872696898271,6.700036518279088E-4
27256.0,0.8736632160706523,0.12633678192210882,2.007238865629615E-9
26718.0,0.8219652412902556,0.17803439562845277,3.6308129145010216E-7
26957.0,0.00794542338535879,0.8841000035837994,0.10795457303084174
26009.0,0.028874830032574034,0.9710643907498293,6.077921759648309E-5
26559.0,0.004839931774145537,0.00964731007885055,0.985512758147004
26284.0,0.8226888960945822,0.17731008328313763,1.0206222801987596E-6
26963.0,0.056969742304119275,0.9429487508545513,8.150684132943415E-5
26688.0,7.077031019051841E-11,1.8400158712092198E-8,0.9999999815290709
27238.0,0.13715262367441192,0.7276389383032836,0.1352084380223045
27509.0,0.7334251029845433,0.26657148382718043,3.4131882763038E-6
26290.0,0.6214162710289098,0.3785837219251953,7.0458948677420285E-9
26529.0,0.08578186965586052,0.9121078526265595,0.002110277717579942
25991.0,1.6432678683155186E-8,2.027242209796131E-6,0.9999979563251116
26765.0,0.006808131832200427,0.9931831395715904,8.728596209115078E-6
27038.0,2.3529232643051774E-7,6.852549578783689E-5,0.9999312392118859
27576.0,1.079724942807133E-10,4.372785273356384E-7,0.9999995626135002
27307.0,0.5848164548665634,0.415183380790271,1.643431655418685E-7
26476.0,0.9624529638634011,0.037546868372232055,1.6776436680795272E-7
26239.0,6.0955296390484226E-9,5.36843533793864E-7,0.9999994570609366
27375.0,0.4236986682959832,0.5763003943403336,9.373636832206979E-7
27098.0,0.9014107341682677,0.09858912979948778,1.3603224459120922E-7
26825.0,0.7312463135451122,0.26875336105028164,3.2540460603208055E-7
26171.0,2.193641406192206E-4,0.09166084622256666,0.9081197896368141
26408.0,0.08442190021675211,0.9079239919675393,0.007654107815708496
27441.0,0.06264740422072915,0.9341908643885288,0.003161731390742132
27170.0,0.4550786251065866,0.5447722322848668,1.4914260854660452E-4
26628.0,1.9612277008020515E-7,0.01299162953510693,0.987008174342123
26903.0,5.693297982611689E-4,0.9707925332709326,0.02863813693080637
26051.0,0.038774685433581244,0.9528323589471935,0.008392955619225172
26597.0,0.1411168773270117,0.8588813890680655,1.7336049225702807E-6
26358.0,9.488299019574004E-10,3.4709389071769425E-6,0.9999965281122628
26962.0,0.016194892830615055,0.9801776519988824,0.0036274551705025872
26689.0,0.13666945692628787,0.8633043216236835,2.6221450028655707E-5
27239.0,0.38990074615475173,0.6100959422518136,3.3115934346343886E-6
27508.0,0.023186300208961903,0.9767590639098452,5.463588119277055E-5
26291.0,0.456190132653692,0.5437387698340793,7.109751222873148E-5
26528.0,1.323385698870953E-5,0.01383015306027601,0.9861566130827353
25990.0,0.4040483807933046,0.5959500973076073,1.5218990882071655E-6
26764.0,0.011757251112846328,0.9881769158743604,6.583301279342595E-5
27039.0,5.867555931676701E-10,6.974845515996353E-7,0.9999993019286927
27577.0,0.035695285718238316,0.9109133036540245,0.05339141062773711
27306.0,2.7707761224820936E-7,0.0016569463577532305,0.9983427765646345
26477.0,0.055148174373194754,0.9429583814141834,0.0018934442126219042
26238.0,0.010295745092534683,0.49435340167891967,0.4953508532285458
27374.0,4.471449160290249E-16,7.943381879425925E-11,0.9999999999205658
27099.0,0.006297335539802137,0.9936299177055314,7.274675466623301E-5
26824.0,0.018291444050001816,0.6576438836125065,0.32406467233749164
26170.0,0.9797203295907506,0.020279669220681,1.1885684137555955E-9
26409.0,0.014709973510067531,0.9802079077690883,0.005082118720844111
27440.0,1.015626968082564E-9,1.7526466453599825E-6,0.9999982463377277
27171.0,0.7315099475470138,0.26848152491584926,8.527537136812887E-6
26629.0,0.1263625687670013,0.8734978330695001,1.395981634986386E-4
26902.0,1.4525874264740897E-9,3.035538741224669E-7,0.9999996949935384
26050.0,2.3709698715653746E-10,6.643037549998678E-8,0.9999999333325276
26596.0,6.070078653102627E-4,0.9593882821847324,0.04000470994995717
26359.0,0.02160162106048703,0.9781721968359104,2.2618210360246237E-4
26531.0,0.08495430662132228,0.9150212696337019,2.4423744975966475E-5
26288.0,2.3070538563753586E-12,2.1605183467477386E-10,0.9999999997816411
25989.0,4.700853638858287E-11,1.0486706978580677E-7,0.9999998950859216
26690.0,0.017366332793674232,0.9821599939732268,4.7367323309891135E-4
26961.0,0.5584794798554624,0.44151974031002067,7.79834516820238E-7
27511.0,7.21738836071053E-4,0.992478060985359,0.0068002001785701024
27236.0,0.019452629857186564,0.9804864743405339,6.089580227946631E-5
26237.0,0.10184543852882204,0.8981527495512748,1.8119199032373817E-6
26478.0,0.007927376772434422,0.9916206783265992,4.519449009664022E-4
27036.0,0.6318839601005781,0.36810918662007547,6.853279346395128E-6
26767.0,1.2613577391620597E-6,7.556198076558977E-5,0.9999231766614952
27305.0,1.4157908277521075E-4,0.39061871871977305,0.6092397021974517
27578.0,0.9604068568304088,0.03959311620679896,2.6962792204189502E-8
26410.0,2.882384134563559E-7,5.661040537221355E-5,0.9999431013562143
26169.0,0.4285054407084963,0.5714941583084238,4.0098307998425544E-7
27373.0,0.9362910741279223,0.06370891982817595,6.04390159040404E-9
26827.0,0.17263395558448658,0.8273199731779248,4.607123758858626E-5
27096.0,0.9038857576485405,0.09611359028281541,6.520686441049238E-7
26049.0,5.343108989268933E-13,1.607601818589673E-8,0.9999999839234475
26356.0,0.012250785904418299,0.08051577013241303,0.9072334439631686
26599.0,1.2473231083349228E-12,5.179160387603193E-12,0.9999999999935736
27168.0,7.147336372334703E-4,0.04284686605962603,0.9564384003031404
27443.0,2.696141169595814E-12,3.2929259506072516E-8,0.9999999670680444
26901.0,7.548309487163978E-18,3.92650871986305E-14,0.9999999999999607
26630.0,3.168704612553119E-9,1.65262614440971E-6,0.9999983442051511
26530.0,0.938831158226473,0.06116880594778794,3.5825739012210945E-8
26289.0,3.679908956222623E-13,5.650449919989778E-9,0.999999994349182
25988.0,0.014853293568465707,0.9851196907176204,2.701571391382613E-5
26691.0,7.578254285534877E-21,2.1029961255943823E-14,0.9999999999999789
26960.0,0.49188033965040456,0.5081178897807729,1.7705688225893844E-6
27510.0,0.17757925824613785,0.8224162825866395,4.459167222526491E-6
27237.0,1.0652207730449358E-14,2.5216893872405064E-10,0.9999999997478204
26236.0,0.03798980989365387,0.9614410256308044,5.691644755418153E-4
26479.0,2.6757011681253008E-8,5.511376650348592E-5,0.9999448594764847
27037.0,0.039684754472671016,0.9556517061390607,0.004663539388268276
26766.0,0.02299456781042961,0.45188066207870153,0.5251247701108689
27304.0,0.0363141610813443,0.9601649060748045,0.0035209328438512073
27579.0,0.46706279022425007,0.5329181908364994,1.901893925055954E-5
26411.0,0.24098158766475156,0.7576263258904831,0.0013920864447654721
26168.0,0.7320612192076947,0.2679373437385445,1.437053760619002E-6
27372.0,3.173205927902157E-5,0.0029928409179417977,0.9969754270227793
26826.0,0.22276829756475142,0.776928460084868,3.032423503805049E-4
27097.0,0.875848652420366,0.12415119802908818,1.4955054589896817E-7
26048.0,0.007574486658787705,0.356124806994375,0.6363007063468372
26357.0,0.31417919730281496,0.6858201485040691,6.541931159537322E-7
26598.0,0.4840496050606122,0.515939988628649,1.0406310738822779E-5
27169.0,0.029948460990321057,0.5371077298529504,0.4329438091567286
27442.0,2.2715533738730288E-18,1.5272364794308856E-11,0.9999999999847276
26900.0,0.05563699082690258,0.944321484451022,4.152472207543513E-5
26631.0,0.4856260146951746,0.2305966740655205,0.283777311239305
27580.0,0.018255689048134575,0.9769225572463243,0.0048217537055411696
27311.0,0.9295467067660864,0.07045326438855819,2.884535531782598E-8
26761.0,0.9748491709559697,0.025150824315458883,4.728571515999969E-9
27034.0,0.026018259557832796,0.9736291964039133,3.525440382539508E-4
26472.0,0.11805806779601885,0.8817307825302358,2.1114967374522502E-4
26235.0,0.09926911839282063,0.900705664565555,2.521704162440781E-5
27234.0,0.0755319817978861,0.9215665141099262,0.002901504092187777
27505.0,0.5844567282335686,0.4155414121850723,1.859581358942086E-6
26967.0,6.470379416984114E-7,0.004379463614449233,0.9956198893476091
26692.0,0.2861064936569363,0.7138851086231298,8.397719933939959E-6
25987.0,0.02533576855120238,0.9746325872743552,3.164417444246557E-5
26294.0,9.142692514274218E-4,0.9990448582677186,4.087248085399489E-5
26533.0,0.7804616964132568,0.2195379712713982,3.3231534507012115E-7
26624.0,0.685498543330012,0.3145012788404879,1.778295000932374E-7
26899.0,0.37696920482200025,0.6230046814731,2.6113704899842173E-5
27445.0,3.0205554810655013E-4,0.03212681962921699,0.9675711248226764
27174.0,0.5911728655953992,0.40882707434039756,6.006420319287181E-8
26593.0,0.8442487308491102,0.15575082505684013,4.4409404963001863E-7
26354.0,0.20300438861915931,0.7969805634040447,1.5047976796083168E-5
26055.0,0.02383251886874548,0.7173411514301329,0.2588263297011216
27102.0,0.01671162737819196,0.9766115581040552,0.006676814517752634
26829.0,0.5447966194926399,0.4551803481695675,2.3032337792589482E-5
27371.0,3.319338055637844E-9,6.881766559570267E-7,0.9999993085040061
26175.0,0.9789143671933159,0.021085632289207307,5.174767578211711E-10
26412.0,0.0811973218549551,0.9187085239480576,9.415419698737733E-5
27581.0,0.07148043816996724,0.9285036570086552,1.5904821377495024E-5
27310.0,0.02812394316394536,0.969132157565219,0.0027438992708358535
26760.0,0.23659746574497661,0.7633609616502774,4.157260474587923E-5
27035.0,0.13970837000045733,0.860176533008509,1.1509699103368636E-4
26473.0,3.002182431409174E-15,1.2207982425186314E-10,0.9999999998779172
26234.0,1.3075370155238345E-16,1.4072310000371845E-14,0.9999999999999858
27235.0,0.046860022940727816,0.927840624886427,0.02529935217284513
27504.0,0.09024154074032141,0.9097413970634198,1.7062196258821356E-5
26966.0,0.7512860653524127,0.24870963743696814,4.297210619138957E-6
26693.0,1.318606397327671E-12,1.8293867788438111E-9,0.9999999981692946
25986.0,0.002242894219715467,0.9933713732632884,0.004385732516996288
26295.0,0.028757052937349915,0.9712161089322042,2.6838130445720865E-5
26532.0,0.7282738311728176,0.27172613431178805,3.4515394330412586E-8
26625.0,1.9294413362069328E-10,6.589043159431277E-7,0.99999934090274
26898.0,0.8370658257050124,0.16293417162673393,2.6682536856291816E-9
27444.0,0.9773705924795332,0.022629038382512994,3.6913795399287743E-7
27175.0,0.16672097084009305,0.8332325637378105,4.6465422096365154E-5
26592.0,1.5676499150304348E-4,0.021525201152152274,0.9783180338563447
26355.0,0.0011780452319578312,0.9988155815877358,6.373180306414642E-6
26054.0,0.034253057953993526,0.6818902717704113,0.28385667027559514
27103.0,0.20987740983237205,0.7901205552437663,2.0349238616238663E-6
26828.0,4.338117203735546E-12,7.883334463492742E-7,0.9999992116622156
27370.0,6.832347270629782E-11,1.0265757590195994E-6,0.9999989733559176
26174.0,0.9517751359195638,0.04822486120205757,2.8783787542589153E-9
26413.0,2.6067095633471607E-13,1.9901458744825507E-9,0.9999999980095935
26233.0,0.003584653028931888,0.9900478444528041,0.006367502518264109
26474.0,0.13511296892477329,0.864849541562528,3.748951269873779E-5
27309.0,0.014747853768699937,0.9827359287418912,0.0025162174894089464
27582.0,0.011737125047940757,0.9764821399430662,0.011780735008993038
27032.0,0.031742379249632725,0.9676608087755317,5.968119748354661E-4
26763.0,0.6050389966069284,0.39495512434374974,5.879049321949112E-6
25985.0,0.2513981700762211,0.7485762720224601,2.5557901318712922E-5
26535.0,0.3804088918165434,0.5641310433136869,0.05546006486976958
26292.0,3.8444494030978247E-4,0.3182926912400542,0.681322863819636
27507.0,0.004842959725231621,0.986586300542114,0.008570739732654292
27232.0,0.15068152704165183,0.8492926249417805,2.584801656777993E-5
26694.0,0.5872753887299242,0.4127205449562245,4.0663138511979794E-6
26965.0,2.130824175601599E-13,1.0854818140100482E-9,0.9999999989143051
26352.0,4.394457779271471E-4,0.006669742208338269,0.9928908120137346
26595.0,0.9890737614293845,0.010926215528141166,2.3042474268799068E-8
26053.0,0.11815723747259514,0.8575549251423512,0.024287837385053742
26897.0,0.1984086740888525,0.8015863624409332,4.963470214291141E-6
26626.0,0.01132250830694523,0.9883574711109809,3.2002058207382974E-4
27172.0,0.11266301303159838,0.8873298803559173,7.10661248431318E-6
27447.0,1.4188972106145695E-6,0.004116899849783081,0.9958816812530064
