26275.0,0.0020661930072583892,0.026297595556264645,0.9716362114364769
26544.0,0.04451369837721702,0.8568710838257437,0.09861521779703926
26006.0,0.11093700357930232,0.8830094009998353,0.006053595420862462
26946.0,0.11539891887179875,0.879469659855737,0.00513142127246436
26705.0,0.7461209491144165,0.25094206446809714,0.002936986417486339
27255.0,0.5999261318254577,0.38544127493944697,0.014632593235095298
27492.0,0.9552651874461265,0.043827896810016684,9.069157438566449E-4
26493.0,0.07548027485974997,0.9122721322629285,0.012247592877321457
26222.0,0.00974297449942274,0.023692270949864862,0.9665647545507123
26780.0,0.00722081771884164,0.8854068208318274,0.10737236144933104
27023.0,0.001717695210071931,0.011242979368073277,0.9870393254218548
27561.0,0.012115709053398196,0.5572420229755858,0.43064226797101596
27322.0,0.022429375509998527,0.20224345432907898,0.7753271701609225
26154.0,0.009490783265864665,0.8720154768168878,0.1184937399172476
26425.0,0.05902085186449451,0.9374811432440505,0.003498004891454985
27390.0,9.345405869019487E-4,0.016455716802974106,0.9826097426101239
27083.0,0.9192912575009778,0.07782930876530149,0.0028794337337207424
26840.0,0.05811004310860106,0.933331002620573,0.008558954270825841
26066.0,0.07775964723466292,0.8931186839067834,0.029121668858553808
26612.0,0.01228927803621856,0.985977947281181,0.0017327746826004858
26343.0,0.009771190245399708,0.8637139879476291,0.12651482180697124
27424.0,0.0136265621341149,0.4566668867990564,0.5297065510668287
27187.0,0.07249301041955085,0.9222132843233072,0.00529370525714208
26645.0,0.11161776902597421,0.8801453494210656,0.008236881552960158
26886.0,0.25984260389532116,0.688573812292042,0.051583583812636814
26274.0,0.7815901139990828,0.21606510774109236,0.0023447782598247807
26545.0,0.0010448318530181095,0.017345225032977227,0.9816099431140046
26007.0,0.02373480247643722,0.6366232353582337,0.33964196216532905
26947.0,0.13838314848106667,0.8582080338920447,0.003408817626888713
26704.0,0.002897665021975161,0.07444671097073727,0.9226556240072876
27254.0,0.09906125893340059,0.5143723343077671,0.3865664067588324
27493.0,5.202388622407513E-4,0.03329953279684774,0.9661802283409114
26492.0,0.02114031418428831,0.9762833936106499,0.002576292205061935
26223.0,0.05056861950874696,0.9444355771060212,0.004995803385231877
26781.0,0.22776474162188198,0.7599629348839967,0.012272323494121403
27022.0,0.5046181501729023,0.34703855856706217,0.14834329126003545
27560.0,0.002661120856304378,0.026459443389129027,0.9708794357545667
27323.0,0.007358392574657333,0.13244905296420253,0.8601925544611401
26155.0,0.11699480100482003,0.8684886602295541,0.014516538765625933
26424.0,0.07441640287125997,0.9220697313718361,0.0035138657569038848
27391.0,0.740034283554606,0.24283006169626015,0.017135654749133842
27082.0,0.057492826506876926,0.8594493367027691,0.08305783679035404
26841.0,0.29369337784985206,0.6896537784350928,0.016652843715055165
26067.0,0.23939521999091543,0.5780670292934826,0.1825377507156019
26613.0,0.08245167753630502,0.9022297885859604,0.015318533877734545
26342.0,0.0017152222941345056,0.09708495012457441,0.9011998275812911
27425.0,2.5951582645936154E-4,0.019181301565222277,0.9805591826083184
27186.0,0.014664328226678071,0.22306617775350077,0.7622694940198211
26644.0,0.036313030308734014,0.26930427296353354,0.6943826967277323
26887.0,0.7400189801511525,0.2514366633390354,0.00854435650981217
26707.0,0.013282516510299876,0.07304441048935881,0.9136730730003414
26944.0,0.011243705900541134,0.874410660478917,0.11434563362054188
27494.0,0.06384446403663319,0.9216622753528106,0.014493260610556167
27253.0,0.12820476395202135,0.8564316086867649,0.015363627361213657
26546.0,0.7050948548218674,0.27052090193183254,0.024384243246299977
26273.0,0.18883670484366646,0.4455622277641295,0.36560106739220405
26004.0,0.005489289726711903,0.10005728565465306,0.894453424618635
27021.0,0.10702727952929017,0.8796913782581665,0.01328134221254321
26782.0,0.005734733943861924,0.03961542827623905,0.9546498377798991
27320.0,0.0026078447913756683,0.06088022749115274,0.9365119277174716
27563.0,0.3953898988002167,0.5960894503834031,0.008520650816380117
26220.0,0.17595789683615767,0.7779342820973992,0.04610782106644314
26495.0,0.0028351877731623066,0.24497506045012296,0.7521897517767147
27388.0,7.898105988731834E-4,0.03044496160190222,0.9687652277992246
26842.0,0.18289708594104437,0.7890634257649186,0.02803948829403697
27081.0,0.3883233175470712,0.5858729216129869,0.025803760839941823
26427.0,0.10786718472903677,0.6647539433731438,0.22737887189781947
26152.0,0.039335630363213546,0.5413233354409305,0.41934103419585605
27185.0,0.0028399563918009543,0.026137792076378966,0.97102225153182
27426.0,0.3614676482334211,0.6261247776653062,0.012407574101272831
26884.0,0.04246870355272889,0.9401905786740126,0.0173407177732585
26647.0,0.001136071223498463,0.022662899775111902,0.9762010290013896
26064.0,0.0025477131301723287,0.0192709955915771,0.9781812912782507
26341.0,0.004169529395331015,0.07565744097121119,0.9201730296334577
26614.0,0.5632592538106235,0.36774271108660045,0.0689980351027761
26706.0,0.08289876294993401,0.16664461722631138,0.7504566198237547
26945.0,7.175214306013967E-4,0.06200075413235192,0.9372817244370467
27495.0,3.871268611423958E-4,0.9330183923046546,0.06659448083420309
27252.0,0.04666171119873065,0.85973621274444,0.09360207605682941
26547.0,0.8739113820755302,0.12048771762910634,0.005600900295363461
26272.0,6.181722728709908E-4,0.019020641616465585,0.9803611861106634
26005.0,0.08049685892809946,0.8579121044907575,0.06159103658114304
27020.0,0.8795762771622267,0.11871735385528083,0.0017063689824924518
26783.0,0.1292712072208612,0.8343438773238557,0.036384915455283086
27321.0,0.09212124833076585,0.8971185346382798,0.01076021703095431
27562.0,0.11920291999870418,0.8791320345772787,0.00166504542401715
26221.0,0.0980565064236577,0.8806877351790298,0.021255758397312675
26494.0,0.1587854129385857,0.33351653948072,0.5076980475806943
27389.0,3.053426530143682E-4,0.04507323699601091,0.9546214203509747
26843.0,0.004785038841671439,0.0843230536217025,0.9108919075366261
27080.0,0.8767182509165191,0.12213150914989207,0.0011502399335887685
26426.0,0.04678705208494362,0.19777776505140385,0.7554351828636526
26153.0,0.7574506549151457,0.15357097292093883,0.0889783721639155
27184.0,0.4419432439446782,0.548463423321578,0.009593332733743824
27427.0,0.08255099125456503,0.17830649629920337,0.7391425124462316
26885.0,0.026013164653231485,0.9243147198748002,0.04967211547196828
26646.0,0.8128643944083345,0.17687153505417036,0.010264070537495288
26065.0,0.07338675800433633,0.9063887872307415,0.020224454764922097
26340.0,0.006187571529442641,0.02299114246950442,0.9708212860010529
26615.0,0.07432365548710511,0.8050185405909696,0.12065780392192538
25951.0,0.009632959877743773,0.5376466283771286,0.4527204117451275
26489.0,0.10377571900322732,0.8891666205960557,0.007057660400716922
26218.0,0.002629823112645409,0.07827307495846057,0.9190971019288939
27565.0,0.06348119528778731,0.9275809231592366,0.00893788155297614
27326.0,0.09125699548651328,0.9071675637830556,0.001575440730431126
26776.0,0.01408969753268822,0.053330829910512634,0.9325794725567991
27019.0,0.05933425800906685,0.8868373336610167,0.05382840832991654
26002.0,0.04054973381937107,0.16420964258593976,0.7952406235946892
26279.0,8.494887229938942E-4,0.02944663625748563,0.9697038750195205
26548.0,0.1071180829780556,0.8771947310911429,0.015687185930801498
27251.0,0.2767462389435217,0.70724572858529,0.016008032471188205
27488.0,0.06879847793054338,0.9138173735364782,0.01738414853297849
26950.0,0.31555901718623197,0.678251945743426,0.0061890370703420435
26709.0,0.01196436112271779,0.02825953637045353,0.9597761025068287
26608.0,0.047308836680903445,0.9225669945801832,0.030124168738913416
26339.0,0.10176001410088445,0.8501425467608142,0.04809743913830141
26070.0,0.012673021705227537,0.8091454631961036,0.17818151509866886
26641.0,0.041642298648456165,0.8782014619865739,0.08015623936496993
26882.0,0.9432428959920292,0.055203537051110536,0.0015535669568602646
27428.0,0.11776815308748312,0.8729049282821224,0.009326918630394419
27191.0,0.8858546388377962,0.10886462175161987,0.005280739410583785
26158.0,0.19776146148945187,0.5227112458769066,0.27952729263364157
26429.0,0.10119006815289396,0.8737304591689992,0.025079472678106805
27087.0,0.12125172686038854,0.875165575603697,0.003582697535914433
26844.0,0.723689635384371,0.272630952584946,0.003679412030682942
27386.0,0.3308029245170542,0.662378071328374,0.006819004154571742
25950.0,0.18124109553860696,0.8090669832764338,0.009691921184959236
26488.0,0.05025847082967767,0.3305491525529902,0.6191923766173321
26219.0,0.17292268926152513,0.7885205978985992,0.03855671283987561
27564.0,0.3489337931122949,0.6341183540555752,0.016947852832130024
27327.0,0.09447994787876068,0.899045522330558,0.0064745297906813005
26777.0,0.005166566287265048,0.09486644735650139,0.8999669863562335
27018.0,2.1548169236849558E-4,0.016495086976848514,0.983289431330783
26003.0,0.17095382223717265,0.8108025180815458,0.01824365968128156
26278.0,0.06951649654270428,0.26002610510552854,0.6704573983517673
26549.0,0.3529611165465509,0.6396541353756214,0.007384748077827706
27250.0,0.20693376851521267,0.7779712352340298,0.015094996250757694
27489.0,0.012680706485178297,0.9446280079845375,0.04269128553028431
26951.0,0.05772907832952058,0.9367963928161697,0.0054745288543097265
26708.0,0.042898100128605246,0.21312561888146028,0.7439762809899345
26609.0,0.45191856596306534,0.5257293151202446,0.02235211891669014
26338.0,0.11752147784976551,0.8793607913459669,0.003117730804267507
26071.0,0.002617943547326403,0.8865887097306165,0.11079334672205704
26640.0,0.00872870645696884,0.0793808630107576,0.9118904305322736
26883.0,0.035743811700402486,0.7262400563779778,0.2380161319216196
27429.0,0.7389668638949137,0.2473468001188447,0.013686335986241593
27190.0,0.5699232345600804,0.39674552600932705,0.03333123943059249
26159.0,0.0011036199290379535,0.031394123027356,0.9675022570436062
26428.0,0.021596212167123655,0.31389959275520785,0.6645041950776684
27086.0,0.426419447520034,0.2940432696344606,0.2795372828455054
26845.0,0.003433961305530828,0.059186346426298934,0.9373796922681703
27387.0,8.219423638378012E-4,0.1669523307985105,0.8322257268376518
27324.0,0.10465211546732915,0.865413654242603,0.029934230290067806
27567.0,0.20237607952902298,0.7855628295157633,0.012061090955213804
27017.0,0.3819273009486212,0.6029548818582051,0.015117817193173611
26778.0,0.9507823239117561,0.04794090384279041,0.0012767722454535512
25949.0,0.1640279301860908,0.8160747765405707,0.01989729327333852
26216.0,0.7066567157790854,0.29010525074387566,0.003238033477038991
26491.0,0.22860299109966276,0.7434259364411601,0.027971072459177175
27490.0,0.004068435937039844,0.04337230196620142,0.9525592620967588
27249.0,0.008301696070224993,0.021758966874474036,0.969939337055301
26711.0,0.4829088907245309,0.5024820164446243,0.01460909283084479
26948.0,0.12830443376553888,0.28616864494195726,0.5855269212925038
26000.0,0.025809366873017898,0.17456592239378865,0.7996247107331935
26550.0,0.46710317376321175,0.5214843436328258,0.011412482603962373
26277.0,0.9223215996080042,0.07707722757375413,6.011728182416635E-4
26880.0,0.24168345280111314,0.658971899805125,0.09934464739376182
26643.0,0.08238385700411756,0.46532688578527825,0.4522892572106042
27189.0,0.14112141384191448,0.8538022881600011,0.00507629799808432
27430.0,0.0019031153957874605,0.02668886843936163,0.971408016164851
26337.0,0.13754775519250032,0.851986127945421,0.010466116862078616
26610.0,0.9497390549830177,0.04975568548456155,5.052595324206696E-4
26068.0,0.1057565303396623,0.8894975415723025,0.0047459280880351945
26846.0,0.14835160566725628,0.8039720378400851,0.04767635649265854
27085.0,0.01773183566312331,0.5613206731978948,0.42094749113898194
27384.0,0.9037421947655443,0.09270835296243003,0.003549452272025638
26431.0,0.09321629196799819,0.1549588394086353,0.7518248686233665
26156.0,0.944334133450968,0.054165256284488705,0.0015006102645432763
27325.0,0.006079485544274828,0.10217344222434041,0.8917470722313848
27566.0,0.009540774465683596,0.08788596061623476,0.9025732649180815
27016.0,0.18974887713442007,0.6898980073167428,0.12035311554883714
26779.0,0.10451119987763972,0.8297437010193155,0.06574509910304496
26217.0,0.049691027823304236,0.8224561757190048,0.127852796457691
26490.0,0.013737679346343066,0.14495507370753458,0.8413072469461222
27491.0,6.641635300208606E-4,0.028775813566030758,0.9705600229039484
27248.0,0.18086814505218568,0.7794343810492943,0.039697473898519894
26710.0,0.8974547362115416,0.09944235951174638,0.0031029042767121372
26949.0,0.0719074927518381,0.9256837534216432,0.0024087538265187246
26001.0,0.02022315132840651,0.1749246133092754,0.8048522353623181
26551.0,0.0017682464832943121,0.03538207297950344,0.9628496805372022
26276.0,0.010070318990229211,0.0793678259371085,0.9105618550726624
26881.0,0.06927497783971494,0.9201473547221237,0.010577667438161242
26642.0,0.49951455106146503,0.27078943023408236,0.22969601870445264
27188.0,0.17839705575801587,0.7996216104604281,0.021981333781556034
27431.0,0.22344024870917975,0.7431250514077232,0.03343469988309701
26336.0,6.807277892183748E-4,0.031858171052381916,0.9674611011583997
26611.0,0.017910117358663217,0.09989862961904794,0.8821912530222887
26069.0,0.1470219332612649,0.8400500185755224,0.012928048163212651
26847.0,0.005387878580312921,0.04191124200030281,0.9527008794193842
27084.0,0.040964341765482803,0.24385253570722082,0.7151831225272963
27385.0,0.1462845124640103,0.8219335258363744,0.03178196169961527
26430.0,0.06301057627198471,0.6131417037081212,0.32384772001989404
26157.0,0.12175059745042535,0.7652656359085187,0.11298376664105586
26146.0,0.02977958524647579,0.8573633416715111,0.11285707308201316
26417.0,0.09920302254107763,0.8674819799893356,0.03331499746958667
27382.0,0.0039494997620011015,0.032986899006078416,0.9630636012319205
27075.0,0.0017237926779573602,0.036728709764935676,0.961547497557107
26832.0,0.04922324160489792,0.43909305294720236,0.5116837054478997
26074.0,0.022525545904940783,0.2834464108461711,0.6940280432488881
26620.0,0.8996129942452012,0.09735958812885588,0.0030274176259427544
26351.0,0.0040370943916934665,0.044388626018820695,0.9515742795894858
27432.0,0.003727736689386531,0.41456512742596496,0.5817071358846485
27195.0,0.17025885548959474,0.7917360032683765,0.03800514124202884
26653.0,0.0031018327046455326,0.07065131805710756,0.926246849238247
26894.0,0.013081825286009208,0.0788548906991412,0.9080632840148495
26283.0,0.053972572759713115,0.6531896619388124,0.2928377653014746
26552.0,0.670677600135293,0.308549948018919,0.02077245184578798
26014.0,0.19896830118807773,0.7748302240304002,0.02620147478152206
26954.0,0.028607023854998796,0.0966487709926989,0.8747442051523024
26713.0,0.08172510865169219,0.9040808867076479,0.014194004640659801
27263.0,0.006569152891955365,0.13317694477937694,0.8602539023286677
27500.0,0.18280924663190193,0.8016375271696017,0.015553226198496436
26485.0,0.025810940994096535,0.13761464160676748,0.8365744173991359
26214.0,0.10532557683721992,0.46203863155209496,0.4326357916106852
26772.0,0.006645661582138546,0.047017945772704406,0.9463363926451569
27015.0,0.0481102475616648,0.8772330608077615,0.07465669163057359
27553.0,0.040268742934692084,0.6443149284230935,0.3154163286422144
27314.0,0.45906770063920743,0.5227907285152186,0.01814157084557402
26147.0,0.003064150102504264,0.10285137062568474,0.894084479271811
26416.0,0.010745607589881516,0.1919401329000467,0.7973142595100718
27383.0,0.0034701806861049153,0.04174819160788202,0.9547816277060132
27074.0,0.002431746367301001,0.03130897742878314,0.9662592762039158
26833.0,0.4413378513941468,0.5407883678655241,0.017873780740329116
26075.0,0.00560245865292602,0.2077903714172774,0.7866071699297966
26621.0,0.06135573114572208,0.9365000620041474,0.002144206850130631
26350.0,0.2818264326249833,0.7073421286623174,0.010831438712699263
27433.0,0.10342522798559027,0.8900467293169744,0.006528042697435448
27194.0,0.04559197325625451,0.9274303531234085,0.026977673620336894
26652.0,0.008339827600257367,0.9357689026464179,0.05589126975332469
26895.0,0.015575588101321767,0.9326821601627729,0.051742251735905305
26282.0,0.007053208268097901,0.09036906003893964,0.9025777316929624
26553.0,0.2753470612813663,0.7053030091036756,0.019349929614957895
26015.0,0.6631957717719823,0.33374675483302835,0.003057473394989288
26955.0,0.1342388142756377,0.8620212487828506,0.0037399369415118022
26712.0,0.16223294062797664,0.8267980260231995,0.010969033348823735
27262.0,0.003935664713233685,0.02365841292692909,0.9724059223598374
27501.0,0.36397800831081245,0.604501221717047,0.03152076997214055
26484.0,0.5783118354894122,0.4020864932305323,0.01960167128005551
26215.0,0.16963989799862308,0.8262961324007009,0.004063969600676002
26773.0,0.6140675474182972,0.37627079044556044,0.009661662136142406
27014.0,0.086799935153963,0.8579103820183898,0.05528968282764707
27552.0,0.16093587009705784,0.8129927930399151,0.026071336863027057
27315.0,0.6242470552164497,0.35732970027412203,0.018423244509428203
27380.0,0.001454929702138696,0.9180790056453246,0.08046606465253665
26834.0,0.009322414649515746,0.11436661716722955,0.8763109681832546
27073.0,0.020931170534409325,0.9003179264766636,0.07875090298892697
26419.0,0.9054069951167522,0.09017638018805883,0.004416624695189141
26144.0,0.2678129196381508,0.6937185590614231,0.03846852130042615
27193.0,0.963265320473179,0.03641174397424465,3.2293555257626133E-4
27434.0,0.06491793649584299,0.9037630453065989,0.03131901819755826
26892.0,0.41938073749005284,0.5710955607885363,0.009523701721410824
26655.0,0.2330765317834392,0.39375778010320095,0.3731656881133599
26072.0,1.3729089117051613E-4,0.018339201974107617,0.9815235071347219
26349.0,0.02323989893186334,0.9232672748381342,0.05349282623000242
26622.0,0.08313617899740218,0.9036993375793081,0.013164483423289632
26715.0,0.10384919746488157,0.8914712595309157,0.004679543004202736
26952.0,0.224930095874799,0.7668684172654996,0.008201486859701488
27502.0,0.4671379644545351,0.5229632899246275,0.009898745620837446
27261.0,0.1005007614808731,0.843970054262302,0.05552918425682483
26554.0,0.04891873956808255,0.4382051573761257,0.5128761030557919
26281.0,0.03537826633925765,0.05878755421769292,0.9058341794430493
26012.0,0.09028039613109291,0.3196147346782204,0.5901048691906867
27013.0,0.33454980463614964,0.6502906217746292,0.015159573589221277
26774.0,0.59540462617183,0.226102201330293,0.1784931724978771
27312.0,0.1261187662890872,0.7011223922328713,0.1727588414780415
27555.0,0.0800478344385999,0.18162011537909,0.7383320501823102
26212.0,0.009946988152639889,0.04774874982703866,0.9423042620203214
26487.0,0.26856229062592696,0.7203759525064906,0.01106175686758243
27381.0,0.014109898810961306,0.1759550663778677,0.8099350348111709
26835.0,0.059845069879871815,0.5815381632200883,0.35861676690004
27072.0,0.03648281921372027,0.7921199340577683,0.17139724672851153
26418.0,0.5360254214524729,0.45026697404692956,0.013707604500597565
26145.0,0.002775083307139559,0.04655865380444863,0.9506662628884117
27192.0,0.36511406662544654,0.6200505536844653,0.014835379690088303
27435.0,0.012300305076120328,0.49270939009584463,0.49499030482803497
26893.0,0.9540819391450973,0.045343498033030775,5.745628218719872E-4
26654.0,0.026574102512010516,0.9050661060260359,0.06835979146195369
26073.0,0.0035465900987101287,0.01769513006385524,0.9787582798374347
26348.0,0.03823887641422128,0.42991808654460234,0.5318430370411764
26623.0,0.005472572912346825,0.13810657503677076,0.8564208520508824
26714.0,0.20897808132846024,0.781923310123777,0.00909860854776263
26953.0,0.05570638316343709,0.13079036295690377,0.8135032538796592
27503.0,0.04602679076280361,0.909033361872793,0.04493984736440325
27260.0,0.6620145932112446,0.3123778329178507,0.02560757387090462
26555.0,0.06188808798009468,0.8938750901328892,0.04423682188701611
26280.0,0.13753027828270262,0.837076750882092,0.025392970835205444
26013.0,0.002122835331140597,0.025004047597016358,0.972873117071843
27012.0,2.833764788807402E-4,0.025865425808765895,0.9738511977123534
26775.0,0.0017684071834757696,0.06410124500967539,0.9341303478068489
27313.0,0.3533905725759757,0.23323316621475151,0.4133762612092728
27554.0,0.03812059985207653,0.9538217584607711,0.00805764168715249
26213.0,0.013444694851175842,0.025182036998557984,0.9613732681502662
26486.0,0.00991709258547528,0.1586910676124453,0.8313918398020793
26616.0,0.048978791048383284,0.9391876020675507,0.01183360688406613
26347.0,0.12941399338779733,0.8402271880608915,0.030358818551311315
26078.0,0.005741664046098675,0.080514510903956,0.9137438250499454
26649.0,0.01479225776295339,0.07194981619327202,0.9132579260437746
26890.0,0.3531021638868819,0.4887569142434964,0.15814092186962173
27436.0,0.005373896829534612,0.03539128457635899,0.9592348185941065
27199.0,0.00599886133136951,0.22352074531017357,0.7704803933584569
26150.0,8.774935015757416E-4,0.023679050834453465,0.975443455663971
26421.0,0.13735961744605926,0.8587295709500868,0.003910811603853782
27079.0,0.5507784160486788,0.4362170836501708,0.013004500301150438
26836.0,0.1323118153740465,0.8224876356282358,0.04520054899771785
27378.0,0.07620306763566276,0.8354667340024269,0.0883301983619103
26481.0,0.004277626293253137,0.1319931564612541,0.8637292172454928
26210.0,0.006628851985539087,0.18790182431554733,0.8054693236989137
27557.0,0.0020366127725468595,0.0640666550122561,0.933896732215197
27318.0,0.10786107265799143,0.8827645378348006,0.00937438950720804
26768.0,0.0016584249727190311,0.08352552735286747,0.9148160476744136
27011.0,0.004180575953252956,0.035531943931078294,0.9602874801156688
26010.0,0.030813210038640425,0.9170051467191542,0.05218164324220529
26287.0,0.3966930123495599,0.5851021302148611,0.018204857435578932
26556.0,0.1938118147090121,0.3299319717678084,0.4762562135231796
27259.0,0.13035682148651498,0.8654058935778937,0.004237284935591299
27496.0,0.08355767685157357,0.8280158005770929,0.08842652257133349
26958.0,0.009380838883623848,0.043972831432933464,0.9466463296834426
26717.0,0.18983722239573012,0.7412216613342173,0.06894111627005262
26617.0,0.009509274123905115,0.396235421810204,0.5942553040658909
26346.0,0.4792871579777699,0.509194538121494,0.011518303900736156
26079.0,0.07953125162207998,0.7943844404840152,0.12608430789390465
26648.0,0.003417354791107518,0.09693729395336172,0.8996453512555307
26891.0,0.6163139826899442,0.3749251942438981,0.008760823066157697
27437.0,0.03124910380512399,0.3763040725026036,0.5924468236922723
27198.0,5.784317782619054E-4,0.0239506030278266,0.9754709651939116
26151.0,0.3485533424264308,0.6399797389691134,0.011466918604455846
26420.0,0.006277042453281294,0.9194035278320848,0.07431942971463382
27078.0,0.0028185333935134417,0.09768252403892137,0.8994989425675651
26837.0,0.17420634680068306,0.7707052908202622,0.055088362379054845
27379.0,0.10079691344923224,0.7880380694905319,0.11116501706023597
26480.0,0.028691165452826458,0.13750750548997878,0.8338013290571948
26211.0,0.7335667610281903,0.2413519378965631,0.025081301075246577
27556.0,0.004497686414942939,0.19265549675537733,0.8028468168296797
27319.0,0.0010360618832049306,0.018488069604698714,0.9804758685120963
26769.0,0.5281558647979333,0.46122008690025423,0.010624048301812355
27010.0,0.013074408042876174,0.9408119350061099,0.046113656951013826
26011.0,0.18730203194856493,0.8068664353787925,0.005831532672642635
26286.0,0.1229494787957305,0.7690498441965621,0.10800067700770727
26557.0,5.460168062758718E-4,0.020095263431559155,0.9793587197621648
27258.0,8.250088283170683E-4,0.008240231733977645,0.9909347594377051
27497.0,0.004436853947037136,0.05968353253243989,0.9358796135205231
26959.0,0.045690637457252437,0.9391373632139021,0.015171999328845474
26716.0,0.046213377087011995,0.9194644107074611,0.03432221220552701
26888.0,0.06804010891721929,0.9233056196552145,0.008654271427566286
26651.0,0.002285171965969637,0.04921373164875896,0.9485010963852714
27197.0,0.15126576396128785,0.7553756593108617,0.09335857672785043
27438.0,0.05290657097721838,0.2647247513881307,0.682368677634651
26345.0,0.16564856726035512,0.7937536104609477,0.04059782227869723
26618.0,0.13609552306132097,0.7685591267101658,0.09534535022851336
26076.0,0.038790712408505304,0.11826080151113598,0.8429484860803587
26838.0,0.03323042179274174,0.6795564677512398,0.28721311045601855
27077.0,0.041857082087983416,0.9528640521072718,0.005278865804744926
27376.0,0.046277800431154266,0.11707983695167719,0.8366423626171686
26423.0,6.001187313198272E-4,0.04295216937847259,0.9564477118902075
26148.0,0.10923980680889854,0.8691977055988716,0.021562487592229788
27316.0,3.3133506787963473E-4,0.02377155864109544,0.975897106291025
27559.0,0.01729516994447573,0.2883053986435961,0.6943994314119283
27009.0,0.09478410481897416,0.3599404432592967,0.5452754519217291
26770.0,0.5636807679328838,0.40947812095144426,0.026841111115671914
26208.0,0.03534691975908145,0.8446307987105404,0.12002228153037818
26483.0,0.018498855048282647,0.056628289592032324,0.9248728553596849
27498.0,0.07951982549527357,0.8771389389212948,0.04334123558343162
27257.0,0.003632944655444975,0.35576860676451355,0.6405984485800413
26719.0,0.8364114669872008,0.15888981352913492,0.004698719483664247
26956.0,0.595480941822252,0.1703703820905732,0.23414867608717488
26008.0,0.19426370213867725,0.787994803429544,0.017741494431778793
26558.0,0.05880479709932568,0.8700724044932141,0.07112279840746016
26285.0,0.07384505753467956,0.8765676102726777,0.049587332192642684
26889.0,0.007101853407574886,0.1575121520102751,0.83538599458215
26650.0,0.10827746288126895,0.8864682940696785,0.005254243049052576
27196.0,0.256658472264122,0.7326598900768154,0.010681637659062458
27439.0,0.046900123151761945,0.22045811297720597,0.7326417638710321
26344.0,0.03894792316537215,0.7881638243902908,0.17288825244433711
26619.0,0.12018265932465992,0.8759354050580443,0.003881935617295553
26077.0,0.09620335070699775,0.888717398686171,0.015079250606831239
26839.0,0.0020171759806577212,0.031211943485668144,0.966770880533674
27076.0,0.004029139111765938,0.02170022633804239,0.9742706345501917
27377.0,0.2212178026319702,0.7638658890762736,0.014916308291756166
26422.0,0.0024916532050037977,0.03213386416606203,0.9653744826289342
26149.0,0.018010569803796284,0.02446602283653486,0.9575234073596689
27317.0,0.004851370940345201,0.041728229826173385,0.9534203992334813
27558.0,0.15712200728949755,0.818800137901933,0.02407785480856943
27008.0,0.7482998143379263,0.24981821979990473,0.0018819658621689976
26771.0,0.47337198880538867,0.5208864903736199,0.0057415208209915265
26209.0,0.043292642306985527,0.9165918158037989,0.04011554188921576
26482.0,0.009829580849000957,0.16306009463372254,0.8271103245172764
27499.0,0.4115340356924145,0.553971163907159,0.03449480040042669
27256.0,0.29540815858693353,0.7004153817188693,0.004176459694197156
26718.0,0.5855569725730755,0.40761714391425,0.006825883512674436
26957.0,0.08595902465915188,0.8633217357336277,0.05071923960722039
26009.0,0.05093939322254266,0.9135095393386578,0.03555106743879965
26559.0,0.06327815557411869,0.1635122224856469,0.7732096219402345
26284.0,0.7789323823827256,0.21808173499114777,0.0029858826261267733
26963.0,0.03090719501129204,0.9229870229949658,0.046105781993742115
26688.0,0.0094017567640193,0.05626372869741193,0.9343345145385688
27238.0,0.13316302325145812,0.4505353252291339,0.4163016515194079
27509.0,0.5159677191337682,0.466303795526162,0.017728485340069888
26290.0,0.32347012404893893,0.6701484992947295,0.006381376656331546
26529.0,0.03797524989804694,0.3358975747010358,0.6261271754009172
25991.0,0.013766274671514577,0.057519749801195855,0.9287139755272896
26765.0,0.08071465730755477,0.9114303096709618,0.007855033021483398
27038.0,0.004693787332261559,0.06513873460494676,0.9301674780627915
27576.0,0.010270692644776657,0.2779126269529759,0.7118166804022475
27307.0,0.14593809918849304,0.8512199024233948,0.002841998388112141
26476.0,0.9725161809168995,0.024269570831799578,0.003214248251300913
26239.0,7.087805865668544E-4,0.0061131603902444,0.9931780590231887
27375.0,0.5782242930694419,0.41817551814547355,0.003600188785084479
27098.0,0.9021944520739221,0.09670674576788571,0.001098802158192224
26825.0,0.8855531805519767,0.11205442097004371,0.0023923984779795513
26171.0,0.0034863048225736762,0.0910018387949639,0.9055118563824625
26408.0,0.4611925091268314,0.5081788348326646,0.030628656040504142
27441.0,0.17478264459128082,0.7183529721298336,0.10686438327888569
27170.0,0.5777713072152257,0.4008791634682272,0.02134952931654713
26628.0,0.01214057840190236,0.2639455862431408,0.7239138353549568
26903.0,0.014045483773893514,0.8838238720361223,0.10213064418998422
26051.0,0.13364950342447168,0.762667229346433,0.10368326722909509
26597.0,0.04285641829176847,0.9556113019251524,0.0015322797830790572
26358.0,0.002231493355144719,0.016172365056732863,0.9815961415881225
26962.0,0.04616166356763506,0.9061361744235873,0.04770216200877771
26689.0,0.18146448894091075,0.7965655552470777,0.02196995581201159
27239.0,0.15518541693781404,0.8220294890203255,0.022785094041860493
27508.0,0.11225930572704604,0.87576317666071,0.011977517612243867
26291.0,0.657563367922506,0.303778703039551,0.038657929037943024
26528.0,0.03505575502822435,0.31892087686758286,0.6460233681041929
25990.0,0.6925478542944858,0.3052745835557064,0.00217756214980769
26764.0,0.045900174904565376,0.7791879956594504,0.17491182943598416
27039.0,0.016160679965088777,0.18579632096456772,0.7980429990703435
27577.0,0.07631599802403434,0.8019895148971343,0.12169448707883129
27306.0,8.114551808261095E-4,0.07982839601861927,0.9193601488005546
26477.0,0.14737610278635252,0.8112200844690306,0.04140381274461693
26238.0,0.0028734188951870165,0.22016010562375204,0.7769664754810609
27374.0,6.018262927550041E-4,0.032536513507744,0.9668616601995009
27099.0,0.03066660595869449,0.934765867703551,0.03456752633775449
26824.0,0.026447212668807948,0.13831265741028761,0.8352401299209045
26170.0,0.932954783524263,0.06620733364545743,8.378828302797545E-4
26409.0,0.048713097107254924,0.3628223583692532,0.5884645445234918
27440.0,0.004209556047870599,0.07536869993168116,0.9204217440204482
27171.0,0.6151192609117452,0.37960680623184806,0.005273932856406676
26629.0,0.06015359673840192,0.9169788804037459,0.022867522857852277
26902.0,0.010395939011923594,0.04255800203741306,0.9470460589506633
26050.0,0.002328533136398043,0.04300354316496517,0.9546679236986368
26596.0,0.03109299906215704,0.8566388551307887,0.11226814580705426
26359.0,0.03295549587321637,0.8929389331305884,0.07410557099619529
26531.0,0.35260312894287066,0.63557999079342,0.011816880263709452
26288.0,0.023132843285172382,0.0538342343266461,0.9230329223881815
25989.0,0.001901069695610522,0.03716640722017082,0.9609325230842187
26690.0,0.02167418164259783,0.9231103733993784,0.055215444958023815
26961.0,0.30061300302452015,0.6929035402694784,0.0064834567060015145
27511.0,0.005562196772469812,0.8943405190998908,0.1000972841276395
27236.0,0.13579049716298044,0.8412556135749322,0.02295388926208735
26237.0,0.04326374125501405,0.9475321175848276,0.009204141160158224
26478.0,0.02882028602950078,0.8801339493280917,0.09104576464240749
27036.0,0.4711425353698068,0.5110870597900704,0.01777040484012265
26767.0,0.024479296692201346,0.09518497341306871,0.88033572989473
27305.0,0.0042603611964734086,0.27810738504184795,0.7176322537616786
27578.0,0.8934752915999726,0.10385921778146105,0.0026654906185662923
26410.0,0.06610434787432933,0.10666220798806661,0.8272334441376039
26169.0,0.12121938514903655,0.8771273785034343,0.0016532363475292593
27373.0,0.9198440441824767,0.0784073417399536,0.0017486140775697797
26827.0,0.18734643273401544,0.8038796796668375,0.008773887599147137
27096.0,0.8165978160716151,0.18115719847117506,0.0022449854572098933
26049.0,0.0037912254634316985,0.03191968090866702,0.9642890936279013
26356.0,0.012719322459473922,0.028781937575714896,0.9584987399648112
26599.0,0.011282518809556875,0.1675325970585158,0.8211848841319274
27168.0,0.036995541914132124,0.06790345510246196,0.8951010029834059
27443.0,9.494243906201232E-4,0.04139712421153081,0.9576534513978491
26901.0,0.0012446380883935155,0.015615051411866239,0.9831403104997403
26630.0,0.002062146294021155,0.03590852935584757,0.9620293243501313
26530.0,0.9233112994255998,0.07603217704033552,6.56523534064889E-4
26289.0,0.0011179819640183607,0.03446123657143315,0.9644207814645483
25988.0,0.04042180321767178,0.9411481939087225,0.018430002873605692
26691.0,0.0026583622598945903,0.010392602848056745,0.9869490348920487
26960.0,0.14262900902348635,0.8522908418003633,0.005080149176150231
27510.0,0.15360569242888028,0.8407648463443903,0.0056294612267293155
27237.0,0.00819861845846612,0.10058537337927058,0.8912160081622633
26236.0,0.07353168828143186,0.8500818110994728,0.07638650061909527
26479.0,3.2674699834594985E-4,0.029701090584979706,0.9699721624166745
27037.0,0.24850196318740997,0.6855953632617895,0.06590267355080064
26766.0,0.5125097377814148,0.3452793148801055,0.1422109473384797
27304.0,0.18148771988566276,0.7394033446132258,0.07910893550111145
27579.0,0.21950789159833986,0.7636518258561692,0.016840282545490817
26411.0,0.16246045071343834,0.8118741505226834,0.025665398763878237
26168.0,0.7961732565476234,0.20072687314814355,0.0030998703042330773
27372.0,0.01746297496959854,0.10786755779290523,0.8746694672374962
26826.0,0.24361177420031066,0.7186347495745347,0.03775347622515451
27097.0,0.6458309268982021,0.3387718211538526,0.015397251947945284
26048.0,0.03736280066445723,0.3002105526770249,0.6624266466585178
26357.0,0.16843830421829467,0.8180046188094451,0.01355707697226024
26598.0,0.3050441099286392,0.6791624962919282,0.01579339377943262
27169.0,0.12418175139597142,0.4929917480834267,0.38282650052060185
27442.0,0.0011378494361362972,0.02861380527851229,0.9702483452853514
26900.0,0.08486109132781826,0.9000744421509685,0.015064466521213193
26631.0,0.6421722028461879,0.24786633327116875,0.10996146388264341
27580.0,0.043496204002944426,0.9285387085918807,0.027965087405174737
27311.0,0.5733397871209496,0.4089660270943896,0.017694185784660976
26761.0,0.9284166754323566,0.06792067825363982,0.003662646314003478
27034.0,0.05386372266580439,0.912253173625447,0.03388310370874851
26472.0,0.5393675400631475,0.4488241346830598,0.011808325253792731
26235.0,0.10089898319411388,0.8695528680195782,0.029548148786307887
27234.0,0.450982350241194,0.5296026640396638,0.019414985719142186
27505.0,0.5064952529007261,0.4844217691651273,0.009082977934146634
26967.0,0.007992077435977752,0.1328025705400566,0.8592053520239656
26692.0,0.2478253372279912,0.739047513126899,0.013127149645109852
25987.0,0.08561878374729345,0.8546275079088073,0.05975370834389939
26294.0,0.012752953123682721,0.959260046385123,0.027987000491194448
26533.0,0.38175560845224105,0.6127740585035827,0.005470333044176289
26624.0,0.16459253405543117,0.8111950395212439,0.024212426423324784
26899.0,0.19878072354224416,0.7803905182777445,0.02082875818001135
27445.0,0.008610832614475225,0.23808161242793663,0.7533075549575882
27174.0,0.36470605760429897,0.6280003673213131,0.007293575074387892
26593.0,0.8222073272418837,0.17520724793687184,0.002585424821244539
26354.0,0.1323354396524514,0.8541265991525566,0.013537961194992069
26055.0,0.06752580461023899,0.48832083657038916,0.4441533588193718
27102.0,0.515868007820518,0.44527453928396793,0.03885745289551415
26829.0,0.26500444695810127,0.7170280457272281,0.017967507314670558
27371.0,0.004298350249824371,0.050081320153343156,0.9456203295968326
26175.0,0.9169897532573952,0.0819121913503697,0.0010980553922351974
26412.0,0.2627356338746461,0.7135836251607143,0.023680740964639766
27581.0,0.050370694199973726,0.9255908124673474,0.02403849333267894
27310.0,0.05252977320234479,0.8475536358309703,0.09991659096668497
26760.0,0.1158820507101212,0.8723382552015706,0.011779694088308075
27035.0,0.3654039469043395,0.5986728052302029,0.0359232478654576
26473.0,0.0020361811999800444,0.016345371106652837,0.981618447693367
26234.0,0.011512240627004986,0.011734867955498982,0.9767528914174961
27235.0,0.07725170903144932,0.7480140674398601,0.17473422352869053
27504.0,0.04346962882216089,0.9545746835595639,0.0019556876182754194
26966.0,0.7756063544877776,0.2148833968771408,0.009510248635081634
26693.0,0.007692374909488509,0.09068350880540013,0.9016241162851114
25986.0,0.01841168192385953,0.8362223129490434,0.14536600512709713
26295.0,0.07556225315934584,0.8763354760003833,0.04810227084027078
26532.0,0.22237513413656476,0.7722074610866335,0.005417404776801763
26625.0,0.010164173072111562,0.1575359115027564,0.8322999154251322
26898.0,0.21702200087213647,0.7785075129541799,0.00447048617368368
27444.0,0.8653931121498127,0.12938035661605812,0.005226531234129118
27175.0,0.15045696642244044,0.8373053733263369,0.012237660251222738
26592.0,0.01757789259132162,0.24011158331529545,0.7423105240933828
26355.0,0.021445339530248065,0.9597579584344571,0.01879670203529498
26054.0,0.060619799315548346,0.19175592643404837,0.7476242742504032
27103.0,0.16106320931203116,0.8325811148373723,0.006355675850596655
26828.0,0.0012202931290666962,0.07992193579594582,0.9188577710749875
27370.0,0.01572705881306662,0.03705578465033831,0.9472171565365951
26174.0,0.656596281054097,0.3383718078405773,0.0050319111053257655
26413.0,3.850016423963552E-4,0.055623044257843285,0.9439919540997604
26233.0,0.03935025013180251,0.8961904898275028,0.06445926004069469
26474.0,0.16192067118806885,0.820957278720333,0.017122050091598087
27309.0,0.031355666981608285,0.8722831981959424,0.09636113482244932
27582.0,0.11711010166761979,0.7381579614740931,0.14473193685828706
27032.0,0.2552525820128105,0.6935827796271657,0.05116463836002375
26763.0,0.3605432515672206,0.6298686813250032,0.009588067107776184
25985.0,0.18007800881046165,0.7837873289113793,0.03613466227815906
26535.0,0.27672147272118675,0.34303463335812245,0.38024389392069075
26292.0,0.031035595007578742,0.6812672823215304,0.2876971226708908
27507.0,0.00677837682804616,0.8780429651724719,0.11517865799948206
27232.0,0.1122258977171687,0.8625213245866434,0.0252527776961878
26694.0,0.6825273819594986,0.3132415510853954,0.0042310669551059695
26965.0,0.002004448279341494,0.03692607035485884,0.9610694813657995
26352.0,0.04274470141064484,0.20276826940136652,0.7544870291879886
26595.0,0.946212738159549,0.052168234099672965,0.0016190277407779885
26053.0,0.25797817503129417,0.47418685799757954,0.2678349669711263
26897.0,0.17379797486137863,0.8184047747187672,0.007797250419854116
26626.0,0.021218388245187746,0.9207605156311829,0.05802109612362927
27172.0,0.09894509713533828,0.8889990461464711,0.01205585671819062
27447.0,9.836606851879564E-4,0.021351887194761474,0.9776644521200507
26414.0,0.005850688240855202,0.07577394324557216,0.9183753685135727
26173.0,0.0012764966506201812,0.03041822619076933,0.9683052771586104
26831.0,0.9365310844301725,0.06235384272616917,0.0011150728436583924
27100.0,0.07722829472083369,0.7503011521194299,0.17247055315973625
27369.0,0.010257130867897538,0.611466744620019,0.3782761245120835
26232.0,0.20449043115792104,0.7918058305666362,0.003703738275442626
26475.0,0.3163580973902752,0.6778554981434001,0.005786404466324882
27308.0,0.03309906811718704,0.11750951255081285,0.8493914193320001
27583.0,0.004785630937433119,0.10809807679636944,0.8871162922661975
27033.0,0.27973439103130615,0.7077637756980815,0.012501833270612382
26762.0,0.8226556171634231,0.1690972613731892,0.008247121463387798
