26275.0,3.555957242516981E-10,7.091668224813839E-5,0.9999290829621561
26544.0,0.06349970833962858,0.9365002892080377,2.452333494628089E-9
26006.0,0.181537334832315,0.8184626651644961,3.1888472095875073E-12
26946.0,0.3682095940698064,0.6317904059286579,1.5358761178437256E-12
26705.0,0.9936757496246691,0.006324250375330857,4.107323690363075E-17
27255.0,0.395438050715008,0.6045613384385424,6.108464497143263E-7
27492.0,0.997875093127579,0.0021249068724209495,1.154364300252231E-17
26493.0,0.0027472620299575246,0.9972527378999312,7.011129518959924E-11
26222.0,1.9003466774268022E-29,6.864688224939643E-23,1.0
26780.0,2.528465452736985E-5,0.980830419721868,0.0191442956236044
27023.0,4.846823768417485E-19,3.194425235719304E-15,0.9999999999999969
27561.0,7.541584542637639E-5,0.9970480753545188,0.002876508800054982
27322.0,8.705915355282591E-4,0.7734062710924349,0.22572313737203686
26154.0,1.7987608163841246E-4,0.9998201202541733,3.664188279141965E-9
26425.0,0.03190672076286182,0.9680932791207026,1.1643569609065945E-10
27390.0,6.299268356050848E-16,4.706338137278068E-10,0.9999999995293656
27083.0,0.9986912231462272,0.001308776853772979,3.959448112795251E-17
26840.0,0.0010814430558429404,0.9989185549402219,2.0039350828598256E-9
26066.0,0.2582171465394348,0.7417828531801373,2.8042789018366573E-10
26612.0,2.904431736360619E-4,0.9997095568258477,5.160738057774575E-13
26343.0,0.05389175406624845,0.9460998028800999,8.443053651728593E-6
27424.0,0.0018241719328748092,0.9980633182078483,1.1250985927682542E-4
27187.0,0.1435113044673326,0.8564886955322023,4.65115431601565E-13
26645.0,0.09601190949966762,0.9039880904571662,4.316596196667822E-11
26886.0,0.12621299040007006,0.8737869362646666,7.333526329534561E-8
26274.0,0.9908386272827536,0.00916137271724416,2.1412198285454093E-15
26545.0,2.0947699752877281E-47,1.2786289333333193E-31,1.0
26007.0,1.6596385490166732E-8,0.004217271004370647,0.9957827123992439
26947.0,0.3507824888707161,0.6492175111183838,1.0900175213287325E-11
26704.0,1.235466106653563E-20,2.096685831140089E-9,0.9999999979033141
27254.0,0.007098131404099954,0.6217584643795626,0.37114340421633735
27493.0,4.883333483311337E-31,6.067408134167426E-20,1.0
26492.0,0.0022624338218793735,0.9977375659946641,1.8345648093760989E-10
26223.0,0.001716390143559743,0.9982836094176314,4.3880886783743476E-10
26781.0,1.345974748634633E-4,0.9998654011078668,1.4172697871152764E-9
27022.0,0.05907529998653482,0.9409031364291164,2.1563584348842507E-5
27560.0,1.564856977059405E-33,3.254559620458809E-25,1.0
27323.0,2.1836450963572766E-16,1.657099463937642E-9,0.9999999983429002
26155.0,0.19838500887948834,0.8016149906155242,5.049874250639749E-10
26424.0,0.22498888032813666,0.7750111196718014,6.193181768788136E-14
27391.0,0.8942598923351579,0.10574010618000156,1.4848405564131495E-9
27082.0,7.906563289005072E-4,0.9992061239041231,3.2197669763998954E-6
26841.0,0.38891307257600394,0.6110869269263574,4.976387276682998E-10
26067.0,0.24308048526659667,0.7433578865532336,0.013561628180169552
26613.0,0.3018971874546368,0.6981028125438099,1.5532803518159371E-12
26342.0,2.9388626437343247E-10,2.806291157753733E-4,0.9997193705903382
27425.0,5.99263783505253E-45,3.565447937799424E-32,1.0
27186.0,1.2160423891860434E-10,5.689134421106576E-7,0.9999994309649537
26644.0,5.949184300159081E-6,0.010620425958317395,0.9893736248573824
26887.0,0.9215617085405994,0.07843829145745414,1.946405794175483E-12
26707.0,1.6854433013417382E-44,3.403083579870515E-36,1.0
26944.0,0.008929025386426,0.9910701402709147,8.34342659176448E-7
27494.0,0.03035930814829944,0.9696406917314754,1.2022496053400575E-10
27253.0,3.4661559063090604E-4,0.99965336839247,1.60168989612866E-8
26546.0,0.2855809184715701,0.7144190808604656,6.67964226839062E-10
26273.0,8.448667023569434E-4,0.09441618260126344,0.9047389506963796
26004.0,1.0176112790944112E-24,6.691711912776892E-17,1.0
27021.0,0.24575095964638605,0.7542490403306494,2.2964453773160034E-11
26782.0,2.2716084859977602E-39,2.85563167714868E-31,1.0
27320.0,2.5745662192883052E-17,1.5202317070983485E-10,0.9999999998479767
27563.0,0.945822066724151,0.054177933275822925,2.5941151553285552E-14
26220.0,6.367205891752033E-4,0.9993629417788,3.37632024893908E-7
26495.0,8.43335619406387E-12,1.9223443731517515E-4,0.9998077655542515
27388.0,4.4660617293797346E-12,4.702491273179125E-5,0.999952975082802
26842.0,0.04710359328347594,0.9528963672775728,3.9438951282432265E-8
27081.0,0.11932708872206778,0.8806729090032173,2.2747149232183773E-9
26427.0,5.037936978924035E-5,0.25994649543253023,0.7400031251976806
26152.0,1.0585393877693472E-4,0.9998852849748833,8.86108633980862E-6
27185.0,9.944976765898632E-22,2.4891095201284525E-17,1.0
27426.0,0.8556223830916344,0.1443776169073548,1.0109676724574029E-12
26884.0,0.04735971544252147,0.9526402845542964,3.182310999975849E-12
26647.0,1.6706100547825839E-65,3.1278478679410004E-48,1.0
26064.0,5.505477665589013E-34,7.400967331144464E-26,1.0
26341.0,5.461910164404513E-4,0.23120822338036928,0.7682455856031903
26614.0,0.9787293561292855,0.02127064387067075,4.3847510937662126E-14
26706.0,1.5794687399491522E-8,1.919785855060376E-5,0.999980786346762
26945.0,1.754143502433229E-21,8.476713127032703E-14,0.9999999999999152
27495.0,1.0393732483103396E-8,0.9954198292041476,0.004580160402120018
27252.0,1.5210009821893595E-4,0.9977036128738613,0.0021442870279197307
26547.0,0.9909533567022996,0.009046643297699112,1.3705991089550358E-15
26272.0,6.700000555257586E-16,2.5051566161323312E-9,0.9999999974948428
26005.0,0.003342386201738261,0.9966576081407177,5.657544107338359E-9
27020.0,0.9872553058076519,0.012744694192339619,8.5823987462213E-15
26783.0,0.0713146385429735,0.9286853597277702,1.7292561669556143E-9
27321.0,0.236852947767781,0.7631470522319307,2.8839640238772354E-13
27562.0,0.855444177571134,0.1445558224288198,4.607906178204489E-14
26221.0,0.359375901236705,0.6406240985934178,1.6987723871687624E-10
26494.0,0.020969894906020026,0.9787628079788355,2.67297115144602E-4
27389.0,1.1462571120678696E-22,3.8463861573840224E-14,0.9999999999999616
26843.0,2.9668713639616195E-20,2.1025184360063032E-14,0.9999999999999789
27080.0,0.9954876838506032,0.004512316149393204,3.726149363551657E-15
26426.0,0.0815589433901622,0.7342927603563669,0.18414829625347068
26153.0,0.914923138555468,0.08507686144136652,3.1655528950103E-12
27184.0,0.9839916315644138,0.016008368435574336,1.1785067628037495E-14
27427.0,6.8811809652447885E-18,3.2201533939256214E-13,0.999999999999678
26885.0,0.010245163936500962,0.9897548343164926,1.747006344541332E-9
26646.0,0.9918510041516516,0.008148995848346134,2.183073421154436E-15
26065.0,0.008205135000412714,0.9917948316253025,3.337428490847755E-8
26340.0,2.9879323371917254E-27,4.6242184564925267E-20,1.0
26615.0,2.903801669070882E-5,0.9999708001962878,1.6178702142261352E-7
25951.0,9.668296008919017E-6,0.9956557543471662,0.004334577356824846
26489.0,0.026411319825164842,0.9735886793784259,7.964092122357046E-10
26218.0,6.292185303524632E-6,0.9106719092863704,0.08932179852832602
27565.0,0.05647591458920055,0.9435240853893345,2.146489381928516E-11
27326.0,0.7847194489486109,0.2152805510513825,6.652643781824498E-15
26776.0,4.354263089578476E-25,1.546687267259749E-19,1.0
27019.0,0.061151399341373494,0.9388486000837044,5.749220627652598E-10
26002.0,6.005700906353244E-6,0.024750925018595767,0.975243069280498
26279.0,1.2237342076605752E-22,1.5007551452965264E-16,0.9999999999999998
26548.0,0.18551495191680717,0.814485048077157,6.035803784436414E-12
27251.0,0.040796370668412976,0.9592036291788668,1.5272023250645337E-10
27488.0,0.3548607961534461,0.6451392038465393,1.4568216311888784E-14
26950.0,0.9145748308126255,0.0854251691873258,4.8654766270758614E-14
26709.0,6.814253870851609E-59,1.4991978518833474E-53,1.0
26608.0,0.3632157887170466,0.6367842105667416,7.16211835072136E-10
26339.0,0.49923701874535065,0.5007629812477313,6.9179586451900794E-12
26070.0,0.0019012436486131607,0.9980978415607799,9.147906068364188E-7
26641.0,2.16322540078478E-4,0.9997822803777314,1.3970821900916372E-6
26882.0,0.9983869859587825,0.0016130140412174783,1.4857930843491843E-17
27428.0,0.06137293170226605,0.9386270680893205,2.0841347734031024E-10
27191.0,0.9945576250494036,0.005442374937349661,1.3246713606591465E-11
26158.0,0.00787232275013223,0.8998365561432631,0.0922911211066047
26429.0,0.06635888855138636,0.9336411109393902,5.092232849791735E-10
27087.0,0.4258562487670374,0.5741437512324129,5.496973065836768E-13
26844.0,0.9711404513206131,0.028859548679330372,5.655181247490316E-14
27386.0,0.6524303206608421,0.34756967933610683,3.0511484112052275E-12
25950.0,0.6818860691248102,0.3181139308748977,2.9209189541981306E-13
26488.0,0.31990841379929225,0.24727852834824018,0.4328130578524676
26219.0,7.227947815062841E-4,0.9992718131658973,5.392052596265162E-6
27564.0,0.562774697741609,0.43722530224499806,1.3392911953154908E-11
27327.0,0.8467043767137932,0.15329562328602686,1.7985067878090548E-13
26777.0,3.578405007392969E-5,0.7681533022191006,0.23181091373082555
27018.0,5.471974405875611E-14,1.1521570925585404E-7,0.9999998847842362
26003.0,0.23861070895879732,0.7613892909428961,9.830657555273742E-11
26278.0,1.6077432976123804E-4,0.950807853000801,0.04903137266943793
26549.0,0.9457800830641373,0.05421991693582003,4.262499912980712E-14
27250.0,0.01974199229954922,0.9802580003333665,7.367084421521936E-9
27489.0,0.0024000716204054303,0.9975999274319938,9.476008874710685E-10
26951.0,0.08242824029575407,0.9175717596924599,1.1786069286682917E-11
26708.0,6.295584593247183E-8,2.456014206596937E-5,0.999975376902088
26609.0,0.9156558811982545,0.08434411880030732,1.4382781672693034E-12
26338.0,0.8871971751730349,0.11280282482696417,9.444710016629793E-16
26071.0,7.073426536560931E-6,0.9999785821751377,1.4344398325649803E-5
26640.0,2.5759821731019766E-16,6.371818775930695E-9,0.9999999936281809
26883.0,0.010477940857410778,0.9860439597388991,0.0034780994036901023
27429.0,0.46997281930772156,0.530027180490093,2.02185470771991E-10
27190.0,0.9006112272683718,0.0993887727285019,3.1261435497526434E-12
26159.0,1.0155884884482457E-9,5.538687536481212E-8,0.9999999435975361
26428.0,7.912573211279809E-25,9.131170026027605E-18,1.0
27086.0,0.23883850574344143,0.7524628376293804,0.00869865662717819
26845.0,1.1257774502863746E-34,1.4633976701903442E-23,1.0
27387.0,4.121921913517759E-9,2.462968982922574E-4,0.9997536989797859
27324.0,0.0018206659853239843,0.9981793331509053,8.63770749992188E-10
27567.0,0.12204009507934606,0.8779599022587445,2.6619092907905567E-9
27017.0,0.9587548962610675,0.041245103738887526,4.495705219594965E-14
26778.0,0.9943274042527588,0.005672595747240755,3.3333899355717527E-16
25949.0,0.008840673847763008,0.9911592990488264,2.7103410729433913E-8
26216.0,0.7930837332414938,0.20691626675849,1.6131643912409433E-14
26491.0,0.1687292537363741,0.8312707458190485,4.445773595770706E-10
27490.0,9.217885217288069E-46,1.1875240659976616E-35,1.0
27249.0,2.1094436288787344E-21,7.668643343625024E-16,0.9999999999999993
26711.0,0.8473408565400665,0.1526591434587017,1.2317798156468565E-12
26948.0,1.1268397397726654E-5,4.657144586247597E-4,0.9995230171439775
26000.0,3.1181948486208963E-6,0.0046740470692226985,0.9953228347359286
26550.0,0.7330493990822802,0.26695060091536965,2.350151793453277E-12
26277.0,0.9997901291226,2.0987087739970912E-4,1.2740445975682807E-16
26880.0,0.1815308134277971,0.8184691842979367,2.274266235628772E-9
26643.0,9.074146776679225E-4,0.07854569453520545,0.9205468907871266
27189.0,0.7242469609417149,0.2757530390582021,8.300094612424983E-14
27430.0,6.577715889447495E-41,9.034611906854874E-29,1.0
26337.0,0.4008717439249414,0.5991282560749962,6.237110399013528E-14
26610.0,0.9968802153915309,0.0031197846084689874,9.710659261623656E-18
26068.0,0.25142875210592386,0.7485712478844373,9.638934830983185E-12
26846.0,0.003660348130284069,0.9963396503324746,1.5372413581076244E-9
27085.0,9.2801813363756E-5,0.9997990180365668,1.0818015006957954E-4
27384.0,0.9960984808610961,0.003901519138903648,1.8795526858429554E-16
26431.0,1.2440120445942677E-4,0.8621773912828055,0.1376982075127352
26156.0,0.9992619704425475,7.380295574525557E-4,4.521401740205659E-18
27325.0,3.7439148605207285E-18,2.9405421559911283E-14,0.9999999999999707
27566.0,1.537359659433818E-21,1.3626224899112851E-11,0.9999999999863738
27016.0,9.642955089515676E-6,0.024660578809274473,0.975329778235636
26779.0,2.8999192865438535E-4,0.9996144809350883,9.552713625721224E-5
26217.0,0.27492059967646165,0.7250794002904405,3.309791282258904E-11
26490.0,1.304495857954825E-18,1.0693103179027146E-11,0.999999999989307
27491.0,7.425284440409694E-50,3.457414118213553E-39,1.0
27248.0,0.07035778509946995,0.929642204337335,1.056319502869169E-8
26710.0,0.9959896527124928,0.00401034728750667,3.6900165146776567E-16
26949.0,0.025176417868169664,0.974823582131671,1.5925529476509693E-13
26001.0,1.1150158788356872E-7,0.001922080281244881,0.9980778082171672
26551.0,1.1138554052158288E-23,3.128147264711488E-16,0.9999999999999998
26276.0,5.2974613869537235E-11,3.9382377574611553E-8,0.9999999605646479
26881.0,0.044135061650381405,0.9558649383493287,2.899795283887677E-13
26642.0,0.9541969839910373,0.04580301032855641,5.680406337853983E-9
27188.0,0.15411465280570733,0.8458853470870025,1.0729029363499143E-10
27431.0,0.03288193928333255,0.9671180572900583,3.426609133454937E-9
26336.0,1.3143382549392645E-20,5.05852978669816E-14,0.9999999999999494
26611.0,1.1480682052035004E-20,3.315406053599258E-18,1.0
26069.0,0.6545858637637848,0.34541413621959666,1.6618618660240585E-11
26847.0,1.5363175819867816E-49,2.3005894455346014E-40,1.0
27084.0,0.0025212694295489156,0.7852618937888969,0.21221683678155412
27385.0,0.008316897061873678,0.9916830906251773,1.2312949181679028E-8
26430.0,0.578246630526311,0.4217533692291351,2.4455392689993306E-10
26157.0,1.7213814604406165E-4,0.2884443172388176,0.7113835446151384
26146.0,0.003439071921299796,0.9965608567404931,7.133820723073423E-8
26417.0,0.19190921739575276,0.8080907825402566,6.399080685313276E-11
27382.0,6.885249024306315E-34,1.9782528679713416E-25,1.0
27075.0,7.147381239692137E-42,1.6178818863158713E-32,1.0
26832.0,0.018965796474030686,0.9809873341607108,4.686936525850098E-5
26074.0,0.0025271435864573344,0.9974725496188478,3.0679469479664867E-7
26620.0,0.9079342139462132,0.09206578562672278,4.270638949788331E-10
26351.0,1.2593728676049887E-28,1.758099819347375E-17,1.0
27432.0,2.8808291445494236E-9,0.015355242167547549,0.9846447549516232
27195.0,0.015714903093770376,0.9842850945932247,2.3130050335689717E-9
26653.0,6.2937496914069E-27,1.8353363169600865E-18,1.0
26894.0,3.2967707225777875E-9,1.0884250958261434E-7,0.9999998878607196
26283.0,9.062664896422419E-4,0.7484233576196787,0.25067037589067914
26552.0,0.29482378025864364,0.7051761525451085,6.719624805074797E-8
26014.0,0.001335086470675599,0.9986644157929233,4.977364009595248E-7
26954.0,4.616553467348726E-13,1.6300655993282042E-10,0.9999999998365319
26713.0,0.09930540621142944,0.9006945936941804,9.43901765376306E-11
27263.0,3.373779638361327E-8,0.9575808756367621,0.04241909062544158
27500.0,0.37119908396662704,0.6288009159727111,6.066176240390699E-11
26485.0,7.24545076282063E-22,2.447971733279849E-13,0.9999999999997553
26214.0,0.7898227981465092,0.21009998279891298,7.721905457764601E-5
26772.0,4.484455675079469E-36,3.03936726661436E-26,1.0
27015.0,0.005748045165283222,0.9942482620715996,3.6927631172294997E-6
27553.0,3.5161820409409974E-5,0.9994596629864444,5.051751931461946E-4
27314.0,0.44126265114135466,0.5587373488452422,1.3403205985184369E-11
26147.0,3.2434342791231733E-21,1.590464112977665E-13,0.999999999999841
26416.0,4.656109831822635E-19,1.7137689034851387E-10,0.9999999998286231
27383.0,1.0906065263018594E-33,1.2499481525566127E-26,1.0
27074.0,1.602832202475031E-26,4.646538985389953E-16,0.9999999999999996
26833.0,0.18790428242560256,0.8120957162314363,1.3429611364992668E-9
26075.0,2.472140583326525E-7,0.05646651093056968,0.9435332418553719
26621.0,0.25719990571913354,0.7428000942802737,5.927185728176432E-13
26350.0,0.9639314565726046,0.03606854342738122,1.414836724899805E-14
27433.0,0.04421419728544565,0.955785802683863,3.069151383086102E-11
27194.0,0.8340242265430029,0.16597577338504574,7.19512658812961E-11
26652.0,0.013869904533358651,0.9861300952888388,1.7780246436463985E-10
26895.0,3.9188083784845244E-5,0.9999531503323535,7.661583861658148E-6
26282.0,5.108754385061907E-10,1.0179899557788771E-5,0.9999898195895667
26553.0,0.046202459150885104,0.9537975404199812,4.2913384992243505E-10
26015.0,0.9506431240078099,0.04935687599183527,3.5487034074799685E-13
26955.0,0.16119220325566466,0.8388077964890509,2.5528435015854593E-10
26712.0,0.00951808640701442,0.9904819133873365,2.0564907615316592E-10
27262.0,7.041659053136735E-33,2.2994510881663252E-23,1.0
27501.0,0.7643824741818674,0.23561752581678308,1.349555620339305E-12
26484.0,0.9820905661530772,0.017909433842660222,4.262570805062558E-12
26215.0,0.8907177306727123,0.10928226932727386,1.3819927052135661E-14
26773.0,0.9412797594051469,0.05872024059485298,1.0647879315998081E-16
27014.0,0.0016640517423414034,0.9983335131256669,2.435131991739887E-6
27552.0,0.20504239919207257,0.7949576007346266,7.330071579644714E-11
27315.0,0.5588100884554541,0.44118989533565867,1.620888731687792E-8
27380.0,2.9271864151046656E-8,0.9746517711728535,0.02534819955528241
26834.0,3.4012281830794466E-19,9.512470175523583E-12,0.9999999999904876
27073.0,0.021252293480436314,0.9787477052059099,1.3136537530322291E-9
26419.0,0.9963357792580989,0.0036642207419008625,2.2741466694193724E-16
26144.0,0.002027511299191144,0.9979724747860463,1.3914762364956973E-8
27193.0,0.9985888214698598,0.0014111785301401864,4.856586402052954E-18
27434.0,0.01692754414116576,0.9830724497016058,6.157228530785921E-9
26892.0,0.6361337378521625,0.3638662621414345,6.402806496245487E-12
26655.0,8.154523106410096E-4,0.9991845003371921,4.735216696269378E-8
26072.0,5.016985512040332E-64,1.973875976134102E-45,1.0
26349.0,0.0029407543793577204,0.9970592450191058,6.01536520157706E-10
26622.0,0.6779375799441568,0.3220624200524369,3.406211893569968E-12
26715.0,0.4267126106337287,0.5732873893653074,9.63982104112827E-13
26952.0,0.031004137286079494,0.968995846726047,1.5987873662046358E-8
27502.0,0.965816598303223,0.034183401696757626,1.929670659802729E-14
27261.0,0.009099609109416313,0.9909003745622063,1.6328377406158115E-8
26554.0,2.7561278211652324E-4,0.996238574527931,0.003485812689952483
26281.0,2.071809479556982E-16,2.2087424364799136E-11,0.9999999999779123
26012.0,2.3338966250773318E-5,0.0022226391193174797,0.9977540219144319
27013.0,0.8264053508212486,0.1735946491787202,3.143695171438877E-14
26774.0,0.06405693526162934,0.9352671251670157,6.75939571355107E-4
27312.0,4.667136322928294E-5,0.9998274704578074,1.2585817896336413E-4
27555.0,5.441613165329039E-10,5.458570711718806E-6,0.9999945408851268
26212.0,9.26432065376257E-46,3.4257317098628205E-40,1.0
26487.0,0.6957698271891188,0.3042301728099986,8.826792669646082E-13
27381.0,8.839866319975094E-16,5.558335529227894E-11,0.9999999999444158
26835.0,5.0783163843087436E-8,0.00668138227976656,0.9933185669370695
27072.0,1.979007441596104E-6,0.999992717223304,5.303769254343311E-6
26418.0,0.9907493091914057,0.009250690808594031,3.210745678176587E-16
26145.0,7.294295059193373E-32,7.60368654636111E-26,1.0
27192.0,0.25018398593701163,0.749816014031338,3.16503073622957E-11
27435.0,0.014977026150667583,0.9850212918247425,1.6820245899581267E-6
26893.0,0.9987349322597332,0.0012650677402667348,4.187646940080655E-18
26654.0,1.960376455421907E-5,0.9999803156341637,8.060128220159393E-8
26073.0,4.308518699174462E-22,6.024495151451104E-16,0.9999999999999993
26348.0,0.0013652041810357893,0.010032652069153467,0.9886021437498108
26623.0,4.0714190529251436E-12,4.101693235236202E-6,0.9999958983026934
26714.0,0.7709151205367389,0.22908487946238235,8.785736674702662E-13
26953.0,1.0238200271350557E-12,3.026020037033828E-7,0.9999996973969726
27503.0,0.027199397041148415,0.9728006019194716,1.0393799369440115E-9
27260.0,0.908969249715813,0.0910307502709537,1.3233336095152907E-11
26555.0,1.4784561125524756E-5,0.999984882109469,3.3332940535400587E-7
26280.0,0.08750361625818087,0.912496383229943,5.118761689890477E-10
26013.0,2.4702641012378005E-23,3.9944038731452053E-16,0.9999999999999996
27012.0,1.4849698814215136E-16,6.52476697696144E-7,0.9999993475233021
26775.0,2.1062524013608986E-8,2.443233843300945E-4,0.9997556555531458
27313.0,3.928272738454695E-4,0.009151884834230017,0.9904552878919245
27554.0,0.027571415662847806,0.9724285843364717,6.803561171976909E-13
26213.0,5.247740289555933E-14,5.318329006598812E-11,0.9999999999467641
26486.0,9.222367115276541E-9,4.76344061290419E-5,0.9999523563715038
26616.0,0.06401929213287369,0.9359807078593669,7.759219368446797E-12
26347.0,0.006448316587485778,0.99355167362867,9.783844191242781E-9
26078.0,5.004546223791884E-18,1.3791928856942959E-11,0.9999999999862081
26649.0,4.32027526032842E-11,1.1239700105811936E-4,0.9998876029557391
26890.0,0.0609414383770224,0.9390584432419288,1.1838104874039757E-7
27436.0,6.497398598751337E-35,4.1022162146909346E-27,1.0
27199.0,2.128514748361582E-15,6.182149570395289E-7,0.9999993817850408
26150.0,1.4595055018283156E-39,3.2595180095082834E-25,1.0
26421.0,0.30338223447101753,0.6966177655279951,9.873719501713251E-13
27079.0,0.005165646378485477,0.9948343527249712,8.965432751760147E-10
26836.0,0.10530941698680217,0.8946905829700782,4.311964383631241E-11
27378.0,0.0037006948867617626,0.9962971349027167,2.1702105214483857E-6
26481.0,4.122489133811156E-18,1.3250764178000279E-12,0.9999999999986748
26210.0,1.131386473635593E-22,2.4870306853729746E-15,0.9999999999999976
27557.0,9.7268166653352E-47,2.6849497329706767E-33,1.0
27318.0,0.0258030834231105,0.9741969160427625,5.341269994743099E-10
26768.0,1.5430169647223348E-7,0.0017640027203625643,0.998235842977941
27011.0,2.5632372624129475E-33,2.4790129823039154E-24,1.0
26010.0,0.02317292890230751,0.9768270478117268,2.328596557540145E-8
26287.0,0.7992482239102833,0.20075177608655595,3.1609283692962833E-12
26556.0,2.0630482356423082E-4,0.004689073902248616,0.9951046212741871
27259.0,0.0341960938295797,0.965803905835539,3.34881319510079E-10
27496.0,0.014278750931362515,0.9857212176143338,3.1454303711244625E-8
26958.0,1.5675081106331062E-42,7.008291134414752E-36,1.0
26717.0,0.14821468545321106,0.8517853089776479,5.569140900215381E-9
26617.0,4.760288682547018E-5,0.13697597187706986,0.8629764252361046
26346.0,0.8220047234098279,0.1779952765891293,1.0427133590296932E-12
26079.0,1.879951456031981E-5,0.9999758616590367,5.338826402932702E-6
26648.0,2.273392673173029E-16,1.6228116714960506E-10,0.9999999998377187
26891.0,0.9564197034503367,0.04358029654953556,1.2785855624619072E-13
27437.0,7.765321535671623E-5,0.07869105760520265,0.9212312891794406
27198.0,4.504969798787419E-47,5.87284763747811E-33,1.0
26151.0,0.9445472403750409,0.05545275962495857,4.485606167117793E-16
26420.0,0.05950932826415175,0.9404906714840305,2.518175719698248E-10
27078.0,1.6686104952952093E-22,1.1450635650382618E-11,0.9999999999885494
26837.0,0.053229715037547067,0.946769975599674,3.0936277887250156E-7
27379.0,0.8543744461023999,0.14562555387693518,2.0665088328755754E-11
26480.0,3.8589311780421826E-4,0.025774119824565875,0.97383998705763
26211.0,0.8014114164840616,0.19858854356386568,3.995207262913079E-8
27556.0,2.5156884660896852E-20,3.1492376348812385E-12,0.9999999999968507
27319.0,1.2779926138272408E-32,1.9752355471979953E-18,1.0
26769.0,0.9133950886219366,0.08660491137635172,1.7116871636320907E-12
27010.0,1.9222264314512242E-4,0.9998077716922894,5.664565461971128E-9
26011.0,0.6960658266594032,0.30393417333931677,1.2800412928478913E-12
26286.0,0.08645632802430098,0.9135436513644072,2.0611291689641046E-8
26557.0,9.331113061555146E-22,3.892712366695059E-15,0.999999999999996
27258.0,1.8775985435620291E-29,1.1589266528584927E-24,1.0
27497.0,3.064464466483425E-39,4.5763029279027075E-29,1.0
26959.0,0.009338326598425298,0.9906616731142277,2.873472204500879E-10
26716.0,0.014709285581925026,0.9852907144108175,7.257457230766831E-12
26888.0,0.09348906537567349,0.9065109345882293,3.609715283652467E-11
26651.0,5.235847505926908E-23,2.5422894215177655E-13,0.9999999999997458
27197.0,0.22183353237637288,0.7781661766843908,2.9093923638696236E-7
27438.0,1.5223357280524345E-13,4.062534223410577E-12,0.9999999999957851
26345.0,0.002091956549509897,0.9979079918525121,5.1597977939930716E-8
26618.0,0.013861381219569988,0.9861385745444943,4.4235935627495966E-8
26076.0,5.1254498891381865E-25,5.386953144033845E-21,1.0
26838.0,0.007586196631600722,0.9923843023988883,2.950096951095607E-5
27077.0,0.002437490708384213,0.9975625092413166,5.029929160424191E-11
27376.0,2.014633472279988E-19,2.102081427087282E-14,0.9999999999999789
26423.0,1.4551233302526823E-42,3.0569956108068088E-28,1.0
26148.0,0.009209921498815376,0.9907900699305783,8.570606342805657E-9
27316.0,8.227479854486635E-36,1.119046278246076E-23,1.0
27559.0,1.1686467622043522E-11,6.435226032029346E-4,0.9993564773851105
27009.0,1.2746595248705704E-7,7.604463149902815E-5,0.9999238279025484
26770.0,0.14561030896523544,0.8543896907695967,2.6516793134146073E-10
26208.0,0.001229534256854663,0.9987704439203894,2.1822756119448085E-8
26483.0,2.636048157778726E-25,2.30972974916979E-20,1.0
27498.0,0.787251143231524,0.21274885666897478,9.950112930577337E-11
27257.0,0.0217553215924497,0.9772070837577899,0.0010375946497606684
26719.0,0.8955967000750065,0.10440329992446962,5.238093328113E-13
26956.0,0.8297766033515819,0.17022317164985304,2.249985651854301E-7
26008.0,0.2590574307106081,0.7409425691804481,1.0894389862040542E-10
26558.0,0.04347884616045951,0.9565041744304542,1.6979409086104958E-5
26285.0,0.001127325922018541,0.9988726692208119,4.857169640831037E-9
26889.0,2.245588076661424E-25,1.7684723519796597E-17,1.0
26650.0,0.7432024665043915,0.2567975334951684,4.401560051021387E-13
27196.0,0.6622242560101391,0.3377757439886415,1.2193716093235437E-12
27439.0,1.1363903440889596E-6,7.153753332971201E-5,0.9999273260763263
26344.0,2.8924244630181993E-4,0.9997018431711409,8.914382557377435E-6
26619.0,0.08869349302225218,0.9113065069545324,2.3215501125185574E-11
26077.0,0.5296516228654035,0.47034837713147204,3.124529704482441E-12
26839.0,1.9540976413015586E-51,1.0433467965931973E-35,1.0
27076.0,5.813151508288537E-48,8.179910523611045E-38,1.0
27377.0,0.9194754404165996,0.0805245595834,3.3408094940868374E-16
26422.0,3.8074884412775843E-34,2.0275763728863673E-24,1.0
26149.0,9.233819006485926E-43,5.7140553723109154E-34,1.0
27317.0,8.207785353191425E-22,6.310695694277159E-15,0.9999999999999938
27558.0,0.0965879555467265,0.9034120433881998,1.0650736274812772E-9
27008.0,0.815627527363964,0.18437247263602827,7.745380701570509E-15
26771.0,0.21227408236029982,0.7877259176290096,1.0690460989367697E-11
26209.0,0.018180769609009967,0.981819047038635,1.8335235503436958E-7
26482.0,6.43254061777907E-8,0.0023172642271155983,0.9976826714474782
27499.0,0.3128061260501335,0.6871937959698526,7.798001375576721E-8
27256.0,0.9610796858374249,0.03892031416257503,4.6548971513983285E-17
26718.0,0.9990472097151556,9.52790284842582E-4,1.6926033499696868E-15
26957.0,4.136780855884617E-5,0.9989673172228921,9.913149685491381E-4
26009.0,0.008989357459186196,0.9910106424074897,1.333240196570528E-10
26559.0,0.0032671690690779117,0.023553304068526723,0.9731795268623954
26284.0,0.9460199828939836,0.05398001710526802,7.483599780235235E-13
26963.0,0.029611151483149665,0.9703888466514432,1.8654072759425157E-9
26688.0,2.424376804006366E-28,5.461159878487114E-21,1.0
27238.0,0.004102899056014214,0.7619641278631685,0.23393297308081748
27509.0,0.9946509651276225,0.005349034872348063,2.932190785753499E-14
26290.0,0.8528190497525289,0.1471809502474709,1.169672470564755E-16
26529.0,9.758716967206738E-4,0.9988769700234945,1.4715827978481488E-4
25991.0,9.89087542515502E-22,3.172201752341113E-15,0.9999999999999969
26765.0,6.661516223626884E-4,0.9993338483672639,1.0373389201630503E-11
27038.0,3.2708821875916373E-12,1.0842037658666596E-8,0.9999999891546915
27576.0,2.4895525249629763E-19,1.8436458985241775E-12,0.9999999999981564
27307.0,0.8835383496422087,0.11646165035777935,1.1907790300307845E-14
26476.0,0.9971381495714867,0.0028618504285067748,6.322669101911978E-15
26239.0,2.4506851457882237E-18,7.034890027874885E-14,0.9999999999999296
27375.0,0.5946326993067889,0.4053673006927617,4.4950660441118086E-13
27098.0,0.940986577368178,0.05901342263168183,1.401104241766716E-13
26825.0,0.9176153177595107,0.08238468224038804,1.0126759666772447E-13
26171.0,1.4074383770015436E-15,9.558307280448804E-10,0.9999999990441679
26408.0,0.13879420316877,0.8611985080294929,7.288801737015278E-6
27441.0,0.019180994444876122,0.9804199091580157,3.9909639710816665E-4
27170.0,0.5848014680803036,0.41519853162972636,2.899698949081934E-10
26628.0,4.880376188004608E-11,0.011645540730107456,0.9883544592210889
26903.0,3.921834890848953E-5,0.9894077300694059,0.010553051581685784
26051.0,4.231843620043879E-4,0.999574550799505,2.26483849077562E-6
26597.0,0.4181512987767354,0.5818487012227949,4.696357494660587E-13
26358.0,1.492625361676644E-22,4.496529758765194E-16,0.9999999999999996
26962.0,0.014254980022949297,0.9857450027416109,1.7235439846262802E-8
26689.0,0.2012069950577015,0.7987930048829534,5.934501811357995E-11
27239.0,0.874031126842248,0.12596887315767588,7.614476009294135E-14
27508.0,0.0020151672508030264,0.9979848322257747,5.234223036072409E-10
26291.0,0.9751430279426487,0.024856971939192524,1.1815860379522413E-10
26528.0,2.234979297535477E-15,2.5573675419046208E-8,0.9999999744263224
25990.0,0.6179183470103486,0.3820816529893259,3.254864464725606E-13
26764.0,0.02042852254231477,0.9795714770068376,4.508477864461233E-10
27039.0,9.315247151455824E-25,1.633210696619189E-18,1.0
27577.0,6.038529719329621E-4,0.9991236928378765,2.7245419019051475E-4
27306.0,1.0355281038160692E-13,3.5960257672473137E-6,0.9999964039741291
26477.0,0.03183690878292236,0.9681620488876572,1.0423294205023297E-6
26238.0,7.416534331262492E-5,0.4401058257987989,0.5598200088578884
27374.0,1.604376884439892E-35,8.751740824607946E-26,1.0
27099.0,0.0017761948596516511,0.998223805098658,4.1690226116622186E-11
26824.0,2.600033969335519E-7,0.007588850441402197,0.9924108895552008
26170.0,0.9984459007940952,0.0015540992059047127,9.927224740403446E-18
26409.0,7.719843672201763E-4,0.9989980676248466,2.2994800793327746E-4
27440.0,1.295500465374379E-11,2.670205626028666E-7,0.9999997329664823
27171.0,0.8067826793039445,0.19321732068473538,1.1320095215758409E-11
26629.0,0.003802534104846682,0.996195546475285,1.9194198683071196E-6
26902.0,8.85761219651195E-18,1.667237737167233E-15,0.9999999999999982
26050.0,1.9483233438106191E-25,2.8256388059290283E-19,1.0
26596.0,2.0394153908650194E-4,0.8597588122446232,0.1400372462162901
26359.0,2.9741015200841022E-5,0.99997025411039,4.874409285963088E-9
26531.0,0.07130429994373962,0.9286957000267062,2.9554045336592825E-11
26288.0,2.9553619122974756E-36,1.310796767963461E-29,1.0
25989.0,6.960938960199583E-32,7.170098772217881E-21,1.0
26690.0,0.011629523782677965,0.9883704407841059,3.5433216141426695E-8
26961.0,0.8603413960918427,0.13965860390687043,1.2868862766342307E-12
27511.0,1.8861489151550552E-4,0.9997946386636702,1.674644481410517E-5
27236.0,8.891079049263542E-4,0.9991108846680009,7.42707272089054E-9
26237.0,0.18470768212715163,0.815292317872309,5.393469759449742E-13
26478.0,0.0026222343261694107,0.9973776592331582,1.0644067248282165E-7
27036.0,0.9483477348329404,0.051652265166851216,2.0826779658049785E-13
26767.0,3.7137685697167026E-15,3.8677915051907484E-11,0.9999999999613183
27305.0,2.625759727967672E-7,0.08790519525810572,0.9120945421659216
27578.0,0.9955937937926785,0.004406206207321161,3.0610666005123673E-16
26410.0,4.276974657505642E-29,2.8858232377160076E-20,1.0
26169.0,0.18838210029761948,0.8116178997014871,8.934143710701993E-13
27373.0,0.9922288273348575,0.007771172665142311,1.1098295407126032E-16
26827.0,0.16708631153349185,0.8329136881016398,3.648684260400084E-10
27096.0,0.977000144658681,0.022999855341251728,6.722307263529944E-14
26049.0,1.816633242140797E-24,9.934915876678268E-18,1.0
26356.0,4.058318726164399E-9,1.3204457994528353E-7,0.9999998638971014
26599.0,1.5775103325352029E-24,1.3301739530214149E-20,1.0
27168.0,1.2175732829751205E-8,3.838631216989156E-4,0.9996161247025683
27443.0,1.546053601596845E-25,5.1414256215754295E-18,1.0
26901.0,1.5228420206696628E-44,3.4824045950938907E-35,1.0
26630.0,2.002520050983704E-28,2.870151055869911E-20,1.0
26530.0,0.9942142127157566,0.005785787284242887,3.778507237923402E-16
26289.0,1.061571220433268E-31,1.9854174870889915E-23,1.0
25988.0,0.006200073582812707,0.9937999263201148,9.707258113476162E-11
26691.0,4.9334314347830763E-60,2.1575396609052468E-44,1.0
26960.0,0.3993098032096006,0.6006901967892659,1.13352084484796E-12
27510.0,0.324621941700191,0.6753780582831168,1.6692192433676318E-11
27237.0,3.5066824629248664E-44,1.6248770015855135E-31,1.0
26236.0,4.5303687221830705E-4,0.9995468733384726,8.97893090333941E-8
26479.0,5.1822049871648624E-18,4.549967907290328E-12,0.9999999999954501
27037.0,0.009939367209700635,0.9900557645325639,4.86825773525866E-6
26766.0,1.2399756813443933E-4,0.6511864540744194,0.34868954835744603
27304.0,1.4636609914072966E-4,0.997654974653036,0.0021986592478232168
27579.0,0.9052652538076705,0.09473474619176508,5.644148105172556E-13
26411.0,0.793460467050455,0.20653952107820378,1.1871341198850641E-8
26168.0,0.9241851096487411,0.07581489035112109,1.3759759777481084E-13
27372.0,2.3072196336748513E-10,1.078836730276583E-5,0.9999892114019753
26826.0,0.43446793203244327,0.5655320640966892,3.870867514696997E-9
27097.0,0.9558777807043124,0.0441222192956736,1.405579587077399E-14
26048.0,5.134615144566371E-4,0.9877437082253363,0.01174283026020707
26357.0,0.8589993533869748,0.14100064661301057,1.465894217647011E-14
26598.0,0.6624011266794606,0.3375988733186404,1.8989733110714E-12
27169.0,0.00671824564754161,0.9927702488153277,5.115055371307358E-4
27442.0,8.100585428729409E-45,5.925803350853868E-30,1.0
26900.0,0.03715800823565652,0.9628419917140819,5.026167473605626E-11
26631.0,0.9629646703340654,0.036810891326747926,2.2443833918679777E-4
27580.0,0.005825845611985648,0.9941740242990292,1.3008898509900613E-7
27311.0,0.9913514577188367,0.008648542281162812,5.330528438669138E-16
26761.0,0.9970391774478929,0.0029608225521071774,8.37997450938637E-17
27034.0,0.003455599387140087,0.9965443984128701,2.1999897271383556E-9
26472.0,0.01050624590497772,0.9894933336675853,4.2042743694580676E-7
26235.0,0.14741316738316865,0.8525868325826875,3.414374840976524E-11
27234.0,3.7438483890476555E-4,0.9996234010805336,2.214080561654835E-6
27505.0,0.6011586268933499,0.39884137309192796,1.4722279896307714E-11
26967.0,1.1687393575757542E-12,6.232804031698456E-7,0.999999376718428
26692.0,0.7752536735283934,0.22474632647108891,5.178441189983557E-13
25987.0,0.006092680861772951,0.9939073179966038,1.14162319322311E-9
26294.0,1.5920443197131912E-4,0.9998407943472701,1.2207586159101768E-9
26533.0,0.9285776429274758,0.07142235707241501,1.0933772329371638E-13
26624.0,0.9564726989816907,0.043527301018307304,1.848062901248676E-15
26899.0,0.2538970471529482,0.7461029514439987,1.4030530252374777E-9
27445.0,3.5167692875170896E-9,0.0015759489225916545,0.9984240475606391
27174.0,0.9207626734223989,0.07923732657759724,3.871761018107504E-15
26593.0,0.923871777781189,0.07612822221869539,1.156305351867349E-13
26354.0,0.16706783598791247,0.8329321640097335,2.3540409424093784E-12
26055.0,0.026687406104331957,0.9732947947264566,1.779916921145518E-5
27102.0,0.0021782598349524306,0.9978216721190467,6.804600085291957E-8
26829.0,0.468427910904349,0.5315720890561888,3.946224643482726E-11
27371.0,6.609883258511947E-18,3.4453509742700804E-14,0.9999999999999656
26175.0,0.9979100785487338,0.002089921451266288,3.851304008788568E-18
26412.0,0.49553936840847923,0.5044606315667478,2.4773003099314846E-11
27581.0,0.008094096824988547,0.9919059031480315,2.6979899836743396E-11
27310.0,0.012595031757831306,0.987403251800908,1.7164412607564074E-6
26760.0,0.6003032570072891,0.39969674298660196,6.108902884953424E-12
27035.0,0.17224043681707596,0.8277595613742906,1.8086332133427107E-9
26473.0,6.085482228159041E-39,8.065827381830218E-27,1.0
26234.0,4.365695702162467E-38,4.220512965707214E-33,1.0
27235.0,0.03514940678215361,0.964850458627743,1.345901033140953E-7
27504.0,0.01192665929986152,0.9880733398377944,8.623438620224226E-10
26966.0,0.8733374415272218,0.1266625584703917,2.3865074965754216E-12
26693.0,2.602969497524553E-19,1.3304679054537849E-14,0.9999999999999867
25986.0,2.677782785228377E-6,0.9999964757374356,8.46479779269478E-7
26295.0,0.025255546866775534,0.9747444531312002,2.024270615468774E-12
26532.0,0.9677492703107907,0.03225072968920892,4.567868734403759E-16
26625.0,2.948010451690277E-29,4.173289173802411E-21,1.0
26898.0,0.9765246815191716,0.023475318480828428,4.847698476117609E-17
27444.0,0.9968798650074369,0.0031201349925546167,8.643241807170184E-15
27175.0,0.0649594157665163,0.9350405837939039,4.395798658590655E-10
26592.0,1.683070932673736E-8,2.641078200303988E-4,0.9997358753492602
26355.0,3.7048247142297487E-4,0.999629517515149,1.3427991820159908E-11
26054.0,2.433467095311928E-4,0.25211595876040344,0.7476406945300654
27103.0,0.2770548713688568,0.722945128630817,3.2619506244014774E-13
26828.0,1.4874284373739018E-30,2.087911279163028E-18,1.0
27370.0,2.0415838327243103E-17,1.6783677702694597E-9,0.9999999983216321
26174.0,0.9954675215752691,0.0045324784247308715,4.5162300755335403E-17
26413.0,2.5733108643326247E-26,1.3815514051649172E-19,1.0
26233.0,0.0018624125673570612,0.9981375501898476,3.7242795355195175E-8
26474.0,0.047143672035513326,0.9528563261124563,1.8520302934365023E-9
27309.0,0.012435245596978119,0.9875646292644105,1.2513861134004022E-7
27582.0,8.942038507423015E-4,0.9990937089261337,1.2087223123990548E-5
27032.0,0.00828229870439912,0.9917175728735861,1.284220147696431E-7
26763.0,0.9070602709629163,0.09293972903469272,2.3908518721693196E-12
25985.0,0.200528150806045,0.7994718486658764,5.280785359593878E-10
26535.0,0.07616829609393307,0.9237639537113344,6.775019473254456E-5
26292.0,2.431539283147265E-6,0.9870710957134099,0.012926472747306768
27507.0,2.5102724216292667E-4,0.9994813265688953,2.6764618894175267E-4
27232.0,0.29722994399662017,0.7027700559944772,8.902728696061588E-12
26694.0,0.8513375165573006,0.1486624834422881,4.1110491295023177E-13
26965.0,7.383896947101206E-44,6.002162675636027E-31,1.0
26352.0,2.7525398192600807E-6,4.644666727878894E-4,0.9995327807873927
26595.0,0.9987300852306067,0.0012699147693929847,4.0316841529062296E-16
26053.0,0.0010131578149944094,0.977338809777991,0.02164803240701445
26897.0,0.34176582328254185,0.6582341767172024,2.557269760103932E-13
26626.0,0.026964285208261163,0.9730357147459991,4.573970170419768E-11
27172.0,0.21616486184240957,0.783835138154124,3.466447981007309E-12
27447.0,9.961202320957237E-9,0.010872883551588062,0.9891271064872097
26414.0,6.982793994455369E-33,6.727224045596243E-25,1.0
26173.0,1.5691618339077561E-27,8.953578335929507E-17,1.0
26831.0,0.9997834845303029,2.165154696968241E-4,2.2525006727982177E-16
27100.0,0.007143967565265614,0.9925780024570614,2.7802997767303536E-4
27369.0,4.574074576099102E-7,0.9917332915048763,0.008266251087666066
26232.0,0.6828750983016175,0.31712490169838176,8.286115336431282E-16
26475.0,0.9783619507509801,0.02163804924901356,6.287569039381503E-15
