26275.0,9.155753984379782E-4,0.4173394680272798,0.5817449565742823
26544.0,0.38136727342199855,0.6186269819863162,5.744591685341509E-6
26006.0,0.30752065421079583,0.6924790888783445,2.569108597719668E-7
26946.0,0.47164282436593674,0.528356704786358,4.708477053274512E-7
26705.0,0.7499117814727502,0.2500881938611152,2.466613486220868E-8
27255.0,0.19397937365371556,0.8053690802845785,6.515460617059396E-4
27492.0,0.8116062449816414,0.1883937398831565,1.5135202229510172E-8
26493.0,0.05263149170426265,0.947367752185849,7.561098882099981E-7
26222.0,1.3731558732649676E-18,1.984533127958216E-13,0.9999999999998015
26780.0,0.018915519736412093,0.9736831599331822,0.0074013203304057204
27023.0,2.6150872516043945E-10,1.0573964187865492E-7,0.9999998939988494
27561.0,0.03178900990280829,0.9621804833652999,0.006030506731891714
27322.0,0.1930149973298405,0.7538016113174862,0.05318339135267329
26154.0,0.011655624088928661,0.9883427836667609,1.5922443106233781E-6
26425.0,0.113056410480936,0.8869359445983254,7.644920738854141E-6
27390.0,7.359199774626032E-10,7.884694815661467E-6,0.9999921145692643
27083.0,0.8903549463858083,0.10964503746946411,1.6144727796110986E-8
26840.0,0.03908242325231671,0.9608894713005152,2.8105447168036116E-5
26066.0,0.4002735255853073,0.5997257546822787,7.197324139428213E-7
26612.0,0.01568099399543301,0.9843189530282952,5.297627173443458E-8
26343.0,0.12381550001671546,0.875768405755195,4.1609422808964807E-4
27424.0,0.06567422115802023,0.9340449588553601,2.808199866197323E-4
27187.0,0.43947475062965885,0.5605251724489612,7.692137999579897E-8
26645.0,0.10743675793683778,0.8925478271493308,1.5414913831510837E-5
26886.0,0.09238418497463036,0.9075213728302733,9.44421950961917E-5
26274.0,0.7790163917796891,0.22098357194588258,3.627442832323965E-8
26545.0,1.381072605700647E-33,2.356327668303279E-22,1.0
26007.0,0.0070487397722927315,0.8817251021578175,0.11122615806988972
26947.0,0.5871061971670551,0.4128936431960099,1.5963693496003396E-7
26704.0,1.7817950966018691E-9,1.302839261027064E-4,0.9998697142921023
27254.0,0.0205466664947987,0.3586451203667667,0.6208082131384346
27493.0,1.3292045047714544E-19,6.060542929204482E-13,0.999999999999394
26492.0,0.1143906449290383,0.885588971047166,2.0384023795740748E-5
26223.0,0.014756703656871671,0.985230859357557,1.2436985571077674E-5
26781.0,0.0017541273978773626,0.9981816978483824,6.417475374038716E-5
27022.0,0.01671532135668241,0.9779916093142637,0.005293069329054019
27560.0,2.8651550111054443E-22,2.1127914403263507E-16,0.9999999999999998
27323.0,1.4437665132418698E-11,1.205498095947505E-6,0.9999987944874664
26155.0,0.3544806353765883,0.6455190954057739,2.6921763794805357E-7
26424.0,0.6696392279560881,0.3303607373409165,3.47029954426833E-8
27391.0,0.7047717455785509,0.29522612259035425,2.1318310949246097E-6
27082.0,0.029763462007885405,0.9695382789241692,6.982590679453607E-4
26841.0,0.3636153649414341,0.6363814457745383,3.1892840276983497E-6
26067.0,0.15300727537344055,0.8300065023216895,0.016986222304869895
26613.0,0.6009533535208686,0.39904658184989134,6.462924005893671E-8
26342.0,1.6022541241660024E-9,3.554035165776499E-5,0.9999644580460881
27425.0,6.333568441931424E-27,6.746161825677034E-21,1.0
27186.0,1.1367997223649064E-6,1.2981918691286925E-4,0.9998690440133647
26644.0,9.021322959613502E-4,0.13112270203947582,0.8679751656645629
26887.0,0.5418049721118796,0.4581945420498714,4.858382489581206E-7
26707.0,1.527199852117458E-30,1.569212621188087E-24,1.0
26944.0,0.2541281007847331,0.7458108520803274,6.104713493955363E-5
27494.0,0.22125708239959568,0.7787412508506666,1.6667497378319132E-6
27253.0,0.002660668737572076,0.9972553511833837,8.39800790443335E-5
26546.0,0.13453107005679585,0.8654660537489416,2.876194262537097E-6
26273.0,0.009313828412106916,0.5779946896452264,0.4126914819426667
26004.0,5.889248020881713E-13,5.408827924337139E-9,0.9999999945905831
27021.0,0.445994955717939,0.5540046263554989,4.1792656204964064E-7
26782.0,9.876001605733188E-25,2.788987854617937E-19,1.0
27320.0,7.41736000643605E-10,4.436931942463399E-6,0.9999955623263216
27563.0,0.7561251623863995,0.2438747705583534,6.705524703085807E-8
26220.0,0.004986118319156503,0.9948931912041955,1.2069047664782429E-4
26495.0,1.394832301948824E-4,0.17852659023331297,0.8213339265364922
27388.0,1.8834911655137943E-5,0.027696123781278063,0.9722850413070667
26842.0,0.10948541607671435,0.890468760867241,4.582305604456624E-5
27081.0,0.6486648049675061,0.3513334581763229,1.7368561710741353E-6
26427.0,2.2498560389465588E-4,0.25530402990296486,0.7444709844931405
26152.0,0.003121539568838413,0.9913212177500585,0.005557242681103021
27185.0,1.5909370911819673E-12,4.7373945045807165E-11,0.9999999999510352
27426.0,0.5448619468921807,0.4551378221360147,2.3097180457212718E-7
26884.0,0.17104280770132763,0.8289569427615938,2.4953707839452337E-7
26647.0,9.833035873461087E-44,4.9325349859675024E-33,1.0
26064.0,1.1894248513726098E-22,9.277498511382098E-18,1.0
26341.0,7.327745675449676E-4,0.053090018448488284,0.9461772069839668
26614.0,0.7790163917796891,0.22098357194588258,3.627442832323965E-8
26706.0,2.899462547405591E-4,0.016712376837009803,0.9829976769082496
26945.0,7.335675337985291E-14,2.535017638877757E-9,0.999999997464909
27495.0,9.899316525553874E-5,0.7935244542225899,0.20637655261215462
27252.0,0.0017664013440966987,0.7837665749035023,0.21446702375240081
26547.0,0.7790163917796891,0.22098357194588258,3.627442832323965E-8
26272.0,6.878469985551231E-9,2.8504730103246727E-5,0.9999714883914268
26005.0,0.033954428270939425,0.9660375175335975,8.054195463129406E-6
27020.0,0.7646958639217856,0.23530406601166595,7.006654847348041E-8
26783.0,0.2428024068301431,0.7571934909092869,4.102260569979469E-6
27321.0,0.389290249128608,0.6107097059331758,4.493821623804446E-8
27562.0,0.6976353859175757,0.30236455445897703,5.96234473001015E-8
26221.0,0.6398744625925751,0.36012478657190344,7.508355213856993E-7
26494.0,0.05475548812471111,0.9432203715158197,0.002024140359469238
27389.0,4.6804450659454604E-14,3.765371212312738E-9,0.999999996234582
26843.0,9.590616195615258E-10,1.418933480497946E-7,0.9999998571475903
27080.0,0.831162329973953,0.16883762521244933,4.4813597653153525E-8
26426.0,0.19661895271857793,0.46004581588443294,0.34333523139698907
26153.0,0.5268820862278997,0.47311749544097675,4.1833112351383873E-7
27184.0,0.8205979930256816,0.17940197649130596,3.048301244850841E-8
27427.0,1.1381157505383718E-9,1.8061268454825446E-7,0.9999998182491998
26885.0,0.26749668586695885,0.732502356549213,9.57583828183743E-7
26646.0,0.7790163917796891,0.22098357194588258,3.627442832323965E-8
26065.0,0.06244053686643883,0.9374173086348617,1.4215449869953538E-4
26340.0,2.1005039686736427E-17,3.451218648498126E-13,0.9999999999996549
26615.0,0.027962364958968974,0.9719653702857131,7.226475531791941E-5
25951.0,0.001651691652975142,0.942085305756621,0.056263002590403906
26489.0,0.15098097592878523,0.8490158698324948,3.154238719927984E-6
26218.0,0.0016025565901527465,0.9966688133776264,0.0017286300322209016
27565.0,0.27877062392592106,0.7212286720264135,7.040476653694039E-7
27326.0,0.7456315255772141,0.2543684627141542,1.1708631663415037E-8
26776.0,3.852708790419365E-17,2.6977725424466814E-13,0.9999999999997302
27019.0,0.2740697536839486,0.725929290263455,9.560525964261535E-7
26002.0,0.009543589206362639,0.8512739190959564,0.13918249169768088
26279.0,1.643077831590007E-12,6.084265272182706E-10,0.9999999993899304
26548.0,0.3044617290855484,0.6955379587657547,3.121486967073143E-7
27251.0,0.04865845968623212,0.9513365695035036,4.970810264225658E-6
27488.0,0.20502833502858045,0.7949716313537345,3.361768488911976E-8
26950.0,0.7444446958216897,0.2555551901268434,1.1405146698655738E-7
26709.0,2.029644254315475E-41,9.161578636756125E-38,1.0
26608.0,0.6480209346206853,0.35197570494255354,3.3604367610629874E-6
26339.0,0.6595405092529801,0.34045939477864545,9.596837454108084E-8
26070.0,0.06100876145072804,0.9387766094238272,2.1462912544453872E-4
26641.0,0.07996298854632533,0.9200328980404315,4.113413243010903E-6
26882.0,0.809537611425364,0.19046236536563899,2.3208997155996528E-8
27428.0,0.11390107548662848,0.8860955902751868,3.334238184793466E-6
27191.0,0.8712125479441071,0.1287848198023842,2.6322535086220497E-6
26158.0,0.27326216946976845,0.712679775299701,0.014058055230530705
26429.0,0.1437902439431014,0.8562078131126266,1.942944271998398E-6
27087.0,0.4991689646431973,0.5008309856297083,4.972709440619995E-8
26844.0,0.6524846078135483,0.34751527658544007,1.1560101164822512E-7
27386.0,0.3726629313718084,0.6273369183342227,1.5029396892690932E-7
25950.0,0.45360068081489097,0.5463992851039264,3.4081182595567425E-8
26488.0,0.6163007305535633,0.38343738483913686,2.6188460729989233E-4
26219.0,0.011694185636216655,0.9879041990894547,4.0161527432862673E-4
27564.0,0.3392005052245972,0.6607987877659163,7.070094864407213E-7
27327.0,0.7640762892669994,0.2359236852740728,2.5458927716686372E-8
26777.0,0.0016654671488394637,0.7445070164872051,0.25382751636395556
27018.0,3.17012098415434E-8,2.139200645478083E-4,0.9997860482342424
26003.0,0.3255545931389571,0.6744444171015191,9.89759523700813E-7
26278.0,0.009546335389372362,0.9822130526963053,0.008240611914322335
26549.0,0.7713737464174483,0.22862623695747683,1.6625074926428216E-8
27250.0,0.04797676104814465,0.9517623514106299,2.608875412253782E-4
27489.0,0.07290892704157133,0.9270791189207043,1.1954037724383233E-5
26951.0,0.3742617407236033,0.6257380140098326,2.452665641520102E-7
26708.0,1.6820217773623822E-5,0.0011338670158099165,0.9988493127664164
26609.0,0.6627016743388368,0.3372978942151307,4.3144603253245637E-7
26338.0,0.5533157447820243,0.4466842109834764,4.423449938744494E-8
26071.0,0.0010242442947222244,0.9980920565859256,8.836991193522401E-4
26640.0,6.127688535478579E-11,5.8485855918025495E-6,0.9999941513531314
26883.0,0.11923507692597622,0.8788171043520744,0.0019478187219493601
27429.0,0.26022350024374447,0.7397751424535923,1.3573026631583487E-6
27190.0,0.7499117814727502,0.2500881938611152,2.466613486220868E-8
26159.0,7.524103992880444E-4,0.0021997709607365756,0.9970478186399753
26428.0,6.170085301406559E-14,2.1410805181750052E-10,0.9999999997858302
27086.0,0.0764149401548697,0.7204866079735666,0.20309845187156375
26845.0,3.237214389365802E-24,2.0587143122691354E-16,0.9999999999999998
27387.0,0.00138416781914023,0.21961906493391922,0.7789967672469406
27324.0,0.011187013506267695,0.9888071892146846,5.797279047710118E-6
27567.0,0.10536684154939324,0.8945922471827576,4.091126784921373E-5
27017.0,0.762351970790678,0.23764797114320338,5.806611855802875E-8
26778.0,0.7887010035952703,0.21129896259659392,3.3808135696742476E-8
25949.0,0.03647618369256488,0.963367427107471,1.5638919996417393E-4
26216.0,0.40906375044490373,0.5909362017608037,4.7794292549164585E-8
26491.0,0.3498715562368016,0.6501271446080659,1.299155132570979E-6
27490.0,6.409798224997417E-31,1.5814761764946864E-23,1.0
27249.0,1.8793630450332763E-13,3.3509972879972483E-9,0.9999999966488147
26711.0,0.6192517207536866,0.38074818077446887,9.847184450487682E-8
26948.0,0.01962759326447504,0.05556531878193316,0.9248070879535918
26000.0,0.011984407722850969,0.962481729615644,0.025533862661505025
26550.0,0.5928401755474482,0.40715961023921055,2.1421334136661418E-7
26277.0,0.9933424869196833,0.006657511095360755,1.98495595423946E-9
26880.0,0.08342734978390895,0.9165716017416091,1.0484744820284484E-6
26643.0,0.011194117928125977,0.19023685734768367,0.7985690247241902
27189.0,0.717239943519595,0.2827600067644998,4.971590512507812E-8
27430.0,1.8861203256144225E-27,4.093411305856576E-19,1.0
26337.0,0.27141907553849676,0.7285808677140605,5.674744275342187E-8
26610.0,0.7456315255772141,0.2543684627141542,1.1708631663415037E-8
26068.0,0.4828182929825163,0.5171811962707538,5.107467298146613E-7
26846.0,0.23818201108478546,0.7618162364117272,1.752503487325696E-6
27085.0,0.010091353727545674,0.9877401971993434,0.0021684490731108913
27384.0,0.809537611425364,0.19046236536563899,2.3208997155996528E-8
26431.0,4.3240851213210155E-4,0.7641309039996623,0.23543668748820554
26156.0,0.8903549463858083,0.10964503746946411,1.6144727796110986E-8
27325.0,2.6147855529110552E-12,1.1405741354783394E-9,0.9999999988568111
27566.0,9.181270291886423E-8,0.04467990004625011,0.955320008141047
27016.0,2.3028565177483692E-4,0.03449805304894679,0.9652716612992783
26779.0,0.007670657523314478,0.9854661228729702,0.006863219603715435
26217.0,0.2983540382743336,0.7016457219342344,2.3979143193805395E-7
26490.0,8.057766408629775E-14,7.68408819482026E-9,0.9999999923158313
27491.0,2.6389926515970297E-33,1.7251455541885835E-27,1.0
27248.0,0.316854718431888,0.6831413325779931,3.9489901188722506E-6
26710.0,0.7717123868290676,0.22828759569417928,1.747675315353259E-8
26949.0,0.2068668168033559,0.7931331129577954,7.023884873210895E-8
26001.0,4.7886669476126517E-4,0.061224865259226345,0.9382962680460125
26551.0,7.852569742806774E-14,3.027756922099796E-9,0.9999999969721645
26276.0,9.194800193106997E-6,8.159523939575437E-4,0.9991748528058494
26881.0,0.2513484546811469,0.7486515165017678,2.8817085376132746E-8
26642.0,0.8415931752435283,0.15840665490228764,1.6985418394958773E-7
27188.0,0.2217073194740742,0.7782901598815594,2.5206443663261147E-6
27431.0,0.13391925883543362,0.8660662393322079,1.4501832358325987E-5
26336.0,2.0911238189119202E-10,1.2318888676828232E-7,0.9999998766020007
26611.0,4.552118339497712E-13,5.0037043012908737E-11,0.9999999999495077
26069.0,0.6525846284665114,0.3474150744939137,2.970395748542144E-7
26847.0,4.632400434702739E-31,5.966346188096432E-26,1.0
27084.0,0.18126750016755325,0.8176176999628825,0.0011147998695641805
27385.0,0.02836387969358151,0.9715706568040837,6.5463502334745E-5
26430.0,0.6007436237738784,0.3992551354279956,1.2407981259241666E-6
26157.0,0.003516873191493019,0.05315530978934991,0.9433278170191571
26146.0,0.027071945449907996,0.9728801463945683,4.7908155523705774E-5
26417.0,0.6863589639486124,0.3136408169515092,2.1909987849414918E-7
27382.0,1.646170618253418E-22,1.3984014083204588E-17,1.0
27075.0,1.6538979915764912E-26,9.94990465726794E-22,1.0
26832.0,0.26620999208229634,0.7335958763450372,1.9413157266634878E-4
26074.0,0.07535911776311123,0.9246336633532586,7.218883630165769E-6
26620.0,0.6819224681915652,0.3180770767749234,4.550335115260862E-7
26351.0,1.374081041691733E-19,8.352650530162135E-12,0.9999999999916473
27432.0,0.0010834493822929558,0.807237487301757,0.19167906331595008
27195.0,0.03602599100280362,0.9639591836996171,1.4825297579423945E-5
26653.0,6.825534442479464E-14,2.2017436811027873E-10,0.9999999997797573
26894.0,6.41876887451967E-5,0.0013130107541739818,0.9986228015570809
26283.0,0.05115148818097301,0.8875979988503057,0.06125051296872135
26552.0,0.2463676736386846,0.7536022568322437,3.0069529071784514E-5
26014.0,0.008476245327108032,0.9908684521165599,6.553025563320675E-4
26954.0,1.3748940141953375E-9,6.610226418669544E-7,0.9999993376024641
26713.0,0.2728076397516729,0.7271902050673288,2.1551809983573323E-6
27263.0,6.556050833016716E-5,0.9416994141459645,0.058235025345705294
27500.0,0.45773116776202666,0.5422674839014209,1.3483365523844626E-6
26485.0,1.0189375227438044E-15,1.2098321817328302E-9,0.9999999987901669
26214.0,0.473216459078558,0.5267281511076451,5.538981379672336E-5
26772.0,3.433605515946129E-23,1.9417232498517242E-17,1.0
27015.0,0.06901148073610523,0.9303768489074075,6.116703564873504E-4
27553.0,6.537692688605168E-4,0.9021804848680308,0.09716574586310874
27314.0,0.4298944380375167,0.5701042439514163,1.3180110669777412E-6
26147.0,6.804037749990767E-10,7.300276772600039E-6,0.9999926990428237
26416.0,2.5849454991720674E-12,5.070608413834884E-7,0.9999994929365736
27383.0,2.3656122400760595E-19,5.2745852221449164E-15,0.9999999999999947
27074.0,4.331035914848555E-15,4.489979491430971E-9,0.9999999955100161
26833.0,0.18965029715096285,0.8103453489092909,4.353939746330188E-6
26075.0,0.001820048091133066,0.9025000163117817,0.09567993559708529
26621.0,0.5862755018643047,0.41372442289044203,7.524525329693048E-8
26350.0,0.7901597255464259,0.20984024892004388,2.553353025925718E-8
27433.0,0.12378152692450943,0.8762180808029476,3.922725429353009E-7
27194.0,0.9195659483118013,0.08043389115829044,1.6052990835033717E-7
26652.0,0.16902994268375707,0.8309698019410559,2.553751870609871E-7
26895.0,0.007693775906714711,0.9916352460036608,6.709780896245495E-4
26282.0,2.2286612634650263E-6,0.0019373112767270364,0.9980604600620095
26553.0,0.12093004380230964,0.8790591779175759,1.0778280114598516E-5
26015.0,0.5035776892847945,0.49642201216950343,2.9854570208936114E-7
26955.0,0.29538595410926227,0.70461088879937,3.1570913679172405E-6
26712.0,0.07744658251421115,0.9225523486829417,1.0688028472805033E-6
27262.0,1.7116432646553966E-20,2.525242540717453E-14,0.9999999999999747
27501.0,0.6841879780886084,0.31581196700786407,5.4903527543451956E-8
26484.0,0.974686894539615,0.02531309011853282,1.534185211303436E-8
26215.0,0.7565110252422691,0.24348896283428714,1.192344380791014E-8
26773.0,0.5066689451573329,0.4933310380322894,1.6810377730325794E-8
27014.0,0.016623308771073906,0.9829597037896377,4.1698743928840064E-4
27552.0,0.5118384776625053,0.4881611755684513,3.467690434137867E-7
27315.0,0.3945010330719113,0.6053112701500535,1.8769677803512542E-4
27380.0,8.064001063048068E-5,0.8338825491763843,0.16603681081298527
26834.0,2.0586227034254453E-12,1.8044984884110576E-7,0.9999998195480925
27073.0,0.32929176714385583,0.6707063744680154,1.858388128688142E-6
26419.0,0.794666096379967,0.2053338789531275,2.4666905542523085E-8
26144.0,0.06388303557443,0.9361005605513733,1.6403874196781566E-5
27193.0,0.8288246245413994,0.1711753663729885,9.08561209354799E-9
27434.0,0.2071997105744545,0.7927750789037877,2.5210521757846923E-5
26892.0,0.15316856173410115,0.8468268016735618,4.636592337161508E-6
26655.0,0.00875498839868,0.9912123355174716,3.2676083848494815E-5
26072.0,1.983022429348097E-46,5.911556554508318E-34,1.0
26349.0,0.17670850144170985,0.8232813803019065,1.0118256383614582E-5
26622.0,0.7130172770418389,0.2869825968823098,1.2607585120572655E-7
26715.0,0.5779796122864126,0.4220202134413368,1.7427225063582856E-7
26952.0,0.03442040785752583,0.9647719208670288,8.07671275445382E-4
27502.0,0.7139067031538243,0.28609320844780706,8.839836852497979E-8
27261.0,0.04576196578212058,0.9540905660293642,1.4746818851535962E-4
26554.0,0.025130895922699174,0.9748519138195824,1.7190257718614685E-5
26281.0,2.450899355219319E-10,1.1512594565937351E-6,0.9999988484954535
26012.0,0.0013943885883099182,0.012040726918729296,0.9865648844929609
27013.0,0.32961601876069135,0.6703839403038088,4.093549993889635E-8
26774.0,0.10192851460570836,0.8976324663944028,4.390189998889035E-4
27312.0,0.0341799589394027,0.9633949725657996,0.0024250684947975778
27555.0,9.050759632253492E-7,0.0013800385410379934,0.9986190563829989
26212.0,1.0339588191268003E-29,1.1165714577264776E-26,1.0
26487.0,0.4533187019630454,0.5466812323838854,6.565306916972763E-8
27381.0,1.3182124839570017E-9,4.058849977437105E-6,0.9999959398318101
26835.0,2.368258320635281E-5,0.04895882501305787,0.9510174924037357
27072.0,3.4606527849929703E-4,0.9994063511948449,2.475835266558383E-4
26418.0,0.744884958283043,0.25511500387261365,3.784434337410645E-8
26145.0,8.213742417659946E-18,1.833174276085181E-14,0.9999999999999816
27192.0,0.35000728263518827,0.649992041096912,6.762678998186961E-7
27435.0,0.3401729482259226,0.6598220132277522,5.038546325087499E-6
26893.0,0.8340696695206554,0.16593032346782016,7.011524360192709E-9
26654.0,0.0069908990290346055,0.9929895760433977,1.952492756776051E-5
26073.0,2.2711674126658727E-13,6.019809307551987E-10,0.9999999993977919
26348.0,0.027974887634388827,0.02197717347832468,0.9500479388872866
26623.0,1.4872709769165222E-6,0.0035320521367708194,0.9964664605922522
26714.0,0.8190371528935122,0.18096282315940865,2.394707916415051E-8
26953.0,3.3966024810370296E-9,5.400082283997731E-5,0.9999459957805574
27503.0,0.07818625872549992,0.921807560653287,6.180621213240987E-6
27260.0,0.8634981171821684,0.1365016811216208,2.0169621083751206E-7
26555.0,4.0542927537818587E-4,0.9987739972636788,8.205734609430898E-4
26280.0,0.26540723361198876,0.7345912231773246,1.5432106866364063E-6
26013.0,2.031914079491649E-15,5.565624653487296E-10,0.9999999994434354
27012.0,3.9237763643217245E-10,1.1661137648362913E-4,0.9998833882311386
26775.0,1.1868579753407503E-5,0.0032158542853142225,0.9967722771349324
27313.0,0.017923097916486337,0.3227723181709013,0.6593045839126124
27554.0,0.29690664604264855,0.7030932926397738,6.131757763864481E-8
26213.0,2.713250075508884E-8,1.2535537849744066E-5,0.9999874373296496
26486.0,1.1700150899794687E-5,0.002256324631551233,0.9977319752175491
26616.0,0.4149438340935968,0.5850557626420074,4.0326439576391904E-7
26347.0,0.05931317669184816,0.9406640067112129,2.2816596939045604E-5
26078.0,1.896214845871373E-10,3.2091756101994093E-6,0.9999967906347683
26649.0,9.866597122914944E-8,0.006807379450871033,0.9931925218831578
26890.0,0.28888748130722264,0.7110430825359272,6.943615685016216E-5
27436.0,4.645148957439106E-20,7.506297236004102E-16,0.9999999999999993
27199.0,2.0262008040624427E-8,6.949793920214552E-4,0.9993050003459706
26150.0,1.4556209532762557E-21,1.0428986494930365E-13,0.9999999999998956
26421.0,0.25889979920472683,0.7411001010457251,9.97495479399895E-8
27079.0,0.03989333381100624,0.9600958340504708,1.0832138522926735E-5
26836.0,0.2512977844536461,0.7487015901667946,6.253795591449478E-7
27378.0,0.01276206999709722,0.984007325263383,0.0032306047395198353
26481.0,3.758511944063289E-11,6.9719236440995395E-9,0.9999999929904912
26210.0,3.953255093926671E-14,1.4772756020352534E-9,0.9999999985226848
27557.0,1.4726496793168293E-32,3.933714733566881E-23,1.0
27318.0,0.060281836229090904,0.9397059656653234,1.2198105585833036E-5
26768.0,5.087265662808325E-5,0.015152307785241594,0.9847968195581303
27011.0,3.011691725619851E-20,3.974403934268156E-15,0.999999999999996
26010.0,0.25551142951899936,0.7444666783507045,2.1892130296042364E-5
26287.0,0.7136312503397213,0.2863686978681114,5.179216731695119E-8
26556.0,0.016569209782517785,0.14305390635405688,0.8403768838634252
27259.0,0.21681747431734738,0.7831812505896576,1.275092994998378E-6
27496.0,0.0585228239898555,0.9414586004275136,1.857558263095879E-5
26958.0,7.718271129417011E-27,1.002403498245616E-23,1.0
26717.0,0.1663465686447084,0.8336488325455326,4.598809759100104E-6
26617.0,0.0011969527606434745,0.10531783410100916,0.8934852131383473
26346.0,0.5776687350628057,0.42233113121180726,1.337253871136049E-7
26079.0,3.634273736216082E-4,0.9968576260355027,0.002778946590875721
26648.0,3.5210109476853684E-10,3.137846984290004E-6,0.9999968618009147
26891.0,0.7901597255464259,0.20984024892004388,2.553353025925718E-8
27437.0,0.00433776366073619,0.1573868599702032,0.8382753763690606
27198.0,2.217231433813912E-28,8.735059253079087E-20,1.0
26151.0,0.7338622009395321,0.2661377894454148,9.615053289720778E-9
26420.0,0.6767545147245412,0.3232450779127682,4.073626905928382E-7
27078.0,3.9686992165092626E-10,1.1927235831671029E-4,0.9998807272448135
26837.0,0.17485049804923192,0.8247859935337495,3.635084170186653E-4
27379.0,0.8655328534540685,0.1344670173770497,1.2916888168273984E-7
26480.0,0.17457267531979237,0.8170112336711466,0.008416091009061115
26211.0,0.3347853550817264,0.6651575552028495,5.708971542417513E-5
27556.0,1.963538879700543E-9,1.5838328322127355E-5,0.9999841597081389
27319.0,2.821854906969298E-20,6.392795987949825E-11,0.999999999936072
26769.0,0.7733176868051633,0.22668204923191448,2.639629221017319E-7
27010.0,0.01851071758944557,0.9814774188596076,1.1863550946727347E-5
26011.0,0.4673550449556925,0.5326445698462671,3.8519804044411893E-7
26286.0,0.2330856246828432,0.7669087306155515,5.644701605346504E-6
26557.0,1.1084234805624199E-11,3.196424018730514E-8,0.9999999680246755
27258.0,9.590743240167065E-20,3.0183922318186125E-17,1.0
27497.0,9.928843312440731E-26,3.1536325136142327E-19,1.0
26959.0,0.12772372869101423,0.8722691309872063,7.140321779359154E-6
26716.0,0.17920815651242708,0.820791558875293,2.8461228000966345E-7
26888.0,0.2587101807554213,0.7412879589043855,1.8603401933675564E-6
26651.0,4.6617794637267046E-14,2.6002348669649682E-8,0.9999999739976047
27197.0,0.4323722791097322,0.5674491105632631,1.7861032700473167E-4
27438.0,1.0918493557799575E-6,2.9707286510516746E-6,0.9999959374219931
26345.0,0.022679851896322014,0.977298922403913,2.1225699765200897E-5
26618.0,0.026300196205496125,0.9736858425250946,1.3961269409199484E-5
26076.0,3.1576454217185077E-13,4.59266279728944E-12,0.9999999999950915
26838.0,0.14256894577011517,0.855936227887319,0.001494826342565863
27077.0,0.01175358386207241,0.9882432984802024,3.117657725163101E-6
27376.0,6.035579265864011E-9,4.770553977365992E-7,0.999999516909023
26423.0,8.469856579346049E-29,3.2293023758478025E-20,1.0
26148.0,0.06573784545561984,0.9342546469959626,7.507548417716942E-6
27316.0,1.6167767874336576E-19,3.344086648845147E-13,0.9999999999996656
27559.0,6.56209881646895E-8,0.0037439391713403334,0.9962559952076714
27009.0,0.010866627008106547,0.10443413908159774,0.8846992339102957
26770.0,0.16751548187729262,0.8324830433122598,1.474810447618784E-6
26208.0,0.16197079850172863,0.8380277428710968,1.4586271746595303E-6
26483.0,8.226524007140482E-13,2.081911807323261E-10,0.9999999997909861
27498.0,0.9727592349615756,0.027240755420817872,9.6176066099156E-9
27257.0,0.8753616076115629,0.12387334336671639,7.6504902172073E-4
26719.0,0.5498114622543746,0.4501884188630046,1.1888262079415148E-7
26956.0,0.40292661365181387,0.5967612758772559,3.1211047093031736E-4
26008.0,0.6903189336017749,0.3096810020796798,6.43185453312209E-8
26558.0,0.04749893148830055,0.9522250320651715,2.7603644652807364E-4
26285.0,0.01178354886975955,0.9881991118430913,1.733928714919616E-5
26889.0,1.5590772955098618E-17,1.1843486454885267E-11,0.9999999999881566
26650.0,0.7991321062022624,0.20086784900988025,4.478785722135714E-8
27196.0,0.6147694343938553,0.3852304592838488,1.0632229587767323E-7
27439.0,0.06159735878345373,0.4176986219506884,0.5207040192658579
26344.0,0.009348601188718123,0.9905903140484047,6.108476287714881E-5
26619.0,0.06225860414576842,0.9377389454136572,2.4504405744707914E-6
26077.0,0.7259870653610435,0.2740128423458453,9.229311112681193E-8
26839.0,1.0305446692863162E-33,4.029529003231613E-23,1.0
27076.0,2.409358531718489E-31,1.134869302317815E-23,1.0
27377.0,0.8402506108119842,0.15974937456021082,1.4627804944496799E-8
26422.0,7.364653740969452E-21,2.5183302163996614E-14,0.9999999999999749
26149.0,2.7518871281468353E-33,1.797447475766429E-25,1.0
27317.0,3.829387132468107E-14,2.3123605562142674E-9,0.9999999976876011
27558.0,0.4601383290036313,0.5398559800758984,5.690920470323769E-6
27008.0,0.4045603486374239,0.5954396326846585,1.8677917586288893E-8
26771.0,0.1683118658135796,0.8316872518599273,8.823264931337241E-7
26209.0,0.055991659241128255,0.9434811845318065,5.271562270650839E-4
26482.0,0.0011173083483696604,0.39629346613932687,0.6025892255123035
27499.0,0.3285847559591234,0.6713538454865593,6.139855431737809E-5
27256.0,0.5970536421087219,0.40294634487907044,1.301220763924076E-8
26718.0,0.9895502038365116,0.0104497925284945,3.634994008545395E-9
26957.0,0.001527703499258228,0.9906755021216399,0.0077967943791016625
26009.0,0.09696988437183443,0.9030281652392854,1.9503888800592426E-6
26559.0,0.08684494593989045,0.6980789223878187,0.215076131672291
26284.0,0.5572958329718835,0.4427031366535077,1.0303746087865145E-6
26963.0,0.14754258222314454,0.8524387368909773,1.8680885878223457E-5
26688.0,1.1709885853846053E-18,3.0179699289361085E-13,0.9999999999996982
27238.0,0.0037211442454814616,0.3828449957327604,0.6134338600217581
27509.0,0.9559592811331681,0.04404071031291706,8.553914784073373E-9
26290.0,0.5313410640021571,0.4686589269188912,9.078951631736999E-9
26529.0,0.0034250164478385817,0.9366440848156093,0.059930898736552
25991.0,4.43702297269115E-14,3.4491644920486117E-9,0.9999999965507911
26765.0,0.029692862663779594,0.9703066202248318,5.171113885778229E-7
27038.0,8.187315246929401E-6,2.0557641182386005E-4,0.9997862362729292
27576.0,7.968089800262591E-10,4.353648413147779E-6,0.9999956455547778
27307.0,0.617844876817444,0.38215507778790725,4.539464863793761E-8
26476.0,0.8650273349735751,0.13497260949681542,5.552960946581087E-8
26239.0,2.3253163353489795E-10,1.5749175655442672E-7,0.9999998422757117
27375.0,0.4526503826225155,0.5473494666788187,1.5069866580374593E-7
27098.0,0.4373715337162834,0.5626280735348147,3.9274890180313743E-7
26825.0,0.64505941324456,0.3549403095049625,2.7725047741260934E-7
26171.0,3.4325270532777363E-12,1.2307717582977643E-8,0.9999999876888498
26408.0,0.42452237786907354,0.5752417911878035,2.3583094312297934E-4
27441.0,0.1131782803393439,0.8061462295495448,0.08067549011111123
27170.0,0.3614912362820435,0.6385071889330173,1.5747849392148192E-6
26628.0,5.966896365189404E-5,0.6693275699634232,0.33061276107292487
26903.0,0.017657714978124805,0.8426294954852669,0.13971278953660823
26051.0,0.0035267790660554682,0.9962255825666544,2.476383672900048E-4
26597.0,0.5841621613319935,0.4158377632285708,7.543943570994474E-8
26358.0,1.7124694476302494E-13,3.244074969136191E-10,0.9999999996754212
26962.0,0.23408875095310278,0.7659077808997947,3.468147102451186E-6
26689.0,0.3435557627224949,0.6564426635355453,1.5737419598900905E-6
27239.0,0.7834744878544938,0.21652548884402367,2.3301482549312757E-8
27508.0,0.027886987197332385,0.9721088288064251,4.183996242577912E-6
26291.0,0.950503459920797,0.04949524469429391,1.295384909015438E-6
26528.0,2.1113599860677788E-10,5.238038726093574E-6,0.9999947617501379
25990.0,0.42686073278537967,0.573139176734058,9.04805623434554E-8
26764.0,0.3537011018039127,0.6462967851390857,2.113057001491221E-6
27039.0,9.725022115468522E-16,2.9733657845746688E-12,0.9999999999970257
27577.0,0.0069313805277179605,0.9893953631565968,0.0036732563156853474
27306.0,1.2975930708563743E-7,0.002249728138029495,0.9977501421026634
26477.0,0.2030362134631292,0.7966351474957584,3.286390411125051E-4
26238.0,0.0012500922708149364,0.4388961519636759,0.5598537557655091
27374.0,1.246131225647706E-20,1.1395775242710885E-15,0.9999999999999989
27099.0,0.08465229705684686,0.9153471894299409,5.135132121813318E-7
26824.0,2.73627549242088E-6,0.004718306825561281,0.9952789568989464
26170.0,0.8108208020421372,0.18917917774915088,2.0208711880969855E-8
26409.0,0.02197882985401876,0.9469102022304892,0.03111096791549214
27440.0,0.0039026313154710314,0.13631696040450433,0.8597804082800248
27171.0,0.33090009373894336,0.6690986924994451,1.213761611549795E-6
26629.0,0.01219889310404042,0.9785107563525945,0.009290350543365142
26902.0,2.183756915594633E-9,5.663512934033361E-9,0.9999999921527302
26050.0,4.924677110449089E-16,5.6191008073479934E-12,0.9999999999943805
26596.0,0.056860948182617034,0.36591368273387187,0.5772253690835112
26359.0,4.738482687005293E-4,0.9995049791474907,2.117258380895453E-5
26531.0,0.21748088163398566,0.7825181990405837,9.193254305921463E-7
26288.0,4.454935431795674E-25,6.156941246819609E-20,1.0
25989.0,8.56440755747456E-22,8.217401454464444E-14,0.9999999999999178
26690.0,0.17945396498599023,0.8204870677344073,5.8967279602560275E-5
26961.0,0.6700383203942124,0.3299609921878535,6.8741793401108E-7
27511.0,0.0800361145900446,0.9177574695494995,0.0022064158604558713
27236.0,0.013810660475863263,0.986133481139389,5.585838474777787E-5
26237.0,0.37768817822391343,0.6223117281947657,9.358132087427083E-8
26478.0,0.09081902218673248,0.9090833605011897,9.761731207781488E-5
27036.0,0.8345224895987529,0.16547748058168063,2.9819566605322314E-8
26767.0,1.8034191159523358E-9,6.49930761997393E-7,0.9999993482658189
27305.0,6.572984581641036E-4,0.2524323213392581,0.7469103802025778
27578.0,0.7499117814727502,0.2500881938611152,2.466613486220868E-8
26410.0,1.2488530675172324E-22,1.2847170536235381E-15,0.9999999999999987
26169.0,0.08298606895343656,0.9170133066002296,6.244463339589474E-7
27373.0,0.744884958283043,0.25511500387261365,3.784434337410645E-8
26827.0,0.2435666892904207,0.7564275928350239,5.717874555323093E-6
27096.0,0.5931013289523329,0.4068984986548242,1.723928428684062E-7
26049.0,2.2666879384730034E-12,1.3438698920964503E-9,0.9999999986538635
26356.0,1.8085298106461E-7,1.9776341312325827E-6,0.9999978415128877
26599.0,4.244366836699707E-13,2.620411983744429E-9,0.9999999973791636
27168.0,5.6616472578484E-6,0.00845848514302199,0.99153585320972
27443.0,1.9942076563661375E-14,1.58448883967664E-10,0.9999999998415312
26901.0,1.2136442351273702E-27,1.1526830912000986E-21,1.0
26630.0,2.1977731994139453E-20,1.7624508815417404E-14,0.9999999999999825
26530.0,0.8340696695206554,0.16593032346782016,7.011524360192709E-9
26289.0,2.4280817111760513E-19,8.855794890633013E-15,0.9999999999999911
25988.0,0.11766399890222812,0.8823329208748164,3.080222955372865E-6
26691.0,7.204813448354571E-40,2.3726754207421712E-30,1.0
26960.0,0.22546929842662058,0.7745305555540734,1.4601930608624744E-7
27510.0,0.42164911800346766,0.5783498359855259,1.0460110063549603E-6
27237.0,1.1591993249159304E-30,6.667949113186662E-22,1.0
26236.0,0.0052484016831186,0.9946399020817907,1.1169623509079818E-4
26479.0,6.831234054503507E-11,8.524331522194403E-8,0.9999999146883725
27037.0,0.07593448003300722,0.9231634251133054,9.020948536873911E-4
26766.0,0.0012948064853514733,0.8338755488156715,0.16482964469897693
27304.0,0.001000657495892951,0.785888064982065,0.2131112775220421
27579.0,0.8399226793347405,0.1600772984298793,2.2235380234319256E-8
26411.0,0.8456574830092133,0.15433886235707922,3.654633707480181E-6
26168.0,0.6503854170983759,0.34961453565789546,4.724372858431501E-8
27372.0,2.569950404140607E-6,0.0037260744532353523,0.9962713555963605
26826.0,0.49064520513006116,0.5093458195092881,8.975360650650692E-6
27097.0,0.5801353592462835,0.41986455617271984,8.4580996681446E-8
26048.0,0.00809437552444021,0.9854444292205836,0.006461195254976344
26357.0,0.8551503243461704,0.14484966370332147,1.1950508235427283E-8
26598.0,0.41173308509549983,0.5882667560284246,1.588760754693584E-7
27169.0,0.039171701100773844,0.960226730870416,6.015680288103548E-4
27442.0,2.074235891943193E-27,5.389625793112911E-19,1.0
26900.0,0.17726140176326768,0.822737640963452,9.572732803223195E-7
26631.0,0.8401737816362316,0.15955102575326435,2.7519261050418226E-4
27580.0,0.0949771094261773,0.9049996554191831,2.3235154639347497E-5
27311.0,0.794666096379967,0.2053338789531275,2.4666905542523085E-8
26761.0,0.794666096379967,0.2053338789531275,2.4666905542523085E-8
27034.0,0.04373928332388386,0.9562548583333125,5.858342803571944E-6
26472.0,0.025409439535602995,0.9728986753136625,0.001691885150734642
26235.0,0.41578258336306545,0.5842167840525725,6.325843620102504E-7
27234.0,0.0015271538420348776,0.9977983326937319,6.74513464233268E-4
27505.0,0.3075639125955209,0.692433780823042,2.30658143705617E-6
26967.0,1.9117882673536332E-6,3.275904825327874E-4,0.9996704977291998
26692.0,0.7978466116311336,0.2021533733634372,1.5005429203090673E-8
25987.0,0.09592172353654167,0.904053914013302,2.4362450156191384E-5
26294.0,0.06726577567251055,0.9327229828818513,1.1241445638214325E-5
26533.0,0.5508994342740833,0.44910013041578145,4.3531013515678147E-7
26624.0,0.7713737464174483,0.22862623695747683,1.6625074926428216E-8
26899.0,0.19251208059585873,0.8074753078537286,1.2611550412642354E-5
27445.0,3.6904475522483483E-6,0.0462585225716825,0.9537377869807653
27174.0,0.787011965803565,0.2129880035669436,3.0629491314581734E-8
26593.0,0.5022860959456276,0.49771370784119096,1.9621318147549106E-7
26354.0,0.2659169132846948,0.7340830053975288,8.131777636633202E-8
26055.0,0.22491143432294633,0.7750705333213512,1.8032355702289878E-5
27102.0,0.04032747690596662,0.9596631091973428,9.413896690715631E-6
26829.0,0.24999465464542145,0.7500045175251732,8.278294052866095E-7
27371.0,6.769582177504299E-10,5.178310394199065E-8,0.9999999475399378
26175.0,0.8140974640823184,0.185902530217332,5.700349596915496E-9
26412.0,0.787424159095008,0.21257574247220815,9.84327840070563E-8
27581.0,0.047530531340435216,0.9524682665080291,1.2021515356998578E-6
27310.0,0.1570399324204199,0.8427799299255765,1.8013765400350475E-4
26760.0,0.6903189336017749,0.3096810020796798,6.43185453312209E-8
27035.0,0.3800683041669133,0.6199273186705347,4.377162551932022E-6
26473.0,6.928856515824907E-25,6.718257137794488E-17,1.0
26234.0,2.045282139099767E-22,3.8083851687055164E-19,1.0
27235.0,0.19514194087543305,0.804854023472444,4.0356521230620556E-6
27504.0,0.04925869770781954,0.9507232359180302,1.8066374150282875E-5
26966.0,0.5041619178282225,0.49583765069095087,4.314808266306405E-7
26693.0,7.024539504098502E-8,7.568471889262627E-6,0.9999923612827157
25986.0,5.255086258621326E-4,0.9993962443366307,7.824703750728631E-5
26295.0,0.2841676702265843,0.7158322890507887,4.072262705204499E-8
26532.0,0.8340696695206554,0.16593032346782016,7.011524360192709E-9
26625.0,1.0290839835514246E-19,1.4592289032873392E-14,0.9999999999999853
26898.0,0.7139636051236704,0.2860363789279931,1.5948336458041003E-8
27444.0,0.7485120343867663,0.25148793486783255,3.074540125867956E-8
27175.0,0.13583690103482912,0.8641576181078805,5.48085729030768E-6
26592.0,3.60394285029263E-5,0.012266136413779634,0.9876978241577175
26355.0,0.0883135861286533,0.9116855652164315,8.486549151217387E-7
26054.0,0.0014073392307409661,0.15921472626016614,0.8393779345090929
27103.0,0.32498614343909243,0.6750137418761828,1.1468472476702546E-7
26828.0,1.175870722551385E-19,2.7022295849142355E-12,0.9999999999972977
27370.0,1.0522293089450594E-7,0.001685385058978276,0.9983145097180909
26174.0,0.7887010035952703,0.21129896259659392,3.3808135696742476E-8
26413.0,3.5240192681409505E-14,7.243052587641443E-11,0.9999999999275342
26233.0,0.14440777582635872,0.855590254718815,1.9694548262596675E-6
26474.0,0.09582627348685575,0.9041344666863796,3.9259826764620576E-5
27309.0,0.22293895449065426,0.7770240936502246,3.6951859120985235E-5
27582.0,0.02288427831214646,0.9766826591054163,4.3306258243732375E-4
27032.0,0.09554176708151485,0.9043767764168613,8.145650162388047E-5
26763.0,0.6812145666136046,0.3187849053666478,5.280197475987772E-7
25985.0,0.20817309041130344,0.7918115165296961,1.539305900044387E-5
26535.0,0.051626529345838064,0.9478092206494851,5.6425000467673E-4
26292.0,6.067201436395673E-4,0.9967464719251627,0.0026468079311975624
27507.0,0.0162850994408967,0.9718289411737029,0.011885959385400458
27232.0,0.519563357911496,0.4804364907117835,1.513767205175126E-7
26694.0,0.5696654849282257,0.43033439668803947,1.1838373490583977E-7
26965.0,1.2409893618078124E-31,5.701767318241696E-22,1.0
26352.0,0.0019985240773205955,0.0666681606610324,0.931333315261647
26595.0,0.7826550798785644,0.21734490690791342,1.3213522172228356E-8
26053.0,0.0014061541792030566,0.5686360070978453,0.4299578387229516
26897.0,0.40307884397998467,0.5969211198104684,3.6209546947856006E-8
26626.0,0.4651483495051333,0.5348515724703882,7.80244784914864E-8
27172.0,0.4219538508910226,0.5780458345825799,3.14526397564698E-7
27447.0,6.516867977466228E-4,0.7325553842545041,0.26679292894774925
26414.0,1.195622647482728E-21,1.3960181818246833E-17,1.0
26173.0,2.3398478220128035E-18,2.846566490437303E-10,0.9999999997153433
26831.0,0.9939074530768155,0.006092545194718196,1.7284663562014053E-9
27100.0,0.40593471412189175,0.5930584614924188,0.0010068243856895182
27369.0,1.477097169865172E-4,0.9639425313138791,0.035909758969134516
26232.0,0.5970536421087219,0.40294634487907044,1.301220763924076E-8
26475.0,0.8259517042921393,0.17404826464394857,3.1063912150609073E-8
