26275.0,0.009978244125777984,0.060203163586673394,0.9298185922875486
26544.0,0.07675177517679263,0.7898807504328554,0.133367474390352
26006.0,0.07763996156303207,0.9054945924601321,0.016865445976835848
26946.0,0.12134692669841017,0.8614785224840896,0.017174550817500245
26705.0,0.6054409290215763,0.3915139520762587,0.0030451189021650947
27255.0,0.5619623474364696,0.39646449055637,0.04157316200716034
27492.0,0.8691658323473396,0.1241312540019615,0.006702913650698813
26493.0,0.0985029170477228,0.8783227361629374,0.02317434678933976
26222.0,0.007270036973802547,0.05686821418675955,0.935861748839438
26780.0,0.05567237439821403,0.9199091251265886,0.024418500475197332
27023.0,0.01232728874076587,0.09456758338472591,0.8931051278745081
27561.0,0.043076166836860975,0.2604232409383085,0.6965005922248305
27322.0,0.09329085576606812,0.5995624176004064,0.3071467266335255
26154.0,0.06207637627272281,0.7291579497619762,0.20876567396530096
26425.0,0.05772740605475031,0.8372250358631206,0.10504755808212908
27390.0,0.016618290816032902,0.051173034875371996,0.9322086743085951
27083.0,0.8637704010328686,0.12667356562023552,0.00955603334689591
26840.0,0.1403288305932871,0.8309177069063379,0.028753462500375016
26066.0,0.13959182001204415,0.8018055944086268,0.0586025855793291
26612.0,0.20120719015330454,0.6794922340985722,0.11930057574812322
26343.0,0.0673500212041647,0.7870152035480167,0.14563477524781857
27424.0,0.058801538069469,0.25683075031470554,0.6843677116158254
27187.0,0.06901368172801756,0.9145430851087522,0.01644323316323028
26645.0,0.2299742100623098,0.7559014541473501,0.014124335790340118
26886.0,0.06134159804749022,0.2751830471703872,0.6634753547821226
26274.0,0.7347671657910814,0.26260366657704814,0.0026291676318705003
26545.0,0.0661298373931147,0.05883135080534402,0.8750388118015413
26007.0,0.03240674082889368,0.15469628567102178,0.8128969735000845
26947.0,0.5393387890963164,0.4155798232548177,0.04508138764886601
26704.0,0.23087474796221907,0.2978896911116331,0.4712355609261477
27254.0,0.3158211003042009,0.33329073784666574,0.3508881618491333
27493.0,0.007706641189159372,0.09267905796799392,0.8996143008428468
26492.0,0.1404891625535653,0.8363400349998272,0.0231708024466075
26223.0,0.20861321387687293,0.7375500344727607,0.05383675165036633
26781.0,0.19109595721393718,0.7733491121465724,0.03555493063949035
27022.0,0.38497492034010106,0.3338908044732073,0.2811342751866917
27560.0,0.005909496835316493,0.04161420473062956,0.9524762984340539
27323.0,0.010183002531295221,0.10001800471378743,0.8897989927549174
26155.0,0.20600206777961846,0.7544014440702618,0.03959648815011979
26424.0,0.1141104716763802,0.8759671344984649,0.009922393825154922
27391.0,0.6853220624661354,0.20292012850812385,0.11175780902574074
27082.0,0.017958152828929465,0.9232521266827907,0.058789720488279934
26841.0,0.2897419206429834,0.6787533525327112,0.03150472682430544
26067.0,0.21638678498626668,0.2803048508186638,0.5033083641950694
26613.0,0.06220887738515877,0.9042854697831549,0.03350565283168622
26342.0,0.04070763134574527,0.19619028405653816,0.7631020845977166
27425.0,0.015534732670451848,0.11405344788621258,0.8704118194433356
27186.0,0.03264816130701743,0.4210753084201602,0.5462765302728223
26644.0,0.0389882470279778,0.09847963864341314,0.8625321143286091
26887.0,0.6949440402781488,0.2944946216372432,0.010561338084607979
26707.0,0.03797217754783521,0.15577695739946815,0.8062508650526967
26944.0,0.10238826634644449,0.8111985119491195,0.08641322170443604
27494.0,0.0521362100923897,0.9123599727028208,0.03550381720478954
27253.0,0.14707556155737084,0.8251122350603933,0.02781220338223572
26546.0,0.7377824442028912,0.22941680959455218,0.03280074620255664
26273.0,0.19129951923425373,0.48127291666010086,0.32742756410564544
26004.0,0.011678955899309344,0.10914289605089289,0.8791781480497978
27021.0,0.05925872881265416,0.9093276102639337,0.031413660923412086
26782.0,0.004780471267057282,0.07958577639114804,0.9156337523417948
27320.0,0.005005070636082338,0.0903676130087844,0.9046273163551333
27563.0,0.23283856119038213,0.7464256623343104,0.020735776475307565
26220.0,0.07497515369482875,0.8986500764617177,0.026374769843453598
26495.0,0.052684364420960056,0.3684710548254146,0.5788445807536253
27388.0,0.06898641662483641,0.13867553441207078,0.7923380489630929
26842.0,0.23292053908568303,0.7343403649417501,0.03273909597256696
27081.0,0.2525106043226045,0.7365939780052229,0.010895417672172766
26427.0,0.2719694219148795,0.4283390364687917,0.29969154161632877
26152.0,0.06713417276097017,0.22836895548456873,0.7044968717544611
27185.0,0.013167918029428908,0.155022523323138,0.831809558647433
27426.0,0.38201358694586773,0.6139317361492704,0.004054676904861733
26884.0,0.09708569059484774,0.8722241653007828,0.030690144104369405
26647.0,0.004484342373045015,0.05922149511936201,0.9362941625075929
26064.0,0.012923000511605724,0.06697843182460746,0.9200985676637868
26341.0,0.05372696800132628,0.3790715078972709,0.5672015241014028
26614.0,0.06724636469060398,0.24005944666738138,0.6926941886420146
26706.0,0.10495811646020395,0.3564143682461233,0.5386275152936727
26945.0,0.036125286620222685,0.12526214677454922,0.8386125666052281
27495.0,0.08672950384684847,0.7971786177977689,0.11609187835538268
27252.0,0.09465891424668521,0.66083519467742,0.24450589107589465
26547.0,0.6752249820947996,0.3210991712241491,0.0036758466810512002
26272.0,0.20473018553123207,0.1846454934646688,0.6106243210040991
26005.0,0.11344328789207575,0.8182655878984957,0.06829112420942862
27020.0,0.7903836350808702,0.20769804126307242,0.001918323656057422
26783.0,0.15286231399460432,0.785292169543412,0.06184551646198365
27321.0,0.12688220296435293,0.823411123960597,0.049706673075050105
27562.0,0.12285965498380602,0.845907795901315,0.03123254911487891
26221.0,0.15054844160077224,0.8166855170104431,0.032766041388784736
26494.0,0.011819068420283818,0.10998582878040364,0.8781951027993126
27389.0,0.009128439602865595,0.10324674115364642,0.887624819243488
26843.0,0.02151343468438085,0.14528832591983068,0.8331982393957885
27080.0,0.7729872289542804,0.22594824360750593,0.0010645274382135765
26426.0,0.22485337566775981,0.06231390136732845,0.7128327229649118
26153.0,0.029552177341808525,0.11062463748599312,0.8598231851721985
27184.0,0.3861572102875129,0.5990648495182725,0.014777940194214596
27427.0,0.14600616357493879,0.23171529156738163,0.6222785448576796
26885.0,0.0116353713952076,0.9429837496566177,0.045380878948174726
26646.0,0.8461398332557849,0.15220311296387926,0.0016570537803358835
26065.0,0.22645169912203097,0.5846986028053429,0.18884969807262608
26340.0,0.03168642289712349,0.19083049874423094,0.7774830783586455
26615.0,0.07224201279844175,0.7582024301409377,0.16955555706062067
25951.0,0.06395659490827131,0.6341489209442337,0.3018944841474951
26489.0,0.11137617039856862,0.8486981359297535,0.0399256936716779
26218.0,0.04138642903893229,0.10655278309719445,0.8520607878638733
27565.0,0.12200747409787327,0.8547710036649465,0.023221522237180138
27326.0,0.10355587986176594,0.8806428137623166,0.015801306375917555
26776.0,0.019317018577497996,0.12869378284015975,0.8519891985823423
27019.0,0.028318193754349963,0.9308154806154134,0.04086632563023657
26002.0,0.1472618255112023,0.17800359000514895,0.6747345844836486
26279.0,0.07742104014407417,0.07732295295369336,0.8452560069022325
26548.0,0.09187684897002625,0.8592570970034903,0.04886605402648349
27251.0,0.018154827661395243,0.941166105214877,0.04067906712372772
27488.0,0.17640221399461278,0.7732974664474145,0.05030031955797274
26950.0,0.20420457262892383,0.7789923572054462,0.016803070165629964
26709.0,0.013324508038579633,0.06349653074794089,0.9231789612134794
26608.0,0.12219904507200349,0.8106403800587194,0.06716057486927714
26339.0,0.07082971107783789,0.7740190640961689,0.1551512248259931
26070.0,0.12110571857766289,0.6964956762550153,0.1823986051673218
26641.0,0.12691914906639679,0.8170152502091144,0.05606560072448888
26882.0,0.8774021978878183,0.11490551428582833,0.007692287826353343
27428.0,0.15448404115944045,0.8193690394558457,0.026146919384713856
27191.0,0.867842996809522,0.130016477795664,0.002140525394813999
26158.0,0.05200130354888144,0.3220601877220857,0.6259385087290328
26429.0,0.08837738054836425,0.8007829329610979,0.1108396864905379
27087.0,0.19170361045482745,0.6929339776225919,0.11536241192258061
26844.0,0.48170988328832687,0.5070367049029268,0.011253411808746255
27386.0,0.15859677896687965,0.8300162251520551,0.01138699588106534
25950.0,0.20011140347808193,0.7693355915228017,0.030553004999116336
26488.0,0.029454036545854594,0.2774857785166257,0.6930601849375198
26219.0,0.2906036120289075,0.6200855014188232,0.08931088655226935
27564.0,0.11590328807785986,0.8601661897836855,0.023930522138454702
27327.0,0.24695266993156992,0.6906576704717037,0.06238965959672634
26777.0,0.020045041020415377,0.1419459555505006,0.838009003429084
27018.0,0.010619459579307,0.08655561309698907,0.902824927323704
26003.0,0.019179409090164204,0.941329488466452,0.03949110244338374
26278.0,0.047567081540099504,0.1796516920340738,0.7727812264258267
26549.0,0.3358055751009224,0.6601397479942157,0.004054676904861733
27250.0,0.012181824862438871,0.9471553663649072,0.040662808772654005
27489.0,0.05003263753441073,0.889871533223112,0.06009582924247727
26951.0,0.144148529171052,0.8126059062065677,0.04324556462238042
26708.0,0.15674419021954128,0.16739820800218494,0.6758576017782739
26609.0,0.35161288084169184,0.6236494966476613,0.024737622510646755
26338.0,0.09700928958961427,0.890155378403363,0.012835332007022627
26071.0,0.02710040149265788,0.8480649038435137,0.12483469466382838
26640.0,0.007277131664407164,0.1281060037965906,0.8646168645390022
26883.0,0.08172443080797433,0.7536713806060515,0.16460418858597411
27429.0,0.8401661338008524,0.15140962077654813,0.008424245422599537
27190.0,0.3013711739127962,0.6513802363242643,0.04724858976293947
26159.0,0.04450163917037905,0.24586044246298353,0.7096379183666375
26428.0,0.03604562880454452,0.15627686572645688,0.8076775054689986
27086.0,0.1393203265499444,0.1146073699145677,0.7460723035354879
26845.0,0.03301725375043504,0.20337403094138062,0.7636087153081843
27387.0,0.04202221642064189,0.3450516287410515,0.6129261548383066
27324.0,0.09123381436682927,0.8691478677821666,0.039618317851004156
27567.0,0.20651844142257936,0.7641254536744567,0.029356104902963948
27017.0,0.23015248597602014,0.7027825451427021,0.0670649688812777
26778.0,0.8725780332190934,0.12703504806808816,3.8691871281847535E-4
25949.0,0.16543745423652573,0.7678611271112464,0.06670141865222791
26216.0,0.16622851853259474,0.8159914797262875,0.017780001741117817
26491.0,0.10724971140701092,0.8578829994714663,0.03486728912152277
27490.0,0.08636578687930406,0.0716008072773884,0.8420334058433074
27249.0,0.011623674245264953,0.15655032207648947,0.8318260036782457
26711.0,0.34749853169652356,0.6282581531651105,0.02424331513836597
26948.0,0.01801484431711905,0.1853958715685158,0.796589284114365
26000.0,0.17199686755096405,0.23582306307178136,0.5921800693772546
26550.0,0.1426736580028417,0.8422722669155612,0.015054075081597068
26277.0,0.8899972237157495,0.10869371109627518,0.0013090651879752893
26880.0,0.09997686163671553,0.6266168640547629,0.2734062743085215
26643.0,0.025067307993762687,0.3872574206384187,0.5876752713678185
27189.0,0.07391436210958276,0.8972567663183968,0.028828871572020454
27430.0,0.0081414471594407,0.08609291969052359,0.9057656331500357
26337.0,0.08590901293116876,0.9007778814872929,0.013313105581538351
26610.0,0.8811593418599435,0.11738003683575801,0.0014606213042985307
26068.0,0.08207424570197464,0.8980436351722888,0.01988211912573663
26846.0,0.2440400764614269,0.7353323321871424,0.02062759135143061
27085.0,0.06492485958044052,0.6927425478147186,0.242332592604841
27384.0,0.822122188165103,0.17024170378382444,0.007636108051072444
26431.0,0.11671899695036556,0.19163100566771946,0.6916499973819149
26156.0,0.8688328906020457,0.1229444093843916,0.008222700013562574
27325.0,0.1343934270785364,0.16545087351822446,0.7001556994032391
27566.0,0.028588537843934808,0.19756336832528504,0.7738480938307801
27016.0,0.11069467838109368,0.6455893264483678,0.24371599517053855
26779.0,0.09988595782512978,0.8104747612827264,0.0896392808921438
26217.0,0.05926264029517965,0.7758671473003836,0.16487021240443672
26490.0,0.013213272478685317,0.11202272323199051,0.8747640042893242
27491.0,0.008519815563082784,0.06886129325791904,0.9226188911789981
27248.0,0.30006521404616676,0.6119593656524664,0.08797542030136678
26710.0,0.8322854659248388,0.16005355900933904,0.007660975065822199
26949.0,0.02702379486305763,0.943769556826402,0.029206648310540376
26001.0,0.0912964082793308,0.166631486355928,0.7420721053647412
26551.0,0.01862536152283315,0.10971707858206037,0.8716575598951065
26276.0,0.03176043557706176,0.18442065720602263,0.7838189072169156
26881.0,0.09334758649354334,0.8702813367380264,0.03637107676843033
26642.0,0.19611383578882385,0.19979085544598457,0.6040953087651915
27188.0,0.012677248374838744,0.9466048049097116,0.04071794671544986
27431.0,0.09619679486873044,0.8680776771516571,0.03572552797961245
26336.0,0.014442061477827933,0.14633396250751635,0.8392239760146558
26611.0,0.021190657737707674,0.20113401839757783,0.7776753238647145
26069.0,0.28159976994889063,0.6871154756251712,0.03128475442593832
26847.0,0.007179234450857387,0.0438161388604178,0.9490046266887248
27084.0,0.010017893646895253,0.0669689815666076,0.9230131247864972
27385.0,0.004294946607906563,0.9532442387600123,0.04246081463208111
26430.0,0.051438689383411285,0.3646578017945735,0.5839035088220151
26157.0,0.14679884510228106,0.7780909471679734,0.07511020772974554
26146.0,0.03616467681439787,0.8183622524032483,0.14547307078235383
26417.0,0.020859940150001813,0.9326028010225113,0.04653725882748693
27382.0,0.012918045075592464,0.13392673483817227,0.8531552200862352
27075.0,0.026563940476904073,0.07424447941218935,0.8991915801109066
26832.0,0.06932593693149135,0.3104831379507009,0.6201909251178077
26074.0,0.0693155341915642,0.09427065841428837,0.8364138073941474
26620.0,0.306398774561012,0.4982350164868544,0.19536620895213366
26351.0,0.018709190320459007,0.22479576875910864,0.7564950409204323
27432.0,0.03279311107926287,0.5231202920148723,0.44408659690586494
27195.0,0.19841252420024896,0.7462064409067655,0.05538103489298571
26653.0,0.02883904168508916,0.17456707915953118,0.7965938791553797
26894.0,0.04399467612193552,0.11834491501126981,0.8376604088667946
26283.0,0.09917759364607576,0.622800435625768,0.2780219707281562
26552.0,0.45368250243439234,0.5227184288272386,0.023599068738369134
26014.0,0.022090112839577625,0.9414927796391348,0.036417107521287545
26954.0,0.02120693752939989,0.1845189210595691,0.7942741414110309
26713.0,0.06259857540018887,0.6024124308916592,0.334988993708152
27263.0,0.06915128111863533,0.29464867215452395,0.6362000467268407
27500.0,0.017314987953257813,0.9426635832781477,0.04002142876859457
26485.0,0.01901999883479808,0.15642734591870563,0.8245526552464962
26214.0,0.1248138971978583,0.498683732809613,0.37650236999252873
26772.0,0.013425323859917699,0.10729967293909606,0.8792750032009863
27015.0,0.07124420572548318,0.8751341435707667,0.053621650703750086
27553.0,0.014201038573892972,0.5431664505222017,0.4426325109039053
27314.0,0.08001693961869666,0.8907428653250459,0.029240195056257558
26147.0,0.021537447743949615,0.09169684636220485,0.8867657058938455
26416.0,0.039511512261141954,0.5448955701182134,0.4155929176206447
27383.0,0.05832146595928842,0.14399705260815768,0.797681481432554
27074.0,0.09246635741248957,0.31349406261679036,0.59403957997072
26833.0,0.7472390730292663,0.2433384178052526,0.009422509165481027
26075.0,0.030305075503126812,0.22532204943069753,0.7443728750661757
26621.0,0.15740083761329723,0.8150185738229466,0.027580588563756125
26350.0,0.292514222532209,0.7038940263765292,0.00359175109126191
27433.0,0.0967067117453441,0.8743976522797441,0.02889563597491185
27194.0,0.13295800560857293,0.8311854317334695,0.03585656265795749
26652.0,0.09601611211519749,0.7675663655886478,0.13641752229615473
26895.0,0.07347577396344314,0.8168368557562543,0.10968737028030263
26282.0,0.07596809176500065,0.24203229697887732,0.681999611256122
26553.0,0.06660479908141002,0.8921199626397454,0.04127523827884458
26015.0,0.6537853424062907,0.32313007701723045,0.023084580576478782
26955.0,0.11707667479789569,0.8697622157983942,0.013161109403710182
26712.0,0.13086925644906908,0.806926267471223,0.062204476079708006
27262.0,0.005912780550762559,0.06359482115508028,0.9304923982941572
27501.0,0.2436525434036108,0.7264003693540195,0.029947087242369778
26484.0,0.62275824558431,0.3533010841729352,0.023940670242754737
26215.0,0.21621328116768881,0.7573610832297757,0.026425635602535493
26773.0,0.5688087538437485,0.38903733066435287,0.04215391549189859
27014.0,0.19827294006100027,0.725244136402861,0.07648292353613863
27552.0,0.03500632262935451,0.9214159443481587,0.0435777330224868
27315.0,0.19061166762416823,0.745168238727023,0.06422009364880883
27380.0,0.12669867137377133,0.7810516565414116,0.09224967208481721
26834.0,0.016425801149910418,0.1267800991445793,0.8567940997055102
27073.0,0.05435792168782351,0.7879738439162858,0.15766823439589084
26419.0,0.8930410762464254,0.09778507553429988,0.009173848219274654
26144.0,0.09903718834383188,0.8529011586658201,0.04806165299034807
27193.0,0.9160378835773126,0.0820517557078638,0.0019103607148235405
27434.0,0.09054678498315434,0.8790643256318404,0.030388889385005217
26892.0,0.2947640740871466,0.6866080121269792,0.018627913785874348
26655.0,0.0813085952352234,0.09977214296547829,0.8189192617992983
26072.0,0.004216028851640882,0.0665595716169076,0.9292243995314515
26349.0,0.05987434138382607,0.7881351382259093,0.15199052039026453
26622.0,0.0900818825502181,0.8893431217171625,0.020574995732619443
26715.0,0.08854975952911001,0.8903986403028018,0.02105160016808824
26952.0,0.16366244035291172,0.815521041809375,0.020816517837713325
27502.0,0.43274225411956546,0.5534370166167248,0.013820729263709806
27261.0,0.0071667758423750475,0.9540365223300553,0.03879670182756963
26554.0,0.02240820664718537,0.14026187905688298,0.8373299142959316
26281.0,0.028284369128294715,0.1009798703773259,0.8707357604943795
26012.0,0.038358501988452795,0.4497449635548104,0.5118965344567368
27013.0,0.21807530599949218,0.7728220986605502,0.009102595339957635
26774.0,0.17969417086208106,0.504093912732763,0.31621191640515595
27312.0,0.11839590497394852,0.7754476702927318,0.10615642473331972
27555.0,0.029018246637309092,0.20839864232883043,0.7625831110338606
26212.0,0.009845702240135553,0.08672142763206889,0.9034328701277956
26487.0,0.0745764104199901,0.8345763451124506,0.09084724446755926
27381.0,0.4409279156230672,0.37092248732939737,0.18814959704753553
26835.0,0.027759981138468726,0.1467795428815717,0.8254604759799595
27072.0,0.11107792963639217,0.6237087141564273,0.2652133562071805
26418.0,0.322927082441944,0.6688544395169775,0.008218478041078527
26145.0,0.02956141417445514,0.11339345710094219,0.8570451287246027
27192.0,0.10364159903938122,0.8350508151509948,0.061307585809624025
27435.0,0.10233259237714298,0.13887636705553574,0.7587910405673213
26893.0,0.9406389468690894,0.05756697275495834,0.0017940803759522665
26654.0,0.06985377526342129,0.7711273199761985,0.1590189047603801
26073.0,0.012331441117357934,0.06547014472933087,0.9221984141533112
26348.0,0.060765554226451524,0.5710837808817542,0.3681506648917942
26623.0,0.07184595866072765,0.3355510243225999,0.5926030170166725
26714.0,0.14433554004982438,0.8361341351740982,0.019530324776077513
26953.0,0.020418480587902715,0.12543301676992827,0.854148502642169
27503.0,0.10175812155182895,0.8652384162762783,0.033003462171892706
27260.0,0.6140249806679656,0.3562697826740857,0.029705236657948574
26555.0,0.007951824737088638,0.9412683483388549,0.0507798269240565
26280.0,0.12276556173254438,0.815825740319813,0.06140869794764261
26013.0,0.006225563061182328,0.07138797343582151,0.9223864635029962
27012.0,0.034472969424474406,0.23607141939951712,0.7294556111760084
26775.0,0.020345159834870667,0.1340037112414969,0.8456511289236325
27313.0,0.010750873192921718,0.135021915735014,0.8542272110720643
27554.0,0.05000456701783718,0.9378391675768699,0.012156265405292832
26213.0,0.044129074387427476,0.10088065925544026,0.8549902663571322
26486.0,0.12916251662675965,0.48202239108073736,0.388815092292503
26616.0,0.02771368778549426,0.9349584107356173,0.03732790147888843
26347.0,0.018032278429990542,0.938774058522464,0.04319366304754557
26078.0,0.13094949157045013,0.2417015435047335,0.6273489649248164
26649.0,0.03070851400621525,0.1812012703008943,0.7880902156928904
26890.0,0.0633374509060627,0.3104970067230376,0.6261655423708997
27436.0,0.025874595280315254,0.0695547075358765,0.9045706971838082
27199.0,0.01363556580044999,0.2191981843488842,0.7671662498506657
26150.0,0.011787278751335064,0.0691582559536041,0.9190544652950609
26421.0,0.11178792780567258,0.8693560379383534,0.018856034255974027
27079.0,0.1288577248038565,0.8026783620586204,0.06846391313752306
26836.0,0.09016583864675294,0.8252126719230879,0.08462148943015918
27378.0,0.1556160383167367,0.7540486661235547,0.09033529555970865
26481.0,0.22032275181226033,0.27946166372248277,0.5002155844652569
26210.0,0.03143273817983354,0.2489085447740713,0.7196587170460952
27557.0,0.00690176459556226,0.10607215570694342,0.8870260796974943
27318.0,0.02260992463878722,0.9363610036261898,0.04102907173502307
26768.0,0.04544157460080094,0.08834175459344212,0.8662166708057569
27011.0,0.02563187249353235,0.08431455485261402,0.8900535726538537
26010.0,0.14776190191486407,0.7444843768491484,0.10775372123598757
26287.0,0.20064070368968626,0.7720599199067272,0.02729937640358655
26556.0,0.04464179833640922,0.1977946494281183,0.7575635522354726
27259.0,0.20432578659845624,0.7709514407672632,0.02472277263428056
27496.0,0.36513359036921433,0.5860905225494791,0.04877588708130652
26958.0,0.008560775331416828,0.04938059426461513,0.9420586304039681
26717.0,0.05829947157464169,0.6946111248725009,0.24708940355285752
26617.0,0.10492141335970287,0.6328781391392878,0.26220044750100935
26346.0,0.5658907416583643,0.4194600594071559,0.014649198934479864
26079.0,0.03363947206023564,0.7910489352920218,0.17531159264774254
26648.0,0.11138984174732121,0.11459956596054079,0.774010592292138
26891.0,0.44036271819140865,0.48393973754351777,0.07569754426507354
27437.0,0.0451214663962961,0.30158802694220244,0.6532905066615016
27198.0,0.020533860452660795,0.14555262600405822,0.833913513543281
26151.0,0.10965061724506185,0.8741449247230604,0.01620445803187783
26420.0,0.0670760888945664,0.7510673302135563,0.18185658089187728
27078.0,0.01740321154351418,0.14684154614745623,0.8357552423090296
26837.0,0.04812670718467633,0.9132906543500457,0.03858263846527789
27379.0,0.13122485896572444,0.29928370465925463,0.569491436375021
26480.0,0.09072485650557885,0.25955748563442643,0.6497176578599947
26211.0,0.7430392519956085,0.22767135288151646,0.02928939512287503
27556.0,0.016168098213064204,0.14141713540871914,0.8424147663782167
27319.0,0.014789640203673312,0.08804326417408974,0.897167095622237
26769.0,0.2049080021637247,0.762582024616342,0.03250997321993334
27010.0,0.09666678231265544,0.8218604496073832,0.08147276807996132
26011.0,0.29102621281196717,0.6818835899092398,0.027090197278792985
26286.0,0.07456076786322684,0.7773963835365391,0.1480428486002341
26557.0,0.025731961237561603,0.15997353234835454,0.814294506414084
27258.0,0.04906623225605754,0.12611560311646983,0.8248181646274726
27497.0,0.008009136556709002,0.05397936077855405,0.938011502664737
26959.0,0.05129405902694393,0.9136701516108721,0.03503578936218409
26716.0,0.14420767762800088,0.7793213682775952,0.07647095409440384
26888.0,0.03801901937269175,0.9195647326991303,0.04241624792817784
26651.0,0.02201871275607552,0.08281045502096696,0.8951708322229576
27197.0,0.35937098357147756,0.24136319767454487,0.3992658187539776
27438.0,0.44297565557361984,0.3185103998219102,0.2385139446044699
26345.0,0.11421238811428834,0.8456215465254233,0.040166065360288286
26618.0,0.07409033085446884,0.7422818416822523,0.18362782746327902
26076.0,0.06573809725072664,0.27369217190027656,0.6605697308489967
26838.0,0.14785543149113836,0.5050746985020212,0.3470698700068404
27077.0,0.04187444547038121,0.9210874074936299,0.037038147035988865
27376.0,0.016076939831656895,0.06176967018138698,0.9221533899869562
26423.0,0.01401739873895078,0.1692182643410943,0.8167643369199549
26148.0,0.25115408798959155,0.7189360871210424,0.029909824889366155
27316.0,0.0201953019792062,0.1019199841625396,0.8778847138582542
27559.0,0.012287558622451147,0.10683684657326169,0.8808755948042871
27009.0,0.04799615121974663,0.38683672027291044,0.5651671285073429
26770.0,0.5918191972496016,0.39300634934192047,0.015174453408477897
26208.0,0.03142243605963459,0.8490352538756097,0.11954231006475563
26483.0,0.018302703917054956,0.06530897551607417,0.9163883205668709
27498.0,0.3011063232395428,0.6489256338410077,0.049968042919449604
27257.0,0.06694554951762959,0.19013815261355632,0.7429162978688141
26719.0,0.7720012181300319,0.2222338858285698,0.0057648960413983295
26956.0,0.06777398453376776,0.23481751102117468,0.6974085044450575
26008.0,0.2251433745731624,0.7599496304816331,0.014906994945204475
26558.0,0.20946448317132502,0.5816000101162243,0.20893550671245067
26285.0,0.12677568370734701,0.8143159982471413,0.05890831804551173
26889.0,0.012351801618079243,0.13152076184332562,0.8561274365385951
26650.0,0.10116453103159535,0.8426743997548598,0.05616106921354481
27196.0,0.09467445354113704,0.8877959943874716,0.017529552071391313
27439.0,0.11527755234588723,0.23481966729954937,0.6499027803545635
26344.0,0.27587505275458757,0.6441059480260399,0.08001899921937257
26619.0,0.1727708728557439,0.7972154779972941,0.030013649146961932
26077.0,0.05160432960551673,0.9192145697826387,0.029181100611844438
26839.0,0.008474769450076866,0.08557859006644032,0.9059466404834828
27076.0,0.015577009729899777,0.23989085418234382,0.7445321360877565
27377.0,0.6870970616684642,0.2830188602562835,0.029884078075252285
26422.0,0.00467276985058415,0.07687382036481713,0.9184534097845987
26149.0,0.03191829572377099,0.05578655889527377,0.9122951453809552
27317.0,0.024365841120085985,0.1696006037401028,0.8060335551398112
27558.0,0.014221469729395439,0.9422601133248076,0.043518416945796855
27008.0,0.5999374037935353,0.39205161843511216,0.00801097777135257
26771.0,0.1349252804139487,0.8557148394576174,0.009359880128433896
26209.0,0.1388101293584159,0.79933590250489,0.06185396813669415
26482.0,0.01245519364683994,0.09891508843214086,0.8886297179210193
27499.0,0.10608934100254724,0.8661168322312774,0.0277938267661753
27256.0,0.1607466960041012,0.8337140797861076,0.005539224209791175
26718.0,0.849038915834597,0.1468461375588714,0.0041149466065316795
26957.0,0.13428495531565626,0.8295542779027602,0.03616076678158363
26009.0,0.04211919531403698,0.8916644737309314,0.0662163309550317
26559.0,0.1006606659692029,0.2310261840027348,0.6683131500280624
26284.0,0.7933940019037158,0.20431577147672642,0.002290226619557673
26963.0,0.05410351057305848,0.9091375686024205,0.036758920824521056
26688.0,0.024744125504332675,0.16152948817901555,0.8137263863166517
27238.0,0.03627602335119648,0.18076346421052952,0.782960512438274
27509.0,0.364406498469745,0.6226118491244579,0.012981652405797088
26290.0,0.10098672632067746,0.887298628044889,0.01171464563443352
26529.0,0.03242293179740324,0.2365899594237279,0.730987108778869
25991.0,0.018749970599017524,0.15208835584142008,0.8291616735595625
26765.0,0.07966545093681489,0.9025145992380949,0.017819949825090126
27038.0,0.0721018947920342,0.23390268550030535,0.6939954197076603
27576.0,0.12269510956701433,0.227444608634568,0.6498602817984176
27307.0,0.13930120622322364,0.8495895760732193,0.011109217703556974
26476.0,0.8736781624661927,0.12447751545103587,0.0018443220827714104
26239.0,0.0292793409520286,0.049719199495447786,0.9210014595525235
27375.0,0.16316510062980913,0.8334021514222631,0.003432747947927724
27098.0,0.9441687273995154,0.05515007332838433,6.81199272100256E-4
26825.0,0.25946794949791535,0.7241509698155549,0.016381080686529898
26171.0,0.08568073399163242,0.13163135866798922,0.7826879073403784
26408.0,0.5523369236917993,0.40899663713713463,0.03866643917106612
27441.0,0.09952094424309847,0.6196814529893507,0.2807976027675509
27170.0,0.8284435901520357,0.16588529412368763,0.005671115724276639
26628.0,0.06511209990615387,0.19389606919537375,0.7409918308984723
26903.0,0.06228996284909573,0.8128519468349352,0.12485809031596913
26051.0,0.09916850926530034,0.7917435465941358,0.10908794414056384
26597.0,0.09812453387818185,0.888243152917916,0.013632313203902128
26358.0,0.015051105056145717,0.12226954692629598,0.8626793480175583
26962.0,0.023770147955650658,0.9120005190795523,0.06422933296479708
26689.0,0.05779243571215407,0.8975517832249383,0.04465578106290764
27239.0,0.31525458534037976,0.6697224454822144,0.015022969177405983
27508.0,0.1897219473106381,0.7385599991684377,0.07171805352092413
26291.0,0.16597940505736353,0.30571911599384155,0.5283014789487949
26528.0,0.2032663826868649,0.2276017449134506,0.5691318723996844
25990.0,0.5551926412996868,0.43679638092896056,0.008010977771352568
26764.0,0.0827428233274973,0.14900003216422264,0.7682571445082801
27039.0,0.016464966309577108,0.09624592334101487,0.887289110349408
27577.0,0.3182745031182637,0.6399485236890926,0.04177697319264361
27306.0,0.027592104217754442,0.1282801258844425,0.844127769897803
26477.0,0.049229163671080656,0.9086109523627697,0.042159883966149586
26238.0,0.029803268975231174,0.21550356854625224,0.7546931624785165
27374.0,0.02945331592750799,0.0493887728521069,0.9211579112203852
27099.0,0.021469621673335687,0.9383887992980443,0.040141579028619936
26824.0,0.0671755630148127,0.1260678467169858,0.8067565902682015
26170.0,0.8447941960952979,0.15411436412955545,0.0010914397751466724
26409.0,0.1693230005477925,0.10906805735756019,0.7216089420946472
27440.0,0.01018183768948595,0.08990438231901693,0.8999137799914971
27171.0,0.5004583364774935,0.45663496355698774,0.04290669996551873
26629.0,0.0928921431980631,0.8647143524393854,0.04239350436255145
26902.0,0.05223681412978829,0.0819742344388259,0.8657889514313858
26050.0,0.1632560416377868,0.22374667323478095,0.6129972851274323
26596.0,0.1082584334116548,0.8198795151016287,0.0718620514867165
26359.0,0.011667119553770179,0.9383145429143767,0.05001833753185301
26531.0,0.469663157014719,0.46890894477202905,0.06142789821325196
26288.0,0.009701979205813697,0.10578705689229033,0.8845109639018959
25989.0,0.054528187499452596,0.2142530483458334,0.7312187641547141
26690.0,0.14690068452055768,0.8017407726565771,0.05135854282286528
26961.0,0.16102797849008782,0.8082463350209877,0.030725686488924465
27511.0,0.061746375830474376,0.734001777877587,0.20425184629193854
27236.0,0.07528634403055051,0.9104682917455538,0.014245364223895624
26237.0,0.07087422628088201,0.9015150532612015,0.027610720457916307
26478.0,0.05493181806026982,0.765025083991539,0.18004309794819126
27036.0,0.4977203609594783,0.48038187488055917,0.021897764159962432
26767.0,0.007138881910951756,0.07388475972289828,0.91897635836615
27305.0,0.07256745342543824,0.260137504968885,0.6672950416056768
27578.0,0.8576952650195382,0.131463924466591,0.01084081051387074
26410.0,0.0535500209304023,0.13974857902508436,0.8067014000445133
26169.0,0.09548368214748103,0.8878586691061173,0.01665764874640154
27373.0,0.6285649361711403,0.3467208551708391,0.024714208658020608
26827.0,0.19351890574065808,0.7478601652738188,0.05862092898552302
27096.0,0.7522610493772608,0.23493219256298087,0.012806758059758271
26049.0,0.048164537326705295,0.19897610379977007,0.7528593588735246
26356.0,0.04332499680071172,0.10858778456785981,0.8480872186314284
26599.0,0.10116375144709218,0.19067075829857857,0.7081654902543293
27168.0,0.05722668641504598,0.10861891120466002,0.834154402380294
27443.0,0.014366760000956396,0.1337333582452213,0.8518998817538224
26901.0,0.006267697293836402,0.05328302775905736,0.9404492749471062
26630.0,0.017510566422092345,0.10467644506050441,0.8778129885174032
26530.0,0.9071466186400693,0.0912916387898421,0.00156174257008854
26289.0,0.020594773150045154,0.12022378312705746,0.8591814437228973
25988.0,0.11285415796199386,0.8462059987913618,0.040939843246644396
26691.0,0.020923581335034153,0.08004823084713594,0.89902818781783
26960.0,0.13781648306266114,0.8438438420125116,0.018339674924827087
27510.0,0.10997824834483287,0.8729725399631544,0.017049211692012876
27237.0,0.005353126230094252,0.06275383326231818,0.9318930405075875
26236.0,0.05798367881994507,0.8933262335669613,0.04869008761309356
26479.0,0.008145305870073673,0.06905831097608606,0.9227963831538403
27037.0,0.08155246385937485,0.22445015965961207,0.693997376481013
26766.0,0.23976616893737898,0.5814995208749649,0.178734310187656
27304.0,0.11209715376749436,0.47474376561192755,0.4131590806205781
27579.0,0.3307388547725867,0.6292126993881128,0.040048445839300534
26411.0,0.07389562542599165,0.8676973503712321,0.05840702420277617
26168.0,0.9040981872301289,0.09436547335190033,0.001536339417970773
27372.0,0.02832700840813744,0.1467500751586927,0.82492291643317
26826.0,0.09685110753644181,0.7792526468410979,0.12389624562246031
27097.0,0.5637103005799952,0.3972669294563394,0.039022769963665424
26048.0,0.01809342221955494,0.5469616518391418,0.4349449259413032
26357.0,0.46754923289378697,0.5103334342359644,0.02211733287024853
26598.0,0.20137328977822783,0.7629662816903496,0.03566042853142249
27169.0,0.05747972548092381,0.09723210220519442,0.8452881723138818
27442.0,0.02031143318501975,0.14167548095386404,0.8380130858611162
26900.0,0.1380317281640675,0.8246521759972434,0.0373160958386891
26631.0,0.3105237173898895,0.5680143660385066,0.12146191657160395
27580.0,0.2428121404366475,0.7259397906293671,0.031248068933985393
27311.0,0.5719385660380133,0.41934784046576573,0.008713593496221101
26761.0,0.8897058036300358,0.10197715566242659,0.008317040707537563
27034.0,0.07343082433875696,0.7923750741494471,0.13419410151179603
26472.0,0.5834572591700152,0.39123863427236427,0.025304106557620352
26235.0,0.2748011466083606,0.7067177333234197,0.018481120068219826
27234.0,0.5291368296422905,0.45381923967864035,0.01704393067906921
27505.0,0.7365566515777296,0.2590272522683803,0.004416096153889962
26967.0,0.22269435325420028,0.21781062781441668,0.5594950189313831
26692.0,0.09202855049764683,0.8734359499798542,0.03453549952249895
25987.0,0.14467342339702455,0.7729937215884402,0.0823328550145352
26294.0,0.06929267297756755,0.6924321267465373,0.23827520027589522
26533.0,0.2885532742080922,0.6938079818577398,0.017638743934167946
26624.0,0.18775004723199945,0.7652765135545836,0.04697343921341683
26899.0,0.18140123373455502,0.7262352960111902,0.09236347025425476
27445.0,0.026303772556300606,0.16475447765942103,0.8089417497842785
27174.0,0.12465442730009353,0.8705796439182297,0.004765928781676589
26593.0,0.7765271422384032,0.2151130005917676,0.008359857169829203
26354.0,0.0565889273237013,0.8961673482605623,0.04724372441573641
26055.0,0.04294052007826753,0.24481049587892173,0.7122489840428108
27102.0,0.704276084600132,0.27750682906456836,0.018217086335299636
26829.0,0.17876527952638493,0.7643970142952432,0.056837706178372034
27371.0,0.05756999411292905,0.15283401712059075,0.7895959887664802
26175.0,0.9314619558721737,0.06639144402545598,0.0021466001023702067
26412.0,0.18794039798382994,0.7852869390626209,0.02677266295354918
27581.0,0.07421808139083208,0.8795561042407455,0.04622581436842232
27310.0,0.4722533295178324,0.45275179532371096,0.07499487515845651
26760.0,0.2147968725751958,0.7444216489411964,0.040781478483607664
27035.0,0.1491056101909102,0.8151022845505221,0.03579210525856772
26473.0,0.00378160575845771,0.07043077870854322,0.9257876155329992
26234.0,0.01082479174102629,0.055735123054013694,0.93344008520496
27235.0,0.18667568862473413,0.5047384623174755,0.30858584905779046
27504.0,0.12751186057357938,0.8320114462997835,0.04047669312663699
26966.0,0.8504343634221506,0.1334283436463741,0.016137292931475294
26693.0,0.025442615625554513,0.09246080793433811,0.8820965764401073
25986.0,0.031367103885764094,0.947815334054571,0.02081756205966498
26295.0,0.16806795833986551,0.8032627424121871,0.028669299247947363
26532.0,0.13648496699208512,0.8614470062739503,0.002068026733964521
26625.0,0.06757469181723474,0.6967642728168555,0.23566103536590968
26898.0,0.09417755332526427,0.9013243059946358,0.004498140680099969
27444.0,0.7682635736418925,0.21553288779408394,0.016203538564023644
27175.0,0.10161804055640261,0.8676483063977094,0.030733653045888088
26592.0,0.044147124911675335,0.28255006750567846,0.6733028075826463
26355.0,0.10043336723816365,0.8798377120084836,0.019728920753352707
26054.0,0.08479525704901249,0.09341242477266955,0.8217923181783179
27103.0,0.019962988022705568,0.9484578489719918,0.03157916300530256
26828.0,0.017470662807033407,0.09855009996059878,0.8839792372323678
27370.0,0.056101076550849144,0.2228398677214114,0.7210590557277394
26174.0,0.13031848039522115,0.8634569251467474,0.006224594458031391
26413.0,0.01691874930195476,0.09440072208678588,0.8886805286112592
26233.0,0.0789134960238333,0.7516760925772685,0.16941041139889826
26474.0,0.11337000570510304,0.8560418096244613,0.030588184670435715
27309.0,0.06603803626082017,0.8427817546281697,0.09118020911101009
27582.0,0.12022538784122304,0.6598544769189556,0.2199201352398213
27032.0,0.1587843629248313,0.6983528722396515,0.14286276483551727
26763.0,0.4354527055294101,0.5425705888199772,0.021976705650612587
25985.0,0.05359314217242916,0.9090180673025382,0.0373887905250327
26535.0,0.5869512546894,0.2245329017407487,0.18851584356985135
26292.0,0.06598407817668747,0.2925913514066611,0.6414245704166514
27507.0,0.08453007887468915,0.7238515815567002,0.19161833956861068
27232.0,0.22989181303123463,0.7565720670178577,0.013536119950907569
26694.0,0.7586158761678229,0.23855503843838588,0.002829085393791149
26965.0,0.005874130230262899,0.06295385951541695,0.9311720102543202
26352.0,0.04433691905413203,0.14597206330108378,0.8096910176447842
26595.0,0.9405687064187639,0.05788389303419516,0.0015474005470408683
26053.0,0.011180095751437302,0.17689279980961248,0.8119271044389502
26897.0,0.010883798961580548,0.9522771454843069,0.03683905555411265
26626.0,0.013602503964248537,0.9367254232599233,0.04967207277582817
27172.0,0.014331828048551766,0.9428492009666679,0.042818970984780304
27447.0,0.13699296775765332,0.12550869252126254,0.7374983397210841
26414.0,0.01844258026569145,0.10777793095874859,0.8737794887755599
26173.0,0.00733923878702356,0.06706108982215887,0.9255996713908176
26831.0,0.8158132822386248,0.15053321901914893,0.033653498742226166
27100.0,0.06605488955361992,0.7265261822810678,0.20741892816531235
27369.0,0.07963330607076748,0.7721788767668041,0.14818781716242838
26232.0,0.16919034725565682,0.8234316935904927,0.00737795915385047
26475.0,0.26662225078036944,0.7104176679474138,0.022960081272216833
27308.0,0.04370560981856349,0.2631780633487123,0.6931163268327243
27583.0,0.20385720154077355,0.29411136600443727,0.5020314324547891
27033.0,0.21991316231738306,0.7324536313414022,0.04763320634121468
26762.0,0.8876926956764158,0.11103527649651679,0.001272027827067513
25984.0,0.03599891831040323,0.1368314962203025,0.8271695854692943
26534.0,0.27668602646465845,0.6978330323933066,0.025480941142034953
26293.0,0.1162038151642432,0.8099814714227027,0.07381471341305408
27506.0,0.26454846642332686,0.7190876662862499,0.016363867290423252
