26275.0,0.0014459864540513905,0.0011619534005770102,0.9973920601453716
26544.0,0.13866097231238853,0.07578131106552112,0.7855577166220904
26006.0,0.0698253180067117,0.929888910882434,2.857711108543118E-4
26946.0,0.06372481841852816,0.9065369329861588,0.029738248595313144
26705.0,0.9229097303136666,0.0770902694711498,2.1518362371538186E-10
27255.0,0.6333742437509863,0.3663515037690745,2.74252479939268E-4
27492.0,0.9929705471349117,0.00702943144122719,2.1423860991004843E-8
26493.0,0.004047350459981848,0.9896286644462966,0.006323985093721636
26222.0,2.3958564578787926E-4,0.016524048191045665,0.9832363661631665
26780.0,0.7865392103912366,0.1949552698531694,0.018505519755593818
27023.0,0.010661062651735422,0.06784312596558904,0.9214958113826756
27561.0,1.0580444607832038E-4,0.5345098188835824,0.4653843766703392
27322.0,0.057175168524511426,0.632272991027688,0.31055184044780065
26154.0,3.0154306241146208E-5,0.8763129252105233,0.12365692048323557
26425.0,0.05799294658974058,0.8754464002069039,0.06656065320335557
27390.0,0.0013086143100236602,0.18299936959365162,0.8156920160963248
27083.0,0.9696956224599694,0.030304368296132464,9.243898117821248E-9
26840.0,0.004047350459981848,0.9896286644462966,0.006323985093721636
26066.0,0.10448636259921222,0.8946147799826799,8.988574181079558E-4
26612.0,0.12183288798815262,0.8768535017915405,0.0013136102203069402
26343.0,0.084306859927929,0.008059757145380817,0.9076333829266902
27424.0,1.7560556438848182E-6,0.9990066069198968,9.9163702445923E-4
27187.0,0.0583399641746518,0.9416351038644571,2.4931960891027356E-5
26645.0,0.05257172507603424,0.9333591791971136,0.014069095726852035
26886.0,1.4568631556746201E-4,0.0020236291964937573,0.9978306844879388
26274.0,0.8487253223369524,0.15127466088003655,1.678301115931772E-8
26545.0,0.010377970644983274,0.052316930206191395,0.9373050991488253
26007.0,0.9995373217701392,4.5703581242347474E-4,5.642417437326849E-6
26947.0,0.508042096174326,0.49195424970629037,3.6541193836557255E-6
26704.0,0.004327808989598779,0.9956609308122821,1.1260198119040547E-5
27254.0,0.062111801242236024,0.7515527950310559,0.18633540372670807
27493.0,0.004021383500858879,0.05799716387440336,0.9379814526247378
26492.0,0.10265758886695929,0.892165707928287,0.005176703204753588
26223.0,1.1985483378623596E-5,0.9922797304795183,0.007708284037103139
26781.0,0.1206896551724138,0.7241379310344828,0.15517241379310345
27022.0,0.27406626478340185,0.7212283850470143,0.004705350169583913
27560.0,1.6223122545313732E-4,0.006615457701251349,0.9932223110732955
27323.0,9.23045415393849E-9,1.2833256617015859E-5,0.9999871575129288
26155.0,0.1767473559212392,0.8214275529316629,0.001825091147097886
26424.0,0.013811417244826993,0.9861862772894607,2.305465712318994E-6
27391.0,0.6702049575580258,0.32978284236330396,1.2200078670138776E-5
27082.0,0.013587241703996578,0.9864126140280689,1.4426793451639234E-7
26841.0,0.15540145740570196,0.8442569034910553,3.416391032425881E-4
26067.0,0.009329187027987561,0.03109729009329187,0.9595735228787206
26613.0,0.1531168070478891,0.8438975205242218,0.002985672427889073
26342.0,4.6385395650917554E-4,0.0011572412316823678,0.9983789048118085
27425.0,0.1379729997452806,0.06877423371918602,0.7932527665355333
27186.0,0.017805850977814414,0.8006043603717131,0.18158978865047234
26644.0,0.03296703296703297,0.03296703296703297,0.9340659340659341
26887.0,0.42544080121450756,0.5745467511843505,1.2447601141805184E-5
26707.0,0.017922247251844842,0.16927742386630312,0.812800328881852
26944.0,0.13458073942674942,0.8511419996953935,0.014277260877857082
27494.0,8.425039984784161E-4,0.9981032536392123,0.0010542423623093168
27253.0,0.03772568581127697,0.9586308931473695,0.0036434210413536575
26546.0,0.15414673583507377,0.6207471535403893,0.22510611062453686
26273.0,0.03186890199732575,0.7960673504677382,0.172063747534936
26004.0,0.0066485624552807005,0.006618300450477421,0.9867331370942419
27021.0,0.017412222805620697,0.9825855199336754,2.257260703745404E-6
26782.0,0.05583756345177665,0.05583756345177665,0.8883248730964467
27320.0,0.004021383500858879,0.05799716387440336,0.9379814526247378
27563.0,0.13647136917036132,0.8527546226035616,0.010774008226077098
26220.0,7.786891676305235E-5,0.7787746228053243,0.2211475082779127
26495.0,4.7496417736108245E-4,0.09782850731511282,0.901696528507526
27388.0,0.010134016240162887,0.14505647003706262,0.8448095137227745
26842.0,0.008799153895769771,0.9901105154965021,0.0010903306077282451
27081.0,0.04836098676063234,0.9336644203013835,0.01797459293798397
26427.0,0.3501264260517675,0.4860684956187872,0.16380507832944535
26152.0,0.11123015828289669,0.7829361715336204,0.1058336701834829
27185.0,3.625285993478907E-5,0.01826224395997132,0.9817015031800939
27426.0,0.5959333293039392,0.4040295446942312,3.7126001829654365E-5
26884.0,0.09481260290892146,0.9014258893396145,0.0037615077514640237
26647.0,0.27980536211919527,0.27980536211919527,0.4403892757616094
26064.0,0.009053020893709806,0.07129253953796473,0.9196544395683255
26341.0,0.005494507739592941,0.0256435183303426,0.9688619739300645
26614.0,0.9438110944989375,0.05618890159836175,3.902700786946625E-9
26706.0,0.003431352352406586,0.10460237423617004,0.8919662734114234
26945.0,0.02841092851764632,0.12817753517467137,0.8434115363076823
27495.0,0.006651729822709717,0.9888490562932373,0.004499213884053043
27252.0,6.530066652248894E-6,0.996746614055034,0.003246855878313925
26547.0,0.706124687755843,0.2938751522535241,1.5999063285907742E-7
26272.0,0.02516868270921227,0.1371407417854502,0.8376905755053375
26005.0,0.32903507425708767,0.4112015322732983,0.2597633934696141
27020.0,0.7240933051414167,0.27589179525838986,1.489960019350986E-5
26783.0,0.16302637972396355,0.8344364513574167,0.0025371689186195947
27321.0,0.007281935861112176,0.9926749624830667,4.310165582110275E-5
27562.0,6.554051141556415E-5,0.9992819672860475,6.524922025371721E-4
26221.0,0.1451778973691418,0.8516168186738333,0.0032052839570250098
26494.0,0.06508151388673565,0.8434757901488404,0.09144269596442396
27389.0,1.4182548614050181E-4,0.0016706671399415703,0.9981875073739179
26843.0,2.7262518233322206E-4,0.13249583861394593,0.8672315362037208
27080.0,0.853714893437983,0.14624593681100972,3.916975100735354E-5
26426.0,0.4448132711263308,0.14811124990196645,0.4070754789717027
26153.0,0.42434675277245265,0.5199985750509006,0.05565467217664671
27184.0,0.9200966814243029,0.07990215811665367,1.1604590433691168E-6
27427.0,0.0668899509604298,0.2118865784358145,0.7212234706037558
26885.0,0.0029259055688794556,0.9940491773964212,0.0030249170346994415
26646.0,0.8335575219352973,0.1664424490488781,2.9015824538170804E-8
26065.0,0.21133910086458427,0.7793401961350851,0.009320703000330506
26340.0,0.004134429819283183,0.09959835763281694,0.8962672125478999
26615.0,0.08075348405049049,0.8362544598646825,0.08299205608482693
25951.0,0.0665133847922483,0.128756774511414,0.8047298406963377
26489.0,0.992588671254632,0.0026469031233456843,0.0047644256220222315
26218.0,0.0013851592402693363,0.06280934985661484,0.9358054909031158
27565.0,0.3890624385550552,0.6069222051987414,0.004015356246203374
27326.0,0.1626101300651654,0.8351890899078998,0.0022007800269349268
26776.0,0.008547008547008546,0.028490028490028487,0.962962962962963
27019.0,0.01631284587978149,0.9832528340921941,4.3432002802430345E-4
26002.0,1.913715409775383E-4,0.027186511025490138,0.9726221174335322
26279.0,0.044439094939838275,0.12038046627067721,0.8351804387894844
26548.0,0.08535373759367469,0.9146361649840882,1.0097422237180853E-5
27251.0,0.07577920394645538,0.924214378682081,6.417371463696476E-6
27488.0,0.03988407359001385,0.9599274191069013,1.885073030848508E-4
26950.0,0.3974226230820126,0.6024119670232783,1.654098947091466E-4
26709.0,0.2145635168962361,0.13185796374418896,0.6535785193595749
26608.0,0.021150930003070903,0.9603549679904191,0.018494102006510003
26339.0,0.26900943246718173,0.717751303202884,0.013239264329934304
26070.0,0.03407610238547275,0.854031378866757,0.11189251874777033
26641.0,6.469214148679758E-4,0.8817776942778764,0.11757538430725561
26882.0,0.9079539767025357,0.09189425485782142,1.5176843964272084E-4
27428.0,0.03813305491821378,0.9541929586073397,0.00767398647444665
27191.0,0.7334455117912234,0.26620870298123966,3.457852275369532E-4
26158.0,1.3211083725135487E-4,0.10753396145622011,0.8923339277065285
26429.0,0.24793157159208146,0.7445087443739254,0.007559684033993002
27087.0,0.0021443478413201923,0.9907395941371135,0.007116058021566269
26844.0,0.44523747046822715,0.5547620471094306,4.824223423324337E-7
27386.0,0.09094428615207169,0.9068605754181708,0.0021951384297574086
25950.0,0.5871078232062178,0.41178278744048774,0.0011093893532943906
26488.0,0.20498988536749832,0.20498988536749832,0.5900202292650034
26219.0,0.25339986895796396,0.6794014596104757,0.0671986714315602
27564.0,0.5963813922587579,0.4035810130286749,3.759471256727368E-5
27327.0,0.3799868857949227,0.6174212135760127,0.002591900629064694
26777.0,0.0056563962635532835,0.7547166480284871,0.2396269557079595
27018.0,0.9986028982615448,1.493680046838832E-4,0.001247733733771193
26003.0,0.0038037616391517876,0.9961532722930275,4.2966067820756466E-5
26278.0,0.24163204797979068,0.10318261144101853,0.6551853405791908
26549.0,0.8981238861414255,0.10187129875556401,4.8151030105264254E-6
27250.0,0.0025407933520142736,0.9944956267195527,0.002963579928433051
27489.0,0.002864175363107723,0.993970448201858,0.0031653764350343724
26951.0,0.5912405881383165,0.30191265731168854,0.10684675454999504
26708.0,0.01311680199875078,0.08432229856339786,0.9025608994378513
26609.0,0.10854681826435737,0.8914479540423308,5.2276933118903374E-6
26338.0,0.01906135869673946,0.9730911923610672,0.007847448942193322
26071.0,0.20250963670045097,0.7724814957151867,0.025008867584362295
26640.0,0.0014149105852945057,0.048910489368205134,0.9496746000465003
26883.0,0.03827023027486987,0.014243590935533106,0.9474861787895971
27429.0,0.4535661185543277,0.546280473670378,1.5340777529417206E-4
27190.0,0.22242260523868917,0.7738190106955339,0.0037583840657768224
26159.0,0.0011696968534589936,0.04079310890283218,0.9580371942437089
26428.0,0.029792806503187767,0.15729058803105694,0.8129166054657553
27086.0,0.003628730850305158,0.46799836990897714,0.5283728992407178
26845.0,0.008433031280440689,0.023353009699681907,0.9682139590198774
27387.0,3.9393819583933095E-4,0.8515226974249331,0.14808336437922753
27324.0,0.15916231550916943,0.8348669687622869,0.00597071572854367
27567.0,0.17319718933116673,0.7671581970579163,0.05964461361091694
27017.0,0.020383084938158918,0.9788708597265062,7.460553353349254E-4
26778.0,0.9895927842899191,0.010407189046845896,2.6663234986681652E-8
25949.0,0.13866097231238853,0.07578131106552112,0.7855577166220904
26216.0,0.45456347078527165,0.5454058270060334,3.070220869498968E-5
26491.0,0.0029351882764560872,0.9963202979390515,7.445137844924229E-4
27490.0,0.009053020893709806,0.07129253953796473,0.9196544395683255
27249.0,0.008138274805142509,0.05424276418696126,0.9376189610078962
26711.0,0.8587342228808251,0.141102192769097,1.635843500778664E-4
26948.0,0.004581828450444864,0.0019177764171804067,0.9935003951323748
26000.0,3.287234750843671E-5,3.5673294287491574E-4,0.9996103947096165
26550.0,0.05770613108331358,0.9422433579555417,5.051096114462205E-5
26277.0,0.029476397229560462,0.9702571852495386,2.6641752090092956E-4
26880.0,0.7382782827921744,0.25753616136981483,0.004185555838010771
26643.0,0.013460709468385408,0.0053536912658351055,0.9811855992657794
27189.0,0.20175587000365838,0.7982304756403605,1.3654355981084447E-5
27430.0,0.024226464779460173,0.07267939433838051,0.9030941408821593
26337.0,0.002656258231538693,0.9956433478388068,0.001700393929654399
26610.0,0.9924279459904221,0.007487015385372964,8.503862420498633E-5
26068.0,0.01187100309914986,0.979404146229868,0.00872485067098198
26846.0,0.09809300204527091,0.8999549151668086,0.0019520827879204743
27085.0,0.20054314327671394,0.5962668869913259,0.20318996973196018
27384.0,0.596369691128191,0.4023059074825829,0.0013244013892260993
26431.0,1.3211083725135487E-4,0.10753396145622011,0.8923339277065285
26156.0,0.9359410450978676,0.06405893560505167,1.9297080639171525E-8
27325.0,0.8360790103050211,0.060742416538951384,0.10317857315602756
27566.0,0.01751575349781053,0.11823133611022107,0.8642529103919684
27016.0,0.3417127223561158,0.3928332949216994,0.26545398272218484
26779.0,0.048973136295157566,0.6068793151464763,0.34414754855836616
26217.0,0.055201864026407324,0.9446359719230379,1.6216405055474395E-4
26490.0,9.690331302183431E-5,4.038863283133356E-4,0.9994992103586648
27491.0,0.010661062651735422,0.06784312596558904,0.9214958113826756
27248.0,8.906860618020271E-4,0.9986697846055882,4.395293326097051E-4
26710.0,0.9954399183683452,0.004559799315515505,2.8231613916610403E-7
26949.0,0.010087053718236143,0.9896540201658188,2.5892611594501274E-4
26001.0,0.34252694925514043,0.053107962188343294,0.6043650885565163
26551.0,0.01649275661055124,0.0015710978328904925,0.9819361455565583
26276.0,7.493746116639422E-5,2.2481238349918267E-4,0.9997002501553345
26881.0,0.07932775787487276,0.7713750078256411,0.14929723429948616
26642.0,0.40820357415396247,0.12372871290546525,0.4680677129405723
27188.0,3.0390029297332205E-4,0.9940043960032373,0.005691703703789331
27431.0,0.012758577692460898,0.9760379153836315,0.011203506923907681
26336.0,0.24386113463166811,0.24386113463166814,0.5122777307366638
26611.0,0.0036690995838007793,0.18872059142766306,0.8076103089885361
26069.0,0.9174367080985658,0.08252760407590334,3.5687825530843025E-5
26847.0,0.009329187027987561,0.03109729009329187,0.9595735228787206
27084.0,0.024226464779460173,0.07267939433838051,0.9030941408821593
27385.0,0.003034246316068448,0.9946929436880505,0.002272809995881075
26430.0,0.23353428514154187,0.7625533338545967,0.003912381003861501
26157.0,0.018002731252082693,0.6030186728128044,0.378978595935113
26146.0,0.006826610976757016,0.9858591629767176,0.007314226046525373
26417.0,0.010878567420325806,0.9865240754174017,0.002597357162272422
27382.0,6.004952123450729E-14,3.265046272288525E-10,0.9999999996734353
27075.0,0.0013851592402693363,0.06280934985661484,0.9358054909031158
26832.0,0.0016567781449990558,0.7055974085480349,0.29274581330696603
26074.0,0.01893413234987806,1.679091523287903E-4,0.9808979584977932
26620.0,0.011457453713282374,0.8735909874322157,0.11495155885450191
26351.0,0.02841092851764632,0.12817753517467137,0.8434115363076823
27432.0,1.975442411597514E-4,8.566256420898333E-4,0.9989458301167504
27195.0,3.3566271557705234E-5,0.7918087738125765,0.2081576599158657
26653.0,0.057121791869735115,0.18813442768324057,0.7547437804470243
26894.0,0.006910167818361304,0.044422507403751234,0.9486673247778875
26283.0,0.0029608651960566783,0.9970391182439239,1.656001950495429E-8
26552.0,0.10211501449643916,0.89779016220348,9.48233000808679E-5
26014.0,0.001148208050168946,0.9988132143397433,3.8577610087701184E-5
26954.0,2.0293957755559072E-8,5.00104393682286E-6,0.9999949786621055
26713.0,0.16808792382556134,0.8124762914489065,0.019435784725532056
27263.0,0.07367506164854266,0.2358140976405115,0.6905108407109457
27500.0,0.23462015752864102,0.7564235158474282,0.008956326623930847
26485.0,2.286350032577695E-6,1.189599198528466E-5,0.9999858176579821
26214.0,0.14310507036192519,0.48882633302818485,0.36806859660988994
26772.0,0.015207492684323944,0.2913471496387211,0.6934453576769549
27015.0,0.05583756345177666,0.8883248730964468,0.05583756345177666
27553.0,7.392910829514863E-4,0.02924309702019314,0.9700176118968553
27314.0,0.18585018863477257,0.8140519442136448,9.786715158262421E-5
26147.0,0.020823642690646352,0.02802541942427297,0.9511509378850806
26416.0,4.461086019496751E-9,3.051316905747821E-5,0.9999694823698565
27383.0,2.3222661514768128E-15,2.1310898624562885E-13,0.9999999999997845
27074.0,0.14448220029827472,0.19526533976690674,0.6602524599348185
26833.0,0.08777533826098197,0.9111474687535305,0.0010771929854877641
26075.0,0.005622377712286702,0.041358669421190146,0.953018952866523
26621.0,0.002904562905548058,0.9970385186062984,5.6918488153485746E-5
26350.0,0.0084597613185582,0.991540095414641,1.4326680076814506E-7
27433.0,0.009859934026998635,0.9901400619691421,4.003859342371296E-9
27194.0,0.9999435528937609,5.644710623909863E-6,5.080239561518878E-5
26652.0,0.13941231144904073,0.8567786392970441,0.0038090492539152184
26895.0,0.7517701701116508,0.24191326018700118,0.006316569701348094
26282.0,2.472006290721888E-7,0.0016667149725910066,0.9983330378267798
26553.0,0.15916231550916943,0.8348669687622869,0.00597071572854367
26015.0,0.08665542358893395,0.8951882019448133,0.018156374466252824
26955.0,0.0019051602891261223,0.9917725300106628,0.006322309700211131
26712.0,0.029476397229560462,0.9702571852495386,2.6641752090092956E-4
27262.0,0.016794961511546535,0.027991602519244225,0.9552134359692093
27501.0,0.5107624350099225,0.4872082744902614,0.0020292904998161147
26484.0,0.28011732821342245,0.7189092953580303,9.733764285473246E-4
26215.0,0.4234033394233656,0.5765307685244492,6.58920521851769E-5
26773.0,0.08003658815458495,0.8335238966384634,0.08643951520695177
27014.0,0.19771449186868978,0.1569521381622861,0.645333369969024
27552.0,0.010993228784436104,0.9889546345659049,5.213664965910708E-5
27315.0,0.005367635277302256,0.5698181978786432,0.4248141668440546
27380.0,0.1916944964422492,0.49740349083505986,0.31090201272269097
26834.0,0.01184651364181455,0.01476257853826121,0.9733909078199242
27073.0,0.06214023197941239,0.8770076638346117,0.060852104185975774
26419.0,0.9715577053861744,0.02844119219579589,1.102418029815059E-6
26144.0,2.4405518431028396E-4,0.9967378305465099,0.003018114269179851
27193.0,0.9973005755057257,0.002699424470047036,2.4227237033604905E-11
27434.0,0.0030304138038847847,0.9948043936717695,0.0021651925243456552
26892.0,0.16108485958716073,0.828464587277932,0.010450553134907356
26655.0,0.6939598309153112,0.006394232089995743,0.2996459369946931
26072.0,0.0013851592402693363,0.06280934985661484,0.9358054909031158
26349.0,0.04823216232195403,0.933813260703152,0.01795457697489403
26622.0,0.017058985533073046,0.956615419508481,0.02632559495844606
26715.0,0.24916960187820048,0.7507324689668268,9.792915497285518E-5
26952.0,6.530066652248894E-6,0.996746614055034,0.003246855878313925
27502.0,0.8153383545671014,0.1846465412103375,1.5104222561070411E-5
27261.0,3.0390029297332205E-4,0.9940043960032373,0.005691703703789331
26554.0,2.8671555202057386E-6,0.010076393986342138,0.9899207388581377
26281.0,0.02841092851764632,0.12817753517467137,0.8434115363076823
26012.0,0.22695132216847191,0.7730427386796408,5.939151887350808E-6
27013.0,0.07579051739233764,0.9241499155182838,5.9567089378555495E-5
26774.0,0.043744225507721356,0.9174869740943865,0.03876880039789212
27312.0,5.407246196275948E-7,8.236941030410266E-4,0.9991757651723393
27555.0,0.018310279933627518,7.759134388726783E-4,0.9809138066274998
26212.0,0.010433641363835271,0.10565334499477082,0.8839130136413939
26487.0,0.01906135869673946,0.9730911923610672,0.007847448942193322
27381.0,0.1390857403929437,0.6605015333738427,0.20041272623321363
26835.0,0.572616097910189,0.41392402952195667,0.013459872567854365
27072.0,0.09023489044502718,0.8834096500507923,0.02635545950418062
26418.0,0.9351922452570736,0.06480687697662162,8.777663048491566E-7
26145.0,2.2105801243564667E-11,6.183522192850817E-9,0.999999993794372
27192.0,0.048346547051729805,0.9480060172021144,0.003647435746155656
27435.0,5.824821712127753E-6,0.051385094368162514,0.9486090808101254
26893.0,0.9914101215748011,0.008589562555524,3.15869674898226E-7
26654.0,0.1334017444843509,0.8465879938429963,0.02001026167265264
26073.0,0.016794961511546535,0.027991602519244225,0.9552134359692093
26348.0,0.059147663276516826,0.8968225618928306,0.04402977483065269
26623.0,2.1718111725760694E-8,3.0790948469690303E-6,0.9999968991870414
26714.0,0.006832063360494647,0.9910592751084885,0.0021086615310168663
26953.0,0.002511669843026598,0.07824817587890553,0.9192401542780678
27503.0,0.07070165420444686,0.9289609448990155,3.3740089653769653E-4
27260.0,0.8523550049608498,0.1468154363285869,8.295587105631478E-4
26555.0,9.899988986535766E-5,0.9494954406836343,0.05040555942650045
26280.0,0.13866097231238853,0.07578131106552112,0.7855577166220904
26013.0,1.0957597708705529E-4,0.9024672873555619,0.09742313666735092
27012.0,3.7154187297294465E-5,0.9926905011808056,0.007272344631896933
26775.0,0.019558392667887347,0.00433293622180889,0.9761086711103037
27313.0,0.36321920225908927,0.5824214613483939,0.05435933639251676
27554.0,0.7849693195713147,0.21500464564507596,2.6034783609508934E-5
26213.0,2.5821328657926286E-8,1.4685590148802435E-7,0.9999998273227698
26486.0,7.524263076873612E-6,0.018981134084460952,0.9810113416524622
26616.0,0.056319097911775425,0.9429376517686643,7.432503195603487E-4
26347.0,0.003998262523142555,0.9959616775981386,4.0059878718874476E-5
26078.0,0.002759746797355578,0.9791917901270232,0.018048463075621305
26649.0,0.010377970644983274,0.052316930206191395,0.9373050991488253
26890.0,0.027006903875937155,0.02298296349057319,0.9500101326334897
27436.0,0.6174932822827206,0.1371893646580124,0.24531735305926702
27199.0,0.054608245197496234,0.17375350744657891,0.7716382473559249
26150.0,0.004021383500858879,0.05799716387440336,0.9379814526247378
26421.0,0.06577500245585391,0.9340756035025197,1.4939404162622554E-4
27079.0,0.016337059329320724,0.9673258813413587,0.016337059329320724
26836.0,0.11556886925971074,0.8740406101849739,0.010390520555315292
27378.0,0.11523058713063958,0.09055557131021598,0.7942138415591445
26481.0,0.45004002296868495,0.059087661451312654,0.49087231558000244
26210.0,0.14937759336099585,0.16597510373443983,0.6846473029045643
27557.0,9.625704937170402E-20,3.140350483702023E-11,0.9999999999685965
27318.0,0.08665542358893395,0.8951882019448133,0.018156374466252824
26768.0,5.684569167464052E-6,0.00229768781971606,0.9976966276111164
27011.0,0.0203483382270162,0.1289144244201266,0.8507372373528571
26010.0,0.06008451810988925,0.9277078337661967,0.012207648123914004
26287.0,0.8551958636333951,0.14448633033509206,3.1780603151304116E-4
26556.0,0.02109187866362687,0.06327563599088061,0.9156324853454925
27259.0,0.9993523632376835,5.251335968445025E-4,1.2250316547188559E-4
27496.0,0.09437586689784382,0.8380629121914872,0.06756122091066899
26958.0,1.2315697751248111E-4,0.0476507631150798,0.9522260799074077
26717.0,0.00909681319397471,0.9637678065399076,0.027135380266117736
26617.0,1.3855290712456113E-7,3.1896283894712835E-4,0.9996808986081458
26346.0,0.8765057100144847,0.12336790932303653,1.2638066247874018E-4
26079.0,0.9924279459904221,0.007487015385372964,8.503862420498633E-5
26648.0,7.859851110205983E-4,0.01590310951913902,0.9833109053698403
26891.0,1.4234917787355477E-8,0.9924349668212522,0.007565018943829979
27437.0,2.8338992133977634E-6,0.0016178069172428722,0.9983793591835437
27198.0,0.060987415295256545,0.6776379477250727,0.2613746369796709
26151.0,0.005285876486742792,0.982339323507714,0.01237480000554325
26420.0,0.03348779961464441,0.7388661662829121,0.2276460341024435
27078.0,0.044967880085653104,0.044967880085653104,0.9100642398286938
26837.0,0.015630035337447206,0.9423072292358096,0.0420627354267433
27379.0,0.017511257236795082,0.20841969837752844,0.7740690443856765
26480.0,0.3501264260517675,0.4860684956187872,0.16380507832944535
26211.0,0.6756052935130493,0.3240912309174552,3.0347556949535034E-4
27556.0,0.029792806503187767,0.15729058803105694,0.8129166054657553
27319.0,8.746131325633734E-4,0.003358514429043354,0.9957668724383933
26769.0,0.36568618500369776,0.6315903640624491,0.0027234509338531047
27010.0,0.1688759542266102,0.8299993685475302,0.0011246772258597544
26011.0,0.5544370314291038,0.445348972377746,2.1399619315016843E-4
26286.0,0.010166649440077702,0.9828052919472041,0.00702805861271808
26557.0,0.04744916161255797,0.2033535497681056,0.7491972886193364
27258.0,0.027548431269886018,0.6734060977083248,0.299045471021789
27497.0,0.004042460755753643,0.019320584494410792,0.9766369547498355
26959.0,0.0019416544325465287,0.9979343215864187,1.2402398103483943E-4
26716.0,0.23677503453739993,0.7598495119281151,0.0033754535344848366
26888.0,0.04400028575460721,0.9558047900023137,1.949242430791487E-4
26651.0,0.004021383500858879,0.05799716387440336,0.9379814526247378
27197.0,5.313893074533568E-4,0.8728926586835708,0.12657595200897584
27438.0,0.12595440918541811,0.873978751090663,6.683972391882487E-5
26345.0,4.9228947072911946E-5,0.9994606695354012,4.90101517525879E-4
26618.0,0.08649339100261744,0.8953137867819204,0.018192822215462156
26076.0,0.0684301322599195,0.1466359976998275,0.784933870040253
26838.0,0.4323169423847794,0.12379357925448639,0.4438894783607342
27077.0,1.0992173922510124E-5,0.20470971582655242,0.795279291999525
27376.0,0.004021383500858879,0.05799716387440336,0.9379814526247378
26423.0,0.007401697273992413,0.022839523016890875,0.9697587797091167
26148.0,0.2718496067715865,0.7158650556191505,0.012285337609262943
27316.0,0.16216216216216214,0.6756756756756758,0.16216216216216214
27559.0,0.004021383500858879,0.05799716387440336,0.9379814526247378
27009.0,0.00878293601003764,0.08782936010037641,0.9033877038895859
26770.0,0.6918482326485539,0.30812947329527074,2.2294056175488534E-5
26208.0,8.720051637682657E-5,0.9915766878474085,0.008336111636214673
26483.0,7.859851110205983E-4,0.01590310951913902,0.9833109053698403
27498.0,0.7931702543345532,0.20523099668978095,0.001598748975665789
27257.0,0.0015105993132251264,0.9923636988420707,0.006125701844704142
26719.0,0.8166575802255678,0.18334010044726848,2.319327163670937E-6
26956.0,0.9436780292416019,0.046695578957020284,0.009626391801377638
26008.0,0.0037052688997637607,0.9962941663587487,5.647414875421064E-7
26558.0,0.27412224678549274,0.6365674267106429,0.08931032650386438
26285.0,0.011160990513810457,0.9844970208976785,0.004341988588511045
26889.0,0.01884798532056147,0.008619240694294948,0.9725327739851437
26650.0,0.020013777817110723,0.9427847072849896,0.03720151489789959
27196.0,0.6204849480576929,0.37951491556830297,1.3637400396437508E-7
27439.0,0.07584416987297476,0.752173585517105,0.1719822446099201
26344.0,0.14892304995457178,0.8476044183197889,0.0034725317256394544
26619.0,0.11358390491420178,0.8847925901309097,0.0016235049548884695
26077.0,0.008257650192098938,0.991739872435737,2.477372164028144E-6
26839.0,0.005125632246485403,0.08959739537950276,0.9052769723740118
27076.0,2.1804131308764553E-8,7.161398647934572E-8,0.9999999065818822
27377.0,0.20471166718213654,0.7933407904578486,0.001947542360014895
26422.0,0.14018664756017124,0.3220901757678974,0.5377231766719314
26149.0,0.003992311104539406,0.07186159988170929,0.9241460890137513
27317.0,1.873587250463538E-4,4.3404015566235353E-7,0.999812207234798
27558.0,0.022775937132813184,0.9745362078693255,0.002687854997861226
27008.0,0.03787120131252748,0.9621243831197505,4.415567722079118E-6
26771.0,0.12639643551554156,0.8713973827549946,0.0022061817294639556
26209.0,0.14670171489166853,0.8519504712825234,0.0013478138258080066
26482.0,4.312233068838135E-5,0.2673302579568335,0.7326266197124781
27499.0,0.4610025721401365,0.3738749004667254,0.16512252739313815
27256.0,0.16270401558277464,0.8364360405892014,8.599438280239197E-4
26718.0,0.9974497156048608,0.0025456713303875773,4.613064751729753E-6
26957.0,0.02412058647111373,0.9347554854675915,0.0411239280612949
26009.0,0.23809103129687204,0.6691238124322969,0.092785156270831
26559.0,0.028384010611221262,0.023862297042083924,0.9477536923466948
26284.0,0.7312605933432708,0.26873490150888935,4.50514783988183E-6
26963.0,0.09557434480660258,0.8778786183504027,0.02654703684299476
26688.0,1.720812507941249E-9,1.8851196499497327E-6,0.9999981131595375
27238.0,1.6594116025375126E-6,0.0015546747839558222,0.9984436658044417
27509.0,0.38485643070149533,0.6137768623146489,0.0013667069838557441
26290.0,0.03399196393843297,0.9598141650815318,0.006193870980035161
26529.0,0.016836779768036998,0.6368134041894704,0.3463498160424925
25991.0,0.016149386757108492,0.13842331506092992,0.8454272981819617
26765.0,0.004861729334837625,0.9950735740931612,6.469657200108784E-5
27038.0,0.04895619330923846,0.20865702790537435,0.7423867787853873
27576.0,0.03030927965578981,0.13245353852931036,0.8372371818148998
27307.0,0.07456257531013334,0.9239109514755697,0.0015264732142969862
26476.0,0.996764291334507,0.0032333636618925425,2.3450036005156863E-6
26239.0,2.908884867180983E-4,0.002399512457145032,0.9973095990561369
27375.0,0.13853572335305286,0.8614515486377897,1.2728009157301371E-5
27098.0,0.9697918916174416,0.017169795173034904,0.013038313209523382
26825.0,0.44205387453188866,0.5579363984459289,9.72702218249009E-6
26171.0,0.4849188032137597,0.00577936130321226,0.509301835483028
26408.0,0.0676057680098506,0.6569027702312542,0.27549146175889516
27441.0,0.18166601478416192,0.7178569795080547,0.10047700570778338
27170.0,0.12819575232321065,0.8712679448157957,5.363028609936946E-4
26628.0,0.07224334600760456,0.07224334600760456,0.8555133079847909
26903.0,0.03971890065348044,0.955391718238634,0.004889381107885534
26051.0,0.03772568581127697,0.9586308931473695,0.0036434210413536575
26597.0,0.12391514964591727,0.6728712303079357,0.20321362004614707
26358.0,0.3104626477103293,0.14802324369701392,0.5415141085926568
26962.0,9.436092859087166E-5,0.8089290747669531,0.1909765643044561
26689.0,0.04072544577947317,0.9322845567453896,0.026989997475137233
27239.0,0.04248400293716562,0.9178642609881463,0.039651736074687916
27508.0,0.006495053298671924,0.9931104104026653,3.94536298662793E-4
26291.0,0.33442944182100154,0.5373138448430304,0.12825671333596803
26528.0,0.3254323591364028,0.6435390864624693,0.031028554401127964
25990.0,0.9375658033021609,0.06243415062142992,4.607640908612884E-8
26764.0,6.524233091444088E-4,0.9941673757653757,0.005180200925479889
27039.0,6.045721205188625E-7,0.002447794565619881,0.9975516008622596
27577.0,0.001148158001323022,0.15305523160685652,0.8457966103918205
27306.0,0.0013851592402693363,0.06280934985661484,0.9358054909031158
26477.0,0.18258662406484802,0.8147318247714384,0.00268155116371365
26238.0,0.001186122906859166,0.010344975070907637,0.9884689020222331
27374.0,8.326915389608844E-12,1.068939736396265E-11,0.9999999999809838
27099.0,1.7602254900289506E-4,0.999820502842193,3.474608804047675E-6
26824.0,2.29926690496702E-4,7.734621935919695E-4,0.9989966111159113
26170.0,0.987385572049147,0.012613855720104731,5.722307483021474E-7
26409.0,0.0013613142693689121,0.9516436234899904,0.04699506224064065
27440.0,3.8080431853041704E-4,1.792989083482362E-6,0.9996174026923861
27171.0,0.47143529780734617,0.5285473965007913,1.7305691862516118E-5
26629.0,5.323602125709038E-4,0.9872894695201485,0.012178170267280549
26902.0,1.499587954371092E-7,2.0428302663561516E-6,0.9999978072109382
26050.0,4.5826937516170723E-4,0.050671708034695624,0.9488700225901426
26596.0,0.11526465848276668,0.8681681444765947,0.0165671970406387
26359.0,1.0595281334102866E-4,0.9667359699267936,0.03315807725986542
26531.0,0.041237014062898925,0.9583544958522715,4.084900848295144E-4
26288.0,0.03154854550794496,0.002673792047443716,0.9657776624446114
25989.0,0.007024052382296948,0.1099883053917868,0.8829876422259163
26690.0,0.7815716282945516,0.2184207546901042,7.617015344185738E-6
26961.0,0.059733637396128414,0.9379531834219637,0.002313179181907912
27511.0,0.08341940531821056,0.6248120861779979,0.29176850850379166
27236.0,0.076703722635733,0.923054810426526,2.414669377409908E-4
26237.0,0.09094428615207169,0.9068605754181708,0.0021951384297574086
26478.0,0.03662668868629566,0.5073285488366687,0.4560447624770357
27036.0,0.2569961767421605,0.7388327312436621,0.0041710920141774036
26767.0,2.8416785255799962E-6,1.0931583409908505E-4,0.9998878424873753
27305.0,0.003174670994546591,0.9228161809424712,0.07400914806298221
27578.0,1.0957597708705529E-4,0.9024672873555619,0.09742313666735092
26410.0,0.6062765459517667,0.01857175333924044,0.37515170070899273
26169.0,0.029476397229560462,0.9702571852495386,2.6641752090092956E-4
27373.0,0.7997628554406543,0.2002343977307095,2.7468286362314465E-6
26827.0,0.24849278547163278,0.7507421402652147,7.650742631524665E-4
27096.0,0.979673654826006,0.02032634017309749,5.000896500813375E-9
26049.0,0.7698907038589275,0.04314955326329138,0.18695974287778117
26356.0,2.7113998754312167E-11,8.028598610787892E-8,0.9999999196868999
26599.0,0.0018068214611473008,0.07039564134340132,0.9277975371954513
27168.0,0.03296703296703297,0.03296703296703297,0.9340659340659341
27443.0,0.013055641902393535,0.054398507926639736,0.9325458501709667
26901.0,0.024413234046564238,0.10462814591384671,0.870958620039589
26630.0,0.0016247146989348687,0.0013055743116440908,0.997069710989421
26530.0,0.956416617707067,0.043576606742584775,6.77555034826745E-6
26289.0,0.004612649192866194,0.014760477417171822,0.980626873389962
25988.0,0.10481835634485105,0.8941868011118721,9.94842543276816E-4
26691.0,0.08248215445652328,0.023819779224750127,0.8936980663187266
26960.0,0.17821606582559482,0.819759200060184,0.0020247341142212143
27510.0,0.0834877692829618,0.9135821928242603,0.0029300378927778086
27237.0,0.015247776365946633,0.05082592121982211,0.9339263024142312
26236.0,0.8618030241779221,0.09076535649997208,0.04743161932210585
26479.0,0.002511669843026598,0.07824817587890553,0.9192401542780678
27037.0,0.005838840765519658,0.022209169771185942,0.9719519894632944
26766.0,1.9624306979955233E-5,0.14877621900592047,0.8512041566870997
27304.0,0.24611159736622007,0.7414559763121522,0.012432426321627553
27579.0,0.9464256534854472,0.053572976422760404,1.3700917925719775E-6
26411.0,0.35063145908611465,0.6166199137107506,0.03274862720313462
26168.0,0.8806170526337188,0.11938280467419775,1.4269208328695364E-7
27372.0,0.0026594584625082417,3.756559281933027E-5,0.9973029759446724
26826.0,0.03348779961464441,0.7388661662829121,0.2276460341024435
27097.0,0.7956117990186831,0.2043185567614876,6.964421982940808E-5
26048.0,8.803060778825075E-5,0.21670602520977172,0.7832059441824399
26357.0,0.19085109030781738,0.8091041250548298,4.4784637352867596E-5
26598.0,0.26737058158662597,0.6125645514995192,0.12006486691385489
27169.0,0.006780064232187463,0.022600214107291544,0.970619721660521
27442.0,0.008148088205904984,0.030043979557575574,0.9618079322365194
26900.0,0.0016649777138921713,0.9441041014034265,0.05423092088268142
26631.0,0.27412224678549274,0.6365674267106429,0.08931032650386438
27580.0,0.1747992843209935,0.823831775911754,0.0013689397672524764
27311.0,0.9676015136959631,0.03239787628429423,6.100197426402008E-7
26761.0,0.5133079847908745,0.33460076045627374,0.1520912547528517
27034.0,0.0400558254027561,0.9214817908085892,0.03846238378865469
26472.0,0.17146656993268622,0.8276905388523984,8.428912149152515E-4
26235.0,0.36849976525293543,0.6311930021784835,3.07232568581025E-4
27234.0,0.0046186870413353846,0.825957771564633,0.16942354139403157
27505.0,0.03473271067386375,0.965236415825727,3.087350040937527E-5
26967.0,0.059800664451827246,0.8305647840531561,0.10963455149501664
26692.0,0.5180297338602182,0.4819020625531557,6.820358662612686E-5
25987.0,0.10575070794752614,0.8731831649281887,0.021066127124285187
26294.0,0.005397240934928293,0.9002575726079682,0.09434518645710346
26533.0,0.18626510336460553,0.8100495760223226,0.003685320613071839
26624.0,0.1447737089250613,0.8235702322720827,0.03165605880285597
26899.0,0.17821606582559482,0.819759200060184,0.0020247341142212143
27445.0,0.13016039968445964,0.08098869313699711,0.7888509071785432
27174.0,0.05056115585379158,0.947975177850044,0.0014636662961643612
26593.0,0.9276628093653922,0.07233716573039396,2.490421391381316E-8
26354.0,0.07753801247328743,0.922453770569805,8.216956907645572E-6
26055.0,4.118773341165719E-4,0.9889216288765539,0.010666493789329535
27102.0,0.018500055804908055,0.9811949061441805,3.050380509113466E-4
26829.0,0.5904751824517447,0.40872359476327424,8.012227849810618E-4
27371.0,7.74855859016961E-6,0.15251487873030845,0.8474773727111014
26175.0,0.9946881675313065,0.005311803464604689,2.9004088876215493E-8
26412.0,0.13647136917036132,0.8527546226035616,0.010774008226077098
27581.0,0.20905759924291223,0.7908445735986728,9.78271584149231E-5
27310.0,0.26487463692526225,0.3803471161833598,0.35477824689137794
26760.0,0.34963715250490957,0.6502595455058631,1.0330198922742632E-4
27035.0,4.048116556290042E-5,0.043166863009007087,0.95679265582543
26473.0,0.015605360484813088,0.8129446541941016,0.1714499853210853
26234.0,1.2315697751248111E-4,0.0476507631150798,0.9522260799074077
27235.0,0.06136304282115783,0.4517822079333404,0.48685474924550176
27504.0,0.07878191308794588,0.9194898696507339,0.0017282172613203046
26966.0,0.7676107083973929,0.23212597281646066,2.6331878614638184E-4
26693.0,6.481521827126927E-5,6.796368231401448E-5,0.9998672210994147
25986.0,0.03783129674026649,0.036558941009561086,0.9256097622501724
26295.0,0.0037630776499657983,0.9960801826950354,1.5673965499871367E-4
26532.0,0.8397007529958398,0.16027678822141225,2.245878274799605E-5
26625.0,0.02943466749727457,0.7568914499299174,0.21367388257280795
26898.0,0.01719357497586172,0.982448307419641,3.581176044972341E-4
27444.0,0.1108011274894081,0.8889041224399795,2.947500706124014E-4
27175.0,2.0310900136427056E-5,0.9996739249047861,3.057641950775075E-4
26592.0,0.025878581529328322,0.05159791024924539,0.9225235082214264
26355.0,0.10265758886695929,0.892165707928287,0.005176703204753588
26054.0,0.016843178760438882,0.5241306141382982,0.45902620710126296
27103.0,0.019383111609231025,0.9806161316298467,7.56760922237183E-7
26828.0,1.6412263230219864E-4,2.1147040148141298E-4,0.9996244069662164
27370.0,3.4082460600558314E-6,8.120021973503851E-4,0.9991845895565895
26174.0,0.7504131221953949,0.24958356415656988,3.313648035075859E-6
26413.0,0.015870839800030075,0.5161641863509675,0.46796497384900226
26233.0,0.022448615992614312,0.9534992954438705,0.02405208856351533
26474.0,0.032673980048255544,0.9665321914763253,7.938284754192308E-4
27309.0,0.029357860716314466,0.9568949318185689,0.01374720746511654
27582.0,0.024937578818248703,0.7506242118175129,0.2244382093642383
27032.0,0.27173245700902554,0.7043305285673944,0.023937014423580046
26763.0,0.6534904217310724,0.3462971522074737,2.1242606145395392E-4
25985.0,0.07444533819883137,0.9219464433358129,0.00360821846535583
26535.0,0.19056536239445024,0.6025337501813122,0.2069008874242376
26292.0,0.029003569587767467,0.8555241707696188,0.11547225964261368
27507.0,0.1334017444843509,0.8465879938429963,0.02001026167265264
27232.0,0.09008022144377821,0.9071855177935615,0.0027342607626602284
26694.0,0.3906721011586656,0.6089890987098305,3.388001315039449E-4
26965.0,0.034968428271658566,0.9441475633347812,0.020884008393560246
26352.0,0.05583756345177665,0.05583756345177665,0.8883248730964467
26595.0,0.9875841450658202,0.012415790545081995,6.43890977953756E-8
26053.0,1.0511076333794352E-4,0.8497954371074902,0.15009945212917183
26897.0,0.010667081673634149,0.9893327722063766,1.4611998924552875E-7
26626.0,0.00359348887413065,0.9935372239163338,0.0028692872095355502
27172.0,0.02774067287826964,0.972031566473875,2.2776064785544177E-4
27447.0,0.001635699645487138,0.058404491831516255,0.9399598085229967
26414.0,0.01124230285514747,0.05842590726235732,0.9303317898824952
26173.0,1.1678540545425896E-9,2.2179345727255611E-7,0.9999997770386887
26831.0,0.9456216763732184,0.054377823090741524,5.005360400239524E-7
27100.0,0.0021281219870545633,0.6103458116612319,0.38752606635171355
27369.0,0.019516111634382608,0.006485354020040991,0.9739985343455765
