26275.0,7.958384711643654E-4,0.016278986649081346,0.9829251748797542
26544.0,0.0056244251006502925,0.8258238558646214,0.16855171903472838
26006.0,0.15567229721031964,0.842777498315507,0.0015502044741734235
26946.0,0.07486716065413157,0.9222560540931339,0.0028767852527344325
26705.0,0.9735428913657413,0.026349626396689037,1.0748223756975468E-4
27255.0,0.36164025090128576,0.609661006067822,0.028698743030892166
27492.0,0.9591171967178412,0.04043290908711909,4.498941950398079E-4
26493.0,0.052097951936185764,0.9464354036665698,0.0014666443972445
26222.0,0.007339550129757154,0.027051839175911686,0.965608610694331
26780.0,0.023566910920428695,0.8694310991310634,0.10700198994850771
27023.0,0.0032566798228169987,0.0352201931544657,0.9615231270227174
27561.0,0.02628157355505951,0.5702265377931282,0.4034918886518124
27322.0,0.015237225363520152,0.15618669437753532,0.8285760802589446
26154.0,0.0019335375414884445,0.9254027811337991,0.07266368132471232
26425.0,0.028183344431989905,0.9539188534561548,0.017897802111855224
27390.0,0.001097845269794425,0.03176718793084368,0.967134966799362
27083.0,0.9798674540953723,0.01985436816634539,2.781777382820354E-4
26840.0,0.048605582209211504,0.9459693369782854,0.0054250808125030575
26066.0,0.03277627828222897,0.9649992684713286,0.00222445324644249
26612.0,0.012476915940867216,0.978042475229691,0.009480608829441805
26343.0,0.024421215506362358,0.9041388997292421,0.07143988476439564
27424.0,0.021271037469572433,0.7862624821968753,0.19246648033355232
27187.0,0.09141321034069408,0.908216149731676,3.706399276299501E-4
26645.0,0.09877259282464929,0.895743803327731,0.005483603847619656
26886.0,0.132156670227462,0.6449776378030431,0.2228656919694948
26274.0,0.8591819992416375,0.14043781853801737,3.8018222034526E-4
26545.0,8.213016248215975E-4,0.01698830518742879,0.9821903931877497
26007.0,0.024689077644552488,0.3549412503641393,0.6203696719913083
26947.0,0.11508043220207684,0.8838953070502444,0.0010242607476787817
26704.0,0.02406249540594172,0.30589647770653056,0.6700410268875276
27254.0,0.09753954297853745,0.7407491830215154,0.16171127399994717
27493.0,2.790100017685153E-4,0.01822129775465751,0.981499692243574
26492.0,0.02358433479920002,0.9628002466230314,0.013615418577768627
26223.0,0.04173516706520991,0.9548700308539666,0.0033948020808234644
26781.0,0.2163000578261165,0.7773753914552622,0.006324550718621376
27022.0,0.28139574159643016,0.46336904019979536,0.25523521820377454
27560.0,8.173820768885264E-4,0.01504389942958084,0.9841387184935306
27323.0,0.005897616239032411,0.11233444308571369,0.881767940675254
26155.0,0.05684488901780222,0.9284123149133131,0.01474279606888464
26424.0,0.05536324560834607,0.9441489689143371,4.877854773168186E-4
27391.0,0.7700238870324597,0.2185033289409134,0.011472784026626883
27082.0,0.01845550785803295,0.956818167472895,0.024726324669071938
26841.0,0.24180033614828583,0.746837940639409,0.011361723212305165
26067.0,0.15821680183161232,0.5520465007195026,0.2897366974488853
26613.0,0.04243370202995839,0.955055537517982,0.0025107604520597073
26342.0,0.010079008486308454,0.05529862024180683,0.9346223712718846
27425.0,1.5298079235270942E-4,0.008041035821275248,0.9918059833863722
27186.0,0.022396624000302602,0.2119368696423431,0.7656665063573542
26644.0,0.06832823874511208,0.4345889011880529,0.49708286006683494
26887.0,0.47021422979523125,0.523027487017441,0.006758283187327752
26707.0,8.82902471671845E-4,0.01507966401647521,0.9840374335118529
26944.0,0.008826837144929243,0.8889158190767525,0.10225734377831824
27494.0,0.04909632979214199,0.9380440406339624,0.012859629573895703
27253.0,0.03981616798053035,0.9515003788436525,0.008683453175817002
26546.0,0.4809270658746502,0.5035171795488169,0.015555754576532821
26273.0,0.13235559882438344,0.40613135326964295,0.46151304790597364
26004.0,0.0013757866593954696,0.047216508751440886,0.9514077045891637
27021.0,0.07597475118795113,0.9216744931313934,0.002350755680655484
26782.0,0.0016427557894273298,0.012131464406919493,0.9862257798036532
27320.0,8.978635095180569E-4,0.026439185879342374,0.9726629506111396
27563.0,0.7246366715358198,0.27390492088702245,0.0014584075771577234
26220.0,0.01794952094584783,0.9589397998005031,0.02311067925364906
26495.0,0.002088467294808452,0.14650470802299886,0.8514068246821928
27388.0,5.60100386971445E-4,0.026303665951494325,0.9731362336615341
26842.0,0.20272503808204018,0.7813126113962119,0.015962350521747926
27081.0,0.6521307728789604,0.33513507386389624,0.012734153257143391
26427.0,0.04597514178174801,0.2116939819144186,0.7423308763038334
26152.0,0.05020904807787821,0.529844976882221,0.41994597503990083
27185.0,7.949673174784337E-4,0.0073702561549473826,0.9918347765275741
27426.0,0.16331991893160108,0.8323893252700577,0.004290755798341186
26884.0,0.024055546308062586,0.975749211794887,1.9524189705039859E-4
26647.0,0.0010319113901303388,0.022461106742980515,0.9765069818668892
26064.0,0.0022676689342058316,0.030880937552442426,0.9668513935133517
26341.0,5.364353261758913E-4,0.027355064558122026,0.9721085001157019
26614.0,0.8973640354947039,0.10127411278918007,0.001361851716115982
26706.0,0.07390514375831121,0.1954841923507481,0.7306106638909405
26945.0,0.0010746927043741746,0.06318445464371451,0.9357408526519113
27495.0,4.0023959324303124E-4,0.9384300261435699,0.06116973426318703
27252.0,0.007301426651970057,0.9600175472116724,0.03268102613635756
26547.0,0.6233097323094063,0.37412005810349575,0.0025702095870980364
26272.0,5.656076684203088E-4,0.01501497729458545,0.9844194150369943
26005.0,0.13713697352518195,0.8270190954469766,0.035843931027841384
27020.0,0.9826293138542695,0.017142229782016776,2.2845636371373056E-4
26783.0,0.06346461860528552,0.93240969903931,0.004125682355404422
27321.0,0.18596739953544925,0.8112488097470671,0.002783790717483668
27562.0,0.14785257776519023,0.8519210204164815,2.26401818328314E-4
26221.0,0.028441215750944576,0.9705662810345985,9.925032144568811E-4
26494.0,0.1049077600450591,0.40297524624763936,0.49211699370730155
27389.0,6.57142270940859E-4,0.06025821458589917,0.93908464314316
26843.0,0.003332857141214872,0.06586257164460232,0.9308045712141828
27080.0,0.8869717939670838,0.11263119493293074,3.9701109998541194E-4
26426.0,0.177870057082378,0.34798805511134145,0.47414188780628064
26153.0,0.4798114439897511,0.4247589156361918,0.09542964037405702
27184.0,0.8203652458472486,0.17912000644108422,5.14747711667021E-4
27427.0,0.011831205367127279,0.05083408163551779,0.9373347129973549
26885.0,0.04291879653353412,0.9216375731571158,0.03544363030935003
26646.0,0.8788702139883401,0.11952577843297556,0.0016040075786844588
26065.0,0.054627135530945656,0.9396802536493432,0.005692610819711198
26340.0,0.0037435039190769214,0.030494414292140067,0.9657620817887831
26615.0,0.012541655233012775,0.7004131336575662,0.28704521110942105
25951.0,0.0021610407449347015,0.18657386425239147,0.8112650950026737
26489.0,0.13898080237444582,0.8602797519592837,7.394456662704166E-4
26218.0,0.0031399813459957724,0.09243044174667957,0.9044295769073247
27565.0,0.10148472212769001,0.8723459763387427,0.026169301533567366
27326.0,0.25176350988187013,0.7434700643793946,0.004766425738735152
26776.0,0.03484044878085351,0.12202777983788209,0.8431317713812644
27019.0,0.0382717600026807,0.9566271394617191,0.005101100535600208
26002.0,0.0576750075064896,0.28638384261488103,0.6559411498786294
26279.0,0.0012820854656791208,0.047460499123482415,0.9512574154108384
26548.0,0.05552073555353235,0.9412953588814269,0.0031839055650407493
27251.0,0.21335143346739194,0.7848917979902881,0.001756768542320043
27488.0,0.11499750342435647,0.8794969527802682,0.005505543795375397
26950.0,0.5085444367036641,0.48954934094716335,0.0019062223491723466
26709.0,0.007766698656713706,0.01352396918753891,0.9787093321557473
26608.0,0.020848969204849674,0.9762323096256418,0.002918721169508674
26339.0,0.04166730979026393,0.8855754914342219,0.07275719877551415
26070.0,0.004052316863267843,0.5505924121817426,0.44535527095498945
26641.0,0.07585370147029284,0.8837021650932558,0.040444133436451375
26882.0,0.9770276763524133,0.022792306239586592,1.8001740800019494E-4
27428.0,0.07085233043734651,0.9282064008767218,9.412686859317147E-4
27191.0,0.9151472077995241,0.08427089328645163,5.818989140243307E-4
26158.0,0.1409265865528681,0.528043055244401,0.3310303582027308
26429.0,0.0804710484899177,0.7604003684702466,0.15912858303983582
27087.0,0.03964685280120762,0.9588719007220594,0.0014812464767331459
26844.0,0.5691540879393788,0.43024334915691176,6.025629037093415E-4
27386.0,0.46914267637481394,0.5285587825852507,0.0022985410399353236
25950.0,0.19887299097921254,0.7989657902417806,0.002161218779006855
26488.0,0.20438497581657505,0.5709864562608702,0.22462856792255487
26219.0,0.14874107570299105,0.8218272253735721,0.029431698923436805
27564.0,0.12377876310475945,0.8730679183802754,0.0031533185149650806
27327.0,0.22242336203459095,0.7748483302991896,0.002728307666219485
26777.0,0.004521984328041597,0.10893382406228082,0.8865441916096777
27018.0,1.8284486144735931E-4,0.008356398175332477,0.9914607569632201
26003.0,0.052635226154407876,0.9368577959601103,0.010506977885481798
26278.0,0.05898557184536177,0.27608891095572413,0.664925517198914
26549.0,0.4796546964539922,0.51815694856569,0.0021883549803178763
27250.0,0.07575073589659119,0.9198445222261923,0.004404741877216558
27489.0,0.032941184767702796,0.9651676296678359,0.0018911855644613625
26951.0,0.03355581616307922,0.9658942204805878,5.499633563330988E-4
26708.0,0.008341231510052892,0.05923225251937071,0.9324265159705764
26609.0,0.09260047129848197,0.905945271287055,0.0014542574144630568
26338.0,0.05655051402346011,0.9432206445061567,2.288414703830146E-4
26071.0,0.002865348494287088,0.8735221778683947,0.12361247363731814
26640.0,0.008675774981528526,0.12414635878175666,0.8671778662367148
26883.0,0.04846569496178452,0.893868139839431,0.05766616519878439
27429.0,0.43786174361081975,0.543186655919118,0.0189516004700623
27190.0,0.2646620964801427,0.7033123556714541,0.03202554784840306
26159.0,0.005109862881372921,0.050446326807770996,0.944443810310856
26428.0,0.024498997407216158,0.3295621446295439,0.6459388579632399
27086.0,0.1308081953660338,0.21075019754160537,0.6584416070923609
26845.0,0.0031802182463035946,0.08400881598630383,0.9128109657673925
27387.0,0.002958474239972805,0.14818907460061467,0.8488524511594125
27324.0,0.10447205005708528,0.8913054938330082,0.004222456109906481
27567.0,0.16700400039839472,0.8133807565024412,0.019615243099163973
27017.0,0.26567237322204124,0.7290651709773318,0.0052624558006270005
26778.0,0.9780907459387107,0.021816198299070208,9.305576221893913E-5
25949.0,0.058516142506733024,0.9012743466072322,0.040209510886034916
26216.0,0.8713919527392839,0.12837046234776325,2.3758491295278292E-4
26491.0,0.1401212091250431,0.8515289064508884,0.00834988442406842
27490.0,0.02116269522036934,0.03432366961558474,0.9445136351640459
27249.0,0.009153655670796384,0.051831371521877265,0.9390149728073264
26711.0,0.7103144706557011,0.28699442683784654,0.0026911025064523665
26948.0,0.12938854833222604,0.2099839394354247,0.6606275122323493
26000.0,0.05143463475936451,0.3542852915698624,0.5942800736707732
26550.0,0.37222531330699704,0.6240128613959925,0.003761825297010488
26277.0,0.8629825745375129,0.13674155800903084,2.7586745345644997E-4
26880.0,0.07701604138515429,0.905303145763952,0.01768081285089382
26643.0,0.1248108193545271,0.6067296395340898,0.2684595411113831
27189.0,0.10862224533890733,0.8879379244864345,0.003439830174658262
27430.0,0.001284530947959543,0.008815288899721463,0.989900180152319
26337.0,0.07374969739444964,0.9251740296191157,0.0010762729864347502
26610.0,0.984597030240562,0.015341090786892936,6.187897254502447E-5
26068.0,0.18248917172234275,0.8147316723298212,0.0027791559478359124
26846.0,0.07785671869393469,0.9109480069185508,0.01119527438751456
27085.0,0.02976389589603569,0.567419783257965,0.4028163208459993
27384.0,0.9565750500255652,0.04285099147393904,5.739585004956823E-4
26431.0,0.013625295995141461,0.03763798346425016,0.9487367205406083
26156.0,0.9779419710475231,0.021866915211335772,1.9111374114121033E-4
27325.0,0.0023700659290254275,0.039603485545244996,0.9580264485257295
27566.0,0.00375316180085525,0.04410939230543467,0.9521374458937101
27016.0,0.007954977157429051,0.7980237251046997,0.19402129773787138
26779.0,0.1119373762358569,0.8198629995782937,0.06819962418584934
26217.0,0.052084503094169496,0.9048922408950211,0.04302325601080946
26490.0,0.003004457226109297,0.11192796427757257,0.8850675784963181
27491.0,8.24369585245536E-4,0.03998374210697,0.9591918883077845
27248.0,0.19102989058956124,0.7803629154240761,0.028607193986362606
26710.0,0.938280479401475,0.06088435175475135,8.35168843773717E-4
26949.0,0.059909466812012736,0.939676718448278,4.1381473970918445E-4
26001.0,0.04817010778616472,0.45003103516550186,0.5017988570483334
26551.0,0.001422190090538769,0.02407487628003995,0.9745029336294212
26276.0,0.09109743605941875,0.0705767825735943,0.8383257813669869
26881.0,0.06274865225851999,0.9358576190246737,0.0013937287168062447
26642.0,0.12012344700034175,0.21886608318056516,0.6610104698190931
27188.0,0.06478722729305635,0.9330133860367285,0.0021993866702152438
27431.0,0.16894781679140025,0.8066850995665623,0.024367083642037365
26336.0,7.381140239636934E-4,0.02193655660268694,0.9773253293733494
26611.0,0.04924602893303481,0.0903691566036392,0.8603848144633259
26069.0,0.5625673549509695,0.42632406278407753,0.011108582264952982
26847.0,0.0018142885378301054,0.015216854491260754,0.9829688569709091
27084.0,0.10339223855970878,0.37334210860211836,0.5232656528381727
27385.0,0.13768364413455697,0.8420547446264772,0.02026161123896572
26430.0,0.1607246626589367,0.6806956760206757,0.15857966132038767
26157.0,0.1702786676064449,0.692152988172746,0.13756834422080927
26146.0,0.039962455967715395,0.9416785730819334,0.018358970950351196
26417.0,0.1073734737752705,0.8890990662369818,0.0035274599877478103
27382.0,0.012923466843012614,0.05710203027008015,0.9299745028869073
27075.0,0.003910921893085943,0.04253841556808052,0.9535506625388335
26832.0,0.15870224980707384,0.3536803696712401,0.4876173805216861
26074.0,0.006992585221914907,0.3456942490235021,0.6473131657545829
26620.0,0.9552677542285127,0.04399153276526448,7.407130062229326E-4
26351.0,6.459428671713661E-4,0.010023227875534117,0.9893308292572944
27432.0,0.0018024808055741518,0.13341681469257557,0.8647807045018504
27195.0,0.1365182939364489,0.8452943222781623,0.0181873837853888
26653.0,0.002728379802702017,0.1357830423280583,0.8614885778692397
26894.0,0.0495314838406982,0.14326559312108114,0.8072029230382206
26283.0,0.030338776365066628,0.7955061729043781,0.1741550507305553
26552.0,0.5018100682730208,0.4901317213752628,0.008058210351716466
26014.0,0.09913437838642773,0.8899618966473062,0.010903724966265937
26954.0,0.006867812817597029,0.04173535268540905,0.9513968344969939
26713.0,0.07071314204106263,0.9273370395621162,0.001949818396821071
27263.0,0.012728943575374546,0.21121185237196874,0.7760592040526566
27500.0,0.14303221199440502,0.8538567569083384,0.0031110310972566075
26485.0,0.009837869350672811,0.04401237990415729,0.9461497507451699
26214.0,0.14706130883518556,0.7073964319653642,0.14554225919945024
26772.0,0.0020741937384308683,0.017017984486080086,0.980907821775489
27015.0,0.09099480948377188,0.8548295907973977,0.05417559971883052
27553.0,0.011891962547023498,0.332066287092774,0.6560417503602025
27314.0,0.179148317362048,0.8187287101724797,0.0021229724654722084
26147.0,0.003843888962459077,0.15995939267002215,0.8361967183675189
26416.0,0.0013576726951080441,0.052403387136410705,0.9462389401684812
27383.0,0.0012954483915408638,0.02714566607189379,0.9715588855365653
27074.0,0.0017559056750646436,0.028401413028418032,0.9698426812965172
26833.0,0.25516977267740637,0.740798086092331,0.004032141230262718
26075.0,0.012599336651735692,0.31091085572950417,0.6764898076187601
26621.0,0.060306415754270426,0.9391820922104237,5.114920353058694E-4
26350.0,0.8314475363735134,0.1667793472799356,0.0017731163465510363
27433.0,0.05859248145501195,0.9402004743212824,0.0012070442237055157
27194.0,0.0661577157702731,0.9150732439970317,0.018769040232695048
26652.0,0.0019339338160127163,0.942463793718451,0.055602272465536326
26895.0,0.1251110886274036,0.825268486458793,0.04962042491380341
26282.0,0.001351047596706807,0.03121868763571367,0.9674302647675794
26553.0,0.3475392198285213,0.6458215521084704,0.006639228063008255
26015.0,0.5687352155476241,0.42883135936009614,0.002433425092279755
26955.0,0.09128540015781228,0.9072479477933536,0.0014666520488340034
26712.0,0.18344087527125366,0.8140339825014903,0.002525142227256019
27262.0,0.005199211782958622,0.031828732105732054,0.9629720561113094
27501.0,0.26938363024744344,0.7206744641074421,0.009941905645114393
26484.0,0.30819909601207257,0.6846469715351364,0.0071539324527909575
26215.0,0.2260241105675543,0.7732439762336523,7.319131987934426E-4
26773.0,0.8883359978454327,0.11045453816926203,0.0012094639853054024
27014.0,0.04044653257897414,0.9468314176515495,0.012722049769476284
27552.0,0.11057370854908019,0.8835110239777423,0.00591526747317757
27315.0,0.5608483940919605,0.42880670151079237,0.010344904397247128
27380.0,0.009693849880460903,0.7851206171219444,0.20518553299759468
26834.0,0.0027950498378049534,0.07488041996537734,0.9223245301968177
27073.0,0.02368257127260809,0.8664237198765776,0.1098937088508144
26419.0,0.9358609331699846,0.06336037288164946,7.786939483658137E-4
26144.0,0.13302224488459485,0.8429720139808009,0.024005741134604155
27193.0,0.9774425221770049,0.02249817597322258,5.930184977264219E-5
27434.0,0.06614990953159756,0.9270800950892011,0.006769995379201172
26892.0,0.1662661934993526,0.8275449525271095,0.0061888539735378886
26655.0,0.2473008494384116,0.5431588490142268,0.2095403015473616
26072.0,2.0461729886968435E-4,0.01810919294945277,0.9816861897516775
26349.0,0.020297651688760063,0.9441474742801844,0.03555487403105555
26622.0,0.07985765907488009,0.917992449491114,0.0021498914340060417
26715.0,0.13576163561461407,0.8630742018950006,0.0011641624903852437
26952.0,0.359954804888992,0.6196294180950201,0.020415777015987898
27502.0,0.5890602572464384,0.40623919128597824,0.00470055146758325
27261.0,0.04857504178451889,0.8981997612221316,0.05322519699334937
26554.0,0.00628715243514634,0.3425904583771708,0.6511223891876828
26281.0,0.007869500953358815,0.01963154574935636,0.972498953297285
26012.0,0.0786536549135547,0.6161172528534736,0.30522909223297184
27013.0,0.38291998989756915,0.6146418394234855,0.002438170678945411
26774.0,0.7103098197214166,0.20512260973531418,0.08456757054326933
27312.0,0.017513066105133143,0.8859015062527879,0.09658542764207913
27555.0,0.23009774014047896,0.16596528072643071,0.6039369791330903
26212.0,0.006001165211788349,0.02467536781739927,0.9693234669708123
26487.0,0.0803588822589079,0.9191179194754135,5.231982656784937E-4
27381.0,0.004996462924511206,0.09012500685238321,0.9048785302231056
26835.0,0.028536963356277412,0.147904458034601,0.8235585786091216
27072.0,0.06924593303016165,0.7260756685627846,0.20467839840705365
26418.0,0.6796279660279799,0.31823161617052464,0.002140417801495298
26145.0,0.006545124402475773,0.04470324204287657,0.9487516335546476
27192.0,0.10283539162911581,0.8944753258321873,0.002689282538696881
27435.0,0.03056589439639402,0.8268203725585435,0.1426137330450625
26893.0,0.9931754493494175,0.006810035797656153,1.4514852926333935E-5
26654.0,0.07027670222518707,0.7996514341447083,0.13007186363010456
26073.0,8.040231411901783E-4,0.011266643879463698,0.987929332979346
26348.0,0.06496802351563936,0.5215053353074509,0.4135266411769098
26623.0,0.008231439821209767,0.12288007360462547,0.8688884865741647
26714.0,0.3094028673136317,0.6826266960451632,0.007970436641205008
26953.0,0.028208837691228818,0.07724793725757265,0.8945432250511984
27503.0,0.03767152291167706,0.9439531986893076,0.0183752783990154
27260.0,0.8286798494669763,0.15485118503110074,0.016468965501922908
26555.0,0.06134643179338982,0.8891655501439303,0.04948801806267981
26280.0,0.09850532622755499,0.7613435325814304,0.14015114119101457
26013.0,3.767993462158256E-4,0.005687366057593176,0.9939358345961911
27012.0,1.4911959214738396E-4,0.011733085352281358,0.9881177950555713
26775.0,0.0060725019222815394,0.08339147177088374,0.9105360263068348
27313.0,0.25914112698944436,0.30026413723774503,0.44059473577281066
27554.0,0.019231326578198975,0.9796733975492713,0.0010952758725297734
26213.0,0.014797705827349128,0.044305843430670296,0.9408964507419806
26486.0,0.008779241806433363,0.18535686453003747,0.8058638936635291
26616.0,0.013791834324420346,0.9860032502214616,2.0491545411797165E-4
26347.0,0.07133858060547776,0.9255715826269205,0.003089836767601775
26078.0,0.02334384744305341,0.11536918855530981,0.8612869640016368
26649.0,0.005369756831969802,0.07739024872961807,0.9172399944384121
26890.0,0.05888521486634915,0.6077143118733102,0.33340047326034067
27436.0,0.017127342166532087,0.05734481726784614,0.9255278405656219
27199.0,0.0074112807491040905,0.12705740613918126,0.8655313131117147
26150.0,8.291702311107401E-5,0.005316387275319788,0.9946006957015691
26421.0,0.11762842292182261,0.8815079782118262,8.635988663510518E-4
27079.0,0.5546456692450265,0.43133897186059716,0.01401535889437625
26836.0,0.0759861205028958,0.8334449616604258,0.09056891783667834
27378.0,0.0964021988656418,0.6960750239143607,0.2075227772199975
26481.0,0.007348141197316028,0.07722045781074609,0.9154314009919378
26210.0,0.0022379788516456315,0.09137179042987066,0.9063902307184836
27557.0,9.493945906342429E-4,0.0342455177508549,0.9648050876585108
27318.0,0.06403079131695734,0.9331087485417855,0.002860460141257202
26768.0,0.0025028184876134856,0.07841379572158987,0.9190833857907967
27011.0,9.72691856355484E-4,0.01849984839883208,0.9805274597448124
26010.0,0.04513390266730146,0.8650563506476198,0.08980974668507874
26287.0,0.6215527514662704,0.3745961506616901,0.003851097872039483
26556.0,0.1014950841603629,0.32787192383207875,0.5706329920075582
27259.0,0.5082321230353487,0.4889559810766044,0.0028118958880468774
27496.0,0.26486569086465017,0.7187085673488981,0.016425741786451665
26958.0,0.0032282287813409686,0.03306129894791261,0.9637104722707464
26717.0,0.1991506434858369,0.7445166206019185,0.05633273591224453
26617.0,0.0032049040185668943,0.28421306193921975,0.7125820340422135
26346.0,0.6872827963096841,0.3101801288709279,0.00253707481938796
26079.0,0.028829085743027366,0.798025351009379,0.17314556324759367
26648.0,9.764536105421367E-4,0.022338366883403685,0.9766851795060542
26891.0,0.553556821522821,0.4400080454378758,0.006435133039303197
27437.0,0.0039015006756225254,0.034732921155216874,0.9613655781691607
27198.0,9.245628597472415E-4,0.011279831973904106,0.9877956051663487
26151.0,0.5327860275383339,0.4641016337621699,0.0031123386994961933
26420.0,0.01398703083248349,0.9400487091888658,0.04596425997865055
27078.0,0.011173695775853117,0.09980379173752324,0.8890225124866237
26837.0,0.30972578525568767,0.5334164527621214,0.15685776198219106
27379.0,0.14677939464042,0.832232051312659,0.02098855404692104
26480.0,0.06762463577650787,0.39218721836957576,0.5401881458539163
26211.0,0.661534166739422,0.3023475123463289,0.03611832091424918
27556.0,9.302157574529281E-4,0.10194322680510817,0.8971265574374391
27319.0,6.268453078892172E-4,0.010970473850065941,0.9884026808420447
26769.0,0.583089924858939,0.4153686300642066,0.0015414450768545388
27010.0,0.039434508234777205,0.9549018499068082,0.005663641858414586
26011.0,0.19658408207432995,0.7880117489709149,0.01540416895475519
26286.0,0.08566240399121812,0.8786798620235781,0.03565773398520365
26557.0,0.0018419030274151253,0.06144468886919637,0.9367134081033885
27258.0,0.0015593239133911156,0.004697845086321564,0.9937428310002874
27497.0,0.0026842334253086536,0.09181193927604862,0.9055038272986426
26959.0,0.03048271420559622,0.9676126707028279,0.0019046150915758531
26716.0,0.03260673753630993,0.9591776834582116,0.008215579005478346
26888.0,0.050011994165793355,0.9461708746562743,0.003817131177932277
26651.0,0.0038553965958482038,0.04279361626784076,0.953350987136311
27197.0,0.04927891677248206,0.8830664304925205,0.0676546527349975
27438.0,0.014268139583317062,0.0936178983756397,0.8921139620410432
26345.0,0.08445381332305418,0.9068056423110071,0.00874054436593862
26618.0,0.10209306862187403,0.8354125710322916,0.06249436034583439
26076.0,0.014496517744087566,0.09411737542336737,0.891386106832545
26838.0,0.00509893314177748,0.22929450847583432,0.7656065583823883
27077.0,0.08324098353169984,0.8795133506780212,0.03724566579027887
27376.0,0.009418653339387061,0.06202452272040942,0.9285568239402034
26423.0,0.002679641300545824,0.02072868127163286,0.9765916774278214
26148.0,0.0488668045936739,0.9401668511610303,0.010966344245295924
27316.0,8.679438012183743E-4,0.02360255883874911,0.9755294973600326
27559.0,0.007348461902767701,0.20653702313463856,0.7861145149625937
27009.0,0.1728208522827668,0.4023514516284448,0.4248276960887883
26770.0,0.6196454914651311,0.3756750447612692,0.0046794637735997
26208.0,0.036230118915159086,0.897939550255809,0.06583033082903197
26483.0,0.01481128615378992,0.06203374648381797,0.9231549673623922
27498.0,0.18022215957598034,0.8041457763288512,0.015632064095168454
27257.0,0.007581459427965847,0.5549721870439142,0.43744635352811995
26719.0,0.7513036153186031,0.24645365103386566,0.0022427336475311943
26956.0,0.7732290209389687,0.12344806621401705,0.10332291284701421
26008.0,0.26583284818853203,0.7144316026070118,0.019735549204456266
26558.0,0.01165024485045121,0.6315477582950451,0.3568019968545037
26285.0,0.08314580528927541,0.8501319104453366,0.06672228426538793
26889.0,0.003043056818009092,0.113382785090819,0.8835741580911719
26650.0,0.28846055674269333,0.7093046555591727,0.002234787698134109
27196.0,0.1829240153352777,0.8156586153984084,0.0014173692663138088
27439.0,0.02475976932955961,0.19516330260965375,0.7800769280607865
26344.0,0.027514140946016,0.8511724220385897,0.12131343701539431
26619.0,0.07009725375275966,0.9295842930525627,3.1845319467772924E-4
26077.0,0.0400650054660672,0.9588637824775844,0.0010712120563483325
26839.0,4.2174659215451685E-4,0.010347248324884444,0.989231005082961
27076.0,6.913822969946661E-4,0.014638369250406324,0.984670248452599
27377.0,0.4155742922403929,0.5778440988932333,0.006581608866373835
26422.0,0.0027003330764514945,0.03347560133679799,0.9638240655867505
26149.0,9.043215566510698E-4,0.008582265895806936,0.990513412547542
27317.0,0.0013659107866590193,0.009749962435035456,0.9888841267783056
27558.0,0.1426866713761782,0.8544855884560714,0.00282774016775042
27008.0,0.8433953252453388,0.15625344667470198,3.51228079959041E-4
26771.0,0.43478449645752143,0.5626290466198864,0.0025864569225921637
26209.0,0.1683871677434147,0.7764832094544274,0.05512962280215793
26482.0,0.006979397763326031,0.22190552309807707,0.7711150791385968
27499.0,0.5518894249463656,0.43192565011478706,0.016184924938847357
27256.0,0.16146249169617377,0.8382646055153732,2.729027884530929E-4
26718.0,0.649029345329074,0.3490501760218037,0.0019204786491223065
26957.0,0.09078585832004542,0.8771496426972598,0.032064498982694686
26009.0,0.011558926899994916,0.9689806308416192,0.019460442258385714
26559.0,0.17212955840666594,0.2729222856037697,0.5549481559895644
26284.0,0.9027574064549668,0.0965476948554777,6.948986895553591E-4
26963.0,0.05850802340754194,0.9342741932302632,0.007217783362194978
26688.0,0.026585651413863945,0.06692719028337063,0.9064871583027654
27238.0,0.0434582708359258,0.2756204190930755,0.6809213100709988
27509.0,0.47755576432667046,0.5140046573888029,0.008439578284526668
26290.0,0.4127132365606127,0.5831992205038266,0.0040875429355606415
26529.0,0.005271153180466522,0.22276172215721093,0.7719671246623225
25991.0,0.026968963057113982,0.08760298194756838,0.8854280549953176
26765.0,0.10984833773122536,0.886713343762491,0.0034383185062836826
27038.0,0.013525243861210085,0.20362674719842005,0.7828480089403699
27576.0,0.006178103928331576,0.17463039531536048,0.819191500756308
27307.0,0.07345031322984258,0.9262125989870341,3.370877831233392E-4
26476.0,0.9858933850559157,0.013129603971028055,9.7701097305614E-4
26239.0,9.501489457391699E-4,0.01219881083117762,0.9868510402230832
27375.0,0.2325951691153654,0.7665092786081993,8.955522764353678E-4
27098.0,0.7024537371969689,0.297289056621685,2.572061813459899E-4
26825.0,0.8877357164584319,0.1108244493270765,0.0014398342144916563
26171.0,0.0017034837265619118,0.046710123971416405,0.9515863923020216
26408.0,0.5112172753397711,0.48224602293877766,0.006536701721451155
27441.0,0.07250943780690242,0.7418059662032653,0.18568459598983228
27170.0,0.26973802603703734,0.7244889214177631,0.005773052545199464
26628.0,0.0033481625456776467,0.13366920335781707,0.8629826340965052
26903.0,0.03285504896522869,0.9083704782081509,0.058774472826620495
26051.0,0.08901525769534312,0.7116872629036317,0.19929747940102505
26597.0,0.07638408758803301,0.9222792297693468,0.0013366826426202418
26358.0,0.08176830716214656,0.3761851088369698,0.5420465840008836
26962.0,0.006296644647642493,0.823312114181164,0.17039124117119353
26689.0,0.1862905932284155,0.7917962154340676,0.02191319133751684
27239.0,0.5212629030263518,0.4694075596117513,0.00932953736189696
27508.0,0.04816125467609017,0.948375820908692,0.003462924415217801
26291.0,0.49279945384853613,0.286764342525793,0.22043620362567096
26528.0,0.00910826343774161,0.09895934665412154,0.8919323899081368
25990.0,0.8234904450970384,0.176134811055702,3.747438472595614E-4
26764.0,0.01771835432655618,0.9361762382385798,0.04610540743486396
27039.0,0.034276154042262516,0.3281365914760817,0.6375872544816557
27577.0,0.036256780793971405,0.6545544078082148,0.3091888113978136
27306.0,8.364137088481288E-4,0.08183079774654717,0.9173327885446046
26477.0,0.1463570709076856,0.8382456847138176,0.015397244378496816
26238.0,0.003008718261532597,0.23437195732557278,0.7626193244128946
27374.0,0.0023892835255273654,0.028291090788469486,0.9693196256860033
27099.0,0.05567649195581451,0.9390741230524526,0.005249384991732934
26824.0,0.004599674140837554,0.06600466471554994,0.9293956611436125
26170.0,0.9862677641090178,0.013682591528034107,4.964436294798761E-5
26409.0,0.11942214141824976,0.6605629035695865,0.2200149550121638
27440.0,0.004142028104689164,0.041399127733519135,0.9544588441617917
27171.0,0.4735319783735014,0.5253240990707797,0.0011439225557190005
26629.0,0.058290962683041306,0.9247762343854107,0.016932802931547992
26902.0,0.010862846829872791,0.05928679996105639,0.9298503532090708
26050.0,0.010108569320537355,0.044197847570673715,0.9456935831087888
26596.0,0.0940868514363799,0.8452069541403663,0.060706194423253826
26359.0,0.008249208660472197,0.9493920317446661,0.04235875959486169
26531.0,0.12815108427870503,0.8701994609989779,0.0016494547223170962
26288.0,0.0023992471274286516,0.007357438580819089,0.9902433142917523
25989.0,3.966237790614711E-4,0.020253674840791838,0.9793497013801465
26690.0,0.07350429201611075,0.8579621534502068,0.06853355453368246
26961.0,0.572256788154152,0.4246723825686302,0.00307082927721756
27511.0,0.00434445328669162,0.7899126575708965,0.2057428891424119
27236.0,0.1317930134715357,0.8379631204930579,0.03024386603540644
26237.0,0.025101630882372522,0.970435687452584,0.004462681665043336
26478.0,0.0368695231079338,0.910652956221489,0.0524775206705772
27036.0,0.5138816313956526,0.4833714578748488,0.002746910729498605
26767.0,0.001283667419351152,0.01912099370860305,0.9795953388720458
27305.0,3.872787089217698E-4,0.047501822172849775,0.9521108991182285
27578.0,0.8313390709376213,0.16564924734515774,0.0030116817172210356
26410.0,0.020148589667560876,0.049581087477914634,0.9302703228545244
26169.0,0.06696773917112687,0.932823351525984,2.089093028892177E-4
27373.0,0.9303433122254684,0.06944610112342958,2.1058665110198918E-4
26827.0,0.15313417611512986,0.8453111154374872,0.0015547084473829342
27096.0,0.5038869139992429,0.4954655984650514,6.474875357058301E-4
26049.0,0.008995483941018529,0.05785176970651188,0.9331527463524696
26356.0,0.0019365332104715263,0.008905164152499184,0.9891583026370293
26599.0,0.004356103623789378,0.04139153335495675,0.9542523630212538
27168.0,0.04109836993211087,0.15109928807002762,0.8078023419978616
27443.0,8.784050877311589E-4,0.027194320565649605,0.9719272743466193
26901.0,0.003609516823278296,0.021067564681008493,0.9753229184957133
26630.0,5.123373185990596E-4,0.008095540032322178,0.9913921226490787
26530.0,0.9831789777271974,0.016801249748251,1.9772524551517894E-5
26289.0,0.001556983990173323,0.03411406414087885,0.9643289518689477
25988.0,0.018811984916700466,0.9785554162488673,0.0026325988344323313
26691.0,0.001291613358665635,0.013545357026941728,0.9851630296143926
26960.0,0.10522933752911388,0.8915000347551018,0.0032706277157842933
27510.0,0.1170634893744398,0.8822990324864985,6.374781390615621E-4
27237.0,0.001144752508149498,0.03361786626292244,0.9652373812289281
26236.0,0.07395418660929443,0.8789786326745738,0.04706718071613176
26479.0,3.300287722675525E-4,0.01071030972047244,0.9889596615072601
27037.0,0.31491510559921376,0.524419470240783,0.16066542416000335
26766.0,0.3962538864106615,0.46084878145622976,0.14289733213310868
27304.0,0.0888415348791633,0.763292239626574,0.14786622549426268
27579.0,0.3287674602267491,0.6664347850722999,0.004797754700951052
26411.0,0.4946571564272663,0.4697016755287436,0.035641168043990104
26168.0,0.8122273334547361,0.18734688883148812,4.257777137757905E-4
27372.0,0.02421100277987384,0.3530651013973124,0.6227238958228137
26826.0,0.140971414808034,0.819968348467723,0.039060236724243004
27097.0,0.7805964200700736,0.21658501627399993,0.0028185636559264074
26048.0,0.013973352941920904,0.3046356255461479,0.6813910215119312
26357.0,0.11374382259667254,0.8804189586750363,0.0058372187282912935
26598.0,0.12425806790811827,0.8734845140043774,0.00225741808750436
27169.0,0.01192125810644689,0.2513051385317754,0.7367736033617778
27442.0,0.0012168359039447644,0.02000054037754587,0.9787826237185093
26900.0,0.04999639722366628,0.9409451036145858,0.009058499161747877
26631.0,0.2949461042482816,0.21453163682142362,0.4905222589302947
27580.0,0.09048370411359055,0.9049577807504541,0.004558515135955471
27311.0,0.7483469811648226,0.24705165533460308,0.004601363500574332
26761.0,0.9531526167171004,0.046155271645288105,6.921116376114408E-4
27034.0,0.03428852215117626,0.9645512292638581,0.0011602485849657753
26472.0,0.1943442267475477,0.8015906731059662,0.004065100146486155
26235.0,0.29281277384997484,0.6894565936250107,0.017730632525014518
27234.0,0.31802140355233177,0.6762964252769621,0.005682171170706155
27505.0,0.652822091916979,0.3409825135909619,0.0061953944920590505
26967.0,0.01873357900931167,0.3375293032206785,0.6437371177700099
26692.0,0.288938827063332,0.6995444587571416,0.011516714179526419
25987.0,0.04612593839600048,0.9174655750015513,0.03640848660244813
26294.0,0.0331070666665701,0.9597197559748278,0.007173177358602152
26533.0,0.1499065382093775,0.8491763264281348,9.171353624876942E-4
26624.0,0.3422108652930594,0.6221036029613732,0.03568553174556747
26899.0,0.3049374525600531,0.672797539604895,0.02226500783505186
27445.0,9.8671500660713E-4,0.03820112626044108,0.9608121587329518
27174.0,0.3052308205474198,0.689965626009497,0.004803553443083392
26593.0,0.6368677960417409,0.361917351967663,0.0012148519905960718
26354.0,0.11386705672403216,0.8847291632185609,0.001403780057407029
26055.0,0.07264296712932762,0.31381582524378215,0.6135412076268902
27102.0,0.18599822866600688,0.8007241403227308,0.013277631011262244
26829.0,0.6164039083966706,0.37935592001919627,0.004240171584133238
27371.0,0.005498106190469003,0.026378097801316096,0.9681237960082149
26175.0,0.9787426071915795,0.021203320359198023,5.4072449222507744E-5
26412.0,0.44780679507508725,0.546482530759034,0.005710674165878738
27581.0,0.08841355989331147,0.9093253812069231,0.0022610588997655167
27310.0,0.050731469462404616,0.9324023321222545,0.016866198415340938
26760.0,0.5915109023076448,0.40108897905941004,0.00740011863294512
27035.0,0.2743062670979493,0.7096254952840721,0.016068237617978574
26473.0,0.002027004689504087,0.008180190857379645,0.9897928044531161
26234.0,0.002612549865670357,0.006816143111858966,0.9905713070224706
27235.0,0.08174992669443305,0.7720194452792637,0.14623062802630327
27504.0,0.015428606033378834,0.9837914914410721,7.799025255491034E-4
26966.0,0.7905106220171421,0.20634231334255132,0.0031470646403066503
26693.0,0.011905861971314305,0.14990477864224097,0.8381893593864447
25986.0,0.01895265192374375,0.6197422219800647,0.3613051260961916
26295.0,0.23823019485553915,0.737758666567848,0.024011138576612988
26532.0,0.3223812809726903,0.6759327314866155,0.001685987540694192
26625.0,0.0028881715273823346,0.05996043390785744,0.9371513945647602
26898.0,0.4274917860580486,0.5702115207845754,0.0022966931573760764
27444.0,0.7506235505742002,0.24865702500883863,7.194244169610356E-4
27175.0,0.06369249020462239,0.9126897478348687,0.02361776196050891
26592.0,0.07417148314932062,0.6785463747898539,0.24728214206082547
26355.0,0.03135658469467347,0.9638989445209882,0.004744470784338404
26054.0,0.03211235984488368,0.17383400310206362,0.7940536370530527
27103.0,0.1144537829130491,0.8843700028329633,0.0011762142539876097
26828.0,8.702764611985248E-4,0.03780879252924459,0.9613209310095568
27370.0,0.046120475592480815,0.08468032315684401,0.8691992012506752
26174.0,0.46073994690290127,0.5377831856357336,0.001476867461365231
26413.0,9.011012741583295E-4,0.05472396671818112,0.9443749320076607
26233.0,0.04132825949679405,0.8373235149351974,0.12134822556800855
26474.0,0.2649657486824127,0.7154660926772174,0.01956815864036993
27309.0,0.012867473853412248,0.9699658462862347,0.017166679860353036
27582.0,0.15545283510314453,0.7445281719633174,0.10001899293353798
27032.0,0.14111731816999817,0.8515833555479206,0.007299326282081193
26763.0,0.32531545107915416,0.6689355950005973,0.005748953920248496
25985.0,0.26833538666995127,0.7253664621721775,0.006298151157871132
26535.0,0.36954955069955764,0.3019782884118167,0.3284721608886255
26292.0,0.02370627721288476,0.7923245122702884,0.18396921051682666
27507.0,0.008603304927297089,0.8133419736657421,0.17805472140696071
27232.0,0.08750933937039691,0.9051196926149242,0.00737096801467886
26694.0,0.8652564249111738,0.13376343622105014,9.801388677761157E-4
26965.0,0.003545433516650467,0.049133925849442116,0.9473206406339073
26352.0,0.0181930378096163,0.15286410941410153,0.8289428527762822
26595.0,0.9862136885850304,0.013731692810004465,5.461860496503065E-5
26053.0,0.053775634977703206,0.6014454722471115,0.3447788927751853
26897.0,0.10416014574725851,0.8952747983611488,5.650558915926767E-4
26626.0,0.059544629374940254,0.9185688564223983,0.021886514202661363
27172.0,0.1386793065099427,0.8589828494668076,0.0023378440232495854
27447.0,4.6564518032015794E-4,0.03586240107794135,0.9636719537417385
26414.0,0.002442923506690654,0.034574388940830605,0.9629826875524787
26173.0,4.333696662083204E-4,0.013391133995320314,0.9861754963384712
26831.0,0.5764338995484484,0.4220297003528622,0.0015364000986894226
27100.0,0.0348307918964953,0.7114430868485723,0.2537261212549325
27369.0,0.013253095368603134,0.8605909583321351,0.12615594629926175
26232.0,0.214785143981211,0.7826729441185708,0.0025419119002180798
26475.0,0.2668099887467742,0.7328751300439631,3.1488120926267206E-4
27308.0,0.0014508346956322625,0.031220369498851833,0.967328795805516
27583.0,0.0037663345653440403,0.13087716919315892,0.865356496241497
