26275.0,0.010066661428521624,0.06465293317647489,0.9252804053950036
26544.0,0.06084776731152327,0.7356308333883005,0.20352139930017638
26006.0,0.10911098431460425,0.8735394447799429,0.017349570905452798
26946.0,0.24724020559754745,0.737874555336123,0.014885239066329539
26705.0,0.476723843083653,0.521268622702154,0.0020075342141931273
27255.0,0.32323831429942096,0.37786213734441604,0.298899548356163
27492.0,0.9063505438964192,0.09263676194655822,0.0010126941570226511
26493.0,0.09538163533433452,0.8832686250476892,0.02134973961797624
26222.0,0.012835729802296896,0.048893868518112296,0.9382704016795909
26780.0,0.037354627891786445,0.9436885128362935,0.018956859271920055
27023.0,0.018004093813967156,0.10447155327879014,0.8775243529072426
27561.0,0.029559098599878444,0.2393110690638416,0.73112983233628
27322.0,0.06577897448411886,0.6148532715908205,0.31936775392506067
26154.0,0.04533887504970179,0.7898860025233824,0.16477512242691583
26425.0,0.1386982593763535,0.7698664472859901,0.0914352933376564
27390.0,0.0044794495659325395,0.04975654669637035,0.9457640037376971
27083.0,0.9133698758537929,0.08306827810906689,0.0035618460371402666
26840.0,0.10590774081118474,0.8642436307282219,0.029848628460593375
26066.0,0.13228298025814306,0.8398326986650734,0.027884321076783545
26612.0,0.10043967508891488,0.8343681441614388,0.06519218074964638
26343.0,0.12687581256679922,0.7587330946777341,0.11439109275546663
27424.0,0.06779324033552714,0.3965715712973313,0.5356351883671416
27187.0,0.09617618978982802,0.8910583262418693,0.012765483968302729
26645.0,0.25335971999438106,0.7353919531547901,0.011248326850828726
26886.0,0.06315712412207813,0.31883341994044245,0.6180094559374795
26274.0,0.6834683161159183,0.3124531179035827,0.004078565980498874
26545.0,0.06190746645274972,0.10742225360079995,0.8306702799464503
26007.0,0.0173723607068382,0.16831701584061123,0.8143106234525506
26947.0,0.5186570826939143,0.44720934607685997,0.03413357122922564
26704.0,0.2010024581502376,0.3372663304564911,0.46173121139327133
27254.0,0.33637473845160315,0.3740207211039309,0.289604540444466
27493.0,0.01258745259565593,0.09205089551219575,0.8953616518921483
26492.0,0.10574779669860927,0.8668686837435419,0.02738351955784879
26223.0,0.16047116060517483,0.771927986104886,0.06760085328993906
26781.0,0.18266741802586972,0.7501002884153167,0.06723229355881358
27022.0,0.2763832772080417,0.2865004311458929,0.4371162916460654
27560.0,0.008625398217578734,0.047566881894630444,0.9438077198877909
27323.0,0.01394666760927302,0.1086612762261308,0.8773920561645963
26155.0,0.24005435532468436,0.7298403945017726,0.030105250173542958
26424.0,0.11307155699568108,0.8505176192253069,0.03641082377901204
27391.0,0.7593142389299516,0.1759093684094015,0.0647763926606469
27082.0,0.024291105125240072,0.8605878840317959,0.11512101084296417
26841.0,0.34281348136756357,0.615145292950436,0.042041225682000444
26067.0,0.042237174060914734,0.20462071584116812,0.7531421100979171
26613.0,0.02533402618921534,0.9436261510438928,0.031039822766891954
26342.0,0.034427665911811026,0.2300446805457192,0.7355276535424699
27425.0,0.002900359483613796,0.08704477292529393,0.9100548675910923
27186.0,0.061323999144621985,0.5492301994935038,0.3894458013618741
26644.0,0.04367135395382103,0.11935133969766146,0.8369773063485175
26887.0,0.45140710994528527,0.5367038271358752,0.011889062918839568
26707.0,0.027571781541979635,0.11529287062342763,0.8571353478345927
26944.0,0.10538088965551319,0.8170382979210523,0.07758081242343444
27494.0,0.054487331038398305,0.9124201057303709,0.03309256323123087
27253.0,0.11647035440522757,0.8580278886485075,0.02550175694626487
26546.0,0.5003770340029415,0.46162304815680066,0.0379999178402579
26273.0,0.1247272329518019,0.5883262083361908,0.28694655871200747
26004.0,0.011895515483163085,0.09122850471785153,0.8968759797989854
27021.0,0.0650105422988147,0.9011871823882305,0.03380227531295473
26782.0,0.01254567419070669,0.07423404165578858,0.9132202841535048
27320.0,0.0074634082422468315,0.07705977259155225,0.9154768191662009
27563.0,0.3335381792045296,0.6482658773835082,0.018195943411962182
26220.0,0.07430475117485512,0.8916468877289137,0.034048361096231265
26495.0,0.07695698510104884,0.408919741777421,0.5141232731215302
27388.0,0.06273688458899823,0.16694391868151814,0.7703191967294837
26842.0,0.257170875480142,0.7083981136803686,0.0344310108394894
27081.0,0.39904902923419466,0.5967563872950425,0.0041945834707626806
26427.0,0.20619909311321968,0.42450236467036223,0.3692985422164181
26152.0,0.03937032575031025,0.2847794047825012,0.6758502694671886
27185.0,0.011140778128332463,0.08269141675760949,0.906167805114058
27426.0,0.3833236518608894,0.6127489600471485,0.003927388091961972
26884.0,0.10802506781664158,0.8634112736057284,0.02856365857762991
26647.0,0.005457565603179524,0.11360983963402697,0.8809325947627936
26064.0,0.023969064970943404,0.1061692131999305,0.8698617218291261
26341.0,0.043300479177614336,0.35898575749110995,0.5977137633312758
26614.0,0.6257515971357748,0.3726875035188172,0.0015608993454080575
26706.0,0.24219883486526875,0.4379995158321799,0.3198016493025514
26945.0,0.017352662515428,0.11170237837260136,0.8709449591119707
27495.0,0.09529961627088446,0.8274278366525434,0.07727254707657218
27252.0,0.08638622322322531,0.7662247005977438,0.14738907617903088
26547.0,0.43772368390988836,0.5601307097849967,0.0021456063051150174
26272.0,0.21318874168879323,0.16168817255955859,0.6251230857516483
26005.0,0.14390962352520406,0.8189067838021675,0.0371835926726284
27020.0,0.7203116387550441,0.2697192708491881,0.009969090395767786
26783.0,0.2488017259593253,0.7060696937187151,0.04512858032195972
27321.0,0.09119323627444208,0.8699509778575372,0.03885578586802085
27562.0,0.14782951458577043,0.8294920440892102,0.022678441325019307
26221.0,0.15006606785739082,0.8257693116168688,0.02416462052574032
26494.0,0.007324881304450333,0.06437918904146228,0.9282959296540874
27389.0,0.010119778461129934,0.11064448569709759,0.8792357358417725
26843.0,0.015817013686183535,0.16227778068597357,0.821905205627843
27080.0,0.6003241669538871,0.39531990591518573,0.004355927130927103
26426.0,0.25528942607071053,0.11101213190909757,0.6336984420201919
26153.0,0.03949646632954617,0.09972525135034599,0.8607782823201079
27184.0,0.6046374177817694,0.3928944096006255,0.002468172617605161
27427.0,0.06598290951409105,0.31233647632573097,0.621680614160178
26885.0,0.010261282122819782,0.9142661508527263,0.07547256702445389
26646.0,0.787595237007271,0.2098253804181072,0.002579382574621879
26065.0,0.12326451189860718,0.6890881181081281,0.1876473699932648
26340.0,0.02368596632140834,0.1169332823137235,0.8593807513648681
26615.0,0.14586336945192085,0.6831419207439006,0.17099470980417852
25951.0,0.07392644672091735,0.6388385259426358,0.2872350273364469
26489.0,0.07075770058121024,0.8934069772558118,0.03583532216297795
26218.0,0.07554540807049356,0.10318130331852725,0.8212732886109791
27565.0,0.08554403748509035,0.8859680620806188,0.02848790043429086
27326.0,0.1528335073567065,0.8285801944211754,0.018586298222118106
26776.0,0.03865265103955508,0.22811616891926148,0.7332311800411835
27019.0,0.027300714806969398,0.9268739488630304,0.045825336330000264
26002.0,0.06783668768214271,0.10920543366074724,0.82295787865711
26279.0,0.05283312976216822,0.08417202598641325,0.8629948442514186
26548.0,0.09903482606614691,0.8565263267098386,0.04443884722401443
27251.0,0.03683591168875396,0.9262943837551275,0.03686970455611853
27488.0,0.20917502514630393,0.7649260466029197,0.025898928250776474
26950.0,0.1311618138909989,0.8463435583777108,0.02249462773129025
26709.0,0.021666939529407625,0.09050453562565555,0.8878285248449369
26608.0,0.10930516953898427,0.8340918224101208,0.056603008050894965
26339.0,0.07444230594182721,0.8033759862107099,0.12218170784746285
26070.0,0.06393268777743395,0.5570248794444053,0.37904243277816074
26641.0,0.07487454870612666,0.8832691965919652,0.041856254701908076
26882.0,0.9129641249489566,0.08594447330255475,0.0010914017484886082
27428.0,0.18954050280898846,0.7954670584459167,0.014992438745094679
27191.0,0.7865424132023594,0.20983526767609004,0.0036223191215505176
26158.0,0.14921504637108138,0.22351670299751195,0.6272682506314067
26429.0,0.15779819709853957,0.7197602954412404,0.12244150746021998
27087.0,0.13275344764422647,0.7989225951867566,0.06832395716901683
26844.0,0.4504383300612613,0.5422526587297871,0.007309011208951387
27386.0,0.23773465477707162,0.7503880750832416,0.011877270139686695
25950.0,0.24141057394080356,0.7383223956862379,0.020267030372958385
26488.0,0.044604725968199255,0.44437240412480356,0.5110228699069972
26219.0,0.3164437744194308,0.6038423907377538,0.07971383484281554
27564.0,0.140223568296999,0.8316867085507004,0.028089723152300662
27327.0,0.3103777080866302,0.6658906785481609,0.023731613365208952
26777.0,0.041611651964675436,0.11026538542314474,0.8481229626121799
27018.0,0.013477157258583033,0.07132138762671714,0.9152014551146999
26003.0,0.019684103790738636,0.8474157144079547,0.13290018180130672
26278.0,0.038028183169893995,0.24111290773767902,0.7208589090924269
26549.0,0.37370314893655493,0.6235043526469473,0.0027924984164979295
27250.0,0.014284395798310616,0.9219221299781615,0.06379347422352792
27489.0,0.06814883448958224,0.8838194827479695,0.048031682762448215
26951.0,0.14716463724552228,0.8114993322729879,0.041336030481489795
26708.0,0.23236397727593686,0.10026588253927345,0.6673701401847896
26609.0,0.3170686230422205,0.6673297063965865,0.015601670561193031
26338.0,0.09414561651853322,0.8939906337511229,0.011863749730343875
26071.0,0.026758201405259356,0.8545514371945738,0.11869036140016688
26640.0,0.010839301982214729,0.12450620727040093,0.8646544907473843
26883.0,0.06413200125602879,0.7714296845263893,0.164438314217582
27429.0,0.7556653208791516,0.22849089424294217,0.01584378487790624
27190.0,0.27647982825176304,0.5461446851276457,0.17737548662059138
26159.0,0.08778062993666416,0.18835631686079804,0.7238630532025379
26428.0,0.027811098091464297,0.1390060469617092,0.8331828549468265
27086.0,0.09745718315812178,0.14578587394902642,0.7567569428928518
26845.0,0.028772140213632003,0.24361166836944254,0.7276161914169255
27387.0,0.07331621648255644,0.2971508481926785,0.6295329353247651
27324.0,0.08908773456222187,0.8695843034692351,0.04132796196854301
27567.0,0.2558215230696011,0.6993085481393874,0.04486992879101156
27017.0,0.25723356164869204,0.6621165675118329,0.08064987083947507
26778.0,0.8987346086262427,0.09949967571997115,0.0017657156537862894
25949.0,0.18062978262552873,0.7305757110920582,0.08879450628241302
26216.0,0.23525546919591875,0.7548049195811763,0.00993961122290493
26491.0,0.10124648870114566,0.8654055517838779,0.03334795951497645
27490.0,0.050783638770744495,0.10561610732549372,0.8436002539037617
27249.0,0.015215470715724776,0.14698831602220605,0.8377962132620692
26711.0,0.5024966853279399,0.4659280241853002,0.03157529048676002
26948.0,0.03169384989655168,0.18724650596392578,0.7810596441395226
26000.0,0.12271606459101667,0.3820496552258955,0.4952342801830878
26550.0,0.15835892238276833,0.8248880688525858,0.016753008764645742
26277.0,0.8509297022676101,0.14634946811073068,0.0027208296216593014
26880.0,0.10518401299157727,0.7479734344149692,0.1468425525934536
26643.0,0.03354821447246099,0.3802806361306255,0.5861711493969135
27189.0,0.10785817456060749,0.8717396574082232,0.020402168031169145
27430.0,0.012299069266714351,0.0891419729924452,0.8985589577408405
26337.0,0.08338075363957849,0.8990150692793512,0.017604177081070232
26610.0,0.9060335082737507,0.09362208761251663,3.444041137326075E-4
26068.0,0.15674045764560504,0.8083208166521635,0.03493872570223142
26846.0,0.27493846836975344,0.6884762743344818,0.03658525729576486
27085.0,0.030409695833031172,0.6809878293496071,0.2886024748173617
27384.0,0.7828796771160699,0.21577437568089597,0.001345947203034063
26431.0,0.11419505759235958,0.1550012771977516,0.7308036652098888
26156.0,0.9147985119870121,0.08130630864251431,0.0038951793704736
27325.0,0.1283491900545583,0.15483711307485254,0.7168136968705892
27566.0,0.017475843202642564,0.09130850084468665,0.8912156559526707
27016.0,0.13472926542331912,0.6341688257427222,0.23110190883395879
26779.0,0.14666679786900322,0.7872229021207517,0.06611030001024495
26217.0,0.0890583036174553,0.7369464232669493,0.17399527311559543
26490.0,0.03408540811011584,0.13485086069067473,0.8310637311992094
27491.0,0.03382565641616796,0.06968257678078907,0.8964917668030431
27248.0,0.3075323880064729,0.6400644138420578,0.05240319815146921
26710.0,0.8804042432961033,0.10940225048624384,0.010193506217652804
26949.0,0.011515500948879027,0.9639458945426381,0.024538604508482813
26001.0,0.08787502761625282,0.23309119297503014,0.6790337794087171
26551.0,0.010644045831684523,0.11573434702771099,0.8736216071406044
26276.0,0.07534640045315362,0.16745364863995735,0.757199950906889
26881.0,0.10551135792118584,0.8661683812208025,0.02832026085801165
26642.0,0.10427715494855626,0.1940068994082218,0.7017159456432219
27188.0,0.019225730128223185,0.8892533291228193,0.09152094074895754
27431.0,0.11013987923761721,0.8591501382704324,0.030709982491950356
26336.0,0.008675195319866451,0.17799968097446142,0.8133251237056721
26611.0,0.018834407005304976,0.17760546972829744,0.8035601232663976
26069.0,0.6225424487152103,0.35943521786775395,0.018022333417035755
26847.0,0.01236145846596461,0.06165956964499764,0.9259789718890377
27084.0,0.015466555463775527,0.08869978251384611,0.8958336620223784
27385.0,0.007045333222145758,0.9575189854146181,0.03543568136323612
26430.0,0.03531567040026865,0.327988143115064,0.6366961864846673
26157.0,0.2526023404798998,0.6642777419239199,0.08311991759618029
26146.0,0.05653451304791336,0.8785831408569862,0.06488234609510043
26417.0,0.014600724572538762,0.9516824299836436,0.03371684544381768
27382.0,0.04811596115024883,0.12322205378490812,0.828661985064843
27075.0,0.035479644256380984,0.08296171065839487,0.8815586450852242
26832.0,0.043707413637718254,0.2625867873721249,0.6937057989901568
26074.0,0.10632281499785237,0.11133062105331276,0.7823465639488348
26620.0,0.28003986977022954,0.47671030786644175,0.24324982236332876
26351.0,0.03350354885197787,0.1636693872987941,0.8028270638492281
27432.0,0.03731702528873769,0.4472168288379491,0.5154661458733133
27195.0,0.14686808739134083,0.8173719253553269,0.035759987253332244
26653.0,0.06142631792593548,0.21641982332210843,0.7221538587519561
26894.0,0.07831522617109324,0.12529188429669103,0.7963928895322157
26283.0,0.1929093285147623,0.6610014115787859,0.1460892599064518
26552.0,0.34924336983967574,0.6077778698708487,0.04297876028947554
26014.0,0.02000778318898237,0.9323971084723649,0.04759510833865261
26954.0,0.04010705384655731,0.13064901843834031,0.8292439277151025
26713.0,0.08843613386065977,0.7473540245475667,0.1642098415917734
27263.0,0.07705450173226801,0.24694341094840877,0.6760020873193233
27500.0,0.028858808361478635,0.9353217495874037,0.03581944205111763
26485.0,0.023906810111548264,0.15729570776919166,0.8187974821192601
26214.0,0.09571293940885202,0.46587049654823326,0.4384165640429147
26772.0,0.007195069548693086,0.10352129271256354,0.8892836377387434
27015.0,0.0709312193172301,0.8510223277135553,0.07804645296921457
27553.0,0.020475965248171652,0.47581398772762634,0.503710047024202
27314.0,0.10095835115181677,0.8584901792325738,0.04055146961560952
26147.0,0.006426425198628276,0.09469803291323624,0.8988755418881355
26416.0,0.03567027570569664,0.37205254819572464,0.5922771760985787
27383.0,0.03158226269562977,0.08697614961423632,0.8814415876901339
27074.0,0.06766069608011521,0.22501906822835271,0.707320235691532
26833.0,0.5012901806790072,0.48101114451114296,0.01769867480984967
26075.0,0.06328263141461905,0.18620647399694376,0.7505108945884372
26621.0,0.23021329011156505,0.7402809917042241,0.029505718184210872
26350.0,0.5457900054550975,0.4535559329202528,6.540616246498599E-4
27433.0,0.1036594203563362,0.8774982683819548,0.018842311261709047
27194.0,0.18708702916887598,0.7338959934478185,0.07901697738330546
26652.0,0.08052638142041466,0.8261660282198621,0.0933075903597233
26895.0,0.08728650408234478,0.7991301886611438,0.11358330725651129
26282.0,0.014638668296325914,0.12334434650911495,0.8620169851945592
26553.0,0.17361431990666157,0.7821229252271872,0.04426275486615131
26015.0,0.47586483538696256,0.49853986612982837,0.025595298483209124
26955.0,0.21086633493374168,0.7805993147633157,0.00853435030294269
26712.0,0.13238482210692193,0.8122723460648267,0.0553428318282514
27262.0,0.004055493351894117,0.08757881822149144,0.9083656884266145
27501.0,0.2308900139164565,0.7462783309188106,0.022831655164732886
26484.0,0.5171194072780236,0.4462463762603127,0.03663421646166367
26215.0,0.2516551294857673,0.7146111248118393,0.03373374570239341
26773.0,0.6260814346180272,0.36133608061374395,0.012582484768228796
27014.0,0.1970793546273768,0.6962347008822278,0.10668594449039544
27552.0,0.0204844061374345,0.9465542954969549,0.032961298365610646
27315.0,0.16235766270638669,0.7408273023834905,0.0968150349101228
27380.0,0.06968405284014847,0.8017005076336118,0.12861543952623958
26834.0,0.022618160083685945,0.19274263786859197,0.7846392020477222
27073.0,0.027860164890798334,0.8961881568107,0.07595167829850177
26419.0,0.8725998298229524,0.12242652312423803,0.004973647052809556
26144.0,0.07652508556693075,0.8312757385587808,0.09219917587428844
27193.0,0.7240672162603563,0.27563253864160453,3.002450980392157E-4
27434.0,0.09759083339607003,0.8795670255628294,0.02284214104110061
26892.0,0.2115528495301942,0.7441303677424728,0.044316782727332915
26655.0,0.055623678791079004,0.09677260289466581,0.8476037183142552
26072.0,0.002237379271066473,0.056685440360261054,0.9410771803686724
26349.0,0.09765190238665945,0.7934338124568444,0.1089142851564962
26622.0,0.09289949411310275,0.8733105950094724,0.033789910877424945
26715.0,0.07604986166991841,0.803173978122192,0.12077616020788944
26952.0,0.19763823779469025,0.5534773628408185,0.2488843993644913
27502.0,0.5546455143801681,0.43319492522391106,0.01215956039592071
27261.0,0.014569865746060734,0.9407372442139006,0.04469289004003876
26554.0,0.01089383643833004,0.09588751545073165,0.8932186481109383
26281.0,0.08214238901864512,0.1303233448842262,0.7875342660971287
26012.0,0.041072637954424354,0.614619033440712,0.3443083286048636
27013.0,0.23764938790197962,0.7534071377807675,0.008943474317252873
26774.0,0.21233030679679638,0.5306270240501143,0.25704266915308926
27312.0,0.1568570251968683,0.7436949410888307,0.09944803371430103
27555.0,0.04972604308075507,0.22522190565442626,0.7250520512648188
26212.0,0.024321804502260853,0.08430733022715495,0.8913708652705843
26487.0,0.12079543547993472,0.808774563547887,0.07043000097217832
27381.0,0.32909320010066245,0.5454639210575237,0.12544287884181396
26835.0,0.028299653394422825,0.14125482542644716,0.8304455211791301
27072.0,0.08923715120954366,0.7393054003649624,0.17145744842549396
26418.0,0.5332476082915183,0.4641358798312182,0.002616511877263581
26145.0,0.010629095803167034,0.05472495015974602,0.934645954037087
27192.0,0.12719879702079528,0.8391613798697526,0.03363982310945226
27435.0,0.07367586794935409,0.13879111739958538,0.7875330146510605
26893.0,0.9384178098378377,0.06046160188908766,0.0011205882730744919
26654.0,0.07922097945606532,0.809549658941549,0.11122936160238563
26073.0,0.006291130325359271,0.08105001002884818,0.9126588596457925
26348.0,0.05265982663606722,0.6096075744031514,0.3377325989607814
26623.0,0.06126563114828683,0.4152221069080291,0.523512261943684
26714.0,0.27949503876073095,0.7179371092563703,0.002567851982898635
26953.0,0.047719278990227786,0.15095644411047102,0.8013242768993012
27503.0,0.14960168224978485,0.8048872464239061,0.04551107132630925
27260.0,0.5108198335980334,0.4233069500915819,0.0658732163103848
26555.0,0.006937819885884079,0.8694683766254078,0.12359380348870815
26280.0,0.20580356208756956,0.7324225859036414,0.0617738520087891
26013.0,0.006431399593721685,0.08287957056534027,0.9106890298409381
27012.0,0.049299878206833264,0.22612201301955406,0.7245781087736127
26775.0,0.04281211458804074,0.1611041921545406,0.7960836932574187
27313.0,0.010472101834869157,0.22993177276118204,0.7595961254039488
27554.0,0.04754678511012552,0.9396619963439982,0.012791218545876297
26213.0,0.034588110192816025,0.09703047335466963,0.8683814164525143
26486.0,0.14552476562103764,0.48734792200153393,0.36712731237742846
26616.0,0.03799374558385381,0.9295078873509163,0.03249836706522983
26347.0,0.018995634798027315,0.9476161550013903,0.03338821020058225
26078.0,0.13734809792798644,0.2871288170872281,0.5755230849847854
26649.0,0.03512508755404321,0.22397272469653964,0.7409021877494171
26890.0,0.13488909352865874,0.26312772325946476,0.6019831832118766
27436.0,0.08287465703803414,0.10212762528516707,0.8149977176767988
27199.0,0.026613795272247925,0.19406863954080084,0.7793175651869513
26150.0,0.003475982504352193,0.04506730783343798,0.9514567096622097
26421.0,0.11074712398211126,0.8675432267600025,0.021709649257886297
27079.0,0.17921577846841052,0.6682087545651721,0.15257546696641724
26836.0,0.1161119745605337,0.8040642077756882,0.07982381766377791
27378.0,0.1597561306891085,0.6624567398930469,0.17778712941784466
26481.0,0.2317750088564126,0.1805094940961779,0.5877154970474094
26210.0,0.040654946771497814,0.1639778710515245,0.7953671821769777
27557.0,0.005482197821734257,0.06751921037953316,0.9269985917987326
27318.0,0.06890047008735907,0.9026263240245745,0.02847320588806639
26768.0,0.04507650714757084,0.08844778109635508,0.8664757117560741
27011.0,0.029274607580716473,0.1327995639332308,0.8379258284860527
26010.0,0.16941475522866067,0.7035392046772283,0.12704604009411094
26287.0,0.2241984996136835,0.7444898378945071,0.03131166249180953
26556.0,0.022385266917185197,0.14362175179285105,0.8339929812899638
27259.0,0.16511398647231534,0.7976104805314743,0.037275532996210434
27496.0,0.3579299628488185,0.6210472085066515,0.021022828644529947
26958.0,0.030416869469127555,0.09042475775924103,0.8791583727716314
26717.0,0.08536154113883263,0.7421938436983972,0.17244461516277015
26617.0,0.07617994100326575,0.5676756033981794,0.3561444555985548
26346.0,0.6283990249550768,0.3616485976273045,0.009952377417618698
26079.0,0.03817417862724797,0.7911137952509582,0.17071202612179387
26648.0,0.16070107749765908,0.10461327292021765,0.7346856495821233
26891.0,0.46106847385089156,0.4780077937974383,0.06092373235167023
27437.0,0.0713240954011514,0.27886426063845293,0.6498116439603957
27198.0,0.03539640379210178,0.1338165251855588,0.8307870710223395
26151.0,0.11313215271251273,0.8719329916960987,0.014934855591388624
26420.0,0.06934662745661706,0.8101418028753603,0.12051156966802255
27078.0,0.018382763420881097,0.10100316245097021,0.8806140741281487
26837.0,0.01969281306418886,0.9406275881937265,0.039679598742084626
27379.0,0.07821454597145129,0.3354350007188563,0.5863504533096925
26480.0,0.12608456961423317,0.4415004909378354,0.4324149394479316
26211.0,0.6251267548571273,0.30824361121426275,0.06662963392860985
27556.0,0.00457890208285598,0.12675361562770246,0.8686674822894416
27319.0,0.03325015402113938,0.0755109820399051,0.8912388639389555
26769.0,0.1663234837014091,0.7950267482085904,0.03864976809000059
27010.0,0.13168827965977545,0.8201080176140565,0.04820370272616808
26011.0,0.28000189300598916,0.621414867083837,0.09858323991017388
26286.0,0.13508611845147983,0.7452564009125751,0.11965748063594506
26557.0,0.02348718502865007,0.2281558668549624,0.7483569481163875
27258.0,0.004996354115567509,0.07889579250836057,0.9161078533760719
27497.0,0.0077537208910652845,0.0741696916070823,0.9180765875018524
26959.0,0.07869083299788847,0.8675660520247783,0.053743114977333376
26716.0,0.141707550533347,0.7948310997853635,0.06346134968128953
26888.0,0.03102718976899233,0.9324977289557187,0.03647508127528893
26651.0,0.04999946775251627,0.06198452147836102,0.8880160107691227
27197.0,0.20836251132669456,0.34969518785370485,0.44194230081960056
27438.0,0.4208843210044961,0.38057676516445577,0.19853891383104816
26345.0,0.1270562895543288,0.7913007566517539,0.08164295379391732
26618.0,0.06378018195069533,0.7607078552398435,0.1755119628094612
26076.0,0.0835684926006661,0.17750678517991259,0.7389247222194212
26838.0,0.10052633641610394,0.5119910448095916,0.38748261877430445
27077.0,0.07736435256448031,0.8894933217688715,0.03314232566664821
27376.0,0.009492813224503897,0.05406804996148329,0.9364391368140128
26423.0,0.013339036998496862,0.11366356438492438,0.8729973986165788
26148.0,0.1882087637197791,0.752663829036027,0.05912740724419388
27316.0,0.009801461978675796,0.10615527539076684,0.8840432626305573
27559.0,0.008670844689025674,0.1282786055567882,0.863050549754186
27009.0,0.06963420376424223,0.44301919564967673,0.4873466005860809
26770.0,0.5893232118774941,0.38134601858641354,0.02933076953609247
26208.0,0.09578116227967462,0.8003637966769496,0.10385504104337581
26483.0,0.009129479760799334,0.07354915449698962,0.917321365742211
27498.0,0.5172303403250131,0.43492314202858207,0.04784651764640491
27257.0,0.10216058231512823,0.1559492400332912,0.7418901776515806
26719.0,0.7466894354254413,0.24632311859542888,0.006987445979129832
26956.0,0.14671122582350152,0.22745340997693259,0.6258353641995659
26008.0,0.5312524614650521,0.45759059891995457,0.011156939614993276
26558.0,0.2836341597278161,0.4846724833048123,0.23169335696737176
26285.0,0.11096182854068497,0.8411918231041399,0.04784634835517526
26889.0,0.020347469178671442,0.13089193657601791,0.8487605942453106
26650.0,0.11811566907950002,0.8256318677625251,0.056252463157975
27196.0,0.16865281291715375,0.8006998846859057,0.030647302396940423
27439.0,0.058114947573996496,0.3218398929393815,0.620045159486622
26344.0,0.314318550679604,0.6302858805604733,0.055395568759922756
26619.0,0.2037945286746258,0.7753645279863777,0.020840943338996394
26077.0,0.05097265783240724,0.9258852537800726,0.023142088387520247
26839.0,0.0078118216260087865,0.05476324835951273,0.9374249300144786
27076.0,0.013459009187610808,0.20094248875292248,0.7855985020594667
27377.0,0.7251128333159084,0.2702747993103213,0.004612367373770519
26422.0,0.004281616700029765,0.0780805069480182,0.917637876351952
26149.0,0.026429792528657892,0.07298874078757976,0.9005814666837624
27317.0,0.022635989697589957,0.11386957755518042,0.8634944327472296
27558.0,0.016704233360281612,0.9458164460912856,0.0374793205484328
27008.0,0.6307154104790095,0.3573705217151992,0.01191406780579128
26771.0,0.14321401299336256,0.8330011300132548,0.02378485699338267
26209.0,0.19072443646935897,0.7506114301836401,0.05866413334700098
26482.0,0.01013807740140858,0.09337295065888429,0.8964889719397071
27499.0,0.11014706802983136,0.8552715118623814,0.03458142010778733
27256.0,0.17794536086781915,0.8190009463987534,0.0030536927334275502
26718.0,0.7676737079417703,0.22753009993263645,0.004796192125593322
26957.0,0.21206998556421786,0.753842875509302,0.03408713892648026
26009.0,0.06604794723216152,0.8471502484014236,0.08680180436641502
26559.0,0.17275132899349607,0.31558906769417083,0.5116596033123332
26284.0,0.7319024533699044,0.2645722163403195,0.0035253302897760167
26963.0,0.038625758685005854,0.9177931982325377,0.043581043082456444
26688.0,0.031612855256349805,0.15051596175814214,0.817871182985508
27238.0,0.1214472193242751,0.26490313582469527,0.6136496448510297
27509.0,0.37568987353880196,0.5901425156698306,0.03416761079136749
26290.0,0.13195038998382536,0.8559858520068033,0.012063758009371454
26529.0,0.033772480625556295,0.2045817604757409,0.7616457588987028
25991.0,0.013329309754960383,0.1356006259762931,0.8510700642687465
26765.0,0.10714035737594459,0.8761839644980473,0.016675678126008155
27038.0,0.18633069629998336,0.24955507935231824,0.5641142243476984
27576.0,0.05584676776005991,0.14425566853508573,0.7998975637048543
27307.0,0.13745985882584283,0.8492882612964486,0.013251879877708582
26476.0,0.6766625799394658,0.3090306745903753,0.014306745470158958
26239.0,0.02785864825943683,0.06266946831712401,0.9094718834234392
27375.0,0.14943215368614265,0.8126050776253004,0.0379627686885569
27098.0,0.8568175531470698,0.14062677186450795,0.0025556749884222607
26825.0,0.30673261928237683,0.6572441341071549,0.03602324661046843
26171.0,0.07682740318840678,0.1097164541683614,0.8134561426432318
26408.0,0.5301354588381936,0.4086468516967777,0.06121768946502867
27441.0,0.12846620070314382,0.5562307558572466,0.31530304343960974
27170.0,0.7294208230886069,0.2589251304454227,0.01165404646597044
26628.0,0.027080754780168182,0.11569612694117562,0.8572231182786563
26903.0,0.0669068470096793,0.7699038060051624,0.16318934698515827
26051.0,0.15108416873225333,0.7208145023706671,0.12810132889707948
26597.0,0.10438473306973642,0.876025021137775,0.019590245792488498
26358.0,0.01414118921336961,0.12438076138279666,0.8614780494038338
26962.0,0.0200967219625927,0.884780335272199,0.09512294276520812
26689.0,0.10451341083979192,0.8597693418756017,0.03571724728460641
27239.0,0.5258026672745149,0.46699619239912166,0.00720114032636347
27508.0,0.1532931157595582,0.736584180943521,0.11012270329692093
26291.0,0.12742379577165297,0.3273854002163405,0.5451908040120065
26528.0,0.14676726669284043,0.2870680442838852,0.5661646890232743
25990.0,0.6192147754088299,0.3692557721699942,0.011529452421175894
26764.0,0.06587659060130575,0.1175632748589404,0.8165601345397538
27039.0,0.05420946568309521,0.11313326332265444,0.8326572709942504
27577.0,0.24353299468302006,0.6263638948700505,0.13010311044692946
27306.0,0.026251853851799463,0.12201507524255853,0.851733070905642
26477.0,0.08383750759173406,0.8719753869748419,0.04418710543342402
26238.0,0.03617357701631727,0.19244028436492613,0.7713861386187566
27374.0,0.022696132315892712,0.06652225658092104,0.9107816111031863
27099.0,0.025269406813041663,0.9424876946269464,0.03224289856001187
26824.0,0.05146982568271264,0.11078567773467295,0.8377444965826144
26170.0,0.9000603857262643,0.0998596142737357,8.000000000000003E-5
26409.0,0.16155585402477698,0.1161980729826619,0.722246072992561
27440.0,0.014727575309608021,0.09254677642619061,0.8927256482642013
27171.0,0.7052647552206588,0.2910661027246713,0.003669142054670047
26629.0,0.06924599349321311,0.8529377025917699,0.0778163039150169
26902.0,0.030873002761164507,0.0728807584787307,0.8962462387601047
26050.0,0.1586119864792607,0.21433726103900283,0.6270507524817365
26596.0,0.10814771712764543,0.7566984266978143,0.1351538561745403
26359.0,0.0072116359824970985,0.9439292831324171,0.048859080885085886
26531.0,0.42898468942955614,0.5371071076790926,0.03390820289135104
26288.0,0.010873046102691313,0.08156181479213379,0.9075651391051749
25989.0,0.05108741296927079,0.16968245364131987,0.7792301333894094
26690.0,0.1623894205059975,0.7841836071707387,0.053426972323263926
26961.0,0.35358962531888655,0.6032592407328837,0.043151133948229774
27511.0,0.08038136244590725,0.649723939138611,0.2698946984154818
27236.0,0.06649481411644402,0.8395264919519071,0.0939786939316489
26237.0,0.08750449955916319,0.8790487497691207,0.03344675067171605
26478.0,0.05659783303555574,0.6514137111382141,0.2919884558262303
27036.0,0.44995751718451027,0.5351472919746334,0.014895190840856401
26767.0,0.017495430889302676,0.07871653882119971,0.9037880302894976
27305.0,0.010823036555471562,0.12762955513857138,0.8615474083059571
27578.0,0.7289440420930481,0.2696888521894244,0.0013671057175275024
26410.0,0.039507870489345155,0.13530180946905357,0.8251903200416013
26169.0,0.10844886839421625,0.8722282421498799,0.01932288945590386
27373.0,0.5353453937009316,0.4515209155876649,0.013133690711403533
26827.0,0.2610290607630139,0.7264688444497348,0.012502094787251266
27096.0,0.5620401796987562,0.4291409827859418,0.008818837515301978
26049.0,0.07382560144081411,0.21422262493423225,0.7119517736249538
26356.0,0.08194877024548865,0.11632303273054762,0.8017281970239638
26599.0,0.0625736833791752,0.1341130198696203,0.8033132967512044
27168.0,0.06224695087022528,0.1442252938483972,0.7935277552813775
27443.0,0.013632403581345721,0.12635449120204748,0.8600131052166069
26901.0,0.005910179688100474,0.05765472316825412,0.9364350971436454
26630.0,0.008182257052646486,0.08042371977172737,0.9113940231756261
26530.0,0.8577767446698518,0.13941134551348688,0.0028119098166612187
26289.0,0.024157666095208023,0.12295056987795534,0.8528917640268366
25988.0,0.07897295927186058,0.8827135333591389,0.03831350736900057
26691.0,0.005962954064558724,0.07176453882690292,0.9222725071085384
26960.0,0.18621590308765526,0.8025025794053389,0.011281517507005977
27510.0,0.13918686760505203,0.8518123753706949,0.009000757024253134
27237.0,0.007118411287521435,0.07788863643185287,0.9149929522806256
26236.0,0.056209491922707126,0.9117732972758849,0.032017210801408
26479.0,0.01296418785778819,0.09382120621931947,0.8932146059228923
27037.0,0.061297864393297416,0.17038952511492197,0.7683126104917806
26766.0,0.21539409469331944,0.49280938702135346,0.29179651828532716
27304.0,0.0760754985168903,0.3461897281558579,0.5777347733272518
27579.0,0.4278962785825129,0.5518487402136404,0.02025498120384667
26411.0,0.2511160398741328,0.6918686785599524,0.05701528156591485
26168.0,0.8162195023328125,0.18139266579116792,0.0023878318760196613
27372.0,0.026096067218628723,0.15954642293552493,0.8143575098458463
26826.0,0.11915440286863915,0.7851785828528426,0.09566701427851831
27097.0,0.552354786191523,0.44106639838585004,0.006578815422626981
26048.0,0.04278736196223356,0.6285433621215227,0.3286692759162437
26357.0,0.24940678913392617,0.7352327142308726,0.015360496635201337
26598.0,0.2646902510531763,0.7125193501697529,0.02279039877707097
27169.0,0.00913484621808512,0.05971144719823232,0.9311537065836827
27442.0,0.008449911660287976,0.0720397983963339,0.9195102899433781
26900.0,0.147485857817294,0.8264243153870307,0.026089826795675355
26631.0,0.37172110303099415,0.47269760331357547,0.15558129365543044
27580.0,0.29856358229930213,0.6682514283204233,0.033184989380274574
27311.0,0.6271643011937121,0.3684414709030435,0.004394227903244298
26761.0,0.7652540395696901,0.21433354823125553,0.02041241219905427
27034.0,0.07883600880133447,0.8136188708350406,0.10754512036362499
26472.0,0.4183933826014148,0.5509383599994528,0.0306682573991324
26235.0,0.2890753451568952,0.695447218209558,0.015477436633546641
27234.0,0.40121624627423236,0.5773503776412637,0.02143337608450401
27505.0,0.6104963185212147,0.3810058163341517,0.00849786514463354
26967.0,0.21456074612141732,0.24545354211523876,0.539985711763344
26692.0,0.14620199010298804,0.8005941817485437,0.05320382814846844
25987.0,0.10237032766740893,0.8156352589680699,0.0819944133645213
26294.0,0.09759225392609265,0.785925368181449,0.11648237789245844
26533.0,0.27352309899050975,0.7073074355096183,0.019169465499871852
26624.0,0.19504318790080313,0.7645493918650502,0.04040742023414671
26899.0,0.1359059074486608,0.8350387722770489,0.029055320274290176
27445.0,0.03191012043106273,0.13393660813600786,0.8341532714329294
27174.0,0.35878829958062863,0.6355796900552658,0.005632010364105531
26593.0,0.6245320440039742,0.36770433616776566,0.007763619828260178
26354.0,0.08243273200382742,0.8917898780823666,0.02577738991380603
26055.0,0.027210694954473515,0.1705017653400376,0.8022875397054888
27102.0,0.4487469067341526,0.5193618351607135,0.031891258105133845
26829.0,0.20519105965765982,0.7179575744755327,0.0768513658668076
27371.0,0.07311480158855875,0.16723923518465245,0.7596459632267887
26175.0,0.933722034537771,0.06595238147200623,3.2558399022280816E-4
26412.0,0.3714665161859499,0.6031346656190602,0.025398818194989826
27581.0,0.10832495202130263,0.8594270386708261,0.03224800930787131
27310.0,0.44756989445137985,0.44769855031780964,0.10473155523081061
26760.0,0.32711482843678485,0.6432686812947696,0.029616490268445577
27035.0,0.1535827057577905,0.7599237501099739,0.08649354413223556
26473.0,0.00461595932841268,0.08116910092946812,0.9142149397421193
26234.0,0.006145819889974447,0.06295699641284332,0.9308971836971822
27235.0,0.1183980872382152,0.5358712646234876,0.3457306481382971
27504.0,0.10736640014143974,0.8552924689040062,0.03734113095455399
26966.0,0.7676363613819926,0.21129302955407953,0.021070609063927822
26693.0,0.03036289402254794,0.17656035261904726,0.7930767533584049
25986.0,0.026997560486502533,0.929456712932947,0.04354572658055053
26295.0,0.1721709836608865,0.8014902490366153,0.026338767302498234
26532.0,0.24623365342935635,0.7503513434186233,0.003415003152020475
26625.0,0.2084854846839671,0.594489186593977,0.19702532872205594
26898.0,0.18788428585482397,0.8099398772349744,0.0021758369102017256
27444.0,0.7835764313060087,0.20855753035485766,0.00786603833913368
27175.0,0.21196310155594444,0.7328254175760234,0.055211480868032216
26592.0,0.06737817976144043,0.6259689284898212,0.30665289174873844
26355.0,0.10233488649412444,0.8468939553385474,0.05077115816732834
26054.0,0.07467722832966128,0.0972050051457499,0.8281177665245889
27103.0,0.018345227970222262,0.950169899652837,0.03148487237694074
26828.0,0.010707357212125996,0.07742230690427153,0.9118703358836026
27370.0,0.06295092185501137,0.16485826627491126,0.7721908118700774
26174.0,0.17476694895916567,0.8243988544408603,8.341965999740828E-4
26413.0,0.01452525434573982,0.09089270816746517,0.894582037486795
26233.0,0.09803417784464302,0.7763049577663333,0.12566086438902357
26474.0,0.10545123472854255,0.8759802211537361,0.018568544117721356
27309.0,0.08280520439765264,0.8239233913596374,0.09327140424271003
27582.0,0.1841281155637696,0.5837482372893015,0.2321236471469288
27032.0,0.18832241511755834,0.6417836136307926,0.16989397125164898
26763.0,0.39004213150123207,0.5926350594508579,0.017322809047909983
25985.0,0.0703729183120872,0.8982566710355698,0.03137041065234292
26535.0,0.4067094130544809,0.3585233299174847,0.23476725702803444
26292.0,0.056919173473423366,0.27603977439980254,0.6670410521267741
27507.0,0.06157462453587306,0.7793843948833254,0.15904098058080163
27232.0,0.207998606738102,0.7654616677382433,0.026539725523654713
26694.0,0.6591095851254973,0.3375501740027555,0.0033402408717471744
26965.0,0.004454130848874289,0.05584681645268317,0.9396990526984426
26352.0,0.017472695796739025,0.17845885343776224,0.8040684507654987
26595.0,0.9028108805715176,0.09569016092234811,0.0014989585061341605
26053.0,0.011868050387441183,0.23411920019947036,0.7540127494130884
26897.0,0.015414402828526299,0.9482545584132657,0.036331038758207916
26626.0,0.02951731526663432,0.9347046504870651,0.03577803424630061
27172.0,0.015471981427634724,0.948168805179937,0.03635921339242825
27447.0,0.0962025819515963,0.15125679426770763,0.752540623780696
26414.0,0.022931653466750475,0.10809862558949791,0.8689697209437516
26173.0,0.006642555404026714,0.07118578151727484,0.9221716630786985
26831.0,0.7069005928708392,0.2821437742901534,0.010955632839007466
27100.0,0.07334004721187737,0.6873931546483836,0.23926679813973897
27369.0,0.07383040975706201,0.7231681306747657,0.20300145956817225
26232.0,0.3629601472443061,0.6310103891737118,0.006029463581982298
26475.0,0.3357250793939162,0.6471181625235,0.017156758082583882
27308.0,0.05272496327911622,0.35182004231567376,0.5954549944052101
27583.0,0.3039511013498196,0.3167698064916825,0.3792790921584978
27033.0,0.32814456978379325,0.6551701887849685,0.016685241431238357
26762.0,0.8786337377854252,0.12035054656078849,0.0010157156537862894
25984.0,0.07745567204442456,0.10946000904592058,0.8130843189096548
26534.0,0.24106587878769237,0.7405730158901849,0.01836110532212289
26293.0,0.1866518398441994,0.7451912601269868,0.06815690002881385
