26275.0,0.009858119120973926,0.468564334601601,0.521577546277425
26544.0,0.07279394534297333,0.8161093236319066,0.11109673102512001
26006.0,0.012373919399545122,0.4205744702015352,0.5670516103989196
26946.0,0.018425272772496868,0.5187028213912257,0.46287190583627735
26705.0,0.4995929014445979,0.49245013297368717,0.007956965581714943
27255.0,0.01793751210985294,0.42173812464768856,0.5603243632424585
27492.0,0.4995929014445979,0.49245013297368717,0.007956965581714943
26493.0,0.018421647365553635,0.5186673004079551,0.4629110522264912
26222.0,0.3370502920257369,0.28582726134622594,0.3771224466280372
26780.0,0.020032629468808832,0.4623311880033482,0.5176361825278428
27023.0,0.0,0.04282124089530361,0.9571787591046964
27561.0,6.446838967136645E-211,0.0456074602805702,0.9543925397194298
27322.0,0.07111093393931997,0.7321125758019748,0.19677649025870522
26154.0,0.07344459828582466,0.7903491788241603,0.13620622289001508
26425.0,0.4894130307110477,0.5021608895664041,0.008426079722548163
27390.0,0.02418896216600394,0.4805098579737434,0.49530117986025257
27083.0,0.553619809627517,0.43608195024328256,0.010298240129200449
26840.0,0.018422830707328045,0.5186788842304428,0.46289828506222913
26066.0,0.5834153177339003,0.4075461758395636,0.009038506426536114
26612.0,0.07279394534297333,0.8161093236319066,0.11109673102512001
26343.0,0.343000508701821,0.3464472155479649,0.310552275750214
27424.0,0.2609383735434623,0.4238606483509482,0.31520097810558956
27187.0,0.05962523294344181,0.7896386190669127,0.15073614798964546
26645.0,0.5583165856776414,0.4329538266343609,0.008729587687997713
26886.0,0.05962523294344275,0.7896386190669138,0.1507361479896435
26274.0,0.6187328774589702,0.37511966371782146,0.00614745882320843
26545.0,0.2794627064078972,0.3455956922977375,0.37494160129436527
26007.0,0.024662240063240005,0.4459047156690034,0.5294330442677566
26947.0,0.07156306377562698,0.8305169854082654,0.09791995081610763
26704.0,0.0,0.034652151783730246,0.9653478482162697
27254.0,0.018421647365553635,0.5186673004079551,0.4629110522264912
27493.0,0.009889203071871584,0.4227593003022326,0.5673514966258958
26492.0,0.07279010992601138,0.8161002083979428,0.11110968167604571
26223.0,0.07156306377562698,0.8305169854082654,0.09791995081610763
26781.0,0.01793751210985294,0.42173812464768856,0.5603243632424585
27022.0,0.024165775356316824,0.48051322391948803,0.495321000724195
27560.0,0.06944312394984468,0.8006643235591495,0.12989255249100573
27323.0,0.0,0.05973374773863285,0.9402662522613672
26155.0,0.09967078516019394,0.8381424232604364,0.062186791579369564
26424.0,0.06944444470169638,0.8006657667150426,0.1298897885832611
27391.0,0.01794404693320439,0.4218349757861041,0.5602209772806914
27082.0,0.024165749427805857,0.48051322767900956,0.4953210228931845
26841.0,0.0711109340076716,0.7321125757481277,0.19677649024420066
26067.0,0.4459738603246624,0.2590628552499757,0.2949632844253619
26613.0,0.0998616768392483,0.8383203888348056,0.061817934325946185
26342.0,0.07279395653973031,0.8161092994933291,0.11109674396694046
27425.0,0.024662240063240005,0.4459047156690034,0.5294330442677566
27186.0,0.024165749427805857,0.48051322767900956,0.4953210228931845
26644.0,0.3374231228948041,0.34308621215114815,0.31949066495404777
26887.0,0.553874616250085,0.4359269608280069,0.010198422921908031
26707.0,0.0,0.03692895535646431,0.9630710446435358
26944.0,0.12298383553026984,0.7130252339770867,0.1639909304926433
27494.0,0.07156306377562698,0.8305169854082654,0.09791995081610763
27253.0,0.473743897261647,0.5175658760774743,0.008690226660878696
26546.0,0.33742312355095616,0.3430862118277117,0.31949066462133213
26273.0,0.024165749427805857,0.48051322767900956,0.4953210228931845
26004.0,0.012373919400207517,0.4205744702141747,0.5670516103856178
27021.0,0.07156306421776389,0.8305169853767427,0.09791995040549338
26782.0,0.0,0.04862143611648472,0.9513785638835153
27320.0,0.006713614432315599,0.038448280607715886,0.9548381049599685
27563.0,0.47375175846156437,0.5175584711634911,0.008689770374944537
26220.0,0.0,0.03996516333787484,0.9600348366621253
26495.0,0.00971316646573932,0.4696363588555437,0.520650474678717
27388.0,0.024662240063240005,0.4459047156690034,0.5294330442677566
26842.0,0.06385812402574689,0.819667921298173,0.11647395467608009
27081.0,0.0998616768392483,0.8383203888348056,0.061817934325946185
26427.0,0.0,0.06845550885026287,0.9315444911497373
26152.0,0.020032629496045902,0.46233118840576465,0.5176361820981894
27185.0,0.0,0.03699809922971418,0.9630019007702858
27426.0,0.8334209543706268,0.15063567759657698,0.01594336803279622
26884.0,0.5834128175012311,0.4075485582422295,0.00903862425653944
26647.0,0.0,0.03996516333787484,0.9600348366621253
26064.0,0.009858119120973926,0.468564334601601,0.521577546277425
26341.0,0.012373919399544091,0.42057447020152916,0.5670516103989266
26614.0,0.6187328773983608,0.37511966376943456,0.006147458832204583
26706.0,0.015627178480356656,0.44986027527398975,0.5345125462456535
26945.0,0.0,0.04841671157666856,0.9515832884233315
27495.0,0.009858119120973926,0.468564334601601,0.521577546277425
27252.0,0.0,0.03232850015687644,0.9676714998431236
26547.0,0.07156306377562698,0.8305169854082654,0.09791995081610763
26272.0,0.0,0.05492579786616166,0.9450742021338383
26005.0,0.27935457048433443,0.34574430439608106,0.37490112511958446
27020.0,0.6955009014411649,0.2984791076840553,0.00601999087477977
26783.0,0.0,0.039976445685961905,0.9600235543140381
27321.0,0.0564434649295926,0.7888961256817674,0.15466040938864015
27562.0,0.07344460031573534,0.7903491743184957,0.13620622536576885
26221.0,0.07344459828582466,0.7903491788241603,0.13620622289001508
26494.0,0.27877470622761563,0.34654191752515806,0.37468337624722636
27389.0,0.00971316646573932,0.4696363588555437,0.520650474678717
26843.0,0.018421647365553635,0.5186673004079551,0.4629110522264912
27080.0,0.05962523294344275,0.7896386190669138,0.1507361479896435
26426.0,6.63459167426198E-211,0.045607492574855656,0.9543925074251444
26153.0,0.4305564321072502,0.2853720489575471,0.2840715189352027
27184.0,0.5538746162501043,0.43592696082799554,0.010198422921900268
27427.0,0.0,0.04841671157666856,0.9515832884233315
26885.0,0.06385812402574689,0.819667921298173,0.11647395467608009
26646.0,0.6187328774589402,0.3751196637178506,0.006147458823209186
26065.0,0.07344461198895304,0.7903491483991738,0.13620623961187311
26340.0,0.00971316646573932,0.4696363588555437,0.520650474678717
26615.0,1.2588141020069187E-114,0.02816101990450071,0.9718389800954993
25951.0,0.00971316646573932,0.4696363588555437,0.520650474678717
26489.0,0.25423509592749965,0.42750359107843916,0.3182613129940612
26218.0,0.07344459228037648,0.7903491683211432,0.13620623939848034
27565.0,1.2588141061504532E-114,0.02816101990451572,0.9718389800954842
27326.0,0.3370772733098748,0.2858526387965635,0.37707008789356167
26776.0,0.32820533302149757,0.3545624037458776,0.31723226323262477
27019.0,0.26183283783645,0.7023663841845068,0.03580077797904308
26002.0,0.0,0.04861000343461828,0.9513899965653818
26279.0,0.01793751210985294,0.42173812464768856,0.5603243632424585
26548.0,0.07279432507136512,0.8161094229342857,0.11109625199434915
27251.0,0.4737516763210338,0.5175585485364705,0.00868977514249564
27488.0,0.07593292861748928,0.801848337744503,0.12221873363800766
26950.0,0.6816411960522634,0.3119037856349483,0.006455018312788329
26709.0,0.0,0.029033755587513723,0.9709662444124864
26608.0,0.07344474344614622,0.7903492251351234,0.1362060314187303
26339.0,0.05642255266680922,0.7888721950767519,0.1547052522564389
26070.0,0.071110934007699,0.7321125757481588,0.19677649024414223
26641.0,0.071110934007699,0.7321125757481588,0.19677649024414223
26882.0,0.6187328774589494,0.37511966371784183,0.006147458823208731
27428.0,0.05962523294344275,0.7896386190669138,0.1507361479896435
27191.0,0.2870393543350515,0.43411308458862297,0.2788475610763255
26158.0,0.0,0.05738745327751288,0.9426125467224872
26429.0,0.5538746156021825,0.43592696144149695,0.010198422956320554
27087.0,0.3254046757105131,0.355862843242742,0.3187324810467449
26844.0,0.07156306377562698,0.8305169854082654,0.09791995081610763
27386.0,0.5586042509097756,0.4326786912686279,0.00871705782159639
25950.0,0.4844957409007718,0.5092914994811114,0.0062127596181168416
26488.0,0.06018311331439249,0.8075137807035456,0.1323031059820619
26219.0,0.057253742148492756,0.7993994648387022,0.14334679301280506
27564.0,0.49959290144458834,0.4924501329736965,0.007956965581715165
27327.0,0.05962523294344275,0.7896386190669138,0.1507361479896435
26777.0,0.018421647365553635,0.5186673004079551,0.4629110522264912
27018.0,0.01793751210991844,0.42173812464774285,0.5603243632423388
26003.0,0.07279848604039837,0.8161105108199151,0.11109100313968645
26278.0,0.01562717980404499,0.4498602764040213,0.5345125437919337
26549.0,0.10000468786493365,0.8381785254231763,0.06181678671189003
27250.0,0.071110934007699,0.7321125757481588,0.19677649024414223
27489.0,0.07394827219714763,0.8606378920722946,0.06541383573055774
26951.0,0.1879641163873487,0.7501996094298726,0.06183627418277866
26708.0,0.07156306377562698,0.8305169854082654,0.09791995081610763
26609.0,0.5538746162229564,0.43592696085370114,0.010198422923342313
26338.0,0.5538746162501051,0.4359269608279946,0.010198422921900256
26071.0,0.024169116299733222,0.48054552049886823,0.4952853632013986
26640.0,0.3484210050026954,0.3308027410908834,0.3207762539064211
26883.0,0.4459738603246624,0.2590628552499757,0.2949632844253619
27429.0,0.33705029202581155,0.2858272613462959,0.37712244662789257
27190.0,0.05642255266226388,0.7888721950685389,0.15470525226919712
26159.0,0.0,0.03232850015687644,0.9676714998431236
26428.0,0.009889203071871584,0.4227593003022326,0.5673514966258958
27086.0,0.10499742244488293,0.4226973238847352,0.4723052536703818
26845.0,0.024165749427805857,0.48051322767900956,0.4953210228931845
27387.0,0.34842235561771995,0.33080214598162033,0.3207754984006597
27324.0,0.08166727002996031,0.8559570803120186,0.062375649658021205
27567.0,0.5585983983145127,0.4326835143815302,0.008718087303957135
27017.0,0.47375175846156437,0.5175584711634911,0.008689770374944537
26778.0,0.5586042509097756,0.4326786912686279,0.00871705782159639
25949.0,0.07279376913826481,0.8161089048984693,0.1110973259632657
26216.0,0.0998616768392483,0.8383203888348056,0.061817934325946185
26491.0,0.0727900444198913,0.8161000527029763,0.11110990287713242
27490.0,0.0,0.029033755587513723,0.9709662444124864
27249.0,0.015627178480356656,0.44986027527398975,0.5345125462456535
26711.0,0.6955001859347998,0.298479801093508,0.006020012971692233
26948.0,0.018421647365553635,0.5186673004079551,0.4629110522264912
26000.0,0.0,0.05973374773805648,0.9402662522619435
26550.0,0.071110934007699,0.7321125757481588,0.19677649024414223
26277.0,0.5538746162501043,0.43592696082799554,0.010198422921900268
26880.0,0.27946326482623707,0.3455963310517466,0.37494040412201635
26643.0,0.009858119120973926,0.468564334601601,0.521577546277425
27189.0,0.07111101662917432,0.7321123622004801,0.19677662117034564
27430.0,0.024662240063240005,0.4459047156690034,0.5294330442677566
26337.0,0.09986167654526411,0.8383203885624507,0.06181793489228522
26610.0,0.4995929014445979,0.49245013297368717,0.007956965581714943
26068.0,0.5538746162500814,0.4359269608280168,0.010198422921901814
26846.0,0.024165749427805857,0.48051322767900956,0.4953210228931845
27085.0,0.012373919399544091,0.42057447020152916,0.5670516103989266
27384.0,0.6187328774589641,0.3751196637178274,0.0061474588232085
26431.0,0.32820533302149546,0.35456240374587905,0.3172322632326255
26156.0,0.32820533302149546,0.35456240374587905,0.3172322632326255
27325.0,0.009858119120973926,0.468564334601601,0.521577546277425
27566.0,0.0,0.029033755587513723,0.9709662444124864
27016.0,0.0,0.029033755587513723,0.9709662444124864
26779.0,0.012373919399544091,0.42057447020152916,0.5670516103989266
26217.0,0.0375426379888647,0.6619162027421313,0.300541159269004
26490.0,0.012373919399544091,0.42057447020152916,0.5670516103989266
27491.0,0.33742312355095616,0.3430862118277117,0.31949066462133213
27248.0,0.024165749427805857,0.48051322767900956,0.4953210228931845
26710.0,0.5586042509097756,0.4326786912686279,0.00871705782159639
26949.0,0.07394826736877734,0.8606378948840784,0.06541383774714409
26001.0,3.6124917721512893E-168,0.018009407450883946,0.9819905925491161
26551.0,0.009858119120973926,0.468564334601601,0.521577546277425
26276.0,0.0,0.03623251309686787,0.9637674869031321
26881.0,0.07344368212917793,0.7903475782237696,0.13620873964705255
26642.0,0.01562717868926816,0.4498602783300144,0.5345125429807174
27188.0,0.0998616768392483,0.8383203888348056,0.061817934325946185
27431.0,0.012373919399544091,0.42057447020152916,0.5670516103989266
26336.0,0.017937512122619834,0.42173812483692047,0.5603243630404596
26611.0,0.3610590391634833,0.2874528489218626,0.35148811191465407
26069.0,0.5586042497254909,0.432678692401356,0.008717057873153057
26847.0,0.0,0.02095399092082171,0.9790460090791783
27084.0,0.0998616768392483,0.8383203888348056,0.061817934325946185
27385.0,0.07344459828579536,0.7903491788240891,0.13620622289011564
26430.0,0.018421647365553635,0.5186673004079551,0.4629110522264912
26157.0,0.024662240063240005,0.4459047156690034,0.5294330442677566
26146.0,0.06944444470613288,0.8006657667198787,0.12988978857398858
26417.0,0.07394826966948455,0.8606378935442704,0.06541383678624504
27382.0,0.0,0.03232850015687644,0.9676714998431236
27075.0,0.0,0.03996516333787497,0.9600348366621251
26832.0,0.0,0.03232850015687644,0.9676714998431236
26074.0,0.024165749427805857,0.48051322767900956,0.4953210228931845
26620.0,0.0,0.02095399157589017,0.9790460084241098
26351.0,0.006713614556954635,0.03844828060283391,0.9548381048402116
27432.0,0.024165749427805857,0.48051322767900956,0.4953210228931845
27195.0,0.07279394534721581,0.8161093236305358,0.11109673102224844
26653.0,0.0,0.04862143611648472,0.9513785638835153
26894.0,3.6124917721512893E-168,0.018009407450883946,0.9819905925491161
26283.0,0.018421647365553635,0.5186673004079551,0.4629110522264912
26552.0,0.32820533302149546,0.35456240374587905,0.3172322632326255
26014.0,0.07279394534297715,0.8161093236319034,0.11109673102511952
26954.0,0.056422552663149925,0.7888721950725577,0.15470525226429238
26713.0,0.06385815789816071,0.8196678888510945,0.11647395325074475
27263.0,0.32820533302149546,0.35456240374587905,0.3172322632326255
27500.0,0.48449574089935116,0.5092914994824774,0.006212759618171359
26485.0,0.0,0.04859096091142976,0.9514090390885702
26214.0,0.3369671496675833,0.2858662025116727,0.37716664782074394
26772.0,0.0,0.03232850015687644,0.9676714998431236
27015.0,0.05962523294344275,0.7896386190669138,0.1507361479896435
27553.0,0.2609578922368164,0.4238515340043457,0.31519057375883786
27314.0,0.0,0.03692976678321833,0.9630702332167816
26147.0,0.07273668541438474,0.8159730792544976,0.11129023533111772
26416.0,0.0,0.051335316464279884,0.9486646835357202
27383.0,0.0,0.03232850015687644,0.9676714998431236
27074.0,0.0,0.04841671157666856,0.9515832884233315
26833.0,0.018421647365557854,0.5186673004079502,0.46291105222649187
26075.0,0.00971316646573932,0.4696363588555437,0.520650474678717
26621.0,0.05962523294344275,0.7896386190669138,0.1507361479896435
26350.0,0.07279422596091245,0.8161093970163802,0.11109637702270737
27433.0,0.49959289906727217,0.4924501352441581,0.007956965688569751
27194.0,0.037060445766348475,0.6609376378292844,0.3020019164043671
26652.0,0.05962530737861724,0.7896384216878012,0.15073627093358158
26895.0,0.0,0.04862143611648472,0.9513785638835153
26282.0,0.01793751210985294,0.42173812464768856,0.5603243632424585
26553.0,0.07394826736877734,0.8606378948840784,0.06541383774714409
26015.0,0.590748892362324,0.40441876467272175,0.004832342964954212
26955.0,0.558600957725605,0.432681841085774,0.008717201188620986
26712.0,0.015627178480356656,0.44986027527398975,0.5345125462456535
27262.0,0.0,0.04862143611475966,0.9513785638852403
27501.0,0.6955009012589691,0.29847910786062437,0.006019990880406408
26484.0,0.2609578922368178,0.423851534004345,0.3151905737588372
26215.0,0.48448000443210454,0.509306631875232,0.0062133636926635346
26773.0,0.47375175846156437,0.5175584711634911,0.008689770374944537
27014.0,0.00971316646573932,0.4696363588555437,0.520650474678717
27552.0,0.07225892107095216,0.8304630476209933,0.09727803130805449
27315.0,0.09551112960656499,0.8169609086603322,0.0875279617331028
27380.0,0.06944444470607228,0.8006657667198012,0.1298897885741266
26834.0,0.0998616768392466,0.8383203888348049,0.06181793432594863
27073.0,0.009713167156309063,0.4696363724678395,0.5206504603758515
26419.0,0.5834200358474321,0.4075416800765164,0.00903828407605163
26144.0,0.0998616768392483,0.8383203888348056,0.061817934325946185
27193.0,0.590748892362324,0.40441876467272175,0.004832342964954212
27434.0,0.06944444470613288,0.8006657667198787,0.12988978857398858
26892.0,0.0241679289797635,0.48054376982153924,0.4952883011986974
26655.0,0.012373919399544091,0.42057447020152916,0.5670516103989266
26072.0,0.0,0.03996516333787484,0.9600348366621253
26349.0,0.06944444470610173,0.8006657667198448,0.1298897885740535
26622.0,0.07279394534297717,0.8161093236319031,0.11109673102511956
26715.0,0.07156306377562698,0.8305169854082654,0.09791995081610763
26952.0,0.020032629468808832,0.4623311880033482,0.5176361825278428
27502.0,0.5834200358474321,0.4075416800765164,0.00903828407605163
27261.0,0.09986164807725673,0.8383203621888651,0.06181798973387816
26554.0,0.0,0.06845581465014956,0.9315441853498504
26281.0,0.06385812402574689,0.819667921298173,0.11647395467608009
26012.0,0.33742312355095616,0.3430862118277117,0.31949066462133213
27013.0,0.5834200357798397,0.4075416801409228,0.009038284079237473
26774.0,0.33742312354682624,0.3430862118297654,0.3194906646234083
27312.0,0.015628340531987972,0.449877273690138,0.534494385777874
27555.0,0.015627178480356656,0.44986027527398975,0.5345125462456535
26212.0,0.0,0.04841671157666856,0.9515832884233315
26487.0,0.5538746162500935,0.4359269608280059,0.010198422921900594
27381.0,0.32820533302149546,0.35456240374587905,0.3172322632326255
26835.0,0.07345217889891548,0.7903143670778171,0.1362334540232674
27072.0,0.05962523294152766,0.7896386190636367,0.1507361479948356
26418.0,0.5834200358474356,0.40754168007651287,0.009038284076051551
26145.0,0.2794627064078972,0.3455956922977375,0.37494160129436527
27192.0,0.5834193725459557,0.4075423121188251,0.009038315335219357
27435.0,0.0,0.034652151783730246,0.9653478482162697
26893.0,0.695500901443506,0.2984791076817866,0.006019990874707431
26654.0,0.32017642513036515,0.321530645251387,0.3582929296182479
26073.0,0.0,0.04862143611468388,0.951378563885316
26348.0,0.4075432082948634,0.2767522085949002,0.3157045831102364
26623.0,0.015627178480356656,0.44986027527398975,0.5345125462456535
26714.0,0.07394826736878873,0.860637894884072,0.06541383774713928
26953.0,0.024662240063240005,0.4459047156690034,0.5294330442677566
27503.0,0.279462708807484,0.34559569504256793,0.3749415961499481
27260.0,0.6955009014434174,0.2984791076818724,0.006019990874710162
26555.0,0.06385812402574689,0.819667921298173,0.11647395467608009
26280.0,0.07279394534297333,0.8161093236319066,0.11109673102512001
26013.0,0.02003266511720357,0.4623311485516527,0.5176361863311438
27012.0,0.024662240063240005,0.4459047156690034,0.5294330442677566
26775.0,0.05642255266315014,0.7888721950725569,0.154705252264293
27313.0,0.3374208331241159,0.34308734084520776,0.31949182603067633
27554.0,0.3282053330214955,0.35456240374587905,0.31723226323262543
26213.0,0.0,0.05256911750236974,0.9474308824976303
26486.0,0.0,0.05973374773863285,0.9402662522613672
26616.0,0.48449270749497525,0.5092944164479337,0.00621287605709108
26347.0,0.0715630754038706,0.8305169845793634,0.09791994001676611
26078.0,0.012373919399544091,0.42057447020152916,0.5670516103989266
26649.0,0.07090284184185008,0.7322763490152259,0.19682080914292405
26890.0,0.024165749427805857,0.48051322767900956,0.4953210228931845
27436.0,0.0,0.059733747736635645,0.9402662522633644
27199.0,0.024662240063240005,0.4459047156690034,0.5294330442677566
26150.0,0.0,0.04841671157666856,0.9515832884233315
26421.0,0.009858119120973926,0.468564334601601,0.521577546277425
27079.0,0.07344459828327445,0.7903491788197023,0.13620622289702314
26836.0,0.07156306377562698,0.8305169854082654,0.09791995081610763
27378.0,0.06944444470613288,0.8006657667198787,0.12988978857398858
26481.0,0.009889203071871584,0.4227593003022326,0.5673514966258958
26210.0,0.020032629468808832,0.4623311880033482,0.5176361825278428
27557.0,0.01793751210985294,0.42173812464768856,0.5603243632424585
27318.0,0.07279394534297678,0.8161093236319042,0.111096731025119
26768.0,0.3282053330214949,0.35456240374587933,0.31723226323262577
27011.0,0.009889203071871584,0.4227593003022326,0.5673514966258958
26010.0,0.012373919399544091,0.42057447020152916,0.5670516103989266
26287.0,0.48449574090077124,0.509291499481112,0.006212759618116848
26556.0,0.07279394534297333,0.8161093236319066,0.11109673102512001
27259.0,0.3370281541994208,0.28583768687904604,0.3771341589215332
27496.0,0.07394826736877734,0.8606378948840784,0.06541383774714409
26958.0,0.0,0.03232850015687841,0.9676714998431216
26717.0,0.09986167683927617,0.838320388834778,0.06181793432594586
26617.0,0.020032629468808832,0.4623311880033482,0.5176361825278428
26346.0,0.05664479354426631,0.7891253039222941,0.15422990253343952
26079.0,0.33414993224592127,0.2894021384676044,0.37644792928647436
26648.0,0.0,0.04849919445322103,0.951500805546779
26891.0,0.34867512066464335,0.33099373590202325,0.3203311434333334
27437.0,0.06512217513443652,0.7225429886051239,0.21233483626043953
27198.0,0.01793751210985294,0.42173812464768856,0.5603243632424585
26151.0,0.09986167684876955,0.8383203888253604,0.06181793432586996
26420.0,0.02416574942780653,0.4805132276790093,0.4953210228931842
27078.0,0.33742312355095616,0.3430862118277117,0.31949066462133213
26837.0,0.06944444470613288,0.8006657667198787,0.12988978857398858
27379.0,0.09986167683942768,0.8383203888346277,0.06181793432594474
26480.0,0.0,0.06845581540534228,0.9315441845946577
26211.0,0.006713614556954635,0.03844828060283391,0.9548381048402116
27556.0,0.2870393543350529,0.4341130845886203,0.27884756107632674
27319.0,0.024662240063240005,0.4459047156690034,0.5294330442677566
26769.0,0.33742312355091203,0.34308621182778154,0.3194906646213065
27010.0,0.26094871941003545,0.4238644941201557,0.31518678646980886
26011.0,0.024165749427805857,0.48051322767900956,0.4953210228931845
26286.0,0.3518563142014614,0.6287480185216049,0.019395667276933638
26557.0,0.020032629468808832,0.4623311880033482,0.5176361825278428
27258.0,0.024165749427805857,0.48051322767900956,0.4953210228931845
27497.0,0.018421647365553635,0.5186673004079551,0.4629110522264912
26959.0,0.07279394534297333,0.8161093236319066,0.11109673102512001
26716.0,0.48449573358086545,0.509291505187201,0.006212761231933526
26888.0,0.06944444470613288,0.8006657667198787,0.12988978857398858
26651.0,0.0,0.04841671157666856,0.9515832884233315
27197.0,0.28653874479325125,0.3595932077214575,0.35386804748529127
27438.0,0.0,0.03996516333787484,0.9600348366621253
26345.0,0.2870393543345246,0.43411308458885306,0.2788475610766224
26618.0,0.5538746162494769,0.4359269608283765,0.010198422922146688
26076.0,0.0,0.03693046470257668,0.9630695352974233
26838.0,0.27939300443972803,0.3456331437594327,0.3749738518008392
27077.0,0.07279394534297333,0.8161093236319066,0.11109673102512001
27376.0,0.2870393543350523,0.43411308458862063,0.2788475610763271
26423.0,0.0,0.02095399092082171,0.9790460090791783
26148.0,0.015627178480356656,0.44986027527398975,0.5345125462456535
27316.0,0.015627178480356656,0.44986027527398975,0.5345125462456535
27559.0,0.2870393302935405,0.4341131186590292,0.27884755104743036
27009.0,0.00971316646573932,0.4696363588555437,0.520650474678717
26770.0,0.47375175846156437,0.5175584711634911,0.008689770374944537
26208.0,0.056422552663149925,0.7888721950725577,0.15470525226429238
26483.0,0.2794627064078974,0.34559569229773746,0.3749416012943652
27498.0,0.590748892362324,0.40441876467272175,0.004832342964954212
27257.0,0.0,0.03996516333787484,0.9600348366621253
26719.0,0.4995929014445989,0.4924501329736863,0.00795696558171493
26956.0,0.1501176915097474,0.755769215212891,0.09411309327736156
26008.0,0.07279394534297333,0.8161093236319066,0.11109673102512001
26558.0,0.2870393543350529,0.4341130845886203,0.27884756107632674
26285.0,0.071110934007699,0.7321125757481588,0.19677649024414223
26889.0,0.28653874479325125,0.3595932077214575,0.35386804748529127
26650.0,0.07111093400641354,0.7321125757463348,0.19677649024725166
27196.0,0.5907488907003929,0.40441876628675444,0.004832343012852632
27439.0,0.00971316646573932,0.4696363588555437,0.520650474678717
26344.0,0.2600223207521477,0.4251746542156642,0.3148030250321881
26619.0,0.07394826842958255,0.8606378942663198,0.06541383730409765
26077.0,0.07344459831871672,0.7903491788346519,0.13620622284663148
26839.0,0.01793751210985294,0.42173812464768856,0.5603243632424585
27076.0,3.6124917721512893E-168,0.018009407450883946,0.9819905925491161
27377.0,0.07279394534297333,0.8161093236319066,0.11109673102512001
26422.0,0.3484223556195547,0.33080214598081265,0.3207754983996327
26149.0,0.0,0.032328500156876425,0.9676714998431236
27317.0,0.0,0.036928955337586195,0.9630710446624138
27558.0,0.48449572733743157,0.5092915125238198,0.006212760138748707
27008.0,0.6187328774589477,0.3751196637178435,0.006147458823208759
26771.0,0.09986875647188355,0.8383133657158905,0.06181787781222594
26209.0,0.06944444470612555,0.8006657667198848,0.1298897885739896
26482.0,0.07279394534297333,0.8161093236319066,0.11109673102512001
27499.0,0.07394826736877734,0.8606378948840784,0.06541383774714409
27256.0,0.5907488923623271,0.4044187646727187,0.004832342964954194
26718.0,0.018421647365553635,0.5186673004079551,0.4629110522264912
26957.0,0.0998616768392483,0.8383203888348056,0.061817934325946185
26009.0,0.07394826736877734,0.8606378948840784,0.06541383774714409
26559.0,0.3374231235466946,0.3430862118298123,0.319490664623493
26284.0,0.47375175846156437,0.5175584711634911,0.008689770374944537
26963.0,0.06944444546605004,0.8006657669147219,0.1298897876192282
26688.0,0.3484223556195547,0.33080214598081265,0.3207754983996327
27238.0,0.28653874479325125,0.3595932077214575,0.35386804748529127
27509.0,0.02467317111412575,0.44590105030599736,0.5294257785798769
26290.0,0.0998616768392483,0.8383203888348056,0.061817934325946185
26529.0,0.024165749427805857,0.48051322767900956,0.4953210228931845
25991.0,0.024662240063240005,0.4459047156690034,0.5294330442677566
26765.0,0.05642255266315605,0.7888721950725524,0.1547052522642916
27038.0,0.0,0.04849919445322105,0.951500805546779
27576.0,0.0,0.020953990998688304,0.9790460090013118
27307.0,0.07469621612423634,0.8602004648808841,0.06510331899487952
26476.0,0.009889203071871584,0.4227593003022326,0.5673514966258958
26239.0,0.2870393543350529,0.4341130845886203,0.27884756107632674
27375.0,0.009713166465761296,0.46963635885600113,0.5206504746782376
27098.0,0.4995929014445611,0.4924501329737229,0.007956965581715856
26825.0,0.47337618426852013,0.5179122212621918,0.008711594469288007
26171.0,0.07111093400769776,0.7321125757481597,0.1967764902441425
26408.0,0.0998616768392483,0.8383203888348056,0.061817934325946185
27441.0,0.2870393543350529,0.4341130845886203,0.27884756107632674
27170.0,0.4995929014445979,0.49245013297368717,0.007956965581714943
26628.0,0.01793751210985294,0.42173812464768856,0.5603243632424585
26903.0,0.28703935429574257,0.434113084619018,0.2788475610852394
26051.0,0.019374874365334693,0.5173547512848378,0.46327037434982743
26597.0,0.4459738603246586,0.2590628552499774,0.2949632844253639
26358.0,0.0,0.048621436116479,0.9513785638835209
26962.0,0.009889203071871584,0.4227593003022326,0.5673514966258958
26689.0,0.009858119120973933,0.468564334601601,0.521577546277425
27239.0,0.07111093401985968,0.7321125757665519,0.1967764902135885
27508.0,0.07111093400774245,0.7321125757480398,0.19677649024421776
26291.0,0.05622763364582303,0.49733515345265583,0.4464372129015211
26528.0,0.0,0.048416711576668194,0.9515832884233318
25990.0,0.6187328774589477,0.3751196637178435,0.006147458823208759
26764.0,3.6124917721512893E-168,0.018009407450883946,0.9819905925491161
27039.0,0.020032629741989386,0.4623311920395274,0.5176361782184832
27577.0,0.00971316646573932,0.4696363588555437,0.520650474678717
27306.0,0.07344456626868624,0.7903491228885142,0.13620631084279947
26477.0,0.07111093400768889,0.732112575748152,0.19677649024415905
26238.0,0.0,0.04281701520881125,0.9571829847911888
27374.0,0.0,0.03232850015687644,0.9676714998431236
27099.0,0.07279394534297333,0.8161093236319066,0.11109673102512001
26824.0,0.015627178480356656,0.44986027527398975,0.5345125462456535
26170.0,0.48449574090077124,0.509291499481112,0.006212759618116848
26409.0,0.0,0.05652065667509251,0.9434793433249076
27440.0,0.07344459828582466,0.7903491788241603,0.13620622289001508
27171.0,0.07279394534297333,0.8161093236319066,0.11109673102512001
26629.0,0.06268847799351002,0.7950628721747924,0.14224864983169758
26902.0,0.07156306377562698,0.8305169854082654,0.09791995081610763
26050.0,0.0,0.05492579797075819,0.9450742020292418
26596.0,0.009717963305038439,0.46963110890178783,0.5206509277931738
26359.0,0.07394826736877734,0.8606378948840784,0.06541383774714409
26531.0,0.00971316646613356,0.46963635886165955,0.5206504746722069
26288.0,0.009713172176575979,0.46963635260437187,0.5206504752190522
25989.0,0.0,0.04841671157666854,0.9515832884233315
26690.0,0.05642255260256892,0.7888721946245899,0.15470525277284125
26961.0,0.47375175846156437,0.5175584711634911,0.008689770374944537
27511.0,0.07279394534296803,0.8161093236318948,0.11109673102513722
27236.0,0.07156334449465601,0.8305163417707152,0.09792031373462873
26237.0,0.06385852969857128,0.8196677155912051,0.11647375471022368
26478.0,0.009889203071871584,0.4227593003022326,0.5673514966258958
27036.0,0.006713614174235313,0.038448280617824626,0.95483810520794
26767.0,0.020268912981655344,0.4620705932835063,0.5176604937348384
27305.0,0.0,0.029033755587513723,0.9709662444124864
27578.0,0.056422552663149925,0.7888721950725577,0.15470525226429238
26410.0,0.0,0.03692895533754211,0.9630710446624577
26169.0,0.015627178480356656,0.44986027527398975,0.5345125462456535
27373.0,0.06944444470613288,0.8006657667198787,0.12988978857398858
26827.0,0.015627178480356656,0.44986027527398975,0.5345125462456535
27096.0,0.0,0.03496732236823142,0.9650326776317685
26049.0,6.63459167426198E-211,0.045607492574855656,0.9543925074251444
26356.0,0.4459738603246624,0.2590628552499757,0.2949632844253619
26599.0,0.0,0.02909598163756313,0.9709040183624369
27168.0,0.024165749427805857,0.48051322767900956,0.4953210228931845
27443.0,0.009713166465709517,0.4696363588555573,0.5206504746787332
26901.0,0.005100539524858394,0.5232402226440157,0.4716592378311258
26630.0,0.00971316646573932,0.4696363588555437,0.520650474678717
26530.0,0.6955008883931343,0.29847912032912527,0.00601999127774046
26289.0,0.0,0.03692895533754211,0.9630710446624577
25988.0,0.484483968825459,0.5093028127979795,0.006213218376561391
26691.0,0.012373919399544091,0.42057447020152916,0.5670516103989266
26960.0,0.009889203071871584,0.4227593003022326,0.5673514966258958
27510.0,0.06950297743967138,0.8005298288795218,0.12996719368080678
27237.0,0.07111093366509166,0.732112575252147,0.1967764910827614
26236.0,0.07279394534297333,0.8161093236319066,0.11109673102512001
26479.0,1.2588141061504532E-114,0.02816101990451572,0.9718389800954842
27037.0,0.07156306377562698,0.8305169854082654,0.09791995081610763
26766.0,0.3484223543608691,0.33080214653532714,0.3207754991038037
27304.0,0.0562053112994905,0.7878803330049854,0.15591435569552411
27579.0,0.5586042452139814,0.43267869671643167,0.008717058069586952
26411.0,0.05962523294398137,0.7896386190675839,0.15073614798843474
26168.0,0.07111093400767103,0.7321125757481298,0.19677649024419905
27372.0,0.015627178480356656,0.44986027527398975,0.5345125462456535
26826.0,0.07394827044570186,0.8606378930922429,0.06541383646205534
27097.0,0.6955000179676413,0.2984799638733478,0.006020018159010928
26048.0,0.3610590391634833,0.2874528489218626,0.35148811191465407
26357.0,0.2529567377554042,0.4352507439039635,0.31179251834063226
26598.0,0.833374528238461,0.15067811839766895,0.015947353363870067
27169.0,0.059625262449706104,0.7896385461241321,0.15073619142616185
27442.0,3.6124917721512893E-168,0.018009407450883946,0.9819905925491161
26900.0,0.05962523294344133,0.7896386190669145,0.15073614798964424
26631.0,0.0,0.04841671157666856,0.9515832884233315
27580.0,0.09986167683924892,0.8383203888348045,0.06181793432594654
27311.0,0.5834200358474331,0.40754168007651537,0.009038284076051608
26761.0,0.5834200358474443,0.4075416800765044,0.009038284076051365
27034.0,0.024165749427805857,0.48051322767900956,0.4953210228931845
26472.0,0.0,0.05492533485557261,0.9450746651444274
26235.0,0.1327747504000611,0.8019440278606835,0.0652812217392553
27234.0,0.07344459828582466,0.7903491788241603,0.13620622289001508
27505.0,0.5834200295921811,0.4075416820059209,0.009038288401897996
26967.0,0.28653874479325125,0.3595932077214575,0.35386804748529127
26692.0,0.024165749427805857,0.48051322767900956,0.4953210228931845
25987.0,0.07394826747048494,0.8606378946894788,0.06541383784003614
26294.0,0.00971316646573932,0.4696363588555437,0.520650474678717
26533.0,0.5586042509097349,0.4326786912686671,0.008717057821598144
26624.0,0.09986168079433334,0.8383203849112838,0.06181793429438277
26899.0,0.2870393531004032,0.43411308513245617,0.27884756176714065
27445.0,0.009858119120973926,0.468564334601601,0.521577546277425
27174.0,0.07156307348229396,0.8305169847163508,0.09791994180135505
26593.0,0.5907488923623242,0.4044187646727215,0.004832342964954209
26354.0,0.0,0.034652180851650255,0.9653478191483498
26055.0,0.018421647365553635,0.5186673004079551,0.4629110522264912
27102.0,0.07279394534296948,0.81610932363191,0.1110967310251205
26829.0,0.11975344807112004,0.8186971417137253,0.06154941021515459
27371.0,0.0,0.03232850015687646,0.9676714998431234
26175.0,0.8334209543706268,0.15063567759657698,0.01594336803279622
26412.0,0.071110934007699,0.7321125757481588,0.19677649024414223
27581.0,0.07344459828582466,0.7903491788241603,0.13620622289001508
27310.0,0.00988920307187158,0.42275930030223274,0.5673514966258957
26760.0,0.5033869843033472,0.48869915916994405,0.007913856526708743
27035.0,0.07156345933231077,0.8305160712123992,0.09792046945528993
26473.0,0.01793751210985294,0.42173812464768856,0.5603243632424585
26234.0,0.020032629468808832,0.4623311880033482,0.5176361825278428
27235.0,0.2609578922330891,0.42385153400961273,0.3151905737572983
27504.0,0.09986167683954791,0.8383203888343136,0.061817934326138656
26966.0,0.07050594312190699,0.8009243197516742,0.12856973712641875
26693.0,0.32820533302146265,0.35456240374592124,0.3172322632326161
25986.0,0.024662240063240005,0.4459047156690034,0.5294330442677566
26295.0,0.059625245383825895,0.7896386343891963,0.15073612022697785
26532.0,0.07394826736877902,0.8606378948840773,0.06541383774714371
26625.0,0.0,0.03996516333787484,0.9600348366621253
26898.0,0.5906063730538308,0.40455717510916034,0.004836451837008826
27444.0,0.6187328774589477,0.3751196637178435,0.006147458823208759
27175.0,0.4459738603246624,0.2590628552499757,0.2949632844253619
26592.0,0.3370502920257369,0.28582726134622594,0.3771224466280372
26355.0,0.01793751210985294,0.42173812464768856,0.5603243632424585
26054.0,0.07279394534297488,0.8161093236319027,0.1110967310251224
27103.0,0.07395222248268069,0.8302964936818646,0.09575128383545461
26828.0,1.5589271643718116E-231,0.1871452054140834,0.8128547945859165
27370.0,0.024662240063240005,0.4459047156690034,0.5294330442677566
26174.0,0.5586042509097758,0.43267869126862774,0.008717057821596385
26413.0,0.2870393543350529,0.4341130845886203,0.27884756107632674
26233.0,0.06906686979785466,0.800249618524215,0.1306835116779304
26474.0,0.0998616768392483,0.8383203888348056,0.061817934325946185
27309.0,0.015627179007786596,0.44986027572425485,0.5345125452679584
27582.0,0.0,0.05652062354447167,0.9434793764555284
27032.0,0.34841721553380867,0.330804410441712,0.3207783740244794
26763.0,0.06385812402655099,0.8196679212964054,0.1164739546770435
25985.0,0.07394826736877734,0.8606378948840784,0.06541383774714409
26535.0,0.3610590391632863,0.28745284892195455,0.3514881119147591
26292.0,0.0,0.03996516333787484,0.9600348366621253
27507.0,0.3610590391634833,0.2874528489218626,0.35148811191465407
27232.0,0.05962523294344275,0.7896386190669138,0.1507361479896435
26694.0,0.059625182221785686,0.7896385322839105,0.15073628549430393
26965.0,3.6124917721512893E-168,0.018009407450883946,0.9819905925491161
26352.0,0.018421647365553635,0.5186673004079551,0.4629110522264912
26595.0,0.06944445056340126,0.8006657682193566,0.12988978121724218
26053.0,0.3370502920257369,0.28582726134622594,0.3771224466280372
26897.0,0.4995928892929303,0.4924501445791711,0.007956966127898693
26626.0,0.07394826736878225,0.8606378948840748,0.06541383774714285
27172.0,0.06948859871597664,0.8006770643607932,0.1298343369232302
27447.0,0.024662240063240005,0.4459047156690034,0.5294330442677566
26414.0,0.009889203071871584,0.4227593003022326,0.5673514966258958
26173.0,0.018421647397258892,0.518667300718595,0.46291105188414605
26831.0,0.4995929014445979,0.49245013297368717,0.007956965581714943
27100.0,1.2588140473302009E-114,0.02816101990430252,0.9718389800956975
27369.0,0.0,0.05256424255057879,0.9474357574494212
26232.0,0.07279394641542118,0.8161093213176379,0.11109673226694093
26475.0,0.5538746162501043,0.43592696082799554,0.010198422921900268
27308.0,0.009858119120973926,0.468564334601601,0.521577546277425
27583.0,0.0,0.034652151783730246,0.9653478482162697
27033.0,0.07279394534297333,0.8161093236319066,0.11109673102512001
26762.0,0.5586042509097756,0.4326786912686279,0.00871705782159639
25984.0,0.2609578899575629,0.423851537224632,0.315190572817805
26534.0,0.695500901411242,0.29847910771305414,0.006019990875703881
26293.0,0.012373919399544091,0.42057447020152916,0.5670516103989266
27506.0,0.07344459828582466,0.7903491788241603,0.13620622289001508
27233.0,0.28653874479325125,0.3595932077214575,0.35386804748529127
26695.0,0.009858119120973926,0.468564334601601,0.521577546277425
26964.0,6.63459167426198E-211,0.045607492574855656,0.9543925074251444
26353.0,0.32820533302149285,0.35456240374588033,0.3172322632326267
26594.0,0.618729051555042,0.3751233630582665,0.006147585386691492
26052.0,0.06385812402027904,0.8196679212888367,0.11647395469088416
26896.0,0.07279394534301031,0.8161093236318259,0.11109673102516383
26627.0,0.0998616768392483,0.8383203888348056,0.061817934325946185
27173.0,0.33742312355095616,0.3430862118277117,0.31949066462133213
27446.0,0.47375175846156437,0.5175584711634911,0.008689770374944537
26415.0,0.07111093627325732,0.7321125698924952,0.19677649383424758
26172.0,0.3484223464409778,0.33080215776258814,0.32077549579643394
26830.0,0.009858119120973926,0.468564334601601,0.521577546277425
27101.0,0.009889203071871584,0.4227593003022326,0.5673514966258958
27368.0,0.0,0.05256911748728119,0.9474308825127188
27367.0,0.5907488923623251,0.4044187646727207,0.0048323429649542
27090.0,0.024662240063240005,0.4459047156690034,0.5294330442677566
26817.0,0.07156306377562698,0.8305169854082654,0.09791995081610763
26163.0,0.009713166466828928,0.4696363588543515,0.5206504746788195
