26275.0,3.760242393010419E-11,1.3977532271874143E-6,0.9999986022091705
26544.0,0.011454774063577245,0.9885260787679371,1.9147168485630143E-5
26006.0,0.010408637485443593,0.9895835947197255,7.76779483108351E-6
26946.0,0.03141324348853331,0.9685866186017458,1.3790972088949102E-7
26705.0,0.9926670066160284,0.007332993293582747,9.038886217105772E-11
27255.0,0.8032409385850099,0.1930521066312582,0.0037069547837318712
27492.0,0.9975586568260142,0.0024413431354972006,3.8488573158397595E-11
26493.0,0.022596733797128545,0.9773952485348855,8.017667986077162E-6
26222.0,6.830238783008966E-18,1.0353051425607044E-15,0.999999999999999
26780.0,1.6671358734300396E-6,0.044928474206467936,0.9550698586576586
27023.0,5.754638069919596E-14,5.051222096245458E-11,0.9999999999494302
27561.0,4.4012364859113544E-8,0.0033261418077149656,0.9966738141799202
27322.0,5.301887045491062E-6,7.941452437269369E-4,0.9992005528692276
26154.0,0.006774122884632725,0.9927199505684698,5.059265468973002E-4
26425.0,0.12740084376919258,0.8725970430033768,2.113227430592526E-6
27390.0,1.0887690283385616E-9,2.258362774899851E-6,0.999997740548456
27083.0,0.9981295816263773,0.0018704182679426986,1.0568005462169247E-10
26840.0,0.003735671917298324,0.99622826193211,3.6066150591762215E-5
26066.0,0.038380652109254475,0.9613748489337404,2.4449895700513936E-4
26612.0,7.364545627466494E-4,0.9992577457556011,5.799681652310323E-6
26343.0,0.023450220343884626,0.783075025161313,0.1934747544948024
27424.0,2.0456204714317592E-5,0.05755286127175136,0.9424266825235342
27187.0,0.05912969408810837,0.9408698356726631,4.702392284629258E-7
26645.0,0.12428607755298865,0.8757093876764738,4.534770537491322E-6
26886.0,0.7626652266205475,0.23717346622754898,1.6130715190359682E-4
26274.0,0.9766538811361666,0.023346108452938216,1.041089519885414E-8
26545.0,2.5200809031216124E-20,2.0556020335602608E-14,0.9999999999999793
26007.0,3.627616225273373E-11,1.085638911314371E-7,0.9999998913998327
26947.0,0.55087826542562,0.44887041835791,2.5131621646987E-4
26704.0,8.748203923896335E-17,8.205138968249103E-9,0.999999991794861
27254.0,0.009816760183052227,0.09833872733238293,0.8918445124845649
27493.0,5.503652121384114E-15,1.7311139243787454E-8,0.9999999826888551
26492.0,0.0021184612600087995,0.9978803652629068,1.1734770843886498E-6
26223.0,0.006284755040846909,0.9937106812513238,4.563707829317184E-6
26781.0,6.557081288069282E-4,0.9992286427833748,1.1564908781830599E-4
27022.0,0.8492736737723954,0.14872819616997526,0.0019981300576292754
27560.0,3.766192760638212E-16,2.5740848312924213E-12,0.9999999999974256
27323.0,9.448129774432668E-13,6.015119073712527E-7,0.9999993984871479
26155.0,0.13313522918555004,0.8257902690881563,0.04107450172629354
26424.0,9.529131032232592E-4,0.9990470143764678,7.252030902352097E-8
27391.0,0.9586670249509609,0.041189304779234555,1.4367026980445914E-4
27082.0,3.924593274148244E-5,0.9609017148805354,0.039059039186723044
26841.0,0.7438697652465327,0.25612487002291434,5.364730552849723E-6
26067.0,0.288818388442194,0.5339754372929688,0.1772061742648372
26613.0,0.04982944642822575,0.9501671988163065,3.3547554677402953E-6
26342.0,0.0077356563358018686,0.22672737982521896,0.7655369638389792
27425.0,2.9646254918071093E-28,1.2005241960897186E-17,1.0
27186.0,1.0947452840667446E-7,8.974994075373821E-6,0.9999909155313962
26644.0,4.5819225085494984E-5,0.02224998506605516,0.9777041957088594
26887.0,0.8384188816081355,0.1615647513390575,1.6367052807093545E-5
26707.0,2.964458421564787E-22,5.20666219366059E-19,1.0
26944.0,0.0021733818815806846,0.9972054610267945,6.211570916248573E-4
27494.0,4.0896714306263253E-4,0.9995842967762744,6.73608066311214E-6
27253.0,0.12608562609057958,0.8738828306141944,3.1543295225980015E-5
26546.0,0.704005102241542,0.29581430164960976,1.8059610884838293E-4
26273.0,0.009582850944676294,4.7894977715717287E-4,0.9899381992781666
26004.0,3.518826903675419E-17,1.24621598819244E-12,0.9999999999987537
27021.0,0.010564658655666656,0.9894272531445378,8.088199795568895E-6
26782.0,1.1011542871245787E-24,1.5038480885580152E-19,1.0
27320.0,4.972575041440058E-15,9.465208828376577E-10,0.999999999053474
27563.0,0.8581259904853076,0.1418739316528518,7.78618407422606E-8
26220.0,0.004008103642436175,0.9901779850576243,0.005813911299939647
26495.0,2.224651757053867E-12,2.33322225588389E-5,0.9999766677752164
27388.0,2.4670572960995172E-11,4.959450379108215E-7,0.9999995040302915
26842.0,0.07968799977823367,0.8991072179279638,0.02120478229380252
27081.0,0.18633279732217412,0.7997462537244878,0.013920948953338013
26427.0,0.062460540134874815,0.012170029542562404,0.9253694303225627
26152.0,4.2436759107317005E-4,0.998170328336444,0.0014053040724827947
27185.0,9.634556113098988E-11,8.99575471947167E-10,0.999999999004079
27426.0,0.032596174884244176,0.9673990884773086,4.736638447310654E-6
26884.0,0.020344957304991508,0.9796519933298705,3.0493651379347513E-6
26647.0,2.9926370915901167E-35,1.118152451133893E-28,1.0
26064.0,2.3354207293464715E-17,7.598279709254591E-14,0.999999999999924
26341.0,0.0011629819180457167,0.06999809279082572,0.9288389252911285
26614.0,0.8736011483665796,0.12639684559380754,2.006039612833507E-6
26706.0,1.844160668225446E-9,7.921439679502644E-6,0.9999920767161598
26945.0,2.1327506375167723E-16,2.172106472291787E-8,0.999999978278935
27495.0,7.232867543050001E-10,0.9124136210589817,0.0875863782177316
27252.0,0.020097590207221867,0.8673527745580655,0.11254963523471265
26547.0,0.9914178599664087,0.00858213835185564,1.6817355243207884E-9
26272.0,1.3233581761074977E-7,1.7710636239694687E-6,0.9999980966005585
26005.0,0.13169135488648787,0.8500285522584764,0.01828009285503573
27020.0,0.9635155144324143,0.03648445926628358,2.630130216543787E-8
26783.0,0.05031358724357821,0.9496361985937628,5.021416265907851E-5
27321.0,0.018776542726788394,0.9812217676913844,1.689581827213732E-6
27562.0,0.7733626577135605,0.22663729401890673,4.826753283252832E-8
26221.0,0.015858120335787946,0.9841383712980631,3.5083661489454816E-6
26494.0,0.023796734892065147,0.7807773626376394,0.19542590247029543
27389.0,1.0821961645344632E-12,3.6399381657652904E-8,0.9999999635995361
26843.0,7.617152292606188E-18,3.7261899882139837E-10,0.9999999996273811
27080.0,0.9845935275416245,0.015406429418502572,4.303987296076994E-8
26426.0,0.016206574843016897,0.004124549998311021,0.9796688751586722
26153.0,0.2966009791283846,0.7029441548145207,4.548660570947738E-4
27184.0,0.7646848681984035,0.23531476302919446,3.6877240203864886E-7
27427.0,2.4708531071673127E-14,1.3258020983951279E-8,0.9999999867419542
26885.0,1.3939390181609652E-4,0.9974249596314556,0.002435646466728393
26646.0,0.986847235408414,0.013152760356460541,4.235125458305019E-9
26065.0,0.06954396789922686,0.9302742793461836,1.8175275458964612E-4
26340.0,2.2571272718303264E-14,8.26539737906304E-12,0.9999999999917121
26615.0,4.8548029586774054E-5,0.995011323385511,0.004940128584902214
25951.0,4.0519290323009013E-4,0.87781287943039,0.12178192766637999
26489.0,0.18191355333028078,0.8165324307572069,0.001554015912512304
26218.0,5.281080184405658E-9,3.5079401038492933E-4,0.9996492007085349
27565.0,5.125960754426712E-4,0.9994830321615514,4.371763005882562E-6
27326.0,0.1834300505477002,0.8165693000278559,6.494244439311284E-7
26776.0,4.4504568695465027E-13,6.551469014283133E-10,0.9999999993444081
27019.0,0.07317860893101136,0.9260365982228678,7.847928461208657E-4
26002.0,5.187343979040947E-9,3.3315866206671195E-6,0.9999966632260353
26279.0,2.8302070994231143E-15,6.580305357236727E-11,0.9999999999341941
26548.0,0.04717574968629114,0.9528214120396754,2.838274033560706E-6
27251.0,0.10292867407289688,0.8970650313274519,6.2945996512214055E-6
27488.0,0.4326853265796202,0.5673146173049828,5.6115397128209204E-8
26950.0,0.7117504416877849,0.2882494717106285,8.66015866162087E-8
26709.0,2.9042673794538392E-27,1.8533512418950403E-25,1.0
26608.0,0.04542670451731322,0.9545539539171868,1.9341565499878522E-5
26339.0,0.28963466238769964,0.7103612970806087,4.040531691804851E-6
26070.0,0.23566488579288708,0.7339883249459792,0.030346789261133784
26641.0,3.503185766407175E-5,0.08346319259759434,0.9165017755447415
26882.0,0.9980984049394899,0.0019015950350362082,2.5474007993433495E-11
27428.0,0.4532084125179937,0.5467836805992122,7.90688279406756E-6
27191.0,0.9589463626397439,0.04094608453464336,1.0755282561282508E-4
26158.0,4.809051996478697E-7,3.437596610897006E-4,0.9996557594337107
26429.0,0.1924068797217257,0.8075345684072455,5.855187102874252E-5
27087.0,0.001479654005068758,0.9984929679561653,2.7378038766036504E-5
26844.0,0.9403458731078109,0.059653875090128684,2.518020603249534E-7
27386.0,0.7500977199995408,0.24990065072453266,1.629275926608195E-6
25950.0,0.16879097024687853,0.8312063176807063,2.712072415281694E-6
26488.0,1.0303100002872777E-9,6.898878329207E-7,0.9999993090818571
26219.0,0.14522396350575428,0.8440656685013661,0.010710367992879666
27564.0,0.6797108498412847,0.32028801435511506,1.1358036003989546E-6
27327.0,0.0024621445547881654,0.9975205380174724,1.7317427739344135E-5
26777.0,2.0821384082589796E-4,0.03515913425570189,0.9646326519034721
27018.0,6.571720703059736E-10,3.4021960086482937E-6,0.9999965971468192
26003.0,0.020113024507259835,0.979861151442168,2.5824050572248373E-5
26278.0,1.4027938869883528E-5,0.006938309105018609,0.9930476629561115
26549.0,0.8621649443398519,0.13783478413523553,2.715249125441082E-7
27250.0,0.06351786509024174,0.9364391864176624,4.294849209572847E-5
27489.0,0.0048061296771031515,0.9951811394525802,1.2730870316674062E-5
26951.0,0.12905729567040441,0.8708364027228414,1.0630160675422867E-4
26708.0,2.6226293559729395E-4,8.771902821461808E-4,0.9988605467822564
26609.0,0.8436730694475594,0.15632646138362863,4.691688119678809E-7
26338.0,0.949172793657827,0.05082720532000397,1.0221689866915845E-9
26071.0,1.1895511754679696E-4,0.8782995924499906,0.12158145243246263
26640.0,2.368722396271322E-8,0.001275854225478751,0.9987241220872973
26883.0,2.4573127945012027E-5,0.06591565491438059,0.9340597719576744
27429.0,0.919307933957523,0.0806419918247179,5.007421775914428E-5
27190.0,0.380324891736761,0.6195752445189028,9.986374433640812E-5
26159.0,1.6694804501317673E-11,1.3347693238067602E-9,0.999999998648536
26428.0,6.486004966040008E-17,2.396092955769898E-12,0.9999999999976039
27086.0,0.7780520882829447,0.12672730060550116,0.0952206111115542
26845.0,2.07956754866097E-17,3.859434420785182E-12,0.9999999999961404
27387.0,8.939401231407215E-12,8.26436973203048E-8,0.9999999173473633
27324.0,0.1275643822178577,0.8724158290141835,1.9788767958848153E-5
27567.0,0.16312718176106808,0.8368661816727159,6.636566216156535E-6
27017.0,0.9191473700308808,0.08085229204678682,3.37922332417445E-7
26778.0,0.9780807448716246,0.02191925270860316,2.4197723975920257E-9
25949.0,0.7803001057549264,0.21969369545531348,6.198789760194738E-6
26216.0,0.2387340201190053,0.7612658178136177,1.6206737714836498E-7
26491.0,0.007175136254469511,0.9926298672385133,1.949965070171644E-4
27490.0,1.0364926175287954E-22,8.071706406215751E-19,1.0
27249.0,1.2148346988988967E-12,2.7503392843402004E-10,0.9999999997237512
26711.0,0.5254921228722792,0.474505332584244,2.5445434767679765E-6
26948.0,1.8855821097236313E-6,2.4897877146945073E-5,0.9999732165407432
26000.0,7.681346732837175E-11,1.9409997665351333E-7,0.9999998058232099
26550.0,0.07750718005165488,0.9224831405704197,9.679377925479341E-6
26277.0,0.9968733445522246,0.0031266522983447163,3.149430623406829E-9
26880.0,0.7726790657556085,0.22602392902605348,0.001297005218337983
26643.0,7.455619941063602E-4,0.06547311092026102,0.9337813270856326
27189.0,0.020235610163453942,0.9797641342205999,2.556159461665488E-7
27430.0,2.9953944100524756E-19,1.3514668139979566E-15,0.9999999999999986
26337.0,0.0677445811644368,0.9322546736687413,7.451668219247795E-7
26610.0,0.9963336520914742,0.0036663478870134127,2.1512384225170668E-11
26068.0,0.20390359754581058,0.7960945387909739,1.8636632154685218E-6
26846.0,0.004635464960598818,0.9942994518548405,0.0010650831845607715
27085.0,1.3288456416533825E-4,0.04768609175656889,0.9521810236792657
27384.0,0.9907122188409688,0.009287780696775647,4.622555380026154E-10
26431.0,2.6091060311756785E-6,3.101801507719457E-4,0.9996872107431969
26156.0,0.9989281332412152,0.0010718667405875137,1.8197311647874052E-11
27325.0,8.340580988960292E-12,5.2232287237604224E-11,0.9999999999394271
27566.0,5.849199062222222E-22,3.654472688372211E-16,0.9999999999999996
27016.0,0.001670862472204241,0.04814117670483298,0.9501879608229628
26779.0,0.0018457323819805645,0.9884185382057481,0.009735729412271313
26217.0,0.4631064648154134,0.5368819816146213,1.1553569965361879E-5
26490.0,2.2599584924316275E-9,3.613155303757553E-5,0.999963866187004
27491.0,8.2022482992139855E-25,4.88687024139627E-19,1.0
27248.0,0.5734114949399397,0.4043494275569034,0.02223907750315686
26710.0,0.9954646843545283,0.004535315007966918,6.375049438944698E-10
26949.0,0.001038349272064511,0.9989615166294358,1.3409849967928458E-7
26001.0,3.629091628561767E-11,4.699849918309599E-8,0.9999999529652099
26551.0,2.509883023202371E-15,5.686700370745928E-11,0.9999999999431304
26276.0,4.926261079332478E-10,2.3667619348234612E-7,0.9999997628311804
26881.0,0.005469293838944776,0.9945289060340252,1.8001270299302838E-6
26642.0,0.25530400350939714,0.1083561140654799,0.636339882425123
27188.0,0.05508527354664871,0.9449065550847742,8.171368577200873E-6
27431.0,6.189958715303681E-4,0.9993193823761771,6.162175229248108E-5
26336.0,1.34646235924767E-15,1.2013258757325992E-10,0.9999999998798661
26611.0,2.5558667856880135E-12,3.282313118064566E-11,0.999999999964621
26069.0,0.35644684675812954,0.643503777446532,4.937579533840224E-5
26847.0,6.258621396421311E-29,1.9831016759750743E-22,1.0
27084.0,1.246841387155373E-7,8.37529898805649E-5,0.9999161223259807
27385.0,0.12263885865021887,0.8757979209176987,0.0015632204320824828
26430.0,0.006761402032212591,0.9928353944728268,4.032034949606036E-4
26157.0,0.0014515241685236259,0.02380838936890418,0.9747400864625722
26146.0,0.021463722052524947,0.9783172985260211,2.1897942145398603E-4
26417.0,0.007643168886946533,0.9923368882469527,1.994286610083409E-5
27382.0,1.0511270581961337E-19,1.5563835945949976E-14,0.9999999999999843
27075.0,2.8672598217085143E-24,2.144292363416946E-17,1.0
26832.0,0.0017392466785799824,0.02921886314366907,0.969041890177751
26074.0,0.0015093405549740325,0.5260649615233178,0.4724256979217082
26620.0,0.03176988056322239,0.903618162237721,0.06461195719905655
26351.0,1.1166402248364856E-10,3.5332567372748864E-10,0.9999999995350103
27432.0,1.7930652432045816E-9,4.3449099899606277E-7,0.9999995637159357
27195.0,0.12787865709560914,0.872059453979247,6.188892514381025E-5
26653.0,1.2800902538104783E-20,1.4698911212676526E-15,0.9999999999999986
26894.0,1.882235678095932E-8,2.6231984678946215E-8,0.9999999549456585
26283.0,0.0012980375516010079,0.2930036848711349,0.7056982775772641
26552.0,0.4810681195276505,0.49997312879063005,0.01895875168171951
26014.0,0.01309248602553425,0.9867689565930854,1.3855738138038987E-4
26954.0,2.424254910862708E-6,1.7469332167344807E-4,0.9998228824234157
26713.0,0.0027069410197574934,0.9972847853079198,8.273672322722538E-6
27263.0,8.106181762026874E-8,4.891177991431754E-4,0.9995108011390392
27500.0,0.08328341741918807,0.9167082984283444,8.284152467541505E-6
26485.0,9.953072960417669E-8,1.145652133984055E-5,0.9999884439479305
26214.0,0.09914464151428128,0.1090755839263393,0.7917797745593793
26772.0,2.6820022097351354E-20,6.257488183484755E-14,0.9999999999999375
27015.0,3.577264029778426E-5,0.9410204955979933,0.058943731761709
27553.0,0.007258543074031156,0.7666384891082513,0.2261029678177176
27314.0,0.5481217943312048,0.4518768094344592,1.396234335912434E-6
26147.0,2.2733489173254212E-17,3.4562233771548175E-12,0.9999999999965438
26416.0,1.362335547829768E-9,1.9346485613389427E-6,0.9999980639891031
27383.0,8.081700603970767E-26,1.0021665865055491E-22,1.0
27074.0,4.2938961789417045E-19,3.853820386492095E-14,0.9999999999999615
26833.0,0.6455214229072077,0.3544506309002337,2.7946192558691854E-5
26075.0,4.483709378221676E-8,0.0015161791352039957,0.9984837760277023
26621.0,0.04075900274796171,0.9592406902878894,3.0696414889271296E-7
26350.0,0.9220083795689712,0.07799158866881949,3.176220933430659E-8
27433.0,0.24681473345356295,0.7531808846673381,4.38187909888242E-6
27194.0,0.3895857471278593,0.609035777243648,0.0013784756284926974
26652.0,0.029896472775574702,0.9695913447916893,5.121824327361345E-4
26895.0,4.2374650468076454E-4,0.4295463793953092,0.57002987410001
26282.0,9.308489597605906E-7,4.1235679237127597E-4,0.999586712358669
26553.0,0.04949130828804085,0.950503004983276,5.6867286830863255E-6
26015.0,0.9872894289197915,0.012710152905502241,4.1817470618886E-7
26955.0,0.24419001429251758,0.7558051089095028,4.876797979654823E-6
26712.0,0.017292333515341273,0.9785156127770835,0.004192053707575108
27262.0,1.3904309102598546E-19,6.006885653462507E-14,0.9999999999999399
27501.0,0.7071117413629189,0.2928866422963045,1.6163407767733866E-6
26484.0,0.5631198211513879,0.43679071023452404,8.946861408804875E-5
26215.0,0.14090736846593363,0.8590900955874002,2.5359466661346797E-6
26773.0,0.9019350174325809,0.09806498164190361,9.255154816940658E-10
27014.0,0.008472158296211339,0.9876386724687649,0.0038891692350238333
27552.0,0.0010890358591802611,0.9988393993280589,7.156481276083918E-5
27315.0,0.04984357713475023,0.9501543454205819,2.077444667891049E-6
27380.0,3.5715558604686695E-7,0.394368943888023,0.6056306989563909
26834.0,1.3456817113932069E-9,6.109275402396377E-5,0.9999389059002943
27073.0,3.807305377549481E-4,0.9965512840901236,0.003067985372121478
26419.0,0.9972871001512741,0.0027128996386842617,2.1004169778459254E-10
26144.0,0.14700459735288393,0.8458906228561486,0.007104779790967567
27193.0,0.998540271903456,0.0014597280853054404,1.1238652893879013E-11
27434.0,0.0033265568825864063,0.9966431249053983,3.0318212015339533E-5
26892.0,0.6233454774052164,0.376654392222656,1.303721275901586E-7
26655.0,0.016364610407905624,0.9792879072013914,0.004347482390703073
26072.0,7.824109528154748E-30,9.245105162022095E-19,1.0
26349.0,4.996296498741077E-5,0.9999392264283022,1.0810606710197242E-5
26622.0,0.14745410537551254,0.8525415618274668,4.332797020622313E-6
26715.0,4.6216930464746894E-4,0.9995373470652512,4.836301011989732E-7
26952.0,0.5545838698635365,0.4454046782852415,1.1451851221930537E-5
27502.0,0.9350334535175665,0.06496651644111498,3.0041318601321E-8
27261.0,7.045795272168407E-4,0.9991991623091472,9.625816363595781E-5
26554.0,7.245785870820683E-8,3.6584646364028217E-4,0.999634081078501
26281.0,1.611671546024364E-9,6.827874646679285E-9,0.9999999915604537
26012.0,3.4146520896342136E-6,0.002656990826982466,0.9973395945209279
27013.0,0.9362994670456816,0.06370051124646851,2.170785000444391E-8
26774.0,0.05083971036314305,0.12450519567829814,0.8246550939585588
27312.0,4.2526713733979646E-5,0.29019634235093045,0.7097611309353357
27555.0,1.963001441528508E-6,7.650185936296344E-4,0.9992330184049288
26212.0,2.6319747215861173E-25,6.532168798838243E-20,1.0
26487.0,0.8700401107385349,0.1299595883524232,3.009090418815339E-7
27381.0,4.269420258871644E-13,3.715529725214273E-11,0.9999999999624178
26835.0,2.515687027871777E-4,0.12992317742480672,0.8698252538724062
27072.0,2.7516847928710355E-5,0.9989237317550266,0.0010487513970447084
26418.0,0.992140191122541,0.007859808283005757,5.944531933712204E-10
26145.0,6.534148448740724E-25,1.6552381238013663E-19,1.0
27192.0,0.2615300160369539,0.7384609481164357,9.035846610328008E-6
27435.0,2.4461128294886865E-4,0.052582563194601216,0.94717282552245
26893.0,0.9986677333445649,0.0013322666463405131,9.094579697534113E-12
26654.0,6.52009631367452E-4,0.9970848765848557,0.002263113783776924
26073.0,3.5830423870681206E-13,2.4323127797381937E-8,0.9999999756765139
26348.0,1.4442366535726558E-6,0.013525834052971187,0.9864727217103753
26623.0,6.835817345459862E-9,1.174079695474692E-5,0.999988252367228
26714.0,0.3832531699996427,0.6167419271092915,4.902891065812124E-6
26953.0,2.161124054653665E-5,2.798535359186473E-4,0.9996985352235348
27503.0,0.018147601416760143,0.9818341293603996,1.8269222840296807E-5
27260.0,0.9641143744842345,0.03588500132722314,6.241885422975629E-7
26555.0,0.0013597335654292016,0.9986152435105455,2.5022924025221012E-5
26280.0,0.5066743690622703,0.4933105984470504,1.503249067933613E-5
26013.0,1.5494968482076706E-15,6.850443143962653E-11,0.999999999931494
27012.0,6.024900584167779E-11,1.0409634238869344E-6,0.9999989589763271
26775.0,4.448553820517284E-6,4.886485413687192E-4,0.9995069029048108
27313.0,1.763429699033566E-4,0.0029603984788994933,0.9968632585511972
27554.0,3.1666693821197784E-4,0.9996823732196342,9.598421539145843E-7
26213.0,3.718322430890417E-8,6.222645201348298E-8,0.9999999005903237
26486.0,2.3944069802160614E-6,3.0793221635045537E-5,0.9999668123713847
26616.0,0.008836154080763013,0.9911600328047127,3.8131145244363233E-6
26347.0,0.008922014598572059,0.9910108295246122,6.715587681583911E-5
26078.0,3.9427084355818725E-15,1.5518344821576918E-12,0.9999999999984442
26649.0,6.855447600279501E-5,4.590399794660974E-4,0.9994724055445312
26890.0,0.04197639369466926,0.9557855428020009,0.002238063503329812
27436.0,1.2367421014647837E-23,9.850911846453139E-17,0.9999999999999999
27199.0,3.2300314921567266E-10,3.496168292786446E-7,0.9999996500601676
26150.0,1.3055629678241639E-29,2.5981226072619892E-20,1.0
26421.0,0.2969707635129085,0.7030030469305533,2.6189556538135207E-5
27079.0,0.006565531760696793,0.9896774788087254,0.0037569894305778282
26836.0,0.01157547827798623,0.9884220125551564,2.509166857443757E-6
27378.0,0.618835690367054,0.38067485001947804,4.894596134679373E-4
26481.0,4.1567969054984347E-13,1.8512544449331326E-9,0.9999999981483298
26210.0,5.2362496246459475E-16,1.0439463702943488E-9,0.9999999989560532
27557.0,1.9355389701434278E-24,1.2542115156258315E-17,1.0
27318.0,0.05658074502729035,0.9434092785529582,9.976419751517284E-6
26768.0,2.6470416657507406E-6,0.007745315306533322,0.992252037651801
27011.0,2.3692811456198753E-18,1.8762490521559524E-13,0.9999999999998124
26010.0,3.87005009901834E-6,0.9824253475066561,0.01757078244324486
26287.0,0.6094720459449213,0.3905214225938475,6.53146123133489E-6
26556.0,0.02373591270732364,0.11521876013332914,0.8610453271593472
27259.0,0.06762797029635312,0.9322151005657098,1.5692913793719684E-4
27496.0,0.08253627348247218,0.9152128908210062,0.0022508356965214994
26958.0,2.702251887303984E-25,3.336998579946104E-20,1.0
26717.0,0.48138514282562384,0.5185272750325705,8.75821418057909E-5
26617.0,7.35096303465004E-5,0.003977351617292891,0.9959491387523606
26346.0,0.799476587548517,0.20052250922487697,9.032266059189013E-7
26079.0,8.347156528110602E-4,0.98065301821877,0.018512266128418966
26648.0,9.1862619793507E-10,8.82265247511372E-7,0.9999991168161263
26891.0,0.6686210489898063,0.3313721300844151,6.8209257785547925E-6
27437.0,1.773385313303848E-6,7.29076267770276E-4,0.9992691503469164
27198.0,2.7668350097490993E-27,1.2151117838185205E-21,1.0
26151.0,0.6259254490658059,0.3740745429995854,7.934608630386383E-9
26420.0,2.1164030335180784E-4,0.9993750037169575,4.1335597969064313E-4
27078.0,3.0860333633487552E-18,3.625365120528088E-12,0.9999999999963747
26837.0,0.0017988860325740352,0.982316561821228,0.015884552146198
27379.0,0.41308085347799156,0.5868744257084659,4.472081354251989E-5
26480.0,1.4260434475126338E-7,2.7993710709241124E-5,0.999971863684946
26211.0,0.9440211935063343,0.05594400867661768,3.479781704809705E-5
27556.0,2.03037365243882E-19,9.580360369419716E-12,0.9999999999904197
27319.0,1.9213388859030606E-17,6.426149095713284E-12,0.9999999999935738
26769.0,0.32401555527348547,0.6759729918875986,1.1452838915934906E-5
27010.0,0.002539386024499017,0.9974325232638174,2.8090711683579748E-5
26011.0,0.7583871149722561,0.24161120412665188,1.6809010919911953E-6
26286.0,0.2914284034384274,0.7082323232867274,3.3927327484518385E-4
26557.0,1.851685267309853E-13,1.673547932029846E-11,0.9999999999830794
27258.0,2.6607995313504887E-15,1.1681757102555007E-12,0.9999999999988292
27497.0,4.926979556721233E-19,4.460273614816069E-13,0.9999999999995539
26959.0,0.0012830687751355955,0.998713060955577,3.870269287397253E-6
26716.0,2.64165356049911E-4,0.9997346035217327,1.231122217359687E-6
26888.0,0.018165304869279274,0.981823852307298,1.0842823422827299E-5
26651.0,8.506567443102936E-15,1.0912919051598056E-8,0.9999999890870724
27197.0,0.683885646894762,0.31546017073682325,6.541823684148156E-4
27438.0,1.4820742685806511E-12,9.53393693992675E-10,0.9999999990451243
26345.0,0.05044339002444406,0.9479869479386791,0.0015696620368769367
26618.0,0.24308048969135232,0.7568015622050965,1.1794810355118689E-4
26076.0,5.597525386805372E-22,1.8407741118929328E-16,0.9999999999999999
26838.0,0.03402758997878984,0.7972885606048387,0.16868384941637163
27077.0,0.04308301649986353,0.9568993767630696,1.7606737066992073E-5
27376.0,1.590808073768564E-16,2.1272897187149736E-12,0.9999999999978725
26423.0,6.204553259236442E-21,2.750052441248186E-15,0.9999999999999973
26148.0,0.06047913994278097,0.9385441286870804,9.76731370138622E-4
27316.0,3.9348920752396955E-20,3.166607482343002E-15,0.9999999999999969
27559.0,2.054250483393175E-7,0.22172759866027064,0.7782721959146811
27009.0,2.423895801118215E-11,2.642763440784569E-7,0.999999735699417
26770.0,0.35440843108273556,0.645582233390968,9.335526296412107E-6
26208.0,2.6927485895081164E-5,0.9982891544072773,0.001683918106827695
26483.0,1.3894491720872244E-19,7.527678703368723E-17,0.9999999999999999
27498.0,0.30809719865866875,0.6912820264193502,6.207749219810676E-4
27257.0,1.9232851815365803E-5,0.0810384359751887,0.9189423311729958
26719.0,0.950554368477065,0.0494454218839236,2.096390113868803E-7
26956.0,0.5234488149646045,0.45307355628419327,0.023477628751202215
26008.0,0.48585921379847763,0.5137480554638032,3.927307377191883E-4
26558.0,0.0891681098264516,0.8880084352041031,0.02282345496944525
26285.0,0.0021228788157072144,0.9977847455141915,9.237567010131361E-5
26889.0,6.299851204949239E-12,6.635677664796547E-8,0.9999999336369235
26650.0,0.18818146083703052,0.8118116238986808,6.9152642886389895E-6
27196.0,0.2644355868783639,0.7355611696442158,3.2434774203703836E-6
27439.0,2.0562393747906742E-12,2.82148060876239E-9,0.9999999971764632
26344.0,2.0429397221556744E-4,0.046427618539412366,0.953368087488372
26619.0,0.5972300168535924,0.402769494806252,4.8834015549232E-7
26077.0,0.046867503993019324,0.9531269666018273,5.529405153447578E-6
26839.0,2.0253650043212803E-26,1.226118973895946E-19,1.0
27076.0,1.0706704831811112E-27,1.9411135292820425E-21,1.0
27377.0,0.9266155918040994,0.07338440762746509,5.684354845732076E-10
26422.0,5.601082533111623E-23,5.406918323914464E-18,1.0
26149.0,2.184160963227379E-15,2.3586717449942818E-15,0.9999999999999954
27317.0,2.5571863230445174E-12,3.406362142104718E-9,0.9999999965910807
27558.0,0.011492494856104292,0.9884871809971458,2.032414674989883E-5
27008.0,0.9590739220007541,0.040925905643400075,1.723558458464697E-7
26771.0,0.5655417708433282,0.43445770743700285,5.217196688591764E-7
26209.0,0.083661044192578,0.9162776471952632,6.130861215900639E-5
26482.0,1.0454346922752895E-8,6.792688756284139E-5,0.9999320626580902
27499.0,0.15722870232479633,0.8315748795760725,0.011196418099131142
27256.0,0.9747218451433652,0.02527815474584664,1.1078808736112117E-10
26718.0,0.9923825998238097,0.007617229916650739,1.7025953959067645E-7
26957.0,2.1370974187693195E-4,0.9518739148354248,0.04791237542269823
26009.0,0.001236067988141958,0.9987590028374659,4.929174392235658E-6
26559.0,0.0014529295984600065,0.0020620124093364374,0.9964850579922035
26284.0,0.9414329631587341,0.05856695734605769,7.949520819865704E-8
26963.0,0.01733415894250493,0.9826009210759153,6.491998157967802E-5
26688.0,4.5565591671858085E-17,1.4913899482121915E-13,0.9999999999998508
27238.0,0.027394876573080085,0.36727589341827377,0.6053292300086461
27509.0,0.06772015614068866,0.9322685653744458,1.127848486567011E-5
26290.0,0.3224182940455972,0.6775817045447673,1.4096354640032793E-9
26529.0,0.0869249174218296,0.8994968860667221,0.013578196511448372
25991.0,2.7986282270574127E-11,7.257717461209288E-9,0.9999999927142963
26765.0,4.3078788240205336E-4,0.9995674557797609,1.7563378369144854E-6
27038.0,2.012998835462538E-10,4.484000790426068E-7,0.9999995513986211
27576.0,1.1938070144882954E-19,1.8479446407825808E-12,0.999999999998152
27307.0,0.8441730416354255,0.15582693890679444,1.9457779960723927E-8
26476.0,0.9835460069357176,0.016453754871882827,2.3819239953665722E-7
26239.0,2.561009994335571E-14,1.3999281857297517E-10,0.9999999998599816
27375.0,0.29132535666543635,0.7086739623225917,6.81011971951449E-7
27098.0,0.9641179972382565,0.03588199138965466,1.1372088836724969E-8
26825.0,0.6117373873052733,0.38826254583461783,6.686010882939898E-8
26171.0,1.4309410306069523E-7,1.0427045768937123E-4,0.9998955864482076
26408.0,0.16416075656067933,0.41033795083755864,0.425501292601762
27441.0,0.056962872388258395,0.942468161941604,5.689656701375143E-4
27170.0,0.7874848302865941,0.2125089168134766,6.252899929272185E-6
26628.0,2.908310855167595E-8,0.14163640588033996,0.8583635650365515
26903.0,3.863586138902101E-5,0.9902553491839512,0.009706014954659637
26051.0,0.09787981184661317,0.9003893860830565,0.0017308020703302024
26597.0,2.4032357647530287E-4,0.999757541076058,2.1353474668433265E-6
26358.0,1.6422867714514808E-16,1.5540365108579905E-11,0.9999999999844594
26962.0,6.437839015717752E-4,0.9117103965815017,0.08764581951692667
26689.0,0.0059725655818580236,0.9939711882564456,5.6246161696352064E-5
27239.0,0.3997300850751767,0.6002428150641586,2.709986066474594E-5
27508.0,4.983142451719629E-5,0.9999420812844935,8.087290989327229E-6
26291.0,0.5247966668774333,0.4751912373123436,1.209581022304351E-5
26528.0,8.718068475778342E-10,4.71794530658745E-5,0.9999528196751273
25990.0,0.44029906583338513,0.5596965878557912,4.346310823547635E-6
26764.0,1.7005715556812255E-4,0.9996956799256209,1.3426291881107996E-4
27039.0,2.7422935471220303E-14,3.067011151978307E-10,0.9999999996932715
27577.0,0.0018106443660967108,0.5930091570460119,0.40518019858789145
27306.0,1.9500619720347092E-10,4.201388639193191E-4,0.9995798609410745
26477.0,1.950385532574803E-4,0.9990983878399075,7.06573606834989E-4
26238.0,3.46174089273825E-6,0.0059157345970346,0.9940808036620727
27374.0,2.6945320656829044E-26,2.8964035602667376E-20,1.0
27099.0,4.40587470347021E-5,0.9999022312668113,5.3709986154083066E-5
26824.0,0.0022110745964440434,0.18853464532833103,0.8092542800752249
26170.0,0.9977194623663614,0.002280537602778192,3.086038569036252E-11
26409.0,7.383022539574382E-4,0.7065199298704146,0.292741767875628
27440.0,1.7554388954293967E-15,4.1873086530886036E-9,0.9999999958126896
27171.0,0.4480412728284947,0.5519482518524271,1.047531907818537E-5
26629.0,0.0026470380188034753,0.9973335994277415,1.936255345506721E-5
26902.0,2.2493932132202265E-12,8.197099540712201E-10,0.9999999991780406
26050.0,4.747490766268437E-16,5.236369530849346E-14,0.9999999999999472
26596.0,5.414342116726648E-4,0.9149413544201401,0.08451721136818717
26359.0,0.00786908992098262,0.9920918367852885,3.907329372893036E-5
26531.0,0.10643369101194683,0.8935489354034934,1.7373584559659634E-5
26288.0,6.174343663344172E-19,1.5351165325242557E-15,0.9999999999999984
25989.0,6.884962622747182E-13,2.9166057009266542E-9,0.9999999970827058
26690.0,0.014818807083921463,0.9814939955852834,0.0036871973307951666
26961.0,0.893006666250136,0.10699253727815199,7.964717120034437E-7
27511.0,0.0012364337028646839,0.983705778053311,0.015057788243824238
27236.0,3.791581838438533E-4,0.998622481483885,9.983603322710234E-4
26237.0,0.04334581789888122,0.9566532196281357,9.624729831726774E-7
26478.0,0.013503705091465324,0.9852988507925708,0.0011974441159637995
27036.0,0.9020906770419977,0.09790884232568758,4.806323146894555E-7
26767.0,8.626897771339359E-9,1.6878475231477694E-6,0.9999983035255791
27305.0,9.305011726154116E-8,0.06454745900474564,0.935452447945137
27578.0,0.9052908998780336,0.0947090648527355,3.526923084096061E-8
26410.0,4.323200685667691E-12,3.7988980493486817E-7,0.9999996201058718
26169.0,0.6350218646920471,0.3649780203183473,1.14989605656973E-7
27373.0,0.9462878618136235,0.053712136852992386,1.3333842109550114E-9
26827.0,0.09434345752013994,0.905530223719966,1.263187598940186E-4
27096.0,0.9867271724661922,0.013272750425709388,7.710809840355008E-8
26049.0,1.520401710151905E-18,1.6410810832402827E-14,0.9999999999999837
26356.0,1.457393491060987E-5,3.139109437791589E-4,0.9996715151213103
26599.0,1.5127981959690065E-17,1.6756278524098651E-15,0.9999999999999983
27168.0,1.934289718595357E-4,0.00443171540586797,0.9953748556222725
27443.0,1.259381802114448E-16,6.197776751677702E-11,0.999999999938022
26901.0,3.9032399557143433E-25,2.380913950125101E-20,1.0
26630.0,2.535355346191784E-15,3.7067549877030613E-10,0.999999999629322
26530.0,0.9514194541275317,0.04858054234835127,3.5241170662747106E-9
26289.0,4.4021555723585414E-20,2.0506978370673758E-12,0.9999999999979492
25988.0,1.735760920625106E-4,0.9998195945185516,6.829389385862262E-6
26691.0,8.046259737394707E-28,1.058489034804646E-20,1.0
26960.0,0.8234090178087988,0.1765905866699456,3.955212555144473E-7
27510.0,0.330879733625472,0.6691188856801105,1.380694417499408E-6
27237.0,1.675351189436737E-20,7.015241535148334E-15,0.999999999999993
26236.0,0.005395669938295035,0.988117389264651,0.006486940797053865
26479.0,8.397948173501072E-11,1.126544728828151E-6,0.9999988733712917
27037.0,0.011107367347582983,0.9885240623623084,3.685702901086531E-4
26766.0,0.013256334422419292,0.3029888814022705,0.6837547841753103
27304.0,4.8324890108517466E-4,0.998546175979429,9.705751194859187E-4
27579.0,0.7107030211101756,0.28928325802524313,1.3720864581285553E-5
26411.0,0.323659333108316,0.6707486431771724,0.005592023714511529
26168.0,0.9630481021037524,0.03694603181901915,5.866077228488522E-6
27372.0,6.150479512750193E-9,1.5418959178327006E-6,0.9999984519536027
26826.0,0.025602646205133965,0.9743434008834967,5.395291136940574E-5
27097.0,0.9608714714192933,0.03912852030618127,8.27452541159291E-9
26048.0,3.690171203467829E-5,0.1047997603230916,0.8951633379648737
26357.0,0.1926462292015748,0.8073510388428174,2.7319556078106976E-6
26598.0,0.6016286673797159,0.3983687068684584,2.6257518256482567E-6
27169.0,0.0124285433665739,0.5404665086351723,0.4471049479982538
27442.0,2.5164201612405527E-27,2.0436510695688887E-20,1.0
26900.0,0.003795364221346347,0.9962032782117359,1.357566917747143E-6
26631.0,0.21601087477015368,0.0841755403504047,0.6998135848794417
27580.0,0.05279826605308458,0.9408918397764521,0.0063098941704634185
27311.0,0.9292706973661674,0.0707293004878997,2.1459328732041313E-9
26761.0,0.9945309267720868,0.005469072825144127,4.027692039385228E-10
27034.0,0.03827634572503967,0.9616435487757491,8.010549921120159E-5
26472.0,0.04359229257837749,0.9563781989370834,2.9508484539094655E-5
26235.0,0.023641957059401347,0.976346595013281,1.1447927317609181E-5
27234.0,0.007108888151563512,0.6482186589165331,0.34467245293190335
27505.0,0.5871484802471961,0.4128509542392581,5.655135457800504E-7
26967.0,1.2677890649941438E-10,5.8887387719807074E-8,0.9999999409858334
26692.0,0.4216362447291939,0.5783616871765972,2.068094208921383E-6
25987.0,0.00211301235897807,0.9978817054889793,5.2821520427612415E-6
26294.0,1.861055256003639E-8,0.9991791689628583,8.208124265890949E-4
26533.0,0.9377063085097167,0.062293658600115806,3.2890167507961386E-8
26624.0,0.16268489001403427,0.8373150783154046,3.1670561225712385E-8
26899.0,0.017851464418603403,0.9820705358975388,7.799968385780079E-5
27445.0,8.628745031895305E-5,7.797534712218212E-4,0.9991339590784593
27174.0,0.8125705749064042,0.1874294163007202,8.792875754063946E-9
26593.0,0.9692878960769885,0.030712076428608227,2.749440322198602E-8
26354.0,0.055108682943322156,0.9448866020131426,4.715043535219687E-6
26055.0,0.00700406128888206,0.14387801234514636,0.8491179263659716
27102.0,0.3663506826329653,0.5756541281931243,0.05799518917391039
26829.0,0.5396934319670175,0.46030524884071156,1.3191922708848446E-6
27371.0,1.7088035757246241E-12,1.0208745033144809E-9,0.9999999989774168
26175.0,0.9977995781167758,0.0022004218712896035,1.1934725586014583E-11
26412.0,0.8388644341377681,0.16113088569055095,4.680171680949867E-6
27581.0,0.006943232273286587,0.9930525008515677,4.266875145819242E-6
27310.0,0.002001210175831501,0.9716592388513982,0.026339550972770426
26760.0,0.045466159334623814,0.9545305933276222,3.2473377539725855E-6
27035.0,0.022350446753470046,0.9774349552465815,2.1459799994837502E-4
26473.0,9.564018952316995E-22,1.7828949976301963E-15,0.9999999999999981
26234.0,1.6719621477877383E-23,3.271537490403999E-21,1.0
27235.0,0.003205674151091203,0.9657151100692313,0.03107921577967748
27504.0,0.02121904292660499,0.9787757591649053,5.197908489729967E-6
26966.0,0.9171502306924848,0.08284831206426145,1.4572432538213377E-6
26693.0,3.1104058807345816E-16,4.087435880682008E-12,0.9999999999959123
25986.0,1.0340775184380071E-7,0.26483547649040273,0.7351644201018455
26295.0,0.0021719043271323703,0.9978156971145016,1.2398558366005535E-5
26532.0,0.8584142585791692,0.14158573811624342,3.3045872621407458E-9
26625.0,2.4407600746584363E-18,5.4523391035691414E-12,0.9999999999945477
26898.0,0.9763486657925422,0.023651334101289168,1.0616852671431498E-10
27444.0,0.9697321926225037,0.030267759298126196,4.807937011990848E-8
27175.0,0.0014347542720302639,0.9959776573356186,0.0025875883923510944
26592.0,2.3909725378525836E-7,5.742090441417908E-4,0.9994255518586044
26355.0,2.757573664917413E-4,0.9997096786796934,1.4563953814969882E-5
26054.0,0.030675087788111302,0.47422878326390877,0.49509612894797983
27103.0,0.03741182579969727,0.9625873903268862,7.838734164623436E-7
26828.0,2.5305680675638346E-15,1.6957285707157382E-9,0.9999999983042689
27370.0,7.256444217099973E-13,5.040310351508145E-10,0.9999999994952433
26174.0,0.7698687929309427,0.2301312056591246,1.4099327432805124E-9
26413.0,1.1638912799833515E-25,6.706094158182103E-16,0.9999999999999993
26233.0,2.393553647116614E-5,0.9973070567453702,0.0026690077181586477
26474.0,0.06395137371604798,0.9360420886185544,6.537665397518556E-6
27309.0,0.002817426939599108,0.9964839284578132,6.986446025876557E-4
27582.0,0.0017300873500566169,0.9979370037757194,3.329088742240164E-4
27032.0,0.001233698446297819,0.9982030004434367,5.633011102655133E-4
26763.0,0.22445755376008042,0.7755409072844918,1.5389554279155653E-6
25985.0,0.05609254335583565,0.9439010950208937,6.36162327049067E-6
26535.0,0.01040154073662536,0.14476891826364702,0.8448295409997276
26292.0,2.3554908613299253E-8,1.86533283525384E-5,0.9999813231167388
27507.0,5.443899557396125E-6,0.4333329891698832,0.5666615669305594
27232.0,0.04838200790158814,0.9516096202189285,8.371879483431947E-6
26694.0,0.42402954453723984,0.5759699546822505,5.007805096690592E-7
26965.0,8.229001262230321E-22,5.554130405166958E-15,0.9999999999999944
26352.0,5.0030611386294026E-8,1.9754015004331126E-6,0.9999979745678881
26595.0,0.9899389147646549,0.010060950903846313,1.34331498709398E-7
26053.0,0.1050390304367334,0.6536407210882461,0.24132024847502045
26897.0,0.06426315519171215,0.9357347174040851,2.1274042027478254E-6
26626.0,7.041890026151632E-4,0.9992789310108467,1.687998653805779E-5
27172.0,0.022448106435931068,0.9775494347532511,2.4588108178258624E-6
27447.0,7.630941991205873E-7,7.779894789652209E-5,0.9999214379579044
26414.0,4.930649291708814E-19,6.384587653473884E-11,0.9999999999361542
26173.0,8.519997352902147E-13,1.9646506925032977E-8,0.9999999803526411
