26275.0,0.0,0.3333333333333333,0.6666666666666666
26544.0,0.01000000000000001,0.6533333333333332,0.3366666666666667
26006.0,0.3333333333333333,0.6666666666666666,0.0
26946.0,0.32333333333333325,0.6666666666666667,0.010000000000000012
26705.0,0.6433333333333331,0.35666666666666685,0.0
27255.0,0.6133333333333333,0.3866666666666668,0.0
27492.0,0.6666666666666666,0.3333333333333333,0.0
26493.0,0.22666666666666674,0.6666666666666664,0.10666666666666677
26222.0,0.11333333333333345,0.2233333333333334,0.6633333333333331
26780.0,0.006666666666666674,0.6200000000000001,0.37333333333333335
27023.0,0.1000000000000001,0.23333333333333342,0.6666666666666665
27561.0,0.0,0.6666666666666666,0.3333333333333333
27322.0,0.0,0.3633333333333335,0.6366666666666665
26154.0,0.0,0.6666666666666666,0.3333333333333333
26425.0,0.3133333333333333,0.6666666666666667,0.020000000000000025
27390.0,0.016666666666666687,0.3166666666666666,0.6666666666666667
27083.0,0.6666666666666666,0.3333333333333333,0.0
26840.0,0.23666666666666675,0.6666666666666665,0.09666666666666676
26066.0,0.1966666666666668,0.6666666666666663,0.13666666666666683
26612.0,0.1433333333333335,0.6666666666666663,0.19000000000000014
26343.0,0.05666666666666665,0.47333333333333305,0.4700000000000003
27424.0,0.0,0.5566666666666663,0.4433333333333336
27187.0,0.3333333333333333,0.6666666666666666,0.0
26645.0,0.32333333333333325,0.6666666666666667,0.010000000000000012
26886.0,0.33666666666666667,0.6633333333333333,0.0
26274.0,0.6666666666666666,0.3333333333333333,0.0
26545.0,0.0,0.3333333333333333,0.6666666666666666
26007.0,0.10666666666666677,0.6599999999999998,0.23333333333333336
26947.0,0.3333333333333333,0.6666666666666666,0.0
26704.0,0.0,0.3333333333333333,0.6666666666666666
27254.0,0.0,0.583333333333333,0.4166666666666669
27493.0,0.0,0.3333333333333333,0.6666666666666666
26492.0,0.03666666666666671,0.6666666666666666,0.29666666666666663
26223.0,0.3333333333333333,0.6666666666666666,0.0
26781.0,0.15000000000000016,0.6666666666666662,0.18333333333333346
27022.0,0.2966666666666667,0.5799999999999998,0.12333333333333343
27560.0,0.0,0.3333333333333333,0.6666666666666666
27323.0,0.016666666666666666,0.5366666666666666,0.4466666666666667
26155.0,0.3566666666666669,0.6299999999999998,0.013333333333333343
26424.0,0.32666666666666666,0.6666666666666667,0.006666666666666675
27391.0,0.6533333333333333,0.31666666666666665,0.030000000000000044
27082.0,0.2000000000000001,0.6666666666666663,0.1333333333333335
26841.0,0.3333333333333333,0.6666666666666666,0.0
26067.0,0.6199999999999998,0.1933333333333335,0.18666666666666687
26613.0,0.33,0.6666666666666667,0.0033333333333333375
26342.0,0.0,0.3366666666666667,0.6633333333333333
27425.0,0.0,0.3333333333333333,0.6666666666666666
27186.0,0.12000000000000004,0.42,0.46
26644.0,0.02,0.4799999999999999,0.5000000000000001
26887.0,0.6366666666666664,0.36333333333333356,0.0
26707.0,0.0266666666666667,0.3166666666666666,0.6566666666666667
26944.0,0.006666666666666674,0.6666666666666666,0.3266666666666666
27494.0,0.20666666666666678,0.6666666666666664,0.12666666666666682
27253.0,0.32666666666666666,0.6666666666666667,0.006666666666666675
26546.0,0.39000000000000007,0.13333333333333344,0.4766666666666665
26273.0,0.32333333333333336,0.07000000000000005,0.6066666666666666
26004.0,0.0,0.3433333333333334,0.6566666666666666
27021.0,0.24333333333333337,0.6666666666666665,0.09000000000000007
26782.0,0.02666666666666668,0.3866666666666669,0.5866666666666664
27320.0,0.0,0.3400000000000001,0.6599999999999999
27563.0,0.36666666666666675,0.6333333333333332,0.0
26220.0,0.07000000000000005,0.6633333333333332,0.26666666666666666
26495.0,0.0,0.37000000000000016,0.6299999999999999
27388.0,0.0,0.3333333333333333,0.6666666666666666
26842.0,0.32666666666666666,0.66,0.01333333333333335
27081.0,0.27999999999999997,0.6666666666666666,0.053333333333333385
26427.0,0.29666666666666675,0.29999999999999993,0.4033333333333334
26152.0,0.11000000000000011,0.6666666666666664,0.2233333333333334
27185.0,0.22666666666666674,0.10666666666666677,0.6666666666666664
27426.0,0.3333333333333333,0.6666666666666666,0.0
26884.0,0.1433333333333335,0.6666666666666663,0.19000000000000014
26647.0,0.0,0.3333333333333333,0.6666666666666666
26064.0,0.0,0.3333333333333333,0.6666666666666666
26341.0,0.0,0.3333333333333333,0.6666666666666666
26614.0,0.32,0.6133333333333333,0.0666666666666667
26706.0,0.04333333333333334,0.47666666666666635,0.48000000000000037
26945.0,0.0,0.3366666666666667,0.6633333333333333
27495.0,0.0,0.6399999999999999,0.36000000000000015
27252.0,0.01333333333333335,0.6666666666666667,0.31999999999999995
26547.0,0.6633333333333333,0.33666666666666667,0.0
26272.0,0.0,0.3333333333333333,0.6666666666666666
26005.0,0.26333333333333336,0.6666666666666666,0.07000000000000005
27020.0,0.6666666666666666,0.3333333333333333,0.0
26783.0,0.10000000000000005,0.61,0.2899999999999999
27321.0,0.3333333333333333,0.6666666666666666,0.0
27562.0,0.3333333333333333,0.6666666666666666,0.0
26221.0,0.33,0.6666666666666667,0.0033333333333333375
26494.0,0.19,0.35999999999999993,0.45
27389.0,0.0,0.3333333333333333,0.6666666666666666
26843.0,0.0,0.3333333333333333,0.6666666666666666
27080.0,0.6599999999999999,0.3400000000000001,0.0
26426.0,0.1800000000000001,0.3266666666666664,0.49333333333333357
26153.0,0.6666666666666666,0.3333333333333333,0.0
27184.0,0.39000000000000024,0.6099999999999997,0.0
27427.0,0.06,0.3866666666666669,0.5533333333333331
26885.0,0.07000000000000005,0.6666666666666666,0.26333333333333336
26646.0,0.6666666666666666,0.3333333333333333,0.0
26065.0,0.32999999999999996,0.6633333333333333,0.006666666666666674
26340.0,0.0,0.3333333333333333,0.6666666666666666
26615.0,0.003333333333333334,0.4100000000000003,0.5866666666666663
25951.0,0.0,0.6599999999999999,0.34
26489.0,0.31,0.6666666666666667,0.02333333333333336
26218.0,0.0,0.3433333333333334,0.6566666666666666
27565.0,0.1933333333333335,0.6566666666666664,0.1500000000000002
27326.0,0.36333333333333356,0.6366666666666664,0.0
26776.0,0.07000000000000005,0.26333333333333336,0.6666666666666666
27019.0,0.1333333333333335,0.6666666666666663,0.2000000000000001
26002.0,0.05999999999999999,0.4166666666666668,0.5233333333333332
26279.0,0.0,0.3333333333333333,0.6666666666666666
26548.0,0.33,0.6666666666666667,0.0033333333333333375
27251.0,0.3333333333333333,0.6666666666666666,0.0
27488.0,0.1933333333333335,0.6666666666666664,0.14000000000000018
26950.0,0.34,0.66,0.0
26709.0,0.10666666666666677,0.23000000000000007,0.6633333333333331
26608.0,0.20333333333333345,0.6666666666666664,0.13000000000000017
26339.0,0.0833333333333334,0.6666666666666666,0.25000000000000006
26070.0,0.0,0.45000000000000007,0.5499999999999999
26641.0,0.29666666666666663,0.6666666666666666,0.03666666666666671
26882.0,0.6666666666666666,0.3333333333333333,0.0
27428.0,0.47,0.49999999999999994,0.03
27191.0,0.6666666666666666,0.3333333333333333,0.0
26158.0,0.07000000000000006,0.6533333333333333,0.27666666666666667
26429.0,0.09666666666666675,0.6666666666666664,0.2366666666666667
27087.0,0.25333333333333335,0.6666666666666665,0.08000000000000004
26844.0,0.4599999999999999,0.54,0.0
27386.0,0.3500000000000001,0.6499999999999999,0.0
25950.0,0.33,0.6666666666666667,0.0033333333333333375
26488.0,0.2666666666666665,0.3666666666666668,0.3666666666666666
26219.0,0.23666666666666675,0.6633333333333331,0.10000000000000009
27564.0,0.53,0.4699999999999999,0.0
27327.0,0.0033333333333333375,0.6666666666666667,0.33
26777.0,0.0,0.3333333333333333,0.6666666666666666
27018.0,0.0,0.3333333333333333,0.6666666666666666
26003.0,0.20666666666666678,0.6666666666666664,0.12666666666666682
26278.0,0.16666666666666669,0.4733333333333332,0.3600000000000001
26549.0,0.40666666666666684,0.5933333333333332,0.0
27250.0,0.3033333333333333,0.6666666666666666,0.030000000000000034
27489.0,0.04666666666666671,0.6666666666666666,0.2866666666666666
26951.0,0.1833333333333335,0.6666666666666663,0.1500000000000002
26708.0,0.30999999999999983,0.15666666666666682,0.5333333333333334
26609.0,0.4466666666666669,0.5533333333333331,0.0
26338.0,0.3333333333333333,0.6666666666666666,0.0
26071.0,0.0,0.6666666666666666,0.3333333333333333
26640.0,0.0,0.3333333333333333,0.6666666666666666
26883.0,0.08333333333333333,0.4866666666666667,0.43000000000000005
27429.0,0.6666666666666667,0.33,0.0033333333333333375
27190.0,0.6133333333333332,0.38333333333333364,0.0033333333333333357
26159.0,0.003333333333333337,0.33333333333333337,0.6633333333333333
26428.0,0.08999999999999996,0.44333333333333313,0.46666666666666684
27086.0,0.36666666666666675,0.08666666666666668,0.5466666666666666
26845.0,0.0,0.3333333333333333,0.6666666666666666
27387.0,0.0,0.3800000000000002,0.6199999999999997
27324.0,0.33,0.6666666666666667,0.0033333333333333375
27567.0,0.3333333333333333,0.6666666666666666,0.0
27017.0,0.34,0.6599999999999999,0.0
26778.0,0.6666666666666666,0.3333333333333333,0.0
25949.0,0.26333333333333336,0.6666666666666666,0.07000000000000005
26216.0,0.3333333333333333,0.6666666666666666,0.0
26491.0,0.12666666666666682,0.6666666666666664,0.20666666666666678
27490.0,0.006666666666666675,0.32666666666666666,0.6666666666666667
27249.0,0.08000000000000006,0.2533333333333334,0.6666666666666666
26711.0,0.4566666666666667,0.5433333333333333,0.0
26948.0,0.023333333333333355,0.6299999999999999,0.3466666666666668
26000.0,0.0,0.3333333333333333,0.6666666666666666
26550.0,0.33,0.6666666666666667,0.0033333333333333375
26277.0,0.6666666666666666,0.3333333333333333,0.0
26880.0,0.5966666666666666,0.4000000000000002,0.0033333333333333357
26643.0,0.3166666666666666,0.66,0.023333333333333355
27189.0,0.3333333333333333,0.6666666666666666,0.0
27430.0,0.0,0.3333333333333333,0.6666666666666666
26337.0,0.3333333333333333,0.6666666666666666,0.0
26610.0,0.6666666666666666,0.3333333333333333,0.0
26068.0,0.31999999999999995,0.6666666666666667,0.01333333333333335
26846.0,0.043333333333333376,0.6433333333333333,0.3133333333333333
27085.0,0.0,0.6633333333333333,0.3366666666666667
27384.0,0.6666666666666666,0.3333333333333333,0.0
26431.0,0.1666666666666668,0.5699999999999998,0.2633333333333333
26156.0,0.6666666666666666,0.3333333333333333,0.0
27325.0,0.3033333333333334,0.13333333333333341,0.5633333333333331
27566.0,0.01333333333333335,0.33333333333333337,0.6533333333333333
27016.0,0.27999999999999997,0.6466666666666666,0.07333333333333339
26779.0,0.006666666666666674,0.6633333333333333,0.32999999999999996
26217.0,0.053333333333333385,0.6633333333333333,0.2833333333333334
26490.0,0.010000000000000002,0.5366666666666664,0.4533333333333336
27491.0,0.0,0.3333333333333333,0.6666666666666666
27248.0,0.37666666666666704,0.6166666666666661,0.006666666666666669
26710.0,0.6666666666666666,0.3333333333333333,0.0
26949.0,0.3333333333333333,0.6666666666666666,0.0
26001.0,0.0,0.5433333333333331,0.45666666666666683
26551.0,0.0,0.3333333333333333,0.6666666666666666
26276.0,0.016666666666666687,0.3166666666666666,0.6666666666666667
26881.0,0.12333333333333348,0.6666666666666664,0.2100000000000001
26642.0,0.6466666666666666,0.33333333333333337,0.02000000000000002
27188.0,0.3333333333333333,0.6666666666666666,0.0
27431.0,0.0,0.6666666666666666,0.3333333333333333
26336.0,0.0,0.3333333333333333,0.6666666666666666
26611.0,0.3866666666666669,0.05000000000000001,0.5633333333333331
26069.0,0.33666666666666667,0.6566666666666666,0.006666666666666674
26847.0,0.06000000000000005,0.2733333333333334,0.6666666666666666
27084.0,0.05666666666666665,0.5066666666666669,0.4366666666666665
27385.0,0.2633333333333334,0.6266666666666665,0.11000000000000011
26430.0,0.0033333333333333344,0.5833333333333331,0.41333333333333344
26157.0,0.48333333333333334,0.4533333333333334,0.06333333333333332
26146.0,0.14666666666666686,0.6666666666666663,0.18666666666666681
26417.0,0.3,0.6666666666666667,0.033333333333333375
27382.0,0.0,0.3333333333333333,0.6666666666666666
27075.0,0.0,0.3333333333333333,0.6666666666666666
26832.0,0.016666666666666684,0.6633333333333333,0.3199999999999999
26074.0,0.19333333333333327,0.42999999999999994,0.3766666666666667
26620.0,0.5000000000000001,0.4999999999999998,0.0
26351.0,0.006666666666666672,0.3600000000000002,0.6333333333333331
27432.0,0.0,0.6233333333333331,0.376666666666667
27195.0,0.4033333333333336,0.5866666666666664,0.010000000000000004
26653.0,0.0,0.3333333333333333,0.6666666666666666
26894.0,0.5766666666666663,0.0,0.4233333333333337
26283.0,0.013333333333333352,0.66,0.32666666666666666
26552.0,0.3066666666666666,0.5700000000000001,0.12333333333333339
26014.0,0.2933333333333333,0.6666666666666666,0.04000000000000004
26954.0,0.18000000000000016,0.16666666666666688,0.653333333333333
26713.0,0.23333333333333342,0.6666666666666665,0.1000000000000001
27263.0,0.0,0.40666666666666673,0.5933333333333333
27500.0,0.33,0.6666666666666667,0.0033333333333333375
26485.0,0.0,0.4033333333333337,0.5966666666666663
26214.0,0.12333333333333338,0.3999999999999999,0.4766666666666668
26772.0,0.0,0.3400000000000001,0.6599999999999999
27015.0,0.0,0.6666666666666666,0.3333333333333333
27553.0,0.0,0.4800000000000001,0.5199999999999999
27314.0,0.33666666666666667,0.6633333333333333,0.0
26147.0,0.0,0.3333333333333333,0.6666666666666666
26416.0,0.0,0.3333333333333333,0.6666666666666666
27383.0,0.003333333333333333,0.42666666666666697,0.5699999999999996
27074.0,0.0,0.3333333333333333,0.6666666666666666
26833.0,0.3400000000000001,0.6599999999999999,0.0
26075.0,0.0,0.4933333333333335,0.5066666666666666
26621.0,0.33333333333333337,0.66,0.006666666666666675
26350.0,0.3433333333333333,0.6566666666666666,0.0
27433.0,0.3333333333333333,0.6666666666666666,0.0
27194.0,0.31999999999999995,0.6666666666666667,0.01333333333333335
26652.0,0.07333333333333339,0.6666666666666666,0.26000000000000006
26895.0,0.10333333333333344,0.6666666666666665,0.2300000000000001
26282.0,0.0,0.3366666666666667,0.6633333333333333
26553.0,0.19000000000000014,0.6666666666666663,0.1433333333333335
26015.0,0.6666666666666666,0.3333333333333333,0.0
26955.0,0.3333333333333333,0.6666666666666666,0.0
26712.0,0.2666666666666667,0.6666666666666666,0.06666666666666672
27262.0,0.0,0.3333333333333333,0.6666666666666666
27501.0,0.35666666666666685,0.6366666666666664,0.006666666666666673
26484.0,0.6633333333333333,0.33666666666666667,0.0
26215.0,0.32666666666666666,0.6666666666666667,0.006666666666666675
26773.0,0.6266666666666664,0.37333333333333363,0.0
27014.0,0.1966666666666668,0.6666666666666663,0.13666666666666683
27552.0,0.026666666666666696,0.6666666666666666,0.3066666666666666
27315.0,0.4133333333333336,0.5866666666666663,0.0
27380.0,0.0,0.6666666666666666,0.3333333333333333
26834.0,0.0,0.3333333333333333,0.6666666666666666
27073.0,0.0,0.6666666666666666,0.3333333333333333
26419.0,0.6666666666666666,0.3333333333333333,0.0
26144.0,0.33,0.6666666666666667,0.0033333333333333375
27193.0,0.6666666666666666,0.3333333333333333,0.0
27434.0,0.08000000000000004,0.6666666666666665,0.25333333333333335
26892.0,0.3333333333333333,0.6666666666666666,0.0
26655.0,0.1000000000000001,0.6666666666666665,0.23333333333333342
26072.0,0.0,0.3333333333333333,0.6666666666666666
26349.0,0.04666666666666671,0.6666666666666666,0.2866666666666666
26622.0,0.29666666666666663,0.6666666666666666,0.03666666666666671
26715.0,0.32333333333333325,0.6666666666666667,0.010000000000000012
26952.0,0.3633333333333336,0.6366666666666664,0.0
27502.0,0.5233333333333334,0.47666666666666657,0.0
27261.0,0.010000000000000012,0.6666666666666667,0.32333333333333325
26554.0,0.0,0.6566666666666665,0.34333333333333343
26281.0,0.13666666666666683,0.25,0.6133333333333332
26012.0,0.3333333333333333,0.31,0.35666666666666663
27013.0,0.3933333333333336,0.6066666666666665,0.0
26774.0,0.6133333333333334,0.31,0.07666666666666672
27312.0,0.006666666666666674,0.6666666666666666,0.3266666666666666
27555.0,0.006666666666666669,0.5733333333333333,0.4200000000000001
26212.0,0.06666666666666672,0.27666666666666667,0.6566666666666666
26487.0,0.33666666666666667,0.6633333333333333,0.0
27381.0,0.09333333333333335,0.3333333333333333,0.5733333333333333
26835.0,0.0033333333333333366,0.6566666666666666,0.3400000000000001
27072.0,0.026666666666666686,0.6133333333333332,0.3600000000000002
26418.0,0.6166666666666665,0.38333333333333347,0.0
26145.0,0.020000000000000025,0.3133333333333333,0.6666666666666667
27192.0,0.3333333333333333,0.6666666666666666,0.0
27435.0,0.0933333333333334,0.58,0.32666666666666666
26893.0,0.6666666666666666,0.3333333333333333,0.0
26654.0,0.17000000000000018,0.6666666666666662,0.16333333333333352
26073.0,0.0,0.3333333333333333,0.6666666666666666
26348.0,0.006666666666666667,0.44,0.5533333333333333
26623.0,0.0,0.34666666666666673,0.6533333333333333
26714.0,0.3333333333333333,0.6666666666666666,0.0
26953.0,0.07000000000000005,0.2666666666666667,0.6633333333333333
27503.0,0.020000000000000025,0.6666666666666667,0.3133333333333333
27260.0,0.42000000000000043,0.5799999999999996,0.0
26555.0,0.24333333333333337,0.6666666666666665,0.09000000000000007
26280.0,0.3966666666666667,0.5933333333333333,0.010000000000000005
26013.0,0.003333333333333337,0.3333333333333333,0.6633333333333333
27012.0,0.0,0.3333333333333333,0.6666666666666666
26775.0,0.0,0.3333333333333333,0.6666666666666666
27313.0,0.5,0.4799999999999999,0.019999999999999997
27554.0,0.31,0.6666666666666667,0.02333333333333336
26213.0,0.30666666666666664,0.03666666666666671,0.6566666666666666
26486.0,0.02000000000000002,0.31999999999999995,0.66
26616.0,0.3199999999999999,0.6566666666666667,0.023333333333333355
26347.0,0.31,0.6666666666666667,0.02333333333333336
26078.0,0.0,0.3500000000000002,0.6499999999999999
26649.0,0.0,0.3333333333333333,0.6666666666666666
26890.0,0.11333333333333333,0.5433333333333332,0.3433333333333333
27436.0,0.006666666666666675,0.32666666666666666,0.6666666666666667
27199.0,0.0,0.3800000000000003,0.6199999999999998
26150.0,0.0,0.3333333333333333,0.6666666666666666
26421.0,0.026666666666666696,0.6666666666666666,0.3066666666666666
27079.0,0.4133333333333336,0.5866666666666664,0.0
26836.0,0.2799999999999999,0.6633333333333332,0.056666666666666705
27378.0,0.020000000000000025,0.66,0.31999999999999995
26481.0,0.0,0.47000000000000014,0.5299999999999998
26210.0,0.0,0.6266666666666663,0.3733333333333337
27557.0,0.0,0.3333333333333333,0.6666666666666666
27318.0,0.3333333333333333,0.6666666666666666,0.0
26768.0,0.01333333333333335,0.31999999999999995,0.6666666666666667
27011.0,0.0,0.3333333333333333,0.6666666666666666
26010.0,0.046666666666666703,0.6566666666666665,0.29666666666666663
26287.0,0.5133333333333331,0.4866666666666669,0.0
26556.0,0.2866666666666666,0.4200000000000001,0.2933333333333332
27259.0,0.3433333333333333,0.6566666666666667,0.0
27496.0,0.19666666666666682,0.6566666666666663,0.14666666666666686
26958.0,0.0,0.33666666666666667,0.6633333333333333
26717.0,0.2966666666666667,0.66,0.04333333333333338
26617.0,0.0,0.49999999999999994,0.5000000000000001
26346.0,0.45999999999999996,0.5399999999999999,0.0
26079.0,0.023333333333333345,0.6266666666666665,0.35000000000000014
26648.0,0.0,0.3333333333333333,0.6666666666666666
26891.0,0.6666666666666666,0.3333333333333333,0.0
27437.0,0.0033333333333333366,0.34333333333333343,0.6533333333333332
27198.0,0.0,0.3333333333333333,0.6666666666666666
26151.0,0.3333333333333333,0.6666666666666666,0.0
26420.0,0.0,0.6666666666666666,0.3333333333333333
27078.0,0.0,0.34,0.6599999999999999
26837.0,0.07000000000000003,0.6033333333333334,0.3266666666666665
27379.0,0.21333333333333343,0.6666666666666664,0.12000000000000013
26480.0,0.09000000000000005,0.25000000000000006,0.6599999999999998
26211.0,0.5666666666666669,0.3299999999999998,0.10333333333333342
27556.0,0.0,0.3333333333333333,0.6666666666666666
27319.0,0.003333333333333337,0.32999999999999996,0.6666666666666666
26769.0,0.4300000000000003,0.5699999999999997,0.0
27010.0,0.11000000000000011,0.6666666666666664,0.2233333333333334
26011.0,0.4700000000000001,0.5299999999999999,0.0
26286.0,0.2100000000000001,0.6666666666666664,0.12333333333333348
26557.0,0.0,0.3333333333333333,0.6666666666666666
27258.0,0.006666666666666675,0.32666666666666666,0.6666666666666667
27497.0,0.003333333333333337,0.32999999999999996,0.6666666666666666
26959.0,0.31,0.6666666666666667,0.02333333333333336
26716.0,0.21666666666666676,0.6133333333333331,0.1700000000000002
26888.0,0.2100000000000001,0.6666666666666664,0.12333333333333348
26651.0,0.0,0.3333333333333333,0.6666666666666666
27197.0,0.6599999999999999,0.3400000000000001,0.0
27438.0,0.2833333333333334,0.15666666666666684,0.5599999999999998
26345.0,0.3333333333333333,0.6666666666666666,0.0
26618.0,0.31333333333333335,0.6633333333333334,0.02333333333333336
26076.0,0.01666666666666667,0.3900000000000002,0.593333333333333
26838.0,0.006666666666666668,0.4033333333333337,0.5899999999999996
27077.0,0.33,0.6666666666666667,0.0033333333333333375
27376.0,0.04000000000000004,0.31666666666666665,0.6433333333333333
26423.0,0.0,0.3333333333333333,0.6666666666666666
26148.0,0.23666666666666675,0.6666666666666665,0.09666666666666676
27316.0,0.0,0.3333333333333333,0.6666666666666666
27559.0,0.0,0.40000000000000013,0.5999999999999999
27009.0,0.020000000000000014,0.35666666666666685,0.6233333333333331
26770.0,0.6633333333333334,0.33333333333333337,0.0033333333333333375
26208.0,0.006666666666666674,0.6666666666666666,0.3266666666666666
26483.0,0.06333333333333338,0.2766666666666666,0.6599999999999999
27498.0,0.20333333333333345,0.6666666666666664,0.13000000000000017
27257.0,0.0,0.3333333333333333,0.6666666666666666
26719.0,0.6666666666666666,0.3333333333333333,0.0
26956.0,0.4400000000000001,0.15000000000000002,0.40999999999999986
26008.0,0.2566666666666667,0.6666666666666666,0.07666666666666672
26558.0,0.3166666666666666,0.6633333333333333,0.02000000000000002
26285.0,0.06000000000000004,0.6633333333333332,0.27666666666666667
26889.0,0.0,0.3333333333333333,0.6666666666666666
26650.0,0.3333333333333333,0.6666666666666666,0.0
27196.0,0.3333333333333333,0.6666666666666666,0.0
27439.0,0.0,0.6066666666666664,0.3933333333333336
26344.0,0.0,0.6666666666666666,0.3333333333333333
26619.0,0.3333333333333333,0.6666666666666666,0.0
26077.0,0.33,0.6666666666666667,0.0033333333333333375
26839.0,0.003333333333333337,0.32999999999999996,0.6666666666666666
27076.0,0.04666666666666671,0.2866666666666666,0.6666666666666666
27377.0,0.3166666666666666,0.6666666666666667,0.016666666666666687
26422.0,0.0,0.3333333333333333,0.6666666666666666
26149.0,0.05000000000000005,0.2833333333333333,0.6666666666666666
27317.0,0.006666666666666675,0.32666666666666666,0.6666666666666667
27558.0,0.31999999999999995,0.6666666666666667,0.01333333333333335
27008.0,0.6566666666666666,0.3433333333333334,0.0
26771.0,0.3333333333333333,0.6666666666666666,0.0
26209.0,0.12666666666666682,0.6666666666666664,0.20666666666666678
26482.0,0.0,0.3333333333333333,0.6666666666666666
27499.0,0.2233333333333334,0.6666666666666664,0.11000000000000011
27256.0,0.3333333333333333,0.6666666666666666,0.0
26718.0,0.593333333333333,0.40666666666666695,0.0
26957.0,0.2000000000000001,0.6666666666666663,0.1333333333333335
26009.0,0.026666666666666696,0.6666666666666666,0.3066666666666666
26559.0,0.17333333333333342,0.2766666666666666,0.5499999999999999
26284.0,0.6666666666666666,0.3333333333333333,0.0
26963.0,0.09666666666666675,0.6666666666666664,0.2366666666666667
26688.0,0.10333333333333343,0.23333333333333336,0.6633333333333331
27238.0,0.6533333333333334,0.32333333333333325,0.02333333333333336
27509.0,0.5566666666666664,0.4433333333333336,0.0
26290.0,0.3333333333333333,0.6666666666666666,0.0
26529.0,0.0,0.6566666666666666,0.3433333333333334
25991.0,0.20000000000000004,0.2533333333333333,0.5466666666666665
26765.0,0.3333333333333333,0.6666666666666666,0.0
27038.0,0.0,0.3333333333333333,0.6666666666666666
27576.0,0.003333333333333333,0.436666666666667,0.5599999999999996
27307.0,0.3333333333333333,0.6666666666666666,0.0
26476.0,0.33333333333333337,0.6633333333333333,0.003333333333333337
26239.0,0.06333333333333338,0.27,0.6666666666666666
27375.0,0.34,0.6599999999999999,0.0
27098.0,0.6666666666666666,0.3333333333333333,0.0
26825.0,0.38666666666666677,0.6133333333333333,0.0
26171.0,0.0,0.3333333333333333,0.6666666666666666
26408.0,0.3033333333333333,0.6666666666666666,0.030000000000000034
27441.0,0.1100000000000001,0.6266666666666665,0.26333333333333336
27170.0,0.6666666666666666,0.3333333333333333,0.0
26628.0,0.0,0.3333333333333333,0.6666666666666666
26903.0,0.13666666666666685,0.6666666666666664,0.19666666666666682
26051.0,0.4300000000000001,0.5466666666666666,0.02333333333333334
26597.0,0.31999999999999995,0.6666666666666667,0.01333333333333335
26358.0,0.0,0.3333333333333333,0.6666666666666666
26962.0,0.03666666666666671,0.6366666666666666,0.3266666666666667
26689.0,0.17666666666666683,0.6666666666666663,0.15666666666666687
27239.0,0.3700000000000003,0.6166666666666665,0.01333333333333334
27508.0,0.33,0.6666666666666667,0.0033333333333333375
26291.0,0.6299999999999997,0.1700000000000002,0.2000000000000001
26528.0,0.006666666666666676,0.3466666666666668,0.6466666666666666
25990.0,0.5966666666666662,0.39666666666666694,0.006666666666666669
26764.0,0.006666666666666667,0.5366666666666665,0.45666666666666683
27039.0,0.010000000000000004,0.42333333333333345,0.5666666666666665
27577.0,0.0,0.3333333333333333,0.6666666666666666
27306.0,0.0,0.3333333333333333,0.6666666666666666
26477.0,0.3333333333333333,0.6666666666666666,0.0
26238.0,0.0,0.3333333333333333,0.6666666666666666
27374.0,0.0,0.3433333333333334,0.6566666666666666
27099.0,0.0,0.6666666666666666,0.3333333333333333
26824.0,0.0,0.3333333333333333,0.6666666666666666
26170.0,0.6666666666666666,0.3333333333333333,0.0
26409.0,0.040000000000000015,0.5999999999999998,0.3600000000000002
27440.0,0.0,0.34,0.6599999999999999
27171.0,0.5033333333333333,0.49666666666666665,0.0
26629.0,0.19000000000000014,0.6666666666666663,0.1433333333333335
26902.0,0.023333333333333355,0.30999999999999994,0.6666666666666666
26050.0,0.0,0.3333333333333333,0.6666666666666666
26596.0,0.05000000000000005,0.6666666666666666,0.2833333333333333
26359.0,0.2000000000000001,0.6666666666666663,0.1333333333333335
26531.0,0.3333333333333333,0.6666666666666666,0.0
26288.0,0.1433333333333335,0.19000000000000014,0.6666666666666663
25989.0,0.006666666666666675,0.32666666666666666,0.6666666666666667
26690.0,0.010000000000000012,0.6666666666666667,0.32333333333333325
26961.0,0.6566666666666664,0.12666666666666682,0.21666666666666676
27511.0,0.0,0.6666666666666666,0.3333333333333333
27236.0,0.3099999999999999,0.6633333333333333,0.026666666666666696
26237.0,0.3333333333333333,0.6666666666666666,0.0
26478.0,0.030000000000000034,0.6666666666666666,0.3033333333333333
27036.0,0.46,0.54,0.0
26767.0,0.0,0.3333333333333333,0.6666666666666666
27305.0,0.0,0.3800000000000002,0.6199999999999997
27578.0,0.40666666666666684,0.593333333333333,0.0
26410.0,0.15333333333333354,0.18000000000000016,0.6666666666666663
26169.0,0.33,0.6666666666666667,0.0033333333333333375
27373.0,0.3500000000000001,0.6499999999999999,0.0
26827.0,0.41666666666666674,0.5833333333333331,0.0
27096.0,0.6666666666666666,0.3333333333333333,0.0
26049.0,0.0,0.3333333333333333,0.6666666666666666
26356.0,0.18000000000000016,0.15333333333333354,0.6666666666666663
26599.0,0.5299999999999999,0.05666666666666667,0.41333333333333355
27168.0,0.06666666666666672,0.2833333333333333,0.65
27443.0,0.0,0.3333333333333333,0.6666666666666666
26901.0,0.06333333333333338,0.27,0.6666666666666666
26630.0,0.0,0.3333333333333333,0.6666666666666666
26530.0,0.6299999999999998,0.37000000000000016,0.0
26289.0,0.003333333333333337,0.32999999999999996,0.6666666666666666
25988.0,0.03666666666666671,0.6666666666666666,0.29666666666666663
26691.0,0.0,0.3333333333333333,0.6666666666666666
26960.0,0.32999999999999996,0.6633333333333333,0.006666666666666674
27510.0,0.3333333333333333,0.6666666666666666,0.0
27237.0,0.0,0.34,0.6599999999999999
26236.0,0.2000000000000001,0.6666666666666663,0.1333333333333335
26479.0,0.0,0.3333333333333333,0.6666666666666666
27037.0,0.5466666666666666,0.4266666666666667,0.026666666666666675
26766.0,0.3166666666666666,0.6266666666666666,0.056666666666666726
27304.0,0.25000000000000006,0.6633333333333333,0.08666666666666674
27579.0,0.5799999999999997,0.41666666666666696,0.003333333333333334
26411.0,0.32333333333333325,0.6666666666666667,0.010000000000000012
26168.0,0.6566666666666667,0.33000000000000007,0.01333333333333335
27372.0,0.03333333333333333,0.4600000000000001,0.5066666666666666
26826.0,0.23666666666666675,0.6666666666666665,0.09666666666666676
27097.0,0.6566666666666666,0.3433333333333335,0.0
26048.0,0.0,0.33666666666666667,0.6633333333333333
26357.0,0.25000000000000006,0.6666666666666665,0.08333333333333338
26598.0,0.4866666666666667,0.5133333333333333,0.0
27169.0,0.10333333333333343,0.23666666666666675,0.6599999999999998
27442.0,0.0,0.3333333333333333,0.6666666666666666
26900.0,0.3033333333333333,0.6666666666666666,0.030000000000000034
26631.0,0.6599999999999998,0.24333333333333337,0.09666666666666675
27580.0,0.35666666666666674,0.6233333333333333,0.020000000000000014
27311.0,0.4700000000000002,0.5299999999999998,0.0
26761.0,0.6666666666666666,0.3333333333333333,0.0
27034.0,0.33,0.6666666666666667,0.0033333333333333375
26472.0,0.6099999999999995,0.39000000000000046,0.0
26235.0,0.2300000000000001,0.6666666666666665,0.10333333333333344
27234.0,0.5600000000000002,0.3466666666666666,0.0933333333333334
27505.0,0.6666666666666666,0.3333333333333333,0.0
26967.0,0.0,0.46333333333333343,0.5366666666666666
26692.0,0.32666666666666666,0.6666666666666667,0.006666666666666675
25987.0,0.3133333333333333,0.6666666666666667,0.020000000000000025
26294.0,0.006666666666666674,0.6666666666666666,0.3266666666666666
26533.0,0.37333333333333363,0.6266666666666665,0.0
26624.0,0.3333333333333333,0.6666666666666666,0.0
26899.0,0.35666666666666685,0.6433333333333331,0.0
27445.0,0.0633333333333333,0.4766666666666665,0.4600000000000001
27174.0,0.3333333333333333,0.6666666666666666,0.0
26593.0,0.6666666666666666,0.3333333333333333,0.0
26354.0,0.33,0.6666666666666667,0.0033333333333333375
26055.0,0.03666666666666667,0.5399999999999998,0.42333333333333345
27102.0,0.09000000000000005,0.3299999999999999,0.5800000000000001
26829.0,0.6566666666666666,0.3433333333333334,0.0
27371.0,0.003333333333333336,0.34,0.6566666666666665
26175.0,0.6666666666666666,0.3333333333333333,0.0
26412.0,0.25666666666666665,0.6633333333333332,0.08000000000000004
27581.0,0.29666666666666663,0.6666666666666666,0.03666666666666671
27310.0,0.0033333333333333375,0.6666666666666667,0.33
26760.0,0.27,0.6666666666666666,0.06333333333333338
27035.0,0.21666666666666667,0.5133333333333335,0.26999999999999985
26473.0,0.033333333333333375,0.29999999999999993,0.6666666666666666
26234.0,0.3066666666666666,0.026666666666666696,0.6666666666666666
27235.0,0.0833333333333334,0.6499999999999999,0.2666666666666667
27504.0,0.33,0.6666666666666667,0.0033333333333333375
26966.0,0.5199999999999999,0.4800000000000001,0.0
26693.0,0.0,0.3333333333333333,0.6666666666666666
25986.0,0.013333333333333334,0.44333333333333363,0.543333333333333
26295.0,0.3,0.6666666666666667,0.033333333333333375
26532.0,0.3333333333333333,0.6666666666666666,0.0
26625.0,0.0,0.3333333333333333,0.6666666666666666
26898.0,0.3333333333333333,0.6666666666666666,0.0
27444.0,0.6666666666666666,0.3333333333333333,0.0
27175.0,0.4933333333333333,0.07333333333333332,0.4333333333333334
26592.0,0.05000000000000003,0.34,0.61
26355.0,0.0033333333333333375,0.6666666666666667,0.33
26054.0,0.0,0.33666666666666667,0.6633333333333333
27103.0,0.3333333333333333,0.6666666666666666,0.0
26828.0,0.0,0.35666666666666685,0.6433333333333332
27370.0,0.0,0.3333333333333333,0.6666666666666666
26174.0,0.3333333333333333,0.6666666666666666,0.0
26413.0,0.0,0.3433333333333335,0.6566666666666666
26233.0,0.01333333333333335,0.6666666666666667,0.31999999999999995
26474.0,0.3333333333333333,0.6666666666666666,0.0
27309.0,0.020000000000000025,0.6666666666666667,0.3133333333333333
27582.0,0.3066666666666666,0.6666666666666666,0.026666666666666696
27032.0,0.33,0.6666666666666667,0.0033333333333333375
26763.0,0.4966666666666666,0.5033333333333335,0.0
25985.0,0.22000000000000008,0.6666666666666664,0.11333333333333345
26535.0,0.22999999999999987,0.3999999999999999,0.37000000000000016
26292.0,0.043333333333333335,0.4566666666666666,0.5
27507.0,0.003333333333333337,0.6566666666666666,0.3400000000000001
27232.0,0.32333333333333325,0.6666666666666667,0.010000000000000012
26694.0,0.34,0.6599999999999999,0.0
26965.0,0.0,0.3333333333333333,0.6666666666666666
26352.0,0.0,0.6133333333333332,0.3866666666666669
26595.0,0.6666666666666666,0.3333333333333333,0.0
26053.0,0.0966666666666667,0.6033333333333333,0.3
26897.0,0.3333333333333333,0.6666666666666666,0.0
26626.0,0.030000000000000034,0.6666666666666666,0.3033333333333333
27172.0,0.33,0.6666666666666667,0.0033333333333333375
27447.0,0.0,0.3333333333333333,0.6666666666666666
26414.0,0.03666666666666671,0.29666666666666663,0.6666666666666666
26173.0,0.0,0.3333333333333333,0.6666666666666666
26831.0,0.6666666666666666,0.3333333333333333,0.0
27100.0,0.006666666666666674,0.6666666666666666,0.3266666666666666
27369.0,0.003333333333333337,0.3333333333333333,0.6633333333333333
26232.0,0.3333333333333333,0.6666666666666666,0.0
26475.0,0.37333333333333346,0.6266666666666665,0.0
27308.0,0.010000000000000009,0.37666666666666676,0.6133333333333333
27583.0,0.0,0.37000000000000033,0.6299999999999997
27033.0,0.33,0.6666666666666667,0.0033333333333333375
26762.0,0.6666666666666666,0.3333333333333333,0.0
25984.0,0.05000000000000005,0.2833333333333333,0.6666666666666666
26534.0,0.5833333333333329,0.416666666666667,0.0
26293.0,0.23333333333333342,0.6266666666666664,0.1400000000000002
27506.0,0.25333333333333335,0.6666666666666665,0.08000000000000004
27233.0,0.02333333333333336,0.6566666666666667,0.31999999999999995
26695.0,0.0,0.3500000000000001,0.6499999999999998
26964.0,0.0,0.3333333333333333,0.6666666666666666
26353.0,0.6399999999999997,0.3600000000000002,0.0
26594.0,0.31,0.6666666666666667,0.02333333333333336
26052.0,0.026666666666666696,0.6666666666666666,0.3066666666666666
26896.0,0.33,0.6666666666666667,0.0033333333333333375
26627.0,0.2766666666666666,0.6666666666666665,0.056666666666666705
27173.0,0.006666666666666675,0.33333333333333337,0.66
27446.0,0.6533333333333332,0.34666666666666673,0.0
26415.0,0.006666666666666666,0.4999999999999998,0.49333333333333357
26172.0,0.3333333333333333,0.6666666666666666,0.0
26830.0,0.3366666666666667,0.6633333333333333,0.0
27101.0,0.05333333333333331,0.5199999999999999,0.4266666666666668
27368.0,0.0,0.3333333333333333,0.6666666666666666
27367.0,0.6666666666666666,0.3333333333333333,0.0
27090.0,0.003333333333333337,0.32999999999999996,0.6666666666666666
26817.0,0.3333333333333333,0.6666666666666666,0.0
26163.0,0.08666666666666661,0.463333333333333,0.4500000000000003
26400.0,0.6666666666666666,0.3333333333333333,0.0
27449.0,0.6399999999999998,0.3600000000000002,0.0
27178.0,0.6333333333333332,0.2733333333333334,0.09333333333333342
26636.0,0.023333333333333355,0.30999999999999994,0.6666666666666666
26911.0,0.0,0.3333333333333333,0.6666666666666666
26059.0,0.6633333333333333,0.3366666666666667,0.0
26605.0,0.33,0.6666666666666667,0.0033333333333333375
26366.0,0.0,0.3333333333333333,0.6666666666666666
26971.0,0.6566666666666666,0.3433333333333335,0.0
26696.0,0.0,0.3333333333333333,0.6666666666666666
27246.0,0.2766666666666666,0.6666666666666665,0.056666666666666705
27517.0,0.15666666666666687,0.6666666666666663,0.17666666666666683
26298.0,0.0,0.3333333333333333,0.6666666666666666
26537.0,0.0,0.6666666666666666,0.3333333333333333
25999.0,0.023333333333333355,0.3333333333333333,0.6433333333333333
26757.0,0.0,0.6466666666666666,0.3533333333333335
27030.0,0.010000000000000007,0.6333333333333332,0.3566666666666668
27568.0,0.34666666666666685,0.01000000000000001,0.6433333333333332
27299.0,0.01333333333333333,0.5233333333333332,0.46333333333333343
26468.0,0.15333333333333354,0.6666666666666663,0.18000000000000016
26231.0,0.0,0.34,0.6599999999999999
27366.0,0.020000000000000025,0.6666666666666667,0.3133333333333333
27091.0,0.3333333333333333,0.6666666666666666,0.0
26816.0,0.6666666666666666,0.3333333333333333,0.0
26162.0,0.6666666666666666,0.3333333333333333,0.0
26401.0,0.15000000000000016,0.6099999999999999,0.24000000000000002
27448.0,0.38,0.049999999999999996,0.5700000000000001
27179.0,0.0,0.3333333333333333,0.6666666666666666
26637.0,0.0,0.3333333333333333,0.6666666666666666
26910.0,0.2666666666666667,0.6666666666666666,0.06666666666666672
26058.0,0.0266666666666667,0.3166666666666666,0.6566666666666667
26604.0,0.623333333333333,0.376666666666667,0.0
26367.0,0.0,0.3333333333333333,0.6666666666666666
26970.0,0.6499999999999998,0.3500000000000001,0.0
26697.0,0.20666666666666678,0.6666666666666664,0.12666666666666682
27247.0,0.37333333333333374,0.6266666666666663,0.0
27516.0,0.003333333333333336,0.6166666666666665,0.3800000000000002
26299.0,0.0,0.3333333333333333,0.6666666666666666
26536.0,0.0,0.5433333333333331,0.45666666666666694
25998.0,0.0,0.3333333333333333,0.6666666666666666
26756.0,0.08666666666666674,0.6233333333333332,0.29000000000000004
27031.0,0.07,0.5966666666666667,0.3333333333333334
27569.0,0.07666666666666672,0.2566666666666667,0.6666666666666666
27298.0,0.0,0.3333333333333333,0.6666666666666666
26469.0,0.2833333333333333,0.6666666666666666,0.05000000000000005
26230.0,0.07666666666666667,0.5000000000000001,0.4233333333333332
26402.0,0.0,0.6633333333333333,0.3366666666666667
26161.0,0.01333333333333335,0.31999999999999995,0.6666666666666667
27365.0,0.4999999999999998,0.18000000000000013,0.3200000000000001
26819.0,0.6566666666666666,0.3433333333333334,0.0
27088.0,0.47333333333333366,0.24666666666666662,0.2799999999999998
26057.0,0.0,0.3333333333333333,0.6666666666666666
26364.0,0.24666666666666676,0.6666666666666666,0.08666666666666674
26607.0,0.6666666666666666,0.3333333333333333,0.0
27176.0,0.4,0.4266666666666666,0.17333333333333337
27451.0,0.3533333333333335,0.6466666666666665,0.0
26909.0,0.09666666666666678,0.25000000000000006,0.6533333333333332
26638.0,0.2866666666666666,0.6666666666666666,0.04666666666666671
26539.0,0.1966666666666668,0.6666666666666663,0.13666666666666683
26296.0,0.0,0.3333333333333333,0.6666666666666666
25997.0,0.3333333333333333,0.6666666666666666,0.0
26698.0,0.3333333333333333,0.6666666666666666,0.0
26969.0,0.4300000000000001,0.57,0.0
27519.0,0.02333333333333336,0.6666666666666667,0.31
27244.0,0.0,0.3333333333333333,0.6666666666666666
26229.0,0.32333333333333325,0.6666666666666667,0.010000000000000012
26470.0,0.29000000000000004,0.6666666666666667,0.04333333333333338
27028.0,0.3333333333333333,0.6666666666666666,0.0
26759.0,0.0,0.3333333333333333,0.6666666666666666
27297.0,0.1600000000000002,0.663333333333333,0.1766666666666668
27570.0,0.0,0.3466666666666668,0.6533333333333331
26403.0,0.0,0.3333333333333333,0.6666666666666666
26160.0,0.010000000000000012,0.32333333333333325,0.6666666666666667
27364.0,0.3333333333333333,0.6666666666666666,0.0
26818.0,0.5966666666666662,0.4033333333333337,0.0
27089.0,0.2100000000000001,0.6666666666666664,0.12333333333333348
26056.0,0.3333333333333333,0.6666666666666666,0.0
26365.0,0.020000000000000007,0.38000000000000017,0.5999999999999999
