26275.0,2.463062661345401E-6,0.0017876992504975882,0.9982098376868411
26544.0,0.007653496125513333,0.987490235681044,0.0048562681934426095
26006.0,0.02307746595195237,0.9769207131286773,1.8209193703781057E-6
26946.0,0.25717940623109037,0.7428201686084909,4.2516041876350535E-7
26705.0,0.9902328915287563,0.009767108459247328,1.1996506653863573E-11
27255.0,0.43500458613316345,0.56453838249788,4.570313689565482E-4
27492.0,0.9951530571041788,0.004846942876067658,1.9753626770814906E-11
26493.0,0.030465773884504853,0.9695315336745344,2.692440960788815E-6
26222.0,7.366181500335484E-14,1.4088379433789683E-10,0.9999999998590425
26780.0,1.1645591820610996E-5,0.35298995943809985,0.6469983949700795
27023.0,2.2483480898537712E-11,1.2597873260454706E-8,0.9999999873796431
27561.0,1.9699292149799578E-4,0.4834667587238603,0.5163362483546418
27322.0,2.359932260470494E-4,0.0710375102076981,0.9287264965662549
26154.0,0.002040354489594818,0.9958754946459571,0.0020841508644481245
26425.0,0.006132526529084009,0.9936659905273044,2.0148294361172262E-4
27390.0,1.422659141002594E-5,0.003104804204201319,0.9968809692043887
27083.0,0.9974489508058441,0.0025510491800027828,1.4153160438231328E-11
26840.0,2.7803196070653194E-4,0.9984701617388021,0.0012518063004914241
26066.0,0.5485314889077385,0.45146481020436585,3.7008878956788696E-6
26612.0,2.442758971882854E-4,0.9997462941245987,9.429978213149286E-6
26343.0,0.060116466388949734,0.9351005809665665,0.004782952644483761
27424.0,4.031331047992571E-5,0.9514893788308081,0.04847030785871209
27187.0,0.2898705637918099,0.7101294156748613,2.0533328789672595E-8
26645.0,0.4352752615421367,0.564724359981547,3.784763164557364E-7
26886.0,0.015249751118282725,0.9778149174526849,0.006935331429032327
26274.0,0.9899814520220913,0.010018547672822753,3.050860685796664E-10
26545.0,1.1263680582131834E-13,2.117658354239057E-8,0.9999999788233038
26007.0,1.9362615805972297E-12,1.7108138687796817E-7,0.9999998289166769
26947.0,0.1017211743812299,0.8982401985419518,3.8627076818235856E-5
26704.0,5.640780068644051E-18,8.346449550564047E-8,0.9999999165355046
27254.0,0.05564545879437735,0.8922777538149315,0.05207678739069116
27493.0,5.431827730406756E-16,1.1164439961898832E-9,0.9999999988835555
26492.0,5.441895845584519E-4,0.9994367233071778,1.9087108263650654E-5
26223.0,0.0012549490799421685,0.9985056986493175,2.3935227074053925E-4
26781.0,3.826073848592254E-4,0.9995525539498523,6.483866528864766E-5
27022.0,0.27500309030641606,0.7187636768315336,0.006233232862050284
27560.0,4.3351683923806055E-11,1.2846845796080763E-7,0.9999998714881905
27323.0,1.6498144846388389E-10,1.7861265274593508E-6,0.9999982137084912
26155.0,0.013480991697101052,0.9862095514935215,3.094568093773862E-4
26424.0,0.031104262828298698,0.9688956364515003,1.0072020090743574E-7
27391.0,0.72504818322807,0.27492309862574016,2.8718146189925127E-5
27082.0,9.18317900656907E-4,0.9888581026376434,0.01022357946169958
26841.0,0.5144220525009263,0.48556899368207,8.953817003751059E-6
26067.0,0.07654064898474616,0.7284796539148896,0.19497969710036417
26613.0,0.03004544169995074,0.9699479362186514,6.622081397761221E-6
26342.0,7.549887160328992E-5,0.08236976154875399,0.9175547395796427
27425.0,1.4839607898356084E-19,1.9749597100483467E-11,0.9999999999802505
27186.0,1.9112292232902004E-7,2.915002858130621E-4,0.9997083085912646
26644.0,0.07841457736895509,0.8659692520781626,0.05561617055288237
26887.0,0.7081716327466687,0.29182724976265484,1.1174906764548918E-6
26707.0,1.7578377445228089E-16,4.157346996898127E-12,0.9999999999958424
26944.0,2.724745841434618E-4,0.8912287850217854,0.10849874039407104
27494.0,0.005699634704693233,0.9941878606409709,1.125046543358423E-4
27253.0,0.006145929961684281,0.9936878314322761,1.6623860603957907E-4
26546.0,0.7883220850200423,0.21166250765080097,1.5407329156687993E-5
26273.0,2.1138170347440827E-4,0.06741629943895061,0.932372318857575
26004.0,4.1456451996546184E-10,6.0274246156458E-6,0.9999939721608199
27021.0,0.3094537521850911,0.6905448110431055,1.4367718034796473E-6
26782.0,4.7107808460688E-18,1.4475455221759536E-13,0.9999999999998552
27320.0,3.095641317688496E-10,2.1553560859627842E-6,0.99999784433435
27563.0,0.8807054547347565,0.11929453858972755,6.675515901469545E-9
26220.0,0.00874176754691884,0.988383930332299,0.0028743021207822492
26495.0,4.142996319444117E-9,0.001168337861894801,0.9988316579951089
27388.0,3.1039025525995503E-9,1.921257474073512E-4,0.9998078711486902
26842.0,0.1794798532076808,0.8202121985793196,3.0794821299960266E-4
27081.0,0.7110083332628536,0.28898450395770375,7.162779442612447E-6
26427.0,0.006346262075465604,0.13338569249824764,0.8602680454262868
26152.0,0.001418459562807168,0.9970038219904152,0.001577718446777632
27185.0,8.474187791601717E-13,2.9696584324899994E-9,0.9999999970294942
27426.0,0.7267945782736583,0.2732052357743688,1.8595197281498667E-7
26884.0,0.2526223522548449,0.7473774295752986,2.1816985650124303E-7
26647.0,2.636644925212826E-29,2.4912411882538603E-19,1.0
26064.0,5.45181492402903E-13,3.048888052562912E-7,0.9999996951106495
26341.0,0.005074898165682055,0.5678860518587486,0.4270390499755693
26614.0,0.9809566711602576,0.019043325505601463,3.3341410043024142E-9
26706.0,7.030391595167565E-5,0.007215691335581067,0.9927140047484674
26945.0,1.0346251540185915E-13,3.0508158316966884E-8,0.9999999694917381
27495.0,3.762651349663609E-7,0.9353938916604833,0.06460573207438182
27252.0,2.8209823629555864E-4,0.8597720787151704,0.13994582304853403
26547.0,0.47566836166526294,0.5243314254401269,2.1289461013387384E-7
26272.0,7.116808533169322E-11,7.376581298782673E-7,0.9999992622707021
26005.0,0.06019910047374991,0.9390717229979489,7.291765283010833E-4
27020.0,0.9808453779500838,0.019154617337974564,4.711941739143223E-9
26783.0,0.08952663899484284,0.9104436408055578,2.9720199599373657E-5
27321.0,0.6940326519396867,0.30596728255336175,6.550695160591794E-8
27562.0,0.5730368295179606,0.42696314463613527,2.584590403966119E-8
26221.0,0.4545466134475933,0.5454521484923502,1.2380600563858991E-6
26494.0,0.16718655007815159,0.7139876244386467,0.11882582548320172
27389.0,8.424972414285574E-10,2.5275008087309703E-5,0.9999747241494155
26843.0,1.9242999783115212E-12,9.60212678903019E-7,0.9999990397853967
27080.0,0.9713503849480402,0.028649611114790655,3.937169107851038E-9
26426.0,0.008150877100092338,0.20000544694522548,0.7918436759546823
26153.0,0.1871688452474891,0.8126290402184375,2.0211453407330496E-4
27184.0,0.9930978248964707,0.006902175090276969,1.3252225832533117E-11
27427.0,9.18191868528749E-9,1.2162210127398004E-4,0.9998783687168074
26885.0,0.0325226867218905,0.9674314545264411,4.5858751668481277E-5
26646.0,0.9857904991608265,0.01420950039745935,4.417140451267935E-10
26065.0,0.00647352103659936,0.9933202016680694,2.0627729533119962E-4
26340.0,1.5133876902784347E-11,5.560138221882076E-7,0.9999994439710439
26615.0,3.69872443563111E-5,0.9823079353931851,0.01765507736245862
25951.0,1.6839033416772414E-5,0.050088165300832335,0.949894995665751
26489.0,0.00504984842152046,0.9949346920987424,1.5459479737092363E-5
26218.0,3.426034521626922E-4,0.24071212123275396,0.7589452753150835
27565.0,0.002762974345819896,0.9968897487495081,3.472769046720676E-4
27326.0,0.7405478405780532,0.2594521139327633,4.548918348284763E-8
26776.0,1.655561378678932E-5,9.422827025455603E-4,0.9990411616836677
27019.0,0.020665770858369018,0.9790654001036863,2.68829037944727E-4
26002.0,2.318744429109772E-7,4.6782363091788556E-4,0.9995319444946392
26279.0,1.4017597616694857E-8,1.2613434850555986E-4,0.9998738516338969
26548.0,0.25691215812714085,0.7430868923259151,9.495469440529022E-7
27251.0,0.3863834009965165,0.6136154858789139,1.113124569515087E-6
27488.0,0.28685240101924453,0.7131475875688186,1.1411936929987778E-8
26950.0,0.7597909799980915,0.2402089728476501,4.715425829818413E-8
26709.0,1.3937520381484062E-19,1.0139915069378561E-16,1.0
26608.0,0.07429981374734979,0.9256842821049658,1.5904147684490233E-5
26339.0,0.06125766250680501,0.9387095985415924,3.273895160270744E-5
26070.0,6.729441602059393E-4,0.9856839808830457,0.013643074956748467
26641.0,3.391831343025072E-5,0.8165658909407565,0.18340019074581324
26882.0,0.9982517935632437,0.001748206434827203,1.929083835865101E-12
27428.0,0.11294391105000022,0.8870321280774509,2.3960872548810668E-5
27191.0,0.9804027892930978,0.019597188679261825,2.202764032128851E-8
26158.0,8.52156081652429E-4,0.04250245771006583,0.9566453862082819
26429.0,0.07351749345100093,0.9255969187528077,8.855877961913358E-4
27087.0,0.006636019902511521,0.9933454891331686,1.8490964319884714E-5
26844.0,0.8258044550280808,0.1741953586968863,1.8627503302379467E-7
27386.0,0.7431103546224664,0.25688915333834944,4.920391842071712E-7
25950.0,0.7618196103523913,0.2381802709108223,1.1873678630518089E-7
26488.0,0.17477208021924556,0.7641588903952503,0.061069029385504126
26219.0,0.0016129631856311943,0.7435640701541288,0.2548229666602399
27564.0,0.7725383426094302,0.22746144542628466,2.1196428516557425E-7
27327.0,0.6593583879485048,0.34064137031769237,2.417338029431605E-7
26777.0,0.02862358409161951,0.9203332618645532,0.051043154043827255
27018.0,2.0375473270565373E-8,6.362408643051593E-5,0.9999363555380961
26003.0,0.05232633531245378,0.9476420512318873,3.161345565915487E-5
26278.0,8.036398969565325E-5,0.7140526280469022,0.28586700796340203
26549.0,0.8926683355193539,0.10733164612131336,1.8359332789675578E-8
27250.0,0.006587473081509807,0.9930906938577099,3.2183306078031616E-4
27489.0,0.05276831684659447,0.9472227460279166,8.937125488879963E-6
26951.0,0.013636368168524588,0.9863383442469706,2.5287584504846637E-5
26708.0,0.029952865450355356,0.2084814801182115,0.7615656544314331
26609.0,0.8489165950669296,0.1510832898082948,1.1512477555352825E-7
26338.0,0.7298146258562886,0.2701853731361843,1.0075271116203855E-9
26071.0,1.0245501013876183E-4,0.3394972351576324,0.6604003098322289
26640.0,3.4707075807196816E-6,0.006072069314334772,0.9939244599780844
26883.0,0.0025484414487762295,0.9001411444123297,0.09731041413889391
27429.0,0.6930890552090465,0.30685638588997255,5.455890098093379E-5
27190.0,0.09088608403213776,0.9070661011418333,0.0020478148260289894
26159.0,1.7007966580144196E-5,0.001572341894015621,0.9984106501394042
26428.0,1.005994193475651E-11,1.2865905452570603E-6,0.9999987133993948
27086.0,0.6825228925551213,0.3110807779101293,0.006396329534749351
26845.0,1.4177858136611359E-11,6.773687256863493E-7,0.9999993226170966
27387.0,4.130825238700617E-8,5.998599152185223E-4,0.9994000987765291
27324.0,0.11969225803835341,0.8802436699473348,6.407201431177616E-5
27567.0,0.05694522620124403,0.9429470723029749,1.0770149578111037E-4
27017.0,0.8652336471313737,0.13476627739561184,7.547301427494077E-8
26778.0,0.993420306842667,0.006579693043750339,1.1358263907954939E-10
25949.0,0.03730732275500531,0.9624248684214634,2.678088235311924E-4
26216.0,0.8470782493005857,0.15292174559006144,5.109352667946333E-9
26491.0,0.034945837404462284,0.9640545751278272,9.995874677106158E-4
27490.0,2.2310652866360638E-20,1.3953124837929335E-14,0.999999999999986
27249.0,6.410919180524385E-11,6.056613422398425E-8,0.9999999393697566
26711.0,0.9592200024057748,0.04077997689804763,2.0696177409957543E-8
26948.0,2.0961896024542775E-5,6.01904593348033E-4,0.9993771335106275
26000.0,2.0923786524916878E-4,0.030516431732296137,0.9692743304024546
26550.0,0.4175524784994498,0.5824407192069408,6.802293609340669E-6
26277.0,0.8484498540268928,0.15155012698228068,1.899082661120075E-8
26880.0,0.1929327973797996,0.8068335679915585,2.3363462864184014E-4
26643.0,4.883528785517655E-4,0.1570372401007151,0.8424744070207332
27189.0,0.6123463703080525,0.3876532843770256,3.4531492181186924E-7
27430.0,1.8370528021322717E-15,1.6925060920105531E-10,0.9999999998307476
26337.0,0.16994954578551413,0.8300503698757261,8.433875971430094E-8
26610.0,0.99728636272768,0.0027136372706634713,1.6564723244199897E-12
26068.0,0.7629612660699979,0.23703865482079384,7.910920826980412E-8
26846.0,6.938739713728102E-4,0.9817453408447309,0.01756078518389613
27085.0,5.937086972260119E-5,0.15435504222715385,0.8455855869031236
27384.0,0.997149503386015,0.0028504965979625303,1.6022460338068805E-11
26431.0,1.9320276980937264E-7,1.1174946291004519E-4,0.9998880573343202
26156.0,0.9968438571445521,0.003156142847158445,8.28936981831978E-12
27325.0,1.004398652139457E-10,2.1724013633863884E-7,0.9999997826594237
27566.0,1.2197477236617793E-21,4.164689154023617E-13,0.9999999999995834
27016.0,6.70029176099624E-5,0.5559153151582116,0.4440176819241784
26779.0,4.3786203052610136E-4,0.7783932015862288,0.22116893638324503
26217.0,0.2779617919219296,0.7220341931071264,4.0149709439797535E-6
26490.0,4.338925461415087E-9,1.2210501628457982E-4,0.9998778906447899
27491.0,9.558071766679592E-15,6.701234982245292E-9,0.9999999932987553
27248.0,0.02378279437089033,0.9091896114400765,0.06702759418903324
26710.0,0.9930366234775051,0.00696337626762988,2.548648526652319E-10
26949.0,0.0436105973506523,0.956389254234389,1.48414958620647E-7
26001.0,5.181576216983989E-6,0.021878021489099897,0.9781167969346832
26551.0,7.635973472921625E-11,5.353988305326483E-7,0.9999994645248097
26276.0,5.895297333698647E-4,0.0022161633776259246,0.9971943068890041
26881.0,0.09386666277888543,0.9061300983612416,3.238859872984153E-6
26642.0,0.6133861058453434,0.38429664478285563,0.002317249371801034
27188.0,0.07135744572425497,0.9286246987225357,1.785555320936218E-5
27431.0,0.04331306295323173,0.9565137603064393,1.7317674032904732E-4
26336.0,9.285032081849762E-13,1.916848497507109E-7,0.9999998083142217
26611.0,3.374208293905043E-7,4.848747149322123E-6,0.9999948138320214
26069.0,0.8950228852643068,0.10497671003248123,4.047032120529272E-7
26847.0,1.092318129621965E-17,5.6192326916095246E-12,0.9999999999943807
27084.0,0.014018451354988129,0.7744582186152578,0.21152333002975407
27385.0,0.008820659177066495,0.9902543497427393,9.249910801943946E-4
26430.0,0.17962785067640774,0.8202019008899154,1.702484336769054E-4
26157.0,5.243943564940444E-4,0.1924852778660827,0.8069903277774233
26146.0,0.04070357130166649,0.9590195613065056,2.768673918279563E-4
26417.0,0.20508835196549788,0.7949098065101516,1.8415243505807615E-6
27382.0,8.277213432589634E-17,4.665165079998298E-11,0.9999999999533482
27075.0,5.103106865038533E-15,3.0517067768138303E-9,0.999999996948288
26832.0,0.3165605720217111,0.6354174145230331,0.04802201345525583
26074.0,0.02712433345456626,0.9511600615327094,0.02171560501272429
26620.0,0.6415659614787025,0.3584023992322187,3.1639289078748975E-5
26351.0,1.536484542483075E-11,4.3100058769069565E-7,0.9999995689840474
27432.0,6.530861226983297E-13,2.7904985273506916E-6,0.9999972095008196
27195.0,0.2138617204201783,0.7860887147142537,4.956486556804985E-5
26653.0,1.4228148017453926E-13,1.0436605591675343E-7,0.9999998956338019
26894.0,4.425461637925985E-5,0.0015608627081793703,0.9983948826754414
26283.0,5.647387225738809E-5,0.18840708326485853,0.8115364428628841
26552.0,0.24532776234732764,0.7543966453602954,2.755922923769227E-4
26014.0,0.04889649618951613,0.9509372408697339,1.662629407500665E-4
26954.0,7.249516070447339E-5,0.0015839991904393635,0.9983435056488562
26713.0,0.09696708315515766,0.9030258120831989,7.104761643544392E-6
27263.0,4.365501192680898E-5,0.4880417387136865,0.5119146062743867
27500.0,0.739779119599921,0.26022068265061243,1.9774946635265095E-7
26485.0,4.0968212030285654E-7,4.092006348497733E-5,0.9999586702543948
26214.0,0.07302074383612908,0.9218479638829479,0.0051312922809229325
26772.0,5.102297292178018E-16,6.577946392630662E-10,0.9999999993422048
27015.0,0.060003072023535824,0.9320423997979818,0.007954528178482412
27553.0,6.777370790134093E-4,0.4209968172176129,0.5783254457033736
27314.0,0.36469425477666495,0.6353054086355998,3.3658773526622607E-7
26147.0,2.600428716838943E-10,5.0023992793128865E-6,0.9999949973406778
26416.0,2.8724761609198295E-11,8.379998070978178E-6,0.9999916199732043
27383.0,5.854875455563798E-22,2.40783790041493E-16,0.9999999999999998
27074.0,4.843951556214961E-14,3.4547816690056666E-8,0.9999999654521349
26833.0,0.04400344739766426,0.9541553738079108,0.0018411787944250552
26075.0,1.6422810986701432E-4,0.2300545770720371,0.7697811948180958
26621.0,0.10217096713973012,0.897828420157212,6.127030580523655E-7
26350.0,0.9849764162153182,0.015023583009051988,7.756299272608708E-10
27433.0,0.08460800977928111,0.9153801652251393,1.1824995579596977E-5
27194.0,0.006078733950210112,0.9927083293921249,0.001212936657665006
26652.0,0.0021515008188058163,0.9972561137440495,5.923854371446084E-4
26895.0,7.058465663696376E-4,0.8666802945438684,0.13261385888976177
26282.0,2.741142575407157E-6,3.2921379250539054E-4,0.9996680450649194
26553.0,0.3863802811210306,0.6136181441465426,1.5747324268608475E-6
26015.0,0.896500382989754,0.10349956628813199,5.072211387647753E-8
26955.0,0.05384477027084449,0.9461294081547493,2.582157440619399E-5
26712.0,0.002881716656378427,0.9969608522962761,1.574310473455194E-4
27262.0,3.4416314937107404E-12,7.026364685065499E-8,0.9999999297329114
27501.0,0.9135898819242916,0.08641003916888951,7.890681889160372E-8
26484.0,0.15743548390461132,0.8425049052707076,5.9610824681155E-5
26215.0,0.6910654417943956,0.30893453888354827,1.9322056130987813E-8
26773.0,0.9853208295678494,0.014679170421241432,1.0909243555366666E-11
27014.0,0.0041563939266386065,0.9494652406247116,0.04637836544864985
27552.0,0.24581191564115032,0.7541768053554875,1.1279003362205057E-5
27315.0,0.46093901156461053,0.5390396097832308,2.1378652158534557E-5
27380.0,4.556875002058574E-7,0.03536824563671653,0.9646312986757832
26834.0,1.4969527799595764E-4,0.15951625040113782,0.8403340543208663
27073.0,0.02417877508023193,0.9751806100623983,6.40614857369914E-4
26419.0,0.9932618887272208,0.0067381111577470496,1.1503218603187499E-10
26144.0,0.125023961590785,0.874925351565143,5.0686844072010944E-5
27193.0,0.9957434073751934,0.00425659261936504,5.441773761528086E-12
27434.0,0.01339493562787085,0.9861429611699134,4.621032022157875E-4
26892.0,0.34790950107218327,0.6520849818925963,5.517035220485232E-6
26655.0,0.030206148724666253,0.9694313208629372,3.6253041239660066E-4
26072.0,3.249302442948591E-24,6.9547631211761266E-15,0.9999999999999931
26349.0,0.0011713903581633586,0.9987598952701696,6.871437166701066E-5
26622.0,0.2597652477148945,0.740233874684988,8.776001173581458E-7
26715.0,0.6197225009527563,0.38027746121167355,3.7835570127929064E-8
26952.0,0.017879831953131076,0.979624121612334,0.002496046434534882
27502.0,0.9681971409477865,0.031802855436757746,3.6154557475276197E-9
27261.0,2.1933665344539728E-4,0.9890351191006195,0.010745544245935145
26554.0,1.3313739155134483E-7,0.0027811962891933634,0.9972186705734152
26281.0,0.0010035617796119575,0.04321989186396553,0.9557765463564225
26012.0,1.7488339627699635E-4,0.897602662625959,0.10222245397776399
27013.0,0.8137649398510093,0.1862350462637772,1.388521356158597E-8
26774.0,0.15076992529784083,0.8463117740734138,0.0029183006287453145
27312.0,1.5661344961498413E-4,0.7684285994388407,0.23141478711154428
27555.0,1.5957652096852353E-4,0.004081143640316155,0.9957592798387154
26212.0,1.22512547583527E-18,2.1024700716978743E-13,0.9999999999997897
26487.0,0.6685825077652979,0.33141723535016165,2.568845404979467E-7
27381.0,8.352246010180594E-7,2.6513394264502586E-4,0.9997340308327539
26835.0,6.259637220487853E-5,0.01341369901187596,0.9865237046159191
27072.0,6.48782906459261E-5,0.9937162891703324,0.006218832539021795
26418.0,0.9903138973124919,0.009686102632367131,5.514100151555388E-11
26145.0,1.9309279064706867E-14,2.979808301127632E-10,0.9999999997019999
27192.0,0.4073692808575376,0.5926295483529397,1.1707895227358823E-6
27435.0,0.0017429112944142464,0.9033099516806089,0.09494713702497697
26893.0,0.9986707290044963,0.0013292709946632092,8.407176579488586E-13
26654.0,1.8418967494110398E-4,0.9886418471029275,0.011173963222131385
26073.0,1.756801511293451E-11,8.084746077203697E-7,0.9999991915078243
26348.0,0.02466527861122704,0.7887533813152969,0.18658134007347607
26623.0,3.2131779410348346E-8,3.669362647808403E-4,0.9996330316034396
26714.0,0.43046607214342336,0.5695325083104258,1.4195461508649537E-6
26953.0,6.621231952323944E-4,0.022039039686133813,0.9772988371186339
27503.0,0.059502297400290255,0.9404672095850307,3.0493014678942558E-5
27260.0,0.9615898260625392,0.03840953783832148,6.360991392967978E-7
26555.0,0.005869638584604221,0.9924195108166955,0.0017108505987003348
26280.0,0.05795421975885501,0.94173589246212,3.098877790251544E-4
26013.0,2.916121192718799E-9,1.088417934874043E-6,0.999998908665944
27012.0,1.0248008805473266E-11,8.46245116127223E-6,0.9999915375385906
26775.0,1.653205918816274E-5,0.008751042750302786,0.991232425190509
27313.0,0.18227797162275655,0.7200771639358204,0.09764486444142312
27554.0,0.015249920476906171,0.9847497814695542,2.980535398112195E-7
26213.0,4.067225150246069E-7,2.0789496343467747E-5,0.9999788037811415
26486.0,0.016182908079902643,0.06175679144995775,0.9220603004701396
26616.0,0.05783522205239267,0.9421639024524913,8.754951159667024E-7
26347.0,0.163365170398097,0.8366209669831153,1.3862618787529878E-5
26078.0,3.881967174065434E-12,4.526387389429027E-8,0.999999954732244
26649.0,8.344811116556239E-7,0.003334031123425954,0.9966651343954623
26890.0,0.005125566415160626,0.9759281908465649,0.01894624273827433
27436.0,7.660698130280128E-16,8.693744495558061E-11,0.9999999999130618
27199.0,2.3334388087614432E-11,7.150924218704914E-5,0.9999284907344784
26150.0,4.768494105267195E-21,1.0016976155260745E-11,0.9999999999899831
26421.0,0.0947540996019325,0.9052404695841548,5.430813912601972E-6
27079.0,0.03012810932533428,0.9698643537899322,7.536884733555567E-6
26836.0,0.1538625723152413,0.8461237981263838,1.3629558374825148E-5
27378.0,0.3734518846571889,0.6264066570434991,1.4145829931194934E-4
26481.0,2.2134638289709302E-11,6.0676088588474724E-6,0.9999939323690066
26210.0,1.934900944669286E-15,3.005697702834277E-9,0.9999999969943003
27557.0,8.356598986036001E-16,2.145288282518206E-10,0.9999999997854703
27318.0,0.07865381529856433,0.9212997746457222,4.641005571336896E-5
26768.0,8.47500767604041E-5,0.016059737625536308,0.9838555122977033
27011.0,3.8300003374707963E-10,1.4557879290917358E-5,0.9999854417377091
26010.0,0.025031679277782236,0.9583743476019498,0.01659397312026794
26287.0,0.9559289117746529,0.044071029526000366,5.869934668818216E-8
26556.0,0.08738281033094847,0.58818757063237,0.32442961903668155
27259.0,0.11149476386202005,0.8884790964177799,2.6139720199857517E-5
27496.0,0.6038053331555671,0.3961363415766555,5.832526777745882E-5
26958.0,1.754116254164467E-17,4.284656945558231E-12,0.9999999999957154
26717.0,0.34511494929716985,0.6547200940999345,1.6495660289556736E-4
26617.0,1.952780807371691E-7,0.0022232754074578104,0.9977765293144614
26346.0,0.7326166204972469,0.26738266009808503,7.194046680325299E-7
26079.0,0.01632373193480153,0.9816558467949094,0.0020204212702890395
26648.0,6.278644991117648E-9,1.800616615076959E-6,0.9999981931047398
26891.0,0.8072116162893445,0.19278742701635734,9.566942981253308E-7
27437.0,5.526436875309106E-6,0.0015169711376967006,0.998477502425428
27198.0,1.2994339460086986E-20,9.664885504978864E-14,0.9999999999999034
26151.0,0.9266137983911598,0.07338620149691993,1.1192036876954853E-10
26420.0,0.012502038022229192,0.9874042655927765,9.369638499422357E-5
27078.0,1.0322294927871778E-15,9.654112168727981E-10,0.9999999990345878
26837.0,0.03469783084261226,0.9285674074093789,0.0367347617480089
27379.0,0.32158094961769385,0.6784101574611568,8.892921149436299E-6
26480.0,0.004247682658789435,0.0576964273596318,0.9380558899815788
26211.0,0.5432375915072049,0.4557034125269544,0.0010589959658408475
27556.0,4.863675312883778E-11,1.7467597522123195E-5,0.9999825323538413
27319.0,5.158894104027163E-16,4.460773323009861E-9,0.9999999955392262
26769.0,0.6165422919447365,0.38345547326518387,2.2347900796126694E-6
27010.0,0.0028982235357930437,0.9969051615990824,1.9661486512456033E-4
26011.0,0.1521047513424627,0.8478876996839689,7.548973568276226E-6
26286.0,0.05413705577787483,0.9448802872399049,9.826569822202838E-4
26557.0,2.209355292045918E-8,1.7767751173691177E-4,0.9998223003947102
27258.0,1.2245227650392448E-14,1.8774946328529106E-10,0.9999999998122382
27497.0,8.335300811544285E-12,2.1324606160581952E-7,0.9999997867456032
26959.0,0.03621777308146795,0.9637764692352238,5.757683308411663E-6
26716.0,0.04365095504256244,0.9563478169281117,1.2280293257546453E-6
26888.0,0.310485715318766,0.6895137055830921,5.790981418432505E-7
26651.0,7.98429509772584E-16,4.616110831187909E-9,0.9999999953838883
27197.0,0.02208321735224997,0.9669748633000985,0.01094191934765169
27438.0,3.2105878574259415E-9,1.9732114589338185E-6,0.9999980235779531
26345.0,0.0165269080909733,0.9832977186788648,1.7537323016170932E-4
26618.0,0.07966043208203771,0.9197481037578829,5.914641600794224E-4
26076.0,2.127686148295825E-10,2.061026682105945E-6,0.9999979387605492
26838.0,0.00876536501214548,0.9433693747635573,0.04786526022429734
27077.0,0.011363166392740829,0.9884996146764837,1.3721893077533548E-4
27376.0,5.334997929098184E-8,1.6565693572735804E-4,0.9998342897142934
26423.0,4.725658858524687E-18,4.741064731914674E-12,0.9999999999952589
26148.0,0.010207670665217695,0.9896473723372151,1.449569975671952E-4
27316.0,1.11590020914965E-14,9.762307998815249E-10,0.999999999023758
27559.0,1.1387378746926762E-5,0.10536655364614866,0.8946220589751044
27009.0,8.839471953510889E-7,0.01227402811118508,0.9877250879416195
26770.0,0.15054084508208995,0.8494466925888082,1.2462329101851936E-5
26208.0,0.0037012592400372597,0.9942654807441352,0.0020332600158273224
26483.0,1.094467150303619E-7,6.908665275668409E-6,0.9999929818880092
27498.0,0.11332852194399054,0.8853905860644223,0.0012808919915870483
27257.0,7.577956468925622E-6,0.18284560184462958,0.8171468201989015
26719.0,0.8836277673568405,0.11637206785401137,1.6478914814476274E-7
26956.0,0.9354193327455382,0.06457324752900385,7.419725458102494E-6
26008.0,0.26106028229074046,0.7388761512569431,6.356645231641316E-5
26558.0,0.003618103434753065,0.7573493445988454,0.23903255196640158
26285.0,0.02117837352139173,0.9781345180979804,6.871083806277745E-4
26889.0,2.4762922472443146E-6,0.001334714891134317,0.9986628088166185
26650.0,0.40882452667502556,0.5911747935964464,6.797285279243484E-7
27196.0,0.834288138294,0.1657118044979633,5.720803685097783E-8
27439.0,4.5689111942736045E-6,0.0010498990339745961,0.9989455320548312
26344.0,5.736822609504581E-5,0.2794900499539496,0.7204525818199553
26619.0,0.13149693536282311,0.8685022412410375,8.233961395011585E-7
26077.0,0.5681878594965577,0.4318120187632186,1.2174022365504956E-7
26839.0,8.742134181283417E-20,1.2174285986188479E-11,0.9999999999878257
27076.0,1.7741225226863376E-21,5.969156076832028E-15,0.999999999999994
27377.0,0.857431460008967,0.14256853990743834,8.35946844184339E-11
26422.0,4.667569992537839E-14,2.7551055337373982E-9,0.9999999972448479
26149.0,3.82127333179503E-10,1.0203700151211627E-7,0.999999897580871
27317.0,9.060411964247601E-14,5.0145659828706375E-9,0.9999999949853433
27558.0,0.27933836043299126,0.7206601445056814,1.4950613274205342E-6
27008.0,0.9486084193311263,0.05139157890609615,1.762777397583665E-9
26771.0,0.29146675994380744,0.7085299077116545,3.332344538214952E-6
26209.0,0.15062207786484308,0.8483959730203058,9.819491148510113E-4
26482.0,0.011233933117664317,0.7220630343225964,0.2667030325597392
27499.0,0.8379171335834322,0.1620711448469451,1.1721569622633733E-5
27256.0,0.8498379890434291,0.1501620108586788,9.789208504447173E-11
26718.0,0.9392416851701038,0.06075827356529703,4.126459933182816E-8
26957.0,0.0016512650244762993,0.9218527496525227,0.07649598532300086
26009.0,0.008203667040725936,0.9917592783053587,3.705465391523918E-5
26559.0,0.13981114138530817,0.5348446637474645,0.3253441948672272
26284.0,0.9495979306613839,0.05040204951774322,1.9820873054746593E-8
26963.0,0.0866935451754278,0.913288636356281,1.7818468291128996E-5
26688.0,2.172040353789878E-8,1.5576494477295933E-5,0.9999844017851193
27238.0,2.1581434937899992E-5,0.008048801644294931,0.9919296169207672
27509.0,0.45059219497954167,0.5494004882104062,7.316810052195356E-6
26290.0,0.6350682645862665,0.36493173419676356,1.2169698960245799E-9
26529.0,0.054586429256859095,0.9388809682686254,0.006532602474515449
25991.0,4.990705255304613E-10,1.5208514422703292E-6,0.9999984786494872
26765.0,0.022364292136601238,0.9776352384036139,4.694597850597889E-7
27038.0,2.4346923835129165E-4,0.010811283104388439,0.9889452476572603
27576.0,8.874747285836875E-15,2.2537122868493947E-8,0.9999999774628684
27307.0,0.6120587964390135,0.387941182215036,2.1345950440725528E-8
26476.0,0.974296469455166,0.025703508595552624,2.1949281245081122E-8
26239.0,1.8398388810836264E-10,9.163145643714887E-8,0.9999999081845596
27375.0,0.08365939666721674,0.9163382505790596,2.3527537236778196E-6
27098.0,0.7414734842007172,0.2585263476116304,1.681876524142871E-7
26825.0,0.7970064496654761,0.20299338479118767,1.655433361810451E-7
26171.0,1.3439312805527573E-11,1.3067650954150564E-6,0.9999986932214652
26408.0,0.8849976423803826,0.11497412411475653,2.8233504860801652E-5
27441.0,0.02787647221158692,0.9691545139787625,0.0029690138096504317
27170.0,0.38322148360488706,0.6167357045303292,4.281186478365696E-5
26628.0,7.17385046316669E-12,9.732315707176585E-4,0.9990267684221086
26903.0,2.211912485431503E-5,0.8480483631484059,0.15192951772673977
26051.0,0.0012970011029154148,0.701356039126969,0.29734695977011555
26597.0,0.1039647114313042,0.8960315926821061,3.695886589736526E-6
26358.0,6.979577362670236E-10,7.7184275953676E-5,0.9999228150260886
26962.0,7.780217522566847E-4,0.7549145318674743,0.24430744638026897
26689.0,0.06121434927575261,0.9387726664179958,1.2984306251456457E-5
27239.0,0.9367852284305705,0.06321476519222897,6.3772004244242984E-9
27508.0,0.003813357968789315,0.9960681607857246,1.1848124548596786E-4
26291.0,0.5187908194057501,0.48091269686530164,2.9648372894832943E-4
26528.0,2.113896161800844E-11,6.517843448132583E-6,0.999993482135413
25990.0,0.7932699331646783,0.2067300447988725,2.2036449297141613E-8
26764.0,0.004279785525906805,0.9956602972105694,5.9917263523589746E-5
27039.0,6.809509362078635E-8,8.4207762976808E-5,0.9999157241419296
27577.0,0.0022207677407415118,0.6730875760791256,0.32469165618013285
27306.0,4.918727817604285E-10,8.821390429929009E-5,0.999911785603828
26477.0,0.17221046451128916,0.8275615933831967,2.2794210551432424E-4
26238.0,6.20015899508998E-5,0.03378775355078555,0.9661502448592635
27374.0,1.063038917638159E-17,4.088312762703776E-12,0.9999999999959117
27099.0,0.029452412266329664,0.9705409801554541,6.607578216200928E-6
26824.0,0.006819831063593104,0.6169514574644689,0.3762287114719379
26170.0,0.9984397735566919,0.00156022644159328,1.7147876792580922E-12
26409.0,0.005438103305889177,0.9837065240047516,0.0108553726893594
27440.0,2.3774718562417623E-5,0.0087904549705455,0.9911857703108921
27171.0,0.8159874022370242,0.18401237080748534,2.2695549063476063E-7
26629.0,0.16857824118218437,0.8313096813465803,1.1207747123523286E-4
26902.0,3.921190240395535E-7,7.937763865288152E-5,0.999920230242323
26050.0,2.970970765518191E-11,9.460696028266573E-9,0.9999999905095943
26596.0,2.0509325658918455E-4,0.9092825636692558,0.09051234307415508
26359.0,0.008293201179086883,0.9916674515610093,3.934725990384964E-5
26531.0,0.1933333714841899,0.8066651246088983,1.503906911939814E-6
26288.0,1.0698880973803764E-13,4.899579918798085E-10,0.9999999995099351
25989.0,8.95662136472531E-16,6.684643620732202E-10,0.9999999993315347
26690.0,0.0050340202397833244,0.9918520737427987,0.0031139060174179404
26961.0,0.28714741574023356,0.7128181965944606,3.438766530596254E-5
27511.0,2.7453705377325973E-5,0.9171960174562059,0.0827765288384166
27236.0,0.013130373824314914,0.9868301091963231,3.9516979362214386E-5
26237.0,0.04619963395202097,0.95379681112348,3.5549244990149545E-6
26478.0,0.006173458769383357,0.9935901063040765,2.3643492654006306E-4
27036.0,0.8929350607751149,0.1070648846773075,5.4547577686231307E-8
26767.0,9.837634227930727E-6,3.598656285639813E-4,0.9996302967372082
27305.0,6.805437038670239E-10,2.710411819541877E-4,0.999728958137502
27578.0,0.9738556484907004,0.02614434985970813,1.6495915978352565E-9
26410.0,1.765059200035771E-10,1.3429718986325367E-6,0.9999986568515954
26169.0,0.06366165457443736,0.9363373328580298,1.0125675330218421E-6
27373.0,0.975176255697594,0.02482374421224034,9.016557642446307E-11
26827.0,0.2122369872179762,0.7877576055382667,5.407243757026079E-6
27096.0,0.9700760659552324,0.029923921575696302,1.2469071307404466E-8
26049.0,1.9492497675244E-19,1.1296013061624567E-12,0.9999999999988705
26356.0,2.452220970471833E-5,5.965154395390282E-4,0.9993789623507562
26599.0,1.1824953939764103E-16,8.273929038483515E-13,0.9999999999991724
27168.0,0.008361398612685136,0.6773239568515442,0.31431464453577057
27443.0,1.3700606005927444E-12,1.362444148716172E-7,0.999999863754215
26901.0,2.156472550406847E-17,3.9657244906499565E-13,0.9999999999996034
26630.0,9.131593159010786E-12,1.6731979031599898E-7,0.9999998326710782
26530.0,0.990293532713031,0.00970646698689596,3.00072987957405E-10
26289.0,1.8433252805500177E-12,1.523569157498552E-7,0.999999847641241
25988.0,0.026149688860792435,0.9738450219471897,5.289192017916324E-6
26691.0,7.3610019376958065E-25,1.3719017213983273E-15,0.9999999999999987
26960.0,0.22152727419488866,0.7784665986519721,6.127153139086002E-6
27510.0,0.2006972822802167,0.7993023778443501,3.398754333082773E-7
27237.0,6.304082653794613E-11,2.26041386586653E-7,0.9999997738955726
26236.0,0.020792946821423533,0.9785940098048526,6.130433737239681E-4
26479.0,1.6468062011774597E-5,0.011378401211189312,0.9886051307267989
27037.0,2.8081948455339244E-4,0.11169175642880257,0.888027424086644
26766.0,6.87765698083188E-5,0.028473998063294505,0.9714572253668973
27304.0,0.017130024245613856,0.9656298725811362,0.017240103173250077
27579.0,0.9549684426026642,0.04503152056280852,3.6834527381790363E-8
26411.0,0.8405696555227633,0.1593751004943216,5.524398291519842E-5
26168.0,0.8149511818944596,0.18504873197971541,8.612582508872604E-8
27372.0,1.0751883987830169E-6,0.0035821508638913535,0.9964167739477098
26826.0,0.28712114374690445,0.7128040972270162,7.475902607930383E-5
27097.0,0.8541517071638512,0.14584824234564872,5.049049989447744E-8
26048.0,4.410046807801731E-4,0.13513080904106753,0.8644281862781522
26357.0,0.2288904791015899,0.7711094663380917,5.456031839152268E-8
26598.0,0.6218626851630173,0.3781368886346722,4.2620231035992485E-7
27169.0,1.2972570515669645E-5,0.031215922565505132,0.9687711048639791
27442.0,3.3938175466471155E-22,6.082528578720166E-14,0.9999999999999392
26900.0,0.0953544422672567,0.9046357202423759,9.837490367391492E-6
26631.0,0.5884049361763957,0.3432704414038604,0.06832462241974382
27580.0,0.19933317166271955,0.8005224432530877,1.4438508419282607E-4
27311.0,0.9919702387766743,0.008029761129839486,9.348627528122178E-11
26761.0,0.9967640390070551,0.0032359609773908835,1.5553879797481417E-11
27034.0,0.014386031366131532,0.9851317435555257,4.8222507834267694E-4
26472.0,0.009325406525025509,0.9903975249055601,2.7706856941424297E-4
26235.0,0.5730503544610199,0.4269467020085844,2.943530395632541E-6
27234.0,0.0032105722968189996,0.948291584729197,0.04849784297398397
27505.0,0.6048108540104677,0.3951877753151196,1.3706744127157363E-6
26967.0,9.501246770065272E-15,4.446163741262249E-8,0.9999999555383532
26692.0,0.20403565197308948,0.7959459344198936,1.8413607016854582E-5
25987.0,0.007710692814191397,0.9922841779960542,5.129189754366891E-6
26294.0,4.175226113987118E-5,0.9988904995253568,0.0010677482135034058
26533.0,0.7019613097665106,0.29803859595180815,9.428168123654082E-8
26624.0,0.7612900215455978,0.23870996390761062,1.4546791733896623E-8
26899.0,0.010548000986539388,0.9890795520357367,3.7244697772401695E-4
27445.0,1.248766635558448E-7,2.2179360585455746E-4,0.9997780815174818
27174.0,0.24567366911083333,0.754325555904551,7.749846157052888E-7
26593.0,0.9620153003081131,0.03798469589035129,3.801535789083193E-9
26354.0,0.3212929962731994,0.6787065300057162,4.737210844829661E-7
26055.0,0.0018501155557081367,0.6775568082674136,0.32059307617687816
27102.0,0.013294148820502649,0.9831143738686455,0.0035914773108520004
26829.0,0.9336976904378522,0.06630219589841234,1.1366373556344122E-7
27371.0,9.493205177402058E-9,1.2302451262647244E-6,0.9999987602616687
26175.0,0.997354880753831,0.0026451192452137478,9.552303265271357E-13
26412.0,0.8449078665228964,0.15509205810603074,7.5371072741666E-8
27581.0,0.05054905424453663,0.9494420864197247,8.85933573846383E-6
27310.0,0.009232124708833134,0.9907396223978024,2.8252893364414488E-5
26760.0,0.810448333900514,0.18954873392665023,2.932172835838596E-6
27035.0,0.012360798056139976,0.9872034171111308,4.357848327292109E-4
26473.0,4.8851770194380046E-14,2.898894511603731E-9,0.9999999971010567
26234.0,7.756140505287202E-17,2.1759446101080352E-13,0.9999999999997824
27235.0,0.019510775606407075,0.957622935734309,0.022866288659283803
27504.0,0.021053098635599874,0.9789298895378312,1.7011826568901967E-5
26966.0,0.7935991126956803,0.20640001105788766,8.762464320247769E-7
26693.0,5.615816418998758E-9,3.978364525719267E-6,0.9999960160196579
25986.0,6.108600043639318E-8,0.04781880249646862,0.9521811364175309
26295.0,0.15073110467682563,0.849255295952785,1.3599370389339438E-5
26532.0,0.8517430364557804,0.14825696097499727,2.569222385524319E-9
26625.0,1.0254408490434446E-15,7.0997535772729E-10,0.9999999992900237
26898.0,0.9272601126120097,0.07273988734814057,3.984986486389089E-11
27444.0,0.9713347894092494,0.028665209577532227,1.0132184529285716E-9
27175.0,0.015626992374505756,0.9840676537527413,3.0535387275300313E-4
26592.0,2.7629356063639445E-4,0.3386621449071445,0.661061561532219
26355.0,7.285454412908709E-5,0.9994611034921128,4.6604196375801257E-4
26054.0,0.14169444065349884,0.8325162583578348,0.025789300988666337
27103.0,0.31512726542244796,0.6848725850597104,1.4951784166851465E-7
26828.0,9.860775683710084E-16,3.4223874311170947E-9,0.9999999965776116
27370.0,7.032037390654837E-6,0.03788985256252737,0.962103115400082
26174.0,0.962890250642677,0.03710974922919687,1.2812627840842473E-10
26413.0,4.977757875294126E-18,2.8842025925917967E-12,0.9999999999971159
26233.0,2.4568217384697327E-4,0.9952595226496035,0.004494795176549555
26474.0,0.18730483318910754,0.8126894132444686,5.75356642392467E-6
27309.0,0.0029957197043556155,0.9897290245209022,0.00727525577474218
27582.0,3.8182445201867445E-4,0.5393635037436807,0.4602546718043007
27032.0,0.027699442945271643,0.972276675597195,2.388145753331712E-5
26763.0,0.4368536708561853,0.5631390105432563,7.318600558439959E-6
25985.0,0.6793092406368871,0.32069019304913154,5.663139812483781E-7
26535.0,0.4430210098436586,0.5048638644005903,0.052115125755751036
26292.0,2.3654933613841705E-6,0.06304862974906618,0.9369490047575724
27507.0,1.1047745909826999E-5,0.300256164431687,0.6997327878224031
27232.0,0.2527324943474318,0.7472637336149287,3.7720376396519523E-6
26694.0,0.8833071256871197,0.11669275346404381,1.2084883651836697E-7
26965.0,2.5357076713444443E-16,1.3960891099215954E-10,0.9999999998603908
26352.0,1.6178372221872258E-4,0.008045941456751424,0.9917922748210298
26595.0,0.9944858114272458,0.0055141884642883054,1.0846578883711986E-10
26053.0,0.11987261028959358,0.8617435516388278,0.01838383807157867
26897.0,0.5026493529318846,0.49735051659741686,1.304706985076037E-7
26626.0,0.05155967343375678,0.9484122644850241,2.8062081219102712E-5
27172.0,0.2097489732790013,0.7902503924896024,6.342313962578016E-7
