26275.0,0.027011638353041514,0.6094251111444365,0.36356325050252203
26544.0,0.06993041917024163,0.7246106986413383,0.20545888218841998
26006.0,0.06063444591273406,0.8601339029443207,0.07923165114294521
26946.0,0.02795741436266002,0.5771723085309644,0.39487027710637557
26705.0,0.38291910241217686,0.6010818958589976,0.01599900172882553
27255.0,0.03323134860558472,0.5185009735957048,0.4482676777987104
27492.0,0.38291910241217686,0.6010818958589976,0.01599900172882553
26493.0,0.027957393213928514,0.5771701655193799,0.3948724412666915
26222.0,0.0,0.07601428496244411,0.9239857150375559
26780.0,0.24533621601393515,0.2245928755248922,0.5300709084611727
27023.0,0.0070649476729681,0.4383566178549729,0.554578434472059
27561.0,0.0,0.08048991853105707,0.919510081468943
27322.0,0.027957393213926835,0.577170165519381,0.3948724412666922
26154.0,0.044198926332198886,0.6089362615028951,0.3468648121649059
26425.0,0.3829191024122007,0.6010818958589744,0.01599900172882491
27390.0,0.007064954604282924,0.4383566642895709,0.5545783811061462
27083.0,0.3250903999039796,0.31531015947423646,0.35959944062178395
26840.0,0.3644848696812098,0.6183018899326091,0.017213240386180977
26066.0,0.06470371132182479,0.6280259437992535,0.3072703448789218
26612.0,0.3148573538087801,0.2477250787208309,0.4374175674703889
26343.0,0.2787916678762102,0.4656300675766902,0.25557826454709964
27424.0,0.017137599328834248,0.6148694370415682,0.3679929636295977
27187.0,0.017316804614054868,0.6147742412962053,0.3679089540897399
26645.0,0.39718900886973696,0.5885644366874702,0.014246554442792858
26886.0,0.3818712643863355,0.6018211773075439,0.01630755830612047
26274.0,0.43537668131353496,0.5505449824821594,0.014078336204305536
26545.0,0.24750474626879063,0.31987698084856575,0.43261827288264365
26007.0,0.025696507990687463,0.6361694809634773,0.3381340110458353
26947.0,0.06063444591273549,0.8601339029443172,0.07923165114294708
26704.0,0.0,0.08078380228325269,0.9192161977167475
27254.0,0.027957393213928514,0.5771701655193799,0.3948724412666915
27493.0,0.027965449938934597,0.5989483777028226,0.37308617235824276
26492.0,0.31598899815304154,0.24702780182083725,0.4369832000261212
26223.0,0.06063444591273406,0.8601339029443207,0.07923165114294521
26781.0,0.07054354342560414,0.7266815505644012,0.2027749060099947
27022.0,0.03694971190154625,0.7570066328285165,0.20604365526993715
27560.0,0.06470365436497695,0.6280258105907093,0.3072705350443137
27323.0,0.042875290968977346,0.5835997424143737,0.37352496661664897
26155.0,0.03298218967565913,0.6248256800030795,0.34219213032126145
26424.0,0.07549234950509594,0.6566970725909537,0.26781057790395035
27391.0,0.07054354301724867,0.7266815517218287,0.20277490526092273
27082.0,0.03694960979262004,0.7570062378834411,0.20604415232393888
26841.0,0.36448486968120936,0.6183018899326097,0.01721324038618099
26067.0,0.32448355940385726,0.3330509009293404,0.34246553966680227
26613.0,0.4322020058042281,0.5532897908816775,0.014508203314094428
26342.0,0.03323134860558472,0.5185009735957048,0.4482676777987104
27425.0,0.03298161804651104,0.6248269876269095,0.3421913943265795
27186.0,0.0,0.06543609931814011,0.9345639006818599
26644.0,0.2787916678747204,0.46563006757802966,0.2555782645472499
26887.0,0.45184825313716503,0.5424532333615452,0.005698513501289707
26707.0,0.0,0.07716128568923218,0.9228387143107678
26944.0,0.03323484238398336,0.5184920676320344,0.44827308998398224
27494.0,0.06068574069960954,0.8601200665050862,0.07919419279530425
27253.0,0.36448486968120947,0.6183018899326095,0.017213240386180988
26546.0,0.49212573398368886,0.500600503166268,0.0072737628500430555
26273.0,2.497697830548281E-155,0.7191693642587671,0.2808306357412328
26004.0,0.01471485406698382,0.26431541901637806,0.7209697269166381
27021.0,0.2146098632184928,0.7523576583767119,0.0330324784047953
26782.0,0.0,0.07517749687847036,0.9248225031215296
27320.0,0.020728312593969945,0.6218065121434071,0.35746517526262295
27563.0,0.36448486968120936,0.6183018899326097,0.01721324038618099
26220.0,0.0,0.07864896805843419,0.9213510319415658
26495.0,0.06470365592979739,0.6280258152748976,0.30727052879530503
27388.0,0.025696507990687463,0.6361694809634773,0.3381340110458353
26842.0,0.020728310103130733,0.6218065177603774,0.3574651721364918
27081.0,0.03297964088135358,0.6248298608323816,0.34219049828626485
26427.0,0.0,0.022133430242179244,0.9778665697578207
26152.0,0.06857751577048317,0.6525262229472272,0.2788962612822896
27185.0,0.06470365436497279,0.628025810590712,0.30727053504431506
27426.0,0.4236583087330916,0.5611112743252387,0.015230416941669656
26884.0,0.49371412927159103,0.49208739220701087,0.01419847852139802
26647.0,0.0,0.07864896805843419,0.9213510319415658
26064.0,0.01713757641836686,0.6148695140916768,0.3679929094899563
26341.0,0.27114270085665954,0.32120680797924556,0.4076504911640949
26614.0,0.43537668131066204,0.5505449824848768,0.014078336204461084
26706.0,0.04419894088835903,0.6089367678006934,0.3468642913109477
26945.0,0.23853191786902167,0.41122680280489404,0.35024127932608423
27495.0,0.017137575979434078,0.6148695143247819,0.3679929096957841
27252.0,0.09199252656090887,0.5741666895017135,0.3338407839373776
26547.0,0.43537668131353496,0.5505449824821594,0.014078336204305536
26272.0,9.218068684732685E-245,0.08570564743209466,0.9142943525679054
26005.0,0.3460359962702126,0.634515140643258,0.019448863086529395
27020.0,0.49212573398368886,0.500600503166268,0.0072737628500430555
26783.0,0.0,0.07864896805866797,0.921351031941332
27321.0,0.3829191023094641,0.6010818959486387,0.01599900174189719
27562.0,0.45184825313717275,0.5424532333615376,0.005698513501289627
26221.0,0.4518482399164595,0.5424532459604864,0.005698514123054058
26494.0,0.0281384407897127,0.5963864050743823,0.3754751541359049
27389.0,0.06470365436497279,0.628025810590712,0.30727053504431506
26843.0,0.0,0.07517749687847036,0.9248225031215296
27080.0,0.027011638351830673,0.6094251111451224,0.36356325050304694
26426.0,0.2787916678762087,0.4656300675766912,0.25557826454710014
26153.0,0.03921675892600447,0.6057417444557701,0.35504149661822537
27184.0,0.45184825313717036,0.5424532333615399,0.005698513501289652
27427.0,0.23853191786563172,0.41122680280719265,0.3502412793271756
26885.0,0.02072831010312543,0.621806517760393,0.35746517213648166
26646.0,0.43537668131353535,0.5505449824821591,0.014078336204305528
26065.0,0.4518603363417258,0.5424334311511699,0.005706232507104287
26340.0,0.07549234924032829,0.6566970696342249,0.26781058112544676
26615.0,0.0,0.08129165290677233,0.9187083470932276
25951.0,0.06470365436497279,0.628025810590712,0.30727053504431506
26489.0,0.060634445912735674,0.8601339029443192,0.07923165114294509
26218.0,0.04419892509011968,0.6089362182978865,0.34686485661199384
27565.0,0.0,0.08129165290677233,0.9187083470932276
27326.0,0.0686492526839608,0.652273282647702,0.2790774646683371
26776.0,0.3250903997846875,0.31531015934254636,0.35959944087276613
27019.0,0.3644848696801809,0.6183018899335222,0.01721324038629685
26002.0,0.24750474626879063,0.31987698084856575,0.43261827288264365
26279.0,0.07052092952450847,0.7266057924828466,0.2028732779926449
26548.0,0.42681358484879284,0.5637675020573091,0.009418913093898187
27251.0,0.3644848696812067,0.6183018899326119,0.01721324038618144
27488.0,0.4937054464424416,0.4920952893666512,0.01419926419090724
26950.0,0.49212573383677494,0.5006005032883615,0.007273762874863676
26709.0,0.0,0.06915427792885524,0.9308457220711447
26608.0,0.45148919164073936,0.5427953840349592,0.005715424324301416
26339.0,0.3829191024121772,0.6010818958589973,0.01599900172882552
26070.0,0.028125911656304833,0.5963070824255099,0.37556700591818526
26641.0,0.028124320161044502,0.5961015030123974,0.3757741768265581
26882.0,0.43537668131353496,0.5505449824821594,0.014078336204305536
27428.0,0.2828464670629025,0.3391593769641846,0.3779941559729129
27191.0,0.2386730361906457,0.4114430384513503,0.349883925358004
26158.0,0.0,0.5523208058340182,0.44767919416598184
26429.0,0.45184825313713567,0.542453233361574,0.005698513501290328
27087.0,0.04612949106907612,0.7019511671421855,0.25191934178873837
26844.0,0.06063444591273406,0.8601339029443207,0.07923165114294521
27386.0,0.3971890088686636,0.5885644366876184,0.014246554443718046
25950.0,0.027294781834112478,0.6086829078466227,0.36402231031926485
26488.0,0.01471485406698382,0.26431541901637806,0.7209697269166381
26219.0,0.06063444591273408,0.8601339029443207,0.07923165114294524
27564.0,0.38291910241217686,0.6010818958589976,0.01599900172882553
27327.0,0.01724253605796864,0.6148137420954586,0.3679437218465728
26777.0,0.027957393213928514,0.5771701655193799,0.3948724412666915
27018.0,0.03323134860685775,0.5185009735924591,0.4482676778006832
26003.0,0.10353992257457267,0.7229961184074427,0.17346395901798467
26278.0,0.046128330352706595,0.7019543313987162,0.2519173382485772
26549.0,0.43392728247584206,0.5517063529026804,0.014366364621477593
27250.0,0.02812591165636543,0.5963070824253233,0.37556700591831127
27489.0,0.49176573194344403,0.5008865592932612,0.007347708763294842
26951.0,0.36448486968120936,0.6183018899326097,0.01721324038618099
26708.0,0.01471485406656519,0.2643154190164809,0.7209697269169538
26609.0,0.45184825313717636,0.5424532333615341,0.005698513501289589
26338.0,0.051833126503157474,0.695255140404351,0.25291173309249154
26071.0,0.036949708405282604,0.7570066403340487,0.20604365126066862
26640.0,0.2702536038867752,0.2783091122924127,0.45143728382081205
26883.0,0.32448355940385726,0.3330509009293404,0.34246553966680227
27429.0,0.38291910241217686,0.6010818958589976,0.01599900172882553
27190.0,0.35524476424264956,0.6248049491174517,0.019950286639898666
26159.0,0.24533945707212104,0.2245894846415344,0.5300710582863446
26428.0,0.0,0.06729634466039063,0.9327036553396093
27086.0,0.07054354301724867,0.7266815517218287,0.20277490526092273
26845.0,0.0070649476729681,0.4383566178549729,0.554578434472059
27387.0,0.07054354301724867,0.7266815517218287,0.20277490526092273
27324.0,0.2788361985723261,0.4656985109142544,0.2554652905134194
27567.0,0.23853104531521627,0.4112274075033028,0.35024154718148093
27017.0,0.36448486968120936,0.6183018899326097,0.01721324038618099
26778.0,0.3971890088697008,0.588564436687506,0.01424655444279318
25949.0,0.07054354301724726,0.7266815517218281,0.20277490526092454
26216.0,0.025696507990687463,0.6361694809634773,0.3381340110458353
26491.0,0.07054281246599876,0.7266791049826479,0.20277808255135327
27490.0,0.0,0.06915427792885524,0.9308457220711447
27249.0,0.04419892509004965,0.6089362182982696,0.3468648566116808
26711.0,0.49212573398368886,0.500600503166268,0.0072737628500430555
26948.0,0.027957393213928514,0.5771701655193799,0.3948724412666915
26000.0,0.010456170792772506,0.10945507792816293,0.8800887512790646
26550.0,0.028125911656304833,0.5963070824255099,0.37556700591818526
26277.0,0.45184825313716503,0.5424532333615452,0.005698513501289707
26880.0,0.3644855819396356,0.6182999980947925,0.017214419965571867
26643.0,0.017137575979434078,0.6148695143247819,0.3679929096957841
27189.0,0.36448486964072746,0.618301889968497,0.01721324039077544
27430.0,0.03083376226051283,0.6280068497276555,0.3411593880118317
26337.0,0.03298161809522578,0.6248269875164146,0.34219139438835955
26610.0,0.38291910241217686,0.6010818958589976,0.01599900172882553
26068.0,0.2864558584601963,0.45184751819975305,0.26169662334005056
26846.0,0.036949708405282604,0.7570066403340487,0.20604365126066862
27085.0,0.01471485406698382,0.26431541901637806,0.7209697269166381
27384.0,0.43537668131353496,0.5505449824821594,0.014078336204305536
26431.0,0.04419892509004832,0.6089362182980447,0.3468648566119069
26156.0,0.45184825313716503,0.5424532333615452,0.005698513501289707
27325.0,0.2828464670629025,0.3391593769641846,0.3779941559729129
27566.0,0.0,0.06915427792885524,0.9308457220711447
27016.0,0.2828464670629025,0.3391593769641846,0.3779941559729129
26779.0,0.014842544797078038,0.26640559729632535,0.7187518579065967
26217.0,0.04605964454123774,0.6963769627263188,0.2575633927324434
26490.0,0.0,0.022133429945931694,0.9778665700540684
27491.0,0.0,0.06543609931814011,0.9345639006818599
27248.0,0.036949708405282604,0.7570066403340487,0.20604365126066862
26710.0,0.3971890088697008,0.588564436687506,0.01424655444279318
26949.0,0.036949708408070325,0.757006640328084,0.2060436512638458
26001.0,0.01471485406698382,0.26431541901637806,0.7209697269166381
26551.0,0.02720575290379042,0.6089157209325253,0.3638785261636842
26276.0,0.0,0.062020452798969845,0.93797954720103
26881.0,0.04612833035271265,0.7019543313987116,0.25191733824857576
26642.0,0.04612839140497282,0.7019541649615676,0.2519174436334595
27188.0,0.43276995125197265,0.5527686830395913,0.014461365708436176
27431.0,0.06063444591273406,0.8601339029443207,0.07923165114294521
26336.0,0.0,0.07446992052448682,0.9255300794755131
26611.0,0.3027906264222793,0.22805477442629166,0.4691545991514291
26069.0,0.3971890088697008,0.588564436687506,0.01424655444279318
26847.0,0.0,0.0754358720355985,0.9245641279644016
27084.0,0.025696507990687463,0.6361694809634773,0.3381340110458353
27385.0,0.04419892509090752,0.6089362183282204,0.346864856580872
26430.0,0.22279220395600063,0.7312162714090853,0.04599152463491404
26157.0,0.025696507990687463,0.6361694809634773,0.3381340110458353
26146.0,0.06508427787345988,0.628911921931987,0.3060038001945532
26417.0,0.49075583967433584,0.5019127593470948,0.007331400978569363
27382.0,0.05306761612553428,0.5886893796980281,0.35824300417643756
27075.0,0.0,0.07864896805843434,0.9213510319415658
26832.0,0.05306761612553428,0.5886893796980281,0.35824300417643756
26074.0,0.27879160884977605,0.46563009534272143,0.2555782958075025
26620.0,0.03298161804651104,0.6248269876269095,0.3421913943265795
26351.0,0.0,0.09153219551222343,0.9084678044877766
27432.0,0.0070649476729681,0.4383566178549729,0.554578434472059
27195.0,0.43758691560055524,0.5536915610361723,0.008721523363272492
26653.0,0.0,0.07517749687848342,0.9248225031215166
26894.0,0.0,0.049603429737200735,0.9503965702627992
26283.0,0.027957393213928514,0.5771701655193799,0.3948724412666915
26552.0,0.198283886526094,0.41481522022277745,0.3869008932511286
26014.0,0.03337908329167571,0.5194331888385236,0.44718772786980054
26954.0,0.06857751577051048,0.652526222947214,0.27889626128227546
26713.0,0.39718900612375835,0.5885644382749655,0.014246555601276084
27263.0,0.04536854595605609,0.655825726341974,0.29880572770196984
27500.0,0.3818712637713613,0.6018211778596685,0.016307558368970153
26485.0,0.028125911656304306,0.5963070824250478,0.3755670059186479
26214.0,0.0,0.06202047049261723,0.9379795295073828
26772.0,0.05306761612553428,0.5886893796980281,0.35824300417643756
27015.0,0.027011638353041514,0.6094251111444365,0.36356325050252203
27553.0,0.02701163836353471,0.6094251111168311,0.3635632505196343
27314.0,0.4937365469159698,0.4920670904934456,0.014196362590584584
26147.0,0.0,0.07446992052447508,0.9255300794755249
26416.0,0.010847249861038353,0.07704604199378053,0.9121067081451811
27383.0,0.0,0.06202045363678957,0.9379795463632105
27074.0,0.0,0.06729634466039063,0.9327036553396093
26833.0,0.08299245170991293,0.483576740791501,0.4334308074985861
26075.0,0.0,0.0771612877256229,0.922838712274377
26621.0,0.017137575979434078,0.6148695143247819,0.3679929096957841
26350.0,0.43758691560276836,0.5536915610340988,0.008721523363132777
27433.0,0.38291910241217686,0.6010818958589976,0.01599900172882553
27194.0,0.24533945707212104,0.2245894846415344,0.5300710582863446
26652.0,0.2828464670629025,0.3391593769641846,0.3779941559729129
26895.0,0.3645346895523675,0.6181692475517329,0.01729606289589974
26282.0,0.03323134860558472,0.5185009735957048,0.4482676777987104
26553.0,0.036949708382433805,0.7570066402404332,0.20604365137713299
26015.0,0.4375869156027768,0.5536915610340906,0.008721523363132696
26955.0,0.3971890088696977,0.588564436687493,0.014246554442809266
26712.0,0.046128330352706595,0.7019543313987162,0.2519173382485772
27262.0,0.0,0.10796402440127903,0.8920359755987209
27501.0,0.49212573398368886,0.500600503166268,0.0072737628500430555
26484.0,0.282846466287626,0.339159377494777,0.377994156217597
26215.0,0.3818712643865669,0.6018211773073371,0.016307558306096065
26773.0,0.36448486968120936,0.6183018899326097,0.01721324038618099
27014.0,0.06470365436497279,0.628025810590712,0.30727053504431506
27552.0,0.06252349255455789,0.8595973977585936,0.07787910968684868
27315.0,0.3971890088692103,0.5885644366879111,0.014246554442878524
27380.0,0.06470365436497279,0.628025810590712,0.30727053504431506
26834.0,0.025696507990753865,0.6361694809633059,0.3381340110459403
27073.0,0.07549234950508056,0.6566970725909628,0.2678105779039566
26419.0,0.4937365682295753,0.49206707119143106,0.01419636057899371
26144.0,0.03298161804626933,0.6248269876272601,0.34219139432647055
27193.0,0.43758691560276836,0.5536915610340988,0.008721523363132777
27434.0,0.06470365436497577,0.6280258105907105,0.30727053504431373
26892.0,0.03692837516888574,0.7569195328535725,0.20615209197754183
26655.0,0.01471485406877497,0.26431541904571204,0.720969726885513
26072.0,0.0,0.07864896805843419,0.9213510319415658
26349.0,0.06470365437362177,0.6280258106165857,0.3072705350097926
26622.0,0.43758691299496516,0.5536915634599009,0.008721523545134023
26715.0,0.06063444591320465,0.8601339029441946,0.07923165114260083
26952.0,0.38291910239452986,0.6010818958744634,0.01599900173100674
27502.0,0.4937365682288083,0.4920670711921259,0.014196360579065906
27261.0,0.0,0.07543561679697139,0.9245643832030286
26554.0,0.0,0.049603420970022544,0.9503965790299775
26281.0,0.02769808703681419,0.599708365909206,0.3725935470539799
26012.0,0.2787916678762087,0.4656300675766912,0.25557826454710014
27013.0,0.47326197350127347,0.5105130105573931,0.016225015941333507
26774.0,0.2787916678762129,0.46563006757668846,0.2555782645470987
27312.0,0.04419892509060171,0.6089362183174397,0.34686485659195854
27555.0,0.04612868153074615,0.7019533713603059,0.2519179471089481
26212.0,0.23853191786902167,0.41122680280489404,0.35024127932608423
26487.0,0.4518482531371665,0.5424532333615438,0.005698513501289693
27381.0,0.32509039978468596,0.3153101593425381,0.359599440872776
26835.0,0.04419892509004324,0.6089362182980502,0.3468648566119066
27072.0,0.027011640426270828,0.6094251044412954,0.36356325513243376
26418.0,0.4937365682295885,0.4920670711914181,0.014196360578993447
26145.0,0.0,0.07517749687847648,0.9248225031215235
27192.0,0.49373561228101487,0.4920679369167327,0.014196450802252462
27435.0,0.0,0.07446992052447508,0.9255300794755249
26893.0,0.49212573398368886,0.500600503166268,0.0072737628500430555
26654.0,0.07549234950475245,0.6566970725837471,0.2678105779115004
26073.0,0.0,0.07518183090982444,0.9248181690901756
26348.0,0.3244760239341518,0.33305602475740875,0.3424679513084395
26623.0,0.04419892509004324,0.6089362182980502,0.3468648566119066
26714.0,0.2787807770965325,0.46563987497875364,0.2555793479247138
26953.0,0.025696507990687463,0.6361694809634773,0.3381340110458353
27503.0,0.24750474626879063,0.31987698084856575,0.43261827288264365
27260.0,0.0070649476729681,0.4383566178549729,0.554578434472059
26555.0,0.3962408790826768,0.5894333406022587,0.014325780315064545
26280.0,0.43758691560276836,0.5536915610340988,0.008721523363132777
26013.0,0.24533945707212104,0.2245894846415344,0.5300710582863446
27012.0,0.025696507990687463,0.6361694809634773,0.3381340110458353
26775.0,0.05306761612553428,0.5886893796980281,0.35824300417643756
27313.0,0.27879166787622095,0.4656300675766832,0.25557826454709587
27554.0,0.32509039978468646,0.31531015934253787,0.35959944087277573
26213.0,0.0,0.07604509812482417,0.9239549018751758
26486.0,0.0,0.09990380869625724,0.9000961913037427
26616.0,3.1417702630642886E-245,0.08569884698601395,0.9143011530139862
26347.0,0.1976541589500318,0.7668201855780942,0.03552565547187395
26078.0,0.01471485406698382,0.26431541901637806,0.7209697269166381
26649.0,0.028123948303395385,0.5963082776369402,0.37556777405966446
26890.0,0.03694970661926512,0.7570066330451204,0.20604366033561458
27436.0,0.0,0.07864896805843419,0.9213510319415658
27199.0,8.65611245692529E-4,0.6454206927393904,0.35371369601491703
26150.0,0.0,0.06729634466039063,0.9327036553396093
26421.0,9.218068684732685E-245,0.08570564743209466,0.9142943525679054
27079.0,0.04419893594724756,0.6089365959371504,0.346864468115602
26836.0,0.06063444591273406,0.8601339029443207,0.07923165114294521
27378.0,0.06470365436497279,0.628025810590712,0.30727053504431506
26481.0,0.02072831010312543,0.6218065177603929,0.3574651721364817
26210.0,0.06857751577049488,0.6525262229472251,0.27889626128228
27557.0,0.0,0.08091812342162576,0.9190818765783743
27318.0,0.42430836162786983,0.5659934857692192,0.009698152602910962
26768.0,0.32509039978468596,0.3153101593425381,0.359599440872776
27011.0,0.027965449938934597,0.5989483777028226,0.37308617235824276
26010.0,0.27114270085649567,0.32120680797928197,0.4076504911642223
26287.0,0.38187126438660446,0.6018211773073028,0.0163075583060928
26556.0,0.0,0.07446992052447508,0.9255300794755249
27259.0,0.06857754852353797,0.6525260238853917,0.2788964275910703
27496.0,0.08609617912876723,0.6739658425090216,0.23993797836221115
26958.0,0.029225433159275522,0.6034768254428883,0.3672977413978362
26717.0,0.4339272805173194,0.551706353970417,0.014366365512263616
26617.0,0.05306761612553428,0.5886893796980281,0.35824300417643756
26346.0,0.38291910241217686,0.6010818958589976,0.01599900172882553
26079.0,0.2381116415101516,0.23616878001820252,0.5257195784716459
26648.0,0.0,0.10796403114430378,0.8920359688556962
26891.0,0.31598899815304154,0.24702780182083725,0.4369832000261212
27437.0,0.028125911656304833,0.5963070824255099,0.37556700591818526
27198.0,0.0,0.08089715229050239,0.9191028477094976
26151.0,0.43392713953008866,0.5517064841510471,0.014366376318864341
26420.0,0.036949708409790685,0.7570066403245238,0.20604365126568558
27078.0,0.0,0.08066137451058421,0.9193386254894158
26837.0,0.06975471599658338,0.6423176883162712,0.2879275956871454
27379.0,0.43389205311379114,0.5517386991399796,0.014369247746229163
26480.0,0.01471485406698382,0.26431541901637806,0.7209697269166381
26211.0,0.0,0.09153219551222343,0.9084678044877766
27556.0,0.23853191786902167,0.41122680280489404,0.35024127932608423
27319.0,0.0,0.07543561679697139,0.9245643832030286
26769.0,0.27879119831203997,0.46563049042745447,0.25557831126050556
27010.0,0.3818712656296169,0.6018211737966828,0.016307560573700388
26011.0,0.49209197353337725,0.5006286653922719,0.007279361074350785
26286.0,0.36448486968119576,0.6183018899326229,0.01721324038618139
26557.0,0.0,0.0760450890166338,0.9239549109833661
27258.0,0.007064947690718143,0.43835661807791654,0.5545784342313653
27497.0,0.027957393213928514,0.5771701655193799,0.3948724412666915
26959.0,0.07054355053670648,0.7266815650279199,0.20277488443537361
26716.0,0.38187126438660446,0.6018211773073028,0.0163075583060928
26888.0,0.06470365436497279,0.628025810590712,0.30727053504431506
26651.0,0.2385319178690394,0.41122680280488466,0.35024127932607596
27197.0,0.2711427008566556,0.3212068079792473,0.4076504911640971
27438.0,0.32509038465030543,0.3153101726831124,0.35959944266658217
26345.0,0.23885254728322527,0.4117180457850981,0.3494294069316767
26618.0,0.45184825313716503,0.5424532333615452,0.005698513501289707
26076.0,0.0,0.07716128568923218,0.9228387143107678
26838.0,0.028422028116887342,0.5953667025468563,0.3762112693362563
27077.0,0.4120315527040262,0.5772717429106838,0.010696704385289982
27376.0,0.23853191786902742,0.41122680280489105,0.3502412793260815
26423.0,0.0,0.07543561679697139,0.9245643832030286
26148.0,0.046128330352706595,0.7019543313987162,0.2519173382485772
27316.0,0.04269069554725549,0.6098931131172478,0.3474161913354967
27559.0,0.02072831069669179,0.6218065164218767,0.3574651728814316
27009.0,0.07549234950511191,0.6566970725909421,0.2678105779039461
26770.0,0.36448486968120936,0.6183018899326097,0.01721324038618099
26208.0,0.05306761612553428,0.5886893796980281,0.35824300417643756
26483.0,0.24218276223081062,0.32366681216553106,0.4341504256036584
27498.0,0.43758691562003227,0.5536915610101402,0.008721523369827565
27257.0,0.010456170792772506,0.10945507792816293,0.8800887512790646
26719.0,0.38291910241217686,0.6010818958589976,0.01599900172882553
26956.0,0.025696509703189183,0.636169491187902,0.33813399910890873
26008.0,0.07054354301724867,0.7266815517218287,0.20277490526092273
26558.0,0.23853191786902167,0.41122680280489404,0.35024127932608423
26285.0,0.028125911656304833,0.5963070824255099,0.37556700591818526
26889.0,0.01471485406698382,0.26431541901637806,0.7209697269166381
26650.0,0.0282226233655386,0.5969280856443936,0.3748492909900678
27196.0,0.4375869154108438,0.553691561212629,0.008721523376527268
27439.0,0.0,0.07716128568923218,0.9228387143107678
26344.0,0.0270116383530503,0.6094251111444128,0.3635632505025369
26619.0,0.49212572294509793,0.5006005119885455,0.007273765066356654
26077.0,0.45167022616770985,0.5426228818280144,0.005706892004275682
26839.0,0.03319361845658631,0.5185204017077387,0.448285979835675
27076.0,0.0,0.022133429945931694,0.9778665700540684
27377.0,0.06906056243733026,0.7216123763018929,0.20932706126077688
26422.0,0.31598899815304154,0.24702780182083725,0.4369832000261212
26149.0,0.06857751577049488,0.6525262229472251,0.27889626128228
27317.0,0.08467786966911436,0.5721972822492675,0.3431248480816181
27558.0,0.3818708723682931,0.6018215292612291,0.016307598370477766
27008.0,0.43537668131353496,0.5505449824821594,0.014078336204305536
26771.0,0.4339272824758642,0.5517063529026587,0.014366364621477027
26209.0,0.12686055380724165,0.7022475378163241,0.17089190837643434
26482.0,0.03323134882006748,0.5185009753579787,0.44826767582195387
27499.0,0.007064947673940908,0.4383566178614917,0.5545784344645676
27256.0,0.43758691560276836,0.5536915610340988,0.008721523363132777
26718.0,0.3644848696821178,0.6183018899301672,0.01721324038771506
26957.0,0.025696507990687463,0.6361694809634773,0.3381340110458353
26009.0,0.03697637993746477,0.7569495576533124,0.20607406240922288
26559.0,0.2787916678762087,0.4656300675766912,0.25557826454710014
26284.0,0.36448486968120936,0.6183018899326097,0.01721324038618099
26963.0,0.07345148661387695,0.6464847213525327,0.2800637920335905
26688.0,0.3159889981530416,0.24702780182083722,0.4369832000261212
27238.0,0.2711427008566556,0.3212068079792473,0.4076504911640971
27509.0,0.03298161804651104,0.6248269876269095,0.3421913943265795
26290.0,0.43392728247579315,0.5517063529027273,0.014366364621479647
26529.0,0.0070649476729681,0.4383566178549729,0.554578434472059
25991.0,0.0,0.07543561679697139,0.9245643832030286
26765.0,0.3816887953455499,0.6021593296500249,0.01615187500442509
27038.0,0.027999607588532947,0.5815549158150541,0.39044547659641293
27576.0,0.0,0.07543561679697139,0.9245643832030286
27307.0,0.49212573398368886,0.500600503166268,0.0072737628500430555
26476.0,0.027965449938934597,0.5989483777028226,0.37308617235824276
26239.0,0.0,0.09153219551222343,0.9084678044877766
27375.0,0.45239384629425977,0.5290473534648346,0.01855880024090572
27098.0,0.38291910241217686,0.6010818958589976,0.01599900172882553
26825.0,0.36448486968121163,0.6183018899326075,0.01721324038618093
26171.0,0.027957393213928514,0.5771701655193799,0.3948724412666915
26408.0,0.025696507990687463,0.6361694809634773,0.3381340110458353
27441.0,0.23853191786902167,0.41122680280489404,0.35024127932608423
27170.0,0.38291910241217686,0.6010818958589976,0.01599900172882553
26628.0,0.0,0.07446992052447508,0.9255300794755249
26903.0,0.23853190475424707,0.4112268116859179,0.350241283559835
26051.0,0.36448486968120936,0.6183018899326097,0.01721324038618099
26597.0,0.03298737036880158,0.624813941303386,0.3421986883278125
26358.0,0.0,0.07517749691471004,0.92482250308529
26962.0,0.23853167321178406,0.4112269684811744,0.35024135830704156
26689.0,0.0270116383530419,0.6094251111444308,0.3635632505025273
27239.0,0.028125911656304427,0.5963070824255158,0.3755670059181798
27508.0,0.29838481664873523,0.6744962675129846,0.0271189158382801
26291.0,0.2711427008566556,0.3212068079792473,0.4076504911640971
26528.0,0.0,0.06729634468502978,0.9327036553149701
25990.0,0.43534819690503934,0.5503819048405133,0.014269898254447386
26764.0,0.06063444591273406,0.8601339029443207,0.07923165114294521
27039.0,0.053067635324306375,0.5886893095710852,0.3582430551046083
27577.0,0.01084861634907449,0.0770459355669112,0.9121054480840143
27306.0,0.04419892509004324,0.6089362182980502,0.3468648566119066
26477.0,0.028125911651114333,0.5963070817539643,0.37556700659492137
26238.0,0.0,0.0806613745142709,0.9193386254857291
27374.0,0.0,0.06202045279893394,0.937979547201066
27099.0,0.03323134860565801,0.5185009735963231,0.448267677798019
26824.0,0.04612833017215826,0.7019543159701064,0.2519173538577355
26170.0,0.38187126438660446,0.6018211773073028,0.0163075583060928
26409.0,0.31308526591333735,0.250894124068271,0.4360206100183916
27440.0,0.0,0.07864896805843419,0.9213510319415658
27171.0,0.035791556242285576,0.539535180650829,0.42467326310688547
26629.0,0.3829188997670717,0.601082072712461,0.01599902752046744
26902.0,0.0,0.022133442842984748,0.9778665571570153
26050.0,9.218068684732685E-245,0.08570564743209466,0.9142943525679054
26596.0,0.07583666859274164,0.655685601113772,0.26847773029348626
26359.0,0.48776605689531144,0.5047753488387414,0.007458594265947178
26531.0,0.06470365436497279,0.628025810590712,0.30727053504431506
26288.0,0.07549258075198721,0.6566963926227822,0.26781102662523054
25989.0,0.0,0.09153218749337323,0.9084678125066268
26690.0,0.3822023433485025,0.6017071648358702,0.016090491815627446
26961.0,0.36448486968120936,0.6183018899326097,0.01721324038618099
27511.0,0.033236558972658044,0.5185451064453901,0.448218334581952
27236.0,0.0606344631938947,0.8601338615908813,0.07923167521522405
26237.0,0.39718900856350936,0.5885644367175084,0.014246554718982335
26478.0,0.027965449938934597,0.5989483777028226,0.37308617235824276
27036.0,0.0,0.09153219551222343,0.9084678044877766
26767.0,0.0,0.07604505761404909,0.9239549423859509
27305.0,0.0,0.06915427792885524,0.9308457220711447
27578.0,0.38291910241217963,0.601081895858995,0.015999001728825457
26410.0,0.0,0.07716547335843768,0.9228345266415623
26169.0,0.046128330352706595,0.7019543313987162,0.2519173382485772
27373.0,0.06470365436510296,0.6280258105910844,0.3072705350438127
26827.0,0.0442169021721924,0.6090217464210702,0.3467613514067374
27096.0,0.43758691560276836,0.5536915610340988,0.008721523363132777
26049.0,0.0,0.06543609931814011,0.9345639006818599
26356.0,0.03298291235720652,0.6248240519826997,0.34219303566009374
26599.0,0.28284057131023516,0.33916216145082606,0.3779972672389388
27168.0,0.036949708405282604,0.7570066403340487,0.20604365126066862
27443.0,0.01084861634907449,0.0770459355669112,0.9121054480840143
26901.0,0.0,0.07517749705650019,0.9248225029434998
26630.0,0.07550366990518455,0.6566634377636691,0.2678328923311463
26530.0,0.49212573398368886,0.500600503166268,0.0072737628500430555
26289.0,0.0,0.07716128568923218,0.9228387143107678
25988.0,0.0292054448716222,0.6228030932015854,0.3479914619267924
26691.0,0.0,0.022133429945931694,0.9778665700540684
26960.0,0.027965449938934597,0.5989483777028226,0.37308617235824276
27510.0,0.07565657270758941,0.6569839528687273,0.26735947442368324
27237.0,0.027957393213928514,0.5771701655193799,0.3948724412666915
26236.0,0.0705435430162908,0.7266815517186181,0.202774905265091
26479.0,0.0,0.07543561752812043,0.9245643824718797
27037.0,0.271142700856656,0.32120680797924717,0.40765049116409685
26766.0,0.31598899815304154,0.24702780182083725,0.4369832000261212
27304.0,0.05315396568589806,0.5891056663533661,0.35774036796073594
27579.0,0.3971890088697008,0.588564436687506,0.01424655444279318
26411.0,0.02701163835331592,0.6094251111437132,0.36356325050297084
26168.0,0.02812591165508967,0.5963070822685765,0.37556700607633375
27372.0,0.32509039978468596,0.3153101593425381,0.359599440872776
26826.0,0.492124626751123,0.5006015630017002,0.007273810247176686
27097.0,0.49212573398368886,0.500600503166268,0.0072737628500430555
26048.0,0.3027906264222793,0.22805477442629166,0.4691545991514291
26357.0,0.38187126438660807,0.601821177307298,0.016307558306093886
26598.0,0.4339272824758444,0.551706352902678,0.014366364621477532
27169.0,0.2828464670629025,0.3391593769641846,0.3779941559729129
27442.0,0.0,0.022133429945931694,0.9778665700540684
26900.0,0.02701162392642004,0.6094251193160304,0.3635632567575495
26631.0,0.0,0.06729634466039063,0.9327036553396093
27580.0,0.025696507990687463,0.6361694809634773,0.3381340110458353
27311.0,0.49373656822902684,0.4920670711919277,0.01419636057904537
26761.0,0.4937365682295257,0.4920670711914791,0.014196360578995216
27034.0,0.49204944459408145,0.5006611856633951,0.007289369742523422
26472.0,0.38187126076766825,0.6018211804940307,0.01630755873830113
26235.0,0.3818712643866045,0.6018211773073027,0.016307558306092797
27234.0,0.32509039978468596,0.3153101593425381,0.359599440872776
27505.0,0.07549241773098089,0.6566968719768072,0.2678107102922121
26967.0,0.01471485406698382,0.26431541901637806,0.7209697269166381
26692.0,0.03570713816055987,0.7517822570634988,0.21251060477594141
25987.0,0.27878018764984447,0.46564040579288474,0.25557940655727074
26294.0,0.07549234950509594,0.6566970725909537,0.26781057790395035
26533.0,0.3971890088697008,0.588564436687506,0.01424655444279318
26624.0,0.4339272824503967,0.5517063529260436,0.014366364623559745
26899.0,0.26193080563878435,0.44650645057204386,0.29156274378917185
27445.0,0.0,0.06915427792885524,0.9308457220711447
27174.0,0.060634447141573025,0.8601339026133502,0.07923165024507668
26593.0,0.43758691560276836,0.5536915610340988,0.008721523363132777
26354.0,0.4327096344972924,0.5582595989731647,0.009030766529542867
26055.0,0.0,0.07517750433893226,0.9248224956610677
27102.0,0.03323134860558472,0.5185009735957048,0.4482676777987104
26829.0,0.43392728247584283,0.5517063529026796,0.014366364621477657
27371.0,0.0,0.0760450981248242,0.9239549018751758
26175.0,0.4339272824758419,0.5517063529026804,0.014366364621477593
26412.0,0.028125911656304833,0.5963070824255099,0.37556700591818526
27581.0,0.39030281313848675,0.6002408858727382,0.009456300988775137
27310.0,0.027965449938934597,0.5989483777028226,0.37308617235824276
26760.0,0.03323134860615703,0.51850097360056,0.448267677793283
27035.0,0.06063444591273477,0.860133902944319,0.07923165114294616
26473.0,0.03323134860558486,0.5185009735957048,0.44826767779871024
26234.0,0.24533945707212104,0.2245894846415344,0.5300710582863446
27235.0,0.0,0.06915427796760262,0.9308457220323973
27504.0,0.310312627471825,0.3427730555439597,0.3469143169842154
26966.0,0.06470365436497173,0.6280258105907182,0.30727053504431007
26693.0,0.3250903997847045,0.3153101593425294,0.3595994408727661
25986.0,0.04011457970108317,0.6096994516752278,0.35018596862368917
26295.0,0.3818712640489836,0.6018211776100537,0.016307558340962706
26532.0,0.22470369180579128,0.7413384993060994,0.033957808888109224
26625.0,0.010456170792767802,0.10945507792816345,0.8800887512790687
26898.0,0.43758691560276836,0.5536915610340988,0.008721523363132777
27444.0,0.4353766813135269,0.5505449824821667,0.014078336204306473
27175.0,0.3244835594038573,0.3330509009293404,0.34246553966680227
26592.0,0.06318520450745184,0.5537858903478879,0.38302890514466015
26355.0,0.07054354301718492,0.7266815517216145,0.2027749052612005
26054.0,0.07054354301724867,0.7266815517218287,0.20277490526092273
27103.0,0.43533928112283693,0.5505803573148628,0.014080361562300235
26828.0,0.027011638353041514,0.6094251111444365,0.36356325050252203
27370.0,0.03298161804651104,0.6248269876269095,0.3421913943265795
26174.0,0.3971890088697008,0.588564436687506,0.01424655444279318
26413.0,0.23853191786902167,0.41122680280489404,0.35024127932608423
26233.0,0.07508052222687091,0.6557258702701072,0.26919360750302196
26474.0,0.025696511318721495,0.6361695008328557,0.3381339878484227
27309.0,0.04419952073317833,0.6089364612580302,0.34686401800879146
27582.0,0.07054355102851781,0.7266815224346515,0.20277492653683066
27032.0,0.07525841471370519,0.7134535880505544,0.21128799723574054
26763.0,0.39718900886967484,0.5885644366875314,0.01424655444279382
25985.0,0.036481944695891624,0.7550762240810555,0.2084418312230529
26535.0,0.06470365436497279,0.628025810590712,0.30727053504431506
26292.0,0.0,0.07864896805843419,0.9213510319415658
27507.0,0.07549234950509594,0.6566970725909537,0.26781057790395035
27232.0,0.38187126438661556,0.6018211773072918,0.016307558306092505
26694.0,0.027011578735667167,0.6094251449131829,0.3635632763511499
26965.0,0.0,0.02213342994593179,0.9778665700540682
26352.0,0.02795796059026024,0.5772276757548757,0.3948143636548641
26595.0,0.4937365682295544,0.49206707119145116,0.014196360578994517
26053.0,0.24515711589128514,0.2247803338323502,0.5300625502763646
26897.0,0.38291909191362605,0.6010819050213508,0.01599900306502313
26626.0,0.47263982641836105,0.5192275407004586,0.00813263288118026
27172.0,0.06594674672484963,0.6308900654656462,0.3031631878095042
27447.0,0.02569650799068714,0.6361694809634775,0.3381340110458354
26414.0,0.027965443099888302,0.598948381871943,0.37308617502816876
26173.0,0.24750474445401963,0.31987698220072974,0.43261827334525066
26831.0,0.38291910241217686,0.6010818958589976,0.01599900172882553
27100.0,0.025696507985298076,0.6361694809669872,0.3381340110477147
27369.0,0.0,0.07604509812482392,0.9239549018751761
26232.0,0.43753769386203284,0.5537377139345542,0.008724592203413008
26475.0,0.45184825313716503,0.5424532333615452,0.005698513501289707
27308.0,0.017137575979434078,0.6148695143247819,0.3679929096957841
27583.0,2.743153314615362E-12,0.596440026980515,0.40355997301674174
27033.0,0.07052661805604289,0.7266248545241619,0.20284852741979517
26762.0,0.3971890088697008,0.588564436687506,0.01424655444279318
25984.0,0.2828181506732092,0.3391787551893913,0.3780030941373995
26534.0,0.4921257339836899,0.500600503166267,0.007273762850043052
26293.0,0.43535015663361676,0.5503929617247117,0.014256881641671462
27506.0,0.04419892509004324,0.6089362182980502,0.3468648566119066
27233.0,0.2711427008566556,0.3212068079792473,0.4076504911640971
26695.0,6.666524795459802E-4,0.6251360772725911,0.3741972702478629
26964.0,0.0,0.06543609931814011,0.9345639006818599
26353.0,0.43458044625338793,0.5589570079879589,0.006462545758653186
26594.0,0.4353766813128389,0.5505449824828179,0.014078336204343166
26052.0,0.020729369743572038,0.6218027599267759,0.35746787032965205
26896.0,0.43758691560276836,0.5536915610340988,0.008721523363132777
26627.0,0.43384403797392374,0.5517827839036828,0.014373178122393332
27173.0,0.2787916678762087,0.4656300675766912,0.25557826454710014
27446.0,0.36448486968120936,0.6183018899326097,0.01721324038618099
26415.0,0.028126163576256254,0.5963062792321332,0.37556755719161056
26172.0,0.07054445227219817,0.7266793010127348,0.20277624671506697
26830.0,0.017137575979434078,0.6148695143247819,0.3679929096957841
27101.0,0.0,0.06729634466039063,0.9327036553396093
27368.0,0.0,0.0760450981248242,0.9239549018751758
27367.0,0.43758691560276836,0.5536915610340988,0.008721523363132777
27090.0,0.025696507990687463,0.6361694809634773,0.3381340110458353
26817.0,0.06063444591273406,0.8601339029443207,0.07923165114294521
26163.0,0.07549226577857898,0.6566968760593063,0.26781085816211486
26400.0,0.4339272824758419,0.5517063529026804,0.014366364621477593
27449.0,0.38187126438660446,0.6018211773073028,0.0163075583060928
27178.0,0.01084861634907449,0.0770459355669112,0.9121054480840143
