26275.0,0.08492891044737377,0.08372560693710383,0.8313454826155225
26544.0,0.08952616920901599,0.6908912364814103,0.2195825943095737
26006.0,0.13255020342039844,0.8674496290425014,1.675370999535436E-7
26946.0,0.08322553893946302,0.9167742789232,1.8213733710837891E-7
26705.0,0.8420531095930026,0.15794684066349027,4.974350702951287E-8
27255.0,0.5263370730994953,0.4736628188570004,1.080435042093938E-7
27492.0,0.8141173214999321,0.18588247341560024,2.050844678589462E-7
26493.0,0.18270751503983315,0.8172922933181227,1.9164204409115964E-7
26222.0,2.2813485897247356E-7,2.2813485897247356E-7,0.9999995437302821
26780.0,0.1404981919346032,0.7250305434965445,0.13447126456885233
27023.0,4.0772621868996594E-7,0.1297425812593561,0.8702570110144252
27561.0,0.16900855123011074,0.5717310990549445,0.2592603497149444
27322.0,0.217760820009659,0.6457037278929589,0.13653545209738205
26154.0,0.042991260396979765,0.7670872853856311,0.18992145421738915
26425.0,0.08669995166679173,0.8611979552751337,0.052102093058074256
27390.0,1.697264043744619E-7,1.697264043744619E-7,0.9999996605471912
27083.0,0.9383158475295488,2.464887216926273E-7,0.06168390598172973
26840.0,0.12969889458063447,0.8703007579331778,3.474861876916145E-7
26066.0,0.0902658275825982,0.867862739846442,0.04187143257095954
26612.0,0.09805457217709254,0.8575554322539091,0.04438999556899867
26343.0,1.9226515929899527E-7,0.6810720253589622,0.3189277823758786
27424.0,0.17924683817393566,0.5438857599742596,0.27686740185180475
27187.0,0.21088812599035636,0.7891117401431555,1.338664878954138E-7
26645.0,4.88230744795753E-7,0.9999990235385106,4.88230744795753E-7
26886.0,0.0447111181992113,0.7808603057847548,0.17442857601603382
26274.0,0.9345111917529332,0.06548879463708017,1.3609986722370592E-8
26545.0,0.08501398415648381,0.13421998615604736,0.7807660296874689
26007.0,0.08878527485485099,0.6419958827170567,0.2692188424280928
26947.0,0.2679900552380768,0.732009744600941,2.0016098230320415E-7
26704.0,0.1336902455420812,0.5061617524721461,0.36014800198577296
27254.0,0.35507781710837266,0.6449217877509893,3.9514063837885715E-7
27493.0,1.7039165838329682E-7,0.04471150139746858,0.9552883282108731
26492.0,0.2272789523108993,0.7727208104703774,2.3721872367533156E-7
26223.0,0.350277278382309,0.6497225884484015,1.3316928909331088E-7
26781.0,0.1812462288878142,0.6158745599231197,0.20287921118906577
27022.0,0.8114083817711649,0.13049000082980294,0.05810161739903201
27560.0,1.536545996891568E-7,1.536545996891568E-7,0.9999996926908007
27323.0,0.08956596228986152,0.37685981076508934,0.5335742269450489
26155.0,0.3144085844549472,0.6855907987197202,6.168253327074863E-7
26424.0,0.08592522950207147,0.9140744787680076,2.9172992094453894E-7
27391.0,0.8594676317814932,0.14053226432727842,1.0389122835736965E-7
27082.0,0.21974848580361148,0.7802513420014044,1.7219498427689865E-7
26841.0,0.17463500551999708,0.8253648933480342,1.0113196892449199E-7
26067.0,5.192873641951431E-7,0.04444259853921759,0.9555568821734184
26613.0,6.020896110679952E-8,0.9699602990611134,0.030039640729925626
26342.0,0.23111905276255443,0.5896020693603344,0.17927887787711136
27425.0,0.09957879370612592,0.1914225862210269,0.7089986200728472
27186.0,0.04218515140007958,0.6313025720257814,0.32651227657413895
26644.0,0.2733860995619474,0.35221547366737815,0.3743984267706745
26887.0,0.43960630840704845,0.382876340945183,0.17751735064776875
26707.0,2.931395382993078E-7,0.2125651935023496,0.7874345133581122
26944.0,0.13650574659025286,0.8634940906825661,1.627271810405503E-7
27494.0,0.10006864206864115,0.7892319465468874,0.1106994113844716
27253.0,0.13711045261110558,0.8628894399796615,1.074092329833809E-7
26546.0,0.6770874814184394,0.322912156222717,3.623588433708664E-7
26273.0,0.08890498650248926,0.2815724396565151,0.6295225738409953
26004.0,4.439503525706568E-7,0.1360778950374889,0.8639216610121586
27021.0,0.10052481123069507,0.8514317034975069,0.04804348527179821
26782.0,2.4247712983896395E-7,2.4247712983896395E-7,0.9999995150457403
27320.0,2.5193599561334545E-7,0.5926507351103291,0.4073490129536758
27563.0,0.512084266717499,0.4879156427668458,9.051565564646899E-8
26220.0,0.04399127761381107,0.2766990294325377,0.679309692953651
26495.0,3.237643297254369E-7,0.3443959049192905,0.6556037713163798
27388.0,0.0943565089963802,0.5860389234806088,0.3196045675230109
26842.0,0.23842748083680118,0.7615723918169377,1.2734626083586392E-7
27081.0,0.19778495868805873,0.7705698336165322,0.031645207695409266
26427.0,0.17084543995147433,0.32127506747243517,0.5078794925760904
26152.0,0.12939672713504352,0.7834499615840326,0.08715331128092378
27185.0,4.7583972990502715E-7,0.12810535517499896,0.8718941689852712
27426.0,0.39980635842644724,0.6001935394254971,1.0214805565515413E-7
26884.0,0.21291911274067754,0.6992947146618065,0.08778617259751605
26647.0,2.642771386498127E-7,2.642771386498127E-7,0.9999994714457225
26064.0,2.399723779098084E-7,0.0838748401262402,0.9161249199013819
26341.0,0.16506933626586867,0.8349305112493554,1.5248477612144958E-7
26614.0,0.35091812800095207,0.6490817782805242,9.37185236930906E-8
26706.0,5.873369777906985E-7,0.13067073482527544,0.8693286778377466
26945.0,2.69230720986191E-7,0.24909834834673392,0.7509013824225449
27495.0,0.0872089032084463,0.7336098780014727,0.17918121879008098
27252.0,0.22623761823274988,0.5028282830297952,0.2709340987374546
26547.0,0.6172830314680765,0.3827168639823781,1.0454954514616863E-7
26272.0,0.09060935910989748,0.13403120039287328,0.7753594404972292
26005.0,0.08317165932097566,0.7330715158319281,0.18375682484709613
27020.0,0.8427872065100502,0.15721274394104387,4.9548905975475596E-8
26783.0,0.2893563722614066,0.7106434654413574,1.6229723589125955E-7
27321.0,0.31452090848196745,0.6121275505664023,0.07335154095163016
27562.0,0.08253617611466338,0.9174636461938187,1.7769151800794787E-7
26221.0,0.2193431022809897,0.7806567398691165,1.5784989380914613E-7
26494.0,5.032592160430441E-7,0.41050546778902386,0.5894940289517602
27389.0,2.0879998172614388E-7,0.40511222125436264,0.5948875699456556
26843.0,4.270582633115906E-7,0.1811957488291088,0.8188038241126281
27080.0,0.9999998815690474,5.921547629226339E-8,5.921547629226339E-8
26426.0,0.08942983138330039,0.40550109494953107,0.5050690736671687
26153.0,0.3151320314768407,0.5949050232291716,0.08996294529398749
27184.0,0.5654330833883892,0.43456685076983337,6.584177783871953E-8
27427.0,0.097836129891278,0.25016777792822037,0.6519960921805017
26885.0,0.04359564176923326,0.8648085322616318,0.09159582596913504
26646.0,0.6712379594993464,0.32876195232925814,8.817139590089713E-8
26065.0,0.24730011512172007,0.6735866494029014,0.07911323547537824
26340.0,0.08969918390410259,0.17151736319860367,0.7387834528972939
26615.0,0.22937866947082333,0.6853783837126439,0.08524294681653234
25951.0,0.12791349241478656,0.5785720575618107,0.2935144500234025
26489.0,3.437074387769211E-7,0.958561710773518,0.04143794551904326
26218.0,2.3671669160593347E-7,0.31144007360503295,0.6885596896782753
27565.0,0.18928331645568244,0.8107164169421145,2.666022026089431E-7
27326.0,0.11641907307378296,0.8835808045602029,1.2236601385307665E-7
26776.0,2.415668857047558E-7,0.042145302055238885,0.9578544563778751
27019.0,0.4491750049565418,0.5055080950875253,0.045316899955933285
26002.0,2.2078162331132146E-7,0.7305413233580199,0.2694584558603566
26279.0,2.3462264302815392E-7,0.13046704315147298,0.8695327222258841
26548.0,0.142376747868091,0.7135392464845409,0.144084005647368
27251.0,0.20938787131890807,0.7133765952502512,0.07723553343084075
27488.0,0.25905974787675273,0.740940059272279,1.928509679409907E-7
26950.0,0.18038631681567469,0.8196133030902856,3.8009403970550803E-7
26709.0,3.5880485635291474E-7,3.5880485635291474E-7,0.9999992823902873
26608.0,0.3112727967574397,0.6887271036005274,9.964203303441842E-8
26339.0,0.222300903034878,0.5888088586314711,0.1888902383336505
26070.0,0.10542138622249558,0.715541453821728,0.17903715995577663
26641.0,0.08260290443163218,0.7045666408854591,0.21283045468290865
26882.0,0.9345111917529332,0.06548879463708017,1.3609986722370592E-8
27428.0,0.08368259830849878,0.7891505631311363,0.12716683856036445
27191.0,0.36717494100060244,0.5488567163755101,0.08396834262388746
26158.0,0.5007558942862091,0.4561648981060742,0.043079207607716566
26429.0,0.28386624310467984,0.7161336246783944,1.3221692568961142E-7
27087.0,0.08872991160928882,0.8690743485507259,0.04219573983998548
26844.0,0.8370931940799319,0.16290673623730498,6.96827632062499E-8
27386.0,0.6522477936295219,0.3477521460301194,6.034035789192166E-8
25950.0,0.39312396920216364,0.6068759432833979,8.751443902905375E-8
26488.0,0.1737116693871192,0.4426556535287162,0.38363267708416426
26219.0,0.1392446798051018,0.7204934222309465,0.1402618979639516
27564.0,0.2897504928469563,0.6374013115629342,0.07284819559010937
27327.0,0.3154157095220924,0.6845841519660721,1.3851183553441469E-7
26777.0,0.07919962954948952,0.5346372724859779,0.3861630979645323
27018.0,0.0420399824269663,0.21188027387868213,0.7460797436943518
26003.0,0.18442140495322967,0.8155785085437852,8.650298529585188E-8
26278.0,3.6782015986028506E-7,0.2718275594208391,0.7281720727590012
26549.0,0.4438829952828382,0.5561169475381643,5.717899747518288E-8
27250.0,0.6149789866024028,0.38502095629325306,5.710434404710694E-8
27489.0,3.490558308830359E-7,0.858635203429311,0.14136444751485824
26951.0,3.4812485757706387E-7,0.9583681898170969,0.041631462058045514
26708.0,0.08557042831408984,0.08974775663564129,0.8246818150502688
26609.0,0.37138688159070093,0.4430249077609816,0.1855882106483175
26338.0,0.04659251085168878,0.9534072868360216,2.0231228957990018E-7
26071.0,0.22022292388907191,0.7797769153382713,1.6077265681247086E-7
26640.0,2.297912937247796E-7,0.22319942079090413,0.7768003494178022
26883.0,2.5104113136845947E-7,0.8130455996416107,0.18695414931725787
27429.0,0.6500720948387364,0.34992739801789735,5.071433662620406E-7
27190.0,0.3052032071296125,0.6177719355479783,0.07702485732240924
26159.0,4.781714297961211E-7,0.25047390236026185,0.7495256194683082
26428.0,0.09993022496157283,0.27124188644962055,0.6288278885888068
27086.0,0.11639904397487756,0.4561424882386114,0.42745846778651103
26845.0,3.527502775328895E-7,0.13704537332602704,0.8629542739236955
27387.0,0.17347784466093005,0.59282629835359,0.2336958569854798
27324.0,0.17947530547853868,0.6531504329113214,0.16737426161014
27567.0,0.2507513757486575,0.5774427333684368,0.1718058908829052
27017.0,0.18623868907570332,0.7741586550667842,0.03960265585751274
26778.0,0.7792320017275441,0.22076787373520423,1.2453725162806965E-7
25949.0,0.11537341972371752,0.8846261972678003,3.830084821917213E-7
26216.0,0.5302893723825406,0.4697105417897534,8.582770620672797E-8
26491.0,0.4711118504857001,0.528887695619034,4.5389526628292265E-7
27490.0,2.83012610223908E-7,0.04226051833983424,0.9577391986475555
27249.0,2.457611366047682E-7,0.226860150564283,0.7731396036745808
26711.0,0.2844031819337981,0.6651377332092165,0.050459084856985026
26948.0,2.0427586276245713E-7,0.3401270415762319,0.6598727541479055
26000.0,0.08410965513174276,0.5528364275661383,0.36305391730211883
26550.0,0.4772398461848383,0.5227597894498701,3.643652917032347E-7
26277.0,0.9426678754803752,0.05733205233113816,7.218848629496277E-8
26880.0,4.6940549021274357E-7,0.8496681609323322,0.15033136966217733
26643.0,0.2998695213701082,0.4973385542819825,0.20279192434790919
27189.0,0.04308876770492863,0.9569108002492162,4.320458552999745E-7
27430.0,0.04574177055515014,0.1382549521924296,0.8160032772524206
26337.0,0.11360707359703608,0.8863928563943994,7.000856483276283E-8
26610.0,0.9207344970780876,0.07926548974344659,1.3178465888933885E-8
26068.0,0.08036608511058724,0.9196336718795393,2.4300987375191434E-7
26846.0,0.6084266230663455,0.39157315550362737,2.2143002705965847E-7
27085.0,0.08903737215681737,0.6797773194493568,0.2311853083938258
27384.0,0.7747682451196652,0.22523133653759253,4.1834274223855393E-7
26431.0,0.2881690721562259,0.6193450038214803,0.09248592402229419
26156.0,0.999999969204239,1.539788054025558E-8,1.539788054025558E-8
27325.0,0.09651059515583507,0.13380569852203494,0.7696837063221298
27566.0,4.875206312778733E-7,0.18932846920891375,0.810671043270455
27016.0,4.0759668975499687E-7,0.33142989467132977,0.6685696977319806
26779.0,0.08357770168333377,0.9164221083852098,1.8993145643582936E-7
26217.0,0.12619903854383305,0.55064278804152,0.3231581734146471
26490.0,2.8047915071944334E-7,0.13620051684575263,0.8637992026750969
27491.0,3.9918270105231255E-7,0.08248232505792213,0.9175172757593767
27248.0,0.525843047656915,0.47415681168771434,1.4065537054611796E-7
26710.0,0.9575338078345667,0.04246610907670869,8.308872457647079E-8
26949.0,0.0757970103549477,0.9242027690392967,2.2060575569534975E-7
26001.0,3.69162791738497E-7,0.8208036924479055,0.17919593838930267
26551.0,4.779356999092845E-7,4.779356999092845E-7,0.9999990441286001
26276.0,0.04116210663767453,0.29334639138471724,0.665491501977608
26881.0,0.2252115390955575,0.6777563495443585,0.09703211136008467
26642.0,5.772997670828286E-7,0.2692881441836077,0.7307112785166249
27188.0,0.10060357457816244,0.8993963594120392,6.600979868119017E-8
27431.0,0.0413860002121201,0.8768625787739787,0.08175142101390119
26336.0,0.08621104683813992,0.045261296058892564,0.8685276571029674
26611.0,4.858872692598737E-7,4.858872692598737E-7,0.9999990282254614
26069.0,0.339548226676658,0.6604514094072935,3.639160484814633E-7
26847.0,4.1337715740296054E-7,0.04509857935999996,0.9549010072628428
27084.0,1.8138755070246856E-7,0.24880257508512155,0.7511972435273276
27385.0,0.2719502343753702,0.7280496346234927,1.3100113712322685E-7
26430.0,1.9606628977962278E-7,0.9172877843991624,0.08271201953454767
26157.0,0.22439516364718523,0.7756046831568181,1.5319599652575206E-7
26146.0,0.21152936817974244,0.7884704707716461,1.6104861137410618E-7
26417.0,0.07734966888002939,0.9226502062471147,1.2487285569357484E-7
27382.0,3.0232359979156E-7,0.052342496937994164,0.9476572007384059
27075.0,0.09275407911355896,0.07979996506354274,0.8274459558228986
26832.0,0.40989311888823504,0.4976954811214597,0.09241139999030527
26074.0,0.08583549724423808,0.3541134516493479,0.5600510511064141
26620.0,0.19533290671666004,0.8046667764866275,3.167967124921994E-7
26351.0,2.7385242287542584E-7,0.04268357631282311,0.957316149834754
27432.0,0.044452115206907485,0.39941369231016516,0.5561341924829274
27195.0,0.32487294721016036,0.6751266982510168,3.54538822757738E-7
26653.0,0.04361546495598961,0.3147448310476592,0.6416397039963512
26894.0,0.18252384883138248,0.32017541641715574,0.49730073475146225
26283.0,3.407400532246248E-7,0.6535634316859958,0.3464362275739507
26552.0,0.18554380689003086,0.7198287748140916,0.09462741829587738
26014.0,0.03902333790908849,0.9609765126774248,1.4941348676024874E-7
26954.0,2.0433905555256446E-7,0.12787884820170242,0.8721209474592421
26713.0,0.0824889009344102,0.9175109485072469,1.505583429123477E-7
27263.0,1.7984889427939932E-7,0.9999996403022113,1.7984889427939932E-7
27500.0,0.1452803146146947,0.8547196221810263,6.32042788574036E-8
26485.0,0.08178491734046947,0.4336584244809761,0.48455665817855426
26214.0,0.040087786968924594,0.69949937705162,0.26041283597945514
26772.0,2.4906783493356893E-7,0.09729728131651076,0.9027024696156544
27015.0,0.24206282885788877,0.6774068270326814,0.08053034410942961
27553.0,1.1941005844428745E-7,0.9039019631499201,0.09609791744002147
27314.0,0.0765671468154141,0.8462286890507582,0.07720416413382768
26147.0,2.394232727689421E-7,0.17222993653387023,0.8277698240428571
26416.0,0.08686150646989005,0.2762189091176558,0.6369195844124544
27383.0,2.8773301972589537E-7,2.8773301972589537E-7,0.9999994245339606
27074.0,5.782165918923907E-7,0.04342606170876626,0.9565733600746418
26833.0,0.4292970859960344,0.5707027411892283,1.7281473771514812E-7
26075.0,0.08682597920655245,0.540416924540756,0.3727570962526916
26621.0,0.07545531200267945,0.9245444728631058,2.1513421467555442E-7
26350.0,0.42222853126868015,0.5777713239556782,1.4477564148577688E-7
27433.0,0.16769425718334857,0.7939339998943941,0.03837174292225746
27194.0,0.10086872441720779,0.7329769349712234,0.16615434061156892
26652.0,0.12819748088537575,0.6986187566294113,0.17318376248521275
26895.0,0.18588921557696475,0.7662091437384583,0.047901640684577
26282.0,0.12681824755922733,0.48295708728827813,0.39022466515249443
26553.0,0.18771656019574073,0.6399106612529554,0.1723727785513041
26015.0,0.5935312725642199,0.4064686723730599,5.506271964716035E-8
26955.0,0.17423075605744795,0.8257691089665646,1.3497598743438746E-7
26712.0,0.1328022106442478,0.8671975794977801,2.098579720289098E-7
27262.0,3.87451363939166E-7,0.13880134258591023,0.8611982699627259
27501.0,0.20930033795066685,0.7906993289158856,3.3313344765308403E-7
26484.0,0.1487706084212983,0.6800438073600018,0.1711855842186998
26215.0,0.37522303926020956,0.6247768374466193,1.232931710774232E-7
26773.0,0.3795881395597025,0.5468339589275251,0.07357790151277195
27014.0,0.25960738302585856,0.538903078432761,0.2014895385413803
27552.0,0.2786071119658461,0.7213927821515096,1.0588264437813208E-7
27315.0,0.16931675557765233,0.6517448683001034,0.17893837612224453
27380.0,0.12420729375282281,0.8293701551674952,0.04642255107968191
26834.0,4.4790056643954516E-7,0.13650846154638377,0.8634910905530497
27073.0,0.18156900696307315,0.8184308086501602,1.843867667700982E-7
26419.0,0.7480273057654877,0.25197245489583336,2.3933867899043943E-7
26144.0,0.044610579135281866,0.7808247847102928,0.17456463615442527
27193.0,0.9268499500469853,0.07314992922931922,1.2072369548683025E-7
27434.0,0.16295023530191668,0.8370492928684186,4.7182966489109275E-7
26892.0,0.6492348114330719,0.3507651514172947,3.714963340343787E-8
26655.0,0.16150720697853052,0.671087104723526,0.1674056882979436
26072.0,2.8541124964008765E-7,2.8541124964008765E-7,0.9999994291775007
26349.0,6.12473133763871E-7,0.8195206427507649,0.1804787447761011
26622.0,0.21515456274044753,0.7848453743066652,6.295288720599785E-8
26715.0,2.943762676324082E-7,0.9999994112474648,2.943762676324082E-7
26952.0,0.12503902189077296,0.736626029771987,0.13833494833723986
27502.0,0.2345186308041375,0.6025240875706988,0.16295728162516407
27261.0,0.19015095669457885,0.714412046697215,0.09543699660820609
26554.0,0.08044630446745388,0.617685358724364,0.30186833680818154
26281.0,1.956969333995738E-7,1.956969333995738E-7,0.9999996086061332
26012.0,0.04582458137880763,0.7320121814610768,0.22216323716011552
27013.0,0.2655819288473508,0.7344179531404312,1.1801221840165416E-7
26774.0,0.09672217462465947,0.4987942178126558,0.4044836075626847
27312.0,0.16813645139361869,0.4177656144911661,0.4140979341152155
27555.0,0.2385106856446906,0.27243517654357796,0.4890541378117316
26212.0,0.08449866844649309,0.13122283048611977,0.784278501067387
26487.0,0.08588878534123746,0.8627166601086941,0.05139455455006832
27381.0,0.3084659183356675,0.37364562771432286,0.31788845395000953
26835.0,3.696011166665458E-7,3.696011166665458E-7,0.9999992607977666
27072.0,0.17556572513428198,0.5906157956103545,0.23381847925536312
26418.0,0.4179632370200544,0.582036668270825,9.470912070240274E-8
26145.0,3.1508949569327526E-7,0.2650268632664243,0.7349728216440801
27192.0,0.21289166461549067,0.6263319850388107,0.16077635034569873
27435.0,0.09297241554192051,0.46673369748292515,0.44029388697515426
26893.0,0.999999969204239,1.539788054025558E-8,1.539788054025558E-8
26654.0,0.04400761473580783,0.955992079899968,3.053642241049143E-7
26073.0,4.7531655343533225E-7,0.17656353359667734,0.8234359910867691
26348.0,0.08821835573293332,0.6927437721361749,0.2190378721308921
26623.0,0.1781942569336701,0.5531389176807513,0.26866682538557873
26714.0,0.27009793169426805,0.729901614184523,4.54121208600697E-7
26953.0,0.344380096066456,0.17294061700834276,0.48267928692520135
27503.0,0.41097821211046387,0.5890216242307166,1.6365881953396626E-7
27260.0,0.20555035526527068,0.36152384339127713,0.4329258013434519
26555.0,0.18584294879313748,0.8141568546368302,1.965700321988546E-7
26280.0,0.25839579696842624,0.7416037963280453,4.0670352822601216E-7
26013.0,1.8661317919914027E-7,1.8661317919914027E-7,0.9999996267736416
27012.0,0.09100456210253581,0.8134906953470586,0.09550474255040552
26775.0,0.043239647364561574,0.6021206701358567,0.35463968249958167
27313.0,3.677748355422883E-7,0.04125051909145388,0.9587491131337107
27554.0,0.08754666656522735,0.9124530113547847,3.220799880126367E-7
26213.0,2.634362819695279E-7,0.22002349995496567,0.7799762366087519
26486.0,0.12721141708360545,0.27537885924052646,0.597409723675868
26616.0,0.044322629877950326,0.9556772670981437,1.0302390589395084E-7
26347.0,0.13062217271631232,0.8693777042086104,1.230750773636222E-7
26078.0,4.377458512842339E-7,0.44664658585085004,0.5533529764032987
26649.0,0.27454189404305324,0.35728924140400015,0.3681688645529464
26890.0,0.20143504832603817,0.6660390888182373,0.13252586285572443
27436.0,2.474795779230529E-7,2.474795779230529E-7,0.9999995050408442
27199.0,4.5452294006977894E-7,0.4086703712585747,0.591329174218485
26150.0,2.973971576021209E-7,2.973971576021209E-7,0.9999994052056849
26421.0,0.22482219009769314,0.7751775763081209,2.335941863015059E-7
27079.0,0.13237448798689058,0.8676252102242584,3.017888510813777E-7
26836.0,0.3452187142741459,0.6547811099481213,1.7577773277373242E-7
27378.0,0.26924078922196915,0.6379032504431059,0.092855960334925
26481.0,5.627871432245414E-7,0.2651063692332753,0.7348930679795818
26210.0,4.0844544493339735E-7,0.32090833233671584,0.6790912592178393
27557.0,2.4676748730089926E-7,2.4676748730089926E-7,0.9999995064650254
27318.0,0.1804196307355407,0.8195802460709825,1.23193476833493E-7
26768.0,4.6836080231478507E-7,0.7093375408907681,0.29066199074842963
27011.0,0.09748013883299615,0.17821582032823305,0.7243040408387709
26010.0,0.2586284914086011,0.5385773932259488,0.2027941153654501
26287.0,0.226709399640257,0.7732903057497503,2.946099922954134E-7
26556.0,2.4605885964935675E-7,2.4605885964935675E-7,0.9999995078822808
27259.0,0.3105431930295584,0.6894565749521769,2.320182646523572E-7
27496.0,0.6588264032324505,0.34117342798481815,1.6878273132888501E-7
26958.0,4.3043668663283084E-7,0.08533755788283426,0.914662011680479
26717.0,0.050250453060991525,0.8131438886495992,0.1366056582894091
26617.0,0.08841040753847604,0.740331443080534,0.17125814938098993
26346.0,0.33483055264652345,0.4047786335688127,0.260390813784664
26079.0,0.07854525741189546,0.7544047379196258,0.1670500046684787
26648.0,0.08828950372503507,0.4974257185484642,0.41428477772650063
26891.0,0.8586073383203437,0.14139259416212016,6.751753592449996E-8
27437.0,0.043557435038468574,0.7689817340774596,0.1874608308840716
27198.0,2.9566019533124924E-7,0.04703940148495241,0.9529603028548522
26151.0,0.4587367782176929,0.5412631590465931,6.273571431644134E-8
26420.0,0.17051170137780478,0.6336821275110502,0.19580617111114498
27078.0,5.059656111825334E-7,0.04354194096923694,0.9564575530651519
26837.0,0.16124633681200434,0.8387534988891463,1.6429884934988542E-7
27379.0,0.22924963583749808,0.7707501632555644,2.0090693766010905E-7
26480.0,4.6361759406478905E-7,0.18102976267274612,0.81896977370966
26211.0,0.2851669628552239,0.6239002978052719,0.09093273933950419
27556.0,4.1115670885073576E-7,0.08963994913972462,0.9103596397035668
27319.0,1.8391843687302628E-7,0.27703653863341826,0.722963277448145
26769.0,0.39431255991502195,0.6056870615823421,3.7850263639596804E-7
27010.0,0.22420722914498298,0.5989002246454715,0.17689254620954517
26011.0,0.4540534374673164,0.5459464525525205,1.0998016286594868E-7
26286.0,0.14283578852526202,0.5271277119047326,0.33003649957000525
26557.0,0.09317528652119343,0.22044808136506544,0.6863766321137412
27258.0,2.6774604477935744E-7,0.04411349125570582,0.9558862409982493
27497.0,1.903231244147932E-7,1.903231244147932E-7,0.999999619353751
26959.0,0.08609639796233938,0.8073368232330053,0.10656677880465538
26716.0,0.13088379315569715,0.7801663199077397,0.08894988693656322
26888.0,0.2856010766079642,0.7143988242798666,9.91121692409807E-8
26651.0,0.04356391465926957,0.5866536702460831,0.3697824150946474
27197.0,0.18423659598734973,0.7310121946201877,0.08475120939246256
27438.0,0.2731951955326327,0.28156430053160086,0.4452405039357664
26345.0,0.279505427555271,0.638509011262493,0.08198556118223602
26618.0,0.082984234679219,0.5470765265428251,0.369939238777956
26076.0,0.08165168618257158,0.14396147844910046,0.7743868353683278
26838.0,0.444392536944101,0.4592451332037484,0.09636232985215049
27077.0,0.07664465057734153,0.9233552085325463,1.4089011219899837E-7
27376.0,0.19559841097055708,0.044721572202367804,0.7596800168270753
26423.0,0.045849457743210906,0.18094535435883743,0.7732051878979518
26148.0,0.14175579923172119,0.8582440420126703,1.5875560877156655E-7
27316.0,2.388565159516314E-7,0.051479280562113205,0.9485204805813707
27559.0,0.18826664385218245,0.7288176775756097,0.0829156785722077
27009.0,0.08399256192611819,0.3463509658655877,0.569656472208294
26770.0,0.17971074721182498,0.7316763999084265,0.08861285287974853
26208.0,0.09925936440493792,0.8116960766147893,0.08904455898027262
26483.0,0.08147936684600428,0.04456309514565737,0.8739575380083384
27498.0,0.3782423885150524,0.6217574554108769,1.5607407063119486E-7
27257.0,4.2440629577715033E-7,0.8695615591186249,0.13043801647507963
26719.0,0.7033953563563602,0.2966043117180537,3.319255862956314E-7
26956.0,0.8932356487598674,0.10676425990412483,9.133600772259911E-8
26008.0,0.1914533373528656,0.8085462041759374,4.5847119690746213E-7
26558.0,0.13709787634949117,0.7287768076258461,0.13412531602466296
26285.0,0.2598047211137987,0.64106023103825,0.09913504784795099
26889.0,4.322093132335524E-7,0.08725713197897064,0.912742435811716
26650.0,0.26669414313924605,0.6467669473540402,0.08653890950671371
27196.0,0.8201677589250977,0.1798321965554908,4.4519411269445063E-8
27439.0,0.13105427814516027,0.5084990198231697,0.3604467020316701
26344.0,0.36497512382589087,0.542704825798007,0.09232005037610229
26619.0,0.18473569936264683,0.7215258598119291,0.0937384408254239
26077.0,0.07598097596175125,0.859552269830391,0.06446675420785745
26839.0,0.09575124047228331,2.3651560469695884E-7,0.9042485230121122
27076.0,3.2314908321371016E-7,0.22885318131758392,0.7711464955333329
27377.0,0.13553600367187413,0.8147459851550144,0.04971801117311161
26422.0,2.2570771318861292E-7,2.2570771318861292E-7,0.9999995485845736
26149.0,2.5206099387135597E-7,2.5206099387135597E-7,0.9999994958780123
27317.0,2.070749049310448E-7,0.23902725911205752,0.7609725338130374
27558.0,1.0117288574859728E-7,0.9999997976542284,1.0117288574859728E-7
27008.0,0.7878079075801153,0.2121919948050837,9.761480078371401E-8
26771.0,0.16604695597146246,0.8339528091846578,2.3484387982792856E-7
26209.0,0.03484825718746904,0.8903356449919315,0.07481609782059936
26482.0,1.6932800851179983E-7,0.12506649494752878,0.8749333357244627
27499.0,0.19151479976982627,0.7692541329803353,0.03923106724983839
27256.0,0.07679215781644406,0.9232077171473323,1.2503622372843298E-7
26718.0,0.31680576322240506,0.6831938741544046,3.626231903726163E-7
26957.0,0.28403419498886856,0.7159655887573827,2.162537488688109E-7
26009.0,0.07919501357741278,0.9208048920954597,9.432712737038079E-8
26559.0,0.078540925402377,0.3179806563908335,0.6034784182067894
26284.0,0.7544890742470046,0.24551086006968548,6.568330973514016E-8
26963.0,0.15469537039273132,0.8453044849605054,1.4464676316898725E-7
26688.0,2.35085372057917E-7,0.15430725841961107,0.8456925064950166
27238.0,0.30959950335472813,0.47224893894642583,0.21815155769884578
27509.0,0.3924361174775217,0.6075636548875621,2.2763491610893397E-7
26290.0,0.1727894241921421,0.8272104325512475,1.4325661041188524E-7
26529.0,0.16289475303473852,0.8371051091566821,1.3780857927677484E-7
25991.0,3.294170602552628E-7,0.04318778076221247,0.9568118898207273
26765.0,0.0855503628452917,0.9144494380909923,1.9906371608030673E-7
27038.0,0.08432076565597942,0.2816302495313923,0.6340489848126285
27576.0,0.088149672542603,0.5594848598775107,0.3523654675798862
27307.0,0.5915345420760562,0.4084653922015942,6.57223491566284E-8
26476.0,0.6429320550950269,0.21009062472808412,0.14697732017688905
26239.0,5.316093131165218E-7,5.316093131165218E-7,0.9999989367813735
27375.0,0.1869523962991683,0.8130473037950334,2.9990579812655106E-7
27098.0,0.3540125241766412,0.6459872557950237,2.200283350373492E-7
26825.0,0.15979395497247711,0.8402055262776623,5.187498604506838E-7
26171.0,0.09432387472995184,0.46830882686309633,0.43736729840695215
26408.0,0.3255224657825012,0.59178153417148,0.08269600004601887
27441.0,0.16748898297213966,0.6729209259797928,0.1595900910480678
27170.0,0.35467569299222124,0.6453241928874662,1.1412031222701665E-7
26628.0,3.355163876239507E-7,0.36425316470640917,0.6357464997772031
26903.0,0.08555662815899576,0.8711424884601991,0.04330088338080498
26051.0,0.12889940654601534,0.5405273159809323,0.3305732774730523
26597.0,0.04654030720134855,0.8694169382430743,0.08404275455557723
26358.0,4.2525100534096556E-7,0.17790813078256143,0.8220914439664333
26962.0,0.17402319968238525,0.8259767023730282,9.794458621425928E-8
26689.0,0.158329960991426,0.729555980550813,0.1121140584577611
27239.0,0.14019759705262685,0.859802287044393,1.1590298019222953E-7
27508.0,0.2811894391338954,0.71881032161015,2.392559547552718E-7
26291.0,0.17957331071138613,0.09205393994012215,0.7283727493484919
26528.0,0.08665431955990469,0.14312251959208339,0.770223160848012
25990.0,0.7208082050088507,0.27919166641853327,1.2857261611289526E-7
26764.0,0.08460065993676948,0.7929631325032346,0.12243620755999604
27039.0,0.0802604919548363,0.05014895071762985,0.8695905573275338
27577.0,0.044343891629593,0.18071764700963205,0.7749384613607748
27306.0,0.08393828503400813,0.36897700694920954,0.5470847080167823
26477.0,4.975350713330539E-7,0.6720366080548503,0.3279628944100784
26238.0,1.4601531514867276E-7,0.868731314118575,0.13126853986610987
27374.0,2.923935216172278E-7,0.08741348839458726,0.9125862192118909
27099.0,1.9123912855684803E-7,0.8214136414152363,0.17858616734563512
26824.0,5.774440025944209E-7,0.044150097175522054,0.9558493253804753
26170.0,0.999999969204239,1.539788054025558E-8,1.539788054025558E-8
26409.0,5.835625639148895E-7,0.9069077147653433,0.09309170167209274
27440.0,0.13635477765587373,0.0448203470068816,0.8188248753372445
27171.0,0.38614882842701714,0.5300165020962478,0.08383466947673515
26629.0,4.852106671927849E-7,0.7326320215298604,0.26736749325947284
26902.0,0.05219876630080487,0.21936450890058173,0.7284367247986137
26050.0,0.09658529501291208,0.3076225521189219,0.5957921528681662
26596.0,0.18586994296707673,0.6834287008247836,0.1307013562081399
26359.0,8.668858258853703E-8,0.9999998266228347,8.668858258853703E-8
26531.0,0.260375654154811,0.7396242223572917,1.2348789762125488E-7
26288.0,2.262080344972145E-7,0.08203581412028928,0.9179639596716762
25989.0,0.08731072148455879,0.12280818633647518,0.7898810921789661
26690.0,0.13842595046912504,0.7778954678715955,0.08367858165927952
26961.0,0.2495712844995557,0.7504284299154279,2.8558501632455304E-7
27511.0,2.219637227963418E-7,0.7070758546305728,0.29292392340570456
27236.0,0.07311502203001062,0.9268847839830918,1.939868974370221E-7
26237.0,0.07923635749170346,0.920763458253849,1.842544476114407E-7
26478.0,0.09801770285250275,0.9019820835797936,2.1356770382536892E-7
27036.0,0.045769160130617305,0.598832130768137,0.3553987091012457
26767.0,0.08428092181125613,0.046471760883908156,0.8692473173048358
27305.0,4.292360796394961E-7,0.17767970998282642,0.822319860781094
27578.0,0.9678081978142427,0.03219176329748643,3.888827078866129E-8
26410.0,3.32816231781367E-7,0.17769853048174164,0.8223011367020266
26169.0,0.22630115347186494,0.7736986963728623,1.501552731030162E-7
27373.0,0.7396920110198725,0.2603079314165582,5.756356993145806E-8
26827.0,0.26921100065617687,0.7307888418181722,1.575256508344577E-7
27096.0,0.9999997421767955,1.2891160213177087E-7,1.2891160213177087E-7
26049.0,0.047483284169331556,0.1808711630340635,0.7716455527966048
26356.0,0.17737277675513954,0.17127457320735384,0.6513526500375066
26599.0,2.6794594353641544E-7,0.235510931356774,0.7644888006972822
27168.0,0.1807896421875659,0.6402036398101675,0.1790067180022666
27443.0,2.3340362754243602E-7,0.12872494382737534,0.871274822768997
26901.0,4.1153215506000256E-7,4.1153215506000256E-7,0.9999991769356898
26630.0,2.272700606553486E-7,0.08453911480544976,0.9154606579244896
26530.0,0.9999998010799708,9.946001463280135E-8,9.946001463280135E-8
26289.0,0.08638024086181931,0.1371833647000824,0.7764363944380984
25988.0,0.041467178541768776,0.9585326879872361,1.334709951379473E-7
26691.0,0.08477977919365019,0.051468209177240896,0.863752011629109
26960.0,0.14377636282230188,0.856223545706605,9.147109317431666E-8
27510.0,0.13692179752805153,0.8630781313358469,7.11361018008175E-8
27237.0,0.08193063442110923,2.230940402837786E-7,0.9180691424848503
26236.0,0.07810857857472762,0.842424481352691,0.07946694007258144
26479.0,1.7651904712273032E-7,0.08591114158962704,0.9140886818913256
27037.0,0.2818791096446547,0.49685019373709766,0.22127069661824786
26766.0,0.3383076319360248,0.3967684714142312,0.264923896649744
27304.0,0.13781161328679276,0.6823666992204486,0.17982168749275862
27579.0,0.23680133155634436,0.7234217502650647,0.039776918178591136
26411.0,0.23059265822530584,0.6939216871523395,0.07548565462235471
26168.0,0.3139108384715365,0.686088832344203,3.2918426037616175E-7
27372.0,0.08805724082379139,0.3690162628236303,0.542926496352578
26826.0,0.21470599641652194,0.7061853338514557,0.07910866973202225
27097.0,0.24982436325366073,0.709043568755766,0.041132067990573236
26048.0,0.17949189134464727,0.6491930132070145,0.17131509544833826
26357.0,0.27331165569133065,0.7266878535524517,4.907562178853498E-7
26598.0,0.4923473532493611,0.5076525643269598,8.242367936792559E-8
27169.0,2.0987556728664655E-7,0.1708676516963562,0.8291321384280765
27442.0,4.2084938311967977E-7,0.04894274076015207,0.9510568383904648
26900.0,0.17188998482965306,0.8281099003124449,1.1485790196979323E-7
26631.0,0.41572000860641417,0.301425887606592,0.28285410378699366
27580.0,0.20284466220131236,0.7525058798782981,0.04464945792038971
27311.0,0.14729675514170945,0.8150674630734749,0.03763578178481555
26761.0,0.5549377027168708,0.4450619948045494,3.0247857948843755E-7
27034.0,0.1765475509778276,0.7288396647277366,0.09461278429443569
26472.0,0.7194947709584368,0.2805051469652056,8.207635700409244E-8
26235.0,0.2599650689525838,0.7400344113719212,5.196754948913128E-7
27234.0,0.17918323314723097,0.8208165516860834,2.1516668569256247E-7
27505.0,0.04084456887638307,0.9591551541272594,2.7699635766702873E-7
26967.0,0.18417638509294929,0.4530241731467752,0.36279944176027534
26692.0,0.15795526096563947,0.7614926278399431,0.0805521111944175
25987.0,0.2087376082738749,0.7912619157391301,4.759869950403954E-7
26294.0,0.04613843570999648,0.5956200470953372,0.3582415171946663
26533.0,0.8888692493939468,0.11113067971560199,7.08904511314126E-8
26624.0,0.31006771246884196,0.6899321343961958,1.5313496215046936E-7
26899.0,0.13035718275006195,0.7771763766603507,0.09246644058958742
27445.0,0.17795581720836107,0.27774256358329774,0.5443016192083412
27174.0,0.1778335256053636,0.8221661064013625,3.679932738849681E-7
26593.0,0.38909749260588433,0.5582952352695382,0.0526072721245777
26354.0,0.09379046003014052,0.9062090832731333,4.566967259542441E-7
26055.0,0.3146739742498395,0.6418917585410906,0.043434267209069836
27102.0,0.5891563801650872,0.41084348059190007,1.3924301221357138E-7
26829.0,0.20958587922344746,0.7904136777408538,4.430356987786555E-7
27371.0,2.201562011878841E-7,0.17877822592774026,0.8212215539160584
26175.0,0.906126757393757,0.09387322699913411,1.5607108766958903E-8
26412.0,0.4063553397443251,0.593644578901959,8.13537159824354E-8
27581.0,0.3060473228710918,0.6449432121531219,0.04900946497578585
27310.0,0.04349590640508946,0.7815533458021936,0.17495074779271727
26760.0,0.24543342194570214,0.7545661802599292,3.9779436881789965E-7
27035.0,0.0449908647875056,0.6410342557097873,0.31397487950270697
26473.0,2.5964402733952237E-7,0.08306641624253623,0.9169333241134364
26234.0,3.869902424316243E-7,0.04141498492873399,0.9585846280810235
27235.0,0.35001785907140864,0.5529001075960243,0.0970820333325671
27504.0,0.04341592857552008,0.9565838594892833,2.119351965244649E-7
26966.0,0.6700712288280557,0.3299283329814034,4.381905409648673E-7
26693.0,2.1028548309676344E-7,2.1028548309676344E-7,0.9999995794290338
25986.0,4.303384072674402E-7,0.7171650309179145,0.28283453874367825
26295.0,0.18379559090013406,0.7297999863681123,0.08640442273175342
26532.0,0.29477619654892095,0.7052236034161778,2.0003490135092884E-7
26625.0,0.08885282172419601,0.09586011767711818,0.8152870605986858
26898.0,0.5809919867878873,0.4190079668271098,4.638500325277356E-8
27444.0,0.4493648716148846,0.5506346199694678,5.084156479281363E-7
27175.0,0.04901698185763926,0.8629166195538432,0.08806639858851747
26592.0,2.1733822933079513E-7,0.22851028759317782,0.7714894950685929
26355.0,0.12034927700129207,0.8796504455149378,2.7748376989621436E-7
26054.0,4.2047029405280643E-7,0.57558983976082,0.4244097397688857
27103.0,0.09215616832732162,0.907843730885795,1.007868833024054E-7
26828.0,2.541802267383945E-7,0.15017574802403863,0.8498239977957346
27370.0,2.692848536576688E-7,0.36529142146326316,0.6347083092518835
26174.0,0.38469935425552537,0.6153005723623837,7.33820905167882E-8
26413.0,3.153053351856378E-7,0.13979467634497572,0.8602050083496888
26233.0,0.20631123175907173,0.7096482503871064,0.08404051785382187
26474.0,0.14057209527816658,0.7822564678261558,0.07717143689567778
27309.0,0.03651749235512095,0.8865494567681229,0.07693305087675602
27582.0,0.18256589147219854,0.6811422875066627,0.13629182102113868
27032.0,0.17784204976215437,0.6018353890486731,0.22032256118917276
26763.0,0.5127143815053594,0.48728553925547263,7.923916861657065E-8
25985.0,0.2513826318723396,0.7486172525910626,1.155365975823E-7
26535.0,0.6167152553157127,0.20967325759761807,0.17361148708666946
26292.0,0.1898831456509271,0.5276862893073574,0.2824305650417155
27507.0,0.14307319256608295,0.7275537669592825,0.12937304047463455
27232.0,0.09178596175201309,0.8583006779507313,0.04991336029725521
26694.0,0.36151308164773804,0.6384867819052441,1.3644701826392164E-7
26965.0,2.505204842138454E-7,0.05093848968636837,0.949061259793147
26352.0,0.0880807249831781,0.29494515680830846,0.6169741182085137
26595.0,0.8277077845276268,0.1722918711834897,3.4428888347310585E-7
26053.0,0.17102910494592896,0.7431946829879814,0.08577621206608962
26897.0,0.3289983703691332,0.6710015338947223,9.57361443738576E-8
26626.0,0.1857956975867411,0.8142041522194886,1.5019377015787946E-7
27172.0,0.7756553493977745,0.22434460645422968,4.4147995883033715E-8
27447.0,0.0809016365256988,0.5786032476575592,0.34049511581674197
26414.0,0.09111901321569126,0.20966667339136363,0.6992143133929454
26173.0,1.7661160561804115E-7,0.08839520072001197,0.9116046226683824
26831.0,0.8002890437000655,0.19971043775542974,5.185445045359099E-7
27100.0,5.472986385573966E-7,0.4215515413993656,0.5784479113019961
27369.0,0.09081625618428281,0.7284078663709911,0.180775877444726
26232.0,1.8755982503611433E-7,0.99999962488035,1.8755982503611433E-7
26475.0,0.48380615246696906,0.5161937277810282,1.197520027709803E-7
27308.0,0.08536016106622336,0.229046031577417,0.6855938073563594
27583.0,3.986869074301069E-7,0.4394251939798404,0.5605744073332521
27033.0,0.17961644121039247,0.7328160926971083,0.08756746609249906
26762.0,0.6932676163570205,0.271761876448016,0.034970507194963266
