26275.0,3.2282572743806186E-11,3.654190205914188E-5,0.9999634580656582
26544.0,0.0015460967453566374,0.9941062984006914,0.004347604853951991
26006.0,2.1182355411254684E-4,0.9997874577292609,7.187166264920897E-7
26946.0,0.07157289123294193,0.928427093417641,1.5349417079700273E-8
26705.0,0.9942253269003127,0.005774673099117881,5.693412520255178E-13
27255.0,0.9910504784907742,0.008940308095218858,9.213414007022132E-6
27492.0,0.9997354180913041,2.645819085882398E-4,1.0779343252183877E-13
26493.0,0.002922943406224562,0.9970768876097478,1.6898402761186353E-7
26222.0,1.9223107110175176E-21,5.086951513228005E-16,0.9999999999999994
26780.0,6.039441942720734E-10,0.025332164408137223,0.9746678349879185
27023.0,6.364563985104455E-22,1.4120009491582886E-14,0.9999999999999859
27561.0,2.747664569287554E-9,0.021787432519350756,0.9782125647329846
27322.0,2.9774610190311768E-6,8.739774215985963E-5,0.9999096247968211
26154.0,5.724159035236431E-4,0.999142774946368,2.8480915010830384E-4
26425.0,0.007206576830945928,0.992786806714385,6.6164546690818936E-6
27390.0,6.914919356267045E-8,2.0093630519981348E-4,0.9997989945456066
27083.0,0.9998872010513684,1.1279894851749418E-4,1.1405398662536526E-13
26840.0,1.2719056563556224E-5,0.9963701142237038,0.0036171667197326396
26066.0,0.15081122498894034,0.8491850763503856,3.69866067401566E-6
26612.0,6.502589895063161E-6,0.9999639886384085,2.9508771696347295E-5
26343.0,0.023378533434036206,0.9751920873860196,0.0014293791799441888
27424.0,3.603307016322174E-8,0.5341127336098115,0.46588723035711843
27187.0,0.049535631321519016,0.9504643651563115,3.522169409564133E-9
26645.0,0.3158129418351393,0.6841868504090596,2.0775580121037767E-7
26886.0,0.09504200051473585,0.8030548506927002,0.10190314879256389
26274.0,0.9986419185391741,0.001358081454018142,6.807718112875807E-12
26545.0,9.287696659199602E-20,9.369601252529476E-13,0.999999999999063
26007.0,8.104594619348204E-19,5.6989091084199E-12,0.999999999994301
26947.0,0.29955732131853124,0.7003853949398272,5.728374164145612E-5
26704.0,5.521259032325857E-28,5.188067048661849E-13,0.9999999999994813
27254.0,0.0012506182182268537,0.2631338664287933,0.7356155153529799
27493.0,3.011007630325427E-22,2.517904565091763E-13,0.9999999999997482
26492.0,1.029052425580419E-4,0.9998962073596352,8.873978066994612E-7
26223.0,2.7141350798009486E-5,0.9999498046307895,2.3054018412463885E-5
26781.0,3.999943223045754E-6,0.9998164305666938,1.7956949008304853E-4
27022.0,0.7773860161881992,0.20135809185893436,0.02125589195286638
27560.0,2.1650524125307773E-14,2.8061723370968623E-10,0.999999999719361
27323.0,9.690898017929347E-18,4.7176600996946005E-11,0.9999999999528234
26155.0,0.7496436011386168,0.24877757184317256,0.0015788270182105124
26424.0,3.204255313977913E-4,0.999679530484281,4.398432112368794E-8
27391.0,0.9923023307999843,0.007696599604340487,1.069595675154756E-6
27082.0,3.193007847566678E-7,0.37613237681765743,0.6238673038815579
26841.0,0.831970753580132,0.16802898776675917,2.586531088717319E-7
26067.0,0.05393966509854911,0.4536339078445503,0.4924264270569006
26613.0,0.02734681990482014,0.9726526746057523,5.054894275202283E-7
26342.0,4.3209151657411394E-5,0.0035146322304905257,0.996442158617852
27425.0,3.551008013086348E-29,4.2940424934143773E-16,0.9999999999999996
27186.0,9.694006138684082E-13,2.148397598990509E-8,0.9999999785150545
26644.0,0.0017238715441955466,0.9467803610866414,0.05149576736916304
26887.0,0.936394893332207,0.06360503181401944,7.485377359083997E-8
26707.0,1.8265373557692337E-26,4.97452783897745E-19,1.0
26944.0,1.4853982145606096E-4,0.9990567178640707,7.947423144733252E-4
27494.0,2.364760573105456E-6,0.999986211269966,1.1423969460873523E-5
27253.0,0.04916363915166436,0.9508305453503085,5.815498027190389E-6
26546.0,0.9618713511951024,0.03812581761207999,2.83119281766708E-6
26273.0,8.017903158636936E-7,0.0012569565671466825,0.9987422416425374
26004.0,6.9533630380498144E-15,7.795136758663884E-10,0.9999999992204793
27021.0,0.040101065477199965,0.959898666817148,2.6770565208710454E-7
26782.0,2.122684374686604E-30,1.4898004969438842E-22,1.0
27320.0,2.675182786070468E-16,2.0016659690749527E-10,0.9999999997998332
27563.0,0.9762419210733634,0.02375807872858816,1.9804846005266128E-10
26220.0,4.609393717153435E-7,0.9155413553248314,0.08445818373579683
26495.0,1.286816066558135E-13,3.828647455639447E-5,0.9999617135253149
27388.0,2.9888239713197016E-14,1.4957909241899932E-8,0.9999999850420609
26842.0,5.330856778763392E-5,0.976587948230151,0.023358743202061355
27081.0,0.8850009297630875,0.11496947625081348,2.959398609904757E-5
26427.0,2.490093521278479E-4,1.6569549310772042E-4,0.9995852951547645
26152.0,1.4103179929892002E-7,0.9919568061863757,0.008043052781824999
27185.0,1.6876119644467872E-19,5.707531857305775E-14,0.9999999999999429
27426.0,0.3341814208880417,0.6658180486974945,5.304144637137847E-7
26884.0,0.09910491941177739,0.9008949532349848,1.2735323768319759E-7
26647.0,7.840404571259364E-46,1.383461964404503E-32,1.0
26064.0,9.044455405646042E-17,4.674402811150393E-10,0.9999999995325596
26341.0,1.9803998953008267E-7,7.664659840860667E-4,0.9992333359759243
26614.0,0.9775299975822946,0.02247000210968641,3.0801885083646823E-10
26706.0,4.43240257208378E-9,4.638887531034128E-5,0.9999536066922871
26945.0,9.84631487898764E-22,5.048109027023765E-13,0.9999999999994951
27495.0,7.904115450723191E-14,0.7862332173031776,0.2137667826967432
27252.0,2.9539013746212704E-5,0.48283667876545966,0.5171337822207941
26547.0,0.6234030599181346,0.37659691256375577,2.7518109643660396E-8
26272.0,7.179474561183361E-14,2.8703003358085853E-10,0.9999999997128982
26005.0,0.021878177935830568,0.9079264467536055,0.07019537531056393
27020.0,0.9941802821886524,0.005819711080716567,6.730631004527654E-9
26783.0,0.2831427266463412,0.7168561310704155,1.1422832433274377E-6
27321.0,0.027747674011891134,0.9722523066227851,1.936532381265275E-8
27562.0,0.07958275238098278,0.9204172289199982,1.8699018903317737E-8
26221.0,0.575967399733779,0.42403257747817896,2.2788042021253276E-8
26494.0,0.002113273846599256,0.5905540305795237,0.40733269557387697
27389.0,1.0765855531374334E-14,9.765541776635656E-10,0.9999999990234352
26843.0,1.3470715738863897E-21,4.033145221559482E-10,0.9999999995966854
27080.0,0.9219603692808913,0.07803962741722749,3.3018812403004758E-9
26426.0,9.955358094482508E-6,1.8652315591362495E-5,0.9999713923263143
26153.0,0.010279208279975211,0.9874905766867447,0.002230215033280187
27184.0,0.9974749545269151,0.0025250454714994663,1.5854706256194485E-12
27427.0,8.936174319270081E-15,9.774987623934501E-7,0.9999990225012286
26885.0,4.2459772739561285E-5,0.9999470772589383,1.0462968322089327E-5
26646.0,0.9985286867944696,0.0014713131995906276,5.9397813479683054E-12
26065.0,0.010966908422834182,0.9888260008710046,2.0709070616136668E-4
26340.0,4.5290772473314427E-13,1.4753088631504975E-9,0.9999999985242383
26615.0,2.546099405186997E-7,0.6968773305292827,0.30312241486077685
25951.0,3.786623008289534E-7,9.703983932329546E-4,0.9990292229444662
26489.0,0.011706176788315243,0.9881673251567643,1.2649805492055718E-4
26218.0,4.724417553899451E-6,0.04973142867307789,0.9502638469093683
27565.0,1.588198867147304E-5,0.9999034331864369,8.06848248915886E-5
27326.0,0.7049652826079078,0.29503410927722545,6.081148666772859E-7
26776.0,1.2913237547588735E-8,7.28110600118075E-6,0.9999927059807612
27019.0,0.008569134996134199,0.9914055296770341,2.5335326831782016E-5
26002.0,4.06695614170703E-9,1.0365028234721227E-4,0.9998963456506966
26279.0,1.7406683339473232E-10,4.338910194710404E-7,0.9999995659349137
26548.0,0.11698494215190823,0.8830149787130063,7.913508550058058E-8
27251.0,0.26634247442206566,0.7336573464606571,1.7911727723737E-7
27488.0,0.03878652303755699,0.9612134742162702,2.746172870822256E-9
26950.0,0.8992411098840255,0.10075888667946671,3.4365078893854917E-9
26709.0,2.1064554885629247E-33,2.86135895006139E-26,1.0
26608.0,0.13246922516068152,0.8675294440068236,1.3308324948127691E-6
26339.0,0.00602922996762055,0.9939653254625264,5.444569853124631E-6
26070.0,0.012017126915132797,0.8277733427160072,0.16020953036885996
26641.0,1.4375324002217688E-5,0.5325385480764274,0.4674470765995704
26882.0,0.9998880674689984,1.1193253098727609E-4,1.443859623995142E-14
27428.0,0.27006597112594855,0.7299319105423214,2.118331730101184E-6
27191.0,0.9953499502784879,0.004649921060393691,1.2866111842380922E-7
26158.0,4.828590292768993E-9,2.2811696585415505E-5,0.9999771834748242
26429.0,0.2357459293657966,0.7642479980215495,6.072612653766332E-6
27087.0,1.3110725371043207E-4,0.9994585511433309,4.1034160295876543E-4
26844.0,0.9535359866568888,0.04646401079378269,2.5493284388863374E-9
27386.0,0.9460993200725256,0.053900666950612734,1.2976861664018932E-8
25950.0,0.4058500345604724,0.5941499167215109,4.8718016694860347E-8
26488.0,1.3812569561496736E-4,0.019201163650900438,0.9806607106534846
26219.0,2.14031777330478E-6,0.21957010764933296,0.7804277520328937
27564.0,0.9464422971694785,0.053557699039020544,3.791500839319619E-9
27327.0,0.22767457589205506,0.7723236879179715,1.736189973581765E-6
26777.0,0.026645825031732438,0.5084605400574977,0.4648936349107698
27018.0,7.286857608027156E-14,1.7123866155937542E-9,0.9999999982875406
26003.0,0.00713488726058405,0.9928618939048462,3.2188345696837423E-6
26278.0,3.3144548854597834E-6,0.20775911432473584,0.7922375712203786
26549.0,0.9289281522773021,0.07107184655941005,1.1632878254458091E-9
27250.0,8.618384809623263E-5,0.709698347770687,0.29021546838121676
27489.0,0.005169921400423999,0.9948295564495887,5.221499870963078E-7
26951.0,0.007890132392804379,0.991941753530639,1.6811407655668045E-4
26708.0,0.0507353725252631,0.012487122364581445,0.9367775051101555
26609.0,0.8176517860498027,0.18234817129947942,4.265071779501948E-8
26338.0,0.9848898153995366,0.015110184587694971,1.2768439362634207E-11
26071.0,1.1694252899374403E-6,0.28156913533499844,0.7184296952397117
26640.0,6.35545715329494E-9,0.011398872631414463,0.9886011210131284
26883.0,3.8418404493985267E-7,0.7306331212779905,0.2693664945379644
27429.0,0.8923965705600796,0.10750334828707724,1.0008115284311286E-4
27190.0,0.012995253095394215,0.9784108967850533,0.008593850119552514
26159.0,1.2620868668826328E-9,6.011752996681629E-8,0.9999999386203832
26428.0,1.5791915093164811E-18,1.5206418638380174E-10,0.9999999998479357
27086.0,0.4975744479758723,0.05430074853664342,0.44812480348748424
26845.0,7.682685363742896E-18,6.530917712349588E-11,0.9999999999346909
27387.0,6.026468094677286E-15,1.6834136374468093E-6,0.9999983165863565
27324.0,0.35187454212602615,0.6481227462278798,2.7116460940998175E-6
27567.0,0.017891714955680506,0.9820912278632707,1.7057181048758643E-5
27017.0,0.9897771048817623,0.010222892838067111,2.280170555643877E-9
26778.0,0.9977050997632481,0.0022949002211292207,1.562273397241303E-11
25949.0,0.6949372309437446,0.3050341879917438,2.858106451184393E-5
26216.0,0.630674526177581,0.36932547262810805,1.1943110225182471E-9
26491.0,2.0972880781366273E-4,0.9969105826801267,0.0028796885120597735
27490.0,3.616956944916778E-30,3.2170731744427934E-22,1.0
27249.0,7.0201926368515375E-15,7.101105482870944E-12,0.9999999999928918
26711.0,0.86665738156601,0.13334261476707449,3.6669155307248287E-9
26948.0,4.8381027770364726E-8,2.0986123339544985E-8,0.9999999306328489
26000.0,2.769496806624531E-8,7.548048494964248E-4,0.9992451674555356
26550.0,0.08982938474571107,0.9101681187806364,2.4964736524196814E-6
26277.0,0.9973238392689118,0.002676160681680928,4.94073068171947E-11
26880.0,0.28659418290605293,0.713382427182272,2.338991167513077E-5
26643.0,0.0010516788874114283,0.1926408633618314,0.8063074577507572
27189.0,0.09664141010761959,0.903358200309641,3.895827393846357E-7
27430.0,3.3147485442761554E-21,1.0830862138845823E-15,0.9999999999999989
26337.0,0.04631445513344555,0.9536855170104396,2.78561148164115E-8
26610.0,0.9998378213028577,1.6217869713213917E-4,1.0078851835589942E-14
26068.0,0.8406747026535466,0.1593252829579956,1.4388457834624118E-8
26846.0,8.737639138182132E-6,0.9571976411904846,0.04279362117037733
27085.0,7.378672131410079E-10,5.481147561463707E-6,0.9999945181145713
27384.0,0.9996580558839834,3.4194411585422563E-4,1.624359388939777E-13
26431.0,4.062635777863731E-17,1.5382547147982158E-10,0.9999999998461745
26156.0,0.9991797216424614,8.202783560621542E-4,1.476413985445165E-12
27325.0,1.0810773360612102E-16,1.6621247127959738E-12,0.9999999999983378
27566.0,1.0263639759366172E-36,3.233810528371951E-22,1.0
27016.0,1.7112931968780298E-6,0.020367210510763938,0.9796310781960392
26779.0,1.1931358431340148E-5,0.9621363125111344,0.03785175613043424
26217.0,0.6560093230011025,0.34399049084295896,1.8615593867221022E-7
26490.0,4.549906727457176E-14,1.660975240792796E-6,0.9999983390247138
27491.0,1.1171708246356136E-20,2.1454465982644317E-12,0.9999999999978546
27248.0,0.00776731064080247,0.3582510856201765,0.6339816037390211
26710.0,0.9996669736119693,3.330263869187022E-4,1.112004783976127E-12
26949.0,0.0028687301541991156,0.9971312623870533,7.458747526934139E-9
26001.0,2.1308638843047536E-13,9.500673907580403E-8,0.9999999049930478
26551.0,3.6897450465449547E-14,4.321998978644983E-9,0.999999995677964
26276.0,4.228134949844336E-7,1.8645923768852508E-5,0.9999809312627361
26881.0,7.246256526078529E-4,0.9992751578788588,2.1646853331184837E-7
26642.0,0.8810082084405334,0.1143658737617303,0.0046259177977363815
27188.0,0.02875793960584568,0.9712398943353417,2.1660588125091096E-6
27431.0,1.189551094699535E-4,0.9998607822811916,2.0262609338444716E-5
26336.0,2.049714043289868E-18,1.3159172212123303E-11,0.9999999999868409
26611.0,2.1663197701342297E-10,2.8703982303436E-9,0.9999999969129698
26069.0,0.9053090045107456,0.09469051070230079,4.84786953487028E-7
26847.0,6.273551048927199E-25,1.0041201953246176E-17,1.0
27084.0,0.014949811144396698,0.9005042227141796,0.08454596614142357
27385.0,0.0010566961868868673,0.9892630098033025,0.009680294009810601
26430.0,0.029369195755182313,0.9703832098807145,2.475943641032423E-4
26157.0,2.0015316718036143E-5,0.0016010045035156398,0.9983789801797663
26146.0,0.008560127121204736,0.9914257938814334,1.4078997362037488E-5
26417.0,0.16723904357351105,0.8327600750568606,8.813696282942654E-7
27382.0,1.9497393046853887E-24,9.700833822525626E-17,0.9999999999999999
27075.0,4.199391894133255E-23,9.603967125600657E-14,0.999999999999904
26832.0,0.061934125196472886,0.09382037559441006,0.8442454992091171
26074.0,4.4071205365142613E-4,0.9473055713463229,0.052253716600025646
26620.0,0.3070318562666625,0.692946571030625,2.157270271255716E-5
26351.0,4.744540713534108E-12,9.312913996280356E-10,0.9999999990639641
27432.0,9.248684236572267E-18,1.3542139737609963E-12,0.9999999999986457
27195.0,0.14163405795374934,0.8583556219936739,1.0320052576741117E-5
26653.0,3.777289704947629E-21,8.211262094573895E-14,0.9999999999999178
26894.0,3.3014158845537316E-8,1.7221032156295849E-6,0.9999982448826255
26283.0,3.2569416975697394E-6,0.11281699642897362,0.8871797466293287
26552.0,0.18530877285656977,0.7950645308916489,0.019626696251781393
26014.0,0.00631499224679252,0.9936519317478196,3.3076005387895886E-5
26954.0,8.624678254853213E-8,2.578329732593898E-5,0.9999741304558915
26713.0,0.004140420367174748,0.9958572650264885,2.3146063367479326E-6
27263.0,5.938466921939979E-10,7.352759555846949E-5,0.9999264718105949
27500.0,0.7103860827383117,0.2896138881628985,2.9098789682135594E-8
26485.0,3.7371451431480665E-9,1.72962968338992E-8,0.999999978966558
26214.0,0.05035282005779954,0.7934454444327809,0.15620173550941954
26772.0,4.125453006497439E-21,1.9039771500695697E-14,0.9999999999999809
27015.0,8.917460237225859E-4,0.9081548222347217,0.09095343174155572
27553.0,1.670243463826503E-8,7.284936394218328E-5,0.9999271339336232
27314.0,0.7819025544652065,0.21809742939423782,1.614055569302133E-8
26147.0,4.2843328591006735E-15,1.892425861691824E-9,0.9999999981075699
26416.0,3.1469964741838084E-14,3.0177549973271686E-8,0.9999999698224185
27383.0,3.264538776826532E-34,1.637245700849068E-29,1.0
27074.0,4.8026141036647876E-24,8.440144333630252E-15,0.9999999999999917
26833.0,0.10525697751345656,0.8944904499696202,2.525725169231705E-4
26075.0,2.1055501265383383E-8,0.04204220980465216,0.9579577691398465
26621.0,0.026431507773931766,0.9735684129052562,7.932081209353124E-8
26350.0,0.9779064389052254,0.022093561048982642,4.579190650871669E-11
27433.0,0.2112457505169811,0.7887522742503486,1.975232670290649E-6
27194.0,0.002361535721171578,0.988588212447435,0.009050251831393488
26652.0,0.013920778579306861,0.9848831344200442,0.001196087000648994
26895.0,1.2523718898179025E-6,0.25860478766780853,0.7413939599603016
26282.0,4.691997686013814E-10,1.6495659426755875E-6,0.9999983499648575
26553.0,0.2843630378860609,0.7156368320390377,1.3007490136610857E-7
26015.0,0.8254508356065682,0.1745490086683803,1.557250515677815E-7
26955.0,0.3029729002580439,0.6970263757309675,7.240109886118115E-7
26712.0,0.02605236123283833,0.9714360463999244,0.0025115923672372584
27262.0,5.875025798384796E-20,2.701937696644249E-12,0.999999999997298
27501.0,0.9917432379470549,0.008256761403992093,6.489530135715996E-10
26484.0,0.6343999804209515,0.3655667113733904,3.330820565818653E-5
26215.0,0.65973434992483,0.34026563252056047,1.7554609412622328E-8
26773.0,0.9915750713960575,0.008424928603083729,8.587878701341647E-13
27014.0,5.116605544960055E-4,0.9050510773755339,0.09443726206997005
27552.0,0.004094989235331805,0.9959018199707115,3.1907939566837027E-6
27315.0,0.4462394899702999,0.5537601665611217,3.4346857843159925E-7
27380.0,1.706323226138974E-11,0.0022595891515231736,0.9977404108314136
26834.0,3.7166598417614795E-6,0.23480067730166101,0.7651956060384972
27073.0,6.93589878115241E-4,0.9991071408505308,1.9926927135399984E-4
26419.0,0.999122482649644,8.775173484993833E-4,1.8566994767573695E-12
26144.0,0.13586693934748545,0.8641124373745389,2.0623277975692817E-5
27193.0,0.9996514900997671,3.4850990004509135E-4,1.8768328371872984E-13
27434.0,0.004197592965915252,0.9957682182995111,3.418873457360299E-5
26892.0,0.940644037748898,0.059355814547813995,1.4770328794882822E-7
26655.0,0.0033841022373337915,0.9964570151634475,1.5888259921870794E-4
26072.0,5.417924153565329E-38,3.9999207258054634E-23,1.0
26349.0,4.3940112350730955E-7,0.9998085387328993,1.9102186597724598E-4
26622.0,0.12729889715899942,0.8727009373221541,1.6551884647895148E-7
26715.0,0.0037152365460030837,0.996284754026749,9.427248043362826E-9
26952.0,0.0470579051467492,0.7562170079845797,0.19672508686867118
27502.0,0.9948872617099176,0.005112738221654656,6.842775802682407E-11
27261.0,9.584288996734759E-8,0.9816456803034872,0.01835422385362285
26554.0,8.096058404669522E-6,0.19586657731283744,0.8041253266287579
26281.0,0.0014659188153070951,5.62271726785182E-4,0.9979718094579078
26012.0,4.978109581724167E-7,0.6466493600034594,0.35335014218558236
27013.0,0.9279549137887089,0.07204508575330981,4.579813589485202E-10
26774.0,0.1721241356922885,0.8247178649425275,0.003157999365184009
27312.0,1.4039528799798633E-7,0.03586290039334662,0.9641369592113654
27555.0,7.5755558766978785E-6,4.791842849076975E-4,0.9995132401592155
26212.0,1.7046836182022656E-27,1.7954899622598536E-18,1.0
26487.0,0.9512358632961859,0.04876413221019505,4.493619030550002E-9
27381.0,3.991676690606522E-15,4.4488907741010747E-10,0.999999999555107
26835.0,3.0735292451843364E-8,4.7023499526934777E-4,0.9995297342694381
27072.0,2.5585886181750644E-8,0.9937405115049551,0.0062594629091586185
26418.0,0.9993164959338016,6.835040655145794E-4,6.839544123576002E-13
26145.0,7.567982777348689E-26,6.088133634452677E-17,1.0
27192.0,0.4679527832100768,0.5320469902529533,2.2653696998489204E-7
27435.0,2.0145624320820972E-6,0.03032769986261698,0.9696702855749509
26893.0,0.9999431760553262,5.682394466979253E-5,3.941893254623529E-15
26654.0,3.735362265283622E-5,0.9967009233574352,0.0032617230199120393
26073.0,1.1127958221479075E-21,6.884286270715009E-11,0.9999999999311572
26348.0,8.05563983816399E-5,0.7932733309724463,0.20664611262917212
26623.0,7.643264914765583E-10,6.807286624488645E-7,0.999999318507011
26714.0,0.42306668690405586,0.5769327129174839,6.001784602808409E-7
26953.0,8.396868824441612E-4,7.027685109429277E-4,0.998457544606613
27503.0,0.051739838220975276,0.9482566185594724,3.5432195524147742E-6
27260.0,0.9976775201313237,0.0023224657054914956,1.4163184802627988E-8
26555.0,4.023044296041966E-4,0.9993942532541428,2.0344231625309337E-4
26280.0,0.04742831752148348,0.9524449140158687,1.2676846264781538E-4
26013.0,1.433189696385106E-16,1.7925835620261673E-12,0.9999999999982072
27012.0,2.1193341192430654E-18,2.2701264887300486E-11,0.9999999999772987
26775.0,6.692882270330443E-9,1.5076584145091335E-5,0.9999849167229726
27313.0,0.00726533692707304,0.5222263515593466,0.47050831151358036
27554.0,1.0225326030994038E-4,0.9998977137696723,3.297001782596669E-8
26213.0,2.2154957557734752E-11,8.74228906768135E-9,0.999999991235556
26486.0,1.4418269140060753E-6,1.1771628210526845E-4,0.9998808418909808
26616.0,0.04131572991540665,0.9586841800155215,9.006907201624115E-8
26347.0,0.06983320024622654,0.9301655364629917,1.26329078169517E-6
26078.0,2.1415489152852802E-20,2.049130324365852E-13,0.9999999999997952
26649.0,3.348455246552868E-7,3.0281263068151E-5,0.9999693838914072
26890.0,5.816806673904922E-4,0.702266307505117,0.2971520118274925
27436.0,1.0962799144596138E-21,3.9930528657620975E-13,0.9999999999996008
27199.0,1.4956929028938109E-16,4.453414339154623E-8,0.9999999554658565
26150.0,4.934639182941314E-30,9.296487371425874E-20,1.0
26421.0,0.04842955819379989,0.9515642696909563,6.172115243821428E-6
27079.0,0.0013838466967621276,0.998016365190679,5.997881125588208E-4
26836.0,0.01742188724500662,0.982577853679495,2.590754982129809E-7
27378.0,0.9190786116740394,0.08067392629035212,2.474620356084861E-4
26481.0,1.0037870602934776E-19,1.0817967805328708E-12,0.9999999999989183
26210.0,7.57906950916039E-26,8.853635661494298E-14,0.9999999999999115
27557.0,5.114874541111566E-29,4.697101033245871E-18,1.0
27318.0,0.0026976829130789717,0.9972977492539715,4.567832949430303E-6
26768.0,4.4399557509249405E-8,3.646011588402711E-4,0.9996353544416022
27011.0,2.598789359600228E-13,2.548913504475747E-7,0.9999997451083896
26010.0,5.377452586154665E-8,0.9468159900313143,0.05318395619415987
26287.0,0.9778664720499706,0.022133523153007973,4.797021639103235E-9
26556.0,5.337871619026786E-4,0.7707789150595248,0.22868729777857244
27259.0,0.05403404396649212,0.9458015425571563,1.6441347635161495E-4
27496.0,0.24838705168560668,0.7513538626527799,2.5908566161343894E-4
26958.0,4.23504907064943E-29,6.7567383428720494E-21,1.0
26717.0,0.2689915849888336,0.7309960293846113,1.2385626555071717E-5
26617.0,1.014175865896244E-12,3.6255263228809554E-7,0.9999996374463535
26346.0,0.7713457525725835,0.2286539655261025,2.8190131397362245E-7
26079.0,1.7584250014781806E-5,0.987380390194439,0.012602025555546268
26648.0,3.458072251384296E-15,2.929161639508437E-11,0.999999999970705
26891.0,0.930922789937104,0.06907706509267869,1.4497021727846833E-7
27437.0,1.8016336335561877E-14,1.007972300109528E-9,0.9999999989920096
27198.0,3.4754627098442063E-29,1.6084282434200578E-22,1.0
26151.0,0.952423141571177,0.047576858420023724,8.799341179430355E-12
26420.0,3.1385797751597995E-5,0.9995856786252894,3.8293557695917227E-4
27078.0,3.1719280386456353E-21,2.9934449301684626E-12,0.9999999999970066
26837.0,2.1483778408744775E-4,0.7922325498301488,0.20755261238576372
27379.0,0.6200968797969169,0.37981835473665665,8.47654664265457E-5
26480.0,7.24619228135804E-5,0.0034297137000195476,0.9964978243771669
26211.0,0.9547468056949548,0.04519869622221798,5.449808282724923E-5
27556.0,5.697500487003609E-20,1.1451587860400732E-9,0.9999999988548411
27319.0,5.554102638136611E-19,2.242528305555836E-12,0.9999999999977575
26769.0,0.2448056570035941,0.7551495998764811,4.474311992471995E-5
27010.0,5.408273628245303E-4,0.9994567878789574,2.384758217968746E-6
26011.0,0.9773809860421598,0.022618907190069034,1.0676777121885478E-7
26286.0,0.32507836171749344,0.6748807203727671,4.091790973945768E-5
26557.0,1.0532377076729969E-8,2.7487805377582053E-6,0.9999972406870851
27258.0,3.946926309061425E-23,9.76335516174112E-16,0.999999999999999
27497.0,1.3893415090077435E-16,8.112980946553806E-9,0.999999991887019
26959.0,0.002612186542172421,0.9973875731792956,2.402785321173687E-7
26716.0,0.003928479054973214,0.9960714241521039,9.679292290776219E-8
26888.0,0.156756070310269,0.843243618905348,3.1078438294914906E-7
26651.0,7.583822616258189E-23,8.855908817115355E-14,0.9999999999999114
27197.0,0.0027864041076105035,0.8292702264336588,0.16794336945873073
27438.0,1.2141050582547492E-13,5.997497420692418E-8,0.9999999400249043
26345.0,0.012588764028223122,0.987238296234857,1.7293973691991972E-4
26618.0,0.1572944647198973,0.8426791237396436,2.6411540459115912E-5
26076.0,4.714637693124465E-19,1.2397136295201777E-11,0.9999999999876029
26838.0,0.0010933147511346273,0.10035205083675967,0.8985546344121058
27077.0,0.0017807960892400323,0.9969300180928572,0.001289185817902779
27376.0,1.2841818878483019E-11,9.976292857958472E-7,0.9999990023578724
26423.0,1.4281546771080895E-26,7.052716628912195E-20,1.0
26148.0,0.0030448487589251794,0.9967311734824232,2.2397775865157024E-4
27316.0,6.727570377697034E-19,1.7657566206174254E-13,0.9999999999998234
27559.0,3.134206887983569E-8,0.12092401106993246,0.8790759575879986
27009.0,2.383094342403225E-11,4.080566669144898E-5,0.9999591943094776
26770.0,0.12968460519332298,0.8703147687194911,6.260871858289425E-7
26208.0,2.4092949359145313E-7,0.9989607335820201,0.001039025488486365
26483.0,1.319139193509264E-9,1.847199518821979E-8,0.9999999802088657
27498.0,0.7986863360560748,0.2012946068648739,1.9057079051342577E-5
27257.0,1.8887132735203107E-7,0.10165589542416975,0.8983439157045029
26719.0,0.9907551186038113,0.00924488010113511,1.295053707253843E-9
26956.0,0.8809883106858435,0.11764977002402696,0.0013619192901295225
26008.0,0.5332272436290492,0.4667132253348448,5.953103610618499E-5
26558.0,1.0348315717977313E-5,0.7571211453478417,0.24286850633644042
26285.0,0.014561587122581262,0.9843318177429018,0.001106595134517036
26889.0,1.1868334533534384E-10,1.461226786038478E-4,0.9998538772027128
26650.0,0.04526338146841315,0.9547353974562821,1.2210753046904846E-6
27196.0,0.9275675149599388,0.07243248225645889,2.7836021562685013E-9
27439.0,2.9994146368596916E-13,1.9819145663009103E-6,0.9999980180851338
26344.0,5.951245137156159E-10,0.005532479948204371,0.9944675194566712
26619.0,0.2756599377015749,0.7243399846119113,7.768651390846656E-8
26077.0,0.3166300931435795,0.6833698678212212,3.903519920522936E-8
26839.0,3.24326877802794E-27,1.7339435892879826E-17,1.0
27076.0,1.1476215288715691E-35,2.776057903741494E-23,1.0
27377.0,0.9928632812820949,0.007136718717559861,3.452446101777754E-13
26422.0,2.1766306801431644E-24,2.045076807711364E-16,0.9999999999999998
26149.0,8.99653394873999E-15,2.8560875640119383E-13,0.9999999999997053
27317.0,2.932483980750974E-20,9.904632893138323E-14,0.999999999999901
27558.0,0.2728341166181862,0.7271640899991264,1.7933826875345841E-6
27008.0,0.9953643613114785,0.004635638527153063,1.6136837008232912E-10
26771.0,0.7118251104293859,0.2881747975161729,9.205444115262403E-8
26209.0,0.02460755096964622,0.970011102960727,0.005381346069626798
26482.0,9.194862739408752E-5,0.056538893815833796,0.9433691575567722
27499.0,0.7818611683642873,0.2180738806359608,6.495099975184206E-5
27256.0,0.9728427361693259,0.027157263829105913,1.5680874162823051E-12
26718.0,0.998202808581209,0.0017971909688834081,4.4990752575326064E-10
26957.0,4.003135367444021E-5,0.9392430416120299,0.060716927034295806
26009.0,1.24801572380407E-4,0.9998738628221799,1.3356054397054026E-6
26559.0,0.05833989012395307,0.42132932232079295,0.520330787555254
26284.0,0.9960983528576974,0.0039016469909334056,1.5136907292274538E-10
26963.0,0.003509780557448657,0.9964739086241862,1.631081836531265E-5
26688.0,2.1188287824414124E-10,1.15336936496112E-7,0.9999998844511806
27238.0,2.344459964174701E-8,1.5437923060071678E-4,0.9998455973247996
27509.0,0.21557592616744733,0.7843920921996304,3.198163292225574E-5
26290.0,0.4495509559748178,0.5504490439784124,4.676957782702512E-11
26529.0,0.029084029087655987,0.7415449423469859,0.2293710285653582
25991.0,4.1335870733329684E-12,1.7702629153026372E-8,0.9999999822932373
26765.0,4.773472233963933E-4,0.999522614228043,3.8548560470958824E-8
27038.0,7.406208995956874E-8,7.871927966439331E-6,0.9999920540099435
27576.0,1.1292070728387323E-23,1.8451537514219172E-13,0.9999999999998155
27307.0,0.7610533210038639,0.23894667756871815,1.4274178780754554E-9
26476.0,0.9974857821935731,0.002514216377249523,1.4291774014268587E-9
26239.0,5.095006797705763E-19,1.998599205824709E-12,0.9999999999980014
27375.0,0.01669881054053297,0.9832987582089623,2.4312505047512233E-6
27098.0,0.9706194540963785,0.029380544327828006,1.5757933826851517E-9
26825.0,0.882344606355165,0.11765539017139821,3.473436759810316E-9
26171.0,1.1803011625656395E-19,1.354227421663242E-12,0.9999999999986459
26408.0,0.7377060280897132,0.25676044601799214,0.005533525892294639
27441.0,0.07283570514878597,0.9270623834336326,1.0191141758139558E-4
27170.0,0.8799925673302064,0.1200071044703004,3.28199493148212E-7
26628.0,1.8480948533276965E-15,3.9251807762543566E-4,0.9996074819223727
26903.0,2.660673216478484E-8,0.8824633903674723,0.11753658302579538
26051.0,4.058951261210273E-4,0.34107042670591775,0.6585236781679612
26597.0,1.6599568424401262E-5,0.9999830380479608,3.623836146121314E-7
26358.0,1.197360428879403E-15,2.75865219447654E-6,0.9999972413478042
26962.0,5.738445348761983E-8,0.008318239102565714,0.9916817035129809
26689.0,0.004938590009968235,0.9950475673733716,1.3842616660098147E-5
27239.0,0.33988936219036336,0.6601106118938415,2.5915795044103192E-8
27508.0,1.257854806298913E-6,0.9999888054046688,9.936740524944404E-6
26291.0,0.6447215891498913,0.3545259812675667,7.524295825419411E-4
26528.0,1.103627666524044E-18,6.144955108947688E-10,0.9999999993855044
25990.0,0.8826069816997181,0.1173930040564667,1.4243815349632637E-8
26764.0,1.5622687266478953E-4,0.9997256942746898,1.1807885264533799E-4
27039.0,1.737058858954323E-10,4.84890212696877E-7,0.9999995149360814
27577.0,1.2784717725658843E-6,0.05545947856824594,0.9445392429599816
27306.0,9.189484446062566E-15,6.443970041776652E-7,0.9999993556029867
26477.0,5.596776669938598E-4,0.9989058255010358,5.344968319704223E-4
26238.0,1.2026599225158462E-11,3.474894746549365E-5,0.9999652510405079
27374.0,7.254996866156072E-30,5.238528869098322E-21,1.0
27099.0,1.1562115732626006E-4,0.9998822425761758,2.1362664980845695E-6
26824.0,3.1471120341169856E-6,0.03150269472416835,0.9684941581637976
26170.0,0.9999257533383242,7.424666166521002E-5,1.0447017907948103E-14
26409.0,8.680883936926318E-5,0.9983977357620056,0.0015154553986252018
27440.0,8.524672961072169E-8,0.012424616703763948,0.9875752980495065
27171.0,0.7123162563318496,0.28768363972321925,1.0394493119304665E-7
26629.0,0.029027586271979874,0.9708782397024598,9.417402556030234E-5
26902.0,7.297721939511411E-10,3.454952259244884E-5,0.9999654497476353
26050.0,3.9503131683643575E-19,2.5084240902985025E-15,0.9999999999999976
26596.0,1.2127736229699075E-5,0.8757992338832336,0.12418863838053669
26359.0,0.004320955554124444,0.9956665882289383,1.2456216937201935E-5
26531.0,0.1384903518912382,0.861509079606372,5.685023897771628E-7
26288.0,1.0477880340281682E-18,1.6322443098794252E-13,0.9999999999998368
25989.0,1.4568961338008758E-20,1.7594978215369094E-14,0.9999999999999823
26690.0,1.262670066540882E-4,0.9826741925332377,0.017199540460108062
26961.0,0.8816985266172775,0.11819263857518322,1.088348075392944E-4
27511.0,6.145686145079205E-7,0.9685147716090821,0.03148461382230343
27236.0,2.348222977373568E-5,0.9987719592970727,0.0012045584731536526
26237.0,0.011997914483363036,0.9880016711916053,4.143250316931839E-7
26478.0,0.001577216857917263,0.9983146389833719,1.0814415871075168E-4
27036.0,0.9919228655003248,0.008077133977033277,5.226420100993036E-10
26767.0,2.0614442736652415E-8,4.199339140398392E-6,0.9999957800464169
27305.0,8.814240040362988E-17,1.3889628726485733E-6,0.9999986110371272
27578.0,0.8779739989282374,0.12202599857743907,2.4943235282480273E-9
26410.0,1.4443378746319854E-19,5.820304021550958E-12,0.9999999999941797
26169.0,0.13129832386166837,0.8687016044503809,7.16879506882035E-8
27373.0,0.9268856316863703,0.07311436829018186,2.3447829046924545E-11
26827.0,0.09913625311171886,0.9008614875584359,2.2593298453572343E-6
27096.0,0.9972009349738672,0.0027990643762105605,6.499222156510942E-10
26049.0,9.834473096946647E-24,1.2394335413303606E-14,0.9999999999999877
26356.0,1.18015641526709E-11,3.784018416626626E-9,0.99999999620418
26599.0,2.551917556870182E-26,1.8418307455324462E-18,1.0
27168.0,0.018499875802503427,0.10605540220763764,0.875444721989859
27443.0,7.121696502625037E-18,3.0367835346731373E-10,0.9999999996963216
26901.0,1.469109254786291E-24,2.912690888484236E-18,1.0
26630.0,4.400103234687108E-21,6.276650093880062E-13,0.9999999999993724
26530.0,0.9940968242931114,0.005903175700943494,5.945125034226636E-12
26289.0,3.940467543511314E-15,1.9459908519754542E-7,0.9999998054009108
25988.0,0.05789043141949427,0.9421091156040211,4.529764845728942E-7
26691.0,1.9308403457873763E-35,1.3716337016186418E-21,1.0
26960.0,0.11919968480261141,0.8807947759389517,5.5392584369545545E-6
27510.0,0.09753191624192915,0.9024680008724726,8.288559834707764E-8
27237.0,1.3749610827410546E-17,6.193929057215923E-11,0.9999999999380607
26236.0,0.0014133623544229051,0.9791683354842625,0.019418302161314665
26479.0,1.3543262752225937E-6,2.6344692973418496E-4,0.9997351987439905
27037.0,1.8428110787208687E-4,0.5297348503673551,0.4700808685247729
26766.0,4.652880683018718E-6,0.0010008552282446078,0.9989944918910724
27304.0,3.5128696987612783E-6,0.909096187004342,0.09090030012595922
27579.0,0.9066901252337324,0.09330981501418817,5.975207953257518E-8
26411.0,0.9149419689631676,0.08503062673627969,2.7404300552757196E-5
26168.0,0.9011744433774117,0.09882549998525636,5.6637331920412036E-8
27372.0,3.6862816285675096E-11,5.760493999245415E-7,0.9999994239137372
26826.0,0.007449580272629967,0.9925326424676629,1.7777259707109746E-5
27097.0,0.9717833997081583,0.02821659981522411,4.766175711357059E-10
26048.0,7.826236326908481E-6,0.031792659375466284,0.9681995143882068
26357.0,0.02799648411329767,0.9720034719054754,4.3981226878462655E-8
26598.0,0.7736802067976846,0.22631951724839444,2.759539208922772E-7
27169.0,4.062801031684056E-8,0.04283456575600412,0.9571653936159855
27442.0,1.1761527634589792E-35,1.0435332892033257E-24,1.0
26900.0,0.0031517409585969406,0.996847356148953,9.028924499460806E-7
26631.0,0.660361217524324,0.317511831025978,0.02212695144969808
27580.0,0.7405736547709929,0.2594024340518566,2.3911177150558368E-5
27311.0,0.9995780253740316,4.219746255988935E-4,3.6938578810493873E-13
26761.0,0.9995189823425594,4.810176569737764E-4,4.667767368891755E-13
27034.0,0.016145580691479942,0.9837726064489623,8.181285955771314E-5
26472.0,0.0024989885739291335,0.9974829473862323,1.8064039838443327E-5
26235.0,0.028625604265751402,0.9713732778131193,1.1179211292958695E-6
27234.0,4.735920571558594E-6,0.3167451997481358,0.6832500643312927
27505.0,0.6811452739341559,0.3188546230095858,1.0305625834025421E-7
26967.0,9.24606592455638E-24,2.1008669980310555E-14,0.999999999999979
26692.0,0.007679752520663327,0.9923174929187012,2.7545606352990673E-6
25987.0,1.2766285608371456E-4,0.9998695998922495,2.7372516667546414E-6
26294.0,2.1418054605540407E-9,0.9976203899899775,0.0023796078682170314
26533.0,0.9269281448030411,0.07307185190559783,3.2913610984944106E-9
26624.0,0.5474361013089848,0.4525638921337792,6.557236141737321E-9
26899.0,1.0400938200156375E-6,0.9971925462048945,0.002806413701285483
27445.0,6.794803175138065E-11,5.768369382183411E-7,0.9999994230951137
27174.0,0.13870099713166395,0.8612987695198457,2.3334849042433165E-7
26593.0,0.9968404765946032,0.003159523368122184,3.7274562197243797E-11
26354.0,0.16792705617183587,0.8320728790165139,6.481165015146245E-8
26055.0,0.008469479983532972,0.825394459108261,0.1661360609082061
27102.0,0.1273909514793032,0.8317256771956221,0.04088337132507458
26829.0,0.958077798266314,0.04192220025586386,1.4778221368365344E-9
27371.0,3.7627012042791E-11,1.515756839786204E-8,0.9999999848048047
26175.0,0.9998954313806787,1.0456861931680484E-4,4.379511319956136E-15
26412.0,0.9699908042104762,0.030009192642295186,3.1472286745142035E-9
27581.0,0.002516581300478944,0.9974823678261774,1.050873343635305E-6
27310.0,3.770140799615986E-4,0.9996029262865267,2.0059633511628E-5
26760.0,0.9191307196768126,0.08086926057953628,1.974365112865134E-8
27035.0,0.0022465356133228058,0.9976321336895511,1.213306971262583E-4
26473.0,8.276583413699554E-19,5.636206537983968E-13,0.9999999999994365
26234.0,2.454378812705907E-23,5.299252394621066E-18,1.0
27235.0,0.0014535394633457084,0.942673050401413,0.05587341013524112
27504.0,0.0010368450956624862,0.9989622832314455,8.716728921031187E-7
26966.0,0.975180748377175,0.024819236774017556,1.4848807254511542E-8
26693.0,5.972345592948677E-10,8.513539444260821E-7,0.999999148048821
25986.0,5.377761911758787E-19,2.310009416073303E-5,0.9999768999058393
26295.0,6.968924188503572E-4,0.9992952261353937,7.881445755925545E-6
26532.0,0.784928361827274,0.21507163794746048,2.252653844786642E-10
26625.0,1.064093380024693E-28,1.8828317099697156E-17,1.0
26898.0,0.9400343044598272,0.05996569553660631,3.566460433223054E-12
27444.0,0.9963572765401281,0.00364272344205679,1.7815206573105626E-11
27175.0,5.055618506951016E-5,0.9993261872783484,6.232565365820578E-4
26592.0,6.362139925462965E-5,0.03746669548555394,0.9624696831151913
26355.0,6.499339030436737E-6,0.9982541829191274,0.0017393177418421595
26054.0,0.2148931734429723,0.7611921714056842,0.02391465515134365
27103.0,0.1250842999785259,0.874915680152801,1.9868673147766147E-8
26828.0,1.1681174851984887E-21,1.2249704203981703E-12,0.9999999999987751
27370.0,0.00133914535598072,0.024947680614219703,0.9737131740297995
26174.0,0.9780332361296337,0.021966763862477486,7.888807910542139E-12
26413.0,1.9680494175293368E-33,4.054874275846615E-20,1.0
26233.0,2.1496723628587807E-9,0.9847011363747687,0.015298861475558779
26474.0,0.18787644319525784,0.8121230781683375,4.786364046619414E-7
27309.0,5.83804183853271E-6,0.9478663944050314,0.05212776755313013
27582.0,2.387987562639541E-6,0.38013390376277373,0.6198637082496636
27032.0,2.198268849555824E-4,0.9997724942759442,7.678839100363946E-6
26763.0,0.5263855381731605,0.47361178535143744,2.676475402016796E-6
25985.0,0.2674319627344767,0.7325665503898731,1.4868756501146964E-6
26535.0,0.18031351420132477,0.15554259073506477,0.6641438950636104
26292.0,9.045826158245192E-8,5.646875192544894E-4,0.999435222022484
27507.0,3.1016836670197725E-12,0.001159047448505684,0.9988409525483927
27232.0,0.03125757015754405,0.9687413633877505,1.0664547054815994E-6
26694.0,0.9012198445432511,0.09878015067826798,4.778480878230525E-9
26965.0,1.0446396071869012E-24,4.933721585343219E-14,0.9999999999999507
26352.0,9.331544462575845E-9,1.217816641658364E-6,0.9999987728518138
26595.0,0.9981373976047598,0.001862602357916779,3.732333899175564E-11
26053.0,0.01759640138214656,0.2065662677109948,0.7758373309068586
26897.0,0.3110745295497969,0.6889254491433079,2.1306895265070318E-8
26626.0,0.0011503574695441963,0.9988494912503679,1.5128008774375302E-7
27172.0,0.06600441418113316,0.9339954666181325,1.1920073430890525E-7
27447.0,1.4196290852856541E-6,0.0010348959414142448,0.9989636844295005
