3067.0,0.07923893598351352,0.7333739635656926,0.18201431170791577,0.005372788742878057
3545.0,0.004443773722503151,0.035540274955654,0.3762067480932229,0.58380920322862
3731.0,0.045991052911026085,0.2040542109293364,0.7278820291346446,0.02207270702499282
3894.0,0.2777750721739756,0.4748720397610189,0.22355770874324912,0.023795179321756246
3968.0,0.012811628409801547,0.0546703171758101,0.4864885517161676,0.4460295026982208
3621.0,3.701721753476825E-5,3.929740493138539E-4,0.029506110874493473,0.9700638978586579
3439.0,0.006006688760995361,0.08236660261835473,0.4163837215918347,0.49524298702881514
2893.0,0.9206575260008947,0.07791311324785823,0.0014192989614365155,1.0061789810743593E-5
2792.0,0.0174567076368224,0.6862192464810409,0.27481189954628077,0.021512146335855853
3274.0,0.07349109286016897,0.7070744075962779,0.18680129667624149,0.032633202867311785
3494.0,0.3005511962493639,0.6316204972014595,0.06660778323592646,0.0012205233132500642
2948.0,1.2192129906570711E-5,6.222763703139978E-4,0.036551624360477306,0.9628139071393021
3075.0,7.280140607945238E-4,0.12472148391630156,0.5294187042528571,0.34513179777004677
3913.0,0.01416087643006297,0.07464164103223273,0.45061628732139264,0.4605811952163117
3820.0,0.058716129443847194,0.32982034553445544,0.5315785657913227,0.0798849592303748
3674.0,0.02626707533716245,0.13723910031709674,0.5345552671569817,0.3019385571887591
3253.0,0.003856655839255504,0.03909679025209184,0.5248471751039075,0.432199378804745
2866.0,0.8250476742428418,0.1450953488327491,0.029045521937211473,8.114549871974539E-4
3344.0,1.5580830550160091E-4,0.002067835893415447,0.09076767996414209,0.9070086758369409
4040.0,1.3217603624589614E-4,0.001629623145121237,0.10269689495819051,0.8955413058604422
3693.0,0.5393734442558126,0.3625401877320172,0.09508464131946673,0.0030017266927035205
2821.0,0.03218954573516459,0.11699768004252693,0.5651360139781618,0.2856767602441467
3367.0,0.0036935392352331845,0.29846643208658546,0.5488946468658136,0.14894538181236783
3202.0,4.01297923654223E-5,4.959376908168266E-4,0.03740719799010202,0.9620567345267158
3124.0,2.1914359267152821E-4,0.001511803498190726,0.08200354747857101,0.9162655054305666
3473.0,0.08311999967080813,0.1588919214840858,0.6260243131298421,0.13196376571526391
2995.0,0.8698148654776163,0.10730262417056137,0.02245548882872391,4.270215230984611E-4
3803.0,0.20094653554292083,0.26558430163725893,0.4647310035685422,0.06873815925127813
3966.0,0.017933638816115295,0.033523581760701554,0.5728508043510013,0.3756919750721818
3602.0,4.5883640167247817E-4,0.006946984564789845,0.10651076995744278,0.8860834090760948
4023.0,0.003818037772009999,0.49721861205981793,0.473366828888932,0.025596521279240208
3325.0,1.287486565430468E-4,0.004259558324242484,0.08246985589877733,0.9131418371204372
3416.0,0.0929303794723257,0.18518147551246306,0.6027195767441159,0.11916856827109541
2938.0,0.0033109047781541487,0.06004948659547244,0.48232026466767425,0.45431934395869933
3020.0,0.33697075495220347,0.34424467404749765,0.27145176644085295,0.047332804559445975
3566.0,0.016039782271699582,0.13003464672916676,0.4212438979946952,0.43268167300443855
3147.0,8.789567854795714E-4,0.04663457460470291,0.5089210087187579,0.4435654598910596
3841.0,0.42379417625563515,0.488628207693969,0.08335902597866865,0.0042185900717271315
3748.0,1.9068302109509047E-4,0.003658953645585566,0.1130871958456687,0.8830631674876506
3219.0,0.0031459459737689546,0.37176590291344797,0.5461886728772064,0.07889947823557654
2836.0,0.06661549457466806,0.23853489054944088,0.5815588400520961,0.11329077482379489
3382.0,0.039632522279369496,0.2351950466730575,0.6152001102231996,0.1099723208243735
3708.0,0.0066048164525585205,0.05585555597958078,0.4001222400109138,0.5374173875569469
4057.0,0.035919389766068954,0.4357422500727645,0.49024582369566855,0.03809253646549797
3951.0,0.007875007554894545,0.1386428197960607,0.34431053977765785,0.5091716328713869
3786.0,7.851618330236235E-4,0.01361983173208966,0.19967043476402185,0.7859245716708648
3456.0,0.0642583454597281,0.1434608053656777,0.7042584813455033,0.08802236782909095
2978.0,0.03140639749744105,0.34878117667889774,0.5572835448966941,0.06252888092696718
3109.0,0.7356100089565549,0.251056308939572,0.013173771747974681,1.599103558984872E-4
3401.0,0.5061487577716128,0.37667263673246054,0.11273603416932,0.004442571326606533
2923.0,0.10057157109876462,0.26631893209148744,0.607399122978894,0.025710373830854037
3308.0,0.005253439411624522,0.48875958326436586,0.4766912515079963,0.02929572581601347
4006.0,0.7409880673242272,0.220175063083073,0.037225445830591015,0.0016114237621087076
3587.0,0.7679501409372678,0.2262447701163096,0.0057589209265893745,4.616801983319714E-5
3765.0,0.20199862289663034,0.27637865757312025,0.5041698880461692,0.017452831484080267
3856.0,0.011206807729032698,0.11504079738761723,0.6405593467765813,0.2331930481067688
3162.0,0.01892783179527638,0.061911530566765016,0.499365337780524,0.41979529985743463
3037.0,0.0074908375013388534,0.12166189547606637,0.6367786661039498,0.23406860091864493
3583.0,0.04197484767931018,0.10680591012873968,0.6333167948124517,0.21790244737949838
3879.0,0.04326927768897592,0.4492328830707149,0.3979887114575966,0.10950912778271243
3714.0,0.9189497642071359,0.07918299015420951,0.0018613943498730497,5.851288781469841E-6
3050.0,0.010394828769591316,0.08568953618627638,0.49445238105965705,0.4094632539844753
3528.0,9.928648972764677E-4,0.0029973292398714603,0.210471014209128,0.7855387916537241
3181.0,0.023311663048720045,0.12097418907580862,0.6485055604633665,0.20720858741210493
2809.0,0.8730653582860337,0.11775992292169332,0.009007054185729578,1.6766460654320066E-4
3291.0,0.44529448973720587,0.503985519096022,0.05008452227621354,6.354688905588528E-4
3454.0,0.0015014082587228481,0.13974803233183816,0.5753512061433406,0.2833993532660984
2908.0,0.21197030427555075,0.31901665128721013,0.4403673224922098,0.02864572194502933
3636.0,0.15104921721406855,0.5530277198989326,0.24643738503980647,0.049485677847192454
3985.0,0.1659119969037717,0.7111175031901781,0.10707872826950582,0.015891771636544483
3837.0,8.126934076443193E-5,0.001955569655315418,0.07953014886542793,0.9184330121384923
3928.0,0.013825761267665758,0.07019150740408084,0.3936046693115781,0.5223780620166755
3090.0,1.589377940076086E-4,0.00540292750391126,0.22601159981076788,0.7684265348913132
3511.0,0.007399926170098926,0.08106257925581425,0.4388420051718416,0.4726954894022453
2965.0,0.1699997544314123,0.20659725279257252,0.5139748711890176,0.10942812158699755
2851.0,0.01691209078145269,0.6338874851105482,0.313347738674341,0.0358526854336582
3329.0,0.10845628773314134,0.23781598856153544,0.5814194083176688,0.07230831538765446
3236.0,0.042774188393338373,0.678421934344137,0.2733413150927413,0.005462562169783296
3659.0,0.0011075969582994823,0.07720560027745928,0.608692750441999,0.31299405232224237
3490.0,0.02848890561536054,0.03628283715807182,0.5570683548434826,0.3781599023830851
2944.0,0.11397912586373578,0.5456125796936873,0.33367723782609837,0.006731056616478676
3079.0,0.009857847313161403,0.12458167546356291,0.6780566822286215,0.18750379499465422
3917.0,0.022679632959025045,0.27184215769875725,0.5058596744646446,0.19961853487757314
3816.0,0.0588756994246744,0.5738402358784659,0.357744540850469,0.009539523846390905
3678.0,0.03033212226490308,0.1783345653653036,0.5841108806868862,0.2072224316829072
3249.0,0.003331599795849609,0.2988874292029189,0.506792065938317,0.1909889050629145
2870.0,0.3743133961405923,0.459745778094644,0.1583130135691935,0.007627812195570187
3348.0,0.4955007584762783,0.483644813523555,0.020564946644911136,2.8948135525555226E-4
3192.0,0.4275731863836999,0.5324847040886466,0.03952563534272446,4.1647418492903526E-4
3071.0,0.08662921782405315,0.2983302344062918,0.4337203398516906,0.18132020791796438
3549.0,0.3375535553115366,0.5702537511277967,0.07873819873239216,0.013454494828274365
3735.0,0.3353646785453587,0.5812129899760289,0.08083032134940119,0.0025920101292111336
3890.0,0.15288789224577315,0.8136925301514052,0.03256292645939553,8.566511434260813E-4
3972.0,0.07574772431513632,0.5438004448493293,0.37387015593651673,0.006581674899017605
3617.0,6.856941242548482E-4,0.003243685045380632,0.07859791415356941,0.9174727066767951
3435.0,0.009262946489874203,0.08802926887688371,0.5450646943028122,0.35764309033042996
2889.0,1.5113069062190195E-4,0.0012340289328146385,0.10984625767004019,0.8887685827065233
2796.0,0.010013062380838895,0.2034132591637962,0.6334637488654726,0.15310992958989234
3278.0,0.0012257775000875386,0.03064654503685809,0.4353324171653073,0.5327952602977472
3606.0,0.11807630246389475,0.35249146484157856,0.4668250480336323,0.06260718466089438
4019.0,0.002684051621331791,0.0680111968620549,0.4947146336179548,0.4345901178986585
3321.0,0.006340733646572434,0.03345319223730709,0.42786711071560296,0.5323389634005176
3420.0,0.05899338305975482,0.8649245748098171,0.07516657305218657,9.154690782416021E-4
2942.0,0.2294764676204588,0.5713138759600132,0.18132436626804085,0.01788529015148726
3016.0,0.5268669177489547,0.44901591570276445,0.023782512147703282,3.346544005775783E-4
3562.0,0.01432943119171018,0.04772465006400515,0.4622281561320233,0.4757177626122615
3151.0,0.23691356901937022,0.5755628166556801,0.18265193899728405,0.004871675327665748
3845.0,0.04788520881471614,0.4966564603407063,0.41424321129836383,0.04121511954621367
3744.0,0.1581771945481011,0.21041300261249263,0.5745094278653337,0.05690037497407252
4044.0,0.022969562510455392,0.09917641843234716,0.5558430637154915,0.3220109553417059
3689.0,0.005635713949741945,0.024153897858840416,0.30300421702119007,0.6672061711702274
2817.0,0.0353736623922917,0.5173019181556073,0.38427274857790716,0.06305167087419372
3363.0,0.017083710880623895,0.14751252670538212,0.516304741289446,0.319099021124548
3206.0,0.03712834550143838,0.493639168222016,0.3378099625186566,0.13142252375788896
3120.0,0.18024902076859184,0.158998393934385,0.559684101211493,0.10106848408553007
3477.0,0.0028262427640734253,0.023639802871007764,0.39284528488515164,0.5806886694797673
2999.0,0.0026840256372387744,0.03129135646543466,0.45498808918716416,0.5110365287101624
3807.0,0.005417114946125125,0.07354242207078525,0.6988381474032562,0.22220231557983355
3962.0,0.0022487748973389326,0.045602424977810835,0.6721889619701913,0.27995983815465897
3405.0,0.0036044850537710767,0.0845163763866747,0.6096469938348009,0.30223214472475324
2927.0,0.28477148749656134,0.42918776463507724,0.22332790734041272,0.06271284052794875
3304.0,0.0011935225200326047,0.025430603034673583,0.4535413345212156,0.5198345399240784
4002.0,0.004186481262999304,0.06826246814513352,0.17814084767267765,0.7494102029191894
3591.0,0.8434683322780991,0.15434348363530156,0.0021784085120767067,9.775574522696843E-6
3761.0,0.1189144327513747,0.4256190672945449,0.43273265790143756,0.02273384205264296
3860.0,0.01139612919428945,0.12972577671311378,0.5522825776686457,0.306595516423951
3166.0,0.26817152772457975,0.564207396008959,0.16517478372539537,0.0024462925410660627
3033.0,0.018084417995167575,0.06909017908993302,0.5898660573915978,0.3229593455233015
3579.0,0.003039352874548438,0.1846351582705555,0.7089510482178291,0.10337444063706708
3223.0,0.02050764556398727,0.14400034655740104,0.46492409204429525,0.37056791583431636
2832.0,0.029349551290872234,0.2320764783530315,0.7266047827633771,0.011969187592719125
3378.0,0.006566418897904381,0.5322995629494152,0.2720007101098872,0.18913330804279332
3704.0,0.04222464210569231,0.18078415239241305,0.5682631311941511,0.20872807430774373
4061.0,0.0017214185941969759,0.026576115242238352,0.46967623820715404,0.5020262279564105
3947.0,1.515898953612437E-4,0.003549373960297807,0.09245618717193538,0.9038428489724055
3790.0,0.015119511952044393,0.1842414431913076,0.4740660874750228,0.3265729573816253
3460.0,0.030772200873253018,0.053257167928685185,0.35887592043858296,0.5570947107594789
2982.0,0.003960233430105462,0.12327364078931598,0.5669937494998526,0.30577237628072595
3105.0,0.47945502416694746,0.3893401567568751,0.1252679059015235,0.005936913174654033
3833.0,0.00213531423461715,0.017590406879267884,0.3512270902294554,0.6290471886566595
3932.0,0.02915296241332815,0.24264328261951346,0.5959005962556243,0.13230315871153409
3094.0,9.220897332505612E-4,0.01255411802776255,0.3641075092575284,0.6224162829814586
3507.0,0.11188801219445514,0.31284243784859306,0.5136147583418234,0.06165479161512835
2961.0,0.4636083774613172,0.48278541743837805,0.05223795871461434,0.0013682463856903066
2855.0,0.8876470328663518,0.09733624225123691,0.014617506862286394,3.9921802012486983E-4
3333.0,0.07515920738766645,0.7881747565953469,0.1352612706740864,0.0014047653429001756
3232.0,0.037170209787251426,0.3764118711609173,0.5110918132704831,0.07532610578134807
3663.0,0.00102269899295668,0.03220137013470013,0.2174075505751127,0.7493683802972305
3875.0,0.3205404734723381,0.1564001768920382,0.46004213824371726,0.06301721139190636
3718.0,0.030804798121307816,0.16424893017505285,0.6198899177640669,0.18505635393957232
3054.0,0.015752313245110436,0.24226585306788073,0.5057804299394703,0.23620140374753865
3532.0,0.0012017097964662127,0.008125255433036365,0.0983324756036495,0.892340559166848
3177.0,0.004445433458636699,0.13020290702885035,0.4255803165854759,0.439771342927037
2813.0,0.07213375863437947,0.24550763899989383,0.6222297838489987,0.06012881851672796
3295.0,5.532461921738032E-4,0.012613414672928792,0.23033088986484773,0.7565024492700496
3450.0,0.18441364421663406,0.6101438904396171,0.18838517494252122,0.01705729040122772
2904.0,1.386046366680757E-4,0.002369449743090814,0.0586285833530542,0.9388633622671868
3632.0,0.07839875847747765,0.5602718995693596,0.3523694458101789,0.008959896142983795
3989.0,0.16952929762471922,0.5296179593859545,0.27763791754991785,0.02321482543940836
4032.0,0.0264075213084463,0.23839272647099832,0.6610548282866117,0.07414492393394358
3685.0,0.007959800967719574,0.016269218182595788,0.2991769363751458,0.6765940444745387
3375.0,0.2722804547078118,0.7056286160624604,0.021675268908589007,4.156603211388628E-4
2829.0,0.001095597502558603,0.04275781814154237,0.22028813308534886,0.7358584512705502
3210.0,0.010928108344653823,0.22207235758217714,0.5414920509871395,0.2255074830860296
3132.0,0.004484678832142378,0.07297131590452446,0.41297364935168746,0.5095703559116456
3003.0,0.22585296298595367,0.5942609049123265,0.17901721287185973,8.689192298601011E-4
3481.0,0.6410472780423249,0.33702411862101095,0.021267058387222725,6.615449494413551E-4
3795.0,0.006409629929475082,0.03963119444014784,0.5013134465405821,0.4526457290897949
3958.0,0.03760002744876273,0.339058317094226,0.587326216277479,0.036015439179532226
3610.0,4.5803195022845985E-4,0.017331432445185792,0.13649258324117808,0.8457179523634076
4031.0,0.2630865058329222,0.6787810015151466,0.054678444725457374,0.003454047926473691
3317.0,0.005738946943552816,0.09227413819068858,0.6052247168877477,0.2967621979780109
2930.0,0.05007752521417622,0.4092395426383316,0.5123775501033486,0.0283053820441434
3408.0,0.7769608379914635,0.20087431248376458,0.021372483023229725,7.923665015421262E-4
3558.0,0.7740496053363018,0.21620987097891486,0.009585470166315687,1.5505351846782121E-4
3012.0,0.4101116669391061,0.5466252013970064,0.04292129333149639,3.4183833239105887E-4
3139.0,0.018656785773895946,0.6990369981349407,0.24438165662406705,0.03792455946709643
3849.0,0.9329901458979276,0.06645141136251421,5.542154477956585E-4,4.227291762408601E-6
3756.0,0.20433595739620003,0.7554953426193419,0.03956837420067478,6.003257837831809E-4
3188.0,0.08679604484494326,0.5314620643618084,0.37492328571778766,0.006818605075460521
3537.0,0.9764786719870208,0.022877785773410354,6.367825957787656E-4,6.759643790109318E-6
3059.0,0.0034545375942787193,0.02025530056658843,0.5651441912337984,0.4111459706053344
3739.0,0.006053638904360722,0.05007114104360055,0.43996573147073836,0.5039094885813004
3902.0,0.005744808261475004,0.346942597508662,0.41510636670435086,0.23220622752551218
3976.0,0.08875764728708337,0.6293113873981117,0.21239337861315355,0.06953758670165135
3629.0,0.7869692583585041,0.21065528406671724,0.0023621058000781875,1.3351774700534393E-5
2885.0,2.7328517552694813E-4,0.005817868274311524,0.13349371937694385,0.8604151271732177
3431.0,0.08829781996423314,0.7758833034515015,0.11268118066188922,0.023137695922376127
3266.0,8.447438249681639E-4,0.0027638091200193034,0.08814098024269001,0.9082504668123226
2956.0,0.10057157109876462,0.26631893209148744,0.607399122978894,0.025710373830854037
3502.0,0.0510308933491862,0.619665194432385,0.3221843086080533,0.007119603610375513
3083.0,0.058099849976333946,0.126023160200041,0.6391096700203457,0.17676731980327923
3905.0,0.027846156781663557,0.8381112077645548,0.12618632093364343,0.007856314520138035
3812.0,0.027384259534360963,0.25246848642300596,0.6338757393034045,0.08627151473922863
3666.0,0.04467915909642501,0.3401066004448033,0.605840604842213,0.00937363561655855
3261.0,0.6895111918323885,0.14717802499846247,0.15386150445899593,0.009449278710153127
3352.0,0.0030701988710390747,0.016572726414739815,0.443852252861835,0.536504821852386
2874.0,0.004701072403089697,0.012044629519864155,0.1909380986912107,0.7923161993858355
3887.0,0.01396535661644803,0.1245061325206691,0.6535538580437573,0.20797465281912547
3722.0,0.0794717149609887,0.5963034481710626,0.31058840645842456,0.013636430409524326
3520.0,0.04008575286762379,0.6022507583741918,0.34954595153527585,0.008117537222908686
3042.0,0.7826724742186628,0.20521737408488422,0.011950051500535772,1.6010019591723511E-4
3173.0,0.2098295307497521,0.2965070538383196,0.4742718808122381,0.01939153459969008
3283.0,0.019066324207405106,0.07510597201525089,0.511147405429691,0.394680298347653
2801.0,0.006337880918897201,0.03725575990740695,0.7026001220764574,0.2538062370972385
2900.0,0.03863684801787767,0.5236665160378658,0.4276155713862677,0.01008106455798891
3446.0,0.39251288178674476,0.4785868402819793,0.12696609963434444,0.0019341782969315166
3644.0,0.09484642164148803,0.7335334819056613,0.1697600481168854,0.0018600483359653029
3993.0,0.8834117505804856,0.10501814224248887,0.011418892396414505,1.5121478061081096E-4
3829.0,3.9017597349513186E-5,7.511526411155725E-4,0.04193709621716713,0.9572727335443677
3920.0,0.5983448835081816,0.24103740335103216,0.14151716436417916,0.019100548776606968
3098.0,0.0057585486228862726,0.0883001937225711,0.5349024049527891,0.3710388527017536
2973.0,0.9232183648990935,0.07459426799880639,0.002165524644737588,2.1842457362506715E-5
3519.0,0.12129970970122615,0.44928768938443947,0.3360381973273217,0.09337440358701266
3337.0,0.005344313342404773,0.05046564504034637,0.5861294182486699,0.35806062336857875
2859.0,0.003725548436832855,0.0643132624126718,0.4005994403651839,0.5313617487853114
3244.0,2.2617719351598873E-4,0.010960617283662063,0.25691697534695024,0.7318962301758717
3651.0,0.008698581936394898,0.21756581534180847,0.5730081701254002,0.20072743259639642
3227.0,0.17141435975544642,0.34552688004421467,0.40057653118065617,0.08248222901968275
3390.0,0.22098209143532418,0.6931686880823446,0.08274513782047671,0.0031040826618545566
2844.0,0.16831279768424137,0.37682093018657364,0.44214245194903834,0.012723820180146696
3700.0,0.018762513295943358,0.6014410391410395,0.3487407938132666,0.031055653749750535
4049.0,0.02805160054437421,0.09001085433291071,0.6608910969837555,0.22104644813895966
3943.0,0.005699937993781596,0.12267688470276902,0.6944337727715029,0.17718940453194648
3778.0,0.030671895479973694,0.13930565127898362,0.38228723464979925,0.44773521859124343
2986.0,0.0038007123507891255,0.03042602370183602,0.5120667783319459,0.453706485615429
3464.0,6.207701948429525E-4,0.012309282947461338,0.279884730586118,0.7071852162715777
3117.0,0.02758341066269853,0.5059643816053543,0.4288414685477795,0.037610739184167734
2915.0,0.08571518472691138,0.40100793044184285,0.5002317617203228,0.013045123110922959
3300.0,1.7314801012467896E-4,0.0014144062022111187,0.11554707938664874,0.8828653664010154
4014.0,0.0034606970571521775,0.08436581380026716,0.2710494979625266,0.6411239911800541
3595.0,0.004284461024437155,0.05228458169314573,0.362793238216247,0.5806377190661701
3773.0,0.03178328614066385,0.17308765422976016,0.6806913040312623,0.11443775559831373
3864.0,2.0782143426342496E-4,0.01059933741197707,0.11080566953478276,0.8783871716189767
3154.0,0.13794447284354044,0.381400285455501,0.47308786912764805,0.007567372573310525
3575.0,0.019779476190450843,0.19862808813932092,0.4814742895081375,0.3001181461620906
3029.0,0.3410567247243906,0.3723306287848145,0.26017843083676356,0.026434215654031413
3614.0,0.102066370633585,0.7692807192674094,0.12289460929794226,0.005758300801063418
4027.0,0.004803473129436951,0.07248398528963701,0.5228745368203876,0.3998380047605383
3313.0,0.1577273030988424,0.21969103653081734,0.546032580868181,0.07654907950215917
2934.0,0.033471810646604414,0.5085265134460548,0.41501131425936627,0.04299036164797451
3412.0,0.07818589025723037,0.24399831871464114,0.662037370488466,0.01577842053966236
3554.0,0.2654285691658474,0.5827469928058187,0.12291231844106137,0.028912119587272488
3008.0,0.01501585929585549,0.10400967958575125,0.3553039587433406,0.5256705023750528
3143.0,0.11845623991968247,0.43023101026253424,0.44019315501197454,0.01111959480580876
3853.0,0.004487229248110612,0.4393642419202668,0.44369594267214996,0.11245258615947255
3752.0,0.6396850031543966,0.34292012200633826,0.016806540525199358,5.883343140658615E-4
4036.0,0.0022030748478789816,0.06273917263485672,0.48260009827946027,0.452457654237804
3681.0,0.006146377372509897,0.21936290161416985,0.4726105717768035,0.3018801492365169
3371.0,0.01622234381892523,0.12720724176431553,0.8025007280426655,0.05406968637409392
2825.0,4.249626492707353E-4,0.011843469917769127,0.2623494312500989,0.7253821361828613
3214.0,0.910651880001424,0.08822629964306104,0.0011146801936604141,7.140161854471044E-6
3128.0,0.005945325941484938,0.02592810929630631,0.6259703280942288,0.34215623666798
3007.0,0.0017617594831423554,0.00751374383186255,0.27993442466928814,0.710790072015707
3485.0,0.12518775976607144,0.8122790006174392,0.059049970167238335,0.0034832694492510953
3799.0,0.015763262147124254,0.1323014969736954,0.5915192583306722,0.2604159825485083
3954.0,9.402727655615001E-4,0.01181723397738532,0.25161465369286246,0.7356278395641908
2952.0,0.0709796829703267,0.526377094402657,0.31321934285135117,0.08942387977566511
3498.0,0.002896630935648675,0.287216997517137,0.57703698086004,0.13284939068717436
3087.0,0.0057881503159445385,0.014723229917871535,0.43003313848102304,0.5494554812851609
3909.0,0.24524233012656424,0.669644051993824,0.07848077207004828,0.006632845809563495
3808.0,0.0023758647294677675,0.1180702650567409,0.4824085886500817,0.39714528156370976
3670.0,0.08651989699399154,0.3413231111639948,0.5459752675805563,0.02618172426145736
3257.0,0.01629589625700662,0.6702918807316557,0.24734652873210705,0.0660656942792306
3356.0,0.0013855642074533452,0.018927023069490807,0.6076246069297024,0.37206280579335343
2878.0,3.715249687308303E-4,0.010124196171865342,0.18648892608242698,0.8030153527769768
3184.0,0.4216167102893203,0.5361109299184919,0.04145244952788033,8.199102643076214E-4
3541.0,3.4292080233322214E-4,0.009302744314607963,0.1935153383582223,0.7968389965248365
3063.0,0.002102720407459587,0.035606502546403164,0.5860949086930825,0.37619586835305485
3743.0,0.009556073710066532,0.0752773969245531,0.6806234260307128,0.2345431033346675
3898.0,0.10972918064382117,0.7382100386746191,0.15088509328337657,0.0011756873981831658
3980.0,0.017611905117345696,0.16379377760236044,0.6517532539604229,0.16684106331987095
3625.0,0.04771597925680571,0.385724373214983,0.4069695110678333,0.15959013646037806
2881.0,0.022541691472818905,0.21767492841315328,0.5706773938853791,0.18910598622864863
3427.0,0.4544050983031805,0.4983850076420275,0.04368695278358729,0.0035229412712048038
3270.0,0.005468663960659027,0.009121241375218551,0.2606112025953073,0.7247988920688152
2788.0,0.4198963473903447,0.2789567699465613,0.22391358248889787,0.07723330017419623
3825.0,0.5097732073988415,0.478003408182445,0.012125349218837525,9.803519987601089E-5
3924.0,0.02815867477483652,0.32317266583667903,0.577497799755111,0.07117085963337359
3102.0,0.5807148845319526,0.33479446704633425,0.08332262039085025,0.0011680280308626757
2969.0,2.5375037970465597E-4,0.010270159789235152,0.19026749806840415,0.799208591762656
3515.0,0.044872009699301385,0.21183987206256213,0.6718988201702502,0.07138929806788619
3341.0,0.16451260646331403,0.4480780977814114,0.35001721976532035,0.03739207598995433
2863.0,0.07775919922689797,0.5853910557953539,0.3295840842579726,0.007265660719775526
3240.0,0.36870225098220405,0.4897258774609603,0.13622115147743113,0.0053507200794046415
3655.0,0.4525758155772525,0.4890406271664269,0.05504053153642316,0.0033430257198973352
3883.0,0.21145050249757816,0.6426980145749861,0.13054644959171338,0.015305033335722366
3726.0,0.0067456789899808705,0.04446864467715381,0.5424359358901303,0.4063497404427349
3524.0,0.013471208325999046,0.13649007351241987,0.6748224545785485,0.1752162635830325
3046.0,0.0261347505277491,0.18787054769735506,0.5304317617809992,0.25556293999389684
3169.0,0.002395174366314149,0.12747329949373404,0.35253060249752877,0.517600923642423
3287.0,0.01691194969609467,0.1281114173419267,0.6923305325904584,0.16264610037152016
2805.0,0.082596046368792,0.5698110650487964,0.3393635933145047,0.008229295267906696
2896.0,1.36162275335528E-4,0.004265770876253714,0.1481741555485273,0.8474239112998835
3442.0,1.1936695233048773E-4,0.00226872820860494,0.12566542452638677,0.8719464803126779
3640.0,0.09129456230865356,0.7812667861168314,0.12436957241505694,0.0030690791594579895
3997.0,0.017969565310228527,0.14543384850788593,0.7315988298260628,0.10499775635582273
2919.0,0.4695779063270545,0.516068680231856,0.014207815522222729,1.455979188669073E-4
3397.0,0.1721021218015436,0.42891323070284965,0.3647332690679073,0.03425137842769953
3296.0,0.0080899567707473,0.05534848847029937,0.599450544435102,0.3371110103238514
4010.0,0.9616366374680517,0.03700084232139043,0.0013497863548750722,1.2733855682763005E-5
3599.0,0.0021439683082555175,0.011323416491997125,0.3359167873178239,0.6506158278819236
3769.0,3.8506563474119583E-4,0.0032642542639223816,0.1816098979065756,0.814740782194761
3868.0,0.24687013428991028,0.3345139214708721,0.40107354445047877,0.017542399788738776
3158.0,0.3033722467367324,0.4032455179717934,0.24772648933217326,0.04565574595930083
3571.0,0.03904519895298637,0.10797359154128705,0.65635372460225,0.19662748490347665
3025.0,0.37612580786461397,0.6012716043652023,0.021723076317503018,8.795114526805089E-4
3231.0,0.00996498132068969,0.2959380794332041,0.6493518151432704,0.044745124102835876
3386.0,0.02530187111489435,0.19992839473707447,0.6783503342843937,0.09641939986363755
2840.0,3.738159254949087E-4,0.019487513857594004,0.16582171421257066,0.8143169560043403
3696.0,0.924715471153099,0.07413407570034193,0.0011413411899348477,9.111956624084495E-6
4053.0,0.00203124115069515,0.05694535719856875,0.5047666121281095,0.4362567895226266
3939.0,0.07064466856570706,0.7666665092610229,0.14573802235786884,0.016950799815401204
3782.0,0.007482103832284616,0.05789587572990275,0.4185423061597688,0.516079714278044
2990.0,0.3240459330802663,0.46051974111971306,0.20561975957058937,0.009814566229431176
3468.0,0.012966827247469876,0.393248757490439,0.30100314519762167,0.2927812700644694
3113.0,0.0054352743464948046,0.18613283737330655,0.6005530269589029,0.20787886132129568
2820.0,0.0636635617115989,0.1710012667516709,0.6875719740291973,0.07776319750753301
3366.0,0.6677471863311558,0.32224228284553236,0.009847523234577295,1.630075887344726E-4
3203.0,0.005056105892621421,0.02951173946897891,0.5185267354999195,0.4469054191384801
4041.0,0.006746199135944356,0.023722781971861874,0.4430276695065949,0.5265033493855988
3692.0,0.0926319803403094,0.6661156146470064,0.22672081785582793,0.014531587156856225
3802.0,5.824195012244743E-4,0.0037118283452939496,0.09597715480829823,0.8997285973451834
3967.0,0.1493902656483788,0.3537331789269455,0.4604606046161776,0.03641595080849814
3125.0,0.0034311619676128625,0.07099454286226,0.476001203960029,0.44957309121009814
3472.0,0.041436576676706645,0.7061557493987364,0.20193695903336067,0.05047071489119622
2994.0,0.19395164622270783,0.7161613168131027,0.08869384588906577,0.001193191075123809
3324.0,0.010172231989645591,0.07238259283696685,0.7236548134059737,0.19379036176741385
3417.0,0.08336361509804054,0.33830021198492594,0.5748248569378495,0.0035113159791840473
2939.0,0.0069355045017765625,0.01566865034139009,0.3617745123313813,0.6156213328254521
3603.0,0.12628394117999905,0.1828935376700138,0.42623429880447494,0.2645882223455122
4022.0,0.09529184126406609,0.1830907742745637,0.5278804920471734,0.19373689241419684
3840.0,0.4186425950981103,0.40304575747889143,0.17665262362994344,0.0016590237930548043
3749.0,1.3735869386113838E-4,0.0011711062143671877,0.029400057819209152,0.9692914772725625
3021.0,0.20788443247627875,0.44548618511659177,0.33482624668278976,0.01180313572433968
3567.0,0.28261052365562134,0.30630014142278683,0.3960289873586494,0.015060347562942555
3146.0,0.005172173648094,0.2750149878425858,0.37779439957122535,0.3420184389380947
3730.0,0.013698323431903806,0.4054532788582207,0.5361652381358804,0.044683159573995185
3895.0,1.9912942684068005E-5,6.877394930226379E-4,0.05965990052542286,0.9396324470388704
3197.0,0.001959895429981398,0.02806885187999455,0.5492851635548697,0.4206860891351543
3066.0,0.0032571052575505782,0.010897293829113317,0.15645042945707685,0.8293951714562592
3544.0,0.002274592077733856,0.03319876378320917,0.5354583018149608,0.42906834232409624
3438.0,0.018180119921239586,0.1589353280728046,0.7340428580185752,0.08884169398738045
2892.0,0.3685361193561407,0.40755958129676256,0.2035298839582871,0.020374415388809436
2793.0,0.033189636384397474,0.41170621810527086,0.43369576091358736,0.12140838459674415
3275.0,0.05187176491224196,0.26085253470107267,0.6629814536950995,0.024294246691585884
3969.0,0.2643112769699275,0.673211113145859,0.0620266205229284,4.509893612850249E-4
3620.0,0.01362811069623928,0.16686661292277133,0.4747027596409495,0.3448025167400398
3912.0,0.5491619713835239,0.4242041293529783,0.026363242169533785,2.706570939640348E-4
3821.0,0.10503887923977534,0.3552676538220781,0.4677290345762353,0.0719644323619111
3495.0,0.3081974698138216,0.6695162212718855,0.02176253146010868,5.23777454184083E-4
2949.0,0.005731078101696298,0.031789106303856576,0.3554957420567587,0.6069840735376885
3074.0,0.0017113168267437584,0.04910653437638627,0.40850263242390455,0.5406795163729654
3252.0,0.30867118752765255,0.5456941950416145,0.1411334185454679,0.004501198885265144
2867.0,0.20997664154289494,0.4178298306427085,0.3118906591947355,0.06030286861966093
3345.0,8.008176021504413E-4,0.03048915119685714,0.7295870857735646,0.23912294542742785
3675.0,0.004533939367263206,0.04596170739627292,0.5176854012357438,0.43181895200072007
3051.0,0.22598506245884192,0.3436705551314503,0.3937134382832176,0.03663094412649023
3529.0,0.04076227472685881,0.11238692507047413,0.21546613737881617,0.6313846628238509
3180.0,5.637256005796211E-4,0.012111481141962439,0.21664863064587148,0.7706761626115864
3878.0,0.003435125392694184,0.05033366474289648,0.5115120274043364,0.43471918246007274
3715.0,0.043795890836627945,0.7001364523932575,0.24170890587253088,0.01435875089758372
3637.0,0.06414079465504985,0.43465725847929015,0.4041495954168272,0.0970523514488327
3984.0,0.013705873636626772,0.37595826969699914,0.5536655626550759,0.05667029401129822
2808.0,0.04585329176653573,0.18648622606684145,0.4720410788958068,0.2956194032708159
3290.0,0.04483388425105921,0.214760127566253,0.507164375927192,0.2332416122554959
3455.0,0.0205775151968286,0.0236539142062567,0.5621596296827669,0.39360894091414766
2909.0,0.037130441183106724,0.10149723639757789,0.5662695396311707,0.2951027827881447
3091.0,0.09186174923779646,0.46805415708789183,0.405082689556134,0.03500140411817765
3510.0,0.008201893285619502,0.04420140261834842,0.44339665346446905,0.5042000506315631
2964.0,0.0035574810949594265,0.12004130339373549,0.682435844592381,0.1939653709189239
3836.0,0.010920283890303709,0.03852499361190688,0.32999653791113825,0.6205581845866511
3929.0,0.0017897841852778451,0.042866742012215346,0.6597759489667664,0.29556752483574045
3658.0,0.06638125893313009,0.3410142609274649,0.45774958554299783,0.13485489459640732
2850.0,0.8412074514077816,0.152528533758657,0.006219135020330463,4.4879813230912246E-5
3328.0,0.00203499277336326,0.01988418179202582,0.3925500715142304,0.5855307539203805
3237.0,0.004669350584218098,0.07543018455828791,0.7040021129996824,0.21589835185781162
4056.0,0.764215612144527,0.22632319521686312,0.009359573099795878,1.0161953881390078E-4
3218.0,0.00149855040850313,0.0375899841491525,0.19994134870275673,0.7609701167395875
2837.0,0.0014967136526896569,0.03769704197676745,0.5507668564424899,0.410039387928053
3383.0,0.40715238932121456,0.5553173149402725,0.03613875528039652,0.0013915404581165546
3457.0,0.36843703395519967,0.47079626758389953,0.1533985697731638,0.007368128687737101
2979.0,0.03777754587408789,0.6872758507225442,0.2230394815202587,0.051907121883109364
3108.0,0.08628617913526956,0.44449720207653076,0.4030027888738719,0.06621382991432782
3950.0,4.7299583821610344E-4,0.01324831512756506,0.36622176145849283,0.6200569275757261
3787.0,0.0010421423199156459,0.013636291140698349,0.1783689368458663,0.8069526296935197
4007.0,0.10551344448477924,0.2715121381390793,0.6061835707299725,0.016790846646168985
3586.0,0.009139114226125873,0.08945168481484259,0.575442133710056,0.3259670672489755
3400.0,5.740270837779048E-4,0.009822833063460662,0.1254604400746071,0.8641426997781543
2922.0,0.0011523643804837757,0.031167236717473134,0.31213964193289234,0.6555407569691507
3309.0,0.002237852936484012,0.04311624201558332,0.688161954478222,0.2664839505697107
3163.0,0.03533031636835083,0.06635940461823561,0.6820070780221154,0.21630320099129813
3036.0,0.03715236987630075,0.12769582930728743,0.6382260080748982,0.19692579274151364
3582.0,0.07194361303085127,0.808737941311652,0.11030252135087226,0.009015924306624455
3764.0,0.015033663547475913,0.0870411036435475,0.5063291927141392,0.3915960400948373
3857.0,0.048081104403092566,0.4747821581038347,0.43229079401777354,0.044845943475299195
3320.0,0.07936990681438628,0.7991546157234879,0.11464281871717108,0.006832658744954691
3421.0,0.002132407905366059,0.10635473815173276,0.5700982506550125,0.3214146032878887
2943.0,0.0012625988677470654,0.0419501961976394,0.6147365207103048,0.34205068422430873
3607.0,0.022148467636998296,0.26644499088991513,0.4665000938927176,0.24490644758036906
4018.0,0.09451323249866171,0.11620804671859954,0.5661294707707782,0.2231492500119604
3844.0,0.34970379167221194,0.28204243592389683,0.3215181695944174,0.04673560280947381
3745.0,0.04034547624690514,0.6680390781891515,0.2851516931744371,0.006463752389506331
3017.0,0.03568329107943538,0.08841305408790616,0.8573270053368525,0.01857664949580607
3563.0,0.039365883824326306,0.6273009203896728,0.305944359119716,0.027388836666284895
3150.0,0.005046911393093941,0.2994513858736152,0.4333487798540676,0.26215292287922326
2816.0,0.4681879274759014,0.34697684466364237,0.17907226523203892,0.005762962628417313
3362.0,0.0013239890317798513,0.0391546645663925,0.36860024914157763,0.59092109726025
3207.0,1.6786054948897617E-4,0.004224239689064104,0.11722036912334984,0.8783875306380969
4045.0,0.02568636605294118,0.6797008888808636,0.25554140623650035,0.03907133882969481
3688.0,0.02961813563357288,0.36862181191419363,0.5618280197988915,0.03993203265334214
3963.0,0.01730577587971951,0.2145817133086498,0.6449960166326197,0.12311649417901097
3121.0,0.16603590900304588,0.506313523579144,0.30198855773272854,0.025662009685081522
3476.0,0.951429263214703,0.04651528867242601,0.0020099833275701974,4.5464785300810034E-5
2998.0,0.7309806425738303,0.24613070053415306,0.02230887234075212,5.797845512644788E-4
3916.0,0.02803409247401984,0.14994379988455012,0.5338159929202756,0.2882061147211544
3817.0,0.016684287537233576,0.4182022357447241,0.42691809778913103,0.1381953789289113
3491.0,0.015667611505706672,0.05051914253629436,0.3775620911379316,0.5562511548200675
2945.0,0.4160176970131326,0.35154108843247,0.19819528103804152,0.034245933516355916
3078.0,0.0028037607014662585,0.0377007805275615,0.6613687068402349,0.29812675193073734
3248.0,0.8672682024072887,0.08651669713774615,0.0427976351162586,0.003417465338706532
2871.0,0.10166445057271276,0.675892577668618,0.14959150572787816,0.07285146603079107
3349.0,0.45522463568125576,0.19983538094697695,0.28837464971088345,0.056565333660883774
3679.0,0.47088444931844897,0.44174248292533036,0.08475008479306215,0.002622982963158481
3734.0,0.0037067007606341315,0.5343323994635427,0.32865492444326877,0.13330597533255442
3891.0,0.6753070044407055,0.22607355486647385,0.09479145318350515,0.0038279875093155456
3193.0,0.048321172933658334,0.27626275803243455,0.6582632787514601,0.017152790282447056
3548.0,0.02021565029624453,0.18535271700779207,0.48681745363851026,0.3076141790574531
3434.0,0.017600184103338447,0.023158352922235975,0.5754258473502568,0.3838156156241687
2888.0,0.041070160037951095,0.09885699008518019,0.451767370080478,0.4083054797963908
2797.0,0.18431233807702305,0.6784060814053141,0.12739792907555647,0.009883651442106407
3279.0,0.13272792926028046,0.5392435240468757,0.298677709817542,0.029350836875301843
3973.0,9.774515077999675E-4,0.08873027307571069,0.44848527655869197,0.4618069988577974
3616.0,0.20329757663213086,0.08637297670745687,0.6874886461460854,0.02284080051432681
3095.0,0.09575825487683202,0.49542682237763325,0.39579784622930136,0.013017076516233479
3506.0,0.01364348200555127,0.18362517869643585,0.5749405569405371,0.22779078235747566
2960.0,0.001791140821219494,0.029052646797864897,0.3206687271812278,0.6484874851996878
3832.0,0.35153312262514047,0.3935825394438911,0.2365377339465124,0.018346603984455874
3933.0,0.6110175246924454,0.35499385154603524,0.033420841454774336,5.677823067450842E-4
3662.0,0.02433874633520311,0.27225892900567156,0.6550820480754782,0.04832027658364699
2854.0,0.033344048822267235,0.1663441354843305,0.7489338188488454,0.05137799684455707
3332.0,0.014261813051298112,0.6056844106475815,0.34884460850120064,0.031209167799919703
3233.0,0.09037735894410016,0.8180455288822509,0.09019585655892036,0.0013812556147285156
3055.0,0.004522021404214112,0.02379414135808989,0.36802436584449993,0.6036594713931961
3533.0,0.02800914714987701,0.23318942508221277,0.5953676641885894,0.14343376357932075
3176.0,1.5297466832748727E-4,0.0021426811871608103,0.11600629621151558,0.881698047932996
3874.0,0.055770477206909155,0.33860562004614825,0.5274076582447454,0.0782162445021972
3719.0,0.08421231614534581,0.7638715415857942,0.08461237999771738,0.06730376227114256
3633.0,0.10851016731017049,0.6355358935561645,0.23778447959782445,0.01816945953584054
3988.0,0.029693920771148612,0.6091882888849945,0.28384068597586753,0.07727710436798935
2812.0,0.4935617905760083,0.4642746391355712,0.041940421404927215,2.2314888349338584E-4
3294.0,0.03249305686128052,0.6207581494723347,0.2528878620451262,0.09386093162125872
3451.0,0.03175699771475333,0.1249934613370888,0.5786421481490635,0.2646073927990944
2905.0,8.300338687797096E-4,0.024818720772067242,0.23425039108935156,0.7401008542698015
4003.0,0.15671560483452285,0.3968588316706219,0.3314780541507142,0.11494750934414111
3590.0,2.2615222480804203E-4,0.007746126627291929,0.3215360066261959,0.6704917145217042
