3067.0,0.24067623784763975,0.35823257349417154,0.30683387586122196,0.09425731279696674
3545.0,0.2417673227537117,0.37897057036912846,0.3017620421147275,0.07750006476243239
3731.0,0.28048531330465737,0.32602602390619484,0.29182866208724345,0.10166000070190429
3894.0,0.40288897069301177,0.27939440779898983,0.26729984717222016,0.05041677433577826
3968.0,0.003573215845045124,0.0992144150414965,0.7108671570367664,0.18634521207669202
3621.0,0.0041769338668571155,0.05663488332334139,0.32160090274033604,0.6175872800694654
3439.0,5.816287251333051E-4,0.19142632043207136,0.5557023909026121,0.25228965994018315
2893.0,0.4243675559291282,0.279389544802165,0.2535371459291868,0.04270575333951989
2792.0,0.0833758418495393,0.39683292467446973,0.4449907000358769,0.07480053344011413
3274.0,0.03405772120197295,0.3119152374357527,0.4693905671160507,0.18463647424622368
3494.0,0.25530063620315396,0.3479310948196077,0.2911752437306748,0.10559302524656342
2948.0,8.426870745856593E-88,0.025985006805975635,0.27523872879852856,0.6987762643954958
3075.0,2.193018219923091E-26,0.09382967904728394,0.3148715189197534,0.5912988020329627
3913.0,0.29037240124149566,0.3202538574254302,0.2889774504170388,0.10039629091603532
3820.0,0.0027613306471908376,0.1762068335170695,0.6123473339515545,0.20868450188418522
3674.0,2.0709039408779713E-170,0.04195020498565338,0.56758372658968,0.3904660684246666
3253.0,0.03931601044752081,0.12936845510559067,0.5480281395096659,0.2832873949372226
2866.0,0.45128086667960765,0.2926824924915773,0.20190885669615616,0.054127784132658986
3344.0,0.0020877025191241337,0.059473507227490785,0.3224091747608075,0.6160296154925776
4040.0,1.4023226843136032E-32,0.06006408131162502,0.23948198726752717,0.7004539314208478
3693.0,0.2553000098413807,0.3479310540258528,0.2911757326812711,0.10559320345149545
2821.0,0.011449004144607939,0.8192948602963279,0.11468694592238966,0.05456918963667425
3367.0,0.04901260211272874,0.7619885697770996,0.16935379646805085,0.01964503164212076
3202.0,1.1439569503096147E-20,0.04885721640200418,0.18391340832394018,0.7672293752740555
3124.0,6.854360622620565E-180,0.007347290059645216,0.18317226496625633,0.8094804449740984
3473.0,0.01402371062848988,0.7614529221735041,0.20677048054227146,0.017752886655734483
2995.0,0.4553307730718215,0.28782226310213554,0.21125834634262175,0.04558861748342116
3803.0,0.31163983770421455,0.35164959819302705,0.2515200887856592,0.08519047531709925
3966.0,0.007330549397947148,0.04614645541666047,0.8501152768730704,0.09640771831232194
3602.0,0.007330600391649212,0.04614665827159899,0.8501149074633182,0.09640783387343356
4023.0,0.02542793557703084,0.25659209221636603,0.49775456490025255,0.22022540730635062
3325.0,0.004195190172275952,0.05685069496759875,0.32256883184363866,0.6163852830164865
3416.0,0.00656871090378253,0.044712585628644504,0.10663626181691338,0.8420824416506596
2938.0,0.008292858375468412,0.06870275751382848,0.38085615769135867,0.5421482264193445
3020.0,0.12585075794982253,0.6021767287631823,0.23853510842307793,0.03343740486391732
3566.0,0.0013973536320712316,0.18590509479032985,0.5729279297070642,0.23976962187053466
3147.0,0.007894147028689983,0.0990317158754297,0.6808055635378736,0.21226857355800677
3841.0,0.2923985643409147,0.33499762204883293,0.29033029281548983,0.0822735207947625
3748.0,0.0013972321032900672,0.05868948374948189,0.30185366076348913,0.6380596233837389
3219.0,0.039174054512174324,0.557705333855734,0.2529613331160086,0.15015927851608316
2836.0,0.039186949486673714,0.5576834598878064,0.25297367325286035,0.15015591737265954
3382.0,0.3056915682766632,0.31699725539517065,0.2892559706431284,0.08805520568503765
3708.0,0.023686451755045954,0.8880250240769278,0.0777603088132967,0.010528215354729474
4057.0,0.24301845515667897,0.35554624057297274,0.30617881413372244,0.09525649013662589
3951.0,0.4054212096754094,0.2779729469215592,0.2667025073788482,0.04990333602418321
3786.0,1.565579306093065E-32,0.06010680923590039,0.23945017045600814,0.7004430203080915
3456.0,0.03640262935008895,0.19098734472281137,0.6666832789134007,0.10592674701369897
2978.0,0.0012191170661737835,0.12209226697787323,0.33910841169726913,0.5375802042586838
3109.0,0.02629611824384582,0.44543907159869045,0.36846397864463676,0.15980083151282692
3401.0,7.964462626899645E-26,0.09152533227347938,0.31164649804105177,0.5968281696854688
2923.0,0.03494111654301849,0.1851343320087895,0.6753535587777733,0.10457099267041876
3308.0,0.025177960288719686,0.18804539384050872,0.6995569289000113,0.08721971697076027
4006.0,0.41898838226159263,0.29620232423896287,0.23208960949903,0.05271968400041449
3587.0,0.4553307832497493,0.2878222577863472,0.211258342636941,0.04558861632696258
3765.0,0.3455016141330317,0.30495959408588985,0.28683451612276883,0.06270427565830962
3856.0,0.2552726471911483,0.34792936188552004,0.29119702205966014,0.10560096886367158
3162.0,0.008294603928495925,0.06871852665527153,0.3809380423780491,0.5420488270381834
3037.0,0.42425689221581087,0.27942104326233336,0.253594740948456,0.04272732357339968
3583.0,5.02912787709137E-35,0.06991408860091816,0.57402963820694,0.35605627319214184
3879.0,0.039174605060286645,0.5577089969108863,0.2529576589860215,0.15015873904280555
3714.0,0.01462003397800053,0.8629723832521438,0.09564915919640898,0.02675842357344676
3050.0,3.0264853360407683E-12,0.15707854436311444,0.6058095342205253,0.23711192141333373
3528.0,1.412067990400878E-85,0.026849271646255717,0.2726706574862294,0.700480070867515
3181.0,0.24154533172248296,0.37904895349199796,0.3018796786795271,0.077526036105992
2809.0,0.3428240962940904,0.32473886559467957,0.26430128591661983,0.06813575219461011
3291.0,0.26909452308838844,0.3385904531303001,0.29858709038099107,0.09372793340032036
3454.0,0.011448874228300376,0.8192982963001526,0.11468467297903355,0.05456815649251326
2908.0,0.24302354773969614,0.35554575177141884,0.30617485002211225,0.09525585046677272
3636.0,0.5475075137921855,0.25002286181992545,0.18360916076708933,0.01886046362079959
3985.0,0.23289728811802016,0.3764876140552135,0.2910336178128065,0.09958148001395986
3837.0,0.0013972285619998314,0.058689711440773694,0.3018545968746284,0.6380584631225981
3928.0,0.012764836469903224,0.15135218539915438,0.5856291735106954,0.25025380462024693
3090.0,0.011202351514414616,0.08908062822948093,0.5827027700781982,0.3170142501779063
3511.0,0.008073832107724065,0.06929428702137659,0.3803908161909575,0.5422410646799418
2965.0,0.24315837564136492,0.35551100955645026,0.30611900549010523,0.09521160931207961
2851.0,0.015829285767958622,0.1552705103258406,0.705382104885867,0.12351809902033385
3329.0,0.2430235475721721,0.3555457482629007,0.3061748525086658,0.09525585165626142
3236.0,0.020090638571032562,0.1308025827133127,0.5930761970932285,0.25603058162242626
3659.0,4.616832322128393E-21,0.07744565813762655,0.3621426272111251,0.5604117146512483
3490.0,0.0013972377138540177,0.05868959939062646,0.301854152741437,0.6380590101540825
2944.0,0.03640744042434638,0.18917547824153796,0.6974105719200209,0.07700650941409476
3079.0,0.004176794825656295,0.05663501790012644,0.32160095125936394,0.6175872360148533
3917.0,0.008292860613458568,0.06870277430058427,0.3808562495358495,0.5421481155501076
3816.0,0.45128086734500406,0.2926824921888336,0.20190885640496578,0.054127784061196574
3678.0,0.29037240519260143,0.32025385677173857,0.2889774481414194,0.10039628989424058
3249.0,0.023781098860310462,0.8437203348331088,0.1283047971955839,0.004193769110996745
2870.0,0.42417463010383427,0.2794444234794296,0.25363743952122053,0.04274350689551556
3348.0,0.42453485925244533,0.2793419279416336,0.2534501755337228,0.04267303727219829
3192.0,0.024717933983246555,0.7515400951325102,0.18493006445930663,0.03881190642493659
3071.0,0.027060725244819384,0.14186922379937308,0.6008523793419224,0.2302176716138851
3549.0,0.2329027008956904,0.37649018254370115,0.2910269077821669,0.09958020877844147
3735.0,0.2770111609414361,0.32555099104712776,0.29278249318129734,0.1046553548301389
3890.0,0.23211639628181477,0.37734511600616005,0.2910455835039822,0.09949290420804296
3972.0,0.003869218931209767,0.17635805017176762,0.6117922533611919,0.20798047753583077
3617.0,9.075321964983235E-22,0.08462883186115179,0.31525773246047967,0.6001134356783685
3435.0,0.046268650051327215,0.22646783376045548,0.563653581301912,0.1636099348863053
2889.0,5.219390591542101E-5,0.054010350149982615,0.2213906339680726,0.7245468219760294
2796.0,0.31442723692332064,0.3494016994918383,0.2773669123345214,0.05880415125031981
3278.0,0.2770111593494841,0.3255509908230209,0.2927824936215132,0.10465535620598172
3606.0,0.31452715474768755,0.3494089559005289,0.2772926266479155,0.058771262703868156
4019.0,0.02847581587983279,0.19567997275087318,0.5682142101495032,0.20763000121979083
3321.0,1.699162054748792E-7,0.1687192800206657,0.6113143709213248,0.21996617914180405
3420.0,0.4054135318915297,0.27797725518690686,0.2667043269921526,0.04990488592941088
2942.0,0.0,0.02965208633262291,0.1909655069114288,0.7793824067559483
3016.0,0.43927079222731297,0.29558817191692116,0.2167452262502368,0.04839580960552909
3562.0,1.8735378590632576E-26,0.09351977937255054,0.3136634940043804,0.5928167266230691
3151.0,0.42445736053510796,0.27936398823209396,0.2534904618365884,0.042688189396209726
3845.0,0.24302354866514805,0.35554575039724695,0.3061748503198037,0.09525585061780131
3744.0,0.02849005450589513,0.19575435475076639,0.5682749619830264,0.20748062876031206
4044.0,0.002600698197529048,0.013467794882778068,0.21103730520444014,0.7728942017152528
3689.0,0.0013975239846874153,0.058695488761355954,0.30187920807483193,0.6380277791791247
2817.0,0.01117493646053653,0.17128721180178666,0.6540524091210634,0.16348544261661332
3363.0,0.112741623500464,0.21506867893251339,0.4729335108779952,0.19925618668902745
3206.0,0.014061587258779547,0.09262456667097997,0.5485239304158495,0.34478991565439104
3120.0,0.0,0.032072420054794125,0.23120160676550142,0.7367259731797045
3477.0,4.848595262849608E-88,0.02584557751758917,0.2741384989032823,0.7000159235791286
2999.0,0.005363575131935269,0.04648475289226814,0.850255898585096,0.09789577339070062
3807.0,2.5350137504602553E-31,0.04950366811554566,0.18180388743906745,0.7686924444453869
3962.0,0.048458885577070454,0.0971903596109036,0.6800428653743087,0.17430788943771736
3405.0,0.015829303215179197,0.1552705077104165,0.7053820973905572,0.12351809168384703
2927.0,0.007330549136599474,0.046146454740092054,0.8501152789166971,0.09640771720661123
3304.0,3.623217174907053E-6,0.09039890584033478,0.3211306592490732,0.5884668116934171
4002.0,3.2222888906601534E-4,0.04166306483046453,0.2385714264732697,0.7194432798071998
3591.0,0.4054212090949097,0.27797294724730487,0.26670250751641733,0.049903336141368104
3761.0,1.6948152756064237E-16,0.11770173298303933,0.441058516259621,0.4412397507573395
3860.0,0.03170777483389802,0.20345166963128838,0.5603220598171801,0.20451849571763345
3166.0,0.2501174217282667,0.32298327304291424,0.31574726770588235,0.11115203752293673
3033.0,0.008266761690747665,0.06880671388496162,0.38093338213233463,0.541993142291956
3579.0,0.03494748111394148,0.18517606390317987,0.6753250989655947,0.10455135601728395
3223.0,0.007022816589936003,0.041582729405888696,0.5842730005251606,0.36712145347901476
2832.0,0.06517322800216763,0.7647260970020241,0.14653039732860398,0.02357027766720433
3378.0,0.06512582157631232,0.6872528081627126,0.21882800856097817,0.028793361699996925
3704.0,0.014023710628469403,0.7614529221735502,0.2067704805422497,0.017752886655730618
4061.0,0.023781098860310462,0.8437203348331088,0.1283047971955839,0.004193769110996745
3947.0,0.0,0.03893358347921577,0.23266275766095948,0.7284036588598247
3790.0,0.2580644140340891,0.326672539575367,0.30675970034268824,0.10850334604785565
3460.0,1.8755168753404242E-26,0.09352701725441263,0.3136746506485256,0.5927983320970618
2982.0,8.690532607886695E-4,0.37045414749429606,0.43214149508052146,0.1965353041643938
3105.0,0.2689319662181175,0.33859328473517414,0.2987368778557248,0.09373787119098358
3833.0,0.007439000059130185,0.18082694007557149,0.6733964686624387,0.13833759120285968
3932.0,0.02849005384206258,0.19575435080990902,0.5682749650664047,0.2074806302816237
3094.0,0.1585406115454835,0.30127744855430505,0.391032594228004,0.1491493456722075
3507.0,0.24154536728277554,0.3790489413745759,0.30187965954483686,0.07752603179781163
2961.0,0.42444484251035225,0.2793675510390967,0.2534969691625605,0.042690637287990545
2855.0,0.4512808673454313,0.2926824921886413,0.2019088564047769,0.054127784061150507
3333.0,0.24302438286539885,0.355545536226287,0.3061745048493959,0.09525557605891827
3232.0,0.007032143942740213,0.04164796323453941,0.5842793998316704,0.36704049299104996
3663.0,0.0,0.05555085762308524,0.15608138731876645,0.7883677550581484
3875.0,0.16491257703514012,0.3083156635907252,0.384967878395205,0.1418038809789296
3718.0,2.7360946917285038E-11,0.04188229943418446,0.5873683896939148,0.3707493108445397
3054.0,0.41660427765931923,0.28162730634661537,0.2580000692340062,0.04376834676005929
3532.0,0.0,0.029652086332833012,0.19096550690979255,0.7793824067573745
3177.0,0.0012733897269034192,0.04778906224850267,0.18715893153365382,0.76377861649094
2813.0,0.0012190087132475302,0.12209536278540227,0.3391062698461266,0.5375793586552237
3295.0,0.0041766229293434915,0.056636372066509656,0.3216059668713971,0.6175810381327498
3450.0,0.550759642158853,0.24897945733836957,0.1816112626400119,0.018649637862765488
2904.0,0.0067027867528196595,0.06407486418595142,0.40354899238008596,0.5256733566811429
3632.0,0.16978119986541795,0.30911615997719794,0.38285233090097837,0.13825030925640566
3989.0,0.006789045638545858,0.1844445355004643,0.5688628672961008,0.23990355156488907
4032.0,0.45128085821552427,0.29268249372711547,0.20190886206638503,0.054127785990975244
3685.0,0.0014025962431468248,0.047771113172725886,0.18709251191561968,0.7637337786685076
3375.0,0.25530063728201063,0.3479310948324604,0.2911752434045161,0.10559302448101285
2829.0,0.0041767189316696315,0.05671778815934406,0.3219461872754379,0.6171593056335485
3210.0,0.5507595208984566,0.24897954538395792,0.1816112924750791,0.01864964124250641
3132.0,0.00129720619312566,0.05890169425157001,0.30250082327917815,0.6373002762761262
3003.0,0.4054212092600097,0.2779729471546622,0.26670250747728796,0.04990333610804015
3481.0,0.26933751183472737,0.33855865933826623,0.29850388772320396,0.09359994110380243
3795.0,0.014419553698920581,0.20781941898043577,0.648456449351672,0.1293045779689716
3958.0,0.0400087937587373,0.3817459918027582,0.4107549171486945,0.16749029728980996
3610.0,0.0013945501452028108,0.05871916410787021,0.3019707168900968,0.6379155688568302
4031.0,0.29034993498029643,0.32027220880770874,0.2889827737263907,0.10039508248560414
3317.0,0.3145136639390144,0.34940761574425433,0.2773025581058751,0.05877616221085619
2930.0,0.4511297231012397,0.2927512561110826,0.2019750036646192,0.05414401712305845
3408.0,0.40686349764143626,0.2805870641399719,0.2761594862839068,0.03638995193468505
3558.0,0.4512808484926925,0.2926825007662606,0.2019088646551395,0.05412778608590728
3012.0,0.16482287416295452,0.3083710173958278,0.384994917050912,0.1418111913903057
3139.0,0.1649128562660076,0.3083157121115435,0.3849677581941358,0.14180367342831302
3849.0,0.45128080699912254,0.2926825196596326,0.2019088828030262,0.054127790538218604
3756.0,0.1649125404457008,0.30831569014808863,0.3849678863921195,0.14180388301409108
3188.0,0.027779374521188907,0.21246339037640014,0.6996939441511155,0.06006329095129541
3537.0,0.405421209675052,0.277972946921768,0.2667025073789228,0.049903336024257096
3059.0,0.026366332829029,0.13281025690825246,0.676713429495776,0.16410998076694264
3739.0,0.06511805409341288,0.6867553375186726,0.21930368844112327,0.028822919946791245
3902.0,0.008281038844695337,0.19279577822711824,0.6986036741753807,0.1003195087528057
3976.0,0.012644427816086086,0.209941953894164,0.6695214249330421,0.10789219335670784
3629.0,0.04175982628386899,0.49278619342138325,0.3385268754973637,0.1269271047973841
2885.0,0.0,0.055550988410556765,0.1560866687070926,0.7883623428823506
3431.0,1.8251076965667152E-4,0.09644140143416567,0.7075645558275,0.19581153196867765
3266.0,0.02790986077570456,0.1926640902498136,0.5655670075646262,0.21385904140985565
2956.0,0.41898838212172096,0.29620232429256466,0.2320896095605469,0.0527196840251675
3502.0,0.012911563765243952,0.7861292062550385,0.16835461568054857,0.032604614299169075
3083.0,0.008287658799858603,0.0687164272614914,0.38084468088836193,0.542151233050288
3905.0,0.02629815036999985,0.44445223151840396,0.3691521168258955,0.16009750128570066
3812.0,0.4186675301089571,0.296269894463571,0.2323009512760322,0.05276162415143973
3666.0,0.3144605788452213,0.3494919976126228,0.27728153643555065,0.05876588710660525
3261.0,6.471682076516761E-4,0.6839213300507517,0.29240799254061606,0.023023509200980587
3352.0,0.2960696408929695,0.3476997089942354,0.2911777711048205,0.06505287900797457
2874.0,0.007879976511796623,0.06982288877378634,0.3799153078701947,0.5423818268442224
3887.0,0.015829414760540682,0.15527210835140176,0.7053812383359941,0.12351723855206354
3722.0,0.40541996115727796,0.2779736473371203,0.26670280347068404,0.04990358803491761
3520.0,0.4052782791212957,0.2780531308274114,0.2667363968523728,0.049932193198920095
3042.0,0.015043886196316688,0.11219392801468792,0.6308088878552228,0.2419532979337726
3173.0,0.03876987651795595,0.12968206415584949,0.5486702173466509,0.2828778419795436
3283.0,0.29037237739185734,0.3202538484386268,0.2889774731338237,0.10039630103569211
2801.0,0.00852759809619376,0.09860044046093767,0.7129481881732048,0.17992377326966383
2900.0,0.23875321971183996,0.3162752976430862,0.35754398671985677,0.08742749592521715
3446.0,0.42421496133735276,0.2794329537863727,0.2536164727734914,0.04273561210278315
3644.0,0.0360029595771808,0.7863696365022875,0.13981897777740976,0.03780842614312185
3993.0,0.4068611676901539,0.2805880888344559,0.27616001604495405,0.03639072743043616
3829.0,2.530368918759023E-31,0.04950120865916835,0.18179091329939165,0.76870787804144
3920.0,0.4127568266617069,0.32075293414915557,0.22985124064585233,0.03663899854328522
3098.0,0.2686121721995811,0.33859965504176753,0.2990007041871021,0.09378746857154922
2973.0,0.40686350458084763,0.28058706042951626,0.27615948453206907,0.036389950457567065
3519.0,0.2553006362013986,0.34793109481958717,0.2911752437312057,0.10559302524780859
3337.0,0.09906267024580281,0.31565442593769294,0.45757831859686243,0.12770458521964184
2859.0,0.006814378789963492,0.18492124075531774,0.5698467675506946,0.23841761290402425
3244.0,0.0013634594984502624,0.05870592700924966,0.301845537628968,0.6380850758633321
3651.0,0.008292768089664388,0.06870299458664061,0.3808559577350223,0.5421482795886728
3227.0,0.23289447473033,0.37650024337722116,0.29102906140610296,0.09957622048634583
3390.0,0.232902699673723,0.3764901823261538,0.2910269089898478,0.09958020901027544
2844.0,0.021597044939617185,0.15674720767082326,0.7606429083333079,0.06101283905625155
3700.0,0.00830717998943263,0.19276553328169943,0.6985879765115471,0.10033931021732072
4049.0,0.26909445178746466,0.3385904624161539,0.29858711567904067,0.0937279701173407
3943.0,0.005434949121975045,0.1735986616438959,0.660592579141551,0.160373810092578
3778.0,0.02437395535866068,0.1945421646478245,0.5524802073987102,0.22860367259480463
2986.0,0.008292858375776627,0.06870275731467909,0.38085615694286007,0.5421482273666842
3464.0,2.0811440218905038E-26,0.09359301771334548,0.31414621194604414,0.5922607703406104
3117.0,0.1451751140520206,0.34632926916227286,0.3923271105385994,0.11616850624710708
2915.0,0.2770111593719551,0.3255509908212488,0.2927824936053364,0.10465535620145971
3300.0,0.011629167324684105,0.22736023396506916,0.6768008328584408,0.08420976585180585
4014.0,0.0025591435736117512,0.013028175039583225,0.20752933264300266,0.7768833487438024
3595.0,0.05036087934249993,0.7563104640173152,0.17357517100568123,0.019753485634503826
3773.0,0.01462003398382443,0.8629723832149568,0.09564915923004925,0.026758423571169573
3864.0,0.0,0.029652086524616397,0.19096550541553534,0.7793824080598484
3154.0,0.05036089126523712,0.7563104138888437,0.17357520827534204,0.01975348657057704
3575.0,0.04505867106900561,0.5959853019417888,0.33689607978676306,0.02205994720244253
3029.0,0.24149054604300005,0.37903427441767423,0.3019292933438654,0.07754588619546027
3614.0,0.24154533303240547,0.37904895307608905,0.30187967795433496,0.07752603593717057
4027.0,0.052226664759862165,0.6309091236853852,0.29868609859380185,0.01817811296095076
3313.0,0.004083813878584149,0.1888789357618865,0.6919266108104279,0.11511063954910142
2934.0,5.594075548399789E-25,0.09799876427125516,0.33578871781531533,0.5662125179134295
3412.0,0.41808121784816693,0.31908028712880776,0.22751735039179077,0.03532114463123444
3554.0,0.24300683341931836,0.3555649196076766,0.30617989350684444,0.09524835346616059
3008.0,0.034790404525299516,0.7157196303783774,0.2380294227680267,0.01146054232829637
3143.0,0.028484802408233367,0.19572317459861377,0.568299357381745,0.2074926656114079
3853.0,0.003869218928628662,0.17635805018474365,0.611792253371764,0.20798047751486373
3752.0,0.04144802522454039,0.4929566785062789,0.3385984117650032,0.12699688450417748
4036.0,0.24302354852242447,0.35554575041670705,0.3061748504232736,0.0952558506375949
3681.0,0.02002303402607923,0.13076913692226141,0.5924272676224734,0.2567805614291859
3371.0,0.1649125769026381,0.308315663680817,0.38496787842864827,0.14180388098789665
2825.0,0.03327922358665735,0.18476573977937175,0.6751720717735366,0.10678296486043438
3214.0,0.03722996496214615,0.8124722730763416,0.13185296972816535,0.018444792233347027
3128.0,4.902876198217008E-4,0.379001758205322,0.4343566098263286,0.1861513443485276
3007.0,0.019110070159495736,0.07207819673366163,0.770318650152415,0.1384930829544277
3485.0,0.026351472725910374,0.4454099395963635,0.36846531031367774,0.1597732773640483
3799.0,0.024721110803416768,0.7513981140344799,0.185046420724974,0.038834354437129404
3954.0,0.0012701600086565939,0.1206913279597329,0.34013719592685543,0.5379013161047551
2952.0,0.4068632453698197,0.2805872144689326,0.2761595540509477,0.036389986110299984
3498.0,0.35431017205788384,0.298317608031828,0.28742135605245456,0.05995086385783364
3087.0,4.2635820942471364E-184,0.006763306796495081,0.17582378256903142,0.8174129106344734
3909.0,0.4797885477899066,0.298904301770498,0.20472182302049585,0.016585327419099623
3808.0,3.279972951888976E-4,0.09996350253274,0.6969183892720116,0.2027901109000595
3670.0,0.0014140571415920844,0.059256272968430314,0.3042634938831946,0.6350661760067831
3257.0,0.0101899671129501,0.18475721048246824,0.6424268261675258,0.16262599623705587
3356.0,0.24154581658431742,0.37904878256052,0.3018794215688462,0.07752597928631645
2878.0,3.212408702210536E-4,0.0459260957737706,0.25421622212894146,0.6995364412270668
3184.0,0.024717825055515993,0.7515389413973363,0.184930938901901,0.03881229464524664
3541.0,4.418233604102532E-87,0.026318470213853893,0.2805993667640512,0.6930821630220949
3063.0,0.028528780206731504,0.1960135586172754,0.5680618798196426,0.20739578135635042
3743.0,0.028489828460468197,0.19575438721375618,0.5682750824173682,0.2074807019084073
3898.0,0.16491257700469494,0.3083156636137915,0.38496787840120433,0.1418038809803093
3980.0,0.2521537736254531,0.34837668481955886,0.29542574121075343,0.10404380034423456
3625.0,0.2770111593719194,0.32555099082124234,0.29278249360534286,0.10465535620149542
2881.0,0.02848681393042595,0.19573521343914485,0.5682553720833637,0.2075226005470655
3427.0,0.19195595357340747,0.4223309945974877,0.3010270899729683,0.0846859618561366
3270.0,0.008527596906324791,0.09860042099902742,0.7129481895118099,0.1799237925828378
2788.0,0.011448825214370552,0.8192985624584468,0.11468447440908486,0.05456813791809789
3825.0,0.40540491052644645,0.27797646533976994,0.2667127668594138,0.04990585727436989
3924.0,0.42440735005365116,0.27939374023332536,0.25351449512935753,0.04268441458366592
3102.0,0.5507596421606115,0.24897945733705648,0.1816112626396192,0.018649637862712766
2969.0,0.014023722727633898,0.7614494502415919,0.20677346437899444,0.01775336265177963
3515.0,0.041448024400756955,0.49295668712130275,0.3385984061179722,0.12699688235996806
3341.0,0.25521032117174336,0.34792518186373506,0.2912457463439681,0.10561875062055356
2863.0,0.41856432388942705,0.3189272365392849,0.22730400361375178,0.0352044359575362
3240.0,0.29037225894972657,0.3202539241378166,0.28897750236083775,0.10039631455161901
3655.0,0.0520614412597973,0.6421369012182611,0.2886452688622586,0.01715638865968298
3883.0,0.026776663978591797,0.4454594724837615,0.3685485956934953,0.1592152678441514
3726.0,0.16491242147544047,0.30831565719623205,0.38496800504912054,0.14180391627920685
3524.0,0.23807180125882924,0.379513974851797,0.30419728558915343,0.07821693830022029
3046.0,0.012695490436641577,0.09664873554489962,0.6415260544682848,0.24912971955017393
3169.0,0.0012190051187598034,0.12209546306130736,0.3391061936055564,0.5375793382143764
3287.0,0.0,0.07900013731287216,0.5188084180170462,0.4021914446700816
2805.0,0.25530089878193885,0.34793067150663404,0.2911789938249942,0.10558943588643292
2896.0,4.2635820942471364E-184,0.006763306796495081,0.17582378256903142,0.8174129106344734
3442.0,0.004177898480369025,0.05665130168266815,0.32166774702481904,0.6175030528121438
3640.0,0.006491865917792467,0.04628263140143924,0.8502330827728395,0.0969924199079288
3997.0,0.026044176233463476,0.35653576595957065,0.43078396235812283,0.18663609544884302
2919.0,8.553324315063065E-4,0.10225419621554502,0.6922349544116658,0.20465551694128278
3397.0,0.004176724164103128,0.05663508629456151,0.3216009759170261,0.6175872136243094
3296.0,0.2855588768697495,0.32247165292243957,0.29075998947128656,0.10120948073652429
4010.0,0.4553307831559767,0.2878222578352858,0.21125834267104016,0.04558861633769738
3599.0,4.855737934958868E-153,0.012332162802637972,0.23531823984425418,0.7523495973531078
3769.0,0.045562450615409505,0.22441916484630223,0.5644510093268488,0.16556737521143947
3868.0,0.42453409727318303,0.2793421448676186,0.25345057163171947,0.04267318622747883
3158.0,2.5293417594880375E-31,0.049501219371623856,0.18179087832437787,0.7687079023039983
3571.0,0.0013968493816327975,0.05874449432379532,0.3020833660687994,0.6377752902257725
3025.0,0.48589086067652754,0.2803139322670019,0.20007071188424766,0.03372449517222289
3231.0,0.31450724803068236,0.3494159706432967,0.2773020199949467,0.05877476133107408
3386.0,0.03490826186966775,0.18514050674088361,0.6753723687074333,0.10457886268201536
2840.0,4.981677760691013E-4,0.10150301830566161,0.7201833326239516,0.17781548129431768
3696.0,0.41860704194202153,0.3189136452980124,0.22728523469720796,0.03519407806275815
4053.0,2.5176361431477314E-87,0.026200800146909453,0.2791931856416884,0.6946060142114021
3939.0,0.42453447440130104,0.2793420375040151,0.25345037559003525,0.0426731125046487
3782.0,0.00140264855155953,0.047771278462725504,0.18709340260950585,0.7637326703762091
2990.0,0.21007030594078946,0.33298008555782677,0.3788779800546554,0.0780716284467284
3468.0,0.0012198304062495892,0.12207234326708055,0.33912346386859266,0.5375843624580773
3113.0,0.0025590296801576624,0.013024503631864113,0.20749972543785586,0.7769167412501224
2820.0,0.41889295864328874,0.29623999475413576,0.2321301319665965,0.052736914635978974
3366.0,0.2553006378224418,0.3479310948457164,0.291175243279294,0.10559302405254782
3203.0,0.028489849906375646,0.19575333933134112,0.5682741004626378,0.20748271029964535
4041.0,0.2553005674847159,0.3479311047146043,0.2911753070399423,0.10559302076073743
3692.0,0.03565268663671305,0.7619947490950227,0.15942725945123756,0.042925304817026666
3802.0,0.01178030126886946,0.09671822561073917,0.6419606781908678,0.24954079492952355
3967.0,0.2554116204027095,0.3479323931505205,0.2911416942642742,0.10551429218249576
3125.0,0.5507596421606115,0.24897945733705648,0.1816112626396192,0.018649637862712766
3472.0,0.039174560700318134,0.5577090809384215,0.2529576088034193,0.15015874955784095
2994.0,0.314529275789127,0.3494086832291955,0.27729093221827816,0.05877110876339937
3324.0,5.74533998711487E-4,0.10363211493064235,0.7162151346835662,0.1795782163870799
3417.0,0.03479040452526969,0.7157196303785158,0.2380294227678798,0.011460542328334712
2939.0,0.0018094463411160917,0.06960014231989543,0.3468352180616893,0.5817551932772991
3603.0,0.023509615197525764,0.8202216251416373,0.12172066100297681,0.034548098657860106
4022.0,0.020098975597799107,0.14356899195753925,0.7755413298166347,0.060790702628026834
3840.0,0.013773886806015143,0.2375521945627287,0.6798508406138738,0.06882307801738245
3749.0,0.008292856104880578,0.06870276328716309,0.3808561519518897,0.5421482286560666
3021.0,0.27701111509162935,0.3255510444150364,0.2927824891333659,0.10465535135996838
3567.0,0.40542120883518434,0.2779729473924127,0.2667025075786915,0.049903336193711456
3146.0,0.1649125770351197,0.30831566359073276,0.3849678783952145,0.14180388097893307
3730.0,0.26909445365583995,0.3385904622979306,0.2985871140711859,0.09372796997504357
3895.0,5.661419279819737E-77,0.04681346271447255,0.4185967770023614,0.534589760283166
3197.0,0.27396811241237956,0.3645162213121333,0.2690474742330506,0.0924681920424366
3066.0,0.0,0.03893358351945468,0.23266275768161862,0.7284036587989267
3544.0,1.1929384726354905E-5,0.12893379291179813,0.5658096021261686,0.305244675577307
3438.0,0.028491876768362477,0.1957587862931735,0.5682728206701754,0.2074765162682886
2892.0,0.31409399227436124,0.3438110218843343,0.27082654525933836,0.07126844058196609
2793.0,0.23290270090085796,0.3764901825374937,0.29102690778103574,0.0995802087806126
3275.0,0.16588531469083598,0.3084828708173843,0.38454836650214524,0.1410834479896345
3969.0,0.40685982808045673,0.28058869085062954,0.27616032402851703,0.0363911570403967
3620.0,1.074532110359606E-4,0.45475523576582483,0.37992538295756784,0.16521192806557142
3912.0,0.2903736141802101,0.32025361202191066,0.2889774907684269,0.10039528302945233
3821.0,0.4186072112145396,0.31891359145330583,0.22728516031878998,0.03519403701336461
3495.0,0.2770112088788387,0.3255510015811797,0.29278247981972494,0.10465530972025665
2949.0,0.011819111596703322,0.171240419823397,0.6538960838727962,0.1630443847071035
3074.0,0.045562451015495435,0.22441916522322888,0.5644510083633256,0.16556737539795005
3252.0,0.4245240948455884,0.2793449923864286,0.2534557711772726,0.042675141590710355
2867.0,0.25530927812627396,0.3479311974372148,0.29117263100726676,0.10558689342924445
3345.0,0.014556508250796853,0.19832020282720528,0.5765760204227799,0.21054726849921787
3675.0,0.05246629216212958,0.5309135341131612,0.33745874158628275,0.07916143213842651
3051.0,0.06162471369048389,0.5295175957135181,0.36446724782170953,0.04439044277428861
3529.0,0.06522896878266159,0.6844057354949917,0.22137326547253403,0.02899203024981278
3180.0,0.001397907504568613,0.058712473118179544,0.3019515760612151,0.6379380433160368
3878.0,0.0014086568298775917,0.05954711842623325,0.3054298917662758,0.6336143329776135
3715.0,0.24302359472921356,0.3555457391278548,0.30617483127666056,0.0952558348662711
3637.0,0.2903723148201844,0.32025389840139873,0.2889774816468566,0.10039630513156031
3984.0,1.728030999893307E-201,0.10173125852086608,0.5405874900769708,0.35768125140216317
2808.0,3.570649972192249E-5,0.12465169326125779,0.4476786913620427,0.42763390887697766
3290.0,0.023677068281021556,0.22885147265152714,0.6305036369806385,0.11696782208681283
3455.0,0.015829304212329066,0.15527051138988607,0.7053820903175118,0.12351809408027309
2909.0,0.015829299844274957,0.15527050821485508,0.7053820988371695,0.12351809310370046
3091.0,0.3145292911584407,0.34940866780621166,0.2772909321177942,0.05877110891755345
3510.0,0.1649125839265583,0.3083156647882274,0.3849678754286444,0.1418038758565698
2964.0,0.2884459665006685,0.3466848563763505,0.28042171331976073,0.0844474638032203
3836.0,0.029375576724566282,0.2036204990272047,0.5581313980704611,0.20887252617776794
3929.0,0.2903677998585977,0.3202529927297925,0.2889846407472228,0.10039456666438701
3658.0,3.4820033710245886E-4,0.043071872756438805,0.24390511160138467,0.7126748153050739
2850.0,0.4512808673440333,0.29268249218927356,0.20190885640539216,0.05412778406130102
3328.0,0.03901041909022198,0.12940403589309069,0.5481981718392184,0.2833873731774689
3237.0,0.001402640326919585,0.0477711102566884,0.18709250642405736,0.7637337429923345
4056.0,0.26909445372365887,0.3385904622059339,0.29858711407426447,0.09372796999614269
3218.0,0.020099037360352692,0.14356923791727785,0.7755424945209541,0.060789230201415356
2837.0,0.16796257274053256,0.30882946764030506,0.3836517633355478,0.13955619628361454
3383.0,0.24302416356617323,0.35554559201864744,0.3061745956548505,0.09525564876032876
3457.0,0.424435347058652,0.2793702534827182,0.25350190526334776,0.04269249419528208
2979.0,5.1482896376211715E-6,0.09787146809405098,0.6496666607826573,0.2524567228336541
3108.0,0.24178428319089088,0.37896457750977697,0.3017530576711422,0.07749808162819002
3950.0,1.1424237670786107E-4,0.2014193331695775,0.584836594207051,0.21362983024666363
3787.0,3.3913270270028056E-5,0.09984547723107391,0.6814337745700266,0.21868683492862942
4007.0,0.424534841340603,0.279341933040928,0.2534501848447913,0.04267304077367767
3586.0,1.0942708385482757E-7,0.04276626893266331,0.5754380396128146,0.38179558202743835
3400.0,0.002559029679881194,0.01302450363195294,0.20749972543859993,0.776916741249566
2922.0,0.1649125573229504,0.30831569581323354,0.3849678793720405,0.14180386749177554
3309.0,0.4054212059579033,0.2779729490075844,0.2667025082598886,0.04990333677462371
3163.0,0.03521960849795749,0.1298415565516057,0.5503042391742786,0.2846345957761582
3036.0,0.028124458270915604,0.19379449942356372,0.5698194694472295,0.20826157285829122
3582.0,0.23297178731823825,0.3764506914679044,0.2910258176229619,0.0995517035908954
3764.0,0.008292859086321437,0.06870276285385547,0.3808561830522659,0.5421481950075572
3857.0,0.29034044332151016,0.32026857987558527,0.2889892978941436,0.10040167890876094
3320.0,5.572027023415098E-4,0.10150234270408139,0.7201671356311772,0.17777331896239992
3421.0,0.0390556015267907,0.38101898435201426,0.4117184386009297,0.16820697552026534
2943.0,0.2891635833361447,0.32076129712145335,0.2894610110951067,0.10061410844729524
3607.0,0.02848688873642459,0.19574795077516102,0.5682705531033186,0.20749460738509568
4018.0,0.0303129566196116,0.44334097912115805,0.36844698480546106,0.1578990794537693
3844.0,0.4186072037951794,0.31891359379624684,0.22728516358747716,0.0351940388210966
3745.0,0.04214908622216023,0.4510957344190855,0.36553249689592815,0.14122268246282613
3017.0,0.015829611985769942,0.15527229732322537,0.7053798701174943,0.12351822057351033
3563.0,0.5507596421606115,0.24897945733705648,0.1816112626396192,0.018649637862712766
3150.0,0.011544229714984195,0.16473206787253147,0.6587528442351208,0.1649708581773635
2816.0,0.02791122363675085,0.19325149529796695,0.5703444601992956,0.20849282086598658
3362.0,0.0055292659048324574,0.49423238034790884,0.357658828657298,0.14257952508996063
3207.0,6.467793001950788E-4,0.6838789977680849,0.2924552845931488,0.023018938338571195
4045.0,0.16486911368821527,0.308348301697781,0.3849764430247894,0.14180614158921437
3688.0,0.2769779455926204,0.32555495261336936,0.29280547116484706,0.10466163062916313
3963.0,0.05234591554737522,0.5119683507993882,0.282008801532707,0.15367693212052952
3121.0,0.4242229773772372,0.2795570443661266,0.25354136893854806,0.04267860931808822
3476.0,0.406863504738405,0.28058706036009745,0.2761594844962167,0.03638995040528088
2998.0,0.002559029680158823,0.013024503631864108,0.20749972543785566,0.7769167412501213
3916.0,0.008313882556240751,0.06886211200032356,0.38172512442514817,0.5410988810182875
3817.0,3.650630993307156E-6,0.09050730882265855,0.32149732405286985,0.5879917164934784
3491.0,0.27665999329278257,0.3255243815235547,0.2930746877435392,0.10474093744012362
2945.0,0.3107177498667011,0.3521172861235979,0.2518252772952586,0.0853396867144424
3078.0,0.5507596316669333,0.24897946195500567,0.1816112672740049,0.018649639104056065
3248.0,0.2430235535045843,0.355545749719328,0.30617484797451705,0.09525584880157062
2871.0,0.004814760905713676,0.06633144039025486,0.35995970690278317,0.5688940918012483
3349.0,0.277002575058553,0.3255517922321987,0.29278859180463945,0.10465704090460883
3679.0,0.0012190048317564709,0.12209545725495073,0.3391061581129731,0.5375793798003198
3734.0,0.0161920817323885,0.5217465532096016,0.3420443827474732,0.12001698231053672
3891.0,0.4553307825607312,0.2878222581461414,0.21125834288772577,0.0455886164054017
3193.0,0.03600095950596585,0.7863765645715728,0.13981527209045955,0.03780720383200186
3548.0,4.781167527907813E-4,0.048139844032877174,0.1887904732883278,0.7625915659260043
3434.0,4.842520909116002E-88,0.02584536005663277,0.2741388338169664,0.7000158061264008
2888.0,0.010665871866963609,0.14340759939710798,0.6765569019595103,0.16936962677641804
2797.0,0.04144778952409414,0.4929365430998358,0.33861182258122896,0.12700384479484111
3279.0,0.24154513964673344,0.37904883219157876,0.30187990072338505,0.07752612743830276
3973.0,0.0013581877987731217,0.05870838469404967,0.3018436611019549,0.6380897664052224
3616.0,0.020093118852710232,0.13081023345937182,0.5930706123606277,0.25602603532729024
3095.0,0.06511805409341288,0.6867553375186726,0.21930368844112327,0.028822919946791245
3506.0,0.017121999840840167,0.13361028499776767,0.670192299172059,0.1790754159893332
2960.0,0.0025590296801576624,0.013024503631864113,0.20749972543785586,0.7769167412501224
3832.0,0.41657017266821894,0.2969778990717434,0.23334230415859633,0.053109624101441294
3933.0,0.01291148817085826,0.7861200489749898,0.16836204277416253,0.03260642007998941
3662.0,0.16491257703507817,0.3083156635907673,0.38496787839522045,0.14180388097893418
2854.0,0.2430220907280412,0.3555458682731774,0.30617596039696077,0.09525608060182061
3332.0,0.029302432373482547,0.19578455241179926,0.6972487755483003,0.07766423966641792
3233.0,0.016191922237362866,0.5217396069135788,0.342049361635832,0.12001910921322625
3055.0,3.2222888906601534E-4,0.04166306483046453,0.2385714264732697,0.7194432798071998
3533.0,1.5709571344930727E-32,0.06011022779239414,0.23947031261721793,0.700419459590388
3176.0,0.0046800115045309105,0.04168063090958737,0.5856298683596375,0.36800948922624427
3874.0,0.007022775552522166,0.041582404640822475,0.5842731196172543,0.36712170018940105
3719.0,0.23290270090037637,0.37649018253776895,0.29102690778104334,0.0995802087808113
3633.0,0.04068818803355078,0.3860074821666849,0.4077386864778271,0.16556564332193727
3988.0,0.03931573699808614,0.12936849308958343,0.5480282960571451,0.2832874738551853
2812.0,0.3472241101302563,0.3353246550199407,0.27394988754952926,0.04350134730027377
3294.0,0.07848546021486098,0.6942063829154173,0.1925211780062588,0.03478697886346298
3451.0,0.011449740001643647,0.8192944872546497,0.11468739142873702,0.05456838131496953
2905.0,0.0027320785642969414,0.01698910311785676,0.23699722139605245,0.7432815969217939
4003.0,0.03398482897723249,0.10162433715844509,0.8210788031308593,0.04331203073346304
3590.0,1.897657116614858E-26,0.09352118026126095,0.3136865006812576,0.5927923190574815
3404.0,0.02519304036581319,0.18516167858352842,0.6779720702938777,0.11167321075678076
2926.0,0.004177648291751774,0.05664562113172092,0.32164490538234947,0.6175318251941778
3305.0,0.008292858375624781,0.06870275731645248,0.3808561569475878,0.542148227360335
3167.0,2.557173935191454E-31,0.04951828870568327,0.181855724488568,0.7686259868057487
3032.0,0.01246185075188628,0.15576267529977442,0.7066823255391338,0.12509314840920557
