3067.0,0.033494912474222524,0.5778915026466633,0.35293572232717435,0.03567786255193969
3545.0,0.016927690904658774,0.07948145094417823,0.4921061440701033,0.41148471408105974
3731.0,0.04958872523361607,0.3724456502864988,0.5046857202664208,0.07327990421346432
3894.0,0.11248337480479319,0.4395619436535963,0.3804091627145144,0.06754551882709595
3968.0,0.017287602864588157,0.1566498594268958,0.5646856689132385,0.26137686879527766
3621.0,2.58743436875855E-6,1.3161371709703295E-4,0.030940487876483742,0.9689253109720505
3439.0,0.006718977212278539,0.1807018550444288,0.47448028384266283,0.33809888390062987
2893.0,0.9797601895626109,0.01939522736108188,8.356110812070894E-4,8.971995099993855E-6
2792.0,0.008408854574571977,0.3113350252248196,0.5525767104415601,0.12767940975904848
3274.0,0.022021902946320546,0.3818308886052844,0.40764758441898014,0.18849962402941492
3494.0,0.6785727419343253,0.28085718914547825,0.03930259638306519,0.001267472537131232
2948.0,3.1817218387857266E-6,0.0026857040666956994,0.11314241682234258,0.884168697389123
3075.0,0.002493748855203932,0.19704839986887274,0.4964304576490371,0.3040273936268863
3913.0,0.0025540951196946116,0.05058997910473573,0.4552150823821419,0.4916408433934278
3820.0,0.08084802897023308,0.4302813631907186,0.4149333678468617,0.07393723999218678
3674.0,5.644892568414443E-4,0.025593422711863864,0.3582970748045006,0.615545013226794
3253.0,0.02181673070427095,0.11088525146866715,0.5251091297483842,0.3421888880786777
2866.0,0.8959496213428605,0.09623352221547304,0.007729655974945197,8.720046672119314E-5
3344.0,9.465435369266662E-4,0.007433559958191986,0.24226073689701874,0.7493591596078626
4040.0,1.1983160674946362E-5,0.004515631208376897,0.16401745494916217,0.831454930681786
3693.0,0.3432508181248647,0.43228015443447027,0.2087671646037195,0.015701862836945593
2821.0,0.1291941950517344,0.26558501563661985,0.47938429158969464,0.12583649772195116
3367.0,0.0015956228049434247,0.14847201953595082,0.6189268512264819,0.23100550643262385
3202.0,2.243136492668301E-5,0.002220741121620153,0.12102998167731661,0.8767268458361366
3124.0,2.090529203195946E-4,0.003793810003806438,0.1988650022958999,0.7971321347799741
3473.0,0.09294400075575199,0.46358334859546,0.3623684540395707,0.08110419660921732
2995.0,0.7464298194295358,0.1762548658371998,0.07313921518724924,0.004176099546015258
3803.0,0.39069191613083337,0.34733035075905316,0.23768533673420483,0.02429239637590864
3966.0,0.021963998051400327,0.1536951569874866,0.5422505255743622,0.2820903193867509
3602.0,0.0010248434748339164,0.005860245651648915,0.26068089429269076,0.7324340165808263
4023.0,0.015939695988479264,0.3636566872194998,0.5364527659519626,0.08395085084005847
3325.0,6.420799379865817E-5,0.013974641210232846,0.15516643632285837,0.8307947144731102
3416.0,0.0669881336058186,0.16168616870130822,0.455970855760855,0.3153548419320182
2938.0,0.015053445567397508,0.10350528606265329,0.5298631949703752,0.351578073399574
3020.0,0.11684934114985755,0.552401614328654,0.2886343300872769,0.04211471443421146
3566.0,0.01791262564533086,0.18816483030781872,0.590830142670688,0.20309240137616238
3147.0,0.0011246326110389091,0.07040281659235123,0.45100822902283494,0.4774643217737748
3841.0,0.6003878988123754,0.3062599522575136,0.08827124691377101,0.005080902016339816
3748.0,6.939676752319807E-4,0.014069465692989783,0.24040904583823997,0.7448275207935382
3219.0,0.009119370238750054,0.12651883299961153,0.5756509739888452,0.2887108227727932
2836.0,0.06841268148274907,0.17357142181199572,0.5527495096925643,0.20526638701269093
3382.0,0.029082379784175674,0.32331783060323294,0.5011384435730415,0.14646134603954997
3708.0,0.00917047517160166,0.1555796057163965,0.5638307905816604,0.27141912853034145
4057.0,0.04568769842700355,0.4996596535038927,0.40796039220273805,0.046692255866365745
3951.0,0.004376369410694377,0.17305668254034307,0.5786004096429829,0.24396653840597973
3786.0,1.2221135996311907E-4,0.008525444047378273,0.15473120820517813,0.8366211363874804
3456.0,0.02071256784450263,0.16615927311895215,0.5089179812681426,0.3042101777684026
2978.0,0.10261081714430462,0.42547640512532053,0.41214580304222315,0.05976697468815156
3109.0,0.9208948550530893,0.07707702418203688,0.0020209304649092086,7.190299964428892E-6
3401.0,0.9368209783276387,0.05330648079354212,0.009665447584547503,2.0709329427184077E-4
2923.0,0.3014396874427107,0.358560873836681,0.294574842932283,0.04542459578832526
3308.0,0.002565595575851913,0.2760467210386415,0.6700764697685615,0.05131121361694509
4006.0,0.4912623119411159,0.40103151322370445,0.1026532100276448,0.005052964807534816
3587.0,0.9218841183359034,0.0754429902764418,0.0026506047749892767,2.2286612665502593E-5
3765.0,0.3375745099174311,0.33789575220003654,0.30836447758993646,0.016165260292595907
3856.0,0.04186797624247364,0.2999410353492651,0.5333039142937801,0.12488707411448127
3162.0,0.005258787890547093,0.03917393388328804,0.49573437550416344,0.45983290272200145
3037.0,0.03719791768773466,0.23668129287144296,0.4922996323649988,0.23382115707582357
3583.0,0.022636655666537494,0.12557054200783918,0.6001452152746333,0.25164758705099005
3879.0,0.030383795800691723,0.2193439889836507,0.5092658493433522,0.2410063658723054
3714.0,0.8114137802296885,0.17219634664571376,0.0161908163383312,1.9905678626645868E-4
3050.0,3.4878411574002015E-4,0.026576547152386453,0.4368770056073552,0.5361976631245183
3528.0,2.1517292142450873E-6,9.096015683036293E-4,0.11667783130075483,0.8824104154017273
3181.0,0.06701209430903629,0.17381546445097926,0.45956827394897176,0.2996041672910126
2809.0,0.9072313366022556,0.08622222691565895,0.006492322127177074,5.411435490828056E-5
3291.0,0.4385973310570732,0.45869742271490915,0.09899369879568073,0.0037115474323368945
3454.0,0.0070023191320659935,0.23595849162820115,0.5383191649989044,0.2187200242408284
2908.0,0.4153137346719719,0.32153821501070357,0.22840774555996374,0.03474030475736072
3636.0,0.06514306462238562,0.4682270331721369,0.3978192439695346,0.06881065823594287
3985.0,0.07253909479148062,0.579738801912751,0.3149142895446352,0.03280781375113309
3837.0,5.173666862484722E-5,0.002906197394707039,0.17138923762531819,0.8256528283113499
3928.0,0.0013231244868022246,0.04100092613818185,0.41002763591589697,0.547648313459119
3090.0,2.1553068241391795E-4,0.02089621360502375,0.35962418345983427,0.6192640722527281
3511.0,0.0016224138845192509,0.13629780263530766,0.48242854759911347,0.37965123588105965
2965.0,0.09099262178830338,0.42368979204466023,0.42904193186455986,0.05627565430247653
2851.0,0.0560667934301154,0.3524251991239146,0.42506354249899764,0.1664444649469723
3329.0,0.06719938758123623,0.19423009118439385,0.4670475524640699,0.2715229687703
3236.0,0.11364409608253515,0.6827864134702737,0.19453921940548421,0.009030271041707005
3659.0,0.008622762548386792,0.22063822399869584,0.5547783427328065,0.21596067072011094
3490.0,0.11211117906637424,0.06319610242717073,0.4892085474914669,0.33548417101498806
2944.0,0.04779538299188137,0.40831005887465976,0.47296783225290223,0.07092672588055664
3079.0,0.004892358277050761,0.12038358601372456,0.5676569849025912,0.3070670708066334
3917.0,0.004330469259779564,0.10229213971505657,0.5399115945352425,0.35346579648992144
3816.0,0.19011251609561686,0.5289316117894377,0.25303925896121626,0.027916613153729265
3678.0,0.06423765198890366,0.18021795084122755,0.49678215498413236,0.25876224218573657
3249.0,0.00652304737196278,0.14816886459488185,0.5475588798988629,0.2977492081342925
2870.0,0.3194717808544637,0.33186090246079036,0.2992697271337161,0.04939758955102984
3348.0,0.6757921836355639,0.2467875794919347,0.07306226297869359,0.004357973893807839
3192.0,0.7201220539978075,0.2501470715624918,0.02933719637668988,3.936780630109063E-4
3071.0,0.013586651508944407,0.13571092800455045,0.5288781686816839,0.32182425180482144
3549.0,0.06500674682143484,0.8115695177938226,0.12086158277727307,0.0025621526074695393
3735.0,0.09738705493691355,0.5707174719838392,0.31195621269570817,0.019939260383539072
3890.0,0.050919413230795796,0.8321358033131715,0.11046010765404715,0.006484675801985588
3972.0,0.06464738644043778,0.5246122597370039,0.3688889987097861,0.04185135511277223
3617.0,2.5571280062591047E-4,0.01049807357282152,0.1565196363319932,0.8327265772945595
3435.0,0.02851720589398283,0.12443581553896889,0.5316044013048881,0.3154425772621603
2889.0,6.188584770572154E-5,0.0020325707969277565,0.11861391156003563,0.8792916317953309
2796.0,0.020537615632891873,0.30046757318580025,0.5287592526771063,0.15023555850420148
3278.0,0.002171723122259614,0.11116702040820431,0.4962825395862921,0.39037871688324394
3606.0,0.042431375469520693,0.2798064973646845,0.5193150397378311,0.1584470874279638
4019.0,0.00601628474546667,0.033936316775144304,0.5368602939528914,0.42318710452649755
3321.0,0.0030376874057309496,0.059856748457202985,0.5549820863130389,0.3821234778240271
3420.0,0.07361034443294644,0.5779419677851346,0.3251288662440539,0.02331882153786514
2942.0,0.2608667502064573,0.49455403546533044,0.22748708294553946,0.01709213138267276
3016.0,0.45074036997880457,0.5118441423637309,0.03692205943984022,4.934282176243517E-4
3562.0,0.003412427071606716,0.053894453014473084,0.373463551481357,0.5692295684325631
3151.0,0.18504056233806354,0.5460447503292266,0.24633611612781067,0.02257857120489923
3845.0,0.18192442541873072,0.5583253678064722,0.24300679554366544,0.01674341123113166
3744.0,0.4228572794904797,0.30058198733667607,0.25051012722959,0.02605060594325429
4044.0,5.306678344506284E-4,0.027353166058845392,0.294796251325277,0.677319914781427
3689.0,0.016148254380502148,0.02963868808420255,0.3431084713960211,0.6111045861392743
2817.0,0.0075675056452826715,0.30707899433020897,0.549229867842146,0.13612363218236234
3363.0,0.01607864251013368,0.15477893451141286,0.5129370561290465,0.3162053668494071
3206.0,0.01917402725883576,0.38388807342748993,0.49124271716925183,0.10569518214442229
3120.0,0.10019113760903194,0.13612607890223039,0.5437647389110851,0.21991804457765257
3477.0,0.0023096884784160345,0.07330296050253647,0.5126655073765691,0.4117218436424784
2999.0,0.012863984585620806,0.14333395316801922,0.5894911340588623,0.2543109281874976
3807.0,0.01935098089946579,0.23326863729050756,0.5696803311973243,0.1777000506127023
3962.0,0.009669468584294644,0.14387010620960222,0.612379982486417,0.23408044271968603
3405.0,0.0019018696303877622,0.1379847285506751,0.5477408247688939,0.3123725770500433
2927.0,0.22559695882401465,0.4635760997546716,0.27070390988347787,0.040123031537835814
3304.0,0.004584820966085909,0.05874055804290026,0.5703054432871689,0.366369177703845
4002.0,8.33016062429033E-5,0.008918758542943774,0.19236979977121582,0.7986281400795976
3591.0,0.8282061485070757,0.15277358252152348,0.018632685880342417,3.875830910584709E-4
3761.0,0.24903170915217376,0.49169506812386454,0.24183143399904525,0.017441788724916318
3860.0,0.013148753414391734,0.1873162693479305,0.5711198276516104,0.2284151495860674
3166.0,0.3636814371108832,0.45049386365334426,0.1763695516453297,0.00945514759044289
3033.0,0.01455704556445845,0.08800701688177974,0.6290627184161842,0.2683732191375776
3579.0,0.020853994250808534,0.18666127169879912,0.5714229519883285,0.2210617820620639
3223.0,0.006622465469197676,0.07235394523416454,0.48793677794453494,0.4330868113521028
2832.0,0.034800524225761104,0.32670051471454975,0.556178772623496,0.08232018843619307
3378.0,0.0023284327662745534,0.2756464718567057,0.4178719666041044,0.30415312877291534
3704.0,0.010119835819552381,0.10599130683585228,0.4885519929912456,0.39533686435334986
4061.0,0.0028808971584491495,0.09447329053682246,0.5248975253639512,0.3777482869407773
3947.0,5.7377030370236585E-6,0.004727294466136921,0.1276879370782147,0.8675790307526113
3790.0,0.03400058837164236,0.36740348863667543,0.48036979495896315,0.11822612803271894
3460.0,0.02204898646100317,0.03752500608341006,0.4772161124564648,0.4632098949991221
2982.0,0.005580472749272067,0.22994862639864241,0.5277014368509618,0.23676946400112361
3105.0,0.5762079978950773,0.2749007476599984,0.13423131168190275,0.014659942763021658
3833.0,9.66647408941865E-4,0.026883802975364558,0.3351045915848804,0.6370449580308132
3932.0,0.005933930891303793,0.19146462682690327,0.5843523585756937,0.21824908370609913
3094.0,0.0047987063521852434,0.11894482804036963,0.5114241417132317,0.3648323238942134
3507.0,0.2642878652983281,0.5364473859157427,0.19409121969343623,0.005173529092492965
2961.0,0.6462167778004312,0.23876119422146155,0.10177588890469441,0.013246139073412785
2855.0,0.8524268289440063,0.11408709789384172,0.031782824241483376,0.0017032489206685272
3333.0,0.06720199686615368,0.673899286932286,0.2502844385832646,0.008614277618295753
3232.0,0.043187203386175266,0.3966832210189077,0.49459636115239247,0.06553321444252463
3663.0,2.3891198786240865E-5,0.00885955146895681,0.25652480403670136,0.7345917532955555
3875.0,0.14784476182693823,0.3764246091303038,0.41911314392775145,0.05661748511500659
3718.0,0.0028944268422630808,0.2123980592872946,0.5752617966488957,0.2094457172215467
3054.0,0.005440187399871911,0.18394578865046135,0.5488908434617766,0.2617231804878902
3532.0,6.32855650122474E-6,0.0033450423908235284,0.10078093080680571,0.8958676982458695
3177.0,1.675951997031877E-4,0.051678310006969964,0.3662544335790427,0.5818996612142842
2813.0,0.05502150920737654,0.21661210000664832,0.5909495812293226,0.13741680955665247
3295.0,0.001127257960386395,0.029589060565347006,0.2773594577298072,0.6919242237444594
3450.0,0.7257220312048155,0.23467241872904676,0.03832270838417758,0.001282841681960059
2904.0,5.9180225941432995E-5,0.010717597201140544,0.15889291022851,0.8303303123444081
3632.0,0.044182264886945405,0.3659799418731741,0.49060682984262005,0.09923096339726045
3989.0,0.042029711349114644,0.3730561853545388,0.4429718854932964,0.14194221780305014
4032.0,0.02567683569337947,0.3149607760738752,0.5582504535912953,0.10111193464144999
3685.0,0.0015699414829783594,0.01029519792436827,0.5140499142479387,0.4740849463447146
3375.0,0.11560876792620016,0.7075377773893384,0.1653787900480704,0.011474664636390875
2829.0,7.630173959105091E-4,0.043173995201855775,0.2476555310485441,0.7084074563536896
3210.0,0.030601074891451207,0.31964955073703577,0.5240751805758718,0.12567419379564126
3132.0,1.2991429804885653E-5,0.011259380335046263,0.20606730283004918,0.7826603254050997
3003.0,0.13153091300181446,0.6601733549482334,0.2029106692850715,0.005385062764880571
3481.0,0.7299675376149852,0.20156751293362085,0.06380797188480318,0.004656977566590931
3795.0,0.005481830077230775,0.03251628818110646,0.49147382485813984,0.470528056883523
3958.0,0.023279860158365202,0.27964559838361286,0.5251447531402965,0.1719297883177254
3610.0,2.8164969309899612E-5,0.010083645210308847,0.20203868918030662,0.7878495006400746
4031.0,0.29191204828412787,0.6127361508503621,0.08980360628314922,0.005548194582360749
3317.0,0.04051496370392888,0.21525209537938092,0.5327674749866067,0.21146546593008358
2930.0,0.18916275197028112,0.34652820728915606,0.39744030706605554,0.06686873367450726
3408.0,0.8374258255085272,0.12108105684648533,0.040168643778075434,0.0013244738669120142
3558.0,0.9338517343340341,0.06295916315709404,0.003158592499111374,3.0510009760513325E-5
3012.0,0.20329167323124006,0.6056135263136883,0.18426961617380197,0.006825184281269699
3139.0,0.007812021316669811,0.29008407579463413,0.5228711759988548,0.17923272688984127
3849.0,0.9760206691765718,0.02343112704906074,5.458833831751328E-4,2.3203911923437947E-6
3756.0,0.11882279442179766,0.648703465749498,0.2221364080428703,0.010337331785834115
3188.0,0.1167241717647032,0.45262837357725344,0.3816866675340984,0.048960787123945096
3537.0,0.9790413162836453,0.019664290241411208,0.001284527491567197,9.865983376430365E-6
3059.0,7.410854679036605E-4,0.07469658701169206,0.5509370637116096,0.37362526380879474
3739.0,0.00112343340904951,0.040549309718826636,0.3508457152044417,0.6074815416676822
3902.0,0.005471579849848326,0.2220797032011693,0.5076463059638564,0.26480241098512597
3976.0,0.04689439521194974,0.3913995924464895,0.42786629958170325,0.13383971275985757
3629.0,0.8708586793526467,0.11412717814373234,0.014443279169304076,5.708633343169694E-4
2885.0,5.073214666934184E-6,0.003656046505156469,0.167558139281987,0.8287807409981897
3431.0,0.04919642500722707,0.47464826151214207,0.38465809662678807,0.09149721685384281
3266.0,6.856091074458959E-4,0.003285960854371175,0.21339871437429098,0.782629715663892
2956.0,0.3014396874427107,0.358560873836681,0.294574842932283,0.04542459578832526
3502.0,0.04748116003867793,0.5105093190833322,0.38629361810835583,0.05571590276963411
3083.0,0.023287578681678103,0.12757217012630548,0.5687786364036136,0.2803616147884029
3905.0,0.1482284684848824,0.6452378414886862,0.19632421537330963,0.010209474653121811
3812.0,0.03378871703572711,0.32117526724579165,0.48737140481966,0.15766461089882117
3666.0,0.10324457559233363,0.6442634114019751,0.24637028032416117,0.006121732681530154
3261.0,0.7983020165472143,0.13465041504618971,0.06306358179198174,0.003983986614614191
3352.0,0.01373125474062717,0.08089509777985959,0.4245696543043262,0.48080399317518696
2874.0,2.7848629476948526E-6,4.0753927031132606E-4,0.0917112116788604,0.9078784641878805
3887.0,0.009045170711603528,0.1886618593982812,0.6212979007122006,0.18099506917791475
3722.0,0.09364402275043443,0.3839329464362215,0.4440185276026832,0.07840450321066098
3520.0,0.03417512680164603,0.41873591043367114,0.47099084280584,0.07609811995884289
3042.0,0.814674776902497,0.15333549063307378,0.030908111520150782,0.0010816209442783375
3173.0,0.1651850894131797,0.21624312625587414,0.5073495310452338,0.1112222532857124
3283.0,0.007455924035386624,0.09002854614029085,0.4019266178453849,0.5005889119789376
2801.0,0.07505672974827104,0.38498869616070946,0.5011528168878645,0.038801757203154985
2900.0,0.11568543210367255,0.4038840394170486,0.4420446359748922,0.03838589250438675
3446.0,0.07827842458637334,0.48983285957074146,0.37959424250664625,0.05229447333623898
3644.0,0.05679162787430111,0.7583368122184435,0.18382726620807338,0.0010442936991821312
3993.0,0.7552089173065516,0.21321554143713253,0.030703407824425138,8.721334318906262E-4
3829.0,4.66389271974141E-5,0.002112928763398436,0.12524845993046216,0.872591972378942
3920.0,0.5360506658633556,0.34104283247978256,0.11621380521963925,0.006692696437222588
3098.0,0.001952335255113965,0.06159949646533195,0.4576692043473255,0.4787789639322286
2973.0,0.9682253195235972,0.030682157285741515,0.001088490991273209,4.032199388071652E-6
3519.0,0.01774529786270212,0.4453338552696809,0.4531018483152692,0.08381899855234791
3337.0,0.004306062609087391,0.03355278121216977,0.3984572959940228,0.56368386018472
2859.0,0.004781453663150038,0.11627914432632921,0.5058075196683949,0.3731318823421258
3244.0,4.461238325668359E-4,0.0318968910701293,0.34408424823224465,0.6235727368650592
3651.0,0.005979057119271067,0.1788178849358658,0.5685726988028105,0.24663035914205267
3227.0,0.2568468207551391,0.34356714219903817,0.3493074158167975,0.05027862122902521
3390.0,0.19588532303600684,0.4763661858252733,0.2999216121554614,0.027826878983258415
2844.0,0.07021109441965954,0.5254619464097848,0.3687364446638702,0.03559051450668547
3700.0,0.03287521888732364,0.7043199043178823,0.26034744980774194,0.0024574269870522173
4049.0,0.04158623207475123,0.1853781511039865,0.4851727019530277,0.28786291486823445
3943.0,0.004677783713338252,0.24716222918544314,0.5388917445013435,0.20926824259987506
3778.0,0.0063692792898237685,0.18239795769384495,0.5155004799284674,0.2957322830878639
2986.0,0.0031613997033396453,0.07392127940939658,0.4584150944828289,0.4645022264044349
3464.0,6.356097680691854E-4,0.03178276046988809,0.4183472736227962,0.5492343561392465
3117.0,0.025012967484633154,0.2936939862038097,0.5275695974893841,0.15372344882217295
2915.0,0.08030087357971319,0.312350419065687,0.5027938831866068,0.10455482416799311
3300.0,5.065994567208921E-6,9.435098470768968E-4,0.0910909209813701,0.9079605031769858
4014.0,2.8467801144550125E-4,0.044690474845275996,0.24881722545734947,0.7062076216859291
3595.0,0.001541297397950513,0.012537848367321105,0.25258653149785487,0.7333343227368736
3773.0,0.10766723920396831,0.22956870738035545,0.4835010822764275,0.17926297113924874
3864.0,1.1037261569015885E-5,0.004031459272015372,0.06205199405198031,0.9339055094144354
3154.0,0.07272469516605239,0.457605237279972,0.42460805634211307,0.04506201121186263
3575.0,0.06082221448092188,0.4910094457376236,0.3980694125090918,0.05009892727236293
3029.0,0.7423392659931197,0.22919358725735636,0.027913647539517496,5.534992100063729E-4
3614.0,0.13936688450706802,0.6206593175416508,0.21874462530089342,0.021229172650387724
4027.0,0.0017579377199959678,0.04230870364787672,0.5253331886392334,0.4306001699928939
3313.0,0.0253909243176729,0.16587627292895446,0.6024795555357743,0.20625324721759833
2934.0,0.40981427741738585,0.3721240837682796,0.20333665793262923,0.014724980881705384
3412.0,0.20923514641079802,0.3946149394098345,0.3499900035414776,0.04615991063789005
3554.0,0.2612544500177151,0.6897352522590044,0.04862337214880211,3.869255744783606E-4
3008.0,6.67278558483436E-4,0.038262966470548436,0.35065046994362636,0.6104192850273419
3143.0,0.07978142555616698,0.3066322547471677,0.47938165403531796,0.13420466566134723
3853.0,0.012811532041603515,0.39961796116154935,0.4974715019275518,0.09009900486929547
3752.0,0.7502292522846535,0.22280159681745873,0.026213230318010834,7.559205798769945E-4
4036.0,0.0012630448853741274,0.0383095199592768,0.3611641649931042,0.5992632701622448
3681.0,0.0082627832846358,0.23550332272831706,0.5072365509492786,0.24899734303776852
3371.0,0.005038454677081454,0.16296651295414144,0.6384208515389495,0.19357418082982766
2825.0,0.003265855785694854,0.0856490333069633,0.49451088880462857,0.41657422210271317
3214.0,0.8587176604417125,0.12635695459460547,0.014505210585270756,4.201743784113289E-4
3128.0,0.002189837238877906,0.022405154404384186,0.41357619457975314,0.5618288137769847
3007.0,5.762621392954195E-4,0.008678202094507693,0.31551011173286425,0.6752354240333326
3485.0,0.16058546286034658,0.7908355120018662,0.047990801971220486,5.882231665667513E-4
3799.0,0.01577077569676707,0.18576273190761405,0.6134765866964009,0.18498990569921805
3954.0,1.5724382224450653E-4,0.009760492893866865,0.2311735009135687,0.7589087623703199
2952.0,0.25591353337761097,0.306015751377192,0.34924923835418387,0.08882147689101307
3498.0,0.005104604877106336,0.22861555293192096,0.5804155049841586,0.18586433720681406
3087.0,0.008701987010283149,0.026014624398592204,0.5472339467326003,0.41804944185852444
3909.0,0.44983923657653185,0.43664440145589517,0.10926994757922293,0.004246414388350139
3808.0,0.0012068689578915482,0.16412819653752808,0.5121575233752693,0.32250741112931114
3670.0,0.05978251980111097,0.34991410361769937,0.4960429362658641,0.09426044031532553
3257.0,0.005663975499222822,0.450703449240562,0.45083369727002265,0.09279887799019261
3356.0,0.005175501526495098,0.05055357309069799,0.540621404085881,0.40364952129692583
2878.0,1.0772733274721985E-4,0.020592003051939103,0.2242159610812237,0.75508430853409
3184.0,0.18810635095861342,0.5154078307548429,0.27818397028783187,0.01830184799871182
3541.0,2.408035789394403E-5,0.005592286848941955,0.1323577974954017,0.8620258352977624
3063.0,0.004367217283872589,0.06860501825281651,0.6062163384899467,0.32081142597336415
3743.0,0.013860812420756211,0.1713095554500723,0.6086620645376456,0.2061675675915259
3898.0,0.1749228381003163,0.5835873809810304,0.2330075715089432,0.00848220940971019
3980.0,0.0732656432505124,0.2584574230904613,0.485589570718094,0.18268736294093219
3625.0,0.04189753636024033,0.21354809646113285,0.45625398716117244,0.2883003800174542
2881.0,0.10492909757577712,0.3081357752435584,0.47786458130324244,0.1090705458774221
3427.0,0.4982011575503905,0.43765394194786983,0.061277444931480705,0.0028674555702588537
3270.0,4.650327071731833E-4,0.003948947133031274,0.22491432720381183,0.7706716929559836
2788.0,0.26648941845938123,0.32846736745299315,0.34107176374525794,0.06397145034236763
3825.0,0.2126471085003415,0.6296018304593811,0.153837846699555,0.003913214340722442
3924.0,0.061898054443769494,0.2796599871539891,0.5556476056978373,0.10279435270440405
3102.0,0.595835586683084,0.30192304285872795,0.0960149939331949,0.006226376524993151
2969.0,2.509318657907436E-4,0.07023427324967238,0.3605397891269795,0.5689750057575574
3515.0,0.011113228914467118,0.25407764778314934,0.516852355716416,0.2179567675859676
3341.0,0.17778207954498138,0.3888945589514665,0.37276425808183816,0.060559103421713924
2863.0,0.11576258539269645,0.5963568931119757,0.26899150740265804,0.018889014092669746
3240.0,0.20710894538210792,0.510075539756692,0.26506298026332864,0.017752534597871454
3655.0,0.4455685912629653,0.5067086521519026,0.04755020070544074,1.7255587969134537E-4
3883.0,0.05329087733977205,0.4979453377481898,0.39065468628638766,0.05810909862565055
3726.0,0.00717356344057604,0.07610289478950394,0.5645259776192054,0.3521975641507145
3524.0,0.01097229244578335,0.19791453335318493,0.5673742175276605,0.2237389566733712
3046.0,0.028264513417843244,0.482075054856962,0.441503226711007,0.0481572050141878
3169.0,4.4370259196229655E-5,0.025283563121347795,0.2690594774895106,0.7056125891299454
3287.0,0.00460330206765379,0.0688217150389227,0.6156149120537812,0.3109600708396424
2805.0,0.1715647527836636,0.5787713416237624,0.23071868838828882,0.01894521720428518
2896.0,0.0064182459593995714,0.0744611661621707,0.43634801782163307,0.4827725700567965
3442.0,8.297746175726083E-6,0.0014284076636373849,0.13721849349117152,0.8613448010990155
3640.0,0.12563108973975382,0.5490103587607942,0.30695315655181865,0.01840539494763343
3997.0,0.049719229430618316,0.300994073983414,0.5332758696789037,0.1160108269070639
2919.0,0.30382808495064756,0.6039599766287499,0.08949450717723181,0.0027174312433706684
3397.0,0.2530112368458475,0.42241200435712195,0.26742085942893823,0.0571558993680924
3296.0,0.0022672208819118343,0.04695771116183455,0.49017843130725774,0.4605966366489958
4010.0,0.9787452205421574,0.020004506111990027,0.0012349447753851226,1.532857046749435E-5
3599.0,0.002447510614504717,0.03237377298341336,0.4068140877413515,0.5583646286607304
3769.0,0.024384155526649402,0.050434812731270345,0.5272673386709639,0.3979136930711164
3868.0,0.4831775423109389,0.2637715719532448,0.2230510838799778,0.029999801855838518
3158.0,0.44582235689730143,0.31792732602939555,0.20460527428383968,0.031645042789463354
3571.0,0.01079845992811164,0.09073560710709311,0.6239212778382447,0.2745446551265505
3025.0,0.7572553294133679,0.22668318274601315,0.015895215386934884,1.662724536840365E-4
3231.0,0.04381379239674963,0.25446649288649525,0.5466136272268503,0.1551060874899048
3386.0,0.12077889134386155,0.36831110301830816,0.4131319919760525,0.09777801366177782
2840.0,3.352678667717442E-4,0.031067866921152678,0.29950649802335394,0.6690903671887216
3696.0,0.8268865988919842,0.15781119952603637,0.014913208878079244,3.88992703900189E-4
4053.0,0.004127590369566843,0.09908967659788992,0.5195566271401698,0.37722610589237343
3939.0,0.3143135530170582,0.5133356376430377,0.15951969416335188,0.012831115176552218
3782.0,0.008517710648236487,0.05542645395352452,0.43050248632963845,0.5055533490686005
2990.0,0.6914518966765861,0.22026773399535454,0.0831647513620615,0.0051156179659979095
3468.0,8.467230326332713E-5,0.020444044644006967,0.21306072615095178,0.766410556901778
3113.0,0.02025891462850399,0.3199855891673514,0.5024469544545758,0.1573085417495689
2820.0,0.22815559756051973,0.23086490786295916,0.4180334216415525,0.12294607293496872
3366.0,0.9219381420375587,0.07424987450802904,0.0037843469824575646,2.7636471954708287E-5
3203.0,0.030429914413607897,0.0723370098877057,0.600294240273645,0.2969388354250415
4041.0,0.007598563492627857,0.07097554835685896,0.46518064364267764,0.45624524450783555
3692.0,0.04506768886517871,0.5768566663720602,0.3515786644242281,0.02649698033853291
3802.0,3.913768882094132E-4,0.00837724731363817,0.27392255011377215,0.7173088256843803
3967.0,0.06249476342341439,0.23432647203392493,0.5859085014330196,0.11727026310964112
3125.0,0.011560944793937142,0.08799804629039795,0.41862198153435626,0.48181902738130866
3472.0,0.07725962369583592,0.3517744633373998,0.435017766564847,0.13594814640191724
2994.0,0.24880056249059626,0.5717156584148543,0.16938848156684236,0.010095297527707202
3324.0,0.006629690857190739,0.1647541202170671,0.6270319994696941,0.20158418945604792
3417.0,0.07523812273739953,0.573828703889934,0.33562489515218297,0.015308278220483567
2939.0,0.006002841989951162,0.04032631641396446,0.5853469036299779,0.3683239379661065
3603.0,0.16123915798314875,0.5241547714464007,0.27535100495411996,0.03925506561633051
4022.0,0.029284394736610587,0.1270090430067291,0.48768318393481164,0.35602337832184855
3840.0,0.10464638965735423,0.41739675211503796,0.43826297427618766,0.03969388395142017
3749.0,1.042861401353231E-5,9.722753227416603E-4,0.0842750119975441,0.9147422840657007
3021.0,0.1191865146032544,0.49188750366776435,0.3454607899541822,0.04346519177479895
3567.0,0.3963836565559276,0.2725454179150873,0.2949311478741187,0.03613977765486634
3146.0,8.999252721098873E-4,0.09715597359901787,0.45144068518328373,0.4505034159455887
3730.0,0.01789424569497849,0.2861471985828646,0.5535759048943248,0.14238265082783208
3895.0,1.952611564879453E-6,4.6627741054125146E-4,0.08645264687369095,0.913079123104203
3197.0,0.00454265634780559,0.08418803289988916,0.4829619123208495,0.42830739843145577
3066.0,2.7978530219150506E-6,0.0012002324375769168,0.0837841149751456,0.9150128547342555
3544.0,0.0010372742899586859,0.04120010916435002,0.43474089919571174,0.5230217173499796
3438.0,0.0327018832998688,0.08475277654905242,0.6149833023765483,0.26756203777453047
2892.0,0.3485418696868283,0.26660684284163644,0.3295520245287514,0.0552992629427839
2793.0,0.14315534995962742,0.24585671128039704,0.4165841084026636,0.19440383035731204
3275.0,0.06682910766396985,0.4080985884044646,0.43811991467331535,0.08695238925825013
3969.0,0.4388094623059988,0.47974969479017265,0.07974218218970028,0.0016986607141281501
3620.0,2.189252225736344E-4,0.04923887694730613,0.30260343432976095,0.6479387635003594
3912.0,0.6215949805963766,0.3106824276509456,0.06522325562557368,0.002499336127104141
3821.0,0.038842039190131857,0.3414655137371494,0.5174352888458152,0.10225715822690341
3495.0,0.26735475584399643,0.5884597975375842,0.13836034891150642,0.005825097706912827
2949.0,0.025233911237250023,0.07437053675466812,0.40709730497521623,0.49329824703286573
3074.0,0.014141597550519344,0.15371593981206394,0.5157518836781949,0.31639057895922174
3252.0,0.4850154058859277,0.26309844638912333,0.22185884920120075,0.0300272985237483
2867.0,0.07525737842900568,0.384506500659124,0.4580275854769301,0.08220853543494035
3345.0,2.928228973324857E-4,0.03900907808351822,0.4360155875725328,0.5246825114466166
3675.0,0.059959595449384645,0.2917107772921534,0.4925575018621312,0.1557721253963307
3051.0,0.07034446855810776,0.3045294226852723,0.4784545816055728,0.14667152715104714
3529.0,0.006753635061100883,0.3610779237795205,0.49759181009717984,0.1345766310621988
3180.0,0.002201774121355533,0.07386610248083786,0.5007168427248292,0.4232152806729774
3878.0,0.004627644712621308,0.05196225263820692,0.5567313136235755,0.3866787890255962
3715.0,0.04466197651911796,0.5997541952477464,0.3213225564823505,0.03426127175078515
3637.0,0.03310226467999831,0.6404472323498481,0.2988194044623297,0.027631098507823915
3984.0,0.007883041986115391,0.10761806325909833,0.5912000824256017,0.2932988123291846
2808.0,0.029751871064510774,0.09266671028565303,0.5372584923020163,0.34032292634782
3290.0,0.04793954222896796,0.3552523595255204,0.4681578213791828,0.12865027686632896
3455.0,0.007111327584109305,0.015254282164608212,0.3342445052360349,0.6433898850152477
2909.0,0.10982375398525743,0.36068133906120403,0.46536985300407374,0.0641250539494648
3091.0,0.11872177412347107,0.33657731093556786,0.44126280373028437,0.10343811121067656
3510.0,0.007031571641856177,0.13402030002963758,0.48227670946662804,0.3766714188618781
2964.0,0.03411965467487342,0.23369578845582117,0.5456580075374913,0.18652654933181406
3836.0,0.005857617206080543,0.056072458050124625,0.3718225059112012,0.5662474188325937
3929.0,0.022857316800180282,0.1666096944669578,0.5310085734803548,0.2795244152525071
3658.0,0.059592877658522274,0.12565222190803513,0.5708225834425977,0.2439323169908449
2850.0,0.8925409707307651,0.09909029436742296,0.008248654283313133,1.2008061849877401E-4
3328.0,0.0024104217480112257,0.05244775274834063,0.47852902955034243,0.4666127959533057
3237.0,0.007673072581524122,0.07117527045562276,0.5707762429980726,0.35037541396478056
4056.0,0.7490258274116346,0.2352559143763293,0.015654001699638393,6.425651239768063E-5
3218.0,3.7976697325111086E-4,0.019857528103590334,0.2706769747593319,0.7090857301638267
2837.0,0.0014602870652406547,0.06060979629281529,0.38004628285415704,0.5578836337877872
3383.0,0.2879818930007425,0.5851702921049795,0.12101444470060217,0.005833370193675856
3457.0,0.554852107232611,0.3770314545032996,0.06460810863170484,0.0035083296323845234
2979.0,0.016142483315163544,0.6626669895670374,0.27553879088050154,0.04565173623729758
3108.0,0.05298699854212755,0.4820966282669979,0.4282874743758303,0.036628898815044164
3950.0,5.015634648597229E-4,0.024159290076972494,0.3963277747873013,0.5790113716708665
3787.0,0.0019427688169452,0.022690109872578246,0.33842782671371724,0.6369392945967594
4007.0,0.27032218708942884,0.3763245697304528,0.3079806335177565,0.045372609662361785
3586.0,0.0044674480445710905,0.1632285516979591,0.46815077410177736,0.36415322615569246
3400.0,9.71261991021741E-5,0.007582642741091367,0.22450103436749277,0.7678191966923136
2922.0,0.0028923400058773166,0.09673051901316942,0.47883692183221366,0.4215402191487395
3309.0,0.0030605184864404915,0.051766589634369996,0.5258166532511046,0.41935623862808497
3163.0,0.1757847814142874,0.17056093336366696,0.4733981333032933,0.1802561519187524
3036.0,0.010234171236675398,0.11017207088811318,0.4919409736955281,0.3876527841796834
3582.0,0.04999850919282977,0.4187440619432797,0.45170134231632936,0.07955608654756112
3764.0,0.007478921763428505,0.059840870219340446,0.3898680392963279,0.5428121687209032
3857.0,0.018324491275466735,0.4959029428810432,0.43937081705286296,0.046401748790627084
3320.0,0.010067092008432353,0.8394972530603143,0.14826181236948793,0.0021738425617653188
3421.0,0.0017799596033130007,0.2557928505654249,0.47888151308348187,0.26354567674778023
2943.0,0.002408865491085524,0.05261912989666166,0.5432353344587232,0.4017366701535296
3607.0,0.03811050691832742,0.21146927081940414,0.5003528539610657,0.25006736830120274
4018.0,0.17127906125515657,0.28120185179704654,0.5099071521529712,0.037611934794825684
3844.0,0.4603440030351971,0.21491279414211156,0.26543559015353824,0.05930761266915301
3745.0,0.04836632381941564,0.46904892530121417,0.43478308862224596,0.047801662257124296
3017.0,0.02391852157879347,0.33801981859582325,0.5165155420480151,0.12154611777736822
3563.0,0.03886345902674195,0.5413804611765517,0.37539696350731383,0.044359116289392604
3150.0,0.005010815867754392,0.20812494298434475,0.5325418222623403,0.2543224188855607
2816.0,0.5652873549594423,0.26237341805995334,0.15923444630951736,0.013104780671086875
3362.0,0.02810797625260259,0.2646877213865824,0.5153542743733299,0.19185002798748507
3207.0,0.006826477945010769,0.07066700373436809,0.45887005247127743,0.46363646584934376
4045.0,0.027521400539796195,0.6523930103676736,0.3117698778361875,0.008315711256342674
3688.0,0.027670673812043044,0.41804274072005915,0.4998195042028783,0.054467081265019514
3963.0,0.04086199351090482,0.3103446078196257,0.4905603854251659,0.1582330132443037
3121.0,0.13216338952053602,0.5238992653093498,0.2945796750295395,0.04935767014057459
3476.0,0.9282859337694866,0.06489577198079043,0.006654512437861129,1.6378181186183868E-4
2998.0,0.7210003756143472,0.23120366358348274,0.04621389022275374,0.0015820705794165552
3916.0,0.032215430137410954,0.185233618820616,0.5411759683529488,0.2413749826890242
3817.0,0.00802682369937145,0.23813711839076215,0.5730451772423015,0.18079088066756488
3491.0,0.006915111156812653,0.08978405385967354,0.4413936517948345,0.46190718318867935
2945.0,0.7279925404473417,0.22453524131409885,0.04631904857993723,0.0011531696586222688
3078.0,0.010566097191585406,0.10289686179490602,0.5501625831791503,0.33637445783435815
3248.0,0.8762115845740256,0.10617261810728096,0.01724171904874329,3.7407826995022896E-4
2871.0,0.06560807237660667,0.4737037981124079,0.3522185507878425,0.10846957872314289
3349.0,0.23402994846697364,0.321440351731297,0.38564145570470887,0.058888244097020426
3679.0,0.3528178436431513,0.45635660886743884,0.18251405038776614,0.008311497101643918
3734.0,7.887073058722024E-4,0.18060410888126052,0.46792621013122293,0.35068097368164447
3891.0,0.9044245447485338,0.07215917065759601,0.02197983857732277,0.0014364460165476314
3193.0,0.1696932281644332,0.4170080177309704,0.3766071825358594,0.03669157156873686
3548.0,0.0035356647637828135,0.22444098336463816,0.5291365451258673,0.24288680674571164
3434.0,0.059324744055372296,0.04098437909575916,0.48253615122366844,0.4171547256252
2888.0,0.2028998770150921,0.21450705529967287,0.4056172420646888,0.17697582562054617
2797.0,0.013123477420562711,0.686352934024792,0.2807417770982131,0.019781811456432315
3279.0,0.16045785375801327,0.5304336188668521,0.27010188429938364,0.03900664307575102
3973.0,0.0019329006484958627,0.07472182267981164,0.4100700191736812,0.5132752574980113
3616.0,0.12151812104777614,0.16395988585793989,0.5988354015556752,0.11568659153860887
3095.0,0.037502203558355464,0.49686966620961315,0.4089518520415079,0.05667627819052346
3506.0,0.017330531868775596,0.15441321260152624,0.5617774283929048,0.26647882713679333
2960.0,0.0132980380567246,0.18501536797672444,0.5949318846646883,0.20675470930186268
3832.0,0.49255317693133177,0.40116323380053137,0.10323835329807113,0.003045235970065634
3933.0,0.1828097940500899,0.7446587928932786,0.06963594760952596,0.0028954654471055516
3662.0,0.006836701365356491,0.2120808499272597,0.6045238731644401,0.17655857554294374
2854.0,0.05582263065269719,0.28841749164188674,0.5452798366983804,0.11048004100703569
3332.0,0.001349139353150446,0.15535591215904362,0.7092453454087637,0.13404960307904218
3233.0,0.03933462060273776,0.5219913916984384,0.35727304437860313,0.08140094332022071
3055.0,6.993528061789943E-4,0.011889948369717393,0.21635290304281588,0.7710577957812876
3533.0,0.009215651511935102,0.05142507992024372,0.5697963374970328,0.3695629310707884
3176.0,6.539950659775204E-6,0.0012651266429752096,0.09295455268433744,0.9057737807220275
3874.0,0.026455826819984707,0.5676747264572107,0.38183054437011715,0.02403890235268746
3719.0,0.015497356340315632,0.7481320350631535,0.22597654425165167,0.010394064344879326
3633.0,0.0314666209696373,0.424783087896898,0.4506283670886583,0.0931219240448064
3988.0,0.01285489097167959,0.39529679188329186,0.48896664185932104,0.10288167528570745
2812.0,0.5881002574152853,0.32912178576686146,0.07907815593723941,0.003699800880613854
3294.0,0.11451296672655543,0.5339751400880565,0.3009410599259644,0.05057083325942367
3451.0,0.00396092818463255,0.13796047358127675,0.4415620317633041,0.4165165664707867
2905.0,1.937429882254569E-5,0.00639386733386529,0.12592962021647455,0.8676571381508377
4003.0,0.23018708295049195,0.43841662499830736,0.2893230988964946,0.04207319315470614
3590.0,0.001976261587450176,0.03253189283629258,0.4962421307627253,0.46924971481353184
3404.0,0.11284188182142618,0.3527826984210338,0.4400883254733933,0.09428709428414672
