3067.0,0.00782204975714772,0.9333634894201289,0.058789819039982365,2.464178274094723E-5
3545.0,0.002919978567727784,0.024848657818097943,0.2274732326279149,0.7447581309862593
3731.0,0.021283103421999978,0.3369593894574688,0.569103590949152,0.07265391617137937
3894.0,0.3228752288457609,0.3660408674012756,0.2807070663725727,0.030376837380390837
3968.0,8.667488983443399E-9,0.055793357524911776,0.5545332458245,0.3896733879830992
3621.0,2.6716209787746694E-11,1.522110066189352E-5,1.8343584694139E-5,0.9999664352879278
3439.0,1.352164423953958E-4,0.034254133819717536,0.4302202132959284,0.5353904364419586
2893.0,0.9653287285456724,0.02467802452694419,0.009975803544386626,1.744338299677636E-5
2792.0,0.006977690168426004,0.6759682245217886,0.2880009711693497,0.02905311414043571
3274.0,0.012134712032045076,0.38591571194551244,0.5697405903585798,0.03220898566386265
3494.0,0.9327808133524321,0.06721918663559459,6.505308573530347E-13,1.1322834095350174E-11
2948.0,1.711044405919623E-7,0.0019270188764838917,0.07042863097844944,0.927644179040626
3075.0,4.5975318251160406E-4,0.40685443919762665,0.3222039237197364,0.2704818839001254
3913.0,0.004613881903629523,0.4051439495944546,0.4914393045343635,0.0988028639675524
3820.0,1.196275596649511E-6,0.2087324293288235,0.660677979545436,0.13058839485014404
3674.0,4.994087749250164E-9,0.1838180590328346,0.7801762554363402,0.03600568053673743
3253.0,1.9431891481876197E-8,1.3576855659318113E-8,0.8236259530491458,0.1763740139421071
2866.0,0.7196524619969492,0.20813098688959925,0.0717914337140747,4.2511739937672286E-4
3344.0,2.006870435435405E-5,0.013894501754092646,0.267250516806044,0.718834912735509
4040.0,4.785645232969563E-17,3.9817044692251087E-4,0.1520545303820876,0.8475472991709898
3693.0,0.6546050542924359,0.31197499009422736,0.03202535311945486,0.0013946024938819852
2821.0,1.8673756942219886E-11,0.15583730643223928,0.44740942914384024,0.3967532644052467
3367.0,9.298083909661784E-4,0.9990657010962074,2.844888920608447E-12,4.490509981569423E-6
3202.0,3.390580497966069E-16,9.603156876220133E-6,0.015184867057293633,0.9848055297858298
3124.0,1.0933924845870932E-6,3.087667774772163E-4,0.11029959309402732,0.8893905467360109
3473.0,0.0018941657732279584,0.07461892244473335,0.17737984452653888,0.7461070672554998
2995.0,0.833056853827428,0.1401827169888956,0.02618910831775601,5.713208659203947E-4
3803.0,0.9831293009550512,1.716589278890211E-12,0.01687069868994062,3.532916793905611E-10
3966.0,7.67205951612934E-9,0.19219796441654097,0.6710806629188589,0.13672136499254045
3602.0,2.902844762623143E-5,0.11277704676904067,0.534918524682598,0.3522754001007351
4023.0,0.04284811204327875,0.4786437385437585,0.44564031200762233,0.03286783740534043
3325.0,2.5769579283098717E-5,0.006262744694168862,0.06850419676463272,0.9252072889619154
3416.0,1.4108218672278115E-9,4.092448888131048E-8,2.708010403923737E-10,0.9999999573938883
2938.0,3.999359479206084E-4,0.05304863758606747,0.37379984572906233,0.5727515807369495
3020.0,0.2584588617394136,0.6328637353257818,0.1059539960255782,0.0027234069092264665
3566.0,3.916849577920298E-5,0.05314620971161852,0.3637099103679949,0.5831047114246074
3147.0,2.3339198765261826E-5,0.044599339729366735,0.48360611128635983,0.4717712097855081
3841.0,0.546135378128836,0.3266158367113039,0.1149921699096081,0.012256615250252078
3748.0,1.88647583603358E-8,5.7311757457434646E-11,0.2905322010035463,0.7094677800743835
3219.0,5.384403722890938E-4,0.6993818990335523,0.3000796437656084,1.682855023819933E-8
2836.0,0.044188501508051245,0.3465633019394818,0.41211698238161176,0.19713121417085513
3382.0,0.007516362744031968,0.13333341583355585,0.6878706967492038,0.17127952467320848
3708.0,0.0010385889264230017,0.49496755466264697,0.503993155702875,7.007080550434782E-7
4057.0,0.036326232959489245,0.5035639160272013,0.43988998907414517,0.02021986193916431
3951.0,7.615364555931093E-13,3.556095228106838E-14,0.9999999999976856,1.5172325982205147E-12
3786.0,7.363665463298749E-22,1.619208692341779E-7,1.749558564305541E-11,0.9999998380616351
3456.0,0.007871055196092916,0.101172357936378,0.726673292190284,0.16428329467724512
2978.0,0.01859301639811225,0.49812528225366015,0.27214575261071783,0.21113594873750988
3109.0,9.229196545574617E-16,0.9999999999999991,1.091763729242013E-18,4.5130172771192444E-17
3401.0,0.9872999080677655,9.263342928533075E-7,1.7847278756451522E-33,0.01269916559794173
2923.0,0.023432145937801067,0.12141059138733486,0.6669166197009169,0.1882406429739472
3308.0,1.7581443638684161E-12,0.20027473937619047,0.7827203862158776,0.017004874406173823
4006.0,0.7284554816296607,0.22248593601053912,0.04905855815171298,2.420808731011182E-8
3587.0,0.5667117866455207,0.4067418961723661,0.026546316922388617,2.597246143064848E-10
3765.0,0.04760634646862422,0.41486486998606553,0.5133847166724942,0.02414406687281599
3856.0,0.09669421015836334,0.1358887726374236,0.5303793832633128,0.23703763394090027
3162.0,0.016476712883872608,0.038729848020940524,0.41208917216522717,0.5327042669299596
3037.0,3.197015390531108E-4,0.0826970743258115,0.5550665627029816,0.36191666143215384
3583.0,0.017560311798739594,0.07910180820734623,0.7811296387358808,0.12220824125803333
3879.0,0.015100223602509929,0.47351590545981376,0.41645331257647034,0.09493055836120605
3714.0,6.42140706214327E-8,0.9999999357798858,3.3181839805697934E-12,2.72546631381556E-12
3050.0,0.004247918179260745,0.05849278917977762,0.5112300167188851,0.42602927592207646
3528.0,1.2621895784043004E-12,1.9495842634861764E-4,0.11637881906457724,0.883426222507812
3181.0,0.027156374900270588,0.3534170833631127,0.40417428189808896,0.2152522598385277
2809.0,0.9945228262294206,0.0048988570656414475,5.759622331987776E-4,2.354471739356205E-6
3291.0,0.31239310616704563,0.5657057796830312,0.11904859715497793,0.002852516994945361
3454.0,3.6753449444781844E-4,0.32449214025066514,0.4659552939555603,0.20918503129932678
2908.0,0.14152617350383717,0.3525037261555505,0.5059695775877906,5.227528218535658E-7
3636.0,0.3560844278518005,0.4390831090384376,0.2030731962773018,0.0017592668324600753
3985.0,0.08760543519681253,0.4903327093720776,0.3883075922446139,0.033754263186495895
3837.0,6.905912284363537E-11,3.098722787981852E-11,0.11662181750794337,0.8833781823920102
3928.0,5.641448435216388E-4,0.043995734759367196,0.4827730175005295,0.47266710289658165
3090.0,1.0017978648168816E-12,3.1777839313448493E-4,0.11568687348922395,0.8839953481166397
3511.0,4.692896805524417E-5,0.032325110482089095,0.5090404526220558,0.45858750792779995
2965.0,0.04900166382803608,0.33511522271377503,0.5013879725884914,0.11449514086969746
2851.0,1.1625183173088037E-14,3.157773174457848E-8,0.9939229474716611,0.006077020950595655
3329.0,0.022830813037365026,0.07745506402740775,0.661180632187141,0.23853349074808633
3236.0,7.145061976383752E-8,0.05053778535560009,0.9246084999805988,0.024853643213181304
3659.0,6.316166526468994E-6,0.026400748143689534,0.4863054127595226,0.4872875229302614
3490.0,4.653340567312853E-7,6.798164532877372E-10,0.561612534452461,0.43838699953366594
2944.0,0.11892415364230433,0.34460686725527734,0.4955996368275484,0.04086934227486997
3079.0,4.991613991998975E-16,0.05336636337743555,0.3921735892875171,0.5544600473350468
3917.0,0.0014761217015734475,0.19175715056938156,0.4866258963646765,0.32014083136436844
3816.0,0.07349563381963438,0.5236501602873743,0.4028540250148501,1.8087814117725882E-7
3678.0,0.5810907371401929,3.168523088476899E-10,3.765780766189334E-10,0.4189092621663767
3249.0,6.743904424892298E-19,0.9605642029152082,0.03943579708475571,3.619400756943159E-14
2870.0,0.26047743640373655,0.5926290333310079,0.14245825914869212,0.004435271116563381
3348.0,0.9524117199469363,0.04735550691616299,1.6282359710753248E-4,6.994953979343172E-5
3192.0,6.768796323768486E-8,0.9999999151034044,2.6491974903939103E-22,1.7208632371461158E-8
3071.0,0.018066578455725592,0.4500408838935468,0.41469105224769837,0.11720148540302926
3549.0,0.4383013787093738,0.42915778192311216,0.13254040636479228,4.330027217307855E-7
3735.0,0.9507965490791492,0.035728692246867755,0.013415597394527254,5.916127945589528E-5
3890.0,0.06593153705458159,0.9105296136874381,0.023191747506085495,3.4710175189484526E-4
3972.0,9.24814014517643E-14,8.587036214027126E-16,0.9999999999998936,1.3133502849202165E-14
3617.0,1.6786622198748325E-5,6.75916215055275E-4,0.059388258598124646,0.9399190385646213
3435.0,0.012076978196350152,0.040564997093680374,0.6466786721938915,0.30067935251607786
2889.0,3.851376114384433E-4,0.0027063884448453985,0.1297872534194107,0.8671212205243055
2796.0,0.004718051521180404,0.2078505347054909,0.3896879113285942,0.3977435024447345
3278.0,0.03826992553895685,0.07067967150316144,0.8910501234351677,2.7952271399893655E-7
3606.0,0.0721055914051667,0.17376628528943966,0.6943996339617636,0.05972848934363001
4019.0,3.1086339485411645E-4,0.030332261643530537,0.6561292331744778,0.31322764178713747
3321.0,1.9497506116799392E-14,0.0017917117860910925,0.29559449160108536,0.702613796612804
3420.0,0.19092006448304885,0.7741270199147416,0.03445784605593266,4.950695462769772E-4
2942.0,0.9999999923567567,1.3768169940764239E-9,6.240646695996041E-9,2.5779643406174743E-11
3016.0,0.30050543666168494,0.6260570920737358,0.07250470754995511,9.327637146241878E-4
3562.0,9.355353907036619E-10,0.011652711298951368,0.5646420922013435,0.4237051955641697
3151.0,0.6596258997802025,0.23017579918580267,0.08985832804594533,0.020339972988049626
3845.0,0.10615627629617554,0.6795043740956311,0.21433929527889856,5.432929480410522E-8
3744.0,1.326985088974093E-7,0.20827817935557758,0.7917216829333643,5.012549148683802E-9
4044.0,1.314855322614611E-7,0.019560058744277582,0.387928498833004,0.5925113109371861
3689.0,0.0033827811946866944,0.009580454146926562,0.26606020416300424,0.7209765604953826
2817.0,0.015235323547443062,0.4634796169278887,0.45457754078558926,0.06670751873907901
3363.0,0.005146749134011719,0.4329984160285043,0.44332279661972507,0.1185320382177588
3206.0,0.02001925731951314,0.6001598274324355,0.3230812536598513,0.0567396615882001
3120.0,2.0648848160725263E-5,4.808119347966624E-8,0.864132047420117,0.135847255650529
3477.0,4.8819750202266634E-11,1.1959086452761068E-9,0.10311182395158654,0.896888174803685
2999.0,7.657691114642515E-11,0.0011491814437750909,0.4952054423068764,0.5036453761727716
3807.0,5.6526270823388464E-11,0.0067813383481009175,0.41042852092047555,0.5827901406748972
3962.0,1.8201014614892055E-4,0.009606143121711054,0.548735419499573,0.441476427232567
3405.0,0.00855643805009368,0.15094505486048573,0.6355631317717648,0.20493537531765574
2927.0,0.7625590961944091,8.86623871351863E-7,0.19833717692171926,0.039102840260000334
3304.0,1.5895821198869609E-105,1.4689719244325826E-10,1.2540065067312393E-9,0.9999999985990964
4002.0,4.11713085428976E-8,5.01741493333679E-10,0.2945270276813441,0.7054729306456058
3591.0,0.896162859362665,0.10115763014399576,0.002654797421193013,2.4713072146050983E-5
3761.0,0.0010359367347448814,0.6067642824796328,0.3069181327598889,0.08528164802573339
3860.0,5.309274524066129E-4,0.043983854181597865,0.37784966334481057,0.577635555021185
3166.0,0.13885111565179542,0.6562334080395668,0.18813161064324763,0.016783865665390182
3033.0,0.0061034098480227585,0.02737305333290979,0.43919755065365257,0.5273259861654149
3579.0,0.0019629998314760816,0.2175709045542115,0.6698825237825223,0.1105835718317901
3223.0,0.0016836728471720302,0.09998952279436085,0.730560323131523,0.16776648122694413
2832.0,0.05473305831411547,0.6566801854047487,0.28746749760292534,0.0011192586782105348
3378.0,1.526294111514753E-16,0.9999998472809195,7.765875736495142E-10,1.519424926131792E-7
3704.0,0.0032891485226238908,0.4388757164845943,0.17861250695720277,0.37922262803557905
4061.0,7.711760758391933E-20,0.9999999999999913,8.191769152028597E-18,8.737754165512697E-15
3947.0,4.908473085279486E-11,1.3190186071920159E-10,3.1245666442660797E-10,0.9999999995065567
3790.0,0.0016672646720277318,0.13409289952331596,0.4167907649924389,0.44744907081221746
3460.0,2.059977222364993E-5,0.0035962477581589053,0.22266503698190612,0.7737181154877113
2982.0,1.536430135625914E-10,0.4694058965080106,0.46247621798513394,0.06811788535321235
3105.0,0.7120509643370307,0.11023884825050517,0.1766138388026929,0.0010963486097710492
3833.0,1.9215038411326817E-4,0.00619729985618592,0.5836978516657866,0.40991269809391423
3932.0,2.6308097798346135E-29,0.032692581507995956,0.9673074184920007,3.161166707647933E-15
3094.0,6.880509959595507E-4,0.052611330706567906,0.5407297542634284,0.4059708640340441
3507.0,0.012741105320208418,0.3054572269439025,0.6741745891069252,0.0076270786289639875
2961.0,0.07340276752257886,0.5834678152080713,0.3351757568859073,0.007953660383442536
2855.0,0.9220337100464945,0.0615689098983642,0.014198067045756737,0.002199313009384567
3333.0,0.16358201832738933,0.6988315299070141,0.13273793023499336,0.00484852153060304
3232.0,0.01257615229083169,0.49946079279866873,0.4505272050446805,0.037435849865819104
3663.0,6.7504425518002836E-15,0.02648127722605005,0.1779707237694122,0.795547999004531
3875.0,0.623199767322426,0.27434860220948243,0.10190939117949498,5.422392885964755E-4
3718.0,3.8241177528330916E-4,0.1823932947116508,0.5838686962243246,0.2333555972887413
3054.0,9.270983715216512E-4,0.18608911299867573,0.5472083359006591,0.2657754527291436
3532.0,2.9297836321438906E-16,9.905359538669616E-4,0.15468230223167212,0.8443271618144607
3177.0,9.968844483138545E-10,0.059131457250458284,0.5623269324844147,0.37854160926824254
2813.0,0.028526183197919552,0.13921151821193284,0.7024342151103298,0.1298280834798178
3295.0,1.1598539823000512E-4,0.022736469658774534,0.27969704909296483,0.6974504958500306
3450.0,0.01073153020851287,0.5792592920629027,0.40316742159633323,0.006841756132251181
2904.0,2.309283371540193E-8,2.9517546481514794E-5,0.009988701815845455,0.9899817575448393
3632.0,0.48304778909388746,0.2459185098362162,0.2624288955878693,0.008604805482027012
3989.0,0.012464091965476107,0.4363666904981214,0.4833684012044336,0.06780081633196886
4032.0,0.04282931014846174,0.2233599692532811,0.7044389717826277,0.029371748815629418
3685.0,0.001620339896065534,1.7987056481080495E-10,0.09127021440445927,0.9071094455196047
3375.0,0.3919263308708078,0.5833953090928311,0.024424378077933292,2.539819584276247E-4
2829.0,2.003660912885076E-4,0.041915117267197786,0.5184486179814797,0.4394358986600342
3210.0,0.07292556122150656,0.45853618303173926,0.3972800613555095,0.07125819439124473
3132.0,2.19219599448337E-5,0.00762502889465509,0.3205452687809389,0.6718077803644611
3003.0,0.6533197024165931,0.27934748612164423,0.06730203088072252,3.078058104005016E-5
3481.0,0.5816556172921528,0.3884446396632565,0.029250959265536787,6.487837790539405E-4
3795.0,0.0012931317858663684,0.026628338059243584,0.5274225043998585,0.4446560257550315
3958.0,0.10432706271017476,0.3951500055025783,0.46239867736329315,0.03812425442395382
3610.0,8.217946224169706E-6,0.001854004177055189,0.05960620036948191,0.9385315775072387
4031.0,0.15653720074657937,0.707808072147095,0.1189727063684059,0.01668202073791988
3317.0,0.0032534022799942143,0.09586904731704234,0.45751660666307153,0.44336094373989193
2930.0,0.04336467272567364,0.607237406862018,0.30029544818856563,0.049102472223742775
3408.0,0.6191312801678435,0.3159405061274711,0.06444419347437978,4.840202303056233E-4
3558.0,0.9751334626607527,0.01937834369883149,0.005488192433324299,1.2070914997848438E-9
3012.0,0.05409324557958385,0.7196551075551118,0.21995377390053467,0.0062978729647697835
3139.0,0.12642123911038006,0.6207498200003537,0.24536328180515316,0.007465659084113021
3849.0,0.8683064077361025,0.1276061791853053,0.004082039684187805,5.373394404616311E-6
3756.0,0.1032069316608567,0.5680543651951361,0.29968117086811796,0.02905753227588936
3188.0,0.029689261688909292,0.44539397966558225,0.49747409792403835,0.02744266072147018
3537.0,0.8876219776731193,0.10575042914650197,0.006613819382619465,1.3773797759211863E-5
3059.0,7.062038996684325E-5,0.005819805880617895,0.47435883147686364,0.5197507422525517
3739.0,1.504529295193405E-13,0.9999999927139136,1.546639955310483E-13,7.285781083941405E-9
3902.0,0.0013337536111031488,0.44755028989848217,0.5043195276612091,0.04679642882920555
3976.0,0.01493863211464426,0.5548284401374174,0.3713762998727079,0.05885662787523041
3629.0,0.9826025645187038,0.01737577263840656,2.1662842859553084E-5,3.0307321062587696E-14
2885.0,1.6521848922974013E-10,0.0017099758461737715,0.16162031522125098,0.8366697087673567
3431.0,1.4192707430175206E-12,0.9379423085477224,0.058752047569429214,0.0033056438814291324
3266.0,0.0011279185748701054,0.010595667284489027,0.2752677549032259,0.713008659237415
2956.0,0.0477016970463153,0.24698132891943755,0.5715574716933757,0.1337595023408715
3502.0,0.023333012370931425,0.8640160678324145,0.1126508757184957,4.407815834989241E-8
3083.0,2.950335095454461E-7,0.20420152570194697,0.7653163826827688,0.030481796581774682
3905.0,3.5365149565771385E-7,0.8808542742692085,0.11881215661569389,3.3321546360190804E-4
3812.0,0.030238384289155963,0.4942778100621941,0.42945737023259395,0.04602643541605595
3666.0,0.018395848057168988,0.7107690094125059,0.27083452659778146,6.159325436751805E-7
3261.0,3.4598502037897664E-24,1.0,3.7204306370226376E-24,2.695770410454131E-22
3352.0,0.002362712607860454,0.03113449558946187,0.4939253595431894,0.47257743225948823
2874.0,3.198433259600037E-6,3.0703600240277086E-4,0.2091053796460475,0.7905843859182902
3887.0,0.07062984918739712,0.2536715592216553,0.619301722753698,0.05639686883724954
3722.0,0.03024144162883699,0.5520881575431601,0.3905723120960198,0.02709808873198312
3520.0,0.0732875049134383,0.6503321140169191,0.25448110341382646,0.021899277655816136
3042.0,2.641951408083173E-7,0.477279965751152,0.5227197700468185,6.888693225031384E-12
3173.0,0.2509577312522433,0.24034938197632302,0.4512812292356803,0.05741165753575341
3283.0,0.05240507584020878,0.12556218049944248,0.4503844777123101,0.37164826594803857
2801.0,6.966835430391005E-10,0.08273105588908047,0.6283431664323957,0.2889257769818402
2900.0,0.028530437609512866,0.3597015915612918,0.5771751114957296,0.03459285933346579
3446.0,0.0676569147149549,0.7599005769319901,0.1702249205159759,0.002217587837079043
3644.0,0.021459898678819676,0.5722736300573376,0.40626645455092614,1.6712916490918073E-8
3993.0,0.8791710596239615,0.10683185830910968,0.013929144431371141,6.79376355576584E-5
3829.0,1.9585830762038902E-22,1.1366491582329487E-5,0.0045986837923726155,0.995389949716045
3920.0,0.03417660271331259,0.6598052282860806,0.2996515444907955,0.006366624509811425
3098.0,0.007267838811535718,0.1664819774385901,0.5132347904024251,0.31301539334744904
2973.0,0.8291389893842974,0.16056259812550203,0.010291942655929509,6.46983427104776E-6
3519.0,0.9265666923095712,0.07343246449024678,6.327371606398744E-11,8.431369084880939E-7
3337.0,0.0017277132810222082,0.07505682630607148,0.5634435914961816,0.35977186891672475
2859.0,1.060522358949159E-9,0.001107107964210129,0.2955098797768856,0.7033830111983819
3244.0,3.745647472121595E-7,0.008386012411853992,0.2685711093343492,0.7230425036890495
3651.0,9.209976340922393E-4,0.15811715940235857,0.6449033882810882,0.19605845468246097
3227.0,0.345287856457537,0.4794129763165612,0.16797069787946123,0.007328469346440477
3390.0,0.21785049792382657,0.7616192457222558,0.019866056835837524,6.641995180801674E-4
2844.0,0.009761321807405625,0.5366796224728609,0.4535590469344304,8.78530306567205E-9
3700.0,4.0506023288807524E-7,4.206643472745797E-7,0.9999957381464071,3.4361290129209978E-6
4049.0,0.055631273820559476,0.25928444458865835,0.6692159240217787,0.015868357569003528
3943.0,9.505928028054118E-4,0.07137660038068327,0.7359340875170364,0.1917387192994749
3778.0,0.0031383263051346704,0.060594309379878475,0.48113497278870615,0.4551323915262807
2986.0,1.1856162329603755E-13,1.2716923887084963E-11,2.4899673091749877E-8,0.9999999750874915
3464.0,4.882130897123868E-5,0.015972306921885383,0.38234552413247325,0.6016333476366701
3117.0,0.026832855123337662,0.4613118314866908,0.49633975593850255,0.015515557451469077
2915.0,0.29840322038548467,0.17397950107327576,0.4572959936639943,0.07032128487724522
3300.0,1.6977989939268932E-5,0.0013622058659993551,0.2903164257032822,0.7083043904407792
4014.0,1.0273955345052182E-8,0.04977608778617446,0.34701448693714276,0.6032094150027275
3595.0,2.8903123393010346E-10,0.3941600477396664,0.6058395244360919,4.275352105128525E-7
3773.0,0.024367426904703376,0.7917516126747304,0.18388096042008706,4.792174471767404E-13
3864.0,5.078663867094873E-11,0.0056025829259064375,0.05490252817362268,0.9394948888496842
3154.0,8.847694739288882E-9,0.945437600451858,0.05456239024505389,4.553934235739787E-10
3575.0,5.596614422556688E-4,0.34115891761791983,0.6531114305074155,0.005169990432409039
3029.0,0.08031410324097518,0.314758516904834,0.5868361928127226,0.01809118704146816
3614.0,0.10418809696953689,0.6694610744127036,0.2047053020855554,0.02164552653220397
4027.0,0.0026455573667228966,0.20214389896423765,0.5339403945622504,0.26127014910678903
3313.0,0.5270113892040117,0.12258449218504765,0.3252532973320431,0.025150821278897603
2934.0,7.539149113245518E-9,0.14384520452692298,0.6731148476730211,0.18303994026090686
3412.0,0.02118895164916768,0.3158258719878183,0.5239012928761702,0.13908388348684395
3554.0,0.23108551872854766,0.6159079129212051,0.15300652910324214,3.924700518442466E-8
3008.0,0.003711058687731103,0.6284177378892478,0.3678706204387421,5.829842789749312E-7
3143.0,0.009036215601594783,3.4440846300313524E-14,0.9909637843972602,1.1106139824088464E-12
3853.0,1.6300865083935984E-9,0.15758742514804042,0.8424124768024996,9.641937342810754E-8
3752.0,0.011217582135904645,0.9447222659246084,0.043716351130233526,3.4380080925362836E-4
4036.0,0.009605628449170562,0.02092846838582594,0.2625532034818716,0.7069126996831319
3681.0,7.187108271196065E-15,0.08374822468849036,0.570498259294159,0.3457535160173435
3371.0,0.016421467299885882,0.27172501311469865,0.6313309346804086,0.08052258490500688
2825.0,2.5765820529895526E-5,0.0065732519823370385,0.30069811195681095,0.6927028702403221
3214.0,7.514861753386952E-7,0.9835713014278765,0.016408955228255695,1.8991857692287535E-5
3128.0,0.004562677239228592,0.05307860797782197,0.46162123727124643,0.4807374775117031
3007.0,2.046448342796689E-5,0.0023980560483085164,0.5257122837600297,0.47186919570823377
3485.0,0.09639760942532996,0.7868962666816152,0.11670612389302411,3.085966257005606E-14
3799.0,9.196947710390031E-4,0.12383400483437801,0.8491881909499943,0.026058109444588584
3954.0,1.0582077026172696E-4,0.0029065635773440545,0.38731268387778606,0.6096749317746082
2952.0,0.06897740523388628,0.4075041170065011,0.4481057747853237,0.07541270297428901
3498.0,2.4430434374947754E-4,0.11835874654938719,0.6424781647411054,0.2389187843657578
3087.0,1.8341496426304252E-9,0.019789742151725215,0.28523451408775596,0.6949757419263692
3909.0,0.3715738651237997,0.4340366305584114,0.19328245416802953,0.0011070501497594104
3808.0,2.5995430701529883E-4,0.0590955827385939,0.6363772968089397,0.3042671661454511
3670.0,0.012687985575594689,0.09279238486948684,0.6816820206192004,0.21283760893571813
3257.0,9.145570319490594E-4,0.7809128572063988,0.20445068269607322,0.013721903065578899
3356.0,0.007335176395024902,0.9926492937985469,3.0349939599699E-11,1.5529776078157888E-5
2878.0,8.154970937427584E-6,0.011607953400488124,0.3085144516939649,0.6798694399346096
3184.0,1.0355051428434963E-6,0.9590978123110877,0.04010612611197896,7.950260717904461E-4
3541.0,7.174409435869793E-7,0.023087005830075225,0.3292896839187261,0.6476225928102551
3063.0,3.8397331846363764E-4,0.019415569251716877,0.5575264025879406,0.4226740548418788
3743.0,1.7808067797253475E-4,0.0639582579384377,0.8686059220023625,0.06725773938122727
3898.0,0.04367445785107845,0.7367369118349287,0.21698176868964267,0.0026068616243500376
3980.0,0.003991857922824263,0.3248713578692134,0.5536669711269008,0.11746981308106157
3625.0,0.2527954376216518,0.5329178307624939,0.21428623606259178,4.955532625052498E-7
2881.0,0.008413551558991178,0.2214582220540558,0.6478180222129373,0.12231020417401567
3427.0,0.14786304693649358,0.8205999946436975,0.03105195587025853,4.850025495505357E-4
3270.0,1.4377694887264575E-13,0.0056509283480760475,0.9943490716517517,2.8486971866668064E-14
2788.0,2.38619469950992E-12,0.9470010474871515,0.04901377055516859,0.003985181955293779
3825.0,0.43482525665669736,0.5136167077797087,0.05028335001771058,0.0012746855458833858
3924.0,0.21338132602547938,0.24241183907908864,0.46118477051794154,0.08302206437749039
3102.0,7.569589949522142E-8,0.9999999242951265,4.350106828824481E-13,8.538981027232024E-12
2969.0,1.7009051235236422E-13,0.015333247851347051,0.2758697401828789,0.708797011965604
3515.0,3.5791742575735416E-5,0.3113347007494802,0.6551446730053784,0.033484834502565695
3341.0,0.13514185632223596,0.5199059202673928,0.26177591273969114,0.08317631067068007
2863.0,0.35022978114503656,0.422948329276137,0.19653969958762751,0.030282189991198822
3240.0,0.8493641120525044,0.0969514646917182,0.05122463692759729,0.002459786328180186
3655.0,0.06023791662839091,0.7972045997987157,0.14255733251435718,1.5105853604034644E-7
3883.0,0.039207253431988213,0.5641337642989716,0.3657818308550508,0.030877151413989373
3726.0,0.004645869147628068,0.2571626153346884,0.7130638172369086,0.025127698280774925
3524.0,0.003939067744716083,0.13032201999811105,0.5692095269120889,0.29652938534508394
3046.0,0.5752889090535003,0.19863521981521942,0.22607586712609717,4.0051831032162906E-9
3169.0,1.0170675601816147E-5,0.5323844044423361,0.37065978413374495,0.09694564074831713
3287.0,6.133311861584378E-8,5.457366136736585E-10,0.7842709676549633,0.21572897046618153
2805.0,0.10025819982907648,0.5605182231273794,0.3153482467594964,0.02387533028404762
2896.0,3.470103644215193E-12,1.4244569080598393E-13,0.3799244583221999,0.6200755416741875
3442.0,2.662205715171781E-5,0.0028584824257375085,0.16841768959478007,0.8286972059223308
3640.0,7.996386636787372E-13,9.695592639513535E-7,0.9749455284391182,0.02505350200081834
3997.0,0.013577809744043398,0.1298891147019423,0.7349115296649884,0.12162154588902582
2919.0,0.44463018940890753,0.45959628557853777,0.09467046369609336,0.0011030613164613803
3397.0,7.507983671098295E-8,0.0653659671793752,0.669911577626825,0.2647223801139631
3296.0,0.010545076499305008,0.08186701696567673,0.6763176505809723,0.23127025595404604
4010.0,0.863658109414376,0.12971965307204097,0.006608463887270843,1.3773626312030808E-5
3599.0,3.0021917194662123E-4,0.003286389498180753,0.43304548490495404,0.5633679064249185
3769.0,2.4157018276307397E-15,6.042457914072516E-11,0.8641736721366504,0.1358263278029227
3868.0,0.2734077346577549,0.4804074286401186,0.2205925728969207,0.02559226380520584
3158.0,0.7269859770269098,1.4465018312582247E-4,2.666000350980884E-13,0.27286937278969775
3571.0,0.0018473270792184022,0.00729463718490499,0.7015573946774427,0.28930064105843395
3025.0,0.8445262741081221,2.022640177294101E-8,0.1554737056093816,5.609446747302668E-11
3231.0,0.009437550819354896,0.44232851821779423,0.5207741622188977,0.027459768743953117
3386.0,0.0024458114900431844,0.1834246252385124,0.5831199093229655,0.23100965394847883
2840.0,2.375865483646359E-6,0.011762138763182349,0.4627388095930255,0.5254966757783085
3696.0,0.9712395100960463,0.028095061079454444,6.631556560549876E-4,2.2731684443323406E-6
4053.0,3.0638270669666696E-4,0.020173033006999037,0.3796386818920173,0.599881902394287
3939.0,0.10108404938792473,0.8038508680353449,0.09500535321442317,5.9729362307333566E-5
3782.0,1.2464800818220711E-5,0.004281391646628847,0.30382366618041134,0.6918824773721416
2990.0,0.2678209856051609,0.5167245899031331,0.20637840594211332,0.00907601854959278
3468.0,4.632574373220258E-15,0.016994147592347884,0.537463103180842,0.4455427492268054
3113.0,1.9957559052556754E-8,1.758793027187271E-9,7.104557858355283E-8,0.9999999072380694
2820.0,0.05815524727162946,0.12174037881243135,0.6454964783735434,0.17460789554239572
3366.0,0.8107725556925746,0.17529627875979237,0.013921261106750522,9.904440882479322E-6
3203.0,0.002379655897371394,0.05578354921910533,0.4783729651656399,0.4634638297178834
4041.0,0.006335882484879264,0.11177880242014192,0.37133240103925963,0.5105529140557192
3692.0,0.0021742532150487532,0.6139914757887377,0.36909378009469,0.014740490901523427
3802.0,5.2384081061665033E-14,4.8307894201886305E-4,0.21451822396517561,0.7849986970927532
3967.0,0.24415376863904156,0.4586517130785036,0.28472429453197634,0.012470223750478508
3125.0,0.9999733610508561,3.0627348281513943E-25,6.460708113920568E-14,2.6638949079386988E-5
3472.0,0.02301030688441041,0.8461052150070678,0.12513378366132166,0.005750694447200003
2994.0,0.23708044708078052,0.6477441080309285,0.11198410557755219,0.0031913393107387317
3324.0,0.0017898032542205244,0.013174697804071251,0.720993036849361,0.2640424620923472
3417.0,1.086793671004607E-9,0.999999998884906,2.82885149118561E-11,1.1863416013116401E-14
2939.0,0.006047131417413387,0.0027257431332613847,0.5980758431318963,0.39315128231742885
3603.0,0.003668567116218509,0.12786662742859203,0.583691861880121,0.28477294357506844
4022.0,0.0445692517696211,0.11614924622599981,0.6827702612588769,0.15651124074550224
3840.0,0.8827118942587475,0.035739260197981904,0.08123293827352274,3.159072697478046E-4
3749.0,1.2125007876705045E-10,0.008244072456162708,0.14034986038473604,0.8514060670378512
3021.0,0.5371440535964718,0.3257786209681629,0.12246149824101876,0.014615827194346627
3567.0,0.4144855931164265,0.3395404411871207,0.22348106132630366,0.02249290437014926
3146.0,0.5417094780227993,0.4568852437945153,3.3370389602661044E-16,0.0014052781826850898
3730.0,0.35434311968756244,0.3750285344530398,0.23529848723090843,0.03532985862848933
3895.0,1.6398886881715566E-6,3.7584952492698446E-4,0.043972003851292,0.9556505067350929
3197.0,0.005163624807541011,0.041233248278526216,0.43635593542800377,0.517247191485929
3066.0,1.180526072358528E-15,3.697141047166075E-8,3.103952749154727E-47,0.9999999630285883
3544.0,2.865013307121006E-4,0.010310593535443011,0.5384942731634618,0.4509086319703831
3438.0,0.005206588493048676,0.12676572721118662,0.7930370193631544,0.0749906649326103
2892.0,0.6644691271567327,0.29635755007129105,0.03807435135244286,0.0010989714195333501
2793.0,0.07744557039972239,0.42308513233392886,0.4451359179094099,0.0543333793569388
3275.0,0.007351729400636264,0.20839017903813412,0.6599986927920884,0.1242593987691413
3969.0,0.3085329179159988,0.6122537086756138,0.07864820674324499,5.651666651422875E-4
3620.0,1.3480478390272855E-11,0.08597301758402279,0.7483733249680464,0.16565365743445035
3912.0,0.8889405316040514,0.09792772057986111,0.012703490901639141,4.2825691444833613E-4
3821.0,0.3659066161238333,0.11832307786146394,0.5157693886877437,9.173269590993818E-7
3495.0,0.7992141044895855,0.19086493723099346,0.009899782094985566,2.1176184435559695E-5
2949.0,1.864874599429212E-4,0.01348521348678168,0.986326234360452,2.0646928235332905E-6
3074.0,9.297989622131762E-4,5.144569575403472E-12,0.9990697979439261,4.0308871618089383E-7
3252.0,0.2887868087194946,0.4281404698798289,0.27721352518124065,0.005859196219435874
2867.0,0.3509926386147284,0.3699453051925326,0.2727495898990806,0.006312466293658423
3345.0,2.8553103352915645E-4,0.026381724245477283,0.7704667111156864,0.20286603360530714
3675.0,2.055825231917896E-9,0.6243035002435674,0.1718828564352737,0.20381364126533363
3051.0,0.018083184749266557,0.39641461052090193,0.5167760082674832,0.06872619646234825
3529.0,0.04267589307668666,0.3238496667695531,0.6334723847310155,2.055422744727324E-6
3180.0,4.025372394520177E-11,0.014897607385785997,0.23517230307210352,0.7499300895018568
3878.0,0.0020909200204161913,0.015772161933860333,0.453918191761289,0.5282187262844344
3715.0,0.029253134454202852,0.660743693586264,0.2805345871510849,0.029468584808448214
3637.0,0.014846632262955184,0.47536692631273214,0.5097864414153345,8.978184115450174E-12
3984.0,0.0014242967462694178,0.03551707805383893,0.8946028316004228,0.06845579359946886
2808.0,0.3771292903372252,0.1295298391848083,0.45151335829334727,0.04182751218461928
3290.0,0.007034598211051326,0.23765016258811486,0.6345479596822579,0.12076727951857605
3455.0,4.307046714491962E-12,9.174820827088156E-10,0.954623157665857,0.04537684141235394
2909.0,7.497212724177361E-10,0.011738236810177405,0.8064834572145483,0.18177830522555305
3091.0,0.14128916797208801,0.49658514286843325,0.2867650176367602,0.07536067152271855
3510.0,0.15865075451813443,0.45892038917648864,3.4415948372244655E-8,0.38242882188942856
2964.0,0.006285445564904527,0.057429068809448904,0.8504249430488506,0.085860542576796
3836.0,0.004814038010347479,0.05196553450196725,0.36557183301415797,0.5776485944735272
3929.0,0.0013319066584087,0.12577809810338234,0.38713275377938966,0.4857572414588193
3658.0,0.047882615226541046,0.23238638887960994,0.635411907405018,0.08431908848883103
2850.0,0.6746629200863326,0.30039689372586026,0.024845060974245766,9.512521356138187E-5
3328.0,7.487473668160045E-5,0.009027343599474453,0.2819426110187763,0.7089551706450676
3237.0,7.254133038578037E-8,0.02175367458140773,0.06586323727048259,0.9123830156067794
4056.0,0.993510293663656,0.006386996429782621,1.027099065614757E-4,1.2311771391194235E-17
3218.0,3.456619477701585E-11,0.010744478860239723,0.9892548734053442,6.476998498758837E-7
2837.0,0.0014627191503656448,0.01236907102311604,0.4105755337464802,0.5755926760800382
3383.0,0.13599196997856547,0.7057244529466608,0.14962179394951916,0.00866178312525449
3457.0,0.027551804558107327,0.5179345267956779,0.43189685050723897,0.022616818138975765
2979.0,0.022802415865174293,0.5771975751908188,0.25668524855234337,0.14331476039166355
3108.0,0.08236831326535107,0.44497621506879526,0.4386000332556618,0.03405543841019182
3950.0,2.3793969910330772E-5,0.010523817610353328,0.2044398369371855,0.7850125514825508
3787.0,3.260674129319349E-5,0.0038692891334080742,0.2454118425137902,0.7506862616115085
4007.0,0.08052343126752948,0.33884184720064175,0.5002564096564746,0.08037831187535419
3586.0,8.37626624649955E-5,0.05459469544783181,0.3929365137648321,0.552385028124871
3400.0,1.0115493491969324E-11,3.559878517778754E-4,0.03230722499497408,0.9673367871431325
2922.0,0.002444591689247254,0.04145680328650133,0.29098875245971295,0.6651098525645385
3309.0,0.016457359749069936,0.5252322037093754,0.29057512520924805,0.16773531133230662
3163.0,0.0013754169708919824,0.043024187379739516,0.3642660262865602,0.5913343693628084
3036.0,5.565987312061561E-5,0.04534969782941382,0.73895097229936,0.21564366999810564
3582.0,0.07922909492101989,0.8725831242685895,0.047410634091806944,7.771467185837243E-4
3764.0,0.0014749806345153696,0.06808515878187503,0.33001323311737607,0.6004266274662334
3857.0,0.02478358238808474,0.722938457735053,0.22385764015424273,0.028420319722619485
3320.0,9.30833145591455E-4,3.504741609513433E-5,0.9990340566872669,6.275104670408497E-8
3421.0,1.642459180902576E-8,0.13312558645223924,0.5888543666859006,0.27802003043726825
2943.0,0.0016878890886723242,0.1440014748655973,0.3900837188064794,0.4642269172392511
3607.0,0.017079432065333636,0.6864504934785571,0.2400163436639588,0.05645373079215051
4018.0,0.06628342306688716,0.3148999765976789,0.6188166003352031,2.3086086619124353E-13
3844.0,0.17387791968452518,0.4118967745669616,0.3630669124575216,0.05115839329099155
3745.0,0.018787806658529776,0.7069255001233435,0.27022818799070897,0.004058505227417738
3017.0,0.003033475433770901,0.006570492778828522,0.9903937786397635,2.2531476369846534E-6
3563.0,1.872398245050731E-9,0.9999999981127814,9.509962895185014E-13,1.3869445387651658E-11
3150.0,1.860118787776426E-4,0.3114969675985228,0.44111667669689963,0.2472003438257999
2816.0,1.1068755971382176E-6,0.37140015917974,0.5870218870566207,0.04157684688804211
3362.0,3.711924270656373E-10,0.004759743208288956,2.296394759880647E-11,0.9952402563975545
3207.0,7.323471459842578E-27,0.3857506412028967,0.6142471319983337,2.2267987696369668E-6
4045.0,0.02634230880047925,0.7064797550394001,0.26717776256256165,1.735975590210017E-7
3688.0,0.015001196457032346,0.539840784179035,0.4001853487242209,0.04497267063971173
3963.0,0.039935045612655616,0.25041124864131864,0.5647705587748796,0.1448831469711461
3121.0,0.059568937159940626,0.4396561203567534,0.3934259909852472,0.10734895149805875
3476.0,0.5978405535810715,0.35559001881190977,0.04639695824846403,1.724693585547239E-4
2998.0,2.6464638629056785E-66,1.3188702848823056E-8,5.1981647553583114E-9,0.9999999816131323
3916.0,0.0017799069184816448,0.3098710579290581,0.4744667852212597,0.21388224993120056
3817.0,5.989806470837999E-4,0.03536384165191978,0.9166886653575939,0.04734851234340267
3491.0,0.0031422484533617247,0.012207779024809462,0.3331427543062865,0.6515072182155424
2945.0,0.05820248251203451,0.7848702100653909,0.15548262684763106,0.0014446805749435045
3078.0,0.33086361042064205,0.6691363894345784,1.4473491208141695E-10,4.471875828557056E-14
3248.0,0.47311100730743777,0.4079358422958529,0.11806373402248997,8.894163742193721E-4
2871.0,0.04418105995182647,0.6344919735546247,0.2633525237167271,0.05797444277682171
3349.0,0.2709516000047798,0.2842271782993927,0.3665954477832335,0.07822577391259404
3679.0,1.998246352720101E-6,5.1973104136963347E-8,0.6846841316908201,0.315313818089723
3734.0,3.2954887763019756E-4,0.798542197422656,0.20112788222658862,3.7147312519701667E-7
3891.0,0.3764009421754319,0.4216927817863784,0.19848629674921536,0.003419979288974336
3193.0,0.003865853924750402,0.5355560408677819,0.3865686685957515,0.07400943661171612
3548.0,3.055111656957338E-9,0.07723206366238511,0.7723850896249116,0.15038284365759158
3434.0,2.1260214710068628E-4,7.613218188015875E-4,0.5386112395437688,0.460414836490329
2888.0,2.9467750194538476E-10,0.016324908177609076,0.5607711215080701,0.4229039700196433
2797.0,4.0564632394156786E-14,0.7973925164844796,0.20177486654487453,8.326169706052475E-4
3279.0,0.009098399727403858,0.5180307457128575,0.4435759665221165,0.029294888037622223
3973.0,4.8852616779531974E-11,0.07694821842098477,0.34137957419011716,0.5816722073400455
3616.0,0.25577337534128874,0.1887887059528118,0.5369740520453431,0.01846386666055638
3095.0,6.087741618523452E-9,0.8598943923834409,0.13832755882683662,0.001778042701981052
3506.0,0.007745520564133545,0.1717370273545097,0.3612381724732022,0.4592792796081545
2960.0,1.0857164741070999E-12,7.093054407085707E-4,0.016500770695451868,0.9827899238627539
3832.0,0.06711266624380553,0.4134979584345699,0.505522698550129,0.01386667677149558
3933.0,0.7394830801395035,0.24748717710494048,0.012918550743520999,1.1119201203516788E-4
3662.0,0.08589075314116512,0.5734392217345494,0.30157705089203485,0.03909297423225054
2854.0,0.03583255152002429,0.12420928619912927,0.6899195316626812,0.1500386306181652
3332.0,8.620128024396732E-4,0.36400489274908704,0.6088079723944209,0.026325122054052453
3233.0,0.6849075154560217,0.24690104620595432,0.06804933595041275,1.4210238761128532E-4
3055.0,1.282981517746392E-13,1.0190720538812527E-4,0.33433333681386884,0.6655647559806147
3533.0,3.404256220039231E-8,0.12252674342407607,0.8702837877629269,0.007189434770434816
3176.0,9.631968023919566E-6,0.005087883522633309,0.0873940873662372,0.9075083971431055
3874.0,1.4238577971088216E-16,2.9196310099141894E-18,0.9999999999999998,9.827351515882417E-26
3719.0,0.04436646260349753,0.9018456792038323,0.053787832368686714,2.5823983553536913E-8
3633.0,0.12256374418847432,0.6835555620333794,0.19014854573667642,0.00373214804146981
3988.0,4.3274823512617684E-8,0.41205900411621504,0.3535858075305034,0.2343551450784581
2812.0,8.086056486721097E-5,0.9319641470943353,0.06685966821387958,0.0010953241269180073
