3067.0,0.19333333333333333,0.5000000000000001,0.3066666666666665,0.0
3545.0,0.0,0.16666666666666655,0.3383333333333332,0.4950000000000003
3731.0,0.1366666666666666,0.3333333333333331,0.5000000000000003,0.03000000000000001
3894.0,0.32833333333333314,0.4266666666666668,0.21500000000000002,0.029999999999999992
3968.0,0.001666666666666667,0.17166666666666655,0.46833333333333355,0.35833333333333317
3621.0,0.0,0.16666666666666655,0.3333333333333331,0.5000000000000003
3439.0,0.0,0.16666666666666646,0.4100000000000001,0.42333333333333345
2893.0,0.5000000000000001,0.29833333333333306,0.20166666666666686,0.0
2792.0,0.09500000000000001,0.49500000000000016,0.33833333333333304,0.07166666666666671
3274.0,0.09166666666666666,0.3966666666666666,0.42,0.09166666666666666
3494.0,0.4716666666666668,0.3566666666666666,0.17166666666666652,0.0
2948.0,0.0,0.16666666666666655,0.3333333333333331,0.5000000000000003
3075.0,0.0,0.32166666666666643,0.41333333333333355,0.265
3913.0,0.013333333333333332,0.24499999999999997,0.47,0.27166666666666667
3820.0,0.015,0.2649999999999999,0.4916666666666667,0.22833333333333336
3674.0,0.04833333333333334,0.2966666666666665,0.49166666666666686,0.1633333333333333
3253.0,0.0,0.1733333333333333,0.47166666666666685,0.35499999999999987
2866.0,0.5000000000000003,0.32999999999999974,0.16999999999999993,0.0
3344.0,0.0,0.16666666666666655,0.3383333333333332,0.49500000000000033
4040.0,0.0,0.16666666666666655,0.3333333333333331,0.5000000000000003
3693.0,0.44500000000000023,0.38833333333333336,0.16666666666666646,0.0
2821.0,0.003333333333333333,0.21166666666666664,0.40000000000000013,0.38499999999999995
3367.0,0.0,0.4500000000000001,0.35666666666666647,0.1933333333333333
3202.0,0.0,0.16666666666666655,0.3333333333333331,0.5000000000000003
3124.0,0.0016666666666666674,0.16499999999999987,0.3333333333333331,0.5000000000000003
3473.0,0.008333333333333333,0.2733333333333334,0.3233333333333333,0.3950000000000001
2995.0,0.5000000000000003,0.33333333333333315,0.16666666666666657,0.0
3803.0,0.43666666666666665,0.11833333333333325,0.37833333333333335,0.0666666666666667
3966.0,0.005000000000000002,0.18333333333333338,0.47333333333333355,0.33833333333333315
3602.0,0.0,0.16999999999999987,0.4333333333333334,0.3966666666666667
4023.0,0.04833333333333333,0.3949999999999999,0.4233333333333335,0.1333333333333332
3325.0,0.0,0.16666666666666655,0.3333333333333331,0.5000000000000003
3416.0,0.15,0.17666666666666656,0.30833333333333335,0.36500000000000005
2938.0,0.0,0.18333333333333324,0.42833333333333334,0.38833333333333336
3020.0,0.26166666666666666,0.4650000000000001,0.25000000000000006,0.023333333333333334
3566.0,0.013333333333333332,0.17999999999999997,0.37166666666666665,0.43500000000000016
3147.0,0.0,0.1666666666666665,0.43500000000000005,0.3983333333333335
3841.0,0.3583333333333332,0.43,0.21166666666666673,0.0
3748.0,0.0,0.16666666666666652,0.34666666666666646,0.4866666666666669
3219.0,0.0,0.4950000000000003,0.33833333333333315,0.16666666666666655
2836.0,0.13999999999999985,0.40000000000000013,0.4116666666666668,0.04833333333333334
3382.0,0.0016666666666666666,0.24166666666666667,0.5,0.25666666666666665
3708.0,0.09833333333333333,0.3666666666666665,0.4516666666666669,0.08333333333333334
4057.0,0.15833333333333316,0.3899999999999999,0.4350000000000002,0.01666666666666667
3951.0,0.0,0.22333333333333338,0.3416666666666664,0.4350000000000003
3786.0,0.0,0.1716666666666666,0.3366666666666665,0.4916666666666669
3456.0,0.0016666666666666672,0.33166666666666644,0.4883333333333336,0.17833333333333332
2978.0,0.003333333333333334,0.35166666666666674,0.33666666666666667,0.3083333333333333
3109.0,0.3483333333333332,0.48166666666666685,0.16999999999999987,0.0
3401.0,0.3166666666666664,0.49666666666666687,0.18666666666666676,0.0
2923.0,0.03999999999999999,0.235,0.4983333333333334,0.22666666666666663
3308.0,0.0,0.3383333333333332,0.4933333333333336,0.16833333333333325
4006.0,0.4850000000000002,0.3466666666666665,0.1683333333333332,0.0
3587.0,0.4400000000000001,0.3933333333333335,0.1666666666666665,0.0
3765.0,0.08666666666666667,0.38333333333333325,0.45,0.08000000000000003
3856.0,0.051666666666666666,0.18333333333333343,0.49833333333333335,0.26666666666666666
3162.0,0.021666666666666664,0.16833333333333314,0.4016666666666667,0.40833333333333344
3037.0,0.0,0.16999999999999987,0.4733333333333335,0.35666666666666663
3583.0,0.09166666666666665,0.22000000000000003,0.5,0.1883333333333333
3879.0,0.07666666666666669,0.3783333333333332,0.44333333333333347,0.10166666666666663
3714.0,0.5000000000000003,0.33333333333333315,0.16666666666666657,0.0
3050.0,0.003333333333333333,0.16499999999999979,0.43500000000000016,0.3966666666666668
3528.0,0.0,0.16666666666666655,0.3333333333333331,0.5000000000000003
3181.0,0.003333333333333333,0.23666666666666678,0.4800000000000001,0.27999999999999986
2809.0,0.5000000000000003,0.32999999999999974,0.16999999999999993,0.0
3291.0,0.38166666666666665,0.4500000000000001,0.1683333333333331,0.0
3454.0,0.0,0.3466666666666665,0.45500000000000007,0.19833333333333342
2908.0,0.1816666666666666,0.36666666666666664,0.45166666666666677,0.0
3636.0,0.17499999999999996,0.47000000000000014,0.3066666666666666,0.04833333333333334
3985.0,0.15499999999999994,0.4533333333333335,0.35999999999999993,0.03166666666666666
3837.0,0.0,0.16666666666666655,0.33499999999999985,0.4983333333333336
3928.0,0.0,0.17499999999999988,0.3966666666666667,0.42833333333333334
3090.0,0.0,0.16666666666666655,0.33666666666666656,0.4966666666666669
3511.0,0.0,0.16666666666666652,0.45666666666666683,0.37666666666666676
2965.0,0.12833333333333324,0.23666666666666683,0.43166666666666664,0.20333333333333323
2851.0,0.0016666666666666666,0.42500000000000016,0.3633333333333331,0.21000000000000005
3329.0,0.045,0.28333333333333316,0.48333333333333345,0.18833333333333335
3236.0,0.16666666666666655,0.3333333333333331,0.496666666666667,0.003333333333333335
3659.0,0.0,0.1666666666666665,0.45666666666666683,0.37666666666666665
3490.0,0.11833333333333325,0.053333333333333344,0.43833333333333335,0.39000000000000007
2944.0,0.15999999999999984,0.4183333333333334,0.39500000000000013,0.026666666666666665
3079.0,0.0,0.23666666666666672,0.4183333333333334,0.3449999999999999
3917.0,0.07833333333333341,0.33333333333333304,0.40833333333333355,0.18000000000000013
3816.0,0.10833333333333332,0.4583333333333335,0.3566666666666665,0.0766666666666667
3678.0,0.05333333333333334,0.20833333333333337,0.38333333333333336,0.3549999999999999
3249.0,0.0,0.4250000000000001,0.3083333333333333,0.26666666666666666
2870.0,0.24833333333333354,0.4750000000000001,0.27333333333333315,0.0033333333333333335
3348.0,0.5000000000000003,0.33333333333333315,0.16666666666666657,0.0
3192.0,0.3466666666666665,0.48166666666666685,0.17166666666666658,0.0
3071.0,0.02666666666666666,0.3916666666666667,0.3916666666666667,0.18999999999999997
3549.0,0.4583333333333335,0.3649999999999999,0.17499999999999993,0.001666666666666667
3735.0,0.49833333333333363,0.32833333333333314,0.1733333333333333,0.0
3890.0,0.27666666666666656,0.5,0.22333333333333344,0.0
3972.0,0.1549999999999998,0.35833333333333334,0.47333333333333355,0.013333333333333336
3617.0,0.0,0.16666666666666655,0.3333333333333331,0.5000000000000003
3435.0,0.013333333333333336,0.19666666666666666,0.4716666666666669,0.3183333333333331
2889.0,0.015000000000000008,0.15166666666666656,0.3333333333333331,0.5000000000000003
2796.0,0.0,0.35166666666666657,0.35166666666666674,0.2966666666666667
3278.0,0.20833333333333334,0.26666666666666655,0.4966666666666667,0.02833333333333333
3606.0,0.16999999999999998,0.30999999999999983,0.49500000000000016,0.02500000000000001
4019.0,0.0,0.17166666666666652,0.46333333333333343,0.36499999999999994
3321.0,0.0,0.16666666666666652,0.36333333333333323,0.4700000000000002
3420.0,0.32833333333333314,0.48500000000000015,0.1866666666666667,0.0
2942.0,0.42333333333333356,0.41,0.1666666666666665,0.0
3016.0,0.3033333333333332,0.49000000000000016,0.20666666666666672,0.0
3562.0,0.0,0.1666666666666665,0.47333333333333355,0.35999999999999993
3151.0,0.44666666666666677,0.28499999999999986,0.18166666666666662,0.08666666666666668
3845.0,0.20833333333333345,0.45833333333333337,0.3333333333333332,0.0
3744.0,0.03166666666666666,0.3966666666666666,0.4366666666666669,0.13499999999999987
4044.0,0.04333333333333332,0.12333333333333324,0.4283333333333335,0.405
3689.0,0.07833333333333341,0.08833333333333339,0.33666666666666645,0.4966666666666668
2817.0,0.020000000000000004,0.42000000000000004,0.4133333333333335,0.1466666666666665
3363.0,0.016666666666666666,0.24333333333333332,0.4633333333333335,0.27666666666666656
3206.0,0.008333333333333335,0.4600000000000001,0.36000000000000004,0.17166666666666658
3120.0,0.205,0.1966666666666667,0.49333333333333335,0.10499999999999994
3477.0,0.0,0.16666666666666652,0.34499999999999986,0.48833333333333356
2999.0,0.0,0.16833333333333317,0.43666666666666687,0.39499999999999996
3807.0,0.0,0.16666666666666646,0.3933333333333334,0.44000000000000006
3962.0,0.0,0.1666666666666665,0.4566666666666668,0.37666666666666676
3405.0,0.0,0.19333333333333336,0.44499999999999995,0.36166666666666664
2927.0,0.35333333333333344,0.37333333333333324,0.1816666666666667,0.09166666666666667
3304.0,0.0,0.16666666666666655,0.3333333333333331,0.5000000000000003
4002.0,0.0,0.16666666666666652,0.34999999999999987,0.4833333333333335
3591.0,0.5000000000000003,0.33333333333333315,0.16666666666666657,0.0
3761.0,0.11666666666666661,0.4183333333333334,0.4116666666666668,0.053333333333333344
3860.0,0.0,0.16833333333333314,0.415,0.4166666666666668
3166.0,0.20833333333333343,0.47833333333333344,0.31333333333333313,0.0
3033.0,0.09833333333333334,0.1666666666666665,0.4050000000000002,0.3299999999999999
3579.0,0.003333333333333335,0.32999999999999974,0.4983333333333336,0.16833333333333328
3223.0,0.0,0.22666666666666685,0.45500000000000007,0.31833333333333313
2832.0,0.16833333333333314,0.4550000000000001,0.37666666666666665,0.0
3378.0,0.0,0.4383333333333333,0.23833333333333354,0.3233333333333332
3704.0,0.0,0.37,0.3233333333333333,0.30666666666666664
4061.0,0.0,0.2316666666666667,0.32999999999999985,0.43833333333333335
3947.0,0.0,0.16666666666666655,0.3333333333333331,0.5000000000000003
3790.0,0.0,0.16833333333333322,0.47500000000000026,0.3566666666666666
3460.0,0.008333333333333338,0.1599999999999999,0.33333333333333315,0.49833333333333363
2982.0,0.0,0.3566666666666666,0.4500000000000001,0.19333333333333327
3105.0,0.3983333333333335,0.26499999999999996,0.33333333333333326,0.003333333333333333
3833.0,0.0,0.16666666666666646,0.43000000000000016,0.40333333333333343
3932.0,0.008333333333333333,0.2350000000000001,0.5,0.2566666666666666
3094.0,0.0,0.17499999999999985,0.4683333333333335,0.35666666666666663
3507.0,0.1199999999999999,0.38999999999999985,0.4433333333333336,0.046666666666666655
2961.0,0.17333333333333326,0.47833333333333355,0.34833333333333316,0.0
2855.0,0.5000000000000003,0.32499999999999984,0.17499999999999988,0.0
3333.0,0.2550000000000001,0.49833333333333335,0.24666666666666665,0.0
3232.0,0.08333333333333336,0.45666666666666683,0.3666666666666665,0.09333333333333334
3663.0,0.0,0.1683333333333332,0.34999999999999987,0.48166666666666685
3875.0,0.43333333333333335,0.36499999999999994,0.19,0.011666666666666667
3718.0,0.0016666666666666666,0.2600000000000001,0.4650000000000001,0.2733333333333332
3054.0,0.0,0.2699999999999999,0.48500000000000004,0.24500000000000008
3532.0,0.0,0.16666666666666652,0.34333333333333316,0.4900000000000002
3177.0,0.0,0.21666666666666676,0.48333333333333334,0.2999999999999998
2813.0,0.10166666666666668,0.20833333333333337,0.49666666666666665,0.19333333333333327
3295.0,0.0,0.16666666666666655,0.34166666666666656,0.4916666666666669
3450.0,0.08000000000000003,0.47166666666666673,0.3583333333333332,0.09000000000000002
2904.0,0.0,0.16666666666666655,0.3333333333333331,0.5000000000000003
3632.0,0.3566666666666666,0.3616666666666668,0.28166666666666673,0.0
3989.0,0.03333333333333332,0.4216666666666668,0.4083333333333334,0.13666666666666655
4032.0,0.0516666666666667,0.3116666666666665,0.49666666666666687,0.13999999999999987
3685.0,0.13166666666666657,0.034999999999999996,0.3499999999999998,0.4833333333333335
3375.0,0.37666666666666665,0.45666666666666694,0.16666666666666646,0.0
2829.0,0.0016666666666666666,0.16499999999999979,0.44666666666666693,0.3866666666666665
3210.0,0.11166666666666669,0.3249999999999998,0.4333333333333334,0.12999999999999998
3132.0,0.0,0.1666666666666665,0.35,0.4833333333333335
3003.0,0.4250000000000002,0.3433333333333331,0.23166666666666672,0.0
3481.0,0.41166666666666685,0.4216666666666667,0.16666666666666646,0.0
3795.0,0.0,0.16666666666666652,0.46166666666666684,0.3716666666666667
3958.0,0.1699999999999999,0.4333333333333334,0.3933333333333334,0.003333333333333333
3610.0,0.0,0.16666666666666655,0.3333333333333331,0.5000000000000003
4031.0,0.2633333333333333,0.4983333333333334,0.23666666666666664,0.0016666666666666668
3317.0,0.0,0.17333333333333323,0.4500000000000001,0.37666666666666665
2930.0,0.08333333333333337,0.4566666666666667,0.3766666666666666,0.08333333333333337
3408.0,0.49833333333333363,0.33499999999999985,0.16666666666666655,0.0
3558.0,0.5000000000000002,0.3299999999999998,0.16999999999999993,0.0
3012.0,0.21333333333333332,0.4916666666666668,0.29499999999999993,0.0
3139.0,0.03500000000000001,0.4850000000000002,0.3266666666666665,0.1533333333333332
3849.0,0.4966666666666669,0.33666666666666656,0.16666666666666655,0.0
3756.0,0.2583333333333333,0.46000000000000013,0.27166666666666667,0.009999999999999998
3188.0,0.16833333333333314,0.41,0.4216666666666668,0.0
3537.0,0.5000000000000003,0.33333333333333315,0.16666666666666657,0.0
3059.0,0.0016666666666666666,0.16499999999999979,0.40333333333333343,0.43000000000000016
3739.0,0.0,0.1683333333333332,0.37833333333333335,0.4533333333333335
3902.0,0.0,0.44500000000000023,0.38833333333333325,0.1666666666666665
3976.0,0.005000000000000002,0.4466666666666668,0.3616666666666666,0.18666666666666662
3629.0,0.4950000000000003,0.33833333333333315,0.16666666666666655,0.0
2885.0,0.0,0.16666666666666655,0.34166666666666656,0.4916666666666669
3431.0,0.05000000000000003,0.5000000000000003,0.3333333333333331,0.11666666666666665
3266.0,0.006666666666666669,0.15999999999999984,0.3433333333333332,0.49000000000000027
2956.0,0.026666666666666675,0.3333333333333331,0.5000000000000003,0.13999999999999993
3502.0,0.0866666666666667,0.47833333333333333,0.35499999999999987,0.08000000000000006
3083.0,0.05333333333333334,0.27333333333333326,0.4766666666666668,0.19666666666666663
3905.0,0.1916666666666667,0.49500000000000005,0.2916666666666665,0.021666666666666667
3812.0,0.14833333333333318,0.4516666666666668,0.38166666666666677,0.018333333333333337
3666.0,0.16666666666666646,0.46000000000000013,0.37333333333333335,0.0
3261.0,0.2,0.4933333333333335,0.30666666666666653,0.0
3352.0,0.0016666666666666666,0.16499999999999979,0.4266666666666667,0.4066666666666668
2874.0,0.050000000000000024,0.1183333333333333,0.3366666666666665,0.4950000000000002
3887.0,0.03833333333333334,0.32999999999999985,0.4883333333333336,0.14333333333333323
3722.0,0.0683333333333334,0.49333333333333357,0.3399999999999998,0.09833333333333337
3520.0,0.16333333333333322,0.5000000000000003,0.33333333333333315,0.0033333333333333357
3042.0,0.42833333333333345,0.36999999999999994,0.2016666666666666,0.0
3173.0,0.11499999999999998,0.3416666666666666,0.40500000000000014,0.13833333333333328
3283.0,0.05000000000000001,0.14833333333333326,0.45333333333333337,0.34833333333333333
2801.0,0.0,0.20166666666666674,0.4766666666666668,0.3216666666666665
2900.0,0.14833333333333318,0.3516666666666666,0.4750000000000002,0.025
3446.0,0.16833333333333328,0.5000000000000003,0.3316666666666665,0.0
3644.0,0.17833333333333323,0.47166666666666685,0.3499999999999999,0.0
3993.0,0.49833333333333363,0.33499999999999985,0.16666666666666655,0.0
3829.0,0.0,0.16666666666666655,0.3333333333333331,0.5000000000000003
3920.0,0.19666666666666677,0.48500000000000004,0.3183333333333332,0.0
3098.0,0.0,0.215,0.48000000000000015,0.3049999999999999
2973.0,0.4950000000000003,0.3383333333333332,0.16666666666666655,0.0
3519.0,0.23333333333333328,0.15999999999999995,0.4066666666666666,0.20000000000000007
3337.0,0.0,0.1683333333333332,0.4600000000000002,0.37166666666666665
2859.0,0.041666666666666664,0.12833333333333324,0.35833333333333334,0.47166666666666685
3244.0,0.0,0.16666666666666655,0.3383333333333332,0.49500000000000033
3651.0,0.0,0.2716666666666665,0.4866666666666667,0.24166666666666678
3227.0,0.33333333333333315,0.44000000000000006,0.19,0.03666666666666665
3390.0,0.3349999999999999,0.49833333333333363,0.16666666666666657,0.0
2844.0,0.1533333333333332,0.48333333333333356,0.3483333333333332,0.015000000000000006
3700.0,0.1666666666666665,0.41333333333333344,0.4166666666666668,0.0033333333333333335
4049.0,0.01666666666666667,0.28666666666666646,0.4933333333333334,0.20333333333333345
3943.0,0.011666666666666667,0.20833333333333331,0.4966666666666668,0.28333333333333316
3778.0,0.003333333333333334,0.1683333333333332,0.3616666666666667,0.46666666666666684
2986.0,0.0,0.1666666666666665,0.4233333333333335,0.41000000000000003
3464.0,0.0,0.16666666666666655,0.3449999999999999,0.4883333333333336
3117.0,0.13999999999999982,0.3950000000000002,0.42,0.044999999999999984
2915.0,0.33666666666666645,0.2283333333333334,0.43166666666666687,0.0033333333333333327
3300.0,0.0,0.16666666666666655,0.3433333333333332,0.4900000000000002
4014.0,0.0,0.16666666666666646,0.37333333333333335,0.46000000000000013
3595.0,0.0,0.3466666666666665,0.4583333333333334,0.19500000000000006
3773.0,0.011666666666666672,0.48666666666666697,0.3333333333333331,0.16833333333333325
3864.0,0.0,0.16833333333333325,0.3316666666666665,0.5000000000000003
3154.0,0.32833333333333314,0.445,0.22500000000000014,0.0016666666666666666
3575.0,0.00833333333333333,0.3099999999999999,0.4300000000000001,0.2516666666666666
3029.0,0.18833333333333335,0.34499999999999986,0.4383333333333334,0.02833333333333333
3614.0,0.20333333333333337,0.495,0.26333333333333325,0.038333333333333316
4027.0,0.008333333333333333,0.26333333333333336,0.46333333333333343,0.2649999999999999
3313.0,0.4450000000000003,0.10166666666666668,0.33666666666666645,0.1166666666666666
2934.0,0.0,0.22500000000000003,0.5000000000000001,0.2749999999999999
3412.0,0.06333333333333338,0.33499999999999974,0.4983333333333336,0.10333333333333335
3554.0,0.35833333333333334,0.4733333333333335,0.16833333333333322,0.0
3008.0,0.006666666666666665,0.36500000000000005,0.44500000000000006,0.18333333333333324
3143.0,0.18999999999999997,0.33499999999999974,0.47500000000000026,0.0
3853.0,0.0,0.2266666666666666,0.4816666666666668,0.2916666666666665
3752.0,0.22333333333333347,0.49833333333333335,0.2783333333333331,0.0
4036.0,0.01833333333333334,0.14999999999999986,0.35833333333333317,0.47333333333333355
3681.0,0.0,0.17166666666666658,0.4700000000000002,0.35833333333333334
3371.0,0.03666666666666666,0.33833333333333326,0.48333333333333356,0.1416666666666666
2825.0,0.0,0.16666666666666655,0.33499999999999985,0.4983333333333336
3214.0,0.48666666666666686,0.3416666666666665,0.17166666666666655,0.0
3128.0,0.011666666666666665,0.15499999999999978,0.451666666666667,0.3816666666666666
3007.0,0.005000000000000002,0.1616666666666665,0.451666666666667,0.3816666666666666
3485.0,0.3149999999999998,0.4933333333333335,0.1916666666666666,0.0
3799.0,0.04500000000000002,0.3333333333333331,0.5000000000000003,0.12166666666666665
3954.0,0.0033333333333333344,0.1633333333333332,0.34666666666666657,0.4866666666666669
2952.0,0.013333333333333334,0.4200000000000002,0.4016666666666666,0.16499999999999984
3498.0,0.0,0.22499999999999995,0.4983333333333334,0.27666666666666656
3087.0,0.0016666666666666666,0.16999999999999985,0.42833333333333334,0.4000000000000001
3909.0,0.3733333333333333,0.40833333333333344,0.2183333333333333,0.0
3808.0,0.0,0.18166666666666673,0.49666666666666687,0.32166666666666643
3670.0,0.17666666666666667,0.17166666666666675,0.4883333333333333,0.16333333333333322
3257.0,0.005000000000000004,0.5000000000000003,0.32833333333333314,0.16666666666666657
3356.0,0.0,0.16833333333333322,0.34166666666666656,0.4900000000000002
2878.0,0.0,0.16666666666666655,0.3383333333333332,0.4950000000000003
3184.0,0.33499999999999985,0.4966666666666669,0.16833333333333325,0.0
3541.0,0.0,0.16666666666666655,0.34666666666666657,0.4866666666666669
3063.0,0.0,0.16833333333333317,0.4333333333333334,0.39833333333333343
3743.0,0.003333333333333334,0.20833333333333334,0.5000000000000001,0.2883333333333332
3898.0,0.17499999999999993,0.5000000000000003,0.32499999999999973,0.0
3980.0,0.005000000000000002,0.2966666666666665,0.49500000000000016,0.20333333333333342
3625.0,0.11499999999999999,0.38666666666666666,0.3816666666666666,0.11666666666666663
2881.0,0.05500000000000001,0.28166666666666657,0.5000000000000001,0.16333333333333336
3427.0,0.32666666666666644,0.49333333333333357,0.17999999999999997,0.0
3270.0,0.015,0.20000000000000018,0.4983333333333333,0.2866666666666665
2788.0,0.09,0.48666666666666686,0.3033333333333331,0.12
3825.0,0.3566666666666666,0.46000000000000013,0.18333333333333324,0.0
3924.0,0.24000000000000007,0.3083333333333331,0.4483333333333335,0.0033333333333333335
3102.0,0.43000000000000016,0.4033333333333335,0.1666666666666665,0.0
2969.0,0.0,0.16666666666666652,0.34499999999999986,0.4883333333333335
3515.0,0.16499999999999987,0.34166666666666656,0.4800000000000002,0.013333333333333338
3341.0,0.2833333333333333,0.395,0.27666666666666667,0.045000000000000005
2863.0,0.33333333333333326,0.41333333333333344,0.25333333333333335,0.0
3240.0,0.48333333333333334,0.31166666666666654,0.20333333333333342,0.0016666666666666666
3655.0,0.2983333333333333,0.45500000000000007,0.2466666666666667,0.0
3883.0,0.03999999999999999,0.43666666666666676,0.38833333333333336,0.1349999999999999
3726.0,0.008333333333333337,0.32333333333333303,0.5000000000000003,0.16833333333333328
3524.0,0.0,0.18333333333333335,0.48166666666666685,0.3349999999999998
3046.0,0.3466666666666666,0.2366666666666667,0.32166666666666666,0.09499999999999999
3169.0,0.0,0.4066666666666668,0.35499999999999987,0.23833333333333337
3287.0,0.0866666666666667,0.16333333333333327,0.4866666666666667,0.2633333333333333
2805.0,0.18333333333333332,0.49000000000000016,0.3249999999999997,0.0016666666666666668
2896.0,0.0,0.16666666666666655,0.3333333333333331,0.5000000000000003
3442.0,0.0,0.16666666666666655,0.3333333333333331,0.5000000000000003
3640.0,0.21333333333333337,0.4850000000000002,0.2983333333333331,0.003333333333333334
3997.0,0.010000000000000004,0.30166666666666647,0.5000000000000002,0.18833333333333335
2919.0,0.32166666666666655,0.4566666666666667,0.2216666666666668,0.0
3397.0,0.17000000000000007,0.2916666666666667,0.345,0.1933333333333333
3296.0,0.013333333333333338,0.16333333333333322,0.49333333333333357,0.32999999999999985
4010.0,0.5000000000000003,0.33333333333333315,0.16666666666666657,0.0
3599.0,0.018333333333333333,0.14833333333333315,0.40833333333333344,0.42500000000000004
3769.0,0.0,0.16666666666666652,0.4800000000000002,0.3533333333333332
3868.0,0.23666666666666675,0.43000000000000005,0.3233333333333332,0.009999999999999998
3158.0,0.08166666666666668,0.3499999999999999,0.4550000000000001,0.1133333333333333
3571.0,0.06333333333333335,0.14333333333333328,0.4416666666666667,0.3516666666666666
3025.0,0.35,0.4783333333333335,0.17166666666666655,0.0
3231.0,0.001666666666666667,0.36666666666666675,0.46500000000000014,0.16666666666666652
3386.0,0.0,0.19000000000000006,0.5000000000000001,0.3099999999999998
2840.0,0.0,0.16666666666666646,0.45500000000000007,0.37833333333333335
3696.0,0.5000000000000003,0.33333333333333315,0.16666666666666657,0.0
4053.0,0.0,0.16666666666666652,0.3416666666666665,0.4916666666666669
3939.0,0.2466666666666667,0.4933333333333333,0.2583333333333333,0.0016666666666666663
3782.0,0.0,0.1683333333333332,0.3566666666666666,0.47500000000000014
2990.0,0.38499999999999984,0.40833333333333344,0.20666666666666672,0.0
3468.0,0.0,0.3183333333333332,0.39833333333333343,0.2833333333333334
3113.0,0.0016666666666666666,0.1749999999999999,0.35499999999999987,0.4683333333333335
2820.0,0.046666666666666655,0.2283333333333334,0.5,0.22499999999999998
3366.0,0.47166666666666685,0.36166666666666675,0.16666666666666655,0.0
3203.0,0.0016666666666666666,0.20499999999999993,0.39333333333333337,0.3999999999999999
4041.0,0.0,0.16833333333333314,0.3866666666666667,0.44500000000000006
3692.0,0.0666666666666667,0.4150000000000001,0.4016666666666667,0.11666666666666659
3802.0,0.0,0.16666666666666655,0.33999999999999986,0.4933333333333336
3967.0,0.21333333333333332,0.3883333333333333,0.3983333333333334,0.0
3125.0,0.17166666666666652,0.033333333333333326,0.36,0.4350000000000002
3472.0,0.02000000000000001,0.4966666666666669,0.32499999999999984,0.1583333333333332
2994.0,0.3183333333333331,0.4966666666666668,0.18500000000000003,0.0
3324.0,0.005000000000000001,0.16333333333333314,0.46500000000000014,0.36666666666666675
3417.0,0.20333333333333334,0.3416666666666666,0.4533333333333334,0.0016666666666666668
2939.0,0.04833333333333334,0.12833333333333322,0.4400000000000003,0.3833333333333332
3603.0,0.0,0.24500000000000008,0.48666666666666664,0.2683333333333333
4022.0,0.03499999999999998,0.2383333333333333,0.49499999999999994,0.2316666666666667
3840.0,0.4133333333333333,0.2216666666666669,0.36499999999999994,0.0
3749.0,0.0,0.16666666666666655,0.3333333333333331,0.5000000000000003
3021.0,0.3249999999999999,0.40000000000000013,0.27500000000000013,0.0
3567.0,0.3233333333333333,0.33833333333333343,0.33833333333333343,0.0
3146.0,0.18833333333333335,0.4716666666666667,0.3133333333333332,0.02666666666666667
3730.0,0.28666666666666657,0.3516666666666666,0.3566666666666668,0.005000000000000002
3895.0,0.0,0.16666666666666655,0.3333333333333331,0.5000000000000003
3197.0,0.0,0.16666666666666646,0.4116666666666666,0.4216666666666669
3066.0,0.018333333333333344,0.1533333333333332,0.3283333333333332,0.5000000000000003
3544.0,0.0,0.16666666666666652,0.4666666666666668,0.36666666666666675
3438.0,0.06333333333333338,0.3216666666666664,0.5000000000000001,0.11499999999999996
2892.0,0.45166666666666666,0.36666666666666664,0.17499999999999996,0.006666666666666667
2793.0,0.013333333333333332,0.4233333333333333,0.3983333333333335,0.16499999999999979
3275.0,0.07166666666666674,0.32499999999999973,0.5000000000000002,0.10333333333333335
3969.0,0.3633333333333333,0.45,0.18666666666666665,0.0
3620.0,0.0,0.1983333333333333,0.4650000000000002,0.33666666666666645
3912.0,0.4950000000000003,0.3383333333333332,0.16666666666666655,0.0
3821.0,0.31500000000000006,0.2633333333333332,0.3949999999999999,0.026666666666666665
3495.0,0.4716666666666669,0.36166666666666664,0.16666666666666655,0.0
2949.0,0.03833333333333333,0.12833333333333327,0.4916666666666669,0.34166666666666645
3074.0,0.009999999999999998,0.17166666666666652,0.4000000000000001,0.41833333333333345
3252.0,0.3199999999999998,0.4333333333333334,0.24666666666666678,0.0
2867.0,0.34999999999999987,0.425,0.22500000000000017,0.0
3345.0,0.0,0.1783333333333334,0.5000000000000002,0.32166666666666643
3675.0,0.0,0.3133333333333334,0.3016666666666666,0.385
3051.0,0.14999999999999997,0.41333333333333333,0.28,0.1566666666666666
3529.0,0.03666666666666665,0.29833333333333334,0.4100000000000001,0.25500000000000006
3180.0,0.0,0.16666666666666655,0.33499999999999985,0.49833333333333363
3878.0,0.03166666666666666,0.1616666666666665,0.3900000000000001,0.4166666666666667
3715.0,0.1566666666666665,0.49666666666666687,0.3349999999999998,0.01166666666666667
3637.0,0.04166666666666666,0.32666666666666655,0.38666666666666677,0.24500000000000008
3984.0,0.09333333333333334,0.2883333333333333,0.5,0.11833333333333336
2808.0,0.15833333333333338,0.07000000000000008,0.45333333333333353,0.31833333333333313
3290.0,0.08333333333333337,0.22666666666666668,0.48833333333333345,0.20166666666666663
3455.0,0.0616666666666667,0.10666666666666666,0.4966666666666668,0.33499999999999974
2909.0,0.0,0.17833333333333326,0.44666666666666693,0.37499999999999983
3091.0,0.19166666666666657,0.4866666666666667,0.25666666666666665,0.065
3510.0,0.005,0.19000000000000006,0.35499999999999987,0.45
2964.0,0.0033333333333333335,0.23000000000000004,0.5000000000000001,0.26666666666666666
3836.0,0.0016666666666666668,0.1649999999999998,0.39000000000000007,0.44333333333333347
3929.0,0.0,0.16833333333333314,0.3816666666666667,0.45000000000000007
3658.0,0.07500000000000005,0.30833333333333307,0.49666666666666687,0.11999999999999997
2850.0,0.49833333333333363,0.33499999999999985,0.16666666666666655,0.0
3328.0,0.0,0.16666666666666655,0.34333333333333327,0.4900000000000002
3237.0,0.026666666666666675,0.1633333333333332,0.34166666666666656,0.4683333333333336
4056.0,0.5000000000000003,0.33333333333333315,0.16666666666666657,0.0
3218.0,0.0,0.16666666666666652,0.4600000000000002,0.3733333333333333
2837.0,0.0033333333333333335,0.16333333333333314,0.40000000000000013,0.4333333333333334
3383.0,0.2949999999999999,0.49500000000000005,0.21000000000000002,0.0
3457.0,0.16999999999999982,0.42166666666666663,0.4083333333333335,0.0
2979.0,0.00666666666666667,0.4783333333333336,0.32999999999999985,0.1849999999999999
3108.0,0.009999999999999998,0.3716666666666666,0.44666666666666677,0.17166666666666652
3950.0,0.0,0.16666666666666655,0.3333333333333331,0.5000000000000003
3787.0,0.0,0.16666666666666652,0.37166666666666653,0.461666666666667
4007.0,0.15333333333333324,0.33333333333333315,0.5000000000000003,0.013333333333333343
3586.0,0.0,0.1783333333333332,0.41,0.4116666666666668
3400.0,0.0,0.16666666666666655,0.3333333333333331,0.5000000000000003
2922.0,0.006666666666666668,0.16666666666666652,0.3699999999999999,0.4566666666666669
3309.0,0.00833333333333333,0.385,0.4216666666666666,0.1849999999999999
3163.0,0.05000000000000001,0.13499999999999995,0.3566666666666666,0.4583333333333335
3036.0,0.0,0.18166666666666664,0.49000000000000027,0.32833333333333314
3582.0,0.30166666666666636,0.5000000000000001,0.19666666666666682,0.0016666666666666668
3764.0,0.015000000000000005,0.17333333333333323,0.3466666666666665,0.4650000000000003
3857.0,0.13499999999999993,0.5000000000000002,0.3283333333333331,0.03666666666666667
3320.0,0.3433333333333332,0.4716666666666668,0.185,0.0
3421.0,0.0,0.3199999999999997,0.41833333333333367,0.2616666666666666
2943.0,0.0,0.1716666666666665,0.44166666666666676,0.38666666666666666
3607.0,0.0,0.5000000000000003,0.33333333333333315,0.16666666666666657
4018.0,0.13666666666666663,0.2783333333333334,0.3949999999999999,0.19
3844.0,0.06166666666666667,0.3983333333333333,0.42499999999999993,0.1149999999999999
3745.0,0.16666666666666666,0.4983333333333335,0.31333333333333313,0.02166666666666667
3017.0,0.12166666666666663,0.12499999999999992,0.5000000000000001,0.25333333333333335
3563.0,0.02500000000000001,0.5000000000000003,0.3333333333333331,0.14166666666666658
3150.0,0.0,0.3116666666666665,0.47333333333333344,0.21500000000000014
2816.0,0.27000000000000013,0.32166666666666655,0.4083333333333332,0.0
3362.0,0.0,0.21166666666666673,0.2916666666666665,0.4966666666666667
3207.0,0.0,0.16666666666666646,0.37666666666666665,0.4566666666666668
4045.0,0.03666666666666667,0.48000000000000026,0.3449999999999998,0.13833333333333322
3688.0,0.12666666666666657,0.3933333333333334,0.44,0.03999999999999999
3963.0,0.0,0.32999999999999974,0.5000000000000003,0.16999999999999987
3121.0,0.21166666666666667,0.40000000000000013,0.36,0.02833333333333333
3476.0,0.4950000000000002,0.3383333333333332,0.16666666666666655,0.0
2998.0,0.4566666666666668,0.3333333333333332,0.13833333333333322,0.0716666666666667
3916.0,0.004999999999999999,0.30499999999999994,0.4766666666666666,0.2133333333333334
3817.0,0.009999999999999997,0.23833333333333337,0.49999999999999994,0.2516666666666667
3491.0,0.055,0.1116666666666666,0.41000000000000003,0.4233333333333334
2945.0,0.2749999999999999,0.49500000000000005,0.23000000000000004,0.0
3078.0,0.016666666666666673,0.20166666666666677,0.4650000000000002,0.31666666666666643
3248.0,0.4616666666666667,0.3666666666666667,0.17166666666666655,0.0
2871.0,0.006666666666666667,0.47333333333333355,0.3366666666666664,0.18333333333333326
3349.0,0.19999999999999993,0.24833333333333335,0.45000000000000007,0.10166666666666663
3679.0,0.2616666666666667,0.31666666666666654,0.41500000000000004,0.006666666666666667
3734.0,0.0,0.4883333333333335,0.3033333333333332,0.20833333333333331
3891.0,0.4650000000000001,0.3566666666666666,0.1783333333333333,0.0
3193.0,0.0,0.425,0.40000000000000013,0.17499999999999993
3548.0,0.01666666666666667,0.3066666666666664,0.48500000000000004,0.1916666666666667
3434.0,0.09500000000000001,0.08166666666666672,0.45,0.37333333333333335
2888.0,0.0,0.17333333333333326,0.4716666666666669,0.35499999999999987
2797.0,0.1383333333333333,0.4966666666666669,0.3149999999999998,0.05000000000000003
3279.0,0.14666666666666647,0.4400000000000002,0.39333333333333337,0.02
3973.0,0.0,0.1666666666666665,0.38833333333333336,0.44500000000000023
3616.0,0.28666666666666657,0.21666666666666679,0.4933333333333334,0.0033333333333333335
3095.0,0.18833333333333335,0.48333333333333356,0.32833333333333314,0.0
3506.0,0.0,0.19166666666666665,0.41833333333333333,0.3899999999999999
2960.0,0.0,0.16666666666666655,0.3333333333333331,0.5000000000000003
3832.0,0.27,0.38333333333333347,0.34333333333333327,0.003333333333333334
3933.0,0.48500000000000026,0.3449999999999998,0.1699999999999999,0.0
3662.0,0.1616666666666665,0.46666666666666673,0.365,0.006666666666666667
2854.0,0.015000000000000006,0.3133333333333331,0.5000000000000002,0.1716666666666666
3332.0,0.02166666666666667,0.3700000000000001,0.46000000000000013,0.1483333333333332
3233.0,0.34999999999999987,0.43000000000000016,0.215,0.005
3055.0,0.0,0.16666666666666655,0.3383333333333332,0.4950000000000003
3533.0,0.09000000000000004,0.2849999999999998,0.4966666666666668,0.12833333333333333
3176.0,0.0,0.16666666666666655,0.3333333333333331,0.5000000000000003
3874.0,0.026666666666666658,0.2516666666666667,0.49999999999999994,0.22166666666666665
3719.0,0.33166666666666644,0.4983333333333336,0.16833333333333322,0.0016666666666666672
3633.0,0.16166666666666657,0.4883333333333336,0.32666666666666644,0.02333333333333334
3988.0,0.0,0.47166666666666685,0.32833333333333314,0.2000000000000001
2812.0,0.4950000000000003,0.3383333333333332,0.16666666666666655,0.0
3294.0,0.15166666666666648,0.3,0.4500000000000001,0.09833333333333331
3451.0,0.09833333333333333,0.39666666666666683,0.34666666666666673,0.15833333333333321
2905.0,0.0,0.16666666666666655,0.3366666666666665,0.4966666666666669
4003.0,0.3816666666666668,0.16833333333333325,0.38499999999999995,0.06500000000000002
3590.0,0.0,0.16666666666666655,0.33999999999999986,0.4933333333333336
3404.0,0.05333333333333336,0.3116666666666664,0.5000000000000001,0.13499999999999998
2926.0,0.0,0.16666666666666652,0.35500000000000004,0.4783333333333335
3305.0,0.0,0.16666666666666655,0.3333333333333331,0.5000000000000003
3167.0,0.035,0.1833333333333333,0.5000000000000002,0.28166666666666657
3032.0,0.05000000000000001,0.25500000000000006,0.4966666666666667,0.19833333333333336
3578.0,0.0,0.16666666666666655,0.3333333333333331,0.5000000000000003
3760.0,0.095,0.3449999999999999,0.4333333333333334,0.12666666666666665
3861.0,0.16333333333333314,0.4350000000000001,0.3983333333333335,0.0033333333333333335
3705.0,0.01166666666666667,0.15499999999999986,0.4883333333333336,0.34499999999999986
4060.0,0.03833333333333334,0.4983333333333336,0.33499999999999985,0.1283333333333333
3222.0,0.13999999999999993,0.33499999999999985,0.4950000000000003,0.03000000000000001
2833.0,0.016666666666666666,0.16499999999999987,0.45500000000000007,0.36333333333333345
3379.0,0.49833333333333363,0.3316666666666664,0.16999999999999993,0.0
3461.0,0.0,0.16666666666666655,0.3433333333333332,0.49000000000000027
2983.0,0.0,0.27333333333333326,0.4516666666666667,0.27499999999999997
3104.0,0.22333333333333347,0.2866666666666665,0.3966666666666667,0.09333333333333332
3946.0,0.0766666666666667,0.4800000000000001,0.3516666666666665,0.09166666666666667
3791.0,0.008333333333333338,0.3249999999999998,0.5000000000000003,0.16666666666666657
3738.0,0.49000000000000027,0.3433333333333332,0.16666666666666655,0.0
3903.0,0.0,0.16666666666666655,0.3333333333333331,0.5000000000000003
3189.0,0.2866666666666665,0.4800000000000001,0.2150000000000001,0.018333333333333333
3536.0,0.0,0.37000000000000005,0.4550000000000001,0.1749999999999999
3058.0,0.12166666666666663,0.4166666666666668,0.3933333333333332,0.06833333333333334
2884.0,0.21000000000000005,0.4133333333333334,0.3549999999999998,0.02166666666666666
3430.0,0.0,0.3316666666666665,0.5000000000000003,0.16833333333333325
3267.0,0.0,0.16666666666666655,0.3333333333333331,0.5000000000000003
3977.0,0.0,0.16833333333333317,0.42666666666666686,0.4050000000000001
3628.0,0.0,0.16666666666666655,0.3333333333333331,0.5000000000000003
3904.0,0.0,0.19333333333333327,0.4266666666666667,0.38000000000000006
3813.0,0.014999999999999998,0.4133333333333332,0.385,0.18666666666666668
2957.0,0.0,0.1666666666666665,0.4533333333333334,0.38000000000000006
3503.0,0.0,0.16666666666666655,0.3333333333333331,0.5000000000000003
3082.0,0.16666666666666652,0.4683333333333335,0.36500000000000005,0.0
3260.0,0.5000000000000003,0.33333333333333315,0.16666666666666657,0.0
3353.0,0.3016666666666667,0.4100000000000001,0.2866666666666665,0.0016666666666666663
2875.0,0.4816666666666669,0.3366666666666665,0.18166666666666667,0.0
3667.0,0.0,0.16666666666666652,0.46333333333333354,0.3699999999999999
3374.0,0.23833333333333329,0.3216666666666667,0.3633333333333333,0.07666666666666673
2828.0,0.46666666666666684,0.33999999999999975,0.1933333333333333,0.0
3211.0,0.0,0.19333333333333347,0.5000000000000001,0.3066666666666664
4033.0,0.4000000000000001,0.4316666666666667,0.16833333333333317,0.0
3684.0,0.4850000000000004,0.33999999999999986,0.1616666666666665,0.013333333333333338
3794.0,0.046666666666666676,0.32166666666666655,0.4700000000000002,0.16166666666666657
3959.0,0.0,0.17499999999999996,0.4883333333333336,0.33666666666666645
3133.0,0.1833333333333333,0.49000000000000016,0.32666666666666644,0.0
3480.0,0.49,0.25499999999999995,0.24500000000000002,0.009999999999999998
3316.0,0.1566666666666666,0.2983333333333333,0.37500000000000006,0.16999999999999998
2931.0,0.11333333333333334,0.2583333333333333,0.49000000000000005,0.13833333333333334
3409.0,0.23666666666666675,0.48999999999999994,0.27333333333333326,0.0
3611.0,0.0,0.16666666666666655,0.3333333333333331,0.5000000000000003
4030.0,0.48000000000000004,0.3516666666666667,0.16833333333333322,0.0
3848.0,0.0,0.16666666666666655,0.3399999999999999,0.4933333333333336
3757.0,0.08166666666666672,0.2916666666666666,0.48666666666666664,0.13999999999999999
3559.0,0.4550000000000001,0.3049999999999998,0.24000000000000007,0.0
3013.0,0.0,0.16666666666666646,0.3966666666666667,0.43666666666666687
3138.0,0.3666666666666667,0.355,0.27666666666666667,0.0016666666666666668
3701.0,0.4900000000000002,0.3433333333333332,0.16666666666666655,0.0
4048.0,0.4950000000000003,0.3383333333333332,0.16666666666666655,0.0
3226.0,0.0,0.16833333333333328,0.3333333333333331,0.49833333333333363
3391.0,0.0,0.25500000000000006,0.3216666666666664,0.42333333333333356
2845.0,0.1416666666666665,0.3583333333333333,0.4733333333333335,0.026666666666666665
2987.0,0.0,0.1666666666666665,0.44000000000000006,0.3933333333333335
3465.0,0.0,0.16666666666666646,0.43,0.4033333333333335
