3067.0,3.255389231993785E-18,1.1006310981110734E-8,5.33333659637006E-4,0.9994666553340519
3545.0,2.1400570118651208E-10,2.1157988735209153E-4,0.23563712320295643,0.7641512966956858
3731.0,3.0621685283244203E-4,0.9986592420649274,0.0010256786991073002,8.862383132839095E-6
3894.0,3.333666789056872E-8,0.021011892248424986,0.9283286951576852,0.05065937925722192
3968.0,6.16737525402739E-14,3.39851948960884E-6,0.46511697992114703,0.5348796215593018
3621.0,1.1285643919910103E-25,1.1051647321445226E-13,5.3133929380077095E-8,0.99999994686596
3439.0,9.310318934747992E-10,0.0018056305758877614,0.7828340698150121,0.2153602986780681
2893.0,0.9961636543143244,0.0037735317464872697,6.264924597702063E-5,1.6469321133117538E-7
2792.0,2.8043250416677628E-8,0.04003611849047312,0.5478458431234068,0.4121180103428697
3274.0,0.15034245279904818,0.7334916076497865,0.1094415405779017,0.006724398973263725
3494.0,1.685205625200353E-4,0.9808617910274459,0.014877663766735705,0.004092024643298217
2948.0,1.5013196064500915E-14,6.528958141004648E-5,0.34718669279636344,0.6527480176222116
3075.0,4.274592907067334E-6,0.7307931788627984,0.2680995503757177,0.0011029961685769174
3913.0,3.905911110841811E-10,0.08714476871466752,0.5601004586449677,0.35275477224977375
3820.0,4.824440318371907E-6,0.9491930738880692,0.04425743749620784,0.0065446641754046886
3674.0,2.849010657485469E-15,2.4499073814936997E-4,0.9995952153997498,1.5979386209802926E-4
3253.0,1.0690476137849651E-18,3.147578648866024E-7,0.010408774100288717,0.9895909111418465
2866.0,0.9965511512054899,0.003239165510462183,2.0966106411241873E-4,2.2219935477445826E-8
3344.0,5.710233827733124E-10,2.814889298255892E-5,0.07424526665681824,0.9257265838791757
4040.0,2.3940779346417082E-23,2.1665761585851516E-8,1.1562576944895217E-5,0.9999884157572936
3693.0,6.540521773578622E-5,0.227435059636062,0.7606323216262655,0.01186721351993685
2821.0,5.668322872414595E-10,3.1036242047787746E-4,0.4399518034927803,0.5597378335199096
3367.0,8.847890961829697E-16,3.442959440295612E-4,0.46084098138495233,0.5388147226710174
3202.0,3.9401622911137E-29,1.0397089803526639E-15,2.038731765322907E-9,0.9999999979612672
3124.0,2.8558279398241246E-6,0.002368799092188219,0.6874291928912032,0.31019915218866884
3473.0,7.628195373408155E-6,0.34337147724318384,0.4480385995441384,0.20858229501730438
2995.0,0.12040882880055169,0.5604829931617676,0.3122451955644365,0.006862982473244209
3803.0,0.998515691101474,0.0014124605854027171,7.105169019560486E-5,7.96622927732926E-7
3966.0,4.924220123276181E-6,0.09327650786502757,0.9052660185794597,0.0014525493353893977
3602.0,5.1314631125235836E-17,1.834444712283496E-7,0.0011768309991753282,0.9988229855563534
4023.0,4.478427507520944E-12,4.806971250703997E-4,0.9899954875187265,0.009523815351724804
3325.0,7.269186014632701E-12,2.2872562261921155E-4,0.5862544301695408,0.4135168442005707
3416.0,1.0374605323060255E-7,7.44466596373769E-4,0.5164702078552329,0.48278522180234
2938.0,1.158891951694549E-4,0.2610586363413547,0.7039918184480226,0.03483365601545324
3020.0,5.207205014997541E-4,0.30590176525150964,0.689900264080317,0.0036772501666736002
3566.0,0.0015364102446212475,0.045576290382560725,0.3439509291922023,0.6089363701806157
3147.0,3.678872390386719E-13,0.0382892212347639,0.49307192856122006,0.46863885020364804
3841.0,0.017862990593932176,0.8296883189522303,0.1159464283396484,0.03650226211418897
3748.0,1.9486349836183604E-18,1.4605887656655812E-6,0.03207045073349994,0.9679280886777344
3219.0,3.1030782751621463E-6,0.1316042711214301,0.8648997540361276,0.003492871764166986
2836.0,2.5525529127115252E-8,0.04564972621290089,0.8897960154957398,0.06455423276583026
3382.0,4.1103673427297936E-7,0.0012557966874628015,0.9951789486679358,0.0035648436078672507
3708.0,4.145779754816911E-12,1.464367151849439E-5,0.06323006863555837,0.9367552876887774
4057.0,0.10662672197933788,0.798739489564421,0.09448196988025555,1.5181857598556454E-4
3951.0,5.496669703022793E-4,0.03426577728942574,0.9391295725770156,0.02605498316325636
3786.0,3.4025488440820746E-15,4.020313757895584E-9,0.0017614355485227196,0.9982385604311601
3456.0,0.00567279240028272,0.12959340501941644,0.654096310390553,0.21063749218974778
2978.0,4.0409178854629197E-10,1.3149326179630688E-4,0.018605331971625155,0.9812631743624868
3109.0,0.832422537440397,0.16736355081794962,2.134404371903154E-4,4.713044631896946E-7
3401.0,0.9712194505979365,0.02856325120828683,2.167909084068254E-4,5.072853698241394E-7
2923.0,2.25146855827919E-6,0.06317614190828309,0.9279109011116811,0.008910705511477655
3308.0,1.6832544990519807E-4,0.6705008275537773,0.32931645051270464,1.4396483612939844E-5
4006.0,0.4621810750579278,0.5338442904774399,0.003961319261238676,1.3315203393703083E-5
3587.0,0.9953361442065382,0.0046250364018599315,3.876095493258808E-5,5.8436669291631736E-8
3765.0,0.015532343230251953,0.7705951171725859,0.20770590077060697,0.006166638826555081
3856.0,0.0062545280309373825,0.9308210943653468,0.0628203369834996,1.0404062021627706E-4
3162.0,2.117108713610904E-11,7.824413034925728E-6,0.7814669657294617,0.21852520983633217
3037.0,2.5970689917196336E-6,0.007068163326153824,0.9463437395500941,0.04658550005476041
3583.0,3.030832909451848E-5,0.029818514900327848,0.8930479829577329,0.07710319381284486
3879.0,1.058895942157149E-6,0.014468507698372803,0.10637063594068356,0.8791597974650014
3714.0,0.9999970151137584,2.9713383110287263E-6,1.3518821952113022E-8,2.910859135113054E-11
3050.0,6.512934272763221E-5,0.8973520200815559,0.10250042692621754,8.242364949905422E-5
3528.0,1.0072276216483146E-8,2.217116284370379E-6,9.605081233693146E-5,0.9999017219991025
3181.0,7.072817389331569E-11,0.003437564368034597,0.9309795369229346,0.06558289863830248
2809.0,0.9929463511976216,0.007004945712770621,4.866151168923399E-5,4.157791853314829E-8
3291.0,0.9828499128188499,0.016950829091671088,1.9831299066142886E-4,9.450988175179466E-7
3454.0,1.0584532087039441E-4,0.016642145354893948,0.8941826840578009,0.08906932526643481
2908.0,0.008475516970778014,0.984113139172277,0.00740990110181458,1.44275513022961E-6
3636.0,0.236460653099847,0.744643799551061,0.01858321894383391,3.1232840525819154E-4
3985.0,0.21439433674678035,0.13186406339704915,0.6461286902260448,0.007612909630125852
3837.0,2.5648151543527595E-16,2.6736043947552232E-6,0.18904280996184739,0.8109545164337576
3928.0,1.6298430424167833E-6,0.051580294587207316,0.9214303800402601,0.02698769552949015
3090.0,2.3659500135251095E-11,9.301758176936544E-4,0.16251562076874712,0.8365542033898997
3511.0,6.166643549674974E-7,7.968790948144463E-4,0.947409524518399,0.05179297972243164
2965.0,0.001447336302010157,0.2283744473340492,0.06476818617289927,0.7054100301910413
2851.0,6.0362388379523694E-9,0.1715021108311898,0.8154771683424604,0.013020714790111002
3329.0,0.990005529648779,0.0034919679580257138,0.004142270093579015,0.002360232299616396
3236.0,2.1088961055563902E-7,0.522420346507256,0.4773254386528791,2.540039502542203E-4
3659.0,4.895057863755738E-12,0.011779081826355368,0.4759383938115408,0.5122825243572087
3490.0,0.0016610048729883955,0.11352892084131444,0.8838841102403306,9.259640453666445E-4
2944.0,2.8308972508571096E-15,0.0021936146628545048,0.8734462338307168,0.12436015150642582
3079.0,1.0624964205123354E-7,0.010813374945812835,0.9846642616238058,0.004522257180739338
3917.0,1.9336254289526463E-11,4.8250041986033215E-5,0.27709366748092645,0.7228580824577512
3816.0,2.198489256093325E-6,0.9015946356128635,0.09705622465930384,0.0013469412385766655
3678.0,0.8918525359834342,0.09370896483627245,0.014404479369943204,3.401981035028607E-5
3249.0,6.161130916112325E-12,3.957858764431354E-4,0.3746934778123851,0.6249107363050106
2870.0,0.05625116019877576,0.7822056270637281,0.16130965877958145,2.3355395791471086E-4
3348.0,0.12124462118129453,0.8781828460719189,5.679506612471421E-4,4.582085539254502E-6
3192.0,0.6220388126025301,0.05538472575749125,0.32219266776173056,3.8379387824808233E-4
3071.0,0.018363910624322105,0.0014223397130371683,0.540522552496793,0.4396911971658476
3549.0,0.008062254821854147,0.9423333032240595,0.04956991407063273,3.452788345366805E-5
3735.0,7.41154859057024E-6,0.029034407604257625,0.9662497340473492,0.004708446799802629
3890.0,0.04214800114849792,0.9339791147569876,0.023804179546705113,6.870454780952215E-5
3972.0,5.0680957434608305E-12,0.00602918304066465,0.984012622252219,0.009958194702048331
3617.0,3.1148516259640097E-21,1.6124657627504203E-11,1.028644817498813E-5,0.9999897135357004
3435.0,1.5588331356244946E-18,3.938445179996909E-6,7.902378132435488E-4,0.9992058237415764
2889.0,2.4817209925974508E-18,2.1746652474481838E-10,0.0010682243936395394,0.9989317753888939
2796.0,4.9442778395530574E-12,0.034223564897025306,0.9616779244469101,0.00409851065112027
3278.0,4.509783097766617E-8,1.0068195008354993E-5,0.0016422536832708316,0.9983476330238898
3606.0,3.677853753238412E-21,3.555949601203765E-8,0.5780995944886097,0.4219003699518942
4019.0,4.886324455392696E-13,2.3723406838997024E-4,0.9739617599098992,0.025801006021222286
3321.0,2.215195653200704E-12,3.517631133090634E-4,0.4553157264355014,0.5443325104489743
3420.0,0.2660647710827289,0.7258840370991033,0.00800719276685197,4.399905131593003E-5
2942.0,0.0018301607191916094,0.9979022524902578,2.0360482859948633E-4,6.39819619511272E-5
3016.0,0.9938491646154273,7.91463436310398E-4,0.005346693732497179,1.2678215765171414E-5
3562.0,1.0800238973125905E-10,6.493846558839865E-4,0.8144740744489818,0.18487654078713187
3151.0,5.8227690828138E-4,0.6965829764587426,0.30053915064339803,0.002295595989577979
3845.0,0.822134215792736,0.13993254855540027,0.02798146042891926,0.009951775222944392
3744.0,1.30843943530161E-8,0.0011384629632004862,0.9924291384781623,0.006432385474242923
4044.0,7.778130786944263E-17,5.509956247065046E-10,4.80023200040931E-6,0.9999951992170039
3689.0,3.2578190473335845E-7,0.003397812779888067,0.5543501802284274,0.4422516812097797
2817.0,9.646396273231993E-14,2.1030847987048182E-5,0.004344657582397354,0.9956343115695191
3363.0,1.8393467080711852E-8,0.0030848513558028577,0.3980257851295429,0.5988893451211873
3206.0,0.07446418721343491,0.17266059004514206,0.7525792368924737,2.9598584894921243E-4
3120.0,2.965669270464127E-9,0.8746625688809531,0.05883343023843542,0.06650399791494226
3477.0,1.3224239775137597E-19,3.6732932824139207E-13,4.999772006130199E-6,0.9999950002276267
2999.0,1.4156509712205513E-8,7.288967219110139E-5,0.05653967109299233,0.9433874250783069
3807.0,2.3616051129457285E-13,9.862545315417878E-4,0.9812588539866842,0.01775489148153786
3962.0,1.4474496230243258E-12,0.016931096167685882,0.5583167313936648,0.4247521724372019
3405.0,1.8421653220718772E-16,2.7611733003258778E-6,0.008726272644097331,0.9912709661826022
2927.0,0.3446256608885091,0.48026980534985075,0.1729213737802594,0.0021831599813806842
3304.0,1.882761616377298E-10,0.042444410238742764,0.5159586495272465,0.4415969400457346
4002.0,2.5857520016741547E-18,9.228402110418648E-9,0.11649371791702541,0.8835062728545724
3591.0,0.7488090800029561,0.24885295412438704,0.0023358925610854468,2.0733115713760677E-6
3761.0,4.2275281888237835E-6,0.02515309020419058,0.276349754726114,0.6984929275415067
3860.0,1.204886218496481E-13,0.00449564268214467,0.772948211570292,0.2225561457474429
3166.0,0.9682670972089304,0.027529631778176484,0.004195654591216381,7.6164216767337845E-6
3033.0,3.4872586279723916E-7,0.004974581423170386,0.4725063540021969,0.5225187158487697
3579.0,5.1488534698427696E-11,0.12038210629255101,0.8488117233515874,0.030806170304373083
3223.0,1.1908183188708632E-10,3.5229141147875554E-7,0.012188554110114927,0.9878110934793918
2832.0,8.398283338476092E-12,0.22202524243924487,0.13369904897733048,0.6442757085750264
3378.0,5.9161187050030205E-18,1.622037422847868E-5,0.033648287945083726,0.9663354916806878
3704.0,0.11995952076376899,0.6813274508311242,0.13723784355338117,0.06147518485172559
4061.0,7.791950691926979E-15,1.9792915446655554E-6,0.005274180967567825,0.9947238397408797
3947.0,2.1439162474179256E-13,6.430041888972554E-4,2.6192920914490064E-5,0.9993308028899739
3790.0,8.129051243817459E-6,0.02412366726353109,0.9731994433821968,0.00266876030302827
3460.0,7.675544139334873E-21,1.0591969031104574E-6,8.288068399061291E-4,0.9991701339631909
2982.0,9.91187105060767E-7,8.398365071308478E-4,0.14407196856867918,0.8550872037370849
3105.0,0.06673499543131399,0.8399190679126087,0.09292268613475083,4.232505213263498E-4
3833.0,4.145296117564948E-9,0.01867288265301316,0.9408614121230745,0.04046570107861629
3932.0,1.9400051890839592E-17,4.184714376411748E-10,0.003909316404427976,0.9960906831771006
3094.0,1.6139136610638185E-4,0.050788911636672145,0.9184673075752963,0.030582389421925087
3507.0,0.9812076733010996,0.01855535640478532,2.3668410924051418E-4,2.8618487465815724E-7
2961.0,0.023644315398373715,0.6768173464235099,0.2810183738423629,0.018519964335753477
2855.0,0.9982752230243341,0.0017131211727604908,1.1615170179174295E-5,4.0632726117936436E-8
3333.0,0.009982697473648536,0.9484340529555398,0.04153091409546403,5.233547534743242E-5
3232.0,6.041909621019593E-10,0.21849433175789432,0.6526911644708102,0.12881450316710444
3663.0,3.5787894248293705E-20,2.0584651863386584E-9,4.858044785177482E-6,0.9999951398967496
3875.0,4.439037345460977E-8,0.009817916709886423,0.5562187058015012,0.4339633330982388
3718.0,7.739980070475381E-15,0.0011990128532142017,0.015614345101105811,0.9831866420456723
3054.0,8.250017671851426E-8,0.022659531625729222,0.2563172221538417,0.7210231637202524
3532.0,1.4107376385152253E-16,5.798565963403094E-9,1.880794075827861E-6,0.999998113407358
3177.0,1.811568930474853E-17,3.1986930897535584E-8,3.277684968986224E-5,0.9999671911633792
2813.0,7.290232518436931E-5,0.09423086523324575,0.8971414162211202,0.008554816220449757
3295.0,1.827782080665862E-12,1.3296446858395645E-4,0.09753422823064645,0.9023328072989417
3450.0,0.003312396671349488,0.8336502978387164,0.1606221672960782,0.0024151381938559693
2904.0,2.3142501267449595E-12,1.971939498694625E-7,0.001691717443343837,0.9983080853603921
3632.0,6.309995255254464E-5,0.9786068274935651,0.020958025629809467,3.7204692407297977E-4
3989.0,0.0012726205700548019,0.4429432640385167,0.5517618430704507,0.004022272320977955
4032.0,1.0604551362751758E-16,7.123838946226605E-5,0.1329330144934352,0.8669957471171025
3685.0,6.187055001007455E-12,9.213985772974091E-6,0.09040504245072914,0.9095857435573109
3375.0,0.3227747161086228,0.6761968598363203,0.0010280985281125592,3.255269444503207E-7
2829.0,4.2158253959725894E-20,1.6441255582618198E-10,4.882794412683581E-5,0.9999511718914605
3210.0,0.0014573007523368258,0.989996533927814,0.008255411141394112,2.907541784549024E-4
3132.0,9.482653549415529E-27,8.730035040589624E-13,3.911057895041523E-6,0.9999960889412319
3003.0,2.359705254313901E-7,0.597640256752796,0.4018518674111422,5.076398655362422E-4
3481.0,0.9837200317707834,0.015994779523935524,2.842885699717036E-4,9.001353094814989E-7
3795.0,2.046210226069414E-15,0.0010999495943600154,0.029327551169612654,0.9695724992360253
3958.0,3.2595084871503018E-15,0.06161705938958168,0.31788446331780124,0.6204984772926138
3610.0,1.0575632263385754E-13,2.948368146210289E-6,0.6372125672134825,0.3627844844182655
4031.0,0.9359501727796835,0.06372537986880723,3.2415948929497E-4,2.8786221415721437E-7
3317.0,4.9423410786134425E-8,6.0329836115143793E-5,0.221032251661013,0.7789073690794611
2930.0,0.01558648952612983,0.7772547541130458,0.20297443128369363,0.004184325077130767
3408.0,0.26913076913071443,0.5223069875825405,0.20658981592106418,0.001972427365680972
3558.0,0.9989575496357191,0.0010390479343937358,3.401664959296233E-6,7.649276771043083E-10
3012.0,3.15562868564897E-5,0.7110049446361777,0.28644018495783213,0.002523314119133706
3139.0,1.7640978539873587E-6,0.7654784787289483,0.1848629242539586,0.04965683291923933
3849.0,0.9973038044877445,0.0026723217664711947,2.3757653853338778E-5,1.1609193081126365E-7
3756.0,0.11649024522564527,0.8821808256359623,0.0013208009513384549,8.128187054037843E-6
3188.0,1.572646972860909E-4,0.25286650699869195,0.7432602895207624,0.0037159387832595386
3537.0,0.9949194320124949,0.0050388326969905825,4.1634322766081896E-5,1.0096774843657228E-7
3059.0,1.2722333764988422E-12,2.6113719569912443E-7,0.9943926306349709,0.005607108226561275
3739.0,4.946181993428806E-15,9.224100482144239E-8,0.03407076622249803,0.9659291415364921
3902.0,1.0332747342341316E-20,1.9036450540212083E-12,9.74289037993927E-4,0.9990257109601025
3976.0,0.18462601643180507,0.784500556384507,0.02950010862432033,0.0013733185593675866
3629.0,0.999547467506808,4.51486492926888E-4,1.0451090613147442E-6,8.912036746197979E-10
2885.0,7.074329236177403E-21,4.703961709244974E-9,1.7525444754806272E-5,0.9999824698512835
3431.0,1.3626256737541066E-5,0.8611607305454374,0.12905174190193613,0.00977390129588911
3266.0,2.3942411701606313E-11,9.409555090028973E-6,0.02977460522584985,0.9702159851951176
2956.0,2.4966389535606897E-5,0.9853975321067479,0.01400095114308838,5.76550360628229E-4
3502.0,6.83892317108408E-17,7.113968189470891E-4,0.9907762959038389,0.008512307277213865
3083.0,7.88123854835886E-9,0.1680185288189747,0.8191509103786213,0.012830552921165504
3905.0,0.014296122201087464,0.7646651394189753,0.2184536583989653,0.002585079980971898
3812.0,2.5392727127421343E-10,0.7113818604460006,0.2871622963179452,0.0014558429821270435
3666.0,2.2018026341020418E-10,0.15963162856727303,0.8390568200249386,0.0013115511876081545
3261.0,0.0029058928833418643,0.5079655539494428,0.4834653150413004,0.005663238125914911
3352.0,4.733185524922579E-6,7.52876895841762E-6,0.8461459288956362,0.15384180914988047
2874.0,6.3124821961023416E-15,1.2878463548374664E-5,0.34787912692305345,0.6521079946133919
3887.0,1.9732394560750855E-10,0.0028593264578827874,0.8846302869684602,0.11251038637633318
3722.0,1.2876164180375927E-5,0.977140933677518,0.013746387500687945,0.009099802657613627
3520.0,9.068635451761816E-7,0.604891245230137,0.3947742801805065,3.335677258113324E-4
3042.0,0.9991259893388623,8.518885645094719E-4,2.2010322289807852E-5,1.1177433836561202E-7
3173.0,1.6422786035262806E-14,0.03048084641208314,0.7982213929933347,0.17129776059456567
3283.0,7.102963275210603E-10,4.8738120125165416E-5,0.1118402212645313,0.8881110399050471
2801.0,4.589928042101341E-11,0.001619264707591182,0.8722815376857073,0.12609919756080237
2900.0,3.3959517743908214E-4,0.34077250182944957,0.6429292301186308,0.01595867287448054
3446.0,0.9171551392744479,0.07020392338535536,0.012620592585690208,2.03447545064633E-5
3644.0,0.025141531448030042,0.9424973081021921,0.0323564709044016,4.689545376258696E-6
3993.0,0.9118761935225734,0.019465967337693884,0.0668250672014469,0.0018327719382858554
3829.0,1.7106901846269202E-9,4.620634892805681E-5,0.02753079794482708,0.9724229939955547
3920.0,2.1855891292026577E-4,0.9621227961992546,0.03742081227560228,2.3783261222293098E-4
3098.0,2.9022704033645987E-15,1.1203330033457809E-5,0.3103823020401471,0.6896064946298165
2973.0,0.9851316625857894,0.01478532321851302,8.270530985175477E-5,3.0888584587327463E-7
3519.0,0.2153866880884572,0.7795720721589807,0.004752919461311762,2.8832029125030795E-4
3337.0,1.0052182291610888E-8,4.841409685362453E-4,0.12749775277605266,0.8720180962032288
2859.0,1.5834468919469574E-19,2.4377056732554386E-9,8.840889104224435E-5,0.9999115886712521
3244.0,5.535498658000104E-20,5.45488377131116E-7,0.00219481498095147,0.9978046395306713
3651.0,0.0012838158675001965,0.10731768632232362,0.8798120090339835,0.0115864887761926
3227.0,2.444647805349403E-8,0.008452838790140665,0.8551445468658267,0.13640258989755455
3390.0,0.06516527614746903,0.9325189306609339,0.0023086272111009234,7.165980496005514E-6
2844.0,0.001754548371178263,0.830191817244224,0.16766231582020025,3.913185643975412E-4
3700.0,0.011622956024273623,0.9883490458592932,2.7979275120154635E-5,1.884131297078728E-8
4049.0,9.842454991821236E-6,0.5624693600666881,0.43449903516638955,0.0030217623119303525
3943.0,1.996424170843172E-17,2.684559548499646E-4,0.5116685496535062,0.48806299439164386
3778.0,1.4796927817100087E-15,2.1781473517795375E-7,2.706931461585944E-4,0.9997290890391047
2986.0,4.852312811151286E-9,4.940187247007047E-6,0.001719975763225623,0.9982750791972146
3464.0,8.478866843048078E-7,0.7170836143551311,0.21593852898433943,0.06697700877384521
3117.0,2.3072541558373807E-19,1.027728397809805E-8,0.10125309535851316,0.898746894364203
2915.0,0.9772407418656804,0.02264264167545375,1.1657662895471954E-4,3.982991092898274E-8
3300.0,4.961608379703583E-9,5.14178525745148E-6,0.03682948725238007,0.9631653660007541
4014.0,5.223075499770845E-22,9.642692727168935E-11,1.454256952656119E-5,0.9999854573340465
3595.0,3.847513129869322E-7,0.044598151441936455,0.15048885446145618,0.8049126093452944
3773.0,2.9532701461015E-4,0.9160112985875923,0.083663067031886,3.030736591151016E-5
3864.0,8.963494741189E-27,8.778056644614748E-16,9.939974237400432E-8,0.9999999006002567
3154.0,1.0808976602078039E-9,0.0696782427663873,0.8400954804523677,0.09022627570034727
3575.0,1.2219671375806107E-4,0.07725896741653475,0.9038419009993153,0.01877693487039194
3029.0,0.18838879978513326,0.6582506186123159,0.07547111130448371,0.07788947029806718
3614.0,6.166014673887806E-4,0.7456712567206414,0.2403220064388085,0.013390135373161138
4027.0,3.81858566521638E-5,0.1463858340573677,0.37868821386655593,0.4748877662194242
3313.0,5.451929265120455E-6,0.0030964413708536795,0.10834027403645308,0.8885578326634281
2934.0,1.0210947931329946E-7,0.5193020707356986,0.24550888120605632,0.23518894594876572
3412.0,2.0463595893935934E-5,0.6983950012708263,0.2966883625334629,0.0048961725998168506
3554.0,0.34591505400716516,0.6360314334598581,0.01805327412886999,2.384041066453472E-7
3008.0,3.5855070377157763E-9,0.04075369985847398,0.8829216922241201,0.07632460433189892
3143.0,1.4264092398694246E-4,0.434558291132931,0.5652905987550189,8.469188063255007E-6
3853.0,2.0289361031851433E-5,0.2680522419053412,0.670541090372681,0.06138637836094583
3752.0,0.6930691187606013,0.2660899019613965,0.03854545076939405,0.002295528508608246
4036.0,3.613539363375175E-7,0.09367909144901837,0.5177553068703686,0.3885652403266768
3681.0,3.5217377279884565E-7,0.46627179515099704,0.4437367427132069,0.08999110996202331
3371.0,9.004781730641711E-17,0.0012892692474223658,0.9343179661378047,0.06439276461477296
2825.0,6.307508319884829E-10,6.214192323330278E-4,0.5120793950393644,0.48729918509755166
3214.0,0.9945696935713546,0.0054200781885525694,1.0198794639546802E-5,2.9445453336977432E-8
3128.0,1.4365031563717135E-12,7.595140588491514E-6,0.0022662657378357217,0.9977261391201392
3007.0,2.0173780473155466E-23,3.359486926718607E-10,0.010082519652173572,0.9899174800118777
3485.0,0.02727100857328344,0.9724527172944823,2.7623405254873493E-4,4.007968548677637E-8
3799.0,1.5454349515223654E-10,0.07480696606989813,0.9175189983825199,0.007674035393038527
3954.0,1.998798044099255E-9,8.273594378711372E-6,0.0176540245388625,0.9823376998679607
2952.0,9.418547784417081E-4,0.6764587959356616,0.32012601477536423,0.002473334510532439
3498.0,1.3503724532542956E-8,0.034865454630448524,0.9193700822833014,0.04576444958252549
3087.0,1.0117562673266172E-15,4.801347584614725E-9,5.519291065473273E-4,0.999448066092104
3909.0,0.9510927545002276,0.045840615299505484,0.0030542848647739707,1.2345335493031843E-5
3808.0,4.677779003482347E-21,1.866790180783603E-9,0.015022562146967136,0.9849774359862427
3670.0,1.5897172192026974E-7,0.03690506689216659,0.8167963731088916,0.1462984010272199
3257.0,1.3373606916531625E-13,0.018738419260982738,0.9245372589601987,0.05672432177868493
3356.0,1.5711881082713507E-14,0.002892702177711894,0.5688620007295774,0.42824529709269504
2878.0,4.159308905554559E-13,1.098648795930707E-5,0.00353951415443379,0.996449499357191
3184.0,0.004220995831495247,0.7415796693652106,0.2484085478295541,0.005790786973740245
3541.0,3.887298644157543E-12,1.4996471429608665E-4,0.0032411452790442044,0.9966088900027724
3063.0,1.845281752911565E-10,0.004745691899375725,0.6698408160482654,0.32541349186783064
3743.0,0.006331215548148112,0.06734639287253187,0.9229523198751326,0.0033700717041875443
3898.0,1.634747312993386E-5,0.898010304910556,0.10169126412949586,2.820834868180433E-4
3980.0,2.3288862734616578E-7,0.43756917384495797,0.5425165648781604,0.019914028388254398
3625.0,0.009594486060349478,0.04590146461213278,0.20957008347447936,0.7349339658530384
2881.0,0.011823130251966543,0.17719514898352667,0.7357135797245759,0.07526814103993093
3427.0,0.9807394325600118,0.019211081727564704,4.923883833997819E-5,2.468740835380067E-7
3270.0,5.728856869930289E-16,4.479691021742728E-6,0.2769670585174962,0.7230284617914814
2788.0,0.029194370394428053,0.003007641749662253,0.1409661889162849,0.8268317989396249
3825.0,0.35958896981259714,0.6356242740492004,0.004780469671964874,6.28646623757717E-6
3924.0,9.346509142210375E-6,0.8666118921038014,0.11263549119131484,0.020743270195741632
3102.0,0.9766391685485447,0.02308021161556061,2.7967909620307146E-4,9.407396915566893E-7
2969.0,4.280398323204815E-12,3.9272456603812496E-4,0.023476390330151406,0.9761308850995302
3515.0,1.1377699195905504E-10,0.4951367368690391,0.4003994138773804,0.10446384913980339
3341.0,3.893769992880695E-9,9.264686701419057E-5,0.0010189108044272894,0.9988884384347886
2863.0,3.521889229503122E-6,0.9346054957487083,0.06369140955272352,0.0016995728093386934
3240.0,0.03438270263300547,0.6240762438423383,0.34092326369531767,6.177898293385346E-4
3655.0,0.15304294701703852,0.8198400901938729,0.026811609474531095,3.053533145574757E-4
3883.0,0.7323382730832276,0.2667566308132819,9.049986820977218E-4,9.742139288490985E-8
3726.0,0.17742377136772264,0.8201571250398187,0.002178114341821261,2.4098925063750431E-4
3524.0,2.7466565760870165E-10,4.6623504092859787E-4,0.9652734611157638,0.03426030356864188
3046.0,1.40761645582235E-5,0.015832966955779723,0.8943643621417264,0.08978859473793563
3169.0,6.5797805583783175E-24,7.544172406585379E-12,2.209757952465659E-6,0.9999977902345033
3287.0,2.147667808991733E-5,0.39837926492008885,0.5957795113292537,0.005819747072567374
2805.0,0.04504489561976772,0.9533476044287558,0.001408214914712018,1.992850367645146E-4
2896.0,1.5716990071057699E-9,0.0013149879100432832,0.20714176594142336,0.7915432445768343
3442.0,5.904316525320308E-6,0.06569305630560208,0.8660593169235598,0.0682417224543129
3640.0,0.04849200808656505,0.8118314264928191,0.13907529946024355,6.012659603722526E-4
3997.0,1.2994806176655581E-12,3.1109931652866185E-5,0.9997387468957858,2.3014317126181038E-4
2919.0,0.9127291920858377,0.08624645366959134,9.871702911566434E-4,3.7183953414304184E-5
3397.0,3.82999138301396E-4,0.08526382968857986,0.6323095889029285,0.2820435822701903
3296.0,2.441247950065689E-15,1.5250932182047416E-4,0.1700285292508907,0.8298189614272864
4010.0,0.9968738396219239,0.0030967970322640123,2.9308736421137447E-5,5.460939096434935E-8
3599.0,0.042814587639555896,0.11629941167386453,0.8406328048081282,2.531958784513569E-4
3769.0,0.030702105329492944,0.18891487230746273,0.6412387587976083,0.13914426356543597
3868.0,0.9274340572211733,0.06496726044161709,0.007539427108051351,5.9255229158298085E-5
3158.0,0.4980215548661781,0.4386239586856107,0.06109830835578255,0.0022561780924285433
3571.0,2.1249170181661877E-5,0.016732528660377034,0.8585553136377313,0.12469090853171008
3025.0,0.5641420571818762,0.4318000881227468,0.0040509031927553115,6.951502621858717E-6
3231.0,1.1614089432614699E-11,0.10314229028056639,0.8913513456211285,0.005506364086691021
3386.0,0.025367124432689667,0.8534450354654022,0.12073243539180692,4.5540471010122865E-4
2840.0,5.76583231615936E-11,2.9156145486657847E-5,0.0790340541080174,0.9209367896888377
3696.0,0.9818942421548876,0.018035239386238314,7.050027592266965E-5,1.8182951408518573E-8
4053.0,5.838626426832179E-14,2.256453381763402E-9,5.087773857086616E-4,0.9994912203577796
3939.0,0.5159162795448612,0.47890555519549377,0.0051254929505688725,5.267230907601561E-5
3782.0,4.924268476484543E-19,1.3444723778099858E-7,0.02769858892175708,0.9723012766310052
2990.0,4.037343381069067E-4,0.2767448270847861,0.7195944684332823,0.0032569701438245812
3468.0,1.0040954924763013E-21,4.0390142096818964E-12,3.802911780637327E-5,0.9999619708781546
3113.0,5.432927506852737E-11,0.05762493033796329,0.6536797665586156,0.2886953030490918
2820.0,3.6773529185386755E-6,0.036909862474641175,0.3057661166864976,0.6573203434859426
3366.0,0.9722079450289441,0.027474992259881044,3.1625019775712596E-4,8.125134177270331E-7
3203.0,1.1957562171864567E-9,0.548336510704646,0.43284868323290193,0.018814804866696032
4041.0,7.518230799205E-13,4.7328485133427557E-4,0.5496807488370178,0.44984596631089613
3692.0,0.5398068638793304,0.4578868843209072,0.0018703873377863202,4.358644619760865E-4
3802.0,3.237918338005323E-17,5.662616873604189E-10,1.3260474968378275E-4,0.9998673946840545
3967.0,9.837821207599642E-4,0.5553349665346433,0.42815125331593235,0.015529998028664393
3125.0,8.864480133184724E-8,3.1290204985226657E-4,0.0413632441461055,0.9583237651592409
3472.0,1.557418656021301E-13,0.0012353123176201924,0.10091191066983678,0.8978527770123873
2994.0,0.9292787076011382,0.07068286429275364,3.813313785891631E-5,2.949682492715924E-7
3324.0,2.0608810542107796E-13,0.04913955126597835,0.4298632906116172,0.5209971581221985
3417.0,3.816404911008043E-17,0.06247900738020142,0.8396538181704702,0.09786717444932837
2939.0,1.939336818593921E-10,4.002313956885349E-4,0.997026298937239,0.0025734694731387297
3603.0,0.16214512790360802,0.49170424592658707,0.13885795295600467,0.2072926732138002
4022.0,2.360600023436055E-9,4.258706699615834E-5,0.21392307967974294,0.7860343308926608
3840.0,1.436660275427177E-10,0.026462569387335377,0.8331750244528616,0.14036240601613695
3749.0,4.01758881341045E-13,1.1625240170316977E-6,0.013025960181484969,0.9869728772940963
3021.0,3.335063088248226E-8,0.4127419496881431,0.5683660317775748,0.018891985183651077
3567.0,1.223902231287445E-4,0.9369313379615853,0.06270953104365845,2.367407716274277E-4
3146.0,6.193950062351719E-8,0.010079971565109579,0.9674859520163942,0.02243401447899552
3730.0,3.34899754814722E-7,0.9281138169943937,0.0668000994702069,0.005085748635644675
3895.0,6.097822626997316E-15,2.1090074631049624E-5,0.041762630743218065,0.9582162791821448
3197.0,1.4151367509402704E-17,0.0023341000802766542,0.015376278715805634,0.9822896212039177
3066.0,2.5840599353048364E-18,2.6013854832420984E-8,2.4636676475812503E-5,0.9999753373096694
3544.0,4.763605553320811E-9,0.02463273618893897,0.371756610925198,0.6036106481222575
3438.0,1.2028589708614344E-12,0.0243490605027821,0.9746679321353354,9.830073606795354E-4
2892.0,0.00967434465274654,0.5296138962264394,0.45865885207531293,0.002052907045501062
2793.0,4.0858190761673636E-5,0.49212017936280167,0.4627311643307136,0.04510779811572302
3275.0,5.356485992989824E-9,0.16364005574084278,0.5334082687357126,0.3029516701669587
3969.0,5.471339780123815E-5,0.8822806110454079,0.11722497355858383,4.3970199820706797E-4
3620.0,7.464531954532374E-18,4.69852700287979E-10,3.753061238470637E-5,0.9999624689177625
3912.0,0.9782376240638517,0.02164540741510488,1.1672304233970339E-4,2.454787038310769E-7
3821.0,1.4461773375430219E-5,0.0362820860622362,0.9471288218649795,0.016574630299408904
3495.0,0.8094410067802542,0.18813120616716303,0.0024225425695693944,5.2444830134007E-6
2949.0,2.088509731121126E-4,2.157401975044852E-4,0.985628325092622,0.01394708373676136
3074.0,0.004624877269366353,0.7454356585130377,0.2498976786822868,4.178553530900057E-5
3252.0,7.721935942007304E-9,0.06791497840098283,0.7136462877066067,0.2184387261704745
2867.0,7.697869469697075E-12,5.917358385871038E-4,0.992305592826233,0.0071026713274820125
3345.0,3.385296751334547E-13,9.448281530218135E-4,0.8528927246933345,0.1461624471533051
3675.0,1.1186910483596151E-10,0.04709937783069928,0.060678556873329965,0.8922220651841016
3051.0,6.296794784490221E-10,0.04427635371528246,0.828633700051309,0.12708994560372916
3529.0,1.9970083716257786E-5,0.31684918752076013,0.5526821071382068,0.1304487352573169
3180.0,2.8675270118832784E-15,2.0641285162770985E-5,0.3448304498895588,0.6551489088252757
3878.0,1.0409641807410103E-13,5.088428561176136E-4,0.9452610188789321,0.05423013826484616
3715.0,0.0012583753251944171,0.7044114912491237,0.17542225018329674,0.11890788324238512
3637.0,0.0030076810194091435,0.5026175411521274,0.3924265046084808,0.10194827321998261
3984.0,2.1505551224815655E-5,0.19327170758157772,0.19343206947154906,0.6132747173956484
2808.0,7.751427085209597E-10,5.090461455725728E-5,0.10770526961161685,0.8922438249986832
3290.0,0.02690006749073605,0.7849327791922052,0.1822319027706283,0.005935250546430443
3455.0,2.9992710118277585E-11,1.8396998491483646E-5,0.03511568836051981,0.964865914610996
2909.0,3.1637922319961175E-6,0.001686210991885025,0.9722124241594767,0.0260982010564063
3091.0,0.9359192712770896,0.06385576654850558,2.243807988136485E-4,5.81375591190723E-7
3510.0,0.013571411513423521,0.22689257817610253,0.36500065477927673,0.39453535553119734
2964.0,2.7499823136796085E-4,0.8426676633597198,0.15666184250469606,3.954959042162325E-4
3836.0,1.4622163388192191E-8,7.307685208710843E-4,0.5653983309259483,0.43387088593101736
3929.0,1.555541720886415E-9,0.01748387295834704,0.9809701460553032,0.0015459794308081269
3658.0,2.7032532695182093E-8,0.001246098483266732,0.9490779621055371,0.04967591237866349
2850.0,0.9930831730124478,0.0069059964663797805,1.0827059452881915E-5,3.4617196224170175E-9
3328.0,3.869373176774621E-4,0.5243565323412674,0.43997304387763586,0.03528348646341934
3237.0,3.8576645203008665E-4,0.9712281636116952,0.02824511004399229,1.409598922824486E-4
4056.0,0.7357055444480424,0.2327205148707517,0.031187681304484766,3.862593767209997E-4
3218.0,5.049230042313924E-14,4.5924307866500194E-4,0.3282923680786168,0.6712483888426677
2837.0,1.5988660098752333E-9,0.004656129959567222,0.8529780495372424,0.14236581890432443
3383.0,0.004208929011103462,0.995556396275407,2.3325425981979715E-4,1.420453669740711E-6
3457.0,0.03140194640578488,0.9199211526721845,0.04788187490371928,7.950260183113477E-4
2979.0,2.7758526629321765E-10,0.00929746280437316,0.04096530398053739,0.9497372329375041
3108.0,3.484157567163068E-8,0.016372816524771516,0.940082727863781,0.043544420769871736
3950.0,2.085549123432327E-12,1.721191815795366E-5,0.18304624104412656,0.81693654703563
3787.0,4.694767685083658E-7,6.753358629692138E-5,0.025961161895161646,0.973970835041773
4007.0,1.1076300642782533E-6,0.8079393006971153,0.18853731265855908,0.0035222790142613336
3586.0,8.415981821281818E-15,3.705524014909195E-6,0.08874253010118707,0.9112537643747896
3400.0,8.522473790507266E-14,4.688027454611218E-6,0.5121110399756389,0.4878842719968211
2922.0,8.66700229029656E-18,9.377745445097902E-6,0.10053603026031264,0.8994545919942422
3309.0,8.038480182984577E-5,0.32471163124272967,0.6050867611648345,0.07012122279060619
3163.0,0.0014557730872027136,0.47011105978305795,0.5029405488978738,0.02549261823186564
3036.0,2.6826444489312047E-10,3.3851678205931863E-7,0.013281953925901745,0.9867177072890517
3582.0,1.0119696124184881E-7,0.08859071634231427,0.8939489624948196,0.0174602199659049
3764.0,4.964775255335668E-4,0.08772095848073963,0.572655257021001,0.33912730697272586
3857.0,7.44284231349987E-10,0.3094721043360983,0.6719740079501029,0.018553886969514623
3320.0,3.248134234645947E-4,0.9092762002492084,0.08735911079530462,0.0030398755320223125
3421.0,9.918491545151804E-8,6.337648196525355E-4,0.9617329738123087,0.03763316218312335
2943.0,2.8099830072821125E-21,7.777435550532005E-6,0.005065564327365872,0.9949266582370836
3607.0,9.06968701034235E-12,9.680414621689833E-5,0.01659236908852309,0.9833108267561903
4018.0,0.4805089826516659,0.3013091881180056,0.21799634300659362,1.8548622373496575E-4
3844.0,0.12848071046733506,0.7878973456913766,0.06561862067122894,0.018003323170059496
3745.0,2.528576631737323E-11,0.13107970887799103,0.3786349515034186,0.49028533959330467
3017.0,3.0227348836655467E-6,0.011733231234892264,0.9799576004034303,0.00830614562679382
3563.0,0.0027460413381551764,0.8886098503452506,0.095059864708775,0.013584243607819143
3150.0,9.238317344825092E-12,0.0016455863723134196,0.04872214678800397,0.9496322668304443
2816.0,1.5164333204057027E-5,0.0659952121962281,0.8825224644239029,0.05146715904666491
3362.0,2.512752479895821E-12,1.767489542197409E-5,0.25910021433763336,0.7408821107644319
3207.0,1.0565002838885985E-19,2.522900494452266E-8,0.008118046738597746,0.9918819280323974
4045.0,3.73575327551142E-11,0.08325704223235947,0.7715036692641658,0.14523928846611725
3688.0,4.938004277011724E-6,0.4717654967429772,0.4703920626579596,0.05783750259478614
3963.0,6.80010636410597E-7,0.32751194723866134,0.21682952355715526,0.455657849193547
3121.0,7.871122759468997E-6,0.006531978234747274,0.9262447345092826,0.06721541613321068
3476.0,0.998966142497327,0.0010285534072884456,5.301848476056877E-6,2.2469087063269714E-9
2998.0,0.9868557115342512,0.01299023902292099,1.5154061330529018E-4,2.5088295225135867E-6
3916.0,1.1815389653324177E-9,0.7149463050796461,0.2849806328783158,7.306086049918518E-5
3817.0,1.029569471967766E-12,9.827326893294378E-4,0.9900093329561906,0.009007934353450358
3491.0,2.2632419119754615E-5,0.16461234519584306,0.7699756922780968,0.0653893301069405
2945.0,0.30420018806065474,0.47150369614740933,0.22423175443059243,6.436136134344024E-5
3078.0,5.316547914518791E-17,2.911053892189471E-6,0.004873646457057386,0.9951234424890504
3248.0,0.9642927653183335,0.035694061158650044,1.2949226198750632E-5,2.2429681776204014E-7
2871.0,6.208094247915373E-6,0.025212638399381152,0.31383564707535827,0.6609455064310127
3349.0,1.526097532884555E-4,0.010891001413805845,0.8811027436461975,0.10785364518670826
3679.0,3.1266858836185294E-4,0.6244853669667265,0.37415276940383513,0.0010491950410764046
3734.0,4.335918993824521E-12,0.001008288851093026,0.23757388763713894,0.761417823507432
3891.0,0.9349538493332342,0.03771179138366935,0.027315164739925145,1.9194543171284985E-5
3193.0,0.07834168530262534,0.7751131773271207,0.14452553811857582,0.002019599251678027
3548.0,2.0325816471704497E-12,5.081115048724186E-4,0.3945714364020605,0.6049204520910345
3434.0,4.545284217194762E-6,0.007830042002675517,0.3086400344074263,0.6835253783056809
2888.0,1.1006812695135581E-8,0.0039208243618507775,0.8189677589375847,0.17711140569375175
2797.0,1.7394953743537628E-11,6.417604407677113E-4,0.9957153346307647,0.003642904911072739
3279.0,3.328337810830517E-5,0.978148942172702,0.019707779243351677,0.0021099952058378996
3973.0,4.619440629061213E-20,1.4934996269521122E-8,0.021034606960431742,0.9789653781045721
3616.0,2.6420466959420366E-7,0.015892448746069265,0.6042225279407044,0.3798847591085567
3095.0,0.21755602803092408,0.7740609347266316,0.008217103258655892,1.659339837883698E-4
3506.0,6.484615742525338E-12,1.7712159554408708E-4,0.20821329315346823,0.7916095852445032
2960.0,3.569192405327272E-8,0.0031788231949395826,0.17584788705761875,0.8209732540555176
3832.0,0.9753714068007673,0.024571436050124056,5.706140624983819E-5,9.574285881212684E-8
3933.0,2.6610776465413637E-5,0.5266341432119616,0.47155445038227684,0.0017847956292962551
3662.0,2.8358564690248856E-10,6.482083832093635E-4,0.8735387318810526,0.1258130594521524
2854.0,7.300427799556977E-10,4.043976355412827E-6,0.04153261913407023,0.9584633361595315
3332.0,1.916924846159601E-5,0.9087803250693784,0.09109887658242848,1.0162909973138245E-4
3233.0,3.333978814448647E-4,0.993724479744691,0.005902152331148417,3.99700427155224E-5
3055.0,2.288399449000195E-24,5.89902996286026E-11,6.013783113015417E-5,0.9999398621098795
3533.0,8.880023061204869E-20,2.802040810313198E-10,1.1897443334524416E-4,0.9998810252864507
