3067.0,0.025326685447845828,0.566906652420907,0.2398052181639786,0.16796144396726856
3545.0,2.651501063453153E-4,0.010111231255212664,0.5848560575690886,0.4047675610693534
3731.0,0.08632916901254709,0.4049196710594975,0.4990209038292583,0.00973025609869697
3894.0,0.09006127928896442,0.3717640635172038,0.4997994800348752,0.03837517715895655
3968.0,0.0029754717908197946,0.05033129441653379,0.41127449132075344,0.5354187424718929
3621.0,3.4120422696266816E-6,1.7561025294086246E-4,0.0341380832098599,0.9656828944949296
3439.0,0.0019294417543796471,0.06152143203021609,0.5217687374010851,0.41478038881431917
2893.0,0.9720194777883462,0.025673132233782807,0.0022984939971844817,8.895980686550663E-6
2792.0,0.02202984836729901,0.27801886994181024,0.5879191670386614,0.11203211465222934
3274.0,0.1848401423035147,0.6894482080287394,0.11635120168943705,0.009360447978308857
3494.0,0.4522186778205223,0.3878017827980043,0.15734220476404637,0.002637334617426991
2948.0,1.5838164722011363E-4,0.011021120269194754,0.25154649135253226,0.7372740067310529
3075.0,8.163028485989537E-4,0.22563309499140308,0.7086224167887247,0.0649281853712732
3913.0,0.0034308753336553164,0.04470931323594829,0.8574436254278648,0.0944161860025316
3820.0,0.14696413846675516,0.4853284450208247,0.31079856065309347,0.056908855859326694
3674.0,0.00862305713620977,0.2272473002792683,0.5743115108198431,0.18981813176467877
3253.0,5.4496723648474295E-5,0.005687448482525518,0.14719468213912587,0.8470633726547001
2866.0,0.9761180335989504,0.021760793216189154,0.0020939969674676705,2.717621739274067E-5
3344.0,1.0293394074800713E-5,3.2683655502491237E-4,0.051854688381847466,0.9478081816690529
4040.0,6.209318022952953E-5,0.0044231131441833625,0.24284082360937975,0.7526739700662073
3693.0,0.4526123783688262,0.4137174509574536,0.13214911807126653,0.00152105260245367
2821.0,0.0016346003810863005,0.014216851944762203,0.477688129349247,0.5064604183249046
3367.0,0.001991591917609087,0.15163723830918743,0.5829674833889571,0.26340368638424644
3202.0,2.576985671558209E-6,3.4033070988125785E-4,0.029329871342265286,0.9703272209621819
3124.0,1.828303014892804E-4,0.005135974192767864,0.4484790016442515,0.5462021938614913
3473.0,0.004109833499775806,0.04505040244334477,0.6897739957348586,0.2610657683220206
2995.0,0.8123347136746986,0.1224849472264763,0.06466979267075453,5.10546428070642E-4
3803.0,0.5485889057932618,0.31158778132055404,0.1349353350910915,0.004887977795092693
3966.0,0.020088197023979792,0.10717458127608177,0.625298032066133,0.24743918963380546
3602.0,3.4702274450856106E-6,2.1668157936581385E-4,0.018527032563059927,0.9812528156301292
4023.0,0.014120606406948759,0.2595463895101134,0.7093277986467607,0.017005205436177062
3325.0,3.1882207717415586E-4,0.018883933750981564,0.20850536110786302,0.7722918830639812
3416.0,0.02895002337013792,0.24147237031914334,0.5648798998071265,0.1646977065035923
2938.0,0.00110858876601669,0.07236055174824846,0.6901377441167805,0.23639311536895433
3020.0,0.1960727620474404,0.23539556496751327,0.5200250409560312,0.048506632029015034
3566.0,0.015664827005116833,0.15526327487432706,0.7058700024519035,0.12320189566865264
3147.0,1.6297930756607715E-4,0.017967592320856242,0.22407232888703857,0.7577970994845391
3841.0,0.6281955052714697,0.3221118294639824,0.04922785997019165,4.648052943563095E-4
3748.0,0.002324630236827884,0.01968935335488221,0.1814420035818207,0.7965440128264694
3219.0,0.0017280103855391285,0.32385490913105586,0.4445665395308754,0.22985054095252985
2836.0,0.030567256706220878,0.12271069302519266,0.5937557176774836,0.25296633259110285
3382.0,1.6564062460513825E-4,0.012767278174428081,0.49854367619912054,0.4885234050018462
3708.0,0.0016079200704364042,0.01865615200002839,0.23328172138105155,0.7464542065484836
4057.0,0.0151171449347954,0.34910547200092984,0.5961560804561732,0.03962130260810151
3951.0,5.902092953451277E-4,0.011721657595764089,0.14482545072371247,0.8428626823851783
3786.0,2.3012543293809503E-5,0.0011209222545573543,0.10833888032808912,0.8905171848740596
3456.0,0.13110852059535114,0.1624548256744675,0.6846202774800991,0.021816376250082252
2978.0,0.008651777554329628,0.3640288664824166,0.5598861788037724,0.0674331771594814
3109.0,0.6038866556893847,0.3912389348147741,0.004834684097616001,3.972539822519056E-5
3401.0,0.42921681179867127,0.5426502687308883,0.028056836638945253,7.608283149525125E-5
2923.0,0.01608742700516494,0.42110911483380065,0.47965723007683025,0.08314622808420405
3308.0,0.003900829560233514,0.6992521661314874,0.27783331746550793,0.019013686842771226
4006.0,0.18723445544611478,0.540456683791998,0.2407374341898951,0.031571426571992196
3587.0,0.9659769256936931,0.033644725882367804,3.779118819720059E-4,4.3654196713661874E-7
3765.0,0.406056023920647,0.423256571734293,0.165943516014094,0.004743888330966108
3856.0,0.0017862312195623005,0.03849763719045548,0.7720436354539424,0.18767249613603976
3162.0,0.016742405224337054,0.1251718337717946,0.8040985183987912,0.053987242605077035
3037.0,0.005004030822270517,0.14623268324137328,0.6925704860512082,0.15619279988514798
3583.0,0.1952502756085967,0.311294867548912,0.4303090966094408,0.06314576023305055
3879.0,0.0033651653123194596,0.11410078437464598,0.5379498460246119,0.34458420428842257
3714.0,0.822187693266111,0.1758117111533867,0.0019994406713890025,1.154909113241042E-6
3050.0,0.022187502782701804,0.4463738534261159,0.4338868345201503,0.09755180927103203
3528.0,0.009636544148839096,0.03195191781937798,0.5033073213792584,0.45510421665252443
3181.0,0.03101273386517067,0.27201201505953754,0.6135076810498883,0.08346757002540359
2809.0,0.6253763981907371,0.3606580935346597,0.013868320811300112,9.718746330313886E-5
3291.0,0.45542132727030743,0.5252750262161974,0.019246212633123216,5.743388037202315E-5
3454.0,0.027799781184766746,0.5181491024485272,0.3850356060928421,0.06901551027386392
2908.0,0.11550081471927193,0.5288876626761291,0.3451056531680302,0.01050586943656881
3636.0,0.0698555782628035,0.48599975907577625,0.4098825610041391,0.03426210165728134
3985.0,0.013882685390482779,0.4666135093693541,0.49782342729005236,0.02168037795011062
3837.0,4.0840273947857565E-5,0.00304925081786068,0.1465200423283814,0.8503898665798101
3928.0,0.02488752862671319,0.4735632614529187,0.4435072693921934,0.058041940528174595
3090.0,6.425814229146099E-6,0.001449984140023673,0.0926766543591219,0.9058669356866254
3511.0,0.03976340051679586,0.11891007690730775,0.6458842704497617,0.19544225212613456
2965.0,0.039754177841603434,0.2990426962728709,0.6158238946045941,0.04537923128093168
2851.0,0.08770914777725489,0.40813029929180145,0.4999904862118582,0.004170066719085364
3329.0,8.8598723632184E-4,0.0202063383912112,0.6207403208205927,0.3581673535518742
3236.0,0.006082956506923146,0.732815245842249,0.24599706245845626,0.015104735192371536
3659.0,0.006485618284360449,0.5256906952186431,0.3899665334124954,0.0778571530845011
3490.0,0.5109956787236963,0.0636774872910671,0.3916597421671734,0.03366709181806325
2944.0,0.007858924562926214,0.4731779449834126,0.5039589784556958,0.01500415199796544
3079.0,0.005107822343408554,0.13879257133311523,0.7740512659071667,0.08204834041630947
3917.0,6.826388724852439E-4,0.05033268939235245,0.33924655920387403,0.6097381125312883
3816.0,0.023897429098564408,0.5307673773490966,0.4323575261747751,0.012977667377563796
3678.0,0.03832838111871023,0.3107592592836668,0.41488912843622167,0.2360232311614013
3249.0,2.9576613548019297E-4,0.07146488550969099,0.18130658857826454,0.7469327597765643
2870.0,0.24891516991158816,0.5839176547154526,0.16625179142077515,9.153839521841489E-4
3348.0,0.6289376419746888,0.35562772402782306,0.0147701770833765,6.644569141116386E-4
3192.0,0.6489676767644202,0.34152493100693926,0.009409890761496053,9.75014671446816E-5
3071.0,0.07992245516363819,0.24242100770300692,0.5848796283332882,0.09277690880006655
3549.0,0.213544505522199,0.7289244603518464,0.057163216079714675,3.678180462398651E-4
3735.0,0.1797818459004392,0.6161738733311215,0.19984013213270158,0.004204148635737815
3890.0,0.019334921335038634,0.9365972416896053,0.04358884990722696,4.7898706812918805E-4
3972.0,0.0013688251151041722,0.2227969854598306,0.747968352299059,0.027865837126006297
3617.0,5.360496380131948E-5,0.0011546457376076598,0.12192638172624051,0.8768653675723506
3435.0,3.3451295403620943E-4,0.023780111954374468,0.2704295279711162,0.705455847120473
2889.0,2.025937430470935E-5,3.9356906113859226E-4,0.04048016279984183,0.9591060087647149
2796.0,3.878807960369741E-4,0.044164802878612484,0.9068650225789184,0.048582293746432234
3278.0,0.011741950051991305,0.07798080613066777,0.6843481680035539,0.2259290758137871
3606.0,6.092637849757359E-4,0.010023389697578744,0.4665343385166449,0.5228330080008007
4019.0,2.2740664895391964E-4,0.01665723056221212,0.223138077031388,0.759977285757446
3321.0,0.008604177455170208,0.10673588641713383,0.7009157461751384,0.18374418995255748
3420.0,0.41916370712336376,0.5254799209387083,0.05512907560606176,2.2729633186638142E-4
2942.0,0.6828018268857102,0.3007356271017809,0.016397927568559786,6.461844394901307E-5
3016.0,0.8369193922402799,0.15846562889650193,0.00458476420068077,3.0214662537349513E-5
3562.0,0.0037941756853064846,0.00874626277503893,0.18411591257845167,0.8033436489612029
3151.0,0.2665731928324007,0.675112892069002,0.05605788712079517,0.002256027977802175
3845.0,0.15411706555036356,0.5092038752644773,0.3140249867481037,0.022654072437055577
3744.0,0.017615800655800443,0.35842125322266316,0.4425412792989691,0.18142166682256744
4044.0,0.008427138808486261,0.07992802463306455,0.3821014113029547,0.5295434252554945
3689.0,0.0030113788832671915,0.020540045510464417,0.33659237677494225,0.6398561988313262
2817.0,0.0021773935880743953,0.20085571941530136,0.6514168313504493,0.14555005564617488
3363.0,0.002562660716611345,0.056647874345847185,0.3763220277817759,0.5644674371557654
3206.0,0.3567036924929691,0.28899436930945305,0.3376663692587327,0.016635568938845137
3120.0,0.0235640957452971,0.34195642145569755,0.5877951095934483,0.04668437320555725
3477.0,0.0032853811251443953,0.016966737922188644,0.3332935253764233,0.6464543555762435
2999.0,1.2014453468789508E-4,0.004401443623041739,0.09783277042691962,0.8976456414153506
3807.0,0.002094844075241885,0.12911235077339567,0.34630582958797285,0.5224869755633895
3962.0,3.008052721987752E-4,0.008918507074150095,0.4563071627217475,0.5344735249319036
3405.0,0.0012370314950232567,0.06813000122315199,0.5591978157548456,0.3714351515269793
2927.0,0.14646440378145686,0.22551996083910095,0.5460413513062006,0.0819742840732417
3304.0,0.002360763925223322,0.09033735656228499,0.5034924457582824,0.4038094337542092
4002.0,0.028651134091303807,0.14719503674096937,0.25472999265646334,0.5694238365112635
3591.0,0.9271668327125202,0.07213819370015062,6.93351231486089E-4,1.6223558429332906E-6
3761.0,0.37029773154494905,0.46841178522030896,0.15299318256140748,0.00829730067333459
3860.0,0.001041289792002945,0.11133051694632402,0.6108698326640886,0.2767583605975846
3166.0,0.8696237265153098,0.1281524132745875,0.0022183798808164713,5.48032928605944E-6
3033.0,0.0059761725388709774,0.09688801010857612,0.5775541751504888,0.3195816422020642
3579.0,0.005759562546001323,0.22829988941044396,0.7344830574535839,0.03145749058997089
3223.0,0.007667028356356976,0.04037942566070837,0.12790235393358096,0.8240511920493536
2832.0,0.003617343938253101,0.16111370108183504,0.6667698367708903,0.16849911820902164
3378.0,0.0010900930172995063,0.20215285454659634,0.48808905841034955,0.30866799402575446
3704.0,0.15188166206653034,0.21037908445559073,0.34406960934589964,0.29366964413197927
4061.0,1.530512462127142E-4,0.010576743192884583,0.30795673788165334,0.6813134676792495
3947.0,1.601857522072558E-4,0.005189626027425761,0.08674913995279514,0.9079010482675718
3790.0,1.7625723185802416E-5,0.0036914966877758166,0.19525514697906485,0.8010357306099736
3460.0,4.015951808274756E-4,0.0074867533856262354,0.09403473704813757,0.8980769143854087
2982.0,0.002468059578454028,0.386970414798473,0.4085930415828451,0.20196848404022796
3105.0,0.488550108139638,0.3985770532391053,0.11089824984758434,0.0019745887736723343
3833.0,3.8751913576088166E-4,0.011838848641355336,0.31388578590078575,0.6738878463220981
3932.0,0.0017844955397511573,0.0335144955970292,0.799800255070322,0.16490075379289762
3094.0,0.003735287389655711,0.12243539921018941,0.4341883213573058,0.4396409920428491
3507.0,0.13487654305206198,0.6586074040630501,0.2023804081496329,0.0041356447352551
2961.0,0.6302047026921811,0.29326497212487973,0.0759449156479713,5.854095349678191E-4
2855.0,0.9703675242495031,0.026829863303423265,0.002769412702868123,3.319974420532741E-5
3333.0,0.009515592926392171,0.9331112556922415,0.05721912712203905,1.5402425932722804E-4
3232.0,0.04142822959064952,0.6321920697978299,0.2709860552768596,0.05539364533466099
3663.0,2.594409086304806E-4,0.022091776314920018,0.32517632111607914,0.6524724616603703
3875.0,0.15282304438565536,0.26690480876710243,0.5258801431871801,0.05439200366006205
3718.0,0.0017791311739378025,0.14090923833136565,0.4192217276459908,0.43808990284870575
3054.0,7.746911447248246E-4,0.09540286377353702,0.2999441768089048,0.6038782682728334
3532.0,0.0037443548607777747,0.03542914223903076,0.42448393809322676,0.5363425648069647
3177.0,0.0043481705473310504,0.2131825453454178,0.44203100032939563,0.34043828377785545
2813.0,0.1346787484093884,0.40738203635633374,0.42285182745253325,0.03508738778174442
3295.0,1.633075899689099E-4,0.009972666359193078,0.18149148543165342,0.8083725406191845
3450.0,0.30699855249756497,0.6147119430535516,0.07535127317716381,0.0029382312717195934
2904.0,4.286139796341046E-5,8.848444275503638E-4,0.05556723833912788,0.9435050558353583
3632.0,0.01787410522409157,0.6145933041293042,0.36360503451639925,0.003927556130205086
3989.0,0.10966285952045583,0.815739696993524,0.07320469462189745,0.001392748864122597
4032.0,4.3847774695087967E-4,0.017067037492538902,0.8898852180991496,0.09260926666136073
3685.0,3.4485328939796696E-4,0.007918969050090983,0.33834904449516784,0.6533871331653432
3375.0,0.5512284034363587,0.4321107609745649,0.016620575820780012,4.02597682963736E-5
2829.0,0.003155386337974693,0.03185363606467144,0.3154926031788213,0.6494983744185325
3210.0,0.002887668543432932,0.09083764612758953,0.851770443066772,0.054504242262205564
3132.0,8.441539700135589E-5,0.0029674140158763617,0.23334850675705623,0.7635996638300662
3003.0,0.010517033392714783,0.8568765244285423,0.13147437400758494,0.0011320681711577954
3481.0,0.268693369320339,0.6624610809878453,0.06683249883432783,0.0020130508574879597
3795.0,0.003421021725558244,0.23002917229758746,0.5919518283295813,0.174597977647273
3958.0,0.014664755260770431,0.5795551673071675,0.38822623690302505,0.01755384052903704
3610.0,1.556182698702536E-4,0.01472066508182065,0.3321551845302553,0.6529685321180538
4031.0,0.7686525256568586,0.2240268538771482,0.007234869325276356,8.575114071677089E-5
3317.0,0.0042154947395777265,0.06477590864374995,0.49797373134192885,0.4330348652747436
2930.0,0.06669781806182226,0.449152125379786,0.4759274412486428,0.00822261530974893
3408.0,0.42979455857119825,0.4262453041772555,0.1308138485976534,0.01314628865389292
3558.0,0.9708445698029775,0.028395999623835502,7.577215481128202E-4,1.709025074075448E-6
3012.0,0.16514456645974632,0.7210880906685639,0.11311635863582492,6.509842358648571E-4
3139.0,0.03674735217703451,0.8698774588798076,0.08739648996064067,0.005978698982517161
3849.0,0.9485860135815045,0.05107678576432473,3.3525215612185814E-4,1.94849804870416E-6
3756.0,0.5650756809384366,0.41559441315995904,0.019199196648686565,1.3070925291764336E-4
3188.0,0.18071794238536185,0.28152925760156594,0.5077435586690362,0.030009241344036073
3537.0,0.9686249068934869,0.03094969963277088,4.238484158762381E-4,1.5450578659698324E-6
3059.0,0.04598228384014465,0.08549806982212177,0.5834014643508221,0.28511818198691136
3739.0,0.002846771727979762,0.02841737451693677,0.3770374738625821,0.5916983798925014
3902.0,5.583505695947702E-4,0.04835906099787455,0.18088283663491317,0.7701997517976176
3976.0,0.04615420364971768,0.6549068224062262,0.23365865406236763,0.06528031988168832
3629.0,0.30116081320051397,0.6919057991058892,0.0069023337549437205,3.105393865302234E-5
2885.0,3.7510460593517017E-4,0.03882330736807329,0.42391896933691137,0.53688261868908
3431.0,0.002916844902336809,0.15475455499764557,0.4047975709849399,0.43753102911507774
3266.0,9.188219178194106E-5,0.0019331302185631376,0.14738835514173962,0.8505866324479153
2956.0,0.025996422758711706,0.255519889710743,0.6572288915995919,0.06125479593095339
3502.0,0.01407087845919145,0.4919892511383228,0.47596949470825883,0.017970375694227003
3083.0,0.0495582729739103,0.08671706477645284,0.5790664783316956,0.2846581839179412
3905.0,0.06488819208021701,0.8289086600591324,0.10408280317276546,0.002120344687885231
3812.0,0.004348002922700699,0.19324688167909018,0.7678612293633343,0.03454388603487473
3666.0,0.0337155554540889,0.5043990699465246,0.4196971333002181,0.042188241299168434
3261.0,0.41489540611280956,0.2736936230481269,0.3041044336890904,0.007306537149973126
3352.0,0.0026158478684575616,0.005733649907962575,0.38860510963803074,0.6030453925855491
2874.0,0.0069430294443646205,0.04823973197912029,0.4834170859529634,0.46140015262355166
3887.0,0.01798164424824947,0.14885097719275056,0.6301071937269914,0.2030601848320085
3722.0,0.03928176616558714,0.7162808173790906,0.23839000449155962,0.006047411963762719
3520.0,0.022000479803760544,0.3439496758204513,0.6207259046871404,0.01332393968864783
3042.0,0.37130682922090236,0.3479114552330431,0.26985798820660856,0.010923727339445825
3173.0,0.016812841552876035,0.18867286965742167,0.7006687194143167,0.0938455693753857
3283.0,0.005802443900358096,0.03600628451261032,0.8289495587013118,0.1292417128857198
2801.0,0.033174015217175154,0.25133775915360956,0.5982256503810859,0.11726257524812932
2900.0,0.09416303585793698,0.7234429032944758,0.1807846376033965,0.0016094232441909143
3446.0,0.08292102159789842,0.8177458310826523,0.09756250754831923,0.00177063977113008
3644.0,0.053219994222739445,0.6644576796094108,0.2804801279764756,0.0018421981913741847
3993.0,0.567750265194152,0.41353169265926476,0.018384024042322072,3.3401810426110675E-4
3829.0,4.117940741561271E-5,7.161719887604387E-4,0.07935654209715266,0.9198861065066714
3920.0,0.8274618474583894,0.11332223414121688,0.05438703112761234,0.0048288872727813665
3098.0,0.008745917279449148,0.12269263676625423,0.4602995599023601,0.40826188605193653
2973.0,0.9372498665286384,0.061194545148782274,0.001543675133344328,1.1913189235108816E-5
3519.0,0.1455244155901343,0.7205499997375721,0.12498607723083094,0.008939507441462952
3337.0,0.08948449454877491,0.40693829297034617,0.4172132221077953,0.08636399037308355
2859.0,1.6805336124096882E-4,0.018595646954040684,0.12659644755399824,0.8546398521307201
3244.0,9.301744299159812E-6,7.131477473053415E-4,0.03239887543087083,0.9668786750775246
3651.0,0.00514749908689465,0.22026308021962218,0.5962819566417118,0.1783074640517714
3227.0,0.008758147064004653,0.2733183770560667,0.6758858692658708,0.04203760661405783
3390.0,0.08881392977837667,0.8118671380422355,0.09616868074083118,0.003150251438556709
2844.0,0.34674308635206524,0.40624550433568757,0.24350391160128596,0.003507497710961362
3700.0,0.024884792483355324,0.6147047208400126,0.35049235966504055,0.009918127011591608
4049.0,0.02223265018698067,0.08538263735700964,0.832839513095197,0.05954519936081259
3943.0,2.3630664615632838E-4,0.023474447623266212,0.5755745544875118,0.4007146912430656
3778.0,0.008720009357390784,0.0339304010907741,0.781251718557118,0.17609787099471708
2986.0,0.004044797021823413,0.015077909608296572,0.25822080042050344,0.7226564929493766
3464.0,0.02532687029927535,0.2883598682250558,0.5335866181758676,0.1527266432998012
3117.0,0.0045923164787785575,0.08099037895206546,0.7321013092243063,0.18231599534484969
2915.0,0.20525746824475224,0.6536501917806606,0.14035465805404226,7.376819205448142E-4
3300.0,0.0028839010436232434,0.014952678400047785,0.24512987528955446,0.7370335452667746
4014.0,9.29757473805232E-5,0.0033453685487325733,0.04079797144618561,0.9557636842577013
3595.0,0.002935533907676545,0.058205982928212996,0.44980270921537907,0.48905577394873145
3773.0,0.005225934362634441,0.17425735481579566,0.5551546619661976,0.26536204885537223
3864.0,2.1866624660286517E-4,0.005884030346895664,0.13795113157776884,0.8559461718287326
3154.0,7.418799596166131E-4,0.1494693355484015,0.820079336105855,0.02970944838612698
3575.0,0.010553459829645388,0.6555935225737725,0.2771835835242371,0.0566694340723449
3029.0,0.6227038853319797,0.2789735092007436,0.08461126788929053,0.013711337577986045
3614.0,0.0656870658524676,0.7497280444832207,0.16066068447331458,0.023924205190996896
4027.0,0.026526189889614728,0.21103384038877343,0.37188711350662107,0.3905528562149908
3313.0,0.016403229578258523,0.13290428273011382,0.8189661460499349,0.03172634164169282
2934.0,0.010420431792630315,0.327573814999541,0.4119956286549432,0.25001012455288557
3412.0,0.06128905497809218,0.26330954004953816,0.6626507236156167,0.012750681356753014
3554.0,0.036104479826537195,0.4597064440785131,0.4796455945947024,0.024543481500247318
3008.0,0.0037871571599163113,0.19883395213009833,0.6261123193922616,0.17126657131772358
3143.0,0.20224176284385803,0.4710730116350948,0.323909219831224,0.002776005689823065
3853.0,0.22057854021127643,0.5052439742698577,0.23678094020480198,0.03739654531406389
3752.0,0.5911608024536802,0.39966164628426226,0.008694670766009391,4.828804960481898E-4
4036.0,5.297228723693455E-4,0.044150360839118954,0.4121055519929297,0.543214364295582
3681.0,0.001516495088908162,0.08125603627873453,0.4081187791727347,0.5091086894596226
3371.0,0.0012998559469228207,0.08458688268598982,0.8644121014181929,0.04970115994889446
2825.0,4.7233954935361523E-4,0.03111266811281388,0.5146669356819225,0.4537480566559099
3214.0,0.5519543729411055,0.4349823418753915,0.012991015515064274,7.226966843875881E-5
3128.0,8.563034573406853E-4,0.009434422765849057,0.8613457797368068,0.12836349404000347
3007.0,6.091561827975735E-6,6.055773237436928E-4,0.08443168283347682,0.9149566482809516
3485.0,0.0874568982038074,0.8873958141035084,0.02477859734593704,3.686903467470991E-4
3799.0,0.01939907857698983,0.11108743443146335,0.7931137691342471,0.07639971785729965
3954.0,5.050528367146518E-5,0.00328388816259135,0.20003525773449635,0.7966303488192409
2952.0,0.03585480841340701,0.22512335797181635,0.5561525407800204,0.18286929283475628
3498.0,0.0074648542760529565,0.2787900931911592,0.4896048566142145,0.22414019591857326
3087.0,6.440309936298741E-4,0.018559532144286718,0.21463092798466651,0.766165508877417
3909.0,0.15029175177959117,0.7227229697216229,0.1264466009525416,5.386775462445084E-4
3808.0,2.4133957284787317E-4,0.022825113945407698,0.38757499902871484,0.5893585474530296
3670.0,0.0770481201323819,0.6123687448775127,0.2787980739493213,0.031785061040784185
3257.0,0.003330970556573767,0.6185264230555801,0.29103629520014085,0.08710631118770544
3356.0,2.0394182438269787E-4,0.018379470831538867,0.424745304114434,0.5566712832296443
2878.0,4.281934892780973E-5,0.001682703247545127,0.1312097977380187,0.8670646796655085
3184.0,0.14279518726534535,0.6207557885309188,0.2308826173157288,0.005566406888006981
3541.0,1.9662864709484926E-4,0.014677485365303921,0.08067328172876567,0.9044526042588357
3063.0,7.6026228400712E-4,0.1851965367062199,0.4302573528082295,0.3837858482015434
3743.0,0.019222794301437925,0.8700387487700936,0.10557699078274586,0.005161466145722667
3898.0,0.04242422065433656,0.6520950645049961,0.30253939116960316,0.00294132367106408
3980.0,0.005898434926935556,0.5054572581175192,0.44310557527946254,0.04553873167608283
3625.0,0.12620458966182396,0.23602923172497647,0.5532676075150997,0.08449857109809987
2881.0,0.002444272326242527,0.29704658723802496,0.5873470738989846,0.11316206653674778
3427.0,0.28683761687559417,0.6026240848972632,0.09346090071773526,0.017077397509407295
3270.0,6.230243471160043E-4,0.005920026433333024,0.4573197038493852,0.5361372453701658
2788.0,0.30303214563425696,0.1944116213373091,0.43018046782292774,0.07237576520550634
3825.0,0.5251204711818351,0.4652873080123988,0.009581271220834752,1.0949584931370299E-5
3924.0,0.03962003057157467,0.5402037880456443,0.40263229842065107,0.01754388296212994
3102.0,0.466957976442218,0.4522457647240356,0.07810091266164715,0.002695346172099275
2969.0,7.824923542930365E-6,0.0011591581352076677,0.04829878116798241,0.9505342357732669
3515.0,0.015126499995324406,0.27682931365827707,0.5478416790055528,0.1602025073408459
3341.0,0.055680620314689976,0.21293499535608254,0.6817060682627911,0.04967831606643618
2863.0,0.02005456468941405,0.30846906165975435,0.6483935300084376,0.02308284364239419
3240.0,0.14703254910715424,0.35846250003752356,0.4799574592471769,0.014547491608145257
3655.0,0.2207194611160472,0.707020093806422,0.07066521185927271,0.0015952332182581884
3883.0,0.34983672364870044,0.5782110310068254,0.07038982209020123,0.0015624232542729743
3726.0,0.11236338454901242,0.18699454164906576,0.5901352526287179,0.11050682117320382
3524.0,0.002344443676916745,0.1365559691296663,0.6999458570687622,0.16115373012465484
3046.0,8.00739882716762E-4,0.04943866781405979,0.550731304324237,0.3990292879789864
3169.0,0.0014388119458979705,0.13009586751251087,0.39389828108101466,0.47456703946057655
3287.0,0.0020472008645491604,0.022940897159803988,0.6031545134803875,0.37185738849525946
2805.0,0.3351113967028464,0.5995927039176836,0.06494983575985702,3.46063619612977E-4
2896.0,3.819962966179741E-4,0.03458528909440936,0.41889231031169777,0.5461404042972748
3442.0,8.811767715565169E-4,0.01728291988801421,0.21142341422461483,0.7704124891158145
3640.0,0.057210770129947214,0.8303025156592517,0.11082226429924447,0.0016644499115564626
3997.0,0.01733522142856516,0.08319633218509259,0.7385811899095897,0.16088725647675267
2919.0,0.43866342672733255,0.5282745977519582,0.03292804069538201,1.339348253272732E-4
3397.0,0.5665082892207235,0.34747354260317787,0.08463153495170386,0.0013866332243948388
3296.0,4.01166713467673E-4,0.01160906193082389,0.7864524716426858,0.2015372997130225
4010.0,0.9557086810427718,0.04291197792725525,0.0013734615048989608,5.8795250741445685E-6
3599.0,0.0044832984927086995,0.08416791900864996,0.5451281305698459,0.36622065192879555
3769.0,0.03371228037293399,0.07455738529229389,0.7194079619622633,0.1723223723725088
3868.0,0.6593706729697877,0.2490571015221844,0.09091812747626996,6.540980317580158E-4
3158.0,0.45931896199162636,0.3340329411727765,0.19398327104091878,0.01266482579467844
3571.0,0.022448018856713218,0.0686579024329357,0.7570818698267436,0.15181220888360758
3025.0,0.03840287692149529,0.9051211050558556,0.053753729423806976,0.0027222885988422265
3231.0,0.02147241877591612,0.36192456406846435,0.578631578198696,0.037971438956923564
3386.0,0.08678844214449236,0.338342494698744,0.5666280756696273,0.0082409874871364
2840.0,7.50876657288302E-5,0.00745759141344969,0.24932044575751056,0.743146875163311
3696.0,0.9402579732319557,0.05832002141000843,0.0014192276635585244,2.777694477549371E-6
4053.0,4.5294709613010554E-5,0.005840150285598114,0.2758586358828903,0.7182559191218986
3939.0,0.42134465599462656,0.5428918778841056,0.03460927030108986,0.0011541958201780448
3782.0,2.192698749575027E-4,0.00899026773163256,0.3647912550414337,0.6259992073519762
2990.0,0.40822696000308134,0.3455073593160385,0.2455295845974766,7.360960834035506E-4
3468.0,0.003832667328389259,0.09944249598542955,0.3476380251873919,0.5490868114987891
3113.0,0.009048349810162065,0.18291722246180808,0.45648495211518586,0.351549475612844
2820.0,0.03965737717502765,0.11398912543683241,0.7401994505021613,0.10615404688597857
3366.0,0.5330077393995281,0.41354263915106954,0.05244135391084643,0.0010082675385560307
3203.0,3.2069230648564543E-4,0.05230930057060212,0.3741550328054554,0.5732149743174568
4041.0,4.780914984716105E-4,0.008810362455554646,0.6301782787951216,0.36053326725085205
3692.0,0.3194129416984469,0.5877554733974442,0.09015812279005084,0.0026734621140580605
3802.0,7.509373831885472E-5,0.0012865157505740422,0.10981014737288462,0.8888282431382225
3967.0,0.32703966604011214,0.2129312541196867,0.4406560256621666,0.019373054178034508
3125.0,0.005668852055909998,0.18045427904589745,0.5112127902426361,0.30266407865555645
3472.0,0.0022305074441110987,0.13924894988499747,0.4811945368286805,0.37732600584221104
2994.0,0.1949402703910904,0.7587594805161927,0.04582148010271559,4.787689900012986E-4
3324.0,2.8006484728431737E-4,0.02710129092132462,0.3084818318170976,0.6641368124142936
3417.0,0.04847046252994068,0.32496056084681374,0.6148207146477315,0.011748261975514087
2939.0,0.005079568441715303,0.008427417791651284,0.22948477732068756,0.757008236445946
3603.0,0.07800247117393909,0.17426876871921906,0.6454092424800271,0.10231951762681477
4022.0,0.007380281189532431,0.15426786108706284,0.421456094314352,0.4168957634090528
3840.0,0.11095682363506067,0.3635797168588707,0.5169074135832361,0.008556045922832446
3749.0,6.108020969998109E-5,0.002190264500951714,0.027616630697936226,0.9701320245914121
3021.0,0.34485247642816774,0.530966614824393,0.12113084417870311,0.003050064568735991
3567.0,0.2218412101751063,0.24463026792834355,0.5045331407553756,0.02899538114117443
3146.0,0.00822737537133662,0.16782838149614365,0.6789447450604043,0.14499949807211554
3730.0,0.02060929933508982,0.7272721919913328,0.23823606815542586,0.01388244051815155
3895.0,2.0470472266514954E-6,4.905807208069624E-4,0.020311084309862393,0.9791962879221039
3197.0,3.4694217873206262E-6,4.492699664416196E-4,0.06456413080263566,0.9349831298091354
3066.0,6.760379897319841E-4,0.014718857893928005,0.19161292668212998,0.79299217743421
3544.0,9.317401322652746E-5,0.009579631958308115,0.2453170863745464,0.745010107653919
3438.0,6.261339236629855E-4,0.11038973817985155,0.7798114203148735,0.10917270758161203
2892.0,0.1273636527365054,0.5437328063814789,0.3277454788560549,0.0011580620259606907
2793.0,0.00769331692676804,0.0864230112567443,0.8467571101050133,0.059126561711474235
3275.0,0.010257184933555888,0.3791039932207931,0.5770497520465679,0.03358906979908324
3969.0,0.49684588459568535,0.4525764109244924,0.05017906423628344,3.986402435387329E-4
3620.0,0.0011391103409876847,0.05944211872730986,0.524872010453095,0.41454676047860733
3912.0,0.8556340111133467,0.13470172465190214,0.009640944450063816,2.331978468723022E-5
3821.0,0.03543713447492718,0.13039324173761638,0.7383869909688956,0.09578263281856084
3495.0,0.13005373956981406,0.8066639809908525,0.0630273516467228,2.549277926106745E-4
2949.0,8.992752943180691E-4,0.008009630796563532,0.5168058668162315,0.4742852270928869
3074.0,0.00821877004815464,0.07578863310330655,0.624212835573658,0.29177976127488087
3252.0,0.060059270703341446,0.6485292292855916,0.2632916000272492,0.028119899983817764
2867.0,0.006664085652992263,0.11569727687752532,0.7530342112664704,0.12460442620301194
3345.0,5.3774266207128536E-5,0.018362896887848774,0.9303930882057357,0.05119024064020834
3675.0,0.0033343507624812975,0.01335821622732746,0.7846385081262802,0.198668924883911
3051.0,0.014849060291866693,0.31446894834803774,0.5952427481456555,0.07543924321444007
3529.0,0.03775583608664013,0.43541491662709636,0.25054191209070015,0.27628733519556353
3180.0,2.575740577664027E-4,0.006368573686127496,0.312527773763617,0.6808460784924891
3878.0,0.0018905177354671514,0.12997608180959974,0.5717392913960608,0.2963941090588723
3715.0,0.24096305303257243,0.6566374554897074,0.09591862728132475,0.006480864196395464
3637.0,0.012823349604265252,0.2785858184767184,0.20704127152919755,0.5015495603898187
3984.0,0.008011944640491687,0.5705670186730382,0.2988617590031605,0.12255927768330968
2808.0,0.04572356060926108,0.6166576753693659,0.2772978903875587,0.06032087363381433
3290.0,0.13024278569407055,0.24898888112756287,0.5854957128303723,0.035272620347994416
3455.0,0.004931963874243888,0.024815873506489054,0.5010717735304246,0.4691803890888424
2909.0,0.06558452396036012,0.6675366441863874,0.24745131842335166,0.019427513429900886
3091.0,0.4210632963538342,0.2608175550451694,0.28787768018395027,0.03024146841704603
3510.0,0.007668895943712864,0.08645536108364647,0.36367321541034137,0.5422025275622993
2964.0,0.04343355123894509,0.5234522221584225,0.37113418886728244,0.061980037735349915
3836.0,0.08391570242977814,0.09534128322359421,0.7522368388243093,0.06850617552231826
3929.0,0.0043767587058137995,0.050973575825858944,0.5523698558286272,0.39227980963970016
3658.0,0.0035374223247188106,0.15070629041819386,0.801666187338883,0.04409009991820437
2850.0,0.7923929091397728,0.2054085477067262,0.0021914749222803486,7.068231220793212E-6
3328.0,0.006368962635864811,0.018361892383878677,0.7736842384179098,0.20158490656234676
3237.0,0.020223255030168787,0.08915410497387488,0.7537451303339265,0.13687750966202974
4056.0,0.4471491425519146,0.5229014159482994,0.029254354892491268,6.950866072947049E-4
3218.0,8.784206172195359E-4,0.046461668621927604,0.43356080600544755,0.5190991047554053
2837.0,1.661245189009985E-5,0.0021060016056856385,0.17136083194916463,0.8265165539932597
3383.0,0.3456536600886059,0.5286398044855259,0.12423218850599671,0.0014743469198714072
3457.0,0.0672337863330934,0.8061888753566308,0.1035874505610534,0.02298988774922256
2979.0,0.019514877595916077,0.4384696905947498,0.4296973149644506,0.11231811684488355
3108.0,5.77178384811222E-4,0.020742859066034552,0.693738435008477,0.2849415275406773
3950.0,6.283207204769993E-4,0.04302337738855577,0.6006147986859163,0.355733503205051
3787.0,6.693298624909693E-5,0.0020916423119639225,0.10552158776527365,0.8923198369365133
4007.0,0.03768071475873544,0.44231042460166986,0.49107861048296547,0.028930250156629263
3586.0,0.11947489929972367,0.40947964013753846,0.43530521042078435,0.03574025014195349
3400.0,1.1633070039467315E-4,0.009411497526800683,0.11662552043675685,0.8738466513360478
2922.0,1.495677322788592E-4,0.01608157971989708,0.5151980211729233,0.46857083137490074
3309.0,0.01844603377048355,0.1636946349758278,0.7314997175597286,0.08635961369395984
3163.0,0.031877182634929675,0.12091128839361093,0.8189377077898891,0.028273821181570364
3036.0,0.016666459455059613,0.16657505821670257,0.5993754149229492,0.21738306740528857
3582.0,0.19755958380486696,0.7715468655616111,0.030452263422349482,4.412872111723584E-4
3764.0,0.02190791074989088,0.04840715689503231,0.6569585597773155,0.27272637257776117
3857.0,0.0023297102810660515,0.236940861238072,0.6469169205421944,0.11381250793866748
3320.0,0.02124882637865107,0.8748183782005016,0.09470050937761142,0.009232286043235869
3421.0,0.004775051672278734,0.08177733842198151,0.6438249489156849,0.26962266099005483
2943.0,1.5668196397532612E-5,0.011734751952274702,0.2604957067133508,0.7277538731379769
3607.0,0.0021221804020092974,0.0733694842565959,0.4626987473249156,0.46180958801647914
4018.0,0.012624985593760355,0.11252241473380736,0.7580113779546066,0.11684122171782564
3844.0,0.04691475728760781,0.1301476018708514,0.6798661197335798,0.143071521107961
3745.0,0.011074923189504978,0.7209643248777288,0.2493671600074812,0.018593591925285077
3017.0,0.00800974487990488,0.07811331054240829,0.872508470935741,0.04136847364194583
3563.0,5.678165137410608E-4,0.3745035994510609,0.5923102924827776,0.03261829155242062
3150.0,0.003231095380184503,0.1322825790526904,0.2410595408324874,0.6234267847346378
2816.0,0.1378913892984653,0.47228636381759714,0.385552600814504,0.00426964606943344
3362.0,1.588466583849186E-4,0.010528011986489139,0.2857316253793531,0.7035815159757728
3207.0,1.4693426172217594E-5,7.078277535328645E-4,0.02194021699333115,0.9773372618269638
4045.0,9.888915773441016E-4,0.5587263158643537,0.39684059379493924,0.04344419876336295
3688.0,0.0010223606846260457,0.2426841369068151,0.7233956034679868,0.03289789894057204
3963.0,0.02183763863564416,0.20622466600211922,0.6978932405336713,0.07404445482856535
3121.0,0.03632987007278812,0.3092835581220166,0.5580873417916021,0.096299230013593
3476.0,0.9836968693741284,0.014230709363518184,0.002049378400127046,2.3042862226271874E-5
2998.0,0.6183034688453659,0.3096022884860078,0.06941570086839714,0.0026785418002291746
3916.0,0.037406188126045486,0.24570956816508707,0.6840915716954707,0.03279267201339687
3817.0,0.0015425619533299558,0.2522954577457812,0.4913101381274786,0.2548518421734102
3491.0,0.029310016251956228,0.1356754864425114,0.2853516262922963,0.549662871013236
2945.0,0.7095588236992427,0.10643007416761607,0.17378750687985448,0.010223595253286867
3078.0,5.147304344680231E-4,0.028839191178824886,0.6321599505938227,0.3384861277928843
3248.0,0.43229800367087723,0.479556267490274,0.08466025992069391,0.0034854689181547764
2871.0,0.4445736206478483,0.41936254127288153,0.12577866591883807,0.010285172160431988
3349.0,0.6457226303948921,0.16866020495063366,0.17729593992685655,0.008321224727617697
3679.0,0.4462670135761967,0.4638315470174981,0.08964359953812978,2.5783986817555016E-4
3734.0,0.0035457681968194352,0.858174004596561,0.10246325874184006,0.03581696846477945
3891.0,0.9038941992732009,0.08519455757866323,0.010830081212452011,8.116193568397863E-5
3193.0,0.008449580763916723,0.7560374274016162,0.22537598209713738,0.010137009737329766
3548.0,0.003953493670698271,0.10095184710928724,0.5748938088658544,0.3202008503541599
3434.0,0.009166979983468751,0.010816201012711697,0.37422497889309514,0.6057918401107245
2888.0,0.012931183072523797,0.04545548298330702,0.3427543963199259,0.5988589376242434
2797.0,0.1341950070276874,0.66903321316841,0.19439368014160105,0.0023780996623014934
3279.0,0.47072404001656687,0.34656387424021257,0.17581718432036034,0.00689490142286023
3973.0,3.948232205929118E-5,0.005274492657927233,0.19174173911324746,0.802944285906766
3616.0,0.004090476646759679,0.0420421099653674,0.871729972640214,0.08213744074765894
3095.0,0.17130982497886885,0.6686508062462225,0.15871836237891,0.001321006395998563
3506.0,0.0014415312906138696,0.09522428493169958,0.1825443623498597,0.7207898214278269
2960.0,0.0031421441692092685,0.17582237045696564,0.5711700018478907,0.2498654835259345
3832.0,0.30167464956807455,0.6562493280892274,0.04058992372309212,0.0014860986196059995
3933.0,0.6100362475671843,0.3801581624823074,0.009768230972023359,3.7358978485075825E-5
3662.0,0.002642715489059408,0.09682978270240537,0.7511093301523126,0.1494181716562226
2854.0,0.001765399255236872,0.08603919668446607,0.6429768354640333,0.26921856859626375
3332.0,0.030152940471731435,0.5327415364429758,0.4067751495392021,0.030330373546090705
3233.0,0.03753067499300452,0.7539713538343839,0.2064627823013965,0.002035188871214996
3055.0,4.574149623641347E-6,4.1078753944020265E-4,0.03739752899114726,0.9621871093197889
3533.0,2.4083424352908805E-4,0.0074247414381807654,0.8647977155711368,0.1275367087471533
3176.0,1.3417620054057739E-5,0.0012319187095849347,0.20937157093862074,0.7893830927317401
3874.0,0.008294094611901339,0.4302105671859074,0.5345888906384672,0.02690644756372406
3719.0,0.03101570373624513,0.7315900971301372,0.17138660855846494,0.06600759057515271
3633.0,0.12079613304623055,0.8074964674966588,0.06910920007574767,0.0025981993813630373
3988.0,0.018913159816660235,0.6693962991729604,0.2844384163896077,0.027252124620771707
2812.0,0.06843688111400921,0.723108066238037,0.20592894674665096,0.002526105901302823
3294.0,0.028435512126831628,0.7297222595720205,0.19950115657151296,0.04234107172963471
3451.0,7.932325134822388E-4,0.045623160922675404,0.5881883453107173,0.365395261253125
2905.0,0.00177659362157957,0.025850674431567217,0.054568828685880415,0.9178039032609728
4003.0,0.05866731070355432,0.3032618908039575,0.5236666811589407,0.1144041173335475
