3067.0,0.25248339119064406,0.5296675579283163,0.17044882828864613,0.04740022259239341
3545.0,0.001197977086216395,0.020407941625262372,0.2174891442982508,0.7609049369902704
3731.0,0.026254333790469157,0.28419604151695915,0.5858236858769481,0.10372593881562366
3894.0,0.10926657647239331,0.3653756245071374,0.46379067202615654,0.06156712699431258
3968.0,0.0271103498637431,0.2019553095303941,0.6499742267840452,0.12096011382181779
3621.0,1.526717557251909E-4,0.0013989712334207703,0.11534678796229167,0.8831015690485624
3439.0,0.09004237722992457,0.15101300057153935,0.49960643155852685,0.25933819064000924
2893.0,0.8058480469619935,0.1839554894298863,0.006605141514333561,0.0035913220937866253
2792.0,0.25606323227164834,0.4583549950543325,0.25429642412985454,0.03128534854416455
3274.0,0.1416733877873228,0.4770873358459973,0.34268127460666115,0.03855800176001879
3494.0,0.24792386289995835,0.5096397613293261,0.22391290672648284,0.018523469044232774
2948.0,0.001664217824992232,0.05017720375111202,0.28426970199753204,0.6638888764263636
3075.0,0.002290521760239392,0.32195955270422066,0.37159186238829595,0.304158063147244
3913.0,0.01151331180589899,0.05552352298048392,0.6421338726401429,0.29082929257347423
3820.0,0.10502110064532473,0.25881853088292794,0.357571772091219,0.2785885963805284
3674.0,0.05784875792228221,0.17069604818508738,0.6622360741259817,0.10921911976664882
3253.0,0.0011443505399255163,0.01959136139676267,0.6037649351194784,0.3754993529438335
2866.0,0.5479368343614273,0.28911614730312335,0.14255363836403323,0.020393379971416138
3344.0,0.0021002917427282853,0.05092356886332132,0.24145173665174113,0.7055244027422092
4040.0,0.0025915408552714767,0.055304791568620296,0.3163817429864906,0.6257219245896177
3693.0,0.49619628994619114,0.43681999852861764,0.054656083017772666,0.012327628507418467
2821.0,0.12865747747223988,0.24961319336942886,0.42562007265036034,0.19610925650797092
3367.0,0.008610366934289718,0.1947416129845049,0.6142605626392105,0.18238745744199494
3202.0,4.31858096241658E-4,0.015871208547214747,0.14658974902936242,0.8371071843271812
3124.0,0.0015102421212054274,0.1133707528155954,0.27669007079229097,0.6084289342709082
3473.0,0.01727925791664016,0.11498294489807068,0.42696851499182314,0.44076928219346606
2995.0,0.8426491667873656,0.14182530276629748,0.012348490037266444,0.003177040409070467
3803.0,0.34214337856859733,0.18508034449100355,0.36230944181427194,0.11046683512612719
3966.0,0.01578227423292241,0.11520341560771394,0.469184363778909,0.39982994638045477
3602.0,0.02655787251944912,0.10039262593068515,0.35230708716485465,0.520742414385011
4023.0,0.05614347441547753,0.3835061451260642,0.49477443494625445,0.06557594551220394
3325.0,0.00442376771710464,0.029744402575522303,0.3825119675656776,0.5833198621416953
3416.0,0.003388523011739462,0.16844691949617488,0.5526029336904962,0.2755616238015895
2938.0,0.013950384460501725,0.15983854364495836,0.5478445725686583,0.27836649932588176
3020.0,0.2377304823242381,0.28693938234422683,0.3439416505685007,0.1313884847630344
3566.0,0.13232114384495866,0.18088670101334867,0.4650265756326116,0.22176557950908102
3147.0,0.009796658931099406,0.12288166869322004,0.5484238038235525,0.31889786855212815
3841.0,0.3008888959178118,0.43674564498598284,0.1980923785643075,0.06427308053189783
3748.0,2.4563496832454885E-4,0.037437253600666846,0.3161922749295404,0.6461248365014682
3219.0,0.03082800306065825,0.3184872413385135,0.48515137269719394,0.16553338290363423
2836.0,0.028956913128847853,0.2729891335803301,0.47038943334995814,0.2276645199408639
3382.0,0.0054967932137596634,0.12562558649383682,0.5467016567519218,0.3221759635404818
3708.0,0.04479340113740943,0.1895885722320334,0.4176897930812537,0.34792823354930336
4057.0,0.07653128512401383,0.6997900380642986,0.1700745327053864,0.05360414410630121
3951.0,0.0011087676852380851,0.09292847530876219,0.30412796127625463,0.6018347957297451
3786.0,0.028926422642903207,0.15719336474731907,0.39334134502142654,0.42053886758835113
3456.0,0.02354092278468563,0.13822038761851715,0.5402841482445474,0.29795454135224975
2978.0,0.04567372574315642,0.34716583996679345,0.25687850737209045,0.3502819269179596
3109.0,0.400620219275256,0.36663622471424323,0.15423673153857997,0.07850682447192074
3401.0,0.4048675574293641,0.26503687884894694,0.3034714155788123,0.026624148142876686
2923.0,0.041988370628940626,0.19845797618406344,0.743056967907083,0.01649668527991302
3308.0,0.09206029917236926,0.7372832649403502,0.144342923122364,0.026313512764916582
4006.0,0.6876424053070254,0.28213458025549365,0.02370301058957516,0.006520003847905834
3587.0,0.5835180925837314,0.321487068563805,0.09039394311818982,0.004600895734273638
3765.0,0.09407765589544853,0.12045908339323731,0.544996775759603,0.24046648495171108
3856.0,0.013831709621539642,0.3425159120847267,0.33324332221584807,0.31040905607788566
3162.0,0.030351382356274357,0.10451258141249227,0.33383468089755675,0.5313013553336766
3037.0,0.0011877806113527395,0.0642141285706978,0.5811720112017855,0.35342607961616396
3583.0,0.004884550415379818,0.10558146007154684,0.4217088041867617,0.46782518532631173
3879.0,0.15709522373991383,0.4854771663103761,0.3202251320766692,0.03720247787304086
3714.0,0.6918164357046063,0.2653137139803869,0.02927815216294257,0.013591698152064078
3050.0,0.013237399073178571,0.0951313916035435,0.6837502100950605,0.2078809992282175
3528.0,0.005330274389385017,0.02780166676740379,0.4552064626996865,0.5116615961435246
3181.0,0.004157369415568291,0.3156884949953998,0.5321628752037123,0.1479912603853195
2809.0,0.7065898301060641,0.25630349469842817,0.028806861314040026,0.008299813881467572
3291.0,0.3921604704305584,0.48588664771208573,0.1092681672331735,0.012684714624182362
3454.0,0.039025777374384965,0.13582899464837297,0.6161936218023979,0.20895160617484418
2908.0,0.12446727148857006,0.2925270345939009,0.5566932962594299,0.026312397658099184
3636.0,0.17193736401017196,0.45001710636705533,0.32606335819943094,0.05198217142334173
3985.0,0.0300830696556128,0.305233031286906,0.4107169582182684,0.25396694083921284
3837.0,6.292546378250795E-4,0.013273166093888011,0.29261366899932606,0.6934839102689608
3928.0,0.04714580473045542,0.3722515242724265,0.28618573850001444,0.29441693249710355
3090.0,6.183431952662724E-4,0.035731665521737996,0.2825680959533833,0.6810818953296124
3511.0,0.08261916037142225,0.3234672396713493,0.5419398111141323,0.05197378884309613
2965.0,0.041289224525068266,0.263933696013281,0.6467583168595252,0.04801876260212555
2851.0,0.10553819403156135,0.4435092135322732,0.3094420239323157,0.1415105685038497
3329.0,4.5445620173594625E-4,0.04816047899974129,0.3651769121774217,0.586208152621101
3236.0,0.3339226410340648,0.48643527120914437,0.11538284231784582,0.0642592454389451
3659.0,0.0020475184144114573,0.10720770263348373,0.5058125779465521,0.3849322010055527
3490.0,0.010285364294551567,0.038053947893156914,0.4167111498204145,0.5349495379918769
2944.0,0.2532917983929809,0.42914029354935557,0.29929496655343407,0.018272941504229638
3079.0,0.08711190722386959,0.31616094777032233,0.35771551520990175,0.2390116297959063
3917.0,0.05288313269173198,0.28806458663898454,0.3742834489649564,0.28476883170432715
3816.0,0.08734512954243659,0.22748422912313063,0.5405294555537791,0.14464118578065369
3678.0,5.352917176662588E-4,0.16903160585053906,0.5481601270687908,0.2822729753630039
3249.0,0.002902923420562846,0.19309423815624088,0.20609896992137292,0.5979038685018234
2870.0,0.24424842259743929,0.4917886188708124,0.22798309364990987,0.035979864881838464
3348.0,0.42201433690897633,0.4753769364260313,0.07051824827245769,0.03209047839253473
3192.0,0.43030948323333157,0.28248027821117117,0.25506345134837505,0.03214678720712207
3071.0,0.178972965955864,0.2480952896232496,0.3346967301273508,0.23823501429353564
3549.0,0.26951574534885175,0.3799004654966114,0.20803190501506155,0.14255188413947517
3735.0,0.40425436377770707,0.4008045004102045,0.17797478719322257,0.01696634861886582
3890.0,0.1520538259927908,0.7223134022929355,0.06638957391011727,0.05924319780415646
3972.0,0.04374327605428135,0.46333720366689946,0.47472080596736255,0.01819871431145671
3617.0,1.4465249662618085E-4,0.016575474130403813,0.18935164421122908,0.793928229161741
3435.0,0.05285139553520023,0.1363606552542035,0.46715013228522934,0.3436378169253669
2889.0,9.164915966386554E-4,0.0032862134212423887,0.1165757944997541,0.8792215004823649
2796.0,0.01127056820860554,0.23676793531076476,0.3132557765459415,0.4387057199346882
3278.0,0.06049658633871333,0.09673587776859496,0.27408710058406616,0.5686804353086256
3606.0,0.025309865240140235,0.21532210977648525,0.539891692885923,0.21947633209745152
4019.0,0.002766984359726295,0.08743814250882131,0.44557846922993855,0.46421640390151375
3321.0,0.026211025171967446,0.1666011325519107,0.692219843888478,0.11496799838764385
3420.0,0.19776111283644623,0.2955293770592701,0.49216660195250883,0.014542908151774822
2942.0,0.31238366982717325,0.44025625509765764,0.1395050750635336,0.10785500001163556
3016.0,0.32661376831227196,0.4168890297108864,0.23521714696557353,0.02128005501126805
3562.0,0.028706288598853075,0.07532278457926282,0.4540163092755346,0.44195461754634946
3151.0,0.4373543541677384,0.34408828739245856,0.1856821216462527,0.03287523679355034
3845.0,0.10275331523670753,0.442357980778897,0.29947525523740515,0.1554134487469903
3744.0,0.15909580881916732,0.43772439542997427,0.3151325785794173,0.08804721717144101
4044.0,0.002454878172195659,0.09395583831239213,0.2552715602146267,0.6483177233007855
3689.0,0.015711240787601995,0.14705119533359742,0.581279384532467,0.2559581793463335
2817.0,0.09299878646198405,0.4517337046519199,0.34860006743736743,0.10666744144872854
3363.0,0.11752501239787642,0.26940432385691254,0.4294896528109006,0.18358101093431042
3206.0,0.16823850045928246,0.4802699971321832,0.22351439878765791,0.12797710362087647
3120.0,0.0021613525363525362,0.04260397093439271,0.6621360325773553,0.2930986439518995
3477.0,0.010904750095993152,0.1978870531620276,0.38274011660722734,0.4084680801347519
2999.0,0.02563637850989294,0.04840027084090715,0.4466804612374136,0.4792828894117864
3807.0,0.005744681885878334,0.07386867722734057,0.5459063065320903,0.3744803343546907
3962.0,0.008002514109802704,0.23291009160983972,0.5040139772268275,0.25507341705353015
3405.0,0.06868673653905069,0.10796472907205867,0.4194993840101148,0.4038491503787758
2927.0,0.11519702589164121,0.28691311260976815,0.37324739456756845,0.2246424669310222
3304.0,5.928143206763174E-4,0.08725210067870688,0.22578421207809263,0.6863708729225242
4002.0,4.2212135690396544E-4,0.014289144507721329,0.27926852424286414,0.7060202098925107
3591.0,0.7922924477790138,0.17997551264355732,0.022621215426876975,0.00511082415055193
3761.0,0.09528695712043711,0.3158837364595594,0.5327089287026888,0.056120377717314644
3860.0,0.008832722499698123,0.1595307157739288,0.3700836377646002,0.46155292396177283
3166.0,0.2664903351990622,0.5239381459157332,0.17619863180613066,0.033372887079074015
3033.0,0.005651058827843095,0.0430479644746826,0.4378537294979299,0.5134472471995444
3579.0,0.014075025884608752,0.145443494617757,0.4594332535450817,0.38104822595255256
3223.0,0.00413259508209024,0.0458075358473026,0.43182976741854956,0.5182301016520576
2832.0,0.015197791568274721,0.25696116919682427,0.7013451784852481,0.02649586074965284
3378.0,0.03312030722764734,0.2145285000911059,0.4322903514261436,0.32006084125510315
3704.0,0.07362813622359272,0.1678986529722119,0.41682970037971406,0.3416435104244813
4061.0,0.00347749123804111,0.056967202346816966,0.36341385721588537,0.5761414491992565
3947.0,0.0046238518945554445,0.12207199377403345,0.3140234173803716,0.5592807369510396
3790.0,0.03654185408457027,0.24461473063492117,0.46678057769537945,0.25206283758512904
3460.0,0.027414141414141422,0.044834594782649444,0.3166492879979504,0.6111019758052587
2982.0,0.023991924683410812,0.1746778828161256,0.5386729954564714,0.26265719704399215
3105.0,0.26131540823694704,0.4224763771693319,0.23652049282648713,0.079687721767234
3833.0,0.023798040292700537,0.049745942360180886,0.3376562195992983,0.5887997977478203
3932.0,0.001227652626335307,0.03529218341702021,0.5587402109283657,0.4047399530282787
3094.0,0.003976531536807012,0.11604210542638312,0.5206417446466193,0.3593396183901907
3507.0,0.09961667967975087,0.37631565594136457,0.4240983189434354,0.09996934543544926
2961.0,0.17340329881104688,0.36876229954317785,0.30605767423796526,0.15177672740781012
2855.0,0.8307568606740614,0.1368057215280887,0.026739767507607547,0.005697650290242292
3333.0,0.16564358206620516,0.46421089686763717,0.34660831984870166,0.023537201217455953
3232.0,0.2205461342045375,0.4278261918479682,0.3105809123331459,0.041046761614348386
3663.0,0.003679024540921331,0.061426675631648726,0.37624230147413446,0.5586519983532955
3875.0,0.1669091021585389,0.16897243225429326,0.6361432006656433,0.027975264921524513
3718.0,0.1514145572063677,0.4840751242512743,0.2851921743010673,0.07931814424129066
3054.0,0.012106434294018267,0.25277571584612846,0.4263474930998496,0.30877035676000353
3532.0,0.12280923649383604,0.4286782856044589,0.3461338758956076,0.10237860200609752
3177.0,0.0016271350481876802,0.1826786097118646,0.25143666325092867,0.5642575919890191
2813.0,0.02885560987442225,0.24265789743490873,0.6221804050024009,0.1063060876882681
3295.0,0.0013973130901347424,0.037358507582327276,0.44094111275131864,0.5203030665762194
3450.0,0.3227498645316864,0.3815465967633817,0.2310615668127448,0.06464197189218707
2904.0,0.10377755932354947,0.3109694834457578,0.4694718600868303,0.1157810971438625
3632.0,0.10122909369987873,0.24456713113366912,0.592573507841558,0.06163026732489401
3989.0,0.22860306368397104,0.5545334988337156,0.12861941650801603,0.08824402097429733
4032.0,0.012661483671484597,0.11410318235007112,0.7594599765950945,0.11377535738334978
3685.0,0.02351860637579508,0.07157107719005827,0.23856638401416722,0.6663439324199794
3375.0,0.2396521893616799,0.5633496736622027,0.17287825775291962,0.02411987922319785
2829.0,0.0025085630387420665,0.02864476341421851,0.4913872657656701,0.47745940778136936
3210.0,0.14679861529902363,0.241123829174637,0.49608835098406623,0.11598920454227309
3132.0,0.00541645899628932,0.07050577794936072,0.46011648062702964,0.4639612824273203
3003.0,0.10642326223149416,0.35113802091574575,0.5212200230041195,0.02121869384864066
3481.0,0.41704046854021304,0.479606670625535,0.08721640825831985,0.016136452575932044
3795.0,0.0025164166844819287,0.07323440352647734,0.6046529022942518,0.3195962774947889
3958.0,0.24081766639673752,0.4708169128406494,0.20716060397630123,0.08120481678631174
3610.0,6.369426751592357E-5,0.14894925410905754,0.38136350952302067,0.4696235421004058
4031.0,0.35987757584208013,0.4489168370557897,0.17702888546133258,0.014176701640797493
3317.0,0.007862443366448072,0.1593144799619615,0.40097253187397724,0.4318505447976132
2930.0,0.1588647899129571,0.5101712059003498,0.2755598291663413,0.055404175020351686
3408.0,0.5723889466971073,0.20944329541620718,0.1863180612446821,0.03184969664200346
3558.0,0.5005683334034761,0.4402085357806654,0.054349249104885054,0.004873881710973472
3012.0,0.46587718708359793,0.3950515218846459,0.12247384800551567,0.01659744302624049
3139.0,0.1879026168249779,0.3711853056059523,0.3365630141575261,0.10434906341154371
3849.0,0.688860217507645,0.285797395890558,0.018688975791338786,0.00665341081045822
3756.0,0.13692844029256426,0.7508364546427759,0.08717140769942165,0.025063697365238273
3188.0,0.06775570310600408,0.35649039596886056,0.37755956325790896,0.19819433766722638
3537.0,0.8327223596121774,0.14359091689991768,0.019215516237763457,0.004471207250141376
3059.0,0.05974064078507319,0.1437128708689545,0.35636885046773303,0.4401776378782392
3739.0,0.007439205535708767,0.29346053386785054,0.22830369260952202,0.47079656798691866
3902.0,0.009022091181130086,0.13229968281111648,0.68420284284311,0.17447538316464345
3976.0,0.35305394319286026,0.43641764034350494,0.12550515330371598,0.08502326315991886
3629.0,0.36588255056928687,0.4147386601958516,0.20989268568607963,0.009486103548781972
2885.0,9.82828282828283E-4,0.04193818859092944,0.40026258152304206,0.5568164016032001
3431.0,0.25588193662181774,0.5822616731608804,0.13548242512044728,0.026373965096854378
3266.0,0.005917596757176969,0.03910406949141097,0.1489695954175475,0.8060087383338645
2956.0,0.042023898638152826,0.23164413414653712,0.7097162343163493,0.01661573289896064
3502.0,0.38922846769860553,0.23720649967004775,0.23864177648218757,0.1349232561491592
3083.0,0.17817749217959364,0.3029973427158293,0.3079898513421919,0.21083531376238512
3905.0,0.17015963128429404,0.5249503447426567,0.1955785639137463,0.10931146005930285
3812.0,0.0517621034532616,0.1815740351442301,0.7470052212850901,0.019658640117418334
3666.0,0.03187134723058607,0.30316231933662513,0.5761379931945239,0.08882834023826498
3261.0,0.41030587614043434,0.1746443952106493,0.2744231036724463,0.14062662497646994
3352.0,0.0051584167005447705,0.042980513548112366,0.39333477620650087,0.558526293544842
2874.0,0.005495963298485617,0.0567961892921866,0.46536105093968105,0.4723467964696468
3887.0,0.06823523275277286,0.17425250555015673,0.39259775161538446,0.364914510081686
3722.0,0.442930557177808,0.2367175795524256,0.2467288350710888,0.0736230281986777
3520.0,0.32770276477559174,0.3055791450388027,0.3148057726646287,0.051912317520976844
3042.0,0.3887099844200213,0.3023791746509112,0.17915246769455884,0.12975837323450878
3173.0,0.19396518528621928,0.3417800418487145,0.2954920908052438,0.16876268205982237
3283.0,0.001901467468564018,0.02350230234090531,0.5473176657092631,0.42727856448126755
2801.0,0.03352813145460204,0.0841789045378348,0.3710691185116411,0.511223845495922
2900.0,0.0872566437177166,0.34073312002892797,0.49792680260412164,0.07408343364923377
3446.0,0.29973899201265464,0.4383153340766171,0.13119093708168994,0.13075473682903824
3644.0,0.2912444827437076,0.47060681468645826,0.20345029670717032,0.0346984058626637
3993.0,0.7893863778429925,0.180777050647295,0.027821259918391076,0.0020153115913215066
3829.0,4.048582995951417E-5,0.015100989933482068,0.29487909204319906,0.6899794321933593
3920.0,0.13553045405146313,0.4151854153471284,0.42560920026416316,0.02367493033724548
3098.0,0.12339108126991886,0.2848560782806013,0.47084671826885965,0.12090612218062018
2973.0,0.6597149580095056,0.29515395765444863,0.0421346658533986,0.0029964184826472965
3519.0,0.2298113749777816,0.40950024852169703,0.32776311515840784,0.03292526134211351
3337.0,0.003268357509360804,0.194923131377855,0.29576503351765,0.5060434775951342
2859.0,0.058494360535034894,0.1300885570646237,0.4611456602812899,0.35027142211905155
3244.0,0.0024111111111111113,0.02818613212605949,0.23579020100185602,0.7336125557609734
3651.0,0.012825876251772117,0.3384564645004045,0.5657038809861763,0.08301377826164713
3227.0,0.2789681892790759,0.25237405604935825,0.42769826402801525,0.04095949064355058
3390.0,0.5912033622043121,0.2730203820809837,0.11146103913426524,0.024315216580438875
2844.0,0.03246486909098377,0.393015504693902,0.45302790106641555,0.1214917251486985
3700.0,0.012565116041125765,0.12186710547996148,0.4468753691515641,0.4186924093273485
4049.0,0.013214304237152318,0.1562709047197874,0.6328806344937379,0.19763415654932226
3943.0,0.011069434951013899,0.0652604053958901,0.4254837480227025,0.4981864116303934
3778.0,0.08400022743192564,0.46445514338916255,0.333019114506158,0.11852551467275382
2986.0,0.0017846932141545693,0.028521475030250976,0.3978518471343609,0.5718419846212336
3464.0,0.005179612118328885,0.12651125357397183,0.38306395461539267,0.48524517969230674
3117.0,0.19748440910613585,0.20253104284417303,0.43843590028211843,0.16154864776757275
2915.0,0.27445284629658545,0.5262778567327211,0.18506014052149686,0.0142091564491966
3300.0,0.0034699198107869156,0.024937735927223433,0.2979187445066062,0.6736735997553833
4014.0,0.052205657325892975,0.1211568659550087,0.394048781933128,0.43258869478597034
3595.0,1.526717557251909E-4,0.010854352663584815,0.1174264924865977,0.8715664830940923
3773.0,0.024496832068415537,0.31340321232609325,0.44788914711823125,0.21421080848725996
3864.0,0.015602350470771527,0.11123015862308992,0.3346945168884179,0.5384729740177207
3154.0,0.1560730725717618,0.18784982706260137,0.5908215840811586,0.0652555162844782
3575.0,0.14605658630507032,0.24468250953184573,0.2970430916755594,0.31221781248752456
3029.0,0.3109335844493927,0.2807947573188766,0.35503263719911243,0.05323902103261828
3614.0,0.24625055782626107,0.6250289150486941,0.11459033785937414,0.014130189265670596
4027.0,0.018050789850033694,0.1513345427839062,0.5030829489500005,0.3275317184160597
3313.0,0.04995900990223618,0.14126480173213182,0.7400235881360178,0.06875260022961421
2934.0,0.09931500796074991,0.3957899249172222,0.4784831906517731,0.026411876470254808
3412.0,0.020459238668090803,0.1479030138595395,0.7876380005438474,0.04399974692852241
3554.0,0.05292752035519999,0.2248906815234782,0.4801109029079431,0.24207089521337877
3008.0,0.07547871254122593,0.5683321950538494,0.22186229237160784,0.13432680003331687
3143.0,0.16389788505802325,0.47142923002964054,0.23619681422508468,0.12847607068725156
3853.0,0.006290511239273087,0.09516283944147888,0.7749854623904295,0.12356118692881841
3752.0,0.44634774849969916,0.5148256974259828,0.020188714168733045,0.018637839905584888
4036.0,0.014122719560132975,0.21987731634805885,0.5648728863449253,0.2011270777468829
3681.0,0.06943503465827082,0.30392564449544673,0.5926229012494207,0.03401641959686169
3371.0,0.052977553490966514,0.21924395779418582,0.509537436329839,0.21824105238500857
2825.0,4.3356694005709535E-4,0.026050186971382158,0.31415084859269893,0.659365397495862
3214.0,0.7815059960281208,0.1890972107689483,0.024378895684286372,0.0050178975186447134
3128.0,0.0026253375098557966,0.08590554484786021,0.5156761681004908,0.3957929495417932
3007.0,0.0012027553566935716,0.009436223213115665,0.23496589991145958,0.7543951215187312
3485.0,0.1343221243695115,0.5996651005125767,0.0978672041979224,0.16814557091998933
3799.0,0.04012411947488412,0.05970176864169294,0.2996508809565225,0.6005232309269005
3954.0,0.009451880523082823,0.1358644900440054,0.2984166380371515,0.5562669913957603
2952.0,0.04819479566698494,0.33089602588995637,0.32862889026209446,0.2922802881809643
3498.0,0.02513538597947965,0.14973375098745836,0.4027021916611811,0.42242867137188084
3087.0,0.0018058119315141788,0.021616488277900477,0.2633000217081265,0.7132776780824589
3909.0,0.48011065585793133,0.370554487133181,0.12746307593647022,0.021871781072417478
3808.0,0.005005946685697309,0.15115008121945758,0.4746967993731511,0.3691471727216939
3670.0,0.1034858110349562,0.16602934590828286,0.6526545989617513,0.07783024409500965
3257.0,0.2586587609708874,0.4665554855415891,0.2276306150380498,0.047155138449473624
3356.0,0.0023456789938056362,0.04684340061146588,0.5154317176582548,0.4353792027364737
2878.0,5.456682085286573E-4,0.027406555234083724,0.14785100277215002,0.8241967737852377
3184.0,0.47719361478365896,0.3706137485829399,0.10351966802888465,0.048672968604516524
3541.0,0.006045926932114586,0.15962017848464488,0.44032798360880837,0.39400591097443205
3063.0,0.001055281690140845,0.06082998491328534,0.3184428062289649,0.6196719271676088
3743.0,0.004183895714480424,0.07005691286869078,0.7701191398515622,0.15564005156526667
3898.0,0.11290437592911229,0.7352235865933696,0.11087666362911586,0.04099537384840216
3980.0,2.2642543859649123E-4,0.2123796971929724,0.42187646597302075,0.36551741139541044
3625.0,0.01113532792351729,0.15745210845752797,0.5289886352389606,0.30242392837999427
2881.0,0.07561290662497985,0.2577154764554556,0.5044498968750989,0.16222172004446567
3427.0,0.5237041605252007,0.2546452337166549,0.19225984362450535,0.029390762133639087
3270.0,0.03296714270903337,0.0888783649225344,0.5091265192981416,0.36902797307029056
2788.0,0.3010896019606707,0.3135868244156277,0.2459557772952712,0.1393677963284305
3825.0,0.4790508502492052,0.4503675676934138,0.04598324795791485,0.02459833409946622
3924.0,0.14879073071268778,0.2646718854939947,0.5498489321465163,0.036688451646801276
3102.0,0.47142966850274903,0.4008401637076119,0.09503666656714653,0.032693501222492684
2969.0,0.006513819576065763,0.030736162867084395,0.2912975194290545,0.6714524981277954
3515.0,0.029025250466357184,0.21371563372385252,0.66414879887321,0.09311031693658028
3341.0,0.22077839450133885,0.2551228812060514,0.42539538540259586,0.0987033388900138
2863.0,0.09262044062511934,0.236852647354185,0.6101813989506887,0.06034551307000695
3240.0,0.2785976827460092,0.45723400763558214,0.21189574847662154,0.05227256114178697
3655.0,0.42474263680444063,0.45214612318452757,0.07616432317077992,0.046946916840251936
3883.0,0.04210911346654835,0.7939994129452191,0.159431043106304,0.004460430481928498
3726.0,0.016873955879613833,0.10399384467579563,0.5580171299636262,0.3211150694809644
3524.0,0.004422812603302191,0.3608371678072192,0.43463665909218285,0.2001033604972957
3046.0,0.13433244591946963,0.14714641517269564,0.48553794706750075,0.23298319184033395
3169.0,0.036130518147117284,0.31356892763358846,0.2558804622517712,0.39442009196752315
3287.0,0.0314745992574603,0.1791444215071103,0.5200943013922733,0.269286677843156
2805.0,0.03679299881621537,0.38057270264505894,0.5217160334975856,0.06091826504114014
2896.0,0.0012438542008776942,0.036086753788268845,0.32385935145895284,0.6388100405519005
3442.0,0.001219680707805233,0.1053051997973882,0.264803968076324,0.6286711514184825
3640.0,0.23835753922024666,0.3750520231264177,0.26689872105132756,0.11969171660200818
3997.0,0.04530153609378267,0.24202130917044878,0.6349234898288239,0.07775366490694467
2919.0,0.2866696261949378,0.5362924805056882,0.13989547563323915,0.03714241766613481
3397.0,0.06978313365741581,0.17704811894786418,0.670829180269266,0.08233956712545411
3296.0,0.011293863879588317,0.05829347971049466,0.6228168644693372,0.3075957919405797
4010.0,0.7963397385180276,0.1874376887478867,0.013201782325015154,0.003020790409070466
3599.0,0.023395489702432836,0.16077778140682866,0.45038767327045637,0.36543905562028217
3769.0,1.0695187165775405E-4,0.0013852630189059504,0.18704852488027254,0.8114592602291638
3868.0,0.07271427443677202,0.4915213095122178,0.41938699180457184,0.016377424246438513
3158.0,0.35064110212291877,0.31521737036691977,0.24928678780772362,0.08485473970243786
3571.0,0.11772268126348523,0.40132161690562335,0.4209474051793699,0.060008296651521374
3025.0,0.17539607890348233,0.5683046576405741,0.24759780414431215,0.008701459311631321
3231.0,0.04738368323055012,0.2293500301278375,0.5505287350161212,0.17273755162549115
3386.0,0.020203108766195077,0.14754111248832188,0.5836951279463037,0.24856065079917936
2840.0,0.0010395535834572397,0.03594998644662513,0.19219635874774682,0.7708141012221708
3696.0,0.8620643170483898,0.12194237866620526,0.013360243739133365,0.002633060546271591
4053.0,0.009916787447643597,0.11994061319722077,0.4684466540295986,0.40169594532553693
3939.0,0.28327908854752665,0.29036568472453256,0.301145209778396,0.125210016949545
3782.0,0.012488123395604962,0.033943431242671754,0.2979042881890203,0.655664157172703
2990.0,0.2966424816808414,0.44630414666195334,0.18685611647727185,0.07019725517993336
3468.0,0.151403677400924,0.24778511446486445,0.32691231431656576,0.2738988938176458
3113.0,0.04632675728130119,0.11519020740681228,0.5941877063524631,0.24429532895942338
2820.0,0.017661698572171498,0.11122182593380465,0.6851253589106544,0.1859911165833695
3366.0,0.4594185739255089,0.4486668496930281,0.0718435148130984,0.020071061568364502
3203.0,0.011658612055427732,0.03182836847504435,0.5723252817828214,0.38418773768670644
4041.0,1.1834319526627222E-4,0.023108210077485564,0.4495038178578373,0.527269628869411
3692.0,0.32023324132415326,0.44490463723907714,0.1913797593639744,0.04348236207279524
3802.0,0.0,0.0010122016624801084,0.21552080742821156,0.7834669909093083
3967.0,0.009304820179820178,0.11518695549481542,0.6583557326132782,0.2171524917120862
3125.0,0.08542566571210189,0.22013315028675198,0.4739605170949497,0.22048066690619653
3472.0,0.16638120590931754,0.5809624910346497,0.21849857907324488,0.03415772398278799
2994.0,0.5528869149682512,0.28997758091029757,0.1483944421986309,0.008741061922820254
3324.0,0.20270419615012433,0.20590295827235203,0.29581326170698785,0.29557958387053573
3417.0,0.058206007329567024,0.21861303173810384,0.6945819803209555,0.028598980611373684
2939.0,0.07443256194744946,0.1709540190586225,0.608828455591163,0.14578496340276506
3603.0,0.19282841724872807,0.3478599008556655,0.34973351429469024,0.10957816760091622
4022.0,6.460863683791598E-4,0.07743137988845497,0.7444586345242188,0.17746389921894715
3840.0,0.5988300422223305,0.2465372639008708,0.1396537057222658,0.014978988154532769
3749.0,0.01093695605807596,0.019449022788002528,0.16420456030083308,0.8054094608530885
3021.0,0.6217267949235818,0.21118358816511235,0.16260320514395707,0.004486411767348627
3567.0,0.19937188686147006,0.38662857700746933,0.37430429998511167,0.03969523614594892
3146.0,0.0024925672396618214,0.1857436542800537,0.5604409700622561,0.25132280841802823
3730.0,0.007661966094248736,0.13656223666300943,0.5067676158484251,0.3490081813943167
3895.0,3.8565495211016087E-4,0.0012557193964366792,0.13165884323576751,0.8666997824156857
3197.0,0.005333286988161101,0.05898226795806144,0.4439047604756465,0.49177968457813104
3066.0,0.13243629244872326,0.26625659831603815,0.5420352855330847,0.05927182370215395
3544.0,0.026786857573093,0.08277257778144803,0.5633321727679835,0.32710839187747554
3438.0,0.017697339951846594,0.09895832205758148,0.4706401358097153,0.41270420218085657
2892.0,0.2722006225502695,0.4944108797044344,0.2190112912916687,0.014377206453627358
2793.0,0.11879702779082868,0.20591514997965654,0.537489730474903,0.13779809175461172
3275.0,0.020424026124120614,0.1903768390038315,0.7578598918868811,0.03133924298516674
3969.0,0.2695547195227205,0.5766805696032242,0.11317258892339474,0.04059212195066068
3620.0,0.050968989343221915,0.20987757232963522,0.4493612355235577,0.2897922028035852
3912.0,0.5264800107195231,0.3894106861201353,0.06907866908091112,0.015030634079430418
3821.0,0.5330162466742902,0.3090676591226807,0.14294708959995575,0.014969004603073504
3495.0,0.38290706728519913,0.3734850309246252,0.22853094374471147,0.015076958045464257
2949.0,0.005889486480376421,0.05812270060785015,0.3538625658006372,0.5821252471111362
3074.0,0.009617647995286178,0.09413302987046097,0.49463536685457454,0.40161395527967836
3252.0,0.059709630254696416,0.5581611138993644,0.3685086162762361,0.013620639569703094
2867.0,0.2752949616004725,0.38118433631483417,0.23970682382472902,0.10381387825996427
3345.0,0.00874551063442689,0.08720804496758289,0.5357269749634616,0.36831946943452853
3675.0,0.0072251874195165345,0.12488471507838572,0.619188160416435,0.24870193708566277
3051.0,0.17872854936290206,0.3329960415791015,0.34879116600003807,0.1394842430579583
3529.0,0.10712933013282588,0.20668597647973494,0.26890934048778314,0.4172753528996561
3180.0,8.195311838220156E-4,0.08460554714197299,0.37367359546406115,0.5409013262101439
3878.0,0.02294503930456749,0.07977042191743168,0.5724411807019196,0.3248433580760811
3715.0,0.06407105373039791,0.32242449346576435,0.4517263501690362,0.1617781026348016
3637.0,0.14316723350877428,0.10966288178585766,0.4219265712784906,0.3252433134268774
3984.0,0.18856878775150077,0.422142906402386,0.25410016839706495,0.13518813744904826
2808.0,0.3132136653015543,0.2801637586894457,0.34646135197892697,0.06016122403007297
3290.0,0.11469600448839437,0.4355374761569325,0.40886668007428717,0.040899839280385895
3455.0,0.0036248332219630613,0.08156033784099484,0.5795329119395142,0.3352819169975279
2909.0,0.06025712843948844,0.11424558350726285,0.5004547216072689,0.32504256644597984
3091.0,0.1663960497166285,0.2756768895545644,0.3831948050719207,0.17473225565688638
3510.0,0.05644654899356484,0.1346618565400687,0.44928371210075213,0.3596078823656145
2964.0,0.11536338433598102,0.40089187106685586,0.30949399095904095,0.17425075363812212
3836.0,0.06878348206176843,0.2775641141698559,0.46373722593010447,0.18991517783827114
3929.0,0.006045155459056441,0.11300017273608969,0.6118959623349722,0.26905870946988164
3658.0,0.020469750585466576,0.12439572645550592,0.6317554752860222,0.22337904767300543
2850.0,0.49752717676408875,0.2809297422683063,0.20230770261108472,0.01923537835652015
3328.0,0.007731915917211645,0.04218761720095813,0.4305234712827287,0.5195569955991015
3237.0,0.042469000365915416,0.1334937423045462,0.4436132760130446,0.3804239813164937
4056.0,0.6593878391511752,0.2573112530778327,0.07182715590930176,0.011473751861690478
3218.0,0.023327277639063327,0.15959849109381896,0.5655872184499904,0.2514870128171274
2837.0,0.00888420785954813,0.13762614666056774,0.5062181602628832,0.3472714852170008
3383.0,0.23962383999052517,0.5136137495378481,0.20215330160303271,0.04460910886859393
3457.0,0.523241104168711,0.2951670069514898,0.15971738339552266,0.021874505484276656
2979.0,0.23077479688471672,0.460923720217538,0.22161164878104056,0.0866898341167047
3108.0,0.21729938307049085,0.2919465241313421,0.4238353712358217,0.0669187215623454
3950.0,5.793557642149193E-4,0.04057943569665895,0.24510074130900653,0.7137404672301196
3787.0,0.08276977742505044,0.21151253175163265,0.44480638703180037,0.26091130379151645
4007.0,0.022631654958356295,0.23520775571800837,0.7185429918320934,0.02361759749154206
3586.0,0.014820538991426293,0.359426116423027,0.3088070057544227,0.316946338831124
3400.0,0.040494808980444844,0.0813704569032,0.3980178541811239,0.48011687993523133
2922.0,0.027053218147279207,0.15076151600173834,0.3774504779545822,0.4447347878964003
3309.0,0.11608783677934399,0.07328851477929227,0.6468861004827544,0.16373754795860934
3163.0,0.0013917803764874066,0.1774593714774786,0.5540578272985722,0.2670910208474618
3036.0,0.012172573429097085,0.16046204216549623,0.4279020616166002,0.3994633227888064
3582.0,0.19801772549755414,0.5793490530165406,0.18319775592143916,0.03943546556446612
3764.0,0.0019407933301699765,0.0691379997173266,0.4516956554110855,0.477225551541418
3857.0,0.03450614446774601,0.20102470318646734,0.5303580304545661,0.23411112189122046
3320.0,0.2675994056107716,0.4410624544959844,0.23287937206274395,0.05845876783050007
3421.0,0.01874404665446585,0.30057547021059694,0.4929495476363024,0.18773093549863484
2943.0,0.025624703535398346,0.12214397893493728,0.42322304841878233,0.42900826911088197
3607.0,0.05894326868120176,0.3504895463186061,0.3594580169047727,0.2311091680954194
4018.0,0.10482611680459782,0.4167058104922545,0.3721361703497997,0.10633190235334794
3844.0,0.05594909341752722,0.3380127038628609,0.4675625611882781,0.13847564153133382
3745.0,0.08426328589597325,0.49769146386346663,0.3528311223146779,0.06521412792588221
3017.0,0.1159479861626865,0.08385883030185273,0.5928800791521588,0.20731310438330194
3563.0,0.24477110595779197,0.38251104523476004,0.32874612208182385,0.04397172672562407
3150.0,0.05586186261114661,0.3685865818631279,0.3307997023631378,0.2447518531625876
2816.0,0.2703367912872949,0.4663399277686311,0.23573504412439228,0.027588236819681863
3362.0,9.364462986735125E-4,0.02331876385661515,0.2624143809479678,0.7133304088967435
3207.0,0.003347860637407869,0.05617027480215015,0.23367802549405567,0.7068038390663863
4045.0,0.044175103717749846,0.8304627342693992,0.10638922600338048,0.018972936009470538
3688.0,0.12359883244178174,0.18180375226269954,0.4443229863550156,0.250274428940503
3963.0,0.015037533292902859,0.09825302721052605,0.40683091475939703,0.4798785247371742
3121.0,0.005569650568487812,0.3568339547569286,0.4587314896078179,0.17886490506676578
3476.0,0.8123441518694334,0.16918808314692543,0.016063447049825097,0.0024043179338162214
2998.0,0.4953312441448417,0.36685065726004157,0.11845871836808382,0.019359380227032822
3916.0,0.02327892663741176,0.1576195572951662,0.6717269148078727,0.14737460125954926
3817.0,0.1283000285201088,0.6238485265481699,0.1946492615588044,0.053202183372916906
3491.0,0.037336178050130016,0.09855991608484244,0.419099254933873,0.44500465093115443
2945.0,0.3636029093575068,0.3041265929530267,0.296584339930914,0.03568615775855244
3078.0,0.001864372587488844,0.15034102507296804,0.6017497364809203,0.24604486585862276
3248.0,0.6970439359723141,0.22997905559851026,0.06745889678438602,0.005518111644789663
2871.0,0.4242768434713751,0.41410585875560396,0.10445515587320023,0.05716214189982059
3349.0,0.5687522972757811,0.24275895501858896,0.09781955618812967,0.09066919151750033
3679.0,0.16758850377196588,0.48615518071634106,0.27658445035106727,0.06967186516062573
3734.0,0.032691438980316276,0.7644658849856341,0.13076978129968767,0.07207289473436196
3891.0,0.31186470616143686,0.23810356983634112,0.3805155611156677,0.06951616288655427
3193.0,0.02313390608915326,0.3010283632615643,0.6449961878455921,0.030841542803690496
3548.0,0.02737386624490593,0.24852940149308175,0.4046394900396259,0.3194572422223865
3434.0,0.05424264507784538,0.1544111383123241,0.5808311646724464,0.21051505193738415
2888.0,0.01636328773599456,0.1470554303133083,0.41516002910735905,0.4214212528433381
2797.0,0.05530578863654152,0.29495508665036285,0.48374708429674207,0.16599204041635343
3279.0,0.10191401290583446,0.5426136801016141,0.2701336212215528,0.08533868577099853
3973.0,0.003912530458195888,0.12345571139573132,0.45365481399910756,0.4189769441469652
3616.0,0.12401624966592319,0.4294772732184974,0.41261013466445645,0.033896342451122996
3095.0,0.26637277851810154,0.3490658122072865,0.35752052943791984,0.02704087983669211
3506.0,0.00784925225698954,0.22710981023021515,0.3935837383030831,0.37145719920971226
2960.0,0.0593351332063339,0.1761173746976614,0.2020385770424728,0.562508915053532
3832.0,0.16364928157316663,0.49205577784425936,0.31022196503614585,0.034072975546428116
3933.0,0.4000495909125539,0.2858696888269496,0.13876445544324303,0.1753162648172535
3662.0,0.03251933306834226,0.17339755943576537,0.4941658452729261,0.2999172622229661
2854.0,0.001645294832270127,0.1158995463129472,0.6451705692298627,0.2372845896249199
3332.0,0.12864116100439807,0.6332287898302178,0.20607798647834683,0.0320520626870373
3233.0,0.08262790224919651,0.5245241335668958,0.2864225842079402,0.10642537997596749
3055.0,0.006250183084276721,0.04609416679844427,0.6219633662512267,0.32569228386605226
3533.0,0.056158179232551994,0.20538707845529117,0.4505840203807923,0.2878707219313645
3176.0,2.702702702702704E-4,0.0038009160011907676,0.17991354098176754,0.8160152727467714
3874.0,0.05026106341363724,0.11222055991690406,0.6099616277523795,0.2275567489170791
3719.0,0.1396537858272302,0.29291878342347855,0.23851349629896806,0.32891393445032313
3633.0,0.23357991391235466,0.4021608950743626,0.2543766227850005,0.10988256822828225
3988.0,0.19636518414599258,0.5106395921412276,0.14238875594084344,0.15060646777193648
2812.0,0.23347173399554377,0.4985428720809874,0.2368619474856579,0.031123446437810783
3294.0,0.16805502606559147,0.2910388781790913,0.5083435017160738,0.03256259403924345
3451.0,0.024950632347839487,0.11858982522175408,0.5125542132277457,0.3439053292026607
2905.0,3.154574132492114E-5,0.03257551408177599,0.37918960639908655,0.5882033337778126
4003.0,0.16538352186599475,0.511034121234414,0.2687283446152111,0.05485401228438013
3590.0,5.733005733005735E-4,0.010690504866518484,0.22934343149643102,0.75939276306375
3404.0,0.026146226364586307,0.1801625160572142,0.6095711132341474,0.1841201443440522
2926.0,7.201556556118549E-4,0.15820133911376352,0.31833100123894065,0.522747503991684
3305.0,6.451612903225808E-5,0.005802863638236276,0.18221556421890311,0.8119170560138285
