3067.0,0.14892066146902258,0.5182433910261137,0.2523501717759771,0.08048577572888672
3545.0,0.0044671433435478376,0.1709599767901139,0.2718877648762356,0.5526851149901026
3731.0,0.30580343752921524,0.4463918012337719,0.21651588157117094,0.03128887966584191
3894.0,0.15643150186201807,0.4807379393618273,0.30077661384862986,0.062053944927524717
3968.0,0.0637675333125566,0.29289944789175737,0.446054973625572,0.1972780451701139
3621.0,6.896551724137931E-5,0.019153126500267025,0.2013954613496842,0.7793824466328074
3439.0,0.013762791558039627,0.1424468839163178,0.4253259577280895,0.418464366797553
2893.0,0.7452760817221079,0.22116351531947195,0.029281005128039602,0.0042793978303805776
2792.0,0.010406079504921518,0.23066467032072574,0.4297492514551078,0.32917999871924497
3274.0,0.17829956630064475,0.538454275380481,0.2651157075657938,0.018130450753080465
3494.0,0.2607491930784539,0.44749711073870196,0.24541329202662981,0.04634040415621431
2948.0,0.007845324208799558,0.03007901186448444,0.27466879911838016,0.6874068648083359
3075.0,0.008771528882614699,0.15292818020003068,0.44926599153834135,0.38903429937901324
3913.0,0.04470909391873325,0.3719387104982023,0.31338677316437363,0.26996542241869076
3820.0,0.3106183153792223,0.3131639575618982,0.27988513223949746,0.09633259481938204
3674.0,0.12762493982051198,0.2870164563029112,0.5032005833537425,0.08215802052283419
3253.0,0.0013635362592417806,0.02923226964169877,0.4497435141223252,0.5196606799767342
2866.0,0.7381646885746623,0.23554331555619093,0.01731745070604507,0.008974545163101736
3344.0,0.0013782991855310692,0.05527997362969776,0.4438149373706589,0.49952678981411225
4040.0,0.031580351827012215,0.2581977498578914,0.4906409193896426,0.2195809789254537
3693.0,0.31566096622865497,0.2703703457895331,0.0878117992776715,0.3261568887041403
2821.0,0.032186097427476745,0.1642678136077447,0.5603625624038211,0.2431835265609574
3367.0,0.020929429524752637,0.2177443964664964,0.5531782619673812,0.2081479120413697
3202.0,1.4012434241989484E-4,0.04116084334584149,0.21256334369250235,0.7461356886192362
3124.0,0.002736011006716528,0.07072744879991141,0.6039834967364527,0.3225530434569194
3473.0,0.014006617081652146,0.2105301368148968,0.4450942674596452,0.330368978643806
2995.0,0.6190876857270476,0.3249501493712144,0.05303335515902525,0.002928809742712665
3803.0,0.39621354801627245,0.4141692223763735,0.17804598484849626,0.011571244758857777
3966.0,0.017103225134212485,0.15574996728853244,0.4095539480309774,0.4175928595462776
3602.0,0.003639510549612764,0.09550155035707063,0.422820177672624,0.47803876142069257
4023.0,0.02416652867823467,0.28761761658687396,0.45376424133424154,0.23445161340064982
3325.0,0.030526794686023567,0.12238727024487815,0.41390545954928326,0.433180475519815
3416.0,0.01212938297099371,0.0788261110335157,0.5911457917601352,0.3178987142353555
2938.0,0.006904976343045291,0.1801056809699662,0.4892307999116636,0.32375854277532484
3020.0,0.19328959131025278,0.18715531641010277,0.40628287448570893,0.21327221779393546
3566.0,0.13287832877166472,0.23442839545410776,0.5330403645536438,0.09965291122058376
3147.0,7.210446745330467E-4,0.08499107408047286,0.384814494299396,0.5294733869455981
3841.0,0.37909840777292053,0.41915745569297796,0.1790410338078414,0.022703102726260218
3748.0,0.002993643095810278,0.05090486156179299,0.4949042760511269,0.45119721929126977
3219.0,0.04323515797280141,0.19295806036212745,0.4397010504050248,0.32410573126004644
2836.0,0.09078597941238602,0.1706558975413921,0.43746073714461103,0.3010973859016109
3382.0,0.0010234204793028322,0.08777884581372754,0.37619426107515747,0.5350034726318121
3708.0,0.013372574959784396,0.11034922478693138,0.3533460472318341,0.5229321530214501
4057.0,0.09990443862378796,0.3804519024646935,0.3312036781114775,0.18843998080004107
3951.0,0.0010083589138134594,0.052309938016600326,0.2370470070224003,0.7096346960471859
3786.0,6.105342822409206E-4,0.0133217199674478,0.23307685445428838,0.7529908912960229
3456.0,0.16035529646466015,0.25320687191858904,0.4682710367964916,0.11816679482025913
2978.0,0.037361553569352196,0.3510812012009836,0.24614991178938628,0.3654073334402781
3109.0,0.45479928575225415,0.4788282868270953,0.05829106884278785,0.008081358577862746
3401.0,0.4541998994663988,0.37293251623556567,0.16427118861147016,0.008596395686565318
2923.0,0.0583281766572344,0.39268282851825187,0.4612052427010059,0.0877837521235078
3308.0,0.059639642415244776,0.5948350052026818,0.24421924805018272,0.10130610433189062
4006.0,0.14316907869932147,0.3559325396847186,0.38141310251992255,0.11948527909603741
3587.0,0.8271383491565185,0.1430629086736918,0.027186780366175712,0.002611961803614021
3765.0,0.44082514024323066,0.4405873321119158,0.10215592085008898,0.01643160679476469
3856.0,0.03421861303258728,0.12527446347917412,0.45679637244073984,0.3837105510474988
3162.0,0.04139556148840729,0.18081308526032405,0.5886146399965271,0.1891767132547414
3037.0,8.695652173913043E-4,0.06247258235713634,0.571333394786999,0.36532445763847343
3583.0,0.04466801105966267,0.1289878837865107,0.5601766141547266,0.2661674909990999
3879.0,0.13837336872029612,0.302757094132216,0.34394788219918987,0.21492165494829812
3714.0,0.6459582120353602,0.3172271942654068,0.02865186864002967,0.00816272505920339
3050.0,0.1857859360139903,0.3984070935525759,0.3050880237317764,0.11071894670165736
3528.0,0.001943550182436131,0.081975344253447,0.47202173331467856,0.4440593722494384
3181.0,0.13096535070022094,0.34456324908813313,0.4125203115506196,0.11195108866102635
2809.0,0.5863302491811384,0.38004747414286927,0.027301541461928293,0.006320735214064085
3291.0,0.33342403404916154,0.5514210219728919,0.10182338744258283,0.013331556535363656
3454.0,0.07942153302788822,0.2851304345686854,0.3796197073401036,0.25582832506332276
2908.0,0.0122217024551082,0.2819948043909063,0.6032503147770345,0.10253317837695103
3636.0,0.17665883600961807,0.43897306231687644,0.34692022547968315,0.037447876193822324
3985.0,0.003967693491263725,0.07577682238862718,0.5267956498250008,0.3934598342951083
3837.0,0.00704906204906205,0.05188671556682758,0.2930773165907381,0.6479869057933724
3928.0,0.07955128483317704,0.4197608173786765,0.35265822464138047,0.1480296731467659
3090.0,0.004609117732736365,0.0667426401109433,0.46385897175375695,0.46478927040256335
3511.0,0.26010281265629415,0.41439487161142347,0.2870865670331815,0.038415748699100964
2965.0,0.07541841807390155,0.39692006727235696,0.48866571835729566,0.03899579629644596
2851.0,0.2479355781062743,0.2573141568456089,0.34251155914392795,0.1522387059041889
3329.0,0.04467359764418588,0.07659864194398774,0.3330854035269126,0.5456423568849138
3236.0,0.05569988345004523,0.48646449784974677,0.4299087736866028,0.02792684501360527
3659.0,0.0408498503948642,0.24866778850898355,0.47249871449581315,0.23798364660033916
3490.0,0.24901907919312397,0.19095065343213885,0.4365722430920347,0.12345802428270242
2944.0,0.02093581892613466,0.33183571101479226,0.5419952078274339,0.10523326223163904
3079.0,0.05246135052652716,0.2765800213526012,0.5671063159933718,0.1038523121275
3917.0,0.010897491274524584,0.17189992194687873,0.43972800939487344,0.37747457738372325
3816.0,0.01625661310154798,0.33064070819073427,0.5377704683091084,0.11533221039860939
3678.0,0.042737911945034374,0.18481041253232042,0.5740619918135434,0.19838968370910165
3249.0,0.0016277468381873795,0.10521615649778938,0.4004649294175629,0.49269116724646045
2870.0,0.01931145872495942,0.259833310111333,0.5541928581431551,0.16666237302055248
3348.0,0.4704238059593593,0.39150465753957475,0.10677409707720746,0.03129743942385853
3192.0,0.3011770958403794,0.3915439430681402,0.22210868548971602,0.08517027560176452
3071.0,0.16843171188305736,0.3385513728464893,0.31452309729389966,0.17849381797655373
3549.0,0.18165681679767715,0.5501185401592891,0.23519844929475364,0.03302619374828019
3735.0,0.31630198463416254,0.3782534911289087,0.23090984587537708,0.07453467836155166
3890.0,0.1988519071291204,0.4537551200871872,0.2297781756418811,0.11761479714181136
3972.0,0.01640274362264466,0.26417360523990696,0.6617265871739074,0.05769706396354094
3617.0,3.623465646421169E-4,0.038631417602327404,0.3363312536410678,0.6246749821919626
3435.0,9.682147514179999E-4,0.12903429994671875,0.5668129701387797,0.30318451516308365
2889.0,4.637889343771697E-4,0.011488432788218095,0.15990657836434677,0.828141199913058
2796.0,0.004273166203913344,0.14646089820316638,0.386561426981192,0.4627045086117283
3278.0,0.13421244300668467,0.2856413251907266,0.32697552100499433,0.25317071079759434
3606.0,0.010609272935973833,0.07611346638867968,0.34782685954622333,0.5654504011291231
4019.0,0.02411938938254727,0.235749111035454,0.41875712391307973,0.321374375668919
3321.0,0.07750979835045499,0.24224789022418805,0.5225996383254804,0.15764267309987665
3420.0,0.5240102184235851,0.3210340361424854,0.11342420207283721,0.041531543361092216
2942.0,0.5097208829667677,0.31762384805941724,0.1319190625924968,0.040736206381318245
3016.0,0.5196632436959995,0.3256197500262403,0.1421809076427314,0.012536098635028848
3562.0,0.015703560385329208,0.0931590392716723,0.3088986621165418,0.5822387382264566
3151.0,0.286945601427212,0.3683287129202319,0.19697012599581024,0.14775555965674586
3845.0,0.2957562686659354,0.37541736352442445,0.22248977210759932,0.1063365957020408
3744.0,0.16621485926281615,0.5565683151776181,0.23125771628259112,0.04595910927697466
4044.0,0.08671728355719313,0.2726474627842683,0.4775918201499463,0.16304343350859216
3689.0,0.05244300546251321,0.12004871203169999,0.43219431558490456,0.3953139669208822
2817.0,0.005342037990880006,0.21603081663808057,0.47252908131223864,0.3060980640588008
3363.0,0.15769305754508006,0.23447020644050404,0.4835062658468797,0.12433047016753605
3206.0,0.2531568230739166,0.2949134189891553,0.37246963876823636,0.07946011916869161
3120.0,0.008995903393481266,0.15086517638712657,0.5484066372512486,0.2917322829681436
3477.0,0.26524299619216246,0.05031774051097807,0.35941208323942475,0.32502718005743464
2999.0,0.00826123960369241,0.12332020427091063,0.38975846012516785,0.4786600960002291
3807.0,0.0286823816203516,0.22949471732387192,0.4190693869465511,0.32275351410922537
3962.0,0.004511052098777387,0.05757838729010568,0.31541140962816544,0.6224991509829516
3405.0,0.05532064681465356,0.12175021186520697,0.5847760408986609,0.23815310042147864
2927.0,0.05790367392898352,0.18846452690538015,0.43494710579934714,0.3186846933662892
3304.0,0.018733193480878593,0.27060703361495647,0.4567925216779446,0.25386725122622045
4002.0,0.020104099094711624,0.19221117598576135,0.32622512951600535,0.4614595954035217
3591.0,0.8198348608815758,0.15941160384982317,0.01744184603310286,0.0033116892354982564
3761.0,0.2946522604175359,0.2596730827931853,0.21556323743508363,0.2301114193541951
3860.0,0.006425233051630735,0.18618786670783474,0.48034618442604277,0.3270407158144917
3166.0,0.6466426223890308,0.21044694921388465,0.13335844363506602,0.009551984762018566
3033.0,0.0164051825724666,0.09837737790857688,0.5690852612778797,0.3161321782410767
3579.0,0.04200447386296893,0.309449185027878,0.5931845767698625,0.055361764339290624
3223.0,0.006122845555194679,0.027543681121561928,0.4109457394627865,0.5553877338604569
2832.0,0.02728286769981804,0.25975474929815595,0.5437742839392533,0.16918809906277257
3378.0,0.014537082483827934,0.15127264085555434,0.504939749101836,0.3292505275587817
3704.0,0.13839163166911836,0.324808933402779,0.4078725538068385,0.12892688112126405
4061.0,2.080221890334969E-4,0.07698331969972752,0.5244141834589245,0.39839447465231437
3947.0,0.00532153440117473,0.09156268992144508,0.3685162921443996,0.5345994835329805
3790.0,0.001353498605159472,0.11057023946130844,0.4692227988785986,0.4188534630549335
3460.0,0.020856336126104685,0.08026492766473119,0.3309186384696895,0.5679600977394746
2982.0,0.014785157221329129,0.26219463103133855,0.34967900250410566,0.3733412092432266
3105.0,0.20510470914896242,0.40774107569276347,0.36179565621495086,0.02535855894332328
3833.0,0.0022222222222222222,0.08704140667133736,0.4765374751472776,0.4341988959591627
3932.0,0.012639191055857724,0.10607946053441884,0.4948996183038701,0.38638173010585325
3094.0,0.0052437261333392006,0.20015178809770853,0.4984469834733819,0.29615750229557036
3507.0,0.1782878915795039,0.41430221729735944,0.3516086907457444,0.05580120037739225
2961.0,0.24505755179210723,0.2630927318701655,0.4478962564341004,0.04395345990362665
2855.0,0.7488358031192694,0.20509458621733961,0.0194259226550169,0.02664368800837403
3333.0,0.19949986003933518,0.6175899903472263,0.16654389675395154,0.016366252859486907
3232.0,0.1935094278047781,0.4308142906524001,0.247835300131363,0.12784098141145864
3663.0,0.014334446304075467,0.10894158183706507,0.33167432313338063,0.5450496487254788
3875.0,0.12610002704365583,0.24443692352851748,0.6071284360734357,0.022334613354391054
3718.0,0.08139536670407484,0.4780447903378833,0.34986238504551426,0.09069745791252773
3054.0,5.075268817204301E-4,0.1498916980907236,0.38271483662445144,0.46688593840310455
3532.0,0.10953337118675012,0.16118196909564333,0.357622831990412,0.37166182772719447
3177.0,0.0075616996904668155,0.21794770839877023,0.5342921510074963,0.24019844090326675
2813.0,0.10481965323217711,0.16079472859287558,0.574480784217482,0.15990483395746521
3295.0,0.003070657412762676,0.03679659523023575,0.3081679516996382,0.6519647956573634
3450.0,0.21499285543806798,0.5166169268313887,0.252757134024985,0.015633083705558305
2904.0,0.11917222525297388,0.20329707892895793,0.5413996123990035,0.1361310834190648
3632.0,0.041671701247070016,0.2868293861160792,0.5309591791225216,0.14053973351432905
3989.0,0.11822484640700465,0.5426014512830308,0.29308719362549435,0.04608650868447028
4032.0,0.026429462939841112,0.312740127227034,0.588641683251427,0.07218872658169789
3685.0,0.007627018929314483,0.1948209918951982,0.368256845651529,0.42929514352395837
3375.0,0.34791997602738295,0.4407297355669059,0.18104659071317586,0.03030369769253522
2829.0,0.008718838240584224,0.1032643772896828,0.3739592101421555,0.5140575743275775
3210.0,0.042295568798293395,0.26343940957325673,0.46872900350308533,0.22553601812536464
3132.0,7.227443609022556E-4,0.035489194482239486,0.44172630906598065,0.5220617520908777
3003.0,0.027612642879032968,0.5586674130104643,0.3607828412677948,0.05293710284270796
3481.0,0.3834975644101952,0.37168045941819333,0.17047455581939566,0.07434742035221573
3795.0,0.0025707396703212797,0.30103115277102127,0.47317726117468517,0.22322084638397222
3958.0,0.02990337859851311,0.4342274816116508,0.3304071635165476,0.20546197627328852
3610.0,7.142857142857142E-5,0.06288668340005044,0.34668538257945963,0.5903565054490615
4031.0,0.5815561226397319,0.3420933723849634,0.05466463027731387,0.021685874697990826
3317.0,0.002980183924798777,0.04285686039914481,0.3429641611019589,0.6111987945740975
2930.0,0.011975815582886348,0.2380469362693227,0.5999874272269481,0.14998982092084287
3408.0,0.4470550548230435,0.16058995867133521,0.30697357780539775,0.08538140870022357
3558.0,0.5577717415294953,0.3617436043452765,0.06121147247803246,0.01927318164719585
3012.0,0.22318342061811103,0.4058832578467917,0.25058793193152473,0.12034538960357248
3139.0,0.2725104994507885,0.4171502661479565,0.269334748436196,0.0410044859650591
3849.0,0.7163779097502978,0.21182774112353805,0.061854826608488754,0.009939522517675325
3756.0,0.19924879796580125,0.5988606179972984,0.16719059438672415,0.03469998965017631
3188.0,0.09940957905844582,0.29485990102246296,0.4149657882273896,0.19076473169170166
3537.0,0.8611639262048133,0.1218149314790251,0.014417473510418116,0.0026036688057434402
3059.0,0.12320847735918332,0.12845927725746534,0.4232702468520063,0.32506199853134504
3739.0,0.002491621833295508,0.03601627273470338,0.32404212711186803,0.6374499783201331
3902.0,0.05139628100657512,0.18234463355529035,0.44924240043097674,0.3170166850071579
3976.0,0.12946771542164137,0.4934270663432484,0.31104982561448913,0.06605539262062105
3629.0,0.43024730952465473,0.4708837977228781,0.08125783984738907,0.017611052905078205
2885.0,0.008894857269713272,0.1357649274533893,0.44667359944642565,0.40866661583047176
3431.0,0.07794234002085293,0.37664693939334354,0.47226269871422755,0.07314802187157589
3266.0,0.003072865889341664,0.06579903950793455,0.4756623082887892,0.45546578631393464
2956.0,0.018368850031327818,0.2981551435042346,0.6242550657634588,0.05922094070097886
3502.0,0.015560602490456266,0.4057912085918667,0.5208381918510686,0.057809997066608394
3083.0,0.030155861535718243,0.12046627043719595,0.3067150145268847,0.5426628535002012
3905.0,0.21685995304660746,0.5819296167841721,0.15456211382267518,0.04664831634654521
3812.0,0.03228559532240493,0.15837160757244623,0.7542446043759501,0.055098192729198775
3666.0,0.08926233991816238,0.20593834565763716,0.5888532285388854,0.11594608588531499
3261.0,0.36894408008499996,0.30194291314581206,0.23506679019584567,0.09404621657334228
3352.0,6.364112776438526E-4,0.04807892672345876,0.3762499428970447,0.5750347191018527
2874.0,0.035134637720003574,0.20198081756331035,0.42483347916784175,0.3380510655488444
3887.0,0.015656622182690122,0.20273927832369767,0.42993409249896125,0.35167000699465084
3722.0,0.17775934787033248,0.36493349613910003,0.32509638989129896,0.13221076609926857
3520.0,0.04328364335024483,0.32676255632842743,0.6029234944600061,0.02703030586132167
3042.0,0.3538700691382101,0.367598576038454,0.21119518888952196,0.06733616593381384
3173.0,0.060342012977480756,0.2926775380214763,0.468359109679975,0.17862133932106802
3283.0,0.0022862159578715307,0.03754484840240198,0.5677852348867691,0.39238370075295737
2801.0,0.007581480534968907,0.11202092775302858,0.5328593750675944,0.34753821664440815
2900.0,0.0925571777343135,0.34886736619637526,0.4995191649637998,0.05905629110551149
3446.0,0.26399486792937227,0.4353905653631472,0.23979309166544657,0.06082147504203411
3644.0,0.2318999360076014,0.461500101077007,0.20036341150555945,0.10623655140983225
3993.0,0.6991291342579432,0.22100082297214182,0.07561281428607305,0.004257228483841906
3829.0,4.6378893437716963E-4,0.02580291121917431,0.28825740647224396,0.6854758933742047
3920.0,0.3543568090287599,0.47640459463076584,0.15376114666805507,0.015477449672419263
3098.0,0.1767746826600724,0.4156582657867775,0.2735878410917468,0.13397921046140326
2973.0,0.7754525508499179,0.18193217250989008,0.03875904351825839,0.0038562331219335654
3519.0,0.1976043192122846,0.4019350555054359,0.3463860504862802,0.05407457479599926
3337.0,0.05317609838444305,0.27824333337700624,0.467716158200069,0.2008644100384818
2859.0,0.04356882602023943,0.28629292034049686,0.44753650172333864,0.22260175191592513
3244.0,0.0150370776590592,0.10675684358664542,0.4365809466572687,0.4416251320970266
3651.0,0.0036263972324489277,0.24964611611833085,0.6180564577063207,0.12867102894289964
3227.0,0.08641225053137358,0.1772632455439618,0.42361483341829725,0.3127096705063675
3390.0,0.236356769418153,0.5040860784605188,0.21662050379300982,0.04293664832831833
2844.0,0.17037954910677505,0.23884623145655823,0.4453882365370609,0.14538598289960583
3700.0,0.03713148323125898,0.2881177373862268,0.39452084295478357,0.28022993642773064
4049.0,0.07288589950914298,0.22281185783380117,0.5514671076210031,0.15283513503605264
3943.0,0.022314940731776433,0.096464887527496,0.40648016764965056,0.474740004091077
3778.0,0.028790015713488347,0.09177681505222281,0.43832907846272906,0.44110409077155976
2986.0,8.319783197831979E-4,0.035261788457286426,0.5007891321993145,0.4631171010236158
3464.0,0.06214073343372362,0.33171636183926784,0.4434639008432521,0.1626790038837564
3117.0,0.020292289402884266,0.19603907089234318,0.3700002596560936,0.41366838004867895
2915.0,0.14419038893871938,0.34909936227695815,0.4190113203292979,0.0876989284550246
3300.0,0.005718722164977588,0.04138190622457408,0.42841853810111835,0.5244808335093301
4014.0,0.008304057997627583,0.0549841527316666,0.43294296250273684,0.5037688267679691
3595.0,0.010068965517241379,0.12565008477305767,0.4113033206198232,0.45297762908987765
3773.0,0.010785166755772577,0.2574246211126962,0.3758928030710092,0.355897409060522
3864.0,0.006064082278481012,0.055198639248132515,0.4701935766885162,0.46854370178487037
3154.0,0.10376713660618683,0.2921039388611385,0.5194090799030192,0.08471984462965537
3575.0,0.284436105209679,0.48282555955048834,0.1827322997732782,0.05000603546655452
3029.0,0.45193128103697666,0.36010718570664857,0.15902137205646732,0.028940161199907433
3614.0,0.09760067544255654,0.37847556449545405,0.2934769550361521,0.23044680502583723
4027.0,0.04223799868006069,0.24890442885460462,0.47090870221472125,0.23794887025061356
3313.0,0.12770115830802592,0.29967091197173756,0.5325254425986347,0.040102487121601894
2934.0,0.0463837193587839,0.29215675906715627,0.45115441254863425,0.21030510902542557
3412.0,0.03120721278867286,0.2460321428722141,0.6136227055171399,0.10913793882197301
3554.0,0.07781512341262982,0.33300411402125535,0.36255522814986735,0.22662553441624758
3008.0,0.1283268289007352,0.4081457828779096,0.31430348495052374,0.14922390327083151
3143.0,0.24410320711259798,0.4053245461950382,0.2812932614853315,0.06927898520703227
3853.0,0.125472216573548,0.20989222234461632,0.4137912807979416,0.25084428028389405
3752.0,0.524919648707846,0.39741834119808833,0.06365256768462334,0.01400944240944241
4036.0,0.06802563874949472,0.13640168060026645,0.46841059190076784,0.32716208874947095
3681.0,0.036472924828263587,0.2858438675334978,0.49924728938929996,0.17843591824893865
3371.0,0.088223035977749,0.37422346561309233,0.35499897221716703,0.18255452619199156
2825.0,0.0010718797331700559,0.09344146271000754,0.47545851359957436,0.430028143957248
3214.0,0.44980750342110376,0.29713343434527123,0.17760014734170015,0.07545891489192479
3128.0,0.011717397456574052,0.1792520759587091,0.5963323702191197,0.21269815636559708
3007.0,5.734215958431205E-4,0.020574238054210388,0.37262884056283463,0.6062234997871119
3485.0,0.2824015133195383,0.5544971305984979,0.11607733586994344,0.04702402021202038
3799.0,0.044756514053462884,0.20737309515867333,0.4543522150696414,0.29351817571822236
3954.0,0.03321862024311673,0.09558063331636289,0.4722616654994617,0.3989390809410587
2952.0,0.10873512714070076,0.26956640736390747,0.29688544880671075,0.3248130166886809
3498.0,0.03870578516935811,0.37305581539649507,0.296183972295783,0.2920544271383638
3087.0,4.2896362388469454E-4,0.033794516066903486,0.2077292725026,0.7580472478066118
3909.0,0.1504073034303345,0.6616097742302762,0.17417414896661015,0.013808773372779295
3808.0,0.009151800553335079,0.1034388025336278,0.4090900805081714,0.47831931640486564
3670.0,0.16328176183007068,0.4053564627195807,0.3123888544486655,0.11897292100168322
3257.0,0.17154315353372013,0.5692779422578698,0.19745924453348734,0.06171965967492283
3356.0,0.006175878347534323,0.18119862158610844,0.4284472598919769,0.38417824017438046
2878.0,0.014495934596184595,0.055612963663430666,0.3535341872102595,0.5763569145301252
3184.0,0.19223684747737915,0.23725800460403373,0.48578140769663214,0.08472374022195503
3541.0,0.02231263622760703,0.1148619494660603,0.23460773008409608,0.6282176842222366
3063.0,0.006413354189669978,0.2634998504501504,0.3365569296910789,0.39352986566910064
3743.0,0.24496238764369982,0.26183240064916347,0.327115295087793,0.1660899166193437
3898.0,0.16611252504450605,0.5567464271243059,0.23474016437522402,0.04240088345596403
3980.0,0.05679346673014172,0.5784931031444753,0.30929112030112266,0.05542230982426016
3625.0,0.0572914912868725,0.15472124438357007,0.3906657915014658,0.3973214728280916
2881.0,0.01647165000039068,0.21848009472139024,0.41114528323282207,0.353902972045397
3427.0,0.2966782452503744,0.25241458161722097,0.32727942157077455,0.12362775156163007
3270.0,1.1627906976744188E-4,0.08976805983096356,0.5043834130416552,0.4057322480576138
2788.0,0.20986161758687671,0.23415781549525094,0.43279434724888366,0.12318621966898866
3825.0,0.5472907525988366,0.3709137657795709,0.07609521403338242,0.005700267588209981
3924.0,0.049196529378794374,0.373422701362063,0.5049092234010946,0.07247154585804814
3102.0,0.1698999528505447,0.15106711752097166,0.5232849962680944,0.15574793336038917
2969.0,0.002547594518180948,0.0548771260901211,0.2959741717192068,0.6466011076724911
3515.0,0.053961637025678154,0.4670626276076289,0.331815045340737,0.14716069002595594
3341.0,0.2016933458348192,0.4622886545505303,0.26897552280947573,0.06704247680517463
2863.0,0.02957669221862291,0.23147729722413124,0.6426162854370555,0.09632972512019017
3240.0,0.17370865676263467,0.5151577939353119,0.2572501321277716,0.0538834171742818
3655.0,0.38517266433170166,0.3755569213740372,0.2199178173733468,0.019352596920914324
3883.0,0.08267575529881356,0.49037651896984186,0.3648982461040155,0.06204947962732917
3726.0,0.24934223484226503,0.37084781815204537,0.27835413106660495,0.10145581593908456
3524.0,0.1399943947890468,0.33559173540828097,0.34707653963670637,0.17733733016596595
3046.0,0.09240497282513854,0.30765200810001553,0.46223044309786204,0.13771257597698378
3169.0,0.0028968505330207455,0.355562938241384,0.2532871454326789,0.3882530657929164
3287.0,0.008779209700068567,0.06318223092607746,0.5834253720524715,0.3446131873213824
2805.0,0.14361519998574504,0.6652228494769136,0.17353274456488416,0.017629205972457228
2896.0,0.005339666466646664,0.2412502302599351,0.3057159189128208,0.4476941843605974
3442.0,0.009817982456140349,0.22343667674895826,0.4304298941865205,0.3363154466083808
3640.0,0.2845819577950948,0.4043857675437646,0.26799832569660914,0.043033948964531374
3997.0,0.10799131162886763,0.2945203727166043,0.3611827162560625,0.2363055993984655
2919.0,0.2106798019538908,0.6182587868689738,0.15091103648500914,0.020150374692126317
3397.0,0.40235959764974005,0.23572103254069923,0.348067016175529,0.01385235363403178
3296.0,0.008000096958927248,0.18797980926390298,0.5176225332013988,0.28639756057577087
4010.0,0.7569821531898966,0.20019495829778644,0.03310460486962245,0.009718283642694482
3599.0,0.005853142741882689,0.29103606302014956,0.48398803436075555,0.21912275987721233
3769.0,0.11676939527437911,0.10350180698769725,0.4186217042439082,0.36110709349401554
3868.0,0.17807153301655138,0.2618946533072244,0.4939289619777274,0.0661048516984968
3158.0,0.4248379620889981,0.39262088237531817,0.15140944639565718,0.031131709140026557
3571.0,0.12917792805261008,0.35449259019224866,0.4812513150002885,0.035078166754852785
3025.0,0.10117697673156385,0.3342011632068184,0.3402771728713242,0.2243446871902936
3231.0,0.05658178397152466,0.3399648682047237,0.43272183033287825,0.17073151749087345
3386.0,0.03493942450341755,0.3838595217412211,0.49723608837754674,0.08396496537781463
2840.0,0.0021832484246277345,0.07723484819795001,0.3466448363141601,0.5739370670632622
3696.0,0.8204423397754588,0.1508965967295706,0.02485023323744384,0.003810830257526669
4053.0,0.0021502838042395836,0.11732309321496766,0.4215459250685351,0.45898069791225765
3939.0,0.28611438793606364,0.6012777931288406,0.10320928718275822,0.00939853175233757
3782.0,0.014102815469543449,0.17016028652110748,0.6036410888218235,0.21209580918752555
2990.0,0.1210806616542811,0.40144253189321555,0.4491437701829532,0.02833303626955032
3468.0,0.02066714787881836,0.21875326276719698,0.31793261984266613,0.44264696951131854
3113.0,0.07102275566566246,0.20930964486885362,0.5199082321242378,0.19975936734124614
2820.0,0.04386432762461973,0.20038189043560575,0.599782786021125,0.1559709959186495
3366.0,0.28950654269083176,0.47586427838462236,0.18075043002108113,0.05387874890346477
3203.0,0.02057528910424299,0.2379596260105496,0.3256529108771406,0.4158121740080668
4041.0,7.908557478077132E-4,0.04484318816029046,0.5162657036056717,0.43810025248623014
3692.0,0.2777634925372312,0.2583140562350204,0.41380642744656104,0.05011602378118732
3802.0,6.072538860103627E-4,0.008479244032290332,0.2458093678767617,0.7451041342049376
3967.0,0.08940818917536189,0.33419346584734744,0.35987949928128715,0.2165188456960036
3125.0,0.1393132117509607,0.26661279502121626,0.45644736276372233,0.13762663046410073
3472.0,0.007860911511141823,0.10221123161550073,0.3911430280651358,0.4987848288082218
2994.0,0.38599717761024277,0.4985808505741725,0.10674969934725265,0.008672272468332132
3324.0,0.017945866688437475,0.08978402766505024,0.24689294786943616,0.6453771577770762
3417.0,0.24205369126101825,0.39156615420115015,0.25536957323466136,0.1110105813031702
2939.0,0.13651032859278847,0.17407094439844653,0.39853778525535455,0.2908809417534104
3603.0,0.19677361320782946,0.25170021330587333,0.4207430353551531,0.1307831381311441
4022.0,0.0016507936507936507,0.026632890992591668,0.4823258494290093,0.4893904659276055
3840.0,0.04297214013143205,0.3438376659557749,0.584298621358029,0.028891572554764048
3749.0,0.001070937570430471,0.024225967145865657,0.3033765938114445,0.6713265014722595
3021.0,0.4329505264261208,0.38790008463535897,0.1002678260235221,0.07888156291499804
3567.0,0.05261742969728625,0.2861346783081341,0.6304317469306491,0.03081614506393051
3146.0,2.3255813953488368E-4,0.08169132754799836,0.5955642114998019,0.32251190281266484
3730.0,0.0436395053614034,0.33482535878538305,0.39053918807329735,0.23099594777991608
3895.0,8.86242594194136E-4,0.037028086869424874,0.1770280532809029,0.7850576172554781
3197.0,0.002425065232681284,0.06167895975158949,0.3585578805181681,0.5773380944975611
3066.0,0.17375115185706919,0.2204767672827759,0.39932665128290196,0.20644542957725293
3544.0,0.03786565347905885,0.11207867022123369,0.572487169156021,0.27756850714368636
3438.0,0.013680505472404052,0.19821263772804007,0.36952431688843046,0.41858253991112543
2892.0,0.08274563394021349,0.38540386365622725,0.44701631665135316,0.08483418575220604
2793.0,0.01632404208697322,0.20620323768371293,0.5526002824579305,0.22487243777138347
3275.0,0.03833771639932401,0.3894131037295038,0.5412479824721735,0.03100119739899869
3969.0,0.0890430382276911,0.43512100756389765,0.4466877273799172,0.029148226828494033
3620.0,0.006390820234545829,0.1153972132936417,0.31832918551926315,0.5598827809525493
3912.0,0.4806566524375867,0.4536366440119713,0.052136386025422414,0.013570317525019597
3821.0,0.12668409745974907,0.2856528024563128,0.44735125174284546,0.14031184834109262
3495.0,0.13816051672721713,0.46251840777393144,0.38252549241461364,0.016795583084237772
2949.0,0.043211075196033004,0.06887961120444806,0.5621007282463687,0.3258085853531502
3074.0,0.043378853687936404,0.19363491146470535,0.38927529472868433,0.3737109401186739
3252.0,0.14126742919062252,0.28796490841569056,0.449780258774161,0.12098740361952587
2867.0,0.08220783596630026,0.2344637825210388,0.28312369979797447,0.4002046817146865
3345.0,0.007967864212156077,0.13151248119766923,0.6954986542060655,0.16502100038410913
3675.0,0.023220383588441352,0.09941523126638732,0.45478923297701207,0.42257515216815933
3051.0,0.01685224065723758,0.1273542636933092,0.5448460523236078,0.3109474433258454
3529.0,0.1987238515344339,0.24481876775080064,0.30475345871482673,0.25170392199993885
3180.0,8.333333333333333E-4,0.04196780217697998,0.32922764058591575,0.6279712239037709
3878.0,0.011959959005434355,0.13119482619580192,0.3870498850551591,0.4697953297436046
3715.0,0.17691297951917,0.30633430893660496,0.47107459948503316,0.04567811205919183
3637.0,0.04967882330701879,0.21821384221796325,0.3775661282249141,0.3545412062501038
3984.0,0.32287295721427617,0.42914009436440353,0.13696326170024903,0.11102368672107112
2808.0,0.3810648399193159,0.30771802576667495,0.20424882872711808,0.1069683055868912
3290.0,0.23385527594144256,0.2935829299108138,0.45341018384831316,0.019151610299430556
3455.0,0.03392796024257057,0.07032634998670459,0.48175054691492925,0.41399514285579564
2909.0,0.0937437116808171,0.6883999647258577,0.19248314672713304,0.02537317686619208
3091.0,0.2654039594454047,0.2304709623927212,0.370292228133328,0.13383285002854603
3510.0,0.10886383729216938,0.3031155759852493,0.33577964806306043,0.2522409386595209
2964.0,0.034938638299786426,0.2773472754143858,0.49836243696561516,0.18935164932021253
3836.0,0.16725566749770562,0.3590528497155076,0.38396581895650833,0.08972566383027847
3929.0,0.004079863297715506,0.11306612516853828,0.4657323882225389,0.4171216233112073
3658.0,0.014847427918861802,0.1590638367145428,0.6115073169549411,0.21458141841165423
2850.0,0.4653539200432656,0.44197633108373047,0.07694988122575333,0.015719867647250595
3328.0,0.007903657616892911,0.024980715099822522,0.6984247741353102,0.26869085314797425
3237.0,0.012820373412436758,0.1716135006358895,0.41602727708999215,0.3995388488616815
4056.0,0.5364525548414122,0.4004897341067264,0.05524489373710819,0.007812817314753348
3218.0,0.012809788336359202,0.12598539281875312,0.4903543996269831,0.37085041921790457
2837.0,0.0025640445392363514,0.11386338825963765,0.5748551775346435,0.30871738966648243
3383.0,0.18867346015498887,0.4283262804956463,0.3327298964487585,0.050270362900606325
3457.0,0.03211415051927772,0.266386073124697,0.4340689679646762,0.267430808391349
2979.0,0.2683026577127467,0.4746341272556593,0.1903830052108192,0.0666802098207749
3108.0,0.11369285113244525,0.24158673309978518,0.5601864322422098,0.08453398352555977
3950.0,0.004411210487844774,0.10054621818178157,0.5969951400674648,0.2980474312629089
3787.0,0.06347097264940145,0.2854304343386503,0.46263742210630826,0.18846117090564
4007.0,0.020052619979401092,0.35272899851136813,0.5072530974209055,0.11996528408832523
3586.0,0.12765793191834812,0.44362846575237774,0.26252454705312395,0.1661890552761502
3400.0,0.027679941152271636,0.13818289956455407,0.4143736781272181,0.41976348115595613
2922.0,0.009024610571685281,0.14132409871313564,0.47004877343200424,0.3796025172831748
3309.0,0.20020155606329562,0.2644665769895859,0.4148344838766532,0.12049738307046519
3163.0,0.0031248998956054184,0.0814832640838131,0.7064494140891056,0.20894242193147594
3036.0,0.008404075907393786,0.059377659175868375,0.5226662549218747,0.409552009994863
3582.0,0.14080995515513015,0.2645034808190017,0.4961065745599788,0.09857998946588943
3764.0,6.097560975609754E-4,0.12508707983799924,0.47140576208679263,0.4028974019776471
3857.0,0.03491491269265027,0.3513183436100337,0.33045519231700143,0.2833115513803146
3320.0,0.17556305403273958,0.41930342321500047,0.3064558564323942,0.09867766631986576
3421.0,0.07444501931572656,0.3700170208476669,0.457925220570016,0.0976127392665905
2943.0,0.004109923313028706,0.0775791229333237,0.3085286029859232,0.6097823507677245
3607.0,0.004368422089424945,0.11940185211894905,0.43554457719873196,0.4406851485928939
4018.0,0.1639983270599632,0.24878770728809896,0.5179881293494356,0.06922583630250222
3844.0,0.01933177729240537,0.18778374423934363,0.5678174469390618,0.22506703152918928
3745.0,0.06736435002888926,0.31404190054363845,0.4890090166593787,0.12958473276809354
3017.0,0.15209815627072099,0.2147733418368175,0.48687535056492975,0.1462531513275317
3563.0,0.021375742173187454,0.188771139904194,0.4973109625667537,0.29254215535586475
3150.0,0.03163914778788228,0.24944924043821326,0.5168187823450271,0.20209282942887746
2816.0,0.09047731571591364,0.3163492879674285,0.4959605723298506,0.09721282398680721
3362.0,0.009013499808713198,0.06280766899712564,0.4593865914585614,0.46879223973559975
3207.0,0.0174997899891409,0.1592859907688539,0.2991146329939622,0.524099586248043
4045.0,0.03133246802380335,0.28980099951761173,0.3946014021822514,0.2842651302763335
3688.0,0.009169751370812121,0.17472178721616494,0.5746472503330529,0.24146121107997004
3963.0,0.022402496695189504,0.3612403258698434,0.552142863007482,0.06421431442748501
3121.0,0.03916490196461907,0.3682157687977699,0.2853896780890007,0.30722965114861034
3476.0,0.8007729477491334,0.15405147462847701,0.039937285426143596,0.005238292196246055
2998.0,0.24675565352158507,0.23581369180783374,0.3801350010563794,0.1372956536142018
3916.0,0.11465845591598804,0.17704179424345123,0.5649247568694811,0.1433749929710796
3817.0,0.042528540512905284,0.3483905112928152,0.470366456814875,0.13871449137940453
3491.0,0.10743634947828677,0.3319639481555471,0.34664920978577324,0.21395049258039292
2945.0,0.5396650847091289,0.1809737734998739,0.25310724345429814,0.02625389833669902
3078.0,0.003048839213086757,0.18283322156762355,0.45620506662126714,0.3579128725980227
3248.0,0.31336274075597553,0.4395537617230307,0.22692978800136504,0.02015370951962884
2871.0,0.22129377206556264,0.40528814916905104,0.2810202064635401,0.09239787230184614
3349.0,0.4820309326027303,0.23069604364232885,0.24147308627808373,0.04579993747685717
3679.0,0.3429681708643772,0.31910898412774846,0.3270437031547782,0.010879141853096167
3734.0,0.11981209402713146,0.6247211798909599,0.2140931118148301,0.04137361426707863
3891.0,0.7834050188650636,0.18100266576885865,0.03428505039268242,0.001307264973395207
3193.0,0.01238468641141619,0.2520463333892813,0.47813299624427186,0.25743598395503076
3548.0,0.014262672681764121,0.15852062267849337,0.5086409732835111,0.3185757313562314
3434.0,0.099996494685097,0.08023416301363735,0.33875107406607585,0.4810182682351898
2888.0,0.008488014236639084,0.11902233250633738,0.4491202166881815,0.42336943656884196
2797.0,0.0334115522233788,0.37569433276119385,0.31625521754523683,0.27463889747019055
3279.0,0.2505931767258351,0.2985087059499757,0.4119105984632024,0.03898751886098699
3973.0,0.003151968526968527,0.17506407585853495,0.29740818286570153,0.5243757727487951
3616.0,0.031958551625603855,0.29927199287817724,0.6374086392792507,0.031360816216968235
3095.0,0.34802321864690444,0.4839630793397596,0.15541334751845806,0.012600354494877819
3506.0,8.819628647214854E-4,0.29917460595794804,0.3118695476750112,0.3880738835023194
2960.0,0.04906225101479721,0.2378199723783786,0.303488590841091,0.4096291857657332
3832.0,0.17039693882617016,0.533342391697134,0.25521930995692427,0.04104135951977159
3933.0,0.41369882276566633,0.3609943744585005,0.19900552534037788,0.026301277435455274
3662.0,0.001602629506811213,0.09141333203025681,0.4992276366443752,0.40775640181855677
2854.0,0.0030067100573679525,0.1263392939045242,0.38246231955363624,0.48819167648447154
3332.0,0.25565452532937205,0.46261958467871395,0.21847278193191774,0.06325310805999618
3233.0,0.1304287056009571,0.42960686161414563,0.366568756636435,0.07339567614846225
3055.0,0.002820064806898663,0.015317111744543867,0.26350633338905094,0.7183564900595066
3533.0,0.015780185311764262,0.1329915263304594,0.5481026176865412,0.30312567067123514
3176.0,5.613648871766646E-4,0.008856975226943425,0.20613055043699785,0.7844511094488821
3874.0,0.006448445007079348,0.17559618904802368,0.39204582676677757,0.4259095391781194
3719.0,0.07249620590950269,0.46258023345313243,0.19744560329391933,0.26747795734344554
3633.0,0.36232213010693803,0.5191218144917361,0.09864492799298435,0.01991112740834151
3988.0,0.1465394835966958,0.5171489930660208,0.24325979298946515,0.09305173034781831
2812.0,0.10093550281149546,0.4003739139946977,0.429143552412678,0.06954703078112878
3294.0,0.1749493848883482,0.5374328229862284,0.17260728278854942,0.11501050933687393
3451.0,0.017501555476078547,0.13923096039216876,0.520874278027772,0.3223932061039808
2905.0,0.0031389039011989832,0.07711125274371447,0.3995609432812667,0.5201889000738199
4003.0,0.19426639345013308,0.4655406429712463,0.3165526284209873,0.023640335157633252
3590.0,0.04537236164301172,0.1492928270696156,0.35388057298526127,0.45145423830211145
3404.0,0.07236885736869916,0.2955739185725992,0.48066572902635235,0.1513914950323494
2926.0,0.006606067084050029,0.05251211879552354,0.4676189319329931,0.47326288218743334
3305.0,0.017332182095988215,0.07762719905472946,0.2899301054509596,0.6151105133983227
3167.0,0.012163191072833342,0.19431205486152275,0.5704552110631956,0.22306954300244833
