3067.0,3.184807604732448E-4,0.8521762706109145,0.14683342176456737,6.718268640448546E-4
3545.0,0.013291321800469415,0.28395887521096097,0.5722652001151811,0.13048460287338848
3731.0,0.09734482196175254,0.8073723217531336,0.09511142667434998,1.714296107640544E-4
3894.0,0.006598357312652613,0.42765256347909797,0.5448416696858996,0.02090740952234975
3968.0,1.9169697045368932E-4,0.01598226873130399,0.9354776288850157,0.048348405413226735
3621.0,3.7585452971380234E-12,2.2380268440140698E-8,2.573674784639545E-4,0.9997426101375091
3439.0,3.3778775905771565E-4,0.03417301071447853,0.49015744794578436,0.47533175358067936
2893.0,0.9998811140456533,1.1378840103547408E-4,5.096371618838421E-6,1.1816923426722346E-9
2792.0,2.6737309433760983E-4,0.2748941691087457,0.6060854661051689,0.1187529916917478
3274.0,0.12794694246936883,0.2607694746203484,0.6031320305322091,0.008151552378073497
3494.0,0.2670135597057961,0.6318028091881582,0.09724940792243839,0.003934223183607174
2948.0,5.015001651064001E-9,0.002151606004131684,0.08186283516913309,0.9159855538117336
3075.0,3.1037164003840036E-7,0.028206745944235383,0.006847500283935019,0.9649454434001896
3913.0,2.5030183649730123E-6,0.001431199836825894,0.2012105415189184,0.7973557556258907
3820.0,0.521890297858137,0.4256690019561725,0.052227637800626274,2.1306238506412842E-4
3674.0,7.139468944848245E-8,0.003506144746257297,0.0591696992024167,0.9373240846566366
3253.0,4.1589717403253625E-11,2.888257202712329E-5,0.027190342493605593,0.9727807748927776
2866.0,0.9989985465566034,9.955640615039274E-4,5.887622274020704E-6,1.759618684530767E-9
3344.0,3.752575764658719E-10,7.1954609834792525E-6,0.10151391066375388,0.8984788935000051
4040.0,1.2230601506732413E-12,2.4189257847450233E-6,0.012382665380767738,0.9876149156922245
3693.0,0.0777170873373753,0.6553979024265575,0.2635725046432295,0.0033125055928375424
2821.0,0.0026482055557401117,0.5483395014442327,0.36784690555761856,0.0811653874424086
3367.0,3.7104231064150443E-6,0.003992052284858292,0.6889934341017232,0.3070108031903122
3202.0,1.6991407706898228E-18,7.666856976612031E-11,3.0518589667828465E-6,0.9999969480643647
3124.0,1.2644475294255005E-6,1.5588881084476565E-5,0.08203259755925882,0.9179505491121274
3473.0,0.01195722660688687,0.8081966803558877,0.16437097717209145,0.015475115865134018
2995.0,0.92695349101373,0.06138082096623726,0.011598491366551096,6.719665348167483E-5
3803.0,0.9985740866153138,0.0011356099979668583,2.9006609854080546E-4,2.3728817841214043E-7
3966.0,0.004706138265603586,0.6656756020145619,0.24384489630160408,0.08577336341823041
3602.0,2.5233151960717644E-9,1.0546887482656121E-4,0.0017975322637166255,0.9980969963381416
4023.0,3.399901587921416E-4,0.11821968983682764,0.8616353705550434,0.019804949449336844
3325.0,1.0225520706700363E-6,0.007430419364525185,0.5099197747367703,0.4826487833466338
3416.0,0.2129108537924945,0.22381361439652636,0.3400668585313465,0.2232086732796327
2938.0,9.963605341198588E-4,0.148221108428253,0.4786604347411365,0.3721220962964907
3020.0,0.042424946195830975,0.8699708019607661,0.07595447673864794,0.011649775104755216
3566.0,8.470617847134941E-4,0.06065937910771897,0.12369068612723066,0.8148028729803368
3147.0,1.90755267478389E-6,0.057423204264082574,0.45367370755472636,0.4889011806285163
3841.0,0.7582619900421494,0.2333054185801923,0.008430978000004127,1.6133776542280307E-6
3748.0,3.1647461820227894E-4,0.006265623424081356,0.3003139067364764,0.6931039952212399
3219.0,0.01719466645168917,0.70004325808043,0.2801377281548188,0.002624347313062162
2836.0,0.0011729840124286262,0.02170723380260343,0.9316755050552163,0.045444277129751666
3382.0,0.003103243474704467,0.1439309921827457,0.7775480958264451,0.07541766851610472
3708.0,1.2179462195334461E-4,0.021046803585980968,0.5485702450989303,0.4302611566931354
4057.0,4.697387733373892E-5,0.7157819319700724,0.28153472303368554,0.002636371118908405
3951.0,2.9859362620083615E-5,6.870851789905156E-4,0.023064417607373176,0.9762186378510163
3786.0,8.54612759249878E-9,1.671659246772609E-5,0.03497265543744738,0.9650106194239574
3456.0,0.48889112250109923,0.13385671203844424,0.35662945205476104,0.02062271340569551
2978.0,6.77029537562746E-5,0.008397624239836816,0.07372536654301656,0.9178093062633903
3109.0,0.825215728725342,0.17477918259070227,5.088237537140894E-6,4.464186576312785E-10
3401.0,0.021373628425078055,0.9531944489630565,0.025431183768285383,7.388435801718172E-7
2923.0,8.814277636929872E-4,0.01858904447447354,0.7942124650924309,0.18631706266940246
3308.0,4.128010742542387E-8,0.03353795046988808,0.9514920650216122,0.01496994322839238
4006.0,0.9392541868780983,0.048165253496302275,0.011915325235117624,6.652343904818404E-4
3587.0,0.9988277420411045,0.0011691267481721654,3.130304449984667E-6,9.062735084069785E-10
3765.0,0.12119291844346824,0.8174876307624226,0.0608169321800718,5.02518614037263E-4
3856.0,0.0012427650276749193,0.02337767687150439,0.8092550481661948,0.16612450993462594
3162.0,0.02687424220716826,0.023260285465276323,0.9225291656398444,0.027336306687710997
3037.0,0.0046692739222499125,0.2377099609892904,0.7170344276498866,0.04058633743857324
3583.0,0.06913176565067292,0.05356463095844547,0.8383153702109382,0.038988233179943446
3879.0,0.01263097970930493,0.27921362002931804,0.42677593690940824,0.28137946335196884
3714.0,0.9964790045176819,0.003519062930266236,1.9325519438626584E-6,1.0814505534314712E-13
3050.0,0.003796281197951738,0.10300651397116513,0.7666725254727732,0.12652467935810988
3528.0,1.1614703242356242E-7,8.932291360818215E-6,0.18073073278011148,0.8192602187814954
3181.0,0.05475189662725056,0.44370426882196656,0.41085207171264376,0.090691762838139
2809.0,0.9980837719845007,0.0018595084288928012,5.6712851982132774E-5,6.734624307898381E-9
3291.0,0.5759597415510093,0.41997708523684113,0.00406134594250367,1.8272696457341626E-6
3454.0,0.3493051974408668,0.6381005803742844,0.011882727826882811,7.114943579659987E-4
2908.0,0.7579790486285359,0.11553828252300108,0.12624515942936407,2.3750941909892598E-4
3636.0,9.685410636209486E-4,0.15913325776521614,0.8261079130242608,0.013790288146902254
3985.0,0.006935677873801975,0.24519844782516345,0.7342457409158248,0.013620133385209766
3837.0,1.7103873595040472E-11,4.125076138454697E-7,0.022215942849169855,0.9777836446261124
3928.0,0.002118562435297384,0.0659427291686124,0.8910336839486166,0.04090502444747355
3090.0,8.688718004896382E-6,0.011020505253572366,0.27562007386838716,0.7133507321600355
3511.0,3.824922111304062E-5,0.026056797906417715,0.7550422412818037,0.21886271159066548
2965.0,0.6241410050155327,0.37477358825327894,0.0010807713917456202,4.635339442630816E-6
2851.0,8.501011148880689E-4,0.05082505359287003,0.9477061566689353,6.186886233066799E-4
3329.0,0.0011331787573668481,0.03539967656457742,0.7553897671525716,0.2080773775254841
3236.0,8.831626448253978E-4,0.8631337502716577,0.13542541061293453,5.576764705823436E-4
3659.0,4.137344822052045E-9,0.006560027827343276,0.2754104367644583,0.7180295312708536
3490.0,0.7316409491882674,0.0030643300789326925,0.19625259233217393,0.06904212840062586
2944.0,7.072443842696588E-4,0.7950307582916254,0.20424894081175846,1.3056512346556479E-5
3079.0,2.1941663775209454E-4,0.0567076402423163,0.6056310135944228,0.33744192952550867
3917.0,1.8865661404617963E-6,0.003560874861953202,0.7462321072245035,0.25020513134740285
3816.0,9.285407489519519E-4,0.8670759601760728,0.11556781507055038,0.01642768400442497
3678.0,0.6292791595869646,0.2332639823388467,0.12914389179647864,0.008312966277710073
3249.0,2.2853635064816485E-6,0.08488215760485497,0.3469514729656653,0.5681640840659733
2870.0,0.8440743345050257,0.15283074537213745,0.0030947320930692027,1.8802976762584903E-7
3348.0,0.6343418913789588,0.3534067198606832,0.012227209934022204,2.4178826335896127E-5
3192.0,0.8773983320539938,0.12152241860884956,0.0010792429648092395,6.372347353570499E-9
3071.0,0.48240242949409456,0.41159396493714595,0.10124079262105254,0.0047628129477069545
3549.0,0.4584253813734848,0.5410453016642056,5.228842407209768E-4,6.43272158867178E-6
3735.0,0.020682638537694285,0.8799682463485088,0.09934899225963797,1.22854159107374E-7
3890.0,0.008948731186866376,0.9907715273684097,2.797382058558082E-4,3.2388681706618205E-9
3972.0,1.931184417036571E-4,0.38437503608225077,0.5909851981330394,0.024446647343006243
3617.0,5.858072135405165E-6,0.009731579690040161,0.25652747960221217,0.7337350826356122
3435.0,6.747792917531379E-6,0.02094892114319316,0.9547572206653897,0.024287110398499547
2889.0,1.6604076550035535E-6,4.430043956161015E-5,0.00958472140897549,0.9903693177438079
2796.0,1.714533960974647E-4,0.46382416743022864,0.5330111658184848,0.0029932133551891804
3278.0,0.0011234668535647764,0.7938679357964942,0.20142506452226558,0.0035835328276753904
3606.0,1.1738397310919076E-5,0.0617483415757011,0.9372042121917856,0.0010357078352023555
4019.0,1.2711519221499518E-6,2.487845089783467E-4,0.6383541982371056,0.3613957461019939
3321.0,3.865529924662514E-8,3.674297377906655E-5,0.11216506749739787,0.8877981508735238
3420.0,0.8768278198761341,0.1190975273684326,0.004066599531357572,8.053224075591392E-6
2942.0,0.01346102771969219,0.669505610434821,0.31514643198524545,0.0018869298602413526
3016.0,0.0774853863586273,0.8877763426394571,0.03258985799143569,0.0021484130104798193
3562.0,0.004764895991809009,0.019869568627134848,0.6117899528705764,0.3635755825104796
3151.0,0.7832819460782791,0.20900430274049855,0.007587425347462912,1.2632583375928735E-4
3845.0,0.29202899684555333,0.6933603189200794,0.014608861668757982,1.8225656091715818E-6
3744.0,0.03553576825603153,0.6866033357462251,0.27270522477810133,0.0051556712196421306
4044.0,2.762238907232244E-9,6.359304005373909E-7,0.005699107932671401,0.9943002533746892
3689.0,0.0020548073325818428,0.00245310250862116,0.21157644654382676,0.7839156436149702
2817.0,5.3983761822592624E-6,0.16170174459706768,0.7656601750487435,0.0726326819780065
3363.0,8.433396506258296E-4,0.2736251175054911,0.14084937580023962,0.5846821670436435
3206.0,0.3399756643175136,0.2279849756610016,0.321614933546793,0.1104244264746918
3120.0,0.006700190733666793,0.020303661458017135,0.9092211807780254,0.06377496703029067
3477.0,7.960940189751492E-4,0.12673189961908055,0.8614509510415773,0.01102105532036683
2999.0,2.690905089488474E-11,2.1063494057593093E-5,0.02245794515527516,0.9775209913237581
3807.0,0.0019624842908502692,0.4685703170668892,0.5050743729165859,0.024392825725674715
3962.0,0.0010612472652438416,0.016992183739618867,0.5189309816322539,0.46301558736288334
3405.0,4.2196628999132395E-9,0.003281962795878777,0.11444654028916784,0.8822714926952905
2927.0,0.9263537245210197,0.05317123099901065,0.012805146009821545,0.007669898470148175
3304.0,4.743770114581721E-5,0.058593979852764634,0.05032007336955192,0.8910385090765377
4002.0,3.3432063131273156E-7,8.112122135261438E-4,0.08729428336643864,0.911894170099404
3591.0,0.9897061504613764,0.010034043144545582,2.5937065993853354E-4,4.357341393491359E-7
3761.0,0.1497667653383887,0.3967408401121031,0.4250772391441937,0.0284151554053144
3860.0,3.200563103556972E-4,0.1450556308161911,0.6660866241478437,0.18853768872560972
3166.0,0.42735352397149473,0.45926080654500584,0.11281666881895147,5.690006645479688E-4
3033.0,1.4983342011593955E-4,0.0015027597360495713,0.8053451412627513,0.19300226558108313
3579.0,4.2845236265679593E-4,0.7788452679908778,0.2206995833835897,2.669626287566201E-5
3223.0,1.6311421007966848E-5,0.004449038957952795,0.4274790628763849,0.5680555867446543
2832.0,3.060186872616534E-5,0.5628346438268946,0.43588137153162915,0.0012533827727500405
3378.0,1.2098666784402227E-5,0.12584345853031156,0.6686689353924279,0.20547550741047615
3704.0,0.2978676190120301,0.4587559209480536,0.12085625920717848,0.12252020083273771
4061.0,2.4005289784665992E-11,9.157012351382684E-4,0.05533232305577311,0.9437519756850834
3947.0,1.1696504499358893E-13,3.1123305201751576E-8,0.02808156808057843,0.9719184007959994
3790.0,3.741110155431299E-8,0.00410484085898916,0.15024617661866527,0.8456489451112441
3460.0,7.546084492317902E-13,1.1114237689614252E-8,0.013282344949096647,0.986717643935911
2982.0,3.9531391879927256E-4,0.3988700198109814,0.4817725487158969,0.11896211755432247
3105.0,0.7540832979333382,0.17149904868278928,0.07438094072848235,3.671265539020908E-5
3833.0,7.823825104766341E-10,4.229737898293595E-4,0.8276274483533723,0.17194957707441577
3932.0,4.185550586374685E-6,0.24960905926974566,0.742917509805336,0.0074692453743319676
3094.0,0.01407994506067852,0.17823495350120305,0.49801635820103085,0.3096687432370876
3507.0,0.09427589354503803,0.9045911540471093,0.001132948481096153,3.92675662586822E-9
2961.0,0.459675040358425,0.42063467473182015,0.11907176369006718,6.185212196877283E-4
2855.0,0.9976202092593126,0.0020929858155695805,2.847833813670229E-4,2.0215437507103516E-6
3333.0,0.030822242870419354,0.8637145984195875,0.10525799456858449,2.05164141408504E-4
3232.0,9.485791195989958E-5,0.28621820918708035,0.7038664165847415,0.009820516316218324
3663.0,1.5339834080667233E-13,3.0943088926488503E-6,0.023360475229903612,0.9766364304610503
3875.0,0.0018166820838436345,0.13125371387690302,0.8545679589937446,0.012361645045508705
3718.0,5.2635227586881875E-12,1.4782272377223352E-5,0.010949309088660967,0.9890359086336983
3054.0,2.864382504863388E-6,0.0031801879188867554,0.54739532829122,0.44942161940738834
3532.0,4.639733575679783E-7,0.0038019087498282127,0.962493438129983,0.03370418914683126
3177.0,8.679276381898213E-9,7.058573796267578E-5,0.36896766159139444,0.6309617439913665
2813.0,0.05791984395021703,0.2119710255892051,0.6991892886587875,0.03091984180179046
3295.0,5.947754405183897E-11,1.0109404666896366E-4,0.06975865317214675,0.9301402527217068
3450.0,0.5823090245371555,0.39061748531755097,0.02706086457476186,1.2625570531569125E-5
2904.0,9.041212525388855E-13,4.02501416848383E-7,0.0037417707934275716,0.9962578267042516
3632.0,0.005358622222242754,0.9681159643766056,0.02652518120579979,2.3219535184660657E-7
3989.0,0.010606801851346838,0.1227140835011422,0.8105578459899582,0.056121268657552736
4032.0,5.210531197436178E-6,0.005341743760051748,0.5964646740688816,0.3981883716398693
3685.0,4.2225604897587986E-8,1.712006740678584E-5,0.07861290336757538,0.9213699343394129
3375.0,0.7156689618500537,0.2842372228890313,9.381525120944434E-5,9.705618712238992E-12
2829.0,5.367433765219005E-7,0.0018512393662053785,0.20114572067200767,0.7970025032184104
3210.0,0.005170204803349283,0.31183882365395615,0.6381457375253795,0.04484523401731507
3132.0,1.4655414329099515E-16,1.3045033452004482E-8,0.005311514492117718,0.9946884724628487
3003.0,0.0032788971572086916,0.8986575833668097,0.09794620142997515,1.1731804600652987E-4
3481.0,0.1619567107093454,0.8044308489305413,0.033547654007534594,6.478635257866501E-5
3795.0,1.4829366826771861E-5,0.011697764114625411,0.5975413219844413,0.39074608453410653
3958.0,4.6955751603780966E-4,0.9176543143108026,0.08176862059823434,1.0750757492530108E-4
3610.0,5.356465299003872E-10,2.3177352808723793E-5,0.07501199485874528,0.9249648272527995
4031.0,0.9360479057187886,0.0633542665206173,5.85068568958413E-4,1.2759191635545231E-5
3317.0,0.006024169343192611,0.2723393431112925,0.6441021161993535,0.07753437134616124
2930.0,0.09157842059339989,0.5701045183641121,0.334309773577771,0.004007287464716978
3408.0,0.9862701042281793,0.013368972156111691,3.6077404576195977E-4,1.495699470249626E-7
3558.0,0.9905933099183017,0.009402442018166918,4.247233114920876E-6,8.304164302424783E-10
3012.0,0.02071548493781486,0.5901368513775245,0.3878600405172894,0.001287623167371274
3139.0,0.11343984816692625,0.7458519444627559,0.13820475455953116,0.002503452810786666
3849.0,0.9923209874082191,0.007665560014905212,1.3450720605070745E-5,1.8562708214207189E-9
3756.0,0.0028727328727750153,0.13247348740248127,0.8193296104679412,0.0453241692568025
3188.0,0.5904046785777752,0.21691320371883083,0.19252122823340104,1.6088946999294322E-4
3537.0,0.9990814748960074,9.125588484736272E-4,5.965630048047205E-6,6.254707367519853E-10
3059.0,0.0010917736070060356,0.027290538132987752,0.9227814296251978,0.04883625863480837
3739.0,2.813865684916162E-6,0.0010185231676889718,0.29033561002496516,0.708643052941661
3902.0,1.419084537236589E-9,0.009759132428869093,0.650765855851005,0.33947501030104144
3976.0,0.02609487227241917,0.6448935095615547,0.19427391421553064,0.1347377039504955
3629.0,0.9555962264502577,0.04438061101015282,2.3162478254414447E-5,6.133508329851696E-11
2885.0,9.67373680572416E-11,1.3662191183974808E-6,0.1997467489200098,0.8002518847641344
3431.0,8.6645542021625E-8,0.0712038845553513,0.7403800104556644,0.1884160183434423
3266.0,6.563064514031734E-5,2.8663398301022726E-4,0.1924225060782716,0.8072252292935779
2956.0,0.4735082415477841,0.38095313815357085,0.13706399150228188,0.008474628796363107
3502.0,8.029309321822141E-6,0.1622558186791614,0.8373769844153762,3.591675961405384E-4
3083.0,0.01316538590434972,0.12099727746712684,0.7773112453775555,0.08852609125096804
3905.0,0.006616713370449038,0.4995308852787452,0.4937097374960545,1.4266385475132502E-4
3812.0,2.635149108655664E-5,0.5144044960196961,0.4773885002500428,0.00818065223917465
3666.0,2.821766910308331E-4,0.9647589293542297,0.028568795638761343,0.00639009831597804
3261.0,0.003194569206972426,0.8677759945221738,0.12902833813834663,1.0981325072096027E-6
3352.0,0.004573052243992704,0.04800687803809523,0.7521974042289656,0.19522266548894635
2874.0,2.848677478962788E-11,3.0806301056265474E-9,9.098001343966244E-4,0.9990901967564866
3887.0,2.1083480729333664E-4,0.1491240633797087,0.8497843865930865,8.807152199114111E-4
3722.0,0.341313409922705,0.4409205389275064,0.2145877874117817,0.0031782637380069812
3520.0,9.185011243558101E-4,0.6098953586479882,0.3863411799548011,0.002844960272855019
3042.0,0.7964467021292246,0.13910602781630527,0.0637305172961921,7.167527582778937E-4
3173.0,8.474900740084846E-5,0.07461328021940433,0.862604692244458,0.0626972785287368
3283.0,0.013128661105019878,0.07164807899097418,0.720127843377558,0.19509541652644788
2801.0,1.327383265129326E-5,0.9436449983018811,0.05606691740354305,2.7481046192468953E-4
2900.0,0.07156770603896634,0.8336890802095567,0.09453958992280827,2.036238286687174E-4
3446.0,0.4676987345814279,0.47665489805650785,0.055494748441243955,1.5161892082031806E-4
3644.0,8.662246652331271E-5,0.9521837747961812,0.047718408023177374,1.1194714118187108E-5
3993.0,0.6374299947043338,0.3147637901181312,0.047559866191709675,2.4634898582522735E-4
3829.0,1.0073171798266051E-8,7.292910103572693E-7,8.142492370006702E-4,0.9991850113988171
3920.0,0.8982224339555495,0.10080321147659528,9.741969058705508E-4,1.5766198467550885E-7
3098.0,5.576334262008217E-6,0.0134461339615126,0.8687091793808154,0.11783911032341012
2973.0,0.9991882076991196,8.088723594504143E-4,2.9198501720197345E-6,9.125788979503237E-11
3519.0,0.13545544565499645,0.8481242451128596,0.016124931560589667,2.9537767155439016E-4
3337.0,0.005511115712334399,0.0658352137697271,0.9115612232364915,0.01709244728144697
2859.0,5.567266276473144E-9,3.1420624155643884E-5,0.07254195202091106,0.927426621787667
3244.0,2.407194292233712E-15,5.800081232716908E-7,1.6226677836940544E-4,0.999837153213505
3651.0,0.0021493834575908328,0.05038607278985042,0.08539637342304844,0.8620681703295103
3227.0,7.65497179390821E-4,0.5816043278612463,0.41759021314158273,3.996181778010041E-5
3390.0,0.007071306649654271,0.9473169891675796,0.044894566451870496,7.171377308955491E-4
2844.0,0.08432638126544825,0.29506051006313005,0.5999991074660235,0.020614001205398285
3700.0,0.027264603371899756,0.9527032407454504,0.02003074945671613,1.4064259337547626E-6
4049.0,0.01727973261563976,0.14042786727733933,0.8262987339435032,0.01599366616351776
3943.0,4.5057770827810246E-7,0.018822148576797305,0.3681170214830203,0.6130603793624742
3778.0,0.007358675090098575,0.04978046483326003,0.8061734758800183,0.13668738419662307
2986.0,1.0276742790789213E-6,2.533210626319889E-4,0.20132867402519214,0.7984169772378967
3464.0,3.342814442009435E-7,0.002322307443549486,0.3070857241894712,0.690591634085535
3117.0,3.7969657840544627E-6,0.18236819294726067,0.7951448965754885,0.022483113511466767
2915.0,0.9929029839324816,0.0070795356049138045,1.7452371527614265E-5,2.809107704491606E-8
3300.0,1.0383693262316339E-4,5.363872741921678E-4,0.0038529769606703273,0.9955067988325144
4014.0,8.49131309741364E-14,2.639269662503273E-7,0.0037557769947776966,0.9962439590781711
3595.0,7.021762786985701E-6,0.020706879268351668,0.33017140542012946,0.6491146935487317
3773.0,6.671866845812098E-4,0.21108502764019005,0.6464760939483706,0.14177169172685822
3864.0,1.29183202052223E-14,2.247356366645863E-8,6.150290496968334E-4,0.9993849484767267
3154.0,1.7570868726237083E-4,0.1293545726495966,0.8300621414067403,0.04040757725640081
3575.0,3.1077153536171706E-5,0.08105397895348308,0.9181470275028148,7.679163901658137E-4
3029.0,0.039985236256178315,0.8904212548171179,0.06905854178644442,5.349671402593735E-4
3614.0,2.323514949391259E-4,0.7010340171405481,0.27239256330242595,0.026341068062086845
4027.0,3.728731238397178E-5,0.009465029099279555,0.05635715162143696,0.9341405319668995
3313.0,4.767912522782452E-6,0.004605987496081455,0.12328981527531221,0.8720994293160834
2934.0,4.0604388048001283E-5,0.15288078043227046,0.3146968641006864,0.5323817510789951
3412.0,0.16996347847800752,0.7236445594660872,0.09890383978376162,0.007488122272143799
3554.0,0.03321542807872519,0.9651124854928406,0.0016715402535052203,5.461749289730523E-7
3008.0,2.069944308159063E-6,0.003052545098527142,0.8373759548966798,0.15956943006048485
3143.0,5.505939693956195E-4,0.9652314171743956,0.03421716174761442,8.271085943440649E-7
3853.0,2.8168343346999673E-4,0.6212750501820444,0.3695458128871513,0.00889745349733426
3752.0,0.4793194880324671,0.514073351901209,0.006594274423237754,1.2885643086096454E-5
4036.0,6.685481132271835E-5,0.0031232267614978255,0.13291342187118566,0.8638964965559937
3681.0,9.083042074489001E-5,0.019184588071301075,0.049058014789563245,0.9316665667183908
3371.0,3.7226436377642256E-7,0.01777896072672682,0.9795586481040437,0.0026620189048658163
2825.0,1.394723885945335E-4,0.6321100608801509,0.3140477288139984,0.05370273791725625
3214.0,0.8290095362911677,0.16463544852617326,0.006342880651209848,1.2134531449272144E-5
3128.0,1.62425387586431E-5,0.0010814534613291984,0.6820765356523042,0.31682576834760795
3007.0,3.8645118575492206E-12,3.97700832390253E-6,0.03905001270825232,0.9609460102795592
3485.0,0.002864182846835849,0.9959129291083633,0.0012228547986574084,3.324614349244428E-8
3799.0,1.0146113227409624E-4,0.08716443442991459,0.9126565747468038,7.752969100753324E-5
3954.0,4.656915423853164E-7,1.473404928071463E-4,0.048179406852583914,0.9516727869630666
2952.0,0.9307271932844497,0.06516033029847372,0.001619151856084026,0.0024933245609924416
3498.0,5.299121681581708E-4,0.8122018636556081,0.17777292058624578,0.009495303589987925
3087.0,2.9375184070437853E-5,0.0026366681786473226,0.036111269711651885,0.9612226869256304
3909.0,0.2678306425135299,0.613655867584493,0.1185113278107398,2.1620912372068487E-6
3808.0,6.096940453291336E-9,5.702524285476782E-5,0.15618427556986977,0.8437586930903349
3670.0,4.4975786493613054E-4,0.10564140860622254,0.8073933011683299,0.08651553236051146
3257.0,4.4887295462039256E-8,0.5256293844768162,0.37942175865699235,0.09494881197889585
3356.0,1.894097133042941E-8,4.89720968361483E-4,0.1422030965678586,0.8573071635228084
2878.0,4.732461453552243E-7,6.80648102010965E-4,0.2195315919478994,0.7797872867039444
3184.0,0.07319491222349901,0.7389219083588254,0.18601649625441924,0.0018666831632563263
3541.0,5.515475838871564E-13,7.227934893242064E-7,3.201847581643731E-4,0.9996790924477947
3063.0,2.1849877770172715E-4,0.0450565403793331,0.5916288652197431,0.36309609562322215
3743.0,0.07149682450863123,0.733782280994143,0.19014776765842753,0.004573126838798361
3898.0,4.198677070498741E-4,0.2736782307820847,0.7257934896634348,1.0841184743069223E-4
3980.0,0.019917400412191623,0.7240097552926533,0.22040894660182306,0.03566389769333202
3625.0,0.5018021572984964,0.07932469847216701,0.09387074706406616,0.32500239716527046
2881.0,0.10956285516903817,0.26105343528085145,0.5814290766787689,0.04795463287134167
3427.0,0.7273969983208998,0.2683543784250132,0.004128805589602171,1.1981766448493329E-4
3270.0,3.6502816461057384E-8,1.3402307171478047E-5,0.9149826638940832,0.08500389729592883
2788.0,0.10270400760005022,0.3874708701755687,0.48788574550255465,0.021939376721826446
3825.0,0.8126641476221986,0.1781844833837904,0.009146582286033494,4.786707977580075E-6
3924.0,0.03279373109511008,0.17043826976909812,0.7616268626012442,0.035141136534547486
3102.0,0.8168475692241247,0.17389755359223766,0.009084335488817248,1.705416948203499E-4
2969.0,6.420614223883603E-9,1.0182139062941643E-4,0.029451515611062427,0.9704466565776939
3515.0,9.769394851765395E-5,0.6298559580923745,0.32450626412387057,0.04554008383523725
3341.0,0.0633977551376942,0.5175698433886007,0.3830039766281401,0.03602842484556485
2863.0,0.7365985654701234,0.17805095288299308,0.08478655279274741,5.639288541360876E-4
3240.0,0.0022273421956656727,0.2511535231789656,0.7444026082784551,0.0022165263469136314
3655.0,0.3839290527491005,0.5984967563281036,0.017475033508096087,9.915741469968335E-5
3883.0,0.14023250410052074,0.8344389707209027,0.02492028679841815,4.0823838015843235E-4
3726.0,0.03722738098977068,0.02667605581216963,0.898804885061587,0.037291678136472765
3524.0,1.9037624743643814E-6,0.013197988303741871,0.7168716401497653,0.26992846778401847
3046.0,1.4060733299806475E-4,0.008173547422936933,0.7564961926024546,0.23518965264161043
3169.0,5.784777521894297E-11,5.20801556127338E-5,0.1716807448588282,0.8282671749277114
3287.0,0.0027788344367950185,0.032364922947534465,0.9585353415032911,0.006320901112379472
2805.0,0.5044787069646564,0.4843528495829414,0.01112000296092637,4.844049147580792E-5
2896.0,9.979782728598361E-8,2.5687396219291054E-4,0.015257800621569327,0.9844852256184103
3442.0,9.873512866423208E-9,2.7776426718508964E-5,0.00719874079284832,0.9927734729069203
3640.0,0.11798706805363118,0.5185779846746497,0.3622913805256432,0.001143566746076096
3997.0,2.0039067094614365E-5,0.04774897318179062,0.815408695626284,0.1368222921248307
2919.0,0.025223237647687365,0.857390771601369,0.11442343641844727,0.00296255433249641
3397.0,0.527665599513676,0.3215875624979898,0.1466364737114704,0.00411036427686391
3296.0,1.4169363780440612E-7,1.387089267090571E-4,0.05781362506144027,0.9420475243182129
4010.0,0.998925789168876,0.001068946373594394,5.263010813476465E-6,1.4467161759922831E-9
3599.0,1.3504228352502075E-4,0.00890157890937105,0.898249069808602,0.09271430899850207
3769.0,0.0017593477253376492,0.13309130541363948,0.7934783606618416,0.07167098619918129
3868.0,0.8084640654842297,0.043074113725281575,0.1453141844012006,0.00314763638928812
3158.0,0.6065046369553821,0.3072852110490239,0.08592591363293813,2.8423836265572085E-4
3571.0,2.034886364184162E-4,0.014926319465643278,0.8502435937415332,0.13462659815640513
3025.0,0.011072463932348424,0.9792408819884454,0.00965769532430596,2.8958754900222722E-5
3231.0,2.7547162387886497E-4,0.25587160771684025,0.7409568921574899,0.002896028501790977
3386.0,0.27021077282572964,0.44967844471194146,0.2743858713009368,0.005724911161392138
2840.0,9.76160079947774E-9,0.014315554574270943,0.3381678188316046,0.6475166168325237
3696.0,0.9952900246347174,0.004642548946093061,6.742591992620728E-5,4.992634467050518E-10
4053.0,8.67442625093664E-7,0.006593275142503788,0.6116523120974253,0.3817535453174457
3939.0,0.8628580982526675,0.1283362015955773,0.0087967445534997,8.955598255530988E-6
3782.0,3.5362454701913417E-10,2.1423320525685639E-4,0.02821268316678646,0.9715730832743321
2990.0,0.9096450555502774,0.0812313857073758,0.009088727130364264,3.483161198256715E-5
3468.0,5.2462481123011876E-8,9.329212035121907E-4,0.6972262832531747,0.30184074308083203
3113.0,2.079983576617379E-9,0.004505058183749793,0.46419935235904625,0.5312955873772205
2820.0,0.001474685453047372,0.006266997657984025,0.7992076781700708,0.193050638718898
3366.0,0.9892455554300199,0.01061991440047661,1.3451089601450864E-4,1.9273488963167838E-8
3203.0,8.159565289619331E-5,0.12870117597764677,0.8191352897778642,0.05208193859159279
4041.0,0.0021128758428349925,0.06244798652398609,0.8094059092926948,0.1260332283404841
3692.0,0.009608429006106636,0.9569865899112404,0.03331534085442646,8.964022822653122E-5
3802.0,4.8946561409788226E-9,5.607699240605844E-6,0.004947077026854874,0.9950473103792484
3967.0,0.0037540914095422423,0.00872726226811534,0.7163513525663252,0.27116729375601706
3125.0,2.1684386024693728E-5,0.06351733560292419,0.6147195046014193,0.3217414754096317
3472.0,6.386840217002845E-5,0.13684182271042597,0.8616513115874076,0.0014429972999963191
2994.0,0.6169789257189223,0.37733424379299796,0.005554888037100964,1.3194245097886706E-4
3324.0,1.2582109590751573E-7,0.009958669026420083,0.6319805850194591,0.3580606201330249
3417.0,1.6954119452685133E-4,0.4182389068520048,0.5815723552257417,1.9196727726578725E-5
2939.0,3.463256207815118E-5,5.323574434644037E-4,0.44096047114633696,0.5584725388481205
3603.0,0.07368308678561547,0.7851336823439533,0.13354784180404547,0.007635389066385629
4022.0,3.358680572186603E-4,0.019528939068029248,0.5605471628237356,0.4195880300510164
3840.0,0.03777148183424335,0.4061839584353017,0.5512675327930247,0.004777026937430328
3749.0,1.618119015773869E-6,3.000712881890853E-4,0.5170845294225926,0.4826137811702025
3021.0,0.1421628458994556,0.60798080152035,0.124687772108014,0.1251685804721805
3567.0,0.4928549995901578,0.17462520346690605,0.31758963991122696,0.014930157031709128
3146.0,0.35340300488532217,0.40363482467625444,0.23878743992857246,0.004174730509850959
3730.0,3.517737099414321E-4,0.7409547398220618,0.25111719465343463,0.007576291814561993
3895.0,7.417314294676605E-11,1.0745262484001517E-5,0.022358644916145524,0.9776306097471974
3197.0,4.168576197943205E-9,1.4584535291083486E-4,0.050291229753572524,0.9495629207249405
3066.0,7.034341298028406E-13,1.8965127215209223E-8,0.0025473121851715573,0.9974526688489977
3544.0,2.841305038928236E-8,7.658431369819826E-5,0.687174307997064,0.31274907927618745
3438.0,6.490192163636164E-6,0.03276025864860386,0.9608618454081368,0.006371405751095729
2892.0,0.8936890456657318,0.10454012248713572,0.001770780514852198,5.1332280151403985E-8
2793.0,0.06824937974754254,0.10618518079816622,0.7999349623422852,0.025630477112006073
3275.0,0.015416354032589686,0.5308387330483741,0.4364933731856268,0.017251539733409278
3969.0,0.9175967705229888,0.07212198220318945,0.010146358344165312,1.3488892965626253E-4
3620.0,5.025961789530605E-10,2.879052474938199E-4,0.043493515175599115,0.9562185790743108
3912.0,0.9848354805428107,0.015091065739982517,7.313628055195025E-5,3.174366548148962E-7
3821.0,0.023439696867220756,0.18990606545655567,0.7845466918174225,0.0021075458588010226
3495.0,0.15182573149214992,0.8441969234916336,0.003977327477470063,1.753874636795338E-8
2949.0,4.868896150289353E-4,0.0016836200659768135,0.769914319819152,0.22791517049984217
3074.0,1.0544630182650358E-4,0.0366193857530706,0.4298069686178423,0.5334681993272605
3252.0,0.00589665190874901,0.45410298285639905,0.5282461663292187,0.01175419890563326
2867.0,0.007029204551875341,0.3017325880821682,0.6911901831431003,4.80242228562915E-5
3345.0,8.678464410377146E-8,0.019919714597726682,0.9758873971508341,0.004192801466795252
3675.0,9.690200778026118E-5,0.031145529705111703,0.1574375660753077,0.8113200022118003
3051.0,0.002117206520300664,0.33955808310732455,0.5804325813499492,0.07789212902242557
3529.0,0.0025494730873316354,0.9889226982438469,0.006968817103303143,0.0015590115655183532
3180.0,6.839421784207407E-6,0.010569050412371866,0.6206708372900804,0.3687532728757635
3878.0,1.410204237355145E-6,0.003204887332428254,0.1818319891758286,0.8149617132875058
3715.0,0.2368113914975635,0.5522272219286796,0.2093729554411077,0.0015884311326493199
3637.0,2.186759302800531E-5,0.12128661142195497,0.1970609151107522,0.6816306058742648
3984.0,1.0693920096616588E-7,0.001482342092153208,0.0959236599577585,0.9025938910108873
2808.0,4.5288753007565255E-5,0.4617874283509103,0.477147460737235,0.061019822158847034
3290.0,0.012196680341214076,0.7322672581024182,0.23585275586616833,0.019683305690199375
3455.0,8.525319765703481E-6,1.0864317820738912E-4,0.09591140034828065,0.9039714311537462
2909.0,0.0219426133991737,0.5120580080885688,0.4644980280159607,0.001501350496296826
3091.0,0.8703444653140547,0.12639781828474783,0.003255306004193967,2.41039700348018E-6
3510.0,2.3967510104078632E-4,0.020268009622203865,0.4682520870166187,0.5112402282601367
2964.0,0.38353421467659066,0.4663852092552924,0.14993011141621546,1.5046465190132147E-4
3836.0,0.01576299583206278,0.026091877970308257,0.5974109026208322,0.3607342235767968
3929.0,3.258655702849222E-4,0.17606986727399762,0.6458129313768909,0.17779133577882664
3658.0,0.0037849933439912204,0.012347996205530905,0.8153679653207773,0.1684990451297006
2850.0,0.9912686947547188,0.00868048775587067,5.077136772533718E-5,4.6121685294857995E-8
3328.0,0.022219426765219305,0.3186195730964674,0.6506225338289923,0.00853846630932102
3237.0,0.008480817813090947,0.013819208323455862,0.4236936998024901,0.554006274060963
4056.0,0.026020730768378745,0.7646269950504189,0.2045713826876667,0.004780891493535702
3218.0,9.755799605111673E-10,2.1726073787019157E-5,0.10647935594775454,0.8934989170028784
2837.0,1.971348978216436E-7,0.0016624676940723137,0.9879651072581166,0.01037222791291323
3383.0,0.09278826331611839,0.7093239968489576,0.19662603734566703,0.0012617024892569778
3457.0,0.23393480511511527,0.6257492243903797,0.13636831015899134,0.003947660335513543
2979.0,7.181430831935618E-6,0.8631366948110348,0.11797822697949074,0.018877896778642603
3108.0,6.514540620677381E-4,0.191910020311468,0.7814461011834617,0.025992424443002603
3950.0,5.142810801369891E-5,0.0062637051712346094,0.9224885753864194,0.07119629133433238
3787.0,2.5454162302877213E-13,1.2715270563900148E-8,0.0019069277747844884,0.9980930595096904
4007.0,0.41228542045344113,0.4997415849550327,0.0853257398803673,0.002647254711158863
3586.0,0.0030546134971600413,0.04325013550967269,0.7063466534950523,0.24734859749811497
3400.0,1.7405798895532986E-9,2.3266735507465995E-5,0.1845165852529699,0.8154601462709429
2922.0,0.002675331135209573,0.5802273078881712,0.28587294084303105,0.13122442013358807
3309.0,0.4546544601407717,0.045071281049745796,0.4902271552550421,0.010047103554440379
3163.0,0.8951349779354798,0.04953743090088954,0.029337092870632887,0.025990498292997783
3036.0,0.003406243900651489,0.04668694793129728,0.6665229408419346,0.28338386732611653
3582.0,0.010134811429417828,0.9892229517037443,6.422189681991518E-4,1.789863876240759E-8
3764.0,0.008241557711611534,0.17179523504025151,0.7813601784284644,0.0386030288196725
3857.0,7.993845206203325E-6,0.42803116094853993,0.539142258355249,0.03281858685100481
3320.0,5.1910612002661456E-5,0.62457425071707,0.27706319801150153,0.09831064065942577
3421.0,3.139295593132931E-7,0.006813447088768311,0.4444681288166799,0.5487181101649924
2943.0,2.8300329665198857E-8,0.003889596586103045,0.0912288407828306,0.9048815343307367
3607.0,7.51868322876941E-7,0.056427271927163555,0.1984668493422577,0.7451051268622558
4018.0,0.0327419489253131,0.5044408372402486,0.45584068411243817,0.006976529722000181
3844.0,0.891514493230215,0.06341237257325781,0.04356823763403545,0.001504896562491767
3745.0,1.1751345508380794E-4,0.6225020697982785,0.376272744632739,0.0011076721138986007
3017.0,3.012054389371257E-4,0.17089154492371994,0.8284421710699559,3.650785673869886E-4
3563.0,0.0014387244733193318,0.5862630951144353,0.3074454261513594,0.1048527542608859
3150.0,8.978452590598549E-5,0.12103651173413167,0.4009543428276924,0.47791936091227
2816.0,0.012904243814485494,0.17446369670158965,0.7684813286914,0.04415073079252483
3362.0,2.646346384572241E-6,0.008993605223257158,0.5029425333117675,0.4880612151185909
3207.0,1.1792089870075484E-11,1.3898545303728265E-5,0.0010597270611108767,0.9989263743817933
4045.0,4.57283508662733E-6,0.006440797395141027,0.3594073949675257,0.6341472348022467
3688.0,1.2201827800585534E-5,0.11786344763673912,0.8744430458492218,0.007681304686238602
3963.0,6.189896431330951E-4,0.4198478100270963,0.5737130006518819,0.005820199677888646
3121.0,0.5152467622274729,0.0704449931887369,0.2577597683178333,0.1565484762659569
3476.0,0.9914197440393697,0.007747449220350104,8.305857418067106E-4,2.220998473556914E-6
2998.0,0.1244673118251769,0.8144707893160132,0.060632450500420494,4.294483583894862E-4
3916.0,0.004700779296943611,0.893110467828802,0.1014488538654842,7.398990087702116E-4
3817.0,8.28667450240693E-8,0.0021222618615993234,0.915612175081131,0.08226548019052456
3491.0,0.12357215280406604,0.05473332697403314,0.7755524331830045,0.0461420870388964
2945.0,0.7673581730914756,0.2243436060302382,0.008294358695123733,3.862183162442218E-6
3078.0,6.713310000568252E-6,0.04232065620580808,0.5562372438313627,0.4014353866528285
3248.0,0.1787368115428058,0.80823102793143,0.013030099574712234,2.060951052141794E-6
2871.0,0.14873076871463456,0.10643061609425972,0.7380354099170412,0.006803205274064624
3349.0,0.09651903368273303,0.09620094883178362,0.7984136425786449,0.008866374906838472
3679.0,0.4819146216468109,0.49245064897344615,0.025627056520836983,7.672858906049616E-6
3734.0,2.227818106845567E-5,0.035260333887535314,0.14003341093681104,0.8246839769945852
3891.0,0.9969515181566093,0.0030077109636700754,4.0707418360652065E-5,6.346135994468973E-8
3193.0,0.008727166968280013,0.40709303621913423,0.5659959404446934,0.018183856367892524
3548.0,1.4406297783206034E-4,0.0261963666012,0.1039191439480913,0.8697404264728766
3434.0,2.9613829458707717E-7,2.2330423383957638E-7,0.005007477150402432,0.9949920034070692
2888.0,0.04566005064284458,0.1211670225442048,0.6940812245542273,0.13909170225872347
2797.0,5.905739342514595E-5,0.8927995604209257,0.1063178526254437,8.235295602055108E-4
3279.0,0.6543691700224268,0.3398184835563634,0.00580328863932732,9.057781882399429E-6
3973.0,1.0142121637452196E-10,1.890756339044287E-4,0.10160011380576144,0.8982108104589128
3616.0,0.006289494599114432,0.06815432188118659,0.7458722441049209,0.179683939414778
3095.0,0.03984523251650222,0.9576676402757717,0.0024871083976218465,1.8810104213660452E-8
3506.0,7.853977822026061E-9,0.004679474962080683,0.2813264340812644,0.7139940831026771
2960.0,2.4433467843803508E-5,0.3435132170043123,0.5701666771477463,0.08629567238009762
3832.0,0.9463548162328556,0.052969908104621814,6.749209372683542E-4,3.547252541971748E-7
3933.0,0.8205012526190721,0.1753701687387576,0.004102307169733074,2.6271472437071197E-5
3662.0,7.1630068954774E-8,0.0030616021903853213,0.3603061917751597,0.636632134404386
2854.0,0.0012275755596580053,0.04589472201921623,0.6691202221401392,0.28375748028098663
3332.0,1.0403914253043277E-5,0.002086300192548128,0.8519396780159125,0.14596361787728637
3233.0,0.004051889746277829,0.9290987257528319,0.06684071490159339,8.669599296905327E-6
3055.0,1.866464719547877E-14,1.4621446910779934E-7,0.0014510445496193013,0.998548809235893
3533.0,1.044509470540293E-8,2.091165663690926E-4,0.45838709448674586,0.5414037785017903
3176.0,1.4744748277350053E-9,8.682372932230942E-6,0.013945986873988837,0.9860453292786041
3874.0,5.661788754978427E-4,0.5284923651559368,0.4704368815135939,5.045744549714758E-4
3719.0,0.005029581186765144,0.9916378749466954,0.0033127411950296805,1.980267150984875E-5
3633.0,0.019167726808853133,0.5145666654971998,0.4137638668588089,0.052501740835138255
3988.0,0.017675390258483945,0.4794475217325934,0.4949386383570614,0.007938449651861286
