3067.0,6.185550842087665E-4,0.9698059122041539,0.0294705306822975,1.050020293397732E-4
3545.0,0.021740276919793813,0.10883317299395823,0.8013229971801683,0.06810355290607971
3731.0,0.009654386284993266,0.5025312963542083,0.4569755389554246,0.030838778405373673
3894.0,0.018183715294887947,0.6201473598346486,0.35138379975290207,0.01028512511756144
3968.0,3.6997623722480517E-4,0.00803658883952738,0.5725616959012607,0.41903173902198715
3621.0,1.167889205544209E-23,9.103838022626068E-10,2.2310198664923295E-27,0.9999999990896162
3439.0,0.0013542245008447348,0.14398109581365134,0.44062222580902555,0.41404245387647837
2893.0,0.9384297682405196,0.04554913701583037,0.014997222901225892,0.001023871842424022
2792.0,1.3944054932312115E-4,0.4227840364507408,0.5059017750431802,0.07117474795675575
3274.0,0.16687387295285722,0.38011178181254646,0.4393432430895227,0.013671102145073595
3494.0,0.0026870405112104467,0.9973122117177816,7.626680098166886E-11,7.476947409603226E-7
2948.0,3.4064848106940556E-11,0.01331278662391356,0.07096780168790699,0.9157194116541145
3075.0,6.848181533792764E-8,0.07931087872026088,0.4315404833067286,0.489148569491195
3913.0,1.3290238733983988E-10,0.006013893378121027,0.8758555979702507,0.11813050851872578
3820.0,5.284591332761489E-7,0.21809995893416334,0.7781906290694939,0.003708883537209528
3674.0,3.440332168323882E-13,0.22410983706398926,0.7407587759738149,0.03513138696185187
3253.0,3.535430378315408E-19,3.2377724703518244E-9,0.6695494436116604,0.3304505531505672
2866.0,0.9912083717197241,0.007413162307681046,0.001355818010190768,2.2647962404096925E-5
3344.0,1.8225860628460038E-6,0.0011325944764492184,0.4532872330842464,0.5455783498532415
4040.0,1.3602794617822126E-12,0.0019065605802106225,0.3153507572495895,0.6827426821688395
3693.0,0.6393590328410291,0.17301316231252187,0.18070248646427378,0.00692531838217525
2821.0,1.902344241109631E-14,0.0869758819916485,0.5079038010370944,0.40512031697123807
3367.0,2.445494014985765E-4,0.9997454361764013,2.3295574803494794E-8,9.991126525220564E-6
3202.0,1.3370213026697624E-26,1.9104861954972784E-6,0.05660963824901465,0.9433884512647898
3124.0,4.741082441224079E-9,0.003035204668427818,0.7300434412030662,0.2669213493874237
3473.0,0.0035439252591396232,0.1493633873472878,0.6840657952917633,0.16302689210180935
2995.0,0.7398731412750448,0.20369439762483021,0.05415650722367012,0.002275953876454803
3803.0,0.9570759156016243,1.1221938461739666E-12,0.042924083568088814,8.291648107549744E-10
3966.0,9.92631250921729E-9,0.1400981220710355,0.5215713762674412,0.33833049173521085
3602.0,8.115560169116237E-21,8.295359601039481E-10,0.17906901977475204,0.820930979395712
4023.0,0.06192908650757759,0.4975644383171359,0.42732853335872706,0.0131779418165594
3325.0,1.125078538778921E-6,0.0037925604013264694,0.10375576191400185,0.8924505526061328
3416.0,6.738992842389517E-4,0.9993261003648686,5.844035079461499E-20,3.5089252625796236E-10
2938.0,6.406773367912301E-5,0.032166145624200705,0.515121676091986,0.45264811055013415
3020.0,0.740621681866204,0.2263940878049179,0.03240413130746126,5.80099021416804E-4
3566.0,2.8677048408216143E-23,3.495149676236884E-32,1.3490715558169785E-7,0.9999998650928443
3147.0,1.8901814105330944E-7,0.022209539558783936,0.16908785047743657,0.8087024209456385
3841.0,0.1189664999738012,0.44601674985791145,0.43501669350419536,5.666409208158303E-8
3748.0,1.8839524917820798E-10,1.3665482774982524E-9,0.262054550460767,0.7379454479842895
3219.0,4.584244978514839E-4,0.8288098293514068,0.17073173137426886,1.4776472849934276E-8
2836.0,4.1349809572047216E-7,0.22469239204972727,0.6804905506312862,0.09481664382089088
3382.0,2.4697677097098667E-6,0.009548454873163083,0.5350885853190651,0.4553604900400621
3708.0,1.108100787435618E-4,0.08354332036841988,0.29148713904348456,0.6248587305093519
4057.0,7.482182347456091E-5,5.3503574442403955E-8,0.9695416860660209,0.03038343860693002
3951.0,4.216680079220568E-20,1.1619358791899902E-16,0.9999999999989282,1.0716591725585231E-12
3786.0,8.520989932867994E-20,6.3593390475461735E-9,1.132561230911017E-8,0.9999999823150486
3456.0,7.915413751079756E-8,0.17602282290967802,0.6601230790794792,0.16385401885670517
2978.0,6.069731990665677E-10,0.06564734375144499,0.30877454832933543,0.6255781073122464
3109.0,0.44845502754603184,0.5515449724539642,9.327384277850198E-23,3.887763672464388E-15
3401.0,6.061387833040418E-8,0.9999999393861218,2.2852336385149545E-18,8.376619863353953E-19
2923.0,5.624106714498174E-9,0.06995311598851782,0.6789795290672835,0.251067349320092
3308.0,8.338235099217495E-8,0.325470592088533,0.6413431568691473,0.03318616765996877
4006.0,0.19572500593502207,0.6392388297688978,0.16503610221861362,6.207746655940654E-8
3587.0,1.8198799963151547E-7,0.992226255773963,0.007773561441929466,7.961077556082833E-10
3765.0,0.012415591503658455,0.8566212771136792,0.060003798500686,0.07095933288197621
3856.0,0.0033599684114426383,0.052844312955323526,0.6895369201136136,0.2542587985196203
3162.0,0.06138230464974511,0.25405230015956876,0.5968535653596246,0.08771182983106146
3037.0,1.5126497695735886E-6,0.29090613718706493,0.6051164619417929,0.10397588822137258
3583.0,0.022699355735161346,0.12486946165219881,0.7983429865809069,0.05408819603173295
3879.0,2.788028591303401E-13,0.05635194325216938,0.5611813029264083,0.3824667538211435
3714.0,1.833639520243015E-6,0.999998166360466,2.2968628681313228E-17,1.3835367634599993E-14
3050.0,0.5290314752778282,0.3782496710123574,0.09271846292182935,3.907879849853242E-7
3528.0,0.007267542119865139,2.4089811178818895E-4,0.4087197412690356,0.583771818499311
3181.0,0.011436579417764813,0.4722001489620508,0.4062960335065385,0.11006723811364581
2809.0,0.9793603177247436,0.01362543193012721,0.006948453466133018,6.579687899611512E-5
3291.0,6.508845782573913E-4,0.9351567805880202,0.06368829844702241,5.040363867000627E-4
3454.0,3.378798836487061E-8,0.9980774324514586,0.0019225212663440908,1.2494208877223586E-8
2908.0,0.17146111882107212,0.59292649151465,0.23561231114739142,7.851688644855467E-8
3636.0,0.03169626913403757,0.48856856403529275,0.47973514156147185,2.5269197906175533E-8
3985.0,8.610419744231175E-8,0.9959046584151806,0.004095253465614328,2.015007566550192E-9
3837.0,6.419583902531834E-13,4.269730764028742E-12,0.49973984466628557,0.5002601553288027
3928.0,1.5691659295569282E-11,0.337480802554223,0.6625191323233292,6.510675612960264E-8
3090.0,2.8974124956703643E-13,6.450810612843759E-12,0.9999985579811901,1.4420120693183776E-6
3511.0,5.9377773772545644E-6,0.013651925822151524,0.9863421358393287,5.611426249060713E-10
2965.0,1.720508218350572E-12,9.006395579054869E-15,0.9999999999982414,2.918136770052129E-14
2851.0,4.338418741532329E-9,4.654362076236327E-8,0.9885859434990064,0.011414005618953922
3329.0,1.764474394892247E-4,0.03317213243670634,0.8072650359637864,0.15938638416001802
3236.0,3.67930819998786E-11,1.500717445394067E-13,0.9999980065641282,1.993398928587165E-6
3659.0,7.473065142297684E-16,0.09253096563641655,0.8214974371038201,0.08597159725976261
3490.0,1.7653469608099927E-7,3.925813348407309E-10,0.6336503928596141,0.36634943021310845
2944.0,4.812728968544073E-7,0.16168042089133727,0.8383188587062111,2.3912955471228617E-7
3079.0,3.806565371463532E-19,0.03515031722845859,0.7015669179366312,0.26328276483491014
3917.0,4.5702013708076094E-5,0.06291610670017726,0.4375932867811547,0.4994449045049599
3816.0,0.022187402140131852,0.8077767627552574,0.17003560641772103,2.2868688978542092E-7
3678.0,0.04454871542779467,4.338812179360443E-8,4.1689746573308715E-8,0.9554511994943369
3249.0,3.203412334349168E-15,0.7131654874377981,0.2868345125617497,4.491031395568965E-13
2870.0,9.641961901618383E-8,0.7409206394439379,0.259079263408056,7.283870624067821E-10
3348.0,0.9823504079612752,0.01694101289911669,6.610098149306262E-4,4.756932467757173E-5
3192.0,6.002631589744847E-13,0.9999999977675005,2.2318991148086297E-9,2.1483782758118077E-16
3071.0,2.4941035205077102E-8,0.46160674135908514,0.37446382691235863,0.16392940678752094
3549.0,0.19056798535792396,0.7319103619472707,0.07752162979323823,2.290156717022907E-8
3735.0,0.06378582867505705,0.595310644141149,0.3409035167671264,1.0416667514194955E-8
3890.0,0.008599865662591305,0.8696878167724105,0.12171231701024252,5.547556373374409E-10
3972.0,2.0862242122271316E-11,5.649206240986468E-12,0.9999999985954107,1.3780778727966818E-9
3617.0,7.969252262482389E-6,0.02446695999619681,0.3161346066832033,0.6593904640683375
3435.0,2.3940389823380416E-4,0.04023714549920882,0.556741625244395,0.4027818253581625
2889.0,2.0940833909247545E-18,8.975171895158653E-5,0.03220305794767249,0.9677071903333759
2796.0,1.015736571688397E-6,0.20939034951443367,0.6960608025270766,0.09454783222191804
3278.0,0.3182922020280319,0.4416311535921744,0.2367960297121555,0.0032806146676381625
3606.0,1.3003354669784602E-8,0.03860817028745337,0.6967729927571057,0.26461882395208625
4019.0,8.580565991519972E-10,0.03853500047967521,0.7199887404841928,0.24147625817807547
3321.0,7.786005671590889E-10,0.001406322311686113,0.3284211617470976,0.6701725151626158
3420.0,0.4380857807695829,0.5151937702977555,0.04478345596236133,0.0019369929703003759
2942.0,5.338972947257264E-4,1.2115310789994763E-6,0.9988283489776271,6.365421965684372E-4
3016.0,0.12952109994880182,0.7057584571560787,0.16299267646685206,0.0017277664282675503
3562.0,1.0831388963878183E-10,0.028362449209070256,0.38351657371395464,0.5881209769686612
3151.0,3.3694912001451496E-6,0.9705053223179373,0.02832569324743445,0.0011656149434280964
3845.0,0.2344744641556028,0.6328358480528319,0.1315677490515359,0.0011219387400295598
3744.0,9.761283306981362E-12,6.379601738218763E-17,0.9999999999261069,6.413190619803842E-11
4044.0,4.4583905598461175E-13,0.002308099641261603,0.3792305459719817,0.6184613543863109
3689.0,0.011585395346532227,0.0149187433008556,0.1635897507058567,0.8099061106467556
2817.0,0.0016624921163706891,0.5477880485396325,0.4011801576628504,0.04936930168114642
3363.0,8.665824120935489E-13,0.15367472959957623,0.45653196886125474,0.38979330153830244
3206.0,0.004389022897624097,0.5319864347298853,0.395644993603077,0.06797954876941359
3120.0,0.008526957215856024,0.10288976077522784,0.4908717639732562,0.39771151803565996
3477.0,4.086402129892757E-12,6.298480534407017E-8,0.4308337144924776,0.5691662225186307
2999.0,2.017927159004456E-20,3.828577371044241E-4,0.22812697350611383,0.7714901687567817
3807.0,1.0079052738451882E-15,0.00902146755045268,0.49934165943705616,0.4916368730124902
3962.0,8.351853851632593E-8,6.534732989512004E-4,0.28341265551855577,0.7159337876639544
3405.0,7.541530043003203E-5,0.024963120997341853,0.6528351713864726,0.32212629231575546
2927.0,2.7517271862142914E-8,9.713943436018625E-8,0.972122691286512,0.027877184056781714
3304.0,4.936321754996182E-16,0.0074654222946855114,0.18035575972523224,0.8121788179800817
4002.0,0.3268197510532349,1.798119149120191E-8,0.06804378821453638,0.6051364427510372
3591.0,0.8081084529754414,0.18742798746155467,0.004367518738069045,9.604082493500845E-5
3761.0,0.005781428440349799,0.4807093082115459,0.4379334950854154,0.07557576826268894
3860.0,4.330990788731238E-6,0.027496379174098966,0.6119781341124537,0.3605211557226585
3166.0,0.9903916728370609,0.00789923593085672,0.0016904254381558395,1.8665793926655966E-5
3033.0,1.532856725513304E-5,0.014911733172617972,0.41134105449640834,0.5737318837637185
3579.0,8.845519083184643E-4,0.20677260123313893,0.792342633884639,2.1297390363425865E-7
3223.0,2.9368119692401797E-5,0.03331314543210313,0.316498325046927,0.6501591614012775
2832.0,8.59394206505922E-4,0.4380145891281189,0.550210904057636,0.010915112607739209
3378.0,3.047455722155406E-17,0.9999999999986717,1.2528260522992418E-15,1.3268908119992076E-12
3704.0,3.567967642900511E-8,0.32173097727588623,0.2369557060620634,0.441313280982374
4061.0,5.889880858548395E-12,0.003612425240209747,0.10851842675971768,0.8878691479941827
3947.0,5.7564103266332264E-12,0.03200719895981758,5.777925572935795E-25,0.9679928010344261
3790.0,1.7054382180214664E-7,0.002881406711791143,0.3461838766429135,0.6509345461014735
3460.0,1.9237890418059954E-21,3.898785463220726E-6,0.5136333288323888,0.48636277238214803
2982.0,4.476922160749248E-7,0.2006074887330267,0.6301080226112894,0.16928404096346797
3105.0,3.222489672113272E-10,0.9999999912206426,6.445426622216247E-16,8.457107733382067E-9
3833.0,2.1925479714928034E-10,4.811847237105274E-4,0.09574887440863003,0.9037699406484048
3932.0,1.2077973888599298E-19,7.795141411163845E-13,0.9999999999992204,1.4156663984245887E-17
3094.0,1.4616513264512711E-5,0.16202437997591285,0.5924928571554441,0.2454681463553785
3507.0,5.531650028609415E-5,0.22665002511139884,0.7732946503078347,8.080480445529106E-9
2961.0,0.6151448727856665,0.29470979623354915,0.08463229116032393,0.005513039820460408
2855.0,0.9921900907315487,0.006160797731925497,0.0016296928000286246,1.9418736497227733E-5
3333.0,0.0118275209093356,0.7957241251069397,0.18978489626298342,0.002663457720741305
3232.0,0.009384274558540321,0.8795584117439657,0.10183908110125248,0.009218232596241492
3663.0,3.819322477533004E-15,0.00842881758379146,0.039926571430687945,0.9516446109855168
3875.0,1.9734511286061936E-8,0.5832649493001572,0.41673503096533154,8.797754228786766E-25
3718.0,2.8999021943958353E-11,0.007099816864391133,0.592238097738354,0.4006620853682559
3054.0,3.853957323770274E-7,0.23211163411143357,0.37063346732699937,0.3972545131658347
3532.0,4.305462709223777E-12,0.09337444851766558,0.9066242616381796,1.2898398493831072E-6
3177.0,4.4270998065943855E-7,0.07002613327977678,0.847053116242108,0.08292030776813454
2813.0,5.790828306595292E-6,4.517112531235618E-9,0.8945990455894737,0.10539515906510728
3295.0,2.405765823363113E-7,0.006724751787832341,0.2656875323703018,0.7275874752652836
3450.0,0.0016051304416195926,0.6866846233636784,0.30750921850981183,0.0042010276848902794
2904.0,2.981789742158798E-18,2.8409960258466135E-5,0.13443621884791943,0.8655353711918222
3632.0,0.001760560539081299,0.6790534881922397,0.319185947154799,4.113880147968144E-9
3989.0,0.030719122866762618,0.451902902701425,0.4356828548171344,0.08169511961467801
4032.0,1.084343834422078E-4,0.010381972953487318,0.7713060894975513,0.21820350316551926
3685.0,6.889156186636629E-10,4.322093231634811E-14,0.08141688042752707,0.9185831188835141
3375.0,0.9986229465483307,0.0013551166089416226,2.190186762618138E-5,3.4975101470889044E-8
2829.0,4.701385082951809E-12,0.0234247409768374,0.2005337153601137,0.7760415436583475
3210.0,0.023570819392516994,0.7359354443204383,0.22182809319132832,0.018665643095716177
3132.0,9.17052907666591E-12,0.015882259309356474,0.4184478084769477,0.5656699322045253
3003.0,6.007244439992526E-4,0.4600647770799866,0.5371067959499249,0.0022277025260892297
3481.0,0.9888678114203192,0.010252952948156585,8.524672970629098E-4,2.6768334461126226E-5
3795.0,0.002204952525789876,0.15472168508371098,0.752674877565912,0.0903984848245872
3958.0,6.115236717361592E-11,0.9999999999388274,1.1878186770031854E-17,2.0227604953814325E-14
3610.0,9.302366392282167E-15,0.025747967626083758,0.3461386550408936,0.6281133773330134
4031.0,0.732984408337099,0.25426368949995815,0.012186854893139747,5.650472698030573E-4
3317.0,2.2680359506054442E-10,0.280179002633481,0.2719601813752425,0.44786081576447295
2930.0,0.06920172277962103,0.3297738785847561,0.5990269065052584,0.001997492130364337
3408.0,0.357784001382107,0.474836459715108,0.1594448457242666,0.007934693178518375
3558.0,1.0,2.3886519936273434E-17,1.9595202952517068E-19,4.3943225786825863E-17
3012.0,0.00936724532473741,0.7655107407704212,0.2195991874440661,0.005522826460775379
3139.0,0.6676998634422076,0.3166350029735436,0.014868163309292795,7.96970274956102E-4
3849.0,0.9845887785455829,0.015048446386768976,3.6170623721880503E-4,1.0688304293496973E-6
3756.0,0.05898091124789404,0.29623178787029725,0.6188079652596424,0.02597933562216634
3188.0,0.9712342110949651,8.810426889582558E-11,6.823314045396452E-10,0.028765788134599252
3537.0,0.9169360326214165,0.07883636527005755,0.004180644396717011,4.6957711808965426E-5
3059.0,0.020846682044712097,0.04852497565097222,0.6950979975043083,0.23553034480000723
3739.0,1.3345638962421316E-25,6.060572446107993E-5,1.83972048357712E-8,0.999939375878334
3902.0,3.1845404056743233E-10,0.08817194689404417,0.685870909436918,0.22595714335058387
3976.0,1.7942225263582304E-12,0.7972100728149768,0.18651761039282205,0.01627231679040684
3629.0,0.9726870588447141,0.027230602945611082,8.233820876987523E-5,9.050304769029127E-13
2885.0,2.2626865873716194E-8,0.007774890274715359,0.5496446455173535,0.44258044158106535
3431.0,9.199562516801647E-14,0.777330131887279,0.1975246726592571,0.02514519545337203
3266.0,9.956251177311801E-6,0.0010411781835955051,0.22017645570352185,0.7787724098617053
2956.0,0.003816956816318942,0.14886928915853265,0.7032307023639325,0.1440830516612159
3502.0,0.28481521764438755,0.18603301679892634,0.5291517640798247,1.4768615051682622E-9
3083.0,1.7931831649117927E-5,0.08397784994541471,0.592022042756404,0.3239821754665322
3905.0,0.5489076222946186,0.32694418596290015,0.12335766001423598,7.905317282452099E-4
3812.0,0.03898827552711958,0.2707338666793803,0.5445121156688795,0.14576574212462057
3666.0,0.004366696122057024,0.8535564920554825,0.142076811698684,1.237765752521874E-10
3261.0,1.2610814600804034E-9,0.9999999981871959,1.3463527010046011E-12,5.503763354608674E-10
3352.0,3.356294241279789E-6,0.011048258488457113,0.5885248607791407,0.4004235244381608
2874.0,4.000982749188216E-18,3.243417305248935E-4,0.1320198343914738,0.8676558238780012
3887.0,1.226157007112093E-9,0.1400642920113908,0.797245655693955,0.06269005106849732
3722.0,0.06119469620858093,0.7289847438893917,0.19931938313463232,0.010501176767394843
3520.0,8.090617238278357E-6,0.9964296321786704,0.0035622769969504736,2.0714074660147564E-10
3042.0,2.2431236750310583E-10,1.4672609679297802E-12,0.9999999997741253,9.511250440117641E-14
3173.0,1.8056326405994689E-6,0.06644012614999578,0.9335573268139078,7.41403455808748E-7
3283.0,2.4825080821960086E-15,0.037633940011525445,0.8773650629579641,0.08500099703050779
2801.0,1.7799087181152171E-12,0.38324254950526554,0.4321095368062796,0.184647913686675
2900.0,5.057634788845988E-19,0.3681165201257948,0.631883478290086,1.584119243909626E-9
3446.0,0.09103181920138849,0.7752359204326538,0.12723234383618007,0.00649991652977765
3644.0,8.362425844036672E-10,0.3722123434890162,0.6277876556747111,3.013668771404109E-14
3993.0,0.3278345724493301,0.5360929905037535,0.13291140204346727,0.0031610350034491706
3829.0,2.3662247362713274E-30,9.709636236247338E-6,0.0010509865818647357,0.998939303781899
3920.0,2.2750821392476048E-7,0.8393247372519188,0.15885377060899739,0.0018212646308699203
3098.0,0.0010330839705579677,0.2855036802723801,0.3127129750014703,0.40075026075559167
2973.0,0.9649217839909139,0.0328726146742015,0.002178277107173488,2.7324227711152066E-5
3519.0,0.9983761798097676,0.0016238201558722235,1.3778756800861458E-13,3.422215950894277E-11
3337.0,6.671763030500884E-7,0.47193117129781265,0.5183899334615498,0.009678228064334464
2859.0,9.87374789012687E-9,0.004092893083030872,0.9958691335312212,3.7963512000113634E-5
3244.0,4.7827341934664986E-17,6.184653773402937E-5,0.07925532655849966,0.9206828269037663
3651.0,1.5418309617462127E-7,0.016560463966859507,0.4978358251940349,0.4856035566560095
3227.0,0.03563364095527154,0.7395957588023936,0.22131609565569033,0.003454504586644529
3390.0,0.10530812343468651,0.8806557869922008,0.012524407388568564,0.001511682184544012
2844.0,0.10806913827429608,0.536262856455866,0.3556680035399598,1.7298780958505726E-9
3700.0,2.0247787000857905E-4,2.398309029843361E-6,0.9997925688538135,2.554967148190637E-6
4049.0,0.008180299814454587,0.21902802564147109,0.6256482358379756,0.14714343870609878
3943.0,1.157028820048453E-9,7.767320091239109E-9,0.16402223015601095,0.8359777609196402
3778.0,0.050413696352004135,0.13735293589382996,0.5632814971533874,0.2489518706007786
2986.0,4.271041704962287E-8,0.06300050790476104,0.62433805627813,0.312661393106692
3464.0,4.682265028803338E-5,0.03855052774881454,0.7314035815554784,0.22999906804541903
3117.0,0.02269473866683221,6.028642825248244E-4,4.876028387307729E-11,0.9767023970018827
2915.0,0.7696246569570729,0.2146775472141824,0.01569778033026512,1.549847965893587E-8
3300.0,6.152527842752908E-33,0.01734760815053797,0.19529880247882928,0.7873535893706327
4014.0,1.4929356417840605E-12,0.0022454851765990997,0.046395929224549284,0.9513585855973586
3595.0,0.02031048595202012,0.8174156252236127,0.16226753318193912,6.355642428163528E-6
3773.0,2.939035574085671E-4,0.9008033834576255,0.09890199535347548,7.176314906340357E-7
3864.0,1.0002401578130997E-13,4.0484816668523145E-4,0.18998092224146448,0.8096142295917503
3154.0,5.554080849345284E-9,0.0913882087524352,0.8567415974804583,0.05187018821302563
3575.0,7.421132249889931E-4,0.32851217934660637,0.6591974590601261,0.011548248368278592
3029.0,3.407695046838306E-8,0.6620818807357219,0.24155485754797548,0.09636322763935204
3614.0,0.01628988146352802,0.9229634497576683,0.042341266597618575,0.018405402181184933
4027.0,0.26657501087156765,0.14643062091452708,0.2994415379492093,0.287552830264696
3313.0,1.38280225445466E-11,0.18544144352412156,0.6813062216275854,0.13325233483446505
2934.0,1.3048087516422158E-11,0.0545369945858923,0.796973067393719,0.14848993800734067
3412.0,0.0067738754564861435,0.49055455784125385,0.3502860080406808,0.15238555866157927
3554.0,0.03182686021305144,0.6453505623715046,0.3228223852812074,1.9213423664184483E-7
3008.0,5.199017971833196E-4,0.207219486099046,0.792260055950435,5.561533356702805E-7
3143.0,0.9866304232653798,1.169452944103023E-10,0.013369576561632079,5.604261364457259E-11
3853.0,1.8919689642478715E-7,0.5778135982953129,0.42218611088001673,1.0162777394806997E-7
3752.0,4.647604766134595E-15,0.9999999999998648,2.388944975828506E-17,1.3060995619713298E-13
4036.0,0.019713794994740474,0.07949384091320622,0.19513982574634134,0.7056525383457121
3681.0,1.450764070518583E-20,0.024366901114817714,0.46101823792898766,0.5146148609561947
3371.0,0.12380947790549839,0.04774526331315679,0.783351447526504,0.04509381125484081
2825.0,6.356264499243562E-7,0.07961726480162708,0.19744707046701285,0.7229350291049101
3214.0,0.936263912400539,0.061672601253738864,0.0020255936058326744,3.7892739889377273E-5
3128.0,8.771976639557E-11,0.028181287636732937,0.6483089162670449,0.32350979600850244
3007.0,1.2801547134579113E-11,1.4282276779426523E-4,0.19365311619972111,0.8062040610196831
3485.0,0.14761119801441216,0.6526608148092223,0.1997279716216177,1.5554747611890723E-8
3799.0,0.0022483526035539988,0.20628730453523683,0.77903666628394,0.012427676577269273
3954.0,1.2233343892386147E-20,0.002901772879157817,0.24655226747926232,0.7505459596415798
2952.0,0.08280414761858389,0.2564389591771595,0.37329083685689657,0.28746605634736005
3498.0,6.4850117145281315E-6,0.15439259653344428,0.5488123385618201,0.2967885798930211
3087.0,1.5131253161758074E-22,0.0015680021131119,7.314425294733043E-10,0.9984319971554455
3909.0,0.09329916106660142,0.3596310470413052,0.5456860508796324,0.001383741012460946
3808.0,2.5327349255460485E-11,0.009599012079595461,0.547280405379287,0.4431205825157902
3670.0,1.7682964466038054E-5,5.308262287395315E-8,0.9372680976765017,0.06271416627640936
3257.0,6.061631874800756E-5,0.9123913706949478,0.08042064216605295,0.007127370820251349
3356.0,2.0921622400769264E-10,0.9759536571945615,7.094035840058002E-7,0.024045633192638353
2878.0,4.288932250906215E-6,0.003931596648677601,0.4306378899493041,0.5654262244697674
3184.0,7.730678555024767E-7,0.9673801452983976,0.030445763035942902,0.0021733185978040906
3541.0,1.4815194908843598E-13,3.6431435522680616E-20,0.15490207339333908,0.8450979266065128
3063.0,6.3859868235645216E-18,0.004015754731617055,0.6461300087812633,0.3498542364871197
3743.0,0.2335922431538171,0.5407688708538815,0.16325906972364693,0.06237981626865444
3898.0,0.0022432695672073236,0.26950363148858286,0.7273427872032567,9.103117409529288E-4
3980.0,2.542242827557243E-10,0.4432649960538998,0.2964742205504195,0.26026078314145645
3625.0,5.9732852926835394E-12,8.083194295285165E-10,0.817383795195692,0.18261620399001524
2881.0,2.960031812058848E-15,0.04861973636245019,0.7027703630532774,0.24860990058426943
3427.0,0.3264427764818369,0.6628281226324743,0.01072910067438739,2.1130144269114952E-10
3270.0,5.016497964995053E-15,0.0013930810619746166,0.5446824018978647,0.45392451704015574
2788.0,3.2806053333588E-10,0.8883602609634883,0.10579381828360061,0.005845920424850629
3825.0,0.9947185349926179,0.004791187489839817,4.885483306003351E-4,1.7291869416830326E-6
3924.0,0.023633054442488775,0.3603684565669501,0.5955272885206762,0.02047120046988495
3102.0,0.051107450482730285,0.8797859373816982,0.06441488358277962,0.004691728552791726
2969.0,8.131490947185987E-15,0.0425287748990331,0.9572706397796918,2.0058532126703205E-4
3515.0,3.433952467554346E-8,0.7861109328694481,0.2105935422511436,0.0032954905398835804
3341.0,3.533673252132847E-5,0.4755244981673302,0.31792905220681805,0.20651111289333046
2863.0,0.004368252047853613,0.21818116208721444,0.7539664791776145,0.023484106687317447
3240.0,0.2015382696848609,0.09827268671395578,0.6871606339459589,0.01302840965522427
3655.0,3.369179873224732E-4,3.6880813974131925E-6,0.9996562737457358,3.120185544143104E-6
3883.0,0.450112473515808,0.5498875264841919,2.4783127387200407E-30,4.676256446951311E-17
3726.0,1.0647020119749926E-8,0.017887311806044366,0.7654653909095023,0.21664728663743327
3524.0,0.016069393131029095,0.9838308887387517,1.56217589128194E-8,9.970250846055524E-5
3046.0,6.892379549429457E-26,0.9958200446663401,0.0041799553336519385,8.006792882351303E-15
3169.0,1.024633258318797E-7,0.17355187220242344,0.2682038885080546,0.5582441368261961
3287.0,4.185953505240797E-7,2.3613630212641317E-12,0.806342119707137,0.19365746169515116
2805.0,0.5280495989809625,0.45856166665165005,0.013131074935311337,2.576594320760751E-4
2896.0,8.102622649909334E-23,7.332545598818687E-5,0.005411064546160808,0.994515609997851
3442.0,6.388022448794041E-19,0.0307495162630572,0.2367309524092728,0.7325195313276699
3640.0,4.666585144541928E-6,2.2957941236216443E-7,0.8866406398359287,0.11335446399951443
3997.0,4.860392305054733E-4,0.023748568615693046,0.6478578582305247,0.3279075339232769
2919.0,0.03651272997275778,0.9634872700272344,2.2986119842055136E-17,7.760313806266093E-15
3397.0,1.3134375151496692E-11,0.14224015204653484,0.8577596420068413,2.0593348947652244E-7
3296.0,3.867955090594499E-12,5.045278491643846E-4,0.5628953489737235,0.4366001231732441
4010.0,0.9282174021318751,0.06913211696275985,0.002620942361807214,2.9538543557951647E-5
3599.0,9.871299394498625E-10,0.002533941817046053,0.9436283002075601,0.05383775698826399
3769.0,2.0857906200761382E-19,1.209967872990189E-13,0.999999994687039,5.312839969274046E-9
3868.0,0.3913447792728549,0.17982609195817342,0.41393946040224405,0.014889668366727598
3158.0,2.4038306699516856E-11,0.008458508619852092,9.849061060343007E-6,0.9915316422950493
3571.0,0.0013966681739740283,0.06571808868853724,0.5365672953159496,0.39631794782153906
3025.0,8.063203674590192E-9,5.219611183599267E-8,0.9999998903324605,4.9408223965023674E-8
3231.0,0.006076860027164269,0.5164813287697564,0.4699733239721571,0.007468487230922233
3386.0,0.007586231650794858,0.39009690288173143,0.574600579850758,0.027716285616715807
2840.0,1.3369932020389005E-7,0.06449787276693045,0.22932597413994762,0.7061760193938017
3696.0,0.9999795873231451,4.703920222051531E-13,2.0412676215054343E-5,1.6947188415346348E-13
4053.0,8.474300576110618E-8,0.0021902165670484195,0.21685419726648214,0.7809555014234637
3939.0,0.007935690256188411,0.7882267539056965,0.20047324604645134,0.0033643097916636316
3782.0,7.3551191257699525E-25,0.006675866915371703,0.5995839139791954,0.39374021910543294
2990.0,0.18223582342830066,0.4339627954135408,0.3538061905040049,0.029995190654153663
3468.0,1.016487894261477E-18,0.006458713974941095,0.6273812074526128,0.36616007857244603
3113.0,8.882000805071188E-8,4.178682433930023E-5,4.634438849185752E-11,0.9999581243093082
2820.0,1.394836805198624E-4,0.01263097786847335,0.7016226631675556,0.285606875283451
3366.0,0.48616524142837725,0.4507769026585305,0.06268234289976098,3.755130133314926E-4
3203.0,9.340375584970539E-12,0.0790176383079488,0.4259922611820838,0.49499010050062703
4041.0,2.7560614344841316E-4,0.038742089448816776,0.43822523752316517,0.5227570668845697
3692.0,8.47667346763236E-7,0.6878291540056716,0.30830634621280867,0.0038636521141729233
3802.0,3.9361338405480714E-19,4.001132050829688E-5,0.20404418932756796,0.7959157993519237
3967.0,6.490584876738262E-9,1.1519512526686853E-8,0.9905707877907913,0.009429194199111394
3125.0,0.9999999999999944,6.016291712089301E-24,1.8046560700327134E-17,5.518028888366392E-15
3472.0,0.0018394627504147323,0.028570019610606196,0.8046239488050421,0.16496656883393707
2994.0,1.4961102507922738E-15,0.9999999999922666,6.0325816333775975E-15,7.725808861691149E-12
3324.0,1.763277300340763E-11,0.06190633605173286,0.9380936639271117,3.522751788850079E-12
3417.0,0.3591112660467431,0.6367294647080004,0.0041592692451821395,7.441970312031211E-14
2939.0,0.16689238154297523,0.011120652695686808,0.6941828267374283,0.12780413902390955
3603.0,1.776985821079077E-4,0.06858267588016018,0.6367693343971713,0.2944702911405606
4022.0,0.018034473136362625,0.45989645846496674,0.5220690562237141,1.2174956516175415E-8
3840.0,0.24833765699891164,0.37880260554160866,0.36006161107580714,0.012798126383672538
3749.0,2.634811846875808E-5,0.0010504090454976369,0.059402559287669576,0.939520683548364
3021.0,0.9753054466519137,0.015290213668983784,0.008908205402484251,4.961342766184195E-4
3567.0,0.272085444580003,0.33021583841894686,0.2889403754548591,0.10875834154619106
3146.0,2.0780303028422085E-4,0.4335960699621359,0.5652861158770169,9.100111305630379E-4
3730.0,1.93547148239682E-14,0.9016049430775375,0.07910177650825756,0.01929328041418563
3895.0,2.653564145556671E-5,8.510205296465791E-4,0.3302798654204854,0.6688425784084125
3197.0,9.602670023740428E-8,4.244443559909345E-4,0.04106996475404708,0.9585054948632618
3066.0,7.423007942200485E-18,3.613411498301358E-4,0.400614364487666,0.5990242943625038
3544.0,1.1861588268197902E-8,0.002319202062009679,0.8284980355143691,0.169182750562033
3438.0,0.006202309536208248,0.03287772610789617,0.8456481398922491,0.11527182446364657
2892.0,0.30625060918742386,0.5730887456587505,0.12066063164025594,1.3513569749201915E-8
2793.0,0.09817629525809211,0.15649466450608643,0.6967589402223784,0.04857010001344309
3275.0,1.0173584083471602E-4,0.19827413239834554,0.6678902198547126,0.13373391190610714
3969.0,0.72549675266481,0.21811331252518912,0.053077980050606315,0.0033119547593945344
3620.0,0.44433811173767457,0.07236035992366398,0.18874223337550358,0.29455929496315786
3912.0,0.8239314914225571,0.17606850856735973,3.2068197488486426E-13,9.76252790356341E-12
3821.0,0.2397486340980825,0.40115105846564414,0.3590995382558255,7.691804477318903E-7
3495.0,0.35778383123653934,2.542430790954588E-4,0.6419619182546236,7.429741696954781E-9
2949.0,1.2581517867733447E-12,3.855053489954569E-4,0.6897038928809324,0.3099106017688139
3074.0,4.039495971665524E-20,1.1392086890792791E-9,0.9999999988607848,6.534840546006723E-15
3252.0,0.014505963585071502,0.6116154584637439,0.34732909036217213,0.0265494875890126
2867.0,0.006493427996915131,0.0253926533198285,0.9575540104335083,0.010559908249748217
3345.0,7.962603281989462E-4,0.01867867092474172,0.857434871565267,0.12309019718179233
3675.0,3.897834985675476E-18,0.5150823811215897,0.11117543217742401,0.37374218670098625
3051.0,0.007279249644190724,0.834003062423775,0.1587176836286555,4.303379024512262E-9
3529.0,0.09103111147329809,0.39297918677116755,0.5159897017555334,1.0800216335767001E-15
3180.0,1.8995122506756813E-9,0.04388866283857945,0.4065947458937844,0.5495165893681238
3878.0,5.780456399890955E-22,0.01886576749067515,0.4875984537613659,0.49353577874795884
3715.0,0.06991395946487884,0.6419135723069614,0.24521642073382352,0.04295604749433618
3637.0,1.865056161488523E-5,0.10956949370967681,0.8903695429235169,4.2312805191365586E-5
3984.0,4.4003976362506576E-14,0.03431073966349839,0.6585539848404035,0.3071352754960541
2808.0,1.3511069334303223E-8,0.3109827195394756,0.5780701746803777,0.11094709226907741
3290.0,0.007228797281584138,0.4409757923316237,0.5215110983889311,0.030284311997861083
3455.0,9.743471769368874E-7,7.417137102106351E-7,8.668279685787269E-33,0.9999982839391129
2909.0,5.392284245991429E-24,0.14404309995162695,0.85595689997256,7.581314050151239E-11
3091.0,0.04742056854433469,0.4629263693842757,0.4896406080047901,1.2454066599504723E-5
3510.0,5.230729056386918E-4,0.023108741094486712,0.17039874945697292,0.8059694365429017
2964.0,1.0884801699314388E-7,0.15978577396697638,0.7734932473652202,0.06672086981978653
3836.0,1.2823505740472926E-15,0.03454275375737246,0.6885272496923287,0.2769299965502977
3929.0,1.4057424570344921E-5,0.06080358011597397,0.3933790757472939,0.5458032867121618
3658.0,9.270306217872198E-12,0.13571650433640284,0.7382924745623801,0.1259910210919467
2850.0,0.9004752871834403,0.09377057065704121,0.005722302929997909,3.183922952054634E-5
3328.0,4.6881664227222555E-5,0.029654925731423042,0.7248506630644006,0.24544752953994922
3237.0,0.32677744992272545,0.06712129054057138,0.4818648298980359,0.12423642963866732
4056.0,0.7668030953917466,0.2268176438232322,0.0063792528331257795,7.951895374230388E-9
3218.0,3.367710927997355E-16,0.009682043176327558,0.9903179509240032,5.899668725313264E-9
2837.0,2.4477551497807267E-6,0.005063560194426442,0.7620146991366928,0.23291929291373084
3383.0,0.047711214337179016,0.4399530037478768,0.48146381880123623,0.03087196311370791
3457.0,0.0010468779726908162,0.7603578906143756,0.21821908392141323,0.02037614749152028
2979.0,8.631341271777358E-4,0.7509843324684148,0.1871395302434273,0.061013003160980295
3108.0,1.725613795541651E-7,0.6091377868220587,0.39086135198837535,6.886281864979246E-7
3950.0,3.18831113149081E-4,0.014393168145764846,0.4123260494073903,0.5729619513336958
3787.0,9.86328035976923E-18,1.3350429912947703E-6,0.01865734880405639,0.9813413161529523
4007.0,5.101557872104764E-4,0.43680152358803775,0.4793297083342627,0.0833586122904891
3586.0,0.0042827959974396325,0.27897188590550986,0.6223481003648668,0.09439721773218368
3400.0,9.59197222280572E-10,0.0034768696970287447,0.668867621421796,0.32765550792197806
2922.0,1.8784747433594737E-13,0.0659567511249714,0.24597450956775976,0.6880687393070809
3309.0,0.009105985883151637,0.8109972527258104,6.582181519057558E-14,0.17989676139097216
3163.0,4.5820401018789966E-4,0.02846847452858289,0.32209665080997185,0.6489766706512573
3036.0,2.130511581902729E-14,0.0036013658863965274,0.541421056877904,0.45497757723567817
3582.0,0.02539893147731131,0.953809321025479,0.020791747214489235,2.827204181945418E-10
3764.0,0.09364062845338203,0.004908397727933829,0.6301869702098373,0.2712640036088469
3857.0,3.66380061416562E-27,4.242587791836683E-15,0.9999999999996854,3.1047750554987444E-13
3320.0,0.0120255977878556,0.050105561328638595,5.222222393761787E-8,0.9378687886612819
3421.0,3.869233303788489E-12,0.1752546171181766,0.22849377431071316,0.5962516085672409
2943.0,2.419130683082313E-13,0.015463670429948971,0.08090553253211254,0.9036307970376967
3607.0,7.838519584412979E-5,0.6708714508058715,0.2510516714347447,0.0779984925635396
4018.0,0.27422060521160474,0.08519989843454273,0.640579258370111,2.37983741609342E-7
3844.0,8.078741653629045E-4,0.18797353528330485,0.5959581371402441,0.21526045341108813
3745.0,5.587800117336112E-4,0.8847153451249286,0.113392817501221,0.001333057362116739
3017.0,8.77531542418962E-17,0.9999999878958558,1.2103829497888347E-8,3.1459743112355584E-13
3563.0,0.0021178152059152518,0.40471088842343306,0.5687058629327232,0.024465433437928497
3150.0,1.481608165349346E-26,1.250458327979659E-8,0.12228255587945108,0.8777174316159656
2816.0,5.5966224511341375E-5,0.31940506914059896,0.6135374832013638,0.06700148143352587
3362.0,1.673206126209023E-14,7.227739004758296E-5,4.0904237548093814E-26,0.9999277226099357
3207.0,1.6113649189875E-15,0.994091961507118,2.755294746551083E-10,0.005908038217350915
4045.0,1.9026157707082892E-16,0.20874261953604123,0.7912544198732714,2.9605906872720817E-6
3688.0,6.050269384186238E-4,0.16187350756720859,0.7166916404156888,0.12082982507868406
3963.0,6.21592908747316E-6,0.023724018047393967,0.8767497680163248,0.09951999800719394
3121.0,4.6889115191212656E-6,0.36300466255224106,0.5174008752339263,0.11958977330231367
3476.0,0.9335703946713295,0.04102845692189654,0.02513304435852668,2.681040482474531E-4
2998.0,7.952897798970927E-20,5.804057275972342E-6,7.672102105197001E-12,0.9999941959350519
3916.0,1.8330868219425652E-6,2.9457645722479304E-8,0.9428259355242788,0.0571722019312535
3817.0,7.24668984375177E-6,0.12790013960145064,0.6820530877695309,0.19003952593917464
3491.0,0.001226278651346186,0.04523693594840719,0.6496455930071983,0.3038911923930484
2945.0,0.3419535872013291,0.4626130206098917,0.17149155862817184,0.02394183356060747
3078.0,9.225817557611469E-4,0.999075875206969,1.5420439416459199E-6,9.933280901691552E-10
3248.0,0.5151759498209704,0.45023533574334496,0.034458782552845686,1.2993188283902743E-4
2871.0,0.02746314523663009,0.9725368017806124,1.2129004333446493E-9,5.176985690448117E-8
3349.0,0.8193992609166261,0.04449801107829063,0.12240006973485407,0.013702658270229227
3679.0,5.682776023892526E-7,6.078527892398849E-11,0.5257434467884595,0.47425598487315285
3734.0,2.0400911673543578E-4,0.8931307317855088,0.10666520251452849,5.658322730965633E-8
3891.0,0.5307541731667548,0.40399090754532624,0.05943694101020396,0.0058179782777150225
3193.0,3.8249538882262E-5,0.11920286024621848,0.7653875727980416,0.11537131741685774
3548.0,5.775147571963161E-14,5.1557811334614443E-8,0.4486931497697246,0.5513067986724064
3434.0,6.595231431186814E-14,9.595370667567697E-6,0.05679719880489692,0.9431932058243695
2888.0,1.9754854136231783E-8,1.1119009417099657E-11,0.8868043515167547,0.11319562871727205
2797.0,1.0825756526650788E-9,0.8059956500539528,0.19377292525273482,2.3142361073671196E-4
3279.0,0.20386857512139323,0.6695064784298181,0.12330551352023389,0.003319432928554649
3973.0,1.089164880510269E-11,0.03874226098746238,0.019408648143736787,0.9418490908579091
3616.0,7.981530408291511E-8,0.17657633862305114,0.701128219646229,0.12229536191541587
3095.0,3.251275200153244E-12,0.9542610962493854,0.04573890288203982,8.653237280866045E-10
3506.0,1.714554848929092E-11,0.013842088993729242,0.47181310754463934,0.5143448034444859
2960.0,7.949409012821556E-21,0.8979537749745296,0.10204622259069203,2.43477838736211E-9
3832.0,0.0220448839272596,0.8620392670002465,0.11167514012075955,0.004240708951734407
3933.0,0.5297530667381746,0.4657973169778845,0.004419104759693768,3.0511524247148578E-5
3662.0,5.4202676788172895E-5,7.50496192643371E-32,1.0937654481015885E-7,0.999945687946667
2854.0,1.8098817467547096E-4,0.11874374866096885,0.7249364268578521,0.1561388363065035
3332.0,0.011285830877848065,0.29171721206181733,0.6273944316623851,0.0696025253979495
3233.0,0.3938630700225878,0.544802697325725,0.06058447834743391,7.497543042534077E-4
3055.0,6.559978850473897E-14,3.196483733777302E-4,0.09170005675495002,0.9079802948716066
3533.0,8.576210091150534E-11,4.764183784043557E-4,0.8612211651317468,0.1383024164040867
3176.0,1.9223363573262237E-17,3.5314714162238705E-4,0.06063607126129057,0.939010781597087
3874.0,2.1741193194379105E-4,0.9997825764306701,6.941349151219496E-9,4.696036931189875E-9
3719.0,0.44252860387095705,0.5574713960370989,9.138327235227831E-11,5.607395758730635E-13
