3067.0,7.007297060368598E-4,0.1345474672324283,0.7555187914928443,0.10923301156869072
3545.0,1.1293665191348765E-5,0.0042930174924447695,0.3659006186465944,0.6297950701957694
3731.0,0.01838638250950063,0.8405153115918432,0.139182465721809,0.0019158401768471535
3894.0,5.765729170504194E-6,0.04980585458170802,0.7460239727704201,0.20416440691870144
3968.0,8.295358970385955E-7,0.02195656991223459,0.4859062704701994,0.49213633008166885
3621.0,4.8108449665951367E-17,5.347285549892088E-10,6.945677138197579E-5,0.9999305426938894
3439.0,9.99843801693408E-4,0.33296474130605835,0.467249209065771,0.1987862058264771
2893.0,0.998057871342699,0.001937626857552136,4.497440543502223E-6,4.359205340509594E-9
2792.0,4.2840087606240277E-7,0.07635555532752342,0.8042696452691285,0.11937437100247204
3274.0,0.12034445929744962,0.7786631676057809,0.0938114846146003,0.007180888482169217
3494.0,0.33659355128961166,0.6532757686501148,0.01007222602126778,5.845403900566646E-5
2948.0,7.723874141706108E-12,5.288013716016048E-6,0.046985163385823175,0.953009548592737
3075.0,1.6501921003624694E-5,0.25591035772391146,0.6241642122299108,0.11990892812517398
3913.0,1.94719140529067E-6,0.02519424288317397,0.6634670600050208,0.31133674992039995
3820.0,7.19614808864872E-5,0.9107843424493232,0.08848702400489733,6.566720648929907E-4
3674.0,2.5198661509778048E-5,0.1690933967408092,0.7076302209186811,0.12325118367899986
3253.0,7.15646214287042E-7,0.0044757526849932405,0.3678697200406144,0.627653811628178
2866.0,0.9850858584781008,0.014754389411624142,1.594684044255132E-4,2.837058495772454E-7
3344.0,2.702721477015473E-7,1.8389428837980602E-4,0.17182589579615082,0.8279899396433217
4040.0,3.719883551852601E-11,1.6158912501212155E-5,0.07577794117723109,0.9242058998730688
3693.0,0.08779214771107297,0.6878817523130879,0.22097884400628615,0.003347255969552988
2821.0,7.167439639512386E-7,0.06340316157730541,0.617719196846322,0.31887692483240854
3367.0,6.25551679301497E-6,0.2091428868225072,0.729502365784012,0.06134849187668799
3202.0,5.174553560184103E-15,1.2908487624988978E-7,0.002306550515633275,0.9976933203994852
3124.0,6.478235991046083E-6,7.225503319863473E-4,0.20245752150878485,0.7968134499232378
3473.0,0.02610703874725967,0.7563032516144897,0.2111198347727565,0.006469874865494065
2995.0,0.8581229234647114,0.11686481942748832,0.024491663732182468,5.205933756176545E-4
3803.0,0.93914205859779,0.05829224636562717,0.0025388552789756443,2.6839757607231753E-5
3966.0,2.8214151430624947E-4,0.052900540581478486,0.7341596777312542,0.2126576401729611
3602.0,7.244255272902577E-10,1.3295898171452013E-5,0.051740355577434914,0.948246347799968
4023.0,3.58836915496174E-5,0.1536813279403353,0.812933979785289,0.03334880858282608
3325.0,1.3599637109455654E-9,0.004229173069791118,0.30563555250634755,0.6901352730638975
3416.0,0.0037949795149471183,0.11831520057183045,0.589095427571966,0.28879439234125653
2938.0,0.009825499883906037,0.17080403997476937,0.654442982943172,0.1649274771981526
3020.0,0.4372013168955233,0.5172490864195008,0.044632051163712945,9.175455212629963E-4
3566.0,0.06303616721660724,0.4591007372323307,0.44394185503183964,0.03392124051922227
3147.0,6.3611174931350594E-9,0.001265811104880558,0.16321241424296293,0.835521768291039
3841.0,0.9280548673985083,0.0703328672262642,0.0016012770886422963,1.098828658510433E-5
3748.0,1.9261899610739036E-7,9.542838092079782E-4,0.19735878917426375,0.8016867343975321
3219.0,3.117707944149509E-5,0.050643745617997594,0.8321631677623121,0.11716190954024891
2836.0,5.302185804905278E-4,0.15362735714133932,0.7140885900059588,0.13175383427221138
3382.0,9.298481785103121E-6,0.07234902650041916,0.6667727286930824,0.2608689463247133
3708.0,2.5398035426958946E-5,0.04436409478686423,0.6968756430051224,0.2587348641725866
4057.0,0.10272757011166543,0.5787371756611094,0.31120373233181486,0.007331521895410447
3951.0,0.004155389445125315,0.29012915782022275,0.6245401363274556,0.08117531640719627
3786.0,6.922846616431714E-9,5.477949484353116E-6,0.020733985460585736,0.9792605296670833
3456.0,0.012792285348593713,0.20928616779281864,0.6425476247428403,0.13537392211574725
2978.0,2.056378291987486E-4,0.2492752325772718,0.702028054607255,0.048491074986274335
3109.0,0.9914601435864717,0.00853351685650384,6.339119337116624E-6,4.3768741999085257E-10
3401.0,0.9943955567197815,0.005555458777370877,4.890574145904167E-5,7.876138855774518E-8
2923.0,0.0029957762806294918,0.2801539044730121,0.6092463074950322,0.10760401175132628
3308.0,1.223046826305931E-4,0.7888581660589377,0.2107476503488053,2.7187890962657375E-4
4006.0,0.14674905184627932,0.8234820263026555,0.0295962937941286,1.7262805693649372E-4
3587.0,0.994306166350315,0.00568111898212036,1.2703619168945732E-5,1.1048395951204056E-8
3765.0,0.662914937812644,0.24652208028817538,0.08995595183552127,6.070300636593374E-4
3856.0,8.870187671629565E-4,0.08260389549716142,0.8168882047506509,0.09962088098502467
3162.0,2.026879736889055E-6,0.0011047849104512395,0.5746389855057975,0.4242542027040143
3037.0,5.0385187361845066E-5,0.01817537739860121,0.6546908861946361,0.32708335121940085
3583.0,0.011531443067944389,0.14767314272582388,0.7586856166267074,0.08210979757952432
3879.0,5.271116594717913E-5,0.021619259431161938,0.45159695420114,0.5267310752017509
3714.0,0.9649573322863733,0.03475944774545673,2.8292816172594064E-4,2.918064443176354E-7
3050.0,4.872270454076351E-7,0.008665837864026898,0.4056700986595882,0.5856635762493395
3528.0,3.978291499404541E-9,2.18751928794745E-4,0.09434234007065828,0.9054389040222555
3181.0,0.0014262161511974347,0.04400915477917541,0.5797673934596566,0.37479723560997064
2809.0,0.9936065019214678,0.006356406482685014,3.7058378246421946E-5,3.321760079644791E-8
3291.0,0.9200370152835327,0.0790348522420331,9.250644230012806E-4,3.068051432911822E-6
3454.0,0.002691732400019353,0.20069488241007685,0.7166360990930066,0.07997728609689728
2908.0,0.5732396257656472,0.3769990475961585,0.048040560531731925,0.0017207661064622026
3636.0,0.6179474764980826,0.3649378779527885,0.01685613591954549,2.585096295834728E-4
3985.0,0.047424248055442486,0.666179859320949,0.27863985569942906,0.0077560369241795445
3837.0,5.375421710591477E-7,8.140413494100436E-4,0.20803047518769238,0.7911549459207265
3928.0,3.945120899500263E-5,0.07510999521648566,0.6521779148027915,0.27267263877172776
3090.0,1.133010740482707E-8,6.102235190739873E-4,0.3479477015181471,0.6514420636326715
3511.0,3.688097580481963E-5,0.06054809838586159,0.635322070618179,0.3040929500201545
2965.0,0.07343175924558164,0.7441490457303576,0.17648508620702644,0.005934108817034288
2851.0,0.0018050305960573027,0.4513542171172883,0.4998045349043063,0.047036217382348075
3329.0,0.5255175092132263,0.3038051068337244,0.15735242064821436,0.013324963304835008
3236.0,4.969794076931332E-4,0.6330801015794497,0.3571520279685722,0.009270891044285036
3659.0,0.002931847591702174,0.4462501952752028,0.4925173096937801,0.058300647439315005
3490.0,0.008792627310402633,0.0251148272392609,0.7147015851663959,0.25139096028394065
2944.0,6.343213912063066E-8,0.09936186108745493,0.749579559585796,0.15105851589460995
3079.0,1.139231114841994E-4,0.048025751205757514,0.7721006016608091,0.17975972402194937
3917.0,2.1417418577203358E-7,0.002537704609001505,0.55229642187237,0.44516565934444263
3816.0,8.700043392518042E-4,0.7735687084248108,0.21790994893419077,0.007651338301746727
3678.0,0.4284853799373009,0.38761698110321247,0.170621496346384,0.013276142613102528
3249.0,6.717876746011798E-7,0.01750464915671081,0.3918674653295195,0.5906272137260952
2870.0,0.01014397050512627,0.1696487454381658,0.7697042258906572,0.05050305816605063
3348.0,0.7860185016801032,0.2037309524295049,0.010152807030713593,9.773885967827838E-5
3192.0,0.9415411363179486,0.0580253563462471,4.3296345439669683E-4,5.43881407674016E-7
3071.0,0.009245528351605192,0.26994769734315477,0.6443955228240235,0.07641125148121662
3549.0,0.0034460756761196345,0.8972098555704673,0.09925124974531319,9.28190080998888E-5
3735.0,0.001405507516849128,0.5178719504530507,0.4758662186751224,0.004856323354977745
3890.0,0.002891981015624423,0.8034851056798011,0.1921967245377792,0.0014261887667953146
3972.0,2.114112985974553E-7,0.03219339268269906,0.9137982114605314,0.05400818444547097
3617.0,1.5762713368767624E-10,5.463448120309995E-6,0.01750850316552302,0.9824860332287296
3435.0,2.7597741701259537E-8,0.0013818968072368178,0.5602701030725661,0.4383479725224554
2889.0,7.557870903271684E-13,6.672023672144008E-8,0.00601091208383611,0.9939890211951715
2796.0,2.7997539165619415E-7,0.05529081241580554,0.821774979995866,0.1229339276129368
3278.0,0.004631566068072628,0.25965648668583874,0.6298437818306966,0.10586816541539211
3606.0,1.1398704139626144E-6,0.011788617803871533,0.5885906402611885,0.3996196020645261
4019.0,4.400869087450769E-6,0.006509117554648789,0.5994353042481951,0.39405117732806866
3321.0,3.8955402811780075E-5,0.02255006048464367,0.5898458169860623,0.3875651671264822
3420.0,0.3703175103504121,0.6016595502112435,0.027863014531846586,1.5992490649766142E-4
2942.0,0.17215199280179502,0.809625320538766,0.018126877567750246,9.580909168869208E-5
3016.0,0.9103820373384477,0.0873039912500583,0.0023134543854441006,5.170260499588261E-7
3562.0,5.184013811398202E-7,0.008609431822850875,0.25235402543782365,0.7390360243379445
3151.0,0.28725193919876585,0.6608689847336517,0.05125047750983612,6.285985577463262E-4
3845.0,0.6307652219113614,0.3543480531120864,0.014791894360212112,9.483061634006706E-5
3744.0,0.21016090417074856,0.5169786422027628,0.26493131774592243,0.007929135880566223
4044.0,1.464797694689676E-12,7.688926329262082E-7,0.0022413088830423706,0.9977579222228599
3689.0,0.003562132587870675,0.031213223991600134,0.4069808645100178,0.5582437789105115
2817.0,1.4080764963662658E-5,0.2826146677242497,0.6008348671414306,0.11653638436935605
3363.0,3.3666833939718216E-4,0.03719780002158975,0.4781210402723359,0.48434449136667734
3206.0,0.07620412504449325,0.8185752361909789,0.10313822567863128,0.0020824130858966704
3120.0,2.584623219437273E-4,0.08834486139886448,0.5661696114304485,0.34522706484874327
3477.0,3.3020610941330623E-9,1.1321123291029757E-4,0.09714812407354785,0.9027386613914806
2999.0,0.009836444283418538,0.3539458689588035,0.5218564516746733,0.1143612350831046
3807.0,1.6447568043286714E-7,0.021624485022830705,0.8841405567238416,0.09423479377764706
3962.0,2.9840321519932024E-6,0.0578234552735134,0.7692107296208505,0.1729628310734842
3405.0,2.71708249252316E-6,0.01851107400776088,0.6253665460454962,0.35611966286425034
2927.0,0.3330442117880665,0.5288346734733608,0.13757291385183118,5.482008867416033E-4
3304.0,2.3909134002796676E-6,0.06382172437233681,0.76908750982661,0.16708837488765288
4002.0,6.2816011031288246E-9,2.3660267962542813E-4,0.16980757953561942,0.829955811503154
3591.0,0.9357396204609267,0.06343858923566262,8.201110510761663E-4,1.6792523345966289E-6
3761.0,0.040624905921889096,0.46400371363547327,0.47952068929065006,0.015850691151987447
3860.0,5.472371248776669E-5,0.1595682571626822,0.6856081910303063,0.1547688280945237
3166.0,0.7604038653310584,0.22943015649571313,0.010118144169510615,4.7834003717783036E-5
3033.0,3.7186246786022765E-4,0.034471388372249556,0.7179358461934529,0.24722090296643745
3579.0,1.5431294646910723E-7,0.02014317714863477,0.7897907177793009,0.1900659507591178
3223.0,1.7594226510052886E-5,0.012682362077078587,0.40743224663106953,0.5798677970653419
2832.0,4.3440466085241985E-7,0.10193062438804391,0.7753675323763763,0.12270140883091872
3378.0,1.190365223114693E-8,0.03746935114839094,0.5658067373565485,0.39672389959140836
3704.0,0.09665439734817088,0.49087828408623585,0.36748454383526663,0.044982774730326545
4061.0,1.940083193236852E-6,0.020347602601320267,0.4268331816217486,0.552817275693738
3947.0,6.3082303225809804E-12,7.0819442595240775E-6,0.0013315142753452598,0.9986614037740869
3790.0,4.026054390928797E-4,0.25104286154032496,0.6785615801252903,0.06999295289529198
3460.0,4.076405528752195E-9,8.187608813674462E-5,0.11689401761887351,0.8830241022165841
2982.0,0.0020823528627724936,0.20652127092856268,0.6178460933057793,0.17355028290288546
3105.0,0.5855580664225566,0.36315645097925736,0.049643034588312866,0.0016424480098732085
3833.0,1.2229983265177272E-9,4.4967313262167486E-4,0.07500142877179239,0.9245488968725876
3932.0,1.4428820719783067E-7,0.013761972728028692,0.4762737017793714,0.5099641812043927
3094.0,1.720586261399446E-5,0.0158875863127063,0.5094342546746861,0.4746609531499936
3507.0,0.8536700812662074,0.1437723843011729,0.002550577650952686,6.956781667010808E-6
2961.0,0.15977748302360192,0.7782548297778435,0.059417078312583,0.002550608885971638
2855.0,0.9871184673008796,0.012660893148298153,2.192723734211823E-4,1.3671774010914415E-6
3333.0,0.006740646411389914,0.82686220693437,0.16553029423188623,8.668524223537789E-4
3232.0,2.1237022830562338E-4,0.8180908006039588,0.17894623440808424,0.0027505947596512307
3663.0,3.847067246502131E-12,1.3596371314598393E-4,0.06189186793940228,0.9379721683436046
3875.0,0.046489992833360055,0.29453999593296715,0.6048310045474845,0.05413900668618824
3718.0,3.1158819425160884E-9,0.006098726137850994,0.33447754744139924,0.6594237233048678
3054.0,2.252195651347786E-5,0.2525223451812638,0.5489991075549374,0.1984560253072852
3532.0,5.32659297484336E-13,1.4022324046523475E-7,0.0015142654714508257,0.998485594304776
3177.0,7.0914445809141565E-12,1.1964360352453537E-4,0.0955012338062998,0.9043791225830842
2813.0,0.07696817454230125,0.2560187910053046,0.6325382939389109,0.034474740513483315
3295.0,1.9611682616618074E-8,8.065866260961875E-4,0.12209233910434347,0.8771010546578777
3450.0,0.312757506942591,0.6768553681149673,0.010350920289158821,3.620465328277517E-5
2904.0,3.191489413341048E-5,0.013530982604272206,0.29992907996348683,0.6865080225381076
3632.0,2.3981473600228126E-4,0.4223990514757588,0.5358408830448333,0.041520250743405554
3989.0,0.001602340921104617,0.4194493521787529,0.493306807291455,0.08564149960868749
4032.0,7.2278358505527575E-6,0.06388058844087531,0.7379818789024671,0.19813030482080693
3685.0,1.3192078017509243E-7,2.2616051943100533E-4,0.2872145479476163,0.7125591596121725
3375.0,0.12045747310450548,0.8726491351341535,0.006880013003735827,1.3378757605227864E-5
2829.0,2.869502250562126E-7,0.0015163937073697426,0.1206736306274028,0.8778096887150024
3210.0,0.21671009710073888,0.6463776693507649,0.13353964695425674,0.003372586594239466
3132.0,2.1570791112755305E-13,2.3669590026066376E-5,0.017942815240215876,0.9820335151695423
3003.0,6.114107039213786E-4,0.8919500653351632,0.10644626513299532,9.922588279199795E-4
3481.0,0.9655964097157077,0.03345250021691724,9.431715374758152E-4,7.918529899107633E-6
3795.0,2.588219918291822E-9,2.1930957748604157E-4,0.12498701773764524,0.8747936700966489
3958.0,1.3813255439688103E-7,0.11786668696524928,0.5946552620927468,0.2874779128094495
3610.0,4.453913173996265E-11,2.0826770754784875E-4,0.08541244221778106,0.914379290030132
4031.0,0.64341289828947,0.35112086221455086,0.005438770695483668,2.7468800495328066E-5
3317.0,1.2605958570020073E-5,0.0188475348526827,0.49604197067428096,0.4850978885144664
2930.0,2.769321684403925E-4,0.3418053773157373,0.5734801047625644,0.08443758575325805
3408.0,0.8079610429633812,0.18045305991516222,0.011508419032534897,7.747808892166042E-5
3558.0,0.9943749514580047,0.005602466437217497,2.255391482781166E-5,2.8189950001750797E-8
3012.0,9.135491124952963E-4,0.8162180565184077,0.18137905263413415,0.0014893417349626792
3139.0,0.017844221166815628,0.7504328964682845,0.220330582424341,0.01139229994055903
3849.0,0.9982947143908939,0.0017033247904794093,1.959930908396516E-6,8.877183743608902E-10
3756.0,0.41584567841134634,0.5692442087337871,0.014856349499316957,5.3763355549477243E-5
3188.0,0.00715139990107759,0.8984546279918736,0.09228663223917885,0.0021073398678699362
3537.0,0.998025613078604,0.0019681413808892677,6.241936996162764E-6,3.6035106217509416E-9
3059.0,1.5911039400469587E-6,0.005944232780176851,0.5915890875524115,0.40246508856347163
3739.0,6.267611173968198E-8,9.914112439810875E-4,0.5099898616202676,0.48901866445963954
3902.0,2.8500162964812364E-10,5.754348723382405E-5,0.1464360197657797,0.8535064364619848
3976.0,0.14859310774734527,0.7236935555611039,0.11662406845989298,0.011089268231657741
3629.0,0.9910371275417068,0.008899878070562446,6.273282822509629E-5,2.615595057515316E-7
2885.0,2.2255517881851467E-11,2.3293261348367422E-4,0.041089762754780934,0.9586773046094799
3431.0,0.0011846103636686197,0.39119475859661684,0.5604578632977503,0.04716276774196425
3266.0,2.074032424133959E-6,7.347012109970655E-4,0.19182024677976034,0.8074429779768184
2956.0,0.0016022784075060829,0.39979353340117474,0.535624263046152,0.06297992514516712
3502.0,5.439674056412416E-11,0.004684830931043569,0.8795746483644586,0.11574052065010114
3083.0,3.118771865727509E-4,0.10302886632115114,0.6210336775322061,0.27562557896007006
3905.0,0.15774621573100614,0.7998732260648886,0.04202857123173697,3.5198697236813207E-4
3812.0,1.3933550873896456E-6,0.07865761677921916,0.6927835915048105,0.2285573983608829
3666.0,7.24493175544895E-5,0.7381766667608076,0.2600765224667705,0.001674361454867406
3261.0,0.9661127655805347,0.032946474248036144,9.396772005146818E-4,1.0829709145306232E-6
3352.0,4.523034354451243E-4,0.007300958769224886,0.47566654018810134,0.5165801976072286
2874.0,4.9262304039965727E-8,4.5085704412630996E-4,0.2999703377159315,0.6995787559776382
3887.0,1.280028588248614E-5,0.03238296827583065,0.7230580650590169,0.24454616637926985
3722.0,0.1903029184474871,0.6320595416557859,0.1700896055481498,0.007547934348577194
3520.0,2.6153308602560693E-4,0.23306340673835194,0.7342062375494787,0.03246882262614368
3042.0,0.9529622590377123,0.0452791271492404,0.0017456920066690738,1.2921806378311886E-5
3173.0,6.948086401338755E-6,0.08196648527690595,0.6196609303893084,0.2983656362473843
3283.0,8.975840255992884E-5,0.03091216135922761,0.4480509137308725,0.5209471665073399
2801.0,0.002912006890798446,0.4313737507072019,0.5252996379116418,0.04041460449035774
2900.0,0.008267428417706326,0.19565390581374403,0.7660989734449692,0.029979692323580383
3446.0,0.5983341463205493,0.3853080068614239,0.01615632906090072,2.0151775712604127E-4
3644.0,0.41879039016626113,0.560348453901823,0.020849574101100152,1.158183081569467E-5
3993.0,0.2575230110490528,0.6209958326105814,0.11996186426129236,0.0015192920790732664
3829.0,1.3232993215060106E-9,9.967485103537575E-6,0.03532010845363934,0.9646699227379578
3920.0,0.2151882647292622,0.7106253757825192,0.073412968776616,7.733907116026516E-4
3098.0,2.601348985338117E-9,0.00155444749588211,0.23713914236967065,0.7613064075330982
2973.0,0.9976195144830435,0.0023722527312444127,8.229236104889578E-6,3.5496073130496014E-9
3519.0,0.11886708756082308,0.7990489657776305,0.08022335838920269,0.0018605882723436904
3337.0,2.7699658073536467E-6,6.355712578252087E-4,0.26873101889862394,0.7306306398777436
2859.0,4.941792790117731E-5,0.06983000965993365,0.47327662137978876,0.4568439510323764
3244.0,6.728154740860421E-6,0.034737323347733294,0.4176416163987132,0.5476143320988126
3651.0,3.6059048459145E-4,0.111559860512959,0.6931449368751645,0.1949346121272849
3227.0,1.2954018007416826E-4,0.0546500723691978,0.8329028086583405,0.11231757879238757
3390.0,0.40302848008773173,0.5136109859525572,0.08184512595974876,0.0015154079999623877
2844.0,0.07124571146675295,0.7253895160465159,0.20117825606650933,0.002186516420221921
3700.0,0.2066625904770615,0.7685655913711774,0.024751826359641,1.9991792120113343E-5
4049.0,0.2544104675802107,0.38943415356165245,0.3115190075877541,0.04463637127038284
3943.0,8.367433037471201E-8,0.016587268460884347,0.5889028334642796,0.3945098144005056
3778.0,1.753745495675301E-5,0.05844268711129257,0.5710284183470109,0.3705113570867399
2986.0,3.403459983764546E-7,9.831835497652159E-4,0.12671681786743033,0.8722996582368061
3464.0,3.295730562681375E-6,0.09818354169444926,0.6750806481326982,0.22673251444228992
3117.0,2.001500625292496E-8,0.004947468252924399,0.43890329815600393,0.5561492135760655
2915.0,0.7415255688867173,0.233201322911178,0.024931703798074245,3.4140440403035503E-4
3300.0,1.0569230083830726E-11,1.5199226178883214E-6,0.017785289149523015,0.9822131909172898
4014.0,5.949020460165651E-12,1.0871400896675021E-5,0.004296893725790575,0.9956922348673638
3595.0,7.433981296377131E-6,0.005728875915799929,0.15181388849456212,0.8424498016083415
3773.0,0.0016277719306483345,0.19882624430693954,0.617083532451806,0.18246245131060612
3864.0,8.532215445652478E-15,2.0307748493145498E-8,8.448213734309182E-4,0.9991551583188122
3154.0,2.518553593036912E-5,0.16495801567969348,0.7402218986678121,0.0947949001165641
3575.0,0.33425081347115154,0.5952375670239097,0.06949475020598178,0.001016869298956952
3029.0,0.9650635991803654,0.0345712466823452,3.641266207241562E-4,1.0275165650838852E-6
3614.0,0.0704873693953017,0.7930634945045282,0.1336980782148068,0.0027510578853634548
4027.0,1.1648982137672302E-5,0.024741948078909833,0.5825080151766906,0.39273838776226183
3313.0,0.03701519976525407,0.49581101682721684,0.44851646699511766,0.01865731641241144
2934.0,0.014639647267587626,0.5983094389499739,0.37361268049734875,0.013438233285089755
3412.0,5.833843790489754E-4,0.33621121374268126,0.6321898919241423,0.03101550995412735
3554.0,0.8647274824764728,0.13520533524510822,6.718153316977891E-5,7.452492248042518E-10
3008.0,4.732489837193097E-5,0.15066156381851484,0.5367451336043504,0.3125459776787628
3143.0,0.37869778875537324,0.5339733026493039,0.08654401785669369,7.848907386292715E-4
3853.0,0.0010486691319439717,0.24778012748808997,0.712963863645103,0.03820733973486303
3752.0,0.9795371579814981,0.02031030345467534,1.520849205737272E-4,4.536432529126474E-7
4036.0,4.805536118002953E-5,0.030404405080092366,0.428818723457043,0.5407288161016846
3681.0,7.745807816637147E-6,0.38990619306709734,0.49812563248882635,0.11196042863625973
3371.0,1.8462471133880926E-6,0.07047117283861794,0.8885026017297322,0.041024379184536566
2825.0,1.8640575484860953E-6,0.008408231768784028,0.6266185629814777,0.3649713411921899
3214.0,0.9880384708017748,0.011888260343230109,7.308375025621614E-5,1.8510473880600864E-7
3128.0,3.977707799215222E-6,0.0018025283807148304,0.35660796445336773,0.6415855294581183
3007.0,5.018585243550937E-13,1.091006063768677E-6,0.015345206371483091,0.9846537026219513
3485.0,0.002144449564158256,0.9963089411658176,0.0015462235577608015,3.8571226366595253E-7
3799.0,7.15352460858834E-6,0.0561169004984104,0.9107013946710507,0.03317455130593018
3954.0,1.944223867573757E-7,2.989310485810732E-4,0.10492698557300713,0.8947738889560249
2952.0,0.0189578105723013,0.3431864745337601,0.5722268900872799,0.06562882480665883
3498.0,6.227186969678788E-6,0.06222879908780461,0.6308777551012265,0.30688721862399915
3087.0,1.5434423451345427E-7,1.532742645690525E-4,0.09315396078299881,0.9066926106081976
3909.0,0.846025745630176,0.14999282233025868,0.00397002711290387,1.140492666123729E-5
3808.0,2.8873563183679003E-8,0.0039062840650714,0.5730008080256754,0.42309287903569004
3670.0,0.023131639657828263,0.4419749234841067,0.5013103411718125,0.03358309568625257
3257.0,1.7407793285648328E-6,0.6211714720304264,0.3597634698943237,0.019063317295921346
3356.0,1.0242026393903859E-6,0.01024720917619943,0.5248747506854066,0.46487701593575453
2878.0,8.267320300717653E-4,0.13658199542407587,0.45847282626040814,0.4041184462854443
3184.0,0.05807039286635913,0.49652600511451994,0.4307772593965531,0.014626342622567757
3541.0,7.044820012355361E-6,0.0120172856392739,0.18811772296260626,0.7998579465781076
3063.0,5.942455168576812E-7,0.02104607567777048,0.5677301972969291,0.4112231327797837
3743.0,0.07236954331614062,0.5160294099428064,0.3781770893374044,0.033423957403648556
3898.0,0.017349618258505946,0.947199530195903,0.03529041972811868,1.6043181747239487E-4
3980.0,3.524428667136287E-6,0.15731429837324698,0.5866790830721038,0.2560030941259821
3625.0,0.018228054336434495,0.10016181887967368,0.3955895881206128,0.4860205386632789
2881.0,0.005858683613229674,0.19609955730853193,0.7150652822054087,0.08297647687282977
3427.0,0.7723161843068114,0.22569435247104713,0.001987972130757994,1.4910913836099202E-6
3270.0,2.0842813261289127E-9,6.3340295748196E-5,0.11815919861461004,0.8817774590053604
2788.0,0.09905081406519788,0.11145732325747776,0.6247960688460855,0.16469579383123883
3825.0,0.6141962514187456,0.37822040134304585,0.007567878590479647,1.5468647728940184E-5
3924.0,0.0053727764394883035,0.5715270039628935,0.4151327682696677,0.007967451327950507
3102.0,0.9169793509630394,0.08073571700596845,0.00227215914512985,1.2772885862267023E-5
2969.0,4.2133585695850706E-10,5.789595828282244E-4,0.07432191658221964,0.9250991234136162
3515.0,2.4096353748587436E-6,0.0331816540809727,0.7924282728365513,0.1743876634471012
3341.0,0.06110316950519351,0.6355634578447104,0.2921644404306288,0.011168932219467445
2863.0,1.0473340304727352E-4,0.45062304860040514,0.5330794865709798,0.016192731425567684
3240.0,0.7006335527444751,0.27633066805550194,0.022838364182027154,1.974150179955795E-4
3655.0,0.02472561115746962,0.9624162676962207,0.012853538772980249,4.582373329446771E-6
3883.0,0.011942664289833671,0.9429899201624202,0.0447135648810405,3.5385066670571224E-4
3726.0,0.19387732201236407,0.4724741935141907,0.3038412389520352,0.02980724552141002
3524.0,2.918375826652632E-4,0.12277258263503012,0.8221716667283424,0.05476391305396218
3046.0,0.11751416070161218,0.7636784554704549,0.11657598657825619,0.002231397249676754
3169.0,6.210430429042354E-15,8.637149948246454E-8,0.0019461259523622851,0.9980537876761321
3287.0,6.366721474397164E-4,0.06451842761606406,0.7897939670789688,0.1450509331575274
2805.0,0.580511057466864,0.40402953044378276,0.015281437254884027,1.7797483446911229E-4
2896.0,5.956777827061326E-6,0.01788343686490758,0.24836187061755885,0.7337487357397066
3442.0,2.3639129345840014E-8,2.0145418333580061E-4,0.12927574298838185,0.870522779189153
3640.0,0.04100353246536744,0.8745934796831706,0.0839176450817341,4.853427697278689E-4
3997.0,0.0025714060681567333,0.26846510799913903,0.6642001722610164,0.06476331367168792
2919.0,0.8953678899477323,0.10381724846314784,8.135990479122345E-4,1.2625412076235076E-6
3397.0,0.47367015127555623,0.4446157643159575,0.07690246737409587,0.004811617034390456
3296.0,1.8595485119463993E-8,0.011650495772362972,0.493861296888446,0.49448818874370604
4010.0,0.9985694177433336,0.0014249762699825113,5.5987984596493525E-6,7.188224409942492E-9
3599.0,1.9762178456957726E-4,0.0313708544940272,0.5101652278487542,0.45826629587264905
3769.0,0.35596576464078233,0.2004602983491216,0.3732420118240542,0.07033192518604195
3868.0,0.7478342427514014,0.1904920243540973,0.05986615424815242,0.0018075786463489008
3158.0,0.8782038383914086,0.10916427552602427,0.012436182488299015,1.9570359426807318E-4
3571.0,0.0010140806945276948,0.10850279585553367,0.7438079356666324,0.14667518778330615
3025.0,0.9535400014195848,0.04624352888650206,2.1626532721975085E-4,2.0436669329335156E-7
3231.0,1.0363337859225058E-4,0.11366523968801351,0.8402642467634552,0.0459668801699391
3386.0,0.3159355602848626,0.5323546745171572,0.1450709067816827,0.006638858416297388
2840.0,2.9544517511402524E-6,0.0037921723462358255,0.30975364847960973,0.6864512247224034
3696.0,0.9581763880109555,0.04163875459135682,1.8460448442420065E-4,2.5291326323766494E-7
4053.0,3.157060312502107E-7,0.009930502563475031,0.4493662207065307,0.5407029610239631
3939.0,0.8555268073767328,0.1420729822633617,0.0023831107452409396,1.7099614664434785E-5
3782.0,3.2226571973804403E-6,0.004111075156510363,0.44045137836773296,0.5554343238185593
2990.0,0.1498406325585809,0.39636505614768003,0.4462061447199527,0.007588166573786358
3468.0,8.12986050790026E-10,1.4158041861517492E-4,0.12096706179519623,0.8788913569732024
3113.0,1.821274461233164E-5,0.07746179576722834,0.8078914001803033,0.11462859130785602
2820.0,0.0018022109998340286,0.14123522381704615,0.6388691032506971,0.21809346193242277
3366.0,0.9787334177302074,0.02115991506731487,1.0656960856098697E-4,9.759391673243932E-8
3203.0,1.6325407536585518E-6,0.017445764625967145,0.6791465034173328,0.30340609941594643
4041.0,5.0753735871619475E-9,9.113628638074601E-5,0.34442103653618455,0.6554878221020611
3692.0,0.3873294208006985,0.5766111102133344,0.03580027613107324,2.591928548939803E-4
3802.0,1.3362448166261078E-8,6.2853981287626E-5,0.022210023263692005,0.9777271093925722
3967.0,0.12304132426714452,0.3972886406169546,0.45795475576803313,0.021715279347867825
3125.0,0.008850789429968503,0.09772353240421386,0.5162611163197757,0.3771645618460419
3472.0,1.7496874408033057E-7,0.0115225357392323,0.2936134010817169,0.6948638882103066
2994.0,0.8566948749455946,0.1405167382011354,0.002770601670378966,1.778518289117645E-5
3324.0,1.4225333161309346E-7,0.04650975496378945,0.5979314963385498,0.3555586064443291
3417.0,1.6394744432451566E-6,0.30764012043088784,0.6670163142303928,0.0253419258642761
2939.0,3.314819694357494E-5,0.018027092346312605,0.7088724241813013,0.27306733527544264
3603.0,0.3649138996707636,0.5923169246161097,0.04249990471590715,2.6927099721952083E-4
4022.0,9.21553740236351E-4,0.05103252037481781,0.6805475599146196,0.2674983659703262
3840.0,6.54446942785755E-5,0.12416783600651524,0.7844749456359655,0.0912917736632407
3749.0,3.0707767705990676E-10,1.738103038283514E-5,0.02469193153513693,0.9752906871274025
3021.0,5.067058997971242E-4,0.29580079682578253,0.6592583286845356,0.04443416858988485
3567.0,0.001141892676650088,0.2406097488231405,0.6673269766247315,0.0909213818754778
3146.0,4.973287324243594E-7,0.002226459180082473,0.40711318522925916,0.590659858261926
3730.0,5.6781462945112804E-5,0.10615566961484067,0.7389380557744164,0.1548494931477978
3895.0,5.210454328559309E-12,1.6842160406840018E-6,0.030699693137891827,0.9692986226408571
3197.0,1.9600058523610038E-8,0.004078361624421071,0.23762647728893665,0.7582951414865838
3066.0,1.198463127195295E-16,1.1697204917331652E-8,1.392423824816894E-4,0.9998607459203133
3544.0,4.422552369565645E-6,0.049034600292495754,0.6612968972680913,0.2896640798870434
3438.0,9.631250118356198E-8,0.012591385605350771,0.871760162673893,0.11564835540825494
2892.0,0.008336993014045046,0.1469158079475857,0.8086597440561843,0.03608745498218491
2793.0,0.06060290204734918,0.584377285449531,0.3130954455621228,0.04192436694099692
3275.0,7.212288695586316E-6,0.1347616909707748,0.6606723635850736,0.20455873315545606
3969.0,0.33991269880918235,0.639735572277464,0.02019173053966901,1.599983736847098E-4
3620.0,1.0721583278181991E-11,4.047977342326168E-6,0.015848742738104268,0.9841472092738318
3912.0,0.9417281866312083,0.05741956366173906,8.502022545431064E-4,2.0474525096934005E-6
3821.0,0.006581390622637299,0.3424460947283135,0.5467465346711606,0.10422597997788863
3495.0,0.677973156261903,0.31403954727196515,0.007962583790413922,2.4712675717785633E-5
2949.0,0.06099012807147746,0.06641719588601555,0.5578237679275037,0.31476890811500335
3074.0,0.05212120245060851,0.4565479397172966,0.4525565988099246,0.03877425902217029
3252.0,3.486509108125032E-6,0.03277395595433159,0.6417264945893416,0.32549606294721856
2867.0,2.764238300664727E-4,0.07212670764051471,0.871291105362451,0.056305763166967907
3345.0,3.875327252648046E-12,2.928238776421589E-4,0.3487977822713278,0.6509093938471546
3675.0,0.001286562271140894,0.13265863120065977,0.6682036449989905,0.19785116152920876
3051.0,8.210003898157585E-5,0.13154451607351555,0.690094747550087,0.17827863633741592
3529.0,0.10000032909807395,0.8634500560843343,0.036275450679598926,2.741641379928527E-4
3180.0,2.0567664597558178E-5,0.04864725271308004,0.6543995565980892,0.2969326230242331
3878.0,3.5454795562137405E-7,0.02402924565194407,0.679813089944961,0.2961573098551392
3715.0,0.38147762265501467,0.5716600092222166,0.04613556176309682,7.268063596719451E-4
3637.0,0.09979071987784048,0.8871649720759917,0.013020370764069826,2.3937282098219182E-5
3984.0,0.04264171381411697,0.5706414985153733,0.38342653165724083,0.0032902560132689403
2808.0,0.07556624775767412,0.16491330903156506,0.6217253757511382,0.13779506745962275
3290.0,0.1128250290862771,0.6448258514993068,0.2286474341504621,0.013701685263954008
3455.0,0.0010393093613692333,0.015126972037142979,0.47258959322642874,0.511244125375059
2909.0,0.22908853106686222,0.49858031990339036,0.26407441091301687,0.008256738116730656
3091.0,0.8282569849613273,0.1579334436853537,0.013495512741302403,3.1405861201646673E-4
3510.0,0.06268481934216308,0.5784024894619794,0.31213219658838326,0.04678049460747432
2964.0,0.010378122652312805,0.6687795910551629,0.3037007950207863,0.017141491271738085
3836.0,0.004455870446123532,0.1683365739352899,0.5282261131508972,0.29898144246768943
3929.0,2.2456476209702327E-7,0.007303314115504802,0.505364163868091,0.48733229745164197
3658.0,2.630368713121074E-4,0.08152573006537238,0.7223209269274912,0.1958903061358244
2850.0,0.9921670598101487,0.007800966021222825,3.1924844102229806E-5,4.932452635114919E-8
3328.0,9.126287864811278E-4,0.07971152263466186,0.7198242342011012,0.19955161437775584
3237.0,0.11418827159098159,0.4894090656165672,0.38239043384170346,0.014012228950747661
4056.0,0.9596105612718354,0.039940633127048854,4.485758854109076E-4,2.2971570471150225E-7
3218.0,1.73939567644471E-7,0.01879503696448893,0.436374446514922,0.5448303425810214
2837.0,1.059468241889942E-8,6.552514289234016E-4,0.28557526470579453,0.7137694732705996
3383.0,0.08712164499806532,0.9075550286930492,0.005321309137256281,2.017171629249843E-6
3457.0,0.28506283270889177,0.6778441262263354,0.036475034585975084,6.180064787978728E-4
2979.0,2.3909809176067486E-4,0.5489665802825555,0.4250830354600683,0.02571128616561561
3108.0,4.7051394219205673E-4,0.15525052640716136,0.7508101176656797,0.09346884198496679
3950.0,5.6360523146881695E-8,0.003413368920385043,0.5448427329852192,0.45174384173387244
3787.0,0.029348546340473965,0.17253279244297923,0.6476367078401986,0.15048195337634832
4007.0,0.004573818494818067,0.7521850326775557,0.23387641906517687,0.009364729762449564
3586.0,1.333948080879955E-6,0.007489858488658903,0.5985544681148346,0.39395433944842567
3400.0,4.4197477278058923E-7,0.00155799266307771,0.16846971956511061,0.8299718457970389
2922.0,4.475749091618429E-9,0.0034501567896859263,0.3201784637072349,0.67637137502733
3309.0,0.006420343327591886,0.19305323453530923,0.6973196327287515,0.10320678940834754
3163.0,0.0021967177033587484,0.05628650813955578,0.7920541338046582,0.1494626403524273
3036.0,3.238581213280544E-7,0.0035139613540108635,0.3159509550934031,0.6805347596944646
3582.0,2.8211404039158643E-4,0.6518730642435134,0.3342880078569333,0.013556813859161609
3764.0,7.776458587505688E-4,0.06914968797516818,0.48722843315409353,0.4428442330119878
3857.0,8.165863839472739E-6,0.3044541480296329,0.6714826187657983,0.024055067340729378
3320.0,0.004062704561727111,0.9525741860620941,0.04308343941191706,2.796699642615242E-4
3421.0,7.683117374956558E-6,0.09046205001808863,0.6487736893468691,0.26075657751766745
2943.0,1.8539688312209183E-9,0.005408984760993623,0.5281531297642637,0.4664378836207738
3607.0,0.0054270734579272345,0.3227027357055038,0.524311005432355,0.14755918540421398
4018.0,0.5223331772099686,0.3378664444445076,0.1378892006891235,0.0019111776564002545
3844.0,0.6347960383667537,0.2574984980078688,0.1006921775230714,0.007013286102306101
3745.0,1.3057469731553625E-5,0.10839517615205102,0.7938905465655269,0.09770121981269057
3017.0,0.0016269918261101902,0.2601730580185883,0.684860447582763,0.053339502572538576
3563.0,0.07408129113969424,0.8139344782702949,0.10881472529462903,0.0031695052953819754
3150.0,2.3830295109890838E-6,0.2346038191954611,0.6731909199172325,0.09220287785779538
2816.0,0.24274065355498892,0.31779983424998504,0.4207705368897593,0.01868897530526663
3362.0,9.912731353121402E-4,0.10079814212186033,0.7420424352891568,0.1561681494536708
3207.0,1.0174254592376929E-4,0.014203407339639554,0.669240052443425,0.3164547976710117
4045.0,2.4555680314468305E-4,0.6747025168126334,0.3223648586272345,0.0026870677569873695
3688.0,0.0032369807672082435,0.567959088035686,0.4065871742230938,0.022216756974011955
3963.0,0.004679192945313547,0.4093952054441259,0.5586517463527094,0.027273855257851184
3121.0,0.002216310966736852,0.4867914143187475,0.4773916699545405,0.03360060475997522
3476.0,0.9960529191955649,0.003923712890621043,2.3319592628866338E-5,4.83211851412776E-8
2998.0,0.9362256224832102,0.06270207384977482,0.0010664915338025442,5.812133212406341E-6
3916.0,2.5085944391642302E-5,0.1309478940602363,0.7617217385921333,0.10730528140323867
3817.0,2.9592068997924198E-6,0.14770140108474647,0.7332600387862642,0.11903560092208947
3491.0,0.0014756982471120085,0.1486046711629908,0.639982185206988,0.20993744538290907
2945.0,0.7158283670944805,0.2621462977846062,0.021835963656977216,1.893714639361539E-4
3078.0,6.215180357454952E-8,0.005184974460194322,0.3424260161164006,0.6523889472716015
3248.0,0.991542931630095,0.008351076476298238,1.0574251762453798E-4,2.4937598210485517E-7
2871.0,0.0021524961369453663,0.23325721484249085,0.6085639729935673,0.1560263160269964
3349.0,0.5187769570467373,0.2624912126584831,0.2100145985528086,0.008717231741971086
3679.0,0.8324112881835368,0.1594490210788915,0.00810419506656196,3.5495671009743725E-5
3734.0,1.5572558908488492E-7,0.03717341164988726,0.6551406992006152,0.30768573342390837
3891.0,0.9893378509476501,0.010004150520161632,6.518244118557463E-4,6.174120332569461E-6
3193.0,0.8273968107230817,0.16286520943446295,0.009676329124262723,6.165071819260015E-5
3548.0,4.474029310085223E-9,0.007320066843898122,0.42932131262563866,0.5633586160564339
3434.0,0.0021419430818562586,0.01548743538322737,0.6657580420467646,0.31661257948815186
2888.0,1.47546629975753E-4,0.03806617205260336,0.5551599326010084,0.4066263487164125
2797.0,6.724920602296938E-7,0.2701426097237607,0.7268080309623124,0.0030486868218667145
3279.0,0.1551589214603722,0.7626518731196433,0.07799315929402088,0.004196046125963728
3973.0,1.9247947378988962E-10,1.4838016499599577E-4,0.12974473613102028,0.8701068835115043
3616.0,9.402009473784284E-4,0.04218883938080081,0.8520879220078933,0.10478303766392744
3095.0,0.07855270700959034,0.8637896268253156,0.056614882692751084,0.0010427834723429677
3506.0,1.66562337511174E-6,0.0067322717312821405,0.6882275375469498,0.305038525098393
2960.0,0.11962856935506255,0.6547925316714105,0.21560425446357,0.009974644509956871
3832.0,0.8761902170303546,0.1211501737515654,0.00265309088405792,6.518334021953528E-6
3933.0,0.22024072708352166,0.7752296344333226,0.004511366089318828,1.8272393837055003E-5
3662.0,1.6752686591961608E-7,0.0020924504750180826,0.6687991938110116,0.3291081881871044
2854.0,2.801703307607774E-4,0.02710946906994891,0.7440503303148516,0.22856003028443864
3332.0,5.265455335476644E-4,0.42492975082703954,0.5691711162904807,0.005372587348932066
3233.0,0.024341118581268386,0.8555872458282865,0.11592142495765269,0.004150210632792371
3055.0,4.9728880566082966E-12,5.178274899807146E-6,0.013536350648598636,0.9864584710715286
3533.0,9.290490444997825E-10,3.643127052280765E-5,0.11010097742560314,0.889862590374825
3176.0,3.765239721116776E-15,7.327651587528371E-8,0.005979403413972782,0.9940205233095076
3874.0,0.004224971479092352,0.5831470434705217,0.40527204591703675,0.007355939133349232
3719.0,0.08199800575712012,0.9044946357628416,0.013481014395062824,2.6344084975362647E-5
3633.0,0.006482485379318345,0.8853134509108409,0.10620736909036667,0.0019966946194740257
3988.0,0.025468227809950148,0.7629573637914411,0.2068960788415962,0.004678329557012724
2812.0,0.33585787233754294,0.5279981707722555,0.1338132124727514,0.0023307444174501873
