3067.0,0.0015570683336149414,0.048045455258720726,0.16064671766670285,0.7897507587409615
3545.0,0.0029360937215007375,0.0911970474100919,0.533478523328315,0.3723883355400924
3731.0,0.03017364906715037,0.7097405732167754,0.2523882943115522,0.00769748340452192
3894.0,0.017088618840870637,0.6323723619692092,0.3165370874624179,0.03400193172750232
3968.0,5.860712843764693E-4,0.04200046455113701,0.3254646850492472,0.6319487791152395
3621.0,3.954387884242592E-7,4.450155203937114E-5,0.004117386486495551,0.9958377165226766
3439.0,0.01581516802105583,0.20795083397511624,0.2698166244914366,0.5064173735123914
2893.0,0.7518693499894935,0.2245842893005454,0.023390469674382845,1.5589103557832427E-4
2792.0,0.0018964438835395228,0.14405773053333168,0.6434868645882379,0.21055896099489077
3274.0,0.24183205333887603,0.6335756900554378,0.11978017774289434,0.004812078862791924
3494.0,0.05963422373207324,0.6376180647845008,0.2875826192528871,0.015165092230538975
2948.0,1.398035612294398E-5,0.001575021060026458,0.03890336343956728,0.9595076351442834
3075.0,0.006889086845284822,0.1975286865139507,0.7710259389409364,0.024556287699828167
3913.0,0.007705482014102847,0.14017541857965435,0.6891738315933084,0.16294526781293453
3820.0,0.006252984761238794,0.5553736101726217,0.29792408312862456,0.14044932193751505
3674.0,0.014413457307135447,0.36422792091067013,0.5840999296759487,0.03725869210624587
3253.0,5.379089157463373E-4,0.021411039883819743,0.10298260524000391,0.87506844596043
2866.0,0.49652987803700127,0.3341943728722521,0.165002386279682,0.004273362811064673
3344.0,0.002586510204855179,0.023670557883372818,0.6927828434294313,0.28096008848234066
4040.0,1.664375187796669E-4,0.004631830164214374,0.07303765955187333,0.9221640727651327
3693.0,0.03907967715412123,0.3668565201877948,0.41821683830169337,0.17584696435639063
2821.0,5.900448900933375E-4,0.04698764220697318,0.2120761327320339,0.7403461801708995
3367.0,0.0024989902658087942,0.1282973491039617,0.7637407037669827,0.10546295686324683
3202.0,2.4088588751021165E-6,1.2530766265322684E-4,0.008563093245751446,0.9913091902327203
3124.0,2.4933329720850273E-4,0.006646554021983838,0.18173795530387052,0.8113661573769372
3473.0,0.01168960922991612,0.2413625305159178,0.41493405727087074,0.33201380298329547
2995.0,0.45094308967065583,0.2776636241129145,0.24070534826303988,0.030687937953389737
3803.0,0.8717567260532468,0.11915657477468639,0.009014230248183366,7.246892388339088E-5
3966.0,0.006503683608066865,0.13549381615233097,0.7415244927544893,0.11647800748511292
3602.0,5.236691379034035E-5,0.0017415261920477037,0.062369310248254026,0.9358367966459079
4023.0,5.430827776936709E-4,0.050171939238026604,0.5312692098355979,0.4180157681486819
3325.0,0.0010141464291032222,0.04588647422815957,0.5094005746992625,0.4436988046434748
3416.0,0.0316668569008539,0.1706354238333506,0.5598356371947473,0.23786208207104817
2938.0,0.18791822644820774,0.4047177093303779,0.36632194949606256,0.04104211472535161
3020.0,0.3147154550106496,0.5287408093405446,0.1513156817929002,0.0052280538559055225
3566.0,0.05353558616279254,0.46717079852364013,0.46417273293314676,0.015120882380420501
3147.0,7.391973107788777E-4,0.06545673027047788,0.3903144040228682,0.5434896683958751
3841.0,0.10342708319483863,0.730456428939113,0.15793864760876627,0.008177840257282005
3748.0,7.254676130343691E-5,0.006573615398619466,0.14756725519406663,0.8457865826460105
3219.0,0.00304809511934158,0.076893469394967,0.7925267579050319,0.12753167758065942
2836.0,0.0056017264870398915,0.09357991621144769,0.7444422099256137,0.1563761473758988
3382.0,0.001646586935041921,0.03847096605640396,0.3938919873472368,0.5659904596613173
3708.0,0.004796028238641229,0.111906462370661,0.6933818578569976,0.18991565153370032
4057.0,0.2802012194822695,0.44735978529443077,0.26442212171991386,0.008016873503385894
3951.0,0.019874069745147348,0.12401557576426854,0.6033952830433059,0.2527150714472783
3786.0,3.4422697313024635E-4,0.0016163412591584966,0.06828402490204112,0.92975540686567
3456.0,0.10984822089330407,0.29939655041469865,0.4731611112122538,0.11759411747974349
2978.0,0.01053147649451889,0.12114521829979184,0.6314842946947647,0.23683901051092449
3109.0,0.5419925889359954,0.429581852007256,0.028324162529186375,1.01396527562007E-4
3401.0,0.6179701151058292,0.34859827895763734,0.03312127004250955,3.103358940240105E-4
2923.0,0.022077393394300145,0.24140086366811286,0.5112716351316392,0.22525010780594787
3308.0,0.02146268846756205,0.6548798479245929,0.32006567084899107,0.0035917927588538707
4006.0,0.2485990658878815,0.6639915998899493,0.08610940615446436,0.0012999280677050684
3587.0,0.8717567260532468,0.11915657477468639,0.009014230248183366,7.246892388339088E-5
3765.0,0.1961568622687305,0.5444678261051652,0.23818873623114076,0.021186575394963617
3856.0,0.07611186464389914,0.1981959837002227,0.5443254303602078,0.18136672129567036
3162.0,4.62444431279111E-4,0.022822094918068393,0.531395221913588,0.4453202387370646
3037.0,0.00143896848780319,0.03620136786320462,0.515394068096267,0.44696559555272514
3583.0,0.03401631247611436,0.163886047352207,0.6333189600564666,0.16877868011521222
3879.0,0.014003170531424811,0.2057423623396308,0.48729634656341436,0.29295812056553
3714.0,0.631382521599573,0.3416681179073879,0.026802374932886102,1.469855601531145E-4
3050.0,0.012061097082331511,0.2547931029355983,0.5231910120425798,0.20995478793949038
3528.0,1.8359886600514827E-4,0.006288580570655429,0.1219153173029293,0.8716125032604101
3181.0,0.0072506870195201325,0.04177042135416847,0.37791091421541556,0.5730679774108959
2809.0,0.8781733076376069,0.11554078623068703,0.006226645147191463,5.9260984514526054E-5
3291.0,0.6774986978985591,0.3059570221484566,0.016373368263176896,1.7091168980758092E-4
3454.0,0.015501615502692707,0.11114372756374724,0.7565307280195173,0.1168239289140428
2908.0,0.40685385283673847,0.48767024061305375,0.10154652534779209,0.003929381202415718
3636.0,0.5949716502402352,0.37174885494288945,0.03238372980506564,8.957650118095437E-4
3985.0,0.06833961639995256,0.4219097946501898,0.4736182749440666,0.03613231400579108
3837.0,0.00301506724854232,0.055273949951907674,0.7882355052196287,0.15347547757992122
3928.0,0.004809747374939452,0.06930406649929023,0.6110127939924916,0.3148733921332786
3090.0,2.332774039001618E-5,0.0018697022119562026,0.07680538386740104,0.9213015861802527
3511.0,0.013228334132507978,0.09694270874375627,0.4786127388102493,0.4112162183134866
2965.0,0.05971138447617445,0.622144691419787,0.28748943172846203,0.030654492375576582
2851.0,0.06173657158468203,0.6961020889864785,0.23542499342890885,0.006736345999930495
3329.0,0.39599276466756717,0.5172802913212589,0.08484001780583711,0.001886926205336942
3236.0,0.0037131396233453418,0.226998041537282,0.733701014563428,0.03558780427594471
3659.0,0.015275782720319543,0.24924905832269842,0.632875232111269,0.10259992684571302
3490.0,0.11083199995323297,0.18868305296790586,0.5350497050863265,0.1654352419925346
2944.0,5.685520318213818E-4,0.06705138484877018,0.5682321757497532,0.3641478873696552
3079.0,0.012758850478002093,0.21113544990483854,0.7174937220420622,0.05861197757509716
3917.0,1.337856837358624E-4,0.008590756182953763,0.5392379792173985,0.4520374789159119
3816.0,0.005515668549561104,0.43031133220071693,0.546135948169348,0.01803705108037401
3678.0,0.20785635612678022,0.3262938449272436,0.44421508207529165,0.02163471687068448
3249.0,6.411136012548565E-4,0.013939847708654503,0.10402444558450513,0.8813945931055855
2870.0,0.05051805219394845,0.33828889943527174,0.5848172666347388,0.02637578173604096
3348.0,0.37802829286152595,0.5153945677498787,0.10363662028075998,0.0029405191078353825
3192.0,0.3832122337594827,0.5108156000267837,0.10348573542283669,0.002486430790896748
3071.0,0.03405894191855759,0.15405142474932212,0.6380653590064659,0.1738242743256544
3549.0,0.08607235086230189,0.6018269848930667,0.3094820650510884,0.0026185991935429413
3735.0,0.0680168733540161,0.7130057417920664,0.19663637688995073,0.022341007963966632
3890.0,0.024441033550609594,0.24846742188938944,0.6712117401252382,0.05587980443476274
3972.0,4.6919440550914794E-4,0.05155830281967507,0.8686321889645849,0.07934031381023099
3617.0,1.7270716338967765E-4,0.0016673086202225434,0.11207746607046373,0.886082518145924
3435.0,3.684148681312055E-5,0.006659950703644781,0.1512024477877723,0.8421007600217698
2889.0,7.80473076254649E-6,6.014763584055537E-4,0.026926119351059968,0.972464599559772
2796.0,4.249144664152775E-4,0.06841902996776848,0.6175635230213314,0.3135925325444848
3278.0,0.04666847094107543,0.1368307773421697,0.5644999184604896,0.25200083325626516
3606.0,3.7025845549887895E-4,0.051614718822589174,0.8065432445820114,0.1414717781399006
4019.0,0.0012325111293114111,0.05482879217966747,0.4896610644936673,0.45427763219735384
3321.0,4.6004541786389444E-4,0.029660470791022485,0.29400310297958027,0.6758763808115335
3420.0,0.41592606256539116,0.5012348684942256,0.08216074768395852,6.78321256424937E-4
2942.0,0.33548610043879457,0.557601585418429,0.10617355365106398,7.387604917125167E-4
3016.0,0.42675620659339736,0.14357358825437783,0.4031902452348143,0.02647995991741055
3562.0,0.010826448651638771,0.126396343965395,0.4319020856738226,0.4308751217091436
3151.0,0.454848695012221,0.44930221740306253,0.09479566639885713,0.001053421185859289
3845.0,0.3492822172169915,0.513331327999736,0.13096295967550783,0.006423495107764741
3744.0,0.012575541534676762,0.38794121722612174,0.5307562429196215,0.06872699831957998
4044.0,8.155076015895728E-5,0.005949480322281867,0.13683141954984646,0.8571375493677127
3689.0,0.005072767022587662,0.04884902650308566,0.1979377009662794,0.7481405055080472
2817.0,0.003985550887278668,0.16352797812708575,0.5958708935921126,0.23661557739352304
3363.0,0.004721847473413509,0.15162693245614894,0.5391980671347185,0.30445315293571906
3206.0,0.43449963732576313,0.5241188632194603,0.04027021670825203,0.0011112827465244736
3120.0,0.008875354031521438,0.231518511260781,0.5064545256367023,0.25315160907099526
3477.0,1.239339625750235E-5,5.823108762982444E-4,0.021219076805372775,0.9781862189220715
2999.0,0.029194370335181265,0.2557751365071216,0.5042872469905638,0.21074324616713344
3807.0,5.335400492989372E-4,0.035263545885451504,0.7924689586326135,0.17173395543263617
3962.0,2.401483804017104E-4,0.024621207136376503,0.7120989078091895,0.26303973667403224
3405.0,7.68146525422312E-4,0.014884339751696197,0.2622008599288811,0.7221466537940002
2927.0,0.18077479425610454,0.198020757017059,0.5617580906070171,0.05944635811981931
3304.0,0.001439053040243797,0.17552008023391827,0.6730300346444659,0.15001083208137217
4002.0,0.0011250954073173248,0.02750868078353135,0.41546496786655396,0.5559012559425973
3591.0,0.6402417316492859,0.3409965728476764,0.018719699714632852,4.1995788404966306E-5
3761.0,0.024648119761713723,0.187762430696481,0.4321526438683541,0.3554368056734511
3860.0,0.0017011695763234208,0.03164225971924943,0.46579088747031955,0.5008656832341076
3166.0,0.5320216698646992,0.3916101314284517,0.07268552254951517,0.0036826761573340813
3033.0,0.009900566566254728,0.058827639846775685,0.28037545074902004,0.6508963428379496
3579.0,6.343124510901884E-4,0.06954474956727737,0.8156359986731128,0.11418493930851976
3223.0,0.004667828129506518,0.04191313457697647,0.4242584272562565,0.5291606100372607
2832.0,4.235713539805824E-4,0.11619322821293969,0.4427092745930104,0.44067392584006937
3378.0,4.9882988499680853E-5,0.01482063598458064,0.42892044112391603,0.5562090399030036
3704.0,0.6602377980073243,0.3112790133431115,0.028337779358775322,1.4540929078900343E-4
4061.0,0.004797502946447483,0.07606608357755744,0.4086171093384701,0.510519304137525
3947.0,0.00170804199636041,0.07941377842233066,0.305157898792589,0.6137202807887199
3790.0,0.028533105430273736,0.31495124451278333,0.5197448689686321,0.13677078108831073
3460.0,8.202937963658871E-5,0.006276283354429907,0.05902500985038871,0.9346166774155448
2982.0,0.018478442704614784,0.11592849011258834,0.6093895893375272,0.25620347784526964
3105.0,0.052559837486435744,0.5712203940811127,0.34369956515415934,0.03252020327829205
3833.0,0.0011128787279177947,0.03486101765683577,0.3218079218787988,0.6422181817364476
3932.0,0.0010308435609050056,0.037753111711009105,0.21549248444764227,0.7457235602804436
3094.0,0.004121864487998312,0.05432250454573559,0.51363425828378,0.4279213726824861
3507.0,0.6053744803633945,0.36820150070929303,0.026264780314966475,1.5923861234599156E-4
2961.0,0.2243622030216501,0.35604012421523007,0.3847381916259366,0.03485948113718322
2855.0,0.7318900465536982,0.23904646110306,0.028547396033372013,5.160963098700422E-4
3333.0,0.18685419987237736,0.7450523357727713,0.06621548757480562,0.0018779767800456764
3232.0,0.02216530740417293,0.6329578530394053,0.3108049138068752,0.03407192574954658
3663.0,5.998943820135531E-6,0.0013051861822456494,0.031039020845454995,0.9676497940284793
3875.0,0.007691216599396731,0.10124563608027669,0.566759365699522,0.32430378162080464
3718.0,0.003416314307833498,0.20314032114173025,0.15753219111020053,0.6359111734402357
3054.0,0.016809006089035353,0.5667094714547715,0.389753025454086,0.026728497002107124
3532.0,8.791143097246512E-4,0.021993216992102802,0.12527749778345387,0.8518501709147186
3177.0,2.561158402235258E-4,0.022389565218352222,0.3283777061639934,0.6489766127774309
2813.0,0.08099989869632211,0.42266060000968647,0.4411015496461908,0.05523795164780057
3295.0,9.131194385413957E-5,0.002748285886303549,0.09859625660341274,0.8985641455664296
3450.0,0.04479558018543071,0.8431738102164023,0.1097712259759976,0.00225938362216949
2904.0,0.07480035944043506,0.1477118145996521,0.6301236815125983,0.14736414444731444
3632.0,0.019529786923641414,0.4465818887722557,0.5042243960631053,0.029663928240997506
3989.0,0.08749545394817963,0.5659512611801725,0.32265251436106196,0.023900770510585728
4032.0,0.001338936930649979,0.09531928276313124,0.3835719801715289,0.51976980013469
3685.0,0.0012330637408487313,0.025710848523873425,0.4388130021568526,0.5342430855784253
3375.0,0.23622420402706742,0.7136867930633859,0.04915174387658464,9.372590329618068E-4
2829.0,7.020985129413094E-5,0.00561988262524802,0.08578086240402293,0.9085290451194349
3210.0,0.10978101032407539,0.7687442727042737,0.119068750195064,0.002405966776586936
3132.0,6.850241274411791E-5,0.004015495859912796,0.0695560902273161,0.926359911500027
3003.0,0.010644634189308753,0.8605882865027831,0.12646160240280457,0.0023054769051036685
3481.0,0.7404991636396883,0.2316103483194726,0.027266719105612975,6.237689352259505E-4
3795.0,3.15358689492301E-4,0.024738133665788534,0.44923247721755954,0.5257140304271597
3958.0,3.8845842819769665E-4,0.12623273198539195,0.35704974475155377,0.5163290648348565
3610.0,1.2619043504722205E-4,0.008697544816613155,0.16284200113305122,0.8283342636152884
4031.0,0.40388211448018596,0.2866750498395477,0.2879769089402014,0.021465926740064863
3317.0,0.005263037188861076,0.08913023265240617,0.40536395713869694,0.500242773020036
2930.0,0.01772833619984603,0.40245757211539895,0.473805399160893,0.10600869252386191
3408.0,0.08755770445292305,0.36066905170518854,0.4950033348690085,0.05676990897287994
3558.0,0.8597891121335941,0.12760650461157347,0.012434763922691277,1.6961933214112166E-4
3012.0,0.01305518224251022,0.5749530090605041,0.39807127699069184,0.013920531706293919
3139.0,0.15176534077311318,0.7355833699911347,0.10876828380031806,0.0038830054354340154
3849.0,0.8227124835787584,0.15075499412662385,0.026239735931920378,2.9278636269727674E-4
3756.0,0.45334490369380204,0.5207456380053445,0.02589050118484004,1.8957116013517137E-5
3188.0,0.03027937428295646,0.499842929630776,0.42439532667945457,0.04548236940681303
3537.0,0.8454883834592607,0.14247300623307324,0.011989850797645443,4.875951002082211E-5
3059.0,0.0020630188982210507,0.021380620195957763,0.32171670714129247,0.6548396537645287
3739.0,4.042170460593729E-4,0.025201225098206784,0.7495711923423926,0.2248233655133412
3902.0,8.583440629581561E-5,0.006832414340304857,0.37316804544906806,0.6199137058043311
3976.0,0.39048869683742843,0.5051519144057267,0.09053063468628941,0.013828754070555565
3629.0,0.8083581548863705,0.18598295306963109,0.005553695254414115,1.0519678958426829E-4
2885.0,2.807082109805335E-4,0.057867828551303666,0.1730828699215466,0.7687685933161692
3431.0,0.06798222091167075,0.7591616142775514,0.16602920358885362,0.006826961221924235
3266.0,0.0014939523732319614,0.05827218882271922,0.2889418551109356,0.6512920036931132
2956.0,0.013477622462760014,0.28705048674020883,0.6098275028479105,0.08964438794912051
3502.0,2.0234101128351861E-4,0.05713710388666585,0.7795216153000262,0.16313893980202435
3083.0,0.02364580880941457,0.5846439696542406,0.3297426292483401,0.06196759228800475
3905.0,0.34773965751212016,0.5416863095131236,0.1056123741623093,0.004961658812446934
3812.0,0.0020512408463076465,0.1618760092029261,0.7119350601520963,0.12413768979867001
3666.0,0.004918800300921978,0.3299959402824648,0.632290773881123,0.032794485535490206
3261.0,0.3033845200201766,0.5680001242506307,0.12386128010473986,0.004754075624452715
3352.0,0.02152519590945663,0.089412625087697,0.5514066639062251,0.33765551509662134
2874.0,0.0027961213466041516,0.06807597001873415,0.7547441688042935,0.1743837398303683
3887.0,0.003596506201687373,0.09328445913953355,0.350446713879065,0.5526723207797142
3722.0,0.04562166156100053,0.48271045265736495,0.38433263603378065,0.0873352497478537
3520.0,0.06899640332173936,0.8305764498241295,0.09760764966126924,0.0028194971928617797
3042.0,0.22737182871038958,0.6574743083170369,0.10896305352530312,0.006190809447270284
3173.0,0.002155154321625248,0.18231567140565239,0.41017790462285525,0.4053512696498672
3283.0,0.013877470860320311,0.10652999783935492,0.3343674826874617,0.5452250486128629
2801.0,0.0019818815924879875,0.13034433841507473,0.5305074762962214,0.33716630369621586
2900.0,0.017624685795049642,0.15237632657134886,0.7131493400854519,0.1168496475481495
3446.0,0.6197523091144048,0.348101646525669,0.031926040133838804,2.2000422608750748E-4
3644.0,0.4365413385420837,0.2999318377276747,0.2600115850810931,0.003515238649148563
3993.0,0.12769831667870665,0.5256081101678383,0.28563866109981867,0.06105491205363627
3829.0,0.0020918235986675977,0.04445952465875089,0.422270560549282,0.5311780911932995
3920.0,0.12907290716138636,0.26266327048012017,0.5735385044011914,0.03472531795730209
3098.0,8.990242075292364E-4,0.06820595578381024,0.6996753775024668,0.23121964250619384
2973.0,0.7702947105954171,0.20027986468410094,0.028851469571671656,5.739551488103078E-4
3519.0,0.3668416851293921,0.4257695600322971,0.19507090335593977,0.012317851482371084
3337.0,5.844922557656872E-4,0.014189105477703738,0.29358150637640346,0.691644895890127
2859.0,1.9450740968541224E-4,0.015875239555202415,0.15367133368658117,0.830258919348531
3244.0,3.4246117362060293E-4,0.0703173604784257,0.17619135842231828,0.7531488199256354
3651.0,0.06858873592585556,0.35504830498264794,0.3855746794341239,0.19078827965737266
3227.0,0.0030131915604821257,0.02140399907314066,0.746231401614212,0.22935140775216514
3390.0,0.2007688466891482,0.6060830540632302,0.16299946293049297,0.030148636317128507
2844.0,0.1060427097080596,0.6310526871548016,0.25298397279501167,0.009920630342127125
3700.0,0.5591095607014545,0.3982663706191471,0.042344974038936,2.7909464046248385E-4
4049.0,0.10732665080891737,0.3127254251431858,0.43502944315736486,0.14491848089053205
3943.0,0.0011829350990136987,0.052107766541612824,0.6761390622645188,0.27057023609485464
3778.0,0.004718682180448837,0.0766667515435058,0.7074168980079534,0.21119766826809197
2986.0,0.004437350761664723,0.05663840490418044,0.5171530413172492,0.4217712030169056
3464.0,0.012553503031002194,0.44371367349283714,0.45828305842686884,0.08544976504929183
3117.0,8.92066237298006E-5,0.012904414531844582,0.2832606872452429,0.7037456915991828
2915.0,0.4681465704991282,0.4921128364661013,0.03952916026903897,2.1143276573136157E-4
3300.0,1.4713132757146875E-4,0.005344983194666298,0.09048726529650998,0.9040206201812523
4014.0,4.5671244200528394E-5,0.004153605808038523,0.08285451778742195,0.912946205160339
3595.0,0.02250533301837524,0.17051433605321203,0.23900776960573736,0.5679725613226754
3773.0,0.03296381474823845,0.4198496778405323,0.4897004365090445,0.05748607090218479
3864.0,1.0568978746113491E-4,0.002109174935217932,0.07274569284037508,0.9250394424369458
3154.0,0.00512034684548179,0.3249593202496227,0.4884102656927379,0.18151006721215748
3575.0,0.17575392288093541,0.7029988746192407,0.11879186505497975,0.0024553374448440493
3029.0,0.092257529003843,0.6260331360142569,0.26604896697625835,0.01566036800564181
3614.0,0.1783364418314138,0.6623787255108748,0.15254645340151152,0.0067383792561997845
4027.0,0.013568001901896725,0.09708017102436546,0.540075508544119,0.3492763185296189
3313.0,0.08173948528956984,0.4175640389718028,0.49524839724156816,0.005448078497059274
2934.0,0.01716108828234916,0.3621279448636154,0.2805893165704298,0.3401216502836058
3412.0,0.011145029080453155,0.11951635857328362,0.6909335550214142,0.17840505732484915
3554.0,0.18397969703750836,0.7729841178256527,0.042185785248563853,8.503998882751658E-4
3008.0,0.004005144213068216,0.04891411540006467,0.5005137113910455,0.4465670289958214
3143.0,0.3333707119664005,0.6135302221448596,0.05215555286557668,9.435130231632957E-4
3853.0,0.05128058444369114,0.2737523478346543,0.5829092418561238,0.09205782586553077
3752.0,0.5730715923386858,0.3923340939310399,0.03351557687325093,0.00107873685702344
4036.0,0.0013408526803582262,0.06568389497317073,0.5665065621416392,0.36646869020483186
3681.0,0.012322423112452898,0.40957311835740307,0.4444981672795852,0.13360629125055892
3371.0,4.818799819269702E-4,0.2254491639422684,0.7141885125131358,0.059880443562669
2825.0,0.0027482120792914045,0.07665862823172596,0.8397916929042927,0.08080146678469002
3214.0,0.8586584614675018,0.1374409546187814,0.0038799188186856032,2.0665095031341235E-5
3128.0,0.006587900773431739,0.09824172637199705,0.23884931667662349,0.6563210561779478
3007.0,3.513078901661239E-5,0.00203764794225014,0.10610315621114993,0.8918240650575833
3485.0,0.04657959523882622,0.8621716158942149,0.08955799340259007,0.0016907954643687103
3799.0,0.010629094800276326,0.1869505126685749,0.709560435100721,0.09285995743042781
3954.0,4.879777168513566E-4,0.009854234558341068,0.10658226510455705,0.8830755226202506
2952.0,0.017927667977857942,0.16338154345530284,0.6753840389414218,0.1433067496254173
3498.0,0.002483456912501923,0.18204794459292514,0.4238895704096022,0.3915790280849708
3087.0,1.810269000468616E-4,0.007023769378779089,0.11561895737192622,0.8771762463492478
3909.0,0.36929767488510684,0.529078223411574,0.09887766162282603,0.0027464400804932854
3808.0,1.2735109202142812E-4,0.009326983431825994,0.37474281561377437,0.6158028498623782
3670.0,0.04077202180365469,0.2048788242257217,0.5126600743520257,0.2416890796185978
3257.0,0.007118465436897561,0.5325965736295354,0.37192759534077113,0.08835736559279589
3356.0,8.870765106607963E-4,0.09977166017699299,0.7313794482675261,0.16796181504482
2878.0,0.02564054082224589,0.16986163810178578,0.6217499062564644,0.1827479148195038
3184.0,0.15257584028181764,0.4366229335983849,0.3582622768111077,0.05253894930868968
3541.0,0.005527475937103009,0.31697572550161335,0.5006805395519965,0.1768162590092872
3063.0,0.002499208939756142,0.08871293425998181,0.5853824613711749,0.32340539542908714
3743.0,0.23645295135547512,0.4956212236680992,0.24248594210368166,0.025439882872743926
3898.0,0.01822820591408254,0.7859665389313308,0.18556808415243742,0.010237171002149274
3980.0,0.0035255578042359217,0.2803937039711151,0.4762902625025366,0.2397904757221125
3625.0,0.030162303947043813,0.14210648451856672,0.35930476379731396,0.4684264477370754
2881.0,0.01155299674641247,0.14934163894963434,0.7854939655747583,0.05361139872919494
3427.0,0.6778469284405557,0.2360804056812442,0.07872993330173578,0.007342732576464267
3270.0,0.0014243418951353014,0.037521512050109354,0.41097581413978485,0.5500783319149705
2788.0,0.17252731428436296,0.11957860685627081,0.44700308180995946,0.2608909970494067
3825.0,0.3887013949840565,0.5858188075622035,0.02539158900072253,8.820845301749059E-5
3924.0,0.005792413947679578,0.5070004398381731,0.4383850573668341,0.04882208884731326
3102.0,0.5757851106804958,0.3965384442592557,0.027527377502755943,1.4906755749232513E-4
2969.0,3.7654744977442547E-6,0.0015573823273677175,0.04857823269987258,0.949860619498262
3515.0,0.0027827127967714766,0.14328862739825451,0.739184479370653,0.11474418043432104
3341.0,0.0554356110233956,0.5264919634845143,0.2845451862232139,0.13352723926887608
2863.0,0.009977943618150556,0.2849587131765535,0.4496831317007731,0.2553802115045228
3240.0,0.32216298623518136,0.42777107038938,0.23656530644770735,0.013500636927731374
3655.0,0.07150737059392519,0.5473213914690775,0.3751241841480088,0.006047053788988387
3883.0,0.13726354324006035,0.7638953897546042,0.0979581357699845,8.829312353508142E-4
3726.0,0.31857382538949347,0.5145996606361041,0.16048263566335083,0.0063438783110515385
3524.0,0.011859566170928487,0.24471806658794007,0.6463687393097676,0.09705362793136389
3046.0,0.06531975595603393,0.601678226133322,0.31621651999882916,0.01678549791181491
3169.0,6.598829837470484E-6,0.0010051683572467269,0.06697040231409254,0.9320178304988234
3287.0,0.07128983075786215,0.19099210590623655,0.5812106966619641,0.15650736667393714
2805.0,0.43793802376107305,0.5075652403792433,0.053270506556314656,0.0012262293033688681
2896.0,0.0031419616182785594,0.10217955940068883,0.46911944275183437,0.42555903622919833
3442.0,0.00670967160917526,0.11233128233050596,0.4582815288090717,0.4226775172512471
3640.0,0.14544174178680094,0.7822733004330772,0.07166174400383836,6.232137762835898E-4
3997.0,0.017917675965121435,0.25602918436298283,0.6247253507035135,0.10132778896838224
2919.0,0.7225552291381869,0.26203753542167396,0.015014894018371049,3.9234142176796906E-4
3397.0,0.4038551852867909,0.44178344483056275,0.1331232245918498,0.02123814529079669
3296.0,0.001161048948531896,0.10336086714510755,0.5087782633275865,0.3866998205787741
4010.0,0.8717567260532468,0.11915657477468639,0.009014230248183366,7.246892388339088E-5
3599.0,0.054720260459835246,0.3455790110548806,0.48511683435012765,0.11458389413515636
3769.0,0.5259955838599331,0.31998473092420565,0.15087058798622255,0.0031490972296386154
3868.0,0.5746596401846279,0.32811982442195037,0.0959665108869902,0.0012540245064314901
3158.0,0.16269974676774684,0.4984271585849114,0.33421144419275955,0.004661650454582231
3571.0,0.025899142530798936,0.6539741045037193,0.276725504926632,0.04340124803884973
3025.0,0.32982160120434084,0.6240746664916519,0.044674945745707635,0.001428786558299568
3231.0,0.003190091158430559,0.1578038653773038,0.8033500875751772,0.03565595588908852
3386.0,0.1999440090301114,0.6258267727725123,0.1700431878519324,0.004186030345444006
2840.0,0.0033916961220719073,0.036472407248105104,0.35772753243004984,0.6024083641997731
3696.0,0.6117572245541876,0.3701246435880942,0.018015794799720777,1.0233705799750345E-4
4053.0,4.8484629081488214E-4,0.02751064378253543,0.2596559054756469,0.7123486044510028
3939.0,0.6760104696548888,0.2913237402140493,0.032513547336196096,1.5224279486581338E-4
3782.0,0.0021821980825378925,0.03283691605463231,0.6678414838223623,0.2971394020404676
2990.0,0.05798558111435288,0.3904752495906683,0.4666674711098834,0.0848716981850954
3468.0,1.875925181281164E-4,0.014233680778449869,0.3530304412241649,0.6325482854792572
3113.0,0.003449522220033051,0.22052447143082787,0.7130512425011121,0.06297476384802696
2820.0,0.016812250504956144,0.21487735627153065,0.6621889967893062,0.106121396434207
3366.0,0.2778463393422467,0.5465251841126321,0.1698301894035344,0.005798287141586976
3203.0,0.0024760170755046855,0.12687565644499543,0.788671668155926,0.0819766583235738
4041.0,1.990797528248128E-4,0.004404997462940349,0.3544732600063523,0.6409226627778825
3692.0,0.36339784198613473,0.5537643807979793,0.07735789390749977,0.005479883308386356
3802.0,7.68212804645191E-4,0.00423365960949468,0.05366888947845533,0.9413292381074048
3967.0,0.010874552999383988,0.08155799965964511,0.8686349978911686,0.038932449449802425
3125.0,0.02168076026277613,0.1819946373433565,0.6706690999592991,0.12565550243456824
3472.0,2.4315169679122158E-4,0.01824427557328184,0.07585890268291928,0.9056536700470076
2994.0,0.6907675869605023,0.286218056077216,0.021979628288905508,0.00103472867337612
3324.0,5.701471850751806E-4,0.0787874724354212,0.26038543572169787,0.6602569446578058
3417.0,4.4027879310076887E-4,0.11053219901657556,0.684162389277422,0.20486513291290157
2939.0,0.006518578392684568,0.11040992053471785,0.8408981241603096,0.04217337691228805
3603.0,0.1093429616932284,0.6253174759613429,0.22765982110408167,0.03767974124134708
4022.0,0.00835056348316169,0.13516550565238591,0.7414186212852447,0.11506530957920771
3840.0,0.002506506513615468,0.12760191943218557,0.609823684730957,0.26006788932324204
3749.0,4.900316626623916E-4,0.01641634892588189,0.2611210972140338,0.721972522197422
3021.0,0.006054875505991846,0.18267268030827363,0.7210599413581762,0.09021250282755845
3567.0,0.012704099849227077,0.28702325745926116,0.6171606513711513,0.08311199132036058
3146.0,0.0022850846199247857,0.04355575090041567,0.7899280549802222,0.16423110949943726
3730.0,0.002928333868519639,0.14190018165396298,0.7638335315733762,0.09133795290414129
3895.0,3.528242007847695E-5,0.001979246560036978,0.06134878855994937,0.9366366824599351
3197.0,6.069714078727522E-4,0.03550896861224654,0.3758159545357207,0.58806810544416
3066.0,7.688028282418638E-6,0.00131779207733899,0.030864892793800825,0.9678096271005777
3544.0,0.0021454342031843577,0.14021216200903497,0.5152824671993173,0.3423599365884635
3438.0,4.093023093750988E-4,0.08088890923184089,0.8821706646125188,0.036531123846265126
2892.0,0.043406530091655245,0.17031096688765382,0.6584132851792347,0.12786921784145627
2793.0,0.14825395302409206,0.5865455921053698,0.23321720906020815,0.031983245810330144
3275.0,0.004456576272591254,0.3523743143690191,0.5852467429278131,0.05792236643057658
3969.0,0.24031741209458093,0.5853741364355203,0.15293964449118766,0.021368806978711196
3620.0,7.712300050490212E-5,0.0074914572220311825,0.20357880092209837,0.7888526188553655
3912.0,0.6178745481939287,0.34716086387550993,0.03466068639646834,3.0390153409311807E-4
3821.0,0.09371572570606405,0.46234826335319373,0.3407574842836584,0.10317852665708399
3495.0,0.20161952754341136,0.6686675534852408,0.12692838884011223,0.002784530131235613
2949.0,0.0822725278258523,0.06227432849914629,0.2636233048465835,0.591829838828418
3074.0,0.372500547723971,0.5185851545652178,0.10710103086117669,0.001813266849634552
3252.0,0.0061883664891407035,0.1730953486295873,0.4897582708706188,0.33095801401065306
2867.0,0.007496292670350807,0.16167996808643245,0.6724094088552188,0.15841433038799796
3345.0,1.0570543100673252E-4,0.017329029931097036,0.5138381853093409,0.4687270793285553
3675.0,0.00969212665905224,0.11502293649594855,0.34032728814319746,0.5349576487018017
3051.0,0.013775474163812671,0.2607037910233407,0.4758408438527684,0.24967989096007803
3529.0,0.4125488937060535,0.4943536996794342,0.09010875344044272,0.0029886531740695747
3180.0,0.0013980354936670009,0.07412908489787558,0.3403890609578885,0.5840838186505689
3878.0,0.0012510041959549328,0.06434124259722557,0.44553049048012966,0.4888772627266897
3715.0,0.2858157701779442,0.5648006966640304,0.14115758783161642,0.008225945326409013
3637.0,0.11372400351777263,0.5470399496689894,0.32400149531427236,0.015234551498965583
3984.0,0.08737755925232017,0.48747540914599385,0.4005139503788828,0.024633081222803114
2808.0,0.024449701269454796,0.2328836999531844,0.6935827569137273,0.04908384186363333
3290.0,0.3600996342865618,0.4356336551546802,0.1822242687721619,0.022042441786596076
3455.0,0.04008930586835477,0.120141216540093,0.6721425247115438,0.1676269528800084
2909.0,0.03050352621355267,0.36844961110401386,0.5733640083215573,0.027682854360876107
3091.0,0.8749869590927619,0.11570840303871076,0.009131959050106029,1.7267881842148285E-4
3510.0,0.2671385676511973,0.33002860922330457,0.37848943780867367,0.024343385316824385
2964.0,0.03335415014068949,0.46025902407835784,0.48645635154262307,0.019930474238329547
3836.0,0.10695075613126281,0.4743487807453725,0.37413929712302096,0.0445611660003436
3929.0,4.039349100968541E-4,0.013838323249152079,0.23427540742987105,0.75148233441088
3658.0,0.008396576499991985,0.4214554583112812,0.5326231479306319,0.037524817258094804
2850.0,0.8746189526016249,0.11865837838967189,0.006662037440890476,6.063156781289494E-5
3328.0,0.04899783146551716,0.6489732588074032,0.28712253451348796,0.014906375213591765
3237.0,0.12945594700817317,0.5472201887212762,0.32020912599205614,0.003114738278494565
4056.0,0.6513506506561788,0.30422750619269345,0.043248110920652234,0.0011737322304755235
3218.0,0.0021781802565452348,0.1126557331275382,0.3858270732514133,0.49933901336450326
2837.0,5.127126245588873E-4,0.01863024499780868,0.7426501675406523,0.23820687483698005
3383.0,0.04812696777579276,0.8707588425081313,0.08056779075999652,5.463989560794505E-4
3457.0,0.07647062013182708,0.4247463155647033,0.4676778146893783,0.03110524961409125
2979.0,0.05103803966943412,0.3327652489079793,0.4698285700062818,0.1463681414163048
3108.0,0.0031096583114240896,0.16864497858200644,0.6625107984972116,0.1657345646093579
3950.0,0.0010641704335401449,0.055911537179569336,0.5391389720304525,0.4038853203564381
3787.0,0.17511099345700532,0.7094244801489472,0.11070016296364384,0.0047643634304036135
4007.0,0.023454929803437222,0.4995366474961684,0.46101477764221727,0.015993645058177214
3586.0,6.014183769481078E-4,0.01696820402816817,0.6672682391425107,0.31516213845237295
3400.0,0.003982076210064133,0.046766977619530616,0.5097778802023987,0.4394730659680066
2922.0,2.7947319597810895E-5,0.010311172409128152,0.17944371688321956,0.8102171633880544
3309.0,0.02165143889185705,0.28716199447465596,0.6503359328836588,0.040850633749828266
3163.0,0.009547417467757086,0.0808992290977504,0.7497288135379477,0.1598245398965447
3036.0,0.003195717013694433,0.04566067737605862,0.286079562910857,0.6650640426993899
3582.0,0.00539458219898562,0.45033718481867624,0.494410291182786,0.049857941799552025
3764.0,0.029362514665783865,0.35085595168354416,0.5154080528988819,0.10437348075179013
3857.0,0.03232652282840479,0.40782548913130356,0.2991898780449316,0.26065810999536
3320.0,0.22388935863485931,0.5544632825213534,0.1581346458748744,0.06351271296891284
3421.0,0.009809788350000142,0.2775804098121378,0.6486376520551742,0.0639721497826878
2943.0,2.724741398286683E-4,0.04716364123908161,0.2837158835441058,0.668848001076984
3607.0,0.0010563289498938591,0.02315113346706911,0.29573527463633553,0.6800572629467015
4018.0,0.13382037320712606,0.5876251186657915,0.2627280359122988,0.015826472214783723
3844.0,0.17297120533486743,0.4601318714605005,0.3285558462890004,0.03834107691563166
3745.0,0.003938020865235226,0.10890448693928512,0.627342031221793,0.25981546097368663
3017.0,0.023714291952551494,0.14015615710978865,0.8113476044597555,0.02478194647790422
3563.0,0.017887004614417265,0.43228078166414075,0.5048411212547557,0.044991092466686346
3150.0,0.009382948401216706,0.24477681197750145,0.5398289411318689,0.20601129848941319
2816.0,0.07063092769674602,0.21161400582294781,0.6483921891489028,0.0693628773314034
3362.0,0.007100105779812935,0.06841353783909608,0.6383459692203223,0.2861403871607687
3207.0,4.116076440792916E-4,0.01220458760412428,0.2197720920110719,0.7676117127407245
4045.0,0.027228945287894595,0.6084800743413586,0.34193984258573085,0.022351137785015844
3688.0,0.0052405467643679505,0.22975091168359704,0.717193773152622,0.04781476839941289
3963.0,0.049754543638262594,0.4505160765599165,0.48736248775210356,0.012366892049717342
3121.0,0.010237412793068256,0.12148278783530851,0.6059079742785406,0.26237182509308266
3476.0,0.8421674028013909,0.14515621878373633,0.012573699663965165,1.0267875090774357E-4
2998.0,0.5683286658282024,0.3478857796202013,0.07001826756344995,0.013767286988146254
3916.0,0.003038270295163797,0.0866821420193666,0.6454911237693683,0.2647884639161013
3817.0,9.117887290974858E-4,0.03489882682305006,0.744549044911937,0.21964033953591552
3491.0,0.07052946327501726,0.6210188976516943,0.2993397817813923,0.009111857291896164
2945.0,0.10841897688173546,0.3691620436844663,0.4848718792819572,0.03754710015184086
3078.0,6.542588116705121E-4,0.07562745394186747,0.6026268598654879,0.321091427380974
3248.0,0.7093471556137328,0.26880956734100653,0.021558724159155274,2.845528861054312E-4
2871.0,0.02340882906741116,0.12459102511464089,0.7142409906440166,0.13775915517393136
3349.0,0.12292539147865862,0.24867147271533305,0.4780740265572269,0.1503291092487815
3679.0,0.36389500454112916,0.5508400256416585,0.0836480957484149,0.001616874068797335
3734.0,9.132627591089423E-4,0.041587188433600764,0.8769098263368373,0.08058972247045303
3891.0,0.7390179406082266,0.15375831584065094,0.10464443182838422,0.002579311722738167
3193.0,0.6173311093662546,0.35018197023209635,0.0321101049293378,3.768154723113999E-4
3548.0,3.0302860293862877E-5,0.006763148588995665,0.10234943919156596,0.8908571093591445
3434.0,0.03923217926627536,0.10709850235765275,0.6550793758805783,0.1985899424954936
2888.0,0.008360102345951392,0.14236708726033268,0.500600562410652,0.3486722479830639
2797.0,0.0022680367718062545,0.06666600080675078,0.7519870196609313,0.17907894276051164
3279.0,0.03660114547137858,0.6945574726085347,0.24013375276509744,0.028707629154989266
3973.0,2.8592288433719088E-5,0.0032815997854396123,0.1360174957884389,0.8606723121376878
3616.0,0.014910656482230288,0.21521671593210515,0.6805318178289735,0.08934080975669098
3095.0,0.05327272085045687,0.7169235971488692,0.22014406365643605,0.009659618344237916
3506.0,4.150408258107238E-4,0.03298922248953306,0.5482448501399734,0.4183508865446828
2960.0,0.04580220198220234,0.5397304430106717,0.3212299804179835,0.09323737458914225
3832.0,0.632249777995165,0.34251802182144736,0.02514131386438009,9.088631900742936E-5
3933.0,0.1296885560529251,0.5746678524934606,0.2790473585434406,0.016596232910173665
3662.0,3.5575653878911444E-4,0.01626658796547632,0.28256489160711185,0.7008127638886229
2854.0,0.0019779253877036875,0.05173768101038699,0.5082158082359662,0.4380685853659431
3332.0,0.050584304993078325,0.7008143414326634,0.23677279380217062,0.011828559772087506
3233.0,0.11292182356781333,0.6947558505671043,0.18904657351845455,0.003275752346627895
3055.0,4.0953851527123105E-5,0.004473764509337914,0.034200833450993146,0.9612844481881418
3533.0,2.0976038671833978E-5,7.391603214113731E-4,0.08505814383649349,0.9141817198034232
3176.0,2.7149724242585832E-6,6.071819181001437E-4,0.023412224870924835,0.9759778782385506
3874.0,0.037790801460663916,0.1797067424500218,0.6669907765161787,0.11551167957313552
3719.0,0.17339622910404143,0.5326287994356728,0.2786792254850339,0.015295745975251893
3633.0,0.19108783215080744,0.7793740077190159,0.02933215263611058,2.0600749406618626E-4
3988.0,0.1833298438413387,0.7712938506987,0.04443267415228031,9.436313076808115E-4
2812.0,0.04932605718186292,0.30726409514974073,0.6087058109751077,0.03470403669328864
3294.0,0.4609995467829366,0.4475991046202425,0.07824722065186099,0.013154127944959862
3451.0,1.8746439366632646E-4,0.004627705727912947,0.9285469589607139,0.06663787091770684
2905.0,5.538980410605323E-4,0.026871941907841645,0.2923610900604792,0.6802130699906185
4003.0,0.09159241444187949,0.36063326765987275,0.48918012842952535,0.05859418946872237
3590.0,0.0018265892900619204,0.15137278250389424,0.48979372171036645,0.3570069064956775
