3067.0,0.009779950819830484,0.9222431460780927,0.06797326631296202,3.636789114900447E-6
3545.0,0.029695433456142856,0.10253110588301827,0.46244895381958556,0.40532450684125326
3731.0,0.11501740480550567,0.49351902105100753,0.37777356171740534,0.013690012426081291
3894.0,0.08627533193673793,0.48236027096982687,0.40333908043479655,0.028025316658638586
3968.0,0.002802214329681223,0.04931914701608836,0.828418228941002,0.11946040971322831
3621.0,2.9051756964543366E-9,1.4005464564384795E-6,0.021116597028162917,0.978881999520205
3439.0,0.002544242916675474,0.060403794106833386,0.5964052261453676,0.3406467368311234
2893.0,0.9933388009971773,0.0060963790748471735,5.644617224108788E-4,3.582055647402464E-7
2792.0,0.001865129475613306,0.34378788460001514,0.5968011043559716,0.057545881568399876
3274.0,0.023950033740542345,0.4470749517700432,0.5221450002959432,0.006830014193471176
3494.0,0.40076147139545,0.5232073603354879,0.0752109209108854,8.202473581766832E-4
2948.0,1.805795580023335E-9,1.2943667538604041E-4,0.04806063060722477,0.9518099309115936
3075.0,3.215240685655539E-5,0.22050162875771748,0.409157680471164,0.3703085383642619
3913.0,0.0011679797052447766,0.03348041545611105,0.6719765025535935,0.29337510228505054
3820.0,0.13986971822005373,0.46700558863486974,0.32192255714545587,0.0712021359996206
3674.0,1.334770188426448E-6,0.0024975541351268033,0.765833476763294,0.23166763433139073
3253.0,1.6250831719023942E-4,0.01369970067080298,0.5133417318688841,0.4727960591431226
2866.0,0.976890528524923,0.022894301002720146,2.1506195774040855E-4,1.085146165367029E-7
3344.0,1.0237216947020874E-6,3.603578660542858E-4,0.21698978678821232,0.7826488316240386
4040.0,5.764452489693005E-10,9.858597111144952E-7,0.012913872617091841,0.9870851409467518
3693.0,0.14154592768172541,0.6146232237039622,0.2381333952560567,0.005697453358255943
2821.0,0.2659834402053965,0.7091040542695979,0.020686322577784678,0.004226182947220937
3367.0,1.8582142887730292E-6,0.03951503681380071,0.8297122949115276,0.13077081006038285
3202.0,3.9509686330008415E-16,1.1227156854989913E-9,0.0020285250389740325,0.9979714738383099
3124.0,2.8238730966753985E-7,6.448874012437866E-6,0.027388677657964426,0.9726045910807134
3473.0,0.013533645009379707,0.7697042607089438,0.1395821341104199,0.07717996017125661
2995.0,0.9085387433497764,0.07372387877681268,0.017578156819766894,1.592210536441603E-4
3803.0,0.9246945862647905,0.04307283619102163,0.03181698700133252,4.1559054285523854E-4
3966.0,0.011937168867676517,0.6121236599435954,0.22941580073505058,0.14652337045367742
3602.0,3.577834366311201E-6,0.0016540829414233096,0.20633670711829746,0.7920056321059129
4023.0,2.146624376262387E-4,0.11661601357650773,0.8698135436484741,0.013355780337391925
3325.0,1.8407447039762674E-9,2.8136428533336456E-4,0.08962977186823083,0.9100888620056911
3416.0,0.023182431689781256,0.021340479164062322,0.24242975536165165,0.7130473337845048
2938.0,1.0322582141955331E-4,0.007819102432698892,0.6203527344591534,0.3717249372867282
3020.0,0.1978488201538895,0.7468702741651505,0.05300353994044895,0.0022773657405110257
3566.0,4.704801830822865E-5,0.0026753708469841497,0.156860641462211,0.8404169396724966
3147.0,8.387788398412991E-5,0.0927436343235482,0.6080059378870721,0.29916654990539565
3841.0,0.22892946782444137,0.6298857333657092,0.13931877417221597,0.001866024637633557
3748.0,1.169119584605273E-5,3.0910690901194424E-4,0.12671513113055163,0.8729640707645904
3219.0,0.012667886663872172,0.7660452679423231,0.21671850435659026,0.004568341037214461
2836.0,0.1683637626783155,0.1758374870725739,0.5930973602795845,0.06270138996952618
3382.0,0.19051395879745725,0.4831600111726378,0.3126784784458192,0.013647551584085893
3708.0,0.008383533067183969,0.12706122293484787,0.781337184821722,0.08321805917624621
4057.0,5.789702391197342E-4,0.1305902759969409,0.8381374799334047,0.030693273830534672
3951.0,7.253634798502672E-4,0.01024226390429569,0.20400648785488815,0.7850258847609659
3786.0,4.822564566321572E-7,0.0032961510691400854,0.4000781260055403,0.596625240668863
3456.0,0.007495019118257989,0.16397199853617933,0.6180031663844977,0.21052981596106485
2978.0,8.588113707894459E-4,0.16135724617738803,0.1966357063201481,0.6411482361316745
3109.0,0.7513252153406238,0.24843815190281218,2.365729562790691E-4,5.980028491261813E-8
3401.0,0.048227701931090695,0.8721539141903959,0.07956204783799402,5.633604051949903E-5
2923.0,0.01889834803087338,0.03050688412664059,0.9118610877692108,0.038733680073275115
3308.0,2.90754205243215E-9,0.004981198487083173,0.8403980311113582,0.15462076749401643
4006.0,0.9915686354144924,0.008090393425510701,3.3993040498665457E-4,1.0407550101515974E-6
3587.0,0.9631252490693225,0.036524250837866375,3.502607847511821E-4,2.393080599679308E-7
3765.0,0.23962062348806276,0.597245557779109,0.16225425297212254,8.795657607055356E-4
3856.0,0.008160163064127497,0.0828748259018575,0.7271989584092148,0.1817660526248002
3162.0,1.262997541941981E-5,0.0012718366049357449,0.5912233247262371,0.4074922086934077
3037.0,0.0012400470120115911,0.10682915491368156,0.5574440716528601,0.3344867264214468
3583.0,0.024618723640429375,0.03465834762989201,0.7469479525325626,0.19377497619711614
3879.0,0.010500083363216488,0.19708653435796222,0.709998056920986,0.08241532535783527
3714.0,0.9818553628361854,0.018015953692372577,1.2868119645593904E-4,2.2749862070603354E-9
3050.0,3.5652740782006504E-6,0.003933526718354161,0.47822974794872236,0.5178331600588453
3528.0,1.1014620369014982E-11,1.9705467693887326E-8,0.008265671504183648,0.991734308779334
3181.0,0.020310059440850115,0.40549134933288156,0.4802396347911771,0.09395895643509118
2809.0,0.9966237404242224,0.0033129417459543753,6.329768511460592E-5,2.01447085270196E-8
3291.0,0.5122836220122617,0.43248229552041684,0.054845979692729585,3.881027745918838E-4
3454.0,0.006387641800804548,0.5087953768657468,0.38143885336294686,0.1033781279705017
2908.0,0.4617341449480894,0.16814737077071665,0.363038622763652,0.007079861517541939
3636.0,0.06663988540167863,0.4825313256640047,0.44542083713773983,0.005407951796576715
3985.0,0.02975445451867529,0.29745180195066606,0.6463753070117971,0.026418436518861606
3837.0,9.856224088786176E-8,2.4537813609412107E-5,0.0944668437303447,0.9055085198938049
3928.0,6.465582252802056E-6,0.010869927279186278,0.7338135258246478,0.2553100813139132
3090.0,1.7635194866710063E-6,0.0015330459399186488,0.18877221709025097,0.8096929734503436
3511.0,2.4637787703940676E-6,0.024725319155523843,0.5179715975311623,0.45730061953454354
2965.0,0.3586686620149361,0.6206247400066305,0.02029857945726573,4.0801852116769993E-4
2851.0,8.224786367107856E-5,0.11462128303857845,0.7860505560570157,0.09924591304073486
3329.0,0.1229149746562177,0.11918690425635588,0.6334718228382974,0.12442629824912903
3236.0,4.3422542206575593E-4,0.4634174712773221,0.5342814923741537,0.001866810926458366
3659.0,1.626658636334931E-7,0.009791467697282834,0.4138765159445693,0.5763318536922842
3490.0,0.025930184947221088,0.0030626860091023307,0.49452054512435517,0.47648658391932136
2944.0,0.016878711557121756,0.6083778946179561,0.3742856251255769,4.5776869934530015E-4
3079.0,3.422170302174194E-5,0.012241154142956005,0.38488352330580744,0.6028411008482147
3917.0,2.210140475887045E-4,0.020891961256870314,0.7581024431765936,0.22078458151894742
3816.0,0.04297489592317287,0.7778329370361305,0.17185021535990677,0.007341951680789905
3678.0,0.24465051394288267,0.3130172974916035,0.39879541994332984,0.04353676862218412
3249.0,2.3353445445533573E-7,0.012315417018331644,0.21553703813263175,0.7721473113145823
2870.0,0.6185941837676923,0.34231476734836014,0.03894816842009063,1.428804638568098E-4
3348.0,0.8579244573653053,0.1326793470175707,0.009377338335790616,1.8857281333474013E-5
3192.0,0.6391298378443251,0.3545283867141392,0.006341737868862243,3.757267352035519E-8
3071.0,0.008117901978948105,0.13002010686761728,0.81191530484482,0.04994668630861476
3549.0,0.07102229670424405,0.8597940906477088,0.05090659471535373,0.018277017932693214
3735.0,0.7117114128120684,0.2773028411686893,0.010984075317883243,1.6707013591465732E-6
3890.0,0.029453755228902388,0.9696331059376583,9.130719875105517E-4,6.684592876161305E-8
3972.0,0.02287684599415242,0.7792281097574868,0.19453892614796517,0.0033561181003957047
3617.0,2.5680601464456415E-7,1.7850246820459725E-4,0.09137949780249485,0.9084417429232858
3435.0,8.065998235533826E-4,0.030114999296616526,0.8933269485361363,0.07575145234369378
2889.0,1.2747561320944556E-6,2.7251108299027285E-5,0.11556475577325633,0.8844067183623124
2796.0,0.00490392143039702,0.36692669625448315,0.48185016627669414,0.14631921603842576
3278.0,0.05922843299097062,0.36582496247525076,0.5443819864432768,0.0305646180905018
3606.0,0.011077062898863708,0.4349830584521273,0.5536975574476142,2.4232120139470732E-4
4019.0,6.404060670908883E-5,0.001628196354735566,0.6860182089361992,0.31228955410235615
3321.0,3.3657982909264478E-6,0.004094190180649856,0.3503238551240314,0.6455785888970278
3420.0,0.23446024338020396,0.7273164285602103,0.03810451144498259,1.188166146030706E-4
2942.0,0.03742894753548299,0.7284366378833822,0.23341781296980343,7.166016113313145E-4
3016.0,0.30050387808891416,0.690163707144859,0.009274156191537151,5.8258574689586484E-5
3562.0,4.691751512213571E-4,0.013438416292808685,0.3108231272123684,0.6752692813436016
3151.0,0.7300512765844172,0.24922577357799974,0.019544090542651733,0.001178859294931478
3845.0,0.3595783692372519,0.6154824370710135,0.024917255460821255,2.193823091352696E-5
3744.0,0.265687849059219,0.5779848566356526,0.1545048503127228,0.0018224439924056344
4044.0,4.624104361775642E-6,6.266882400647837E-5,0.11240091399451062,0.8875317930771212
3689.0,8.572196975466939E-5,1.754805946751797E-4,0.22321548347033685,0.7765233139652332
2817.0,1.0336824615036183E-4,0.041711197477805204,0.791358229149475,0.16682720512656937
3363.0,3.5181590416593755E-4,0.030537846608299547,0.7400388030213185,0.22907153446621598
3206.0,0.00299184928972993,0.24442133706640828,0.7026236565214369,0.04996315712242486
3120.0,0.01895178593247402,0.030363651464003768,0.7200319500434046,0.2306526125601176
3477.0,2.1327140237661267E-5,0.09867233728399966,0.7688018853616796,0.13250445021408314
2999.0,9.770136501530795E-7,0.024357985784553775,0.538181835808964,0.4374592013928322
3807.0,1.8992408962466826E-4,0.06784516880510058,0.4833225292818124,0.44864237782346233
3962.0,0.00986796269578822,0.09555186546801839,0.7591684889232786,0.13541168291291492
3405.0,9.765260978841142E-5,0.04437504249976061,0.4753314026191566,0.4801959022712945
2927.0,0.9612701814222864,0.03424067091109328,0.0036816355113812203,8.075121552391436E-4
3304.0,1.5186928576011822E-5,0.0032803368944375614,0.16578507709288362,0.8309193990841027
4002.0,6.76954089896704E-7,0.0012472926367783545,0.24347191768137652,0.7552801127277552
3591.0,0.901487202227315,0.09268568580274572,0.00581258644491176,1.4525525027559198E-5
3761.0,0.04821352437774591,0.5497195789257427,0.3486713325922027,0.05339556410430868
3860.0,3.750724596797031E-4,0.06659545886014034,0.6701575118011928,0.2628719568789872
3166.0,0.015290178996419353,0.48347595682291167,0.4901445980607535,0.011089266119915453
3033.0,4.2775999586352743E-4,0.004830365877362854,0.7111563353998177,0.2835855387269559
3579.0,0.0017804818170244524,0.45402485928232117,0.5361619281787494,0.008032730721904887
3223.0,0.0010075365862334067,0.013539365585302708,0.8007930998889342,0.1846599979395297
2832.0,0.012589690220276348,0.8410107263889217,0.14555925166746295,8.40331723339059E-4
3378.0,3.516435694813999E-6,0.07091069150081107,0.2176513523439932,0.7114344397195009
3704.0,0.005676672594480067,0.20107341302896742,0.5912308448963983,0.20201906948015413
4061.0,3.940526162886425E-6,0.03570747032573261,0.32773894449352947,0.636549644654575
3947.0,2.058239760177781E-9,1.7305602773645147E-5,0.08744193343291737,0.9125407589060692
3790.0,0.0031638107951391025,0.26390662849782415,0.602991271883475,0.12993828882356168
3460.0,4.138339380093656E-10,1.3546267770053485E-6,0.0039992803963158335,0.9959993645630731
2982.0,7.298054500895259E-7,0.01528863626310559,0.36764238139122396,0.6170682525402202
3105.0,0.15606487764994512,0.215190835014093,0.621092561388092,0.007651725947869963
3833.0,1.0155185196398345E-6,0.0023081432667767915,0.7787551472192102,0.21893569399549326
3932.0,4.3352693345569476E-5,0.22082541219494511,0.7657030254110802,0.013428209700629213
3094.0,0.0022750160527598706,0.038377429389905425,0.5941144056249018,0.3652331489324329
3507.0,0.12130682920206053,0.8558941076730059,0.022780847735357358,1.8215389576200043E-5
2961.0,0.13557080346799122,0.578253512634488,0.2841706553310834,0.0020050285664374424
2855.0,0.989102384235756,0.007585736769783914,0.003239671202591355,7.220779186866917E-5
3333.0,0.101872698934144,0.7479183636938989,0.14964779470884557,5.61142663111677E-4
3232.0,7.687768267662025E-4,0.10960215210995627,0.8055056814758196,0.08412338958745785
3663.0,1.6246951759090114E-9,5.113656407290364E-5,0.05832565814609057,0.9416232036651414
3875.0,0.16348019552985854,0.6506382213282116,0.18336037411893566,0.0025212090229940467
3718.0,8.069106016579737E-8,1.3300889121439788E-4,0.13581088511809636,0.864056025299629
3054.0,2.7140766891025085E-4,0.07956851275810393,0.6712041174569141,0.24895596211607177
3532.0,1.8496896823650738E-9,4.2400625467352514E-6,0.013438709905187437,0.9865570481825762
3177.0,9.249115909353796E-10,4.896065247139735E-6,0.024124777871056498,0.9758703251387848
2813.0,7.596966552569164E-4,0.023018972566363552,0.7138349054505542,0.26238642532782536
3295.0,3.253150388363785E-7,0.005781817361092162,0.16521487616768835,0.8290029811561808
3450.0,0.37072164636601806,0.574721650026038,0.05444702103670652,1.0968257123742368E-4
2904.0,1.5143117414326644E-11,1.4028265173415212E-5,0.018550231305886896,0.9814357404137966
3632.0,0.11026782907479354,0.7211534651779262,0.16847906814972483,9.963759755541137E-5
3989.0,8.989390195731415E-5,0.058462169154977886,0.6436123179821154,0.2978356189609495
4032.0,0.061005615934994165,0.2765513417352329,0.6406954444782387,0.021747597851534226
3685.0,7.80733166123515E-6,1.471393072591853E-5,0.319228954215819,0.6807485245217939
3375.0,0.23297892130101489,0.7658303056894283,0.001190713093569744,5.991598708910833E-8
2829.0,5.708765704644968E-6,0.00506795480950982,0.27382194897567935,0.7211043874491062
3210.0,0.1000603802589381,0.5453557561672998,0.3381312747891053,0.016452588784656746
3132.0,1.1752611189866348E-9,5.279863000838564E-5,0.12158058186715091,0.8783666183275796
3003.0,0.8334491108351135,0.14180688092754587,0.024633337202210843,1.106710351296496E-4
3481.0,0.7696425572575459,0.22178344247204304,0.008551976758365592,2.2023512045371228E-5
3795.0,0.0015695328594174103,0.012154418501191906,0.7076149564091851,0.2786610922302055
3958.0,0.007986146553418932,0.7787216461553447,0.21291819332608306,3.740139651533232E-4
3610.0,3.1888130860114363E-10,3.786628846221594E-5,0.06437902050646552,0.935583112886191
4031.0,0.543074703062428,0.4487830756467059,0.007778198253882186,3.6402303698391115E-4
3317.0,0.06048787949674259,0.32179504131133857,0.5358860069960213,0.08183107219589751
2930.0,0.0725641495418769,0.5046003992727782,0.3770819535997587,0.045753497585586174
3408.0,0.954066789990893,0.04369119281242371,0.002240770827711122,1.2463689721356446E-6
3558.0,0.9631383031442394,0.03663916156605594,2.2238989073817907E-4,1.453989665142898E-7
3012.0,0.021775887008306835,0.4486134579246874,0.5236296384816954,0.005981016585310397
3139.0,0.3007877915042511,0.5080220518858918,0.18665713620793964,0.004533020401917491
3849.0,0.8567218730930013,0.14232751031642296,9.501163521997633E-4,5.00238375960413E-7
3756.0,0.011407389949247027,0.35751361394922115,0.5815587787128663,0.04952021738866542
3188.0,0.02737414683405827,0.5758097011538817,0.3966093391093302,2.0681290272977872E-4
3537.0,0.9906766243811217,0.00918533913622083,1.3799199623351022E-4,4.448642397646132E-8
3059.0,2.547647132399259E-6,0.003810560475303694,0.8427619794947047,0.15342491238285927
3739.0,1.8725827969308303E-6,0.0022332106524920693,0.19387304716188028,0.8038918696028307
3902.0,4.332793658207205E-6,0.2439193128785772,0.7339826149798483,0.022093739347916305
3976.0,0.00603549132932883,0.14073675470270366,0.7408974691548096,0.11233028481315778
3629.0,0.9855947578093505,0.014400096490248107,5.145587522458892E-6,1.1287890591667586E-10
2885.0,2.960663754092686E-12,3.0306712442772286E-7,0.0255017911119181,0.9744979058179968
3431.0,2.912526639095533E-5,0.22851336024871668,0.3677651666777279,0.40369234780716445
3266.0,2.040808108206912E-4,3.425248183775554E-4,0.3673931345730062,0.6320602597977955
2956.0,0.4052725713838076,0.3482878884021996,0.22764023935373262,0.01879930086026015
3502.0,8.752484846189205E-9,0.003773288195169458,0.9674228091027165,0.028803893949629115
3083.0,0.007630766883451487,0.1186391104292622,0.768707838719742,0.10502228396754429
3905.0,9.135075633439194E-4,0.35120467588877713,0.6477730935309793,1.0872301689960869E-4
3812.0,0.007708764792253749,0.5392038725636144,0.44121946055328887,0.011867902090843145
3666.0,0.047647797184270445,0.9142117641916011,0.03399123049203913,0.004149208132089413
3261.0,0.010072371290720769,0.851470095875094,0.13842691162557277,3.06212086122965E-5
3352.0,0.014358083723897751,0.08790735197094234,0.628504671106191,0.26922989319896884
2874.0,4.0043637593497465E-10,9.056767960344915E-9,0.013050821106433673,0.986949169436362
3887.0,3.500501603940176E-4,0.2164974967682916,0.7652685291093105,0.017883923962003723
3722.0,0.056566247940393034,0.3741539692575418,0.5251823161738917,0.044097466628173584
3520.0,0.1458312324453765,0.5385458488155332,0.3037715083594528,0.01185141037963747
3042.0,0.9333181025401524,0.06323221141241882,0.0034485041397691557,1.1819076595474884E-6
3173.0,0.012680986327716684,0.20380715264229057,0.6158082826358022,0.16770357839419045
3283.0,0.008606318617179672,0.04981366811942652,0.2273543570961165,0.7142256561672774
2801.0,4.887403495568635E-5,0.351181954887093,0.6164199773561603,0.03234919372179102
2900.0,0.0028249428909497692,0.32417226010245365,0.6290211108809562,0.04398168612564027
3446.0,0.7094376841596846,0.2620005525002271,0.028237011085994277,3.2475225409407226E-4
3644.0,0.0033720700709520372,0.9722568280020188,0.024361839807029804,9.262119999340953E-6
3993.0,0.9502653455711191,0.04782560010158303,0.0019081858857857765,8.684415121623043E-7
3829.0,1.837495034660385E-11,5.631260745498058E-8,7.30190759405598E-4,0.999269752909612
3920.0,0.5697097776991329,0.41504049541351257,0.01521673945246931,3.298743488529258E-5
3098.0,1.7131719025818932E-4,0.03349133912976651,0.8374273470684103,0.1289099966115651
2973.0,0.9948785877208656,0.005100480698453054,2.0931285109268307E-5,2.955720784717362E-10
3519.0,0.008756793532309397,0.07746186794964036,0.7600101566832193,0.1537711818348309
3337.0,0.0019043522093221796,0.01420644980222287,0.680665232768435,0.3032239652200199
2859.0,1.5482082594923426E-7,8.155647884797109E-6,0.07745967231232913,0.9225320172189602
3244.0,9.244536432084618E-10,6.692710754159089E-4,0.022180412559210296,0.9771503154409201
3651.0,1.261495642299095E-5,0.004699383427694041,0.6269274973411675,0.3683605042747155
3227.0,0.029011968820940023,0.536350964227098,0.4293072884851329,0.005329778466829132
3390.0,0.02342658969697419,0.8484869668238549,0.12672573020177474,0.0013607132773961377
2844.0,0.29513030848384963,0.430952125820529,0.2732702546567106,6.473110389107857E-4
3700.0,0.0174965707493894,0.9210380267227576,0.061109112032547555,3.5629049530545425E-4
4049.0,0.10330146325946674,0.1629318817255021,0.6578361910117683,0.07593046400326287
3943.0,5.825620185421715E-6,0.05533923979651022,0.7808720234081569,0.16378291117514762
3778.0,2.1515866079961743E-4,0.020140654234113785,0.43819262714776985,0.5414515599573168
2986.0,1.7893610649086092E-4,0.00401346909886207,0.4710852199844352,0.5247223748102119
3464.0,2.299187529085915E-6,0.008777492425253962,0.3342468717188823,0.6569733366683347
3117.0,1.420205267906262E-4,0.2738304847299975,0.7220900282882263,0.00393746645498559
2915.0,0.8569867003748798,0.0790628250262289,0.059605951614202436,0.004344522984688812
3300.0,6.300080621712044E-7,1.0458746417667367E-4,0.3763011002857424,0.6235936822420188
4014.0,1.4434799734664387E-7,7.145265367830892E-4,0.04619784387176244,0.9530874852434571
3595.0,5.2824957484543536E-5,0.04040390259110653,0.6731445385802577,0.2863987338711511
3773.0,0.016061901759402804,0.47387047685520683,0.43064972969323206,0.07941789169215817
3864.0,1.1630991312458213E-12,1.7160934766062054E-6,9.853471383201658E-4,0.9990129367670402
3154.0,0.04054103895887274,0.38849197550165204,0.5570225782534377,0.0139444072860376
3575.0,1.7567085202093515E-4,0.24797077267772527,0.7415841441418002,0.010269412328453633
3029.0,0.025042925140044817,0.8920555699539421,0.08236957115586953,5.319337501436192E-4
3614.0,0.015188430620239163,0.8227339863696733,0.15894695388639823,0.003130629123689297
4027.0,0.005566652109321514,0.128854085797007,0.3128950721514494,0.552684189942222
3313.0,5.377339477876207E-4,0.013497024466374493,0.8786575904320257,0.10730765115381219
2934.0,1.8750434430393778E-4,0.1531156968514952,0.48978287625688033,0.35691392254732063
3412.0,0.23928635764748418,0.4703263156481274,0.2782122765617083,0.012175050142680152
3554.0,0.2005386374532713,0.7974426342212554,0.0020110026683715304,7.72565710181776E-6
3008.0,1.572913258565684E-5,0.026075840587598816,0.8358351808803423,0.1380732493994732
3143.0,0.0023681713214197216,0.5991889703038847,0.39732141277837374,0.0011214455963218318
3853.0,1.8448010964048818E-6,0.2850528099675174,0.6235227082312175,0.09142263700016869
3752.0,0.04328119744095675,0.8873039309893099,0.06851817803787931,8.966935318540188E-4
4036.0,6.063591951974942E-4,0.0062274872542159845,0.34530405260707664,0.6478621009435098
3681.0,1.2728545620545798E-5,0.02618299476279834,0.24485337735409268,0.7289508993374885
3371.0,1.404570171192591E-4,0.19773013944179363,0.7965214785293911,0.005607925011695995
2825.0,9.420504970616461E-5,0.023247054996630448,0.7366622071443236,0.23999653280933977
3214.0,0.8475892221842636,0.14962361768067772,0.0027849691386274593,2.1909964312297265E-6
3128.0,6.5788352009493116E-6,0.0017775915554666445,0.355061915735539,0.6431539138737933
3007.0,6.533995788244146E-6,5.964292778510131E-4,0.8975340327179523,0.10186300400840845
3485.0,0.01318021285361778,0.9833382342705791,0.0034768602164146345,4.692659388435525E-6
3799.0,0.0015319564417254463,0.2740876547604332,0.7231309680691853,0.0012494207286560851
3954.0,1.065340501402768E-6,8.742223219443904E-5,0.38726481779746075,0.6126466946298433
2952.0,0.5905453007965696,0.2885028862195588,0.1160486440480486,0.004903168935823095
3498.0,0.0015137440173626727,0.23530408911425169,0.6747473737726912,0.08843479309569449
3087.0,7.978805260138744E-6,6.438048560188451E-4,0.5257083960062011,0.47363982033251995
3909.0,0.2163448090984634,0.6784711091655253,0.10512381921767665,6.026251833455721E-5
3808.0,9.600625399372132E-7,0.002738083481130211,0.6456809830246716,0.35157997343165825
3670.0,5.8414478106502285E-5,0.0012974873373307902,0.5896079727275282,0.4090361254570345
3257.0,1.759424385458814E-6,0.19250938635636147,0.6375194854477829,0.16996936877147018
3356.0,1.6317666203270887E-5,0.0040061672531804685,0.4456716168943317,0.5503058981862846
2878.0,3.4744057096413606E-6,0.004542749440904218,0.1990851977187515,0.7963685784346346
3184.0,0.23450178450616194,0.6207531441197518,0.14329016071052997,0.0014549106635561241
3541.0,9.12899493645934E-12,8.407438918236948E-7,0.008286421851719421,0.9917127373952597
3063.0,7.571440924908475E-4,0.01592615847851738,0.7870513736875323,0.1962653237414595
3743.0,8.88877423745496E-6,0.0020396037116351255,0.9075554400026787,0.09039606751144877
3898.0,0.00794565116281352,0.804394712403935,0.1875846132334751,7.502319977649601E-5
3980.0,0.09349775085989642,0.6207855992893551,0.27945593932035967,0.006260710530388888
3625.0,0.05590346130647658,0.13723265640495286,0.6936432339438108,0.11322064834475982
2881.0,0.009398846759980345,0.04304826609746101,0.7074351679399379,0.2401177192026208
3427.0,0.6940276606857,0.30043019993624603,0.005333267846234274,2.0887153181979617E-4
3270.0,7.824052168780231E-6,0.001896320942360965,0.9735653571913352,0.024530497814135147
2788.0,0.06176720968482567,0.7339790522744619,0.1991191860655163,0.005134551975196128
3825.0,0.0358804376874242,0.7302886317378108,0.23032977495125148,0.0035011556235134645
3924.0,0.004974410180033449,0.09412416852490986,0.7866035491478942,0.11429787214716247
3102.0,0.6934282469901198,0.26426996839285616,0.04219197563416158,1.0980898286229526E-4
2969.0,2.158077164566964E-5,0.03882617622656351,0.2355374855217846,0.7256147574800063
3515.0,0.0018317706645449414,0.5700629451382797,0.30811029472267526,0.11999498947450003
3341.0,0.009745803525752229,0.10786410225881854,0.7486043052270016,0.1337857889884276
2863.0,0.8689736185034044,0.10765370990280006,0.023091171471224227,2.815001225714153E-4
3240.0,0.25839709163848346,0.3249239967094936,0.414461738897131,0.0022171727548920247
3655.0,0.27921641103983197,0.6777752357595397,0.03608062114274541,0.006927732057882788
3883.0,0.011319177179314842,0.5109123576366486,0.42986330074806206,0.04790516443597449
3726.0,0.0037752235493692604,0.027302083680741513,0.7270982417874606,0.24182445098242852
3524.0,8.012399015852545E-5,0.015839817763809785,0.6041661735694452,0.3799138846765864
3046.0,0.0019918996185123014,0.003966591368116647,0.2366208617943396,0.7574206472190315
3169.0,1.2775838231666755E-8,0.0018481753551993013,0.41127455755165426,0.5868772543173082
3287.0,0.0033097871207203207,0.05116316218000602,0.9353048919593229,0.010222158739950785
2805.0,0.17747685822392462,0.6059346747809077,0.20899024914748923,0.007598217847678491
2896.0,3.4438884406767918E-6,0.00191172633315751,0.034191558673978106,0.9638932711044237
3442.0,4.601176731463763E-7,3.4169752449651964E-4,0.40656566933462257,0.5930921730232077
3640.0,0.3406168668354729,0.48731326246956697,0.17005021201893872,0.002019658676021453
3997.0,3.285560574175586E-4,0.24841504563714956,0.7402130071053599,0.011043391200072942
2919.0,0.038599718631825784,0.6923082721577194,0.2637746295098447,0.00531737970061018
3397.0,0.11831433038453947,0.6001309999146246,0.258383196462652,0.023171473238184064
3296.0,4.1693885090477345E-4,0.006896579343544399,0.5688287860479524,0.4238576957575985
4010.0,0.9933750576588407,0.0065560774464739355,6.881407533482624E-5,5.081935041005548E-8
3599.0,3.331099111850811E-7,2.1095666387477135E-5,0.25579959514590994,0.7441789760777915
3769.0,2.9415380823269903E-6,0.0019912069085276495,0.879678494676919,0.1183273568764711
3868.0,0.7573603652340384,0.21850178271906312,0.02356993667905846,5.679153678398314E-4
3158.0,0.004685839901972455,0.09109194632564017,0.8195622212063892,0.08465999256599821
3571.0,1.547654359443644E-7,4.4245468612895315E-5,0.4509939021497255,0.5489616976162257
3025.0,0.1303609033030134,0.8624450574397494,0.007182454885941467,1.1584371295758915E-5
3231.0,0.0014216219082488304,0.22341588666559892,0.7470834810861164,0.028079010340035782
3386.0,0.014873805758856615,0.11317935325089469,0.814085385255864,0.05786145573438458
2840.0,6.824992426060391E-7,0.010408242904744586,0.5648504301930048,0.4247406444030079
3696.0,0.9286551335095252,0.06854416347181796,0.0028001210437166957,5.819749400756839E-7
4053.0,6.6013140914928565E-6,0.0012820840638302806,0.3223105560973936,0.6764007585246845
3939.0,0.5970171529647758,0.38347176504232244,0.019403310169736565,1.077718231652162E-4
3782.0,1.2669606168012603E-7,2.4131266797844907E-4,0.08269531549232381,0.917063245143636
2990.0,0.7389065086627593,0.22398798750271756,0.03623308100951363,8.724228250095587E-4
3468.0,9.478163068078395E-7,0.008969822858376376,0.277731789356152,0.713297439969165
3113.0,1.2742738753028876E-5,0.17350017888190544,0.779142903976334,0.04734417440300748
2820.0,0.22078689581997807,0.264192932185527,0.45755195086557093,0.057468221128923996
3366.0,0.9672740566899882,0.03128341799722325,0.0014422738649052743,2.514478832012005E-7
3203.0,0.0011731017167740082,0.02561504796574215,0.7098125445290334,0.26339930578845033
4041.0,0.009469618345806875,0.11010861674543962,0.5315282743209996,0.348893490587754
3692.0,1.1575175480883107E-5,0.22250555496519198,0.754688147491825,0.022794722367502046
3802.0,1.0181863166788267E-4,0.0010289538210900336,0.3965554906539466,0.6023137368932956
3967.0,0.24321789903590932,0.21556365353210374,0.5232958661243962,0.01792258130759068
3125.0,4.994771215712582E-5,0.03639911213116152,0.33458008886525675,0.6289708512914246
3472.0,0.00810864880213479,0.9550286767872207,0.036830438628662275,3.223578198228523E-5
2994.0,0.5314285870112186,0.3893387525527764,0.07821879801435877,0.0010138624216461908
3324.0,7.085701599686721E-7,0.007630530798566812,0.9612179691887698,0.03115079144250348
3417.0,0.0062879041392368325,0.6594698067730277,0.3342356308785316,6.6582092038354545E-6
2939.0,2.2884638416127273E-6,1.018689468436817E-4,0.5529729083955398,0.4469229341937749
3603.0,0.05653281947744682,0.7929440259620777,0.13809588696002037,0.012427267600455153
4022.0,1.568963233227422E-4,0.008002205332882985,0.9168617636954033,0.07497913464839086
3840.0,0.3091821898748662,0.06199597149123317,0.6237165306383021,0.005105307995598544
3749.0,3.7023948313565245E-6,0.002210190566534622,0.2875923240209667,0.7101937830176673
3021.0,0.17140318314729008,0.39105046253864095,0.2985988674453842,0.13894748686868466
3567.0,0.7189234723524277,0.177688809614299,0.09988241897985081,0.003505299053422576
3146.0,0.02845401488267074,0.8703826765487187,0.08449771329199274,0.016665595276617696
3730.0,0.0056718512646022606,0.40216530398570705,0.5890242409030533,0.003138603846637345
3895.0,7.779781662983599E-9,1.5019445813841796E-5,0.10452237816871711,0.8954625946056874
3197.0,0.004200552630008063,0.11696323219786528,0.5948393746486689,0.28399684052345786
3066.0,7.984907454053575E-9,1.1680812067949331E-6,0.007474826265056559,0.9925239976688291
3544.0,8.065329082131267E-6,7.542449556824189E-4,0.4056736194411409,0.5935640702740944
3438.0,7.888902139738751E-4,0.024456189682420977,0.952668859843616,0.022086060259989028
2892.0,0.8346833535328222,0.15886739144760226,0.006408708029035293,4.0546990540108474E-5
2793.0,0.49228791797776805,0.30883419516713423,0.18084133070356068,0.018036556151537025
3275.0,0.07145367870157898,0.47183506763450916,0.4313926687521702,0.0253185849117417
3969.0,0.7899049650154473,0.19793459755672507,0.012140625558013238,1.981186981458484E-5
3620.0,4.599523949777502E-8,0.0014013989933117895,0.3292644231168838,0.6693341318945648
3912.0,0.7660939212534852,0.09154525718674165,0.13799437792695882,0.004366443632814262
3821.0,0.1255125887280503,0.6441498956411613,0.22985841857212527,4.790970586630729E-4
3495.0,0.31471524684027147,0.6728588751228305,0.012425218843907205,6.591929907688528E-7
2949.0,6.788791083312847E-6,4.8764431092251833E-4,0.4150998681143986,0.5844056987835956
3074.0,5.040949220893833E-4,0.03489963461054309,0.220551857503735,0.7440444129636326
3252.0,0.2675993425629051,0.47818776644475386,0.2512309400435482,0.0029819509487929627
2867.0,0.21406465593006885,0.6732104891462876,0.11269495066543579,2.9904258207655805E-5
3345.0,1.5244770798939435E-6,0.011302965089901406,0.9088554568307153,0.07984005360230323
3675.0,9.602633318592711E-4,0.24193886188548552,0.45884689274675905,0.29825398203589615
3051.0,0.15434539479346,0.30950133284145376,0.43069304112323453,0.10546023124185168
3529.0,2.7176424270094384E-4,0.26637974344391807,0.2055714031283295,0.5277770891850515
3180.0,3.9558143644183273E-7,0.002888456447852171,0.476030002374914,0.5210811455957974
3878.0,9.057375115381753E-4,0.004980566015459512,0.6172106767612131,0.37690301971178924
3715.0,0.03574982280609583,0.7897835900577647,0.17333693833191766,0.0011296488042217138
3637.0,0.031730176413376755,0.8848985849441552,0.05553344289493617,0.027837795747531823
3984.0,2.992436649210979E-8,5.640178222264759E-5,0.2595779226686373,0.7403656456247735
2808.0,2.0521515031518393E-4,0.02184380394974779,0.8367736937793661,0.1411772871205709
3290.0,0.0012794691124535713,0.3281465950504889,0.5268003011574219,0.14377363467963555
3455.0,1.4297813837869128E-4,4.8478418877957984E-4,0.23226922368011566,0.7671030139927261
2909.0,0.0012089200481882275,0.363602283199114,0.5274536182899568,0.10773517846274111
3091.0,0.7920211283049217,0.20278963596548427,0.005173440213411946,1.5795516182267306E-5
3510.0,0.010685499628062017,0.0643709041382905,0.644132563299958,0.2808110329336895
2964.0,0.08259113638933879,0.38177584026486205,0.5332019981841224,0.0024310251616768406
3836.0,0.002231964167540507,0.0370121349668709,0.655377343902236,0.30537855696335264
3929.0,0.019902379371837985,0.36345797935849844,0.4765965694328147,0.1400430718368489
3658.0,0.00743743169788739,0.025095430759395316,0.7690399859372612,0.19842715160545604
2850.0,0.9740697558602858,0.025666227099640834,2.636113020992244E-4,4.0573797418387533E-7
3328.0,5.395878121696812E-4,0.01700064639943163,0.5964709246887586,0.3859888410996401
3237.0,1.9541332454961718E-4,0.0011374364589588214,0.14025059014859922,0.8584165600678922
4056.0,0.6009811249399515,0.3949535288088806,0.004039137883695116,2.6208367472767666E-5
3218.0,1.4781864618376199E-8,6.114384731084194E-5,0.06806990501190045,0.9318689363589241
2837.0,1.0438385866121945E-4,0.035637098569451756,0.9463221377550884,0.017936379816798426
3383.0,0.1816542138647668,0.7278097687920956,0.08954185841569945,9.941589274382336E-4
3457.0,0.07245741773421982,0.36729270726157126,0.5519375586975669,0.008312316306642111
2979.0,3.352159064278772E-5,0.3326112245867184,0.5025023734515137,0.1648528803711251
3108.0,0.046070505170278345,0.7179032629123963,0.2349796460094665,0.001046585907858844
3950.0,5.580530731585811E-6,0.0034894098950448904,0.3860936217643817,0.6104113878098418
3787.0,5.284330993878497E-10,1.2788736775671397E-5,0.16968651569227436,0.8303006950425168
4007.0,0.6420644255014305,0.2636142558023545,0.09187168771227983,0.0024496309839351403
3586.0,6.747893328777362E-7,0.0013575819579615721,0.09411393924622427,0.9045278040064813
3400.0,1.4166307666444023E-9,2.1833653248926293E-6,0.0473945362701566,0.9526032789478878
2922.0,0.07451362421658972,0.513083491803965,0.2845985580704895,0.1278043259089558
3309.0,0.020502299239028392,0.06270335743925894,0.7467331026243164,0.17006124069739642
3163.0,0.3967756913606656,0.13018119336195783,0.18981301142316306,0.28323010385421343
3036.0,1.7438982342318895E-4,0.05986582674864027,0.8599040035275717,0.0800557799003649
3582.0,0.1900320582785817,0.8034244750714021,0.006543113818384017,3.528316323414401E-7
3764.0,3.304962473663806E-4,0.014683047684923685,0.6057062388020813,0.3792802172656286
3857.0,0.00618733716477804,0.6814595506804021,0.30103897468755486,0.011314137467265154
3320.0,0.002208235456117208,0.5536156494521776,0.43006940038224356,0.014106714709461692
3421.0,5.3166909074198526E-5,0.18185986293023707,0.7643440331374934,0.053742937023195284
2943.0,4.0508163402297734E-5,0.006130013623106134,0.5620760330799035,0.431753445133588
3607.0,9.53464727601893E-4,0.23620669899258612,0.5467208162072877,0.2161190200725242
4018.0,0.017014902259824542,0.11160238107567583,0.7199760315446609,0.1514066851198387
3844.0,0.771788619142348,0.14017647501387157,0.0834074259534861,0.004627479890294239
3745.0,0.00992911133903721,0.7040958530075079,0.2830918918283621,0.0028831438250927956
3017.0,1.1628460857316505E-4,0.02484764153296869,0.9740752111764907,9.608626819674665E-4
3563.0,0.0415870380586078,0.6731345306843998,0.2826584817281499,0.0026199495288425387
3150.0,2.7537812577631698E-5,0.13100531932953338,0.6640553171964921,0.20491182566139696
2816.0,0.26694011907204035,0.33125857811697484,0.38949646456459747,0.012304838246387277
3362.0,2.2741946140312025E-4,0.12925134305605346,0.45906984632063125,0.41145139116191215
3207.0,3.305213671060718E-8,0.0024427447490232455,0.094977078305852,0.9025801438929881
4045.0,0.003143647851670375,0.6662042336374389,0.2810549082422511,0.04959721026863967
3688.0,0.0036083557467387205,0.410682145834008,0.576394296215401,0.009315202203852206
3963.0,0.008038193837287738,0.46538708674861246,0.45626555147172154,0.07030916794237826
3121.0,0.1222924061698822,0.2723660463374684,0.2800192639979641,0.3253222834946853
3476.0,0.9802768880646441,0.01937278039490818,3.502091861584618E-4,1.2235428925961888E-7
2998.0,0.6868434736945517,0.28776698696506564,0.025206222161250808,1.8331717913189362E-4
3916.0,0.010666384970610262,0.6476775378918219,0.32045668505234753,0.021199392085220314
3817.0,2.7384230870066674E-7,5.074868302845302E-4,0.5406556848489874,0.4588365544784194
3491.0,0.0030162097875659453,0.023828850393223272,0.8045797210039077,0.1685752188153031
2945.0,0.4425274108235149,0.5534690711861959,0.004003406001206111,1.1198908289990377E-7
3078.0,0.0011791117775586423,0.08345754308748904,0.672740005241169,0.2426233398937834
3248.0,0.756206392040898,0.23385113874169225,0.009938177803863926,4.291413545774004E-6
2871.0,0.001186839591882452,0.10576920538255652,0.7501640251290113,0.14287992989654982
3349.0,0.013555420430633045,0.07569852069100559,0.8769101303333073,0.03383592854505414
3679.0,0.269116477020115,0.6642687629647538,0.0665166399769935,9.812003813781288E-5
3734.0,1.0884186006461811E-5,0.14228432509212374,0.1668608883883913,0.6908439023334785
3891.0,0.9815646552742429,0.017668555533074976,7.618244111378328E-4,4.964781544367517E-6
3193.0,0.0035486532129580858,0.7236705220649162,0.2553401557838548,0.01744066893827084
3548.0,3.88360703763746E-6,0.01146618008591157,0.33636260986869393,0.6521673264383568
3434.0,1.0823986594499927E-6,1.9240861947087676E-6,0.19961001285504626,0.8003869806600996
2888.0,0.01565807817302437,0.06752743892694438,0.7266540353274429,0.19016044757258846
2797.0,0.010744921760401623,0.959455031685053,0.029742867437221363,5.717911732405864E-5
3279.0,0.03339539652545624,0.7154603434724405,0.24747421468239975,0.003670045319703506
3973.0,4.7906113086954396E-8,0.0012473843841144929,0.2785372432922616,0.7202153244175108
3616.0,0.006516499807248424,0.04073494831258031,0.9494518507028384,0.003296701177332875
3095.0,0.005547282242944384,0.930493210009206,0.06391523056889828,4.4277178951425235E-5
3506.0,1.67208158577719E-4,0.07218587056000317,0.6312623114997367,0.29638460978168246
2960.0,2.613002005504433E-5,0.14376370241296238,0.2817689681068156,0.5744411994601669
3832.0,0.6985255384950071,0.23876193094055584,0.062206413604672134,5.061169597650443E-4
3933.0,0.04893709178192202,0.35635887221799667,0.566352790145365,0.028351245854716364
3662.0,0.0015188629108393442,0.32754758531020867,0.6089003096187084,0.0620332421602435
2854.0,0.006603103077898399,0.10681133319032347,0.8085478421160125,0.0780377216157656
3332.0,3.7170565112595113E-6,0.007678942734858434,0.9575403445872019,0.034776995621428275
3233.0,0.0200498977339964,0.7769960173222683,0.2029024309892088,5.1653954526474085E-5
3055.0,2.940613795747755E-8,1.740520083506393E-4,0.11967537878612662,0.8801505397993847
3533.0,2.1046479901159462E-4,0.021797471559295924,0.6030951613369189,0.3748969023047736
3176.0,3.322052117518521E-8,8.148993397158847E-5,0.06606361467657565,0.9338548621689315
3874.0,0.001658962692599035,0.5119940849375277,0.4344956284671661,0.051851323902707254
3719.0,0.046159828908068135,0.9534433393970516,3.93538503275359E-4,3.293191604922776E-6
3633.0,0.02255913633031166,0.5009947252867719,0.4700093375885481,0.006436800794368369
3988.0,0.06880335325444538,0.5274513126699687,0.3590235714134929,0.044721762662093024
2812.0,0.6753478419979881,0.3063657663746615,0.018168421681336498,1.1796994601382788E-4
