3067.0,0.020316187657243714,0.423813037357841,0.5010764009906233,0.054794373994291906
3545.0,0.002344552452868448,0.013924633995314522,0.3823293684639458,0.6014014450878714
3731.0,0.06281172081162341,0.39536049641795684,0.4843633497719515,0.05746443299846827
3894.0,0.05264022038535559,0.31697231193440767,0.5295675947669727,0.10081987291326419
3968.0,0.024132247707927233,0.17852997694239203,0.5774173418717137,0.2199204334779671
3621.0,5.469780866131875E-6,2.6574399777379763E-5,0.033318104599521746,0.9666498512198347
3439.0,0.02626245079068506,0.2958133836485965,0.5156432901132657,0.16228087544745265
2893.0,0.9791362667714656,0.02023401916422127,6.249044996748193E-4,4.809564638272063E-6
2792.0,0.009543178878784139,0.33494717963589565,0.5480539022813118,0.10745573920400842
3274.0,0.03339597859070537,0.5375837263873283,0.36252998230806627,0.06649031271389998
3494.0,0.6416748748599368,0.33744689978118514,0.01381920221845154,0.007059023140426484
2948.0,4.202892343674545E-4,0.0018225567532533082,0.14978053974368016,0.8479766142686991
3075.0,0.03434201129609035,0.2093690999046638,0.4938371423953848,0.26245174640386115
3913.0,0.0014064746375316117,0.05555461752023057,0.4611730429972958,0.4818658648449421
3820.0,0.2975574686927432,0.39139984828754615,0.2385031707639208,0.07253951225578978
3674.0,2.0462629232062074E-4,0.024793054027547917,0.35839394445829403,0.6166083752218373
3253.0,0.04946310282527651,0.10945035554562975,0.5961242828966276,0.24496225873246616
2866.0,0.8241368522894822,0.14836449518184336,0.02707230510077841,4.263474278962368E-4
3344.0,4.6596814752624386E-4,0.0036017311656463334,0.13592152035364796,0.8600107803331795
4040.0,6.245633129865402E-5,0.0024153458197093565,0.23993035214166542,0.7575918457073265
3693.0,0.5350585816793473,0.396731672728477,0.05550982086963335,0.012699924722542336
2821.0,0.042723485517976674,0.2010567788771482,0.6607098894704015,0.09550984613447354
3367.0,0.004488822679712235,0.18951654287626915,0.7914018140075352,0.01459282043648344
3202.0,6.939537414784508E-8,1.3606753063176183E-4,0.05399342485329098,0.9458704382207032
3124.0,0.005766950315972728,0.014067940908489588,0.21617073838538378,0.7639943703901539
3473.0,0.20178520256183832,0.4239456631994498,0.3116655220984507,0.0626036121402611
2995.0,0.7053123104607958,0.21085530286613016,0.07384186847446787,0.009990518198606121
3803.0,0.5295549421073263,0.10735263269054558,0.3425591326535856,0.020533292548542467
3966.0,0.0053610667202027085,0.09772768446108025,0.5013428108238338,0.3955684379948831
3602.0,8.958907838065826E-5,0.0017272718287528518,0.2817218745212556,0.716461264571611
4023.0,0.004560342221341581,0.24932937574816028,0.6852640554069358,0.06084622662356237
3325.0,9.208208694333502E-4,0.034509687100121346,0.39720926463734274,0.5673602273931027
3416.0,0.11745724568472388,0.1986078891148408,0.44894171059105775,0.23499315460937767
2938.0,0.014273934877641135,0.20901600179562796,0.5409411920488784,0.23576887127785257
3020.0,0.15946908017017597,0.5985634326078398,0.06532621121883142,0.17664127600315277
3566.0,0.0023764796384306975,0.038684168226140646,0.47747851715602335,0.4814608349794053
3147.0,8.227673732918001E-4,0.07229011711365341,0.4511569019009707,0.4757302136120842
3841.0,0.43836466455703055,0.4159570477715633,0.13904887614123643,0.006629411530169735
3748.0,0.005009508847413072,0.005073360239741908,0.17540615644051186,0.8145109744723332
3219.0,0.002918794223180255,0.37676527954805245,0.5850730740858402,0.0352428521429272
2836.0,0.1260328705347247,0.20845770490179194,0.5213161786488446,0.14419324591463872
3382.0,0.04620403258357539,0.37378008994228523,0.47474690764177324,0.10526896983236604
3708.0,0.03941284441094013,0.32212878539117173,0.4473196625006206,0.19113870769726746
4057.0,0.10884717088720715,0.6372257171617393,0.18398981220387153,0.069937299747182
3951.0,0.029330857948131454,0.11341798021637485,0.30494519768782624,0.5523059641476674
3786.0,3.760881558164545E-4,0.0027920057897290462,0.18104778423260875,0.8157841218218458
3456.0,0.012199034589968781,0.08410230671960038,0.37100570503502117,0.5326929536554097
2978.0,0.6801692865779928,0.04897218863361548,0.154776299879081,0.11608222490931076
3109.0,0.7393048072960549,0.2505059608159197,0.010143877309615437,4.535457840995445E-5
3401.0,0.9566275616998491,0.011828846809132064,0.01577179574550942,0.01577179574550942
2923.0,0.1635264891504487,0.2942868086020378,0.43536212814137537,0.10682457410613809
3308.0,1.161642929815152E-4,0.6047193309878311,0.38221114078275703,0.012953363936430332
4006.0,0.9584109039985671,0.03315241004157442,0.006471805542709167,0.001964880417149197
3587.0,0.878563126650894,0.11984335726394188,0.0012182319847013142,3.7528410046274086E-4
3765.0,0.2685588817004404,0.3507652540630253,0.35978308992691044,0.020892774309623892
3856.0,0.028189373985020288,0.2179874905403774,0.643402515003985,0.11042062047061718
3162.0,0.002475284585425199,0.03584918386913601,0.4336192239063638,0.528056307639075
3037.0,0.020734331859485967,0.21059043317436602,0.460570304530603,0.3081049304355449
3583.0,0.048931937151258736,0.11660735811030053,0.42649934482362634,0.4079613599148143
3879.0,0.028400721937648997,0.2642685898566333,0.48630245167149055,0.22102823653422707
3714.0,0.680779698221032,0.2768208103805989,0.041549945335191095,8.495460631781626E-4
3050.0,0.0021035632591876125,0.00997006698927642,0.22625386896274682,0.761672500788789
3528.0,2.7462443443195732E-6,3.9953065717707956E-5,0.048577214017330485,0.9513800866726074
3181.0,0.012867024550331221,0.14039116460392623,0.4673634161745359,0.37937839467120665
2809.0,0.9074925541392586,0.09053503852806198,0.0018742296411169933,9.817769156244807E-5
3291.0,0.2010079035985049,0.5342335476634574,0.19309430144941853,0.07166424728861916
3454.0,0.018762098681023742,0.28536651871624247,0.5481742811328136,0.14769710146992013
2908.0,0.9301616005806786,0.03454860705568104,0.020994457191884003,0.014295335171756287
3636.0,0.18547271619211736,0.5956041374835944,0.1252597301671199,0.09366341615716824
3985.0,0.05903650149343534,0.2868198660483603,0.1573021812247393,0.49684145123346507
3837.0,2.47031363404456E-4,0.03945036280551721,0.28306121385891736,0.6772413919721609
3928.0,0.003436795302556982,0.13563113631324863,0.4216941715109082,0.4392378968732862
3090.0,9.743728102978142E-4,0.024500086699645894,0.3867907238652523,0.587734816624804
3511.0,0.082810236600676,0.082810236600676,0.6953162723322066,0.13906325446644133
2965.0,0.20284453278003775,0.25817389127708235,0.5045033617387972,0.03447821420408273
2851.0,0.008267107252542785,0.21046474539021393,0.5297030998981991,0.25156504745904434
3329.0,0.031567583464028146,0.13001825236256626,0.6148204125005136,0.223593751672892
3236.0,0.07319688254122651,0.628446896224298,0.29150010522829023,0.006856116006185204
3659.0,0.0017759092210734235,0.17377900652619038,0.5521603076509222,0.27228477660181416
3490.0,0.006913105660335368,0.061801376646985935,0.48369106152828273,0.4475944561643959
2944.0,0.38573518140889484,0.5477513976508834,0.05596125570685683,0.010552165233364991
3079.0,0.041364397854144634,0.23922343641875152,0.561875515895425,0.15753664983167884
3917.0,0.003184377365950656,0.17285866416594636,0.6208676671123242,0.2030892913557787
3816.0,0.010812589458751415,0.22994806174615348,0.5706589273468698,0.18858042144822523
3678.0,0.12752090926759405,0.22830459670710557,0.4669912573260405,0.1771832366992599
3249.0,0.0016229869175174011,0.3483502809350694,0.6043558155834449,0.04567091656396837
2870.0,0.4384631118863627,0.38353288746750724,0.16941097925648568,0.008593021389644372
3348.0,0.683876203575576,0.25914780214306904,0.05471267446205995,0.0022633198192948526
3192.0,0.7931509843233766,0.18735503835708855,0.01946902133785438,2.495598168044196E-5
3071.0,0.01383127309091477,0.026824691841324983,0.4552492230348524,0.5040948120329077
3549.0,0.06209562528053367,0.834759483809841,0.0384368034462254,0.06470808746340008
3735.0,0.1786830320698188,0.6396350252147607,0.17639005407330607,0.005291888642114515
3890.0,0.13555526088536798,0.597433743725983,0.16484884323123938,0.10216215215740956
3972.0,0.09947290663597656,0.5187468305392067,0.34401404712959827,0.03776621569521853
3617.0,4.6062018382040884E-4,0.013803555300982883,0.18340311497479833,0.8023327095403984
3435.0,0.041536483975685906,0.3395510034170064,0.47412136210503986,0.14479115050226776
2889.0,1.138723507351704E-4,0.002797816981741872,0.1422944176142278,0.8547938930532951
2796.0,0.07826029567053855,0.38810718057022175,0.38810718057022175,0.14552534318901797
3278.0,0.0034606189642828944,0.13218182133635623,0.5272083549495123,0.33714920474984855
3606.0,0.018843877726148782,0.031150083588123493,0.24920066870498794,0.7008053699807398
4019.0,0.0029758960756140693,0.09169357848007195,0.6814939663620923,0.2238365590822218
3321.0,0.13684143706292332,0.07437288760016353,0.41099555928906745,0.3777901160478457
3420.0,0.00410451765528819,0.2851401512837791,0.6828334422494484,0.02792188881148428
2942.0,0.2428068328250627,0.5219605036041307,0.22138495714454526,0.013847706426261487
3016.0,0.5828400500599622,0.3635397588156707,0.05227341528063905,0.0013467758437280034
3562.0,2.4001331884473446E-4,0.012654927734003639,0.2959559598837034,0.6911490990634482
3151.0,0.3133826590918703,0.5043286479824038,0.17337218068325638,0.008916512242469522
3845.0,0.37682189045358083,0.4229844456239807,0.19120357229657423,0.008990091625864127
3744.0,0.08289167093690597,0.27706212867676716,0.6041663420379169,0.035879858348410114
4044.0,0.00208001157850107,0.053341527976051226,0.377719324026069,0.5668591364193788
3689.0,0.0043491579940988,0.06279263035095926,0.5833381169448159,0.3495200947101261
2817.0,0.004763709338023885,0.3106301069537528,0.5623635523247468,0.12224263138347669
3363.0,0.00263852252473926,0.11738388967859008,0.4991226463007937,0.38085494149587706
3206.0,0.22277227722772275,0.0801980198019802,0.031683168316831684,0.6653465346534654
3120.0,0.009725594289520825,0.08892198060578281,0.5880439497269997,0.3133084753776966
3477.0,0.005823898475959815,0.22953167917076703,0.6593002306617548,0.10534419169151836
2999.0,0.01518097674781942,0.06370803779669758,0.7084436072528377,0.21266737820264534
3807.0,0.025652002255498626,0.2586332729710366,0.5705811824005002,0.1451335423729646
3962.0,0.04947150671476029,0.1570406205665812,0.43578257930085607,0.35770529341780244
3405.0,0.033046663690463204,0.10313602158610778,0.6499117372318834,0.21390557749154565
2927.0,0.018043047430625906,0.3263090295481727,0.5185643515873544,0.137083571433847
3304.0,0.004792795022662863,0.05469873145056696,0.46551448159712777,0.4749939919296424
4002.0,3.9007006433302277E-5,8.16163499843173E-4,0.10252034507286148,0.8966244844208621
3591.0,0.8180948099520408,0.14765316475208953,0.016974518616460273,0.017277506679409447
3761.0,0.15410020533515179,0.5505974742245533,0.2775143226612166,0.017787997779078413
3860.0,0.028189373985020288,0.2179874905403774,0.643402515003985,0.11042062047061718
3166.0,0.24263553673746718,0.5332292543703983,0.2139433554848254,0.010191853407309144
3033.0,0.01066187001237115,0.08614449788971154,0.5563660757610019,0.3468275563369154
3579.0,0.05274757183456238,0.3058678190744039,0.47167218685547824,0.1697124222355555
3223.0,0.005165179708967198,0.10017272008637672,0.5488335476637726,0.34582855254088357
2832.0,0.00810967554360572,0.23377982313341308,0.6709470071823813,0.08716349414059997
3378.0,0.0022068039643895403,0.1286895921226861,0.42474980804665696,0.44435379586626733
3704.0,0.027429814254068784,0.12158608215032052,0.49971327391557235,0.3512708296800383
4061.0,0.0025179829761085818,0.10033544363005593,0.5303027252575968,0.36684384813623866
3947.0,3.178341393768227E-5,0.00827557475332788,0.2038376278288055,0.787855014003929
3790.0,0.01850893769414105,0.3711751040456471,0.5007360453088613,0.1095799129513506
3460.0,0.0039997751250550675,0.05703090433283318,0.7281686569362978,0.21080066360581384
2982.0,0.02236544519461717,0.3299223615545001,0.5314646474159316,0.11624754583495113
3105.0,0.24761913798937016,0.4523327670789142,0.27956540863800594,0.020482686293709678
3833.0,0.0035414089876126373,0.04757671316302924,0.8715186180452975,0.07736325980406061
3932.0,4.5868982233995104E-4,0.07316160141683788,0.6970492829247854,0.22933042583603672
3094.0,0.002615260176339853,0.0900253545412467,0.5462459079007737,0.3611134773816398
3507.0,0.39414213835250955,0.43773994831141755,0.15771781677259095,0.010400096563481962
2961.0,0.665085533837082,0.2517588802399704,0.07628046667436851,0.006875119248579178
2855.0,0.5773284293189228,0.2743221554525496,0.13453794513149367,0.013811470097034085
3333.0,0.12399732720423311,0.6134558311830772,0.25115646744783343,0.011390374164856184
3232.0,0.007349193761386808,0.3330431415763196,0.5664130545580303,0.09319461010426328
3663.0,2.6898349950097443E-5,0.001972271162458878,0.3599260981476286,0.6380747323399624
3875.0,0.09514607180105727,0.38425069342178564,0.43044601564150636,0.09015721913565061
3718.0,3.43370326837969E-4,0.034181440594014206,0.5445661511527454,0.42090903792640244
3054.0,0.005978336561630912,0.1619748198948385,0.5396141460123769,0.2924326975311537
3532.0,2.371450761903699E-6,0.001093432622356103,0.05891227646294442,0.9399919194639377
3177.0,7.150230988204256E-6,0.00845952576113297,0.18026733615913065,0.8112659878487483
2813.0,0.05082482951755244,0.29608451583633955,0.5904924891584069,0.06259816548770103
3295.0,0.013768908615609787,0.0945893406040844,0.3381774999127704,0.5534642508675355
3450.0,0.6890769227210428,0.1748272197125912,0.13315015127462718,0.002945706291738816
2904.0,0.05121676265669568,0.02023378277795385,0.025085761301238702,0.9034636932641117
3632.0,0.07259273502287487,0.525134919227735,0.3720622763412096,0.03021006940818066
3989.0,0.09850787332673099,0.4482073514858097,0.38716065979817993,0.06612411538927923
4032.0,0.010812589458751415,0.22994806174615348,0.5706589273468698,0.18858042144822523
3685.0,0.0011005796785018625,0.010912110954790092,0.5560263812700533,0.4319609280966546
3375.0,0.40062840683238593,0.5394488560680841,0.057787198706980486,0.0021355383925496137
2829.0,0.0030426830999389022,0.0743679848075694,0.42289560526645587,0.4996937268260359
3210.0,0.12838174978034975,0.5663949997559522,0.23896099296703455,0.06626225749666352
3132.0,9.442296785767726E-4,0.060781896862048844,0.28562444449218966,0.6526494289671847
3003.0,0.09614650508830455,0.5470832237091311,0.3117266528256179,0.045043618376946565
3481.0,0.3230468322730356,0.5658437761846972,0.10418790887381602,0.006921482668451122
3795.0,0.004792795022662863,0.05469873145056696,0.46551448159712777,0.4749939919296424
3958.0,0.20767631642653997,0.5745291589882614,0.18573229887631088,0.03206222570888764
3610.0,1.23057427467122E-4,0.03277461685553825,0.5645065706512438,0.40259575506575085
4031.0,0.22991532404025294,0.6851109855240323,0.08014079409585492,0.004832896339859875
3317.0,0.14870656906791077,0.22112514406789333,0.35714529914150295,0.273022987722693
2930.0,0.21148056771182738,0.2781141970247421,0.4428705332628035,0.06753470200062699
3408.0,0.8947618247022964,0.08391787176267286,0.02079762874100326,5.22674794027467E-4
3558.0,0.13888888888888887,0.6944444444444444,0.08333333333333331,0.08333333333333331
3012.0,0.3324474258218955,0.5397305504803981,0.12520494663327708,0.002617077064429155
3139.0,0.007111055504355549,0.48169939940838247,0.4506251875671932,0.060564357520068834
3849.0,0.15211267605633802,0.6901408450704225,0.07887323943661971,0.07887323943661971
3756.0,0.13555398755389975,0.6477674570331203,0.2062636205034172,0.010414934909562756
3188.0,0.17292942415625645,0.6024145727867116,0.2055495332513097,0.01910646980572223
3537.0,0.9566275616998491,0.011828846809132064,0.01577179574550942,0.01577179574550942
3059.0,0.004547841478342005,0.13110323270493524,0.5138662070192961,0.3504827187974267
3739.0,0.0010835658476336858,0.05406485802008857,0.34584506818851213,0.5990065079437658
3902.0,2.400233923432775E-4,0.08515584289788557,0.7007889960947662,0.21381513761500495
3976.0,0.056628809879102515,0.7865112483208684,0.028188563139819916,0.12867137866020928
3629.0,0.7635542168674699,0.16265060240963852,0.04216867469879518,0.03162650602409638
2885.0,2.425114697432368E-6,2.3902557740536538E-4,0.16094799956428626,0.838810549743611
3431.0,0.012415653791978794,0.4313115463915582,0.3878180551579525,0.16845474465851062
3266.0,2.958391389461368E-4,0.002096292157562789,0.20687041495973785,0.7907374537437534
2956.0,0.1635264891504487,0.2942868086020378,0.43536212814137537,0.10682457410613809
3502.0,0.6230162923685507,0.32233429811680014,0.052562079454659016,0.00208733005999027
3083.0,0.12774618905220364,0.36522647459447455,0.39278064105496147,0.11424669529836037
3905.0,0.030515366035370393,0.7655631183667537,0.1993571771827469,0.004564338415129064
3812.0,0.05107884532863758,0.29384856288829764,0.5597684496885394,0.09530414209452531
3666.0,0.0013218374385788314,0.32757873288193246,0.6288740414460982,0.04222538823339062
3261.0,0.7219927079533965,0.1539365724645849,0.12070746049901906,0.003363259082999494
3352.0,0.011868047913481254,0.07244291035910765,0.35935154085167015,0.556337500875741
2874.0,1.5774838099959215E-4,0.0038591423403919363,0.35558854676365775,0.6403945625149506
3887.0,0.015226334219571471,0.3997644133282194,0.442636338641617,0.14237291381059222
3722.0,0.09579691054963478,0.10777152436833914,0.06897377559573706,0.7274577894862891
3520.0,0.09614650508830455,0.5470832237091311,0.3117266528256179,0.045043618376946565
3042.0,0.41331361293092483,0.5450051629291393,0.035458743465589,0.006222480674347008
3173.0,0.21148056771182738,0.2781141970247421,0.4428705332628035,0.06753470200062699
3283.0,0.014076346077766498,0.12270420702759764,0.4452469044056767,0.41797254248895915
2801.0,0.03776399129109014,0.22092944876754508,0.7013555692436532,0.03995099069771153
2900.0,0.052315274284172444,0.447893104089776,0.4617092641212052,0.038082357504846294
3446.0,0.14876886416140994,0.5278904434120499,0.3010129013576119,0.022327791068928154
3644.0,0.07147510366740077,0.7674014218410086,0.16057666537687798,5.468091147127013E-4
3993.0,0.770946038680542,0.2042153423713026,0.02446908525644437,3.6953369171121284E-4
3829.0,5.012759369681319E-7,4.029195163215629E-4,0.05881600537440188,0.9407805738333396
3920.0,0.36963037480533595,0.3201428149360055,0.2984811184871847,0.01174569177147379
3098.0,0.004582340019562866,0.06852805682008738,0.6385099481192174,0.2883796550411324
2973.0,0.9820072178806137,0.017574850937895573,4.169824010068464E-4,9.487804837225269E-7
3519.0,0.041875739937672574,0.35549124451806663,0.5292270130921665,0.07340600245209444
3337.0,0.0018061097637867229,0.035511499499108985,0.43857808859421865,0.5241043021428857
2859.0,7.527286381017058E-4,0.02644345444416167,0.4088263060860618,0.5639775108316748
3244.0,2.8372347644079182E-5,0.002755656784696457,0.15169642147983067,0.8455195493878288
3651.0,0.0010385113995542141,0.07076235168957414,0.7091000593826186,0.21909907752825314
3227.0,0.9566275616998491,0.011828846809132064,0.01577179574550942,0.01577179574550942
3390.0,0.8180948099520408,0.14765316475208953,0.016974518616460273,0.017277506679409447
2844.0,0.010315757083952607,0.2597245467650755,0.6127711745325192,0.11718852161845267
3700.0,0.00629264340201706,0.7728402436250231,0.20420267740951353,0.01666443556344641
4049.0,0.007882197249803205,0.11182531186616414,0.4381928619461526,0.44209962893788013
3943.0,0.007412676247510374,0.1555567449163798,0.6140098221609622,0.22302075667514773
3778.0,0.016598758820224196,0.19994033044685558,0.24674755635086756,0.5367133543820527
2986.0,0.03825039844165043,0.01180567853137359,0.12499262145091787,0.8249513015760581
3464.0,0.0012819801853120047,0.026426976994734657,0.48694593682777426,0.4853451059921791
3117.0,0.08821824593655608,0.5986066176510658,0.24596965888372724,0.06720547752865091
2915.0,0.2106973722443815,0.42711897532258963,0.3322178500622257,0.02996580237080325
3300.0,2.677205212783729E-5,2.4833202318591524E-4,0.0751786896002117,0.9245462063244746
4014.0,3.616673365860642E-5,0.020579928478648698,0.1280954148642881,0.8512884899234046
3595.0,0.0010627606761950768,0.12982686367566312,0.34364494355567593,0.5254654320924659
3773.0,0.040400190459335544,0.21978928279425186,0.4535008687202967,0.2863096580261159
3864.0,9.807043126667515E-8,4.027642923976507E-4,0.01984690063138756,0.9797502370057835
3154.0,0.02344883474943251,0.21006890665480576,0.7436485733105955,0.022833685285166123
3575.0,0.011389286707370836,0.4811340044960863,0.3049462524369322,0.20253045635961073
3029.0,0.6992462331587218,0.15662486575905626,0.13724028019780485,0.006888620884417055
3614.0,0.26954889320781894,0.4712894259269409,0.22264224512996356,0.03651943573527672
4027.0,0.022465492099406688,0.2664613851083897,0.5577871672353397,0.15328595555686395
3313.0,0.003969710699138572,0.10365956722118046,0.8203284448510704,0.07204227722861063
2934.0,0.09472463943045256,0.6864789789274895,0.0011848221668729758,0.21761155947518485
3412.0,0.028189373985020288,0.2179874905403774,0.643402515003985,0.11042062047061718
3554.0,0.006278857088743709,0.6708030683964256,0.2600522194229002,0.06286585509193059
3008.0,0.02520205749026453,0.4924235169398526,0.25597718009857806,0.22639724547130494
3143.0,0.15375088056494923,0.513230738490677,0.20138053505376877,0.13163784589060507
3853.0,0.0018308061931953112,0.07725965221684813,0.48665119990866684,0.43425834168128963
3752.0,0.8408537358377812,0.1450769643790112,0.01036836120355511,0.0037009385796525794
4036.0,0.009085563400359676,0.12073492873425391,0.4534619486829981,0.41671755918238834
3681.0,1.2658880499818648E-4,0.09456244411609832,0.3930345703138021,0.5122763967651015
3371.0,0.002912400994954014,0.15184632698831302,0.7444598622792028,0.10078140973753007
2825.0,0.017282053751011658,0.08624860251359528,0.3551729751468777,0.5412963685885154
3214.0,0.9469100692466245,0.04670596973065677,0.00595657791880479,4.2738310391391766E-4
3128.0,6.240017808841776E-5,0.011322982661850892,0.26649561059400856,0.7221190065660522
3007.0,0.011810211828759394,0.10288438482867389,0.6714392830718,0.21386612027076662
3485.0,0.05226971866258669,0.8843458735060727,0.06318208229449464,2.0232553684588618E-4
3799.0,0.11273829835593176,0.43619092770204376,0.3689062257285846,0.08216454821343985
3954.0,5.920352088643903E-4,8.462202702483752E-4,0.12286685019821997,0.8756948943226672
2952.0,0.39243786672319486,0.3025538682499554,0.2571995088627112,0.04780875616413867
3498.0,0.03218338014502348,0.24802806583663892,0.5160487172730319,0.20373983674530566
3087.0,2.0693733387759704E-4,0.002205521157492119,0.33289562229383457,0.6646919192147956
3909.0,0.3697477011138494,0.5022124117040979,0.12317944899997547,0.004860438182077172
3808.0,3.757455114866328E-4,0.14499513485944557,0.501702985490696,0.3529261341383717
3670.0,0.012137033578720823,0.20399340141707542,0.733272441424274,0.05059712357992979
3257.0,2.0926765819957464E-4,0.31088171513555035,0.4824929547672284,0.20641606243902158
3356.0,0.006638780632842157,0.06508581732759595,0.4946600980780862,0.43361530396147563
2878.0,0.004033511422373751,0.0524866879874794,0.3170149182251882,0.6264648823649588
3184.0,0.23429491872895,0.1317908917850344,0.33738468296968815,0.29652950651632737
3541.0,1.976592313437503E-5,0.0032112865862627357,0.18631302132131183,0.8104559261692911
3063.0,0.0029758960756140693,0.09169357848007195,0.6814939663620923,0.2238365590822218
3743.0,0.006926576927298197,0.1407889016617718,0.6820368095095768,0.1702477119013532
3898.0,0.09522770696098112,0.6847077015463136,0.2174934460330648,0.0025711454596404706
3980.0,0.061647750574622254,0.30748021086263333,0.4640089218046743,0.16686311675807
3625.0,0.20534762811974885,0.23364878467497696,0.4665129636329982,0.09449062357227606
2881.0,0.0198022189224114,0.31963345303392277,0.5444871029261663,0.11607722511749932
3427.0,0.8317686133507938,0.14838173302379823,0.018763332060336656,0.0010863215650714795
3270.0,3.513093215964758E-4,0.004035077453050724,0.2182912009383553,0.7773224122869975
2788.0,0.6068549494987162,0.3332596946265764,0.0481448191555058,0.011740536719201495
3825.0,0.020724467036269383,0.7798511716209422,0.1641786691042349,0.03524569223855337
3924.0,0.01486196670703093,0.27463134605967804,0.6005011141851244,0.11000557304816667
3102.0,0.1298901697984937,0.5663460122108371,0.19077262436493875,0.11299119362573048
2969.0,0.0017495047150975652,0.129314692294599,0.4664113918992377,0.4025244110910656
3515.0,0.002060881186816756,0.24414662797767314,0.44352198874723203,0.310270502088278
3341.0,0.01367403203818938,0.08760773892992288,0.6343729882991825,0.2643452407327052
2863.0,0.021142473123545124,0.39257708050670675,0.5218336500585651,0.06444679631118311
3240.0,0.2777285634754999,0.49864943756283897,0.21267666121472328,0.010945337746937811
3655.0,0.5210576774994704,0.468571430913189,0.009641846850099264,7.290447372413104E-4
3883.0,0.046741854025303675,0.5069304120887913,0.39204678952515876,0.05428094436074634
3726.0,0.004642820089868915,0.06456482101398825,0.6025135340967817,0.3282788247993612
3524.0,0.005498460727492962,0.18521670688236264,0.6360331979313596,0.17325163445878478
3046.0,0.00608087305970819,0.03859095392427786,0.706952597334308,0.24837557568170582
3169.0,1.2398862897843306E-4,0.013069991676064012,0.44326435080692744,0.5435416688880302
3287.0,0.003282909455483208,0.07126006316064307,0.6684808467904632,0.25697618059341065
2805.0,0.05243709523060956,0.6580887000772492,0.24881621310222954,0.04065799158991171
2896.0,0.006104214198081403,0.04608664478666232,0.31429390814101327,0.6335152328742432
3442.0,5.370891902235521E-4,0.0010502265363673247,0.16639759097424947,0.8320150932991597
3640.0,0.4845527447945735,0.42836664844842365,0.016891727697603966,0.07018887905939884
3997.0,0.0326463975262217,0.2574754539194847,0.670679129453767,0.03919901910052657
2919.0,0.6722100524699248,0.3049531441718579,0.017549079750326838,0.005287723607890368
3397.0,0.051042337181198265,0.27389384276102,0.5923071841667221,0.08275663589105949
3296.0,0.004414570432558426,0.06509109182144085,0.5446971531128668,0.3857971846331338
4010.0,0.973060378883552,0.02592815415128733,8.797761193317718E-4,1.3169084582880157E-4
3599.0,3.131782943750287E-4,0.0025403308033986756,0.35409275080160524,0.643053740100621
3769.0,0.004517564258584579,0.02490756802994992,0.6112335595937267,0.35934130811773873
3868.0,0.49965883885774015,0.2769171829540514,0.20704720708211352,0.01637677110609487
3158.0,0.17668290234059558,0.4256353541133922,0.33496389680244015,0.06271784674357213
3571.0,0.031157736778428577,0.3008465052619114,0.43750004794750447,0.23049571001215552
3025.0,0.6418828644774366,0.3485441436372132,0.003058668376957407,0.006514323508392635
3231.0,0.01393751259203218,0.2025672352840533,0.4956662848952004,0.2878289672287141
3386.0,0.09262764792173014,0.33318412797903973,0.448292398317131,0.12589582578209896
2840.0,6.193759577956747E-5,0.024391498455191302,0.28479127380832336,0.6907552901407058
3696.0,0.7777777777777778,0.1111111111111111,0.05555555555555555,0.05555555555555555
4053.0,1.2906233055263606E-4,0.015424790914366021,0.5546214549373544,0.42982469181772703
3939.0,0.16567627081003308,0.653537940779456,0.16736427605680163,0.013421512353709421
3782.0,0.0055564463973655515,0.06702584148579922,0.4372161065104401,0.4902016056063952
2990.0,0.3573383350872516,0.3012268274308122,0.2936898055110996,0.047745031970836516
3468.0,5.435582405349039E-4,0.04731328191294827,0.20491703808697567,0.7472261217595412
3113.0,0.0015668772406412265,0.3103008457233146,0.5605983162100866,0.12753396082595767
2820.0,0.040400190459335544,0.21978928279425186,0.4535008687202967,0.2863096580261159
3366.0,0.7875449513818634,0.21115593874890623,0.0011509121419865738,1.481977272438243E-4
3203.0,0.003936006602176728,0.054553196066200196,0.5534833459712906,0.38802745136033256
4041.0,0.017384579744242915,0.09068278211936422,0.4134769419013639,0.478455696235029
3692.0,0.015829337098933152,0.5190056561764917,0.4177615917296499,0.04740341499492526
3802.0,0.0010202416948220563,0.015916175205698414,0.349596585557264,0.6334669975422156
3967.0,0.03816568376021614,0.17078512599969684,0.5927099271214683,0.19833926311861863
3125.0,0.07758231743969239,0.42900901623645304,0.3506630132674207,0.14274565305643389
3472.0,0.08235834770335264,0.4876443311117794,0.389644879480005,0.040352441704862956
2994.0,0.4156928130453258,0.5155742675851394,0.0645391003203113,0.004193819049223522
3324.0,0.0010920462616369152,0.08594775957394017,0.7543021044489362,0.15865808971548664
3417.0,0.05200737273495055,0.23553385324749532,0.6579429675528129,0.054515806464741225
2939.0,0.05107884532863758,0.29384856288829764,0.5597684496885394,0.09530414209452531
3603.0,0.08745397685464179,0.26033371445195624,0.47823786220884623,0.17397444648455573
4022.0,0.00861667752616252,0.1063787348908953,0.8620267808465087,0.022977806736433386
3840.0,0.03440320343438294,0.42219825766422114,0.5043001298531709,0.03909840904822494
3749.0,2.6287298259363383E-4,0.017728387250518677,0.15043749861784467,0.831571241149043
3021.0,0.17711750169294083,0.4947663310856297,0.2978346559642185,0.030281511257210975
3567.0,0.25617476361387254,0.4623549021099905,0.2126131710472975,0.06885716322883945
3146.0,5.483937696581924E-4,0.11632183772694496,0.4688955817412924,0.4142341867621045
3730.0,0.045253340646708405,0.20950620669772413,0.6337562752606154,0.11148417739495221
3895.0,3.857478690742658E-5,3.533933157570272E-4,0.0961609204161481,0.9034471114811874
3197.0,0.001450579519910956,0.06676814655378184,0.5118365415384967,0.4199447323878106
3066.0,2.550821341844727E-6,4.124582766716997E-4,0.03702619005039712,0.9625588008515894
3544.0,0.0160883422044787,0.08020651413912762,0.47065130574497915,0.43305383791141444
3438.0,0.0029758960756140693,0.09169357848007195,0.6814939663620923,0.2238365590822218
2892.0,0.2704624614054839,0.5056323537364557,0.18956583826550027,0.03433934659256024
2793.0,0.02626245079068506,0.2958133836485965,0.5156432901132657,0.16228087544745265
3275.0,0.14560581811665643,0.4605515249341049,0.35501960734015847,0.038823049609080146
3969.0,0.5558971442376714,0.39455293550956594,0.04878284315881454,7.670770939479176E-4
3620.0,4.588185023242851E-5,0.03517747618431519,0.25643626681831333,0.7083403751471391
3912.0,0.696894861113617,0.25732608306208615,0.044472341821920676,0.0013067140023762902
3821.0,0.2800514223660036,0.531141266221508,0.16166822280138357,0.027139088611104888
3495.0,0.1459104857494427,0.7409854301729399,0.11012934220911659,0.0029747418685007565
2949.0,0.018134154260187177,0.07456418926878383,0.40318490772055254,0.5041167487504766
3074.0,0.016030630303318655,0.09229395510502343,0.3860843377018615,0.5055910768897963
3252.0,0.5053085015119585,0.27496653797087706,0.2001122016537461,0.019612758863418255
2867.0,0.010741644947412463,0.32892580256611276,0.3907137836395519,0.26961876884692293
3345.0,0.0025842394498799648,0.011411504465066688,0.35561112733582745,0.6303931287492259
3675.0,0.056294555291721025,0.2724548568557544,0.4792737582520701,0.19197682960045445
3051.0,0.18844930613275757,0.257900007999704,0.4387836498056755,0.11486703606186294
3529.0,0.010445511097978203,0.059062116421984466,0.45855300629231965,0.47193936618771765
3180.0,0.002592500940273482,0.08592243630597535,0.5008509068780199,0.4106341558757312
3878.0,0.020204314227193373,0.11942345674556008,0.6094877888853137,0.2508844401419328
3715.0,0.22708907361368594,0.46690063321826325,0.2762909482341846,0.02971934493386623
3637.0,0.030609471784228712,0.710475040341735,0.25420927628992857,0.004706211584107745
3984.0,0.005723996489083797,0.30796510616930894,0.5507766170409881,0.1355342803006192
2808.0,0.04027361131785384,0.20043066642053764,0.5334707750588934,0.2258249472027151
3290.0,0.05378204150799619,0.3029319213184715,0.5180639763310583,0.12522206084247414
3455.0,2.970653686513677E-4,0.004558530568264353,0.24892670284997367,0.7462177012131106
2909.0,0.057961222816554435,0.1399555291493771,0.6917446633744959,0.11033858465957251
3091.0,0.21096998885604373,0.48537074281283,0.23206310614571657,0.07159616218540965
3510.0,0.020087737381311765,0.15012126731476258,0.4909446893006709,0.33884630600325466
2964.0,0.116497607252484,0.40148552486071415,0.38688052796489897,0.0951363399219028
3836.0,0.006178773533911835,0.02356121247705967,0.3886960921035692,0.5815639218854594
3929.0,0.008158444343411406,0.1510292055757512,0.5129970828730932,0.32781526720774423
3658.0,0.004517626060901934,0.1070754370178901,0.5940835254852168,0.29432341143599106
2850.0,0.8777844671884408,0.08850090307043952,0.016857314870559907,0.016857314870559907
3328.0,6.484763780326812E-4,0.04417613909861417,0.5374230502294945,0.4177523342938585
3237.0,0.006111316543617801,0.0802823852793208,0.6080181358370946,0.3055881623399668
4056.0,0.7833620063270874,0.20028280114898664,0.008408702175102005,0.00794649034882415
3218.0,0.09195512148714648,0.3405745240264683,0.5574925852277972,0.00997776925858794
2837.0,6.376229269146853E-4,0.04294661240541761,0.5042613101476682,0.45215445451999936
3383.0,0.3790326335544381,0.4627670691321046,0.1509759087459785,0.007224388567478929
3457.0,0.4516732264839315,0.3697166994880445,0.17117961704158044,0.007430456986443642
2979.0,0.05538397636230603,0.6271840203429176,0.25771028919314454,0.05972171410163166
3108.0,0.1575008174772326,0.5907633362889588,0.23017451492644458,0.021561331307364047
3950.0,0.00208710243541145,0.03686645485954701,0.4608770660293807,0.5001693766756609
3787.0,1.0430572346978324E-4,0.006325720087812142,0.21333991074639067,0.7802300634423275
4007.0,0.462139174804415,0.32938182856499365,0.19291118531294874,0.015567811317642654
3586.0,8.596945097179719E-4,0.04604982567303712,0.3835855509351576,0.5695049288820874
3400.0,4.4858596628117296E-5,0.003917352574827093,0.17994407992103853,0.8160937089075062
2922.0,0.004395448914746262,0.1498864111923053,0.5266115997485407,0.31910654014440765
3309.0,0.005149225847260336,0.06175224102325482,0.530119200654863,0.4029793324746219
3163.0,0.04946310282527651,0.10945035554562975,0.5961242828966276,0.24496225873246616
3036.0,0.02946124731929808,0.31415975283129005,0.5930934612043143,0.06328553864509773
3582.0,0.36254555728003707,0.6275014888618932,0.009832620845895002,1.2033301217489258E-4
3764.0,0.14624238320920785,0.22568269013766643,0.3413450688332204,0.28672985781990523
3857.0,0.012908160347497259,0.5050397490892365,0.4458587674912936,0.03619332307197259
3320.0,0.0013597843977308718,0.7778785941774161,0.2173294207408082,0.0034322006840448145
3421.0,0.0013073494195049583,0.36824562018937745,0.4659934056133944,0.1644536247777232
2943.0,3.517546214298622E-4,0.03811664790852265,0.5041397881404983,0.4573918093295491
3607.0,0.004993001560531708,0.11527993253638562,0.6049905888238374,0.2747364770792454
4018.0,0.030093908719702134,0.18743532426267454,0.7577488911864394,0.024721875831183886
3844.0,0.064266998635054,0.3078209715340885,0.4665639087329761,0.16134812109788155
3745.0,0.06020229736822895,0.5335578844388132,0.3702801005425676,0.03595971765039032
3017.0,0.746232680592554,0.11584710793795312,0.13697822006850108,9.419914009917597E-4
3563.0,0.17031195085827666,0.5235000606323065,0.29266737135238274,0.013520617157034055
3150.0,0.005642420425412017,0.2285441308971333,0.5432192682034427,0.22259418047401194
2816.0,0.29871489995465134,0.2808119378661831,0.4079273699244497,0.012545792254716037
3362.0,0.04839280931968296,0.2550139843937218,0.5017269196157347,0.19486628667086053
3207.0,0.0017871533744927967,0.05893977478735318,0.5351399145603816,0.4041331572777724
4045.0,0.007915168447015885,0.5901130081987273,0.3916808827686501,0.010290940585606851
3688.0,0.015665617088967788,0.42107768462941525,0.5136637886401101,0.04959290964150689
3963.0,0.07721609362836702,0.37713324999962516,0.44201204549586576,0.10363861087614214
3121.0,0.2638492227525759,0.5190033312304438,0.1988184273494686,0.018329018667511847
3476.0,0.9690570164242299,0.029223909928913223,0.0017017519945992563,1.7321652257584802E-5
2998.0,0.7562971816372623,0.2032206056964868,0.038965250899278533,0.0015169617669722037
3916.0,0.005171501289986678,0.3084530029545958,0.6303170403748699,0.056058455380547635
3817.0,9.249441214805941E-5,0.3258959367390053,0.4314772546628685,0.2425343141859782
3491.0,0.009830308888317388,0.10654568917195846,0.47267375537911605,0.41095024656060825
2945.0,0.4377933975635278,0.4607959256624377,0.1011334198064833,2.7725696755134577E-4
3078.0,0.027833282260899952,0.2061180118850869,0.46723241880668837,0.29881628704732466
3248.0,0.8241266293037046,0.16436656888766232,0.009804254716531399,0.001702547092101766
2871.0,0.056628809879102515,0.7865112483208684,0.028188563139819916,0.12867137866020928
3349.0,0.1450203568727131,0.3576489370125947,0.4380789914451222,0.059251714669570084
3679.0,0.272686584063564,0.4514120752012377,0.2104238683398337,0.06547747239536454
3734.0,9.049208900747672E-5,0.5310069066024503,0.42439605555770504,0.04450654575083729
3891.0,0.398833309733115,0.3492891541270194,0.23798543314598145,0.013892102993884166
3193.0,0.1178513093387568,0.450099595528764,0.4000790790833092,0.031970016049169984
3548.0,0.0020647403529706287,0.1868948571621056,0.5276468961998136,0.28339350628511006
3434.0,0.002823838751096116,0.0527798041777108,0.569654055426089,0.374742301645104
2888.0,0.014743792890459587,0.08013061100351336,0.6079764174090037,0.2971491786970234
2797.0,0.024884455709161972,0.5145774803093742,0.3774557719316483,0.08308229204981553
3279.0,0.10654902759170232,0.5048223764799894,0.3549525869004546,0.033676009027853726
3973.0,0.013351994761662022,0.13517793596649844,0.4959215407414817,0.35554852853035784
3616.0,0.20141647789549796,0.15544923631115598,0.6128054533184661,0.030328832474879948
3095.0,0.27177051710111527,0.33617483063329195,0.3519592433819757,0.04009540888361695
3506.0,0.009848952297019991,0.15808861559494344,0.5878878637545666,0.24417456835346996
2960.0,3.9001288870127714E-4,0.03477826521907519,0.46005344192226066,0.5047782799699629
3832.0,0.6286422862509291,0.2165784325868572,0.15161288095793235,0.003166400204281266
3933.0,0.34195619396601956,0.5392344905587466,0.1111354411646571,0.007673874310576754
3662.0,0.008530285175848171,0.2733897544198853,0.5938219266589115,0.12425803374535499
2854.0,0.021417357082830393,0.19058200611758505,0.7326935205716175,0.05530711622796702
3332.0,0.00266894084176568,0.5477352148361816,0.4400994275172478,0.009496416804804921
3233.0,0.04065013578270598,0.6081848691561776,0.3041011345889568,0.04706386047215969
3055.0,1.150801209399911E-4,0.2632852881470737,0.7313480226307604,0.005251609101225974
3533.0,7.747865355024103E-4,0.025356880977732622,0.5219579202613179,0.45191041222544703
3176.0,5.0714220820930564E-6,0.0011148649649940737,0.08824425492843475,0.9106358086844891
3874.0,0.0139601269881287,0.5825846401145949,0.39729596941649986,0.006159263480776498
3719.0,0.15734922444293165,0.6790430606539296,0.06811937444577466,0.09548834045736412
3633.0,0.11009478021130868,0.5465002610337247,0.2974478596023078,0.045957099152658686
3988.0,0.1056845360614699,0.5690429951918681,0.26129123710670155,0.06398123163996056
2812.0,0.747487011023734,0.2145712069608449,0.036984071650241535,9.577103651795965E-4
3294.0,0.01955830210216372,0.47581462616891984,0.4878711839706951,0.01675588775822139
3451.0,0.01192863381822027,0.012882924523677893,0.7680551708008433,0.2071332708572586
2905.0,1.953155945793007E-5,0.004884357784874652,0.10726522130146258,0.8878308893542048
4003.0,0.059082681408429906,0.6543880846750335,0.273683176210821,0.012846057705715714
3590.0,0.005149225847260336,0.06175224102325482,0.530119200654863,0.4029793324746219
3404.0,0.09262764792173014,0.33318412797903973,0.448292398317131,0.12589582578209896
