3067.0,0.0,0.05717204037860243,0.7575626790761227,0.18526528054527486
3545.0,0.47170401763703196,0.2796668462432979,0.20075367297321778,0.04787546314645229
3731.0,0.5083588044100897,0.248409693984713,0.20443608098716937,0.038795420618027876
3894.0,0.0017091974991595192,0.12338603326332614,0.7315644900669223,0.14334027917059214
3968.0,2.9608248704328296E-12,0.004516902449121694,0.040289174139041505,0.9551939234088759
3621.0,2.209341087679484E-118,0.004035985437205357,0.048161637554191304,0.9478023770086034
3439.0,0.001357666579209933,0.1234233846346755,0.7318291195251189,0.14338982926099572
2893.0,0.7369279476481625,0.14836115362253116,0.11115566879083541,0.003555229938470918
2792.0,0.5083588044100897,0.248409693984713,0.20443608098716937,0.038795420618027876
3274.0,0.6530331174931765,0.2207854624531473,0.1193940956923541,0.0067873243613221414
3494.0,0.6681415554453376,0.22345133562586142,0.09955754402350092,0.00884956490529998
2948.0,0.0,0.08488682318105237,0.7399891876558189,0.1751239891631287
3075.0,0.0,0.08647288929595054,0.7774971741146492,0.13602993658940024
3913.0,4.637117390755487E-9,0.0767323372902472,0.762864691174501,0.1604029668981344
3820.0,0.0,0.12816460587408804,0.7365411350918847,0.13529425903402728
3674.0,4.637117390755487E-9,0.0767323372902472,0.762864691174501,0.1604029668981344
3253.0,0.0,0.1281646059063425,0.7365411360769223,0.13529425801673522
2866.0,0.7787400076393654,0.14609366630143986,0.064444183633689,0.010722142425505897
3344.0,2.209341087679484E-118,0.004035985437205357,0.048161637554191304,0.9478023770086034
4040.0,8.152329124321357E-193,0.006249930602119299,0.0247112556162283,0.9690388137816524
3693.0,0.0,0.9577318122833001,0.0422681877166999,0.0
2821.0,0.004678269205030582,0.9814337920589641,0.013887926288665078,1.244734020268876E-8
3367.0,1.1811364883120793E-188,0.0881418116955684,0.7707997907321655,0.14105839757226604
3202.0,2.9608248704328296E-12,0.004516902449121694,0.040289174139041505,0.9551939234088759
3124.0,0.0,0.12816460590629178,0.7365411360769744,0.13529425801673386
3473.0,0.7369109880460466,0.1483706442950152,0.11116242841485217,0.003555939244086127
2995.0,0.0,0.08574310531200714,0.7410179656274006,0.1732389290605921
3803.0,8.152329124321357E-193,0.006249930602119299,0.0247112556162283,0.9690388137816524
3966.0,0.0,0.08488682318105237,0.7399891876558189,0.1751239891631287
3602.0,2.467319237112694E-274,3.1810126763696277E-16,0.038434857424945894,0.9615651425750538
4023.0,4.637117390755487E-9,0.0767323372902472,0.762864691174501,0.1604029668981344
3325.0,1.1811364883120793E-188,0.0881418116955684,0.7707997907321655,0.14105839757226604
3416.0,0.0,0.0,0.01134438213511242,0.9886556178648876
2938.0,0.0,0.10081280932345571,0.7211597364114792,0.17802745426506508
3020.0,0.0,0.10081280962566326,0.7211597374232657,0.17802745295107109
3566.0,0.0,0.12927824349407213,0.7541390547130427,0.1165827017928852
3147.0,2.960820281401003E-12,0.004516902513772838,0.040289171272433186,0.9551939262108331
3841.0,2.856153271931326E-203,0.08861733426651716,0.7699555538078456,0.14142711192563714
3748.0,0.0,0.12548481870194697,0.7372957407764062,0.13721944052164678
3219.0,0.00522356674209975,0.9691903263368568,0.02558610692104346,2.924191370609166E-306
2836.0,0.0,0.9595169697063228,0.031774102020378496,0.008708928273298637
3382.0,4.637117390755487E-9,0.0767323372902472,0.762864691174501,0.1604029668981344
3708.0,0.0,0.018279382456689426,0.012129308527292021,0.9695913090160185
4057.0,5.595895721552975E-50,0.005734821178867062,0.040184504265033394,0.9540806745560996
3951.0,0.0,0.08647288929595054,0.7774971741146492,0.13602993658940024
3786.0,2.467325648957732E-274,3.1810140247416897E-16,0.03843485719499024,0.9615651428050094
3456.0,0.0,0.1254848187019489,0.7372957407764177,0.13721944052163335
2978.0,2.3468993758767227E-238,0.012918551351568929,0.022280998749439306,0.9648004498989918
3109.0,0.0,0.9595169697063228,0.031774102020378496,0.008708928273298637
3401.0,1.8815342341320315E-33,0.021113654026062672,0.04448713672687045,0.934399209247067
2923.0,0.0,0.12547332351859034,0.7373015662520674,0.13722511022934228
3308.0,1.1811364883120793E-188,0.0881418116955684,0.7707997907321655,0.14105839757226604
4006.0,7.095749812001646E-113,0.9665227002317077,0.022042002863032106,0.01143529690526004
3587.0,3.142331306361383E-5,0.11489088103239556,0.7623568427676325,0.12272085288690841
3765.0,1.1449704378330183E-229,0.10814852968007639,0.7621268141002677,0.12972465621965576
3856.0,0.6681415554453376,0.22345133562586142,0.09955754402350092,0.00884956490529998
3162.0,0.6530331174931765,0.2207854624531473,0.1193940956923541,0.0067873243613221414
3037.0,0.0,0.12927826070081957,0.7541390382007089,0.1165827010984715
3583.0,3.142331306361383E-5,0.11489088103239556,0.7623568427676325,0.12272085288690841
3879.0,1.1449662881946569E-229,0.10814852993805506,0.7621268140469403,0.12972465601500469
3714.0,0.005408451808973452,0.9787508689444966,0.01584067924652985,0.0
3050.0,0.0,0.018279382456689426,0.012129308527292021,0.9695913090160185
3528.0,2.467319237112694E-274,3.1810126763696277E-16,0.038434857424945894,0.9615651425750538
3181.0,0.47170401763703196,0.2796668462432979,0.20075367297321778,0.04787546314645229
2809.0,0.0,0.09447412622181571,0.7508701729443817,0.15465570083380265
3291.0,0.0,0.11258971201611293,0.7289654351881703,0.15844485279571688
3454.0,0.0,0.9557925542129563,0.04420744578704377,0.0
2908.0,0.7356135201570068,0.17040898777498567,0.0939774920680075,0.0
3636.0,6.424892676278546E-13,0.0,0.032841942124922266,0.9671580578744352
3985.0,0.004782993310155015,0.9842593535635497,0.010957653126295264,0.0
3837.0,0.0,0.1254848187019489,0.7372957407764177,0.13721944052163335
3928.0,0.0,0.12623418511056625,0.6977651916817412,0.1760006232076925
3090.0,0.0,0.05070872155207991,0.7529240297938273,0.19636724865409286
3511.0,0.0,0.10081280932345571,0.7211597364114792,0.17802745426506508
2965.0,0.49390808282678633,0.324357173112275,0.1490010101925056,0.03273373386843297
2851.0,0.005677293223249014,0.9833382457151731,0.010984461061577916,0.0
3329.0,0.0054084518019380905,0.9787508689513917,0.015840679246670254,0.0
3236.0,0.0,0.0,0.01134438213511242,0.9886556178648876
3659.0,1.0708678144199736E-237,0.12057743033052142,0.7397989599984583,0.13962360967102025
3490.0,0.0,0.1254848187019489,0.7372957407764177,0.13721944052163335
2944.0,0.0,0.11258912139030487,0.7289664107944968,0.15844446781519836
3079.0,2.209341087679484E-118,0.004035985437205357,0.048161637554191304,0.9478023770086034
3917.0,0.0,0.9799784697537782,0.009999972430820053,0.010021557815401762
3816.0,0.0,0.12816460590629178,0.7365411360769744,0.13529425801673386
3678.0,0.0,0.0,0.01134438213511242,0.9886556178648876
3249.0,7.362396411502645E-125,0.09166027000923091,0.7512228473773643,0.15711688261340476
2870.0,0.45753926546676466,0.2912397334602423,0.20927320765698673,0.041947793416006254
3348.0,0.7369279476481625,0.14836115362253116,0.11115566879083541,0.003555229938470918
3192.0,0.005677293223241327,0.9833382457151832,0.01098446106157553,0.0
3071.0,0.0,0.05070874718073791,0.7529240557635976,0.1963671970556645
3549.0,2.921092265611825E-20,0.9949099917720042,0.005090008227995712,0.0
3735.0,7.362396411502645E-125,0.09166027000923091,0.7512228473773643,0.15711688261340476
3890.0,0.6626387091094083,0.22521268479418938,0.10138205671416292,0.010766549382239468
3972.0,0.0,0.12816460321720602,0.7365410537036076,0.13529434307918634
3617.0,7.299004422826601E-125,0.0916611215719886,0.7512225873442655,0.1571162910837459
3435.0,0.0,0.08647288929595054,0.7774971741146492,0.13602993658940024
2889.0,1.0623523699640728E-237,0.12057842683450207,0.7397984924201841,0.13962308074531388
2796.0,0.005747250163767873,0.9885058233616802,0.005746926474551872,5.919376483561215E-92
3278.0,0.005556133735071592,0.9684733618609096,0.0207687076502918,0.005201796753726974
3606.0,0.0,0.10081280932345571,0.7211597364114792,0.17802745426506508
4019.0,0.6681415554453376,0.22345133562586142,0.09955754402350092,0.00884956490529998
3321.0,0.0,0.12623438331024991,0.6977682408519105,0.17599737583783964
3420.0,0.6626387091094083,0.22521268479418938,0.10138205671416292,0.010766549382239468
2942.0,0.0,0.005560954416496092,0.04343942738815088,0.9509996181953531
3016.0,0.0,0.08488682318105237,0.7399891876558189,0.1751239891631287
3562.0,0.0017091974991590344,0.1233860332633262,0.7315644900669226,0.1433402791705922
3151.0,0.0,0.1292782434940721,0.7541390547130427,0.1165827017928852
3845.0,0.0,0.05717204037860243,0.7575626790761227,0.18526528054527486
3744.0,0.001474405351445587,0.105177193996794,0.7659365135091352,0.12741188714262522
4044.0,0.0,0.0063645700522738866,0.03296966558585599,0.9606657643618701
3689.0,0.0,0.05717204037860241,0.7575626790761225,0.18526528054527505
2817.0,7.362396411502645E-125,0.09166027000923091,0.7512228473773643,0.15711688261340476
3363.0,1.1449662881946569E-229,0.10814852993805506,0.7621268140469403,0.12972465601500469
3206.0,0.0,0.9799784697537782,0.009999972430820053,0.010021557815401762
3120.0,0.001474405351445587,0.105177193996794,0.7659365135091352,0.12741188714262522
3477.0,8.152329124321357E-193,0.006249930602119299,0.0247112556162283,0.9690388137816524
2999.0,0.0,0.08488682318105237,0.7399891876558189,0.1751239891631287
3807.0,7.362396411502645E-125,0.09166027000923091,0.7512228473773643,0.15711688261340476
3962.0,0.0,0.08488682318105237,0.7399891876558189,0.1751239891631287
3405.0,2.921092265611825E-20,0.9949099917720042,0.005090008227995712,0.0
2927.0,3.142331306361383E-5,0.11489088103239556,0.7623568427676325,0.12272085288690841
3304.0,6.422373550922454E-13,0.0,0.032841962801212994,0.9671580371981447
4002.0,1.2887616412459115E-58,0.012901498607379632,0.03278866086889326,0.954309840523727
3591.0,0.6626387091094083,0.22521268479418938,0.10138205671416292,0.010766549382239468
3761.0,7.362396411497204E-125,0.09166027000923037,0.7512228473773631,0.15711688261340653
3860.0,0.0,0.9557925542129563,0.04420744578704377,0.0
3166.0,1.0623523699640728E-237,0.12057842683450207,0.7397984924201841,0.13962308074531388
3033.0,0.0,0.12306042212280865,0.7789290226315372,0.09801055524565414
3579.0,0.0,0.1254848187019489,0.7372957407764177,0.13721944052163335
3223.0,0.0,0.9595169697063228,0.031774102020378496,0.008708928273298637
2832.0,0.0,0.010424769684700705,0.0051132641256582565,0.9844619661896411
3378.0,0.0,0.9799784697537782,0.009999972430820053,0.010021557815401762
3704.0,0.0,0.9536978744403777,0.02784541518709474,0.018456710372527572
4061.0,0.0,0.9598043981630715,0.02996979924728293,0.010225802589645552
3947.0,0.0,0.0063645700522738866,0.03296966558585599,0.9606657643618701
3790.0,7.362396411502645E-125,0.09166027000923091,0.7512228473773643,0.15711688261340476
3460.0,2.921092265611825E-20,0.9949099917720042,0.005090008227995712,0.0
2982.0,2.2588254481862573E-194,0.0034905500506289657,0.024988362263884224,0.9715210876854868
3105.0,0.8169064930960288,0.10847550166125407,0.07461800524271704,1.4334905099752362E-243
3833.0,0.49390808282678633,0.324357173112275,0.1490010101925056,0.03273373386843297
3932.0,6.770299724008534E-23,0.10142850195072416,0.7677133772808845,0.1308581207683913
3094.0,0.0,0.12927824349407213,0.7541390547130427,0.1165827017928852
3507.0,0.0,0.12623418511056625,0.6977651916817412,0.1760006232076925
2961.0,0.0,0.12927824349407213,0.7541390547130427,0.1165827017928852
2855.0,0.7787400076393654,0.14609366630143986,0.064444183633689,0.010722142425505897
3333.0,0.49390808282678633,0.324357173112275,0.1490010101925056,0.03273373386843297
3232.0,0.0,0.9595169697063228,0.031774102020378496,0.008708928273298637
3663.0,0.0,0.004059671030491493,0.016698190245405947,0.9792421387241025
3875.0,0.0,0.12927824342565578,0.7541390547080032,0.11658270186634087
3718.0,0.0,0.005560954416496092,0.04343942738815088,0.9509996181953531
3054.0,0.0,0.12927824349407213,0.7541390547130427,0.1165827017928852
3532.0,0.0,1.9508665736040573E-15,0.04285540073209195,0.9571445992679061
3177.0,1.6158109372051902E-29,0.0062503481860732525,0.0062424454775121705,0.9875072063364145
2813.0,0.0,0.010424769689254513,0.005113264140398184,0.9844619661703473
3295.0,1.1811364883120793E-188,0.0881418116955684,0.7707997907321655,0.14105839757226604
3450.0,1.1811364883120793E-188,0.0881418116955684,0.7707997907321655,0.14105839757226604
2904.0,7.602326942866456E-102,0.004169136814180296,0.0280043747560556,0.9678264884297642
3632.0,0.45753926546676466,0.2912397334602424,0.20927320765698673,0.04194779341600626
3989.0,0.0,0.12927824349407213,0.7541390547130427,0.1165827017928852
4032.0,0.0,0.12623418511056625,0.6977651916817412,0.1760006232076925
3685.0,2.960824513370447E-12,0.0045169024541521245,0.0402891739159974,0.9551939236268897
3375.0,0.0,0.9557925542129563,0.04420744578704377,0.0
2829.0,2.209341087679484E-118,0.004035985437205357,0.048161637554191304,0.9478023770086034
3210.0,0.0,0.9798337432730037,0.020166138063021356,1.1866397493946633E-7
3132.0,0.0,0.05717204037860243,0.7575626790761227,0.18526528054527486
3003.0,0.6626387091094083,0.22521268479418938,0.10138205671416292,0.010766549382239468
3481.0,1.1811364883120793E-188,0.0881418116955684,0.7707997907321655,0.14105839757226604
3795.0,4.1651173197462614E-14,0.0,0.03298650086473523,0.9670134991352232
3958.0,0.0,0.9780735027690567,0.0053831903983700405,0.016543306832573317
3610.0,7.871773283097202E-49,0.005626324704482745,0.03803568503776581,0.9563379902577516
4031.0,0.0,0.9595169734006596,0.031774102138164555,0.008708924461175889
3317.0,0.0,0.010424769684700705,0.0051132641256582565,0.9844619661896411
2930.0,0.0,1.0,0.0,0.0
3408.0,1.1449662881946569E-229,0.10814852993805506,0.7621268140469403,0.12972465601500469
3558.0,0.7787400076393654,0.14609366630143986,0.064444183633689,0.010722142425505897
3012.0,0.004610214703973735,0.9560703123865256,0.031117437054921548,0.008202035854578977
3139.0,0.45753926546676466,0.2912397334602424,0.20927320765698673,0.04194779341600626
3849.0,0.0,1.0,0.0,0.0
3756.0,0.0,0.003926663977464628,0.034250671729412346,0.961822664293123
3188.0,0.0,0.10081280932345571,0.7211597364114792,0.17802745426506508
3537.0,0.6626387091094083,0.22521268479418938,0.10138205671416292,0.010766549382239468
3059.0,3.142331306361383E-5,0.11489088103239556,0.7623568427676325,0.12272085288690841
3739.0,2.3468993758767227E-238,0.012918551351568929,0.022280998749439306,0.9648004498989918
3902.0,7.095749811150873E-113,0.9665227002263628,0.02204200286291522,0.011435296910721982
3976.0,0.0,0.11258971201611293,0.7289654351881703,0.15844485279571688
3629.0,1.8722435569347872E-281,0.9749413075929152,0.015028471753509244,0.010030220653575648
2885.0,0.0,0.018279382456689426,0.012129308527292021,0.9695913090160185
3431.0,0.0,0.003926663977464628,0.034250671729412346,0.961822664293123
3266.0,0.001474405351445587,0.105177193996794,0.7659365135091352,0.12741188714262522
2956.0,0.005408451808973452,0.9787508689444966,0.01584067924652985,0.0
3502.0,0.0,0.9891474372565151,0.010852562743484855,0.0
3083.0,0.0,0.10081280950574575,0.7211597370217853,0.178027453472469
3905.0,1.1449662881946569E-229,0.10814852993805506,0.7621268140469403,0.12972465601500469
3812.0,0.0,0.1254848187019489,0.7372957407764177,0.13721944052163335
3666.0,0.0,0.010424769684700705,0.0051132641256582565,0.9844619661896411
3261.0,7.522748487784051E-102,0.0040735223635292575,0.02800780929493203,0.9679186683415386
3352.0,0.0,0.12306042212280865,0.7789290226315372,0.09801055524565414
2874.0,0.0,0.010424769684700705,0.0051132641256582565,0.9844619661896411
3887.0,0.0017091974991595192,0.12338603326332614,0.7315644900669223,0.14334027917059214
3722.0,1.2887616412459115E-58,0.012901498607379632,0.03278866086889326,0.954309840523727
3520.0,0.0017091974991595192,0.12338603326332614,0.7315644900669223,0.14334027917059214
3042.0,0.004678269205030582,0.9814337920589641,0.013887926288665078,1.244734020268876E-8
3173.0,0.0,1.0,0.0,0.0
3283.0,4.63711738538744E-9,0.07673233729030751,0.7628646911745153,0.1604029668980599
2801.0,1.0623523699640728E-237,0.12057842683450207,0.7397984924201841,0.13962308074531388
2900.0,0.7369279476481625,0.14836115362253116,0.11115566879083541,0.003555229938470918
3446.0,0.0,0.0063645700522738866,0.03296966558585599,0.9606657643618701
3644.0,0.5083588044100897,0.248409693984713,0.20443608098716937,0.038795420618027876
3993.0,0.5042816718943254,0.2735701199862461,0.19205343797142896,0.03009477014799952
3829.0,2.9608248704328296E-12,0.004516902449121694,0.040289174139041505,0.9551939234088759
3920.0,0.004670978633670988,0.9814409687808285,0.013888040175129611,1.2410370984999188E-8
3098.0,1.1811364883120793E-188,0.0881418116955684,0.7707997907321655,0.14105839757226604
2973.0,1.1449662881946569E-229,0.10814852993805506,0.7621268140469403,0.12972465601500469
3519.0,0.0,0.9557925542129563,0.04420744578704377,0.0
3337.0,0.0,0.11258971201611293,0.7289654351881703,0.15844485279571688
2859.0,0.0,0.0790214004938021,0.7258541575415339,0.195124441964664
3244.0,5.285299640424031E-32,0.0042048107685455265,0.0168048174541406,0.9789903717773139
3651.0,0.0,0.10081280932345571,0.7211597364114792,0.17802745426506508
3227.0,2.9212268908590823E-20,0.9949099871946937,0.005090012805306247,0.0
3390.0,0.6626387091094083,0.22521268479418938,0.10138205671416292,0.010766549382239468
2844.0,0.0,0.010424769684700705,0.0051132641256582565,0.9844619661896411
3700.0,0.0,0.057173466275868105,0.7575627738276706,0.1852637598964614
4049.0,0.0,0.11258971066153209,0.7289654374256898,0.1584448519127782
3943.0,0.5572553571728783,0.26549947762860204,0.15733904419043399,0.01990612100808562
3778.0,0.0017091974991595192,0.12338603326332614,0.7315644900669223,0.14334027917059214
2986.0,0.0,0.10081280932345553,0.7211597364114789,0.17802745426506555
3464.0,1.88153423413278E-33,0.021113654026062672,0.04448713672687045,0.934399209247067
3117.0,2.921092265611825E-20,0.9949099917720042,0.005090008227995712,0.0
2915.0,3.130302634780661E-126,0.09197170169308969,0.7511273850693572,0.1569009132375531
3300.0,0.0,0.9798337432730037,0.020166138063021356,1.1866397493946633E-7
4014.0,0.0,0.0790214004938021,0.7258541575415339,0.195124441964664
3595.0,0.0,0.11258971201611293,0.7289654351881703,0.15844485279571688
3773.0,0.735613520156539,0.1704089877753423,0.09397749206811869,0.0
3864.0,4.637117390755487E-9,0.0767323372902472,0.762864691174501,0.1604029668981344
3154.0,1.1811364883120793E-188,0.0881418116955684,0.7707997907321655,0.14105839757226604
3575.0,0.0,0.05717204037860243,0.7575626790761227,0.18526528054527486
3029.0,0.0,0.9891474372565249,0.010852562743475094,0.0
3614.0,0.7787400076393654,0.14609366630143986,0.064444183633689,0.010722142425505897
4027.0,0.0,0.1254848187019489,0.7372957407764177,0.13721944052163335
3313.0,5.595895721552975E-50,0.005734821178867062,0.040184504265033394,0.9540806745560996
2934.0,2.921092265611825E-20,0.9949099917720042,0.005090008227995712,0.0
3412.0,0.001474405351445587,0.105177193996794,0.7659365135091352,0.12741188714262522
3554.0,0.0,0.05717204037860243,0.7575626790761227,0.18526528054527486
3008.0,0.6626387091094083,0.22521268479418938,0.10138205671416292,0.010766549382239468
3143.0,0.6681415554453376,0.22345133562586142,0.09955754402350092,0.00884956490529998
3853.0,0.0,0.0040596710304915,0.016698190245405947,0.9792421387241025
3752.0,0.0,0.9780735017566842,0.0053831882522845575,0.016543309991031263
4036.0,5.285299640424031E-32,0.0042048107685455265,0.0168048174541406,0.9789903717773139
3681.0,1.1449662881946569E-229,0.10814852993805506,0.7621268140469403,0.12972465601500469
3371.0,0.0,0.9536978744403777,0.02784541518709474,0.018456710372527572
2825.0,0.49390808282678633,0.324357173112275,0.1490010101925056,0.03273373386843297
3214.0,0.0,0.11258971201611293,0.7289654351881703,0.15844485279571688
3128.0,0.0,0.08489976036077215,0.7400049423048563,0.17509529733437157
3007.0,0.0,0.08488682318105237,0.7399891876558189,0.1751239891631287
3485.0,0.0,0.9595169697063228,0.031774102020378496,0.008708928273298637
3799.0,0.0,0.08647561427547858,0.7774937229346034,0.13603066278991804
3954.0,0.0,0.10081280932345571,0.7211597364114792,0.17802745426506508
2952.0,0.005223964365995963,0.9691899393306864,0.025586096303317606,2.924048909969048E-306
3498.0,0.0017091974991595192,0.12338603326332614,0.7315644900669223,0.14334027917059214
3087.0,0.0,0.0040596710304915,0.016698190245405947,0.9792421387241025
3909.0,0.7666208872110134,0.17099661779479092,0.06238249499419564,0.0
3808.0,7.362396411502645E-125,0.09166027000923091,0.7512228473773643,0.15711688261340476
3670.0,0.0,0.05717204037860243,0.7575626790761227,0.18526528054527486
3257.0,0.0,0.9598043981630715,0.02996979924728293,0.010225802589645552
3356.0,0.0,1.0,0.0,0.0
2878.0,2.921092265611825E-20,0.9949099917720042,0.005090008227995712,0.0
3184.0,1.3712923898072279E-58,0.012908359738485966,0.03279951124086697,0.9542921290206471
3541.0,3.139682639599596E-5,0.11489086747733251,0.7623568568820321,0.12272087881423926
3063.0,7.602505737909266E-102,0.004169135272278297,0.028004369517990436,0.9678264952097313
3743.0,0.001474405351445587,0.105177193996794,0.7659365135091352,0.12741188714262522
3898.0,0.0,0.09231403326946658,0.7394524024061391,0.16823356432439435
3980.0,0.0,0.9595169704918717,0.0317741020454249,0.008708927462703386
3625.0,1.0623523699640728E-237,0.12057842683450207,0.7397984924201841,0.13962308074531388
2881.0,2.9725081079463575E-217,9.748969661617899E-256,0.05448553148253473,0.9455144685174652
3427.0,0.6368044507915454,0.216228173858896,0.12807074895443585,0.018896626395122698
3270.0,1.0623523699640728E-237,0.12057842683450207,0.7397984924201841,0.13962308074531388
2788.0,0.0046437881441475015,0.9814677344945976,0.013888465088299566,1.2272955285450794E-8
3825.0,0.005677293216952039,0.9833382457216352,0.01098446106141283,0.0
3924.0,0.0,0.0790214004938021,0.7258541575415339,0.195124441964664
3102.0,0.8169064930960288,0.10847550166125407,0.07461800524271704,1.4334905099752362E-243
2969.0,0.004610214703973735,0.9560703123865256,0.031117437054921548,0.008202035854578977
3515.0,9.9359889406219E-10,0.11469065852014472,0.7623057283240456,0.12300361216221065
3341.0,0.001474405351445587,0.105177193996794,0.7659365135091352,0.12741188714262522
2863.0,0.001474405351445587,0.105177193996794,0.7659365135091352,0.12741188714262522
3240.0,0.5042816718943254,0.2735701199862461,0.19205343797142896,0.03009477014799952
3655.0,0.49390808282678633,0.324357173112275,0.1490010101925056,0.03273373386843297
3883.0,0.005223964366007778,0.9691899393306749,0.025586096303317298,2.924048909965024E-306
3726.0,0.0,0.07902141620926881,0.725854141055404,0.1951244427353271
3524.0,0.0,0.12623418511056625,0.6977651916817412,0.1760006232076925
3046.0,0.001474405351445587,0.105177193996794,0.7659365135091352,0.12741188714262522
3169.0,0.0,0.010424769684700705,0.0051132641256582565,0.9844619661896411
3287.0,0.0,0.08023000834831007,0.7273466521527522,0.1924233394989378
2805.0,0.6681415554453376,0.22345133562586142,0.09955754402350092,0.00884956490529998
2896.0,0.0,0.12623378757404888,0.6977620675158662,0.17600414491008487
3442.0,0.0,0.9784860369183,0.021513963081699866,0.0
3640.0,1.8722435569347872E-281,0.9749413075929152,0.015028471753509244,0.010030220653575648
3997.0,4.637117390755487E-9,0.0767323372902472,0.762864691174501,0.1604029668981344
2919.0,0.0,0.9780735017566842,0.0053831882522845575,0.016543309991031263
3397.0,1.1811364883120793E-188,0.0881418116955684,0.7707997907321655,0.14105839757226604
3296.0,0.0,0.9595169697063228,0.031774102020378496,0.008708928273298637
4010.0,0.6368044507915454,0.216228173858896,0.12807074895443585,0.018896626395122698
3599.0,0.0,0.12816460590629178,0.7365411360769744,0.13529425801673386
3769.0,0.0,0.08647288929595053,0.7774971741146492,0.13602993658940032
3868.0,0.7369278547119859,0.14836120563016847,0.1111557058327688,0.003555233825076913
3158.0,2.9608248704328296E-12,0.004516902449121694,0.040289174139041505,0.9551939234088759
3571.0,0.49390808282678633,0.324357173112275,0.1490010101925056,0.03273373386843297
3025.0,0.0,0.12306042212280865,0.7789290226315372,0.09801055524565414
3231.0,0.0,0.10081280932345571,0.7211597364114792,0.17802745426506508
3386.0,0.0,0.125484609193165,0.7372958469546697,0.1372195438521652
2840.0,0.0,0.003926663977464628,0.034250671729412346,0.961822664293123
3696.0,0.0,0.050751138073515,0.7530660181142862,0.19618284381219875
4053.0,0.0,0.08488682318105237,0.7399891876558189,0.1751239891631287
3939.0,0.0,0.12927823352884035,0.7541390539790349,0.11658271249212473
3782.0,7.362396411502645E-125,0.09166027000923091,0.7512228473773643,0.15711688261340476
2990.0,0.6681415554453376,0.22345133562586142,0.09955754402350092,0.00884956490529998
3468.0,0.0,0.010425452588739977,0.00511547494448626,0.9844590724667737
3113.0,0.0,0.003926663977464628,0.034250671729412346,0.961822664293123
2820.0,0.0,0.05717204037860148,0.757562679076119,0.1852652805452797
3366.0,0.6681415554453376,0.22345133562586142,0.09955754402350092,0.00884956490529998
3203.0,0.001474405351445587,0.105177193996794,0.7659365135091352,0.12741188714262522
4041.0,0.6681415554453376,0.22345133562586142,0.09955754402350092,0.00884956490529998
3692.0,1.0623523699640728E-237,0.12057842683450207,0.7397984924201841,0.13962308074531388
3802.0,0.0,0.05070872155194347,0.752924029793681,0.19636724865437552
3967.0,0.001474405351445587,0.105177193996794,0.7659365135091352,0.12741188714262522
3125.0,0.8169064930960288,0.10847550166125407,0.07461800524271704,1.4334905099752362E-243
3472.0,0.0,0.0,0.01134438213511242,0.9886556178648876
2994.0,0.6530331174931765,0.2207854624531473,0.1193940956923541,0.0067873243613221414
3324.0,0.0011540477088403398,0.9593888633716531,0.031224280152595103,0.008232808766911534
3417.0,2.921092265611825E-20,0.9949099917720042,0.005090008227995712,0.0
2939.0,5.285299640424031E-32,0.0042048107685455265,0.0168048174541406,0.9789903717773139
3603.0,0.005408451808973452,0.9787508689444966,0.01584067924652985,0.0
4022.0,0.0,0.9905237212408065,0.009476278758596452,5.971040746668868E-13
3840.0,0.0,0.11258971201611293,0.7289654351881703,0.15844485279571688
3749.0,0.0,0.10081280932345571,0.7211597364114792,0.17802745426506508
3021.0,7.362396411502645E-125,0.09166027000923091,0.7512228473773643,0.15711688261340476
3567.0,0.6626387091094083,0.22521268479418938,0.10138205671416292,0.010766549382239468
3146.0,0.0,0.0063645700522738866,0.03296966558585599,0.9606657643618701
3730.0,0.0,0.9798337432730037,0.020166138063021356,1.1866397493946633E-7
3895.0,0.0,0.0040596710304915,0.016698190245405947,0.9792421387241025
3197.0,0.0,0.08488682318105237,0.7399891876558189,0.1751239891631287
3066.0,0.0,0.12927824349407213,0.7541390547130427,0.1165827017928852
3544.0,0.0,0.12623418511056625,0.6977651916817412,0.1760006232076925
3438.0,0.001474405351445587,0.105177193996794,0.7659365135091352,0.12741188714262522
2892.0,0.6681415554453376,0.22345133562586142,0.09955754402350092,0.00884956490529998
2793.0,0.001709197498496686,0.1233860332634081,0.7315644900674079,0.1433402791706873
3275.0,0.0,0.12927824349407213,0.7541390547130427,0.1165827017928852
3969.0,1.1449662881946569E-229,0.10814852993805506,0.7621268140469403,0.12972465601500469
3620.0,0.0,0.9595169697063228,0.031774102020378496,0.008708928273298637
3912.0,0.7280996372777354,0.18601707743210505,0.07844075224919347,0.007442533040966195
3821.0,0.6681415554453376,0.22345133562586142,0.09955754402350092,0.00884956490529998
3495.0,0.0,0.9598042127693156,0.02996994170587522,0.01022584552480915
2949.0,2.960824741319329E-12,0.004516902450940659,0.040289174058389346,0.9551939234877092
3074.0,2.921092265611825E-20,0.9949099917720042,0.005090008227995712,0.0
3252.0,0.0,0.0790214004938021,0.7258541575415339,0.195124441964664
2867.0,0.0,0.05070872155194367,0.7529240297936874,0.19636724865436891
3345.0,0.001474405351445587,0.105177193996794,0.7659365135091352,0.12741188714262522
3675.0,0.0,0.10081280932345571,0.7211597364114792,0.17802745426506508
3051.0,0.0,0.9798337432730037,0.020166138063021356,1.1866397493946633E-7
3529.0,0.0,0.9823542154486663,0.010016664935335895,0.007629119615997842
3180.0,0.0,0.057176236195826936,0.7575629577799722,0.18526080602420103
3878.0,0.0,0.1254848187019489,0.7372957407764177,0.13721944052163335
3715.0,0.49390808282678633,0.324357173112275,0.1490010101925056,0.03273373386843297
3637.0,0.0,0.9594735313928384,0.03180888926454844,0.008717579342612993
3984.0,0.0,0.018279382456689426,0.012129308527292021,0.9695913090160185
2808.0,0.0,0.11258971201611293,0.7289654351881703,0.15844485279571688
3290.0,0.5572553571728783,0.26549947762860204,0.15733904419043399,0.01990612100808562
3455.0,0.0,0.08647288929595054,0.7774971741146492,0.13602993658940024
2909.0,2.921092265611825E-20,0.9949099917720042,0.005090008227995712,0.0
3091.0,0.6530331174931765,0.2207854624531473,0.1193940956923541,0.0067873243613221414
3510.0,0.0,0.003927469426868786,0.03425012616240847,0.9618224044107228
2964.0,0.6681415554453376,0.22345133562586142,0.09955754402350092,0.00884956490529998
3836.0,0.005677293223249014,0.9833382457151731,0.010984461061577916,0.0
3929.0,4.637117390755487E-9,0.0767323372902472,0.762864691174501,0.1604029668981344
3658.0,0.0,0.08647288929595054,0.7774971741146492,0.13602993658940024
2850.0,0.0,0.12816460590629172,0.7365411360769745,0.13529425801673386
3328.0,0.0,0.0040596710304915,0.016698190245405947,0.9792421387241025
3237.0,7.36239641130842E-125,0.09166027000923457,0.7512228473773636,0.15711688261340173
4056.0,0.5572553571728783,0.26549947762860204,0.15733904419043399,0.01990612100808562
3218.0,0.0,0.10081280932345571,0.7211597364114792,0.17802745426506508
2837.0,0.0,0.003926663977464628,0.034250671729412346,0.961822664293123
3383.0,0.0,0.057172040378600894,0.7575626790761226,0.18526528054527647
3457.0,0.004610214703973735,0.9560703123865256,0.031117437054921548,0.008202035854578977
2979.0,0.0,0.05070872155194367,0.7529240297936874,0.19636724865436891
3108.0,0.0,1.0,0.0,0.0
3950.0,2.972511717590323E-217,9.748995575903736E-256,0.05448553132036438,0.9455144686796356
3787.0,1.0623523699640728E-237,0.12057842683450207,0.7397984924201841,0.13962308074531388
4007.0,0.45753926546676466,0.2912397334602424,0.20927320765698673,0.04194779341600626
3586.0,1.1449662881946569E-229,0.10814852993805506,0.7621268140469403,0.12972465601500469
3400.0,0.0,0.003926663977464628,0.034250671729412346,0.961822664293123
2922.0,0.0,0.0063645700522738866,0.03296966558585599,0.9606657643618701
3309.0,2.921092265611825E-20,0.9949099917720042,0.005090008227995712,0.0
3163.0,0.0,0.12816460590629178,0.7365411360769744,0.13529425801673386
3036.0,0.6681415554453376,0.22345133562586142,0.09955754402350092,0.00884956490529998
3582.0,2.921092265611825E-20,0.9949099917720042,0.005090008227995712,0.0
3764.0,0.0,0.9799784697537782,0.009999972430820053,0.010021557815401762
3857.0,0.5042816718943254,0.2735701199862461,0.19205343797142896,0.03009477014799952
3320.0,0.0,0.0790214004938021,0.7258541575415339,0.195124441964664
3421.0,1.8721799104399754E-281,0.9749413077671846,0.015028471492478837,0.010030220740336654
2943.0,4.637117390755487E-9,0.0767323372902472,0.762864691174501,0.1604029668981344
3607.0,2.9725081079463575E-217,9.748969661617899E-256,0.05448553148253473,0.9455144685174652
4018.0,1.1449662881946569E-229,0.10814852993805506,0.7621268140469403,0.12972465601500469
3844.0,0.001474405351445587,0.105177193996794,0.7659365135091352,0.12741188714262522
3745.0,0.0,0.08488682319111873,0.7399891876445798,0.1751239891643014
3017.0,2.921092265611825E-20,0.9949099917720042,0.005090008227995712,0.0
3563.0,0.0,0.9798337432730039,0.02016613806302125,1.1866397493946279E-7
3150.0,8.131958892964337E-223,0.11636450627294134,0.7417369947455061,0.14189849898155252
2816.0,0.001474405351445587,0.105177193996794,0.7659365135091352,0.12741188714262522
3362.0,3.3362315884122123E-280,0.9723970374013992,0.016180307938070057,0.011422654660530789
3207.0,7.602506512738044E-102,0.004169136207075039,0.02800436948444501,0.9678264943084799
4045.0,0.0,0.9536978744403777,0.02784541518709474,0.018456710372527572
3688.0,0.0,0.9598043981630715,0.02996979924728293,0.010225802589645552
3963.0,0.005223964366007778,0.9691899393306749,0.025586096303317298,2.924048909965024E-306
3121.0,0.004610214703973735,0.9560703123865256,0.031117437054921548,0.008202035854578977
3476.0,0.7280996355567079,0.18601707830495942,0.07844075299190831,0.007442533146424368
2998.0,0.0,0.003926663977464628,0.034250671729412346,0.961822664293123
3916.0,0.0,0.12306042212280865,0.7789290226315372,0.09801055524565414
3817.0,0.0,0.9784860369183,0.021513963081699866,0.0
3491.0,1.0623523699640728E-237,0.12057842683450207,0.7397984924201841,0.13962308074531388
2945.0,3.142331306361383E-5,0.11489088103239556,0.7623568427676325,0.12272085288690841
3078.0,0.5572553571728783,0.26549947762860204,0.15733904419043399,0.01990612100808562
3248.0,0.7356135201571208,0.1704089877748571,0.09397749206802206,0.0
2871.0,2.209341087679484E-118,0.004035985437205357,0.048161637554191304,0.9478023770086034
3349.0,0.7666194909569316,0.17099735112688033,0.06238315791618801,0.0
3679.0,0.0,0.10081294564921607,0.7211601928273965,0.17802686152338743
3734.0,0.0,0.9536978744403777,0.02784541518709474,0.018456710372527572
3891.0,3.142331306361383E-5,0.11489088103239556,0.7623568427676325,0.12272085288690841
3193.0,1.6158109372051902E-29,0.0062503481860732525,0.0062424454775121705,0.9875072063364145
3548.0,7.362396411502645E-125,0.09166027000923091,0.7512228473773643,0.15711688261340476
3434.0,3.142331306335315E-5,0.11489088103239553,0.7623568427676323,0.12272085288690882
2888.0,4.156780817354882E-193,0.108327741848256,0.7452027733928952,0.14646948475884886
2797.0,0.0,0.08537775746440897,0.740582479968235,0.17403976256735595
3279.0,0.0,0.12816460590629178,0.7365411360769744,0.13529425801673386
3973.0,0.0,0.05717204037860242,0.7575626790761226,0.185265280545275
3616.0,0.5042816718943254,0.2735701199862461,0.19205343797142896,0.03009477014799952
3095.0,0.0,0.010424769684700705,0.0051132641256582565,0.9844619661896411
3506.0,0.0,0.9598043981630715,0.02996979924728293,0.010225802589645552
2960.0,6.2321996225027736E-21,0.9578752280553011,0.033335926933925425,0.008788845010773465
3832.0,0.7345540088232921,0.17115376857329515,0.09429222260341284,0.0
3933.0,0.0,0.9891474372565151,0.010852562743484855,0.0
3662.0,0.0,0.12927824349407213,0.7541390547130427,0.1165827017928852
2854.0,0.0,0.1254848187019489,0.7372957407764177,0.13721944052163335
3332.0,0.0,0.11258703283419043,0.7289698607213585,0.1584431064444512
3233.0,0.7369279476481625,0.14836115362253116,0.11115566879083541,0.003555229938470918
3055.0,1.2887616412493171E-58,0.012901498607380187,0.03278866086889326,0.9543098405237267
3533.0,8.152329124321357E-193,0.006249930602119299,0.0247112556162283,0.9690388137816524
3176.0,0.005223964366007778,0.9691899393306749,0.025586096303317298,2.924048909965024E-306
3874.0,1.1449662882067767E-229,0.10814852993805438,0.7621268140469404,0.1297246560150052
3719.0,0.6626387091094083,0.22521268479418938,0.10138205671416292,0.010766549382239468
3633.0,1.8722435569347872E-281,0.9749413075929152,0.015028471753509244,0.010030220653575648
3988.0,0.0,0.12623418511056625,0.6977651916817412,0.1760006232076925
2812.0,0.004610214703973735,0.9560703123865256,0.031117437054921548,0.008202035854578977
3294.0,6.424892676278546E-13,0.0,0.032841942124922266,0.9671580578744352
3451.0,0.0,0.05070872155194367,0.7529240297936874,0.19636724865436891
2905.0,0.0,0.003926663977464628,0.034250671729412346,0.961822664293123
4003.0,0.0,0.10081280932345571,0.7211597364114792,0.17802745426506508
3590.0,1.88153423413278E-33,0.021113654026062672,0.04448713672687045,0.934399209247067
3404.0,0.0,0.12548481870187211,0.7372957407764694,0.13721944052165852
2926.0,0.5572553571728783,0.26549947762860204,0.15733904419043399,0.01990612100808562
3305.0,2.3468993758767227E-238,0.012918551351568929,0.022280998749439306,0.9648004498989918
3167.0,7.362396409817205E-125,0.0916602700092553,0.7512228473773547,0.15711688261339005
3032.0,0.0,0.08647288929595054,0.7774971741146492,0.13602993658940024
3578.0,0.0,0.9557925542129563,0.04420744578704377,0.0
3760.0,0.0,0.11258971201611293,0.7289654351881703,0.15844485279571688
3861.0,0.5083587995962091,0.24840969642605623,0.20443608298084276,0.03879542099689196
3705.0,0.0,0.1292782259364701,0.7541390534198038,0.11658272064372616
4060.0,0.0,0.1254848187019489,0.7372957407764177,0.13721944052163335
3222.0,0.0,0.07902140049380216,0.7258541575415339,0.19512444196466394
2833.0,0.0,0.12816460590629178,0.7365411360769744,0.13529425801673386
3379.0,1.1449662881946569E-229,0.10814852993805506,0.7621268140469403,0.12972465601500469
3461.0,0.0,0.9536978744403777,0.02784541518709474,0.018456710372527572
2983.0,7.362396411502645E-125,0.09166027000923091,0.7512228473773643,0.15711688261340476
3104.0,0.0,1.0,0.0,0.0
3946.0,0.766618990632235,0.17099761390366958,0.0623833954640954,0.0
3791.0,0.5572553571728783,0.26549947762860204,0.15733904419043399,0.01990612100808562
3738.0,0.47187933939648863,0.27961048924006543,0.20066454400862993,0.047845627354816025
3903.0,0.0,0.08647288929595054,0.7774971741146492,0.13602993658940024
3189.0,0.0,0.0790214004938021,0.7258541575415339,0.195124441964664
3536.0,7.602506512738044E-102,0.004169136207075039,0.02800436948444501,0.9678264943084799
3058.0,1.1811364883120793E-188,0.0881418116955684,0.7707997907321655,0.14105839757226604
2884.0,0.0,0.08488844054703612,0.7399911576100561,0.1751204018429078
3430.0,0.0,0.05717204037860243,0.7575626790761227,0.18526528054527486
3267.0,8.152329124321357E-193,0.006249930602119299,0.0247112556162283,0.9690388137816524
3977.0,0.0,0.12623418511056625,0.6977651916817412,0.1760006232076925
3628.0,0.0,0.057172040378679886,0.7575626790761408,0.18526528054517927
3904.0,0.0,0.1254773518087595,0.737299524869458,0.13722312332178235
3813.0,0.0017091974991595192,0.12338603326332614,0.7315644900669223,0.14334027917059214
2957.0,0.0,0.0790214004938021,0.7258541575415339,0.195124441964664
3503.0,0.0,0.10081280932345571,0.7211597364114792,0.17802745426506508
3082.0,0.0,0.0040596710304915,0.016698190245405947,0.9792421387241025
3260.0,0.6626387091094083,0.22521268479418938,0.10138205671416292,0.010766549382239468
3353.0,0.6681415554453376,0.22345133562586142,0.09955754402350092,0.00884956490529998
2875.0,0.0,0.057172040378776406,0.7575626790761337,0.1852652805450899
3667.0,2.9725081898272487E-217,9.748970249456193E-256,0.054485531478856174,0.9455144685211437
3374.0,0.0,0.0040596710304915,0.016698190245405947,0.9792421387241025
2828.0,0.6368044507915454,0.216228173858896,0.12807074895443585,0.018896626395122698
3211.0,7.095749811150873E-113,0.9665227002263628,0.02204200286291522,0.011435296910721982
4033.0,0.45753926546676466,0.2912397334602424,0.20927320765698673,0.04194779341600626
3684.0,2.9725081079463575E-217,9.748969661617899E-256,0.05448553148253473,0.9455144685174652
3794.0,2.467319237112694E-274,3.1810126763696277E-16,0.038434857424945894,0.9615651425750538
3959.0,0.0,0.10081280932345571,0.7211597364114792,0.17802745426506508
3133.0,1.181125894840514E-188,0.0881418118220019,0.7707997905075182,0.14105839767047992
3480.0,0.7787400076393654,0.14609366630143986,0.064444183633689,0.010722142425505897
3316.0,0.0,0.08488682318105237,0.7399891876558189,0.1751239891631287
2931.0,0.49390808282678633,0.324357173112275,0.1490010101925056,0.03273373386843297
3409.0,7.095749811150873E-113,0.9665227002263628,0.02204200286291522,0.011435296910721982
3611.0,0.0,0.08488682318105237,0.7399891876558189,0.1751239891631287
4030.0,0.0,0.08488682318105237,0.7399891876558189,0.1751239891631287
