3067.0,9.562044900008001E-4,0.16156965165254303,0.4977862749374189,0.3396878689200373
3545.0,0.0021665016760513823,0.04573555737314367,0.48071014973656917,0.47138779121423563
3731.0,0.10890508161473315,0.5855056155921178,0.2880143582882344,0.01757494450491467
3894.0,0.007979717877086775,0.34564594582614777,0.5515735473295423,0.0948007889672231
3968.0,0.004747387141400144,0.17413799933391397,0.5746684586954178,0.24644615482926804
3621.0,1.214579974254905E-7,6.0609005209377324E-5,0.018271662781538536,0.9816676067552548
3439.0,0.008552555212008178,0.12930359995864601,0.4225987641836415,0.43954508064570436
2893.0,0.9665403315443386,0.03241938734499485,0.0010264635956458562,1.3817515020445705E-5
2792.0,6.437483004873935E-4,0.1908056639270834,0.5215265155563095,0.28702407221611975
3274.0,0.25546693902019063,0.4105582087236962,0.2610559123961329,0.0729189398599803
3494.0,0.603891845938204,0.32259354878016955,0.06787164400765039,0.005642961273976073
2948.0,8.037535413393076E-4,0.0679958737364137,0.47352275078988887,0.4576776219323581
3075.0,0.00271863690268593,0.32130439466059735,0.49531125623132544,0.18066571220539127
3913.0,0.006311045084243779,0.2714786811634605,0.5830597188106731,0.13915055494162254
3820.0,0.3250852593562996,0.5629477574872261,0.11075698717777445,0.0012099959786998123
3674.0,7.412665652506247E-5,0.03068694646794165,0.36902021472850827,0.6002187121470249
3253.0,6.139574072098603E-6,0.0016995156486913452,0.22032448913435543,0.7779698556428811
2866.0,0.9643365642353291,0.03383950686385072,0.0017749802172107262,4.89486836094447E-5
3344.0,6.826388421357258E-6,7.142545568730853E-4,0.14422831411872827,0.8550506049359772
4040.0,9.480713416787949E-7,0.0033473814169785337,0.217761381141366,0.7788902893703137
3693.0,0.5053906729816209,0.37608088227509984,0.11417222145233936,0.0043562232909398245
2821.0,0.004759836228827753,0.13584805097378802,0.5539741704938915,0.30541794230349284
3367.0,0.004347262996281375,0.15217107620120204,0.5149279142320867,0.3285537465704299
3202.0,9.766519113365981E-8,2.2730881790758973E-4,0.044210823430523155,0.9555617700863782
3124.0,1.8021472460506222E-4,0.007272384889435118,0.31194175159696536,0.6806056487889944
3473.0,0.013934457541225442,0.35584852506060977,0.43624465989602956,0.19397235750213523
2995.0,0.5733810237525265,0.2635334427268727,0.15278973810560406,0.010295795414996794
3803.0,0.6305215177466514,0.2932903109593171,0.07080006487482501,0.005388106419206443
3966.0,0.014003491845612956,0.18657168956153386,0.5442285265872313,0.2551962920056219
3602.0,4.65941017410974E-8,1.224610030156704E-4,0.0627430098848937,0.9371344825179889
4023.0,0.009953864841718958,0.2376103859125799,0.5968566847223203,0.15557906452338066
3325.0,0.0011367092645643746,0.0608114634808645,0.3266409827793224,0.6114108444752487
3416.0,0.01797663904788,0.08643797789999408,0.28826865739281543,0.6073167256593104
2938.0,0.01995827778730545,0.19656352869056326,0.5542632230838157,0.22921497043831554
3020.0,0.3101496838451183,0.5447898507141826,0.1303161858980453,0.014744279542653756
3566.0,0.07239811178731709,0.34243791978620347,0.4956664396074398,0.08949752881903957
3147.0,5.187418163677086E-5,0.02654793516061825,0.3783400770381147,0.5950601136196303
3841.0,0.7044443398677996,0.23668098394824744,0.05730667588472826,0.0015680002992246522
3748.0,0.003890615950107495,0.07291091186844673,0.41260315721756935,0.5105953149638764
3219.0,0.007385993252581361,0.1306519729566693,0.6342787339893425,0.22768329980140675
2836.0,0.058914263869090565,0.2608385206288598,0.5805932167727795,0.09965399872927014
3382.0,8.351514352819673E-4,0.0907755524629978,0.5696291491490179,0.3387601469527024
3708.0,0.005829407076444418,0.13119342374963922,0.5424564146937111,0.3205207544802053
4057.0,0.06044940009213959,0.5482960529605359,0.343038654510176,0.04821589243714862
3951.0,0.0027378000770105887,0.1918721794743854,0.5544236734042852,0.25096634704431875
3786.0,1.2264481740913676E-6,6.513602496168311E-4,0.08592064683430313,0.9134267664679059
3456.0,0.3106286385312131,0.3504542675371996,0.2906653149962617,0.04825177893532544
2978.0,0.050109617675536997,0.3663877803199061,0.4551300796451906,0.12837252235936641
3109.0,0.8814920121646345,0.11762566906101163,8.761863341386027E-4,6.132440215309576E-6
3401.0,0.7060123601982566,0.25836889212036435,0.03514964500626256,4.6910267511656177E-4
2923.0,0.012172007604963104,0.18591819384148855,0.5699064312583545,0.23200336729519372
3308.0,0.0035781373785697627,0.4057314987903551,0.571089793202299,0.019600570628776032
4006.0,0.093226396985327,0.49127153329422835,0.34500417297420555,0.07049789674623905
3587.0,0.9597421430367771,0.039467482273989454,7.828315096259805E-4,7.543179607509567E-6
3765.0,0.7416825222895264,0.20947631739759248,0.04761888826580107,0.0012222720470801947
3856.0,0.027469086216307392,0.19115379614792918,0.5673873802292105,0.2139897374065529
3162.0,0.07196626056051311,0.3388092427812443,0.5176652645096054,0.07155923214863719
3037.0,0.0030599304066121265,0.08514946935116828,0.5801703420368586,0.33162025820536095
3583.0,0.03568230987020514,0.18033168928388643,0.5916257173721967,0.19236028347371165
3879.0,1.074979953188517E-4,0.02379631950510537,0.3189699105938665,0.6571262719057093
3714.0,0.9226769777928094,0.0736635951274176,0.0036482907269007434,1.1136352872272738E-5
3050.0,0.001081477015973272,0.05553046634417638,0.40063852812095346,0.5427495285188968
3528.0,8.28863646355435E-5,0.006394168164601418,0.3255256654488779,0.6679972800218851
3181.0,0.3248530600790449,0.27177691644166946,0.26747899186465934,0.13589103161462618
2809.0,0.9555560114206697,0.04198192572699594,0.0024352725537652824,2.6790298569202127E-5
3291.0,0.6326850523046453,0.3425920424683377,0.024345762292963348,3.7714293405368007E-4
3454.0,0.022076307002818877,0.2099078806066458,0.5173382366975564,0.25067757569297905
2908.0,0.3659133880457964,0.3614736871074035,0.23217530384894994,0.04043762099785026
3636.0,0.02015370890223306,0.4595421058344244,0.3984489675871336,0.12185521767620879
3985.0,0.006810615074265142,0.3363297495260424,0.529764820049993,0.12709481534969952
3837.0,2.44119918818336E-6,9.899874178737125E-4,0.13290081352384084,0.8661067578590973
3928.0,0.015062220221446813,0.3383181758863404,0.4807322480404902,0.16588735585172262
3090.0,1.099362054463229E-4,0.0195510423631589,0.41771711275673634,0.5626219086746584
3511.0,0.003269348828470479,0.08284623271880612,0.5112207052629115,0.4026637131898118
2965.0,0.19646629791747114,0.49153445800846257,0.27752562071139253,0.03447362336267386
2851.0,0.062404174565357164,0.4753169897073808,0.42160722735338585,0.040671608373876136
3329.0,0.002018133758359146,0.05616712580274458,0.36163223002234857,0.5801825104165477
3236.0,0.018580742422847563,0.48418787109052225,0.4566495463451756,0.04058184014145467
3659.0,0.031442906498383445,0.39624072600278104,0.44222875592844585,0.1300876115703896
3490.0,0.665344189346148,0.1967988892253102,0.12090577124664148,0.016951150181900326
2944.0,0.003449233839014095,0.3638318687902706,0.5820596949199378,0.05065920245077745
3079.0,0.01647150827383098,0.3191526267055932,0.5427755965545613,0.12160026846601447
3917.0,4.7149926721522876E-5,0.01697962532090507,0.3825709468224624,0.6004022779299111
3816.0,0.10388066025386576,0.6362083098709183,0.22553627328436804,0.034374756590847926
3678.0,0.11769185572709065,0.25460277352822314,0.368999736487181,0.25870563425750526
3249.0,6.429661772632177E-4,0.06379008041801563,0.3695809993742353,0.5659859540304859
2870.0,0.130670377035164,0.34366642449243173,0.5142794737576849,0.011383724714719285
3348.0,0.4763699665969957,0.4258464237535385,0.09137960263463554,0.006404007014830372
3192.0,0.809388484663564,0.17899744371235252,0.011386487876524071,2.275837475595144E-4
3071.0,0.00715652300900838,0.179854800242027,0.5069930746493156,0.30599560209964904
3549.0,0.1199335658586315,0.7874454152209458,0.08896411229569984,0.0036569066247229168
3735.0,0.015232904684380245,0.26542615766767846,0.7044138177964141,0.014927119851527207
3890.0,0.012198104613275253,0.861576669600993,0.12525146581334268,9.737599723889857E-4
3972.0,0.001178448155762819,0.15496067220924892,0.622115152690596,0.22174572694439237
3617.0,3.629898719537292E-4,0.013314587306223582,0.2721797112987767,0.7141427115230459
3435.0,6.047979132629619E-5,0.007158382507729155,0.259489932827922,0.7332912048730225
2889.0,2.813199976601803E-7,2.7586093050924963E-4,0.07583193607577586,0.9238919216737173
2796.0,4.4820195329537993E-4,0.06886922517788377,0.6257683865548285,0.3049141863139923
3278.0,0.011300850807275704,0.19203414597805565,0.6026339885612474,0.1940310146534212
3606.0,1.709034580923532E-4,0.021456956215129875,0.44112845005172574,0.5372436902750521
4019.0,0.0016685671609242539,0.0737838976889073,0.5391518069113035,0.385395728238865
3321.0,0.009724030826556316,0.10601784180519405,0.5321951369339049,0.3520629904343448
3420.0,0.21295836729275694,0.5906895423878837,0.1813759026176487,0.014976187701710683
2942.0,0.631184918903158,0.30403795209947015,0.06100633780657757,0.0037707911907943993
3016.0,0.7929093254430473,0.19506575856413624,0.011769970547251912,2.54945445564635E-4
3562.0,0.0012630716005519278,0.03667172630085209,0.4038342166953587,0.5582309854032372
3151.0,0.4307210386367485,0.45997342189552987,0.10200943476336226,0.007296104704359318
3845.0,0.2285888643221138,0.4466255947892978,0.28418017926000244,0.040605361628586
3744.0,0.14091349074185977,0.5251074572235552,0.25904758751268697,0.07493146452189817
4044.0,5.811112582036207E-6,0.006335630207414507,0.2893765090307284,0.704282049649275
3689.0,0.0013763968057318144,0.015288489653861249,0.25670035958967313,0.7266347539507337
2817.0,7.23574062737343E-4,0.2350128325888984,0.6163827900693307,0.14788080327903352
3363.0,5.07136050467222E-4,0.0391366470758744,0.3854625442679674,0.574893672605691
3206.0,0.05894033493829013,0.26362329023856856,0.5199028288599858,0.15753354596315555
3120.0,0.07916956002941215,0.39079907787738954,0.4540062662902691,0.07602509580292921
3477.0,0.008621786584985941,0.11038385152735818,0.7594314611318386,0.12156290075581723
2999.0,0.005455403094813164,0.26094386896314636,0.5478611749135108,0.1857395530285296
3807.0,0.01028847517384246,0.33743533173442264,0.5532708560700492,0.09900533702168574
3962.0,0.0011147630860651656,0.03339938018795001,0.4319090467463729,0.5335768099796119
3405.0,0.0010913477271247089,0.14773013392525394,0.5617177402692617,0.2894607780783597
2927.0,0.13736751189865928,0.4537388890823683,0.33096903772754854,0.07792456129142387
3304.0,0.05933732562846092,0.4632672935867415,0.4060866561060742,0.07130872467872337
4002.0,8.505525219527536E-4,0.05537643841277345,0.3817306719357287,0.5620423371295451
3591.0,0.7969273412538299,0.1859546127765372,0.016763068676780252,3.54977292852687E-4
3761.0,0.25372562928095216,0.4150028413245011,0.3021864717337184,0.02908505766082836
3860.0,0.001807553558961123,0.10634550283007642,0.5660182934539248,0.3258286501570375
3166.0,0.8839467548733109,0.10870253591266534,0.007247779178277773,1.0293003574618885E-4
3033.0,0.022592134350219076,0.32638166853893,0.5062530081067217,0.14477318900412922
3579.0,0.00382364366980596,0.2967651075082709,0.651498623186493,0.04791262563543019
3223.0,0.006497789043653425,0.06221861914752739,0.3627520979465956,0.5685314938622236
2832.0,0.004693701668143096,0.21262579139134868,0.5706590396492496,0.21202146729125865
3378.0,0.001105963968118498,0.22837589792450413,0.5456113195783713,0.22490681852900615
3704.0,0.020151235852565248,0.20984574914887968,0.4993830453038792,0.2706199696946759
4061.0,7.001739194186582E-5,0.02633709284928134,0.33684293633150864,0.6367499534272683
3947.0,1.9823706757236434E-5,0.009001744459703007,0.25279485195340595,0.7381835798801338
3790.0,1.1988192638435758E-4,0.06785242682991927,0.5472959674963676,0.38473172374732884
3460.0,5.692579252219503E-4,0.021591161349066714,0.35836880987029507,0.6194707708554162
2982.0,0.021857721240231134,0.4563944695380587,0.4126345227006988,0.10911328652101125
3105.0,0.8249324625684746,0.1499448154829961,0.02443283804299657,6.898839055325951E-4
3833.0,1.9609125331780346E-5,0.01400426373417528,0.2563595068779627,0.7296166202625303
3932.0,5.8440406233486055E-5,0.012607025416926407,0.36308951974111736,0.6242450144357227
3094.0,0.0015019729482362238,0.08152019832702094,0.47347578466331597,0.44350204406142685
3507.0,0.1710657160053021,0.7061719476406468,0.12241946825663633,3.4286809741484976E-4
2961.0,0.7079660478718834,0.23268930537000132,0.05518725760053647,0.004157389157578986
2855.0,0.8935078702274647,0.08875004924873953,0.016904455481793496,8.376250420022401E-4
3333.0,0.033035111032280295,0.641900973551873,0.310133560217476,0.01493035519837054
3232.0,0.01006126810282249,0.5085052115853781,0.45231694184230004,0.029116578469499322
3663.0,1.7405285152900594E-5,0.009070102731854242,0.4026391592118556,0.5882733327711372
3875.0,0.29187107306047505,0.5124649996124434,0.18131253747625353,0.014351389850827883
3718.0,6.3136814335202105E-6,0.029196597218742192,0.41716174103951387,0.5536353480603105
3054.0,9.235396342911521E-4,0.12516727802593847,0.4616747276962507,0.4122344546435197
3532.0,9.154293645774413E-4,0.12952851046988076,0.7845436370516295,0.0850124231139121
3177.0,4.3696268583308937E-4,0.09397098713088725,0.54385037405393,0.3617416761293497
2813.0,0.41717606864654005,0.3920042823339638,0.17728376503538124,0.013535883984114984
3295.0,3.0727364337084135E-5,0.006328304987643339,0.21106584235546413,0.7825751252925555
3450.0,0.6901674835904849,0.288637644578499,0.020789327617760353,4.0554421325575494E-4
2904.0,1.3902903626822626E-4,0.009372823363326994,0.19018191847517119,0.8003062291252335
3632.0,0.00581038619272951,0.3120392443711664,0.6500593828831429,0.032090986552961186
3989.0,0.19291112329489063,0.4928465260986767,0.28171132169634655,0.032531028910086225
4032.0,2.2212959832765253E-4,0.04065347152773387,0.7215134699205036,0.23761092895343489
3685.0,8.461997552675238E-5,0.005741923586788305,0.45716846259402844,0.5370049938436565
3375.0,0.610652526239406,0.3445178313408743,0.04451374552688073,3.158968928389477E-4
2829.0,6.716856386811239E-4,0.03358854263310718,0.28264539296406577,0.6830943787641459
3210.0,0.011925455530272803,0.19296276033933807,0.5881879733445173,0.20692381078587177
3132.0,6.84408316592563E-7,0.002244849255905334,0.110756700555502,0.886997765780276
3003.0,0.02894810616594796,0.6503576267770331,0.296317808529005,0.02437645852801379
3481.0,0.5981435646198301,0.3414383514322408,0.05653861026039973,0.0038794736875292514
3795.0,1.948688703978263E-4,0.02832914718166685,0.46266885549852854,0.5088071284494069
3958.0,0.01460502431377575,0.4715304524264989,0.4168038828096127,0.09706064045011274
3610.0,2.3743417048737724E-4,0.03308571107612513,0.3416859024156156,0.6249909523377718
4031.0,0.6740424087743194,0.3012522739588511,0.023369658639470013,0.0013356586273594502
3317.0,0.044229697150679564,0.13102816405835238,0.49867023963384416,0.32607189915712403
2930.0,0.05248581512170202,0.3470269477851802,0.5871406175751732,0.013346619517944554
3408.0,0.7004450361927268,0.22615307785704342,0.06854352893638667,0.004858357013843205
3558.0,0.9647700726788091,0.03427758151377415,9.386933215797018E-4,1.3652485837163606E-5
3012.0,0.04699975782271666,0.6722747058271707,0.2666079914340478,0.014117544916064791
3139.0,0.07608686908845165,0.6336657531966812,0.25411670127539143,0.03613067643947571
3849.0,0.9601386864827788,0.03901126448011332,8.389276105129628E-4,1.1121426594811038E-5
3756.0,0.2528715840933425,0.619024136477426,0.12419829664365044,0.0039059827855810305
3188.0,0.23324840856848453,0.3891348254336041,0.32883152011240835,0.04878524588550291
3537.0,0.970328256000378,0.028676949050209687,9.86324936754173E-4,8.470012657934232E-6
3059.0,0.008746918464973207,0.10050852112780526,0.6286090576067013,0.26213550280052034
3739.0,0.0042616478228596445,0.06775553794288712,0.5014489954521713,0.4265338187820821
3902.0,2.4767946176456953E-5,0.01272945480625116,0.28958145850660305,0.6976643187409692
3976.0,0.028693402805358263,0.5013083841411007,0.37647644027033156,0.09352177278320943
3629.0,0.6729133922668445,0.28988762329326984,0.03456439491534761,0.0026345895245380585
2885.0,3.309792634206609E-4,0.09110545190761467,0.4381102262502574,0.47045334257870713
3431.0,2.578073933488448E-4,0.060867966999501255,0.4768323595634121,0.46204186604373776
3266.0,1.4807316797385516E-5,3.4137594420299237E-4,0.11914465055992615,0.8804991661790734
2956.0,0.08642148191088199,0.42243296129077446,0.40985523729874584,0.08129031949959782
3502.0,0.0011629625240538587,0.17880175916242158,0.7743359475679836,0.04569933074554102
3083.0,0.04398441970838547,0.17564459499192833,0.4958853563911575,0.2844856289085287
3905.0,0.1555658474245125,0.6347399697730836,0.18435818843018656,0.02533599437221729
3812.0,0.003761395168425464,0.24279893797587504,0.5616193604074133,0.19182030644828615
3666.0,0.02715045076275752,0.4412308132734515,0.45065180085093276,0.08096693511285837
3261.0,0.4769399655982588,0.32535403473298,0.19298963114422027,0.004716368524540818
3352.0,0.006089708537644627,0.05095623624209228,0.4598250448573896,0.48312901036287337
2874.0,4.727748374358072E-5,0.008233209182341546,0.26697303522979854,0.7247464781041164
3887.0,0.011146552895073,0.17413797756287444,0.593991429367652,0.22072404017440048
3722.0,0.05901000788467883,0.5191604180922417,0.3428658649710171,0.07896370905206236
3520.0,0.005736242068907207,0.23635236652564923,0.6090200037107361,0.14889138769470753
3042.0,0.35976855308831845,0.3425113177307886,0.2635013392371639,0.034218789943729074
3173.0,0.01567289310212108,0.1707434439858774,0.5667332333489198,0.24685042956308184
3283.0,0.004164637118783445,0.06577044596922928,0.4996885072701196,0.4303764096418677
2801.0,0.1152544132270013,0.5056791368548395,0.34810898021857356,0.030957469699585637
2900.0,0.27085781138826187,0.48002734270891634,0.23276291039439942,0.016351935508422552
3446.0,0.12250526115047641,0.5526865966576074,0.2830399474765062,0.04176819471540994
3644.0,0.0671174429358344,0.6152637312912079,0.3031718302166989,0.014446995556258736
3993.0,0.353636450777342,0.5045188911142188,0.1342457925465723,0.007598865561866899
3829.0,1.382046952938184E-4,0.003831725884956251,0.25141050116996966,0.7446195682497803
3920.0,0.7960873768676517,0.17322060705632095,0.02938479402902606,0.0013072220470014227
3098.0,0.005923759690263235,0.32622642017321474,0.47649904798361814,0.1913507721529037
2973.0,0.9397390461776832,0.05723776179122936,0.002949677862183534,7.351416890405134E-5
3519.0,0.060610926535773685,0.5633626024835716,0.32617454555728087,0.04985192542337376
3337.0,0.02437620040910345,0.21145730511895697,0.5832937748891912,0.18087271958274845
2859.0,2.1553417466110548E-5,0.01371391786069586,0.19457609982367546,0.7916884288981626
3244.0,2.5904082863469082E-5,0.009236614957703894,0.19660108539792578,0.7941363955615068
3651.0,0.005919441975140002,0.20663416602364754,0.5780988224879476,0.2093475695132648
3227.0,0.016774632507224902,0.308459525723441,0.6357065155906629,0.03905932617867114
3390.0,0.1789157969442531,0.5602528989223123,0.23546686188691004,0.025364442246524628
2844.0,0.11290443973538493,0.3796030954187523,0.4458589684115973,0.06163349643426544
3700.0,0.03727346754664202,0.4908258911866131,0.4430530311516959,0.02884761011504887
4049.0,0.09002893356861012,0.26356105638989114,0.4674925311629527,0.17891747887854617
3943.0,5.884087790423313E-4,0.08991451925139449,0.538523341242925,0.3709737307266381
3778.0,0.0035568243403396585,0.0669396076399198,0.5611286682780253,0.3683748997417153
2986.0,0.002853999708436254,0.04539696110979769,0.44526919991099195,0.5064798392707741
3464.0,0.022973303673955177,0.32535146089324374,0.3965139819305682,0.25516125350223284
3117.0,0.0017069934450533364,0.13494349568152644,0.5375786520316477,0.3257708588417726
2915.0,0.5103283114570037,0.3638766711315992,0.11713522272859331,0.008659794682803692
3300.0,1.7389686047014172E-4,0.01151286122847138,0.30480042402260416,0.6835128178884543
4014.0,4.720271826944833E-6,0.006491376571798605,0.1311885311243365,0.8623153720320379
3595.0,8.972358668653327E-4,0.16588102825936007,0.29363760276513945,0.5395841331086351
3773.0,0.008193221364957658,0.1266622519053702,0.5717965294705436,0.29334799725912847
3864.0,3.5253252992341013E-4,0.014161718955590282,0.33137192616553607,0.6541138223489502
3154.0,4.700293502507498E-4,0.08661277803903177,0.6271738656691914,0.2857433269415261
3575.0,0.15701106395609357,0.5514706054473265,0.2635741203841315,0.02794421021244846
3029.0,0.8934914636496901,0.10100672994669248,0.005347433612827801,1.5437279078959906E-4
3614.0,0.09364746213437505,0.4787093234519062,0.35997108890834245,0.06767212550537634
4027.0,0.004653107538767287,0.07517899944385312,0.4803493031048451,0.4398185899125346
3313.0,0.016930239279831786,0.20278985019424098,0.580498250185516,0.19978166034041112
2934.0,0.14774093231865815,0.44563261093838324,0.3380354417018591,0.06859101504109964
3412.0,0.11358393518293755,0.4399488404490325,0.3816155270745869,0.0648516972934431
3554.0,0.053699482292021934,0.6988609705074806,0.2175154373561683,0.02992410984432921
3008.0,0.005012343357242862,0.32862410734581465,0.4289850929721115,0.23737845632483093
3143.0,0.12067604462263459,0.39069431169431845,0.4748246169369709,0.013805026746075885
3853.0,0.14933732218990792,0.5148994886670349,0.303619069692778,0.03214411945027916
3752.0,0.7718779481892314,0.21649375221355807,0.011284812788047974,3.4348680916257613E-4
4036.0,3.068238886455414E-4,0.02477015030511488,0.24976145686742757,0.725161568938812
3681.0,0.006960394525696703,0.22856284701789975,0.46798338997549965,0.296493368480904
3371.0,8.080730362113905E-4,0.11787389956507609,0.7510977841882523,0.13022024321046016
2825.0,0.004754397077839155,0.16280943924450325,0.6149473819572261,0.21748878172043143
3214.0,0.4370313727544299,0.41790241135224254,0.1327869555292463,0.012279260364081236
3128.0,0.001166097610566211,0.07859223143621209,0.5376909371509782,0.3825507338022435
3007.0,9.4413585228285E-8,1.1153678505834544E-4,0.058540543629547324,0.9413478251718091
3485.0,0.12599038870423154,0.8445971172653116,0.029112695270352058,2.997987601048563E-4
3799.0,0.004998093635362192,0.1297473391663614,0.7556849789131989,0.10956958828507744
3954.0,7.3920857001665E-5,0.02007704561420714,0.2995773150052268,0.6802717185235645
2952.0,0.15297597128221488,0.2991760562884337,0.37278093216277736,0.17506704026657402
3498.0,0.004489344348739479,0.17411826533649935,0.43443934507398746,0.38695304524077373
3087.0,5.545326056673869E-5,0.00845262312521291,0.23377204669522092,0.7577198769189994
3909.0,0.5665309466778207,0.3844459437125881,0.04877013235650955,2.529772530816423E-4
3808.0,9.30055810509517E-6,0.011079581843356567,0.357194987124165,0.6317161304743732
3670.0,0.0568219654204556,0.5330614092508528,0.3687226782815388,0.04139394704715262
3257.0,0.0014754927291947186,0.4288034148210237,0.4810190694258313,0.08870202302395032
3356.0,1.827099786791848E-5,0.01388529854518417,0.3604842779230338,0.6256121525339141
2878.0,4.310845916082498E-4,0.031012099694255293,0.3099784858908174,0.658578329823319
3184.0,0.07545501820031628,0.45950943032702934,0.4265542236488682,0.038481327823786396
3541.0,1.1439148084942347E-4,0.03806730665544249,0.21377559479718322,0.7480427070665249
3063.0,0.0015567827206398324,0.12834858084314427,0.46818156320424303,0.4019130732319728
3743.0,0.13846658706536985,0.6376944299063794,0.19599494567662412,0.027844037351626702
3898.0,0.04566102903435604,0.6738900516276174,0.27654598664255875,0.0039029326954679736
3980.0,0.03852633917357424,0.4361168038516548,0.3883626541392453,0.13699420283552557
3625.0,0.037479032923545805,0.1556056392977984,0.46071019325047263,0.3462051345281832
2881.0,0.014139888288233598,0.2960906831763949,0.5123684223031459,0.17740100623222552
3427.0,0.2204961420509948,0.6423105800453979,0.12299802047142423,0.014195257432183115
3270.0,9.551304020385578E-6,9.875692698137562E-4,0.12399274138113987,0.875010138045026
2788.0,0.12356001147485784,0.1853864335528566,0.45302508127893465,0.23802847369335087
3825.0,0.29063621718213833,0.5556121875329191,0.14743274633390424,0.006318848951038366
3924.0,0.14620564035727773,0.3697856438639339,0.4199967607652332,0.0640119550135551
3102.0,0.24727410664405738,0.4583555955105935,0.25653049969659575,0.03783979814875338
2969.0,6.644692726040215E-7,0.002714127580504552,0.09942237144786492,0.897862836502358
3515.0,8.772867111296166E-4,0.11513673104480567,0.5032163586251841,0.38076962361888067
3341.0,0.026365117860273412,0.31631875632835216,0.538971478977779,0.1183446468335954
2863.0,0.02851872953169492,0.3975429866403994,0.49436792751507724,0.07957035631282854
3240.0,0.07347288274570876,0.4584095756878921,0.43602197808918075,0.03209556347721847
3655.0,0.2318093050485832,0.6083776556125405,0.15294725353432093,0.006865785804555276
3883.0,0.11872349981504066,0.6314462518437851,0.23088287683527373,0.018947371505900465
3726.0,0.06662184532173056,0.44799269133883135,0.39759943800768066,0.08778602533175761
3524.0,0.001787607581982819,0.15065026501578513,0.6279766614340101,0.21958546596822204
3046.0,0.002704893483236601,0.2929104862345525,0.5284996787747488,0.1758849415074621
3169.0,2.191363274417683E-4,0.04931842874325745,0.4019190782224037,0.5485433567068971
3287.0,0.006637071391391232,0.08250120992325563,0.5913130409476731,0.31954867773768003
2805.0,0.7720632411422543,0.21205885472779992,0.015345269054095688,5.326350758501284E-4
2896.0,7.771678484758823E-4,0.07956561691556568,0.5248201687379381,0.39483704649802026
3442.0,4.02800895307101E-5,0.009182081975222444,0.2536270256992627,0.7371506122359841
3640.0,0.09010989078039686,0.48941121815993244,0.38685565929258825,0.033623231767082366
3997.0,0.007090580132190017,0.10274197768972132,0.6313341518239578,0.25883329035413083
2919.0,0.6624072796497167,0.3142957107711445,0.022752098304959868,5.44911274178995E-4
3397.0,0.8334176537400775,0.136931884543068,0.02677975029141681,0.0028707114254377295
3296.0,3.2255796011432414E-6,0.0034898541024864465,0.18494885201485037,0.8115580683030621
4010.0,0.9737430125883135,0.02536324067558274,8.804186363505048E-4,1.3328099753311914E-5
3599.0,0.015347475248485032,0.147977845370976,0.5724264500915615,0.2642482292889774
3769.0,0.661661749799545,0.19228982288853375,0.12712330302957242,0.01892512428234873
3868.0,0.6224813948884883,0.2603580193488517,0.10544315580783654,0.01171742995482345
3158.0,0.5906934514233965,0.2408865654578263,0.15091110173785227,0.017508881380925025
3571.0,0.020833544987000005,0.23949597854383195,0.637274001127782,0.10239647534138609
3025.0,0.15107178330072402,0.7347720847875341,0.11004001946537574,0.004116112446366177
3231.0,0.1600470744418694,0.47275147294570535,0.35571720169113535,0.011484250921289938
3386.0,0.19265432689954293,0.36157810996095263,0.38909563473956243,0.05667192839994196
2840.0,1.512117569467576E-4,0.02229766570740087,0.3548634747324902,0.6226876478031621
3696.0,0.742204720162993,0.2302183194662195,0.027259967632170652,3.1699273861685E-4
4053.0,1.3034922744846852E-5,0.011125657480177327,0.28948487252659866,0.6993764350704791
3939.0,0.6494749798132454,0.31695670905279566,0.031707064146071634,0.0018612469878873234
3782.0,1.8806378048457422E-4,0.019581484036950533,0.38064398506991054,0.5995864671126544
2990.0,0.396254047972052,0.31124597089139755,0.26338995908727847,0.029110022049271992
3468.0,1.1891255615558327E-5,0.0034717178949545233,0.1740104860047242,0.8225059048447056
3113.0,5.216716286000522E-4,0.058151979526180446,0.4146785677967002,0.5266477810485193
2820.0,0.05451871039162445,0.13910368119941574,0.5542666089029253,0.2521109995060344
3366.0,0.7808442902707906,0.20753062739635256,0.011308549940142243,3.1653239271474756E-4
3203.0,7.643610178658647E-4,0.08788914327303482,0.5311302116807411,0.3802162840283581
4041.0,0.003133197023744175,0.06919523536159947,0.612513512976628,0.3151580546380282
3692.0,0.6208467354217967,0.3509605057517228,0.027693422891997256,4.993359344831346E-4
3802.0,2.424822964091051E-5,0.0011662471498491652,0.18126038470978573,0.8175491199107242
3967.0,0.0035721375019609775,0.009822586206435337,0.6368861356817327,0.34971914060987097
3125.0,0.02534515121826332,0.14183443136620685,0.487316636831308,0.3455037805842217
3472.0,1.2747440233343933E-4,0.0274392704775073,0.340723266354841,0.6317099887653181
2994.0,0.15853422836885467,0.5787918790272224,0.22962324658808983,0.03305064601583315
3324.0,1.0792629520608676E-4,0.028514852620217447,0.2832615520161692,0.6881156690684073
3417.0,0.011082325714376465,0.40168040335002914,0.5750299168904179,0.012207354045176547
2939.0,0.027877377256562495,0.369073659191518,0.4982150854462962,0.10483387810562322
3603.0,0.2675449998345854,0.5348458778245634,0.17550639424451375,0.022102728096337395
4022.0,0.002257227588834178,0.07458657995490639,0.30133333601436985,0.6218228564418896
3840.0,0.003127864387825814,0.14725614991684083,0.6975047058649912,0.15211127983034214
3749.0,7.588498069142993E-6,0.0014052243997543375,0.06930887135104523,0.9292783157511314
3021.0,0.0617186657655506,0.4013143434322344,0.46479379415727917,0.07217319664493568
3567.0,0.12481873706951771,0.25396683884864524,0.5165765135275493,0.10463791055428778
3146.0,0.003642394534002879,0.1099877821139109,0.667584205476502,0.21878561787558415
3730.0,0.004999417311991345,0.1966900897841731,0.623647138787678,0.1746633541161575
3895.0,8.760167361223066E-7,6.050970924169161E-4,0.11097798042810121,0.8884160464627459
3197.0,1.095392928209671E-6,0.0013125459849360034,0.09285793861565866,0.9058284200064771
3066.0,8.538700992228122E-7,0.0020739006179349984,0.12821432441343766,0.8697109210985282
3544.0,6.17337183461314E-4,0.08395065046489585,0.8341904127179383,0.08124159963370454
3438.0,1.4293684423141302E-4,0.017894005085179805,0.841760387258499,0.1402026708120899
2892.0,0.16821853348476656,0.3427184802896464,0.4767409774262485,0.01232200879933847
2793.0,0.029514424323416288,0.1328970700165479,0.4959328418114832,0.34165566384855267
3275.0,0.013036623470083221,0.25758768328010906,0.5542432876863388,0.17513240556346896
3969.0,0.4371984562091494,0.38623253882938274,0.1576192687262328,0.01894973623523502
3620.0,2.8036585025257697E-5,0.018424239920667298,0.2981574332631998,0.6833902902311076
3912.0,0.8194446247961573,0.15930539176737196,0.02073662916063627,5.133542758343554E-4
3821.0,0.019685549594912262,0.09619667464035125,0.6265077232570654,0.25761005250767105
3495.0,0.4381447996685241,0.4971125737866504,0.06342020582547682,0.0013224207193488673
2949.0,0.00847409588190315,0.034680794064404004,0.4144818645454686,0.5423632455082242
3074.0,0.023776737777655044,0.18443739974387538,0.609415019661715,0.1823708428167546
3252.0,0.023363270245177595,0.23883227052774803,0.5654406735637013,0.1723637856633731
2867.0,0.0031567623582590297,0.16449940376760966,0.6584231699089677,0.17392066396516362
3345.0,1.8685509901743145E-4,0.14604189593339778,0.7966537665892561,0.057117482378328754
3675.0,0.06193081667947424,0.1778446339837843,0.5526242227856722,0.20760032655106914
3051.0,0.012732632390532322,0.25142886326268965,0.5696988311541394,0.16613967319263853
3529.0,0.2005928458949347,0.6136876947890746,0.15409171358474466,0.03162774573124595
3180.0,0.0028843236300783626,0.12163468573507204,0.5497466288325418,0.3257343618023078
3878.0,0.001518546949269221,0.1597557721176474,0.5741179419354338,0.2646077389976497
3715.0,0.12850695914840307,0.33173523764835333,0.39343975061299885,0.14631805259024466
3637.0,6.548922180453499E-4,0.12299632498877992,0.30154204160328735,0.5748067411898874
3984.0,7.309950830469014E-4,0.08439360617483745,0.7216899388075155,0.19318545993460004
2808.0,0.1689430340179916,0.5749611772529317,0.22671798317134273,0.029377805557734053
3290.0,0.33011374656505643,0.4441254723199749,0.2035865051339702,0.022174275980998553
3455.0,0.028130919713787863,0.08051824861246508,0.5355867653822722,0.35576406629147483
2909.0,0.487275452289839,0.467466630608316,0.044182155472156884,0.0010757616296883897
3091.0,0.6809186835382113,0.15947412959686566,0.13867443137627966,0.02093275548864327
3510.0,0.021562048241923416,0.20971701778930035,0.3968627125587914,0.37185822140998487
2964.0,0.16082506003122263,0.6249660638949299,0.20796696587690935,0.0062419101969379675
3836.0,0.05267460376451825,0.1798572941936712,0.4750213717126244,0.29244673032918633
3929.0,0.0035164070746966218,0.07213693878990557,0.5866265121920053,0.33772014194339256
3658.0,0.005677989522648103,0.159176918696451,0.5813923827168445,0.2537527090640564
2850.0,0.754776336953709,0.23072795098840845,0.014094955812173274,4.007562457091257E-4
3328.0,0.04319834319369937,0.16929897536361563,0.55223346943464,0.23526921200804488
3237.0,0.08804669537211145,0.1342310776970315,0.6108451396948241,0.166877087236033
4056.0,0.5324566520340799,0.41906833580328706,0.04638300990622144,0.002092002256411683
3218.0,6.005458671390964E-4,0.04040304077363047,0.3746168633870747,0.5843795499721558
2837.0,2.3354594138858402E-5,0.010411347972120054,0.29214461689107485,0.6974206805426663
3383.0,0.3522974877930092,0.527432119168142,0.11583001846768845,0.004440374571160329
3457.0,0.1244161123147481,0.6090341309942781,0.24214460430406562,0.024405152386908338
2979.0,0.004236782555810419,0.3974015706338775,0.45402509777571975,0.1443365490345924
3108.0,4.1796179715194597E-4,0.10072525602651829,0.6673054025013841,0.23155137967494563
3950.0,0.0034445081155979862,0.17175730819280782,0.5936974519951138,0.2311007316964804
3787.0,0.0014241879845894772,0.07022406095937246,0.3315818852516068,0.5967698658044314
4007.0,0.03778368616400468,0.3922564269526784,0.44405651168674487,0.12590337519657208
3586.0,0.13196070045338623,0.37877462809081847,0.4457764573706309,0.04348821408516436
3400.0,2.5073301418897503E-5,0.006318381256375224,0.26493531689644817,0.7287212285457577
2922.0,3.6152745479406676E-5,0.021870405295470942,0.398280790564282,0.5798126513947676
3309.0,0.051352838694736946,0.4635751150532397,0.412115336502723,0.07295670974930028
3163.0,0.055373360716547186,0.13417835149090251,0.5725696678154497,0.2378786199771005
3036.0,0.001329660786951024,0.03938570633570704,0.42030114823469794,0.5389834846426441
3582.0,0.2190154361716438,0.6028872196421725,0.1758275173217971,0.0022698268643866174
3764.0,0.01639924687282059,0.1165042729408773,0.5329048997824306,0.33419158040387154
3857.0,0.0012992191284691935,0.3693444642818758,0.5514218968839932,0.07793441970566185
3320.0,8.815293774310479E-4,0.4196419255897365,0.40237338918440646,0.177103155848426
3421.0,4.5250749460739237E-4,0.05192372291866001,0.44281553828151343,0.5048082313052192
2943.0,2.174911009457478E-6,0.007372773694673984,0.30533534151676334,0.6872897098775533
3607.0,0.00251719122712587,0.07811322116137667,0.43824595458350113,0.4811236330279963
4018.0,0.04284396401923175,0.5514595124678415,0.3516761002260843,0.05402042328684237
3844.0,0.1863629144993913,0.28704656715811694,0.40601707029625134,0.12057344804624048
3745.0,0.0033678483692057945,0.3697999138026284,0.5063418421311017,0.12049039569706423
3017.0,0.009582877281962195,0.46791524608492524,0.5122283018645023,0.010273574768610374
3563.0,8.607942491256697E-4,0.16844975624105601,0.5552895086777849,0.27539994083203345
3150.0,0.01761136133921124,0.37667822657905303,0.40400216175187353,0.2017082503298622
2816.0,0.24551548364539527,0.3489926073379986,0.3688510126986885,0.03664089631791767
3362.0,0.0023795108748194235,0.06138336569936977,0.551213525909152,0.3850235975166588
3207.0,0.004960926187210342,0.06783905884908556,0.37891416327287336,0.5482858516908308
4045.0,0.0027252478387686297,0.254707007360581,0.548465931265657,0.19410181353499348
3688.0,0.002883787091348801,0.36745502573254213,0.5662241792228491,0.06343700795326003
3963.0,0.0078996392556766,0.48262617178355866,0.48336700276727074,0.026107186193493923
3121.0,0.007161426044218073,0.1588652136158738,0.5454743497050412,0.2884990106348671
3476.0,0.9311895810564566,0.06161961352323253,0.00701240660797775,1.7839881233315319E-4
2998.0,0.38467520241178177,0.4244544917327479,0.16439488858970197,0.026475417265768436
3916.0,0.019020142889036043,0.32867642179985196,0.5400429915599674,0.1122604437511446
3817.0,1.3342153932965247E-4,0.09288456570679611,0.5859291575139798,0.32105285523989446
3491.0,0.04127493106515186,0.21600314514447125,0.47576991252835943,0.2669520112620174
2945.0,0.829857645402672,0.14212103922906685,0.026560931525689804,0.0014603838425712693
3078.0,3.122239103095344E-4,0.0398597233314483,0.432238412630371,0.5275896401278711
3248.0,0.8117293526223892,0.1721897661422449,0.01575672698428077,3.241542510850668E-4
2871.0,0.18220008718088276,0.4142157624848316,0.33609445988161385,0.06748969045267168
3349.0,0.7162737669135666,0.18518681998371692,0.09306764938076449,0.005471763721952027
3679.0,0.515159216054069,0.4084230684170272,0.07408037633658636,0.002337339192317489
3734.0,0.010920448148445162,0.436170629612848,0.417092553112426,0.13581636912628087
3891.0,0.9194251772161366,0.07409649006441577,0.006217760134356158,2.605725850915885E-4
3193.0,0.11532604934130962,0.6458720082102504,0.219100297442265,0.019701645006174866
3548.0,0.006445733167804641,0.28989681547527285,0.5723565036799225,0.13130094767700007
3434.0,0.009889205049878818,0.13028233023248978,0.5826480426965153,0.2771804220211162
2888.0,0.13227970292711547,0.2345566075843333,0.4774366550683144,0.1557270344202368
2797.0,0.01909005595705603,0.6812436903015825,0.2786446527963623,0.02102160094499912
3279.0,0.6930605224799192,0.26980476394743585,0.034938071852607486,0.0021966417200374186
3973.0,3.001360170343559E-5,0.009618762880197343,0.27408106210209565,0.7162701614160035
3616.0,1.8774704608634784E-4,0.034070226282837866,0.5896722892375378,0.376069737433538
3095.0,0.5005221184898654,0.4376987691847921,0.06041903624870359,0.001360076076638965
3506.0,0.0017278478381412353,0.12115928998884473,0.5231592646792883,0.3539535974937257
2960.0,0.028491280431782506,0.3787977640551164,0.3835890167564063,0.20912193875669483
3832.0,0.639238203996691,0.3392337012705327,0.021285496858784444,2.42597873991921E-4
3933.0,0.5259874185239025,0.46076044024905666,0.012776627951670418,4.755132753705225E-4
3662.0,7.153785078221005E-4,0.06109703189185451,0.5875431789718053,0.35064441062851803
2854.0,0.002609322946770281,0.08175121283082593,0.5053398567276776,0.4102996074947262
3332.0,0.010159693379572192,0.3251175371519849,0.5192680416290326,0.14545472783941032
3233.0,0.03420902995045161,0.6601025864040245,0.2708913271113115,0.0347970565342123
3055.0,8.15379802564754E-7,5.03151738350063E-4,0.06389533928082805,0.9356006936010194
3533.0,2.7959485337121476E-4,0.028559897118853456,0.44795611800562113,0.5232043900221542
3176.0,1.691577291004334E-7,8.561870311246184E-4,0.08047983659166154,0.9186638072194847
3874.0,0.006673293178548818,0.5611288953049574,0.42425106944633356,0.007946742070160216
3719.0,0.0135981144055238,0.39296438274886036,0.3796562798013407,0.2137812230442751
3633.0,0.029007788725910887,0.5480047578686319,0.35140807345235187,0.07157937995310529
3988.0,0.009235667276405624,0.45443196007535586,0.45938364115677044,0.07694873149146787
2812.0,0.03862084696232776,0.4391662284796335,0.4464428308847621,0.07577009367327675
3294.0,0.09593458509793615,0.5008605841314854,0.3203294831273633,0.08287534764321512
3451.0,2.2246802758296424E-5,0.015971431400820475,0.2899020995872976,0.6941042222091236
2905.0,3.074322921062614E-4,0.018256224018016888,0.1639038524062626,0.8175324912836143
4003.0,0.3527808226471135,0.41865351166563347,0.19570399393429402,0.03286167175295903
3590.0,0.07093592119763054,0.2675528009167917,0.4941417848255597,0.1673694930600181
