3067.0,0.010507639292974007,0.9248077987002304,0.06468062815222181,3.9338545736325185E-6
3545.0,0.02272826051618252,0.09902311696088471,0.4755669415728283,0.4026816809501045
3731.0,0.1136794924081091,0.4938880251630495,0.3786490758071856,0.01378340662165575
3894.0,0.07931209606066848,0.4806582198809454,0.4128708172834403,0.027158866774945993
3968.0,0.0030834861991328273,0.03823714746923247,0.8593703537798695,0.09930901255176512
3621.0,2.2999425091985216E-9,9.446099455440823E-7,0.019959533293214822,0.9800395197968972
3439.0,0.0025510952550071094,0.04978399754693492,0.6043206436839578,0.34334426351410025
2893.0,0.9962481040389082,0.0034923741521769255,2.593680406862588E-4,1.5376822868046988E-7
2792.0,0.0017530347566695715,0.3473339763034853,0.5963995849908789,0.05451340394896609
3274.0,0.01840400467339344,0.42364797200960447,0.551272542673773,0.006675480643228998
3494.0,0.4086130606722199,0.5185632213832146,0.07205011101023741,7.736069343279748E-4
2948.0,1.5956833654572863E-9,1.0221603201131249E-4,0.04529236799489225,0.954605414377413
3075.0,2.9504303807906035E-5,0.2219386839196553,0.41891548960032854,0.35911632217620826
3913.0,0.0010152941730310336,0.028730615697351546,0.6805650847786312,0.28968900535098624
3820.0,0.13555156664696522,0.4780800274407496,0.3117134468521831,0.07465495906010217
3674.0,6.930399372631451E-7,0.0022183581303492636,0.7552031752983015,0.24257777353141205
3253.0,1.5555348683338402E-4,0.014199089949536857,0.5355417040831265,0.45010365248050316
2866.0,0.9776489331032734,0.022150513968037626,2.0045136366398552E-4,1.0156502506168711E-7
3344.0,8.709998365326308E-7,2.5011755398245415E-4,0.20186922732913468,0.7978797841170463
4040.0,3.419445919628316E-10,4.4753725803603363E-7,0.009074894065181293,0.990924658055616
3693.0,0.144410030953073,0.6146450743138684,0.23540007145831213,0.005544823274746336
2821.0,0.24716506632410495,0.7367951865691972,0.013307343769003128,0.0027324033376947966
3367.0,1.4188590081238365E-6,0.027348282165152168,0.8577759071689182,0.11487439180692158
3202.0,5.518723329364344E-17,6.41524601515543E-10,0.0012788838788465064,0.9987211154796288
3124.0,2.2572368476988543E-7,4.418473145909429E-6,0.020817723602135824,0.9791776322010335
3473.0,0.010846060851618388,0.8179287341739158,0.11120892886079825,0.0600162761136677
2995.0,0.9131975638504067,0.06956195937954039,0.017093703347502577,1.467734225501386E-4
3803.0,0.9559566285361341,0.02228483966774372,0.02149694333923487,2.615884568875968E-4
3966.0,0.009464070488791837,0.6520570029888414,0.21336216713039108,0.12511675939197564
3602.0,2.2660858114554205E-6,0.0014023505749701736,0.18645544805275005,0.8121399352864683
4023.0,1.566196206444658E-4,0.10616799601584379,0.8815341588043141,0.012141225559197721
3325.0,1.3184460395309516E-9,1.948432613590668E-4,0.07576006294230084,0.924045092477894
3416.0,0.02389539975547075,0.019657415720906853,0.21191947739930603,0.7445277071243164
2938.0,9.465173065334562E-5,0.007744438511540904,0.6410575039289481,0.35110340582885763
3020.0,0.17247864245155828,0.779820590835842,0.046057491849529134,0.001643274863070617
3566.0,2.8610631000790876E-5,0.002287229943415351,0.11903389935787292,0.878650260067711
3147.0,6.98026611094199E-5,0.09412519886974532,0.6086224894837843,0.2971825089853609
3841.0,0.22726513130215914,0.6372425824963251,0.1336122488561174,0.001880037345398299
3748.0,1.1493406945549183E-5,2.760686837312185E-4,0.11181211716732815,0.8879003207419951
3219.0,0.011088990515044951,0.7861798265176703,0.19917604530033228,0.003555137666952396
2836.0,0.17517241837077197,0.13721016218991056,0.6238167692922596,0.06380065014705785
3382.0,0.1967977737753336,0.4839340487116404,0.3060359507207053,0.013232226792320593
3708.0,0.007447810103440577,0.10494556268848534,0.8129844965203304,0.07462213068774354
4057.0,5.160752993922619E-4,0.12655786534157157,0.8472422917307817,0.02568376762825445
3951.0,6.536101742166114E-4,0.007582203440253417,0.15651816020409112,0.8352460261814388
3786.0,5.33499331775798E-7,0.0017300840625879344,0.4625115680697786,0.5357578143683016
3456.0,0.0055767574714564285,0.14383365855593963,0.6563159094515255,0.19427367452107855
2978.0,3.619538767921705E-4,0.118586296273224,0.1655577143021131,0.7154940355478707
3109.0,0.8443753249985396,0.15546419347875273,1.6044341786003514E-4,3.810484753686319E-8
3401.0,0.027716351214503394,0.9003892153211923,0.07184462799462599,4.980546967823147E-5
2923.0,0.012801652640016004,0.02940377212740453,0.920608566946695,0.03718600828588438
3308.0,2.3321908814474575E-9,0.00449478243213241,0.8460146057930944,0.1494906094425823
4006.0,0.9949091209621169,0.004907138990934441,1.8313708614809372E-4,6.029608005343605E-7
3587.0,0.9676988303654794,0.031997483118375844,3.0348071384615787E-4,2.0580229857881502E-7
3765.0,0.24081732645324316,0.5994730097475626,0.15883939068592162,8.702731132727197E-4
3856.0,0.006812127704840772,0.08407895894075186,0.7415716290836946,0.1675372842707128
3162.0,1.0527932129179588E-5,9.77284437296193E-4,0.578618409340974,0.4203937782896007
3037.0,7.108999132775171E-4,0.10674836185431763,0.5524914799475452,0.34004925828485966
3583.0,0.024405206574711576,0.030845031239431886,0.7462924928233843,0.1984572693624723
3879.0,0.009774257109631401,0.20957875094199355,0.7050345783979286,0.07561241355044644
3714.0,0.985206103954032,0.014699399310936912,9.449499029751659E-5,1.744733558755346E-9
3050.0,2.6303848465657893E-6,0.003146317949388916,0.4717871237916017,0.5250639278741629
3528.0,6.456536577047789E-12,6.832952099269098E-9,0.005088264873137231,0.9949117282874541
3181.0,0.020172831248398467,0.40907093483871,0.47737636874075556,0.0933798651721359
2809.0,0.9976389170409453,0.002318780488735957,4.2288157452329284E-5,1.4312866542282448E-8
3291.0,0.5212762408739018,0.4256133114576579,0.052733308654444276,3.7713901399601243E-4
3454.0,0.005243046981443347,0.5461046728912619,0.35806068475607816,0.09059159537121661
2908.0,0.513804429490976,0.1494649698525766,0.3304127672520657,0.006317833404381613
3636.0,0.07182220153156628,0.44477502191187696,0.47803161203705163,0.005371164519505171
3985.0,0.024952278331108652,0.31741236848282955,0.6329387273783309,0.02469662580773089
3837.0,7.92040930371696E-8,1.9567983943283957E-5,0.0948342974722231,0.9051460553397406
3928.0,4.872064042865714E-6,0.009749153645060425,0.7521826669823759,0.23806330730852088
3090.0,1.91829589170435E-6,0.0016767670290216924,0.1681845723258872,0.8301367423491994
3511.0,1.8757182361630096E-6,0.016305689749473672,0.5410182243091166,0.4426742102231734
2965.0,0.36602478178304354,0.617715371596101,0.015885007257865007,3.748393629904314E-4
2851.0,5.145584141241549E-5,0.10265372594462588,0.8127942505700725,0.08450056764388923
3329.0,0.1354155928431999,0.12184536616250269,0.6362530219921656,0.1064860190021319
3236.0,3.0565577843869285E-4,0.4549376519913649,0.5433049859496414,0.0014517062805551068
3659.0,1.0685347147057736E-7,0.007690403335103864,0.3845974596862944,0.6077120301251304
3490.0,0.019543736189555433,0.0025276269258556346,0.534976622393432,0.442952014491157
2944.0,0.013489664449228035,0.6499552139950149,0.33635209567953267,2.0302587622432028E-4
3079.0,3.1764145285459915E-5,0.011107359816914884,0.32708710799693325,0.6617737680408663
3917.0,2.1782014288622198E-4,0.017848332828130538,0.7676893796733872,0.21424446735559594
3816.0,0.022966349861104608,0.7987586610551237,0.17142588504526418,0.006849104038507542
3678.0,0.2606143325796703,0.3107037075621977,0.3877616215679652,0.040920338290166676
3249.0,1.1401195590781134E-7,0.01027659601034978,0.19232586847758876,0.7973974215001055
2870.0,0.63664090520997,0.32774960719982094,0.035507349591800665,1.0213799840857276E-4
3348.0,0.8900608043089275,0.10285340982952931,0.007074214431120712,1.1571430422389116E-5
3192.0,0.6672450130954265,0.32736931335895786,0.005385650357560357,2.3188055267632927E-8
3071.0,0.00702075634195721,0.12640122603393789,0.8159312946255406,0.05064672299856426
3549.0,0.03116236528714887,0.9337011040313008,0.025829393218568107,0.009307137462982227
3735.0,0.7564038757505774,0.23515884199759307,0.008436785914435772,4.963373937311606E-7
3890.0,0.021046404336816607,0.9782880683174568,6.654987081350178E-4,2.8637591562330533E-8
3972.0,0.01783388407971872,0.795748849325935,0.18325874590589714,0.0031585206884491815
3617.0,1.4376149140953367E-7,1.560338793558451E-4,0.07812503989202942,0.9217187824671234
3435.0,5.634380840528123E-4,0.016711253088060037,0.9311536171124704,0.051571691715416826
2889.0,1.0494513655792206E-6,2.1848081404010717E-5,0.0990618159891445,0.9009152864780858
2796.0,0.0028685104773653173,0.36539843644990005,0.48842755789602327,0.1433054951767114
3278.0,0.04345862217929664,0.4449923238223559,0.49842054289918625,0.013128511099161279
3606.0,0.008727150297789137,0.4645210151792859,0.5266550456957149,9.67888272101457E-5
4019.0,5.685975239770286E-5,0.001100105083871796,0.6966216462585654,0.30222138890516514
3321.0,2.7794395788402323E-6,0.00307470048310636,0.25636663714047747,0.7405558829368374
3420.0,0.22402088273506493,0.7394953225132922,0.03640442783448834,7.936691715453222E-5
2942.0,0.033819651206221234,0.7377355195532342,0.22791086714244654,5.339620980978831E-4
3016.0,0.2885799795402062,0.7026434044398085,0.008725151970317344,5.1464049667810135E-5
3562.0,4.887486302736109E-4,0.010725652490451324,0.3457935496758933,0.6429920492033817
3151.0,0.7737764047837066,0.20886697052990705,0.016420646028894207,9.359786574921307E-4
3845.0,0.30365909741290237,0.6739467985992026,0.022372979657806505,2.1124330088534387E-5
3744.0,0.2679671993133449,0.589682435639364,0.1406597719280845,0.00169059311920655
4044.0,3.8382351479988285E-6,4.9286102132098265E-5,0.11154316704584136,0.8884037086168785
3689.0,7.666334778679023E-5,1.2053583424651946E-4,0.20487884889693359,0.794923951921033
2817.0,1.0323163563688338E-4,0.038867243039653915,0.8056404585957695,0.15538906672893968
3363.0,3.554827065026359E-4,0.030802668517511043,0.7468966614430547,0.22194518733293164
3206.0,0.002572930844300331,0.24124517574370763,0.7091036130365852,0.04707828037540694
3120.0,0.01852568320856254,0.0250528766522337,0.7302277247618699,0.22619371537733376
3477.0,2.1142476296502457E-5,0.09095143001820498,0.8008691375261621,0.10815828997933638
2999.0,6.57763937898054E-7,0.017095801750879616,0.5529263386697667,0.42997720181541577
3807.0,1.7612237296272265E-4,0.056081676509877935,0.501563398218604,0.4421788028985553
3962.0,0.00849455770206955,0.0817046667580523,0.7903714260456242,0.1194293494942539
3405.0,6.822369487284037E-5,0.02805065534816912,0.49605973394035663,0.4758213870166013
2927.0,0.9806980540639225,0.016715791922929612,0.0021080777087981,4.7807630434994804E-4
3304.0,1.248292141156962E-5,0.002665234078684199,0.14766937616129472,0.8496529068386095
4002.0,4.983832709114189E-7,9.934419967058867E-4,0.25911007027876065,0.7398959893412624
3591.0,0.9039647407022573,0.09031331646068215,0.0057089569928661,1.2985844194438125E-5
3761.0,0.05116140182410668,0.5628565937346547,0.33432988649700107,0.05165211794423753
3860.0,3.251289148630812E-4,0.061622093742011996,0.6830332773788852,0.2550194999642397
3166.0,0.015011584304757387,0.48831057655937177,0.486470417300188,0.010207421835682911
3033.0,3.8016599025837114E-4,0.003634322674998903,0.7467544128097062,0.24923109852503647
3579.0,0.0017976529157102475,0.4714709447741249,0.5191440925060101,0.007587309804154808
3223.0,7.74610982017495E-4,0.009372491432770347,0.864407213253302,0.12544568433191022
2832.0,0.010713891972268878,0.87273641232455,0.11595101409108491,5.986816120962281E-4
3378.0,2.04147964407709E-6,0.05923659751753267,0.205529335676422,0.7352320253264013
3704.0,0.005175863496302399,0.20045885343730613,0.5917485763386898,0.20261670672770163
4061.0,3.425137489969411E-6,0.030799964297984383,0.3187257892187256,0.6504708213457999
3947.0,1.5422501470117376E-9,9.5845594721826E-6,0.07668870732775121,0.9233017065705263
3790.0,0.0018553651067285272,0.2652381198840128,0.6014365570958422,0.1314699579134164
3460.0,2.126606108703743E-10,7.408998197133593E-7,0.002429431031349953,0.9975698278561698
2982.0,7.599515752697083E-7,0.007206104179769171,0.38978285601019175,0.6030102798584638
3105.0,0.1375687412383129,0.19317788550615522,0.6620810340952782,0.0071723391602537
3833.0,4.4472223061868045E-7,0.0014635782986587834,0.803789107180744,0.19474686979836645
3932.0,2.8726509042987462E-5,0.15913836626680058,0.8329102729740284,0.007922634250127975
3094.0,0.002247466736117932,0.03285830736251501,0.6210782903477637,0.3438159355536033
3507.0,0.12346712030853832,0.8565044087461969,0.02001136727823809,1.7103667026760868E-5
2961.0,0.13533917947376928,0.5902157178640138,0.27271494729551365,0.0017301553667031459
2855.0,0.9922348399916038,0.005445524091462664,0.0022724077088021265,4.722820813114186E-5
3333.0,0.10492297477309041,0.7477060448945566,0.14679086393511998,5.80116397233163E-4
3232.0,6.765208635474074E-4,0.1087709252073836,0.8120779222027282,0.07847463172634081
3663.0,1.3652312997013326E-9,3.724747442676337E-5,0.04074042392867263,0.9592223272316694
3875.0,0.15099333488685568,0.7213264921823502,0.12571587296405937,0.001964299966734784
3718.0,5.954723696946002E-8,9.722178814988503E-5,0.11652146302884149,0.8833812556357716
3054.0,2.451033520300983E-4,0.07473323195850033,0.6748405858013906,0.25018107888807906
3532.0,8.500010286065881E-10,1.7625630336102522E-6,0.006521895888877008,0.9934763406980883
3177.0,5.838516600585645E-10,2.1234148281145018E-6,0.014834846720814135,0.9851630292805061
2813.0,6.653634977330652E-4,0.020414539813236713,0.7342816817359763,0.24463841495305394
3295.0,2.911990056162772E-7,0.0049256607847766995,0.15301723926518818,0.8420568087510295
3450.0,0.39085883674973765,0.5611692048555067,0.04787107385033009,1.0088454442558574E-4
2904.0,9.595662332194228E-12,9.506516215296117E-6,0.015437400853040014,0.9845530926211491
3632.0,0.10076953771155477,0.7473218465952438,0.1518603440098899,4.827168331147829E-5
3989.0,8.14034334874463E-5,0.05004158253996178,0.6499842756974925,0.2998927383290582
4032.0,0.05645224294066926,0.2556746888354179,0.6677731077901947,0.02009996043371812
3685.0,5.780564624593792E-6,1.1491118451183302E-5,0.2856902321375837,0.7142924961793405
3375.0,0.2032079616330955,0.7957012793786465,0.001090728966448683,3.002180934121858E-8
2829.0,5.25452899234588E-6,0.003847661905879192,0.25067787378880896,0.7454692097763195
3210.0,0.08335111019828005,0.5605211481433563,0.34026464072201135,0.015863100936352303
3132.0,8.936431884408715E-10,3.551422547873852E-5,0.1081251322531631,0.8918393526277151
3003.0,0.8669444951870625,0.1124414561781872,0.020521930453501497,9.211818124866537E-5
3481.0,0.7863338266610715,0.20550485472453175,0.008141480775029237,1.9837839367369758E-5
3795.0,9.995763978738997E-4,0.010026988155217813,0.7128614411458326,0.27611199430107564
3958.0,0.007776968532527236,0.7915755357473346,0.20041530115731832,2.321945628198249E-4
3610.0,2.8332508048428023E-10,2.162722572065199E-5,0.05370420537649318,0.9462741671144611
4031.0,0.5389086672418923,0.45320592733198034,0.0075439098808721405,3.4149554525533213E-4
3317.0,0.05713467705556245,0.3249885572335841,0.5370425591387296,0.08083420657212391
2930.0,0.06977068352404577,0.5107312698571375,0.3744153920105168,0.04508265460830004
3408.0,0.9594145823897232,0.0386602977465168,0.0019240794625216908,1.0404012383862598E-6
3558.0,0.9792709183233349,0.020612598221167115,1.1640854481174373E-4,7.491068638680116E-8
3012.0,0.020311650888733303,0.4737741094989452,0.5004863075749034,0.005427932037418085
3139.0,0.3083147886124728,0.5278171600720389,0.16084663423664686,0.0030214170788412454
3849.0,0.8515805924255977,0.14749208874183264,9.268057491620901E-4,5.130834076235846E-7
3756.0,0.00632923634365025,0.3532801295044756,0.5930154965832289,0.047375137568645274
3188.0,0.020172641342076473,0.6247711447479434,0.3549305207540252,1.2569315595496925E-4
3537.0,0.9914025159706964,0.008471400331103152,1.2604439865696913E-4,3.929954341836515E-8
3059.0,2.110885443132079E-6,0.0033526357349631672,0.8480279351615709,0.14861731821802268
3739.0,1.70209147456622E-6,0.0018214686862709582,0.21532270180053475,0.7828541274217197
3902.0,4.424333794510605E-6,0.22471741898705128,0.7537252050379489,0.021552951641205426
3976.0,0.0059804308806455505,0.1329200867755929,0.7489275009810316,0.11217198136272989
3629.0,0.9924481189649735,0.007549378974499748,2.502031103682641E-6,2.9423049385317444E-11
2885.0,1.2822620007169012E-12,1.389973931092306E-7,0.009879364694812839,0.9901204963065118
3431.0,2.6488844267620232E-5,0.20421197470835317,0.367170088185712,0.4285914482616672
3266.0,1.6368507399498915E-4,2.719806328962087E-4,0.3688045686861926,0.6307597656069163
2956.0,0.4143196829730578,0.34772634786194734,0.21958659833444308,0.01836737083055175
3502.0,2.4100704138407924E-9,0.0014142597873591102,0.9797646216903699,0.018821116112200532
3083.0,0.006391927642510443,0.11284119001439764,0.8182067029471412,0.06256017939595063
3905.0,6.783615557148306E-4,0.4051836653951448,0.5940767743750666,6.11986740738374E-5
3812.0,0.007098578039561794,0.5509331108521719,0.430461453179254,0.011506857929012381
3666.0,0.03551613429938953,0.9374776571023958,0.023943550634346753,0.0030626579638679103
3261.0,0.006484356403321589,0.8749721811023643,0.11851909267891138,2.436981540266159E-5
3352.0,0.01379287566579474,0.09063766716562917,0.6208147052403711,0.27475475192820514
2874.0,1.4472056769355405E-10,3.2689484787788906E-9,0.003623160886658589,0.9963768356996723
3887.0,2.2458787667687695E-4,0.19690977445931984,0.7881645012658306,0.014701136398172655
3722.0,0.05351208590778683,0.3750447070268744,0.5280899532473825,0.04335325381795624
3520.0,0.14237509367357495,0.5390537929170742,0.3067996612336926,0.011771452175658089
3042.0,0.9429729380659717,0.05439166159939678,0.0026345991936655546,8.011409660149939E-7
3173.0,0.013487622324121647,0.2000127952300265,0.6028297422563209,0.183669840189531
3283.0,0.008584897469896158,0.048768748442200735,0.18295150046247882,0.7596948536254243
2801.0,2.222607518185165E-5,0.32912398340659776,0.644982448971772,0.02587134154644823
2900.0,0.0013918544129186902,0.3226558708023833,0.6333982763821036,0.04255399840259435
3446.0,0.73829789208564,0.23826716260601724,0.02318688257985424,2.4806272848872617E-4
3644.0,0.0022858318095118216,0.9802178314280536,0.017492140717596406,4.196044838060127E-6
3993.0,0.9776360917407069,0.021520596501619832,8.430297486313294E-4,2.8200904188925165E-7
3829.0,1.3437860548180694E-11,2.7937535373057115E-8,4.0553713510025035E-4,0.9995944349139265
3920.0,0.5974281648214771,0.3897963570762012,0.01274284111026988,3.263699205181262E-5
3098.0,1.4337960867093474E-4,0.02920117255832393,0.843358379237466,0.1272970685955392
2973.0,0.9952310150441976,0.004750281242303232,1.870348208837537E-5,2.314106926162112E-10
3519.0,0.007303930919661641,0.06677542127811222,0.7831832280748976,0.14273741972732862
3337.0,0.0015008139568344406,0.011719307277408527,0.691110270101886,0.29566960866387093
2859.0,7.267012507414959E-8,4.190615139251406E-6,0.05030319852445699,0.9496925381902787
3244.0,3.6260433945953034E-10,2.757411720924215E-4,0.01110588513988196,0.9886183733254212
3651.0,9.676828269247161E-6,0.0031883583484088886,0.6224020992155782,0.3743998656077437
3227.0,0.013387785183524261,0.6328439127752371,0.34977437850034604,0.003993923540892505
3390.0,0.0233535123753378,0.8571163181506096,0.11838357954590412,0.0011465899281485825
2844.0,0.29798213521926337,0.41645552178445844,0.285059255992304,5.03087003974225E-4
3700.0,0.015452342109526892,0.9350741907115238,0.04921714805401868,2.5631912493074595E-4
4049.0,0.10490585221293487,0.12505894625806532,0.6984165875307435,0.07161861399825631
3943.0,5.326629960865805E-6,0.05484404163806783,0.7864764050884803,0.15867422664349104
3778.0,1.616721103062419E-4,0.01796631392208159,0.4340794570316461,0.5477925569359662
2986.0,1.5379719943832434E-4,0.0035027310680558472,0.46886850619835807,0.5274749655341479
3464.0,2.1372247843397675E-6,0.007675911208305274,0.3303130563550419,0.6620088952118685
3117.0,1.093980187273617E-4,0.2885439748094181,0.7081553138659351,0.0031913133059193635
2915.0,0.8875921577933438,0.06546409159077853,0.04461759857101203,0.0023261520448655524
3300.0,3.9478160857208335E-7,3.4954287764306014E-5,0.3406708495418391,0.6592938013887879
4014.0,1.1215986188695874E-7,5.844977071554226E-4,0.04489662470284913,0.9545187654301336
3595.0,4.493317518500727E-5,0.029759507317798067,0.6856139206516525,0.28458163885536436
3773.0,0.01590714161373222,0.44346307325366846,0.4754230437435126,0.06520674138908679
3864.0,8.480376450196288E-13,1.1309838284546477E-6,6.606281953090872E-4,0.9993382408200144
3154.0,0.04092951585142657,0.40438135812931697,0.5415622431737295,0.01312688284552711
3575.0,1.5352575269884003E-4,0.17882463338609142,0.8114507648778658,0.00957107598334387
3029.0,0.017424601311581335,0.9121540981171373,0.06999662278843972,4.246777828416008E-4
3614.0,0.011361353343516522,0.834575017056698,0.15135789555635612,0.0027057340434293387
4027.0,0.005091722419423163,0.12105960520991998,0.28452905150102065,0.5893196208696363
3313.0,3.989738245866438E-4,0.00980868442966221,0.9046124158331205,0.08517992591263066
2934.0,1.8432227289293273E-4,0.1414596161227128,0.522291647443874,0.3360644141605203
3412.0,0.2419616806959919,0.47085206796410867,0.27527963952946155,0.011906611810437964
3554.0,0.1849994931937441,0.8133908065618602,0.0016038759512708163,5.824293124829302E-6
3008.0,1.283988673699431E-5,0.018176322150510387,0.8864687277958103,0.09534211016694247
3143.0,0.0016788723673349828,0.6044294783085219,0.3930773059871604,8.143433369826665E-4
3853.0,1.2120336989958874E-6,0.2568624009304474,0.6589047226205406,0.08423166441531309
3752.0,0.02647289689310389,0.9144165615341182,0.05845232514155594,6.58216431221912E-4
4036.0,5.555347252579265E-4,0.005260684115781603,0.3397754272040157,0.6544083539549448
3681.0,1.1070976102180136E-5,0.02349718762986295,0.23087861166464468,0.7456131297293901
3371.0,1.0299672747850403E-4,0.20407396218362964,0.7907975640878607,0.005025477001031054
2825.0,6.528873974605752E-5,0.022446818858593398,0.7412159618994602,0.23627193050220047
3214.0,0.8691338415920689,0.12832188655651203,0.002542455164477959,1.8166869413123348E-6
3128.0,4.496770308287264E-6,9.10797903189096E-4,0.3216557110043893,0.6774289943221133
3007.0,5.912523425854306E-6,4.476858711173995E-4,0.9194690978160182,0.08007730378943861
3485.0,0.006509851488722462,0.9911446880679079,0.0023424423577846297,3.018085585097581E-6
3799.0,8.757636376056015E-4,0.2337154233148893,0.7643351559543559,0.0010736570931491943
3954.0,5.151655112149914E-7,3.43628544674423E-5,0.35339788353440293,0.6465672384456185
2952.0,0.6056592610612005,0.27860862670064873,0.1112324972848019,0.004499614953348843
3498.0,0.0013412295187378302,0.22683093894787462,0.6849186747769066,0.08690915675648087
3087.0,3.288307670442295E-6,5.069914146807531E-4,0.5093869952782383,0.49010272499941043
3909.0,0.20448038185802825,0.6927216544413832,0.10276030777096193,3.765592962658055E-5
3808.0,7.588571128090774E-7,0.002235382912450483,0.6399217945675744,0.35784206366286236
3670.0,5.1314875949564026E-5,0.00100525576210049,0.6021270927743174,0.3968163365876325
3257.0,1.3102952255878033E-6,0.1831433439894309,0.669345295263614,0.14751005045172952
3356.0,1.5445152035392473E-5,0.0033709624071562097,0.45783847533028943,0.538775117110519
2878.0,3.581538524357884E-6,0.003809301648022575,0.1900943291491438,0.8060927876643093
3184.0,0.24933512321058907,0.5949264192901925,0.15425363389811872,0.0014848236010997122
3541.0,7.1706147097606E-12,3.8168910634424643E-7,0.006917300307885611,0.9930823179958375
3063.0,6.143954562337734E-4,0.013489267546944244,0.8012154886078744,0.18468084838894766
3743.0,5.478821308936963E-6,0.0015483780315514943,0.9179468914895199,0.08049925165761969
3898.0,0.0058362628028932936,0.8119090508181271,0.18219138843916297,6.329793981670738E-5
3980.0,0.09267543010899419,0.63065705437302,0.2714308635328217,0.005236651985164127
3625.0,0.058255230921624615,0.14205126301926282,0.687081438131315,0.11261206792779765
2881.0,0.008139865702857746,0.03731052866130311,0.736000178485336,0.21854942715050293
3427.0,0.7097108862598639,0.28532730971600384,0.004775025987753829,1.8677803637842926E-4
3270.0,5.100308233088371E-6,0.0015407426936099489,0.9804140071082119,0.01804014988994508
2788.0,0.05923992423255796,0.740657374307938,0.19514175088199642,0.004960950577507618
3825.0,0.03164149138081982,0.7488875126700694,0.21639450116007927,0.0030764947890314868
3924.0,0.004353255087208478,0.09000704366906273,0.7948752221767252,0.11076447906700354
3102.0,0.7272710633039194,0.2354988093163817,0.03712791947062695,1.022079090719227E-4
2969.0,1.959299343602674E-5,0.026169434434293575,0.24748903263473662,0.7263219399375337
3515.0,0.0013707944175499502,0.5631613646463178,0.31630241995677677,0.11916542097935535
3341.0,0.008481191092534915,0.09767313296628843,0.7683136957867546,0.12553198015442207
2863.0,0.8884763651918725,0.09093414844850585,0.020340460798332502,2.490255612891625E-4
3240.0,0.33315969937178275,0.28789089086345376,0.3773293209735914,0.0016200887911721584
3655.0,0.276117589390663,0.6884395837292487,0.029678989593891435,0.0057638372861966635
3883.0,0.006366898468373709,0.5351293884346926,0.4111776359226813,0.047326077174252495
3726.0,0.004214857075842211,0.021882925388561982,0.7420779799686964,0.23182423756689938
3524.0,7.910475978112867E-5,0.014453660975918535,0.623999764417569,0.36146746984673134
3046.0,0.0010595033868309096,0.0019414093514327458,0.17968375000842765,0.8173153372533086
3169.0,9.870639112743378E-9,0.0012182435685059473,0.41827674435228057,0.5805050022085744
3287.0,0.003105092594748229,0.04676419595436187,0.9434603381046406,0.006670373346249282
2805.0,0.18082911435638624,0.6105532239561997,0.20143750195095284,0.007180159736461111
2896.0,2.8023149652254906E-6,0.0012209293753627664,0.02684376049742036,0.9719325078122516
3442.0,3.8598791068412524E-7,2.7522670590639556E-4,0.3940444737355894,0.6056799135705935
3640.0,0.3640118733748072,0.46900812704370526,0.16501964301188424,0.0019603565696032256
3997.0,2.741691375885361E-4,0.23653843108538114,0.7572422328186937,0.005945166958336611
2919.0,0.03609213699706661,0.6990555350031649,0.2601022116909037,0.004750116308864736
3397.0,0.12467788471593745,0.6045913541445765,0.25189422934337696,0.018836531796108863
3296.0,3.6025012790244797E-4,0.004947307865164277,0.5891269411765696,0.40556550083036363
4010.0,0.9939977448510432,0.005941119627423839,6.109154670258739E-5,4.39748304868863E-8
3599.0,2.4570021981145416E-7,1.26442910945252E-5,0.2579952689146538,0.7419918410940318
3769.0,1.7248460632552757E-6,0.0017037015863320699,0.8976543768814307,0.10064019668617397
3868.0,0.7981060703447735,0.18349368500701566,0.017950580470220495,4.49664177990198E-4
3158.0,0.004211737246567784,0.07585562512950289,0.8453709420113283,0.0745616956126009
3571.0,7.054437765489635E-8,3.448617987792058E-5,0.4257935292349025,0.574171914040842
3025.0,0.06974066084278167,0.9251025961699417,0.005150352746244914,6.390241031741198E-6
3231.0,0.0010141992204397217,0.22749068956386254,0.7439700341435107,0.02752507707218699
3386.0,0.014281595493337169,0.11537497527312544,0.814347663024241,0.055995766209296534
2840.0,5.985162080472549E-7,0.009007576354047052,0.5853650959768342,0.4056267291529107
3696.0,0.9347380307440214,0.06278841383561201,0.002473176813465133,3.786069015190706E-7
4053.0,5.270847858803435E-6,0.0010588652403146328,0.3180760967000279,0.6808597672117987
3939.0,0.6206148795754818,0.36217493581096405,0.017111298324493512,9.888628906074149E-5
3782.0,5.022944852248041E-8,1.659225845610766E-4,0.0592810045576494,0.940553022628341
2990.0,0.7583404204834174,0.21053149172279886,0.0303774280609948,7.506597327889187E-4
3468.0,6.36822392068616E-7,0.0046700157941656165,0.292648527421299,0.7026808199621434
3113.0,9.185645237822556E-6,0.16787958426939142,0.7997720119816176,0.03233921810375309
2820.0,0.2232008584422342,0.2656200243781067,0.45400603415351437,0.05717308302614459
3366.0,0.9726247278368797,0.026433064765193234,9.420299325626865E-4,1.7746536442720398E-7
3203.0,0.0010563341040012288,0.022148912650958516,0.7138336950028785,0.2629610582421618
4041.0,0.009994012489896998,0.10909548733508398,0.5342374202184051,0.3466730799566139
3692.0,9.245396310328054E-6,0.21514965310463305,0.7666578910630225,0.018183210436034002
3802.0,8.316127781727754E-5,7.589956456162223E-4,0.35075810414513087,0.6483997389314357
3967.0,0.27877690142727296,0.19203426220374226,0.5117844249806458,0.017404411388338894
3125.0,4.147305681274755E-5,0.031119070360254176,0.2816809299883664,0.6871585265945667
3472.0,0.006178178872744449,0.9665431262078878,0.02726242855407496,1.6266365292566923E-5
2994.0,0.5323415202007089,0.3913912146412004,0.07529012351535379,9.771416427368758E-4
3324.0,4.3304370998043156E-7,0.00644330857722997,0.9696164005322505,0.02393985784680944
3417.0,0.004332803264145411,0.7417427575725616,0.2539202209675548,4.218195738217403E-6
2939.0,1.1783988272461125E-6,8.35769492339346E-5,0.5690325123699103,0.43088273228202856
3603.0,0.05054543557469279,0.8190161046365122,0.1198114790898412,0.01062698069895369
4022.0,7.225614454905797E-5,0.0051963843408248875,0.939218563618408,0.05551279589621803
3840.0,0.29735332817918175,0.047953918461245464,0.6507927273365246,0.003900026023048335
3749.0,3.245879874925281E-6,0.0015123930170108932,0.3002397612120119,0.6982445998911023
3021.0,0.12706866775649148,0.4386899088958968,0.29868042907651843,0.13556099427109314
3567.0,0.7219451697123097,0.1743380670752181,0.10024911863848829,0.0034676445739840215
3146.0,0.015062952642898687,0.9156420053668536,0.057367282287845,0.011927759702402724
3730.0,0.004345790016939841,0.4220356484738635,0.5708272390850836,0.002791322424113104
3895.0,6.726925016291585E-9,1.1470214384347087E-5,0.09295403894310796,0.9070344841155827
3197.0,0.0042946080582022495,0.11389813041438654,0.6027161058322233,0.2790911556951879
3066.0,5.738163456422892E-9,6.59678357913538E-7,0.005379267659017059,0.9946200669244616
3544.0,7.340656277673876E-6,6.30419859601255E-4,0.3965623607020274,0.6027998787820937
3438.0,4.4554803729975035E-4,0.020185467200617348,0.9601929220981773,0.01917606266390551
2892.0,0.8843606862382468,0.11025062982682744,0.0053637405188991134,2.494341602675415E-5
2793.0,0.5761562198045582,0.23911214686754192,0.16840544381769118,0.016326189510208658
3275.0,0.07211251466472515,0.4681084854837329,0.43444928588801074,0.025329713963531026
3969.0,0.7925783860417877,0.1955137561123944,0.011889005356798188,1.8852489019602114E-5
3620.0,3.983020413220739E-8,9.642825722048576E-4,0.26487287025017964,0.7341628073474114
3912.0,0.8730138977993782,0.03863899243886072,0.08597648090332867,0.0023706288584323673
3821.0,0.09097809482125616,0.7067557693739366,0.2019497045635067,3.1643124130062043E-4
3495.0,0.32202490194317157,0.6668907913359624,0.011084041263097377,2.6545776868092333E-7
2949.0,3.929612181106042E-6,2.602859988250529E-4,0.40765172714458753,0.5920840572444064
3074.0,4.523494510265379E-4,0.03313257897139202,0.18395168606173928,0.7824633855158422
3252.0,0.2639877592734369,0.48441523083709137,0.24887253099600734,0.0027244788934643635
2867.0,0.20871106741315235,0.6802908915223601,0.11098297517306666,1.5065891420908228E-5
3345.0,1.0958633483761718E-6,0.011450159776341043,0.9139668230402674,0.07458192132004317
3675.0,9.136882889735266E-4,0.2251364792811348,0.4705269543956115,0.3034228780342801
3051.0,0.1601146237977494,0.28878292663658345,0.44281303837021485,0.10828941119545224
3529.0,2.1559180657463591E-4,0.2137919076812838,0.21888349673261792,0.5671090037795237
3180.0,3.06708305031097E-7,0.0028486185977660682,0.5296878004073272,0.46746327428660167
3878.0,8.830346392322212E-4,0.0037700434663990876,0.6187278441607432,0.3766190777336256
3715.0,0.03698502611570375,0.7904863693398795,0.17138099540527854,0.001147609139138312
3637.0,0.02222585693814735,0.9199477130113642,0.039669844757401,0.018156585293087352
3984.0,1.4321524020304587E-8,2.902427439548991E-5,0.17294995112820097,0.8270210102758796
2808.0,1.2124564668973366E-4,0.01333900343515859,0.911047924642523,0.0754918262756287
3290.0,0.0012515072216362122,0.3186833561516779,0.5392792434818737,0.14078589314481219
3455.0,1.2332060736017407E-4,2.673413932741429E-4,0.19934274826535045,0.8002665897340152
2909.0,0.001269817051017187,0.36785698862573757,0.5259348810441474,0.1049383132790977
3091.0,0.8353430021972066,0.16088008115291788,0.0037682584042971886,8.65824557838466E-6
3510.0,0.007780775354437852,0.06680722302808764,0.6571168954866986,0.2682951061307758
2964.0,0.0800387451657127,0.38920227127009843,0.5291279792081354,0.0016310043560533495
3836.0,0.0022987018090749084,0.03543828440486259,0.6597935349607503,0.30246947882531217
3929.0,0.018723126069553394,0.3727185658254457,0.4695125828917029,0.13904572521329805
3658.0,0.006795159232020681,0.020267513956429246,0.778228915472555,0.19470841133899508
2850.0,0.9753607681633383,0.024394656958731605,2.4418982670366116E-4,3.8505122635289883E-7
3328.0,5.801082394822066E-4,0.01422377628229916,0.5970699850924952,0.3881261303857234
3237.0,2.4856506574031707E-4,0.0011943667166873066,0.14396037718591012,0.8545966910316624
4056.0,0.5903569573933436,0.4056938834957934,0.003923293127333916,2.5865983529261926E-5
3218.0,1.0222545862143458E-8,3.6976636614837424E-5,0.06491702253633166,0.9350459906045077
2837.0,8.54454484099897E-5,0.03583216819945465,0.9517842859345284,0.012298100417607146
3383.0,0.17684056309782106,0.734357235766006,0.08785348587107213,9.487152651008365E-4
3457.0,0.05922971522196717,0.39130698492750854,0.5415873749232248,0.007875924927299507
2979.0,3.25148301242414E-5,0.3119162008892512,0.518817162417013,0.16923412186361153
3108.0,0.04621576926716496,0.7302934371555978,0.2225839059949152,9.068875823220362E-4
3950.0,5.037196315250605E-6,0.0029421879268574777,0.3847425541273504,0.6123102207494769
3787.0,3.186511737619038E-10,9.334495152239224E-6,0.15157413979908485,0.8484165253871118
4007.0,0.6490626500555878,0.25859114607954553,0.08993698195192909,0.0024092219129373867
3586.0,4.416374234355744E-7,0.0011147235632672176,0.08699154078901972,0.9118932940102895
3400.0,5.092391689224093E-10,2.0284342487412297E-6,0.04574798532354011,0.954249985732972
2922.0,0.066531964373714,0.5684500436539236,0.2511355883331328,0.11388240363922958
3309.0,0.015191414764650484,0.0590449384282115,0.754874572497544,0.1708890743095941
3163.0,0.4145603303914477,0.132096736225429,0.17292175396185547,0.2804211794212679
3036.0,1.5425113788963506E-4,0.05255295569886979,0.8748787143321288,0.07241407883111171
3582.0,0.1783935779482406,0.8161919882074912,0.005414286803053669,1.4704121455897314E-7
3764.0,3.2026168836091207E-4,0.01232292236210071,0.5967844819096315,0.3905723340399068
3857.0,0.005959794737142356,0.6922730891290632,0.2911433977872963,0.0106237183464981
3320.0,0.0015838558586411626,0.5528770649067593,0.43926001123885244,0.006279067995747206
3421.0,2.0938290861342507E-5,0.1763361875860343,0.783564565130846,0.04007830899225836
2943.0,3.563627629396266E-5,0.005783834583344485,0.5527299908286806,0.4414505383116809
3607.0,9.262374810357202E-4,0.2327750218302966,0.5496319628643725,0.21666677782429508
4018.0,0.017398818801210404,0.09121496290404697,0.7520396974249492,0.1393465208697932
3844.0,0.7826841645603341,0.13325071212386908,0.07961823717454222,0.00444688614125458
3745.0,0.008966922111769774,0.7100241555449102,0.278319986248693,0.002688936094627185
3017.0,6.490107765171307E-5,0.017526176318727025,0.9819028806896519,5.060419139691914E-4
3563.0,0.040923165506900665,0.6794315202035682,0.27699903929385034,0.0026462749956806986
3150.0,1.5431144611257297E-5,0.11469975183038769,0.6886572269707452,0.1966275900542558
2816.0,0.27476696811797996,0.3232613935263344,0.38999433142105056,0.011977306934635105
3362.0,2.1610558385815542E-4,0.11753571737480141,0.46570679628732764,0.4165413807540128
3207.0,2.6719782585303013E-8,0.0020778602244833503,0.09247210709182226,0.9054500059639119
4045.0,0.002417741734051584,0.6813018573195071,0.2702766441459025,0.04600375680053869
3688.0,0.003972254757983839,0.4180230835847551,0.5691333976307924,0.008871264026468581
3963.0,0.008131870559451191,0.458351420814806,0.4666918625992646,0.06682484602647842
3121.0,0.12221993579000892,0.2587496444439374,0.29038972873161256,0.32864069103444116
3476.0,0.9843761442483705,0.015340561787693285,2.8323731002588353E-4,5.665391033072821E-8
2998.0,0.7322191627989764,0.24838667680198856,0.019273910565414956,1.2024983362009924E-4
3916.0,0.009876876053865015,0.6694395439100571,0.3058631679087465,0.014820412127331175
3817.0,2.253539021307196E-7,3.906956028675556E-4,0.5332412938780946,0.4663677851651358
3491.0,0.002994358503434059,0.023033339149615153,0.8146030796840372,0.15936922266291356
2945.0,0.46098505394908457,0.5355136586432176,0.003501224054019304,6.33536784344558E-8
3078.0,0.0010145509719991677,0.08414830177210034,0.6724715191066278,0.24236562814927268
3248.0,0.7667377019125893,0.22507999770862125,0.008178666684121752,3.6336946678179952E-6
2871.0,0.001168356601428743,0.1038827789196991,0.7596492357147638,0.1352996287641085
3349.0,0.013200668496373908,0.0767512354276857,0.8802612965432633,0.029786799532677148
3679.0,0.2826786234045794,0.6557319947924161,0.06152739880147978,6.198300152479415E-5
3734.0,9.574920092943153E-6,0.1336415458153022,0.16960268489027805,0.6967461943743267
3891.0,0.9829962089031806,0.01632002315969687,6.79165191593841E-4,4.602745528658344E-6
3193.0,0.003226809745901202,0.7444477375449106,0.23696633951796603,0.015359113191222275
3548.0,2.4384465448519357E-6,0.011012412489242732,0.33906218403758853,0.6499229650266239
3434.0,4.709475671801218E-7,9.731403423523003E-7,0.18184820310301475,0.8181503528090758
2888.0,0.01515839118464356,0.06361086689542292,0.7508892849122873,0.17034145700764625
2797.0,0.007958519618215618,0.9677031291584482,0.024309869917116,2.8481306220200856E-5
3279.0,0.03247870938531911,0.7231501264556002,0.24112289572495202,0.003248268434128766
3973.0,3.970884385231657E-8,0.0011394735490346428,0.2673089537727289,0.7315515329693926
3616.0,0.0036915561798417525,0.030047372062249642,0.964811194909324,0.0014498768485847204
3095.0,0.004224051025388624,0.9474727662736429,0.04828178209512132,2.1400605847204204E-5
3506.0,1.7643548353640798E-4,0.06135737039197721,0.6524635566943423,0.286002637430144
2960.0,2.3042492265190833E-5,0.13133323234541106,0.2484789200558604,0.6201648051064632
3832.0,0.703402628583742,0.24180697915535507,0.05429953631784558,4.908559430572642E-4
3933.0,0.04045876066213013,0.33557268458809075,0.5976227952485628,0.02634575950121625
3662.0,0.0013550073809651794,0.3335375765140139,0.603165431017073,0.061941985087947966
2854.0,0.00683971781417717,0.11082572070111318,0.8073068069586207,0.07502775452608884
3332.0,2.30099370697326E-6,0.00727226064155221,0.9619690212656247,0.03075641709911611
3233.0,0.017620069421609867,0.8329035996666988,0.14945399140927337,2.233950241806466E-5
3055.0,2.7775408769035635E-8,1.2209123376785594E-4,0.0872258201146838,0.9126520608761395
3533.0,1.7554892900725581E-4,0.02024718878119624,0.642776003022189,0.3368012592676074
3176.0,2.5296246934242215E-8,7.16799473979292E-5,0.059172659386519534,0.9407556353698355
3874.0,0.001491655280267546,0.5266535221185487,0.4262827377039346,0.04557208489724931
3719.0,0.027964429938366685,0.9717915466459606,2.4254679234104632E-4,1.4766233315921828E-6
3633.0,0.022008396243851907,0.5077445071849174,0.4646107805159966,0.005636316055234152
3988.0,0.06942669765162392,0.5338352724474786,0.35976076538175533,0.03697726451914202
2812.0,0.6954998509896502,0.28618140131207026,0.018202934765402745,1.1581293287667445E-4
