3067.0,0.2053445866835967,0.32835723335618994,0.3555119806647125,0.11078619929550085
3545.0,0.23819557157972096,0.3110285601379378,0.3351962609210384,0.1155796073613029
3731.0,0.23931202326020534,0.28091267734474545,0.35709573207936657,0.12267956731568265
3894.0,0.2305695545537983,0.3071906255537248,0.35600124439212716,0.10623857550034975
3968.0,0.239321572716517,0.2808909275861804,0.3571050078728361,0.12268249182446656
3621.0,0.0031098821849178315,0.05346892299022096,0.2950886016793604,0.6483325931455008
3439.0,0.006604948125427402,0.189264358168791,0.6072031436667769,0.1969275500390047
2893.0,0.46671986779199603,0.3063638646533766,0.19047298313546998,0.03644328441915734
2792.0,0.23568944405724418,0.2830780215640139,0.3582619193825209,0.122970614996221
3274.0,0.008491831807278529,0.11913052807477066,0.3841862443743659,0.48819139574358494
3494.0,0.20622537163465204,0.31518479568159974,0.3476497023479008,0.13094013033584748
2948.0,0.0,0.031269018104402226,0.33215679125192826,0.6365741906436695
3075.0,0.0013904583169449753,0.08077147548418635,0.24338122503482446,0.6744568411640443
3913.0,0.009739560826023433,0.0770896000908302,0.32746574439228077,0.5857050946908656
3820.0,0.009020949395178831,0.1996022208018974,0.6509732577730203,0.14040357202990347
3674.0,0.006154303459235366,0.07747270375087661,0.3406762705018937,0.5756967222879944
3253.0,3.7889918385111583E-97,0.03166200127663477,0.19484594824484822,0.773492050478517
2866.0,0.5412379001052791,0.2970991461201284,0.13160670643330927,0.030056247341283315
3344.0,0.006718635459037725,0.09042844027076531,0.3732828226210722,0.5295701016491248
4040.0,0.0,0.03127315869648495,0.3321595554727455,0.6365672858307696
3693.0,0.20621109448296127,0.3151626057451129,0.34762539511548746,0.13100090465643838
2821.0,0.013624275666849277,0.1547002725808146,0.6713767801354618,0.1602986716168744
3367.0,3.247798334548537E-12,0.828758906933038,0.09554939113422009,0.07569170192949426
3202.0,0.0,0.012841345668529694,0.27522449200589294,0.7119341623255773
3124.0,1.3778266624905359E-21,0.05432530645292918,0.28025888274778177,0.665415810799289
3473.0,0.17331781472759217,0.29389087159234695,0.3876633874604448,0.145127926219616
2995.0,0.5570930642876017,0.25062955261107867,0.14556014432465897,0.0467172387766606
3803.0,0.2230021204898694,0.3155638818474651,0.33860599039913797,0.12282800726352752
3966.0,0.0,0.18909147742341256,0.7473952059331831,0.0635133166434043
3602.0,0.0,0.0469305726073475,0.3442823224972203,0.6087871048954322
4023.0,0.4649022971059832,0.302648973483366,0.20577905404769653,0.026669675362954347
3325.0,0.006718656073125909,0.0904287085373716,0.373284549693047,0.5295680856964555
3416.0,0.4649022992183006,0.3026489722765405,0.20577905321981269,0.026669675285346216
2938.0,0.008491954395058827,0.11913048787484619,0.38418611149557347,0.4881914462345215
3020.0,0.23837417453417387,0.3279146122559045,0.34265044028020136,0.09106077292972026
3566.0,0.0,0.05991094091175875,0.3599989650134459,0.5800900940747954
3147.0,0.23896540927719936,0.2811045817848514,0.3572190149689998,0.12271099396894936
3841.0,0.23337487887640193,0.34361486285717974,0.33071054007362566,0.09229971819279262
3748.0,0.0,0.01912275970111766,0.17807112697786548,0.8028061133210168
3219.0,0.01105718460682223,0.8190907418493144,0.16985207354386328,0.0
2836.0,0.00973904214246812,0.0770897102269673,0.32746627875974194,0.5857049688708226
3382.0,0.22210312533530108,0.32675254764483985,0.33968949477104016,0.11145483224881897
3708.0,5.618541141078975E-17,0.09077143594194084,0.4084666157368263,0.5007619483212328
4057.0,1.9454012171819408E-19,0.06974871823640266,0.5883873189663569,0.34186396279724046
3951.0,0.002929966639462972,0.10847676336943195,0.6379486249024549,0.25064464508865025
3786.0,0.0,0.046929719604531496,0.34427413741364793,0.6087961429818205
3456.0,0.0032712239468510825,0.6683305255481703,0.2353036404807408,0.09309461002423783
2978.0,0.005658989040695578,0.06187651473519519,0.323682172392186,0.6087823238319231
3109.0,0.464902298952102,0.3026489723675413,0.20577905335424596,0.026669675326110715
3401.0,0.0077324940860706,0.6751504509435338,0.3024299372355542,0.014687117734841507
2923.0,0.004343795496182663,0.10955404307502457,0.6212721818930906,0.26482997953570214
3308.0,0.006722558911725564,0.09047944563315012,0.3736113288774865,0.5291866665776378
4006.0,0.3468195700511507,0.29529578704608406,0.2669536135991224,0.09093102930364283
3587.0,4.451989318393886E-19,0.5366791506273298,0.3723691978816846,0.09095165149098557
3765.0,0.2268142125242739,0.32756534935845283,0.33726849871006154,0.10835193940721176
3856.0,0.20621109447214156,0.31516260574609517,0.3476253951233785,0.1310009046583848
3162.0,0.23837417154196383,0.32791461212265355,0.3426504421606554,0.0910607741747273
3037.0,0.17332017896250668,0.2938919144821008,0.3876616621602463,0.14512624439514626
3583.0,0.223002119361415,0.31556388231114796,0.3386059908889972,0.12282800743843984
3879.0,0.009663800799226293,0.07709771577533998,0.327501169719068,0.5857373137063657
3714.0,0.0035402505454046195,0.5061751701284963,0.36400069477020625,0.12628388455589284
3050.0,0.537085422631646,0.2983744187690517,0.13380683219242392,0.03073332640687828
3528.0,0.0,0.03126897863402117,0.332155365102636,0.6365756562633428
3181.0,0.23819557157972107,0.3110285601379378,0.33519626092103827,0.1155796073613029
2809.0,0.5197663836986173,0.23585987721748802,0.17807897017328717,0.06629476891060751
3291.0,0.24656554393396646,0.3489514341451739,0.32763868245925026,0.07684433946160943
3454.0,0.009452222628370024,0.8200137958178519,0.17053398155377802,0.0
2908.0,0.2053503106357822,0.32835427352570185,0.35550985903192295,0.11078555680659302
3636.0,0.0,0.1376858483038824,0.8623138542339754,2.974621420883634E-7
3985.0,0.0077339467395383015,0.6751384906384904,0.3024387082672468,0.014688854354724511
3837.0,1.469188076494219E-247,0.0568447877544649,0.6265055856168891,0.3166496266286461
3928.0,2.0582018666554574E-222,0.8558357498927606,0.11592023955899097,0.028244010548248596
3090.0,0.0036549495099472322,0.17794075788502905,0.6650423799165452,0.15336191268847857
3511.0,0.23770025768740558,0.32820478628386224,0.3429536645069751,0.09114129152175704
2965.0,0.004032208619153034,0.05658758900977882,0.6447418790027821,0.29463832336828594
2851.0,0.006604966836755511,0.18926473728709464,0.6072039797779546,0.19692631609819528
3329.0,0.20534839421445494,0.3283545675132482,0.35551121797606755,0.11078582029622937
3236.0,5.498834824168769E-239,0.1551723032113618,0.8078182458929024,0.03700945089573579
3659.0,0.006516588332388507,0.10474119409757307,0.7667180555401159,0.12202416202992251
3490.0,0.0,0.06599630236899673,0.5193701586281528,0.41463353900285055
2944.0,0.006315786683635954,0.07968612019230721,0.906535260677144,0.007462832446912772
3079.0,0.0031098821849184196,0.05346892299022396,0.2950886016793816,0.6483325931454761
3917.0,0.008493417792164915,0.11913925226867218,0.3841959295943914,0.48817140034477147
3816.0,0.5412379001054337,0.29709914612007743,0.13160670643322975,0.030056247341259123
3678.0,0.4649022992203465,0.30264897227592985,0.20577905321871415,0.026669675285009447
3249.0,0.013318026295164579,0.5407825405777937,0.34312453728385733,0.10277489584318436
2870.0,6.928373023388082E-197,0.052023006713619604,0.8670918081749721,0.08088518511140827
3348.0,0.17331781474550217,0.2938908716001829,0.38766338744739615,0.1451279262069188
3192.0,0.008180918210636408,0.897209242357207,0.05026767433585212,0.044342165096304315
3071.0,0.0036549495102079456,0.17794075788370237,0.6650423799171856,0.153361912688904
3549.0,0.23056955455578365,0.307190625553511,0.3560012443907829,0.10623857549992242
3735.0,0.23932157271695387,0.28089092758598155,0.3571050078726464,0.12268249182441822
3890.0,0.23056951134187328,0.30719068841557884,0.356001221375667,0.10623857886688093
3972.0,0.009077882363935008,0.19361783236042912,0.6353108097998239,0.16199347547581194
3617.0,0.23932157271695065,0.2808909275859875,0.3571050078726448,0.1226824918244171
3435.0,0.2305695545557834,0.30719062555351134,0.3560012443907828,0.10623857549992247
2889.0,1.1668678754889724E-16,0.06607905336209263,0.7165027070833445,0.21741823955456283
2796.0,0.23837417453417567,0.3279146122559044,0.3426504402802002,0.09106077292971973
3278.0,0.23932157314013935,0.2808909277078917,0.3571050074867908,0.12268249166517813
3606.0,1.9322969295787462E-55,0.770302886478352,0.21222552643823156,0.01747158708341639
4019.0,0.010502831268789205,0.15804957226920363,0.6714530126259386,0.15999458383606852
3321.0,0.001317192610475281,0.18864652301919424,0.6318105940233434,0.17822569034698696
3420.0,0.5883243063556833,0.2748134048674015,0.09962107282114058,0.03724121595577452
2942.0,1.3809406790983709E-33,0.12635475258005635,0.7996815074886845,0.0739637399312592
3016.0,4.573493804945623E-19,0.5367591612194546,0.3723077173486206,0.09093312143192481
3562.0,0.0013904582364893125,0.08077147978931364,0.24338123220511407,0.6744568297690829
3151.0,0.0,0.7621568058132754,0.18828570713596468,0.049557487050760025
3845.0,0.2053483942144778,0.3283545675132392,0.35551121797605684,0.11078582029622618
3744.0,0.013626568222203306,0.15387909393217866,0.6722193152311766,0.16027502261444143
4044.0,0.0,0.059910940911758914,0.3599989650134481,0.580090094074793
3689.0,1.908413354915722E-19,0.06978262211593464,0.5883542131048547,0.3418631647792106
2817.0,0.23932155167070457,0.2808909402073392,0.3571050146127595,0.12268249350919667
3363.0,0.006154303459241281,0.07747270375087512,0.3406762705018677,0.5756967222880159
3206.0,0.23837450081304068,0.3279147098375457,0.34265019166423716,0.0910605976851764
3120.0,0.20621109448131036,0.3151626057452604,0.3476253951166911,0.13100090465673817
3477.0,0.0,0.04692971960453607,0.3442741374136506,0.6087961429818133
2999.0,0.0,0.0469300753583844,0.3442775510915467,0.608792373550069
3807.0,6.900074074483122E-19,0.034168263419308786,0.19865852002946974,0.7671732165512215
3962.0,0.0,0.05141625163399472,0.4333081087807855,0.5152756395852197
3405.0,0.0014260213910409331,0.07890297772571114,0.24024848619740233,0.6794225146858456
2927.0,0.0,0.07109804209569477,0.8892579065199768,0.03964405138432839
3304.0,0.0067186354561003065,0.0904284401954193,0.3732828221361782,0.5295701022123022
4002.0,0.003756084526146079,0.02686481134754782,0.12692846608513544,0.8424506380411707
3591.0,0.5974855979333485,0.2713306947632506,0.09532992682021058,0.035853780483190115
3761.0,0.0,0.2895462400009973,0.4846162415288687,0.22583751847013397
3860.0,0.20621109448291267,0.3151626057451281,0.34762539511551516,0.13100090465644398
3166.0,0.23932271583203102,0.28089125691294775,0.3571039655793466,0.1226820616756747
3033.0,0.008491954980141606,0.11913049939609435,0.384186119122425,0.48819142650133907
3579.0,0.1740676309763329,0.34495471133370503,0.36625673343714454,0.11472092425281749
3223.0,0.009739491142286758,0.07708960754696291,0.3274657601620403,0.58570514114871
2832.0,0.008682691895704272,0.7855269482706269,0.191516352738842,0.014274007094826863
3378.0,0.008682696141706789,0.7855269488081945,0.19151634854896707,0.014274006501131593
3704.0,0.0,0.05991094091589206,0.3599989650160306,0.5800900940680772
4061.0,0.0,0.01257960165508992,0.2778639982438071,0.709556400101103
3947.0,0.0,0.05991094091175876,0.3599989650134459,0.5800900940747954
3790.0,0.23932112413748022,0.2808910929628497,0.3571052185856756,0.12268256431399444
3460.0,0.0013904582363721961,0.08077147979452047,0.24338123221311816,0.6744568297559892
2982.0,0.0,0.04692999747941833,0.3442759849619014,0.6087940175586802
3105.0,0.009375611294312521,0.8534567148801051,0.1371676738255825,4.69481222069625E-112
3833.0,0.0,0.030196436127542015,0.15289888642464064,0.8169046774478174
3932.0,0.00366171435112263,0.17790640434023341,0.66505898848786,0.15337289282078395
3094.0,0.003919539465278161,0.08421639527644142,0.29694965167647225,0.6149144135818082
3507.0,0.23819557157971058,0.31102856013794206,0.3351962609210429,0.11557960736130447
2961.0,0.1733178167762217,0.2938908724960195,0.3876633859654616,0.1451279247622971
2855.0,0.5412378266123008,0.2970991689200578,0.13160674522927604,0.030056259238365444
3333.0,0.20534839421444678,0.3283545675132516,0.35551121797607116,0.11078582029623049
3232.0,0.22210312362509388,0.32675254900122225,0.33968949534789283,0.11145483202579101
3663.0,3.7889938553821237E-97,0.031662001487629585,0.19484594924443874,0.7734920492679318
3875.0,0.01025436092680981,0.8187234893075569,0.11306019585319081,0.05796195391244241
3718.0,0.006154271196073648,0.0774727141629911,0.34067632567357503,0.5756966889673601
3054.0,0.07899470234219162,0.32739321184700726,0.43190428083466637,0.16170780497613474
3532.0,5.515981390132613E-239,0.15517338498812352,0.8078169686404031,0.037009646371473456
3177.0,0.0,0.015006861736080918,0.2927308968096714,0.6922622414542478
2813.0,0.005595772444101917,0.061025222244033714,0.32234930794557837,0.611029697366286
3295.0,0.0067186354562788686,0.09042844019776047,0.37328282215125186,0.5295701021947089
3450.0,0.5482361621211962,0.27469681084390857,0.14489444759015035,0.03217257944474481
2904.0,9.362836459396823E-4,0.026272252276486968,0.29963647835410556,0.6731549857234678
3632.0,0.17331781472766003,0.2938908715923229,0.387663387460413,0.14512792621960408
3989.0,0.1918476811677589,0.3013524779481105,0.37411928618106194,0.1326805547030686
4032.0,0.0030742641045160683,0.1938546799385244,0.6381032239526072,0.16496783200435225
3685.0,0.0,0.012559838146982593,0.2777142468345453,0.709725915018472
3375.0,0.20621109476258967,0.3151626057984959,0.34762539489153205,0.13100090454738234
2829.0,0.006718635455364055,0.09042844019548964,0.37328282213647723,0.5295701022126691
3210.0,0.23329932458073416,0.3436548465483413,0.3307370844821343,0.0923087443887903
3132.0,0.004031552502269375,0.056587625948722624,0.6447422982654928,0.2946385232835152
3003.0,0.5974854194068191,0.2713307639890578,0.09533000932415442,0.035853807279968626
3481.0,0.23337611015043153,0.34361559271139686,0.3307105505639643,0.09229774657420721
3795.0,0.0031033606452439194,0.05346928439536291,0.29509060628701295,0.6483367486723802
3958.0,0.005667284975550835,0.6397790351595664,0.28788411296486865,0.06666956690001417
3610.0,0.003992214871361147,0.05658984065233756,0.644767433435637,0.29465051104066425
4031.0,0.2221031264169127,0.32675254789478314,0.33968949405872234,0.11145483162958181
3317.0,0.005608880000612762,0.061022271397433686,0.32233142406938564,0.6110374245325679
2930.0,0.2381955715797202,0.31102856013793917,0.33519626092103805,0.11557960736130256
3408.0,0.46490229921998044,0.30264897227603793,0.20577905321891124,0.026669675285070388
3558.0,0.5412379001054337,0.29709914612007743,0.13160670643322975,0.030056247341259123
3012.0,0.17331781494942808,0.29389087169020556,0.38766338729855915,0.14512792606180724
3139.0,0.17331781472765392,0.293890871592325,0.38766338746041584,0.14512792621960516
3849.0,0.5412378897610742,0.2970991493292354,0.13160671189388054,0.030056249015809795
3756.0,0.0,0.247076671158405,0.4858249807723125,0.26709834806928245
3188.0,0.4546159806299159,0.33126966294551446,0.18932493006753673,0.02478942635703292
3537.0,0.5974857362232272,0.2713306413248413,0.0953298627602348,0.03585375969169673
3059.0,0.2230021204477683,0.31556388186456624,0.33860599041748446,0.12282800727018098
3739.0,0.011345025682580905,0.780333318188299,0.19536622543687387,0.01295543069224626
3902.0,0.004038435378459236,0.05723631390036459,0.6445286876291957,0.29419656309198045
3976.0,0.00671868112704129,0.09042920360927388,0.37328759100871706,0.5295645242549677
3629.0,0.23444184256596268,0.31599782903333595,0.3303488134903003,0.11921151491040101
2885.0,1.4639492155213903E-21,0.054494151304093616,0.2809482447043425,0.6645576039915639
3431.0,0.003919458810577795,0.08421564507036992,0.2969483482069581,0.6149165479120942
3266.0,3.1150336241259406E-9,0.09170355421319744,0.4648655642563829,0.4434308784153861
2956.0,0.21107589721231923,0.32745123816201893,0.3514755947338244,0.10999726989183743
3502.0,0.23819557157972096,0.3110285601379378,0.3351962609210384,0.1155796073613029
3083.0,0.005608871236747804,0.06102226445972608,0.3223313888128308,0.6110374754906953
3905.0,0.22210312640910543,0.32675254789337355,0.3396894940627117,0.11145483163480936
3812.0,0.20534838943760503,0.32835456619755077,0.3555112223833101,0.11078582198153415
3666.0,0.008686198612903094,0.7854976870832933,0.19153854376055293,0.014277570543250783
3261.0,0.003871110184080614,0.8356562248133491,0.1065293697240617,0.05394329527850862
3352.0,0.23837365927250737,0.32791459141216234,0.34265076299315794,0.09106098632217237
2874.0,0.005608876305488204,0.061022206977916965,0.32233129532013,0.6110376213964648
3887.0,0.0066049668371108376,0.18926473730520066,0.6072039797593728,0.19692631609831573
3722.0,0.5463002805085838,0.28930619374709,0.1205338226530112,0.043859703091315115
3520.0,0.0077324940860706,0.6751504509435338,0.3024299372355542,0.014687117734841507
3042.0,0.0036549495099472322,0.17794075788502905,0.6650423799165452,0.15336191268847857
3173.0,0.009077882363426286,0.19361783231937008,0.6353108096902829,0.16199347562692082
3283.0,0.00946568186768956,0.07711902307139325,0.32759424802519427,0.585821047035723
2801.0,0.001550226962424933,0.6945943416344103,0.2023372862072574,0.10151814519590742
2900.0,0.0,0.08658900476846776,0.8809065314932061,0.032504463738326106
3446.0,0.26937892237449285,0.31988544531094465,0.3181565360207781,0.09257909629378444
3644.0,0.01331921046464029,0.5406615760847409,0.34322824819579256,0.1027909652548263
3993.0,0.44977785151840827,0.30700368029934555,0.21395229067180946,0.02926617751043672
3829.0,1.3127491645260822E-19,0.0320620116732013,0.18118729564947772,0.7867506926773209
3920.0,0.003715770084522226,0.1809081672958475,0.6760138663246591,0.13936219629497118
3098.0,0.2322937975598386,0.3434517465324478,0.331461410129066,0.09279304577864762
2973.0,0.464902299220342,0.302648972275933,0.2057790532187153,0.026669675285009724
3519.0,0.206211094489405,0.3151626057463384,0.34762539511032714,0.13100090465392947
3337.0,0.0,0.10579081514345991,0.829505408283481,0.06470377657305919
2859.0,0.17331781472765392,0.293890871592325,0.38766338746041584,0.14512792621960516
3244.0,0.004032208619153034,0.05658758900977882,0.6447418790027821,0.29463832336828594
3651.0,0.00849195498014813,0.1191304993960934,0.38418611912241857,0.48819142650133995
3227.0,0.23056955454251804,0.3071906255549301,0.356001244399769,0.10623857550278286
3390.0,0.2305695931988166,0.30719063615006176,0.35600120412724434,0.10623856652387727
2844.0,0.009570934280160833,0.7837190770538937,0.19292899235182187,0.013780996314123706
3700.0,0.004032208619153034,0.05658758900977882,0.6447418790027821,0.29463832336828594
4049.0,0.23337487874616855,0.3436148628270535,0.3307105401597139,0.09229971826706408
3943.0,0.0067186354561003065,0.0904284401954193,0.3732828221361782,0.5295701022123022
3778.0,0.23056955455477837,0.30719062555410426,0.35600124439099934,0.10623857550011806
2986.0,0.008491954978009626,0.11913049934661299,0.38418611908825945,0.4881914265871179
3464.0,0.006596518367509469,0.18917699551259087,0.606882351212257,0.19734413490764266
3117.0,0.003761519383535737,0.026814758958790756,0.12678209055434075,0.8426416311033327
2915.0,0.23932157271698698,0.28089092758598183,0.35710500787262245,0.1226824918244088
3300.0,0.006718635456098799,0.0904284401954194,0.373282822136178,0.5295701022123038
4014.0,0.0,0.05991094091175937,0.3599989650134549,0.5800900940747856
3595.0,3.2477983345593154E-12,0.8287589069343251,0.09554939113437104,0.0756917019280561
3773.0,0.0035402515600762513,0.5061751289477264,0.364000727753679,0.12628389173851837
3864.0,0.006422554266177651,0.0774443956875284,0.33946107476469567,0.5766719752815983
3154.0,0.006315777046302957,0.0796859352336809,0.9065347103547073,0.0074635773653087345
3575.0,0.0035403816411193364,0.5061459814256164,0.364021204801887,0.12629243213137728
3029.0,0.008374798266421552,0.21290756376611267,0.6836330112528478,0.09508462671461798
3614.0,0.19427224003219262,0.3137296652639006,0.3679904830610651,0.12400761164284163
4027.0,0.003540250560664859,0.5061751357076951,0.3640007228147405,0.12628389091689954
3313.0,0.0,0.05876240902739727,0.5058955377784483,0.4353420531941545
2934.0,0.0066051644397922705,0.18925367333644919,0.6071834717715622,0.19695769045219638
3412.0,0.2183387281655754,0.3172625571300801,0.33803032756168017,0.12636838714266435
3554.0,0.20534839420315984,0.32835456751911535,0.35551121798005864,0.11078582029766612
3008.0,0.007732494086070952,0.6751504509435823,0.30242993723550277,0.014687117734843968
3143.0,0.5446753848907782,0.27201104598950393,0.1393417924637899,0.04397177665592808
3853.0,0.009077882363999338,0.19361783235039223,0.6353108097730955,0.16199347551251295
3752.0,4.451989318393886E-19,0.5366791506273298,0.3723691978816846,0.09095165149098557
4036.0,0.2053483942144314,0.328354567513258,0.355511217976078,0.11078582029623267
3681.0,0.009739547672270291,0.07708960149777282,0.3274657337501273,0.5857051170798295
3371.0,0.1733178147276542,0.29389087159232496,0.3876633874604157,0.1451279262196051
2825.0,0.20534154098873714,0.3283581267578862,0.3555136401426026,0.11078669211077405
3214.0,0.24396407629861827,0.34381968571007493,0.32292316671462196,0.08929307127668493
3128.0,0.0,0.03127103541104325,0.3321797838438923,0.6365491807450645
3007.0,0.0,0.048554832493207585,0.38212849722060116,0.5693166702861912
3485.0,0.22190057952882106,0.3270051080850687,0.33966115950680975,0.11143315287930057
3799.0,0.006607024924433324,0.18936963242226862,0.6070963498136289,0.1969269928396691
3954.0,0.008491954980126601,0.11913049939557357,0.3841861191220594,0.4881914265022404
2952.0,0.3670957143954892,0.3253242831691395,0.2597418295819973,0.04783817285337396
3498.0,0.23056964051493717,0.307190649124164,0.3560011548273549,0.10623855553354393
3087.0,3.9331671278021474E-97,0.03166586350519712,0.19486234039398276,0.7734717961008202
3909.0,0.46089930416839847,0.29394577309737185,0.18699353434173732,0.05816138839249239
3808.0,0.0,0.012829087086752506,0.28128299880258567,0.7058879141106619
3670.0,1.8977903501712075E-19,0.06975779311581129,0.5883473765093479,0.34189483037484086
3257.0,0.013318026295262724,0.5407825405678475,0.343124537292384,0.10277489584450569
3356.0,1.5830538465316143E-223,0.8578203547179654,0.11432960318623143,0.02785004209580319
2878.0,0.006587304688428343,0.18909117909717307,0.6065524190543717,0.19776909716002694
3184.0,0.007732494477722961,0.6751505051032265,0.30242987994193055,0.014687120477119998
3541.0,0.0,0.03128785572039812,0.33217464894769994,0.636537495331902
3063.0,0.0014596055047971428,0.14548536244971202,0.6580772876616346,0.1949777443838563
3743.0,0.501802897473788,0.2860465811949778,0.1604452376570324,0.051705283674201845
3898.0,2.854265349173758E-191,0.05647756772963655,0.8611061969950452,0.08241623527531822
3980.0,0.010257970939361238,0.08120135159248945,0.34490093230072305,0.5636397451674263
3625.0,1.3153686894563378E-19,0.032062021679868984,0.18118726680697092,0.7867507115131601
2881.0,3.094229818357153E-15,0.03040852581871957,0.20619595157959614,0.7633955226016812
3427.0,0.5550414588834758,0.2514566702869305,0.14646682996877336,0.047035040860820436
3270.0,0.0,0.012560337463034825,0.277709773793303,0.7097298887436622
2788.0,0.009021677882878736,0.8242611562953692,0.16671716582175197,0.0
3825.0,0.2305700951998509,0.3071907738007858,0.35600068107849236,0.1062384499208709
3924.0,0.1733178147267971,0.29389087159263094,0.3876633874608172,0.1451279262197547
3102.0,0.23337814971986912,0.34361496748689113,0.3307081110220967,0.09229877177114314
2969.0,6.928373023388082E-197,0.052023006713619584,0.8670918081749722,0.08088518511140827
3515.0,0.005547503628485839,0.6398543310945215,0.2879204461509742,0.06667771912601862
3341.0,0.20621109448296912,0.3151626057451276,0.34762539511550145,0.1310009046564018
2863.0,0.5446037339797323,0.27203611183150744,0.13937601527350119,0.043984138915259145
3240.0,0.2221031264091053,0.32675254789337366,0.33968949406271176,0.11145483163480935
3655.0,1.8978342871893819E-19,0.06975779314927401,0.5883473772988583,0.3418948295518676
3883.0,0.4649022992203465,0.30264897227592985,0.20577905321871415,0.026669675285009447
3726.0,0.003919458643078854,0.08421564508849469,0.2969483483148765,0.61491654795355
3524.0,0.23819557157987029,0.3110285601379867,0.3351962609209122,0.11557960736123084
3046.0,0.00387109895115524,0.8356538220477092,0.10652906190825448,0.0539460170928811
3169.0,0.008490699131568734,0.11910208582167156,0.38416650832072496,0.4882407067260348
3287.0,0.0,0.059910940911762356,0.35999896501347417,0.5800900940747634
2805.0,0.20621109448298586,0.3151626057451362,0.3476253951155101,0.1310009046563679
2896.0,1.3778256599051064E-21,0.054325304364716706,0.2802588741611964,0.665415821474087
3442.0,0.003109882184889634,0.053468922990222455,0.29508860167936907,0.6483325931455188
3640.0,0.0,0.04692971960453607,0.3442741374136506,0.6087961429818133
3997.0,0.2221031264088011,0.32675254789345454,0.3396894940628631,0.11145483163488133
2919.0,0.2230021204898694,0.3155638818474651,0.33860599039913797,0.12282800726352752
3397.0,0.0,0.1058103220048078,0.8294802326864773,0.06470944530871488
3296.0,0.009739567471962597,0.07708959937904039,0.3274657244955779,0.5857051086534192
4010.0,0.5570960485226341,0.2506284581199036,0.1455587504669848,0.04671674289047756
3599.0,1.74256195887657E-21,0.05497280493141665,0.28289297390689006,0.6621342211616933
3769.0,0.002929966639462972,0.10847676336943195,0.6379486249024549,0.25064464508865025
3868.0,0.46671986779199615,0.3063638646533765,0.19047298313546995,0.03644328441915733
3158.0,5.244698105818919E-162,0.030454289361655732,0.18597345382775582,0.7835722568105885
3571.0,0.2053483942144467,0.3283545675132516,0.3555112179760712,0.11078582029623053
3025.0,1.2961140932765444E-72,0.1073253277250771,0.8765997322921795,0.016074939982743345
3231.0,0.4546153520817351,0.33126979490931735,0.1893253256729938,0.024789527335953788
3386.0,0.20534839421444667,0.3283545675132516,0.3555112179760712,0.11078582029623053
2840.0,0.0,0.22986978560222254,0.48489125615932877,0.2852389582384487
3696.0,0.544675425908299,0.2720110274403164,0.13934177491914485,0.04397177173223982
4053.0,0.2063601733357632,0.3223187872383669,0.3458599988683553,0.12546104055751459
3939.0,0.4667198592515727,0.3063638695599108,0.19047298618573513,0.036443285002781364
3782.0,0.0,0.012558648698118017,0.2777249031449883,0.7097164481568936
2990.0,0.5446589309437425,0.2720167993582818,0.13934965267290375,0.04397461702507188
3468.0,0.008487050377970677,0.1190150391902587,0.3841063210123904,0.4883915894193802
3113.0,0.0,0.05991094091175876,0.3599989650134459,0.5800900940747954
2820.0,0.20534839437927951,0.32835456748794395,0.3555112178592091,0.11078582027356741
3366.0,0.5446754326273484,0.27201102508912894,0.139341771710263,0.04397177057325972
3203.0,0.0036549475482295056,0.17794075498550302,0.6650423769999634,0.15336192046630406
4041.0,0.20621106038433265,0.31516260883914327,0.34762541999907204,0.1310009107774521
3692.0,0.0016212894023194706,0.066378153267417,0.7169066370224897,0.21509392030777397
3802.0,8.38233544443047E-4,0.02412635057543859,0.2844783076087728,0.6905571082713456
3967.0,0.013626568222203306,0.15387909393217866,0.6722193152311766,0.16027502261444143
3125.0,0.23337487887636088,0.343614862857172,0.330710540073642,0.0922997181928251
3472.0,0.22210312640760016,0.32675254789953934,0.3396894940677992,0.11145483162506137
2994.0,0.011345025682580905,0.780333318188299,0.19536622543687387,0.01295543069224626
3324.0,0.010106363554444024,0.8188441762460484,0.11307861374627474,0.05797084645323277
3417.0,0.007732494154592269,0.6751504604198858,0.30242992721098405,0.014687118214537831
2939.0,0.20534839260779783,0.3283545680760049,0.3555112187594001,0.11078582055679713
3603.0,0.2052791771340726,0.3284038155284709,0.3555244175033434,0.11079258983411297
4022.0,0.4546109497990098,0.33127071911326644,0.18932809648612195,0.02479023460160182
3840.0,0.23337487887293848,0.3436148628578295,0.3307105400789499,0.09229971819028208
3749.0,0.00849365195015141,0.11914062312033281,0.3841974835626576,0.48816824136685827
3021.0,0.013318031463289104,0.5407825160253854,0.34312455087382154,0.102774901637504
3567.0,0.23057949455197785,0.30719335101272444,0.3559908877554464,0.10623626667985132
3146.0,0.18578653295395814,0.299063909228581,0.3785521751667381,0.13659738265072274
3730.0,5.175306091487817E-12,0.8952884617204174,0.10383423109014582,8.773071842614293E-4
3895.0,1.3778316825689968E-21,0.05432531494770271,0.28025891603900205,0.6654157690132952
3197.0,0.0,0.04692972528785959,0.3442741684011233,0.6087961063110171
3066.0,7.215890035174862E-169,0.08365348354561607,0.30001840838521604,0.6163281080691678
3544.0,0.009077882363866375,0.1936178323711945,0.6353108098284925,0.16199347543644652
3438.0,0.0036549495267637296,0.17794075784162203,0.6650423799154561,0.15336191271615807
2892.0,0.20621109448296887,0.31516260574511035,0.3476253951154807,0.13100090465644004
2793.0,0.23056955511243574,0.30719062570614875,0.3560012438107907,0.10623857537062487
3275.0,0.17922342566165456,0.29642137632595855,0.38335046085216673,0.14100473716022022
3969.0,0.46490140632281163,0.3026492376767791,0.20577953347222733,0.026669822528181973
3620.0,0.006154322657170485,0.07747270214293914,0.3406761754464982,0.5756967997533922
3912.0,0.4649022992203465,0.30264897227592985,0.20577905321871415,0.026669675285009447
3821.0,0.20621109449115924,0.3151626057578396,0.34762539512942386,0.13100090462157735
3495.0,1.3153693503682817E-19,0.03206202168239107,0.1811872667997004,0.7867507115179084
2949.0,0.0013282097883070877,0.06639208101780267,0.7146818555212207,0.21759785367266957
3074.0,0.002929966639462972,0.10847676336943195,0.6379486249024549,0.25064464508865025
3252.0,0.17336976505689425,0.2939137818419423,0.3876254764337005,0.14509097666746293
2867.0,0.20621109448023947,0.3151626057453574,0.34762539511747365,0.13100090465692946
3345.0,0.0036885536593081617,0.1777707558483258,0.6651244548748838,0.15341623561748224
3675.0,0.005608876305489919,0.061022206977951375,0.32233129532018495,0.6110376213963737
3051.0,0.23337488687493055,0.3436148631130666,0.33071053413358525,0.09229971587841766
3529.0,0.23837417348405684,0.3279146132883664,0.34265044045919674,0.09106077276837996
3180.0,0.0021909131188723526,0.4981814223610751,0.3706052764290221,0.12902238809103053
3878.0,0.0,0.05447243321445507,0.6107796018733272,0.3347479649122176
3715.0,0.2053483997719811,0.3283545666607123,0.35551121403518365,0.11078581953212298
3637.0,0.22210312640910546,0.3267525478933736,0.3396894940627117,0.11145483163480925
3984.0,1.3778256599296925E-21,0.05432530436440611,0.28025887415987977,0.6654158214757141
2808.0,0.0,0.11598065715627273,0.6411505941307063,0.2428687487130209
3290.0,0.2333747373871207,0.34361494076093896,0.3307105881705025,0.0922997336814379
3455.0,0.0014089701498115823,0.07978984932526074,0.2417411424976737,0.677060038027254
2909.0,0.006604966836755107,0.1892647372870868,0.6072039797779585,0.19692631609819955
3091.0,0.42743722641179493,0.33632246763649304,0.2067516280138882,0.029488677937823848
3510.0,0.17331860027275964,0.29389121810724694,0.3876628142091755,0.1451273674108179
2964.0,0.009304616397918302,0.7096403506709249,0.28105503293115675,0.0
3836.0,0.0017383264102936676,0.09159290249938526,0.31686675930967084,0.5898020117806503
3929.0,0.22210078755649595,0.32675182800477465,0.33969109724306656,0.11145628719566282
3658.0,0.0037607887560048804,0.026836138784073246,0.12685491258438422,0.8425481598755378
2850.0,0.5412378974816481,0.2970991469340635,0.1316067078182901,0.030056247765998415
3328.0,0.2381955715796895,0.311028560137941,0.3351962609210641,0.11557960736130538
3237.0,0.0,0.030841686625079134,0.35566701695857816,0.6134912964163427
4056.0,0.23337406747638978,0.34361529213657915,0.33071082506833244,0.0922998153186986
3218.0,0.0,0.106962716380996,0.8208536524508219,0.07218363116818212
2837.0,0.0033526899246164436,0.08427821272554417,0.2973311294220424,0.6150379679277971
3383.0,0.2053483942144481,0.32835456751325104,0.35551121797607055,0.11078582029623033
3457.0,0.17331784349926732,0.2938908842839774,0.38766336646432986,0.1451279057524254
2979.0,0.028573810016856337,0.721064147448333,0.25036204253481054,0.0
3108.0,3.2483907971154395E-97,0.03166509583961184,0.19485425249267269,0.7734806516677155
3950.0,0.20621109448082825,0.3151626057452589,0.3476253951170815,0.13100090465683129
3787.0,0.0,0.01921268201796675,0.36097337191182655,0.6198139460702067
4007.0,0.46662875590472047,0.30638499191263696,0.1905260098444728,0.03646024233816978
3586.0,0.39210404953824246,0.32083734998118646,0.2457332394966005,0.04132536098397057
3400.0,0.0,0.059910956591690816,0.3599991977927204,0.5800898456155889
2922.0,0.010254085064136676,0.8187222613606413,0.11306104278041004,0.05796261079481196
3309.0,0.5974847064408719,0.271331039255947,0.09533033978649984,0.03585391451668117
3163.0,0.5412365604743039,0.2970998391937082,0.13160724078143632,0.03005635955055159
3036.0,0.0012446224089895058,0.03955355928463475,0.37533423907525865,0.5838675792311172
3582.0,0.5974520376390102,0.27135411798305054,0.09533874048513948,0.03585510389279974
3764.0,0.0082608206226192,0.11395286752288082,0.38048992936650966,0.49729638248799024
3857.0,1.776368689111131E-33,0.12781836468301414,0.7981072118732323,0.07407442344375363
3320.0,0.0,0.05991094091175876,0.3599989650134459,0.5800900940747954
3421.0,0.005666524084453216,0.6397795135836003,0.28788434365423343,0.06666961867771308
2943.0,0.006154258380558949,0.07747272140968992,0.3406763059049827,0.5756967143047684
3607.0,8.862036891812128E-15,0.03319123087249677,0.22161935754504614,0.7451894115824482
4018.0,0.22210312640910546,0.3267525478933736,0.3396894940627117,0.11145483163480925
3844.0,0.5446745209796132,0.2720113441002614,0.13934220709507625,0.04397192782504908
3745.0,0.22300211943819723,0.31556388257102386,0.33860599070463815,0.12282800728614074
3017.0,0.008180918210636408,0.897209242357207,0.05026767433585212,0.044342165096304315
3563.0,0.0031101158781306885,0.05347121301226061,0.2950938282758302,0.6483248428337784
3150.0,1.3183172194479753E-19,0.03206482295413547,0.18121005124612108,0.7867251257997434
2816.0,8.685154981317512E-4,0.024755891250496237,0.2890042415182017,0.6853713517331703
3362.0,0.0,0.04692971960453607,0.3442741374136506,0.6087961429818133
3207.0,0.008634938718380945,0.8281667757457088,0.16319828553591018,0.0
4045.0,0.01025436092680981,0.8187234893075569,0.11306019585319081,0.05796195391244241
3688.0,0.2393215642436646,0.28089093266738424,0.35710501058623645,0.12268249250271474
3963.0,2.950935028486187E-42,0.40068699336439256,0.550006944910861,0.049306061724746456
3121.0,0.0,0.059911638116865056,0.36000445537085823,0.5800839065122767
3476.0,0.4649022992203465,0.30264897227592985,0.20577905321871415,0.026669675285009447
2998.0,0.003919458810581347,0.0842156450703696,0.2969483482069569,0.6149165479120922
3916.0,1.2961378194002382E-72,0.10732533155773057,0.876599720215198,0.016074948227071388
3817.0,0.006719399862606711,0.09043837407079067,0.37334678460047527,0.5294954414661274
3491.0,0.23932158732041472,0.2808909317931884,0.3571049945571953,0.12268248632920153
2945.0,0.22300214905442442,0.31556388332964286,0.33860596954235067,0.12282799807358206
3078.0,0.2333748788763184,0.3436148628571936,0.33071054007365863,0.0922997181928293
3248.0,0.20534839421444667,0.3283545675132516,0.3555112179760712,0.11078582029623053
2871.0,0.5593634485677179,0.2702140738237535,0.1396531791746671,0.030769298433861465
3349.0,0.23932157271700513,0.28089092758598044,0.35710500787261024,0.12268249182440412
3679.0,0.0056164488121305265,0.06115096822299363,0.32253612331914283,0.6106964596457329
3734.0,0.010254360938126655,0.8187234891944272,0.11306019592461407,0.05796195394283228
3891.0,0.5570960485227429,0.2506284581198441,0.1455587504669476,0.04671674289046544
3193.0,0.0020571192601236423,0.6870283534198351,0.20848644477230233,0.10242808254773897
3548.0,0.0,0.0133340840648361,0.2737455422910422,0.7129203736441216
3434.0,0.0,0.03126887452917465,0.3321551540105532,0.6365759714602721
2888.0,0.0016210125859560604,0.0663623224423954,0.7169178880426396,0.21509877692900897
2797.0,3.4219010999500993E-4,0.635458510510268,0.29549104151647554,0.06870825786326136
3279.0,0.539103939361778,0.29775774761675744,0.13273533345541455,0.03040297956604997
3973.0,0.0,0.0567742162156342,0.6066724800436335,0.33655330374073233
3616.0,0.009677903411741242,0.0770962037252212,0.32749456599932614,0.5857313268637114
3095.0,0.008682696141706813,0.7855269488081947,0.19151634854896685,0.014274006501131621
3506.0,0.009999003340693353,0.1046186737630215,0.7686549457483262,0.11672737714795905
2960.0,0.01025436092680981,0.8187234893075569,0.11306019585319081,0.05796195391244241
3832.0,0.46472476101345594,0.2564050883593602,0.20472885675423663,0.0741412938729472
3933.0,0.23819557157972096,0.3110285601379378,0.3351962609210384,0.1155796073613029
3662.0,0.0,0.05991094091175876,0.3599989650134459,0.5800900940747954
2854.0,0.20534839421444714,0.3283545675132514,0.355511217976071,0.11078582029623045
3332.0,0.006755648506107063,0.0906743205968642,0.37361332446102175,0.528956706436007
3233.0,0.1733178147276536,0.2938908715923252,0.387663387460416,0.1451279262196052
3055.0,0.0014815725623981415,0.08171909354857675,0.24852196646002275,0.6682773674290023
3533.0,0.0,0.04694875073697219,0.34440088150413667,0.6086503677588911
3176.0,0.009739567128179881,0.07708959941582791,0.32746572465723733,0.5857051087987549
3874.0,0.22210312640910546,0.3267525478933736,0.3396894940627117,0.11145483163480925
3719.0,0.23056955455570574,0.3071906255536242,0.3560012443907415,0.10623857549992852
3633.0,9.893918084875944E-13,0.5471136000394738,0.35707995585562413,0.09580644410391263
3988.0,0.23819557157971064,0.31102856013794206,0.3351962609210429,0.11557960736130446
2812.0,0.46671971270717294,0.3063639537507157,0.19047303852497524,0.036443295017136196
3294.0,0.23337487889248731,0.3436148628856175,0.3307105400990656,0.09229971812282949
3451.0,0.00387109895115524,0.8356538220477092,0.10652906190825448,0.0539460170928811
2905.0,0.0,0.05991094091179676,0.3599989650135709,0.5800900940746323
4003.0,0.23837417453417542,0.32791461225590385,0.34265044028020064,0.09106077292972006
3590.0,0.001418025027482711,0.08173848161326906,0.24912866002549966,0.6677148333337486
3404.0,0.0032640434179364666,0.668291292287117,0.23533533519502992,0.0931093290999167
2926.0,0.0067186354581853834,0.0904284402225302,0.37328282231072846,0.529570102008556
3305.0,0.00849195498014846,0.11913049939609303,0.3841861191224183,0.48819142650134023
3167.0,3.1417709752479595E-12,0.10515089915031861,0.7757803611447289,0.11906873970181076
3032.0,0.0029299665384611134,0.10847676451881774,0.6379485889793124,0.2506446799634087
3578.0,0.013626568222188922,0.15387909393217564,0.6722193152311768,0.16027502261445858
3760.0,0.006315777046300246,0.07968593523367497,0.9065347103547222,0.007463577365302519
3861.0,0.011037333374897729,0.10451134332076338,0.7678521854196214,0.11659913788471758
3705.0,0.0,0.08658900476846192,0.8809065314932133,0.03250446373832485
4060.0,0.05179660409140943,0.42417334105479787,0.3957858125334936,0.1282442423202991
3222.0,0.1733178147150963,0.2938908715967905,0.38766338746630397,0.14512792622180926
2833.0,0.009077882364200438,0.19361783231913385,0.6353108096898531,0.16199347562681257
3379.0,6.181520433596061E-239,0.15517351346230668,0.8077892479233487,0.037037238614344666
3461.0,0.0,0.05992698153366124,0.3599508751645807,0.5801221433017582
