3067.0,0.17635364176866586,0.505596133765666,0.31804924662486134,9.778408067425125E-7
3545.0,0.1000354202682359,0.3220611712424997,0.23161895815376324,0.3462844503355008
3731.0,0.0443005430024889,0.5154803584979962,0.3980357181847912,0.04218338031472351
3894.0,0.09399947955391477,0.3622834981454616,0.5037249741447453,0.039992048155878306
3968.0,0.2634204880787839,0.5402856326899134,0.1962928825848207,9.96646482418909E-7
3621.0,1.0258113218914544E-6,1.0258113218914544E-6,0.39830107634118506,0.6016968720361711
3439.0,0.04865577447758899,0.36838791109566243,0.4614111251329481,0.12154518929380011
2893.0,0.08836514221442958,0.21377978631182054,0.3629224058085249,0.3349326656652252
2792.0,0.1505279829439956,0.2728266700743782,0.2789826841807389,0.2976626628008874
3274.0,0.08859440264807515,0.09922849896472692,0.4595777616957688,0.35259933669142896
3494.0,0.2356654747633202,0.2271762793876569,0.312460467288578,0.22469777856044468
2948.0,8.60287242440721E-7,0.14312428130122035,0.3051364556870726,0.5517384027244646
3075.0,0.08982983185719516,0.22808166824402162,0.322287520539085,0.35980097935969824
3913.0,0.2608532172781101,0.1755003276450598,0.19083478986122546,0.37281166521560466
3820.0,0.38706865910686816,0.3569391940860434,0.2559911236325086,1.0231745799729556E-6
3674.0,1.0195399592532863E-6,0.18097995748384663,0.45416623346692936,0.36485278950926475
3253.0,0.09329254251215313,0.16324199546582163,0.38575611000027415,0.3577093520217509
2866.0,0.18572582754158995,0.20843476219284393,0.311624343134524,0.29421506713104245
3344.0,0.08518608184124371,1.0348144066039355E-6,0.1918450249219579,0.7229678584223922
4040.0,7.139305944693859E-7,0.1329537735234276,0.26694792752800406,0.6000975850179742
3693.0,1.075923836941205E-6,0.2170918801178945,0.5207894588083525,0.2621175851499161
2821.0,0.07983394248604163,0.1439151662935488,0.5959623493902539,0.18028854183015566
3367.0,1.056875156255717E-6,0.2755181681442635,0.2810164640105227,0.44346431097005756
3202.0,0.04394268246597317,0.13089809738703348,0.2975195171887354,0.5276397029582579
3124.0,1.0708133385569738E-6,0.17586938428868984,0.27137258859384816,0.5527569563041231
3473.0,0.14858605750092616,0.2604212472748058,0.12909042272571167,0.46190227249855625
2995.0,0.26567153341445104,0.3114460923679987,0.3751920275397655,0.04769034667778479
3803.0,0.3082430345678636,0.37801311862641657,0.313742809953772,1.036851947769608E-6
3966.0,0.1711445843140526,0.10668203922434093,0.18026686515726392,0.5419065113043426
3602.0,7.568446358252283E-7,0.039899855166708936,0.5922332024658737,0.36786618552278144
4023.0,0.41314231387945916,0.1518776731983986,0.3495896942904307,0.08539031863171175
3325.0,0.08861897741269323,0.4007461489853936,0.3251370367881176,0.18549783681379553
3416.0,1.1027562251062975E-6,0.04489531183004082,0.2948393074861205,0.6602642779276138
2938.0,0.0824215626758782,0.3442900287886565,0.304008856301347,0.2692795522341182
3020.0,0.21001619889793866,0.44856601383209455,0.1694249455924152,0.17199284167755177
3566.0,0.043859021513353066,8.493683416905818E-7,0.6887526451317844,0.26738748398652096
3147.0,7.687458515730295E-7,0.10553653770541839,0.39334134378458985,0.5011213497641404
3841.0,0.1774975587391262,0.3746225964516705,0.27204804356893125,0.17583180124027184
3748.0,1.0268896351419785E-6,0.17495847427727854,0.3196305057491677,0.5054099930839187
3219.0,0.21867100090315897,0.536220494423371,0.24510748493037895,1.0197430909803525E-6
2836.0,0.08904336357531353,8.840325100713924E-7,0.4006108372788666,0.5103449151133098
3382.0,0.09196588387539498,0.504826968314728,0.27214638604632135,0.13106076176355572
3708.0,0.10232587491035183,0.05325956006510512,0.45459765185519496,0.3898169131693483
4057.0,0.37506636035893015,0.18110827889955095,0.3605995932005707,0.08322576754094817
3951.0,9.759798038395373E-7,0.17637571933599785,0.3676148670204683,0.45600843766372995
3786.0,9.614013667783632E-7,0.18193238828463734,0.2405395738286794,0.5775270764853166
3456.0,0.16312880650828268,0.25299931541439813,0.41201294327496585,0.17185893480235323
2978.0,0.26272668193156695,0.1841034268199119,0.3648081888748366,0.18836170237368466
3109.0,0.13849363588759617,0.34556579807100246,0.37809634625228966,0.13784421978911154
3401.0,1.0379254626708195E-6,0.2249059440647931,0.6854335300251031,0.08965948798464157
2923.0,0.13047546067396634,0.15216572672181314,0.5279480590705348,0.18941075353368547
3308.0,1.0552085380242143E-6,0.21403965288902704,0.5277771756533945,0.2581821162490405
4006.0,0.4425896214721048,0.17710311077835825,0.2913476950822754,0.08895957266726143
3587.0,0.2469504435534776,0.5048660490188729,0.17914345206911175,0.06904005535853794
3765.0,9.578440662483788E-7,0.6608137994897005,0.16970600855820459,0.16947923410802868
3856.0,0.19111742053638683,0.09308331858960034,0.6273395238992032,0.08845973697480963
3162.0,8.338554846173464E-7,0.13324864550809892,0.401183892040753,0.4655666285956633
3037.0,0.0988641967861758,1.0622852983935654E-6,0.4470949871325198,0.45403975379600625
3583.0,0.17691484181241185,0.17598516951816667,0.19258774853843913,0.45451224013098274
3879.0,1.0316807795419754E-6,0.44034382057344834,0.4737399413040144,0.08591520644175747
3714.0,0.2319668606459711,0.22743788475870982,0.5405941963188771,1.058276441630537E-6
3050.0,0.08755828327221725,0.36403875357472665,0.37281990873374704,0.17558305441930921
3528.0,9.556550242755239E-7,0.17219748909543375,0.3896082922162781,0.43819326303326384
3181.0,1.0550191233557842E-6,0.1798104266145485,0.5428991761965375,0.27728934216979034
2809.0,0.4301750902465799,0.04144591489484857,0.39430350617574184,0.13407548868283
3291.0,0.2257513624224853,0.33382812794962424,0.35060445594203404,0.08981605368585668
3454.0,9.192387627109208E-7,0.2194527607053698,0.560001103701096,0.22054521635477153
2908.0,1.0540563971712842E-6,0.3024882614604153,0.33803224036237406,0.35947844412081337
3636.0,0.3882956998140992,0.13344350913580597,0.09291627402974753,0.38534451702034755
3985.0,0.5360069541298812,0.37768023025964786,0.08631201983102575,7.95779444772615E-7
3837.0,0.042762639002049685,0.24161577677572432,0.31695998216158977,0.39866160206063633
3928.0,0.08393771463284454,0.2831362894346683,0.46148445259718573,0.1714415433353017
3090.0,9.617122520094963E-7,0.12405053226521566,0.3677616772683217,0.5081868287542107
3511.0,9.98612101384749E-7,0.1946944471211136,0.33662318867273594,0.4686813655940492
2965.0,0.17192153567168056,0.17757191589009,0.37073820814584374,0.2797683402923856
2851.0,0.19485223050376024,1.1465891792452141E-6,0.6247907288481166,0.18035589405894406
3329.0,0.4917063411595894,0.2189456424031728,0.23202558773218196,0.0573224287050557
3236.0,0.38650614031288627,0.29350970760742406,0.2401756470634597,0.07980850501623003
3659.0,1.08038393283553E-6,0.17588301186344626,0.5528760300662413,0.2712398776863795
3490.0,0.30735161527317956,0.21163824020704158,0.17399942860084544,0.3070107159189336
2944.0,0.27422770011764164,0.32127798425773063,0.4044933664832562,9.491413716891703E-7
3079.0,1.0131356869974592E-6,0.143737528832071,0.4666225081769301,0.38963894985531194
3917.0,8.025562384747452E-7,0.1304910291486522,0.3821155664206772,0.4873926018744317
3816.0,9.945603361045057E-7,0.15218507611038257,0.580194447663258,0.2676194816660234
3678.0,0.1910832873115495,0.12942924756274019,0.5483044834798727,0.13118298164583758
3249.0,0.09153489343755389,0.1786724309810073,0.35749964359759595,0.37229303198384284
2870.0,0.5457918628328613,0.40830350041593766,0.04590378413383127,8.526173700665689E-7
3348.0,0.17078990161699234,0.3664611520808091,0.2889942497036235,0.17375469659857448
3192.0,0.293301893296559,0.4286962847343556,0.1074877756339653,0.17051404633512018
3071.0,1.1078832755916104E-6,0.13614806562800075,0.27138382986111437,0.5924669966276092
3549.0,0.2155374364901367,0.2314610081786514,0.5530005905171752,9.648140367560277E-7
3735.0,0.17579479982378304,0.4217696172526218,0.3171701972133386,0.08526538571025635
3890.0,0.36309160741979035,0.5529443601731064,0.08396315314659997,8.792605033173816E-7
3972.0,0.13233959480742455,0.4852788320084616,0.38238068174246526,8.914416486037621E-7
3617.0,1.0610889840227123E-6,1.0610889840227123E-6,0.2658122076258388,0.7341856701961933
3435.0,0.09985180885774571,0.30895977726333856,0.40345518802542074,0.18773322585349475
2889.0,9.383326445157826E-7,0.1280374734023173,0.31178193614646915,0.5601796521185692
2796.0,0.18800599498985635,0.4212323107428663,0.1788396306645369,0.21192206360274052
3278.0,0.15158257119548219,0.2727015283893133,0.4074808325245224,0.16823506789068227
3606.0,1.0453001844507704E-6,0.18752152091970312,0.5910353607983443,0.2214420729817682
4019.0,0.17405225650165485,0.2930885107707575,0.20971090166936995,0.3231483310582177
3321.0,0.08603710522553523,0.09468588773456645,0.41345156734180133,0.40582543969809676
3420.0,0.08190429163937493,0.6057919809267993,0.18691615320824,0.12538757422558588
2942.0,9.455095104103587E-7,0.04510907517036079,0.5231555526589228,0.4317344266612058
3016.0,0.08350626457068994,0.1733959531833015,0.5216971215126479,0.2214006607333608
3562.0,1.025608220734618E-6,0.17891833691555176,0.4844886779347711,0.3365919595414565
3151.0,0.1312495715354559,0.18285002202001485,0.5014338790291093,0.1844665274154198
3845.0,0.270019671041519,0.27586179110798403,0.4076197308799916,0.046498806970505215
3744.0,1.024822147887139E-6,0.27676116819462676,0.28303796677697163,0.4401998402062537
4044.0,8.681032818581353E-7,0.091482694613467,0.13282965478042055,0.7756867825028306
3689.0,0.04969425641807579,0.3709447880075988,0.4949895237319976,0.08437143184232763
2817.0,8.382962684022224E-7,0.1425703968350874,0.2628561079019784,0.5945726569666657
3363.0,9.918937694269105E-7,0.2922742751072871,0.44069886654684853,0.267025866452095
3206.0,9.936193133661177E-7,0.24800409358877593,0.4412670048442734,0.31072790794763705
3120.0,0.04893005366448064,0.3116807796639094,0.30376582059465546,0.3356233460769548
3477.0,0.05314613838117497,0.05314613838117497,0.32673844634873733,0.5669692768889126
2999.0,9.925212510211988E-7,9.925212510211988E-7,0.459857274701074,0.5401407402564242
3807.0,0.04143567297842937,0.21347325084130728,0.4655119755721703,0.27957910060809277
3962.0,1.0424452051853998E-6,0.3978136878906759,0.46895904664553284,0.13322622301858641
3405.0,1.0407970060094294E-6,0.09314815479548383,0.23881331915565476,0.6680374852518552
2927.0,0.4144951824778565,0.3981338812923275,0.18737014081959524,7.954102207545095E-7
3304.0,0.09035328223274708,0.08940165629257439,0.42533202613126625,0.39491303534341216
4002.0,1.046817224534553E-6,0.15101650759414229,0.26153791462957776,0.5874445309590554
3591.0,0.3553909732477878,0.46566528295588655,0.08965650039136469,0.08928724340496129
3761.0,0.2680231190673035,0.317873966910576,0.37013427624688844,0.04396863777523173
3860.0,1.0894674774262365E-6,0.22008366176591881,0.40125267721814767,0.37866257154845623
3166.0,0.04113092532925227,0.46668744579711396,0.39663573247716166,0.09554589639647249
3033.0,1.0916721374162196E-6,0.30246493655679296,0.5469905054560893,0.15054346631498008
3579.0,0.0897485782090956,0.2873900728179123,0.4980725742248215,0.12478877474817056
3223.0,0.08560840082437969,0.37858396617882173,0.3617907515855465,0.17401688141125204
2832.0,0.08616535575593665,0.5022084187123544,0.41162521142474906,1.0141069597981105E-6
3378.0,0.184896938321911,0.5377839025586737,0.1852183414799428,0.0921008176394723
3704.0,0.126267234274175,0.2133841800696776,0.25350120315280983,0.4068473825033378
4061.0,1.0546132793710913E-6,0.0895338689191135,0.6615172964634292,0.2489477800041781
3947.0,8.379618757702177E-7,0.08839250648334906,0.32306814469732453,0.5885385108574507
3790.0,0.08490923061013579,0.08726212061661574,0.426939695037553,0.4008889537356955
3460.0,1.1051888551649234E-6,0.047640974281817,0.19155135157284478,0.7608065689564832
2982.0,9.684021290245774E-7,0.13579522680500572,0.3232624687256947,0.5409413360671705
3105.0,0.042102284064278454,0.4432641785188106,0.33456365020829204,0.1800698872086189
3833.0,1.0813562830909496E-6,0.1292786879253415,0.42721408168048364,0.4435061490378914
3932.0,0.04532441968719084,0.4070074868925948,0.2719451252580137,0.2757229681622008
3094.0,9.63008627622385E-7,0.336891732665942,0.4443443240722029,0.21876298025322766
3507.0,0.2648278631102586,0.6026904200994596,0.13248074213040845,9.746598733974924E-7
2961.0,0.40968926199583744,0.22259019210785302,0.22894964188267516,0.13877090401363434
2855.0,0.2182148971538805,0.18381437582902443,0.3274402038793995,0.27053052313769566
3333.0,0.22131764793418565,0.4060285164754825,0.14492773199210568,0.22772610359822656
3232.0,0.10808465183018857,0.08127336981866036,0.42281590864285495,0.3878260697082958
3663.0,6.917773751626302E-7,0.0927808234462091,0.3548530132624365,0.5523654715139796
3875.0,8.297399998885132E-7,0.17005542419332023,0.36375121819891076,0.46619252786776905
3718.0,0.0992395872693971,0.3085378128527073,0.36732058856575817,0.2249020113121378
3054.0,0.18155375307808483,0.31915917789522663,0.08697492119258853,0.4123121478341002
3532.0,9.186090542703531E-7,9.186090542703531E-7,0.13660843478982024,0.8633897279920711
3177.0,6.48502955605791E-7,0.08444632083061475,0.4083868490283439,0.5071661816380858
2813.0,0.14352989029027788,0.3947372546259048,0.32087659271360347,0.14085626237021345
3295.0,8.333958616777381E-7,0.4300442066134199,0.13412291913915383,0.43583204085156496
3450.0,0.08762891008037571,0.2343942118529903,0.45414479732949237,0.22383208073714142
2904.0,0.2373646294498532,0.3271833910951387,0.2587364233711265,0.1767155560838818
3632.0,0.281324840743226,0.4597215870813746,0.21675694283761684,0.042196629337782864
3989.0,8.656899873173452E-7,0.2502571512291211,0.39779195761687136,0.35195002546402027
4032.0,1.0486035384326495E-6,0.131805109085744,0.2840273393123567,0.584166502998361
3685.0,0.09072420147763767,0.17577332846874158,0.18962862632755198,0.543873843726069
3375.0,0.11697535075932078,0.5469789458043981,0.2557784130519571,0.08026729038432402
2829.0,8.549409865792601E-7,0.05198013562801841,0.5828915744449562,0.3651274349860387
3210.0,0.17336421143199574,0.678997346098541,0.14763745173213644,9.907373270488072E-7
3132.0,9.544075057791307E-7,0.09143330933675252,0.3701061926893151,0.5384595435664266
3003.0,0.2698435401640828,0.22113783432653125,0.5090176316647302,9.938446559325437E-7
3481.0,0.23184822969810945,0.20234379572982705,0.39319020925956455,0.17261776531249906
3795.0,9.889764456908902E-7,0.3127280129290245,0.5145741411495915,0.17269685694493822
3958.0,0.1704692491349524,0.21573474716434052,0.5195814807944152,0.09421452290629193
3610.0,1.0642540436226287E-6,0.2213108648817846,0.3154206302105605,0.4632674406536109
4031.0,0.03732768622612538,0.3859317864240303,0.5375741593977496,0.03916636795209487
3317.0,0.08467665210195997,0.3023175107993599,0.30263409235689964,0.3103717447417801
2930.0,0.2451051685677644,0.3402993710896579,0.3289741758367399,0.08562128450583797
3408.0,0.45699017840692785,0.08458253492806259,0.13265581500038504,0.32577147166462456
3558.0,0.2253378004519683,0.21382823774442736,0.5168957236543732,0.0439382381492316
3012.0,0.22111756429046758,0.18087236012885805,0.4241782061532082,0.1738318694274662
3139.0,0.42935173180774894,0.21282021345331617,0.26010911933759023,0.09771893540134464
3849.0,0.17928846102177515,0.36857394321407116,0.13626637200692063,0.3158712237572332
3756.0,0.266714636882563,0.1679295591767601,0.3939978989129481,0.17135790502772863
3188.0,0.08373956248326708,0.3136809004064379,0.5071560473642514,0.09542348974604353
3537.0,0.25669400554208593,0.42338984109885797,0.26963066769750715,0.05028548566154942
3059.0,1.0904387637458547E-6,0.0880169305238299,0.6270988575058037,0.28488312153160256
3739.0,9.97267342099508E-7,0.13231013953738777,0.5940784346027651,0.27361042859250484
3902.0,1.0386601358817029E-6,0.35669148128574035,0.3671499921045733,0.27615748794955053
3976.0,0.18676081336639447,0.3103838805996845,0.3246103354740143,0.17824497055990685
3629.0,0.4585554785216335,0.1614856396323194,0.22193737421350745,0.1580215076325398
2885.0,9.768268782102137E-7,9.768268782102137E-7,0.3645128062109041,0.6354852401353395
3431.0,0.04255943744405476,0.3112749154650913,0.17936631988572996,0.46679932720512385
3266.0,9.402226278529169E-7,9.402226278529169E-7,0.08523168036393514,0.9147664391908092
2956.0,0.21532153462215944,0.2374248267226701,0.4219882095139409,0.12526542914122937
3502.0,0.27310020955280495,0.22170673040505517,0.4146648323628148,0.09052822767932484
3083.0,0.05124032961273276,0.29774017183487644,0.48066118072894226,0.17035831782344826
3905.0,0.4551222540389328,0.27317830336848775,0.18336659273282443,0.088332849859755
3812.0,0.08655164367017822,0.3669127208394239,0.4068877580060169,0.13964787748438115
3666.0,9.68744662619042E-7,0.40066747535142033,0.3764725052780962,0.22285905062582093
3261.0,0.10878502473463827,0.44457231993172175,0.2208760742834511,0.22576658105018885
3352.0,1.0039757138999282E-6,0.17602513577415868,0.5501538066492826,0.27382005360084505
2874.0,0.25849030934865186,0.3113629540786152,0.43014584270076195,8.938719711859358E-7
3887.0,0.10497865796045223,0.17678331580139026,0.1756595744339482,0.5425784518042093
3722.0,9.208574984470018E-7,0.42004074843805356,0.3328713554959274,0.2470869752085207
3520.0,0.18702653887986811,0.18623639984263027,0.6267360797877339,9.814897675460975E-7
3042.0,0.4524928802003007,0.29157558105476183,0.12855297352782596,0.1273785652171114
3173.0,1.134626783797999E-6,0.4049281458906634,0.368224908803246,0.22684581067930681
3283.0,0.08469716081462307,0.17639383473071563,0.48130926310495076,0.2575997413497104
2801.0,0.04543583018740151,0.13108219001395666,0.6001294560758133,0.22335252372282852
2900.0,0.14478685682762615,0.3300868142311515,0.3524824522350907,0.17264387670613154
3446.0,0.08444149318557889,0.546418790265196,0.3691388822832119,8.342660131183638E-7
3644.0,0.3617333293775469,0.3786474608100761,0.1740211962511195,0.08559801356125757
3993.0,0.3514151470988742,0.41292400744121077,0.19866832962715708,0.03699251583275776
3829.0,8.608182880877558E-7,0.18257959323663506,0.20466140325378965,0.6127581426912873
3920.0,0.08830286516995722,0.2625086890389685,0.6491874169974046,1.0287936698867095E-6
3098.0,8.377195090760608E-7,0.08508635372041365,0.5875032495083035,0.3274095590517741
2973.0,0.29214945348482607,0.16648446731527242,0.49820935631551805,0.04315672288438332
3519.0,0.2802705801227556,0.17726908643556374,0.45742284863863053,0.08503748480304986
3337.0,0.16307050835664685,0.14189771015647157,0.40347279422917515,0.2915589872577065
2859.0,0.05222243420950039,0.21175157504306155,0.45683044283601276,0.27919554791142553
3244.0,0.08908805729937536,0.188196892505505,0.4655811429276188,0.25713390726750096
3651.0,1.1313661516742846E-6,0.2776292251029727,0.3542311084348792,0.36813853509599637
3227.0,0.09155162501291686,0.09117483520548315,0.5969112448826582,0.22036229489894166
3390.0,1.0854875742747197E-6,0.19901990592775526,0.35243057570255587,0.44854843288211477
2844.0,0.2324533534524295,0.412221993734304,0.2693381542566011,0.08598649855666546
3700.0,0.045387958223341934,0.5999937943514911,0.1747737567518453,0.17984449067332137
4049.0,0.09986617232637522,0.082722734301911,0.5214779320023876,0.29593316136932607
3943.0,0.08977980340733549,0.2283183329531885,0.592156582370631,0.08974528126884475
3778.0,8.378864921105442E-7,0.20477774597986914,0.5430928989472077,0.25212851718643126
2986.0,9.966486426867904E-7,0.08475781858402763,0.5074186801960946,0.40782250457123487
3464.0,0.09584077059393137,0.3186642927828912,0.45544746511316425,0.1300474715100133
3117.0,0.18739717303003886,0.35958950015585833,0.26924929861593216,0.18376402819817023
2915.0,0.20283516441024912,0.3984777128803731,0.31616574847182133,0.08252137423755652
3300.0,0.08104716970130801,0.08164258368753646,0.4268884805846131,0.4104217660265422
4014.0,9.15735348879157E-7,9.15735348879157E-7,0.2282618224508968,0.7717363460784055
3595.0,1.0053065434542551E-6,0.17373074118545248,0.37814169882666737,0.44812655468133655
3773.0,0.04219255945596663,0.32739918293524,0.32051589034406625,0.3098923672647271
3864.0,8.859008780562732E-7,0.32011203276381683,0.6798861954344273,8.859008780562732E-7
3154.0,0.08643416726705289,0.2846636909249972,0.45378555589127767,0.1751165859166726
3575.0,0.0837402592777709,0.435313005759706,0.20429860898668578,0.2766481259758371
3029.0,1.0585656774105402E-6,0.1369032332875086,0.2788255648312903,0.5842701433155235
3614.0,0.4744864024385587,0.1181827158037688,0.3290134832580621,0.0783173984996105
4027.0,1.0464173883385443E-6,0.40808016169152356,0.5919177454737001,1.0464173883385443E-6
3313.0,8.485788086718621E-7,0.11991691845887079,0.2507342718749033,0.6293479610874174
2934.0,0.13039730113473288,0.4463211481314784,0.42328064251379116,9.082199972044545E-7
3412.0,0.18106812146464424,0.2717982938357011,0.223380280207185,0.32375330449246953
3554.0,0.16912065577102994,0.30819247209234074,0.46931664137024737,0.05337023076638177
3008.0,9.640070398444415E-7,0.42367777264621315,0.3485642339962787,0.22775702935046838
3143.0,1.0608305000713034E-6,0.32713830091002544,0.4136736190853116,0.2591870191741632
3853.0,1.0813597260515931E-6,0.18942696441679988,0.35643465581600003,0.4541372984074737
3752.0,0.04581883021718181,0.354705080901366,0.2118270367505804,0.38764905213087153
4036.0,7.590269236470423E-7,7.590269236470423E-7,0.5321245898695336,0.4678738920766191
3681.0,0.09580445265945363,0.17574101578298593,0.47003730349774075,0.2584172280598197
3371.0,9.698821227229335E-7,0.36380185150981814,0.2767828826191557,0.3594142959889034
2825.0,1.0305396713886284E-6,0.2027729187638924,0.7038926104486115,0.0933334402478246
3214.0,0.3433619401169867,0.6566360063061846,1.0267884142629234E-6,1.0267884142629234E-6
3128.0,9.15123890306306E-7,0.26559117253693876,0.520688277331459,0.21371963500771182
3007.0,1.016355441833482E-6,0.19735340466733314,0.5625450721847002,0.24010050679252468
3485.0,0.08552541686225618,0.372097573657285,0.4574571419107542,0.08491986756970442
3799.0,9.609730643570923E-7,0.3169136289915355,0.37057058244040286,0.3125148275949977
3954.0,0.40378462872184573,0.16918843419892934,0.4270260826714297,8.544077955049617E-7
2952.0,0.3007008463081952,0.07358232313901364,0.23435827149141675,0.39135855906137457
3498.0,9.752633862551998E-7,0.27032538277409657,0.5927779196740791,0.13689572228843763
3087.0,9.783772287529248E-7,0.17050085251532754,0.534687430192625,0.2948107389148189
3909.0,0.2803030012124175,0.45562378862443775,0.09322292657165812,0.17085028359148646
3808.0,0.043425375696332875,0.13913876777191125,0.5048884022086108,0.312547454323145
3670.0,0.09027015645793221,0.31984183181661574,0.3615711513040179,0.22831686042143418
3257.0,0.0642965913860366,0.3164768044968002,0.30988644080720384,0.3093401633099591
3356.0,0.044852432342538724,0.227213661088732,0.36090234471000815,0.36703156185872104
2878.0,9.736022674697877E-7,0.22041529851468072,0.454565496926557,0.32501823095649474
3184.0,0.18882952098049666,0.2960624101183125,0.3475942174873318,0.16751385141385897
3541.0,1.0241210694062401E-6,0.18814318125850182,0.37232321196244306,0.43953258265798584
3063.0,0.08013832944256823,0.26967312589889925,0.3573869455880022,0.2928015990705304
3743.0,7.641540606988009E-7,0.27998316265927015,0.39004546806191026,0.32997060512475884
3898.0,7.488282058106577E-7,0.5504883687609659,0.15097276764143272,0.2985381147693954
3980.0,0.1903887002102445,0.27053236869210984,0.09188395404190922,0.44719497705573635
3625.0,1.136623375062945E-6,0.18302107319999272,0.5450815563474717,0.2718962338291607
2881.0,0.20529065472778313,0.4412020146968331,0.1791466105137488,0.17436072006163472
3427.0,0.33294655568759407,0.3473151768104608,0.3197378015991333,4.6590281183568397E-7
3270.0,0.1756645096867579,0.18416150410884974,0.3319588726155478,0.30821511358884474
2788.0,0.17445321730115107,0.2522593024616242,0.5200022381185134,0.05328524211871127
3825.0,0.09520922547170768,0.4942850446872344,0.27354948908805365,0.13695624075300436
3924.0,0.06132034411370438,0.506173648460286,0.3055386028320377,0.126967404593972
3102.0,0.08477068966981714,0.3492878308763067,0.42778158515316106,0.1381598943007149
2969.0,0.08387510814598895,0.09070562938065459,0.23200666670480274,0.5934125957685539
3515.0,1.091096430834515E-6,0.09028115960230747,0.23710915821462206,0.6726085910866394
3341.0,0.17192721997268154,0.08290666609543616,0.4257807623812267,0.31938535155065567
2863.0,0.16515583926552585,0.5004498001556407,0.33439335634419814,1.004234635096286E-6
3240.0,0.1278138282576616,0.14605458802936028,0.502409334357019,0.22372224935595916
3655.0,0.12466983858859265,0.27720117564068764,0.37950906798057693,0.2186199177901428
3883.0,0.3672332569417777,0.1381781458038488,0.49458760352270964,9.937316639691828E-7
3726.0,0.09104072290776762,0.267979552397641,0.2651384833303269,0.3758412413642647
3524.0,0.08388872484593195,0.35138518956,0.5233067438835489,0.041419341710519114
3046.0,1.0881984976626808E-6,0.04627536552675586,0.5482151689672748,0.4055083773074714
3169.0,6.338228709591324E-7,0.07905503093234209,0.24931721717152433,0.6716271180732626
3287.0,0.08692892114065395,0.09030037973218306,0.4731530703258726,0.3496176288012903
2805.0,0.27662829650812804,0.16486533616854354,0.4337157657372168,0.12479060158611155
2896.0,0.04355186278065431,0.3501974118011921,0.5200218743231863,0.08622885109496713
3442.0,9.459445595270262E-7,0.042261118285902496,0.41428608884556684,0.5434518469239711
3640.0,0.21753536975202362,0.2611902044144971,0.3570253327810104,0.1642490930524685
3997.0,0.17348149379104655,0.4194295938038323,0.3137260433727583,0.09336286903236284
2919.0,0.2610272438219269,0.2739865558333658,0.4649853738589923,8.264857147550835E-7
3397.0,0.0821836297064018,0.08818076689086703,0.28367092996310267,0.5459646734396284
3296.0,9.965954010440293E-7,0.12994910062163434,0.59497281515474,0.2750770876282246
4010.0,0.9019656208177114,0.030082407525211494,0.05048687165690747,0.017465100000169057
3599.0,0.08477216456546681,0.08303497719885596,0.30021766299498076,0.5319751952406966
3769.0,0.08398335069699872,0.0846651955176663,0.4768768590718048,0.3544745947135301
3868.0,0.26046546520510067,1.1221806325508752E-6,0.30960271322479277,0.4299306993894741
3158.0,0.17772621546454767,0.13507419080538408,0.17796095437673395,0.5092386393533345
3571.0,0.041309141707890774,0.23932893840129862,0.33499847748519995,0.38436344240561066
3025.0,1.1211350246563166E-6,0.3804454282592983,0.3997063190798013,0.21984713152587568
3231.0,0.08203973250639177,0.37115673404072036,0.367304364378926,0.17949916907396185
3386.0,0.09291088236354862,0.4002163173263504,0.41377233231555877,0.09310046799454211
2840.0,9.424372785439037E-7,0.3039555282061489,0.48168057546280374,0.2143629538937687
3696.0,0.27059495519828364,0.4004257046481285,0.32897840434712394,9.358064641095692E-7
4053.0,0.09269034370456268,1.0231348613492477E-6,0.3556636278646028,0.5516450052959732
3939.0,0.1601558293833764,0.2794164150765328,0.28160537484616943,0.27882238069392157
3782.0,1.1495184018763078E-6,0.23210110349121646,0.5451443185136897,0.22275342847669186
2990.0,0.16630879129843573,0.13343515728134786,0.6130851464952466,0.0871709049249698
3468.0,0.18298428121485735,0.08994235257011896,0.4557294965779955,0.271343869637028
3113.0,0.16354152545864847,0.27839608385815745,0.39345624472124696,0.16460614596194725
2820.0,0.2275489101332822,0.1271234872805516,0.2642524950864642,0.38107510749970214
3366.0,0.0870973888115679,0.35051305139608024,0.2633242955186545,0.29906526427369706
3203.0,1.05836800787602E-6,0.18695517912274354,0.6220679837302454,0.19097577877900335
4041.0,9.516698763632577E-7,0.17067437120135576,0.5925620848686919,0.23676259226007582
3692.0,0.12953948809265675,0.33717887458737034,0.39938563780692604,0.13389599951304654
3802.0,0.08033989716615166,0.25634739324770417,0.22969014114147634,0.4336225684446681
3967.0,0.0869182814481517,0.2730327751176462,0.3228469144436451,0.3172020289905571
3125.0,7.798740928832915E-7,0.1632645678517018,0.22496892213460204,0.6117657301396036
3472.0,0.18518717556517994,0.4494042339253755,0.27040131352018176,0.09500727698926283
2994.0,0.18350082856874655,0.45714943315557693,0.2711698486492898,0.08817988962638684
3324.0,0.04982467347315708,0.13844001045007825,0.3976063740941243,0.4141289419826404
3417.0,1.0149240063496159E-6,0.31181533096497555,0.6053226191854977,0.08286103492552035
2939.0,0.08275257941835949,0.09786151238456975,0.5147753433596318,0.304610564837439
3603.0,0.18244931483874605,0.04196412682374538,0.5060498685215883,0.26953668981592005
4022.0,0.26234438927935283,0.3816402056792851,0.35601451223202496,8.928093370930359E-7
3840.0,0.36867091015713577,0.31247785695246993,0.23071422724972634,0.08813700564066795
3749.0,9.966992827773391E-7,0.09306155653905689,0.4071314281531402,0.4998060186085201
3021.0,0.1628018488004067,0.5038880932875938,0.25044869024366445,0.08286136766833478
3567.0,0.3120524988240483,0.342567361832467,0.3453791408389475,9.985045373035341E-7
3146.0,0.10660878735118261,0.15291029344757995,0.5751341476538276,0.16534677154741
3730.0,0.171387317305744,0.591328103559836,0.23728367887782195,9.002565981695982E-7
3895.0,9.807649143280414E-7,0.09559700117358763,0.39856482227968554,0.5058371957818123
3197.0,0.045549369892142796,0.1735011761731765,0.31420422912451307,0.4667452248101678
3066.0,9.524175327111322E-7,9.524175327111322E-7,0.2610652879043721,0.7389328072605625
3544.0,0.17633027377155913,0.13189106536672918,0.40400557501111034,0.28777308585060135
3438.0,0.08847427330126334,0.21621242266888885,0.4228720149856198,0.272441289044228
2892.0,0.2830015910825948,0.36325570036499494,0.35374175470198077,9.538504294911357E-7
2793.0,0.2776016468739792,0.23123562975912995,0.3953675055519275,0.0957952178149634
3275.0,0.1901124614340333,0.203827529720411,0.46343980894310394,0.14262019990245173
3969.0,0.162827182681549,0.4010367814248861,0.3819006365564828,0.054235399337082095
3620.0,7.820836001016669E-7,0.28265595157804074,0.4301855068086661,0.287157759529693
3912.0,0.14079007964974016,0.3569153915065648,0.4233779240901276,0.07891660475356725
3821.0,0.04225141675042689,0.18773100787838584,0.4486186203035684,0.3213989550676186
3495.0,0.27823070132695027,0.44805817959018046,0.2266708046545673,0.0470403144283018
2949.0,0.0884551083993595,0.08794949090231108,0.4067006005462067,0.41689480015212266
3074.0,0.08539504846988734,0.14593642964959,0.5416680268620868,0.2270004950184357
3252.0,0.17833032347421313,0.04929069468694543,0.6928676692119997,0.07951131262684162
2867.0,0.36208104079471626,0.33957342991146056,0.21350176047856104,0.08484376881526222
3345.0,8.855275334534536E-7,0.34009422639454157,0.44176807375917554,0.2181368143187495
3675.0,0.13287703538080609,0.13249758434420517,0.5429503677133197,0.19167501256166897
3051.0,0.2188528557821075,0.23780960137757262,0.3690998210306119,0.17423772180970812
3529.0,8.718886725872678E-7,8.718886725872678E-7,0.22394382842463906,0.7760544277980156
3180.0,1.0015921547884538E-6,0.0864530112390259,0.4574463733557348,0.45609961381308434
3878.0,9.418171887872702E-7,0.1357397755311551,0.4436623639758683,0.42059691867578747
3715.0,0.23269954428154277,0.21741824010157917,0.5498811327512573,1.0828656205729412E-6
3637.0,0.13596096375851668,0.3608737863980162,0.36083445511892964,0.14233079472453739
3984.0,0.04310059855089053,0.17328459936343718,0.47650080870124306,0.3071139933844294
2808.0,0.40525938385375554,0.3154922542180351,0.1391852607585434,0.140063101169666
3290.0,0.10133864859577976,0.5287950154990165,0.23039251327530638,0.13947382262989744
3455.0,0.21317539616580047,0.18584300661539557,0.5175499615083072,0.08343163571049679
2909.0,1.0025228624673437E-6,0.227559036445829,0.44133252211661805,0.33110743891469047
3091.0,0.3578896300876268,0.36183512320680666,0.28027432974283933,9.169627273749743E-7
3510.0,0.09313995051462415,0.1954353098692747,0.22660415402936981,0.4848205855867314
2964.0,0.2742415132710974,0.1275956772261584,0.46878850077864337,0.1293743087241011
3836.0,9.901344201783483E-7,9.901344201783483E-7,0.5511612450146847,0.4488367747164749
3929.0,1.060836981195751E-6,0.3549003962399856,0.4628882477800013,0.18221029514303172
3658.0,0.083085964115385,0.04982295313192829,0.3533682097763683,0.5137228729763182
2850.0,0.305681108878986,0.33029635755213305,0.2800838793538527,0.08393865421502848
3328.0,0.31763152425429075,0.18438087082067903,0.04193302175895058,0.45605458316607966
3237.0,0.08771818391899573,0.29301055668377185,0.42356469897570526,0.19570656042152698
4056.0,0.30895266031703916,0.31968294723540924,0.2826341664675657,0.08873022597998576
3218.0,9.988889032074678E-7,0.08501735485592674,0.4243606710000743,0.49062097525509596
2837.0,0.05322956656547756,0.22435838085342016,0.5867832733804276,0.13562877920067465
3383.0,0.13785334397331078,0.5030060071401664,0.2214398718870158,0.13770077699950697
3457.0,0.13639310559912915,0.22271252422655524,0.49048610430394457,0.150408265870371
2979.0,0.08697365034592879,0.26613291465194094,0.22917658789363413,0.41771684710849627
3108.0,0.10234006218581274,0.2915883959793528,0.3456461423911388,0.2604253994436955
3950.0,8.396276441187515E-7,0.2769736232493387,0.3250592624049143,0.39796627471810275
3787.0,9.91606895314117E-7,0.2646324033298926,0.36553346521871216,0.36983313984449984
4007.0,0.19248095242312088,0.3536499062404444,0.13916559557235844,0.3147035457640765
3586.0,7.32530398088792E-7,0.29636608595356795,0.44957001095276466,0.25406317056326944
3400.0,1.0506540508210863E-6,0.1344144924895103,0.5600325590665853,0.30555189778985337
2922.0,8.621619635248594E-7,0.1514213038391204,0.4469354669621413,0.40164236703677475
3309.0,0.12305514201322247,0.04200713807829149,0.2292053639414031,0.605732355967083
3163.0,1.1213121578841263E-6,0.04585065787375305,0.5530923929103694,0.40105582790372
3036.0,0.04371235930717418,0.22005246311064458,0.4581492132733348,0.2780859643088462
3582.0,0.18046811969063822,0.3652538224792522,0.36549931235246397,0.08877874547764587
3764.0,7.885127612070127E-7,0.1604447381224231,0.32881707165453167,0.5107374017102839
3857.0,0.18370452478678143,0.0874310690502901,0.42614294266177594,0.3027214635011526
3320.0,0.17889816772701597,0.18585081613541893,0.22478558680089789,0.4104654293366671
3421.0,8.425060669441485E-7,0.41054208815809756,0.46191860937335005,0.12753845996248522
2943.0,9.408853361826879E-7,9.408853361826879E-7,0.2804709897464518,0.7195271284828759
3607.0,0.09546656032096408,0.4745032255626262,0.25905979189850675,0.17097042221790318
4018.0,0.043433178479053404,0.12884274755110092,0.42469026396963366,0.40303381000021204
3844.0,9.36016362144873E-7,0.2579514795426798,0.6433666764853001,0.09868090795565784
3745.0,9.64802433727559E-7,0.5295267303618385,0.3851191200447541,0.08535318479097355
3017.0,0.17941614302114198,0.31714548856073904,0.31178759663084227,0.19165077178727652
3563.0,8.550177230513318E-7,0.4411403451807603,0.46492029323473244,0.09393850656678442
3150.0,1.1023480794325181E-6,0.2743845758257969,0.5407943965136901,0.18481992531243382
2816.0,0.16345587996852215,0.2636132538421331,0.31292093155129863,0.2600099346380462
3362.0,0.20660900859733625,0.32754876632559454,0.3508142178772555,0.11502800719981375
3207.0,1.1530544461319526E-6,0.09019721497562001,0.36824014554616136,0.5415614864237722
4045.0,0.12709045122665216,0.20013763741787996,0.23311370786502683,0.4396582034904411
3688.0,0.19210507465246138,0.2689898140541047,0.3612599941300437,0.17764511716339035
3963.0,9.469739192562297E-7,0.4651136379806805,0.5348844680714806,9.469739192562297E-7
3121.0,0.08976724262360865,1.1436204120052792E-6,0.6466669612712074,0.26356465248477184
3476.0,0.4423564223525283,0.286493311831669,0.1818015288019027,0.08934873701389986
2998.0,0.35406806958645254,0.3276649474348087,0.22020777693482202,0.09805920604391673
3916.0,0.1786529968354864,0.737434991093888,0.08391089024167118,1.1218289544450546E-6
3817.0,9.851841338107035E-7,0.45288983080159806,0.13650447600159304,0.410604708012675
3491.0,0.09278482597975737,0.12669125329980013,0.4095428733847801,0.37098104733566256
2945.0,0.25460297328298764,0.34760385169006236,0.3977922630472087,9.119797410476053E-7
3078.0,0.04622825308591815,0.4063223374919411,0.37243556491619123,0.17501384450594967
3248.0,0.09137978762049136,0.45419428744047247,0.32155186044835793,0.1328740644906785
2871.0,0.10026845388638395,0.3079349172354161,0.4991854489140292,0.09261117996417081
3349.0,9.839290705971248E-7,0.16549116196381866,0.32169729771434796,0.5128105563927627
3679.0,0.18407254098722062,0.4112035396227722,0.36207728890761426,0.04264663048239304
3734.0,0.045012497862523065,0.3473656681969742,0.2249988737353624,0.3826229602051403
3891.0,0.08633676513392943,0.3163936961384491,0.42656754077785464,0.17070199794976687
3193.0,1.0384294561533079E-6,0.3099367053542141,0.21513522899547988,0.47492702722085
3548.0,0.3224993304731275,0.1345094927263063,0.49672373847324114,0.046267438327325425
3434.0,0.257905666069264,0.28552869314200724,0.45656495075776976,6.900309589496298E-7
2888.0,0.08375818053514471,0.21331536633397927,0.4936599183729105,0.20926653475796533
2797.0,0.5372019676513294,0.1905902899471859,0.14009129714825003,0.13211644525323454
3279.0,0.07877559272349272,0.6364622751862544,0.09219847478584167,0.19256365730441144
3973.0,9.302772282024028E-7,0.4173515170090097,0.2695852018725305,0.3130623508412318
3616.0,0.1839407888933913,0.04962016291493091,0.5083867387177936,0.2580523094738839
3095.0,0.18823153316375268,0.42322717796465453,0.2647663695518707,0.12377491931972236
3506.0,0.09131135605746846,0.30051582245698877,0.42210659232132575,0.18606622916421697
2960.0,0.08777374334910422,0.22519517905874722,0.4951531285711388,0.19187794902101002
3832.0,1.0162757481101257E-6,0.17316456516691262,0.27121055437936165,0.5556238641779774
3933.0,0.14416590551074443,0.4590746037454591,0.3529874846395236,0.04377200610427284
3662.0,0.10457176000667028,0.5800562192608515,0.14306138449916037,0.17231063623331816
2854.0,0.04685424041560379,0.361178955733934,0.5494594875143106,0.04250731633615149
3332.0,9.76093437503136E-7,0.28417026963637537,0.3144384762398042,0.40139027803038274
3233.0,0.1988490549008725,0.529451269245297,0.08602812535818803,0.18567155049564205
3055.0,9.307388100298088E-7,9.307388100298088E-7,0.47194785316405413,0.5280502853583261
3533.0,0.08811766539962222,0.1947079875790002,0.6731580583976728,0.044016288623704866
3176.0,0.0848667618173427,9.865327823676306E-7,0.27100464529185,0.6441276063580248
3874.0,0.09249115751084717,0.4944346579503309,0.3261348758441508,0.08693930869467098
3719.0,0.08590815826531616,0.5823691831577902,0.23119943836843357,0.10052322020846026
3633.0,0.043500913673399096,0.40231899909449936,0.469544467969928,0.0846356192621737
3988.0,0.2875952459393257,0.16773060827423802,0.4865620409472955,0.05811210483914027
2812.0,0.30520705401626996,0.4202235348602183,0.274568831042598,5.800809136248345E-7
3294.0,0.49840491546076177,0.36809435909849875,0.04746092544499501,0.08603979999574436
3451.0,0.1721271300058617,0.09230588159689877,0.4632358747314611,0.2723311136657784
2905.0,9.192819942833758E-7,0.17166350189405488,0.3248969674951008,0.5034386113288498
4003.0,0.2734955487420929,0.18021933006654278,0.4126265516326834,0.13365856955868075
3590.0,9.959139807680204E-7,9.959139807680204E-7,0.5842722661624498,0.4157257420095886
3404.0,0.172716823634889,0.23668749234478234,0.36600257340224795,0.22459311061808063
2926.0,1.0384981911016956E-6,0.34806936684736167,0.3737934718848143,0.27813612276963273
3305.0,9.505804556313159E-7,0.08174707226694733,0.46881715500824667,0.44943482214435054
3167.0,0.21432348904835882,0.23767439960190448,0.35770216537621935,0.19029994597351768
