3067.0,0.0,0.11251935560864261,0.7501810715733475,0.13729957281800997
3545.0,0.4309013096658677,0.3083958386256264,0.20988051888917716,0.05082233281932868
3731.0,0.664258366684431,0.2055085024020442,0.11365347622948932,0.016579654684035515
3894.0,0.0017727458865193797,0.10172821690189407,0.7231421647554895,0.173356872456097
3968.0,0.0,0.013889253708871924,0.0267144651492125,0.9593962811419157
3621.0,0.0,0.013542060157710017,0.029528628223959057,0.956929311618331
3439.0,0.0,0.11820791552836984,0.7704414770935243,0.11135060737810579
2893.0,0.6580443546825867,0.18698864988541253,0.14063793974892735,0.014329055683073537
2792.0,0.3970623099905033,0.30082264417390064,0.28854680524446535,0.013568240591130754
3274.0,0.6517856942694097,0.21481400870570927,0.12682562552722157,0.006574671497659432
3494.0,0.6222319949677102,0.2455749685546983,0.12170371051098595,0.010489325966605617
2948.0,1.6717499668325978E-12,0.10617448912858529,0.7231749445217726,0.17065056634797043
3075.0,0.0,0.11820791552836984,0.7704414770935243,0.11135060737810579
3913.0,0.0,0.11837500873709503,0.7554494132186516,0.12617557804425333
3820.0,4.102254044493599E-38,0.117211281775359,0.7098348618606222,0.172953856364019
3674.0,0.0,0.11837489158311384,0.7554492629021482,0.12617584551473804
3253.0,4.102254044493599E-38,0.117211281775359,0.7098348618606222,0.172953856364019
2866.0,0.7484563384655609,0.16322717189840327,0.07177947344964562,0.016537016186390065
3344.0,0.0,0.014902906551353354,0.03209872873009326,0.9529983647185534
4040.0,1.2364100372376589E-114,0.006395778443875907,0.03850392680483037,0.9551002947512938
3693.0,0.0057595776325643395,0.9830204200474287,0.011220002320007017,0.0
2821.0,0.0057595776325669425,0.9830204200474262,0.01122000232000699,0.0
3367.0,1.8144325137138665E-66,0.08611391033172636,0.7497636226161157,0.1641224670521579
3202.0,3.526823552641129E-8,0.0,0.05225900828835195,0.9477409564434124
3124.0,4.102254044493599E-38,0.117211281775359,0.7098348618606222,0.172953856364019
3473.0,0.43988372931715125,0.28264776460538726,0.2352370983659165,0.042231407711545
2995.0,1.3736686913267577E-29,0.11095507663306349,0.7463906025368097,0.14265432083012686
3803.0,1.2364073748664992E-114,0.006395752180653581,0.0385039277960651,0.9551003200232814
3966.0,1.3747112322001175E-29,0.110965202480455,0.7463774773850506,0.14265732013449445
3602.0,0.0,0.0,0.01954603448136135,0.9804539655186386
4023.0,0.0,0.11837500873709503,0.7554494132186516,0.12617557804425333
3325.0,2.1356116743408197E-274,0.11554192332886451,0.7494255392755068,0.13503253739562854
3416.0,0.0019588997157396456,0.09844987638139971,0.720137222995634,0.17945400090722657
2938.0,1.7115235146705785E-27,0.11361298027974058,0.7298972829733399,0.15648973674691957
3020.0,1.7661103038614865E-43,0.11386126569535993,0.7097074052887477,0.17643132901589245
3566.0,7.83849172619475E-8,0.0850854962212448,0.7271056480782419,0.1878087773155961
3147.0,0.0,0.013889253708871924,0.0267144651492125,0.9593962811419157
3841.0,2.607712126125352E-274,0.11552810677317175,0.7494279559338404,0.1350439372929879
3748.0,0.0,0.11251935560864261,0.7501810715733475,0.13729957281800997
3219.0,0.0,0.9724651705566122,0.02059822740847959,0.00693660203490823
2836.0,0.0,0.9724651705566147,0.020598227408479917,0.006936602034905425
3382.0,0.00196040968312389,0.09844971801005056,0.7201361127958997,0.17945375951092588
3708.0,0.0,0.01075224291152943,0.017353887041184346,0.9718938700472861
4057.0,0.0,0.011210423864223804,0.021509628810721347,0.967279947325055
3951.0,0.0017727458857003137,0.10172821690198566,0.7231421647561201,0.17335687245619397
3786.0,1.2362451469451502E-114,0.006394151965283596,0.03850398819171028,0.9551018598430062
3456.0,0.0,0.11251935560864261,0.7501810715733475,0.13729957281800997
2978.0,5.082080609587158E-12,0.010154935210230129,0.01298389067055483,0.976861174114133
3109.0,0.00410385210310869,0.982460257462632,0.013435890221888349,2.1237108983347956E-10
3401.0,0.0017727458865193797,0.10172821690189407,0.7231421647554895,0.173356872456097
2923.0,0.0,0.11251935560864261,0.7501810715733475,0.13729957281800997
3308.0,2.1356116743407872E-274,0.11554192332886273,0.7494255392754954,0.1350325373956418
4006.0,0.0,0.9696226085891535,0.017111294626929428,0.013266096783916995
3587.0,1.6691754837602243E-12,0.10617468502897905,0.7231759262709581,0.17064938869839383
3765.0,0.0,0.11837500873709503,0.7554494132186516,0.12617557804425333
3856.0,0.6222319949677102,0.2455749685546983,0.12170371051098595,0.010489325966605617
3162.0,0.6517856942694097,0.21481400870570927,0.12682562552722157,0.006574671497659432
3037.0,7.838495600122946E-8,0.08508551272365794,0.7271056346391199,0.18780877425226614
3583.0,1.6717499668325978E-12,0.10617448912858529,0.7231749445217726,0.17065056634797043
3879.0,0.0,0.11837500873709503,0.7554494132186516,0.12617557804425333
3714.0,0.0,0.9696226047144377,0.017111294557706387,0.013266100727855985
3050.0,0.0,0.01075224291152943,0.017353887041184346,0.9718938700472861
3528.0,0.0,0.0,0.01954603448136135,0.9804539655186386
3181.0,0.5401386517822913,0.2652310583315062,0.15716823014664769,0.03746205973955486
2809.0,0.0,0.11251935560864261,0.7501810715733475,0.13729957281800997
3291.0,1.8144325137138665E-66,0.08611391033172636,0.7497636226161157,0.1641224670521579
3454.0,0.0,0.9744434866271249,0.02041222091307913,0.005144292459795978
2908.0,0.7081424964559978,0.20481948633265765,0.08389977491757523,0.003138242293769361
3636.0,0.0,0.00635394125274136,0.01524971994369415,0.9783963388035645
3985.0,0.0,1.0,0.0,0.0
3837.0,0.0,0.11251935560864261,0.7501810715733475,0.13729957281800997
3928.0,4.550010227728696E-38,0.11724270096861311,0.7098433732658126,0.17291392576557427
3090.0,2.2655696402051207E-12,0.09741252866305979,0.7310678370511084,0.17151963428356629
3511.0,1.7648271217334882E-43,0.11386126722636843,0.7097069911690176,0.17643174160461392
2965.0,0.4355160299741991,0.32046469418255924,0.2028732178287538,0.0411460580144878
2851.0,0.0,1.0,0.0,0.0
3329.0,0.0,0.978150536714503,0.021849463285497004,0.0
3236.0,5.7061015504162416E-99,9.970980189868159E-142,0.030175323873365203,0.9698246761266348
3659.0,4.527589782030717E-270,0.12183777454870383,0.7397899681571378,0.13837225729415834
3490.0,0.0,0.11251935560864261,0.7501810715733475,0.13729957281800997
2944.0,1.8144325137138665E-66,0.08611391033172636,0.7497636226161157,0.1641224670521579
3079.0,0.0,0.012901347724722425,0.028306747404044277,0.9587919048712333
3917.0,1.642153843340994E-158,0.9999937872681304,6.212731869502188E-6,3.4528805338198644E-65
3816.0,4.102254044493599E-38,0.117211281775359,0.7098348618606222,0.172953856364019
3678.0,0.0,0.11837500030285035,0.7554494023969679,0.12617559730018177
3249.0,4.5275871472111495E-270,0.12183777457715543,0.7397899681662373,0.13837225725660726
2870.0,0.6580443546782806,0.18698864988748584,0.14063793975079447,0.014329055683439156
3348.0,0.6580076352456218,0.18700632964916658,0.14065386128453042,0.01433217382068118
3192.0,0.0017727458865193797,0.10172821690189407,0.7231421647554895,0.173356872456097
3071.0,2.2655733256557938E-12,0.0974125286665614,0.7310678370459702,0.1715196342852028
3549.0,0.0,1.0,0.0,0.0
3735.0,0.001550887758752183,0.09417801155940618,0.7221054565496073,0.18216564413223418
3890.0,0.6457228645509163,0.23490752957057906,0.10853270113772377,0.010836904740780709
3972.0,4.102254044493599E-38,0.117211281775359,0.7098348618606222,0.172953856364019
3617.0,0.0015508877587342754,0.09417801155940832,0.7221054565496208,0.18216564413223663
3435.0,0.001672436375638919,0.10173973996759116,0.7232192383937157,0.17336858526305424
2889.0,4.527652741401186E-270,0.12183777386884033,0.7397899679397313,0.13837225819142848
2796.0,9.609420517726423E-11,0.9908983345007286,0.009037505206464307,6.416019671284478E-5
3278.0,0.0030487415876591676,0.9576339465912694,0.024206849948738268,0.015110461872333239
3606.0,1.7648276223756938E-43,0.11386126722577086,0.709706991330648,0.17643174144358117
4019.0,0.6222319949677102,0.2455749685546983,0.12170371051098595,0.010489325966605617
3321.0,4.102254058445219E-38,0.11721128177641434,0.7098348618608801,0.1729538563627055
3420.0,0.6457228645509163,0.23490752957057906,0.10853270113772377,0.010836904740780709
2942.0,5.7061015504162416E-99,9.970980189868159E-142,0.03017532387336509,0.9698246761266348
3016.0,1.3736686913267577E-29,0.11095507663306349,0.7463906025368097,0.14265432083012686
3562.0,0.0017727458865193797,0.10172821690189407,0.7231421647554895,0.173356872456097
3151.0,5.908964994020143E-23,0.11975039987970125,0.7288732575723019,0.15137634254799698
3845.0,0.0,0.11251935560864261,0.7501810715733475,0.13729957281800997
3744.0,2.2655733256557938E-12,0.0974125286665614,0.7310678370459702,0.1715196342852028
4044.0,1.515943307313662E-14,0.00927790116340354,0.035103422744787255,0.955618676091794
3689.0,0.0,0.11251935560864261,0.7501810715733475,0.13729957281800997
2817.0,7.197205247688474E-221,0.11638531790650246,0.7377828075950468,0.14583187449845075
3363.0,0.0,0.11837500873709503,0.7554494132186516,0.12617557804425333
3206.0,1.462010462183986E-10,0.9908055537404453,0.0091183120135734,7.61340997802197E-5
3120.0,0.0,0.07855975168239238,0.7597923355442578,0.1616479127733497
3477.0,1.2364100372376589E-114,0.006395778443875907,0.03850392680483037,0.9551002947512938
2999.0,1.3736686913267577E-29,0.11095507663306349,0.7463906025368097,0.14265432083012686
3807.0,0.0015508790619555815,0.09417801260888148,0.7221054630546359,0.18216564527452708
3962.0,1.6717499668325978E-12,0.10617448912858529,0.7231749445217726,0.17065056634797043
3405.0,0.005445330289108948,0.9891198001430707,0.005434864564861389,5.002958942512966E-9
2927.0,0.6161818162519564,0.23214998532355635,0.13374202136159252,0.017926177062894788
3304.0,2.1356116743407872E-274,0.11554192332886273,0.7494255392754953,0.13503253739564192
4002.0,0.0,0.008472275394366392,0.0374003465132571,0.9541273780923765
3591.0,0.6457228645509163,0.23490752957057906,0.10853270113772377,0.010836904740780709
3761.0,4.5275871472111495E-270,0.12183777457715543,0.7397899681662373,0.13837225725660726
3860.0,0.0057595776325669425,0.9830204200474262,0.01122000232000699,0.0
3166.0,4.5275871472111495E-270,0.12183777457715543,0.7397899681662373,0.13837225725660726
3033.0,4.802195284296196E-19,0.11335067754851484,0.7399411386156663,0.14670818383581885
3579.0,0.0,0.11251935560864261,0.7501810715733475,0.13729957281800997
3223.0,0.0,0.9724651705566122,0.02059822740847959,0.00693660203490823
2832.0,5.082080609587158E-12,0.010154935210230129,0.01298389067055483,0.976861174114133
3378.0,1.462010462183986E-10,0.9908055537404453,0.0091183120135734,7.61340997802197E-5
3704.0,0.0027084525961404062,0.9614895620512642,0.02810785537723224,0.007694129975363305
4061.0,0.0,0.01417129020845356,0.027481309864582786,0.9583473999269636
3947.0,2.593503206776766E-11,0.005234795349779568,0.03257186253218897,0.9621933420920965
3790.0,0.001550887758752183,0.09417801155940618,0.7221054565496073,0.18216564413223418
3460.0,0.005445341411187941,0.9891197799470666,0.0054348736387798535,5.002965760053809E-9
2982.0,0.0,0.0,0.019546034496548473,0.9804539655034514
3105.0,0.8234653735509986,0.11676689577664227,0.05976586941408558,1.8612582735116363E-6
3833.0,0.7081424964024331,0.20481948636299013,0.08389977493874527,0.0031382422958314334
3932.0,2.2655733256557938E-12,0.0974125286665614,0.7310678370459702,0.1715196342852028
3094.0,7.83849172619475E-8,0.0850854962212448,0.7271056480782419,0.1878087773155961
3507.0,4.1022540445448625E-38,0.1172112817753779,0.7098348618605751,0.1729538563640469
2961.0,5.908964994020143E-23,0.11975039987970125,0.7288732575723019,0.15137634254799698
2855.0,0.7484563384655609,0.16322717189840327,0.07177947344964562,0.016537016186390065
3333.0,0.4355160299741991,0.32046469418255924,0.2028732178287538,0.0411460580144878
3232.0,0.0,0.9724651705566122,0.02059822740847959,0.00693660203490823
3663.0,0.0,0.004024422349562153,0.024159215363627983,0.9718163622868098
3875.0,5.908964994020143E-23,0.11975039987970125,0.7288732575723019,0.15137634254799698
3718.0,0.0,0.0056177549915327465,0.022217266782122876,0.9721649782263443
3054.0,5.908964994020143E-23,0.11975039987970125,0.7288732575723019,0.15137634254799698
3532.0,5.7061015504162416E-99,9.970980189868159E-142,0.030175323873365203,0.9698246761266348
3177.0,0.0,0.013889253708871924,0.0267144651492125,0.9593962811419157
2813.0,5.082080609587158E-12,0.010154935210230129,0.01298389067055483,0.976861174114133
3295.0,1.8143970337879408E-66,0.08611391139042018,0.7497636228180068,0.16412246579157305
3450.0,1.8144325137086708E-66,0.08611391033172573,0.7497636226161184,0.16412246705215597
2904.0,0.0,0.07855975144044135,0.759792335928047,0.16164791263151168
3632.0,0.43935442068374736,0.2828527350483489,0.2354640443910326,0.0423287998768712
3989.0,5.908964994020143E-23,0.11975039987970125,0.7288732575723019,0.15137634254799698
4032.0,4.102254044493599E-38,0.117211281775359,0.7098348618606222,0.172953856364019
3685.0,0.0,0.013889253708871924,0.0267144651492125,0.9593962811419157
3375.0,0.005759577632501841,0.9830204200474906,0.011220002320007725,0.0
2829.0,0.0,0.00635394125274136,0.01524971994369415,0.9783963388035645
3210.0,0.0,0.9805116333661463,0.019488366633853706,0.0
3132.0,1.6080530194310292E-194,0.030509630716762798,0.7141837715712824,0.2553065977119547
3003.0,0.6457228645509163,0.23490752957057906,0.10853270113772377,0.010836904740780709
3481.0,3.297613750532499E-230,0.10867608371393157,0.7504047049406987,0.1409192113453697
3795.0,0.0,0.014902906551332255,0.03209872873005511,0.9529983647186127
3958.0,5.99898834722353E-8,0.9887383566489393,0.0028098274636336766,0.008451755897543572
3610.0,0.0,0.0,0.024023728778666112,0.975976271221334
4031.0,0.004744614673160752,0.981828466945512,0.01342691816930026,2.1202706986288509E-10
3317.0,5.082080609587158E-12,0.010154935210230129,0.01298389067055483,0.976861174114133
2930.0,9.70633585532996E-11,0.9999999999029365,0.0,0.0
3408.0,0.0,0.11837500873709503,0.7554494132186516,0.12617557804425333
3558.0,0.7484563384655609,0.16322717189840327,0.07177947344964562,0.016537016186390065
3012.0,0.0027084525961404062,0.9614895620512642,0.02810785537723224,0.007694129975363305
3139.0,0.43935442068374736,0.2828527350483489,0.2354640443910326,0.0423287998768712
3849.0,2.8844194262666193E-7,0.9855607184039258,0.009621219148784861,0.004817774005346837
3756.0,1.5159403047167554E-14,0.009277902572406273,0.03510342343076979,0.9556186739968087
3188.0,1.7648271217334882E-43,0.11386126722636843,0.7097069911690176,0.17643174160461392
3537.0,0.6457228645509163,0.23490752957057906,0.10853270113772377,0.010836904740780709
3059.0,1.6717499668325978E-12,0.10617448912858529,0.7231749445217726,0.17065056634797043
3739.0,5.082080609587158E-12,0.010154935210230129,0.01298389067055483,0.976861174114133
3902.0,0.0,0.9696226047144377,0.017111294557706373,0.01326610072785595
3976.0,2.1356116743407872E-274,0.11554192332886273,0.7494255392754954,0.1350325373956418
3629.0,5.99898834722353E-8,0.9887383566489393,0.0028098274636336766,0.008451755897543572
2885.0,0.0,0.01075224291152943,0.017353887041184346,0.9718938700472861
3431.0,1.5159403047167554E-14,0.009277902572406273,0.03510342343076979,0.9556186739968087
3266.0,0.0,0.07855975144044135,0.759792335928047,0.16164791263151168
2956.0,0.0,0.9696226047144377,0.017111294557706387,0.013266100727855985
3502.0,1.1056700577509918E-10,0.9999999998894329,0.0,0.0
3083.0,1.7648271217334882E-43,0.11386126722636843,0.7097069911690176,0.17643174160461392
3905.0,0.00196040968312384,0.09844971801005056,0.720136112795899,0.1794537595109265
3812.0,0.0,0.11251935560864261,0.7501810715733475,0.13729957281800997
3666.0,5.262610778967388E-9,0.009026963202383869,0.009779843947907669,0.9811931875870976
3261.0,0.0,0.003958015993315184,0.034465923491139215,0.9615760605155454
3352.0,4.802195284296196E-19,0.11335067754851484,0.7399411386156663,0.14670818383581885
2874.0,5.082080609587158E-12,0.010154935210230129,0.01298389067055483,0.976861174114133
3887.0,0.0017727458865193797,0.10172821690189407,0.7231421647554895,0.173356872456097
3722.0,0.0,0.009777456367103454,0.03676856208052565,0.9534539815523709
3520.0,0.0017727458865193797,0.10172821690189407,0.7231421647554895,0.173356872456097
3042.0,0.0,0.9744434866271249,0.02041222091307913,0.005144292459795978
3173.0,9.706335855294647E-11,0.9999999999029365,0.0,0.0
3283.0,0.00196040968312389,0.09844971801005056,0.7201361127958997,0.17945375951092588
2801.0,4.99911035433953E-268,0.12160792772272669,0.7397160148097242,0.1386760574675491
2900.0,0.6580443546825867,0.18698864988541253,0.14063793974892735,0.014329055683073537
3446.0,1.375641907451798E-11,0.005496831727746963,0.03278322190934344,0.9617199463491531
3644.0,0.664258366684431,0.2055085024020442,0.11365347622948932,0.016579654684035515
3993.0,0.6516588955678958,0.21120129781573746,0.12019363562317673,0.016946170993190082
3829.0,0.0,0.013889253708871924,0.0267144651492125,0.9593962811419157
3920.0,0.001337334691025157,0.9873870891378764,0.011275576171098374,0.0
3098.0,2.3960792951556285E-274,0.11553396193203579,0.7494269320162491,0.1350391060517151
2973.0,0.0,0.11837500873709503,0.7554494132186516,0.12617557804425333
3519.0,2.2655733256557938E-12,0.0974125286665614,0.7310678370459702,0.1715196342852028
3337.0,1.814429578201841E-66,0.08611391041932191,0.7497636226328129,0.16412246694786517
2859.0,7.83849172619475E-8,0.0850854962212448,0.7271056480782419,0.1878087773155961
3244.0,0.0,0.0,0.024023728778666594,0.9759762712213333
3651.0,1.7648271217334882E-43,0.11386126722636843,0.7097069911690176,0.17643174160461392
3227.0,0.0,1.0,0.0,0.0
3390.0,0.6457228645509163,0.23490752957057906,0.10853270113772377,0.010836904740780709
2844.0,5.2626107789674636E-9,0.009026963202383869,0.009779843947907652,0.9811931875870976
3700.0,0.0,0.9696226046752582,0.01711129458248129,0.013266100742260619
4049.0,8.780819193686199E-272,0.11512612437847906,0.7494975111969809,0.13537636442453996
3943.0,0.41015328569057763,0.3122995265649001,0.24508345225938388,0.03246373548513835
3778.0,0.0017727458865193797,0.10172821690189407,0.7231421647554895,0.173356872456097
2986.0,1.7656553592205645E-43,0.1138612662380583,0.7097072584995521,0.17643147526238953
3464.0,0.0,0.008472275394366392,0.0374003465132571,0.9541273780923765
3117.0,0.0,1.0,0.0,0.0
2915.0,4.5275871472111495E-270,0.12183777457715543,0.7397899681662373,0.13837225725660726
3300.0,0.0,0.9805116333660246,0.01948836663397536,0.0
4014.0,5.456723216006058E-14,0.012204961891924253,0.049128420770374756,0.9386666173376463
3595.0,2.784696099140426E-266,0.11425506080381127,0.7496431778317262,0.13610176136446261
3773.0,0.7081424964557546,0.20481948633279845,0.08389977491766924,0.003138242293777763
3864.0,0.00196040968312389,0.09844971801005056,0.7201361127958997,0.17945375951092588
3154.0,1.8144325137138665E-66,0.08611391033172636,0.7497636226161157,0.1641224670521579
3575.0,1.6080530194310292E-194,0.030509630716762798,0.7141837715712824,0.2553065977119547
3029.0,0.0,0.01075224291152943,0.017353887041184346,0.9718938700472861
3614.0,0.43090130985171604,0.30839583855926617,0.20988051879409886,0.050822332794918886
4027.0,0.0,0.11251935560864261,0.7501810715733475,0.13729957281800997
3313.0,0.0,0.0,0.024023728778666594,0.9759762712213333
2934.0,0.0,1.0,0.0,0.0
3412.0,2.2655732996783543E-12,0.09741252866653517,0.7310678370460095,0.17151963428518974
3554.0,0.0,0.11251935560864261,0.7501810715733475,0.13729957281800997
3008.0,0.6457228645509163,0.23490752957057906,0.10853270113772377,0.010836904740780709
3143.0,0.6222319949677102,0.2455749685546983,0.12170371051098595,0.010489325966605617
3853.0,0.0,0.00402442234956501,0.024159215363624833,0.9718163622868102
3752.0,5.99898834722353E-8,0.9887383566489393,0.0028098274636336766,0.008451755897543572
4036.0,0.0,3.388933732621406E-149,0.02203007062055363,0.9779699293794464
3681.0,0.001960409683123888,0.09844971801005056,0.7201361127958997,0.17945375951092588
3371.0,0.0027084525961264816,0.9614895620512558,0.02810785537724981,0.007694129975367866
2825.0,0.4355160299741991,0.32046469418255924,0.2028732178287538,0.0411460580144878
3214.0,0.8234653735509986,0.11676689577664227,0.05976586941408558,1.8612582735116363E-6
3128.0,1.3736686913267577E-29,0.11095507663306349,0.7463906025368097,0.14265432083012686
3007.0,1.373670967652445E-29,0.11095507644083355,0.7463906016348775,0.142654321924289
3485.0,0.004744614676847451,0.981828466941877,0.013426918169248452,2.1202706986098836E-10
3799.0,0.001772562121901333,0.10172823794381339,0.7231423057220697,0.17335689421221548
3954.0,1.7648271217334882E-43,0.11386126722636843,0.7097069911690176,0.17643174160461392
2952.0,0.004744614676847451,0.981828466941877,0.013426918169248452,2.1202706986098836E-10
3498.0,0.0017727458865193797,0.10172821690189407,0.7231421647554895,0.173356872456097
3087.0,0.0,0.004024422349562153,0.024159215363627983,0.9718163622868098
3909.0,0.664258366684431,0.2055085024020442,0.11365347622948932,0.016579654684035515
3808.0,0.001550887758752183,0.09417801155940618,0.7221054565496073,0.18216564413223418
3670.0,1.6080530194310292E-194,0.030509630716762798,0.7141837715712824,0.2553065977119547
3257.0,0.0030487415876591676,0.9576339465912694,0.024206849948738268,0.015110461872333239
3356.0,2.8844194270699104E-7,0.9855607186902743,0.009621219059956495,0.004817773807826577
2878.0,0.0,1.0,0.0,0.0
3184.0,0.0,0.008472275394366392,0.0374003465132571,0.9541273780923765
3541.0,1.3736686913267577E-29,0.11095507663306349,0.7463906025368097,0.14265432083012686
3063.0,0.0,7.683063471276206E-7,0.03458536766249256,0.9654138640311604
3743.0,2.2655733256557938E-12,0.0974125286665614,0.7310678370459702,0.1715196342852028
3898.0,5.908964994020143E-23,0.11975039987970125,0.7288732575723019,0.15137634254799698
3980.0,0.0,0.9724651705566169,0.02059822740847961,0.0069366020349036234
3625.0,4.527587580678335E-270,0.12183777457247474,0.7397899681647403,0.13837225726278488
2881.0,0.0,0.0,0.0727881658398716,0.9272118341601283
3427.0,0.6161818162519564,0.23214998532355635,0.13374202136159252,0.017926177062894788
3270.0,0.001550887758752183,0.09417801155940618,0.7221054565496073,0.18216564413223418
2788.0,0.005759577630512334,0.9830204200494576,0.011220002320030174,0.0
3825.0,0.005445341411290992,0.9891197799468795,0.005434873638863785,5.002965760116938E-9
3924.0,5.908965008415533E-23,0.119750399876923,0.7288732575726904,0.15137634255038668
3102.0,0.8234653735509986,0.11676689577664227,0.05976586941408558,1.8612582735116363E-6
2969.0,0.0027084525961404062,0.9614895620512642,0.02810785537723224,0.007694129975363305
3515.0,1.6717499668325978E-12,0.10617448912858529,0.7231749445217726,0.17065056634797043
3341.0,2.2655733256557938E-12,0.0974125286665614,0.7310678370459702,0.1715196342852028
2863.0,2.2655733256557938E-12,0.0974125286665614,0.7310678370459702,0.1715196342852028
3240.0,0.6516588955678958,0.21120129781573746,0.12019363562317673,0.016946170993190082
3655.0,0.4355160299741991,0.32046469418255924,0.2028732178287538,0.0411460580144878
3883.0,5.5593215428589E-297,0.9848929871169564,0.015106992919127125,1.9963916488449694E-8
3726.0,0.0027084525961402687,0.961489562051263,0.02810785537723316,0.007694129975363557
3524.0,8.370542539922271E-10,0.1382583935734168,0.712702413670981,0.14903919191854806
3046.0,2.2655733256557938E-12,0.0974125286665614,0.7310678370459702,0.1715196342852028
3169.0,5.082080609587158E-12,0.010154935210230129,0.01298389067055483,0.976861174114133
3287.0,0.6580443546825867,0.18698864988541253,0.14063793974892735,0.014329055683073537
2805.0,0.6222319949677102,0.2455749685546983,0.12170371051098595,0.010489325966605617
2896.0,4.102254048012146E-38,0.11721128177561221,0.709834861860703,0.1729538563636848
3442.0,0.0,0.9805116333660246,0.01948836663397536,0.0
3640.0,5.99898834722353E-8,0.9887383566489393,0.0028098274636336766,0.008451755897543572
3997.0,0.00196040968312389,0.09844971801005056,0.7201361127958997,0.17945375951092588
2919.0,5.99898834722353E-8,0.9887383566489393,0.0028098274636336766,0.008451755897543572
3397.0,2.135685291831906E-274,0.11554192094407542,0.7494255396927603,0.1350325393631643
3296.0,0.004744546491375091,0.9818285341750276,0.013426919121570348,2.1202710492569358E-10
4010.0,0.6161818162519564,0.23214998532355635,0.13374202136159252,0.017926177062894788
3599.0,2.888507730102065E-13,0.1355452653711018,0.712620748847743,0.1518339857808664
3769.0,0.001771252229620779,0.10172838793970314,0.7231433105692714,0.1733570492614047
3868.0,0.6580443546825867,0.18698864988541253,0.14063793974892735,0.014329055683073537
3158.0,0.664258366684431,0.2055085024020442,0.11365347622948932,0.016579654684035515
3571.0,0.4355160299741991,0.32046469418255924,0.2028732178287538,0.0411460580144878
3025.0,4.802194615903643E-19,0.11335067755069894,0.7399411385453263,0.14670818390397464
3231.0,1.7648271217334882E-43,0.11386126722636843,0.7097069911690176,0.17643174160461392
3386.0,0.0,0.11251935560864261,0.7501810715733475,0.13729957281800997
2840.0,1.5159403047167554E-14,0.009277902572406273,0.03510342343076979,0.9556186739968087
3696.0,0.0,0.07855975144044135,0.759792335928047,0.16164791263151168
4053.0,1.6717499668325978E-12,0.10617448912858529,0.7231749445217726,0.17065056634797043
3939.0,5.90935011195562E-23,0.11975032555659657,0.728873267966635,0.15137640647676842
3782.0,0.001550887558415701,0.09417801158358252,0.7221054566994525,0.18216564415854924
2990.0,0.6222319949677102,0.2455749685546983,0.12170371051098595,0.010489325966605617
3468.0,5.2626107789674636E-9,0.009026963202383869,0.009779843947907652,0.9811931875870976
3113.0,5.90896499405618E-23,0.11975039987969424,0.7288732575723028,0.15137634254800295
2820.0,0.0,0.11251935560864261,0.7501810715733475,0.13729957281800997
3366.0,0.6222319949677102,0.2455749685546983,0.12170371051098595,0.010489325966605617
3203.0,8.36451199789831E-93,0.09701425709144966,0.7316527371320835,0.17133300577646693
4041.0,0.6222319949677102,0.2455749685546983,0.12170371051098595,0.010489325966605617
3692.0,4.5275871472111495E-270,0.12183777457715543,0.7397899681662373,0.13837225725660726
3802.0,2.2655733256557938E-12,0.0974125286665614,0.7310678370459702,0.1715196342852028
3967.0,2.2655733256557938E-12,0.0974125286665614,0.7310678370459702,0.1715196342852028
3125.0,0.6429802758429707,0.21767965099039746,0.13901254286124376,3.275303053879975E-4
3472.0,0.0,0.005617754988294894,0.02221726678220757,0.9721649782294975
2994.0,0.6517856942694097,0.21481400870570927,0.12682562552722157,0.006574671497659432
3324.0,0.0027084525961404062,0.9614895620512642,0.02810785537723224,0.007694129975363305
3417.0,0.0,1.0,0.0,0.0
2939.0,0.0,0.011210423864223804,0.021509628810721347,0.967279947325055
3603.0,0.0,0.9776699535499913,0.02233004645000875,0.0
4022.0,1.462010462183986E-10,0.9908055537404453,0.0091183120135734,7.61340997802197E-5
3840.0,1.8144325137138665E-66,0.08611391033172636,0.7497636226161157,0.1641224670521579
3749.0,1.7648271462140563E-43,0.11386126722633923,0.7097069911769209,0.17643174159673977
3021.0,0.0015464263184756927,0.09417855010792427,0.7221087937754656,0.1821662297981346
3567.0,0.6457228645509163,0.23490752957057906,0.10853270113772377,0.010836904740780709
3146.0,7.838491516988522E-8,0.08508549624416885,0.727105648084981,0.18780877728593495
3730.0,0.0,0.9861274599749695,0.013872540025030525,0.0
3895.0,0.0,0.004024422349562153,0.024159215363627983,0.9718163622868098
3197.0,1.6717499668325978E-12,0.10617448912858529,0.7231749445217726,0.17065056634797043
3066.0,7.838485865189846E-8,0.08508549686347269,0.7271056482670429,0.18780877648462557
3544.0,4.102254044493599E-38,0.117211281775359,0.7098348618606222,0.172953856364019
3438.0,0.0,0.07855975144044135,0.759792335928047,0.16164791263151168
2892.0,0.6222319949677102,0.2455749685546983,0.12170371051098595,0.010489325966605617
2793.0,0.0017727457113785588,0.101728216921949,0.7231421648898405,0.17335687247683185
3275.0,5.908964994031308E-23,0.11975039987969907,0.7288732575723021,0.1513763425479988
3969.0,0.0,0.11837500873709503,0.7554494132186516,0.12617557804425333
3620.0,0.0,0.9724651705566122,0.02059822740847959,0.00693660203490823
3912.0,0.6516588955678958,0.21120129781573746,0.12019363562317673,0.016946170993190082
3821.0,0.6222319949677102,0.2455749685546983,0.12170371051098595,0.010489325966605617
3495.0,4.743828897580787E-270,0.12184045349056323,0.739784183416019,0.13837536309341777
2949.0,0.0,0.013889253708871924,0.0267144651492125,0.9593962811419157
3074.0,0.0,1.0,0.0,0.0
3252.0,7.703518848098008E-8,0.08510041598417031,0.7271100321631595,0.18778947481748168
2867.0,0.0,0.07855975144044135,0.759792335928047,0.16164791263151168
3345.0,0.0,0.07855981103636836,0.7597922413956699,0.1616479475679617
3675.0,1.4576340017261261E-36,0.11379517611247143,0.7186344861075442,0.16757033777998434
3051.0,0.0,0.9805116333660246,0.01948836663397536,0.0
3529.0,1.462010462183986E-10,0.9908055537404453,0.0091183120135734,7.61340997802197E-5
3180.0,0.4355160299741991,0.32046469418255924,0.2028732178287538,0.0411460580144878
3878.0,0.0,0.11251935560864261,0.7501810715733475,0.13729957281800997
3715.0,0.4355160299741991,0.32046469418255924,0.2028732178287538,0.0411460580144878
3637.0,0.0,0.11837500873709503,0.7554494132186516,0.12617557804425333
3984.0,0.0,0.01075224291152943,0.017353887041184346,0.9718938700472861
2808.0,2.1356116743407872E-274,0.11554192332886273,0.7494255392754954,0.1350325373956418
3290.0,0.8234653735509986,0.11676689577664227,0.05976586941408558,1.8612582735116363E-6
3455.0,1.0253722168168849E-4,0.10196208501042764,0.7245676585056513,0.17336771926223943
2909.0,0.0,1.0,0.0,0.0
3091.0,0.6517856942694097,0.21481400870570927,0.12682562552722157,0.006574671497659432
3510.0,1.6859053087658226E-11,0.0054113952365861815,0.03271533199712399,0.9618732727494308
2964.0,0.6222319949677102,0.2455749685546983,0.12170371051098595,0.010489325966605617
3836.0,0.005445341411273399,0.9891197799469118,0.005434873638849162,5.002965760105974E-9
3929.0,0.00196040968312389,0.09844971801005056,0.7201361127958997,0.17945375951092588
3658.0,0.0,0.1182079155283657,0.7704414770935283,0.11135060737810598
2850.0,4.102254044493599E-38,0.117211281775359,0.7098348618606222,0.172953856364019
3328.0,0.0,0.004024422349569581,0.024159215363610858,0.9718163622868194
3237.0,4.5275871479219164E-270,0.12183777457714816,0.7397899681662351,0.1383722572566167
4056.0,0.8234653731383302,0.11676689602331185,0.059765869580055114,1.861258302862901E-6
3218.0,1.844280334273984E-43,0.11386117421835057,0.7097320805682471,0.17640674521340244
2837.0,1.5159403047167554E-14,0.009277902572406273,0.03510342343076979,0.9556186739968087
3383.0,0.0,0.11251935560864261,0.7501810715733475,0.13729957281800997
3457.0,0.0027084525961404062,0.9614895620512642,0.02810785537723224,0.007694129975363305
2979.0,2.2655733256557938E-12,0.0974125286665614,0.7310678370459702,0.1715196342852028
3108.0,9.706335855294647E-11,0.9999999999029365,0.0,0.0
3950.0,2.0715289332057838E-54,0.0,0.027369848035124728,0.9726301519648753
3787.0,4.5275871472111495E-270,0.12183777457715543,0.7397899681662373,0.13837225725660726
4007.0,0.43935442068374736,0.2828527350483489,0.2354640443910326,0.0423287998768712
3586.0,0.00196040968312389,0.09844971801005056,0.7201361127958997,0.17945375951092588
3400.0,1.5159403047167554E-14,0.009277902572406273,0.03510342343076979,0.9556186739968087
2922.0,2.705060801288685E-11,0.005217837708832734,0.032557856218216184,0.9622243060459005
3309.0,0.0,1.0,0.0,0.0
3163.0,4.10225428638515E-38,0.11721128179323767,0.7098348618654398,0.1729538563413225
3036.0,0.6222319949677102,0.2455749685546983,0.12170371051098595,0.010489325966605617
3582.0,0.0,1.0,0.0,0.0
3764.0,1.642153843340994E-158,0.9999937872681304,6.212731869502188E-6,3.4528805338198644E-65
3857.0,0.6516588956153183,0.21120129783123853,0.12019363563199739,0.016946170921445736
3320.0,7.83849172619475E-8,0.0850854962212448,0.7271056480782419,0.1878087773155961
3421.0,5.99898834722353E-8,0.9887383566489393,0.0028098274636336766,0.008451755897543572
2943.0,0.0,0.11837500873709503,0.7554494132186516,0.12617557804425333
3607.0,2.0715289332058133E-54,0.0,0.02736984803512476,0.9726301519648753
4018.0,0.00196040968312389,0.09844971801005056,0.7201361127958997,0.17945375951092588
3844.0,2.2655733256557938E-12,0.0974125286665614,0.7310678370459702,0.1715196342852028
3745.0,1.6717499668325978E-12,0.10617448912858529,0.7231749445217726,0.17065056634797043
3017.0,0.0,1.0,0.0,0.0
3563.0,0.0,0.00635394125274136,0.01524971994369415,0.9783963388035645
3150.0,3.693754154717692E-221,0.1164169177002554,0.7377960095812774,0.14578707271846714
2816.0,0.6222319949677102,0.2455749685546983,0.12170371051098595,0.010489325966605617
3362.0,0.0,0.0,0.01955786230738886,0.980442137692611
3207.0,0.0,0.00395801607638428,0.034465923488307335,0.9615760604353084
4045.0,0.0027084525961404062,0.9614895620512642,0.02810785537723224,0.007694129975363305
3688.0,0.0030487415876591676,0.9576339465912694,0.024206849948738268,0.015110461872333239
3963.0,0.0,0.9725017748148932,0.020596369182861774,0.006901856002244874
3121.0,0.0027084525961404062,0.9614895620512642,0.02810785537723224,0.007694129975363305
3476.0,0.4578693938527238,0.34696091594584727,0.195169690201429,0.0
2998.0,0.0027084525961404062,0.9614895620512642,0.02810785537723224,0.007694129975363305
3916.0,4.802195284296196E-19,0.11335067754851484,0.7399411386156663,0.14670818383581885
3817.0,0.0,0.9805116333660246,0.01948836663397536,0.0
3491.0,4.5275871472111495E-270,0.12183777457715543,0.7397899681662373,0.13837225725660726
2945.0,1.3736686913267577E-29,0.11095507663306349,0.7463906025368097,0.14265432083012686
3078.0,2.0595470680852029E-66,0.08627841351759437,0.7496852247044224,0.16403636177798306
3248.0,0.7081424964559978,0.20481948633265765,0.08389977491757523,0.003138242293769361
2871.0,0.0,0.0063539412527419846,0.015249719943695648,0.9783963388035624
3349.0,0.664258366684431,0.2055085024020442,0.11365347622948932,0.016579654684035515
3679.0,1.7648271246645993E-43,0.1138612672263649,0.709706991169964,0.17643174160367112
3734.0,0.0027084525961404062,0.9614895620512642,0.02810785537723224,0.007694129975363305
3891.0,1.3736687562769337E-29,0.11095507662757632,0.7463906025110774,0.14265432086134633
3193.0,5.45486254137204E-8,0.0,0.05227809589507501,0.9477218495562996
3548.0,0.001550887758752183,0.09417801155940618,0.7221054565496073,0.18216564413223418
3434.0,1.3736686913267577E-29,0.11095507663306349,0.7463906025368097,0.14265432083012686
2888.0,0.6642583666844217,0.20550850240204932,0.11365347622949332,0.016579654684035654
2797.0,1.3736686913267577E-29,0.11095507663306349,0.7463906025368097,0.14265432083012686
3279.0,8.370173583937957E-10,0.1382583784626118,0.7127024134277244,0.14903920727264644
3973.0,1.6080530194310292E-194,0.030509630716762798,0.7141837715712824,0.2553065977119547
3616.0,0.6516588955678958,0.21120129781573746,0.12019363562317673,0.016946170993190082
3095.0,5.082080609587158E-12,0.010154935210230129,0.01298389067055483,0.976861174114133
3506.0,0.0030487415876591676,0.9576339465912694,0.024206849948738268,0.015110461872333239
2960.0,0.43935442068374736,0.2828527350483489,0.2354640443910326,0.0423287998768712
3832.0,0.7081424964535263,0.2048194863340532,0.08389977491855495,0.003138242293865589
3933.0,2.884886648071667E-7,0.9857273021471984,0.009569203149574925,0.004703206214561746
3662.0,5.908964994020143E-23,0.11975039987970125,0.7288732575723019,0.15137634254799698
2854.0,0.0,0.11251935560864261,0.7501810715733475,0.13729957281800997
3332.0,9.871091767565442E-265,0.11401067539673355,0.7496827916011939,0.1363065330020726
3233.0,0.6580443546825867,0.18698864988541253,0.14063793974892735,0.014329055683073537
3055.0,0.0,0.009748192955265357,0.036781754535035245,0.9534700525096994
3533.0,0.0,0.0,0.01954603448136135,0.9804539655186386
3176.0,0.004744614676847451,0.981828466941877,0.013426918169248452,2.1202706986098836E-10
3874.0,0.0,0.11837497284565036,0.7554493671675493,0.12617565998680041
3719.0,0.6457228645509163,0.23490752957057906,0.10853270113772377,0.010836904740780709
3633.0,5.99898834722353E-8,0.9887383566489393,0.0028098274636336766,0.008451755897543572
3988.0,0.7484563384655609,0.16322717189840327,0.07177947344964562,0.016537016186390065
2812.0,0.0027084525961404062,0.9614895620512642,0.02810785537723224,0.007694129975363305
3294.0,0.0,0.00635394125274136,0.01524971994369415,0.9783963388035645
3451.0,2.2655733256557938E-12,0.0974125286665614,0.7310678370459702,0.1715196342852028
2905.0,1.5159403047167554E-14,0.009277902572406273,0.03510342343076979,0.9556186739968087
4003.0,4.802195284296196E-19,0.11335067754851484,0.7399411386156663,0.14670818383581885
3590.0,0.0,0.009777456367103438,0.03676856208052566,0.9534539815523709
3404.0,0.0,0.11251935560864261,0.7501810715733475,0.13729957281800997
2926.0,0.41015328569057763,0.3122995265649001,0.24508345225938388,0.03246373548513835
3305.0,5.203068772256618E-9,0.009028712978858816,0.009784395747862792,0.9811868860702095
3167.0,4.5275871472111495E-270,0.12183777457715543,0.7397899681662373,0.13837225725660726
3032.0,0.0,0.11820791552837473,0.7704414770935194,0.11135060737810587
3578.0,0.0,0.9799640508034465,0.02003594919655358,1.2589078296864096E-47
3760.0,1.8144325137138665E-66,0.08611391033172636,0.7497636226161157,0.1641224670521579
3861.0,0.0030487415876591676,0.9576339465912694,0.024206849948738268,0.015110461872333239
3705.0,5.908964994020143E-23,0.11975039987970125,0.7288732575723019,0.15137634254799698
4060.0,1.6080530194310292E-194,0.030509630716762798,0.7141837715712824,0.2553065977119547
3222.0,5.908964994045291E-23,0.11975039987969638,0.7288732575723025,0.15137634254800117
2833.0,8.370542539922271E-10,0.1382583935734168,0.712702413670981,0.14903919191854806
3379.0,0.0,0.11837500873709503,0.7554494132186516,0.12617557804425333
3461.0,0.0027084525961404062,0.9614895620512642,0.02810785537723224,0.007694129975363305
2983.0,0.001550887758752183,0.09417801155940618,0.7221054565496073,0.18216564413223418
3104.0,2.8844194262666193E-7,0.9855607184039258,0.009621219148784861,0.004817774005346837
3946.0,0.6642583255749447,0.20550852189385097,0.11365349796179348,0.01657965456941095
3791.0,0.41015328569057763,0.3122995265649001,0.24508345225938388,0.03246373548513835
3738.0,0.7484563384655609,0.16322717189840327,0.07177947344964562,0.016537016186390065
3903.0,0.0,0.11820791552836984,0.7704414770935243,0.11135060737810579
3189.0,5.908964994020143E-23,0.11975039987970125,0.7288732575723019,0.15137634254799698
3536.0,0.0,0.003958016076337383,0.0344659234883099,0.9615760604353527
3058.0,2.1356116745973843E-274,0.11554192332886098,0.7494255392754839,0.1350325373956551
2884.0,1.80364759193667E-29,0.11092347568780164,0.7462422970812497,0.14283422723094863
3430.0,1.372258455069555E-194,0.030603226177279026,0.7140489783215395,0.25534779550118153
3267.0,1.2364077867962317E-114,0.006395756244170866,0.038503927642698964,0.9551003161131302
3977.0,4.102254044493599E-38,0.117211281775359,0.7098348618606222,0.172953856364019
3628.0,1.6080530194310292E-194,0.030509630716762798,0.7141837715712824,0.2553065977119547
3904.0,0.0,0.11251935560864261,0.7501810715733475,0.13729957281800997
3813.0,0.0017727458865191875,0.10172821690189462,0.7231421647554884,0.1733568724560979
2957.0,3.945387932928671E-9,0.0876858866000148,0.7278106405503937,0.18450346890420366
3503.0,1.7648271217334882E-43,0.11386126722636843,0.7097069911690176,0.17643174160461392
3082.0,0.0,0.010752241503323236,0.017353887821584008,0.9718938706750927
3260.0,0.6457228645509163,0.23490752957057906,0.10853270113772377,0.010836904740780709
