3067.0,6.293591635983647E-4,0.2358394061935669,0.4781436070061203,0.2853876276367143
3545.0,0.00134964356125247,0.04162152888800343,0.4983560684127779,0.4586727591379662
3731.0,0.16105866570905522,0.6030583601387717,0.22787591963751463,0.008007054514658473
3894.0,0.009531474121650473,0.31425915385110553,0.5834836647592083,0.09272570726803563
3968.0,0.001134543772141223,0.11415609410051712,0.6374948836234727,0.24721447850386888
3621.0,3.886114780560434E-8,4.00634348140706E-5,0.022407059303008493,0.9775528384010296
3439.0,0.0022427401435200886,0.07577844621055697,0.43339199028284003,0.48858682336308296
2893.0,0.9947029117998024,0.005239118273888941,5.7423204790167316E-5,5.467215184121104E-7
2792.0,5.496544752959471E-4,0.2698986905863125,0.5455429234873073,0.18400873145108432
3274.0,0.13289967363423683,0.5581421542270087,0.2691282730766411,0.03982989906211319
3494.0,0.5126143692998776,0.4089077466820022,0.07497672140510633,0.0035011626130139317
2948.0,2.6167206804789394E-5,0.01715594303350452,0.24882526067145447,0.7339926290882363
3075.0,1.1231649486714875E-4,0.25874579652344204,0.5265975660877963,0.2145443208938945
3913.0,0.0719857905267405,0.8280495667691334,0.07971863911848022,0.02024600358564577
3820.0,0.07688566909192505,0.6164488876333738,0.3019126252661183,0.004752818008582929
3674.0,0.0026934501547712752,0.001917505041824472,0.01883168463141575,0.9765573601719886
3253.0,4.290594908191391E-6,0.0032204096674616073,0.2523362888944797,0.7444390108431506
2866.0,0.9921842546042599,0.007503122422256373,3.0504177124124777E-4,7.581202242429449E-6
3344.0,2.6971196008271373E-7,3.580346737982668E-4,0.09699984719087026,0.9026418484233714
4040.0,3.2017758513790525E-7,0.0011225191156822574,0.25841532955127344,0.740461831155459
3693.0,0.4810755777258371,0.4077676862238745,0.10846344979406446,0.0026932862562239544
2821.0,3.1874720196673547E-4,0.05444083778818612,0.6314757863232582,0.31376462868658894
3367.0,0.0010836902161186705,0.13754668775786635,0.5683022057521057,0.29306741627390936
3202.0,1.1334363010786503E-10,7.062912910550921E-6,0.007666124523679489,0.9923268124500664
3124.0,4.385423518636619E-4,0.013103842059847753,0.47650341050387895,0.5099542050844097
3473.0,0.05422956592191732,0.39890344033714864,0.4121439699166533,0.13472302382428067
2995.0,0.8171165705673791,0.13350100160535233,0.0479581106959702,0.0014243171312984272
3803.0,0.8967146029537433,0.08693804183903035,0.015639060465587683,7.082947416387455E-4
3966.0,0.008793413497916621,0.13095718463618844,0.5091509973292451,0.3510984045366499
3602.0,3.1171705120422765E-8,8.190158627383285E-5,0.043348036035769096,0.956570031206252
4023.0,0.0021730637460745696,0.28435376411763974,0.6566727433764713,0.05680042875981433
3325.0,1.254621570448364E-4,0.011024168661053052,0.19801401261629067,0.7908363565656114
3416.0,0.1453901941426346,0.20808227324947196,0.2834620028360712,0.3630655297718221
2938.0,0.001525466149786534,0.1148465454590149,0.582722985984216,0.3009050024069827
3020.0,0.04839599438642713,0.5254405559776076,0.36753867479695285,0.05862477483901226
3566.0,0.0020928738759953807,0.07210451276787573,0.49904077472354214,0.4267618386325868
3147.0,1.4830451349157262E-4,0.039333551218527746,0.4379654821160306,0.52255266215195
3841.0,0.7634433895933971,0.21418884900591145,0.022360900582065347,6.860818626196673E-6
3748.0,0.0038569957241499026,0.058421385516860484,0.298938277250808,0.6387833415081816
3219.0,2.0630328757306846E-4,0.08168293150831243,0.467342910195577,0.4507678550085376
2836.0,0.09269118514489699,0.362074941972254,0.5170789253950866,0.028154947487762462
3382.0,0.012452777243882931,0.9574531816068272,4.3779294998025933E-4,0.029656248199309686
3708.0,0.0042136001602304345,0.10824971640221097,0.5381635465216,0.34937313691595856
4057.0,0.0024785148749332515,0.05308793582267944,0.8256377773488035,0.11879577195358389
3951.0,1.5823310556002847E-4,0.08690970354294127,0.3921956485652824,0.5207364147862164
3786.0,1.5246695498419177E-6,9.356185780291266E-4,0.12213843217349293,0.876924424578928
3456.0,0.3757001258013179,0.29804742899940634,0.29871426332745693,0.027538181871818793
2978.0,0.03063895347926064,0.2650847592449384,0.5649315715856821,0.13934471569011886
3109.0,0.18091829415815897,0.7461113271980502,0.04560648665236924,0.027363891991421543
3401.0,0.7394335327792102,0.2578865959514597,0.002665859473415665,1.4011795914564956E-5
2923.0,0.028860982026671873,0.2990241224356929,0.5263183770723252,0.1457965184653101
3308.0,6.478423884562917E-5,0.275770386694733,0.6721712881895773,0.05199354087684408
4006.0,0.7372528316552649,0.22105553028569117,0.03937419990082839,0.0023174381582154466
3587.0,0.985336854718603,0.014485736358901132,1.7663766208980529E-4,7.712604060501673E-7
3765.0,0.17483971034256046,0.21053664287812227,0.5873904478008681,0.02723319897844923
3856.0,0.024915802190034017,0.20890551356190043,0.6202267626991835,0.14595192154888187
3162.0,0.014920742228400036,0.23069559351058408,0.6733444041579542,0.0810392601030617
3037.0,0.017055802360634947,0.14619043068965984,0.4907490515504876,0.34600471539921757
3583.0,0.05100444680521243,0.1919464107766758,0.6063862279779593,0.15066291444015245
3879.0,0.0017820451977774514,0.31402192945933416,0.11677218609428934,0.5674238392485991
3714.0,0.9626613696855763,0.036573893322721644,7.646016320508585E-4,1.3535965113835653E-7
3050.0,0.005970395380541158,0.29950993350791705,0.31576283020360446,0.3787568409079374
3528.0,2.737779529334102E-5,0.0010011756350953827,0.2628236739662594,0.7361477726033518
3181.0,0.3910729859563727,0.27640029890782447,0.2405064364420245,0.0920202786937783
2809.0,0.9299573926713702,0.06436778272574988,0.005588834305125033,8.599029775493514E-5
3291.0,0.49728429733753887,0.475720007539234,0.02674331787592392,2.5237724730322583E-4
3454.0,0.051216654953420336,0.6144854590304731,0.22243271947446397,0.11186516654164268
2908.0,0.7972095751397708,0.1672497378622572,0.03495547455975789,5.852124382141036E-4
3636.0,0.010516056510616902,0.4454800075687079,0.4279520010501929,0.11605193487048221
3985.0,0.006339845749994456,0.3611393544311003,0.5374722740169892,0.09504852580191603
3837.0,3.459640437069083E-8,3.163856294273731E-5,0.07191922856183923,0.9280490982788137
3928.0,0.03188014918406877,0.45622243158987824,0.4482039920335924,0.06369342719246045
3090.0,2.5319489614740647E-5,0.015271462701846542,0.38475224927976925,0.5999509685287695
3511.0,0.002545664289145543,0.070024201336804,0.47315906371760186,0.4542710706564485
2965.0,0.09852809406104361,0.39135028083312606,0.4436412581916914,0.06648036691413901
2851.0,0.03622761743344998,0.38447232667595554,0.5585298944814284,0.020770161409166016
3329.0,0.002958539130915358,0.08531857820075778,0.5008115610267058,0.4109113216416211
3236.0,0.40697819028452764,0.48176830086583855,0.08866348837339787,0.02259002047623607
3659.0,0.020845965474069576,0.39567990567467803,0.4964824983002758,0.08699163055097658
3490.0,0.46763173913836265,0.007997061136931745,0.4123355822507516,0.11203561747395395
2944.0,0.0051356232396499776,0.5960135328887607,0.3985484522519089,3.023916196803788E-4
3079.0,0.0019472355802167274,0.21848357291718057,0.6240927798601003,0.15547641164250245
3917.0,3.085993481125745E-5,0.0133015153547068,0.3905691893561892,0.5960984353542929
3816.0,0.275338371343758,0.6121656722838433,0.10491613802326051,0.007579818349138303
3678.0,0.16580915011708067,0.8290457505854035,1.3217667082105714E-4,0.005012922626694908
3249.0,1.6262067748061388E-4,0.2988191534159244,0.4790960447826821,0.22192218112391285
2870.0,0.39360285524096406,0.44564139757726445,0.16068919341741403,6.655376435738778E-5
3348.0,0.7627099959009247,0.2026496780816946,0.03332656752250581,0.001313758494874836
3192.0,0.9215193078275752,0.0754607723617592,0.0030039832057389888,1.5936604926581257E-5
3071.0,0.013487721053695821,0.12410108878725506,0.39078398166536604,0.47162720849368295
3549.0,0.16595534958371472,0.8080289299478819,0.025933959071566336,8.176139683710746E-5
3735.0,0.04705297690597204,0.4647269047710883,0.48801306459514526,2.070537277944722E-4
3890.0,0.0051428865590882325,0.9609926577657361,0.033859599725786005,4.855949389681799E-6
3972.0,0.0021909587960312936,0.22944007544455886,0.665182500715865,0.10318646504354478
3617.0,7.069869605116914E-5,0.004334743075669189,0.1867020115951288,0.8088925466331508
3435.0,2.0969443838350177E-4,0.019895177225063208,0.5272052595800133,0.4526898687565399
2889.0,2.9819225250940745E-6,7.077612511017083E-4,0.12952015142841786,0.8697691053979553
2796.0,3.712917892528347E-4,0.09313218129830096,0.7274072751191314,0.17908925179331478
3278.0,0.006259454159245166,0.14286462473891856,0.6628006837090212,0.18807523739281498
3606.0,2.575510035470362E-5,0.009031729212121347,0.3915786270477021,0.5993638886398218
4019.0,9.199733392984433E-4,0.12648602593466174,0.657801864955979,0.21479213577006087
3321.0,6.750145515333367E-4,0.05426563703153621,0.5474232995064747,0.39763604891045573
3420.0,0.24951441715793024,0.6406189806828926,0.10637030995278889,0.00349629220638825
2942.0,0.05044166538817118,0.813617883347442,0.12942909647691703,0.00651135478746972
3016.0,0.7015561603683762,0.27586013726912373,0.022040843024363842,5.428593381361169E-4
3562.0,0.0015067458648236037,0.017024673991574705,0.28625365304882777,0.6952149270947738
3151.0,0.26080559608572407,0.593780847632644,0.1390462416066504,0.0063673146749814395
3845.0,0.24942518391953367,0.503883622197707,0.22428304956877754,0.02240814431398194
3744.0,0.10281063595549858,0.45737503430381077,0.38257023325729167,0.05724409648339892
4044.0,2.4449229490494715E-5,0.007257645342975139,0.2774462132522237,0.7152716921753106
3689.0,0.0019172453437060898,0.024554377883095165,0.35110742436196185,0.622420952411237
2817.0,7.122493004050494E-5,0.11508094893908766,0.7456478262870572,0.1391999998438147
3363.0,0.2533307637243674,0.3244487043871702,0.4222179395406123,2.5923478499162685E-6
3206.0,0.2856341932085924,0.21835361583518667,0.35946470573414685,0.13654748522207405
3120.0,0.1126930008786244,0.3792194599105815,0.4573809160552726,0.05070662315552142
3477.0,0.005273449044225379,0.08954491051743826,0.7486076844649314,0.156573955973405
2999.0,1.8970673691900872E-6,0.009046847636223852,0.1852067813055079,0.805744473990899
3807.0,0.012634365077192213,0.41826050756778155,0.5156385963721134,0.05346653098291285
3962.0,7.680462888434306E-4,0.03922392233938228,0.4789169772361054,0.481091054135669
3405.0,1.1649521697821602E-4,0.06434090750547174,0.4663807606180639,0.4691618366594862
2927.0,0.42359094697259836,0.3371737428677617,0.20350168056131387,0.03573362959832606
3304.0,0.001405917196953328,0.14246829065077105,0.6230380033909304,0.23308778876134528
4002.0,5.230403292776976E-4,0.067626504796383,0.2726345991244444,0.6592158557498949
3591.0,0.9115149990787511,0.08428726104750069,0.0041393482511135,5.83916226346993E-5
3761.0,0.20384131613675024,0.47957313900459875,0.3010926267264664,0.015492918132184652
3860.0,0.0010165844259997486,0.08305361891181458,0.5373263619078401,0.37860343475434555
3166.0,0.6980608997774568,0.2793138565782224,0.02233909920872281,2.861444355980193E-4
3033.0,0.07071096010948552,0.3401616077020434,0.46538765912402774,0.12373977306444332
3579.0,9.408855251140678E-4,0.3717389409892128,0.6269901008071197,3.300726785535711E-4
3223.0,0.034483348247618936,0.021552092654761833,0.064121928559622,0.8798426305379972
2832.0,0.0017063982312582762,0.13261591439981932,0.6962702646311133,0.16940742273780918
3378.0,3.1678130807203445E-5,0.13151111445949196,0.5735729506437717,0.29488425676592916
3704.0,0.12724798877612237,0.2181589658301104,0.3866710395848386,0.2679220058089286
4061.0,7.999684312631418E-6,0.008917387771327499,0.2268200407902426,0.7642545717541172
3947.0,2.8984255962609742E-5,0.0102630850170718,0.37414537563824835,0.6155625550887173
3790.0,3.4106602803431357E-6,0.01860483063214854,0.37353387557655293,0.6078578831310182
3460.0,1.8703820861030716E-4,0.014186869121527576,0.1940437888221245,0.7915823038477375
2982.0,0.0018462562998592706,0.3051679788102504,0.5052219037108111,0.18776386117907934
3105.0,0.833586338799209,0.14333941762418997,0.022931964491994347,1.4227908460665898E-4
3833.0,1.320481831571645E-5,0.02798667561487344,0.5954696763945132,0.37653044317229767
3932.0,4.180229644067882E-6,0.009111144070032195,0.3846973853956045,0.6061872903047192
3094.0,0.00680233304868183,0.17675337210658384,0.5554599305408001,0.2609843643039342
3507.0,0.2254415966421044,0.7375436458819749,0.03701105249004055,3.7049858801574983E-6
2961.0,0.8491204146654464,0.1349243262303311,0.014985536333225968,9.697227709964443E-4
2855.0,0.9629040564865529,0.03230601813807796,0.0046563860226403,1.3353935272900948E-4
3333.0,0.016397679731953496,0.6363435317029948,0.33758754317167006,0.009671245393381543
3232.0,0.011424699513403304,0.8706523024998712,0.09524549837389355,0.022677499612831796
3663.0,2.851278227688391E-7,0.003391169513437364,0.3273463880761376,0.6692621572826023
3875.0,0.08839324676959995,0.4884118543347104,0.38803905669464583,0.035155842201043924
3718.0,0.0609514521683479,0.11848962301526836,0.7839880535153749,0.03657087130100875
3054.0,2.523437597455237E-4,0.06553452058297751,0.45118298896419856,0.4830301466930784
3532.0,0.013755894286654236,0.030950762144972034,0.6167693826077421,0.3385239609606316
3177.0,5.29665664150676E-5,0.06510707946050592,0.49366171476672943,0.4411782392063497
2813.0,0.5923826705957392,0.29441566877133407,0.10737227227074776,0.005829388362178966
3295.0,1.9023239499984531E-6,0.0033248760024844207,0.11992651932741699,0.8767467023461485
3450.0,0.5928918273228381,0.38755532030447215,0.019300797123691562,2.5205524899814285E-4
2904.0,0.0308110223082906,0.557647362825206,0.40127127409707325,0.0102703407694302
3632.0,0.014285187273515047,0.5898812299342201,0.3955344452592138,2.99137533050993E-4
3989.0,0.04562635984958098,0.4837132862313729,0.4359209391926466,0.03473941472639953
4032.0,1.1494411637561543E-4,0.03934669242640055,0.7733225528133972,0.1872158106438266
3685.0,9.422933356186871E-5,0.005967285307045004,0.4911435496620332,0.5027949356973598
3375.0,0.4334737866210142,0.4887665254316988,0.07735966828106514,4.0001966622170464E-4
2829.0,1.7310049695407046E-4,0.016582611919238533,0.215583323186834,0.7676609643969734
3210.0,0.004073417137811874,0.2043404997886751,0.6065398154384206,0.18504626763509247
3132.0,4.2163409384953465E-8,4.4880349560089036E-4,0.0677989791649475,0.9317521751760423
3003.0,0.027421118868513977,0.7429404537583167,0.22278793408244268,0.006850493290726612
3481.0,0.5571974494056375,0.39391172551909553,0.04737595946241698,0.0015148656128500736
3795.0,0.0011415540346648289,0.07515998483826175,0.6351436955993212,0.2885547655277522
3958.0,0.018023528576271843,0.6008370387824503,0.3442640558436723,0.036875376797605594
3610.0,3.4308151546655184E-6,0.0035138831567835564,0.16986658933183757,0.8266160966962243
4031.0,0.43955103360976233,0.43650293323188466,0.1130927745382906,0.010853258620062539
3317.0,0.015371511408803091,0.10207547732446073,0.5260209786088236,0.35653203265791256
2930.0,0.05244131596562743,0.38609886277672456,0.5543850248918806,0.007074796365767426
3408.0,0.005730713169157892,0.5216084062358707,0.3156518003123214,0.15700908028265012
3558.0,0.9868665144907394,0.012959448033005826,1.7279471321776177E-4,1.2427630370338439E-6
3012.0,0.05891224734804149,0.7290479737815795,0.2071900990582947,0.004849679812084301
3139.0,0.02096792331094399,0.6168862261820629,0.33989810727187336,0.022247743235119743
3849.0,0.9723241960100923,0.0272070834030483,4.6404794900307484E-4,4.672637856467867E-6
3756.0,0.30425176815096067,0.5645725172456447,0.12814122842858947,0.0030344861748050397
3188.0,0.10496300132698841,0.3807617572378327,0.46614980405684164,0.04812543737833724
3537.0,0.9883880121381055,0.011390291836715196,2.203743476124422E-4,1.3216775668259498E-6
3059.0,0.006374157162331359,0.07293596645401998,0.6700698982258808,0.2506199781577678
3739.0,1.8100003507261734E-4,0.015094356080423393,0.37576997649247224,0.6089546673920317
3902.0,1.8501016261241823E-7,0.009952843183026267,0.23664418172640528,0.7534027900804059
3976.0,0.012722994362944893,0.34356895162980067,0.4131210245929424,0.23058702941431208
3629.0,0.8042009822545445,0.19283929879619163,0.0028928871518958646,6.683179736808588E-5
2885.0,1.3759744307165238E-5,0.033709925500486126,0.4145596089063586,0.5517167058488481
3431.0,1.4983683612490892E-5,0.02845035338166282,0.3322559057659843,0.6392787571687404
3266.0,7.4914359258319E-5,9.311713740447568E-4,0.2431882156959175,0.7558056985707795
2956.0,0.13431442916221278,0.4987046048444889,0.31872844118769483,0.04825252480560354
3502.0,2.380151586694273E-4,0.15918166388956945,0.8152280007323683,0.025352320219392686
3083.0,0.03313458885122295,0.12271365519827825,0.5572556307541529,0.28689612519634594
3905.0,0.149801105519877,0.6566724104267213,0.15930925332409174,0.034217230729309975
3812.0,0.0029619232450154827,0.33162435330583706,0.6306788024391551,0.034734921009992356
3666.0,0.011679915527205235,0.7725656119335368,0.21234849059258257,0.0034059819466753533
3261.0,0.3517719333023705,0.42982117887995114,0.2159054740977246,0.0025014137199538718
3352.0,0.02370326646228441,0.052778096567673204,0.4621682405798135,0.4613503963902288
2874.0,1.0325750301430505E-5,0.004402328741431588,0.33678153246630144,0.6588058130419655
3887.0,0.012721226402608086,0.20687044859367731,0.6972460575892789,0.08316226741443576
3722.0,0.0676228153536949,0.5448277964426199,0.34516413661119494,0.04238525159249009
3520.0,0.007436044682332387,0.26382260482086467,0.6457466969726464,0.08299465352415662
3042.0,0.42192461386226365,0.37597189820037524,0.18777880307836764,0.014324684858993476
3173.0,0.007978722172440028,0.14526457437922127,0.6622954196445702,0.1844612838037686
3283.0,0.08799198178782688,0.009671115796168778,0.651765985528013,0.2505709168879914
2801.0,0.053624520796371464,0.46819710697136385,0.45176666256316045,0.026411709669104316
2900.0,0.21187084884611604,0.5944393127172326,0.18912164382382532,0.004568194612825997
3446.0,0.08747775083230518,0.6304989536360021,0.2634567944005914,0.018566501131101424
3644.0,0.04039916407114335,0.7666005676165695,0.19167808952035528,0.001322178791931912
3993.0,0.5875210324887532,0.37669904222994055,0.03271302624979274,0.003066899031513533
3829.0,2.9169083524017497E-5,0.0025675469403981474,0.24863324888764882,0.748770035088429
3920.0,0.9522406982956921,0.04002422693895725,0.007495451070960543,2.3962369439003362E-4
3098.0,0.001285973185074504,0.10456835940550362,0.6736829196137593,0.22046274779566266
2973.0,0.0625,0.125,0.125,0.6875
3519.0,0.04053203236104765,0.4503152404101998,0.3919860308445833,0.11716669638416927
3337.0,0.04802911152935279,0.2509367844935723,0.6007096287281247,0.10032447524895016
2859.0,5.49040512822646E-6,0.003876197530939068,0.12708562630926537,0.8690326857546673
3244.0,3.62234432103723E-7,0.0027655356091571778,0.09246158322542432,0.9047725189309864
3651.0,0.014292644489126751,0.2627049942633194,0.5559168783457672,0.1670854829017866
3227.0,0.009031419278991652,0.24066797598093415,0.7148501882406131,0.03545041649946109
3390.0,0.12065711117214878,0.5633657675096592,0.2936500270058857,0.02232709431230646
2844.0,0.030907261536950597,0.7886938739307257,0.1754734777411235,0.0049253867912001726
3700.0,0.03866982507721305,0.2775868681380396,0.6250751321619537,0.05866817462279364
4049.0,0.03607733843851253,0.21172814471505827,0.5534958955827108,0.19869862126371843
3943.0,1.5483480409698189E-4,0.04822001651259159,0.47658456782144365,0.4750405808618678
3778.0,0.0022427124078865214,0.04423500918502135,0.5485994598642201,0.40492281854287204
2986.0,4.4720091742974527E-4,0.013851553585827275,0.33736153638495037,0.6483397091117927
3464.0,0.0012342136954176439,0.3060711392009889,0.40208310214935,0.2906115449542434
3117.0,4.0153899818620525E-4,0.06303347193604794,0.2518398379925901,0.6847251510731759
2915.0,0.5577713635706961,0.40248030741573515,0.03968859578725601,5.9733226312741725E-5
3300.0,6.871441192927136E-6,0.005388947317994367,0.22298885815332875,0.7716153230874839
4014.0,4.0273471190477624E-7,0.00238987112873699,0.07780863324725039,0.9198010928893007
3595.0,0.0011633564026470578,0.29674954578503526,0.3379464603574531,0.36414063745486447
3773.0,0.004301920576440703,0.5951009916328067,0.36789608153173,0.03270100625902273
3864.0,0.17258679549859762,0.004516393345338362,0.33142894428701064,0.4914678668690533
3154.0,3.726234717824723E-4,0.17181412359342788,0.7095697683283418,0.11824348460644778
3575.0,0.0032396820946726567,0.4958109486530559,0.46423721612155117,0.03671215313072009
3029.0,0.7368362834321378,0.2472463675463141,0.015454844608054215,4.6250441349404817E-4
3614.0,0.062333230790375116,0.5054374254271895,0.3777203014642274,0.054509042318207857
4027.0,0.005826116397196449,0.1116833774246121,0.5228341348166211,0.35965637136157036
3313.0,9.697107086909816E-4,0.055702862125519434,0.5868330243923849,0.35649440277340455
2934.0,0.0022827999520665916,0.2547014197488973,0.5744226105988224,0.16859316970021387
3412.0,0.21364841157709022,0.39692912769140914,0.3470643467041645,0.0423581140273363
3554.0,0.0077160435644884175,0.8496533025321964,0.14192233187709014,7.083220262251313E-4
3008.0,2.41958735078834E-4,0.1788058981190177,0.4998048300626387,0.3211473130832648
3143.0,0.06029738489377425,0.38621556367576493,0.5402713371841061,0.01321571424635464
3853.0,0.12464148081901989,0.5298251202206343,0.31291662437977236,0.032616774580573424
3752.0,0.6195877465762631,0.36332966580320847,0.016519022112323437,5.635655082051155E-4
4036.0,1.7319713031489927E-4,0.03414242595713606,0.3373431067061624,0.6283412702063866
3681.0,0.0036683216040852332,0.007834589207162505,2.901699706356483E-4,0.9882069192181165
3371.0,1.925454216828757E-4,0.08019051616990835,0.8281162327661239,0.09150070564228488
2825.0,0.0014785061745011053,0.11118629761081604,0.5835170269226749,0.303818169292008
3214.0,0.5536154781385946,0.37645654237249926,0.06770057129955749,0.0022274081893486866
3128.0,3.35428441150123E-4,0.014727211478779218,0.6228782768669413,0.36205908321312924
3007.0,2.2679592699103084E-8,6.366390924432559E-5,0.05067224431924926,0.9492640690919136
3485.0,0.03063312862704213,0.8406390141690279,0.08497263152388372,0.04375522568004618
3799.0,0.006363663579790831,0.2393385632046347,0.7322570938754293,0.022040679340145163
3954.0,5.083673972147519E-6,0.0028937950028059705,0.15322130507377524,0.8438798162494466
2952.0,0.12094466781447487,0.09796518092972466,0.6831249703260759,0.09796518092972466
3498.0,0.001141660860555679,0.13112635457889205,0.4601018471281382,0.4076301374324142
3087.0,6.98585566232897E-5,0.005557603388113956,0.17189994260582725,0.8224725954494355
3909.0,0.2876233043547758,0.6261024329844405,0.0857530654928231,5.211971679606126E-4
3808.0,1.9460155549603265E-6,0.00412351916965524,0.24891309066655434,0.7469614441482355
3670.0,0.013270004808962356,0.0906648106310842,0.8121562824207841,0.08390890213916931
3257.0,1.171875034822238E-5,0.184539338637475,0.5138131281316091,0.3016358144805678
3356.0,7.708570926868112E-6,0.01472775912399113,0.4547446512706799,0.5305198810344021
2878.0,5.3423267610032726E-6,0.005945769173496892,0.1800581828910105,0.8139907056087315
3184.0,0.04828471021012138,0.4716528854583289,0.4544938190908241,0.025568585240725774
3541.0,1.505578170503229E-8,3.169522673183406E-4,0.03599760598326345,0.9636854266936365
3063.0,0.0011027436402911695,0.1926884020941512,0.5502742754008999,0.2559345788646578
3743.0,0.12661775311751242,0.6909111026086175,0.16583370779066817,0.01663743648320179
3898.0,0.03400385651968019,0.7147773036191655,0.24929633709720408,0.0019225027639501887
3980.0,0.0028537345171357996,0.8195651485048928,0.17731357936698983,2.675376109814812E-4
3625.0,0.21118109328279513,0.2274033874947188,0.4180740601634936,0.14334145905899248
2881.0,0.024768140670657756,0.41348006388504394,0.4458058364157372,0.1159459590285612
3427.0,0.3895093328321097,0.5071112440518348,0.09450765785835394,0.008871765257701449
3270.0,1.1799976578533198E-6,1.6489547595287726E-4,0.24270960436775668,0.7571243201586326
2788.0,0.09965451267281873,0.13010254614591144,0.453000667780977,0.31724227340029293
3825.0,0.21050793839090093,0.5828569835931647,0.19741839525795526,0.009216682757979027
3924.0,0.05324483284230751,0.42194262425891027,0.4809525442387133,0.043859998660068976
3102.0,0.382030288588298,0.41157013246145946,0.1922811181567817,0.014118460793460783
2969.0,1.5494033465998772E-5,0.011309041867445984,0.14642358393197755,0.8422518801671106
3515.0,0.001872454628911866,0.17173803186862535,0.5865672353163067,0.239822278186156
3341.0,0.025570017437425922,0.3123770468461359,0.5348341632956313,0.1272187724208068
2863.0,0.05417297105111641,0.560576714089856,0.36498166918470676,0.020268645674320695
3240.0,7.37707045391816E-5,0.0019918090225579037,0.9919589932052293,0.0059754270676737106
3655.0,0.36187371758282855,0.5567453290282615,0.08086672215465991,5.142312342501985E-4
3883.0,0.009824868746498515,0.9052613240610503,0.06053265360262865,0.024381153589822464
3726.0,0.10882905354176718,0.4965980995698956,0.3540147228159157,0.040558124072421584
3524.0,0.001385146451767248,0.13037522552016684,0.6640544311427825,0.20418519688528333
3046.0,5.28418454201602E-4,0.2829058720963857,0.5484614036744491,0.16810430577496369
3169.0,1.8756340015603969E-6,0.014890851904955288,0.36079939380578424,0.6243078786552589
3287.0,0.003809504244299847,0.07473259098090719,0.6868810937827999,0.23457681099199315
2805.0,0.7806336441831082,0.20328743582976916,0.015799673391823494,2.7924659529907347E-4
2896.0,1.5202554973657638E-4,0.09229419446587019,0.4604433911886084,0.44711038879578485
3442.0,2.449454616908542E-6,0.0089111921699799,0.19092836318865591,0.8001579951867472
3640.0,0.02598106558451546,0.515930041944078,0.4249068320079789,0.03318206046342752
3997.0,0.07165817633973974,0.07165817633973974,0.0720080697788986,0.7846755775416219
2919.0,0.5328961573670542,0.42950308875350696,0.03697169165078958,6.290622286492461E-4
3397.0,0.8096531009657364,0.1547153415809093,0.03299106449828152,0.0026404929550728823
3296.0,0.0719857905267405,0.8280495667691334,0.07971863911848022,0.02024600358564577
4010.0,0.9835120074763597,0.016085783968519566,3.9926361121299224E-4,2.9449439077188613E-6
3599.0,0.0013688883954561346,0.03467247268212542,0.7609948979095785,0.20296374101283995
3769.0,0.1682254082280116,0.26505837999771964,0.47885004003410686,0.08786617174016202
3868.0,0.785896245895218,0.16915589645056245,0.043074474418967855,0.0018733832352515784
3158.0,0.5890701879267218,0.25122131589768665,0.1464250380519818,0.013283458123609768
3571.0,0.0033725369529183703,0.14378103849753981,0.7417285718090636,0.11111785274047829
3025.0,0.1248402453157187,0.7563494503329663,0.11624432596345025,0.002565978387864888
3231.0,0.04147280736795175,0.3982360779808163,0.5428219571476088,0.017469157503622955
3386.0,0.24410485912618238,0.4777002280183996,0.2530890012956443,0.025105911559773722
2840.0,1.3804052017598513E-5,0.01970496584851818,0.38533560192858085,0.5949456281708835
3696.0,0.9017486273723235,0.09013277629546614,0.0080631237532542,5.54725789561255E-5
4053.0,1.0633002310775809E-4,0.029742624691841878,0.4726323684650518,0.49751867681999873
3939.0,0.793081230948448,0.1970013852662171,0.009574310978115227,3.430728072196063E-4
3782.0,4.080782192171473E-5,0.017857204887804137,0.3631583137164065,0.6189436735738676
2990.0,0.7208357837684413,0.1977362721385726,0.07891179371804052,0.002516150374945664
3468.0,1.8540505030019214E-6,0.0024392219974836687,0.17264219546270715,0.8249167284893062
3113.0,2.5282352959166105E-4,0.12901281050799684,0.5084278987464754,0.36230646721593607
2820.0,0.12935303371048992,0.19348475129148748,0.4903001193641341,0.18686209563388853
3366.0,0.9402320501952824,0.05872662772800152,0.0010342896497558078,7.0324269602152685E-6
3203.0,3.000353529885722E-4,0.1320894412418975,0.5154185506241583,0.3521919727809556
4041.0,0.0017237825096351664,0.03592648676885433,0.4448509964520274,0.5174987342694831
3692.0,0.34345497367069205,0.557013706673799,0.0963098139323771,0.003221505723131746
3802.0,2.5747536375068973E-6,2.7813998317312007E-4,0.09650547439042878,0.9032138108727605
3967.0,0.007551842014711082,0.020779078192562923,0.8322909758145439,0.13937810397818204
3125.0,0.004095528374327095,0.10330823738579835,0.5476142400613696,0.34498199417850506
3472.0,0.00834504352169511,0.003798595191413073,0.01107474063781567,0.9767816206490761
2994.0,0.31471615670528535,0.5663517915999488,0.10950430670752163,0.0094277449872444
3324.0,3.6893147886357105E-5,0.013466961150486956,0.2650630714575345,0.7214330742440922
3417.0,0.004585816561460919,0.36774960747390567,0.6241764573641967,0.0034881186004366176
2939.0,0.0021011295247805057,0.01307557317165203,0.5680425372530415,0.41678076005052606
3603.0,0.14186331218121656,0.5463834318590397,0.27181071928207623,0.03994253667766756
4022.0,0.0025753236982960274,0.19053124761274443,0.3361370790902545,0.4707563495987052
3840.0,0.005323549226080304,0.18283221726029522,0.762452157552318,0.049392075961306466
3749.0,4.702386269170653E-6,8.388641358956327E-4,0.05026501802256297,0.9488914154552722
3021.0,0.07329784711068436,0.49281529073252,0.3998505767329756,0.03403628542382019
3567.0,0.2791720589807397,0.24980862825983968,0.39949507682315066,0.07152423593627
3146.0,0.002924920274912741,0.08952699885563173,0.663872870329058,0.24367521054039765
3730.0,5.196914422134842E-4,0.3715054046919242,0.5083015521295218,0.11967335173634043
3895.0,3.9058135958011757E-7,6.854713643456866E-4,0.13000284889054056,0.8693112891637542
3197.0,5.167927747459738E-7,0.0011685061107390587,0.11091980307392733,0.8879111740225589
3066.0,2.6622628144273687E-6,0.003677418479787621,0.21733973080135802,0.77898018845604
3544.0,3.414198360461401E-5,0.03552237572226983,0.8346793730808456,0.12976410921328008
3438.0,4.3519913283829407E-4,0.0399628941117774,0.8651712536335489,0.09443065312183543
2892.0,0.31999684727934824,0.3847459639941666,0.29500736886209455,2.4981986439072824E-4
2793.0,0.022763619725114738,0.14573272564389922,0.5800813856978141,0.2514222689331718
3275.0,0.029897080059317852,0.39690281269790556,0.5016861464313657,0.07151396081141084
3969.0,0.20495572160200393,0.5158413540064204,0.23250836608921963,0.0466945583023561
3620.0,0.0017602451578637148,0.11985036160277901,0.27804490774464763,0.6003444854947096
3912.0,0.004542430864261859,0.0012775586805736478,0.9822723004903539,0.011907709964810612
3821.0,0.031324846581930604,0.20156450094481074,0.6919206316447535,0.07519002082850519
3495.0,0.3112828264061012,0.6580225255126638,0.030677091783291973,1.7556297943093238E-5
2949.0,0.003593732939342264,0.015938175165293826,0.3305027690248212,0.6499653228705426
3074.0,0.008606066505054247,0.1199137429670062,0.628090374464141,0.24338981606379861
3252.0,0.026761639377795035,0.28245220737475263,0.5345025015030385,0.15628365174441378
2867.0,0.00365120276957515,0.21132926723075363,0.5990594791147488,0.1859600508849225
3345.0,1.84104097809285E-5,0.11093701166063802,0.823539381207586,0.06550519672199512
3675.0,0.1433253148589676,0.2780487117306891,0.4652054524800515,0.1134205209302918
3051.0,0.015466542588415842,0.28284971672631765,0.5745778357441272,0.12710590494113916
3529.0,0.01567643340009952,0.7536338993314584,0.21926721429663634,0.011422452971805833
3180.0,1.0144377055064006E-4,0.027942787620445126,0.41569192419804724,0.556263844410957
3878.0,7.976333969479192E-4,0.17352300386453332,0.6050699823645379,0.22060938037398084
3715.0,0.15895792342004075,0.4769801952711962,0.29586117217239916,0.06820070913636382
3637.0,0.021084580819237152,0.32412168070273223,0.5890281752336098,0.0657655632444207
3984.0,2.373516469330936E-4,0.0788373872245857,0.651172505558751,0.2697527555697302
2808.0,0.006349600536136678,0.3319145436155538,0.5153689110635409,0.14636694478476883
3290.0,0.20418958786583047,0.42160464803162023,0.32575458579339883,0.04845117830915054
3455.0,0.009954570169364794,0.04053238455109466,0.47267997254576993,0.4768330727337705
2909.0,0.2522397952085673,0.6511304327796508,0.09387354916758568,0.002756222844196225
3091.0,0.5840021029330581,0.23233085271599,0.18213216034489688,0.0015348840060549266
3510.0,0.014441510006299134,0.13911996129927448,0.34989388244176634,0.49654464625266
2964.0,0.014199909665846807,0.6456227020100197,0.32768813416829506,0.012489254155838415
3836.0,0.14559119501718723,0.15351477471496414,0.45774800844485436,0.24314602182299425
3929.0,1.5193771374886916E-6,0.0027082334022496615,0.15366959671424854,0.8436206505063643
3658.0,0.011748562713661091,0.2480504191242417,0.6271375428463506,0.11306347531574668
2850.0,0.8510671483522915,0.14267534172379856,0.006172792101631788,8.471782227818858E-5
3328.0,0.016188171744858055,0.09565838614537131,0.6132346597403827,0.27491878236938805
3237.0,0.009903574697955969,0.07046011218411935,0.7591491252973329,0.1604871878205918
4056.0,0.17961974923516777,0.7101688200135806,0.10547559180644477,0.004735838944806868
3218.0,4.7369940561363474E-5,0.03755529600692726,0.2941813040155996,0.6682160300369118
2837.0,1.3311931315530188E-5,0.00939044006747981,0.4045477646847928,0.5860484833164119
3383.0,0.18972379003185363,0.6693758786728753,0.136380920653757,0.004519410641514062
3457.0,0.18914296587380114,0.5567304520145049,0.22597775447077392,0.02814882764092014
2979.0,0.9495822601788894,0.0016148539944864921,0.0017429602080937187,0.0470599256185304
3108.0,0.0015056354420007279,0.3011514536601872,0.4946073827662639,0.20273552813154821
3950.0,0.0012385582534475967,0.16016116439010594,0.6934547733881025,0.14514550396834397
3787.0,2.0072595926588724E-6,6.628469277971838E-4,0.07692993711931517,0.922405208693295
4007.0,0.1726368692629366,0.5072226241485419,0.2731061585560609,0.04703434803246062
3586.0,0.10177402636380276,0.48414959952198955,0.3917365580202629,0.02233981609394469
3400.0,1.0362377281522604E-5,0.003959756620601713,0.21848007695690755,0.7775498040452091
2922.0,6.72938591325405E-5,0.04564066089939941,0.5822590789428949,0.37203296629857313
3309.0,0.06072267576154796,0.4712506807349694,0.4275870407292553,0.04043960277422734
3163.0,0.24893714172921544,0.21760235597969305,0.4458084357559658,0.08765206653512576
3036.0,0.007345219781365554,0.09610664681353027,0.5352158857253905,0.36133224767971367
3582.0,0.3615819574466382,0.6306232656395246,0.007794251175262711,5.257385745070163E-7
3764.0,0.09575523228100888,0.1730705762753966,0.48853044715543914,0.24264374428815544
3857.0,0.05289180872805267,0.5876252090091185,0.24800896886600313,0.11147401339682561
3320.0,1.4007251439818573E-4,0.6558590218876742,0.3028299067535614,0.041170998844366286
3421.0,4.724042251289486E-5,0.029067061763958076,0.38606574675019967,0.5848199510633294
2943.0,0.06820935262130406,0.08839932099721007,0.04406297535057875,0.7993283510309072
3607.0,5.117240789822713E-4,0.07844513403004395,0.4745524008344013,0.4464907410565725
4018.0,0.23308848845859728,0.7189818503220947,0.023964830609654077,0.023964830609654077
3844.0,0.22459131040213878,0.2680272161982283,0.4222430402323229,0.08513843316731014
3745.0,0.003290102854461203,0.46005414102691733,0.4846204327207016,0.052035323397919886
3017.0,0.0030780014816191785,0.4611052395216158,0.535469599112121,3.4715988464416894E-4
3563.0,7.363877016275149E-4,0.25126341406903097,0.5914457835306709,0.15655441469867057
3150.0,0.003142624646735088,0.3577044284059378,0.3940252176266726,0.24512772932065455
2816.0,0.25369380103494715,0.3495811963683308,0.37596439482727256,0.020760607769449574
3362.0,7.408440214015877E-5,0.02781969807588249,0.42644308077031945,0.5456631367516579
3207.0,0.014677345774929719,0.013590134976786777,0.9119603450610362,0.059772174187247264
4045.0,2.1686885550477802E-4,0.1334816047258797,0.5606267946658638,0.30567473175275167
3688.0,0.002006469782097205,0.34975593497227364,0.6151863818351103,0.03305121341051887
3963.0,0.13090028919194355,0.6840117809416147,0.1178731024325529,0.06721482743388889
3121.0,0.11635976451695938,0.29532027541577416,0.43863848346937157,0.14968147659789488
3476.0,0.3021148036253776,0.5317220543806647,0.08308157099697885,0.08308157099697885
2998.0,0.6334165149995001,0.30735806253639203,0.05568303415070965,0.0035423883133980745
3916.0,0.018882249053575766,0.6259606331667905,0.32254980020642615,0.032607317573207624
3817.0,2.09416129999124E-5,0.09772482412090815,0.6198924981012385,0.2823617361648534
3491.0,0.05550060083655781,0.22816931621783015,0.46254092567564403,0.253789157269968
2945.0,0.7638565158390197,0.1996196358687357,0.034972711304788795,0.0015511369874558851
3078.0,2.605110509458173E-4,0.0695747201231665,0.5893696167388024,0.3407951520870852
3248.0,0.8201567507287294,0.16107637788114648,0.018208571311609138,5.583000785149238E-4
2871.0,0.3064165163923221,0.3312997157324426,0.30166830044110254,0.06061546743413289
3349.0,0.3539384231474871,0.35696610291210595,0.27794747517363083,0.011147998766776213
3679.0,0.4507564766977829,0.4616785834648874,0.08599815658514592,0.0015667832521837678
3734.0,4.0807711446494904E-4,0.7692270296636785,0.20653661442785723,0.023828278793999312
3891.0,0.9705858814211219,0.0279479734782244,0.0014391111693347614,2.7033931318852573E-5
3193.0,0.05982881836109238,0.7359693321300966,0.19481694188708223,0.0093849076217288
3548.0,8.479081467149807E-5,0.11203871697010882,0.48453631988052864,0.40334017233469105
3434.0,0.007508178564290349,0.007937216986511697,0.5932750533577205,0.3912795510914775
2888.0,0.031719935769563605,0.13851805915200918,0.49352893740403847,0.3362330676743889
2797.0,0.016048472768678476,0.717991423526493,0.25785156468885123,0.008108539015977325
3279.0,0.9334501733553411,0.06287955050201222,0.0035466217601310183,1.2365438251567477E-4
3973.0,1.3057572006491496E-6,0.006250878816782285,0.214315607855989,0.7794322075700281
3616.0,0.005102076160225223,0.027658580574874664,0.7652909772913941,0.20194836597350596
3095.0,0.2666392682569672,0.6658168211691854,0.06651824917593473,0.0010256613979127264
3506.0,5.578308436001431E-4,0.11831252490038571,0.5584023881610513,0.3227272560949629
2960.0,2.2610086750273042E-4,0.15102279331114749,0.5073557649939975,0.3413953408273522
3832.0,0.7072282869570033,0.28124072408656564,0.011357670273843143,1.733186825878617E-4
3933.0,0.4007913676276846,0.5760761893164815,0.02236512068790492,7.673223679288604E-4
3662.0,2.58813877501628E-4,0.06450213836243518,0.6856612932909182,0.24957775446914496
2854.0,0.0033378983670499076,0.15134311594624372,0.5415655028667953,0.30375348281991116
3332.0,0.0026169302745047956,0.0965754717313342,0.7178856215968302,0.18292197639733088
3233.0,0.01521757745917448,0.4961194488019329,0.4352517592972042,0.05341121444168841
3055.0,2.773343451700049E-8,7.600143372156186E-5,0.03071419384794952,0.9692097769848944
3533.0,3.854009693923423E-6,0.002217769854631823,0.36463922860928394,0.6331391475263903
3176.0,7.92381709497333E-5,9.741276865599716E-4,0.8500443919891957,0.14890224215329462
3874.0,0.016435877905276727,0.37737692479483176,0.4454763595775132,0.16071083772237826
3719.0,0.015734634655663524,0.7539596996047503,0.22116104274722434,0.00914462299236184
3633.0,0.03159873504453736,0.6091607490662877,0.32194311024293465,0.0372974056462402
3988.0,0.01221293668193095,0.4831584446400793,0.4367196207332882,0.06790899794470161
2812.0,0.053286066632884585,0.5325207422382272,0.38589132636656703,0.02830186476232109
3294.0,0.10744940425808719,0.6435707239703911,0.21298958081806924,0.035990290953452554
3451.0,2.472497999104784E-4,0.048044692124089516,0.4078645364780357,0.5438435215979642
2905.0,1.1788526470444315E-4,0.009247310404586581,0.09017787767552028,0.9004569266551886
4003.0,0.23164089353979106,0.3990587829191153,0.296327949529082,0.07297237401201166
