3067.0,2.3025995130587167E-15,3.63926876491495E-4,0.8568377690707089,0.14279830405279734
3545.0,2.3156990726326363E-11,5.3856665328311685E-5,0.2006322893464899,0.7993138539650249
3731.0,1.3036628484401145E-4,0.9993254977880867,5.438879983543378E-4,2.479287149980182E-7
3894.0,1.7976870846927E-8,0.036543286495023176,0.9584435615770693,0.005013133951036711
3968.0,1.0668343118276415E-15,3.944000079036538E-7,0.8385024145621057,0.16149719103788523
3621.0,4.884244283173665E-34,1.0504171828062815E-19,7.369890500689599E-10,0.999999999263011
3439.0,1.1116067770749462E-11,2.2388871364960108E-4,0.8143201869562314,0.1854559243190029
2893.0,0.9999930099005616,6.984145568079757E-6,5.953856732150802E-9,1.3705605469856623E-14
2792.0,3.464964530388804E-10,0.05302567704132669,0.8611578860093527,0.0858164366028242
3274.0,0.014934721434961006,0.8658736391058016,0.11906349199730484,1.2814746193246066E-4
3494.0,2.5439776168445234E-4,0.9982897533900624,0.0014495482784577709,6.3005697953737525E-6
2948.0,7.015503877867235E-23,1.034654819681886E-8,0.016936559546992618,0.9830634301064591
3075.0,9.865913967137903E-10,0.675209066247539,0.3231303839065877,0.0016605488592819225
3913.0,1.991020769392574E-12,0.006777064904411881,0.712219444795442,0.28100349029815513
3820.0,2.6109288471808576E-6,0.9782201939177455,0.02071286805753849,0.0010643270958686445
3674.0,7.027719127579259E-21,1.0428869551094993E-6,0.9999233925071224,7.556460592257158E-5
3253.0,6.784111850118591E-22,9.844444325786318E-9,0.008551926495207663,0.991448063660348
2866.0,0.9999602229845266,3.976079431319691E-5,1.6221158919356516E-8,1.2637835722840867E-15
3344.0,1.2248661310034498E-15,9.271508182577949E-9,0.013631392345041146,0.9863685983834495
4040.0,1.533505354756229E-32,9.615857480773712E-15,7.229122322677602E-8,0.9999999277087671
3693.0,6.753891527053353E-5,0.5310373722497461,0.468641602892114,2.534859428693896E-4
2821.0,4.536389664092078E-8,0.03933539691332871,0.693873515288534,0.26679104243424057
3367.0,6.99172502464897E-21,2.8041131090275504E-5,0.813045664830445,0.18692629403846467
3202.0,4.017379288118615E-45,6.666874600144249E-25,1.8013100397253515E-12,0.9999999999981987
3124.0,3.767407841198706E-12,3.3027204942803555E-8,0.03145209341088499,0.9685478735581425
3473.0,4.794684203893401E-7,0.8560351371555749,0.10499982101616431,0.03896456235984048
2995.0,0.8294795309559404,0.15570782232065,0.014808553023539815,4.0936998697261475E-6
3803.0,0.9999819540218486,1.7457358050720782E-5,5.885024907160024E-7,1.1760980997842762E-10
3966.0,4.509876612175139E-7,0.31160230748823947,0.6874497644609681,9.474770631310909E-4
3602.0,2.6603874100791093E-22,3.1158901134249593E-10,1.8463524137393388E-4,0.999815364447037
4023.0,2.1590425518638314E-15,8.469318768301987E-5,0.9997203635443145,1.9494326800019186E-4
3325.0,4.286198587785256E-20,1.0657432444389224E-7,0.07335593833833622,0.9266439550873393
3416.0,1.043329301301332E-8,3.320481061970475E-5,0.17142271194656292,0.8285440728095244
2938.0,6.358349127471728E-8,0.006049952190351745,0.9564546006675522,0.03749538355860474
3020.0,6.659800458754674E-4,0.9131644027395541,0.08614591846465958,2.3698749910928266E-5
3566.0,1.4540340882049312E-7,1.8135707569118996E-4,0.04924639129410361,0.9505721062267963
3147.0,1.3540635386072238E-16,0.010281153716671786,0.5917220838216902,0.3979967624616379
3841.0,0.013877551387801685,0.9664377026638805,0.019557537925388963,1.272080229288482E-4
3748.0,4.8162428354252466E-23,4.605584283050947E-10,0.0028453656267675553,0.997154633912674
3219.0,2.869967518281449E-7,0.46524098617751886,0.5347020015565387,5.672526919060325E-5
2836.0,2.1071361389318964E-8,0.015913672657370006,0.9734559649970508,0.01063034127421779
3382.0,7.114720914474217E-7,0.002881750736585879,0.9968903025261346,2.2723526518799272E-4
3708.0,5.372525919792705E-13,1.4437621848088233E-5,0.3363601167507275,0.6636254456268871
4057.0,6.607050814314673E-4,0.644663898621429,0.3546501360107256,2.526028641384055E-5
3951.0,5.454807203218548E-6,0.002099280942349687,0.8208226114043448,0.17707265284610238
3786.0,6.293770351199877E-21,1.2767133092716021E-11,0.0010388673581795058,0.9989611326290534
3456.0,1.6614023812584622E-4,0.05199363074984103,0.8318899175952325,0.11595031141680057
2978.0,3.9268685214085466E-13,2.1612359514253622E-5,0.00302361745353639,0.9969547701865568
3109.0,0.9804330081612935,0.019566974061881667,1.7776811195808014E-8,1.3720363076064565E-14
3401.0,0.6628438718199599,0.33701507193768976,1.4105590894505305E-4,3.3340531098986877E-10
2923.0,9.110301760157206E-8,0.003118656359129723,0.9963161612668029,5.650912710499343E-4
3308.0,3.756502387441791E-12,0.015420768529130796,0.9845680643129219,1.116715419092977E-5
4006.0,0.9969826265516438,0.003016793044563066,5.803944011997763E-7,9.391933574646875E-12
3587.0,0.999918660176621,8.133533200731291E-5,4.491364965331509E-9,6.726101987255106E-15
3765.0,0.014111040087139023,0.9395589904777086,0.046318880657936386,1.1088777215957648E-5
3856.0,7.260763446898472E-4,0.7085287039535232,0.2905851929985542,1.6002670323274088E-4
3162.0,1.0419716567059272E-15,1.8454126666083256E-8,0.7728575188606596,0.2271424626852128
3037.0,9.276205046464387E-9,0.0019938474739628087,0.9552569288879204,0.04274921436191172
3583.0,2.913816387548452E-6,0.001918149758438174,0.9656053564226343,0.03247358000253985
3879.0,1.5692899963541488E-7,0.024787401415832622,0.42317015349290615,0.5520422881622615
3714.0,0.9999999764524763,2.3547045313730065E-8,4.784503475739417E-13,2.7813177343441386E-20
3050.0,8.681403815519498E-9,0.07724979345151405,0.921553612947879,0.0011965849192030389
3528.0,1.2134227681356083E-19,1.496495216122833E-14,3.3539281134680395E-7,0.9999996646071737
3181.0,8.332518461717535E-12,0.0044340884453428426,0.9760519085504037,0.019514002995920897
2809.0,0.9999912901591215,8.709074370544771E-6,7.665075892294607E-10,3.241249969526923E-16
3291.0,0.9925191195668025,0.007473398284549359,7.481774223245523E-6,3.7442497481819746E-10
3454.0,4.391563138887672E-6,0.038207433388817165,0.927388615726245,0.034399559321798966
2908.0,0.05222530528102041,0.9369403265192937,0.010834309219810436,5.8979875521805104E-8
3636.0,0.08604969513022326,0.8973232867621016,0.016622409029677713,4.609077997562114E-6
3985.0,0.030031241842103762,0.12504135117744616,0.8443617887610448,5.656182194052077E-4
3837.0,5.045082144075877E-23,6.901099868726168E-11,0.01642877531459948,0.9835712246163895
3928.0,3.003100002780049E-11,0.0010268326318151895,0.9857158753660356,0.013257291972118211
3090.0,1.1815237507181585E-16,2.1570390530453145E-6,0.026044601085533473,0.9739532418754134
3511.0,5.796893379373883E-12,3.3617201054082014E-5,0.9391942022534905,0.060772180539658514
2965.0,0.006972331764727502,0.986153575175164,0.004996458677889997,0.0018776343822184194
2851.0,1.2241132209096837E-12,0.036924809011884496,0.9607513828949648,0.0023238080919266765
3329.0,0.9901468441261622,0.0016691029177273427,0.007182516501979353,0.0010015364541311614
3236.0,2.869396922069967E-10,0.5703857232565148,0.4296133774407506,8.990157947822519E-7
3659.0,2.2049310497165076E-18,2.0659327266729397E-4,0.2885445410987881,0.7112488656285447
3490.0,1.8561945294061022E-4,8.715152881397615E-4,0.9976774825258278,0.0012653827330918492
2944.0,3.4947396822850887E-16,0.006976885302175822,0.9928978223364046,1.2529236141931382E-4
3079.0,2.797768572148612E-11,5.324115568648913E-4,0.9860147376650774,0.013452850750080188
3917.0,2.6375900745719503E-14,2.7840904513565457E-6,0.48705268456420203,0.5129445313453203
3816.0,1.2779481035003566E-7,0.9841509108413764,0.015836221498399364,1.2739865414085169E-5
3678.0,0.9289522842680178,0.06273696199871971,0.008307706410712275,3.0473225501988747E-6
3249.0,2.3650569022971256E-18,7.4087921186485E-6,0.09073017737431575,0.9092624138335657
2870.0,0.20732630780121353,0.7806156445343438,0.012057973489005164,7.417543750015707E-8
3348.0,0.6943330780574238,0.30565752145675157,9.400302595945904E-6,1.8322852748194748E-10
3192.0,0.9758141980965643,0.02268537022812199,0.0015004316641009433,1.1212746425362921E-11
3071.0,7.424586709447306E-4,5.500178420723695E-4,0.9296206682768158,0.06908685521016704
3549.0,5.357368314881704E-4,0.9984597541540192,0.0010041417863350976,3.6722815750714443E-7
3735.0,8.307970129697865E-4,0.5474110691000608,0.45175794619203613,1.8769493334800725E-7
3890.0,0.0018209609456828113,0.998167078691572,1.1960360580601963E-5,2.164477288689676E-12
3972.0,1.2834650066801977E-12,0.0367845693428367,0.9629717375996037,2.4369305627605943E-4
3617.0,8.964375444663595E-28,2.7249377390762574E-15,6.015932591631209E-7,0.9999993984067381
3435.0,3.1496207837880934E-20,1.2560295105431243E-6,0.00970486910132531,0.9902938748691642
2889.0,5.3394262069357196E-24,5.269775435966989E-15,8.112510221245712E-5,0.9999188748977824
2796.0,7.94547503867988E-14,0.036166257234434625,0.9620934580478389,0.00174028471764706
3278.0,2.644262503558564E-7,3.270274204856424E-4,0.04129679050454026,0.9583759176487238
3606.0,2.8828816508402664E-22,7.65899776974111E-8,0.999805939427551,1.939839824713688E-4
4019.0,1.1001406324946537E-16,5.489984413038038E-7,0.9833654827614122,0.016633968240146336
3321.0,2.333623444888832E-17,2.2133621009932677E-6,0.16637592700658493,0.8336218596313141
3420.0,0.17257743773315187,0.8271121432547,3.104135936830386E-4,5.418465095116746E-9
2942.0,1.5591545755961722E-4,0.9998005362693431,4.350113803712097E-5,4.7135060211267855E-8
3016.0,0.998914821859467,0.001025418622367603,5.975829389598175E-5,1.2242693271128337E-9
3562.0,3.155313209339919E-13,2.2156588065054954E-5,0.6191784177358649,0.3807994256757545
3151.0,0.005719943661388743,0.9714826996233643,0.0227827057830944,1.4650932152681327E-5
3845.0,0.8322447502384427,0.1669847996993172,7.700719404920972E-4,3.7812174790732844E-7
3744.0,6.813659130613002E-8,0.006930765145724363,0.9929553176728405,1.138490448436883E-4
4044.0,6.256640649980756E-22,2.9933173337447604E-14,4.080439074385068E-7,0.9999995919560627
3689.0,1.0784466680614048E-10,9.393124854173278E-7,0.18095904770252516,0.8190400128771447
2817.0,1.1693983402305337E-16,5.193165437230899E-6,0.015370519668953852,0.9846242871656088
3363.0,3.563515290726053E-11,2.791984371156886E-4,0.6029550925022139,0.39676570902503533
3206.0,8.836567060157847E-4,0.09917699511403959,0.8999053566756633,3.399150428124287E-5
3120.0,1.5489235772832635E-9,0.3281936127483275,0.4433336305167147,0.2284727551860342
3477.0,4.798271957398328E-23,3.0354075947337827E-13,2.527366069295106E-5,0.9999747263390035
2999.0,4.04805890875828E-14,2.867937160446796E-6,0.049984946219942976,0.9500121858428561
3807.0,2.2085648191932148E-16,1.588932370462754E-4,0.977248312468968,0.022592794293985505
3962.0,6.459118950539284E-14,0.0038472869717000816,0.852587631924339,0.14356508110389632
3405.0,4.9410047048179215E-20,1.6204725833666053E-7,0.006259105655551762,0.99374073229719
2927.0,0.9871923786608223,0.012414370318084575,3.9160863696442803E-4,1.6423841287961084E-6
3304.0,1.0145458908688875E-14,2.6112245385042645E-4,0.12146471275257117,0.8782741647935683
4002.0,3.5656241866752516E-24,1.349919430170155E-11,0.03071638764445534,0.9692836123420454
3591.0,0.9826302422332185,0.01736263782330463,7.119922531477146E-6,2.0945349464339433E-11
3761.0,3.5019183572995006E-6,0.1240147229366534,0.5593949181774119,0.3165868569675774
3860.0,1.7491027670656073E-16,6.571142337020634E-4,0.8628217893407002,0.1365210964255976
3166.0,0.6439680529333466,0.32221534871873647,0.033814731644479526,1.8667034373056139E-6
3033.0,6.699256712643143E-10,4.716287862748871E-5,0.6519008492343746,0.34805198721707226
3579.0,4.799019699259732E-13,0.1563016509194734,0.8430444845255844,6.538645544621862E-4
3223.0,1.2848796979288342E-12,2.4796150693826585E-8,0.05461608610724534,0.9453838890953191
2832.0,8.496258191706608E-13,0.9445532393207148,0.05352044070675388,0.0019263199716817018
3378.0,3.1926085358455354E-23,1.3111904852430745E-6,0.006683861209147871,0.9933148276003669
3704.0,0.005713286011134119,0.6609906310445325,0.27173579005970405,0.06156029288462937
4061.0,7.59714356706915E-20,9.388434547823226E-8,0.0017893921353788267,0.9982105139802757
3947.0,6.67193686614327E-22,6.5406512971355515E-9,1.4739133326461054E-6,0.999998519546016
3790.0,6.777729080723958E-8,0.01555612060673295,0.9835893024664275,8.545091495487736E-4
3460.0,3.0558185362081498E-30,7.818457928968986E-13,1.386396111319185E-6,0.9999986136031068
2982.0,2.523958022571484E-12,1.0735677045214864E-5,0.06920554428170582,0.930783720038725
3105.0,0.07736709615896428,0.7311491509338013,0.19146988076290772,1.387214432679907E-5
3833.0,6.506866059217734E-15,5.123483411527579E-5,0.9849411690963873,0.015007596069490913
3932.0,1.0238152124705116E-19,6.499433341072398E-9,0.2189525584375441,0.7810474350630227
3094.0,1.6952914130204158E-6,0.004102330360983079,0.9695007498340801,0.026395224513524
3507.0,0.9338411854122773,0.06614508485245907,1.3729714677245945E-5,2.0586485576070674E-11
2961.0,0.013267751111463878,0.8711140731116235,0.11554681995126748,7.135582564506893E-5
2855.0,0.9999949048876069,5.0850905974921925E-6,1.0020738603276287E-8,1.0570511074329582E-12
3333.0,0.0027566717993328833,0.9913228704463163,0.0059204146417740685,4.311257685667834E-8
3232.0,1.895846281600655E-12,0.059428469906793104,0.9148920034636157,0.02567952662769547
3663.0,9.335543747077869E-29,7.909982073651807E-14,1.4221295938898693E-7,0.9999998577869615
3875.0,2.2636394976072842E-7,0.12579334298562278,0.858743967232017,0.015462463418410488
3718.0,9.675073366560987E-22,1.3192712620240378E-7,0.001421344014259065,0.9985785240586148
3054.0,1.2584998445218979E-10,0.005543186300910241,0.39146715027587303,0.6029896632973668
3532.0,2.2037571218095294E-25,1.0126447898462134E-14,8.389379227787903E-9,0.9999999916106107
3177.0,1.9810603849761312E-26,6.882636293339896E-14,3.405632382506074E-7,0.9999996594366929
2813.0,1.9965472707339994E-7,0.004087550164957483,0.9913562323128909,0.004556017867424495
3295.0,1.2747710894291938E-18,8.387764682953878E-7,0.01320079183092156,0.9867983693926101
3450.0,0.005091398515084419,0.9837410403136646,0.011167041601545474,5.195697055950253E-7
2904.0,4.193731223199832E-23,1.880742170274538E-12,1.8052298150517546E-5,0.9999819476999687
3632.0,1.6481043320907215E-5,0.9969837205206804,0.0029997734340581166,2.5001940449930348E-8
3989.0,7.25870247727511E-7,0.08168498172193468,0.9137747517891305,0.0045395406186870746
4032.0,1.3954447536644224E-16,2.2923391922806917E-4,0.7781365293395032,0.22163423674126875
3685.0,9.885918467592528E-17,1.5833601025226044E-10,0.02669672552647563,0.9733032743151883
3375.0,0.18663844082393802,0.8133603912170306,1.1679590163540986E-6,1.4981585097032348E-14
2829.0,5.480253734935056E-25,8.368437474912818E-13,1.1182872300234227E-5,0.9999888171268629
3210.0,4.077652350454744E-4,0.9961013494158371,0.0034824894724270823,8.395876690341479E-6
3132.0,1.761095267762556E-35,3.422296936176459E-17,3.242834334095369E-7,0.9999996757165664
3003.0,5.273169303034626E-6,0.9218124069174047,0.0781816739481905,6.459651016159005E-7
3481.0,0.9977318326873326,0.0022670647894569326,1.1025107210205285E-6,1.2489351916131328E-11
3795.0,1.3377546077473904E-17,3.857285020397575E-5,0.05049818896498032,0.9494632381848156
3958.0,5.138589245418117E-16,0.523441757579574,0.4749848128696836,0.0015734295507419318
3610.0,1.5144597860379056E-22,1.711825314530948E-10,0.06382253653381392,0.9361774632950035
4031.0,0.9700529002584929,0.029945349390544142,1.7502474148312299E-6,1.0354818434930834E-10
3317.0,3.6810833213650417E-8,1.3194545944866367E-4,0.5657628212307473,0.4341051964989708
2930.0,0.004454969848127192,0.8780459027061837,0.11707748540110077,4.216420445883807E-4
3408.0,0.9590170555779122,0.0404335192307526,5.494210168416633E-4,4.174493659081803E-9
3558.0,0.9999881789298403,1.1820917938128417E-5,1.5222158913465135E-10,3.195910880379658E-17
3012.0,2.795187836085139E-6,0.7726264456992182,0.22733867849312997,3.208061981576295E-5
3139.0,2.434686025263241E-6,0.9512357648866526,0.048401078299584156,3.6072212773803305E-4
3849.0,0.9997494754836522,2.5051476899230844E-4,9.747317282930848E-9,3.825722736611569E-14
3756.0,0.0044701087369534345,0.9938018138723351,0.0017268234455589811,1.2539451524904383E-6
3188.0,1.782143936675332E-5,0.4581546687697414,0.5418261220774876,1.3877134041915027E-6
3537.0,0.9999769682100373,2.3029833256229416E-5,1.9567044057208905E-9,2.1557955048206967E-15
3059.0,8.646435601664256E-18,1.4922938704306148E-9,0.9985546016336654,0.001445396874040686
3739.0,2.09099564553114E-20,2.1542542159147592E-10,0.006661909930580447,0.9933380898539942
3902.0,3.845394759843515E-24,1.9112191357457992E-11,0.022792561698784797,0.977207438282103
3976.0,0.01695928684808767,0.8564348206503374,0.12532285227612225,0.0012830402254526906
3629.0,0.9999981809787071,1.8190203234044555E-6,9.694834319253404E-13,1.4240515601309415E-20
2885.0,1.6791752210748236E-32,6.534950697066975E-16,1.2052771468252668E-7,0.9999998794722847
3431.0,3.2234624105542E-9,0.8260269186206161,0.15387976118298602,0.02009331697293552
3266.0,1.174380546682026E-14,4.074158188920384E-9,0.012044515325533224,0.9879554806002969
2956.0,5.648003166976824E-5,0.9937181682407057,0.006194154645575325,3.1197082049162664E-5
3502.0,4.513989946349526E-25,1.487723244979147E-6,0.9997591138285236,2.3939844823143308E-4
3083.0,1.97351649842895E-10,0.03834337619747828,0.9599934842865661,0.0016631393186040558
3905.0,4.503436937656745E-5,0.7756783603324906,0.22427620292787961,4.0237025319888417E-7
3812.0,7.1024752283341444E-12,0.8202405183124132,0.17972386721602354,3.561446446078289E-5
3666.0,9.243097429428599E-11,0.9131547900239968,0.08682009865091506,2.51112326570674E-5
3261.0,7.328726065423381E-5,0.9183526036717771,0.08157381988496482,2.8918260369515387E-7
3352.0,3.044760750443168E-7,1.6429660499650648E-6,0.8957338444506004,0.1042642081072745
2874.0,2.6548161030945224E-24,6.315783368783596E-14,0.0013392045185079528,0.9986607954814289
3887.0,1.7202252372071288E-13,0.0011630645379844306,0.9953962255688996,0.0034407098929439663
3722.0,3.481558783875386E-6,0.9854377062644039,0.013490558644995813,0.0010682535318163318
3520.0,5.920716518053508E-7,0.7957218572252694,0.20426790136138429,9.649341694630375E-6
3042.0,0.9999738508525888,2.612661922363215E-5,2.2528136221985483E-8,5.1202751146619994E-14
3173.0,1.0997468885317393E-15,0.016343054095027756,0.8984283021424663,0.08522864376250479
3283.0,1.616825934847279E-11,3.3977609325733037E-6,0.02019013722394206,0.9798064649989571
2801.0,4.802114729832821E-15,0.0013572139931794102,0.9903201516843457,0.008322634322470204
2900.0,2.2914022579497855E-6,0.2803469730115754,0.7178824992547779,0.0017682363313888977
3446.0,0.9870208935886787,0.012823991913065231,1.5511054711048354E-4,3.951145620792964E-9
3644.0,1.1491915845130185E-4,0.99946185933235,4.232214878734487E-4,2.1325192708959063E-11
3993.0,0.9997232148551597,2.532741214220516E-4,2.3510705962513406E-5,3.1745589466501814E-10
3829.0,4.3636844423085245E-20,1.325710388280169E-12,7.925167227381658E-6,0.9999920748314469
3920.0,6.543685289816477E-4,0.9984709030817596,8.747074325629246E-4,2.095669592567328E-8
3098.0,2.8843125367756425E-18,1.2125305999982147E-6,0.6700555887545336,0.3299431987148664
2973.0,0.9999613796998058,3.861971305977438E-5,5.871345012434505E-10,3.992930402752521E-17
3519.0,0.05138938401407313,0.9033784964206054,0.044507877014225324,7.242425510960952E-4
3337.0,8.753224193300289E-11,1.760284422738721E-5,0.18880582081387876,0.8111765762543616
2859.0,2.2560891279088344E-26,1.0534201805108699E-14,3.1707039436289093E-6,0.9999968292960459
3244.0,3.771222030682749E-29,1.5010322076139192E-10,1.689890240609607E-5,0.9999831009474907
3651.0,6.129438679392025E-8,8.715141376599908E-4,0.9878085061799112,0.01131991838804193
3227.0,2.8925557607201595E-9,0.025159932958225693,0.9722597987087891,0.0025802654404293844
3390.0,0.003564217003595032,0.9962003550080109,2.3541767587532305E-4,1.0312518780596186E-8
2844.0,0.002660944082469473,0.9084025084703458,0.08893601750979843,5.299373864439842E-7
3700.0,3.6575025110946924E-4,0.9996332149787149,1.034764869500657E-6,5.306302543957773E-12
4049.0,6.892667929055507E-6,0.2510880650613703,0.7481216617013391,7.833805693615313E-4
3943.0,5.578884266027949E-22,4.13021568917114E-5,0.7796525298385304,0.2203061680045778
3778.0,8.15002496709504E-19,7.094995082136833E-9,1.4723018909608144E-4,0.9998527627159088
2986.0,2.6767926928536053E-12,3.204193992433134E-8,0.0010575911436504384,0.9989423768117329
3464.0,3.424002947960197E-11,0.05534768188499592,0.49567851204289376,0.4489738060378703
3117.0,9.0441400171451E-22,5.654657857339618E-8,0.9449249381619312,0.055075005291490106
2915.0,0.9990740829462892,9.236766889588845E-4,2.240306916304674E-6,5.7835669909017544E-11
3300.0,5.61296117613579E-15,2.753945039036893E-10,0.013277856037549586,0.9867221436870502
4014.0,1.1426895635934328E-28,5.782176926043781E-14,4.6311264434111936E-7,0.9999995368872978
3595.0,1.0604638241436123E-10,0.004353308716637404,0.23373151144651225,0.7619151797308039
3773.0,2.038612772293741E-5,0.9362853933030748,0.06368959349763122,4.627071571051915E-6
3864.0,1.388784220485004E-38,9.778920091413972E-22,4.4647930189364334E-11,0.999999999955352
3154.0,2.4079257721515674E-10,0.0820046463379258,0.914499775946676,0.003495577474605712
3575.0,6.746838242005856E-8,0.026390420841632355,0.9732607963045156,3.487153854695593E-4
3029.0,0.009963104140243836,0.9839525053846503,0.006029613182186295,5.4777292919570714E-5
3614.0,2.0031842102380776E-5,0.9608087641193845,0.039114678868850394,5.652516966265922E-5
4027.0,9.71345091616612E-7,0.0470235198582416,0.19862309562515956,0.7543524131715073
3313.0,2.8243205456178212E-8,2.094611722094926E-4,0.46955545682636024,0.5302350537582248
2934.0,1.463408052210613E-10,0.30396786493415157,0.3666907456937303,0.3293413892257773
3412.0,2.4197181332735488E-5,0.8537304724524812,0.14609184950048534,1.5348086570060582E-4
3554.0,0.18889195028933062,0.8110765130807802,3.153662767774837E-5,2.211345055154832E-12
3008.0,1.5757875827687796E-13,0.0013493124814048126,0.985302554021823,0.01334813349661464
3143.0,1.084234623853719E-6,0.6317628261736683,0.3682360727694664,1.6822241452665985E-8
3853.0,1.1929011098224762E-10,0.18033468462414673,0.8059800157914921,0.013685299465071063
3752.0,0.12397669596703638,0.8704184866448753,0.005599317085999717,5.500302088531005E-6
4036.0,9.919688077119158E-10,0.0012934494101457862,0.32076397780017857,0.6779425717977069
3681.0,4.8263813714394104E-11,0.0731185537242438,0.4719592459250681,0.45492220030242425
3371.0,3.447981659646738E-20,5.144525167426126E-4,0.9988393878189347,6.461596643227318E-4
2825.0,2.0368217889772913E-13,3.6644343343953614E-5,0.6927141006142817,0.30724925504217065
3214.0,0.9995699321232264,4.300568034133232E-4,1.1073326817365262E-8,3.354223692038566E-14
3128.0,1.7727170093348063E-17,1.005040470122921E-8,7.357534758156793E-4,0.9992642364737797
3007.0,2.586539179428547E-27,1.726628193086435E-12,0.07393723599810831,0.926062764000165
3485.0,3.415264392123876E-4,0.9996580103112561,4.6324940400820783E-7,1.2745391137357404E-13
3799.0,5.064574635846995E-13,0.03481675834688418,0.9651667189894044,1.6522663204926227E-5
3954.0,3.0446076225867167E-15,4.3396046810188777E-10,0.00674450684440514,0.9932554927216313
2952.0,0.004941613413771281,0.8802098339911282,0.11479574943302998,5.2803162070617244E-5
3498.0,7.612014981772748E-11,0.017688628712592216,0.973353144297711,0.008958226913576537
3087.0,1.2443532734244948E-20,4.915831674049574E-12,3.9544070893266127E-4,0.9996045592861516
3909.0,0.9183239836738599,0.08112181898469203,5.541961517868333E-4,1.1896613203517779E-9
3808.0,1.823977054454599E-26,1.1600432137700207E-11,0.01847131163938641,0.9815286883490132
3670.0,3.833155338015111E-11,9.259048577842716E-5,0.8527275141998149,0.1471798952760751
3257.0,7.368915088107306E-19,0.007807590067153289,0.9731227728444546,0.019069637088392093
3356.0,1.084148743043771E-18,2.3521447090887825E-5,0.4375650138229054,0.5624114647300037
2878.0,3.4587210207996144E-18,5.17109553025785E-8,5.745603407685966E-4,0.9994253879482761
3184.0,0.004210826694356995,0.939385031179781,0.05638570612361279,1.8436002249276036E-5
3541.0,5.2277460349693125E-23,5.683326734433727E-11,1.5464768225805178E-5,0.9999845351749409
3063.0,4.953970555845893E-13,1.4860368865371982E-4,0.858378499781723,0.14147289652912792
3743.0,1.1178410287791023E-7,1.7852378809242878E-4,0.9993503763810636,4.709880467411303E-4
3898.0,2.4450462882445915E-7,0.9827341811647942,0.017265549753739087,2.457683785883628E-8
3980.0,1.059891708010267E-7,0.7306046452508396,0.26911476565896053,2.804831010291791E-4
3625.0,0.005437835325472867,0.0343200665901287,0.5238585940065482,0.4363835040778503
2881.0,4.5682269800270133E-4,0.01667170951406242,0.9408054003295641,0.042066067458370715
3427.0,0.9958479780986066,0.004151898145946663,1.2371990555112082E-7,3.5541220577694824E-11
3270.0,2.6902412158586715E-20,3.438049111156695E-8,0.9349138988914678,0.06508606672804104
2788.0,0.11384418762498041,0.07790039383299033,0.6627924600305064,0.14546295851152297
3825.0,0.04292277987127719,0.9556418918109718,0.0014352892181232263,3.909962785109166E-8
3924.0,5.438394167829348E-7,0.5483451631799757,0.43515968431778923,0.01649460866281823
3102.0,0.9959194083252789,0.004075214613994395,5.3769876214840855E-6,7.310550853907067E-11
2969.0,2.1901887313787324E-16,1.411642459050726E-5,0.005517611878228053,0.9944682716971812
3515.0,7.762999734337348E-13,0.7347750269369796,0.23184452492046653,0.033380448141777645
3341.0,4.867586040025979E-10,7.085839214326341E-5,0.0042235378041807796,0.9957056033169173
2863.0,6.858005739090898E-5,0.9895336107201331,0.010392811949594426,4.997272881542866E-6
3240.0,0.07333869991600579,0.6201548692140192,0.3065029212057535,3.5096642214909735E-6
3655.0,0.12344026699718372,0.8756992569459542,8.577021624924068E-4,2.7738943697642986E-6
3883.0,0.05702820534175091,0.9412780337995544,0.0016937299735133066,3.088518119983624E-8
3726.0,0.06920977243266103,0.8736167439470187,0.05439641618325368,0.0027770674370664896
3524.0,9.314185977116464E-14,1.5597629779499655E-5,0.9710187117924058,0.02896569057772153
3046.0,1.5160348395842502E-7,1.659972383251312E-4,0.5979445811307421,0.4018892700274487
3169.0,2.1153408874322376E-31,1.545327344413276E-14,1.100674742586112E-6,0.999998899325242
3287.0,3.11305770172185E-7,0.04574055714232436,0.9541617992683156,9.733228358987108E-5
2805.0,0.025656959708892212,0.9740135610139475,3.270511404220593E-4,2.428136738175613E-6
2896.0,1.0440733969636799E-14,2.0549199745008246E-6,0.004956905214074986,0.9950410398659401
3442.0,1.5351574916531378E-11,6.512502078790675E-5,0.8489598416038918,0.1509750333599689
3640.0,0.07753195603495124,0.8853904588862699,0.03707479594206041,2.7891367182627557E-6
3997.0,1.2645705315713345E-15,1.4081512436122752E-5,0.9999832586072421,2.6598803204864386E-6
2919.0,0.5071511821418869,0.49139351121590025,0.00145384171582934,1.4649263834249395E-6
3397.0,5.346450543246633E-4,0.30862658427363493,0.658583708943595,0.03225506172844541
3296.0,3.968587937324228E-18,1.8356046472658166E-6,0.1682160175802939,0.8317821468150589
4010.0,0.9999901695336522,9.82980176782529E-6,6.645787467812798E-10,1.3056137952020135E-15
3599.0,1.2881741961552563E-7,9.722706899880333E-6,0.9987349321477847,0.0012552163278956908
3769.0,2.413924903818562E-7,7.807617247713126E-4,0.9650110225358545,0.03420797434688371
3868.0,0.9915350894430712,0.008398966622266137,6.592476402488527E-5,1.91706377056887E-8
3158.0,0.0530970340348138,0.45566751336108746,0.48892755959437,0.002307893009728647
3571.0,8.638869160319965E-12,1.766321352478716E-6,0.7773827546756595,0.22261547899434914
3025.0,0.1602149093404003,0.8397540275116709,3.106305225443361E-5,9.567427001452427E-11
3231.0,4.625596997224709E-14,0.04756755497651074,0.9521176530454272,3.147919780157206E-4
3386.0,0.004072699467238119,0.5879387854224644,0.4078338425711061,1.5467253919130357E-4
2840.0,1.5869219278822416E-16,6.351867695854759E-7,0.07736170388548513,0.9226376609277451
3696.0,0.9993449005854406,6.550299246203334E-4,6.948993519276459E-8,4.03819019424136E-15
4053.0,8.39287822431277E-19,3.4496926060510664E-12,1.6232173848241594E-4,0.9998376782580679
3939.0,0.7782023461247888,0.22172013363256196,7.751344331000835E-5,6.799339227049574E-9
3782.0,4.9843969461400137E-26,2.4320749139429027E-11,0.0012373508209485612,0.9987626491547307
2990.0,0.007798245248438907,0.7883744091017351,0.20379379762280944,3.354802701670421E-5
3468.0,1.7205851495219722E-27,2.620158925751377E-14,1.0948946068010785E-5,0.9999890510539059
3113.0,2.4926329558996098E-15,0.025413752600124618,0.9495400880080077,0.025046159391865306
2820.0,1.0700188312969084E-5,0.06788503170481779,0.6677690413787696,0.26433522672809956
3366.0,0.9995920329529864,4.078517735666419E-4,1.152733648976051E-7,8.21174681929405E-14
3203.0,1.0335319148872418E-11,0.05279325756347752,0.925397318659733,0.021809423766454356
4041.0,3.9229942080638723E-14,1.4321564358357383E-4,0.561205742185983,0.4386510421703942
3692.0,9.26905729573123E-5,0.9898686223282115,0.00995891347474018,7.977362409098509E-5
3802.0,7.70916867299695E-21,6.536961223244596E-13,4.874189903930456E-5,0.9999512581003069
3967.0,0.0019978014389184836,0.4126950818432673,0.5842463974909624,0.0010607192268516454
3125.0,1.0172777260770813E-11,1.4407329000602196E-5,0.011906302791473094,0.9880792898693536
3472.0,5.742661651505114E-13,0.3841839664356542,0.6110419689536886,0.0047740646100828486
2994.0,0.9719385131187759,0.028059424195900923,2.062385816789378E-6,2.9950638947479757E-10
3324.0,5.633092330435933E-19,0.0010511097637624345,0.9566648690083813,0.04228402122785624
3417.0,1.6042066997141135E-18,0.2392643131570431,0.7607335405647958,2.1462781611728925E-6
2939.0,1.0885474573916438E-15,8.462721094969784E-8,0.9971501700899332,0.0028497452828547196
3603.0,0.03572336487125149,0.9323381373878624,0.02675782134621074,0.005180676394675416
4022.0,1.7668367571477815E-12,1.1833938475211078E-6,0.7609400445331019,0.23905877207128368
3840.0,2.1230146213357665E-10,0.0033721776165478107,0.9951526361521752,0.0014751860189755879
3749.0,3.563804520479315E-18,2.480467946581952E-9,0.003907696203467877,0.9960923013160642
3021.0,2.602644239945283E-8,0.6016107737378887,0.38986506592252407,0.008524134313144822
3567.0,9.89155944350305E-4,0.9731222379762217,0.0258836810732733,4.925006154619664E-6
3146.0,3.705196404567869E-8,0.19278098000509583,0.8015113445173817,0.0057076384255583534
3730.0,6.510740975870566E-9,0.9369695080979755,0.06299604927809015,3.443611319335154E-5
3895.0,8.623500217295771E-23,2.7458686694961856E-10,0.0030690445821693873,0.9969309551432438
3197.0,4.018370919771862E-19,9.305886148344233E-4,0.022536694498062605,0.976532716887103
3066.0,2.7756953651717924E-26,1.6895809191817786E-14,9.02129496980021E-8,0.9999999097870335
3544.0,1.3768346164026784E-13,3.301349790259918E-5,0.21829116852224947,0.7816758179797103
3438.0,1.5632741472372721E-15,7.616331827069724E-4,0.9992087447611845,2.9622056106880567E-5
2892.0,0.21137518623569085,0.7663769143017098,0.022247217906943312,6.815556560476118E-7
2793.0,2.567126986997411E-4,0.682895671692708,0.31254383875474,0.004303776853852269
3275.0,3.001812976652852E-9,0.31309410773948076,0.6548761203061183,0.03202976895258795
3969.0,4.6349098910517845E-4,0.9939929133686456,0.005543547115881763,4.852636749543024E-8
3620.0,7.394175865610813E-25,6.074835972768847E-13,9.20056468533252E-6,0.9999907994347071
3912.0,0.9994679268625702,5.277020110696477E-4,4.3707533453190995E-6,3.730147397862513E-10
3821.0,1.5730953519322887E-5,0.1628760441454308,0.8370744423101455,3.378259090428008E-5
3495.0,0.7933720337510723,0.20659740444565547,3.056180097568154E-5,2.296497708552149E-12
2949.0,5.3043135760361415E-9,1.963504708946949E-7,0.9710746605511178,0.02892513779409771
3074.0,6.957242043930412E-5,0.4371010202697861,0.5622467165304487,5.826907793259044E-4
3252.0,2.479702504892469E-8,0.2104838108623129,0.7856278637448171,0.003888300595844962
2867.0,3.964610340028601E-11,0.00527722923783385,0.9947213481509346,1.422571585397637E-6
3345.0,1.2739617246007397E-18,1.973633685737562E-5,0.9798130593948716,0.020167204268271004
3675.0,6.424641793917073E-13,0.0344074759174769,0.06561261446969997,0.8999799096121808
3051.0,6.729975558206737E-10,0.045638834253431085,0.9045458920465113,0.04981527302706002
3529.0,3.6385541918831855E-8,0.2955368551446974,0.3737937442274693,0.3306693642422913
3180.0,3.780552690211848E-21,1.3424676151558467E-7,0.28970958912381867,0.7102902766294199
3878.0,4.052439555139276E-16,4.492039803443831E-6,0.9514138696805872,0.04858163827960893
3715.0,1.5161529420646403E-4,0.9634701061889056,0.036138429664569524,2.3984885231833283E-4
3637.0,2.609648332671594E-4,0.9731646659113365,0.022616595097147918,0.003957774158248326
3984.0,1.0645595499838122E-12,1.0468819365711782E-5,0.043484446567309716,0.9565050846122599
2808.0,1.2916294324888273E-12,4.989980899102766E-6,0.4980270749588094,0.5019679350589998
3290.0,1.9740853048569716E-4,0.784330795305407,0.21281486829756793,0.002656927866539498
3455.0,8.8832256012417E-15,6.2861695171456776E-9,0.006183282010267674,0.9938167117035539
2909.0,2.116049659831323E-8,0.0017386863908577172,0.9905308079114398,0.007730484537205826
3091.0,0.9932618709153104,0.006737736333474315,3.9274783297371466E-7,3.3823462504154643E-12
3510.0,6.940317326485925E-4,0.05239874518115488,0.57323805691561,0.3736691661705865
2964.0,1.0757979605399596E-4,0.8515912340810196,0.14829948760260717,1.6985203193575943E-6
3836.0,1.6195139262386553E-10,6.640434831250667E-5,0.6610755498619247,0.3388580456278113
3929.0,1.6639347876083022E-10,0.020071914293503197,0.9792554452275403,6.72640312563129E-4
3658.0,6.635124780217774E-10,4.8547754774730564E-5,0.9812283150809136,0.018723136500799188
2850.0,0.9999060986079045,9.390036573114905E-5,1.0263636882176444E-9,7.507653926357855E-16
3328.0,2.0352755025724775E-6,0.03651346566672649,0.8957354095833485,0.0677490894744224
3237.0,4.332000510733052E-5,0.28352410163270797,0.6869377154275301,0.029494862934654528
4056.0,0.8957839688070149,0.10412282277266859,9.319724666868076E-5,1.117364795339512E-8
3218.0,1.5192210728593839E-21,2.580226625849216E-8,0.02293416988915393,0.9770658043085798
2837.0,4.61155583623558E-13,2.962036426049518E-4,0.9965295006188984,0.0031742957380354033
3383.0,0.0019130645361871527,0.9980674988090352,1.9434785967512926E-5,1.8688102253208575E-9
3457.0,0.009270865025646615,0.9437087812845716,0.047003590212598645,1.6763477183113832E-5
2979.0,9.410588807645185E-14,0.016063501658848095,0.08111189768994444,0.9028246006511134
3108.0,1.8906827483185064E-8,0.07580352235631721,0.9239434694129333,2.529893239221012E-4
3950.0,3.5579678834098753E-17,9.111530792998706E-8,0.0873049585312849,0.9126949503534072
3787.0,3.3295400610078926E-16,7.590534088015937E-10,0.0032749978297443266,0.996725001411202
4007.0,6.1945964445141526E-6,0.9468251717215376,0.05312936110705428,3.927257496362041E-5
3586.0,8.115386252154571E-21,4.862383415857576E-9,0.0062728378416010465,0.9937271572960156
3400.0,1.678423546281864E-22,1.9342424699110847E-11,0.03294712367711334,0.9670528763035443
2922.0,8.981752338378537E-18,4.367151993417609E-5,0.14300759986957398,0.8569487286104919
3309.0,6.614487906832083E-6,0.055266016373798396,0.9099438790093043,0.03478349012899049
3163.0,0.008531418079087449,0.47399117772097277,0.4623394581729213,0.05513794602701848
3036.0,9.6802468171716E-13,2.2109108535534313E-7,0.09949927282619443,0.9005005060817521
3582.0,4.484067982941018E-7,0.9557837076777888,0.044215809741114366,3.4174298689655954E-8
3764.0,8.130513916974262E-7,0.0028535242819670154,0.6389267693069914,0.35821889335964996
3857.0,2.3542195222247828E-11,0.6130129414593884,0.38641408631325547,5.729722038139324E-4
3320.0,1.8481072918504363E-6,0.9498339744577993,0.05012734879364624,3.682864126256955E-5
3421.0,7.469570952399786E-12,2.1280016674200009E-4,0.9968646495353087,0.0029225502904796975
2943.0,4.144770598930888E-25,1.0038079278850472E-7,0.004312827068662827,0.9956870725505444
3607.0,7.111545530253049E-14,1.0133946839461327E-4,0.028258224618629823,0.9716404359129044
4018.0,0.09928771732615393,0.17597321167955493,0.7245709479279421,1.6812306634906852E-4
3844.0,0.6352882851171215,0.3523582865253846,0.012080952424545625,2.724759329482313E-4
3745.0,2.5550360547002205E-12,0.5552386578126265,0.43675784135281237,0.00800350083200603
3017.0,5.541674402714004E-10,3.0913446551883195E-4,0.9996845020028012,6.36297751248943E-6
3563.0,3.3777745732599146E-4,0.9703745960621678,0.029229035982880774,5.859049762543673E-5
3150.0,1.2522036968663337E-15,8.969623131417726E-4,0.1102099111866288,0.8888931265002282
2816.0,3.02701427331936E-5,0.08233639387261035,0.9152207150350316,0.0024126209496249354
3362.0,2.5779845481796168E-15,5.221375348379219E-6,0.2106895809800723,0.7893051976445769
3207.0,5.83120652867477E-27,5.752694086037035E-11,5.675881705037604E-4,0.9994324117719693
4045.0,8.267540296136363E-13,0.27308291090852527,0.6940680408319723,0.03284904825867564
3688.0,9.472127450885395E-8,0.5152197335681652,0.48343734590305154,0.0013428258075089212
3963.0,4.088009902295015E-8,0.59830875032304,0.27840120625876946,0.12329000253809143
3121.0,8.701048146995575E-6,0.008040129995798838,0.8846411642153404,0.10731000474071367
3476.0,0.9999913488292466,8.650602451825558E-6,5.68301573661348E-10,7.089979409672618E-17
2998.0,0.9976555077469588,0.002343025630711453,1.466398612894961E-6,2.2371682290482963E-10
3916.0,4.183534634625738E-11,0.8857508585078507,0.11424708843771393,2.0530126000585474E-6
3817.0,1.1763254216536538E-18,1.0408997458519823E-6,0.988449467157164,0.011549491943090164
3491.0,2.797548355720002E-7,0.008467772975489745,0.9682177838134609,0.023314163456213774
2945.0,0.511430337790546,0.48751659695070493,0.0010530652507374264,8.011434967400665E-12
3078.0,4.0865049204599993E-19,9.923668701546957E-7,0.009169824114703672,0.9908291835184262
3248.0,0.9942615802770918,0.0057383671706730316,5.255164393411826E-8,5.913472525410475E-13
2871.0,5.258430808361672E-8,0.010153424235400796,0.6382965367235824,0.3515499864567086
3349.0,6.893788375184984E-6,0.0015475332654435261,0.9924875239877884,0.005958048958392966
3679.0,4.0192668822622757E-4,0.9613230192032635,0.03827489769679076,1.564117197442813E-7
3734.0,1.3854216919233133E-16,2.3650365988272482E-4,0.04889499418514837,0.9508685021549688
3891.0,0.9996381798003022,3.5439887913248026E-4,7.421268796515424E-6,5.17688662688393E-11
3193.0,7.772115087566248E-4,0.9597969365396656,0.039374166304220755,5.168564735725425E-5
3548.0,1.883805407488692E-17,1.150597352729096E-5,0.19014589811261373,0.8098425959138589
3434.0,6.649535256369473E-12,1.2531147650024752E-8,0.06412347699988459,0.9358765104623182
2888.0,6.77011545832482E-10,5.475164383909793E-4,0.9331066055608788,0.06634587732371866
2797.0,1.499640259288802E-11,0.035615594491097795,0.964378350518956,6.054974949840846E-6
3279.0,2.8172279524136164E-6,0.9953302160479569,0.0046572209858964176,9.74573819425243E-6
3973.0,4.7218545934153415E-27,2.32678299209224E-11,0.005340709227530682,0.9946592907492015
3616.0,4.484109509914568E-9,0.001183633919725516,0.9974294317727606,0.0013869298234045467
3095.0,0.002420407627364739,0.9971975400969224,3.8204732895711567E-4,4.94675588292226E-9
3506.0,6.594047132029647E-15,3.388653748244481E-5,0.2927883177023511,0.7071777957601599
2960.0,2.840198027863498E-12,7.582911066838058E-4,0.05487104386486014,0.9443706650256158
3832.0,0.995419642061469,0.004578699133011395,1.6587687305024538E-6,3.678906522667261E-11
3933.0,5.345164615461862E-6,0.47372301292668206,0.526144269397039,1.2737251166354983E-4
3662.0,1.9615625283026925E-12,5.804721755075108E-4,0.9780524936448084,0.02136703417772247
2854.0,9.757926215518369E-11,4.651904004676447E-6,0.24177646208771572,0.7582188859107004
