3067.0,0.0017512864418757588,0.036722837573657865,0.4861462405082656,0.4753796354762007
3545.0,1.36514319676463E-4,0.020484323022391043,0.4049735234403292,0.5744056392176033
3731.0,0.06954177171035411,0.782942673657344,0.13846109849667662,0.009054456135625317
3894.0,4.578554733418163E-6,0.019032754203839767,0.47677707253783674,0.5041855947035901
3968.0,7.945083813212641E-6,0.042928666593160934,0.3813955951309183,0.5756677931921076
3621.0,9.731162547170736E-12,3.979652370408419E-6,0.0031846420575115343,0.9968113782803869
3439.0,0.020130676708431022,0.46875276060861865,0.36258582930532735,0.1485307333776229
2893.0,0.8319172033002054,0.15524325273502373,0.012100217277608995,7.393266871618891E-4
2792.0,8.384413270502607E-6,0.07465977284942943,0.6412097666498652,0.28412207608743484
3274.0,0.5399760390801404,0.3906420642004738,0.06225928517326254,0.007122611546123183
3494.0,0.08757156617100018,0.7735686372185389,0.12373518071401811,0.015124615896442872
2948.0,7.740385131267758E-7,0.0011867651392272667,0.36039264517932257,0.638419815642937
3075.0,0.0010014859846704087,0.36962118549442285,0.5179103255352152,0.11146700298569155
3913.0,1.2700842641376152E-4,0.1540022798062706,0.6531114089130022,0.1927593028543133
3820.0,1.9744136881549116E-4,0.8702704577845682,0.12591862689427444,0.003613473952341806
3674.0,0.002481818253086245,0.681829583829526,0.29534857583499746,0.020340022082390392
3253.0,6.184679826405185E-6,0.014105371632109624,0.3515881591286599,0.634300284559404
2866.0,0.7611330239918647,0.19672006293062186,0.038015946549135995,0.00413096652837743
3344.0,7.123679041968128E-5,0.011550884610915824,0.47963372512342195,0.5087441534752426
4040.0,9.32465558630159E-7,0.0020319324912379654,0.37772750450363946,0.620239630539564
3693.0,0.039082606929214794,0.4580596496851142,0.4423470918643058,0.0605106515213653
2821.0,6.390690163911322E-7,0.051804582490619824,0.40594692621147366,0.5422478522288902
3367.0,6.198107045277903E-4,0.41679721002899317,0.5050960559082969,0.07748692335818214
3202.0,1.0717396310634624E-10,4.995332149190406E-5,0.02370139821437111,0.976248648356963
3124.0,0.006289121924378684,0.07164167635377343,0.5499792420503232,0.3720899596715247
3473.0,0.05467263402545213,0.6042201152205543,0.31217646594225945,0.028930784811734132
2995.0,0.324205684836079,0.35346267026693107,0.25702722898624936,0.06530441591074068
3803.0,0.873416195018637,0.11527448908310536,0.010563576209700805,7.45739688556719E-4
3966.0,0.0022344489719808708,0.11317631410514678,0.6409976393432689,0.24359159757960355
3602.0,2.3965837612359656E-7,0.001454115956337449,0.18315874235245358,0.8153869020328329
4023.0,4.028205971831875E-4,0.14036327545303534,0.7293600390364493,0.12987386491333222
3325.0,2.8474058640120704E-6,0.07614232873250613,0.7177574768050385,0.2060973470565915
3416.0,0.008631499676747055,0.2069530133248302,0.5294767035939875,0.25493878340443527
2938.0,0.08037073207296594,0.39392359401854743,0.41640602873281496,0.10929964517567162
3020.0,0.6213746497866386,0.30146738247660687,0.07031159673504744,0.006846371001707006
3566.0,0.33383541185807114,0.4404176181877681,0.19622442319751748,0.029522546756643394
3147.0,1.3361295514152667E-6,0.007856326602676766,0.2288370850833911,0.7633052521843808
3841.0,0.7619369180140968,0.21185836389162757,0.02423734286973424,0.00196737522454143
3748.0,6.378432118293403E-5,0.02936807799430787,0.511789659011323,0.4587784786731863
3219.0,6.358941495672026E-4,0.13820198115917276,0.7232477353891266,0.13791438930213346
2836.0,0.0012305173482822674,0.26084897203145574,0.5517174599351391,0.1862030506851229
3382.0,4.410699761779793E-5,0.0573004204169334,0.4937067792926106,0.4489486932928381
3708.0,4.972561481897839E-4,0.09489308321688436,0.5906900104755345,0.3139196501593915
4057.0,0.3310692129787421,0.3213362114989551,0.3047120523747943,0.042882523147508574
3951.0,0.12393338146660274,0.4115023905807482,0.3834627626257357,0.08110146532691336
3786.0,2.2299041887453868E-5,4.7813976018431793E-4,0.14357174627099797,0.8559278149269303
3456.0,0.08528817482477044,0.3277268909607174,0.47300303524721926,0.11398189896729294
2978.0,2.7315330532418037E-4,0.15480944140267947,0.6356674052153352,0.20925000007666117
3109.0,0.8341514511345648,0.15922534089070864,0.006537035471794181,8.617250293245652E-5
3401.0,0.8345299255083868,0.1540841911035123,0.010827501775341846,5.583816127590432E-4
2923.0,8.65192488373204E-4,0.12816194356163846,0.48846428929599206,0.38250857465399624
3308.0,0.007617293936692332,0.8545989760521334,0.1362211948243605,0.0015625351868137952
4006.0,0.059585962053352134,0.7717546106055009,0.15601942371866515,0.012640003622481936
3587.0,0.873416195018637,0.11527448908310536,0.010563576209700805,7.45739688556719E-4
3765.0,0.47077795963898483,0.3246612334259164,0.18811226459233552,0.01644854234276301
3856.0,0.0034111142862444334,0.08353032795496605,0.6744791428612593,0.2385794148975303
3162.0,7.747853705152979E-5,0.010990484342906386,0.6379915075767199,0.3509405295433222
3037.0,2.1115235643803776E-4,0.02277846641209227,0.5706978366807981,0.40631254455067156
3583.0,0.07514169866863762,0.32791715450741765,0.5075351856671931,0.08940596115675165
3879.0,2.64328169429149E-4,0.027875798062292494,0.36342340516373206,0.6084364686045463
3714.0,0.7342310734419633,0.23482129204221847,0.02926888882986002,0.0016787456859582463
3050.0,2.749431399421328E-4,0.11894985723630996,0.486478065095853,0.39429713452789483
3528.0,4.0516374963872886E-4,0.09962379026571444,0.4822707597488383,0.4177002862358086
3181.0,0.003464552317037954,0.07639295377007896,0.5466381839114981,0.37350431000138495
2809.0,0.8756510787344663,0.11105769134400895,0.01238091749541757,9.103124261072788E-4
3291.0,0.8572430505291619,0.13178233878772627,0.010351173036517404,6.234376465943917E-4
3454.0,0.06095193620628466,0.2540576779569807,0.5772867677604036,0.10770361807633107
2908.0,0.324621463608171,0.5195728961007872,0.13419809007850483,0.021607550212536998
3636.0,0.8571837754870624,0.13181147841096688,0.010378229874903203,6.265162270675121E-4
3985.0,0.1154178397651791,0.381489481460612,0.4251542527312967,0.07793842604291222
3837.0,0.0018525898830070795,0.09410399778097737,0.5871382803107515,0.316905132025264
3928.0,0.0034782849881012544,0.3960895124897393,0.4939008397028649,0.10653136281929448
3090.0,1.1292255170116475E-5,0.011817108331889647,0.5684026359222096,0.41976896349073056
3511.0,0.003785369293610584,0.1434089839003921,0.600424231159794,0.25238141564620326
2965.0,0.1486801951910078,0.6096896273571606,0.20559635691743414,0.0360338205343974
2851.0,0.005218998102084862,0.3904250359692176,0.5188068047894513,0.0855491611392463
3329.0,0.6642871278437465,0.2503421785548967,0.07763866592073258,0.007732027680624291
3236.0,5.121052012952859E-4,0.2015444501856112,0.5782787208755815,0.21966472373751192
3659.0,0.0488791226759763,0.5378249461873473,0.3416349532709077,0.07166097786576878
3490.0,0.012689646782393328,0.1211549600833405,0.641271991644135,0.22488340149013133
2944.0,1.528662592520413E-7,0.05245876632981756,0.4948058685572759,0.45273521224664737
3079.0,0.004205440083661462,0.1348419312904335,0.6658344389653537,0.1951181896605513
3917.0,9.452835597186647E-6,0.009192337148323966,0.5353148325670118,0.45548337744906686
3816.0,8.304952579714694E-4,0.4919370604344543,0.41600337423625244,0.09122907007132171
3678.0,0.5710745300182559,0.34180669751635245,0.07909295274384412,0.008025819721547412
3249.0,1.776481634258639E-5,0.03769558767683902,0.3304604301050278,0.6318262174017906
2870.0,0.003178510313058296,0.0973724293635494,0.708756397330206,0.1906926629931862
3348.0,0.3682744616043656,0.49736933892595037,0.12112471546424992,0.013231484005434172
3192.0,0.7318889319699559,0.24418175089477906,0.022485143461893196,0.0014441736733718283
3071.0,0.08297720162375438,0.4569181462138308,0.40632318056371186,0.05378147159870296
3549.0,0.011953595989151944,0.468791062300756,0.5040004700102725,0.015254871699819582
3735.0,0.0023180296092545987,0.26958957707524356,0.655858475298259,0.07223391801724292
3890.0,0.008091575059615976,0.25869227527536515,0.6747029028935069,0.0585132467715121
3972.0,3.603766093357743E-7,0.012534049568173316,0.7266331823523642,0.2608324077028532
3617.0,2.4865623021580397E-7,3.8832279476450966E-4,0.1207905291619985,0.8788208993870067
3435.0,1.7645472199317357E-7,0.0038078141535973034,0.5230300360927481,0.4731619732989326
2889.0,5.493477701747636E-9,2.7312784334057838E-5,0.06102051213180728,0.9389521695903809
2796.0,2.2129156832514716E-6,0.05790920309620122,0.6907481381749568,0.2513404458131586
3278.0,0.20602929174083226,0.41739150906382433,0.32820203603504816,0.04837716316029536
3606.0,3.3760202007493704E-6,0.010264527372815193,0.3899858754281281,0.5997462211788559
4019.0,1.4216452428684432E-4,0.07022191882593941,0.5934681843025935,0.33616773234718017
3321.0,0.002374647267165833,0.12929829631344905,0.5238600515669699,0.34446700485241527
3420.0,0.6953840598088016,0.2706043252112625,0.03224132963568082,0.0017702853442552334
2942.0,0.16820691467116744,0.7745513765144988,0.054631153049561294,0.0026105557647724538
3016.0,0.8031875135074571,0.1282203210887939,0.06781812644566071,7.740389580881446E-4
3562.0,3.328424781112812E-5,0.065818081135447,0.402948022204865,0.5312006124118769
3151.0,0.34651833346638994,0.5140562157918513,0.12784618487683866,0.011579265864920097
3845.0,0.7165617487386459,0.2471388907664276,0.03412825207045625,0.0021711084244702664
3744.0,0.06907889203008699,0.4503301349260984,0.4020041145067442,0.07858685853707029
4044.0,9.98026623279258E-10,1.9339205759802482E-5,0.007567540567590068,0.9924131192286234
3689.0,0.030994076818866206,0.278801668904408,0.45213541971239823,0.23806883456432756
2817.0,2.994592225906581E-4,0.2739830040597354,0.47129956307089965,0.2544179736467743
3363.0,0.003627034958474685,0.0772740413859091,0.4343063842846613,0.4847925393709548
3206.0,0.4557581057854485,0.4740459518918224,0.06592081271242933,0.004275129610299733
3120.0,3.691196029070915E-4,0.17493360593157106,0.40744587877556127,0.41725139568996056
3477.0,3.113587106726877E-7,6.358257364617363E-4,0.11232610069749548,0.8870377622073321
2999.0,0.08811905604921437,0.5379423723008364,0.2776719621523917,0.09626660949755754
3807.0,1.6021170154181351E-6,0.03232211599626472,0.7831004477412694,0.18457583414545028
3962.0,5.558948839456965E-5,0.1368566909621852,0.6158389767385194,0.24724874281090087
3405.0,2.60217726405173E-4,0.045950919840916364,0.5660116497119864,0.387777212720692
2927.0,0.2928356091004327,0.4277548042068723,0.2743750920538153,0.005034494638879649
3304.0,7.984772780531574E-5,0.3113520799285902,0.559692932801212,0.12887513954239246
4002.0,1.7164729410221442E-5,0.011355703744621932,0.5468789415555146,0.44174818997045334
3591.0,0.5542210693411441,0.3830456509860456,0.05876445387725626,0.003968825795553968
3761.0,0.018340216335233757,0.19624887554790166,0.5967510519916709,0.1886598561251937
3860.0,6.766562206616894E-4,0.26090489214562973,0.5337785362545319,0.2046399153791767
3166.0,0.6542457888310732,0.29477742035090787,0.048053703716536944,0.0029230871014819765
3033.0,0.004519071197087133,0.1343317745947557,0.5527917203215227,0.30835743388663456
3579.0,1.3338319864453113E-6,0.036650784513233295,0.675887062035741,0.2874608196190392
3223.0,5.291864088610749E-4,0.06480753694788857,0.4473769854296198,0.4872862912136306
2832.0,1.72358744071831E-6,0.08351734803529699,0.5270448741524422,0.38943605422482
3378.0,7.939698281355469E-7,0.04092685796472105,0.5757608216580026,0.3833115264074482
3704.0,0.4626038551892343,0.4268329747508251,0.10029450617367669,0.010268663886263909
4061.0,1.275879426893818E-4,0.07548072777201514,0.4124131877381224,0.5119784965471731
3947.0,5.051759560464179E-7,0.0013098040804777127,0.01319036801062827,0.985499322732938
3790.0,0.0019252964229331917,0.20550568340924472,0.6148226135463399,0.17774640662148225
3460.0,4.369939082842613E-8,9.698437328591161E-4,0.15758499334566292,0.8414451192220871
2982.0,0.056373590145207146,0.2564880315177318,0.4814325260985067,0.20570585223855437
3105.0,0.21631768858412917,0.526283068086124,0.21338619485566473,0.044013048474082085
3833.0,3.7986943055579896E-7,0.009462465732742432,0.18230454958822565,0.8082326048096014
3932.0,3.626524536172987E-6,0.02019428697346333,0.3324446185430276,0.6473574679589729
3094.0,6.610361386008251E-4,0.04685744243136984,0.505554062507902,0.4469274589221274
3507.0,0.8580894041344571,0.13196287437210485,0.009292522376655085,6.551991167828867E-4
2961.0,0.029380546672503956,0.7370108841782819,0.19097506811545897,0.04263350103375525
2855.0,0.8369931803935421,0.1486692966654193,0.01327340779384956,0.0010641151471889683
3333.0,0.022832630680380044,0.5262550044828231,0.40842469857742725,0.04248766625936951
3232.0,0.0010070672856095962,0.7839836291125302,0.1993036131875282,0.01570569041433199
3663.0,5.345017931629512E-8,0.009441746481820506,0.21317820921699882,0.7773799908510013
3875.0,0.04160637104007025,0.19699983481746744,0.5256501877540538,0.2357436063884084
3718.0,1.460691966107099E-7,0.007231996223737327,0.2122097085703374,0.7805581491367286
3054.0,6.103743263437334E-4,0.38512992089197,0.40595455048525103,0.20830515429643517
3532.0,4.052509091077764E-8,3.7465100387422416E-5,0.019459263140492275,0.9805032312340293
3177.0,1.1845299303290772E-8,0.0011988612435404197,0.19540283124604513,0.8033982956651152
2813.0,0.19714746198015493,0.322922890527894,0.41302720402923415,0.06690244346271688
3295.0,4.854733692431329E-6,0.014236194536239508,0.33295058699200036,0.6528083637380676
3450.0,0.06516689043924721,0.8162507607790711,0.11070642256141243,0.007875926220269185
2904.0,0.05608299524369427,0.24733206813844075,0.5368632872932232,0.15972164932464175
3632.0,9.064715710804209E-4,0.3667627674051339,0.5021301653755302,0.1302005956482554
3989.0,0.005987319857622448,0.33599477152545176,0.4814627002440002,0.1765552083729255
4032.0,3.7587207725341076E-5,0.050196038629948536,0.46986289686875293,0.4799034772935732
3685.0,1.9488419166453345E-5,0.009424184859440795,0.3468804855405702,0.6436758411808227
3375.0,0.29929798918359657,0.6673981006464378,0.03268176568098988,6.22144488975815E-4
2829.0,1.0236831249400846E-4,0.01789300801253872,0.3595160184824139,0.6224886051925533
3210.0,0.6101552790549374,0.32606963845359255,0.05950795463955128,0.0042671278519187264
3132.0,6.466981965450292E-9,0.0015427312738705385,0.09200380753732923,0.9064534547218182
3003.0,0.001076690556104574,0.5885008155628173,0.33072138992354233,0.07970110395753575
3481.0,0.7889726814860332,0.18525849148754447,0.02389714947576071,0.001871677550661631
3795.0,1.142348869266938E-7,0.0030540770717782297,0.16678160436037714,0.8301642043329577
3958.0,8.494919625964873E-7,0.11406895444353553,0.4412460929709718,0.4446841030935302
3610.0,4.7367618505534727E-7,0.01165668272216457,0.34353220630943015,0.6448106372922203
4031.0,0.640779833192216,0.30923141124112624,0.04735890507334407,0.0026298504933136833
3317.0,4.4071394762883304E-5,0.02404366897937622,0.3610828449362212,0.6148294146896397
2930.0,1.8330675238199739E-4,0.22890996703991526,0.48091506294032976,0.289991663267373
3408.0,0.20934399692220687,0.6002523486387641,0.16721241804975903,0.023191236389270124
3558.0,0.851546142664799,0.1318985374827522,0.01520006795861634,0.00135525189383236
3012.0,7.904234883762421E-4,0.4510777987875196,0.47661607353328467,0.07151570419081951
3139.0,0.26920109039584883,0.5801281039556054,0.13671320882556115,0.013957596822984563
3849.0,0.8758401235556443,0.11537536605922684,0.008183653274717814,6.008571104110188E-4
3756.0,0.6525367624484998,0.3113280482214113,0.034328329852907194,0.001806859477181867
3188.0,0.013167703928488015,0.8270492349085868,0.14227918168189876,0.017503879481026573
3537.0,0.8345299255083868,0.1540841911035123,0.010827501775341846,5.583816127590432E-4
3059.0,4.229545872074006E-4,0.02963461634012786,0.5757483325216436,0.3941940965510212
3739.0,1.0051136584662276E-5,0.008539413369043725,0.7170271331339981,0.27442340236037344
3902.0,7.703620469705554E-9,7.220530309435054E-5,0.11573873652923551,0.8841890504640496
3976.0,0.4213173530493009,0.46011475920833705,0.09823634851398728,0.02033153922837486
3629.0,0.8766754689860555,0.1135618256034942,0.009107028902829313,6.556765076211135E-4
2885.0,1.516660212279372E-6,0.04082593501625331,0.22567486254061073,0.7334976857829236
3431.0,0.0036684927390477624,0.23892418137569738,0.6110848657640569,0.14632246012119798
3266.0,6.303538035025789E-4,0.08776632177745926,0.5122515727037176,0.3993517517153206
2956.0,5.530765513228128E-4,0.21859593126323226,0.5132678460394748,0.2675831461459701
3502.0,1.1586235822613049E-10,0.0017201438954587663,0.6129530782731591,0.38532677771551965
3083.0,0.0020831842430540236,0.24353903796390056,0.4650183026407462,0.28935947515229915
3905.0,0.2657795310037265,0.5746784512621289,0.14380982156402686,0.01573219617011785
3812.0,5.885501272888091E-6,0.06585876029945455,0.5503800397325651,0.3837553144667076
3666.0,1.2464541387844134E-4,0.39455113122973834,0.5133952442820364,0.09192897907434679
3261.0,0.7067347863453755,0.26917283992939095,0.02379749092119755,2.948828040360217E-4
3352.0,0.006205202201215955,0.032960300783373246,0.5778560831948399,0.38297841382057085
2874.0,0.0014066073529952188,0.17054091349320527,0.7121108974517637,0.115941581702036
3887.0,2.3527513695630078E-4,0.05366417977476202,0.5266201359078113,0.41948040918047036
3722.0,0.32000774484747446,0.4875021450624173,0.1641809722315967,0.02830913785851156
3520.0,0.0012557923099417896,0.17175683040833295,0.6962383812217714,0.1307489960599539
3042.0,0.6147890741958107,0.2923641934348212,0.08118300117709935,0.01166373119226873
3173.0,4.739989815677973E-6,0.07917002205598175,0.3663626112524942,0.5544626267017083
3283.0,0.002169364150184461,0.1148516749837456,0.5403348837823746,0.34264407708369543
2801.0,0.0056716556323836145,0.3029895622096731,0.4101813202513399,0.2811574619066033
2900.0,0.009898942594071,0.12767978994498594,0.6608509972592267,0.20157027020171625
3446.0,0.8250241178931677,0.1615542338873591,0.012646657728329297,7.749904911438638E-4
3644.0,0.8134696860747517,0.1507786534879864,0.03349254135564977,0.002259119081612282
3993.0,0.017541209227640644,0.2781056450198787,0.5406183843836179,0.16373476136886272
3829.0,1.011518963552109E-5,0.0031108571521692658,0.2691200066468393,0.7277590210113559
3920.0,0.06403498755621538,0.6261386092796484,0.2755845656565966,0.03424183750753963
3098.0,3.0377260316821274E-7,0.010767217448514756,0.3201963809113092,0.6690360978675729
2973.0,0.8616334917731948,0.120015824871281,0.017005615053147082,0.0013450683023769445
3519.0,0.6316965006735339,0.31875128001929526,0.04566362527306767,0.0038885940341032224
3337.0,1.5113385635251734E-4,0.008329206471874014,0.42950101582796385,0.5620186438438096
2859.0,0.0017196453493823283,0.19012878703721803,0.4285799390508662,0.37957162856253357
3244.0,0.0021579452746419885,0.2936090147799222,0.4711624062737371,0.23307063367169872
3651.0,0.00988149563303339,0.19816882351867374,0.5469012767895765,0.24504840405871642
3227.0,4.601217684284788E-5,0.027289803947024183,0.5920795184612178,0.3805846654149152
3390.0,0.41738269877222445,0.41131334478453985,0.15067343933891458,0.02063051710432126
2844.0,0.1914218351342063,0.5048538746085726,0.28179496346627575,0.021929326790945215
3700.0,0.729661544264726,0.2386496090639289,0.02993739024854363,0.001751456422801433
4049.0,0.5066013775448934,0.32557920717607464,0.14412178762618802,0.023697627652843983
3943.0,2.72390128675061E-6,0.019126355989394057,0.4510678297764306,0.5298030903328885
3778.0,4.6199696249995284E-4,0.10110016576999571,0.5058742014507742,0.39256363581673015
2986.0,2.482771649875471E-5,0.005946451275718176,0.1745422809439693,0.8194864400638138
3464.0,4.723435416858393E-4,0.5292035424629286,0.40009820200955604,0.07022591198582959
3117.0,8.839769335161774E-8,0.003499590281667958,0.2501442614366548,0.7463560598839839
2915.0,0.8586777538530974,0.1284186515255506,0.012342927646771048,5.606669745809908E-4
3300.0,8.250505710759507E-7,0.0011922770523617435,0.20928989395577105,0.7895170039412962
4014.0,7.811974022965304E-9,1.730346530896496E-4,0.017771790284419036,0.9820551672505172
3595.0,0.0010464133471413748,0.18553030651984548,0.35345168034335345,0.45997159978965957
3773.0,0.002160624659833079,0.23321252990710528,0.49482044034752837,0.2698064050855334
3864.0,3.881822561557499E-10,4.695307940942641E-6,0.01838941614740612,0.9816058881564707
3154.0,3.730736268060358E-5,0.07267882662790107,0.509048831623876,0.41823503438554227
3575.0,0.6628368596970043,0.27549796946889055,0.05712436318451125,0.004540807649593668
3029.0,0.8036129683129253,0.17281830335832635,0.02146399351154429,0.0021047348172042873
3614.0,0.10673166069578348,0.4997812499788438,0.3433290745483731,0.05015801477699969
4027.0,0.0011408577880023282,0.18970234492785717,0.5178999372557967,0.2912568600283439
3313.0,0.15714115685521157,0.6070741955487391,0.21769888891292943,0.018085758683119995
2934.0,0.0036584134515814633,0.30964648289042723,0.5121606673550545,0.17453443630293675
3412.0,3.576447187868957E-4,0.20587539362514953,0.6336636645960875,0.16010329705997625
3554.0,0.8986974745944137,0.10028382074120058,0.0010177346636956396,9.700006899836755E-7
3008.0,0.005629669088303404,0.5877640237584228,0.33070828647902345,0.07589802067425024
3143.0,0.5563557758794532,0.38450097444865666,0.05786987013815391,0.0012733795337362382
3853.0,0.014055148632204436,0.19733459148491955,0.6550562429676609,0.13355401691521532
3752.0,0.873416195018637,0.11527448908310536,0.010563576209700805,7.45739688556719E-4
4036.0,0.005918854772743315,0.23263011351328136,0.5010897100487918,0.2603613216651835
3681.0,1.4339933196274289E-4,0.4701097376422311,0.40407195718939115,0.12567490583641505
3371.0,7.257051303416287E-5,0.16295741993278753,0.7587647031854333,0.07820530636874509
2825.0,1.0875524676467447E-4,0.03524452190151032,0.6550087133841049,0.3096380094676201
3214.0,0.8579177037129426,0.131292988736075,0.010183086676953373,6.062208740290636E-4
3128.0,3.929928043563217E-4,0.03290322768411535,0.507750199952668,0.4589535795588603
3007.0,3.064932876255613E-10,8.363690019113726E-5,0.04658758944017148,0.953328773353144
3485.0,0.0054735675333437775,0.958513241577898,0.0355221087362129,4.910821525453177E-4
3799.0,9.174866798766972E-5,0.1149070438762265,0.8172629207181887,0.06773828673759721
3954.0,3.4983904978067964E-4,0.01679933464525682,0.35162076445455553,0.631230061850407
2952.0,0.009361739730735438,0.2630736790630259,0.5569523235358154,0.17061225767042337
3498.0,1.8610802842309308E-4,0.07809078701435464,0.45132831609180035,0.470394788865422
3087.0,3.992899033931535E-6,0.002458395502020503,0.1020060419769831,0.8955315696219625
3909.0,0.7182848109880214,0.2426765742287075,0.037144544272518266,0.0018940705107526774
3808.0,4.380635937894027E-6,0.008061063808180658,0.5483785182499898,0.4435560373058917
3670.0,0.06271806806733857,0.385760860430613,0.4444057185660572,0.1071153529359912
3257.0,6.067757422435088E-5,0.5033166685310175,0.42173379935533634,0.07488885453942187
3356.0,3.9012809537652766E-5,0.07406469626902472,0.509468663439023,0.4164276274824147
2878.0,0.2872952648238271,0.4669423764199858,0.20834722734698008,0.03741513140920696
3184.0,0.03943925952514208,0.23144470635662176,0.538454677175527,0.19066135694270928
3541.0,0.02941204495533088,0.40839082331946946,0.3889103285925183,0.17328680313268147
3063.0,2.4648532913694942E-5,0.10468376119222239,0.46395895167865314,0.4313326385962108
3743.0,0.4048652492338232,0.4400178909307502,0.13176424431185116,0.023352615523575364
3898.0,0.02725045726565124,0.848514484706051,0.11455259576670386,0.009682462261594112
3980.0,6.931468684866602E-6,0.16279665410516597,0.46826505616362213,0.36893135826252715
3625.0,0.06458253430689612,0.1287907258774736,0.3445349584952922,0.46209178132033824
2881.0,0.008259237723494444,0.17733908433616444,0.6053575298937917,0.20904414804654944
3427.0,0.5929709539408385,0.37288390516692926,0.03377564872926345,3.694921629687293E-4
3270.0,1.2629921110969144E-6,0.008360676208735023,0.3962872270653634,0.5953508337337905
2788.0,0.03440517007971939,0.05916925777484081,0.4637387530977831,0.4426868190476566
3825.0,0.694428674436393,0.27160499538640837,0.03219155595269931,0.0017747742244993915
3924.0,0.014053110214853282,0.6295792354834914,0.3329860257004187,0.02338162860123651
3102.0,0.7302844262040383,0.23748083968852085,0.03043820888752436,0.0017965252199166465
2969.0,4.647786619096537E-7,0.004341762102373946,0.15708149847706715,0.8385762746418969
3515.0,3.671076003135008E-5,0.04179791814908612,0.7065238177042867,0.2516415533865958
3341.0,0.05817015764845071,0.521057498351843,0.3627879190795411,0.05798442492016512
2863.0,1.0723734690828986E-4,0.16872146379642713,0.6424180060326435,0.18875329282402098
3240.0,0.7289840989823214,0.21669552856998095,0.04994194903911686,0.004378423408580927
3655.0,0.012563936024898142,0.8102506635990447,0.16603336991194748,0.011152030464109668
3883.0,0.055220454278740776,0.8661764676762258,0.0758615073059417,0.0027415707390914864
3726.0,0.6676661830162275,0.2918350967533251,0.0366030990193955,0.0038956212110518207
3524.0,0.00485136778589078,0.20971417370442288,0.7035492719669217,0.08188518654276465
3046.0,0.5229713563285804,0.37536969344071386,0.0908321659269643,0.01082678430374139
3169.0,5.191238981163382E-11,2.4562392551005353E-6,0.0073450320944055065,0.9926525116144271
3287.0,0.02187360803819332,0.28211464086233035,0.5585557000686899,0.13745605103078648
2805.0,0.6909221027493262,0.268526321174779,0.036988211005255844,0.0035633650706389263
2896.0,1.9543939954123825E-4,0.09373935245906599,0.31904375020461495,0.5870214579367778
3442.0,6.079952000136422E-4,0.056331737388006474,0.5449964822402609,0.398063785171719
3640.0,0.07901043090791589,0.7289987015308029,0.18013267881319786,0.01185818874808341
3997.0,0.00850978507606159,0.27241536532943755,0.5512428335121446,0.16783201608235623
2919.0,0.8936934562680556,0.09854103226615575,0.00750377958408995,2.617318816988486E-4
3397.0,0.3919136035004433,0.412385078782942,0.1631772492676712,0.03252406844894347
3296.0,1.5981337412378558E-6,0.08973591741185549,0.5280485139382608,0.3822139705161425
4010.0,0.873416195018637,0.11527448908310536,0.010563576209700805,7.45739688556719E-4
3599.0,0.012015128867150327,0.26726060993941814,0.4967230622570215,0.22400119893640993
3769.0,0.600024569114357,0.30721703993971183,0.07919161735451448,0.013566773591416607
3868.0,0.4102099279707314,0.3642081524762246,0.19582689657717545,0.02975502297586842
3158.0,0.7088056649529176,0.22853946669648376,0.05854580924327955,0.0041090591073189
3571.0,0.014289083256266046,0.3428296395564645,0.492103504838117,0.15077777234915257
3025.0,0.7432153862895866,0.23342479133997962,0.021987120395780088,0.0013727019746538945
3231.0,4.195340584736032E-4,0.15359344422254942,0.7465237065667025,0.0994633151522745
3386.0,0.40759049894811183,0.4243501404429765,0.14843620867870444,0.019623151930207264
2840.0,0.0017625319410296838,0.04645387523275971,0.569442615520884,0.3823409773053265
3696.0,0.6853092066711739,0.29395515395612093,0.020021353836331832,7.142855363733319E-4
4053.0,1.46914129079406E-5,0.036388224673327016,0.4521638623041874,0.5114332216095777
3939.0,0.8267877661708325,0.15996571139662943,0.012492265411341517,7.542570211964174E-4
3782.0,7.713425747911379E-5,0.02797107995622073,0.5583547869609311,0.41359699882536904
2990.0,0.010301878856654218,0.16114892107750703,0.6975579712444714,0.13099122882136735
3468.0,2.568733622523448E-6,0.003591789862482865,0.41588268603256534,0.5805229553713294
3113.0,1.4393981140166563E-4,0.07375171775694359,0.7087159905994891,0.21738835183216576
2820.0,9.188301543321019E-4,0.13408103074619623,0.48227348664792014,0.38272665245155163
3366.0,0.6311451282972402,0.3191676821064654,0.04578721840822819,0.0038999711880662574
3203.0,9.850134404436737E-6,0.0834146679090636,0.5680850863883943,0.3484903955681377
4041.0,1.422311498909788E-7,5.15080237747199E-4,0.43118284773900056,0.5683019297921024
3692.0,0.8006695847967896,0.17225350201778913,0.025394160255724007,0.0016827529296973875
3802.0,1.2334909329677985E-5,0.005106351096345929,0.08011273725494979,0.9147685767393746
3967.0,0.2575549543421135,0.4178125176516152,0.2796343724856863,0.04499815552058507
3125.0,0.10031915382007828,0.2723463215062195,0.4380291875979646,0.18930533707573774
3472.0,2.0192918978578156E-7,0.005421311365789317,0.16187645498331152,0.8327020317217093
2994.0,0.8677894744768823,0.12008388758734335,0.011286506738236297,8.401311975380219E-4
3324.0,3.3273063802327098E-6,0.0832961031504854,0.40707376004336876,0.5096268094997656
3417.0,2.2916050735019004E-6,0.10602605375890137,0.5688613174742821,0.32511033716174315
2939.0,0.0010025004354310058,0.1529115219787079,0.5964418420157166,0.24964413557014437
3603.0,0.4691670257272633,0.4413912350857971,0.08680418459208032,0.002637554594859249
4022.0,0.005199017389108084,0.1286904824859841,0.6312295446045236,0.23488095552038415
3840.0,6.47821800037715E-5,0.057672080620429104,0.5025857201012199,0.4396774170983472
3749.0,1.0316087647580043E-5,0.012141625266713276,0.2810472708852604,0.7068007877603788
3021.0,5.24035178836525E-4,0.1371134280282808,0.6296806156235352,0.23268192116934744
3567.0,2.3010132336233905E-4,0.13260586155326126,0.49190206726336555,0.37526196986001087
3146.0,1.112011140748296E-4,0.008774261181018312,0.4995445971508402,0.49156994055406666
3730.0,5.018617906558495E-4,0.10981074898552214,0.5722453722422226,0.31744201698159946
3895.0,9.204755122029077E-7,0.0023093494212512162,0.3260539729747052,0.6716357571285314
3197.0,9.142139102002147E-7,0.01940333956514682,0.28374833830441987,0.6968474079165232
3066.0,2.099108143672083E-11,9.087513403260675E-6,0.002241984216661575,0.997748928248944
3544.0,5.860684552798342E-4,0.30321939148182175,0.5565654137538363,0.13962912630906213
3438.0,5.93837926731077E-7,0.05643021916803923,0.781676343219258,0.16189284377477609
2892.0,0.002662146464887703,0.11553373507291444,0.7468863876450333,0.13491773081716468
2793.0,0.05766350173835907,0.6088429072761677,0.2786379487653832,0.05485564222008971
3275.0,1.177780962475724E-5,0.06857277776189923,0.45304150846048524,0.47837393596799077
3969.0,0.18879245312326218,0.6032653712796412,0.16599776410873357,0.04194441148836311
3620.0,1.6793359977417767E-8,5.232795804433057E-5,0.048307996502568694,0.951639658746027
3912.0,0.7996341011193915,0.1810697132200764,0.018506172433862954,7.900132266692103E-4
3821.0,0.02476537450824685,0.2761269122169878,0.42237138583806033,0.2767363274367049
3495.0,0.688176384935202,0.26789065433962944,0.041807038764722346,0.0021259219604463538
2949.0,0.27110916295657717,0.18529499102891062,0.4114337071123802,0.13216213890213202
3074.0,0.3100301422624159,0.4698229937027133,0.20089590521620765,0.01925095881866327
3252.0,2.531365725784204E-7,0.008346867133146755,0.28040167143884037,0.7112512082914404
2867.0,5.376410756689461E-4,0.05172405705745714,0.7615053031951977,0.18623299867167634
3345.0,2.9367639340184153E-9,0.0031379108667293487,0.48548143614605144,0.5113806500504553
3675.0,0.00305624126894272,0.12557285104357033,0.5290505641848373,0.34232034350264967
3051.0,1.676311084036584E-4,0.11611408455965795,0.5615257732591509,0.32219251107278746
3529.0,0.7536754013440645,0.2359684748600988,0.01015990986985297,1.9621392598366373E-4
3180.0,0.0015320977362535471,0.20352084487712804,0.5815095122662566,0.21343754512036192
3878.0,1.3669959751773715E-5,0.1554626032746968,0.5910550160132454,0.2534687107523059
3715.0,0.7933555031370878,0.16681025151046744,0.03617954361757199,0.0036547017348727002
3637.0,0.5284456448286877,0.4507318908740593,0.020544993988759738,2.774703084932158E-4
3984.0,0.31849088974360407,0.5786528621255497,0.10164479193978182,0.0012114561910644228
2808.0,0.26037997280890746,0.34144925615757293,0.3215657540388603,0.07660501699465921
3290.0,0.32368307824074105,0.46721212089607267,0.18207191367884562,0.02703288718434078
3455.0,0.01990262271994894,0.2539540851476159,0.5240673128221658,0.2020759793102693
2909.0,0.3223864751344264,0.40175383213505994,0.23869804589354007,0.03716164683697359
3091.0,0.8747232985018273,0.11405712829193507,0.010499238362861185,7.20334843376382E-4
3510.0,0.46576800852851724,0.4290545814587672,0.0930871472944576,0.012090262718258018
2964.0,0.0411705936728591,0.7296913473470994,0.2060314851396017,0.02310657384043974
3836.0,0.06756385077815229,0.5014302539668957,0.3434298644798305,0.0875760307751217
3929.0,1.6861124794000087E-6,0.013964303293577082,0.4393358860237929,0.5466981245701505
3658.0,7.15576047884492E-4,0.19780481765410937,0.5583591172760143,0.2431204890219918
2850.0,0.8762636670915759,0.11502153324029527,0.008120917490091093,5.938821780377471E-4
3328.0,0.047422096769718154,0.35282355385476183,0.5015093732685845,0.0982449761069356
3237.0,0.5050108422408177,0.4316246414592966,0.06085853577528996,0.0025059805245957615
4056.0,0.7611555477055681,0.18877731001123005,0.046147292051792715,0.003919850231409009
3218.0,5.9457091762042263E-5,0.2381977566778478,0.573007396362926,0.18873538986746413
2837.0,1.6219790062639056E-6,0.004598900035036476,0.4624527663996062,0.5329467115863511
3383.0,0.09044969488986901,0.8736921402349456,0.03566639979577384,1.917650794116878E-4
3457.0,0.08831972739681532,0.5880847396532272,0.26717191718388356,0.05642361576607396
2979.0,0.0021652153285250195,0.228128745399234,0.616767660143413,0.1529383791288279
3108.0,8.922265214107387E-4,0.0599728464430545,0.4688651436388426,0.4702697833966921
3950.0,2.0523165813184655E-5,0.04861031182976995,0.6866685007829064,0.26470066422151045
3787.0,0.4349610920905842,0.4049811689085475,0.14749666141195847,0.012561077588909772
4007.0,0.002687722482897111,0.6041469637911941,0.33207637296986176,0.06108894075604687
3586.0,5.4277626795564306E-5,0.015482757056948376,0.6251481560661738,0.3593148092500823
3400.0,0.0010167812933745003,0.08735837897325228,0.4615914175456542,0.4500334221877189
2922.0,3.159182850526833E-7,0.013855652492703879,0.37579467388672644,0.6103493577022847
3309.0,0.15916584109039592,0.5320996451124311,0.2738641709740889,0.03487034282308403
3163.0,0.0018938461066681075,0.09269582526184036,0.6749339682214937,0.23047636040999783
3036.0,6.232140113475411E-6,0.011832994895041034,0.3459210667544403,0.6422397062104053
3582.0,0.0010715638060046192,0.5559600476039247,0.38253470783543053,0.060433680754640236
3764.0,0.01422482541585013,0.3064739704390202,0.46811097467519597,0.21119022946993385
3857.0,7.189755567910056E-5,0.18386476368377916,0.6632405562892365,0.15282278247130518
3320.0,0.11202806535378676,0.5993609640889437,0.22206721841529142,0.06654375214197814
3421.0,6.964092398901984E-4,0.10785890334366523,0.5949129174701717,0.29653176994627284
2943.0,1.5619796740555609E-7,0.03872460306291526,0.5307389189726537,0.43053632176646367
3607.0,0.020404494913183423,0.4119024423528574,0.4106319206860116,0.15706114204794755
4018.0,0.49992740628947946,0.3656115210133008,0.11924120250087183,0.01521987019634783
3844.0,0.28181344905996325,0.461271413004341,0.21202243421708894,0.0448927037186067
3745.0,2.933289907651915E-5,0.047464796547743306,0.5399804861595927,0.41252538439358755
3017.0,0.011444197310270758,0.2435192365800887,0.6071612245048683,0.13787534160477216
3563.0,0.3381263194864496,0.4991130925036285,0.13936999522187704,0.023390592788044864
3150.0,7.746934876515232E-5,0.3396524191949335,0.5512204451474094,0.10904966630889204
2816.0,0.03411519262277789,0.1812769260898065,0.5741404181672621,0.21046746312015346
3362.0,0.005700806585830132,0.11636759383102668,0.6334997484992982,0.2444318510838449
3207.0,0.002637845898859928,0.06701214034567815,0.7059451527821644,0.22440486097329743
4045.0,0.0016445884021752566,0.36272050496054653,0.5246589457676759,0.11097596086960228
3688.0,0.02103678630248318,0.45192900516141365,0.39158977738759304,0.13544443114851015
3963.0,0.019273970701197653,0.41214280187768637,0.5155752565129464,0.05300797090816958
3121.0,0.0022316136172012475,0.2352815589889771,0.5936893965259966,0.16879743086782506
3476.0,0.8977613424919986,0.09390105155768395,0.00788657731058115,4.5102863973626973E-4
2998.0,0.6888935234375246,0.2737710722767796,0.03370386548037366,0.0036315388053221476
3916.0,1.2836486068151638E-4,0.2259204471400747,0.6352830106017158,0.1386681773975279
3817.0,6.30767756048284E-5,0.19860748268424142,0.5934272945373366,0.20790214600281726
3491.0,0.026690202478031482,0.3829142783163973,0.4854305830129287,0.10496493619264244
2945.0,0.20577644276163465,0.46186352761171495,0.2685205026272299,0.06383952699942055
3078.0,1.0972709325905525E-6,0.017592171075257963,0.3147102780401347,0.6676964536136747
3248.0,0.8720231834399258,0.11420285017210555,0.01282113154128542,9.528348466834508E-4
2871.0,0.00395645376804497,0.11113463289516919,0.5647750326072803,0.32013388072950544
3349.0,0.40611154136280986,0.2767357734982624,0.2670752981462503,0.05007738699267739
3679.0,0.7451283162374248,0.2139234333025548,0.03839608919456172,0.002552161265458705
3734.0,3.357344820243897E-5,0.06659627180566861,0.6553854509432997,0.2779847038028292
3891.0,0.7571910920069377,0.18141060398637415,0.05587150536059926,0.005526798646088875
3193.0,0.8599127774763035,0.12741009097897701,0.01212994869231944,5.471828523999645E-4
3548.0,1.942241651460735E-7,0.00925983483844401,0.33336658747784625,0.6573733834595445
3434.0,0.006103449942457376,0.1207550370709061,0.6348058765719813,0.23833563641465524
2888.0,8.829991688923239E-5,0.03985889429026512,0.44488355254827616,0.5151692532445694
2797.0,6.344598135153204E-6,0.09211964526034938,0.8724280052601358,0.03544600488137973
3279.0,0.21031348686063603,0.5796026646933838,0.16717121650689562,0.04291263193908452
3973.0,2.4855529969241375E-8,9.338949758689784E-4,0.2142454660446173,0.7848206141239837
3616.0,0.0012965076859045128,0.0800358952860563,0.6413513133059117,0.2773162837221275
3095.0,0.3563042732357114,0.5732965935715192,0.06447700491891326,0.005922128273856106
3506.0,1.7557705242650633E-5,0.014733124335769168,0.5991043287024369,0.3861449892565513
2960.0,0.5349085617607415,0.40042521594923525,0.05932121696893306,0.005345005321090151
3832.0,0.7345929891685135,0.23497731202523567,0.02879017716137355,0.0016395216448772758
3933.0,0.3630603345080996,0.5814835031046358,0.05196805525463685,0.003488107132627713
3662.0,3.748211956949017E-6,0.002871661948196354,0.4658609750420699,0.5312636147977768
2854.0,6.500245100742932E-4,0.02293711621474211,0.47943809434970863,0.49697476492547504
3332.0,0.05030360478846527,0.6597957997427282,0.2803669568909042,0.009533638577902384
3233.0,0.13094336490025288,0.659951749616095,0.18900319668401633,0.020101688799635642
3055.0,2.7773783234031436E-9,3.1989439616138076E-4,0.06651392682864586,0.9331661759978145
3533.0,2.0161760322982254E-8,2.6782799262994135E-4,0.10518126999927375,0.8945508818463359
3176.0,2.643036507093629E-10,4.935659503821045E-5,0.0794320517652978,0.9205185913753603
3874.0,0.02913910776492815,0.3479218512444721,0.5209228141703656,0.1020162268202342
3719.0,0.6843325589002365,0.294054679126247,0.02100060375587131,6.121582176451423E-4
3633.0,0.04267814556362159,0.8161776957279402,0.13289274311244856,0.008251415595989617
3988.0,0.2927207228433295,0.5285472813125329,0.16640923418583295,0.01232276165830456
2812.0,0.06039566279803241,0.32282760866917837,0.49264242729511265,0.12413430123767658
3294.0,0.5280339625328869,0.4105465989916895,0.05529218337339746,0.006127255102026227
3451.0,1.572290322300982E-6,0.004822273775506893,0.6897893496414151,0.3053868042927558
2905.0,4.2260571635747955E-6,0.015274253723657132,0.3080197131602533,0.6767018070589259
4003.0,0.2712158197242295,0.6393788156950853,0.08379492062785407,0.005610443952831178
