3067.0,3.195695117448989E-4,0.845068559001973,0.1540407347312756,5.711367550064207E-4
3545.0,0.02363228868247886,0.27054929942534417,0.5617457382668826,0.14407267362529444
3731.0,0.10731673266986318,0.7992681026233709,0.09322908533962332,1.8607936714258846E-4
3894.0,0.008321293592993283,0.43347378946886633,0.536086824153249,0.02211809278489146
3968.0,1.8444680123545808E-4,0.017903870628492462,0.9283435733301917,0.05356810924008051
3621.0,6.385934561954412E-12,3.5062481622820114E-8,5.413669840960137E-4,0.9994585979470364
3439.0,3.8298758658744637E-4,0.0420012140167929,0.4884648607813846,0.469150937615235
2893.0,0.9997444093457085,2.4282369851952478E-4,1.27631229023514E-5,3.832869672801437E-9
2792.0,2.8305008015340325E-4,0.27859186242262923,0.5964045846247072,0.12472050287251012
3274.0,0.149720523047215,0.29465250601200255,0.5465056009038743,0.009121370036908147
3494.0,0.2633567700750848,0.6256019094443395,0.10683037047331007,0.004210950007265604
2948.0,6.964229424044798E-9,0.0035949861917812663,0.14614859714372982,0.8502564097002594
3075.0,5.039260988427759E-7,0.04015517894583456,0.01333878172307045,0.9465055354049962
3913.0,3.751705105181524E-6,0.0022200687399033764,0.3133423124436214,0.6844338671113701
3820.0,0.47795059044231736,0.4568917551917817,0.06493317886881518,2.2447549708589807E-4
3674.0,1.9284109618474003E-7,0.005246613368132932,0.10607436159957931,0.8886788321911916
3253.0,6.622589043695394E-11,2.93329403649881E-5,0.031426719035421644,0.9685439479579874
2866.0,0.9989362407325436,0.001057219462544789,6.5379509854608625E-6,1.8539261719785159E-9
3344.0,5.633323507000978E-10,1.0046120603746065E-5,0.13795157551367718,0.8620383778023868
4040.0,1.9888495878562157E-12,4.441836862951209E-6,0.015684635630730238,0.984310922530418
3693.0,0.08474588393380723,0.640441752435326,0.2712070118060328,0.003605351824833865
2821.0,0.0032126946800764785,0.5312227463889289,0.3666959050379906,0.09886865389300395
3367.0,5.183458480149412E-6,0.005681620781370751,0.6703416855094585,0.32397151025069065
3202.0,5.424434565453057E-18,2.681811195956262E-10,1.6690193972870343E-5,0.999983309537846
3124.0,1.2917697205178784E-6,1.9234600245614195E-5,0.09323265868471198,0.9067468149453219
3473.0,0.015033856275978379,0.7465950434000853,0.2186665844729792,0.019704515850957068
2995.0,0.9195286467685658,0.06775686481614844,0.012638204487194077,7.628392809167503E-5
3803.0,0.9977469489492999,0.001804855943929395,4.477270170879228E-4,4.68089682743807E-7
3966.0,0.005899507096773712,0.6241220880118439,0.2662910063331081,0.10368739855827429
3602.0,9.345549797499475E-9,2.166736142695406E-4,0.004590166096563369,0.9951931509436173
4023.0,4.5048878536758317E-4,0.1266655806225584,0.850750594978925,0.02213333561314897
3325.0,1.2328189914032794E-6,0.009658976923045907,0.49041161444318754,0.49992817581477517
3416.0,0.22430206423934715,0.2506280076385432,0.3175426389065277,0.20752728921558197
2938.0,0.001004612451946433,0.1415099478591625,0.5261531922245715,0.3313322474643196
3020.0,0.05749327691654803,0.8431742372796054,0.08610064631571969,0.013231839488126859
3566.0,0.0017420111914188653,0.07920661846475907,0.19421370998109033,0.7248376603627317
3147.0,2.4672824925140263E-6,0.057752186759697746,0.4656721577634992,0.47657318819431055
3841.0,0.6885518187589608,0.2938631938024522,0.017582958599869393,2.02883871760604E-6
3748.0,3.2768861328902847E-4,0.007151848447631302,0.313111782887896,0.6794086800511836
3219.0,0.0188541769068213,0.680663652026194,0.2972238447127763,0.003258326354208326
2836.0,0.001603916484105488,0.03568733724140501,0.899964892970721,0.06274385330376853
3382.0,0.003649583757522722,0.14872788394474623,0.7735457740129407,0.07407675828479043
3708.0,1.2093215282621354E-4,0.02453232204175528,0.5540226151293418,0.42132413067607677
4057.0,8.77378276027604E-5,0.6719310513105299,0.32361501746633753,0.004366193395529845
3951.0,5.688523931266661E-5,0.001635791287090762,0.057541900234720965,0.9407654232388757
3786.0,9.554458177001328E-9,2.0410587771774685E-5,0.03899930500182143,0.9609802748559487
3456.0,0.43257851250467705,0.1460085061560382,0.39992548108658044,0.021487500252704315
2978.0,1.2719858210583882E-4,0.018365113527258742,0.1449268435242093,0.8365808443664261
3109.0,0.6557802216017428,0.34421130369403274,8.473666388670944E-6,1.0378357432510562E-9
3401.0,0.04242920423997928,0.9285917060773257,0.028978022832472694,1.0668502223379617E-6
2923.0,0.0011121934325726659,0.02096622509735093,0.7953423262295466,0.18257925524052981
3308.0,5.264539579136107E-8,0.037088547052931395,0.9379189595933295,0.024992440708343416
4006.0,0.9099565266869267,0.07121404013617472,0.017870150270907572,9.59282905990837E-4
3587.0,0.9985616556570563,0.001434374985894025,3.967980053211766E-6,1.376996349066147E-9
3765.0,0.1255016219465956,0.8120508480634214,0.06176265172562575,6.848782643571974E-4
3856.0,0.001627977783746397,0.023783607497374203,0.787451042403063,0.18713737231581645
3162.0,0.029783261430263566,0.023680104033332268,0.9194958635339188,0.02704077100248546
3037.0,0.005515836629938759,0.23582674679711996,0.7190891914305537,0.039568225142387524
3583.0,0.07106279160042575,0.05885543190249268,0.8314303846174057,0.03865139187967591
3879.0,0.014067956230288146,0.25018069050484665,0.4798245663399609,0.2559267869249042
3714.0,0.9933580139619109,0.006637915394096317,4.070643802063701E-6,1.9066248840204666E-13
3050.0,0.0057705566224542,0.14200628794594106,0.7264698952292667,0.12575326020233799
3528.0,1.5586291343725823E-7,1.7341644214374478E-5,0.19955703623721843,0.8004254662556538
3181.0,0.056043894453390905,0.44046415319657983,0.4181864550267704,0.08530549732325889
2809.0,0.9969641180590415,0.002949458190642247,8.641292338015195E-5,1.0826936116006551E-8
3291.0,0.5890957435773105,0.40598527551665103,0.004916860440972115,2.1204650664304397E-6
3454.0,0.3071467274279161,0.6786387521200168,0.012764541412071373,0.0014499790399956562
2908.0,0.7036337606465735,0.14330854075028562,0.15271884643187061,3.3885217127028387E-4
3636.0,9.77645806223159E-4,0.18205386062702664,0.8008117982350178,0.01615669533173254
3985.0,0.011728304258258585,0.27056212262077944,0.7050098599740134,0.012699713146948396
3837.0,2.9421092152911436E-11,5.312739728886556E-7,0.026107108277901216,0.9738923604187048
3928.0,0.002100357159901077,0.07246664344265692,0.8705097803965971,0.05492321900084493
3090.0,9.735796610163473E-6,0.01127049670827363,0.2940322089890346,0.6946875585060815
3511.0,6.492838961180124E-5,0.039369469044070585,0.7258286205419455,0.23473698202437202
2965.0,0.5736237621576001,0.4248081397660411,0.0015620830118505545,6.015064508125706E-6
2851.0,0.0013555429239988943,0.05161096396425856,0.9461744183222619,8.590747894807308E-4
3329.0,9.936665568747857E-4,0.03452337477381648,0.7534305740855587,0.21105238458375009
3236.0,0.0015902010611567844,0.8290262388929518,0.16860187201536173,7.816880305297131E-4
3659.0,8.686511988283827E-9,0.009078244428789833,0.33441955545933655,0.6565021914253617
3490.0,0.6872181077683897,0.0035756830767404092,0.20943818417684965,0.09976802497802034
2944.0,0.001544081510951139,0.678303962710327,0.32011866591806315,3.328986065879118E-5
3079.0,2.3952553994196094E-4,0.05165322683909119,0.5577895335585683,0.39031771406239857
3917.0,1.8871279434068474E-6,0.004144489748058486,0.733136448449976,0.26271717467402195
3816.0,0.0022058625283401597,0.8425517916003421,0.1363068624688397,0.018935483402477988
3678.0,0.5694480920789279,0.2670003243100289,0.1537505892297937,0.009800994381249473
3249.0,2.679725240761081E-6,0.10155098578886362,0.35382584773339715,0.5446204867524984
2870.0,0.7576375669414905,0.2362417953141906,0.006120230018884333,4.077254345352448E-7
3348.0,0.5560957596798431,0.42842965963837093,0.015438988082605989,3.559259918010259E-5
3192.0,0.7951353604185866,0.20319365285827173,0.0016709735021649143,1.322097673736717E-8
3071.0,0.4524159395558221,0.41267988715178106,0.1298695892473908,0.005034584045006114
3549.0,0.4976376832825582,0.5018186198607053,5.372311910160112E-4,6.465665720388141E-6
3735.0,0.038927367830068005,0.8157049621870162,0.14536733307067803,3.369122378810414E-7
3890.0,0.022995800740254865,0.9764824257804358,5.217650662200867E-4,8.413089345270307E-9
3972.0,3.539208311082645E-4,0.3850065282462166,0.5893413460296546,0.025298204893020548
3617.0,6.74965655872697E-6,0.009848238394946985,0.25811698321826426,0.73202802873023
3435.0,1.0451465997665645E-5,0.035840503429136236,0.9285282002874021,0.03562084481746393
2889.0,2.306967658043228E-6,5.6145969554798824E-5,0.017686690773098413,0.9822548562896887
2796.0,1.8886760283905895E-4,0.4497334323538804,0.5469256008912456,0.003152099152034823
3278.0,0.001652242510824512,0.748061949499034,0.24391233051686328,0.0063734774732782
3606.0,1.615084675221809E-5,0.1007140445912721,0.8960344613623719,0.0032353431996039236
4019.0,1.912753673164093E-6,3.4372890367051213E-4,0.6323446259096416,0.3673097324330149
3321.0,6.82139434316023E-8,6.958909543662086E-5,0.22483607953384643,0.7750942631567735
3420.0,0.8693443186879117,0.12610186894210043,0.004542778173315003,1.1034196672777224E-5
2942.0,0.017227016162205407,0.6225120856185379,0.35720501837137153,0.003055879847885223
3016.0,0.11359457665794591,0.839379469287668,0.04443617616390182,0.0025897778904841926
3562.0,0.004867566881540057,0.028395486369090388,0.5648649036151887,0.40187204313418073
3151.0,0.6971243132417475,0.2897546162936299,0.012905786778620592,2.1528368600181314E-4
3845.0,0.266216040517491,0.7144523233595751,0.019329073347239965,2.562775694030334E-6
3744.0,0.03900237883109346,0.6496380995242657,0.3051108430734789,0.00624867857116196
4044.0,4.8018613845113E-9,1.1506717439002371E-6,0.010311104678896184,0.9896877398474986
3689.0,0.0022555361852806804,0.00296563801111916,0.23867884607308934,0.7560999797305108
2817.0,6.165664053300509E-6,0.1707202107763469,0.7506773777648511,0.07859624579474869
3363.0,8.771715143662442E-4,0.2700998316375346,0.19942213462036185,0.5296008622277373
3206.0,0.33135368413066885,0.23056525713629344,0.3247769314990671,0.1133041272339706
3120.0,0.008686382468128197,0.0232566454844787,0.8976174277810023,0.07043954426639094
3477.0,8.177067900835426E-4,0.12583773260201178,0.8575795079907094,0.015765052617195387
2999.0,7.266275667664294E-11,3.4268535885709144E-5,0.03853658597822521,0.9614291454132264
3807.0,0.0022529129198638194,0.4705738708445234,0.49644949441886527,0.030723721816747433
3962.0,0.0013260880032587,0.019208953951661986,0.516527584076883,0.46293737396819623
3405.0,1.0893588731789943E-8,0.005403854853559247,0.16179180871305196,0.8328043255398001
2927.0,0.8357277905755758,0.11985925098288952,0.02582732495802194,0.018585633483512776
3304.0,6.724980849985643E-5,0.08019040106840412,0.07438691519208598,0.84535543393101
4002.0,8.13002028869441E-7,0.0014177378906938896,0.1648748777518864,0.8337065713553907
3591.0,0.988989726643582,0.010729397613452284,2.8037731109517556E-4,4.984318705385124E-7
3761.0,0.14087598271999574,0.39726072071052826,0.43260234155218724,0.02926095501728881
3860.0,3.3567839808128913E-4,0.15276373228594772,0.5831277095973325,0.26377287971863855
3166.0,0.4086956608797546,0.46647339549707206,0.12418862751923676,6.423161039364533E-4
3033.0,2.0807988055540096E-4,0.0021876999246102295,0.7791891369006536,0.2184150832941808
3579.0,6.355415031376263E-4,0.7127748800235485,0.2865590874724337,3.0491000880091993E-5
3223.0,2.1055533584309475E-5,0.005175840047533454,0.43718862031967154,0.5576144840992107
2832.0,3.539067850858217E-5,0.5159412983493192,0.48241083253387707,0.001612478438295136
3378.0,1.3592383169161217E-5,0.12575344157054058,0.6568403593406995,0.2173926067055908
3704.0,0.31318353517886055,0.4424281146305214,0.12929113122704666,0.11509721896357136
4061.0,7.326230860996242E-11,0.0013330805252059264,0.06270137107796127,0.9359655483235705
3947.0,1.4219776341928156E-13,5.106132952005002E-8,0.03714330948855108,0.9628566394499772
3790.0,5.426359630704135E-8,0.004584635409968742,0.19543378270298203,0.7999815276234529
3460.0,5.195124612000352E-12,3.202261722463976E-8,0.03355066879614475,0.9664492991760428
2982.0,3.966587500198268E-4,0.37000756139141044,0.4892405622649419,0.14035521759362785
3105.0,0.7097623911562069,0.1925123520725239,0.0976803572494012,4.489952186803986E-5
3833.0,2.1984746834982034E-9,6.190273741537947E-4,0.7754369183089111,0.22394405211846036
3932.0,5.353406789407789E-6,0.3270427467171269,0.6535858221351923,0.01936607774089125
3094.0,0.01335975754694887,0.1788246412418419,0.5082644344417916,0.29955116676941757
3507.0,0.13533915372435387,0.8625036535620971,0.0021571874042128404,5.309336162090241E-9
2961.0,0.38351931856064875,0.4656091770874379,0.1500636798317213,8.078245201922291E-4
2855.0,0.9966986717435015,0.0029288700369071922,3.697986627527185E-4,2.6595568385843988E-6
3333.0,0.03056442630860225,0.8615851708937587,0.10765639369581768,1.940091018213726E-4
3232.0,1.570553652441632E-4,0.2949465292388257,0.6938885188327293,0.011007896563200947
3663.0,2.2095381062496413E-13,4.550659994898729E-6,0.031131619874804915,0.9688638294649792
3875.0,0.003459446718677607,0.13358116122958572,0.8433296522759594,0.01962973977577738
3718.0,9.293083336262043E-12,2.0484811463976274E-5,0.019208080051406624,0.9807714351278364
3054.0,3.4247888442928036E-6,0.003896996456526447,0.5403255973099171,0.45577398144471226
3532.0,1.9644365784775323E-6,0.00762231224014531,0.9180885369057807,0.07428718641749534
3177.0,9.417948974355234E-9,9.512381892658448E-5,0.36542131796645794,0.6344835487966665
2813.0,0.06459149873208825,0.23693223912077388,0.6647767896412192,0.033699472505918586
3295.0,1.0923553769841623E-10,1.4502192258997884E-4,0.07906723682791816,0.9207877411402564
3450.0,0.5567638367404176,0.4117251026840555,0.03149652989700897,1.453067851798052E-5
2904.0,1.6939800317390926E-12,8.782067910207478E-7,0.008468581802296765,0.9915305399892183
3632.0,0.010634991698989337,0.937564686481838,0.05179950622125488,8.155979178436343E-7
3989.0,0.01054842534988752,0.11993874586947799,0.8142652884597934,0.05524754032084109
4032.0,6.145125086383208E-6,0.006569073364096947,0.5905041796816088,0.4029206018292079
3685.0,7.245856092949925E-8,3.949660206262212E-5,0.1598340072951242,0.8401264236442523
3375.0,0.6554522081638225,0.3444166691084723,1.3112270378132004E-4,2.3923989017092442E-11
2829.0,6.22815766554025E-7,0.0022499091949647098,0.19354034209592508,0.8042091258933437
3210.0,0.01113798982014841,0.35019724535829105,0.5957804698819124,0.042884294939648085
3132.0,2.8714215402665236E-16,3.165891772460875E-8,0.008838575080889097,0.9911613932601929
3003.0,0.00900610520657978,0.8823675689071327,0.108497913565267,1.284123210204647E-4
3481.0,0.1575767236722042,0.8075436881557869,0.03481108869440744,6.849947760145209E-5
3795.0,2.0914824249225615E-5,0.013864724863117898,0.5916661567781925,0.3944482035344405
3958.0,7.502127425153262E-4,0.8991947704990227,0.0998466214617993,2.0839529666273602E-4
3610.0,9.344801782075143E-10,4.461678707414039E-5,0.16073958130040908,0.8392158009780366
4031.0,0.9254936825506943,0.07382717390927668,6.643868621597496E-4,1.4756677869397798E-5
3317.0,0.005873836611025918,0.2634125463122592,0.6288561916631261,0.1018574254135888
2930.0,0.09242238738147987,0.5648786733790123,0.3386310092434516,0.004067929996056348
3408.0,0.9814055513413689,0.018098572197621995,4.95618501700798E-4,2.579593083389591E-7
3558.0,0.9848968615751623,0.015095010980754149,8.12573525050581E-6,1.7088329752991777E-9
3012.0,0.02334070816558037,0.5664799113859925,0.40866250608887944,0.0015168743595474871
3139.0,0.12609411968070033,0.6988283239148144,0.17101846609777932,0.004059090306706063
3849.0,0.99188745619687,0.008097251106422393,1.529053779711699E-5,2.1589105916115586E-9
3756.0,0.0027849274128064,0.13858030882302058,0.8084948791349792,0.0501398846291938
3188.0,0.5580743652165758,0.22863728779175166,0.21304294353377287,2.454034578996632E-4
3537.0,0.9989817110864252,0.001011584247324511,6.703877382085617E-6,7.888683334817124E-10
3059.0,0.001099300418625933,0.03007624259070778,0.9187199812078733,0.050104475782792854
3739.0,2.827508819387332E-6,0.001189566225926165,0.24052850343569282,0.7582791028295616
3902.0,2.122168442717642E-9,0.01666905285421945,0.671094741524317,0.312236203499295
3976.0,0.025164390789169554,0.6199805180089363,0.22338002942701446,0.1314750617748797
3629.0,0.9252734489693274,0.07468500963446084,4.1541152212694855E-5,2.4399897879997764E-10
2885.0,1.5595274782851093E-10,1.9632348737667646E-6,0.25142146266147053,0.7485765739477029
3431.0,8.108699485482108E-8,0.06958700589627176,0.6792695674414092,0.25114334557532414
3266.0,7.86798388313511E-5,3.104834514809448E-4,0.20393963889383407,0.7956711978158537
2956.0,0.44536739954091215,0.39605777342450893,0.14955285848291874,0.009021968551660093
3502.0,2.0308104079695196E-5,0.1601550621729387,0.8394446650216015,3.7996470137994137E-4
3083.0,0.015954423927010263,0.1260399273995097,0.7217696419347684,0.13623600673871153
3905.0,0.008911820751326998,0.4467280189887383,0.5441256628982747,2.3449736165999263E-4
3812.0,4.910704702775715E-5,0.5052177505462229,0.4825827522660737,0.01215039014067577
3666.0,8.642484171959857E-4,0.9423261469057868,0.0466038934304311,0.010205711246586112
3261.0,0.006559816860515398,0.8370612752971746,0.15637739303177225,1.5148105378160145E-6
3352.0,0.005196087770809361,0.04846799341411661,0.7590075118697742,0.18732840694529973
2874.0,7.170182701336579E-11,6.612833834923904E-9,0.0027385414248161954,0.9972614518906481
3887.0,4.913528079205175E-4,0.2139604663565267,0.7838094746663231,0.001738706169229672
3722.0,0.33009126008742073,0.43314406669732886,0.23326310280892273,0.0035015704063276745
3520.0,0.0018471463460027055,0.6320740008014268,0.36324392785327886,0.0028349249992915965
3042.0,0.7700165020693693,0.1556690671412061,0.07349340440644397,8.210263829807012E-4
3173.0,1.1246705672050915E-4,0.10091047672294147,0.8120202720422088,0.0869567841781291
3283.0,0.01086403855366403,0.06219275698414894,0.6890410397320101,0.23790216473017697
2801.0,3.117524308394307E-5,0.8948516677451548,0.10450256529224512,6.145917195162135E-4
2900.0,0.083895203072736,0.8149631976722875,0.10079031796685571,3.512812881207647E-4
3446.0,0.4464773652682984,0.4935175667133769,0.059845225014137755,1.5984300418697995E-4
3644.0,2.0233746217751091E-4,0.931395030627947,0.06837632670926304,2.630520061240356E-5
3993.0,0.5929301050602235,0.35327686681110326,0.05351257126441349,2.804568642597176E-4
3829.0,2.1134359486208378E-8,2.049111950250718E-6,0.0021666843435644485,0.9978312454101258
3920.0,0.8508279904880068,0.14722643861175636,0.0019452740275561497,2.9687268062063345E-7
3098.0,1.2737456687666552E-5,0.014242752182050242,0.8593878943712933,0.12635661598996883
2973.0,0.9990752189616481,9.213623164605594E-4,3.418578166831564E-6,1.43724642482444E-10
3519.0,0.1584207449515433,0.8216121965489287,0.019419000444305896,5.480580552222633E-4
3337.0,0.007385222181750667,0.07966258834158249,0.8859679746819709,0.026984214794695944
2859.0,1.3275686649569925E-8,5.5903903887138494E-5,0.1278969424155902,0.8720471404048361
3244.0,1.0478803989921907E-14,2.2845615800913174E-6,4.928216653679955E-4,0.9995048937730414
3651.0,0.0030482137413474788,0.07390030111539443,0.13939380660134665,0.7836576785419114
3227.0,0.001382135984925826,0.5829694119413158,0.4155855267321213,6.292534163711057E-5
3390.0,0.00756294286924257,0.94146828472397,0.050101510003078616,8.672624037086039E-4
2844.0,0.10099157984886503,0.32309677502705125,0.556001851817512,0.019909793306571714
3700.0,0.028253375797568547,0.94617307457745,0.02557170854490123,1.841080080082539E-6
4049.0,0.01636958168324116,0.14111246104476388,0.8249965104862531,0.017521446785741815
3943.0,6.357210074269717E-7,0.022646197405080244,0.3779111383515664,0.599442028522346
3778.0,0.008829909952864038,0.052127781363399045,0.8012003966065867,0.13784191207715013
2986.0,1.2196864034049547E-6,2.771529090739865E-4,0.2093891862023818,0.7903324412021409
3464.0,3.8924079971179153E-7,0.002896273672023258,0.3237745554949104,0.6733287815922666
3117.0,3.5097599708069904E-6,0.1934601993212103,0.7796740781126491,0.026862212806169804
2915.0,0.9856438737399686,0.014320198725908832,3.587523634986433E-5,5.229777257121861E-8
3300.0,1.393768031854439E-4,0.001072497970163313,0.008696725592638432,0.9900913996340128
4014.0,1.7634293905282686E-13,4.807020115730491E-7,0.007042147436068384,0.9929573718617436
3595.0,8.445789826511024E-6,0.025534858506350466,0.3402456898670809,0.6342110058367421
3773.0,9.362303559736408E-4,0.2513135049533634,0.5734814462450079,0.174268818445655
3864.0,2.641407889880049E-14,5.4007535603844385E-8,9.110262472113306E-4,0.9990889197452266
3154.0,2.912764509359111E-4,0.13971505288201316,0.8157442890354762,0.04424938163157461
3575.0,4.710743853121881E-5,0.14267175199200924,0.856141872210509,0.0011392683589505268
3029.0,0.05130541198443364,0.8637131000870759,0.08411745869098025,8.640292375101551E-4
3614.0,3.9416514737583997E-4,0.6679426046885704,0.3010594150303382,0.030603815133715604
4027.0,8.086170518763283E-5,0.020245397763028954,0.0777347789115977,0.9019389616201857
3313.0,5.2041285442975526E-6,0.004887348970986543,0.1530523825544346,0.8420550643460345
2934.0,4.214726160876687E-5,0.16174936166497111,0.30377088232761695,0.534437608745803
3412.0,0.17499681303375056,0.7076030769614735,0.10950115198844004,0.007898958016335946
3554.0,0.11443735472090909,0.8805813642014471,0.004979544816034107,1.7362616096629021E-6
3008.0,2.5378591804469615E-6,0.003785584726134115,0.7996712227981738,0.1965406546165117
3143.0,0.001017096954934479,0.9550478894069143,0.04393303752808335,1.9761100677958736E-6
3853.0,3.592697325446684E-4,0.6019197648487491,0.3879376917027374,0.00978327371596877
3752.0,0.49752441439473244,0.4956526109565617,0.006805499288936485,1.74753597693216E-5
4036.0,9.227632266573683E-5,0.003959189492754383,0.15146247517797315,0.8444860590066067
3681.0,1.1116373541307943E-4,0.023354518567605263,0.07549754278782528,0.9010367749091565
3371.0,6.434034577488976E-7,0.017689973036496012,0.9794173958630331,0.0028919876970132158
2825.0,2.504213894376295E-4,0.6166076460154776,0.32571945393175317,0.057422478663331715
3214.0,0.7890358104827909,0.20334945767370724,0.007599903369094344,1.4828474407466022E-5
3128.0,2.597744638180418E-5,0.00141475077938149,0.6736389067142539,0.3249203650599828
3007.0,4.7723105218111664E-12,4.438184230348522E-6,0.05388932208053372,0.9461062397304636
3485.0,0.008545433279967027,0.9897410636277764,0.0017134264393782088,7.665287835034646E-8
3799.0,2.4353180869187376E-4,0.13374612668799868,0.8658848652452764,1.2547625803311586E-4
3954.0,4.7566250071305296E-7,1.525888546494053E-4,0.06388055710605312,0.9359663783767967
2952.0,0.9048853761605584,0.08921062887218623,0.0025104144217545734,0.0033935805455006956
3498.0,9.580409222877342E-4,0.7751719282721328,0.21263607457209602,0.011233956233483467
3087.0,6.88369386803759E-5,0.0029941777648124198,0.0576782580100035,0.9392587272865037
3909.0,0.2743075573436195,0.5968546621508056,0.12883413704801142,3.643457563359737E-6
3808.0,9.381378798445665E-9,7.610798665496051E-5,0.23130205310639013,0.7686218295255761
3670.0,6.418979116827185E-4,0.12259600771327564,0.7602017203533646,0.11656037402167702
3257.0,5.740433482833679E-8,0.5033050059370684,0.3856591694417822,0.11103576721681455
3356.0,3.064259640287278E-8,6.777946110819337E-4,0.1847399110132023,0.8145822637331193
2878.0,4.46587466849169E-7,7.979994126961359E-4,0.22682850357839385,0.7723730504214431
3184.0,0.06638281371439347,0.7571790828994175,0.17457735438707042,0.0018607489991186502
3541.0,1.3405639437119345E-12,1.2884307481302368E-6,7.097328994436646E-4,0.9992889786684677
3063.0,2.5369763563324715E-4,0.065062861945524,0.5687740427798711,0.3659093976389716
3743.0,0.07745573365537547,0.7232801576702332,0.19435688304806584,0.004907225626325366
3898.0,7.001142543164397E-4,0.289614396995077,0.7095631571606168,1.2233158998961247E-4
3980.0,0.018122250481038046,0.6931113766226353,0.2536957931924047,0.03507057970392206
3625.0,0.46101251843783264,0.08029137889613437,0.1290437036329446,0.3296523990330884
2881.0,0.10961805729812975,0.2517555487995077,0.5751935765507677,0.06343281735159484
3427.0,0.6973578843638895,0.2976646972911252,0.004835004063107721,1.4241428187753983E-4
3270.0,9.43781559567427E-8,1.8249508000434407E-5,0.8678901951575266,0.13209146095631713
2788.0,0.10038112145257358,0.42551209101448456,0.4524361871563412,0.021670600376600662
3825.0,0.7913636778714118,0.19797442393249426,0.010655888213401783,6.009982692126626E-6
3924.0,0.0353827859705541,0.17053250239572446,0.7563222516017014,0.03776246003201999
3102.0,0.7676745109956583,0.22111162866653214,0.01099794815337749,2.159121844320667E-4
2969.0,6.573483874575024E-9,1.321149474696887E-4,0.031429964051727086,0.9684379144273194
3515.0,1.6017514768670326E-4,0.6341588822769302,0.30880554843754915,0.05687539413783399
3341.0,0.07980287968619361,0.46141700880412034,0.39737485174969467,0.06140525975999133
2863.0,0.6732893782388715,0.22270132512910473,0.10332247306368653,6.868235683371206E-4
3240.0,0.00280584719340142,0.2471418079260433,0.74731544373642,0.002736901144135208
3655.0,0.40829574086594356,0.5627320114220824,0.028827759950486528,1.444877614875558E-4
3883.0,0.207368229978119,0.7614395642477018,0.03069504852442586,4.971572497533489E-4
3726.0,0.03585257895296511,0.02616480930027449,0.8830058776525649,0.054976734094195505
3524.0,1.9423782043822198E-6,0.014686077329376695,0.6962439108993724,0.2890680693930466
3046.0,3.5048830686800083E-4,0.01646531758881124,0.7252529221223041,0.2579312719820166
3169.0,7.082906508003423E-11,7.151809546633037E-5,0.19697544099615616,0.8029530408375485
3287.0,0.002897447364693301,0.03675089323237594,0.950605244823624,0.009746414579306783
2805.0,0.47446125934606104,0.5122521146489022,0.013226856497567043,5.976950746975155E-5
2896.0,2.0709057689646667E-7,4.887653089918046E-4,0.038528648212375526,0.9609823793880559
3442.0,1.6365120608749563E-8,7.765363806308583E-5,0.013902402296893584,0.9860199276999227
3640.0,0.11661796598577397,0.5193990753384251,0.36276291704278857,0.0012200416330123045
3997.0,2.3633975392634797E-5,0.056069105285041616,0.790920520835373,0.15298673990419273
2919.0,0.0466851416349669,0.8215681815184557,0.12866914622820988,0.003077530618367467
3397.0,0.4716034333149926,0.35471070977653435,0.1688587013695086,0.004827155538964468
3296.0,2.3593342329230466E-7,1.920072065235037E-4,0.08522991549857353,0.9145778413614796
4010.0,0.9987575007101367,0.001236218521410311,6.278643522454352E-6,2.1249305741881576E-9
3599.0,1.8708377218996168E-4,0.010811400541645458,0.8426412170865895,0.146360298599575
3769.0,0.0019690682973471665,0.12547597023416668,0.7929457570201961,0.07960920444829009
3868.0,0.7967569356033937,0.04496906287225363,0.1550194276555369,0.0032545738688157457
3158.0,0.5516483976517833,0.31481272191790416,0.13310296472824146,4.359157020710553E-4
3571.0,2.995522615639439E-4,0.01710429433396569,0.8434053770259178,0.13919077637855257
3025.0,0.012170594569636387,0.9769275449069105,0.01085481934788895,4.7041175564142474E-5
3231.0,4.1554541455412244E-4,0.2503604322150772,0.74587438889582,0.0033496334745486255
3386.0,0.26763284143778404,0.42226986103517056,0.3040272100527365,0.006070087474308986
2840.0,1.3452118613076971E-8,0.016940390493830643,0.3350765632023494,0.6479830328517014
3696.0,0.9933216239170679,0.006577507770151795,1.0086735003028623E-4,9.627500766542885E-10
4053.0,1.306458014220138E-6,0.007290966894482598,0.5949555893172197,0.3977521373302835
3939.0,0.8242022334583514,0.16639386073935516,0.00939179800972617,1.2107792567243785E-5
3782.0,6.536861292814187E-10,4.6065601642569066E-4,0.06064976237078665,0.9388895809591016
2990.0,0.8990470916424603,0.09073607665404429,0.010179439235931245,3.7392467564115304E-5
3468.0,8.220475062771365E-8,0.001183575496575642,0.5687230737511547,0.4300932685475189
3113.0,2.4540474132354844E-9,0.0048188772817496185,0.3949700757400803,0.6002110445241226
2820.0,0.002725769266682993,0.007706428360355114,0.7980253815349382,0.19154242083802372
3366.0,0.9866720308492021,0.013111922394571608,2.1601689966972004E-4,2.9856556733479556E-8
3203.0,1.7424610948754097E-4,0.1397267218504239,0.7708915288018537,0.08920750323823483
4041.0,0.002091925545356631,0.06339595755219267,0.8037094265697273,0.13080269033272343
3692.0,0.01474268452441651,0.9257638972286409,0.05935461104009946,1.3880720684308965E-4
3802.0,7.05798568758435E-9,7.2955877458254344E-6,0.008106530639671525,0.991886166714597
3967.0,0.0038917664563372567,0.010044901612686315,0.7000588679511748,0.28600446397980156
3125.0,3.1114542584806864E-5,0.07294373033226836,0.6003195303153632,0.3267056248097837
3472.0,8.263833329740739E-5,0.1551033762644797,0.8422379602240944,0.002576025178128548
2994.0,0.5717144081397747,0.42197657817248546,0.006140071859130651,1.6894182860917713E-4
3324.0,2.6637542900698217E-7,0.011100320744427381,0.609095388238593,0.3798040246415507
3417.0,3.337783274348401E-4,0.40660007822442307,0.5930417708621677,2.4372585974340424E-5
2939.0,5.030451313524519E-5,5.941706073792018E-4,0.43244941810726845,0.5669061067722171
3603.0,0.07802481011667423,0.7583906221905454,0.1542789060059793,0.009305661686800961
4022.0,4.994679447624037E-4,0.03512061749964138,0.5481915852537353,0.4161883293018609
3840.0,0.04575618944392208,0.40637185956615246,0.5429254166601084,0.004946534329817037
3749.0,2.454521684090651E-6,3.4566198387599043E-4,0.46637001998154864,0.5332818635128913
3021.0,0.13405794931625828,0.5823438761786786,0.1427965207147874,0.14080165379027573
3567.0,0.46363780763062656,0.1869403676770539,0.33335664262164166,0.016065182070677836
3146.0,0.30365943197533174,0.4267766962995232,0.26485853619716604,0.004705335527978974
3730.0,8.834262276872917E-4,0.710182524587367,0.28071454893532743,0.008219500249618173
3895.0,1.4001962531221592E-10,1.7240512144004185E-5,0.046559829990995054,0.9534229293568413
3197.0,4.936606597511911E-9,1.936100160038938E-4,0.05819999918462669,0.9416063858627628
3066.0,1.6167590803303179E-12,5.1517459161264E-8,0.006542968002306292,0.9934569804786177
3544.0,3.5872620094745497E-8,1.0466458016163202E-4,0.6799545758947172,0.31994072365250115
3438.0,1.3545038814507716E-5,0.04378501926292928,0.9478178885784995,0.008383547119756862
2892.0,0.791313758439621,0.20380503176620482,0.004881097898795345,1.118953789130734E-7
2793.0,0.06927504790577525,0.11296062270089322,0.791702576501088,0.026061752892243464
3275.0,0.015702464626508608,0.5327290622478169,0.4345054217756409,0.017063051350033616
3969.0,0.9109146983289896,0.07835500927546385,0.01058694887380704,1.4334352173931247E-4
3620.0,6.652192672199223E-10,3.5491003780930983E-4,0.051881861141619856,0.9477632281553515
3912.0,0.970707677298153,0.029164247568870698,1.2747536490627362E-4,5.997680700312562E-7
3821.0,0.028866293955310977,0.2325560370278094,0.7353183698171676,0.0032592991997120032
3495.0,0.208714592166024,0.7854189141669066,0.0058664505882600505,4.307880933113817E-8
2949.0,4.898049362473953E-4,0.0018748278416198202,0.7302014476699799,0.26743391955215295
3074.0,1.0424384611456244E-4,0.04689629360465171,0.4500351368733803,0.5029643256758535
3252.0,0.0066417603045480405,0.45488061169376814,0.5255057324061388,0.01297189559554497
2867.0,0.008864109852028828,0.32574081823152923,0.665297421055886,9.765086055589884E-5
3345.0,1.7873893820012335E-7,0.021535321951976456,0.9737764116951096,0.004688087613975671
3675.0,1.5311904102614823E-4,0.05946823278465857,0.25900765990898267,0.6813709882653326
3051.0,0.0047072533486450735,0.33469373273431496,0.5785817431242902,0.08201727079274977
3529.0,0.016448523344413154,0.9648965499676744,0.014703736996952845,0.003951189690959679
3180.0,6.480562822526825E-6,0.00994166224094171,0.5733616685167678,0.4166901886794679
3878.0,1.7847982482130625E-6,0.004642918761691153,0.23982601173965937,0.7555292847004013
3715.0,0.2197095711319269,0.5646121850825225,0.2141307403988468,0.0015475033867037818
3637.0,4.228122655694007E-5,0.14749787326574065,0.1909251661440739,0.6615346793636285
3984.0,2.2148451804333556E-7,0.002163885184092314,0.1365486637085708,0.8612872296228188
2808.0,5.1014749111583355E-5,0.45567823293722176,0.4494268336701152,0.09484391864355156
3290.0,0.014198462690096792,0.6936272268989178,0.2673374666950716,0.024836843715913753
3455.0,9.904030930698502E-6,1.7802224683704905E-4,0.14051492087904113,0.8592971528431912
2909.0,0.022400791393801883,0.5052381294367292,0.47047705614482055,0.0018840230246483084
3091.0,0.8498763200080931,0.14578227441504985,0.004338077202043304,3.328374813807901E-6
3510.0,2.586468128734151E-4,0.01973129119079042,0.4581643181171116,0.5218457438792246
2964.0,0.32242085838537576,0.4786423089292282,0.19871497783622807,2.218548491679406E-4
3836.0,0.016067985367395007,0.03086721046258646,0.5891406131838867,0.3639241909861318
3929.0,3.808358249217255E-4,0.17696194312878785,0.640921639351246,0.18173558169504433
3658.0,0.004225650098328055,0.010791230548283527,0.803111434483413,0.1818716848699754
2850.0,0.9902991937838201,0.00964285855127399,5.789901441628314E-5,4.865048944211069E-8
3328.0,0.017852251511590592,0.30153900355090546,0.6716226559406113,0.008986088996892702
3237.0,0.007707999834313386,0.014374044310241925,0.4296332353730479,0.5482847204823968
4056.0,0.025453560464700865,0.7623218439407621,0.20742400152287407,0.004800594071662926
3218.0,1.6782717294184257E-9,3.5033329848391766E-5,0.11062310249907006,0.8893418624928098
2837.0,2.0906376146580076E-7,0.0019737708256390134,0.9819474702700028,0.01607854984059659
3383.0,0.09590104363851777,0.7031474220833774,0.19970362430227617,0.0012479099758286412
3457.0,0.22756455228262007,0.6291300881771056,0.13930984210398503,0.00399551743628938
2979.0,9.920987791195932E-6,0.8231331419531422,0.1435103636480762,0.033346573410990385
3108.0,6.349581482498715E-4,0.2249200549844612,0.7397222034343126,0.034722783432976294
3950.0,6.469759395970012E-5,0.006649119213458583,0.9145161081416555,0.07877007505092619
3787.0,5.446281428060599E-13,1.9868402411585858E-8,0.0036470228306761878,0.9963529573003769
4007.0,0.40197148117327236,0.5079762387109134,0.0873385352899141,0.002713744825900375
3586.0,0.003947993177915466,0.04548434076597005,0.6849645803123791,0.2656030857437354
3400.0,3.51571461999813E-9,2.707539943992632E-5,0.1938133422354459,0.8061595788493995
2922.0,0.0032176185222348623,0.5187200187309534,0.3317268842356329,0.14633547851117887
3309.0,0.437525598809304,0.04711010344727054,0.5049037149472525,0.01046058279617319
3163.0,0.8743544849412883,0.05867306331093626,0.036411548611690187,0.030560903136085393
3036.0,0.0032761499552915988,0.051507443428283714,0.6766981806003854,0.2685182260160392
3582.0,0.05200819531708477,0.9461103429729149,0.001881390935247625,7.07747527574091E-8
3764.0,0.00826405142341767,0.16217785227552317,0.7890831030923078,0.04047499320875127
3857.0,1.1392093297203791E-5,0.4200997370370008,0.5440109947698694,0.03587787609983265
3320.0,1.1987321196459167E-4,0.5750159796671915,0.274956928895809,0.14990721822503494
3421.0,5.866847145550922E-7,0.0077588386895738725,0.4385207521266191,0.5537198224990925
2943.0,3.817522856882588E-8,0.004044324743111338,0.09375950774426907,0.902196129337391
3607.0,1.1014127285555238E-6,0.0736421664859573,0.23059466797956726,0.6957620641217469
4018.0,0.043731575213022525,0.44694430348445463,0.5021804962364026,0.0071436250661201985
3844.0,0.871486950108789,0.07468325820910623,0.051992325379945914,0.0018374663021589882
3745.0,1.6074008094925789E-4,0.6117686234717268,0.3868134710460085,0.00125716540131544
3017.0,3.810206743867774E-4,0.22848936649020832,0.7705125458900778,6.170669453270855E-4
3563.0,0.0015891259703915222,0.565895351850574,0.3132992912473365,0.11921623093169784
3150.0,9.394209589624123E-5,0.1417572484674521,0.35313007838882354,0.5050187310478281
2816.0,0.014362584691364293,0.19023746397752983,0.7523328167887047,0.04306713454240129
3362.0,2.82081467065087E-6,0.010394871147966288,0.48158137491709696,0.5080209331202661
3207.0,1.9188905066033494E-11,2.8741262507882644E-5,0.0017464581045254688,0.9982248006137777
4045.0,6.387010187635518E-6,0.007348040092589687,0.3916787675292519,0.6009668053679708
3688.0,1.2077701059843072E-5,0.1234695607250379,0.8683186670539991,0.008199694519903229
3963.0,6.781829753849851E-4,0.4392912117633203,0.5535369537480033,0.0064936515132913465
3121.0,0.4387161955107014,0.08181962180053531,0.26537920570600715,0.21408497698275608
3476.0,0.9885486879549998,0.010363401474066457,0.001084853961931318,3.0566090023154757E-6
2998.0,0.12924641755654498,0.802974970090737,0.06695766262607367,8.209497266442487E-4
3916.0,0.00538421855728086,0.8807193647082628,0.1129845891360585,9.118275983978012E-4
3817.0,1.0725299105226692E-7,0.002684573980079707,0.9074855658826654,0.08982975288426392
3491.0,0.11788883277695368,0.058511684909892205,0.7727336841779768,0.05086579813517733
2945.0,0.718772274423389,0.2707497671842327,0.01047196287823493,5.995514143416671E-6
3078.0,1.216426882792507E-5,0.041918061653447,0.5613009676217685,0.3967688064559566
3248.0,0.188156664988139,0.7953884485258503,0.016451903319134743,2.983166876014555E-6
2871.0,0.1429723711646491,0.10814694561431361,0.741321058834292,0.007559624386745275
3349.0,0.09475710909639806,0.09771252873046454,0.7975136079556859,0.010016754217451414
3679.0,0.45341814743455977,0.5179893020207887,0.02858001484355726,1.2535701094203788E-5
3734.0,2.926328378586929E-5,0.053906015658375855,0.1569288902124493,0.7891358308453891
3891.0,0.9966456675270399,0.0033071896716192284,4.705557961917234E-5,8.722172174584097E-8
3193.0,0.008209589875275708,0.4185932686879552,0.5552548117568712,0.017942329679897867
3548.0,1.5352941103828076E-4,0.03727973395468254,0.15132212711561796,0.8112446095186612
3434.0,6.902074172823332E-7,6.505691439868846E-7,0.016593620563516362,0.9834050386599223
2888.0,0.04734918429753792,0.1236589878916612,0.6848935630268451,0.14409826478395577
2797.0,7.510275543139929E-5,0.8766506303006216,0.12192746385739993,0.00134680308654713
3279.0,0.6006956445213558,0.39191216204082807,0.0073810210665489475,1.1172371267254545E-5
3973.0,1.6939093034124644E-10,2.281362928494458E-4,0.12155167638436154,0.8782201871533981
3616.0,0.009122982835783347,0.07961357084187803,0.7073658245590119,0.2038976217633268
3095.0,0.05270938980466457,0.9434993629682691,0.0037911873470270617,5.98800393653598E-8
3506.0,1.14842970037959E-8,0.006717925475882905,0.287117402772154,0.7061646602676661
2960.0,2.7852957892579127E-5,0.32402623843881934,0.5605505320403842,0.1153953765629037
3832.0,0.9403857428036128,0.058795412026356055,8.184185471137744E-4,4.266229175192669E-7
3933.0,0.7263488800006682,0.2681147480201685,0.00549727587057485,3.909610858842965E-5
3662.0,9.353959562966349E-8,0.0033484149496214454,0.36732544619713264,0.6293260453136503
2854.0,0.001200938591164514,0.044199061476687104,0.6607005363220423,0.2938994636101061
3332.0,2.9513729037170863E-5,0.002385564682077416,0.8304276671301689,0.16715725445871654
3233.0,0.004792695818314465,0.9223795639853478,0.07281247705516782,1.526314116993605E-5
3055.0,3.283459934056928E-14,2.638764267869601E-7,0.002551529180777475,0.9974482069427628
3533.0,4.6013431322553215E-8,2.2477587088637365E-4,0.4328116010737982,0.5669635770418843
3176.0,2.686760655501103E-9,1.0244149195014769E-5,0.021953072718667112,0.9780366804453772
3874.0,5.964642242174313E-4,0.5318317406813311,0.46696342669514707,6.083683993043407E-4
3719.0,0.01195589420867729,0.9822939757880524,0.0057022285931530164,4.7901410117077845E-5
3633.0,0.021856946835112488,0.48857203982306857,0.4315480371374928,0.05802297620432613
3988.0,0.018276475704917285,0.4783040616781476,0.4942185337169242,0.009200928900010992
