3067.0,0.012874681986816943,0.42696114711477534,0.4092245342050475,0.15093963669336008
3545.0,1.0483523964772478E-4,0.004503252347837752,0.12218359183563013,0.8732083205768844
3731.0,0.013871687598664788,0.8018230738339361,0.18277454536564067,0.0015306932017583044
3894.0,0.04011098911475712,0.4380596571767833,0.47116894756891753,0.05066040613954203
3968.0,7.97010966613142E-5,0.005209349489793927,0.15611512997096674,0.8385958194425781
3621.0,5.150151798268598E-8,8.89611969798147E-6,0.003466774944538137,0.9965242774342459
3439.0,0.001359008707597757,0.05130264319874288,0.33899000338045665,0.6083483447132026
2893.0,0.9121958544074491,0.08684699813169551,9.566947481501176E-4,4.527127051390442E-7
2792.0,6.508511471379178E-4,0.31797482588019765,0.5697359531341788,0.1116383698384857
3274.0,0.024053910376865505,0.8669928970979001,0.10315626286578802,0.005796929659446524
3494.0,0.022607090461076663,0.859576505809217,0.11754183764299689,2.7456608670951697E-4
2948.0,3.775521867603897E-8,2.5422646518690416E-5,0.005339658636039369,0.9946348809622232
3075.0,8.864108778052591E-5,0.2094316273407226,0.7532279931498479,0.03725173842164892
3913.0,4.556481927396785E-4,0.022146926029539854,0.45707468643464094,0.5203227393430795
3820.0,0.0043235086950606195,0.5199021960257324,0.4353826954976739,0.04039159978153335
3674.0,0.0020224920898969222,0.394521039030681,0.591286240541487,0.01217022833793514
3253.0,1.096900014559166E-4,0.009470088167985325,0.09204304958482382,0.898377172245735
2866.0,0.5138846579039803,0.39444607906656765,0.09116341899083397,5.058440386181668E-4
3344.0,5.650133424143519E-5,0.0014148153336796278,0.19791624140959935,0.8006124419224795
4040.0,6.069720002283912E-5,0.004621802104461253,0.12965247815465986,0.8656650225408561
3693.0,0.16341436340674786,0.6297570731156246,0.16804316782366147,0.038785395653966145
2821.0,9.925791053699853E-5,0.007056337833005119,0.2490546450072171,0.7437897592492407
3367.0,6.147145914865679E-4,0.17033281808603884,0.7581859566642389,0.0708665106582358
3202.0,1.4611632272614127E-7,1.868713811724775E-5,0.0040764525000167775,0.9959047142455432
3124.0,2.4443847951477E-6,1.2776056692341713E-4,0.02073497431315668,0.9791348207351247
3473.0,0.015221958356061953,0.16221696751027456,0.6114071862409942,0.21115388789266937
2995.0,0.89371527240836,0.09560564906068067,0.010637715409528825,4.1363121430447454E-5
3803.0,0.49113380356055397,0.3508310287017659,0.15245799150126008,0.005577176236420018
3966.0,0.0011883344879889141,0.012382700095854087,0.6737867080610258,0.3126422573551311
3602.0,5.4322206691189935E-6,4.5072860160953363E-4,0.04973545898179058,0.9498083801959307
4023.0,8.606403911150121E-4,0.11988037658806774,0.8082446244101883,0.0710143586106289
3325.0,3.617913223288483E-6,0.001615298699574661,0.14720937029065906,0.8511717130965429
3416.0,0.04360652311879466,0.14440665574504016,0.6455342109251183,0.166452610211047
2938.0,0.013484096956715973,0.316830445403588,0.4497092143779141,0.21997624326178192
3020.0,0.5541816738822076,0.3257635429188367,0.11790939628356584,0.0021453869153897367
3566.0,0.019686956425758666,0.09799632920392068,0.8705397496523288,0.011776964717991768
3147.0,6.336913166217695E-5,0.02305355361507875,0.347592887555858,0.629290189697401
3841.0,0.1659418276746465,0.7802922750108371,0.05346768018095475,2.982171335614948E-4
3748.0,5.099960978326937E-6,0.0013618698201127706,0.07206972007724098,0.9265633101416679
3219.0,3.077714513444584E-4,0.2811047877571137,0.703933354031716,0.014654086759825807
2836.0,0.0026059891112652734,0.07150330980525696,0.6455892710575253,0.2803014300259524
3382.0,0.006017189360577761,0.07716540453796542,0.5964177463631399,0.3203996597383169
3708.0,0.0012826461348665105,0.06079167309230132,0.46273916204235044,0.47518651873048173
4057.0,0.1759364178605931,0.4055829649784726,0.41017202663957314,0.008308590521361032
3951.0,0.024449772613832434,0.20152152430263418,0.4746915080962896,0.29933719498724365
3786.0,2.8661217688804763E-5,0.0011843879963519502,0.08536207071658984,0.9134248800693694
3456.0,0.18912502196026085,0.28705315200756853,0.5063721665979777,0.017449659434192875
2978.0,0.001220626040977511,0.07666052826212875,0.8963040055092861,0.02581484018760773
3109.0,0.7832644841234432,0.2099521716864665,0.006779725210390363,3.6189796998989253E-6
3401.0,0.717404424818191,0.26359953885076975,0.018974988209781683,2.104812125741616E-5
2923.0,0.007506375286478003,0.22993039670819335,0.7306002683726263,0.03196295963270223
3308.0,0.0016801202193426211,0.8793940886628812,0.11874748693168594,1.7830418609018006E-4
4006.0,0.6494081848632025,0.31638113065158036,0.03412885973802427,8.182474719278323E-5
3587.0,0.8755423425838985,0.12281197116985547,0.0016454715130360933,2.1473320985003805E-7
3765.0,0.2450989661752629,0.5810476816281424,0.16986818959508995,0.003985162601504819
3856.0,0.003533604190722068,0.033619225466032895,0.7755641582521144,0.18728301209113063
3162.0,8.787557370752286E-5,0.007419913042170335,0.31779423693792686,0.6746979744461953
3037.0,3.412638642889223E-4,0.03437291486599401,0.5222519884316645,0.4430338328380524
3583.0,0.09728668375284538,0.19980988111722436,0.6576436428217401,0.045259792308189994
3879.0,0.005260634132939282,0.3097976107451269,0.5532920311804705,0.1316497239414633
3714.0,0.9529849237923671,0.04669327164879123,3.217840562017502E-4,2.050263997755903E-8
3050.0,0.0033766779690670703,0.06061267238348774,0.473160649080858,0.4628500005665872
3528.0,1.0540556855864238E-5,3.390892506235132E-4,0.04148959104849695,0.9581607791440238
3181.0,0.0015863881175493411,0.029238274766514104,0.5304041037447617,0.4387712333711749
2809.0,0.9581292495593521,0.04080211460831333,0.0010675511475369325,1.0846847978220092E-6
3291.0,0.8348858878075175,0.16327288171710505,0.0018406583194222328,5.721559551308699E-7
3454.0,0.0042647042945059424,0.09856855281511662,0.8279748936314834,0.06919184925889418
2908.0,0.30833577651209054,0.5186187008910751,0.17091111185139965,0.0021344107454346287
3636.0,0.27787118953911355,0.6837949235799431,0.03802949389257181,3.043929883713861E-4
3985.0,0.09032890658275002,0.5917834843083892,0.31238052313974707,0.005507085969113809
3837.0,1.0182521979890178E-4,0.01011628385670965,0.25095847178609365,0.7388234191373978
3928.0,9.95165600471014E-4,0.02574948513100133,0.5231346222975509,0.4501207269709768
3090.0,4.199453573018382E-7,1.0132893913200479E-4,0.0202678552709239,0.9796303958445867
3511.0,5.519530537415111E-4,0.02106898385298837,0.7647862421703898,0.21359282092288034
2965.0,0.06004770559348079,0.23772249310200158,0.6769712886981789,0.02525851260633867
2851.0,0.022196673360369977,0.826495872000135,0.14981196503081257,0.0014954896086825516
3329.0,0.24004799706215196,0.6219587904545877,0.1356185533186713,0.002374659164589058
3236.0,0.008305733077486829,0.42796624688001794,0.5543469135665721,0.009381106475923197
3659.0,3.595471861495298E-4,0.06594422929937571,0.840885777020185,0.09281044649428974
3490.0,0.01863370212065853,0.027506098885405932,0.7013711700983265,0.2524890288956091
2944.0,0.0013982985173942237,0.2865974695530569,0.6243331006447161,0.08767113128483271
3079.0,6.764758293308197E-4,0.048811852114861776,0.9105342637907188,0.03997740826508858
3917.0,2.950320164092568E-4,0.015442460021233046,0.7130056592539877,0.27125684870836997
3816.0,0.002888150905324808,0.6162080353641085,0.37862653033042015,0.0022772834001464847
3678.0,0.13531447539421548,0.48704266923283634,0.3415135578366985,0.036129297536249605
3249.0,0.0013298766050208967,0.14386216016306227,0.24289015078338777,0.6119178124485292
2870.0,0.0998986153519196,0.5893578112019541,0.3098417812296198,9.017922165064936E-4
3348.0,0.6179153347759498,0.37060986841394516,0.01142317356606292,5.162324404208638E-5
3192.0,0.28462941011380183,0.6742939696062862,0.0410126772824132,6.394299749874734E-5
3071.0,0.03640697727551572,0.19673930528104963,0.6649002923746803,0.1019534250687543
3549.0,0.09300428696832773,0.5582489537613811,0.34793456990755767,8.121893627336536E-4
3735.0,0.06817839236298058,0.8410293082764002,0.08695679423517925,0.003835505125439987
3890.0,0.020750394205903664,0.7574137939105435,0.22126880972773083,5.670021558218307E-4
3972.0,1.8132431024289763E-4,0.10317737604919906,0.8944534559775011,0.002187843663056993
3617.0,1.876316435164934E-5,2.3260713490781318E-4,0.03952022274816097,0.9602284069525795
3435.0,1.463185604450708E-5,0.005523443788485974,0.18194634602290732,0.8125155783325622
2889.0,1.274219221570305E-7,1.692003522634349E-5,0.006893214328789198,0.9930897382140624
2796.0,1.2182043763156926E-4,0.04817244078202076,0.488093393256253,0.46361234552409475
3278.0,0.0031565966915695796,0.057905962633214604,0.7157389765701805,0.22319846410503552
3606.0,3.4326777404268636E-4,0.043692325468426954,0.884511302534298,0.0714531042232324
4019.0,1.2429243256812045E-4,0.011234149288763222,0.16896902780167006,0.8196725304769986
3321.0,7.362499946465261E-5,0.005182764623965095,0.4534492478993785,0.5412943624771916
3420.0,0.4192550984274797,0.5695265522792455,0.011217259589271287,1.0897040033944511E-6
2942.0,0.10763201978729067,0.7953446799258006,0.09676236564419666,2.6093464271191683E-4
3016.0,0.3185513102190722,0.3973471136685714,0.2823821224975744,0.0017194536147819414
3562.0,0.002586065639793687,0.0309895716023272,0.27945872614004774,0.6869656366178314
3151.0,0.41894988965479496,0.46249067089079976,0.11838065992914638,1.787795252589628E-4
3845.0,0.13210474278855694,0.6925562550724228,0.17289208988313173,0.0024469122558886283
3744.0,0.011796600339464114,0.10295468104844126,0.8737423735695714,0.011506345042523252
4044.0,1.872459822303751E-4,0.012880747031199078,0.39834561783109596,0.5885863891554746
3689.0,7.822267427378133E-4,0.0061901430337392245,0.09442929295162157,0.8985983372719014
2817.0,0.002735266867044598,0.27757377630767033,0.6849988776901856,0.03469207913509941
3363.0,0.0018621561316862142,0.0588302468483698,0.7247723238031281,0.21453527321681576
3206.0,0.08015051019163366,0.845126551772003,0.07266045385142182,0.002062484184941622
3120.0,0.008703559082166728,0.1157938969542867,0.6806010118396628,0.1949015321238837
3477.0,2.4663465045676648E-5,5.794574420353892E-4,0.03370171167535688,0.965694167417562
2999.0,1.1526529738462199E-4,0.006918393233798471,0.38848073762735985,0.6044856038414571
3807.0,5.664629235678196E-5,0.012391987736824005,0.6343988689767384,0.3531524969940809
3962.0,4.450716501578293E-5,0.011965094523651427,0.4946931015530422,0.49329729675829054
3405.0,1.640129185797598E-4,0.012879049085748464,0.5734556770021427,0.41350126099352896
2927.0,0.17990913939652972,0.27034525354552835,0.438999010285826,0.1107465967721161
3304.0,6.021008905476882E-5,0.014630629189721361,0.39361469346653033,0.5916944672546935
4002.0,1.4542054878865E-4,0.0076118849524560986,0.21521975699615345,0.7770229375026018
3591.0,0.9125813864031342,0.08699323108565378,4.253752975353064E-4,7.2136765760797495E-9
3761.0,0.049520769892473136,0.24676026897019665,0.5593185156599194,0.14440044547741085
3860.0,9.215375140261273E-4,0.036230134240497154,0.5226285176025324,0.4402198106429444
3166.0,0.7654640206661543,0.20223396336760485,0.03213719632059774,1.6481964564299447E-4
3033.0,0.001969653092534472,0.028361147545228442,0.4871874852699178,0.4824817140923193
3579.0,4.3001331814271653E-5,0.030022788024786872,0.9144098763843964,0.05552433425900252
3223.0,7.038924102972174E-4,0.024080392083676065,0.5235458073126158,0.45166990819341096
2832.0,5.379307617198906E-5,0.2720135227501953,0.7153371919875116,0.012595492186121339
3378.0,2.177181137618937E-5,0.02328109252363102,0.15836296298343275,0.81833417268156
3704.0,0.38238574718684326,0.42481085847842,0.19240755217043232,3.9584216430447544E-4
4061.0,3.521056535938142E-4,0.016592580312427777,0.35433477678937675,0.6287205372446016
3947.0,1.1391022064136938E-4,0.015239985485874597,0.11258839371871561,0.8720577105747683
3790.0,0.0033112110091036164,0.10659911215261339,0.5360982329967532,0.3539914438415299
3460.0,1.7113761763202375E-6,1.71117417107815E-4,0.012999341945923231,0.9868278292607926
2982.0,0.0027275172422405367,0.0900393107515104,0.7093502059182771,0.19788296608797193
3105.0,0.13302093531438947,0.6236079285419494,0.24176222356618035,0.0016089125774808733
3833.0,1.386661113135547E-4,0.004262490993060407,0.26583958657591783,0.7297592563197083
3932.0,0.003973881877310099,0.2684152887948628,0.34521622878112046,0.38239460054670654
3094.0,5.969352924277962E-5,0.005044185974219351,0.5345660110328933,0.46033010946364467
3507.0,0.39195523542727273,0.4857594427312223,0.12144697241889502,8.383494226097674E-4
2961.0,0.35257618284508985,0.5530097012688072,0.09410494159059843,3.091742955045076E-4
2855.0,0.9335409709476667,0.06484401878974504,0.001614178905331454,8.313572567755065E-7
3333.0,0.07086665059166174,0.9124036236061023,0.0166370518852963,9.267391693954924E-5
3232.0,0.008858757099787567,0.19750014933606191,0.7325252431183416,0.061115850445808986
3663.0,3.451400093584842E-6,5.639954181004592E-4,0.01679007591646875,0.9826424772653373
3875.0,0.031982689297370935,0.06802416197546035,0.744547084823301,0.15544606390386784
3718.0,0.003765327096408115,0.14012740592487086,0.30205358506681207,0.554053681911909
3054.0,0.0045710195635750624,0.3598357768909257,0.5706465859330293,0.06494661761246989
3532.0,4.085535223240957E-4,0.007730291790033556,0.06080440898844048,0.9310567456992018
3177.0,4.436226671641367E-5,0.009007963232150196,0.35808944206967613,0.6328582324314571
2813.0,0.027160707151968635,0.525390959787148,0.42307143924568263,0.02437689381520086
3295.0,3.3850014978529304E-6,3.696114473870152E-4,0.0430109579952605,0.9566160455558548
3450.0,0.042191858805136664,0.7861940637727532,0.17022230919226497,0.0013917682298451304
2904.0,2.6708176478225336E-5,0.0023014183484348573,0.06384925144323646,0.9338226220318505
3632.0,0.01240286423396523,0.7620932007116512,0.2245226606420219,9.81274412361746E-4
3989.0,0.06925707887229335,0.7930032346473757,0.13719207453559426,5.476119447369308E-4
4032.0,0.0014149414572620083,0.0966912745852851,0.7765715496963626,0.12532223426109038
3685.0,1.8294210118581828E-4,0.003721659607153757,0.16196764090333468,0.8341277573883257
3375.0,0.38318000567592886,0.5991602049182947,0.01762113120433498,3.865820144146232E-5
2829.0,1.8827293381987417E-5,0.004689872569461926,0.17540085224538066,0.8198904478917753
3210.0,0.017889570952725052,0.9377580707959731,0.04028653200082854,0.004065826250473246
3132.0,8.803443113562756E-5,0.008007157574680911,0.10708650389256259,0.8848183041016209
3003.0,0.0202288656437493,0.9346911555648563,0.04504594973091497,3.4029060479245854E-5
3481.0,0.7430485211092477,0.25347957624339956,0.003467355652225334,4.546995127513598E-6
3795.0,1.518414097557006E-4,0.014635450599714071,0.5735041975677896,0.41170851042274076
3958.0,4.1905808533588434E-4,0.2510056950360699,0.5630408769198632,0.1855343699587311
3610.0,7.645643951912587E-6,0.0023408862027499582,0.06898371451787921,0.9286677536354189
4031.0,0.349035771818573,0.48741431781539474,0.1589838588403503,0.0045660515256818884
3317.0,3.248821211506495E-4,0.04778062610550292,0.30731664568898404,0.6445778460843623
2930.0,0.002060038985362966,0.818726433644047,0.1712331538682896,0.007980373502300506
3408.0,0.6251667110882494,0.342700829278489,0.031843054816129875,2.8940481713183024E-4
3558.0,0.8969508308595173,0.10129776893038862,0.0017498159691283122,1.5842409656062836E-6
3012.0,0.04431807832557866,0.7968206043846228,0.1584938589955758,3.674582942227968E-4
3139.0,0.0612003185795727,0.9218575045078846,0.01661248816932063,3.296887432220409E-4
3849.0,0.9626283174066511,0.036807725729653004,5.63764633003319E-4,1.9223069254417999E-7
3756.0,0.20454248382760729,0.7863310112664667,0.009125867966756565,6.36939169490919E-7
3188.0,0.01956349933878516,0.7313090659530765,0.24541377485457613,0.003713659853562237
3537.0,0.9827706284675809,0.017100015833731313,1.293311372886173E-4,2.4561399131102352E-8
3059.0,0.0015092011381709284,0.02500907936045882,0.2759737825480178,0.6975079369533523
3739.0,7.824162892106682E-6,0.004878032918433467,0.5546583031346319,0.4404558397840426
3902.0,9.050712397054429E-5,0.025394768240173424,0.5447581174341002,0.42975660720175585
3976.0,0.12006872518289417,0.8045541873959672,0.061769089868131795,0.013607997553006857
3629.0,0.9089389763113491,0.09066926507124501,3.9164466059062985E-4,1.1395681504992884E-7
2885.0,8.625051807236621E-6,0.0019797445366385807,0.06325809073953036,0.9347535396720238
3431.0,0.009294770767534022,0.8972203073721035,0.09057836392572441,0.002906557934638123
3266.0,1.2129719283167964E-6,9.187121033734187E-5,0.014232212011143622,0.9856747038065906
2956.0,0.004792104743084114,0.33095064284220893,0.6531842723808007,0.01107298003390624
3502.0,0.0015531342413772726,0.24854772308961942,0.6360910847495259,0.11380805791947729
3083.0,0.007363237883263806,0.22320133870436748,0.6225031987031445,0.14693222470922407
3905.0,0.05025358991394044,0.9071663396952135,0.04193501200505023,6.450583857956033E-4
3812.0,0.0031018288010271223,0.17970364513593318,0.783495009573691,0.033699516489348706
3666.0,0.0021198208195805962,0.2149895239572355,0.7814008529314779,0.0014898022917060343
3261.0,0.3618948093437262,0.3920210967345975,0.24133122556942416,0.004752868352252208
3352.0,2.7717224014150576E-4,0.004004598878885156,0.38533085165181,0.6103873772291634
2874.0,0.0018450396174617926,0.0225088261308883,0.327547893675797,0.648098240575853
3887.0,0.0030633156297721243,0.07997616195966095,0.30980107316182925,0.6071594492487377
3722.0,0.03629065211099658,0.7719947434907866,0.1884264540619814,0.003288150336235406
3520.0,0.04244058616908078,0.8660683743974651,0.09099180219207063,4.992372413835285E-4
3042.0,0.6202981214793355,0.354307743365045,0.025281569944922717,1.125652106967673E-4
3173.0,0.0032072611648504192,0.5726257299630019,0.3817388367223715,0.042428172149776136
3283.0,0.010518661040543501,0.056579438211628204,0.39401976784003817,0.5388821329077903
2801.0,0.0011505477454880298,0.04886290473042976,0.6878550325533955,0.26213151497068676
2900.0,0.020694034772367136,0.48520872405101617,0.4821046910284713,0.011992550148145409
3446.0,0.654908552019292,0.3395848418413082,0.005506208372002311,3.97767397618882E-7
3644.0,0.13497157588027542,0.6993730250190696,0.1650313112800931,6.240878205617945E-4
3993.0,0.6153056541741684,0.33040427480557016,0.0536208367927617,6.692342274997208E-4
3829.0,6.3453198910960394E-6,5.368082320574643E-4,0.06757657325640085,0.9318802731916506
3920.0,0.0818381237385281,0.18388073951377562,0.6926101579649268,0.04167097878276963
3098.0,3.233734450573444E-5,0.009156054705389658,0.6525040992417018,0.33830750870840276
2973.0,0.9461538343718434,0.05294927670913252,8.962523793782202E-4,6.365396457782235E-7
3519.0,0.33005862818210013,0.5429010350964384,0.12402446904128231,0.003015867680179122
3337.0,1.5218170383308194E-4,0.0053369752088025324,0.3469216332606008,0.6475892098267635
2859.0,1.7800425302631816E-5,0.002303393471682919,0.0715643638173245,0.92611444228569
3244.0,4.326669076622158E-6,0.0025165464630262885,0.027061834158673203,0.9704172927092239
3651.0,0.012391506081789164,0.3584896104716712,0.5789578253131301,0.05016105813340964
3227.0,0.007565628804126394,0.051788950970819085,0.8127698373706456,0.12787558285440884
3390.0,0.459987649261488,0.5189093324202908,0.020957839463425505,1.4517885479568515E-4
2844.0,0.28837508540565215,0.54403321600746,0.16546754273435382,0.0021241558525339024
3700.0,0.08959370732136275,0.8731844899402411,0.03706380701434631,1.5799572404982546E-4
4049.0,0.04835365109719073,0.12083685666451704,0.7576617297239985,0.07314776251429365
3943.0,4.185410625075312E-4,0.05351615791145913,0.7547608365008966,0.1913044645251366
3778.0,0.00381014450691943,0.06866141709411232,0.4843566760307152,0.44317176236825306
2986.0,5.944526213317652E-4,0.008273294813393279,0.775968753071535,0.21516349949373997
3464.0,0.007557822383496601,0.16559069591217238,0.3581156780276634,0.46873580367666773
3117.0,5.706519581199359E-4,0.09609740449776573,0.8084044427652416,0.09492750077887269
2915.0,0.3434056033607034,0.5843125806655589,0.07216972848526912,1.1208748846849163E-4
3300.0,7.961464200963585E-7,7.957580644444975E-5,0.02196899651606116,0.9779506315310744
4014.0,5.440556979895233E-6,0.0016473132262061045,0.040706284995007794,0.9576409612218062
3595.0,0.0028374059386440127,0.01963730780754904,0.14996212959703514,0.8275631566567717
3773.0,0.010668010840829946,0.2573200653640518,0.7212907086764629,0.010721215118655144
3864.0,7.88163660272653E-7,3.3176046654762324E-4,0.02553496617582033,0.9741324851939718
3154.0,0.014078643250481618,0.6396875062249157,0.3183187666292478,0.027915083895354822
3575.0,0.03483495756215739,0.48333842722070985,0.39544890536885846,0.08637770984827439
3029.0,0.10196005219750065,0.3753932915072124,0.5070303305827483,0.015616325712538816
3614.0,0.03943100702198205,0.9332261323090935,0.027213358833201036,1.295018357233815E-4
4027.0,0.0014566357472644027,0.02268921545949456,0.36882832882742805,0.6070258199658128
3313.0,0.026217931951888436,0.11600122832713947,0.8506980295452329,0.007082810175739137
2934.0,0.003775081268186805,0.25144141922919083,0.2679744152481008,0.4768090842545216
3412.0,0.006085171145064749,0.12616308235608859,0.8159310478265677,0.051820698672278946
3554.0,0.1003994200403294,0.8520969606674472,0.04670584571574376,7.977735764795712E-4
3008.0,0.006835250091379207,0.11279480487784681,0.5116642386395631,0.3687057063912108
3143.0,0.17973843974308973,0.7705858751456172,0.049376345192057566,2.9933991923565773E-4
3853.0,0.0023877828972490105,0.46144265903783455,0.5144226538013568,0.021746904263559835
3752.0,0.5835398083679423,0.40937747998118595,0.007062709065955235,2.000258491638716E-5
4036.0,9.432356641652911E-4,0.0685928671969869,0.723822694626119,0.2066412025127286
3681.0,0.001300299849184194,0.12735281351623387,0.2673227515140526,0.6040241351205293
3371.0,1.8313486033537653E-4,0.09153148543491664,0.8700127219417854,0.03827265776296263
2825.0,2.175112100205065E-5,0.006934518073652579,0.4396064761679972,0.5534372546373483
3214.0,0.9782482980665316,0.021687401533468882,6.426725341682514E-5,3.314658268449952E-8
3128.0,0.0035349504449858275,0.034721990779026234,0.564441009888453,0.39730204888753495
3007.0,4.349125325547131E-6,3.4226032622391463E-4,0.044006106842888346,0.9556472837055621
3485.0,0.014995624733557365,0.950829367825116,0.033837181128241293,3.378263130852348E-4
3799.0,6.385083668923833E-4,0.058893298080702844,0.8804764633855839,0.05999173016682074
3954.0,1.8585065897075647E-6,1.0051105321949917E-4,0.012831723856123509,0.9870659065840673
2952.0,0.011978321608528953,0.5624225707282936,0.3727856182192615,0.05281348944391578
3498.0,7.835643223784125E-4,0.3879222830760434,0.5566943220515307,0.05459983055004761
3087.0,3.443456956824695E-5,0.0027864577237886696,0.40490559472306786,0.5922735129835751
3909.0,0.11148773402752295,0.8134497880238454,0.07376085309383315,0.0013016248547984598
3808.0,5.34176704557433E-5,0.00972697075653278,0.3224118071283644,0.6678078044446472
3670.0,0.015551417059405423,0.217694326333127,0.692126389726843,0.07462786688062464
3257.0,0.00316861403179073,0.4448606506716663,0.43401040982944095,0.11796032546710196
3356.0,1.5189377197768884E-4,0.020453859272032734,0.7447328047002765,0.2346614422557132
2878.0,0.005705253940611971,0.08838159787007928,0.5318992943229712,0.37401385386633745
3184.0,0.506705697032891,0.45767302824588324,0.035056344237433194,5.649304837926131E-4
3541.0,4.499700046151109E-4,0.03327639457406453,0.36509458142014706,0.6011790540011734
3063.0,1.6992451300922948E-4,0.02538202787738893,0.530533388495565,0.4439146591140368
3743.0,0.01606124265133443,0.13573444584734223,0.8343699584061139,0.013834353095209412
3898.0,0.01023908722721154,0.8671294442429772,0.12146019877893492,0.001171269750876329
3980.0,6.339906874148893E-4,0.2642063324749924,0.5558737423897863,0.17928593444780636
3625.0,0.02877964733762249,0.312459247372274,0.44288489819762134,0.21587620709248218
2881.0,0.0035074601841536533,0.09077070272466438,0.8790726020927819,0.02664923499839999
3427.0,0.6871711878978983,0.28382684878055026,0.027764686277706136,0.0012372770438450927
3270.0,2.959580690625285E-5,6.965194594383773E-4,0.06997072828239985,0.9293031564512556
2788.0,0.2355178158455175,0.21332661725101593,0.42564951697091263,0.125506049932554
3825.0,0.4275273852868924,0.5696999443817232,0.0027723905549340224,2.797764505646665E-7
3924.0,0.01615127751509429,0.5190498167303661,0.4230107995543424,0.04178810620019724
3102.0,0.8422437292187012,0.15464762446657845,0.003107775015560516,8.712991599786898E-7
2969.0,7.515712608868938E-8,1.323196634929031E-4,0.020722251471670707,0.9791453537077104
3515.0,3.847457552915495E-4,0.055551760042352995,0.9208309457054445,0.02323254849691101
3341.0,0.056646721808611376,0.5390863005924609,0.3579836712620075,0.046283306336920294
2863.0,0.0031023071773127646,0.3870628077481705,0.5221248434013985,0.08771004167311836
3240.0,0.2957246275069051,0.5905751614618021,0.11348771191785341,2.124991134392151E-4
3655.0,0.0711363742457587,0.7674583694923226,0.1597347852725552,0.0016704709893636217
3883.0,0.14501942406483997,0.8210210709724893,0.03390364173322189,5.5863229448627494E-5
3726.0,0.153561090063767,0.2524428772399217,0.5696454943587163,0.02435053833759494
3524.0,0.003431146974058382,0.1531830183340624,0.804900156523699,0.03848567816818024
3046.0,0.02419102682100052,0.2031007335612797,0.6867894361233744,0.08591880349434529
3169.0,7.303880218072111E-5,0.01197796153979717,0.15515334322252217,0.8327956564355
3287.0,0.024307361370889687,0.26474872178746006,0.65033324989996,0.060610666941690185
2805.0,0.1003773004746197,0.8504013640751037,0.049079284189004126,1.4205126127242408E-4
2896.0,8.59921912561818E-6,0.001981408393357714,0.17594687642187784,0.8220631159656387
3442.0,1.0742215111792245E-5,0.001384877756817676,0.10308063817938092,0.8955237418486895
3640.0,0.06668938633541614,0.893654879179975,0.03945170051149194,2.0403397311686923E-4
3997.0,0.008027357351417174,0.20255450855869456,0.7521988848685895,0.0372192492212987
2919.0,0.7541663544113292,0.24364175691653966,0.0021904348556263777,1.4538165049038654E-6
3397.0,0.16185764061406488,0.4554801003505751,0.3758867856454021,0.00677547338995784
3296.0,1.721547559857697E-4,0.026071302481912237,0.4842858270173784,0.48947071574472373
4010.0,0.9747211190854451,0.025074340669155027,2.045090578891641E-4,3.11875105427897E-8
3599.0,0.0014187057323136335,0.03382609273771816,0.599573766274763,0.36518143525520513
3769.0,0.06572768667024899,0.0702774693115441,0.7818282917734275,0.08216655224477949
3868.0,0.5519428567313289,0.4060054373367651,0.04198932050079943,6.238543110656366E-5
3158.0,0.06960929868763514,0.5278775850467047,0.400993384519825,0.0015197317458351994
3571.0,0.01946076074511482,0.19870876279590896,0.6157269800812065,0.16610349637776964
3025.0,0.2859700045174742,0.6989881027752773,0.014974626290108043,6.726641714027156E-5
3231.0,1.9744487863470757E-4,0.22708945312439893,0.7656163579104426,0.00709674408652366
3386.0,0.021429119038518803,0.5542112774199612,0.4202400358791647,0.004119567662355069
2840.0,7.566453263338144E-5,0.006742723769140485,0.08360195779966344,0.9095796538985627
3696.0,0.9317553722933596,0.06793332672014085,3.112444006189472E-4,5.6585880678980455E-8
4053.0,5.0514334779063586E-5,0.01231808285181335,0.35032805238117165,0.6373033504322361
3939.0,0.07725635098787091,0.9042065836466401,0.018507366018162448,2.9699347326448725E-5
3782.0,1.4254603386364015E-4,0.006693351875551083,0.5527026112151217,0.4404614908754637
2990.0,0.04972442207087311,0.6773565343201875,0.26443418390158097,0.00848485970735833
3468.0,9.574922645330249E-5,0.021948489578671324,0.3022661507305372,0.6756896104643383
3113.0,3.7337168225823667E-4,0.0723777955114832,0.7379292258737772,0.18931960693248134
2820.0,0.012193528368534153,0.075017102485883,0.8873038402853317,0.025485528860251124
3366.0,0.6110698937904815,0.36347215755129386,0.025399413643393726,5.853501483105523E-5
3203.0,6.971804075055506E-5,0.009500373016429519,0.5068764467128569,0.4835534622299631
4041.0,9.554293890144709E-6,0.0015379434195688993,0.274579892622212,0.7238726096643289
3692.0,0.09556701338132706,0.8729044209517485,0.03100754658710871,5.210190798157736E-4
3802.0,1.571861670523912E-5,3.099254600241468E-4,0.01855102339938915,0.9811233325238815
3967.0,0.0075078277181092464,0.09961626122291822,0.8859723162797065,0.006903594779265943
3125.0,0.013139245073079241,0.2606322219601194,0.5981040246547019,0.1281245083120995
3472.0,0.0014354758150091006,0.4237656523163492,0.2478886189940968,0.32691025287454495
2994.0,0.6096192303964866,0.380725816975595,0.009642880747392621,1.207188052562555E-5
3324.0,0.0019714394207838116,0.24914479729801575,0.37350843715195703,0.3753753261292435
3417.0,0.0012549202377413568,0.11260202746617379,0.842960835347863,0.04318221694822184
2939.0,0.002932599554985142,0.015708741093526025,0.7566796466497906,0.22467901270169832
3603.0,0.046042052803805786,0.3529386650700751,0.48412217443278943,0.11689710769332964
4022.0,0.0027470477931377645,0.0578749613057612,0.8851247402189404,0.05425325068216072
3840.0,0.03501239832365736,0.65666282224725,0.2969292799509,0.011395499478192692
3749.0,6.6898629748682315E-6,3.9837235626734264E-4,0.029157276147373887,0.9704376616333839
3021.0,0.019113966129131764,0.33486387784590904,0.6283752611434235,0.01764689488153588
3567.0,0.01039049589553448,0.5119543360744638,0.4549284006554699,0.022726767374531952
3146.0,0.005545262227769671,0.2453846436236927,0.5924831224671937,0.15658697168134375
3730.0,0.0013667370640043463,0.5417294632116432,0.43908189821655297,0.017821901507799637
3895.0,2.772803899609007E-7,6.878697411424469E-5,0.010260841381686954,0.9896700943638088
3197.0,6.0753569306404996E-5,0.01619320364522886,0.5243809216568434,0.45936512112862127
3066.0,8.031183728687158E-6,7.81266882270218E-4,0.04156346841300267,0.9576472335209983
3544.0,3.6438117325904816E-5,0.00907348665657198,0.22873920866445435,0.7621508665616478
3438.0,2.6749375795970904E-4,0.03305071997662269,0.9369699332387191,0.029711853026698397
2892.0,0.05638293590166848,0.3405904639514025,0.5387035395584059,0.06432306058852313
2793.0,0.012696460153878023,0.7458883766946715,0.21602623177156993,0.025388931379880488
3275.0,6.361181244423957E-4,0.27992656894957546,0.7100080586881026,0.009429254237879589
3969.0,0.3052539518497202,0.6681352947952236,0.02656759848614528,4.315486891069014E-5
3620.0,1.0843196915538763E-4,0.009529139067373378,0.3829170473537656,0.6074453816097056
3912.0,0.7099869027147288,0.2856998388442195,0.004312795204481621,4.6323657014962515E-7
3821.0,0.030151465818377583,0.8751487788457349,0.082636991839873,0.01206276349601467
3495.0,0.24284145832194784,0.7027687047215826,0.054283847978595506,1.0598897787405246E-4
2949.0,0.0033045551424257594,0.011034047426685548,0.27457590482432803,0.7110854926065605
3074.0,0.08094206294600889,0.3879491563849169,0.49430071169940054,0.0368080689696737
3252.0,0.0018148271026044878,0.4394398010686074,0.5342157055260358,0.024529666302752343
2867.0,0.015014554353723236,0.2539849773801348,0.6277698815551136,0.10323058671102846
3345.0,2.8121621277467814E-6,0.0023558010890304347,0.2542898264471009,0.7433515603017408
3675.0,3.289633454398326E-4,0.015044842314874993,0.21666066510155804,0.7679655292381272
3051.0,0.01285684686444938,0.3817596050651077,0.5751348059791803,0.030248742091262763
3529.0,0.08344570671157665,0.3440819465857561,0.4795598806465712,0.09291246605609615
3180.0,9.162690347432798E-5,0.013655872331412541,0.299535505091327,0.6867169956737861
3878.0,3.232955198513269E-5,0.0028169962885320468,0.10717555313342984,0.889975121026053
3715.0,0.04746679553449743,0.8570023711529907,0.09475032027451227,7.805130379995933E-4
3637.0,0.10797815551903577,0.5283217055062738,0.33082968527075785,0.03287045370393281
3984.0,0.012229447033866223,0.48748436192026035,0.4849370059811379,0.015349185064735368
2808.0,0.0038848781205529357,0.12374382162350754,0.7617426637367914,0.11062863651914809
3290.0,0.07369715210223698,0.17183828597964948,0.723050907517287,0.031413654400826524
3455.0,0.00437619004368065,0.01165779654495418,0.8282160318995673,0.15574998151179797
2909.0,0.008464015933990762,0.13736268854507125,0.7766966186815873,0.0774766768393507
3091.0,0.41409148696282094,0.5775285733981308,0.008351139398110432,2.8800240937789816E-5
3510.0,0.08190382451992083,0.1520841395275663,0.6634330234952746,0.1025790124572383
2964.0,0.009985697777014434,0.21597910618936092,0.7446383650154079,0.029396831018216912
3836.0,0.009712097009328001,0.06359885031766314,0.731493442155967,0.19519561051704198
3929.0,3.777514185183566E-5,0.005684130467246826,0.37117877979858893,0.6230993145923124
3658.0,0.014873249727712652,0.3797857142829427,0.5740239962474162,0.03131703974192849
2850.0,0.9632075406218072,0.036474015121771536,3.18409977100138E-4,3.4279321038251305E-8
3328.0,0.004001820420150162,0.05950392877884913,0.85716842814555,0.07932582265545073
3237.0,0.007571578018084758,0.3660587360989784,0.6106940248988579,0.01567566098407884
4056.0,0.8973136978812652,0.1012593699509148,0.0014253226771941327,1.609490625861138E-6
3218.0,6.860298000169173E-5,0.013530323808268099,0.13411375736003092,0.8522873158516993
2837.0,2.1978927289443468E-5,0.0064310692213505995,0.8367102649824558,0.15683668686890423
3383.0,0.08843997090076254,0.8606535417436166,0.05073505154599231,1.7143580962855162E-4
3457.0,0.19922710772006824,0.30083764699280685,0.4931751606304817,0.0067600846566432575
2979.0,0.006276552024208327,0.3351280125544829,0.5165332305518738,0.14206220486943488
3108.0,0.007398829210669579,0.21678913545807865,0.6858639563968745,0.08994807893437716
3950.0,1.6728734958586007E-6,0.0010500384752309083,0.08056442885973426,0.918383859791539
3787.0,0.019361492398929533,0.22040818759628214,0.5073443111932867,0.25288600881150153
4007.0,0.014040579716373116,0.23235477385501752,0.7533554131412223,2.492332873870773E-4
3586.0,9.59137092242627E-5,0.0088822420432727,0.41136487415153605,0.579656970095967
3400.0,1.2745320837015783E-4,0.007258374405686112,0.16760780779259624,0.8250063645933475
2922.0,7.20691541050625E-6,0.005300815264974856,0.19545305024007162,0.799238927579543
3309.0,0.008845129211101792,0.08988014869155074,0.8819454196353901,0.01932930246195747
3163.0,0.0011105036157711273,0.020094946754072963,0.9072839563307358,0.0715105932994202
3036.0,1.0517141891068149E-4,0.011859492608577979,0.20216886124876893,0.7858664747237425
3582.0,0.013267578127742291,0.6154858552541201,0.3445917803276286,0.02665478629050911
3764.0,0.013427198477302185,0.10799436817416402,0.6254405007440639,0.25313793260447
3857.0,0.03740247451951127,0.3493881322904091,0.40950140708270283,0.2037079861073768
3320.0,0.035953520733575196,0.9374563913806283,0.024831243690200996,0.0017588441955956353
3421.0,5.147072508548515E-4,0.11177488431432435,0.691957002315554,0.19575340611926667
2943.0,4.399805283704661E-5,0.016033477393536118,0.22624499672621395,0.757677527827413
3607.0,0.0015829333821695433,0.053406211489909455,0.3704739844146007,0.5745368707133203
4018.0,0.07045621654343096,0.3134245629369678,0.5732690163093577,0.04285020421024366
3844.0,0.15975073000565135,0.4990490422065826,0.31270141514143707,0.02849881264632891
3745.0,7.203302709043526E-4,0.293866877830748,0.6954464903799243,0.00996630151842329
3017.0,0.006639510107125085,0.04436311608597967,0.9462162026088149,0.0027811711980804564
3563.0,0.008014489908788981,0.8071842164470258,0.18125720067609682,0.003544092968088355
3150.0,8.65600236355371E-4,0.2925581288162343,0.4922220470308253,0.21435422391658507
2816.0,0.2502589461595949,0.489994975539071,0.25471729595735143,0.005028782343982696
3362.0,3.111008104270483E-5,0.005634245957515955,0.39768314390916637,0.5966515000522751
3207.0,9.262490820960617E-6,0.0011723176542855428,0.07120865332007222,0.9276097665348212
4045.0,0.008069176921303618,0.6354769908401846,0.3506511278997045,0.005802704338807227
3688.0,0.003986079332692728,0.5063735288834023,0.46819899335949006,0.02144139842441498
3963.0,0.008226211122270921,0.20118870838944947,0.7859538548031566,0.004631225685122934
3121.0,0.05067691904977779,0.345865126137718,0.5789917136849182,0.024466241127585983
3476.0,0.9707519791018832,0.028945464044560776,3.019923213562338E-4,5.645321996199754E-7
2998.0,0.7348479096756128,0.24255857021700386,0.02162166723848065,9.718528689026533E-4
3916.0,0.00265510916191359,0.06520987451085004,0.4354734891138136,0.4966615272134228
3817.0,0.004934637924899022,0.18292931222829625,0.7225127171066105,0.08962333274019424
3491.0,0.03383075484242941,0.24261420616418594,0.6719301983036725,0.05162484068971223
2945.0,0.15664894937537086,0.3278626650943592,0.48293093040534474,0.03255745512492515
3078.0,5.452775817392098E-5,0.010567935973254915,0.9120962102893792,0.0772813259791921
3248.0,0.9163082066429258,0.07769333550978136,0.005960366863787031,3.8090983505870565E-5
2871.0,0.06545108480533152,0.553376555339826,0.3193095666058165,0.061862793249026014
3349.0,0.44712630220500627,0.09556438248646475,0.2786188887299932,0.178690426578536
3679.0,0.46760732120433285,0.5186437921050038,0.013740519684480304,8.36700618315217E-6
3734.0,6.503445773932008E-4,0.1456511773546923,0.6945374709086166,0.1591610071592979
3891.0,0.7050991037951844,0.23262721442505838,0.06215098963936,1.226921403970225E-4
3193.0,0.09572769907536668,0.7816484828403839,0.12161783067363369,0.0010059874106158693
3548.0,7.664470167128079E-5,0.01427393346713001,0.18435344469353765,0.8012959771376611
3434.0,6.946870613944555E-4,0.004287667544191498,0.3028194740986172,0.6921981712957969
2888.0,0.001332679690531041,0.04154990199874896,0.23378960647522123,0.7233278118354988
2797.0,0.02791934550752992,0.3990560345398184,0.5359192050642868,0.03710541488836496
3279.0,0.020662796397785295,0.8001356964981297,0.17291801103982682,0.006283496064258065
3973.0,3.6147006929095074E-6,0.0025838892919917873,0.3126769799852973,0.6847355160220179
3616.0,0.023902052203267125,0.11289755251297091,0.8372461042363806,0.025954291047381256
3095.0,0.056639876998164584,0.783630429529881,0.15788787620116412,0.0018418172707901457
3506.0,1.2584930666512107E-4,0.013383768528766776,0.13527431323006697,0.8512160689345012
2960.0,0.0037616343989017244,0.38520193655573126,0.24792758016201602,0.36310884888335093
3832.0,0.5841295600108758,0.34160198519558627,0.07411734039644385,1.5111439709392625E-4
3933.0,0.7131666081361657,0.2534455607948626,0.03312244925166309,2.6538181730873585E-4
3662.0,0.0020872976292789095,0.08087378340696627,0.7675145263738601,0.14952439258989478
2854.0,0.001784237978271618,0.03238653376121382,0.8720199523133447,0.09380927594716996
3332.0,0.008943802388544893,0.8460995753602079,0.143476583734575,0.0014800385166723244
3233.0,0.026880561173548305,0.9526464090827964,0.02042408491950961,4.894482414570294E-5
3055.0,3.494824642665406E-6,4.5908249387662214E-4,0.016320245800535264,0.9832171768809453
3533.0,3.2427500362241596E-4,0.017514706107431235,0.5440429570236356,0.4381180618653107
3176.0,2.5621330131504835E-7,5.871453516636759E-5,0.014278042153563963,0.9856629870979683
3874.0,0.03594873128777401,0.20284493039434623,0.7252612924145941,0.035945045903285754
3719.0,0.14016923517895685,0.77109547339467,0.08602191863293213,0.002713372793440995
3633.0,0.15948950793767117,0.8202868438213515,0.020212246066475405,1.140217450185301E-5
3988.0,0.03198260878407179,0.9376645128265879,0.02973166038266801,6.21218006672435E-4
2812.0,0.25219892828483714,0.5771479400127358,0.17059481510695254,5.8316595474604666E-5
3294.0,0.05051131506314601,0.8446102351955204,0.08699285326245526,0.017885596478878354
3451.0,7.621729657255874E-6,0.0013713987198538935,0.9512371925481524,0.04738378700233639
