6393.0,0.08087395134987199,0.5429092342142096,0.3762168144359185
6135.0,0.01791385732031948,0.49462776195822333,0.4874583807214572
5860.0,1.4121577722414345E-8,0.008146029638986002,0.9918539562394364
6634.0,0.49917480185746455,0.4999804925210388,8.447056214966868E-4
4933.0,5.967095068769498E-4,0.6355980173583333,0.36380527313478966
5585.0,0.09209751146311779,0.898795894865589,0.00910659367129317
5897.0,0.14606533357462242,0.8507245694616903,0.00321009696368722
6151.0,8.90168113651305E-7,0.23905194776589864,0.7609471620659877
6420.0,0.9690690005120173,0.030903913155177917,2.7086332804567712E-5
5658.0,0.9832577136672347,0.01670546850463782,3.681782812749314E-5
5180.0,0.9271990357170853,0.07277401859527254,2.6945687642259828E-5
5051.0,3.971784553247671E-7,0.3179557247044537,0.682043878117091
5423.0,0.01876739889342279,0.19782630942916218,0.783406291677415
6689.0,0.6985924739586302,0.29673978580292865,0.004667740238441012
6166.0,0.005055366179646952,0.9629655124983199,0.03197912132203318
5912.0,0.16957807169194294,0.824643296127437,0.005778632180620031
5643.0,3.630899736011643E-5,0.21348382335720462,0.7864798676454353
6405.0,2.683640083560409E-7,0.018363734590935772,0.9816359970450558
5034.0,0.008107399681543169,0.8480572186679555,0.1438353816505014
5165.0,0.2856665464340988,0.7118181957407511,0.0025152578251502245
6704.0,0.005782076066945189,0.9563651948555318,0.037852729077522955
5438.0,0.9519413753641471,0.04803215089359036,2.6473742262531037E-5
6118.0,1.3819131834446516E-5,0.29617546177511905,0.7038107190930465
6376.0,2.492708292732256E-4,0.44949353372788536,0.5502571954428415
6651.0,0.014346669163267822,0.9800773554006738,0.005575975436058498
5877.0,5.957060457094592E-4,0.1794694858257415,0.819934808128549
5331.0,0.0050118744752759535,0.8987156613815115,0.09627246414321268
4948.0,0.0012658528235515844,0.7957866614981249,0.20294748567832344
5568.0,1.1179806334521306E-4,0.6401978767065701,0.35969032523008476
5673.0,0.009431762266454109,0.8980489964156428,0.09251924131790294
5946.0,0.9079030848046883,0.09130328427459836,7.936309207134109E-4
6196.0,0.44465075832942796,0.5550984232898808,2.508183806912615E-4
5404.0,7.805695378674432E-4,0.4266656131677467,0.5725538172943859
5000.0,0.25636393729182194,0.6740734770188689,0.06956258568930906
5135.0,8.641664201765354E-4,0.7190359562043214,0.28009987737550207
5847.0,0.023865473085308758,0.6003028871964133,0.3758316397182778
6617.0,0.14148068565151484,0.8560006726757969,0.0025186416726882795
6346.0,0.16882522033359426,0.8048354549920835,0.0263393246743221
6084.0,0.6825848166094507,0.30505107085988176,0.012364112530667585
5602.0,0.977510289807557,0.021874747702145553,6.1496249029729E-4
5361.0,0.7288895184368235,0.27093426889198463,1.7621267119172955E-4
4982.0,0.030073836161178275,0.9659192385933535,0.004006925245468098
6600.0,0.36138794343640035,0.63775973358439,8.523229792097241E-4
5830.0,0.001653360196715769,0.7017710313383875,0.29657560846489667
6101.0,0.2109761079560128,0.7833658606527778,0.005658031391209443
6363.0,1.0380502237909782E-6,0.012360179738718998,0.9876387822110572
5619.0,0.039455631855810525,0.953060047547626,0.007484320596563552
4967.0,0.632991813869185,0.36637592028110333,6.322658497116882E-4
5344.0,0.009561330351257608,0.9733215741831273,0.017117095465615174
5688.0,4.325309225995277E-6,0.12005019585182378,0.8799454788389502
6454.0,0.7791579647440885,0.2157916986846558,0.005050336571255634
6181.0,0.9846363220648313,0.015359286189771153,4.3917453975447346E-6
5931.0,5.064949919310792E-4,0.4609341831089365,0.5385593218991325
6659.0,7.484870285026186E-7,0.01372787364115508,0.9862713778718165
5389.0,0.0015098089742267534,0.933489040183388,0.06500115084238525
5150.0,0.5040677913427383,0.4948120176449336,0.0011201910123280919
5017.0,0.999777667664814,2.2216370932497524E-4,1.6862586103462887E-7
5068.0,0.06545636186099586,0.9115046624536499,0.02303897568535416
5195.0,2.637355042705518E-4,0.47081939900777864,0.5289168654879508
5464.0,0.6651390263238129,0.32769627936108264,0.0071646943151044504
6742.0,0.004216236331521746,0.9899103640518606,0.005873399616617545
6014.0,6.972372785579266E-6,0.0949294966487367,0.9050635309784776
6256.0,0.7686843019538444,0.230087638989876,0.0012280590562795156
6499.0,0.0014205336300383276,0.43288094268237287,0.5656985236875889
5741.0,5.0730876605959354E-5,0.8832817342957726,0.11666753482762134
5301.0,0.06371500213786538,0.9270670067116653,0.009217991150469116
5542.0,0.2855260309294428,0.7140464597963554,4.275092742018448E-4
6286.0,0.36792189702688577,0.6306335583061744,0.0014445446669398834
6016.0,0.36858138333366286,0.5328919947094758,0.09852662195686132
5779.0,0.028091153615770477,0.9695129873808711,0.0023958590033585775
6557.0,7.806767090525013E-8,0.02110095068382512,0.978898971248504
5284.0,0.9237792862626155,0.07568046514980813,5.402485875764334E-4
5559.0,3.525154693122071E-5,0.02004332115287881,0.9799214273001899
6033.0,0.03389537221656277,0.8665725489033694,0.09953207888006765
6303.0,0.9288846633839405,0.07072827754720643,3.870590688531691E-4
6540.0,0.10307051988499386,0.7146914192037196,0.18223806091128658
5762.0,2.2251596556194548E-4,0.5431692981653778,0.4566081858690602
5210.0,0.08097784328814868,0.914118151024616,0.004904005687235175
5085.0,0.9723930419719712,0.027600464781360655,6.493246668097111E-6
6727.0,0.3213700792266335,0.6738787982071474,0.004751122566219102
5449.0,0.13008551132808924,0.8666859500905449,0.0032285385813657606
6241.0,0.9474706672700621,0.052383264831997754,1.4606789794013273E-4
5999.0,5.368204895206389E-4,0.45524720081987935,0.5442159786906
5756.0,0.1474645406419533,0.7940208451051322,0.0585146142529145
6514.0,0.0323852360059279,0.7855690541394243,0.1820457098546477
5254.0,0.578067974045415,0.42160666383331236,3.253621212726448E-4
5792.0,9.659154517670562E-10,8.073067167887226E-4,0.9991926923172959
6574.0,0.007878068303391075,0.9447741696379495,0.047347762058659454
6333.0,1.0617065780458075E-5,0.28413816557345856,0.7158512173607611
6067.0,0.02248012056889318,0.9524086157107196,0.025111263720387373
5483.0,0.03758852833721097,0.8714471907733101,0.09096428088947903
6757.0,0.13305101592633659,0.8484663588414549,0.01848262523220858
5240.0,0.8214065929300013,0.17857004904906498,2.3358020933763456E-5
5119.0,0.008296771949466883,0.47507505871339556,0.5166281693371376
6480.0,0.024247650552067537,0.9386743531637077,0.037077996284224604
5726.0,1.0247863985428035E-4,0.4096572406890322,0.5902402806711136
5965.0,0.12267897951938693,0.7307206949518511,0.146600325528762
6772.0,0.1937168285008373,0.7876829497847285,0.018600221714434137
5498.0,0.017615798754206744,0.9681776936251809,0.014206507620612258
5102.0,4.53217398771473E-5,0.15957537002553157,0.8403793082345913
5225.0,0.06556455318211869,0.6491202046317995,0.2853152421860817
5711.0,0.2948264878614281,0.7023772840224868,0.0027962281160851927
6465.0,0.5836170216111154,0.40830297043714103,0.008080007951743497
6226.0,0.014235781467789775,0.9734201938460457,0.012344024686164632
5980.0,0.1541218952677444,0.8360188465191366,0.009859258213119016
5508.0,0.7555688998208121,0.16258933525663433,0.08184176492255368
6794.0,0.012879442933524438,0.9831763846882932,0.003944172378182419
5271.0,0.7687814187871125,0.22785347349976925,0.0033651077131183096
6591.0,0.02152698610309967,0.9491832013710111,0.02928981252588946
5809.0,2.765148672521338E-5,0.9668926142573165,0.033079734255958275
6050.0,0.0748140117002911,0.9041638064978079,0.021022181801900866
6316.0,1.205394423004498E-5,0.4716843147733127,0.5283036312824573
6150.0,0.25348472259546023,0.7431756957423588,0.0033395816621808573
5896.0,2.4278773456475546E-4,0.8131703438446662,0.18658686842076902
5659.0,1.4218587131586244E-5,0.29926346535985315,0.7007223160530154
6421.0,0.0076082867430954946,0.9807376788882611,0.011654034368643389
5181.0,0.9623695994128999,0.03762779637004152,2.6042170587036754E-6
5050.0,9.260881080903611E-8,0.04027614306284386,0.9597237643283454
6688.0,0.03766620303283951,0.955025176225538,0.007308620741622459
5422.0,0.17472476318258376,0.8246786728046083,5.965640128080416E-4
6134.0,7.812622363678286E-4,0.5518551704963741,0.447363567267258
6392.0,2.371231656962851E-4,0.40141812131481597,0.5983447555194877
6635.0,0.608062696843895,0.3916797251780625,2.575779780424217E-4
5861.0,5.522624313283232E-4,0.961443267492751,0.03800447007592088
4932.0,0.0014871479535664444,0.14933996530832383,0.8491728867381098
5315.0,0.3972844248363385,0.5936835088508214,0.009032066312840047
6377.0,0.11715492572292875,0.8686387256048748,0.014206348672196476
6119.0,0.19329186302744444,0.8052995963386645,0.001408540633890916
5876.0,1.5380249259162052E-5,0.05335872107589366,0.9466258986748473
6650.0,2.2792366811013476E-6,0.1613140207535475,0.8386837000097714
5330.0,4.2922276682868775E-5,0.2763939562132607,0.7235631215100565
4949.0,0.7087969200651578,0.2911082523814791,9.482755336313847E-5
5569.0,0.07477578739399081,0.9037821056044413,0.02144210700156789
5913.0,0.004815389277406833,0.9566862405556686,0.038498370166924714
6167.0,3.415739921166348E-4,0.3191813990191666,0.6804770269887168
6404.0,5.193808226324561E-4,0.8692042170582566,0.13027640211911107
5642.0,0.5673729070507494,0.28643855755720027,0.14618853539205026
5035.0,2.9787296939368223E-8,0.03601849703496454,0.9639814731777384
5164.0,0.05657527121986583,0.871222694283035,0.07220203449709925
5439.0,8.996055452897118E-4,0.9172010305473998,0.08189936390731048
6616.0,0.004380236204707229,0.6334230822877303,0.3621966815075625
5846.0,0.9443341104958359,0.05541027165271514,2.5561785144900394E-4
6085.0,8.277612641582117E-4,0.632592001345406,0.3665802373904358
6347.0,0.9844952412699377,0.015488703568620686,1.605516144168818E-5
5603.0,0.0012564849000294377,0.13727040836920607,0.8614731067307645
5360.0,7.633689142648618E-4,0.9802225557099647,0.019014075375770417
4983.0,7.014917617465877E-4,0.7183705944164506,0.28092791382180293
5672.0,0.6002352284332325,0.39927513723997116,4.896343267964525E-4
6438.0,0.009467788008895693,0.9203728958086291,0.07015931618247512
6197.0,0.538200142512052,0.45110985333734216,0.010690004150605843
5947.0,0.007569705716842237,0.9694529247234135,0.022977369559744346
6675.0,2.551472555983299E-4,0.6407708236220906,0.35897402912231113
5405.0,4.340182251942752E-5,0.8054613416061632,0.19449525657131725
5001.0,0.012224674078295724,0.9822802898463214,0.005495036075382738
5134.0,0.9364316125885532,0.06350067503275299,6.77123786938377E-5
5689.0,1.3325322345716464E-4,0.7852211027129818,0.21464564406356107
5930.0,0.3843169894020515,0.6075285193640023,0.008154491233946173
6180.0,7.319786106710139E-6,0.2797224990890255,0.7202701811248677
5388.0,0.3927757148859632,0.5995865659987277,0.007637719115309056
5151.0,1.3733321388616242E-4,0.9786192857322494,0.021243381053864273
5016.0,2.8391101333397653E-4,0.7682714781116616,0.2314446108750044
5831.0,7.129404373564527E-5,0.8678332289230555,0.13209547703320898
6601.0,0.9976643665026268,0.002335414067702007,2.1942967099222289E-7
6362.0,0.04399358568584347,0.7861165286726957,0.16988988564146099
6100.0,0.9886919846878596,0.011196471295866895,1.1154401627361147E-4
5618.0,5.768604008323649E-4,0.09472071368420806,0.9047024259149595
4966.0,0.031215925387632678,0.9668121965640804,0.001971878048286958
5345.0,0.11605145354458206,0.8713758022083047,0.012572744247113216
5300.0,0.09389973060352545,0.902181045962214,0.003919223434260561
5543.0,0.889736102620604,0.08822872612240873,0.022035171256987406
6017.0,0.008487117677887365,0.9904034759235884,0.0011094063985241376
6287.0,0.9581019742346779,0.04184994137710458,4.808438821738787E-5
6556.0,0.022002980500372398,0.6485601826754858,0.3294368368241418
5778.0,2.2730782717325448E-4,0.898235252819899,0.10153743935292778
5069.0,6.250855626811201E-5,0.26857427826812386,0.731363213175608
5194.0,0.05808320169754553,0.8021102311245696,0.13980656717788484
6743.0,0.06345135139794376,0.9223141828257344,0.014234465776321857
5465.0,0.9408524995185077,0.05913416979711893,1.333068437335863E-5
6257.0,0.0023586213594461738,0.9911869132188714,0.006454465421682459
6015.0,0.2083578135672157,0.790114072066205,0.0015281143665792614
6498.0,0.07738455674721631,0.47694291586595333,0.44567252738683044
5211.0,2.907239450017804E-5,0.2435857110713991,0.7563852165341008
5084.0,0.004485709441270737,0.5104410853557353,0.48507320520299396
5448.0,5.2848292175668874E-8,0.02300174869857189,0.9769981984531358
6726.0,4.1766679702219837E-4,0.35062030645990405,0.6489620267430738
5998.0,0.23582908874435612,0.7596760141357333,0.004494897119910756
6240.0,8.695540230330398E-5,0.21144992923673606,0.7884631153609607
6515.0,0.18192088298689058,0.8160253402853687,0.0020537767277407967
5757.0,0.4825332378372607,0.5154147897816231,0.0020519723811161616
5285.0,3.2622421136820935E-4,0.024631766571890732,0.9750420092167411
5558.0,0.003610990994717861,0.4824553084379218,0.5139337005673602
6032.0,0.1918509835723013,0.8062637746747935,0.0018852417529052468
5763.0,0.028036842280777286,0.9252734832860323,0.04668967443319042
6541.0,0.01172311893451238,0.9770163807759844,0.011260500289503147
5482.0,0.11331624975225976,0.8856427013824778,0.0010410488652623374
5241.0,0.0578174675648222,0.8917647838182627,0.05041774861691499
5118.0,0.9819896092260214,0.017945765986862382,6.462478711604417E-5
6481.0,2.3829666537489113E-7,0.01690211985000778,0.9830976418533268
6210.0,0.00313676420071066,0.9469637245715391,0.04989951122775023
5964.0,0.9976587521880175,0.0023408004223879142,4.473895947092108E-7
5524.0,0.7134546250236722,0.2818755176994238,0.004669857276903885
5255.0,0.8699341029356581,0.12833428171668082,0.0017316153476610741
6575.0,0.07099936420114142,0.885299324824034,0.04370131097482444
6066.0,0.014278643791397113,0.7014728745306944,0.28424848167790856
6332.0,0.02933916216418023,0.9548469990625628,0.015813838773256816
6795.0,0.3083264790824713,0.691140122812344,5.333981051846588E-4
5509.0,0.027049536401248797,0.709967011811333,0.26298345178741833
5270.0,0.25941982476629044,0.7396216142486658,9.585609850438375E-4
5808.0,8.398441386579979E-4,0.737404997396673,0.26175515846466896
6317.0,0.04763188785257628,0.9448452557935936,0.0075228563538302096
6051.0,0.03382405722843209,0.8918670747038431,0.07430886806772462
5499.0,0.006249159595010616,0.8625679924157174,0.131182847989272
6773.0,8.42765848697966E-4,0.7478796079550203,0.2512776261962817
5103.0,0.002417592757448493,0.5841224337741671,0.4134599734683845
5224.0,2.8880915287695544E-5,0.21630967915064922,0.7836614399340631
6464.0,0.9734554657981916,0.025964269791521073,5.802644102870724E-4
5710.0,0.004112283655136061,0.7930501229555937,0.20283759338927024
5981.0,7.15213362469216E-4,0.09330801715611789,0.9059767694814129
6227.0,0.03911372626941025,0.7414959185308923,0.21939035519969738
5641.0,0.009730933379789438,0.9836216383257209,0.006647428294489571
6407.0,1.2237458248309425E-8,0.0390518217819492,0.9609481659805924
6164.0,0.9108213349059671,0.08826573551602603,9.12929578006907E-4
5914.0,0.3606635247985274,0.6341612116818685,0.005175263519604223
6706.0,0.4099902431296854,0.5893584031168838,6.513537534307285E-4
5436.0,0.0037004445703883054,0.3660074060162701,0.6302921494133414
5032.0,9.181875029217837E-5,0.059039253820960466,0.9408689274287474
5167.0,9.621784404392159E-5,0.7803198863507094,0.21958389580524665
6649.0,0.9519279166726218,0.048067165737846966,4.91758953135354E-6
5879.0,0.655468614719479,0.34427071278176663,2.6067249875436034E-4
6116.0,9.604757473595947E-10,1.1511315355039235E-4,0.9998848858859739
6378.0,0.3521961141292413,0.6428853283926486,0.004918557478110112
5329.0,0.7798559998154315,0.22009837272694818,4.562745762031177E-5
4950.0,0.8996467686485169,0.09963649924616831,7.167321053147997E-4
5862.0,0.7020750390367173,0.2657575546783536,0.032167406284929013
6632.0,0.26406349619225644,0.7283620767268615,0.007574427080882082
6395.0,0.09173452313048115,0.8752411859184338,0.03302429095108524
6133.0,5.7477546405200286E-5,0.045323905833938034,0.9546186166196567
5587.0,4.5403568666819294E-5,0.7891554141791762,0.2107991822521569
4935.0,0.8480079617983619,0.15186561270090526,1.2642550073281648E-4
5312.0,0.30227341978742467,0.6905882700152446,0.007138310197330878
6422.0,0.14245340784336236,0.8554023534129026,0.0021442387437351214
5656.0,1.1781618401171512E-5,0.129826481809249,0.87016173657235
5899.0,0.0046780327871834265,0.871375629807372,0.12394633740544474
6149.0,0.0029290122014592732,0.9828217217082191,0.014249266090321597
5421.0,0.7525175466435148,0.24630348869893032,0.001178964657554945
5182.0,0.013570849918159477,0.9623643981363741,0.024064751945466627
5049.0,7.009383512331513E-4,0.1550047656857565,0.8442942959630104
6103.0,0.0346962144887323,0.9619784948341366,0.0033252906771310516
6361.0,1.559149259139599E-4,0.8473957458996093,0.1524483391744769
6602.0,0.9946073888913431,0.0053893797834811625,3.231325175760816E-6
5828.0,0.9919949123137622,0.007960593754865597,4.449393137210998E-5
4965.0,0.8510104970999179,0.14848148890061932,5.080139994626099E-4
5346.0,0.10986342698210973,0.764546310894439,0.12559026212345123
5617.0,0.3824490584619671,0.607643298381411,0.009907643156621883
6183.0,0.012186053309500608,0.8667051256194404,0.12110882107105901
5929.0,0.037517211018207514,0.7941085240346054,0.16837426494718716
5690.0,4.797334601404901E-4,0.7771374893389383,0.2223827772009211
6452.0,0.001912052013035515,0.8039100475344356,0.19417790045252883
5148.0,6.344034629455051E-4,0.4514740014410355,0.547891595096019
5019.0,0.03695075693272814,0.9573581399432248,0.005691103124047128
6657.0,4.868153077879606E-6,0.03608524180639038,0.9639098900405317
5391.0,1.9301567239000158E-4,0.5669659678590722,0.43284101646853784
5944.0,0.0013303216871611255,0.952613790632983,0.046055887679855884
6198.0,0.6434294943242578,0.28966073345773713,0.06690977221800512
6437.0,0.9836216533956909,0.016374461186085966,3.885418223249731E-6
5675.0,0.03507777831649726,0.8926186563848483,0.07230356529865442
5002.0,4.280476187751034E-4,0.6873803968036335,0.31219155557759143
5133.0,4.3842620134544015E-14,2.812966850788064E-6,0.9999971870331053
5406.0,1.602612215432924E-5,0.18447146734780756,0.8155125065300382
6672.0,1.3273201463261184E-4,0.12806980689088526,0.8717974610944821
6344.0,0.6732725981543207,0.27325720160090855,0.05347020024477066
6086.0,3.870134719247713E-6,0.080879231773433,0.9191168980918477
5845.0,4.429728731479105E-4,0.6529040679718553,0.3466529591549969
6619.0,1.1787230903126054E-10,9.129113132851018E-4,0.9990870885688425
5363.0,0.0035018563283620643,0.9815063458776543,0.014991797793983679
4980.0,0.13708813280965065,0.8388548818674408,0.02405698532290863
5600.0,0.5466491624521181,0.4531238715834859,2.2696596439591724E-4
5557.0,0.2285486242635762,0.7580240099245895,0.013427365811834211
5286.0,3.49622704818081E-5,0.033440408386352045,0.9665246293431662
6542.0,0.9541562709876992,0.04583132906877787,1.2399943523194754E-5
5760.0,0.002650249275147016,0.9016131781320676,0.09573657259278545
6035.0,0.6245907797800871,0.35811739454181973,0.017291825678093134
6301.0,0.0072323979861065035,0.6809504519194016,0.31181715009449185
6725.0,0.17252933346145274,0.8148362684625668,0.012634398075980376
5451.0,1.301463647605033E-4,0.5080782599815244,0.491791593653715
5208.0,0.009242190796548857,0.3247575190726251,0.666000290130826
5087.0,2.639070042016469E-4,0.3682569787465305,0.631479114249268
5758.0,0.01937589002632158,0.962533316173254,0.01809079380042451
6512.0,8.171053358184661E-4,0.42918412420699553,0.5699987704571859
6243.0,0.12271676457855289,0.8756828687554333,0.0016003666660136069
5997.0,1.5431268833913862E-7,0.013177362417220213,0.9868224832700916
5466.0,0.11969634743743512,0.872492019733414,0.007811632829151026
6740.0,0.023090312054751958,0.9427610925734724,0.03414859537177562
5070.0,0.5391520697874598,0.42795933117181256,0.03288859904072762
5193.0,0.46978400758993694,0.5297310058180675,4.8498659199559395E-4
6497.0,0.9937129987942058,0.0061468492886331974,1.4015191716081754E-4
5743.0,0.8268224284105112,0.17238528626526775,7.922853242210853E-4
6012.0,0.6378268311775779,0.35255313591131954,0.00962003291110261
6258.0,5.8349231584700925E-6,0.7993954024460599,0.2005987626307815
5540.0,5.168153496971639E-4,0.700466016809139,0.29901716784116394
5303.0,0.04978174717632893,0.5627454325055071,0.38747282031816394
5777.0,0.9785521481857444,0.021356991925319632,9.085988893593898E-5
6559.0,1.1915470079075597E-5,0.03182206424942539,0.9681660202804955
6284.0,0.09728035814782253,0.8492471747104742,0.0534724671417032
6018.0,0.8149779243887152,0.1847601764702284,2.6189914105637264E-4
5100.0,0.9803456128129777,0.01962685912334557,2.752806367668525E-5
5227.0,0.01279719128286328,0.9534945605563375,0.0337082481607992
6774.0,0.0012154760689716592,0.5296262802097716,0.4691582437212567
5496.0,0.3001052936633804,0.6994894651429443,4.0524119367535085E-4
6224.0,4.326370605729648E-6,0.0017907789411766325,0.9982048946882176
5982.0,0.8784825654027041,0.12105893588194133,4.5849871535465E-4
5709.0,0.35307195415512305,0.6390705122317539,0.007857533613122955
6467.0,0.00873550862180577,0.9775356770186904,0.013728814359503788
5269.0,8.646249156266777E-4,0.4382337128857958,0.5609016621985776
6792.0,0.0030943566652623395,0.99231735324396,0.0045882900907778515
6048.0,0.9420952309878519,0.057885932097479026,1.8836914669080155E-5
6318.0,4.8736330093546556E-4,0.9820608973890341,0.017451739310030457
6589.0,0.0015559396001090175,0.9169667575309939,0.08147730286889701
5811.0,0.15797861910377803,0.7399668224181639,0.10205455847805797
5252.0,0.00912981471316849,0.713176660414916,0.27769352487191545
5527.0,0.9996147380517095,3.8525447369252414E-4,7.474597944315635E-9
6335.0,0.3129905927931011,0.6815300254055061,0.005479381801392807
6065.0,0.003638041517885559,0.7521516502297706,0.2442103082523439
5794.0,0.0773716083921515,0.9161429106617142,0.006485480946134275
6572.0,0.3170723765810708,0.6807831152338613,0.002144508185067882
5242.0,1.302973271816452E-8,0.00430036394143421,0.9956996230288331
5117.0,1.1475075560837258E-5,0.6200291496616634,0.37995937526277573
5481.0,4.230160729589832E-5,0.16733716578959376,0.8326205326031103
5967.0,0.8882681328133742,0.11071563030810035,0.0010162368785255015
6209.0,0.05490383070274768,0.9377751086890783,0.007321060608173916
6482.0,0.003045549604396602,0.9899027624404315,0.007051687955171933
5724.0,0.11240495178538214,0.2843727305958567,0.6032223176187612
6648.0,0.005004435661490546,0.9799247700065227,0.015070794331986829
6379.0,0.003347393655767569,0.9086531245126742,0.08799948183155823
6117.0,0.010289307331981945,0.9614534742360505,0.028257218431967546
5571.0,0.2188872584409332,0.7782328263224891,0.002879915236577466
5328.0,0.0015872851497997097,0.25283443952459267,0.7455782753256077
4951.0,0.07895682028548191,0.9198237779374272,0.001219401777090862
6406.0,1.8237126325655833E-8,0.005357288080163419,0.9946426936827103
5640.0,0.009008259157240298,0.8200495537370994,0.17094218710566014
5915.0,0.20362339398259693,0.787528726893496,0.008847879123907098
6165.0,0.935420501208906,0.06450772118132479,7.177760976917996E-5
5437.0,0.3063802118361419,0.6931153849740701,5.04403189788039E-4
6707.0,0.05061139629236592,0.8221662651288313,0.127222338578803
5033.0,0.3878635528397149,0.4969249905793429,0.11521145658094212
5166.0,0.1894222052586551,0.8092376174444594,0.0013401772968855386
5657.0,0.9974463772676101,0.002547703362255298,5.9193701345486545E-6
6148.0,8.396501817316101E-5,0.054395143051951686,0.9455208919298751
5898.0,2.9547766767510766E-9,0.0029703030346566145,0.9970296940105666
6690.0,0.023935929445018916,0.9674750365190287,0.008589034035952266
5420.0,0.7385866985627525,0.25432466580570473,0.007088635631542782
5183.0,0.9550349558839991,0.041929676845788584,0.0030353672702122547
5048.0,0.012966748979575692,0.9817206943716923,0.005312556648731939
6633.0,0.00696628826074001,0.4115443337302785,0.5814893780089815
5863.0,0.26733329198364936,0.7315789199311239,0.0010877880852267468
6132.0,3.6838278221601846E-5,0.10374499838468856,0.8962181633370899
6394.0,9.301128255845622E-4,0.343465634118816,0.6556042530555994
5586.0,0.07877053463447803,0.9108752434724381,0.010354221893083933
4934.0,0.011242983520250055,0.4151929131062611,0.573564103373489
5313.0,0.008099481949858834,0.9575550976938597,0.034345420356281554
5928.0,0.8586375896513632,0.1404224350410223,9.399753076145084E-4
6182.0,2.6716594574134454E-4,0.10898138932477569,0.890751444729483
6453.0,0.9978735175798761,0.002125354547099934,1.1278730241717207E-6
5691.0,4.118986444171444E-6,0.24332817482804167,0.756667706185514
5149.0,0.6875661990144374,0.27860678360163826,0.033827017383924164
5018.0,0.8637143755935304,0.1342035647062614,0.0020820597002083317
5390.0,0.04523326433065378,0.9231333460268814,0.03163338964246478
6656.0,0.9525226327537222,0.0474346931275629,4.26741187147425E-5
6360.0,0.004485162948945715,0.9633223877475631,0.032192449303491306
6102.0,0.132358176499562,0.6042818567208146,0.2633599667796235
5829.0,3.308536164118448E-5,0.14998092839823246,0.8499859862401263
6603.0,0.029918297434113967,0.9500447001339161,0.020037002431969948
4964.0,0.007432996698839776,0.45738757882185527,0.535179424479305
5347.0,3.701911435266777E-5,0.13147338312788096,0.8684895977577664
5616.0,4.1556701217713364E-4,0.21932209048695975,0.7802623425008631
6087.0,7.992331838646713E-5,0.27314896387426063,0.7267711128073528
6345.0,0.06594523607199375,0.3532329078602209,0.5808218560677854
5844.0,2.430666746099655E-5,0.0306452152188762,0.9693304781136628
5362.0,0.9996143494998664,3.856207695497351E-4,2.9730583792854873E-8
4981.0,8.198573793976505E-5,0.15166439145919097,0.8482536228028692
5601.0,0.0028137939028156523,0.9498811025859925,0.04730510351119197
5945.0,0.0027616981321100724,0.9905264679115013,0.0067118339563884445
5674.0,6.385487607479386E-4,0.0777301568587508,0.9216312943805013
6436.0,0.10402468146493384,0.8949438620701258,0.0010314564649404395
5003.0,0.18613071407816353,0.8133654562567106,5.03829665125764E-4
5132.0,0.012753793008028525,0.6689721390663551,0.3182740679256164
6673.0,0.0022327233537770834,0.7844723824186562,0.21329489422756664
5407.0,0.4083890245749782,0.590977154113642,6.338213113797245E-4
5450.0,5.653817721642496E-5,0.5092494989883096,0.490693962834474
6724.0,0.6551801197435759,0.3429830569930844,0.0018368232633397099
5209.0,0.003153512740148956,0.9549277629071693,0.04191872435268161
5086.0,1.0888755443863936E-6,0.018276557758500747,0.9817223533659547
6513.0,0.9840551615953723,0.015849638544548517,9.51998600792486E-5
5759.0,0.04313293729312104,0.948874776430722,0.007992286276156817
5996.0,0.015482228661776901,0.9721026479694546,0.012415123368768646
6242.0,9.71898581763127E-4,0.32777939947912854,0.6712487019391083
5556.0,0.6914863074721714,0.3082742121668518,2.3948036097688681E-4
5287.0,0.590653021695447,0.4082989535552609,0.0010480247492922832
5761.0,0.37008216031339564,0.628935933656474,9.819060301303718E-4
6543.0,0.023451973199205205,0.8512318357171873,0.12531619108360748
6300.0,0.43731698627510074,0.5538272698533653,0.008855743871533973
6034.0,0.8792690001321941,0.12062473181362705,1.0626805417887842E-4
5541.0,1.3686134635611502E-4,0.2152961230021367,0.7845670156515072
5302.0,1.1697747822541237E-4,0.03402643442400805,0.9658565880977665
6558.0,0.0016710787604978239,0.9289185252481948,0.06941039599130729
5776.0,0.5444375922390714,0.4258178770816782,0.029744530679250387
6019.0,0.9679605569626275,0.032015517353731905,2.392568364046693E-5
6285.0,0.8294028959430171,0.1700031592369266,5.93944820056328E-4
5467.0,0.5423246389795437,0.45747700397396013,1.9835704649611888E-4
5071.0,0.5632423688739335,0.4355079259527272,0.0012497051733393373
5192.0,0.34756324813446,0.6471551122349444,0.005281639630595535
5742.0,0.005089000224129032,0.9896750460869527,0.005235953688918264
6259.0,0.0034072033593589403,0.9534522898426988,0.04314050679794217
6013.0,7.251764547741793E-5,0.6216099111716229,0.3783175711828997
5268.0,0.8352150402249962,0.16460246381207877,1.824959629249998E-4
6793.0,0.006836594184164743,0.33927685503695415,0.6538865507788811
5511.0,0.8216000994744029,0.1783527414985377,4.715902705939298E-5
6319.0,0.9908537901905765,0.009128568237334798,1.764157208878162E-5
5810.0,0.2994566483336092,0.7000581255758511,4.8522609053973435E-4
5101.0,0.06878070420733219,0.8139938885182811,0.11722540727438661
5226.0,0.015486289709644097,0.9783078941784006,0.006205816111955197
5497.0,0.004728774851277713,0.9455088584047269,0.049762366743995506
6775.0,9.616284801340598E-5,0.21967709239713532,0.7802267447548512
5983.0,0.19978340145770082,0.7951446188894213,0.005071979652877797
6225.0,7.138165500064958E-6,0.12365218998197086,0.8763406718525291
6466.0,0.28195954725640887,0.7128098529879933,0.005230599755597951
5708.0,7.439463866414039E-5,0.8510064089966933,0.1489191963646425
5116.0,0.40039590897162175,0.5906012838717288,0.00900280715664947
6758.0,0.9603735300033432,0.03961094530811791,1.5524688538939754E-5
5480.0,0.0027698494673746945,0.7851336437129255,0.2120965068196998
6208.0,0.8747190061874606,0.12439096937791866,8.900244346205497E-4
5966.0,2.7259970148039964E-4,0.9878938188044758,0.011833581494043772
5725.0,8.21239678512597E-6,0.25207678605671063,0.7479150015465041
6483.0,0.7259561294274056,0.2733234289096556,7.204416629386689E-4
5253.0,0.148211271036589,0.7582623529166773,0.09352637604673379
5526.0,0.0061500353413678375,0.6310217529162723,0.36282821174235996
6808.0,0.03620602499439831,0.8982469104816853,0.0655470645239164
6064.0,0.015356410567592118,0.9370498750018776,0.047593714430530384
6334.0,0.729221792176345,0.26995350813332863,8.246996903264055E-4
6573.0,0.6217752858406088,0.3777537638591283,4.70950300262994E-4
5795.0,0.2163411677810735,0.7821427240704822,0.0015161081484443768
5400.0,0.09374535804325941,0.9021817125179895,0.004072929438750905
6678.0,0.7190765938029653,0.27741325805100364,0.003510148146031144
5004.0,0.04031120208898996,0.9480590354636106,0.01162976244739944
5131.0,1.894084348978382E-5,0.025903260101615484,0.9740777990548948
6435.0,0.008210110278875362,0.5848967762834769,0.40689311343764784
5677.0,0.060994320625138994,0.937335700223664,0.0016699791511970744
5950.0,4.560542619022235E-5,0.0604740325954586,0.9394803619783512
6192.0,0.9527142336788664,0.04725663183999515,2.913448113849457E-5
5606.0,1.6547745971191766E-5,0.02534447134802973,0.974638980905999
5365.0,0.1350721675792888,0.4315132265585183,0.4334146058621929
4978.0,0.779321294602959,0.21865004829060955,0.002028657106431539
5843.0,1.5171001509743877E-5,0.22278708093063707,0.7771977480678532
6621.0,0.9951055504833876,0.004892524279553844,1.925237058644638E-6
6350.0,0.0668443242167425,0.8787572265472335,0.054398449236024
6080.0,0.00553462915703548,0.9758372548787988,0.01862811596416566
5623.0,7.292533403676502E-5,0.7212747872858121,0.2786522873801512
4963.0,0.9932191151245813,0.00677653231913957,4.352556279098418E-6
5348.0,0.04747503579583614,0.9517296380771166,7.953261270472756E-4
6604.0,0.8406254802845654,0.15932428823580985,5.0231479624724804E-5
5826.0,0.002958368426763979,0.3879131433566292,0.6091284882166069
6097.0,0.8122923232795797,0.18752039333702614,1.872833833941076E-4
6367.0,0.7967908742469776,0.19662111635884288,0.006588009394179624
5385.0,2.301994957508023E-6,0.05397135557140067,0.9460263424336419
5146.0,0.003341694099867339,0.6943236625001898,0.30233464339994287
5021.0,0.5886672182771321,0.410592149678796,7.406320440718622E-4
5692.0,0.2532861688546212,0.6590493335291354,0.08766449761624329
6450.0,0.7329789308068174,0.2652936375686344,0.0017274316245481677
6177.0,0.008595104940021088,0.9709459537899656,0.020458941270013124
5935.0,5.1112080674405735E-5,0.43641892787007125,0.5635299600492544
4929.0,0.01866528851004027,0.9769697155059484,0.004364995984011473
5318.0,1.4165789017751306E-4,0.22233846305621907,0.7775198790536033
5589.0,0.9600213140186413,0.03973720370165027,2.4148227970835056E-4
6131.0,2.4626127184431487E-6,0.04942004806856762,0.9505774893187139
5856.0,0.4961813581748964,0.5025956688182757,0.0012229730068280596
6638.0,0.9465895626775486,0.05332276443321998,8.767288923142714E-5
5176.0,0.06238313231033988,0.9276191483736638,0.009997719315996334
5055.0,0.0014201060391192389,0.2450706006308712,0.7535092933300096
5419.0,2.987608900298769E-7,0.017232522601919348,0.9827671786371908
6693.0,0.12929817104250976,0.8206395027158043,0.050062326241685745
5901.0,0.476618785708372,0.5231652583638947,2.1595592773320874E-4
6147.0,5.436191000173267E-4,0.9508571970007209,0.04859918389926172
6416.0,5.2505679923836884E-5,0.11745580259517047,0.8824916917249057
5662.0,0.7199655179730824,0.27989146925781244,1.430127691053455E-4
5038.0,0.969515247707813,0.030478612741809588,6.139550377414063E-6
5161.0,2.1758046343367692E-4,0.7009557184130928,0.2988267011234734
6708.0,0.8622538713481982,0.13554274542786698,0.002203383223934741
5434.0,0.008203140497492808,0.23570638870161498,0.7560904708008922
6162.0,1.956609761986049E-4,0.20332401327378266,0.7964803257500187
5916.0,0.00978258934953113,0.49009997529144744,0.5001174353590215
5647.0,0.8860332843476689,0.11169898323928569,0.0022677324130452375
6401.0,0.9967169889687241,0.003281968344973782,1.0426863021526267E-6
5335.0,9.243131635450908E-8,0.0111721100860676,0.9888277974826162
4944.0,0.0015859718176982657,0.8062605259375247,0.1921535022447769
5572.0,5.038712278431914E-6,0.02022807956134637,0.979766881726375
6114.0,4.4777887641681005E-5,0.21493369871728474,0.7850215233950735
6380.0,0.07274166033590652,0.2946358224053637,0.6326225172587299
6655.0,0.48897329559779124,0.510697332084948,3.2937231726077904E-4
5873.0,4.108097951076009E-6,0.3819800324065148,0.6180158594955341
5796.0,0.9984588602935657,0.001540433942171794,7.057642626286964E-7
6570.0,0.023935929445018916,0.9674750365190287,0.008589034035952266
6329.0,0.9670120929996159,0.03290078253290811,8.712446747591993E-5
6071.0,0.9810071695341646,0.018522047737588348,4.707827282470801E-4
5521.0,0.9877620999307842,0.012217456620516647,2.0443448699261188E-5
5250.0,0.023165435289477888,0.924062287550477,0.052772277160044935
6484.0,0.10729624558343771,0.8879197693706916,0.004783985045870588
5722.0,0.578564721363823,0.40247735810500834,0.018957920531168772
5961.0,3.1259643530374397E-7,0.046060764149361395,0.9539389232542033
6215.0,0.002611822871778182,0.9776021615160471,0.019786015612174822
5487.0,0.0015271044879234395,0.9760105061539553,0.022462389358121105
6753.0,5.20753880927017E-5,0.5643894223332411,0.43555850227866627
5244.0,0.005827577769524618,0.9860793772111985,0.00809304501927679
5115.0,3.6672635526142365E-6,0.015826539172096445,0.984169793564351
5707.0,1.3612748624344716E-4,0.1795206786703329,0.8203431938434237
6469.0,0.37369577882848015,0.6250639001508596,0.0012403210206602903
6230.0,3.285164396780672E-4,0.31648931201847785,0.683182171541844
5976.0,0.006116342298573472,0.5527884180950586,0.44109523960636793
6768.0,2.7858754257275995E-4,0.4362900135970874,0.5634313988603398
5502.0,0.23066554675970385,0.760730682694717,0.008603770545579256
5098.0,0.6835628664764413,0.31595904706577405,4.7808645778460885E-4
5229.0,1.8075134834659752E-4,0.5717353708969377,0.4280838777547156
6587.0,0.020886413253217592,0.9724908800503039,0.006622706696478618
5813.0,0.9417662244479117,0.05797699856942988,2.567769826584907E-4
6054.0,0.22624688465743897,0.7672278047335198,0.0065253106090411754
6312.0,1.581505775942212E-5,0.4860777234168899,0.5139064615253508
5504.0,0.0011580567923024454,0.929057481359074,0.06978446184862362
6798.0,0.558643981647366,0.439666581215725,0.0016894371369090165
5267.0,0.40659729926287186,0.48540405806980674,0.1079986426673213
6010.0,0.019257896396544658,0.7034802325575832,0.27726187104587213
6260.0,0.6603070319320926,0.3394183598180287,2.7460824987859E-4
6503.0,4.3771475403728364E-4,0.6835434219226807,0.316018863323282
5737.0,0.9603367251867251,0.039593295221344124,6.99795919308492E-5
5064.0,1.7426309189825482E-6,0.21218263233361073,0.7878156250354703
5199.0,2.8181532534952594E-5,0.04181659689213294,0.9581552215753322
5468.0,0.28263768465841854,0.6089727430182547,0.10838957232332685
6738.0,0.0035884925546400197,0.8837838089434303,0.11262769850192969
6282.0,0.2025097342816526,0.7681151196074614,0.029375146110886177
6020.0,0.016931946092292958,0.9676533222187491,0.015414731688957923
6553.0,0.0028721099829596666,0.12009479866686672,0.8770330913501737
5297.0,0.5152785855950287,0.4845302343032211,1.9118010175010622E-4
4918.0,0.31972230110968153,0.6765992100464323,0.0036784888438860875
5538.0,0.975106179332946,0.02488926105968819,4.559607365808693E-6
6037.0,0.14089770318789993,0.681166277621139,0.17793601919096103
6299.0,5.232803713151237E-4,0.8140623867067843,0.18541433292190077
6536.0,0.001894401063173513,0.501217929964621,0.49688766897220554
5766.0,0.9700526732785818,0.029886543845084265,6.078287633398356E-5
5280.0,0.01120006854505961,0.9774440385226826,0.011355892932257692
5555.0,3.044863280252608E-4,0.8391618391857427,0.160533674486232
6245.0,0.03701451587700371,0.9598236624808588,0.003161821642137447
5995.0,0.9524354690575484,0.047515158129559525,4.937281289204718E-5
5752.0,0.15332982736714784,0.8377594669164558,0.008910705716396553
6518.0,4.281787312003783E-6,0.5177197735024763,0.48227594471021173
5214.0,0.0016611594517424802,0.7851553772982506,0.21318346325000698
5081.0,3.7473431354462174E-4,0.6626719912676791,0.3369532744187763
6723.0,0.997693377489484,0.0023065058837259947,1.1662678987599813E-7
5453.0,0.003312746939791755,0.21331721367067738,0.7833700393895309
5607.0,0.009054126700805349,0.9563357285050125,0.03461014479418215
5364.0,0.2581189483368378,0.7373080405786802,0.00457301108448209
4979.0,2.754620995709028E-4,0.9670499624656264,0.03267457543480255
6620.0,2.2030914470269389E-4,0.27869141241332523,0.7210882784419721
5842.0,3.846646095826029E-5,0.23150356048228354,0.7684579730567582
6081.0,0.0456538110049561,0.95042453108771,0.003921657907333764
6351.0,0.016744163273987644,0.9293216601758277,0.05393417655018463
6679.0,0.9711601374917992,0.0287507957687878,8.906673941295677E-5
5401.0,0.0021597159176930266,0.9878140605803606,0.01002622350194655
5005.0,0.017811740532452963,0.9290982428262299,0.05309001664131703
5130.0,2.0993053076666418E-7,0.017273186745340886,0.9827266033241284
5676.0,0.012465000424321327,0.972926948246007,0.014608051329671695
6434.0,4.2987690243553536E-4,0.9949535841409585,0.004616538956605896
6193.0,0.8764358704729481,0.12221410877780636,0.0013500207492454558
5951.0,0.9921861588828721,0.007789746283707127,2.4094833420930362E-5
5384.0,0.020696484142360094,0.7799634111800445,0.19934010467759533
6662.0,0.14481109574406362,0.8547286602438491,4.602440120873766E-4
5147.0,0.08740411047087741,0.910947899757287,0.001647989771835532
5020.0,0.12946865055932716,0.8580134786443356,0.012517870796337193
6451.0,0.10958369697202115,0.8822568218864015,0.008159481141577388
5693.0,0.17132006264730693,0.7360669887382293,0.09261294861446381
5934.0,0.2043911828180086,0.7909716409008454,0.004637176281145949
6176.0,0.0027001022914560726,0.9394586798261386,0.057841217882405385
5622.0,0.06872152772740263,0.9294758357212999,0.0018026365512974869
4962.0,9.742209346585007E-4,0.20680001531835113,0.7922257637469904
5349.0,0.052792410661684594,0.9469362700667419,2.7131927157355456E-4
6605.0,0.0037062097542092144,0.9748776692097842,0.021416121036006507
6366.0,4.6763469818420286E-4,0.4111126209597127,0.5884197443421032
6096.0,1.8279082252282504E-6,0.007332105555766233,0.9926660665360084
5177.0,0.9262049207076126,0.07374259445024395,5.248484214330934E-5
5054.0,0.001332116795437685,0.09975017712051051,0.8989177060840519
6692.0,0.4204821422949836,0.5767452309242942,0.002772626780722271
