6393.0,1.4727063509149088E-7,0.0041559235078725935,0.9958439292214923
6135.0,1.592064651416507E-8,0.004381575323935836,0.9956184087554176
5860.0,2.229951077295136E-11,8.182990372583099E-4,0.9991817009404421
6634.0,0.31674385944915406,0.6832557020782656,4.3847258029019764E-7
4933.0,4.3752912510337085E-6,0.7556741839383042,0.2443214407704447
5585.0,0.01076319416968887,0.988065193326801,0.00117161250351012
5897.0,0.9295527268468606,0.07002254967047095,4.2472348266839235E-4
6151.0,8.709091294382592E-11,0.3457612020623278,0.6542387978505813
6420.0,0.9347784835789781,0.06520796134479812,1.355507622378674E-5
5658.0,0.9996463187055165,3.536803063501484E-4,9.881334351121532E-10
5180.0,0.8593099131050512,0.14066982956029417,2.025733465450459E-5
5051.0,5.7059133777249456E-12,0.0017513596118920866,0.998248640382402
5423.0,4.768852150073759E-19,5.647447892861472E-11,0.9999999999435255
6689.0,0.14299660431417482,0.8483932910126516,0.008610104673173639
6166.0,1.3599445110164383E-6,0.9750037794278652,0.024994860627623867
5912.0,6.369473951591932E-4,0.9946889157889677,0.004674136815873112
5643.0,6.842475329606167E-10,0.006174182976196396,0.993825816339556
6405.0,4.612245590934887E-15,1.200997885869356E-6,0.9999987990021095
5034.0,0.001427515685607733,0.9926348312142681,0.005937653100124021
5165.0,0.33305545853723373,0.6585238464632587,0.008420694999507575
6704.0,1.7372513484928382E-4,0.9819928122248918,0.017833462640258976
5438.0,0.9990883948797809,9.115950480090398E-4,1.0072210132769814E-8
6118.0,8.409788452401932E-10,0.06967668064814776,0.9303233185108734
6376.0,2.074837752458191E-6,0.026588494183944347,0.9734094309783032
6651.0,0.007734671631205584,0.9921206097232075,1.4471864558709225E-4
5877.0,1.8869903031055777E-9,8.316239140241998E-4,0.9991683741989854
5331.0,5.544701942781717E-5,0.7523431410575265,0.2476014119230457
4948.0,8.567683034366852E-4,0.9003374936870151,0.09880573800954821
5568.0,1.3147781148158845E-7,0.7590694208671257,0.24093044765506277
5673.0,2.445444711179067E-7,0.3879006534658892,0.6120991019896396
5946.0,0.989984888708229,0.010012135894081306,2.9753976897545568E-6
6196.0,0.0962312918108463,0.9036626922526952,1.060159364585166E-4
5404.0,4.203977757083559E-5,0.7783095593096337,0.22164840091279545
5000.0,0.05404544669218021,0.9239039056479609,0.02205064765985886
5135.0,1.7099188967528322E-7,0.2682482056894093,0.731751623318701
5847.0,0.015456278421928418,0.8663349027978338,0.11820881878023776
6617.0,0.6827539305546075,0.3172457464692787,3.2297611375174897E-7
6346.0,0.011176593235683043,0.9777401702906232,0.011083236473693787
6084.0,0.05030658821594621,0.9261963869018432,0.023497024882210386
5602.0,0.9986966745764537,0.0012906720457310204,1.2653377815218307E-5
5361.0,0.9294753356667302,0.07052466049193463,3.8413351529840115E-9
4982.0,0.0011344140683138629,0.9963631473821245,0.0025024385495615756
6600.0,0.02022155608571311,0.9702564472572449,0.009521996657041999
5830.0,1.4226891622187086E-7,0.01681184769931286,0.9831880100317709
6101.0,0.8427134319326962,0.15727467092392777,1.189714337585354E-5
6363.0,1.1480050616767371E-17,1.3436738696888875E-7,0.999999865632613
5619.0,0.017585716948574394,0.9823914146716343,2.286837979130972E-5
4967.0,0.9933920883049765,0.006607910684336442,1.0106870022896236E-9
5344.0,8.302775327737887E-5,0.8926833118412394,0.1072336604054832
5688.0,4.6200744638194555E-12,5.9688507241904275E-6,0.9999940311446557
6454.0,0.06518567585426693,0.9329493774340228,0.0018649467117103295
6181.0,0.8200942703036028,0.17990531863787787,4.110585193622187E-7
5931.0,0.0046647060036891525,0.48942479544483375,0.5059104985514772
6659.0,6.766430720187687E-19,2.2173551516572615E-8,0.9999999778264486
5389.0,9.895327638459735E-5,0.39580218751917456,0.6040988592044408
5150.0,0.9462733087486469,0.05372659220594345,9.9045409595499E-8
5017.0,0.9999304282096584,6.95645844884783E-5,7.205853077103742E-9
5068.0,0.05130861187996419,0.9324761969593823,0.016215191160653484
5195.0,6.521203032763837E-4,0.7099448399921868,0.2894030397045369
5464.0,0.05145428676626041,0.6638080800845028,0.2847376331492369
6742.0,1.1341726920568444E-4,0.6711540087382526,0.3287325739925418
6014.0,1.2302951182061104E-17,2.350547912810176E-6,0.9999976494520872
6256.0,0.1589931119710565,0.840738824759485,2.680632694585354E-4
6499.0,1.0876189068357955E-6,0.22367855126761452,0.7763203611134787
5741.0,5.529790127618976E-12,0.008612237999244834,0.9913877619952254
5301.0,0.0011949004427369108,0.9987332703351228,7.182922214014084E-5
5542.0,0.10075483518954222,0.899210768278091,3.4396532366809355E-5
6286.0,0.558613383066381,0.4413801146119187,6.502321700210283E-6
6016.0,3.3280031686353065E-4,0.021127832078801412,0.978539367604335
5779.0,6.385937643955122E-4,0.9697326861440138,0.029628720091590854
6557.0,2.1748869453520056E-13,5.808848590676827E-6,0.9999941911511918
5284.0,0.0712175069804119,0.9270881080629092,0.0016943849566789684
5559.0,5.524785693365717E-9,2.3588690143604323E-4,0.9997641075737782
6033.0,0.00518482140220676,0.6773861777918,0.3174290008059932
6303.0,0.996895030852652,0.0031048548421554185,1.1430519274695684E-7
6540.0,1.4624567275317043E-4,0.9743590412227617,0.025494713104485017
5762.0,2.207398597827416E-6,0.5526189658603599,0.44737882674104235
5210.0,0.12770617553473348,0.87166000850781,6.338159574565942E-4
5085.0,0.9992695779967995,7.304219995680752E-4,3.632341153586451E-12
6727.0,0.0037411393569723506,0.986841510671995,0.00941734997103255
5449.0,0.0034480568483636212,0.9965061493346501,4.57938169861559E-5
6241.0,0.9874255997388207,0.012574003688099411,3.9657308000147046E-7
5999.0,5.434946813245816E-8,1.071316745585234E-4,0.9998928139759733
5756.0,1.6765108238976577E-4,0.6390954872978021,0.3607368616198081
6514.0,4.000191279188109E-5,0.7696919166627217,0.23026808142448643
5254.0,0.9514061622919804,0.04859338680767884,4.509003407628934E-7
5792.0,4.1200999138878235E-26,1.931909058255196E-10,0.9999999998068092
6574.0,0.0014294936622757395,0.997364001779464,0.0012065045582602594
6333.0,1.3975105660717148E-10,0.003683632634734704,0.9963163672255142
6067.0,0.017034493261481015,0.9828015034026119,1.6400333590709895E-4
5483.0,0.002913979310622494,0.9672068357257805,0.029879184963597163
6757.0,0.2938369477901482,0.6936593732100044,0.012503678999847369
5240.0,0.7142999203484399,0.28570003833545426,4.131610583248323E-8
5119.0,4.543554656095619E-4,0.33825700216905213,0.6612886423653384
6480.0,0.0024275136598269197,0.9969458982257898,6.265881143833342E-4
5726.0,1.756595526379023E-7,0.05807797605862358,0.9419218482818237
5965.0,0.03807751592824066,0.42404169133923963,0.5378807927325197
6772.0,0.5569277647059367,0.44227201764901686,8.002176450463879E-4
5498.0,0.006223147752053261,0.9685183418724865,0.025258510375460154
5102.0,4.0794547340497607E-13,7.061772996534396E-4,0.9992938226999386
5225.0,5.606320492969776E-4,0.6110129664338241,0.38842640151687907
5711.0,0.9810098306707485,0.018990162571694492,6.757557004868135E-9
6465.0,0.9888189564353443,0.0108897722969133,2.9127126774230214E-4
6226.0,3.3714467256841394E-4,0.9991839295054467,4.789258219849862E-4
5980.0,0.30710528253398406,0.6879328014935957,0.0049619159724202475
5508.0,0.004323231358045983,0.06503033710581296,0.930646431536141
6794.0,4.1517379043099715E-4,0.9986237176195113,9.611085900577641E-4
5271.0,0.9597748880024727,0.04020545961774974,1.9652379777498164E-5
6591.0,0.0011469021258900503,0.9952802628076607,0.0035728350664493234
5809.0,4.983636021394693E-9,0.9987295424525832,0.001270452563780781
6050.0,0.020438647021981275,0.9788959452841339,6.654076938847974E-4
6316.0,5.238024639321958E-9,0.8477728399515936,0.15222715481038182
6150.0,0.6707204789882479,0.32927343305250584,6.087959246253975E-6
5896.0,2.5496634641075204E-8,0.9019068003916558,0.09809317411170955
5659.0,6.827908244060231E-7,0.29941086654396293,0.7005884506652127
6421.0,0.008686740805401605,0.9911534919809629,1.597672136355203E-4
5181.0,0.9999773018742822,2.26981252314256E-5,4.862852909999671E-13
5050.0,1.4691296148469513E-16,3.0184985603396965E-7,0.9999996981501438
6688.0,0.08711793460582547,0.9128595348074466,2.253058672788046E-5
5422.0,0.8492725019791524,0.14958936333863762,0.0011381346822099839
6134.0,7.641657753851466E-11,0.008902635298890977,0.9910973646246924
6392.0,1.1050382729970029E-5,0.10619813337701862,0.8937908162402515
6635.0,0.9711123439012646,0.028887655122850343,9.758851744719045E-10
5861.0,5.5176360492228805E-8,0.19732285220555457,0.8026770926180848
4932.0,1.3717410817989757E-8,0.005374226128903378,0.9946257601536858
5315.0,0.559093836339943,0.4337648254610811,0.007141338198975924
6377.0,0.1091334323197045,0.8900752891757924,7.912785045031503E-4
6119.0,0.035022037883828704,0.96495841982061,1.9542295561260447E-5
5876.0,1.2864267980615455E-8,1.1925674059162111E-4,0.9998807303951404
6650.0,1.1847433366901419E-12,0.0017552013373606941,0.9982447986614545
5330.0,1.4578307298431434E-5,0.003868149092852411,0.9961172725998491
4949.0,0.9857375692716046,0.014260387794791357,2.0429336041393736E-6
5569.0,7.807180454117637E-5,0.9966443729974985,0.0032775551979602976
5913.0,1.464624036972055E-4,0.30334042272927136,0.6965131148670314
6167.0,3.0490928374249874E-10,0.022146326379851658,0.9778536733152391
6404.0,1.1370992692547372E-4,0.8044898938638742,0.19539639620920024
5642.0,0.39267065812161794,0.45061386754245775,0.1567154743359244
5035.0,3.0843312077688323E-16,3.1084235626387284E-6,0.9999968915764371
5164.0,2.2349955188639602E-5,0.40701211828829004,0.5929655317565212
5439.0,3.263580931050477E-7,0.9948621122522026,0.005137561389704223
6616.0,1.1516236651417368E-5,0.09895781903251365,0.9010306647308349
5846.0,0.9929170959692286,0.0070827536242280414,1.5040654335580025E-7
6085.0,4.355447083878647E-5,0.9211452338730917,0.07881121165606954
6347.0,0.9958788686257009,0.0041204239779604095,7.073963387750486E-7
5603.0,1.436073438350625E-5,0.03207543370035171,0.9679102055652647
5360.0,3.554843518306606E-7,0.35384784816071385,0.6461517963549344
4983.0,1.6029387868379134E-6,0.22199961269741075,0.7779987843638024
5672.0,0.7454474588848888,0.25455099516321034,1.5459519009005442E-6
6438.0,2.443543438715916E-4,0.9784911040639016,0.021264541592226818
6197.0,0.18930269168019548,0.7959005355271347,0.014796772792669798
5947.0,1.006839499235831E-5,0.9388045869632983,0.0611853446417094
6675.0,1.9656446430855285E-5,0.9681746751409902,0.03180566841257891
5405.0,7.477749639811199E-9,0.1879109862172781,0.8120890063049724
5001.0,2.7086208522690146E-4,0.960560145526899,0.0391689923878742
5134.0,0.9999728875542822,2.711133712994952E-5,1.1085878273671861E-9
5689.0,6.371086759544325E-10,0.04082603892571231,0.9591739604371791
5930.0,0.10891619966081958,0.8908136065472375,2.701937919428709E-4
6180.0,6.912871028582092E-15,4.8692264026483034E-4,0.9995130773597283
5388.0,0.9759146091618158,0.02388033661909279,2.0505421909148628E-4
5151.0,1.226213925905401E-7,0.9972003471477611,0.0027995302308463504
5016.0,2.474583151476108E-10,0.023288652795177084,0.9767113469573647
5831.0,8.539378889130886E-5,0.9636053465310767,0.03630925968003202
6601.0,0.9894366462003995,0.010563344662961268,9.136639165353993E-9
6362.0,2.453172392987377E-4,0.7849029954796414,0.2148516872810599
6100.0,0.9952422014417945,0.004755147484031016,2.6510741744104286E-6
5618.0,1.898860430692048E-11,2.714005383241794E-4,0.9997285994426871
4966.0,0.001969158234806177,0.9979946794686562,3.6162296537704694E-5
5345.0,0.09178429997002313,0.8974506129019687,0.010765087128008166
5300.0,0.1778615498089389,0.8218457517324487,2.926984586124474E-4
5543.0,0.025479937258793484,0.004159626640467133,0.9703604361007394
6017.0,8.543625943542484E-5,0.9999123918306759,2.171909888708612E-6
6287.0,0.9702053000202391,0.029794394853731716,3.05126029127987E-7
6556.0,0.0014553626362226576,0.7000675128689042,0.2984771244948731
5778.0,5.635741194253009E-6,0.9949475625156937,0.00504680174311195
5069.0,2.6350258446839556E-7,0.24918209568855243,0.750817640808863
5194.0,0.015506864937117592,0.9837470708265232,7.460642363592607E-4
6743.0,0.3579143310208873,0.6420651071242005,2.0561854912078604E-5
5465.0,0.9876256536868877,0.012374307017369498,3.929574274285976E-8
6257.0,1.3975435756630127E-4,0.9998495479566704,1.0697685763393505E-5
6015.0,0.9847960077113492,0.0152030930846862,8.992039644557551E-7
6498.0,1.3967706305983867E-6,2.587422279223804E-4,0.9997398610014471
5211.0,2.7891447895035804E-11,0.005254167168157341,0.9947458328039512
5084.0,2.2686438367945157E-5,0.013477547976251225,0.9864997655853809
5448.0,1.643229341943618E-12,1.579533725619774E-4,0.9998420466257947
6726.0,3.607489423035291E-8,0.1808253890370315,0.8191745748880742
5998.0,0.47463886358754226,0.5253446181063862,1.6518306071372257E-5
6240.0,7.772966614082871E-10,0.0068040301204330324,0.9931959691022703
6515.0,0.015542515166299285,0.9843163549233783,1.4112991032244642E-4
5757.0,0.7889392365976841,0.21104966261136043,1.1100790955555535E-5
5285.0,7.271122340332793E-8,0.046305333900114994,0.9536945933886616
5558.0,3.5249488541682684E-11,0.005099243558667075,0.9949007564060834
6032.0,0.08878583801121834,0.9109976371192642,2.1652486951738564E-4
5763.0,3.821383725315696E-4,0.9532723001934603,0.046345561434008184
6541.0,0.004823064791962393,0.9894629286596943,0.005714006548343258
5482.0,0.07624282009854533,0.9237568428121724,3.3708928217582297E-7
5241.0,5.677188072847249E-9,0.016437560747783644,0.9835624335750284
5118.0,0.999203336601185,7.966510116888935E-4,1.2387126124582503E-8
6481.0,1.3146421632492618E-11,1.1833639981969997E-4,0.9998816635870338
6210.0,1.3623293138517872E-4,0.9975598793233306,0.002303887745284311
5964.0,0.99997629404396,2.3705918700816692E-5,3.733908706617456E-11
5524.0,0.7112558278094495,0.2809844999083151,0.007759672282235525
5255.0,0.9917281636137971,0.008256398212541228,1.543817366176411E-5
6575.0,0.003111179741127231,0.8837335651787664,0.11315525508010636
6066.0,0.002148158561010413,0.9056213919977795,0.09223044944121006
6332.0,0.022645304313965234,0.9770047821786868,3.4991350734801054E-4
6795.0,0.9633847215183595,0.03661518756748761,9.091415285749407E-8
5509.0,1.2374159813497865E-6,0.2400802348976515,0.759918527686367
5270.0,0.6714999323104772,0.3284999283440412,1.3934548160420817E-7
5808.0,1.2528955650113223E-6,0.1088169881513999,0.8911817589530351
6317.0,0.002708247432120697,0.9920805037374816,0.005211248830397842
6051.0,0.1830784428302692,0.8038402492271515,0.013081307942579461
5499.0,4.287294495839241E-4,0.7066028573928159,0.29296841315760014
6773.0,1.9660156639119475E-7,0.6613843267817018,0.33861547661673186
5103.0,1.6195860122110827E-6,0.5158496374801601,0.48414874293382765
5224.0,2.3386754414899143E-4,0.09090139338471885,0.9088647390711322
6464.0,0.9920129865305832,0.007987013211063699,2.583530613625114E-10
5710.0,6.719600551412034E-4,0.8872477379559971,0.11208030198886157
5981.0,7.080205490994317E-10,1.2466903587698123E-4,0.9998753302561024
6227.0,0.014337189434833371,0.9489237217440405,0.036739088821126115
5641.0,4.986628885853968E-5,0.9987044065464117,0.0012457271647298488
6407.0,1.7000259228953818E-12,0.00852138159839494,0.991478618399905
6164.0,0.9737349775569668,0.02626131328818802,3.7091548451469204E-6
5914.0,2.9006006151210292E-5,0.9938249118699349,0.006146082123913804
6706.0,0.8177519057783417,0.18224607475341603,2.0194682423191816E-6
5436.0,3.8118152174897905E-9,0.5546968441042143,0.4453031520839706
5032.0,1.5012019507197607E-8,0.0028585782592966363,0.9971414067286839
5167.0,3.5019472699300205E-5,0.3956700203662804,0.6042949601610204
6649.0,0.011875891796991653,0.9880830808461054,4.1027356902888474E-5
5879.0,0.58309065310542,0.41690815741982984,1.1894747502235166E-6
6116.0,4.340112616346412E-18,1.76920362252288E-10,0.9999999998230796
6378.0,0.01171429363600226,0.9882089901812644,7.671618273333663E-5
5329.0,0.9998328455116927,1.671523813724607E-4,2.1069348639564975E-9
4950.0,0.9662395384157423,0.03281307467772286,9.473869065348596E-4
5862.0,0.046856778382709754,0.6550296853572757,0.2981135362600145
6632.0,0.017818120445592854,0.9818125789140252,3.6930064038192786E-4
6395.0,0.09244068264745209,0.9057049698444966,0.0018543475080514925
6133.0,5.607891626675E-11,0.0014722272412546922,0.9985277727026663
5587.0,1.3244424490933355E-8,0.8815457058875732,0.11845428086800232
4935.0,0.9057254429352215,0.0928660369791133,0.0014085200856651483
5312.0,0.06073847214624716,0.937061353071072,0.002200174782680839
6422.0,0.4049459209517472,0.5939681009553996,0.0010859780928532121
5656.0,6.608314877903967E-10,0.0065405403495636194,0.993459458989605
5899.0,3.150561928519214E-5,0.9963385846365709,0.00362990974414402
6149.0,0.01179476650039485,0.9879036327466025,3.016007530025459E-4
5421.0,0.9915629098645417,0.008436908827159676,1.813082986463281E-7
5182.0,0.0011201848425765066,0.9972118883460656,0.0016679268113578838
5049.0,5.627949669998098E-11,3.796303693073209E-4,0.9996203695744132
6103.0,0.0223552214402514,0.9776277936524642,1.698490728430101E-5
6361.0,5.173218878751134E-10,0.009730001724205973,0.9902699977584722
6602.0,0.9999237198278884,7.626110757853402E-5,1.9064533005784748E-8
5828.0,0.9602187599138362,0.039771339036488815,9.901049675011282E-6
4965.0,0.6569014662537702,0.34309564334776105,2.8903984687129627E-6
5346.0,0.004006367902050018,0.8043314735823115,0.19166215851563845
5617.0,0.9193746967056751,0.08059846152473679,2.684176958831663E-5
6183.0,8.081402273523087E-6,0.0034698458633032505,0.9965220727344232
5929.0,4.828997430795422E-5,0.0156915988601276,0.9842601111655644
5690.0,1.6908718551151461E-7,0.17029428358558976,0.8297055473272247
6452.0,0.0015822938253452381,0.9947445406308855,0.0036731655437692093
5148.0,3.900442643662982E-11,2.2156321273825878E-5,0.9999778436397216
5019.0,0.003686792215947002,0.9962933390663394,1.986871771358256E-5
6657.0,1.615416929406495E-12,4.724705601333831E-4,0.9995275294382512
5391.0,4.79795677166E-14,5.015780786530438E-5,0.9999498421920866
5944.0,1.0000138203958156E-8,0.1221184982406493,0.8778814917592126
6198.0,0.9862102735131623,0.013626598885698157,1.6312760113953577E-4
6437.0,0.9982066791492838,0.0017933206141563286,2.3655979613092824E-10
5675.0,9.109191017588417E-4,0.9825223599515192,0.01656672094672198
5002.0,2.3445091643904626E-10,2.7435154769107347E-4,0.9997256482178579
5133.0,1.8788844578400142E-26,1.9427624365500876E-15,0.9999999999999981
5406.0,3.911073214617166E-11,1.2523629074796545E-4,0.9998747636701414
6672.0,3.8425461853492075E-10,0.0014439511045101423,0.9985560485112353
6344.0,0.9892008832964869,0.010377830597900907,4.2128610561204075E-4
6086.0,2.936939451607534E-12,6.975446544439808E-6,0.9999930245505185
5845.0,7.678518340501668E-7,0.22606162434831437,0.7739376077998515
6619.0,1.1998791407885619E-20,2.7972706713559528E-8,0.9999999720272933
5363.0,1.6624036604822565E-5,0.999391993392745,5.913825706501397E-4
4980.0,0.03803279636076638,0.9550963549043398,0.00687084873489387
5600.0,0.48442525522635616,0.5155667505960606,7.994177583358507E-6
5557.0,0.35608117448329796,0.6330641443345876,0.01085468118211454
5286.0,1.6005485329909987E-16,1.1708047118471971E-5,0.9999882919528814
6542.0,0.9892510130423581,0.010745575548651345,3.411408990626508E-6
5760.0,4.3023090458629056E-5,0.9987771613224684,0.0011798155870729864
6035.0,0.4858315008793179,0.5127269976414723,0.0014415014792095752
6301.0,4.450063837646985E-4,0.1675973328249693,0.831957660791266
6725.0,0.29382916039835877,0.7023026673751581,0.0038681722264831495
5451.0,3.361443515944943E-9,0.18808454520837944,0.8119154514301771
5208.0,1.171821303694916E-6,0.03678133426668294,0.9632174939120134
5087.0,4.321496436604724E-9,0.1636779388014224,0.8363220568770812
5758.0,0.011112220202189698,0.9880090376961386,8.787421016718434E-4
6512.0,1.2463419740761943E-4,0.6715045081668488,0.32837085763574364
6243.0,0.2346200640935023,0.7653782664923982,1.6694140995487715E-6
5997.0,9.513728157951434E-17,3.3469265216971476E-6,0.9999966530734782
5466.0,0.0562314055679262,0.9437256112363538,4.298319572004992E-5
6740.0,7.198567497182015E-4,0.9961571443683896,0.0031229988818921154
5070.0,0.041583083658506124,0.852468779921038,0.10594813642045589
5193.0,0.4106802766420988,0.5879750374072228,0.0013446859506784047
6497.0,0.9984126161385053,0.0015870697052273767,3.1415626737166145E-7
5743.0,0.9237174133409778,0.07616850629573381,1.1408036328827912E-4
6012.0,0.1902820812579562,0.22610426338093514,0.5836136553611088
6258.0,3.03482973729578E-6,0.8101483491782007,0.1898486159920619
5540.0,4.4913244575165535E-6,0.9693648084727008,0.030630700202841823
5303.0,5.044939863862013E-4,0.9266444507304796,0.07285105528313418
5777.0,0.9854139175781098,0.014534293032156398,5.1789389733724854E-5
6559.0,1.0265387982065548E-14,3.260891882173645E-7,0.9999996739108016
6284.0,0.002543849503301568,0.9898422878114153,0.007613862685283097
6018.0,0.02220819590903101,0.9777673354751234,2.4468615845583107E-5
5100.0,0.9720245644684468,0.027975342279611716,9.325194149486576E-8
5227.0,2.2085043093048464E-5,0.9626805014679582,0.03729741348894878
6774.0,2.0467286891805307E-6,0.005144221429892662,0.9948537318414181
5496.0,0.037968973210993615,0.9620196920569649,1.133473204135788E-5
6224.0,1.3087507087026228E-11,5.2401920657880555E-6,0.9999947597948468
5982.0,0.3211165791336585,0.6788256605728681,5.7760293473489545E-5
5709.0,0.00138892240851032,0.9438638464511346,0.05474723114035523
6467.0,0.07559086560734457,0.9244021884325146,6.945960140792715E-6
5269.0,0.0015945105430026437,0.05842140664772167,0.9399840828092757
6792.0,3.03840403854584E-9,0.9936469897621709,0.006353007199425076
6048.0,0.9989822735823233,0.0010177264003003751,1.7376362027418823E-11
6318.0,6.294483834563449E-6,0.9995012002468221,4.925052693433033E-4
6589.0,4.9442071958096E-6,0.42203532532275523,0.577959730470049
5811.0,0.017410070476832563,0.9792340589285622,0.0033558705946052413
5252.0,0.07131300914106393,0.5493777131468371,0.379309277712099
5527.0,0.9999872155395175,1.2784452110541518E-5,8.371959618226582E-12
6335.0,0.13279809097000617,0.8629288912719716,0.004273017758022316
6065.0,6.29644934748219E-5,0.9032230989282547,0.09671393657827049
5794.0,0.1289682274248549,0.8710094041406575,2.236843448769101E-5
6572.0,0.7653902963119834,0.2343746542730987,2.3504941491779108E-4
5242.0,2.6895580538900525E-13,4.174280551114444E-4,0.9995825719446197
5117.0,2.9875854498027816E-14,0.20889188443046883,0.7911081155695013
5481.0,8.182870089010686E-10,0.01806189876372975,0.9819381004179834
5967.0,0.970762946307482,0.029227665951024353,9.387741493551772E-6
6209.0,0.001829872624936973,0.9981502541698372,1.9873205225970892E-5
6482.0,7.415749143249178E-5,0.9998940422013505,3.180030721686219E-5
5724.0,3.1956511267838414E-10,2.7784462743269533E-6,0.9999972212341606
6648.0,3.0124875351395273E-4,0.8600653556764463,0.13963339557003976
6379.0,0.004415810218934782,0.9175087920466007,0.07807539773446438
6117.0,1.7113689355762482E-4,0.6867408232497396,0.3130880398567028
5571.0,0.9133685124714191,0.0866282105912604,3.2769373204351845E-6
5328.0,3.1543081310870083E-12,4.856578517298456E-7,0.999999514338994
4951.0,2.8438827025523078E-5,0.9999651188968888,6.44227608568104E-6
6406.0,1.4167692110999786E-18,9.160348617271415E-9,0.9999999908396514
5640.0,0.018865553963316576,0.976807346950141,0.004327099086542458
5915.0,0.09052206322827092,0.906245009229017,0.003232927542712157
6165.0,0.9967737182732601,0.003226268249817253,1.3476922620459789E-8
5437.0,0.8273526205524407,0.17264723944043767,1.400071214709877E-7
6707.0,1.0548669107329396E-5,0.15038136114257264,0.8496080901883201
5033.0,8.396611224996422E-5,0.042688922073557345,0.9572271118141927
5166.0,0.019278491906485215,0.9702106443316185,0.010510863761896133
5657.0,0.9995561212111033,4.43814321630056E-4,6.446726667119157E-8
6148.0,4.682843632742633E-14,8.234928532652832E-8,0.9999999176506679
5898.0,1.45471247733425E-17,2.7202662451999275E-7,0.9999997279733756
6690.0,0.013515060505731159,0.9863333840719855,1.5155542228330733E-4
5420.0,0.8240229760982278,0.1759406221893565,3.640171241556456E-5
5183.0,7.505901353371644E-5,0.0017070356571218107,0.9982179053293445
5048.0,0.0011651414236146403,0.998680230475762,1.5462810062322438E-4
6633.0,9.434866990859165E-7,0.00924362095972604,0.9907554355535749
5863.0,0.007384241733313252,0.9913620650179176,0.0012536932487691606
6132.0,1.5936952152268341E-15,5.590033046657317E-9,0.9999999944099653
6394.0,2.962025882650692E-10,0.025895835213960775,0.9741041644898367
5586.0,0.17915653940131906,0.8207998732273568,4.358737132411603E-5
4934.0,1.2416497057207747E-4,0.2937959236431389,0.706079911386289
5313.0,3.288271514286243E-4,0.9974407296452678,0.0022304432033035085
5928.0,0.46423837785803185,0.5350388626149911,7.227595269769815E-4
6182.0,2.4484020331038473E-9,0.0010213374649194675,0.9989786600866786
6453.0,0.9982223227426683,0.001777436340038006,2.4091729377047746E-7
5691.0,2.7947254219708578E-14,4.169939024815064E-5,0.999958300609724
5149.0,0.31247756059086657,0.17595703319655567,0.5115654062125777
5018.0,0.9986329360456045,0.0013670506260792465,1.3328316246821133E-8
5390.0,0.10355488568505064,0.8948688755462549,0.0015762387686944828
6656.0,0.9498252476078465,0.050129035470274905,4.5716921878503745E-5
6360.0,8.381734388763907E-4,0.9911430508477018,0.008018775713421744
6102.0,1.0702404735463364E-4,0.10212459959520216,0.8977683763574431
5829.0,1.6391701350146265E-6,0.007783824445822139,0.9922145363840429
6603.0,0.026688674013765356,0.972786403025303,5.249229609317124E-4
4964.0,8.681632731852187E-12,2.7880763226026108E-5,0.9999721192280924
5347.0,2.4200935881432346E-14,3.474709981938891E-6,0.9999965252899937
5616.0,4.930509348547545E-7,0.21531418065402372,0.7846853262950414
6087.0,1.2969372955648108E-9,0.05607165134005549,0.9439283473630072
6345.0,8.06998450941263E-6,0.02307641934519894,0.9769155106702916
5844.0,7.635605311506886E-8,0.002078734024719959,0.9979211896192269
5362.0,0.9987890688372942,0.0012033987688687196,7.532393837101118E-6
4981.0,6.895390852688801E-10,0.0017885204431459074,0.998211478867315
5601.0,6.785630560606649E-5,0.9941974942019819,0.005734649492411976
5945.0,2.4728297134951153E-5,0.9748182792293425,0.025156992473522502
5674.0,1.7359251990889579E-9,2.138985081307183E-5,0.9999786084132617
6436.0,0.6809184541378098,0.3190792050348899,2.3408273002489176E-6
5003.0,0.421265881799163,0.5787329235594332,1.1946414039021436E-6
5132.0,0.41468090471652225,0.32912870155203394,0.25619039373144387
6673.0,1.588167990268988E-5,0.8171958166901532,0.18278830162994406
5407.0,0.7643893221204137,0.23553804620796454,7.263167162173921E-5
5450.0,1.4859407578948608E-7,0.05065381838622441,0.9493460330196999
6724.0,0.10700759854582985,0.8921239844679252,8.684169862449774E-4
5209.0,5.3380422737912215E-5,0.9864578315054362,0.013488788071825917
5086.0,2.3604987631481667E-12,1.2559275373266423E-4,0.9998744072439067
6513.0,0.7535237137203042,0.24392354992594786,0.0025527363537479913
5759.0,0.024327573481624943,0.9753528836479675,3.1954287040762344E-4
5996.0,0.4235228183905842,0.5762573487325717,2.198328768440388E-4
6242.0,1.9916215789150798E-7,0.5792398926018696,0.4207599082359725
5556.0,0.9918087245296584,0.008191272310586273,3.159755358719774E-9
5287.0,0.7566441828583232,0.24334929346658843,6.523675088141529E-6
5761.0,0.80171513210104,0.1982766034060956,8.264492864517157E-6
6543.0,0.0016421385204271177,0.9712934032265178,0.027064458253055004
6300.0,0.661937685513163,0.3380345610043861,2.775348245098865E-5
6034.0,0.869252225275966,0.1307462398506412,1.5348733927013646E-6
5541.0,2.662011471118593E-8,0.26536283404954863,0.7346371393303366
5302.0,2.748031583899779E-12,3.952046348595995E-6,0.9999960479509034
6558.0,5.300386993443338E-5,0.9992239287610223,7.230673690432685E-4
5776.0,0.05505866331106328,0.602759231236381,0.3421821054525556
6019.0,0.5970264889617592,0.40248865528520816,4.848557530326157E-4
6285.0,0.960910535778254,0.03908156749946931,7.896722276707453E-6
5467.0,0.15047874725009522,0.8495193659402501,1.8868096545913962E-6
5071.0,0.9133471927705452,0.086625043132633,2.7764096821804376E-5
5192.0,0.1054761496569586,0.893893658477494,6.301918655474842E-4
5742.0,9.041102648810906E-6,0.999976386942246,1.4571955105169746E-5
6259.0,1.1543597420198115E-4,0.9913525938898708,0.008531970135927255
6013.0,1.9131728864257643E-4,0.8765068290294216,0.12330185368193593
5268.0,0.642693669646176,0.35641554172164647,8.907886321774727E-4
6793.0,2.2927640832306627E-4,0.23575525370672384,0.7640154698849532
5511.0,0.9999865189907172,1.348054429708627E-5,4.6498578265339195E-10
6319.0,0.9939044271679869,0.006095103378404681,4.694536086027145E-7
5810.0,0.16952909349063433,0.8290442273800047,0.0014266791293610598
5101.0,2.9571251484378027E-6,0.21590970891715047,0.784087333957701
5226.0,0.06803977234799474,0.9317979060503943,1.6232160161093874E-4
5497.0,0.016779437348025016,0.9818543043821721,0.0013662582698029293
6775.0,2.8075538183541235E-5,0.1702661457630137,0.8297057786988028
5983.0,0.1216317459146453,0.8783511404800032,1.7113605351607603E-5
6225.0,3.942253925448445E-7,0.7257809106802912,0.2742186950943163
6466.0,5.094098487534759E-4,0.46899003208538564,0.5305005580658609
5708.0,4.505413373247273E-6,0.9687391436382412,0.031256350948385546
5116.0,0.21833875242925957,0.778755773909991,0.0029054736607494864
6758.0,0.990344457662833,0.009654931997887797,6.103392791547728E-7
5480.0,6.425645454792895E-5,0.7007985444391424,0.2991371991063097
6208.0,0.13089185806646025,0.8690556417373968,5.250019614306472E-5
5966.0,9.478924177159172E-9,0.9995065956612451,4.933948598307505E-4
5725.0,4.5660097908327245E-9,0.06454678496930705,0.9354532104646831
6483.0,0.9947376279458281,0.005262309445717535,6.260845433109948E-8
5253.0,0.00230202396740753,0.961468614631259,0.03622936140133344
5526.0,3.941169980532776E-5,0.38548248612937447,0.6144781021708202
6808.0,4.5575418444096494E-5,0.9804299195296133,0.019524505051942767
6064.0,0.19619375306321862,0.8035666330428729,2.3961389390856464E-4
6334.0,0.8698840643351805,0.13007289110490147,4.304455991785678E-5
6573.0,0.6741471576946543,0.3258510102275302,1.8320778154687666E-6
5795.0,0.3432062827953974,0.6565805518348125,2.131653697902146E-4
5400.0,0.0010964398629152337,0.998411272209493,4.922879275918399E-4
6678.0,0.2556025760585871,0.7435514511276132,8.459728137997131E-4
5004.0,0.08340988144047484,0.9163665654134966,2.2355314602858674E-4
5131.0,8.496429883032426E-13,6.257539939994174E-6,0.9999937424592104
6435.0,2.3809579508594968E-4,0.500624227543686,0.49913767666122816
5677.0,0.004256950617754025,0.9957261253054189,1.692407682700978E-5
5950.0,1.7650548303971982E-15,5.758929004186151E-6,0.999994241070994
6192.0,0.9968697654310164,0.003122521586796856,7.712982186857828E-6
5606.0,3.730017861404594E-9,3.590653957278629E-4,0.9996409308742543
5365.0,6.624214475502595E-10,6.856883152320285E-4,0.9993143110223466
4978.0,0.9902490977968268,0.009749878710311593,1.0234928616031305E-6
5843.0,3.0133141312379823E-9,0.19222460720836496,0.8077753897783209
6621.0,0.999110647866301,8.89299378689721E-4,5.275500937078412E-8
6350.0,0.7783301981353349,0.1820392745699567,0.039630527294708555
6080.0,0.004781718669171864,0.9950890861423505,1.291951884775263E-4
5623.0,2.1124481563345385E-7,0.7749533215715363,0.22504646718364812
4963.0,0.9952590510718426,0.004735393110249816,5.555817907628133E-6
5348.0,0.01076342939368262,0.9892223686640969,1.4201942220528987E-5
6604.0,0.9999339238952961,6.607504761384657E-5,1.057090091051467E-9
5826.0,1.3005175125896945E-5,0.06036719515538837,0.9396197996694857
6097.0,0.6796395981819772,0.2799783755972943,0.04038202622072853
6367.0,0.5067682627697904,0.2003529873116003,0.29287874991860924
5385.0,7.739783534639882E-10,0.0036033249394549754,0.9963966742865666
5146.0,0.0020109137599294705,0.9769167597974996,0.021072326442570965
5021.0,0.0296427747289921,0.9698027481101406,5.544771608674495E-4
5692.0,0.002200846789084719,0.7996727314300119,0.19812642178090323
6450.0,0.9959333085441209,0.004066666441156259,2.5014722878865547E-8
6177.0,0.0020819080242768526,0.9754834829180297,0.02243460905769345
5935.0,4.519504856407075E-7,0.027232452238960963,0.9727670958105533
4929.0,2.5660574116850196E-5,0.9999019753141303,7.236411175281185E-5
5318.0,1.329911810812341E-12,8.888193211436189E-4,0.9991111806775265
5589.0,0.8822197172316937,0.11777032160432863,9.961163977795836E-6
6131.0,1.4319975779826745E-12,0.003037370567108143,0.99696262943146
5856.0,0.6000003551906532,0.39991031429878654,8.933051056013528E-5
6638.0,0.9973124140747645,0.0026875857755948402,1.496408321316542E-10
5176.0,0.002498559539561901,0.9965281936587712,9.732468016669413E-4
5055.0,3.8284975957169387E-7,0.03405418139884396,0.9659454357513965
5419.0,2.172474289189727E-13,1.138275308138852E-5,0.9999886172467013
6693.0,0.017010196791716923,0.9815918309231131,0.0013979722851701318
5901.0,0.7646289618226646,0.2353668831102071,4.15506712827923E-6
6147.0,7.592235352600922E-5,0.9997737647740959,1.5031287237812576E-4
6416.0,7.080369617444588E-8,0.02454362281281803,0.9754563063834858
5662.0,0.77170758566121,0.22829240220652885,1.2132261132481832E-8
5038.0,0.999591529230329,4.0847075166465356E-4,1.8006280074285167E-11
5161.0,0.0012108073437441056,0.9629497864865673,0.035839406169688615
6708.0,0.9620068363198674,0.03796479880065208,2.8364879480626026E-5
5434.0,6.253416352126709E-8,0.02218758052528807,0.9778123569405485
6162.0,3.3409515149464805E-9,0.014094134930358196,0.9859058617286903
5916.0,2.962912090190829E-5,0.1369360225945516,0.8630343482845465
5647.0,0.9973023978181393,0.0026930922782018984,4.509903658594755E-6
6401.0,0.9999970460360849,2.9539391753354785E-6,2.47398120023597E-11
5335.0,3.3028137087464074E-17,1.52546336482183E-8,0.9999999847453663
4944.0,1.6940411562418987E-7,0.06714147784923422,0.9328583527466502
5572.0,1.1789745663852846E-18,8.864373650667162E-7,0.9999991135626349
6114.0,3.4337593173865536E-16,6.476749028732029E-6,0.9999935232509709
6380.0,1.1540286514978534E-5,0.02160578298505074,0.9783826767284344
6655.0,0.706218869841117,0.2936462407318194,1.3488942706352337E-4
5873.0,1.770307460559846E-14,0.008223928984875391,0.9917760710151069
5796.0,0.999973178787368,2.6820318438343735E-5,8.94193586982849E-10
6570.0,0.0027760888578954256,0.9968954137709545,3.2849737115009435E-4
6329.0,0.9998145928756126,1.8495128681459086E-4,4.558375728534769E-7
6071.0,0.9987883088441268,0.0011926632671796532,1.902788869357069E-5
5521.0,0.8861572470017662,0.11356132804811202,2.8142495012165313E-4
5250.0,0.3978418028526694,0.6021107215980033,4.747554932723997E-5
6484.0,0.007339960117250137,0.9919388451654445,7.211947173054416E-4
5722.0,0.04502155934148813,0.625241421065594,0.3297370195929179
5961.0,8.355584977646545E-15,5.945647738944608E-4,0.9994054352260973
6215.0,8.103938863153303E-6,0.9952209382080128,0.0047709578531241114
5487.0,1.7096421000446333E-6,0.9920832115766121,0.007915078781287962
6753.0,1.5225369902148506E-12,2.801127400054448E-4,0.999719887258472
5244.0,6.8816592056768E-4,0.998132799492335,0.0011790345870972847
5115.0,9.101267280163705E-13,5.0419197367135615E-5,0.9999495808017228
5707.0,2.0530659909677475E-9,0.021810285000746586,0.9781897129461874
6469.0,0.01147594208466051,0.9875503124374989,9.737454778404629E-4
6230.0,4.1073708242886643E-7,3.048028892865242E-4,0.999694786373631
5976.0,2.7066678960344054E-10,0.0010588272062698459,0.9989411725230634
6768.0,3.376855385839285E-11,0.0012238129046839316,0.9987761870615475
5502.0,0.9387523519835881,0.06116282460739148,8.482340902048442E-5
5098.0,0.9954663520613883,0.004533646052478362,1.8861332576868143E-9
5229.0,2.4161708704374382E-9,0.03823312581771022,0.961766871766119
6587.0,3.8557325863278225E-7,0.9978139943590841,0.002185620067657196
5813.0,0.9983843515948974,0.0016154410041291137,2.0740097372829886E-7
6054.0,0.020449934401880056,0.9785814889357786,9.685766623413036E-4
6312.0,1.0460330751760788E-10,0.004960647147783208,0.9950393527476135
5504.0,2.505570249362251E-5,0.9940430323026368,0.005931911994869561
6798.0,0.03382676472851999,0.963456832746637,0.0027164025248429934
5267.0,2.311519362750321E-4,0.027023087461328713,0.9727457606023963
6010.0,0.029130718550973534,0.9508865069232123,0.019982774525814186
6260.0,0.7681253533559461,0.23174485340354517,1.297932405087181E-4
6503.0,0.0032249838429641467,0.9812053240343842,0.015569692122651673
5737.0,0.9991818415205966,8.181427592377375E-4,1.5720165611621594E-8
5064.0,1.309466097866503E-17,9.111512902859609E-5,0.9999088848709714
5199.0,1.8464849687831807E-9,0.0030145726821324474,0.9969854254713826
5468.0,0.007858033653295128,0.5090565341930846,0.48308543215362015
6738.0,2.2528295356812488E-7,0.2876666170742105,0.712333157642836
6282.0,0.25248588447057574,0.7467619734169093,7.521421125150161E-4
6020.0,6.608282446560739E-4,0.9974225378885901,0.0019166338667537925
6553.0,3.12291610925099E-4,0.013383917969324366,0.9863037904197505
5297.0,0.9774588562444635,0.02254108061682276,6.313871376254285E-8
4918.0,0.9883373319284106,0.011649221153553933,1.3446918035454725E-5
5538.0,0.9973619221006839,0.002638077860420291,3.889571010022695E-11
6037.0,9.584202928726958E-4,0.22171143657017928,0.777330143136948
6299.0,7.454987875019366E-7,0.3422231612417141,0.6577760932594984
6536.0,1.0429020087585902E-11,0.0012555501291709654,0.9987444498604001
5766.0,0.9987089685013871,0.0012909872785307557,4.4220082220215644E-8
5280.0,4.0293214703910225E-4,0.9775684814687338,0.02202858638422723
5555.0,1.701269033846559E-8,0.8076165726281586,0.1923834103591511
6245.0,5.879268064454247E-5,0.992441622290844,0.007499585028511465
5995.0,0.9999722337114355,2.776628774278368E-5,8.217965458634759E-13
5752.0,0.0012606207881552744,0.9985092350209906,2.3014419085410007E-4
6518.0,4.605808070904456E-8,0.740900833530719,0.25909912041120026
5214.0,3.526527328548943E-5,0.9149145427429525,0.08505019198376204
5081.0,3.162401495297007E-8,0.9687420795334982,0.0312578888424869
6723.0,0.9999890500626827,1.0949937035067411E-5,2.8225059673887767E-13
5453.0,5.489358219616458E-6,0.29986852267988856,0.7001259879618917
5607.0,0.002286609732464408,0.9973929480123018,3.204422552338303E-4
5364.0,0.05709890782465273,0.9428453899464307,5.5702228916496195E-5
4979.0,2.164734693790052E-6,0.9989124039200523,0.001085431345253692
6620.0,3.824481007821634E-6,0.08223492227068839,0.9177612532483037
5842.0,3.142210388387748E-7,0.014033555745914406,0.9859661300330467
6081.0,0.2885011281901015,0.711397914731614,1.0095707828453413E-4
6351.0,2.4959763379140336E-5,0.8904440835898549,0.10953095664676604
6679.0,0.9390252323770253,0.06096793965227668,6.827970698009482E-6
5401.0,4.272345147447389E-6,0.9999872462161258,8.481438726841754E-6
5005.0,3.672899444544774E-8,0.15337088155329504,0.8466290817177106
5130.0,1.5187040683052033E-17,2.642758752904584E-7,0.9999997357241246
5676.0,0.002781731950380064,0.9941188890123087,0.0030993790373113317
6434.0,1.0548669466594812E-8,0.9979495557336384,0.0020504337176921105
6193.0,0.9890237550169613,0.01097098344596996,5.261537068684067E-6
5951.0,0.9999719854187642,2.8014012959736016E-5,5.682760493030362E-10
5384.0,5.0609195427945924E-9,0.03857195359185252,0.9614280413472279
6662.0,0.8380376694788374,0.16196232943423283,1.0869298057254036E-9
5147.0,1.8489571283753886E-6,0.9999865653124469,1.158573042456973E-5
5020.0,0.026515206683025882,0.9694392882551265,0.004045505061847525
6451.0,0.0010576573567492866,0.9925562309071257,0.006386111736125015
5693.0,0.1925573494967885,0.7003909384771321,0.10705171202607952
5934.0,0.7733389259770624,0.2266487933655876,1.228065734982708E-5
6176.0,3.4647170788061176E-4,0.9365379886094582,0.06311553968266116
5622.0,0.17470540446996632,0.8252705160079385,2.407952209507058E-5
