6393.0,0.16549309462411677,0.661442476180903,0.17306442919498027
6135.0,0.019073012285540827,0.4538985545262978,0.5270284331881613
5860.0,0.0017581873531233587,0.3151815953297813,0.6830602173170953
6634.0,0.2890857681749146,0.6797782928638646,0.031135938961220883
4933.0,6.523648735115838E-4,0.2033543201562846,0.7959933149702039
5585.0,0.20429250196364487,0.7665508464179351,0.029156651618419984
5897.0,0.20429250196364487,0.7665508464179351,0.029156651618419984
6151.0,0.006801028872884675,0.8199008111648372,0.1732981599622782
6420.0,0.701095896863678,0.286967920842765,0.01193618229355708
5658.0,0.7930673453001568,0.20144012564491734,0.005492529054925766
5180.0,0.6319672584671184,0.34968526944540224,0.018347472087479166
5051.0,1.6601774624094812E-4,0.07108595834747451,0.9287480239062844
5423.0,0.19261652396771606,0.738335214391207,0.06904826164107702
6689.0,0.1799236120195007,0.7762516371846232,0.04382475079587611
6166.0,0.0029835417160513416,0.832647277071115,0.16436918121283356
5912.0,0.1250047043124843,0.8300974957458996,0.04489779994161605
5643.0,0.020965504478618915,0.6158259767166954,0.3632085188046857
6405.0,0.0023523608616909087,0.21118376235235417,0.7864638767859549
5034.0,0.10506597039530233,0.7245974042661008,0.1703366253385969
5165.0,0.10665337294639042,0.8313196193214097,0.06202700773219995
6704.0,0.007890604048808446,0.8849187090345897,0.10719068691660187
5438.0,0.852353760674065,0.14300428977892937,0.004641949547005532
6118.0,0.0030720294135100283,0.2755331347773373,0.7213948358091525
6376.0,0.021111228983598084,0.8353221584250687,0.14356661259133324
6651.0,0.05016627816575428,0.9062603466273228,0.04357337520692296
5877.0,0.003956049250158623,0.3185399667365282,0.6775039840133131
5331.0,0.009886059087174543,0.8627995851156989,0.1273143557971265
4948.0,0.004107494011192,0.7068809687520727,0.2890115372367353
5568.0,0.007882096544658808,0.6382720939550864,0.3538458095002547
5673.0,3.820292824594428E-4,0.14580501104482177,0.8538129596727188
5946.0,0.7220055368866272,0.2637680805883914,0.014226382524981339
6196.0,0.22420789098608776,0.7449964360647979,0.030795672949114238
5404.0,0.0927573218292522,0.7846652213592334,0.12257745681151434
5000.0,0.6451067635757296,0.3444849853774059,0.010408251046864379
5135.0,0.004960131926832948,0.6550710855942287,0.3399687824789383
5847.0,0.12662038889791444,0.7151555475268124,0.15822406357527305
6617.0,0.4812134786094759,0.49618127380651905,0.022605247584005114
6346.0,0.07218182053795531,0.8545858463501841,0.07323233311186066
6084.0,0.17135958888882202,0.6468499394728165,0.18179047163836146
5602.0,0.8215461917958506,0.1685754212033896,0.009878387000759815
5361.0,0.6244987791999498,0.36522732346876285,0.010273897331287378
4982.0,0.009739712493915894,0.8932353590913652,0.09702492841471895
6600.0,0.16954947377070947,0.6993737532628378,0.13107677296645281
5830.0,0.022510062240136085,0.7733676415664932,0.20412229619337066
6101.0,0.39248766172297,0.5885602042979167,0.018952133979113356
6363.0,0.005067130820092518,0.17077098945644145,0.8241618797234661
5619.0,0.1583868229781798,0.756888877207421,0.08472429981439901
4967.0,0.3086617570185636,0.672505240648015,0.018833002333421448
5344.0,0.0856386541526712,0.8013172534479877,0.11304409239934102
5688.0,0.0014340638091720624,0.15535347477488753,0.8432124614159404
6454.0,0.3460137934422829,0.6222326567281399,0.0317535498295771
6181.0,0.7818673372248838,0.20923898843448813,0.008893674340628136
5931.0,0.17540412926877452,0.740811198990465,0.08378467174076058
6659.0,8.083831364271409E-4,0.06768033463376055,0.9315112822298122
5389.0,0.006568063389978359,0.8275263705003786,0.16590556610964313
5150.0,0.6134577359163318,0.3773426139033363,0.009199650180331944
5017.0,0.7836628794982039,0.20974182003684055,0.006595300464955515
5068.0,0.19115660305593304,0.7748292311046707,0.034014165839396385
5195.0,0.4044258630456822,0.5655975751787989,0.029976561775518884
5464.0,0.489299100133426,0.4933068085980416,0.017394091268532388
6742.0,0.05730632845979764,0.7360824538322459,0.20661121770795648
6014.0,0.023241099235615216,0.3501229442001051,0.6266359565642796
6256.0,0.5603105163862561,0.4123612853806107,0.027328198233133223
6499.0,0.012159192050744743,0.6036733486053678,0.3841674593438875
5741.0,0.007173623334746938,0.4414208387004385,0.5514055379648144
5301.0,0.4844928730631717,0.4944768589964352,0.021030267940393015
5542.0,0.2401578686378628,0.7050806106808456,0.054761520681291635
6286.0,0.21050171522756525,0.7611823498756692,0.028315934896765458
6016.0,0.113022333718324,0.777974862434111,0.10900280384756499
5779.0,0.040791102429485734,0.87998285086774,0.07922604670277432
6557.0,0.0037697224466785675,0.2556848327705672,0.7405454447827543
5284.0,0.6152962083399017,0.37493347757080747,0.009770314089290938
5559.0,0.007693858944967709,0.6752576013529162,0.31704853970211616
6033.0,0.37155997940085905,0.5534509247564678,0.0749890958426731
6303.0,0.7840005127208285,0.20820280449109205,0.007796682788079509
6540.0,0.3918610915517295,0.5738482097091229,0.034290698739147654
5762.0,0.025302756370583004,0.4200383761777137,0.5546588674517032
5210.0,0.015192320246604028,0.688671014727872,0.2961366650255239
5085.0,0.8035710104358758,0.1920030059536754,0.004425983610448934
6727.0,0.3892560118490913,0.5864075790671929,0.0243364090837158
5449.0,0.19660297422522588,0.7181345726864462,0.08526245308832785
6241.0,0.6192208092246853,0.3709502923424283,0.009828898432886446
5999.0,0.03516090287143432,0.5767275753433191,0.38811152178524666
5756.0,0.2801399633872698,0.5862067075094357,0.13365332910329455
6514.0,0.5879497220809431,0.39841107537509735,0.013639202543959728
5254.0,0.18096589824118767,0.7696235705026332,0.04941053125617925
5792.0,0.013398140709829377,0.32740997960343665,0.6591918796867341
6574.0,0.14365934472242936,0.8022252273162159,0.05411542796135474
6333.0,0.021149693998856568,0.6412906637467264,0.33755964225441704
6067.0,0.009476896451692328,0.8835144157631218,0.10700868778518582
5483.0,0.3487407395826667,0.6263375857402731,0.024921674677060166
6757.0,0.6121755891164574,0.37281400867662845,0.015010402206914002
5240.0,0.5592488793676174,0.4204160786928365,0.020335041939546047
5119.0,0.09102922412542161,0.788658138992011,0.12031263688256755
6480.0,0.10207117071077054,0.7471706306541336,0.1507581986350959
5726.0,0.1278382326192747,0.8199887023125905,0.05217306506813475
5965.0,0.31319705613463994,0.6638030108174836,0.022999933047876397
6772.0,0.3884616751347985,0.594632819756273,0.01690550510892832
5498.0,0.13912307096528012,0.7966860998612841,0.06419082917343574
5102.0,6.838293423323442E-4,0.1332126453970816,0.8661035252605861
5225.0,0.35540782170160823,0.5644217197731471,0.08017045852524461
5711.0,0.22420789098608776,0.7449964360647979,0.030795672949114238
6465.0,0.744751680826478,0.23014780104569943,0.02510051812782252
6226.0,0.051190445966307306,0.8563919221425745,0.09241763189111801
5980.0,0.6410532005671161,0.34764121552571225,0.01130558390717158
5508.0,0.572040490161494,0.4123772929013476,0.01558221693715825
6794.0,0.07112955680786757,0.7699436543146269,0.15892678887750547
5271.0,0.8004176319571559,0.19362627219744263,0.005956095845401304
6591.0,0.2837294176580014,0.6552911632046926,0.060979419137305924
5809.0,0.001863636891781604,0.8110029825221026,0.18713338058611592
6050.0,0.12571966929837314,0.8271395463411002,0.04714078436052661
6316.0,7.453358745254748E-4,0.5856397536187131,0.41361491050676125
6150.0,0.30277727596271903,0.662678863462022,0.03454386057525907
5896.0,0.005739557248298843,0.82030795272743,0.17395249002427138
5659.0,0.00470162316280691,0.48206771974225815,0.513230657094935
6421.0,0.07218625195487711,0.7653443557014603,0.1624693923436627
5181.0,0.22390100721967515,0.743031303772373,0.03306768900795175
5050.0,1.0718515685035941E-4,0.03823260702991254,0.9616602078132371
6688.0,0.00877490636504103,0.8854107343748762,0.10581435926008266
5422.0,0.25142957359894097,0.56811015946247,0.18046026693858905
6134.0,0.22018846977498285,0.685398911289801,0.09441261893521614
6392.0,0.08003422800956037,0.8382971683019054,0.08166860368853442
6635.0,0.3161005054918499,0.6671794191019708,0.01672007540617914
5861.0,5.375017896963002E-4,0.19483028816427175,0.804632210046032
4932.0,0.4135405867267418,0.5141431869180196,0.07231622635523863
5315.0,0.21423400671119602,0.6155414475340453,0.17022454575475873
6377.0,0.13038591735761487,0.7181916293529392,0.1514224532894459
6119.0,0.6655406493183682,0.3213045707309631,0.013154779950668724
5876.0,0.04147552969309512,0.7500145988138157,0.20850987149308917
6650.0,0.006695468462726166,0.4010711133266069,0.5922334182106669
5330.0,0.07269859367193708,0.7296920571095474,0.19760934921851545
4949.0,0.35987991935595665,0.6036370288650379,0.03648305177900542
5569.0,0.056397592436452454,0.8638657098354446,0.0797366977281028
5913.0,0.21379815687874892,0.7443005209678191,0.041901322153431945
6167.0,0.02272342112534987,0.553561933877528,0.42371464499712225
6404.0,0.00834052166968094,0.6681594185070122,0.323500059823307
5642.0,0.523278466444462,0.3980531020338018,0.07866843152173615
5035.0,2.4809603894191308E-6,0.004459878825319322,0.9955376402142913
5164.0,0.03651134060460755,0.7711677849597504,0.19232087443564205
5439.0,0.02529236324260581,0.7629576534100438,0.21174998334735035
6616.0,0.024619097891601303,0.7528701044140312,0.22251079769436752
5846.0,0.5146253274409455,0.4547661932781381,0.03060847928091639
6085.0,0.15098452254893133,0.790151594681069,0.05886388276999977
6347.0,0.8030300237103271,0.1922862982124541,0.004683678077218875
5603.0,0.02393337964479253,0.8076697382175875,0.1683968821376202
5360.0,0.002153275658557187,0.7040033226692166,0.2938434016722262
4983.0,0.03200094688565106,0.5255668173190794,0.4424322357952695
5672.0,0.35324617268839653,0.6299680338015052,0.01678579351009829
6438.0,0.13058771919891088,0.6654086765363254,0.20400360426476355
6197.0,0.49616251837569464,0.4870910328390801,0.01674644878522524
5947.0,0.10566072610756042,0.7569775391620113,0.13736173473042843
6675.0,0.03225120510140826,0.7312922753620443,0.23645651953654737
5405.0,4.762985550288311E-4,0.23616895338720972,0.7633547480577615
5001.0,0.012028118439304146,0.8662151266806241,0.12175675488007179
5134.0,0.3296873985681653,0.6570984180830757,0.01321418334875896
5689.0,0.004331919293131313,0.4452070149915449,0.5504610657153238
5930.0,0.06550029805435027,0.8807080356140193,0.053791666331630385
6180.0,0.016412680299149305,0.34461077961575715,0.6389765400850936
5388.0,0.7998879123030256,0.19478579791717604,0.005326289779798264
5151.0,0.004458190349955606,0.7894312657088902,0.20611054394115413
5016.0,0.012261263014562583,0.7590264896278437,0.2287122473575937
5831.0,0.006284414366259114,0.6929430211089398,0.3007725645248012
6601.0,0.70249452124327,0.28390041699145974,0.013605061765270345
6362.0,0.07632047213119231,0.7081987761223951,0.2154807517464124
6100.0,0.43049801363366574,0.4971913187436107,0.07231066762272352
5618.0,0.1875114437717261,0.33823823947447623,0.47425031675379775
4966.0,0.061984476686555504,0.8752454566125574,0.0627700667008871
5345.0,0.27887648206511895,0.6475697697684274,0.07355374816645363
5300.0,0.04988454561792906,0.9131329029202806,0.03698255146179044
5543.0,0.33921601317775607,0.5414242535393999,0.11935973328284405
6017.0,0.28816984960417485,0.5888356867586412,0.12299446363718389
6287.0,0.7833043260357464,0.21036057592807986,0.006335098036173678
6556.0,0.08730656448063492,0.8359241179910656,0.07676931752829948
5778.0,0.003461211357673436,0.6952604412924462,0.30127834734988035
5069.0,0.013211334156212172,0.7399953847225275,0.24679328112126037
5194.0,0.34957415186552515,0.6103425106503453,0.04008333748412965
6743.0,0.15843466570373776,0.8076645317901178,0.0339008025061444
5465.0,0.6278339361943888,0.3621209086121322,0.010045155193479009
6257.0,0.010643394020235095,0.7897365485451222,0.1996200574346427
6015.0,0.21663264297873877,0.7110637111671523,0.07230364585410884
6498.0,0.18860304817127174,0.6578768225787034,0.1535201292500248
5211.0,0.0029506602210253915,0.4236848385313143,0.5733645012476605
5084.0,0.2846073115110705,0.6894452480941465,0.025947440394783007
5448.0,0.0013649071323990243,0.3340718632883277,0.6645632295792733
6726.0,0.3472573414935905,0.5087290420503638,0.14401361645604574
5998.0,0.2846073115110705,0.6894452480941465,0.025947440394783007
6240.0,0.011491808451523977,0.5603844465456738,0.42812374500280226
6515.0,0.1390295909291884,0.8255932270776853,0.0353771819931263
5757.0,0.6381110698740998,0.3330679796185137,0.02882095050738647
5285.0,0.02741597137321597,0.6807981627802998,0.2917858658464842
5558.0,0.003181402316749965,0.31283636079253174,0.6839822368907181
6032.0,0.15496639605380075,0.7828303672318869,0.06220323671431221
5763.0,0.20429250196364487,0.7665508464179351,0.029156651618419984
6541.0,0.009782115087193411,0.7904465833931293,0.1997713015196771
5482.0,0.2890857681749146,0.6797782928638646,0.031135938961220883
5241.0,0.20352654264714992,0.6603773825652088,0.13609607478764132
5118.0,0.7879052535410899,0.2066117493286254,0.005482997130284803
6481.0,0.002622019026566073,0.1747186033659135,0.8226593776075205
6210.0,0.01593415093880585,0.7454149728360652,0.23865087622512912
5964.0,0.8030300237103271,0.1922862982124541,0.004683678077218875
5524.0,0.4243521022936725,0.5108982372736681,0.06474966043265942
5255.0,0.7220055368866272,0.2637680805883914,0.014226382524981339
6575.0,0.1175794723315565,0.5988041842099764,0.28361634345846715
6066.0,0.09374769370883156,0.7904839464580655,0.1157683598331029
6332.0,0.0676950098176646,0.7106212738783106,0.2216837163040247
6795.0,0.12167365142198285,0.8271559264824107,0.051170422095606426
5509.0,0.18703110301147638,0.7769375926001537,0.036031304388369774
5270.0,0.24712953785611136,0.7245537870422626,0.028316675101626113
5808.0,0.005404268652598049,0.7882319702710355,0.20636376107636656
6317.0,0.0968797232775051,0.882444052033916,0.02067622468857897
6051.0,0.13636305259187254,0.7308358603513618,0.1328010870567657
5499.0,0.059441422875732314,0.7547359219956012,0.18582265512866655
6773.0,0.010612225608954199,0.7694878435676974,0.2198999308233484
5103.0,0.06195790374506321,0.699411218668732,0.2386308775862047
5224.0,0.0020801904719113216,0.31839237018048083,0.6795274393476078
6464.0,0.5119195096671528,0.4761074456001755,0.011973044732671582
5710.0,0.14770225886875163,0.6380424032291067,0.21425533790214174
5981.0,0.021508631295296524,0.48118139524357617,0.49730997346112743
6227.0,0.48639363872322866,0.46955647952776336,0.044049881749008125
5641.0,0.004207922817828657,0.8884037843938738,0.10738829278829762
6407.0,6.434765182931164E-4,0.42800220706559416,0.5713543164161128
6164.0,0.5387823800519668,0.44250319385099807,0.018714426097035226
5914.0,0.584185780079516,0.40456094329314435,0.011253276627339532
6706.0,0.28680506037802234,0.6865321465629239,0.026662793059053665
5436.0,0.14828225836163747,0.7446616840378906,0.10705605760047192
5032.0,0.041800491985582666,0.6249694481512522,0.3332300598631652
5167.0,0.012813901734853073,0.6440542668120962,0.34313183145305065
6649.0,0.518932912181623,0.42432999785828673,0.05673708996009028
5879.0,0.7930673453001568,0.20144012564491734,0.005492529054925766
6116.0,0.006905744994282699,0.3986828196343637,0.5944114353713537
6378.0,0.11289564405755192,0.8240792542249774,0.06302510171747057
5329.0,0.1187934363500485,0.828901233762763,0.052305329887188494
4950.0,0.5180094211306887,0.4678469307235902,0.01414364814572109
5862.0,0.09820401284690798,0.45240198757970346,0.44939399957338855
6632.0,0.21973659437460194,0.7091508940081835,0.07111251161721438
6395.0,0.45346658397314,0.5090853643109893,0.03744805171587087
6133.0,0.018014704338955252,0.25776785716984935,0.7242174384911956
5587.0,0.006973165284697842,0.7658911453540928,0.2271356893612095
4935.0,0.42315636060111766,0.5474978349189414,0.029345804479940847
5312.0,0.7837000905549459,0.210908523639092,0.005391385805962222
6422.0,0.09422797210776551,0.8471321209674443,0.05863990692479032
5656.0,0.17551710784039384,0.7270543193586773,0.097428572800929
5899.0,0.36440707397372774,0.5778906701354023,0.05770225589086998
6149.0,0.021866300765122075,0.7737865401256027,0.20434715910927534
5421.0,0.7519013289644834,0.24249528653165667,0.005603384503859844
5182.0,0.20728138080821093,0.7607900709132109,0.03192854827857813
5049.0,0.016663331352587876,0.7314183454606604,0.2519183231867518
6103.0,0.2006409588755413,0.7649980881666174,0.03436095295784137
6361.0,0.008098463313105628,0.6343904102512797,0.35751112643561467
6602.0,0.8004176319571559,0.19362627219744263,0.005956095845401304
5828.0,0.8041452273665907,0.19210456848781043,0.003750204145599007
4965.0,0.2097437855323432,0.7528780187995047,0.03737819566815207
5346.0,0.0887877396705656,0.8279243995410444,0.08328786078838998
5617.0,0.3607191235138243,0.5965875697291835,0.04269330675699222
6183.0,0.2322579563542552,0.7381342254980313,0.029607818147713502
5929.0,0.7998879123030256,0.19478579791717604,0.005326289779798264
5690.0,0.017035348712920582,0.7829609816523555,0.2000036696347238
6452.0,0.06879277095148793,0.8428774527046431,0.08832977634386885
5148.0,0.0029975845316981336,0.2329254935741155,0.7640769218941863
5019.0,0.24712953785611136,0.7245537870422626,0.028316675101626113
6657.0,3.0637153442778837E-4,0.060404978152048226,0.939288650313524
5391.0,0.01841700458085423,0.5825503892258149,0.3990326061933309
5944.0,0.020990747678875724,0.6661519790050339,0.3128572733160904
6198.0,0.5990527475890453,0.38551642523771656,0.015430827173238092
6437.0,0.7837000905549459,0.210908523639092,0.005391385805962222
5675.0,0.05063425772893881,0.8516647876576235,0.0977009546134377
5002.0,0.006058791053340297,0.6132112090871241,0.38072999985953554
5133.0,2.0502299195346376E-5,0.008210434116676602,0.9917690635841281
5406.0,0.0668776940663446,0.833848719854244,0.0992735860794114
6672.0,0.028868678612021078,0.8311427646207242,0.13998855676725483
6344.0,0.790743639776577,0.20344293847948636,0.005813421743936603
6086.0,8.858179694166197E-4,0.22807064171789315,0.7710435403126903
5845.0,0.006785168509618009,0.7335858153371783,0.2596290161532037
6619.0,6.960769601262091E-4,0.17499609409871975,0.824307828941154
5363.0,0.006933161736204317,0.5740879645589766,0.418978873704819
4980.0,0.2050609341841876,0.7142504251432774,0.08068864067253485
5600.0,0.22390100721967515,0.743031303772373,0.03306768900795175
5557.0,0.1736915145702661,0.7820942976011128,0.0442141878286211
5286.0,0.3571669519973362,0.4582142482770267,0.1846187997256371
6542.0,0.790743639776577,0.20344293847948636,0.005813421743936603
5760.0,0.049950510952816024,0.8479451012139536,0.10210438783323031
6035.0,0.6056636842270344,0.3651967587046112,0.029139557068354364
6301.0,0.401827519695113,0.5344719549782464,0.06370052532664068
6725.0,0.04957770352459532,0.5032283772456694,0.4471939192297352
5451.0,0.013894228032235934,0.7974100735950231,0.18869569837274086
5208.0,0.05210967527396478,0.7064685595912242,0.2414217651348111
5087.0,0.015928248585555083,0.7316328282226667,0.25243892319177813
5758.0,0.20429250196364487,0.7665508464179351,0.029156651618419984
6512.0,0.6528107505902266,0.2874022941994039,0.0597869552103694
6243.0,0.2846073115110705,0.6894452480941465,0.025947440394783007
5997.0,0.0026676651925757002,0.24587513787603243,0.7514571969313919
5466.0,0.061444135172279125,0.8731672533264149,0.06538861150130598
6740.0,0.16309457405263364,0.5581140906943592,0.2787913352530072
5070.0,0.4778618987792412,0.4898723848080251,0.03226571641273381
5193.0,0.10720738940429143,0.8359177507484976,0.056874859847210926
6497.0,0.5402108303877655,0.4475430784063303,0.0122460912059042
5743.0,0.6106576445263585,0.3743644066614255,0.01497794881221605
6012.0,0.08938003573894421,0.6256753376899993,0.2849446265710565
6258.0,0.0044795988078045,0.3537386059245741,0.6417817952676215
5540.0,0.0013281990536112254,0.4625094724100176,0.5361623285363711
5303.0,0.2004494346071212,0.755805465280413,0.04374510011246577
5777.0,0.7377958895184604,0.252129623534052,0.010074486947487651
6559.0,0.0062822584732436185,0.6171393332446931,0.3765784082820634
6284.0,0.2618988436759906,0.7165154825158229,0.021585673808186677
6018.0,0.6558163032612541,0.3348972592470337,0.009286437491712249
5100.0,0.7998879123030256,0.19478579791717604,0.005326289779798264
5227.0,0.14496982326017296,0.7760344745616946,0.07899570217813232
6774.0,0.038596385120510585,0.7703815829103797,0.1910220319691098
5496.0,0.032759407113109526,0.8690411376186182,0.09819945526827226
6224.0,0.5205677285668078,0.42796480850056073,0.05146746293263151
5982.0,0.790743639776577,0.20344293847948636,0.005813421743936603
5709.0,0.3830595208158507,0.5655904324626934,0.051350046721455926
6467.0,0.006458435717036391,0.25099188362909564,0.742549680653868
5269.0,0.10788848397680847,0.8368786822602241,0.0552328337629674
6792.0,0.20239570664288212,0.7553210234339706,0.042283269923147265
6048.0,0.792572786173417,0.20018783410468186,0.007239379721900989
6318.0,0.046690378689449495,0.8648584367586069,0.08845118455194347
6589.0,0.16217540677166611,0.7115990216663355,0.12622557156199848
5811.0,0.4858516155477991,0.4898536999965746,0.024294684455626256
5252.0,0.04336917066001347,0.7748348594077328,0.1817959699322536
5527.0,0.7836628794982039,0.20974182003684055,0.006595300464955515
6335.0,0.2301530914238285,0.7190789697429889,0.05076793883318251
6065.0,0.03530681585280547,0.9053196501953488,0.05937353395184559
5794.0,0.2890857681749146,0.6797782928638646,0.031135938961220883
6572.0,0.39248766172297,0.5885602042979167,0.018952133979113356
5242.0,4.034188664251061E-4,0.16633686699134664,0.8332597141422283
5117.0,0.0046739231029189155,0.3773274161780896,0.6179986607189915
5481.0,2.571206950149282E-4,0.08976027575878268,0.9099826035462024
5967.0,0.790743639776577,0.20344293847948636,0.005813421743936603
6209.0,0.2846073115110705,0.6894452480941465,0.025947440394783007
6482.0,0.04464573100113146,0.8961001376991105,0.0592541312997581
5724.0,0.4902253300035058,0.4617293942571572,0.04804527573933693
6648.0,0.0016522150288541648,0.49287045376030486,0.5054773312108409
6379.0,0.04279632499850883,0.8551400928699335,0.10206358213155758
6117.0,0.008775794409344046,0.72673747218957,0.2644867334010861
5571.0,0.1716590904361601,0.782716225359026,0.04562468420481401
5328.0,0.005033892225360724,0.10002469759791986,0.8949414101767195
4951.0,0.7903542201998255,0.2012443363603954,0.008401443439779123
6406.0,0.013420591846835143,0.43238705971701824,0.5541923484361465
5640.0,0.010910732953389526,0.8731954855819055,0.11589378146470494
5915.0,0.03664053579870591,0.8017004571404304,0.16165900706086372
6165.0,0.8030300237103271,0.1922862982124541,0.004683678077218875
5437.0,0.16842388078111406,0.7930981009241894,0.03847801829469645
6707.0,0.0060629685850652655,0.7954024194613702,0.1985346119535645
5033.0,0.10351201874354655,0.7472057632673843,0.14928221798906927
5166.0,0.1523911467084324,0.7418954021698079,0.10571345112175976
5657.0,0.8040711770399445,0.19209667134562472,0.003832151614430731
6148.0,0.027193273641167026,0.6624734789290062,0.31033324742982665
5898.0,0.00450117708699222,0.38593417440421196,0.6095646485087958
6690.0,0.13009624237763862,0.8323256609271505,0.03757809669521082
5420.0,0.35210293040028445,0.6138407859576446,0.03405628364207101
5183.0,0.7181486579114279,0.27212728111298673,0.009724060975585527
5048.0,0.03990142134279522,0.865144933352368,0.09495364530483677
6633.0,0.3777826544641815,0.5719336143458301,0.050283731189988384
5863.0,0.11005630454179818,0.7932698497498096,0.0966738457083923
6132.0,0.03006450119983745,0.7239075743152547,0.2460279244849078
6394.0,0.012162885356365746,0.721061270820656,0.26677584382297814
5586.0,0.20737551801012208,0.7604563644611168,0.032168117528761225
4934.0,0.7930673453001568,0.20144012564491734,0.005492529054925766
5313.0,0.012358931100104052,0.7784158825496433,0.20922518635025253
5928.0,0.5437132837530164,0.4384044423229048,0.017882273924078696
6182.0,0.1515843336007933,0.5955147743380982,0.25290089206110844
6453.0,0.7998879123030256,0.19478579791717604,0.005326289779798264
5691.0,0.0017919248307599498,0.2293863524862153,0.7688217226830248
5149.0,0.27724216820713576,0.6575815460025713,0.06517628579029287
5018.0,0.5765576217761564,0.39864236948976667,0.024800008734076943
5390.0,0.11516668127957125,0.7648558446476004,0.11997747407282836
6656.0,0.3485927548975549,0.6088779326709498,0.042529312431495304
6360.0,0.0027118352819441574,0.6652302101041876,0.3320579546138681
6102.0,0.3335606018723938,0.5863148610922232,0.08012453703538298
5829.0,0.0026924450486005905,0.1584056525435223,0.8389019024078771
6603.0,0.1030212455286639,0.8369899372914935,0.059988817179842696
4964.0,0.016916422433663397,0.11158611133024957,0.871497466236087
5347.0,0.005455499124996463,0.7401735615402555,0.2543709393347479
5616.0,0.03288285107956552,0.6311028809134185,0.336014268007016
6087.0,0.004248052719896978,0.599534941240676,0.39621700603942706
6345.0,0.7241522879319497,0.2620005350385576,0.013847177029492605
5844.0,0.2904331485002562,0.6191719446521772,0.09039490684756661
5362.0,0.5803465670990307,0.37363686343895247,0.04601656946201687
4981.0,0.04483407548350154,0.6195440430614453,0.33562188145505323
5601.0,0.028456059015131086,0.6617245309224923,0.30981941006237673
5945.0,0.029487415943400076,0.518342644530445,0.45216993952615475
5674.0,0.013635360859654042,0.7332504058436203,0.25311423329672567
6436.0,0.053025030997695205,0.8624500443740087,0.08452492462829607
5003.0,0.06700751801922039,0.8561140570764189,0.07687842490436084
5132.0,0.18956180210361118,0.7688713182542176,0.041566879642171116
6673.0,0.026503150856919292,0.7982660492633717,0.17523079987970894
5407.0,0.24225929039073946,0.7283313542098436,0.02940935539941692
5450.0,5.141816953264858E-4,0.2397405470065528,0.7597452712981206
6724.0,0.03295275991914185,0.8592863884429746,0.10776085163788354
5209.0,0.3892560118490913,0.5864075790671929,0.0243364090837158
5086.0,0.09178569433273524,0.582162846999182,0.32605145866808277
6513.0,0.7547694762454027,0.2332768384228593,0.011953685331737955
5759.0,0.24712953785611136,0.7245537870422626,0.028316675101626113
5996.0,0.28680506037802234,0.6865321465629239,0.026662793059053665
6242.0,0.00548529720789242,0.49455303645694687,0.49996166633516065
5556.0,0.2868659883012885,0.6865412710719896,0.026592740626721973
5287.0,0.8004176319571559,0.19362627219744263,0.005956095845401304
5761.0,0.24732711873338453,0.7112604820539445,0.04141239921267085
6543.0,0.01644103249409103,0.7008315443441805,0.2827274231617285
6300.0,0.7879052535410899,0.2066117493286254,0.005482997130284803
6034.0,0.8030300237103271,0.1922862982124541,0.004683678077218875
5541.0,0.04691019907239688,0.8018840944105606,0.15120570651704252
5302.0,0.21607708850205626,0.7035202240626574,0.0804026874352865
6558.0,0.07126749102948002,0.6389070914868743,0.28982541748364554
5776.0,0.35485164969192484,0.5957204536595057,0.049427896648569454
6019.0,0.6655406493183682,0.3213045707309631,0.013154779950668724
6285.0,0.09148060066068894,0.6496879745504963,0.2588314247888147
5467.0,0.3767266998053601,0.6081571086489583,0.015116191545681558
5071.0,0.5824746333649278,0.38360303245310784,0.03392233418196438
5192.0,0.20194363756398076,0.747124696862538,0.050931665573481215
5742.0,0.017963087018599652,0.8581243957427527,0.12391251723864764
6259.0,0.005206875400094183,0.45039959838861326,0.5443935262112926
6013.0,0.008252486715175438,0.8170926455278122,0.17465486775701236
5268.0,0.19977134636213875,0.7747516656619133,0.025476987975948055
6793.0,0.5786864832423696,0.4060279519666714,0.015285564790958895
5511.0,0.18457379282492214,0.7801754947607322,0.03525071241434557
6319.0,0.7155526116964955,0.2773513390160246,0.007096049287479857
5810.0,0.31555569804209077,0.626740917302419,0.05770338465549031
5101.0,0.5939636154430197,0.38225990004303234,0.02377648451394794
5226.0,0.5982446326118654,0.3870370050268188,0.01471836236131569
5497.0,0.01144284025379325,0.19842227292633474,0.790134886819872
6775.0,0.2609267635869421,0.6310787732847296,0.10799446312832836
5983.0,0.5400451598177145,0.441849919165652,0.018104921016633416
6225.0,0.006975592975980619,0.3829299389837137,0.6100944680403055
6466.0,0.24712953785611136,0.7245537870422626,0.028316675101626113
5708.0,0.0064365906835052375,0.8371742403067604,0.15638916900973446
5116.0,0.5437132837530164,0.4384044423229048,0.017882273924078696
6758.0,0.6073035301736668,0.37557358833718935,0.017122881489144013
5480.0,0.020399753195649108,0.7838894057834298,0.19571084102092107
6208.0,0.5882254608757569,0.3997042006959876,0.012070338428255525
5966.0,0.0056764437937174604,0.9093103877872767,0.08501316841900593
5725.0,3.6748485568103293E-4,0.20935406769115114,0.7902784474531678
6483.0,0.6410532005671161,0.34764121552571225,0.01130558390717158
5253.0,0.05938931727176229,0.671639183634773,0.2689714990934647
5526.0,0.006654946694672818,0.5790158625311593,0.4143291907741679
6808.0,0.1276953046473289,0.8080839457036794,0.06422074964899172
6064.0,0.01363092265160661,0.8780711900354771,0.10829788731291635
6334.0,0.8030300237103271,0.1922862982124541,0.004683678077218875
6573.0,0.20067260567850395,0.7740324326131564,0.02529496170833974
5795.0,0.04647579515100884,0.8502214584061805,0.10330274644281066
5400.0,0.18567007180195438,0.7833185129158597,0.03101141528218579
6678.0,0.492310247779085,0.4649454187111634,0.04274433350975149
5004.0,0.11529254587070312,0.7940750714626369,0.09063238266665985
5131.0,0.03784896950465518,0.7110635142238529,0.25108751627149195
6435.0,0.06816604648000062,0.8077631260300376,0.12407082748996173
5677.0,0.02217423550703474,0.8966566591366356,0.0811691053563296
5950.0,0.05409913712949657,0.5223429202848099,0.42355794258569357
6192.0,0.7930673453001568,0.20144012564491734,0.005492529054925766
5606.0,0.44578041483633885,0.513675898739917,0.040543686423744
5365.0,0.5515672106171221,0.40490259822960295,0.04353019115327503
4978.0,0.4674593217856464,0.47427012195365137,0.058270556260702225
5843.0,0.004008898332483299,0.8402983621832719,0.15569273948424478
6621.0,0.8040711770399445,0.19209667134562472,0.003832151614430731
6350.0,0.056079446740071266,0.800004344187509,0.14391620907241978
6080.0,0.05016627816575428,0.9062603466273228,0.04357337520692296
5623.0,0.0031456881354149134,0.3711628631899422,0.625691448674643
4963.0,0.790743639776577,0.20344293847948636,0.005813421743936603
5348.0,0.043772761394140484,0.8160981873502545,0.14012905125560512
6604.0,0.1716590904361601,0.782716225359026,0.04562468420481401
5826.0,0.12125665542427508,0.5524468547733488,0.3262964898023762
6097.0,0.195915737246298,0.7408757088870457,0.06320855386665616
6367.0,0.6063819853569987,0.36430582441466774,0.02931219022833342
5385.0,0.0010035103079543651,0.24715883242551476,0.751837657266531
5146.0,0.009290999697459033,0.4947633029396017,0.4959456973629393
5021.0,0.09970800347536801,0.8620271692596692,0.03826482726496294
5692.0,0.5543276762454458,0.4120410650058961,0.033631258748658174
6450.0,0.5779959685587582,0.40579653106189945,0.016207500379342443
6177.0,0.026809731895110163,0.7828258345138402,0.19036443359104951
5935.0,6.811314730440326E-5,0.03518862108403999,0.9647432657686557
4929.0,0.04264360343226816,0.87034056682385,0.08701582974388188
5318.0,0.009998377244017718,0.4530123920370456,0.5369892307189368
5589.0,0.6589165004391438,0.32498771932673653,0.016095780234119478
6131.0,0.02107613182054423,0.8212795413010355,0.1576443268784201
5856.0,0.41070747965580656,0.5608042497285698,0.028488270615623607
6638.0,0.7998879123030256,0.19478579791717604,0.005326289779798264
5176.0,0.19796233322685156,0.5736156330408162,0.2284220337323323
5055.0,0.17646551277101502,0.4507382715625014,0.37279621566648363
5419.0,0.0018586037733136305,0.15434688383554543,0.843794512391141
6693.0,0.0958508610165892,0.7116085666367387,0.19254057234667216
5901.0,0.2846073115110705,0.6894452480941465,0.025947440394783007
6147.0,0.011167649345934257,0.6594589163173635,0.3293734343367023
6416.0,0.0018147263891476,0.1592362812358606,0.8389489923749918
5662.0,0.6286941746908331,0.3530308559113146,0.01827496939785217
5038.0,0.792572786173417,0.20018783410468186,0.007239379721900989
5161.0,0.021121471341141267,0.8656007251572664,0.1132778035015923
6708.0,0.5779959685587582,0.40579653106189945,0.016207500379342443
5434.0,0.01618529970866632,0.6533764629660019,0.3304382373253317
6162.0,0.0018314582913053652,0.6905948208097201,0.30757372089897456
5916.0,0.15088351558688856,0.7664210885199295,0.08269539589318184
5647.0,0.6111209886236915,0.3671355956544698,0.021743415721838757
6401.0,0.790743639776577,0.20344293847948636,0.005813421743936603
5335.0,0.06352688829286067,0.5833646551409921,0.35310845656614726
4944.0,0.005435757762411548,0.8938320629568692,0.10073217928071915
5572.0,0.02569323295230537,0.17056621183443108,0.8037405552132635
6114.0,0.013879674167495713,0.7936173485756508,0.1925029772568534
6380.0,0.03721208760641959,0.2886760102580098,0.6741119021355706
6655.0,0.1688347365389427,0.799702617900854,0.031462645560203284
5873.0,0.0012340053800391376,0.22527870107941939,0.7734872935405415
5796.0,0.7879052535410899,0.2066117493286254,0.005482997130284803
6570.0,0.05214132862789519,0.8689929847392559,0.0788656866328489
6329.0,0.6108040223714427,0.3691914501076868,0.020004527520870494
6071.0,0.7220055368866272,0.2637680805883914,0.014226382524981339
5521.0,0.7930673453001568,0.20144012564491734,0.005492529054925766
5250.0,0.674920081545129,0.31387701608067603,0.011202902374195073
6484.0,0.1462283797390517,0.7966245140883201,0.057147106172627984
5722.0,0.2274371735836035,0.7409928339530887,0.03156999246330775
5961.0,0.005786728440564077,0.6919685940020208,0.30224467755741496
6215.0,0.120521421260993,0.8374516136766402,0.04202696506236672
5487.0,0.005911505558381829,0.7623883348901911,0.23170015955142706
6753.0,0.010288597350567408,0.7865934726048733,0.2031179300445592
5244.0,0.027798543360076238,0.9049694925769941,0.06723196406292963
5115.0,0.009279214788172287,0.7294089547908864,0.26131183042094136
5707.0,0.06624955412773073,0.5792013217062559,0.3545491241660133
6469.0,0.1390748990897611,0.7973481285108084,0.06357697239943044
6230.0,0.001182184255999236,0.047073910419142675,0.9517439053248582
5976.0,0.010212791859623834,0.5341720736036937,0.4556151345366824
6768.0,0.0037393534603184127,0.3445335126019381,0.6517271339377434
5502.0,0.18983017988417553,0.7265426675906967,0.0836271525251278
5098.0,0.3111193570635567,0.6616131700775267,0.02726747285891666
5229.0,0.18289379023530988,0.7379317901812099,0.0791744195834801
6587.0,0.025156157190478954,0.8287499025904693,0.1460939402190517
5813.0,0.7879052535410899,0.2066117493286254,0.005482997130284803
6054.0,0.3783150514264093,0.5750040559481324,0.046680892625458326
6312.0,0.0030214010405457117,0.46432049692331395,0.5326581020361404
5504.0,0.03151488785129674,0.8571026837666411,0.1113824283820621
6798.0,0.3268799013028833,0.6169676875404255,0.05615241115669112
5267.0,0.19513514574172167,0.6540608854864666,0.15080396877181174
6010.0,0.31127651767011083,0.6710398894923342,0.01768359283755482
6260.0,0.24712953785611136,0.7245537870422626,0.028316675101626113
6503.0,0.008569793889211284,0.8039448119209219,0.18748539418986687
5737.0,0.6227121206160353,0.36244806986836053,0.01483980951560416
5064.0,0.0027837175809322097,0.3767634375732788,0.620452844845789
5199.0,9.926085515615285E-4,0.09051117076119933,0.9084962206872391
5468.0,0.6346049631783703,0.3368428315003526,0.02855220532127706
6738.0,0.01277560196108319,0.6952105254592055,0.29201387257971134
6282.0,0.8039292089976892,0.19169432295369307,0.004376468048617832
6020.0,0.01180148220575546,0.8416043204944871,0.14659419729975734
6553.0,0.07053680785056908,0.37541307638733556,0.5540501157620954
5297.0,0.3187103763319129,0.647053632369188,0.034235991298899
4918.0,0.17763884102144872,0.7750274160919609,0.04733374288659044
5538.0,0.8035710104358758,0.1920030059536754,0.004425983610448934
6037.0,0.07077455767720968,0.7505058966490733,0.17871954567371723
6299.0,0.0020949775303617567,0.7002297401400438,0.29767528232959456
6536.0,0.06671556814117821,0.750474126167495,0.1828103056913267
5766.0,0.7836628794982039,0.20974182003684055,0.006595300464955515
5280.0,0.18556614440171693,0.7763841930976646,0.03804966250061836
5555.0,0.002204081930335986,0.4938789627497605,0.5039169553199035
6245.0,0.15617731155759143,0.7953102250617008,0.048512463380707846
5995.0,0.7997783177303429,0.19342221173742252,0.006799470532234705
5752.0,0.3151589604247743,0.6424495515243807,0.04239148805084496
6518.0,0.0024283820281357127,0.7271182564149359,0.27045336155692845
5214.0,0.00915808472931601,0.3941718963387581,0.5966700189319258
5081.0,0.002561253831303766,0.7736028116798814,0.2238359344888149
6723.0,0.7837000905549459,0.210908523639092,0.005391385805962222
5453.0,0.017344422648540088,0.444066478197574,0.538589099153886
5607.0,0.16622563448224212,0.8008040514085457,0.032970314109212105
5364.0,0.22390100721967515,0.743031303772373,0.03306768900795175
4979.0,0.004155233294040924,0.7801143709142587,0.21573039579170036
6620.0,0.09272286920558459,0.5910123147856603,0.316264816008755
5842.0,0.0024141070882734246,0.23329852070239476,0.7642873722093319
6081.0,0.040175854255551105,0.8955844721776872,0.06423967356676166
6351.0,0.019638077535646958,0.8204614047123062,0.15990051775204692
6679.0,0.8040711770399445,0.19209667134562472,0.003832151614430731
5401.0,0.011574785647908595,0.8334638400696393,0.1549613742824522
5005.0,0.00503267625710264,0.5656962462986034,0.429271077444294
5130.0,0.02394090478655535,0.5346393520983018,0.4414197431151429
5676.0,0.16895973452652743,0.7699373534183983,0.061102912055074184
6434.0,0.0019437380883190482,0.8120674545798423,0.18598880733183865
6193.0,0.7837000905549459,0.210908523639092,0.005391385805962222
5951.0,0.7836628794982039,0.20974182003684055,0.006595300464955515
5384.0,0.18792974789637007,0.5611305189796774,0.25093973312395257
6662.0,0.32025802779335943,0.6529291232784732,0.02681284892816735
5147.0,0.34679210113946546,0.6233976750815231,0.02981022377901141
5020.0,0.03421053694988821,0.7054911160324653,0.2602983470176464
6451.0,0.27696851624185,0.5878871952084054,0.13514428854974458
5693.0,0.43642380904897016,0.5186204314794408,0.04495575947158916
5934.0,0.1830839473701905,0.7731716854785426,0.04374436715126687
6176.0,0.018021407034516664,0.5813928661889098,0.4005857267765735
5622.0,0.04021301029375915,0.895936851662082,0.06385013804415889
4962.0,0.1354264951064143,0.6866355772405462,0.17793792765303942
5349.0,0.05437004228286555,0.8630560875918909,0.08257387012524364
6605.0,0.04952433404447775,0.7729387189664901,0.1775369469890321
6366.0,0.06035559537944319,0.5040756187656592,0.43556878585489756
6096.0,0.006855417970247957,0.44532857879369236,0.5478160032360595
5177.0,0.7837000905549459,0.210908523639092,0.005391385805962222
5054.0,0.02838617127255551,0.41339002071936404,0.5582238080080805
6692.0,0.4727764175056138,0.4863376062320012,0.04088597626238519
5418.0,0.12507377120756466,0.7968295758441187,0.07809665294831661
6146.0,0.013505035686455292,0.5565627869418418,0.4299321773717029
5900.0,0.6054106991355012,0.3140680095784182,0.08052129128608074
5663.0,0.012244920895914455,0.8630948291206525,0.12466024998343304
6417.0,0.1974181815340293,0.7816680475564329,0.0209137709095378
4928.0,0.035891119582137,0.6543534694516306,0.3097554109662324
5319.0,0.27399420038984645,0.6847528672805487,0.04125293232960482
5588.0,0.05553887294000089,0.727085005249785,0.21737612181021412
6130.0,1.6727630663399023E-4,0.04226922027885277,0.9575635034145132
