6393.0,0.03006820377885471,0.6451182449821456,0.3248135512389997
6135.0,0.007778594595360319,0.4776417812298621,0.5145796241747775
5860.0,7.952592270575755E-11,7.241535349421973E-4,0.9992758463855318
6634.0,0.7358107178014814,0.2624681147465397,0.0017211674519789569
4933.0,1.000124187409844E-7,0.24852550406574336,0.7514743959218378
5585.0,0.5128000779576332,0.48318228704690896,0.00401763499545785
5897.0,0.2554786825045644,0.7418639912752725,0.0026573262201631236
6151.0,1.0003905022066662E-4,0.9860384673849937,0.01386149356478555
6420.0,0.8877078826293674,0.11179108432957391,5.010330410588336E-4
5658.0,0.9626544783862062,0.03726701082860429,7.851078518944668E-5
5180.0,0.906719291075874,0.09284577832217551,4.3493060195041387E-4
5051.0,2.1914591634121474E-17,1.3366444682655224E-4,0.9998663355531735
5423.0,0.00463446323307588,0.3444012894927638,0.6509642472741604
6689.0,0.020526491375724876,0.9731358868001407,0.006337621824134343
6166.0,1.0288848502320112E-4,0.9669198585539261,0.03297725296105064
5912.0,0.06293498033941111,0.9353896004518826,0.0016754192087064872
5643.0,0.006169664174746925,0.4383132145331258,0.5555171212921274
6405.0,1.3687382758495892E-6,0.09699529839653162,0.9030033328651926
5034.0,0.09176858562467047,0.8780812641445024,0.030150150230827236
5165.0,0.21607266151442248,0.7770441981642836,0.00688314032129398
6704.0,4.534077373920825E-6,0.9877457168484169,0.012249749074209039
5438.0,0.9663538872439239,0.03359205027972521,5.406247635090804E-5
6118.0,2.7839040813825806E-7,0.07219638645706378,0.9278033351525281
6376.0,0.015573391077780338,0.8620383075243208,0.12238830139789904
6651.0,0.0359260565586074,0.9583671496703919,0.00570679377100066
5877.0,9.840643085611372E-7,0.09369775658485355,0.9063012593508378
5331.0,4.934204061400393E-4,0.9799989845850653,0.019507595008794763
4948.0,1.373278237881061E-4,0.7489274328363569,0.25093523933985495
5568.0,1.3216776487461307E-4,0.6781924868453846,0.3216753453897408
5673.0,2.7969217702917303E-7,0.24876424877907616,0.7512354715287467
5946.0,0.9059483130704467,0.09279717208886097,0.0012545148406925156
6196.0,0.787407010648723,0.21254099556834183,5.199378293523108E-5
5404.0,0.0013364111673148731,0.8173622500866095,0.18130133874607568
5000.0,0.7816612120973605,0.21681280848724316,0.0015259794153962753
5135.0,6.952511900754024E-6,0.24684851942575076,0.7531445280623484
5847.0,8.258883579366835E-4,0.5408131732275405,0.4583609384145227
6617.0,0.6056658398391468,0.3940521369490243,2.8202321182897456E-4
6346.0,0.003978324300856254,0.9613960845451327,0.03462559115401108
6084.0,0.05264213779671565,0.893629115081886,0.05372874712139831
5602.0,0.9570016871970002,0.04238969475352025,6.086180494794283E-4
5361.0,0.9267998450805407,0.07313849856310865,6.16563563506899E-5
4982.0,3.5126866318964443E-4,0.9937858380959389,0.005862893240871424
6600.0,0.13628453844029748,0.8243440526794417,0.03937140888026096
5830.0,2.2084677136258992E-4,0.7788875188533456,0.22089163437529175
6101.0,0.7017554885174704,0.29730170293674896,9.428085457806606E-4
6363.0,9.504742774221309E-7,0.0215508574061892,0.9784481921195333
5619.0,0.12223770550557643,0.8619140156546358,0.01584827883978781
4967.0,0.8853413729945152,0.11460664099996758,5.198600551726957E-5
5344.0,0.27617160482084185,0.7190855418028659,0.004742853376292242
5688.0,1.6399297789209904E-9,0.0075683343358985185,0.9924316640241717
6454.0,0.379829252970939,0.5970364583642869,0.023134288664774082
6181.0,0.9856409392515572,0.01435307912941529,5.981619027484962E-6
5931.0,0.012003213423200801,0.9120992776036289,0.0758975089731702
6659.0,2.2234353162422124E-7,0.01351729261983568,0.9864824850366327
5389.0,2.0081009833481636E-4,0.9917598963904324,0.008039293511232792
5150.0,0.7637225603043115,0.23535181343329845,9.25626262390194E-4
5017.0,0.9523791434319652,0.04744872313763503,1.721334303999803E-4
5068.0,0.345838497342016,0.6518069697467864,0.002354532911197597
5195.0,0.11677788410022158,0.8698306455794483,0.013391470320330254
5464.0,0.4448620112643884,0.54161557822704,0.013522410508571604
6742.0,0.13945788282928204,0.830053015758137,0.03048910141258109
6014.0,2.2717221441005014E-6,0.016466021197645852,0.9835317070802101
6256.0,0.7392427404221585,0.2599352795943114,8.219799835300147E-4
6499.0,5.622670978476648E-6,0.16328009787848138,0.8367142794505401
5741.0,3.88093238510559E-5,0.65067514021269,0.3492860504634589
5301.0,0.007791849513242463,0.9891575542854617,0.0030505962012958433
5542.0,0.2791933589663269,0.7050853945594356,0.015721246474237453
6286.0,0.6499588841112471,0.349202477257987,8.386386307657664E-4
6016.0,0.014590632531403422,0.78477582401473,0.2006335434538666
5779.0,0.027533170902950436,0.9711411184491509,0.0013257106478987302
6557.0,1.9123807443350108E-9,0.0017744428506206707,0.9982255552369986
5284.0,0.7845534536345274,0.21479275787582333,6.537884896493094E-4
5559.0,1.7871341170468052E-8,0.004339097359893311,0.9956608847687656
6033.0,0.0886630101532507,0.8073844098162993,0.10395258003044988
6303.0,0.9400024229092467,0.05955892084168085,4.386562490725126E-4
6540.0,0.3641649404398641,0.6146710945361429,0.02116396502399303
5762.0,1.503803031898924E-4,0.23528524511431068,0.7645643745824994
5210.0,3.606613580068238E-5,0.806214743451775,0.19374919041242422
5085.0,0.9931572528471957,0.006841879699715635,8.674530887239645E-7
6727.0,0.9450761611567547,0.054906117888773295,1.772095447209883E-5
5449.0,0.09555562403739917,0.9002976165770211,0.004146759385579779
6241.0,0.8358281810287891,0.16312473456847432,0.001047084402736646
5999.0,8.204413850543477E-5,0.1907919380191076,0.809126017842387
5756.0,0.16317478575767433,0.7350023781846662,0.10182283605765947
6514.0,0.8273699588214858,0.17073011003737976,0.0018999311411344137
5254.0,0.3620595841426434,0.6334554872123606,0.0044849286449961156
5792.0,3.149817180187629E-8,0.0037956837685057814,0.9962042847333223
6574.0,0.22037294846877942,0.763764797160743,0.015862254370477648
6333.0,8.75655171990024E-5,0.4981022659994115,0.5018101684833896
6067.0,4.6550882953088165E-4,0.97905212290504,0.0204823682654291
5483.0,0.4887394038541732,0.503744369496502,0.007516226649324713
6757.0,0.4451945342420536,0.5497082529172845,0.0050972128406618624
5240.0,0.9661397209509411,0.03384325790151101,1.7021147547926075E-5
5119.0,0.0017850929957961693,0.695860551395014,0.30235435560919
6480.0,0.018803569054336413,0.9545931470248,0.02660328392086358
5726.0,0.10370753312121146,0.8788522496827677,0.017440217196021065
5965.0,0.2632551906650535,0.7047573199024116,0.03198748943253474
6772.0,0.4589044602317945,0.5396301490831721,0.0014653906850334803
5498.0,0.1224548600108715,0.8691604362325943,0.008384703756534067
5102.0,3.3685637583326777E-11,0.0013830705380769306,0.9986169294282375
5225.0,0.028181296359918694,0.785344583774445,0.18647411986563633
5711.0,0.9006904150629483,0.09920785562609896,1.0172931095273367E-4
6465.0,0.9426960813751274,0.05590864427044229,0.0013952743544301761
6226.0,0.04964373073609523,0.9465425815753374,0.0038136876885672575
5980.0,0.9150915080364321,0.08469690278405728,2.1158917951068015E-4
5508.0,0.9052217140488273,0.09398839426400026,7.89891687172329E-4
6794.0,0.047261470682788,0.9508748414080326,0.001863687909179463
5271.0,0.987162081618117,0.012814781694724067,2.31366871588791E-5
6591.0,0.011440844498465478,0.938282676175747,0.05027647932578735
5809.0,1.610450873373774E-5,0.9464504623234846,0.05353343316778163
6050.0,0.1712964503258681,0.8165644078381586,0.012139141835973451
6316.0,1.2678431877041304E-10,0.3723169641949575,0.6276830356782582
6150.0,0.9524101247211368,0.047560143967093696,2.973131176958846E-5
5896.0,1.5356142056254787E-4,0.9943059470549013,0.005540491524536347
5659.0,6.021206995186204E-6,0.4591036289394451,0.5408903498535598
6421.0,0.017788026453471825,0.9636602958312643,0.018551677715263847
5181.0,0.3953716253697361,0.6046232589229664,5.115707297434283E-6
5050.0,2.1622257164439165E-16,4.531139898076986E-5,0.999954688601019
6688.0,0.0010080228312489543,0.9881680758841802,0.010823901284570748
5422.0,0.8026125511854837,0.1640751902855465,0.03331225852896983
6134.0,2.8700841409940033E-4,0.4248926875913227,0.5748203039945778
6392.0,0.06208115801747846,0.810852883816596,0.12706595816592545
6635.0,0.7115233989126909,0.28816850430783203,3.080967794768844E-4
5861.0,5.771662147310763E-10,0.09608331646143294,0.9039166829614008
4932.0,0.08873193786521814,0.747012486394405,0.1642555757403768
5315.0,0.08400287025624015,0.8509330600457113,0.06506406969804843
6377.0,0.12420413261893196,0.8663733019752425,0.009422565405825485
6119.0,0.8956940276258719,0.10336418561559377,9.417867585344516E-4
5876.0,2.2119921536360279E-4,0.3169843023594609,0.6827944984251754
6650.0,1.839471010392667E-4,0.7463802771474842,0.2534357757514764
5330.0,3.154365505732371E-5,0.3008135096053135,0.6991549467396291
4949.0,0.12906012398422131,0.8485168429746961,0.022423033041082667
5569.0,0.03523038692026797,0.9487431380663717,0.016026475013360342
5913.0,0.7398779235426448,0.25848584387925155,0.0016362325781035113
6167.0,6.200653328168531E-4,0.35097794940398264,0.6484019852632005
6404.0,1.4687659401760296E-5,0.8245505438603198,0.17543476848027842
5642.0,0.8224866382285295,0.16271309275984222,0.014800269011628297
5035.0,4.9670889001709574E-15,7.202421264216967E-5,0.9999279757873527
5164.0,0.00288489389275707,0.8029852276281731,0.1941298784790697
5439.0,8.284249655093233E-4,0.9768590251362719,0.022312549898218813
6616.0,1.6467972458828693E-4,0.48761969575911057,0.5122156245163012
5846.0,0.9641387125083166,0.03585113349844649,1.0153993236874013E-5
6085.0,0.011341031267638437,0.9625970312681534,0.02606193746420807
6347.0,0.941911795497328,0.05793093503004923,1.5726947262273858E-4
5603.0,1.104089560444356E-5,0.21653831598158688,0.7834506431228087
5360.0,3.5988072847361393E-4,0.987475206159098,0.012164913112428474
4983.0,1.1716442675960501E-4,0.37436600335121845,0.6255168322220219
5672.0,0.49213959065680446,0.5060207655783782,0.001839643764817324
6438.0,1.9711543583536258E-4,0.8724307814494832,0.1273721031146815
6197.0,0.560154302636651,0.4367796793805555,0.0030660179827936
5947.0,0.004160754464047735,0.9629205753459574,0.032918670189994774
6675.0,0.03498075059223212,0.8863939578930823,0.07862529151468564
5405.0,3.312443255336873E-14,0.005600152039673121,0.9943998479602939
5001.0,3.7313499551249634E-4,0.9957874201530934,0.003839444851394054
5134.0,0.3160878758990772,0.6832625070838844,6.496170170384632E-4
5689.0,7.039141031848478E-5,0.8840931104411409,0.11583649814854051
5930.0,0.02603057196262024,0.9616842528232735,0.012285175214106166
6180.0,1.501880896830271E-6,0.03666927040907982,0.9633292277100234
5388.0,0.9351686649979676,0.06430132384235208,5.300111596805071E-4
5151.0,9.797259937356433E-7,0.9975990801391632,0.002399940134843011
5016.0,2.867300942535074E-5,0.3264216830030856,0.6735496439874891
5831.0,1.618104515023767E-5,0.7035107246891293,0.2964730942657204
6601.0,0.9503427697410203,0.049568433904783785,8.879635419586384E-5
6362.0,0.18345290609620912,0.7805063119125285,0.036040781991262434
6100.0,0.5857847576518537,0.40112429495677543,0.013090947391370813
5618.0,0.004501474934131786,0.2256716359777423,0.7698268890881259
4966.0,0.030149080215295793,0.9670149336781537,0.0028359861065504486
5345.0,0.7190559838871384,0.27629019309400454,0.004653823018856939
5300.0,0.09951139541323419,0.8995447147739639,9.438898128019325E-4
5543.0,0.5019305839983504,0.44877418961679355,0.049295226384856
6017.0,0.5284601255729334,0.4712219380223275,3.1793640473909597E-4
6287.0,0.977558699142675,0.022426081740785177,1.521911653962456E-5
6556.0,0.03774881953134933,0.9453983025008443,0.01685287796780613
5778.0,7.044846217278057E-9,0.684958096189297,0.3150418967658568
5069.0,0.008958313965324838,0.612565852279612,0.3784758337550632
5194.0,0.029422966602473507,0.9431280307267847,0.027449002670741605
6743.0,0.3024799643509681,0.6869593402517484,0.010560695397283458
5465.0,0.9052533518333858,0.09459218066181069,1.5446750480364906E-4
6257.0,0.027241742115961105,0.967027229347381,0.005731028536657963
6015.0,0.8134046253381869,0.18517278832894862,0.0014225863328645642
6498.0,0.0670017471041124,0.7678606921004006,0.16513756079548694
5211.0,1.7750101130161924E-12,0.0013654134336562754,0.9986345865645687
5084.0,0.4049960193203521,0.5542849204829894,0.040719060196658476
5448.0,8.458457080485222E-7,0.08956759007049107,0.9104315640838009
6726.0,0.6028232041432761,0.3550048984833782,0.04217189737334569
5998.0,0.4440207588918864,0.5545288534293471,0.0014503876787665415
6240.0,6.71711077018291E-5,0.8093144970566202,0.19061833183567803
6515.0,0.2671213375404948,0.7296335001519024,0.003245162307602766
5757.0,0.7210643725674816,0.2770050900408106,0.001930537391707698
5285.0,2.2527186796875947E-7,0.004905508625669302,0.9950942661024627
5558.0,1.2118862182807406E-6,0.07157938686924457,0.928419401244537
6032.0,0.0549786594138524,0.9444451895975867,5.761509885608964E-4
5763.0,0.5239155236877796,0.47423439911058846,0.0018500772016318884
6541.0,0.014549467185718496,0.9612666859652564,0.024183846849025185
5482.0,0.7790773520600633,0.22042152427974354,5.011236601931142E-4
5241.0,0.038347970374908835,0.786457524130446,0.1751945054946451
5118.0,0.9642225426680435,0.03563890749455206,1.385498374044678E-4
6481.0,3.7072435332086704E-5,0.11393522173595706,0.8860277058287109
6210.0,2.4128242975958472E-4,0.9293991591745698,0.07035955839567051
5964.0,0.9584082978500879,0.04150521606932923,8.648608058292621E-5
5524.0,0.07267733740815736,0.8593770526685424,0.06794560992330018
5255.0,0.9394266634626233,0.06025330725701491,3.2002928036185986E-4
6575.0,0.018990757035604787,0.9478219514033236,0.03318729156107159
6066.0,0.019659773281889198,0.8277756735700904,0.15256455314802034
6332.0,0.11159499462196044,0.8798515148789064,0.0085534904991331
6795.0,0.1663187927964882,0.8301845115841776,0.0034966956193342056
5509.0,0.012151295244191718,0.9555311592851553,0.03231754547065292
5270.0,0.7004328497210055,0.29911794505020933,4.4920522878513265E-4
5808.0,0.0010932222770828556,0.958110571868682,0.04079620585423525
6317.0,0.3558736000942062,0.6429684673176381,0.0011579325881556992
6051.0,0.008476681095100072,0.9734960183629778,0.018027300541922253
5499.0,0.0020612861071241705,0.6992449819766188,0.29869373191625714
6773.0,5.445416123278136E-4,0.8806162295851949,0.11883922880247715
5103.0,3.060297457280517E-5,0.4202500336696169,0.5797193633558103
5224.0,8.982222006950183E-5,0.8077878484588672,0.19212232932106327
6464.0,0.6969733000161987,0.30202858418566475,9.98115798136408E-4
5710.0,0.01285915690529045,0.9392046949253965,0.047936148169313235
5981.0,7.393095744228925E-5,0.029760262397775385,0.9701658066447822
6227.0,0.7760861797691374,0.2178451708596844,0.006068649371178117
5641.0,3.7844861141858143E-4,0.9969328772624071,0.0026886741261743434
6407.0,1.2530882615905339E-9,0.1558238913074069,0.8441761074395049
6164.0,0.8332578503383454,0.16558356404410135,0.0011585856175531362
5914.0,0.5145006306691355,0.4834558154501982,0.002043553880666138
6706.0,0.7743279792115954,0.22516490671675068,5.071140716539325E-4
5436.0,0.007368885351107029,0.4380006397361983,0.5546304749126947
5032.0,0.0028861386349797844,0.08882386070356267,0.9082900006614575
5167.0,9.516238514555184E-7,0.29674228038045813,0.7032567679956904
6649.0,0.8337185828615108,0.16490145275294668,0.00137996438554261
5879.0,0.8775992716781695,0.12237546807732297,2.5260244507601278E-5
6116.0,4.091298396151401E-7,0.00908411124369761,0.9909154796264629
6378.0,0.03885806075154174,0.95939946548212,0.0017424737663381815
5329.0,0.11643467898301225,0.8828683240732768,6.969969437110612E-4
4950.0,0.7607683414384758,0.23518763231000153,0.004044026251522552
5862.0,0.0059854735914817775,0.11567414299813282,0.8783403834103853
6632.0,0.25000671030728094,0.6980997067233644,0.05189358296935457
6395.0,0.36274388582992456,0.6358249209463788,0.0014311932236965596
6133.0,8.586965041485949E-4,0.3701206092708735,0.6290206942249779
5587.0,7.13670823151079E-5,0.9568415389172097,0.04308709400047513
4935.0,0.8049877493180166,0.19456631463914267,4.459360428407577E-4
5312.0,0.866647065177273,0.13275999293332694,5.929418893999968E-4
6422.0,0.050046922889164534,0.9347112337330337,0.0152418433778019
5656.0,2.0179375783672683E-4,0.08582091327551042,0.913977292966653
5899.0,0.15868663079554496,0.8253666442941978,0.0159467249102572
6149.0,0.005938550669187716,0.9862924341149745,0.0077690152158378595
5421.0,0.9324305653859024,0.06740476770040324,1.6466691369420948E-4
5182.0,0.29328736699320934,0.7029371045361514,0.003775528470639164
5049.0,0.0011423106734856248,0.44779840786139585,0.5510592814651185
6103.0,0.7047316513408585,0.2949871155309654,2.81233128176085E-4
6361.0,1.956024961232917E-6,0.7373118740469147,0.26268616992812416
6602.0,0.9590382927349798,0.04069513888066882,2.665683843513955E-4
5828.0,0.9603887483196785,0.039527943491026576,8.33081892949764E-5
4965.0,0.5694281082946127,0.4290644979935189,0.0015073937118683437
5346.0,0.011958491816340525,0.6049407599627706,0.3831007482208889
5617.0,0.6062204189702058,0.38407814308606436,0.00970143794372986
6183.0,0.2771003824953071,0.6830723341766749,0.039827283328018014
5929.0,0.9106931469192774,0.08854442963627691,7.62423444445648E-4
5690.0,3.6277238986541804E-5,0.8551187122679537,0.14484501049305987
6452.0,0.013915037356958275,0.9705293489929699,0.015555613650071905
5148.0,0.00288866567223255,0.4600903281863447,0.5370210061414228
5019.0,0.32174236008001544,0.6762182850378129,0.0020393548821717126
6657.0,2.8453415378563585E-11,0.0017291316562963136,0.9982708683152501
5391.0,9.81605122041025E-8,0.04244766421438003,0.9575522376251077
5944.0,1.6720271089741718E-5,0.2269442377953226,0.7730390419335876
6198.0,0.885172122980472,0.1109102898466936,0.0039175871728344466
6437.0,0.8351842778279355,0.1644322416570509,3.834805150135815E-4
5675.0,0.007216520018726821,0.9495927795352644,0.043190700446008846
5002.0,2.0948141219625847E-7,0.06750629339054975,0.932493497128038
5133.0,4.896758046519819E-18,1.4017988376060569E-8,0.9999999859820117
5406.0,0.0018854656709376574,0.681745674280428,0.3163688600486344
6672.0,2.6957090296974136E-4,0.5147608829082151,0.48496954618881516
6344.0,0.9447346396804246,0.05510622245121151,1.5913786836385373E-4
6086.0,1.989072193382637E-10,0.024283200376563903,0.9757167994245289
5845.0,1.7956258952530628E-4,0.9181109082861193,0.08170952912435543
6619.0,1.4618549223931278E-6,0.035880441815342265,0.9641180963297353
5363.0,0.0016572959378970452,0.7288632463265454,0.2694794577355575
4980.0,0.49146273538496865,0.5058328103631194,0.002704454251911862
5600.0,0.33880254330388176,0.6610127643337926,1.846923623254703E-4
5557.0,0.2328094782290155,0.7644079644278607,0.0027825573431237713
5286.0,0.3747588868865701,0.5134538499002873,0.11178726321314256
6542.0,0.9688294221659484,0.03109095449108338,7.962334296824069E-5
5760.0,0.15065163569443188,0.8466285750391632,0.0027197892664048637
6035.0,0.6510643997080076,0.34171908987160904,0.007216510420383374
6301.0,0.46990747284512485,0.5083174042804753,0.02177512287439979
6725.0,7.91802959948378E-5,0.5721530820676274,0.4277677376363778
5451.0,4.19818815358433E-5,0.40142195526783847,0.5985360628506257
5208.0,0.0020257447042758,0.43655864758367957,0.5614156077120447
5087.0,0.012256924539997107,0.8333667847453154,0.15437629071468742
5758.0,0.5094125378882122,0.4884674001461233,0.0021200619656645135
6512.0,0.6548255039240274,0.29027725715906777,0.05489723891690489
6243.0,0.5418958285639487,0.4573411818319292,7.629896041221178E-4
5997.0,5.064226789887608E-13,4.068806744114727E-4,0.9995931193250821
5466.0,0.0383383923159095,0.9586413499454761,0.0030202577386143565
6740.0,0.00884181539281487,0.5455638818715141,0.4455943027356711
5070.0,0.8284713351235945,0.16962560339940774,0.0019030614769977492
5193.0,0.44698321478311326,0.5514737106746963,0.0015430745421904427
6497.0,0.7356699341818828,0.2634575504777859,8.725153403313144E-4
5743.0,0.8339226424891029,0.1658870419448062,1.9031556609094504E-4
6012.0,2.621049837069064E-5,0.026457490923169947,0.9735162985784592
6258.0,1.6865415252018098E-7,0.6069703222173178,0.39302950912852963
5540.0,6.172559306323402E-6,0.6485163713704035,0.3514774560702902
5303.0,0.4555566794180161,0.5293628822816506,0.015080438300333331
5777.0,0.9077141740500126,0.09148101792907504,8.048080209123908E-4
6559.0,5.2935300284217915E-8,0.009105480041939461,0.9908944670227603
6284.0,0.23159169690315537,0.7533466691630194,0.015061633933825196
6018.0,0.35892748857772044,0.6405067998148832,5.65711607396386E-4
5100.0,0.99040044023022,0.00958643771982854,1.31220499514791E-5
5227.0,0.2997402174211399,0.697334096552006,0.0029256860268542565
6774.0,0.04079658608320804,0.8739811045758547,0.08522230934093726
5496.0,0.178856000767701,0.820817367367839,3.26631864460097E-4
6224.0,0.0049503430170502825,0.11008886190953085,0.8849607950734188
5982.0,0.9314764403140259,0.06818162177810397,3.4193790787010955E-4
5709.0,0.9277914137302978,0.07178407672837389,4.2450954132811373E-4
6467.0,0.0019878203541854864,0.7605340193518362,0.23747816029397836
5269.0,0.40762805856498374,0.5885180388625836,0.003853902572432756
6792.0,0.13207699702200196,0.8634548135683459,0.004468189409651993
6048.0,0.9694972332591318,0.03050132761866296,1.4391222051290814E-6
6318.0,0.0014668870253392256,0.9908229517686272,0.007710161206033463
6589.0,6.15552307797088E-4,0.7115858539644528,0.28779859372774996
5811.0,0.5420683542976014,0.4318403794228342,0.026091266279564467
5252.0,0.008648226431167642,0.854812848965982,0.13653892460285036
5527.0,0.9727295184919379,0.0272198322602425,5.064924781959178E-5
6335.0,0.6646785786661226,0.3279534857402406,0.007367935593636947
6065.0,0.003518554569065479,0.9899393229865445,0.00654212244438998
5794.0,0.6070239939814466,0.3921996045691799,7.764014493735285E-4
6572.0,0.8858522038774631,0.11389561880758549,2.5217731495138005E-4
5242.0,1.1898021226902215E-10,0.014401769509884838,0.985598230371135
5117.0,9.03851087161395E-6,0.47147386339392405,0.5285170980952044
5481.0,3.8864733371887644E-12,0.009993497949501278,0.9900065020466121
5967.0,0.8831426978983531,0.11587906184149822,9.782402601485678E-4
6209.0,0.270995191365776,0.7276462458365855,0.0013585627976384366
6482.0,0.0025493958746675626,0.9963647370880391,0.0010858670372932704
5724.0,0.3470487442146531,0.6099259663385083,0.043025289446838574
6648.0,2.3315065221131792E-5,0.4745729886731304,0.5254036962616485
6379.0,6.189326988919196E-4,0.9583596255704154,0.041021441730692804
6117.0,3.805404089882316E-4,0.7350928843689046,0.2645265752221072
5571.0,0.14590861953370654,0.8456169913220963,0.00847438914419703
5328.0,2.286680032923806E-7,0.002464165305162512,0.9975356060268342
4951.0,0.9350462420539902,0.06490399661592959,4.976133008008587E-5
6406.0,5.793369616990218E-4,0.29680738082691716,0.7026132822113839
5640.0,6.574506083628757E-5,0.9126870217106713,0.08724723322849237
5915.0,0.030543208879809214,0.9487911788067797,0.020665612313411134
6165.0,0.9584082978500879,0.04150521606932923,8.648608058292621E-5
5437.0,0.1867935457982868,0.8129713563379443,2.3509786376908388E-4
6707.0,1.2481077350437116E-5,0.6561602815150679,0.34382723740758175
5033.0,0.02019688540498112,0.6741728326147268,0.30563028198029196
5166.0,0.09781066155672427,0.902075755215482,1.1358322779378465E-4
5657.0,0.9847377148185499,0.01524754136692235,1.4743814527820237E-5
6148.0,1.4893467553631076E-4,0.2488457439923557,0.751005321332108
5898.0,3.310562560042682E-5,0.6511890014102011,0.3487778929641985
6690.0,0.21663214334589379,0.78260142910708,7.664275470263976E-4
5420.0,0.4596492442175246,0.5241189164794062,0.016231839303069026
5183.0,0.8817931715603129,0.10743886551780889,0.01076796292187826
5048.0,0.0033450381108987627,0.9861555194408044,0.01049944244829689
6633.0,0.08516251862870985,0.7777211949589647,0.13711628641232534
5863.0,0.06590113541539018,0.9274664517702985,0.006632412814311324
6132.0,2.6570911583126446E-5,0.02623434278880785,0.9737390862996089
6394.0,2.2741640075096742E-7,0.021310746079238545,0.9786890265043607
5586.0,0.4216668211841496,0.5774357181704939,8.974606453565015E-4
4934.0,0.8627135745241794,0.13622296810657714,0.0010634573692433567
5313.0,2.326887252579049E-4,0.9708068418424873,0.02896046943225487
5928.0,0.88576698328919,0.11355986288237431,6.73153828435835E-4
6182.0,9.321486594739634E-4,0.09002188999922187,0.9090459613413041
6453.0,0.9617790574079439,0.037939000266850424,2.819423252054899E-4
5691.0,1.9156083237003764E-10,0.002244769966457381,0.9977552298419817
5149.0,0.30658710426938574,0.6719082736224753,0.021504622108138933
5018.0,0.8512428157591669,0.14745808384552506,0.001299100395308037
5390.0,0.022130192177395484,0.8957266439297097,0.08214316389289474
6656.0,0.79951742652123,0.19884014224303462,0.0016424312357354368
6360.0,9.071386315436028E-5,0.7079449877163684,0.2919642984204773
6102.0,0.11322385261408888,0.4093232695947612,0.4774528777911498
5829.0,2.411351168201201E-8,0.0043596993262454515,0.9956402765602429
6603.0,0.0031195128702811103,0.9172805454108041,0.07959994171891474
4964.0,6.1017686532281364E-5,0.012008796941288662,0.987930185372179
5347.0,2.645701479702599E-4,0.2601281128429802,0.7396073170090495
5616.0,1.414730598435255E-4,0.3037081552108702,0.6961503717292863
6087.0,2.8230344785062526E-4,0.8377031584709734,0.16201453808117602
6345.0,0.4405368345871869,0.5182964667591384,0.04116669865367466
5844.0,0.29448294049396284,0.6672487497477629,0.03826830975827435
5362.0,0.5877003647456057,0.40195648241880977,0.010343152835584471
4981.0,2.58446889492606E-7,0.02377066909683259,0.976229072456278
5601.0,6.75881053753794E-4,0.858578442714849,0.14074567623139717
5945.0,3.811521866245704E-4,0.5721926508764293,0.4274261969369461
5674.0,1.6404081130149447E-5,0.10436959075360995,0.8956140051652599
6436.0,0.002028597069079258,0.9829093870329844,0.015062015897936386
5003.0,0.10838397180991015,0.8910784267414181,5.37601448671754E-4
5132.0,0.4547154542241622,0.5443138665299828,9.706792458548994E-4
6673.0,6.0397623132176404E-5,0.9227969479678242,0.07714265440904365
5407.0,0.6586509820581676,0.3397442314558324,0.0016047864859999816
5450.0,3.790122056314193E-8,0.06107461556954897,0.9389253465292303
6724.0,0.02559302047262318,0.8620804207513223,0.11232655877605444
5209.0,0.6633531252990568,0.335410940727147,0.0012359339737961896
5086.0,1.0064147291763145E-6,0.024637187946662933,0.9753618056386079
6513.0,0.854834377114606,0.1433287911764523,0.0018368317089416653
5759.0,0.12060759766249993,0.8758996022063398,0.00349280013116022
5996.0,0.5758326395519597,0.4230148840508674,0.0011524763971730088
6242.0,2.2654854397707025E-6,0.07013134544343125,0.929866389071129
5556.0,0.7471384935446499,0.25246660266050003,3.9490379484998536E-4
5287.0,0.9643991357084535,0.035513992183772485,8.687210777403067E-5
5761.0,0.4379090250517779,0.557000240958398,0.005090733989824186
6543.0,7.498803671721984E-4,0.769650693650487,0.22959942598234073
6300.0,0.970887953998761,0.02904037562391512,7.167037732363465E-5
6034.0,0.915273603471678,0.08465750397378874,6.889255453329453E-5
5541.0,0.006901330667396853,0.6468108075793242,0.34628786175327897
5302.0,0.10884579521426112,0.810488179940643,0.08066602484509588
6558.0,0.036901995005453304,0.8762698813285906,0.08682812366595623
5776.0,0.703838660949653,0.2879519068109282,0.008209432239418807
6019.0,0.910835592462592,0.08852653409875089,6.37873438657032E-4
6285.0,0.09112981047607774,0.8635615509820451,0.04530863854187716
5467.0,0.39989328657555856,0.5995619747174933,5.447387069481629E-4
5071.0,0.7188847082690853,0.27792307668307226,0.0031922150478423217
5192.0,0.5743433668663172,0.42076329561909864,0.004893337514584252
5742.0,0.0020331831162970285,0.9953911652577122,0.0025756516259907557
6259.0,1.5869133110547287E-5,0.8409479317784029,0.1590361990884866
6013.0,1.2745079664198462E-4,0.8283828446008997,0.1714897046024583
5268.0,0.42428614381161045,0.5741607852089753,0.0015530709794142966
6793.0,0.7215343094675487,0.2727845560444067,0.005681134488044549
5511.0,0.41210393733381273,0.5848782699483513,0.003017792717835958
6319.0,0.8511675522330628,0.14756511692431573,0.0012673308426213385
5810.0,0.3994054530677947,0.5966311594312768,0.003963387500928565
5101.0,0.6362392807569942,0.35190114580742865,0.011859573435577206
5226.0,0.8974609222445684,0.10234804198227032,1.910357731612155E-4
5497.0,0.003255701836705591,0.30898917691424266,0.6877551212490518
6775.0,0.030397380634635374,0.8438335259323351,0.12576909343302956
5983.0,0.37750356428743054,0.6219141019587889,5.82333753780585E-4
6225.0,0.0018825082464668454,0.7883399766595786,0.20977751509395456
6466.0,0.44109982630775013,0.5581460530675072,7.541206247425943E-4
5708.0,4.094006710136888E-5,0.7615279116253719,0.23843114830752668
5116.0,0.8576764095662941,0.14210240992792292,2.211805057830491E-4
6758.0,0.9086952589137025,0.09122559608271194,7.914500358560226E-5
5480.0,0.0019420027654909679,0.9975725823398705,4.854148946387821E-4
6208.0,0.9221586896946745,0.07743957960591302,4.0173069941254144E-4
5966.0,0.001799042931208053,0.9921438552722809,0.006057101796511174
5725.0,4.86036630478308E-13,3.172969892718833E-4,0.999682703010242
6483.0,0.5377068915707774,0.46216499206214706,1.2811636707556429E-4
5253.0,0.007645689899660552,0.7203809379787687,0.2719733721215708
5526.0,1.7666865021355421E-6,0.14777431995085671,0.8522239133626412
6808.0,0.12841093915676677,0.8681603198751889,0.0034287409680443166
6064.0,3.4553767845031945E-4,0.9792325866352488,0.020421875686300932
6334.0,0.8524246611000055,0.14737507352718351,2.0026537281100525E-4
6573.0,0.408047859149675,0.5907361063825605,0.0012160344677643949
5795.0,0.04884350873834671,0.9490386663146217,0.0021178249470316626
5400.0,0.5756037569615532,0.423163583788651,0.0012326592497958336
6678.0,0.28354196040176916,0.6865008938015805,0.029957145796650337
5004.0,0.09522223739370855,0.8814646863060952,0.02331307630019642
5131.0,9.270795148079573E-4,0.445080258216302,0.55399266226889
6435.0,0.004328089789730731,0.936437850006429,0.059234060203840144
5677.0,0.0057193343414390935,0.9923795070753465,0.001901158583214362
5950.0,8.590310547516054E-5,0.21126907325197353,0.7886450236425514
6192.0,0.9871852986777503,0.012789209641419625,2.5491680830037506E-5
5606.0,0.19391712870877373,0.5036555922220954,0.3024272790691308
5365.0,0.5207952362948078,0.44410479055817587,0.03509997314701631
4978.0,0.8059802976015318,0.18942217076059148,0.004597531637876814
5843.0,2.5766256693727583E-6,0.1502653478563877,0.849732075517943
6621.0,0.9952114181088365,0.004787383268280583,1.1986228829888375E-6
6350.0,0.10683388206759899,0.2357700919454673,0.6573960259869337
6080.0,0.03257068095108456,0.9614022354544032,0.006027083594512172
5623.0,3.484635589161026E-6,0.756797435893114,0.24319907947129696
4963.0,0.919581556702863,0.07989016171658528,5.282815805516759E-4
5348.0,0.246942698531185,0.7523076285376743,7.496729311408008E-4
6604.0,0.1650151195767986,0.8316071804533107,0.003377699969890567
5826.0,0.0010899934758656945,0.23479586807114472,0.7641141384529897
6097.0,9.081530503765082E-4,0.8422313794147237,0.15686046753489977
6367.0,0.6977227178440129,0.291829343393636,0.010447938762351202
5385.0,7.954216813846417E-9,0.05197344668939588,0.9480265453563873
5146.0,8.796745236448166E-4,0.7934734253062156,0.2056469001701395
5021.0,0.002488359217162883,0.973255751115466,0.024255889667371154
5692.0,0.6906471364064958,0.3066819431442567,0.0026709204492475626
6450.0,0.9517696430981838,0.04814856221807669,8.179468373965856E-5
6177.0,0.008175440999921438,0.9429081868913703,0.048916372108708056
5935.0,3.46780598607837E-11,0.005263567398457022,0.9947364325668648
4929.0,6.939260212146969E-4,0.9857675550204191,0.013538518958366224
5318.0,6.877619341777641E-4,0.17942295079759668,0.8198892872682255
5589.0,0.7903461695172165,0.20718670027942612,0.0024671302033573306
6131.0,0.018892998206374603,0.964088114727621,0.017018887066004327
5856.0,0.44544933089040134,0.5482276428065206,0.006323026303078105
6638.0,0.9693734364090897,0.03056126960400932,6.529398690109578E-5
5176.0,0.05893415409046089,0.8402743420752818,0.10079150383425733
5055.0,0.004898881113430607,0.6446941559591031,0.3504069629274663
5419.0,4.032823208996333E-10,0.002761842495492514,0.9972381571012251
6693.0,0.012599115607653038,0.9720753338602324,0.015325550532114502
5901.0,0.6324415343035523,0.36692969280152504,6.287728949225989E-4
6147.0,9.44860823745549E-6,0.36514884819122667,0.6348417032005359
6416.0,3.635587640546744E-8,0.021212229632830468,0.978787734011293
5662.0,0.8762673280475586,0.12346058963559403,2.7208231684745814E-4
5038.0,0.9820717779960462,0.017916851919963145,1.1370083990712298E-5
5161.0,0.01500242784388516,0.9399405168101399,0.04505705534597487
6708.0,0.7293847186604936,0.2643465909220027,0.0062686904175036865
5434.0,5.14152184427389E-5,0.2612033811080571,0.7387452036735003
6162.0,2.807544197250059E-7,0.15228061152043487,0.8477191077251455
5916.0,0.16253601861314654,0.7501620376834486,0.08730194370340492
5647.0,0.8156588795754287,0.18149870662751633,0.0028424137970548993
6401.0,0.9932740183056121,0.00672509703463471,8.84659753192813E-7
5335.0,1.1939130775342283E-4,0.3705424768060301,0.6293381318862163
4944.0,2.3075845133545386E-5,0.7874715879420545,0.2125053362128119
5572.0,2.0628754161828944E-5,0.17441277691847637,0.8255665943273618
6114.0,4.5772928105613475E-5,0.4626610197937343,0.5372932072781601
6380.0,0.001810873727710926,0.1472220300119068,0.8509670962603822
6655.0,0.10703840922874276,0.891020217010477,0.001941373760780424
5873.0,2.2971879047450675E-10,0.0023520076777291217,0.997647992092552
5796.0,0.9642225426680435,0.03563890749455206,1.385498374044678E-4
6570.0,2.6355810090591532E-5,0.9819613169201883,0.018012327269721063
6329.0,0.5877638431299754,0.3963821418605883,0.015854015009436343
6071.0,0.9263621540424457,0.07301358786942946,6.242580881247222E-4
5521.0,0.9125320881993597,0.08726448565782384,2.0342614281655707E-4
5250.0,0.9036513228061144,0.09611481841071214,2.338587831734294E-4
6484.0,0.04492373799706361,0.88332430821127,0.07175195379166635
5722.0,0.18005164307629198,0.8132584481506486,0.006689908773059327
5961.0,7.611194969997958E-8,0.047649717804766255,0.952350206083284
6215.0,0.0022956009591999517,0.9701034945892041,0.027600904451596006
5487.0,1.4217659610865106E-4,0.9901521835845863,0.00970563981930499
6753.0,1.6495174799212504E-6,0.7455512909639291,0.2544470595185909
5244.0,0.0016344212243563161,0.9960951829657407,0.002270395809902941
5115.0,2.841263332126782E-4,0.6793271459637199,0.3203887277030674
5707.0,0.0015361826018642898,0.24831035686813432,0.7501534605300014
6469.0,0.12340113091544987,0.8711003209366731,0.005498548147876967
6230.0,1.4060070669703227E-8,0.00419050284532507,0.9958094830946042
5976.0,4.4450806599685854E-7,0.00903761907951598,0.990961936412418
6768.0,1.9506325296928976E-4,0.492619491179493,0.5071854455675378
5502.0,0.7267090218510442,0.2722880068807225,0.0010029712682333065
5098.0,0.6802857884391855,0.3178662016558954,0.0018480099049190232
5229.0,0.20723573474403995,0.7670234205425174,0.025740844713442766
6587.0,8.641659746968511E-4,0.9892466015082148,0.009889232517088281
5813.0,0.970887953998761,0.02904037562391512,7.167037732363465E-5
6054.0,0.491947003693011,0.4947801799485969,0.013272816358392175
6312.0,1.1911537048293614E-6,0.18176987594758803,0.818228932898707
5504.0,0.04267155677766883,0.9466207658307236,0.010707677391607386
6798.0,0.43301907174324983,0.5646482986456741,0.0023326296110761217
5267.0,0.009437885257221595,0.3053375042890146,0.6852246104537638
6010.0,0.22752467137980353,0.20672852361313918,0.5657468050070572
6260.0,0.20468576319347087,0.7926982654231276,0.0026159713834013115
6503.0,0.006167111582098796,0.9704216525424134,0.023411235875488004
5737.0,0.9082893269903344,0.09119154304548878,5.191299641769064E-4
5064.0,5.215210902407737E-7,0.264676708972801,0.7353227695061089
5199.0,3.158003222467632E-10,0.0018991818740500778,0.9981008178101496
5468.0,0.25446942816647183,0.6840429433812454,0.06148762845228272
6738.0,0.0015554836054853343,0.8642946572413832,0.13414985915313152
6282.0,0.9855942175517111,0.014398342343211966,7.440105077003702E-6
6020.0,2.789902895130615E-4,0.9411314443272186,0.0585895653832684
6553.0,1.1316942743911469E-4,0.15961920387874015,0.8402676266938208
5297.0,0.7880433814721702,0.21174288681889467,2.1373170893513043E-4
4918.0,0.5351145541635687,0.4603966908856824,0.00448875495074887
5538.0,0.9834331518471632,0.01655908591267284,7.762240164042626E-6
6037.0,0.001447649060442698,0.7728085464962207,0.22574380444333664
6299.0,1.4817298251887418E-6,0.5798883251184542,0.4201101931517205
6536.0,0.015828099885714198,0.586791802352875,0.39738009776141076
5766.0,0.7802982696497844,0.21709625379571462,0.0026054765545009155
5280.0,0.08170661759730137,0.9121096778409006,0.006183704561797906
5555.0,1.109555241231164E-4,0.9160186801616709,0.08387036431420603
6245.0,0.12127955568802495,0.8646432285670829,0.014077215744892277
5995.0,0.9944883886446492,0.00550898591421997,2.625441131057981E-6
5752.0,0.105826416161791,0.8870510518331868,0.007122532005022131
6518.0,8.287594006994236E-6,0.8414190039152897,0.1585727084907033
5214.0,1.3770405371196158E-5,0.15581544543667547,0.8441707841579533
5081.0,1.3229715067844155E-5,0.47222577807702365,0.5277609922079085
6723.0,0.9746940370565387,0.025292679389358204,1.3283554103018478E-5
5453.0,1.5538685516995444E-6,0.016152134195643743,0.9838463119358046
5607.0,0.04389436323046193,0.9390884502557262,0.01701718651381174
5364.0,0.5801481614558541,0.4179033876658605,0.0019484508782855298
4979.0,0.0019016094069990795,0.9118247915530621,0.08627359903993892
6620.0,0.007593190079459749,0.7032627267391229,0.28914408318141716
5842.0,1.2430960453544182E-6,0.0799764481816953,0.9200223087222593
6081.0,5.848267849115744E-4,0.9985896023705189,8.255708445695963E-4
6351.0,0.0029821059352026042,0.9094958013734773,0.08752209269132007
6679.0,0.9589666830238539,0.040934650703880554,9.866627226545329E-5
5401.0,0.005806516692971444,0.9863396569645045,0.007853826342524024
5005.0,9.179216378330128E-6,0.06986430379830502,0.9301265169853166
5130.0,4.3122819795682827E-7,0.04578840240604356,0.9542111663657585
5676.0,0.3559006879746114,0.6414288113423187,0.0026705006830699297
6434.0,2.892989309480267E-6,0.9904482913235244,0.00954881568716628
6193.0,0.974999721100884,0.024953759135133532,4.651976398259116E-5
5951.0,0.982196796093183,0.017778221760588082,2.498214622887719E-5
5384.0,0.13927185012799706,0.8016787664442226,0.05904938342778033
6662.0,0.5785346450932398,0.42096333989725476,5.02015009505457E-4
5147.0,0.40802495061817196,0.5875271501309701,0.004447899250857925
5020.0,3.0139662738066134E-5,0.5316803605542505,0.4682894997830115
6451.0,0.053306976705173544,0.9294285686286852,0.017264454666141255
5693.0,0.40685774280971565,0.5560518130845463,0.037090444105738064
5934.0,0.18889783663728255,0.7972218978863294,0.013880265476388128
6176.0,3.844408614020414E-5,0.3526245980167971,0.6473369578970628
5622.0,0.0038171754525702386,0.9946305591798933,0.001552265367536461
4962.0,0.052151785574124865,0.8209936480765445,0.12685456634933043
5349.0,0.0030699523187260333,0.9703117626819989,0.026618284999275117
6605.0,3.580806260194536E-4,0.9001890750795588,0.09945284429442185
6366.0,0.3510982506969743,0.6150182940676222,0.03388345523540345
6096.0,3.505953526162423E-8,0.011482020790237234,0.9885179441502275
5177.0,0.9279305540136709,0.07169200267761303,3.77443308716198E-4
5054.0,6.993865155244534E-4,0.05056978457929204,0.9487308289051835
6692.0,0.13514663853887968,0.7985435559466652,0.06630980551445509
