6393.0,1.952970464560234E-35,0.22736492393371796,0.772635076066282
6135.0,0.00442246200065043,0.17620399647990947,0.8193735415194401
5860.0,0.01281139792061738,0.8971963451994839,0.08999225687989862
6634.0,0.44968082761051337,0.5215108726714716,0.02880829971801504
4933.0,0.004517953881452789,0.9077231779708352,0.08775886814771203
5585.0,0.0023932156190141236,0.9008488980805076,0.09675788630047828
5897.0,0.6167372111379789,0.3680717974982003,0.01519099136382094
6151.0,0.01281139792061738,0.8971963451994839,0.08999225687989862
6420.0,0.002390383684498281,0.9298024690283564,0.06780714728714536
5658.0,0.7758243875316111,0.2136640474853024,0.010511564983086436
5180.0,0.6408082639906288,0.3469164553161038,0.012275280693267296
5051.0,3.58136441178525E-95,0.2271600443887866,0.7728399556112134
5423.0,0.00442246200065043,0.17620399647990947,0.8193735415194401
6689.0,0.005008777050958671,0.9185833202582877,0.07640790269075359
6166.0,3.710217229681395E-26,0.2175812689655456,0.7824187310344543
5912.0,0.0048916329131109965,0.9020586952997942,0.09304967178709493
5643.0,3.58136441178525E-95,0.2271600443887866,0.7728399556112134
6405.0,1.6271526862849018E-146,0.2877124687651424,0.7122875312348577
5034.0,2.6521147191724356E-10,0.9071759829824798,0.09282401675230886
5165.0,0.003522546197155558,0.9058403425545438,0.0906371112483007
6704.0,0.0035348865733158784,0.9091016557275613,0.08736345769912293
5438.0,0.0048916329131109965,0.9020586952997942,0.09304967178709493
6118.0,0.0,0.24583422877180652,0.7541657712281934
6376.0,0.0,0.24583422877180652,0.7541657712281934
6651.0,0.572603908908079,0.39805302812731397,0.029343062964606984
5877.0,2.722515980068613E-289,0.1593005857000577,0.8406994142999423
5331.0,0.0034598153264593775,0.8944638400726702,0.10207634460087037
4948.0,0.4648348829429361,0.51604864010382,0.0191164769532439
5568.0,0.002390383684498281,0.9298024690283564,0.06780714728714536
5673.0,1.9530091182675383E-35,0.22736508243817816,0.7726349175618218
5946.0,0.7758243875316111,0.2136640474853024,0.010511564983086436
6196.0,0.7654258748121721,0.23311071728151544,0.0014634079063124278
5404.0,1.0692367113975105E-10,0.22174565451145817,0.7782543453816182
5000.0,0.0048916329131109965,0.9020586952997942,0.09304967178709493
5135.0,0.0048916329131109965,0.9020586952997942,0.09304967178709493
5847.0,0.00850933908296232,0.8980656265713587,0.09342503434567917
6617.0,7.815792068800752E-16,0.9151913437743697,0.08480865622562943
6346.0,0.0048916329131109965,0.9020586952997942,0.09304967178709493
6084.0,0.7814612531730923,0.21234773507044463,0.006191011756463039
5602.0,0.7654258748121721,0.23311071728151544,0.0014634079063124278
5361.0,3.58136441178525E-95,0.2271600443887866,0.7728399556112134
4982.0,8.318773286286089E-36,0.2069338129942104,0.7930661870057897
6600.0,0.46483496101694655,0.5160485660042012,0.019116472978852127
5830.0,8.318773286286089E-36,0.2069338129942104,0.7930661870057897
6101.0,0.46483496101694655,0.5160485660042012,0.019116472978852127
6363.0,0.0,0.206813169860714,0.7931868301392859
5619.0,0.4836663621177094,0.48595332640627653,0.030380311476014128
4967.0,0.640904499914815,0.3444916080099494,0.014603892075235658
5344.0,0.43332806128893003,0.5364259510390261,0.03024598767204383
5688.0,0.0,0.24583422877180652,0.7541657712281934
6454.0,0.004891632892944188,0.9020586952983838,0.09304967180867207
6181.0,0.002390383684498281,0.9298024690283564,0.06780714728714536
5931.0,0.0,0.21192655252939463,0.7880734474706054
6659.0,2.2589608766401706E-169,0.20094523004640064,0.7990547699535994
5389.0,0.003522546197155558,0.9058403425545438,0.0906371112483007
5150.0,0.640904499914815,0.3444916080099494,0.014603892075235658
5017.0,0.7922588832522731,0.20304190479727546,0.004699211950451524
5068.0,0.6167372111379789,0.3680717974982003,0.01519099136382094
5195.0,2.6521147191724356E-10,0.9071759829824798,0.09282401675230886
5464.0,0.0048916329131109965,0.9020586952997942,0.09304967178709493
6742.0,7.815792068801363E-16,0.9151913437743697,0.08480865622562946
6014.0,1.9527837540738637E-35,0.22736492233343822,0.7726350776665618
6256.0,0.5726038293084447,0.39805308054607486,0.029343090145480397
6499.0,0.0010863469505426842,0.920762851674686,0.07815080137477119
5741.0,1.0750901853369843E-10,0.22141706080310458,0.7785829390893864
5301.0,0.0023932156190141236,0.9008488980805076,0.09675788630047828
5542.0,0.43332806128893003,0.5364259510390261,0.03024598767204383
6286.0,7.815792068800752E-16,0.9151913437743697,0.08480865622562943
6016.0,2.737268492799264E-289,0.15930132756058685,0.8406986724394132
5779.0,0.43332806128893003,0.5364259510390261,0.03024598767204383
6557.0,0.0,0.24583422877180652,0.7541657712281934
5284.0,0.006470744804738663,0.8884239458755849,0.10510530931967631
5559.0,0.00850933908296232,0.8980656265713587,0.09342503434567917
6033.0,0.0,0.20101716625115584,0.7989828337488442
6303.0,0.7703086378279488,0.22221395673607147,0.007477405435979623
6540.0,0.005008777050958671,0.9185833202582877,0.07640790269075359
5762.0,0.008724257740825516,0.8871311702221427,0.10414457203703184
5210.0,0.46483496101694655,0.5160485660042012,0.019116472978852127
5085.0,0.640904499914815,0.3444916080099494,0.014603892075235658
6727.0,2.2589608766401706E-169,0.20094523004640064,0.7990547699535994
5449.0,0.003522546197155558,0.9058403425545438,0.0906371112483007
6241.0,0.640904499914815,0.3444916080099494,0.014603892075235658
5999.0,1.952970464560234E-35,0.22736492393371796,0.772635076066282
5756.0,0.00442246200065043,0.17620399647990947,0.8193735415194401
6514.0,0.7703086378279488,0.22221395673607147,0.007477405435979623
5254.0,0.6167372111379789,0.3680717974982003,0.01519099136382094
5792.0,0.00442246200065043,0.17620399647990947,0.8193735415194401
6574.0,0.0011439094981133778,0.9188491879282682,0.08000690257361844
6333.0,7.643206190034327E-12,0.23696751978912076,0.763032480203236
6067.0,0.43332806128893003,0.5364259510390261,0.03024598767204383
5483.0,0.002390383684498281,0.9298024690283564,0.06780714728714536
6757.0,0.44968082761051337,0.5215108726714716,0.02880829971801504
5240.0,0.793489944979524,0.20502557558915863,0.0014844794313173867
5119.0,0.005008774370370495,0.9185833215609187,0.07640790406871079
6480.0,0.0011439094981133778,0.9188491879282682,0.08000690257361844
5726.0,0.43332806128893003,0.5364259510390261,0.03024598767204383
5965.0,0.011903170956479622,0.9067572283748727,0.08133960066864754
6772.0,0.47950651795185895,0.49221404269092117,0.028279439357220004
5498.0,1.6271526862849018E-146,0.2877124687651424,0.7122875312348577
5102.0,3.896710632209686E-84,0.9144353038966134,0.08556469610338664
5225.0,0.002390383684498281,0.9298024690283564,0.06780714728714536
5711.0,0.45990559664674496,0.5046874988469274,0.03540690450632769
6465.0,0.6167372111379789,0.3680717974982003,0.01519099136382094
6226.0,0.0010863469505426842,0.920762851674686,0.07815080137477119
5980.0,0.44968082761051337,0.5215108726714716,0.02880829971801504
5508.0,0.793489944979524,0.20502557558915863,0.0014844794313173867
6794.0,0.45990559664674496,0.5046874988469274,0.03540690450632769
5271.0,1.952970464560234E-35,0.2273649239337181,0.7726350760662819
6591.0,0.0023932156190141236,0.9008488980805076,0.09675788630047828
5809.0,8.318773286286089E-36,0.2069338129942104,0.7930661870057897
6050.0,0.6408082639906288,0.3469164553161038,0.012275280693267296
6316.0,0.002390383684498281,0.9298024690283564,0.06780714728714536
6150.0,0.004517953881452789,0.9077231779708352,0.08775886814771203
5896.0,0.0,0.21192655252939463,0.7880734474706054
5659.0,8.318773286179836E-36,0.20693381299420888,0.793066187005791
6421.0,2.6521148136479547E-10,0.9071759236824993,0.09282407605228936
5181.0,0.44968082761051337,0.5215108726714716,0.02880829971801504
5050.0,1.0750901853369843E-10,0.22141706080310458,0.7785829390893864
6688.0,0.44968082761051337,0.5215108726714716,0.02880829971801504
5422.0,0.002390383684498281,0.9298024690283564,0.06780714728714536
6134.0,8.318773286286089E-36,0.2069338129942104,0.7930661870057897
6392.0,0.0,0.19722990712822266,0.8027700928717773
6635.0,0.640904499914815,0.3444916080099494,0.014603892075235658
5861.0,2.6521147191724154E-10,0.9071759829824793,0.09282401675230927
4932.0,6.135032481953576E-171,0.1720395300998167,0.8279604699001833
5315.0,3.710217229681395E-26,0.2175812689655456,0.7824187310344543
6377.0,0.640904499914815,0.3444916080099494,0.014603892075235658
6119.0,0.003522546197155558,0.9058403425545438,0.0906371112483007
5876.0,0.0,0.206813169860714,0.7931868301392859
6650.0,0.01281139792061738,0.8971963451994839,0.08999225687989862
5330.0,0.002390383684498281,0.9298024690283564,0.06780714728714536
4949.0,0.4532800588124166,0.5163102347096955,0.030409706477887825
5569.0,1.6271526862849018E-146,0.2877124687651424,0.7122875312348577
5913.0,0.0,0.19864552175934402,0.801354478240656
6167.0,0.00442246200065043,0.17620399647990947,0.8193735415194401
6404.0,0.4532800588124166,0.5163102347096955,0.030409706477887825
5642.0,0.0,0.30181648561226077,0.6981835143877392
5035.0,1.4045683383074352E-115,0.2150444245396929,0.784955575460307
5164.0,0.011903170956479622,0.9067572283748727,0.08133960066864754
5439.0,0.008692842321014657,0.8872098212658209,0.1040973364131643
6616.0,0.0023903840000307074,0.9298024682666222,0.06780714773334696
5846.0,0.7922588832522731,0.20304190479727546,0.004699211950451524
6085.0,1.6271526862849018E-146,0.2877124687651424,0.7122875312348577
6347.0,0.6408082639906288,0.3469164553161038,0.012275280693267296
5603.0,0.0048916329131109965,0.9020586952997942,0.09304967178709493
5360.0,0.7581714105096098,0.2403001558784184,0.0015284336119718168
4983.0,0.0,0.2458342481405462,0.7541657518594538
5672.0,0.004517953881452789,0.9077231779708352,0.08775886814771203
6438.0,0.0,0.2097991329476775,0.7902008670523226
6197.0,0.7814612531730923,0.21234773507044463,0.006191011756463039
5947.0,2.2589608766401706E-169,0.20094523004640064,0.7990547699535994
6675.0,0.004517953881452789,0.9077231779708352,0.08775886814771203
5405.0,0.0,0.20979909050955306,0.790200909490447
5001.0,0.0011439094981133778,0.9188491879282682,0.08000690257361844
5134.0,0.743857416292988,0.2509652130617271,0.00517737064528494
5689.0,0.002390383684498281,0.9298024690283564,0.06780714728714536
5930.0,0.743857416292988,0.2509652130617271,0.00517737064528494
6180.0,1.6271526862849018E-146,0.2877124687651424,0.7122875312348577
5388.0,0.008724257740825516,0.8871311702221427,0.10414457203703184
5151.0,0.003522546197155558,0.9058403425545438,0.0906371112483007
5016.0,0.005008777050958671,0.9185833202582877,0.07640790269075359
5831.0,1.952970464560234E-35,0.22736492393371796,0.772635076066282
6601.0,0.7654258748121721,0.23311071728151544,0.0014634079063124278
6362.0,0.0,0.3018333109800783,0.6981666890199216
6100.0,0.7703086378279488,0.22221395673607147,0.007477405435979623
5618.0,0.0,0.20101716625115584,0.7989828337488442
4966.0,0.0034598153264593775,0.8944638400726702,0.10207634460087037
5345.0,0.0048916329131109965,0.9020586952997942,0.09304967178709493
5300.0,0.0035348865733158784,0.9091016557275613,0.08736345769912293
5543.0,0.7654258748121721,0.23311071728151544,0.0014634079063124278
6017.0,0.0035348865733158784,0.9091016557275613,0.08736345769912293
6287.0,0.7814612531730923,0.21234773507044463,0.006191011756463039
6556.0,0.0010863469505426842,0.920762851674686,0.07815080137477119
5778.0,0.0010863469505426842,0.920762851674686,0.07815080137477119
5069.0,0.793489943748093,0.20502557680659106,0.0014844794453160513
5194.0,7.815792068800752E-16,0.9151913437743697,0.08480865622562943
6743.0,0.640904499914815,0.3444916080099494,0.014603892075235658
5465.0,7.815792068800752E-16,0.9151913437743697,0.08480865622562943
6257.0,0.0011439094981133778,0.9188491879282682,0.08000690257361844
6015.0,0.46483496101694655,0.5160485660042012,0.019116472978852127
6498.0,1.0750901853369843E-10,0.22141706080310458,0.7785829390893864
5211.0,2.2586416978901225E-169,0.20094520678850106,0.799054793211499
5084.0,2.6522217091666764E-10,0.9071087961169262,0.0928912036178516
5448.0,1.4045682919397795E-115,0.2150444245411147,0.7849555754588853
6726.0,0.0,0.206813169860714,0.7931868301392859
5998.0,0.43332806128893003,0.5364259510390261,0.03024598767204383
6240.0,1.952970464560234E-35,0.22736492393371796,0.772635076066282
6515.0,0.004517953881452789,0.9077231779708352,0.08775886814771203
5757.0,0.47950651795185895,0.49221404269092117,0.028279439357220004
5285.0,2.722515980068613E-289,0.1593005857000577,0.8406994142999423
5558.0,0.005008777050958671,0.9185833202582877,0.07640790269075359
6032.0,0.46483496101694655,0.5160485660042012,0.019116472978852127
5763.0,0.0023932156190141236,0.9008488980805076,0.09675788630047828
6541.0,0.0,0.21192655252939463,0.7880734474706054
5482.0,0.44968082761051337,0.5215108726714716,0.02880829971801504
5241.0,8.318773286286089E-36,0.2069338129942104,0.7930661870057897
5118.0,0.6167372111379789,0.3680717974982003,0.01519099136382094
6481.0,0.0,0.20101716625115584,0.7989828337488442
6210.0,0.004517953881452789,0.9077231779708352,0.08775886814771203
5964.0,0.6408082639906288,0.3469164553161038,0.012275280693267296
5524.0,0.7758243875316111,0.2136640474853024,0.010511564983086436
5255.0,0.44968082761051337,0.5215108726714716,0.02880829971801504
6575.0,0.0035348865733158784,0.9091016557275613,0.08736345769912293
6066.0,0.00850933908296232,0.8980656265713587,0.09342503434567917
6332.0,0.43332806128893003,0.5364259510390261,0.03024598767204383
6795.0,0.0023932156190141236,0.9008488980805076,0.09675788630047828
5509.0,0.0,0.22508752474573018,0.7749124752542698
5270.0,0.002202639479887522,0.9107672716522448,0.08703008886786769
5808.0,0.0023932156190141236,0.9008488980805076,0.09675788630047828
6317.0,0.46483496101694655,0.5160485660042012,0.019116472978852127
6051.0,0.47950651795185895,0.49221404269092117,0.028279439357220004
5499.0,0.002390383684498281,0.9298024690283564,0.06780714728714536
6773.0,0.0034598153264593775,0.8944638400726702,0.10207634460087037
5103.0,0.01281139792061738,0.8971963451994839,0.08999225687989862
5224.0,3.58136441178525E-95,0.2271600443887866,0.7728399556112134
6464.0,0.7814612531730923,0.21234773507044463,0.006191011756463039
5710.0,0.004517953881452789,0.9077231779708352,0.08775886814771203
5981.0,0.0024344412842642843,0.9040044660237381,0.09356109269199767
6227.0,7.815792068800752E-16,0.9151913437743697,0.08480865622562943
5641.0,0.6167372111379789,0.3680717974982003,0.01519099136382094
6407.0,0.00850933908296232,0.8980656265713587,0.09342503434567917
6164.0,0.743857416292988,0.2509652130617271,0.00517737064528494
5914.0,0.7922588832522731,0.20304190479727546,0.004699211950451524
6706.0,0.6167372111379789,0.3680717974982003,0.01519099136382094
5436.0,6.135032481953576E-171,0.1720395300998167,0.8279604699001833
5032.0,0.006470744804738663,0.8884239458755849,0.10510530931967631
5167.0,3.58136441178525E-95,0.2271600443887866,0.7728399556112134
6649.0,0.7922588832522731,0.20304190479727546,0.004699211950451524
5879.0,0.7758243875316111,0.2136640474853024,0.010511564983086436
6116.0,0.0,0.3018333109800783,0.6981666890199216
6378.0,0.7922588832522731,0.20304190479727546,0.004699211950451524
5329.0,0.002390383684498281,0.9298024690283564,0.06780714728714536
4950.0,7.815792068800752E-16,0.9151913437743697,0.08480865622562943
5862.0,1.404568338259451E-115,0.21504442453969447,0.7849555754603055
6632.0,0.44968082761051337,0.5215108726714716,0.02880829971801504
6395.0,0.4532800588124166,0.5163102347096955,0.030409706477887825
6133.0,0.0,0.206813169860714,0.7931868301392859
5587.0,0.0011439094981133778,0.9188491879282682,0.08000690257361844
4935.0,0.7922588832522731,0.20304190479727546,0.004699211950451524
5312.0,0.43332806205255114,0.5364259503540124,0.030245987593436465
6422.0,0.640904499914815,0.3444916080099494,0.014603892075235658
5656.0,0.0,0.20979909050955306,0.790200909490447
5899.0,0.44968082761051903,0.5215108726714661,0.028808299718014737
6149.0,0.0035348865733158784,0.9091016557275613,0.08736345769912293
5421.0,0.7654258748121721,0.23311071728151544,0.0014634079063124278
5182.0,0.002202639479887522,0.9107672716522448,0.08703008886786769
5049.0,0.0,0.19722990712822266,0.8027700928717773
6103.0,0.0035348865733158784,0.9091016557275613,0.08736345769912293
6361.0,0.0,0.21192655252939463,0.7880734474706054
6602.0,0.7654258748121721,0.23311071728151544,0.0014634079063124278
5828.0,0.640904499914815,0.3444916080099494,0.014603892075235658
4965.0,0.6408082639906288,0.3469164553161038,0.012275280693267296
5346.0,0.0,0.19864552222761575,0.8013544777723842
5617.0,0.43332806128893003,0.5364259510390261,0.03024598767204383
6183.0,3.710217229681395E-26,0.2175812689655456,0.7824187310344543
5929.0,2.722515980069232E-289,0.15930058570005778,0.8406994142999423
5690.0,0.0034598153264593775,0.8944638400726702,0.10207634460087037
6452.0,0.640904499914815,0.3444916080099494,0.014603892075235658
5148.0,0.006470744804738663,0.8884239458755849,0.10510530931967631
5019.0,0.002202639479887522,0.9107672716522448,0.08703008886786769
6657.0,1.0750901853369843E-10,0.22141706080310458,0.7785829390893864
5391.0,1.0750901853369843E-10,0.22141706080310458,0.7785829390893864
5944.0,7.815792068800752E-16,0.9151913437743697,0.08480865622562943
6198.0,0.002390383684498281,0.9298024690283564,0.06780714728714536
6437.0,0.7814612531730923,0.21234773507044463,0.006191011756463039
5675.0,0.7758243875316111,0.2136640474853024,0.010511564983086436
5002.0,8.318773286286089E-36,0.2069338129942104,0.7930661870057897
5133.0,1.952970464560234E-35,0.22736492393371796,0.772635076066282
5406.0,0.011903170956479622,0.9067572283748727,0.08133960066864754
6672.0,0.012811397920617359,0.8971963451994839,0.08999225687989862
6344.0,0.4836663621177094,0.48595332640627653,0.030380311476014128
6086.0,0.0048916329131109965,0.9020586952997942,0.09304967178709493
5845.0,8.318773286286089E-36,0.2069338129942104,0.7930661870057897
6619.0,0.0,0.21192655252939463,0.7880734474706054
5363.0,0.0022026397438249796,0.9107672699934019,0.08703009026277317
4980.0,0.002390383684498281,0.9298024690283564,0.06780714728714536
5600.0,0.003522546197155558,0.9058403425545438,0.0906371112483007
5557.0,0.45990559664674496,0.5046874988469274,0.03540690450632769
5286.0,2.722515980068613E-289,0.1593005857000577,0.8406994142999423
6542.0,0.4836663621177094,0.48595332640627653,0.030380311476014128
5760.0,0.640904499914815,0.3444916080099494,0.014603892075235658
6035.0,0.6167372111379789,0.3680717974982003,0.01519099136382094
6301.0,0.008724257740825516,0.8871311702221427,0.10414457203703184
6725.0,0.002202639479887522,0.9107672716522448,0.08703008886786769
5451.0,1.0750901853369843E-10,0.22141706080310458,0.7785829390893864
5208.0,0.0048916329131109965,0.9020586952997942,0.09304967178709493
5087.0,0.0023932156190141236,0.9008488980805076,0.09675788630047828
5758.0,0.6167372111379789,0.3680717974982003,0.01519099136382094
6512.0,0.0,0.3018333109800783,0.6981666890199216
6243.0,7.815792068800752E-16,0.9151913437743697,0.08480865622562943
5997.0,0.0,0.3018333109800783,0.6981666890199216
5466.0,0.5726038293084447,0.39805308054607486,0.029343090145480397
6740.0,0.003522546197155558,0.9058403425545438,0.0906371112483007
5070.0,0.011903170956479622,0.9067572283748727,0.08133960066864754
5193.0,0.640904499914815,0.3444916080099494,0.014603892075235658
6497.0,0.743857416292988,0.2509652130617271,0.00517737064528494
5743.0,0.7922588832386831,0.20304190481032403,0.004699211950993036
6012.0,0.0,0.206813169860714,0.7931868301392859
6258.0,0.0035348865733158784,0.9091016557275613,0.08736345769912293
5540.0,0.0011439094981133778,0.9188491879282682,0.08000690257361844
5303.0,0.6167372111379789,0.3680717974982003,0.01519099136382094
5777.0,0.7703086378279488,0.22221395673607147,0.007477405435979623
6559.0,1.0750901853369843E-10,0.22141706080310458,0.7785829390893864
6284.0,2.6521147191724356E-10,0.9071759829824798,0.09282401675230886
6018.0,0.011903170956479622,0.9067572283748727,0.08133960066864754
5100.0,0.008724257740825516,0.8871311702221427,0.10414457203703184
5227.0,1.0750901853369843E-10,0.22141706080310458,0.7785829390893864
6774.0,7.815792068800752E-16,0.9151913437743697,0.08480865622562943
5496.0,0.003522546197155558,0.9058403425545438,0.0906371112483007
6224.0,1.4045683383074352E-115,0.2150444245396929,0.784955575460307
5982.0,0.743857416292988,0.2509652130617271,0.00517737064528494
5709.0,0.002202639479887522,0.9107672716522448,0.08703008886786769
6467.0,3.896710632209686E-84,0.9144353038966134,0.08556469610338664
5269.0,0.005008777050958671,0.9185833202582877,0.07640790269075359
6792.0,0.0023932156190141236,0.9008488980805076,0.09675788630047828
6048.0,0.003522546197155558,0.9058403425545438,0.0906371112483007
6318.0,0.002202639479887522,0.9107672716522448,0.08703008886786769
6589.0,0.002202639479887522,0.9107672716522448,0.08703008886786769
5811.0,0.6167372111379789,0.3680717974982003,0.01519099136382094
5252.0,7.815792068800752E-16,0.9151913437743697,0.08480865622562943
5527.0,0.7922588832522731,0.20304190479727546,0.004699211950451524
6335.0,0.6408082639906288,0.3469164553161038,0.012275280693267296
6065.0,0.640904499914815,0.3444916080099494,0.014603892075235658
5794.0,0.003522546197155558,0.9058403425545438,0.0906371112483007
6572.0,8.318773286286089E-36,0.2069338129942104,0.7930661870057897
5242.0,0.0010863469505426842,0.920762851674686,0.07815080137477119
5117.0,2.2589608766401706E-169,0.20094523004640064,0.7990547699535994
5481.0,0.008724257738716382,0.8871311702238208,0.1041445720374628
5967.0,0.743857416292988,0.2509652130617271,0.00517737064528494
6209.0,0.43332806128893003,0.5364259510390261,0.03024598767204383
6482.0,0.44968082761050854,0.5215108726714761,0.028808299718015292
5724.0,2.6521147191724263E-10,0.9071759829824798,0.09282401675230886
6648.0,0.0010863469505426842,0.920762851674686,0.07815080137477119
6379.0,0.0023932156190141236,0.9008488980805076,0.09675788630047828
6117.0,1.6271526862849018E-146,0.2877124687651424,0.7122875312348577
5571.0,7.815792068800752E-16,0.9151913437743697,0.08480865622562943
5328.0,1.4045683383074352E-115,0.2150444245396929,0.784955575460307
4951.0,0.005008777050958671,0.9185833202582877,0.07640790269075359
6406.0,3.58136441178525E-95,0.2271600443887866,0.7728399556112134
5640.0,0.002390383684498281,0.9298024690283564,0.06780714728714536
5915.0,0.0,0.24583422877180652,0.7541657712281934
6165.0,0.6408082639906288,0.3469164553161038,0.012275280693267296
5437.0,0.47950651795185895,0.49221404269092117,0.028279439357220004
6707.0,0.0048916329131109965,0.9020586952997942,0.09304967178709493
5033.0,0.0048916329131109965,0.9020586952997942,0.09304967178709493
5166.0,0.003522546197155558,0.9058403425545438,0.0906371112483007
5657.0,0.640904499914815,0.3444916080099494,0.014603892075235658
6148.0,0.0054961906617375855,0.9239028954602858,0.07060091387797653
5898.0,2.2589608766401706E-169,0.20094523004640064,0.7990547699535994
6690.0,0.008724257740825516,0.8871311702221427,0.10414457203703184
5420.0,0.0034598153264593775,0.8944638400726702,0.10207634460087037
5183.0,1.4045683383074352E-115,0.2150444245396929,0.784955575460307
5048.0,0.0034598153264593775,0.8944638400726702,0.10207634460087037
6633.0,0.002390383684498281,0.9298024690283564,0.06780714728714536
5863.0,0.6167372111379789,0.3680717974982003,0.01519099136382094
6132.0,1.4045683383074352E-115,0.2150444245396929,0.784955575460307
6394.0,0.005008777050958671,0.9185833202582877,0.07640790269075359
5586.0,0.002390383684498281,0.9298024690283564,0.06780714728714536
4934.0,3.896710632209686E-84,0.9144353038966134,0.08556469610338664
5313.0,7.815792068800752E-16,0.9151913437743697,0.08480865622562943
5928.0,0.7654258748121721,0.23311071728151544,0.0014634079063124278
6182.0,0.0,0.3018333109800783,0.6981666890199216
6453.0,2.722515980068613E-289,0.1593005857000577,0.8406994142999423
5691.0,0.0,0.20101716625115584,0.7989828337488442
5149.0,1.4045683383074352E-115,0.2150444245396929,0.784955575460307
5018.0,0.7814612531730923,0.21234773507044463,0.006191011756463039
5390.0,0.4532800588124166,0.5163102347096955,0.030409706477887825
6656.0,1.0750899547897826E-10,0.22141706203464862,0.7785829378578424
6360.0,0.004517953881452789,0.9077231779708352,0.08775886814771203
6102.0,0.01281139792061738,0.8971963451994839,0.08999225687989862
5829.0,1.0750901853369843E-10,0.22141706080310458,0.7785829390893864
6603.0,0.0010863469505426842,0.920762851674686,0.07815080137477119
4964.0,0.0,0.3018333109800783,0.6981666890199216
5347.0,0.0,0.206813169860714,0.7931868301392859
5616.0,0.00850933908296232,0.8980656265713587,0.09342503434567917
6087.0,3.58136441178525E-95,0.2271600443887866,0.7728399556112134
6345.0,0.005008777050958671,0.9185833202582877,0.07640790269075359
5844.0,1.952970464560234E-35,0.22736492393371796,0.772635076066282
5362.0,3.896710632209686E-84,0.9144353038966134,0.08556469610338664
4981.0,0.0,0.19722990712822266,0.8027700928717773
5601.0,2.2589608766401706E-169,0.20094523004640064,0.7990547699535994
5945.0,7.815792068800752E-16,0.9151913437743697,0.08480865622562943
5674.0,1.0750901853369843E-10,0.22141706080310458,0.7785829390893864
6436.0,0.793489944979524,0.20502557558915863,0.0014844794313173867
5003.0,0.4532800588124166,0.5163102347096955,0.030409706477887825
5132.0,1.952970464560234E-35,0.22736492393371796,0.772635076066282
6673.0,0.002390383684498281,0.9298024690283564,0.06780714728714536
5407.0,0.45990559664674496,0.5046874988469274,0.03540690450632769
5450.0,0.0,0.20979909050955306,0.790200909490447
6724.0,0.45990559670657,0.5046874988043807,0.03540690448904927
5209.0,2.2589608766401706E-169,0.20094523004640064,0.7990547699535994
5086.0,0.0,0.19722990712822266,0.8027700928717773
6513.0,0.002390383684498281,0.9298024690283564,0.06780714728714536
5759.0,0.47950651795185895,0.49221404269092117,0.028279439357220004
5996.0,0.0,0.21192655252939463,0.7880734474706054
6242.0,8.332461251179045E-36,0.20694599480867695,0.793054005191323
5556.0,0.4532800588124166,0.5163102347096955,0.030409706477887825
5287.0,0.45990559664674896,0.5046874988469237,0.035406904506327344
5761.0,0.6167372111379789,0.3680717974982003,0.01519099136382094
6543.0,0.002390383684498281,0.9298024690283564,0.06780714728714536
6300.0,0.0023932321065015787,0.9008489171851758,0.09675785070832253
6034.0,0.6408082639906288,0.3469164553161038,0.012275280693267296
5541.0,0.003522546197155558,0.9058403425545438,0.0906371112483007
5302.0,0.0,0.19864552175861233,0.8013544782413877
6558.0,0.0048916329131109965,0.9020586952997942,0.09304967178709493
5776.0,0.00850933908296232,0.8980656265713587,0.09342503434567917
6019.0,0.7758243875316111,0.2136640474853024,0.010511564983086436
6285.0,0.46483496101694655,0.5160485660042012,0.019116472978852127
5467.0,0.44968082761051337,0.5215108726714716,0.02880829971801504
5071.0,0.0023932156190141236,0.9008488980805076,0.09675788630047828
5192.0,0.4532800588124166,0.5163102347096955,0.030409706477887825
5742.0,7.815792068800752E-16,0.9151913437743697,0.08480865622562943
6259.0,0.0034598153264593775,0.8944638400726702,0.10207634460087037
6013.0,0.0034598153264593775,0.8944638400726702,0.10207634460087037
5268.0,0.640904499914815,0.3444916080099494,0.014603892075235658
6793.0,0.7703086378279488,0.22221395673607147,0.007477405435979623
5511.0,0.46483496101694655,0.5160485660042012,0.019116472978852127
6319.0,0.6167372111379789,0.3680717974982003,0.01519099136382094
5810.0,0.43332806128893003,0.5364259510390261,0.03024598767204383
5101.0,6.135032481953576E-171,0.1720395300998167,0.8279604699001833
5226.0,7.815792068800752E-16,0.9151913437743697,0.08480865622562943
5497.0,0.43332806128893003,0.5364259510390261,0.03024598767204383
6775.0,0.0034598153264593775,0.8944638400726702,0.10207634460087037
5983.0,8.318773286286089E-36,0.2069338129942104,0.7930661870057897
6225.0,7.815792068800752E-16,0.9151913437743697,0.08480865622562943
6466.0,0.00872425774065274,0.88713117022228,0.10414457203706717
5708.0,0.0010863469505426842,0.920762851674686,0.07815080137477119
5116.0,0.0,0.20101716625115584,0.7989828337488442
6758.0,0.7654258748121721,0.23311071728151544,0.0014634079063124278
5480.0,0.004517953881452789,0.9077231779708352,0.08775886814771203
6208.0,0.7143510047322157,0.28562991909719465,1.907617058966127E-5
5966.0,0.003522546197155558,0.9058403425545438,0.0906371112483007
5725.0,0.006470744804738663,0.8884239458755849,0.10510530931967631
6483.0,0.4496808276231021,0.5215108726596535,0.028808299717244547
5253.0,7.815792068800752E-16,0.9151913437743697,0.08480865622562943
5526.0,1.0750901853369843E-10,0.22141706080310458,0.7785829390893864
6808.0,1.0750901853369843E-10,0.22141706080310458,0.7785829390893864
6064.0,0.43332806128893003,0.5364259510390261,0.03024598767204383
6334.0,0.5726038293084447,0.39805308054607486,0.029343090145480397
6573.0,0.0035348865733158784,0.9091016557275613,0.08736345769912293
5795.0,7.815792068800752E-16,0.9151913437743697,0.08480865622562943
5400.0,0.6408082639906288,0.3469164553161038,0.012275280693267296
6678.0,0.572603829308628,0.3980530805459542,0.029343090145417805
5004.0,0.0023932156190141236,0.9008488980805076,0.09675788630047828
5131.0,0.00442246200065043,0.17620399647990947,0.8193735415194401
6435.0,1.952970464560234E-35,0.22736492393371796,0.772635076066282
5677.0,0.0010863469505426892,0.920762851674686,0.07815080137477119
5950.0,0.0,0.20101716625115584,0.7989828337488442
6192.0,0.003522546197155558,0.9058403425545438,0.0906371112483007
5606.0,0.0,0.19864552175861233,0.8013544782413877
5365.0,0.0,0.21192655252939457,0.7880734474706054
4978.0,0.7758243875316111,0.2136640474853024,0.010511564983086436
5843.0,0.0,0.206813169860714,0.7931868301392859
6621.0,0.640904499914815,0.3444916080099494,0.014603892075235658
6350.0,7.815792068800752E-16,0.9151913437743697,0.08480865622562943
6080.0,0.004517953881452789,0.9077231779708352,0.08775886814771203
5623.0,0.002202639479887522,0.9107672716522448,0.08703008886786769
4963.0,0.743857416292988,0.2509652130617271,0.00517737064528494
5348.0,0.4532800588124166,0.5163102347096955,0.030409706477887825
6604.0,0.43332806128893003,0.5364259510390261,0.03024598767204383
5826.0,1.0750901853369843E-10,0.22141706080310458,0.7785829390893864
6097.0,0.002390383684498281,0.9298024690283564,0.06780714728714536
6367.0,6.135032481953576E-171,0.1720395300998167,0.8279604699001833
5385.0,2.2589608766401706E-169,0.20094523004640064,0.7990547699535994
5146.0,3.58136441178525E-95,0.2271600443887866,0.7728399556112134
5021.0,0.01281139792061738,0.8971963451994839,0.08999225687989862
5692.0,6.135032481953576E-171,0.1720395300998167,0.8279604699001833
6450.0,0.6408082639906288,0.3469164553161038,0.012275280693267296
6177.0,0.44968082761051337,0.5215108726714716,0.02880829971801504
5935.0,0.002393070242037837,0.900849018993178,0.09675791076478399
4929.0,0.0010863469505426842,0.920762851674686,0.07815080137477119
5318.0,2.2589608766401706E-169,0.20094523004640064,0.7990547699535994
5589.0,0.640904499914815,0.3444916080099494,0.014603892075235658
6131.0,1.952970464560234E-35,0.22736492393371796,0.772635076066282
5856.0,0.6167372111379789,0.3680717974982003,0.01519099136382094
6638.0,0.47950651795185895,0.49221404269092117,0.028279439357220004
5176.0,0.47950651795185895,0.49221404269092117,0.028279439357220004
5055.0,3.58136441178525E-95,0.2271600443887866,0.7728399556112134
5419.0,8.322562394163E-36,0.20693718712023998,0.79306281287976
6693.0,0.0010863469514186543,0.9207628516681553,0.07815080138042592
5901.0,7.815792068800752E-16,0.9151913437743697,0.08480865622562943
6147.0,0.0,0.20979908157745739,0.7902009184225427
6416.0,0.006470744804738663,0.8884239458755849,0.10510530931967631
5662.0,0.7758243875316111,0.2136640474853024,0.010511564983086436
5038.0,0.003522546197155558,0.9058403425545438,0.0906371112483007
5161.0,2.2589608766368578E-169,0.2009452300464004,0.7990547699535996
6708.0,0.011903170956479622,0.9067572283748727,0.08133960066864754
5434.0,0.002390383684498281,0.9298024690283564,0.06780714728714536
6162.0,0.0,0.20101716626438051,0.7989828337356194
5916.0,0.008724257740825516,0.8871311702221427,0.10414457203703184
5647.0,0.7814612531730923,0.21234773507044463,0.006191011756463039
6401.0,0.743857416292988,0.2509652130617271,0.00517737064528494
5335.0,0.00442246200065043,0.17620399647990947,0.8193735415194401
4944.0,0.004517953881452789,0.9077231779708352,0.08775886814771203
5572.0,1.0750901853369843E-10,0.22141706080310458,0.7785829390893864
6114.0,0.0,0.24583422877180652,0.7541657712281934
6380.0,0.0,0.30183363487070786,0.6981663651292921
6655.0,0.47950651795185895,0.49221404269092117,0.028279439357220004
5873.0,7.643206190034327E-12,0.23696751978912076,0.763032480203236
5796.0,0.6167372111379789,0.3680717974982003,0.01519099136382094
6570.0,0.008724257740825516,0.8871311702221427,0.10414457203703184
6329.0,0.640904499914815,0.3444916080099494,0.014603892075235658
6071.0,0.6918811653335198,0.29318540000742804,0.014933434659052166
5521.0,3.896710632209686E-84,0.9144353038966134,0.08556469610338664
5250.0,0.0023932156190141236,0.9008488980805076,0.09675788630047828
6484.0,0.0034598153264593775,0.8944638400726702,0.10207634460087037
5722.0,0.743857416292988,0.2509652130617271,0.00517737064528494
5961.0,3.58136441178525E-95,0.2271600443887866,0.7728399556112134
6215.0,0.0011439094981133778,0.9188491879282682,0.08000690257361844
5487.0,0.0010863469505426842,0.920762851674686,0.07815080137477119
6753.0,1.0750901853369843E-10,0.22141706080310458,0.7785829390893864
5244.0,0.0,0.21192655252939463,0.7880734474706054
5115.0,1.4045683383074352E-115,0.2150444245396929,0.784955575460307
5707.0,1.952970464560234E-35,0.22736492393371796,0.772635076066282
6469.0,7.815792068800752E-16,0.9151913437743697,0.08480865622562943
6230.0,0.00442246200065043,0.17620399647990947,0.8193735415194401
5976.0,0.006470744804738663,0.8884239458755849,0.10510530931967631
6768.0,1.0750901853369843E-10,0.22141706080310458,0.7785829390893864
5502.0,0.43332806128893003,0.5364259510390261,0.03024598767204383
5098.0,0.4836663621177094,0.48595332640627653,0.030380311476014128
5229.0,0.002202639479887522,0.9107672716522448,0.08703008886786769
6587.0,0.4836663621177099,0.485953326406276,0.030380311476014103
5813.0,0.6167372111379789,0.3680717974982003,0.01519099136382094
6054.0,3.896710632209686E-84,0.9144353038966134,0.08556469610338664
6312.0,3.896710632209686E-84,0.9144353038966134,0.08556469610338664
5504.0,0.4532800588124166,0.5163102347096955,0.030409706477887825
6798.0,0.006470744804738663,0.8884239458755849,0.10510530931967631
5267.0,0.006470744804738663,0.8884239458755849,0.10510530931967631
6010.0,3.58136441178525E-95,0.2271600443887866,0.7728399556112134
6260.0,0.47950651795185895,0.49221404269092117,0.028279439357220004
6503.0,0.002202639479887522,0.9107672716522448,0.08703008886786769
5737.0,0.640904499914815,0.3444916080099494,0.014603892075235658
5064.0,3.710217229681395E-26,0.2175812689655456,0.7824187310344543
5199.0,0.005008777050958671,0.9185833202582877,0.07640790269075359
5468.0,2.2589608766401706E-169,0.20094523004640064,0.7990547699535994
6738.0,7.643206190034327E-12,0.23696751978912076,0.763032480203236
6282.0,0.640904499914815,0.3444916080099494,0.014603892075235658
6020.0,0.640904499914815,0.3444916080099494,0.014603892075235658
6553.0,0.00850933908296232,0.8980656265713587,0.09342503434567917
5297.0,0.0,0.24583422877180652,0.7541657712281934
4918.0,0.0010863469505426842,0.920762851674686,0.07815080137477119
5538.0,0.640904499914815,0.3444916080099494,0.014603892075235658
6037.0,0.01281139792061738,0.8971963451994839,0.08999225687989862
6299.0,0.0035348865733158784,0.9091016557275613,0.08736345769912293
6536.0,6.135032481953576E-171,0.1720395300998167,0.8279604699001833
5766.0,0.002390383684498281,0.9298024690283564,0.06780714728714536
5280.0,0.002390383684498281,0.9298024690283564,0.06780714728714536
5555.0,0.008724257740825516,0.8871311702221427,0.10414457203703184
6245.0,0.0011439094981133778,0.9188491879282682,0.08000690257361844
5995.0,0.7654258748121721,0.23311071728151544,0.0014634079063124278
5752.0,0.003522546197155558,0.9058403425545438,0.0906371112483007
6518.0,0.0023932156190141236,0.9008488980805076,0.09675788630047828
5214.0,0.0,0.20979909050955306,0.790200909490447
5081.0,0.0011439094981133778,0.9188491879282682,0.08000690257361844
6723.0,1.0750901853369843E-10,0.22141706080310458,0.7785829390893864
5453.0,2.6521147191724356E-10,0.9071759829824798,0.09282401675230886
5607.0,0.46483496101694655,0.5160485660042012,0.019116472978852127
5364.0,0.003522546197155558,0.9058403425545438,0.0906371112483007
4979.0,0.0034598153264593775,0.8944638400726702,0.10207634460087037
6620.0,3.58136441178525E-95,0.2271600443887866,0.7728399556112134
5842.0,3.58136441178525E-95,0.2271600443887866,0.7728399556112134
6081.0,1.6271526862849018E-146,0.2877124687651424,0.7122875312348577
6351.0,7.64320619004741E-12,0.2369675197891105,0.7630324802032463
6679.0,0.640904499914815,0.3444916080099494,0.014603892075235658
5401.0,0.01281139792061738,0.8971963451994839,0.08999225687989862
5005.0,2.6521147191724356E-10,0.9071759829824798,0.09282401675230886
5130.0,0.0,0.206813169860714,0.7931868301392859
5676.0,0.003522546197155558,0.9058403425545438,0.0906371112483007
6434.0,0.47950651795185895,0.49221404269092117,0.028279439357220004
6193.0,0.43333125463645505,0.5364230864140532,0.030245658949491758
5951.0,0.7922588832522731,0.20304190479727546,0.004699211950451524
5384.0,0.0,0.24722701513015952,0.7527729848698405
6662.0,0.45990559664674496,0.5046874988469274,0.03540690450632769
5147.0,0.004517953881452789,0.9077231779708352,0.08775886814771203
5020.0,0.004517953881452789,0.9077231779708352,0.08775886814771203
6451.0,0.0010863469505426842,0.920762851674686,0.07815080137477119
5693.0,0.00850933908296232,0.8980656265713587,0.09342503434567917
5934.0,0.0011439094981133778,0.9188491879282682,0.08000690257361844
6176.0,8.318773286286089E-36,0.2069338129942104,0.7930661870057897
5622.0,0.640904499914815,0.3444916080099494,0.014603892075235658
4962.0,0.7758243875316111,0.2136640474853024,0.010511564983086436
5349.0,0.4532800588124166,0.5163102347096955,0.030409706477887825
6605.0,0.0,0.20979909050955306,0.790200909490447
6366.0,3.58136441178525E-95,0.2271600443887866,0.7728399556112134
6096.0,1.952970464560234E-35,0.22736492393371796,0.772635076066282
5177.0,0.7814612531730923,0.21234773507044463,0.006191011756463039
5054.0,2.722515980068613E-289,0.1593005857000577,0.8406994142999423
6692.0,2.6521147191724356E-10,0.9071759829824798,0.09282401675230886
5418.0,0.0011439094981133778,0.9188491879282682,0.08000690257361844
6146.0,0.0035348865733158784,0.9091016557275613,0.08736345769912293
5900.0,0.6408082630197487,0.3469164561203923,0.01227528085985893
5663.0,0.0011439094981133778,0.9188491879282682,0.08000690257361844
6417.0,0.743857416292988,0.2509652130617271,0.00517737064528494
4928.0,3.58136441178525E-95,0.2271600443887866,0.7728399556112134
5319.0,0.4532800588124166,0.5163102347096955,0.030409706477887825
5588.0,2.2589608766401706E-169,0.20094523004640064,0.7990547699535994
6130.0,0.0,0.19864552175861233,0.8013544782413877
6396.0,0.4532800588124166,0.5163102347096955,0.030409706477887825
6639.0,3.58136441178525E-95,0.2271600443887866,0.7728399556112134
5334.0,0.46483496101694655,0.5160485660042012,0.019116472978852127
4945.0,0.011903170956479622,0.9067572283748727,0.08133960066864754
5573.0,0.7814612531730923,0.21234773507044463,0.006191011756463039
6381.0,0.7922588832522731,0.20304190479727546,0.004699211950451524
