6393.0,0.429159633250707,0.5398478633037707,0.03099250344552229
6135.0,0.09301486058427497,0.850992998989633,0.055992140426092095
5860.0,0.028518159936232947,0.5920231743265929,0.3794586657371742
6634.0,0.7379870273481806,0.26161002311379533,4.029495380241648E-4
4933.0,0.026285988593946433,0.5520743702978023,0.42163964110825125
5585.0,0.22694733594400543,0.6426808034202359,0.1303718606357586
5897.0,0.08776791302841944,0.849300168407595,0.06293191856398545
6151.0,0.012655080637637995,0.47883622646342344,0.5085086928989386
6420.0,0.8285516435174753,0.16894247716498642,0.0025058793175380995
5658.0,0.9410226765585152,0.05727320519538769,0.0017041182460970886
5180.0,0.7764035202931667,0.2177985088342219,0.005797970872611374
5051.0,0.019583790592052217,0.3969464802279555,0.5834697291799923
5423.0,0.12553805928093348,0.8103885920665876,0.06407334865247895
6689.0,0.3051206184007751,0.6371431783732766,0.05773620322594842
6166.0,0.0348111917602827,0.8129495927209337,0.15223921551878355
5912.0,0.34270008365161486,0.6335420847785977,0.023757831569787273
5643.0,0.01339016185744502,0.49621989253452364,0.49038994560803134
6405.0,0.001296832637940803,0.26396253466033953,0.7347406327017196
5034.0,0.08433276659373315,0.7286072338726334,0.1870599995336336
5165.0,0.5031528255464617,0.49452877925006844,0.00231839520346983
6704.0,0.03660905768233636,0.6988858679940403,0.2645050743236234
5438.0,0.6732968862822866,0.31566055855973835,0.011042555157975116
6118.0,0.033396888900473515,0.5613215385316737,0.4052815725678529
6376.0,0.06134135746033029,0.7629857679618484,0.1756728745778213
6651.0,0.009956969315190276,0.8625876549744992,0.12745537571031063
5877.0,0.03489278579478587,0.3504166954220231,0.614690518783191
5331.0,0.2457590557590354,0.7176469401224099,0.03659400411855465
4948.0,0.029417132244215098,0.5776666326555178,0.39291623510026713
5568.0,0.031760667303730915,0.6578475224348899,0.3103918102613792
5673.0,0.09280238477807248,0.8355888146547419,0.07160880056718569
5946.0,0.8347175510635534,0.15852101136134888,0.00676143757509779
6196.0,0.11808440088029026,0.8523494341829208,0.02956616493678896
5404.0,0.02833959205465053,0.6142896601917092,0.3573707477536404
5000.0,0.05102311617175008,0.8060904919133034,0.1428863919149466
5135.0,0.016378647151207622,0.47974528882365614,0.5038760640251363
5847.0,0.04355197944208512,0.81219912087305,0.14424889968486485
6617.0,0.05340171635346653,0.858038856848706,0.08855942679782752
6346.0,0.10457807494366445,0.7913940488737407,0.10402787618259496
6084.0,0.30349564674740415,0.5918367188538175,0.10466763439877838
5602.0,0.8807813723741107,0.11494643346422197,0.004272194161667413
5361.0,0.4843200295335295,0.4940128877326403,0.02166708273383026
4982.0,0.046265633085982076,0.8436223187935683,0.11011204812044952
6600.0,0.5458991782237156,0.42381135937796,0.03028946239832449
5830.0,0.09528291500154351,0.8372999091526112,0.06741717584584522
6101.0,0.4335171811961902,0.5579863073553811,0.008496511448428595
6363.0,0.004007677078229441,0.31478841884201914,0.6812039040797514
5619.0,0.050411754500745046,0.8506928133077899,0.09889543219146507
4967.0,0.4705641445720663,0.5226452996255494,0.006790555802384258
5344.0,0.0242310027146025,0.6307347895157177,0.3450342077696798
5688.0,0.013391363364071976,0.7044866981502853,0.28212193848564276
6454.0,0.7811938472506847,0.20900732795655094,0.009798824792764326
6181.0,0.6309954590724242,0.34961866621046434,0.019385874717111385
5931.0,0.0986690254588693,0.664746939318635,0.23658403522249571
6659.0,0.005367624097074188,0.26883504866745794,0.7257973272354679
5389.0,0.05580719580867695,0.776311548810048,0.167881255381275
5150.0,0.09339362098181657,0.8885344836673267,0.018071895350856758
5017.0,0.9082692012028264,0.08928346952071362,0.002447329276460032
5068.0,0.0885914727474727,0.786921298834652,0.12448722841787532
5195.0,0.05830035832634762,0.6622283987114947,0.27947124296215764
5464.0,0.09168924952296544,0.8381477040666954,0.07016304641033926
6742.0,0.03126678349529139,0.7258120770943828,0.24292113941032575
6014.0,0.03301962860097916,0.7865913488633708,0.18038902253565015
6256.0,0.4442294177696268,0.5473326484533106,0.00843793377706249
6499.0,0.06579021292738459,0.6095740898674348,0.32463569720518065
5741.0,0.05510937870607385,0.7337598965281736,0.21113072476575234
5301.0,0.27562170588816,0.6710213482604749,0.05335694585136505
5542.0,0.3791788027191353,0.5855751635882254,0.03524603369263943
6286.0,0.3485680466147923,0.6417738595279399,0.009658093857267912
6016.0,0.36909256454458395,0.6284234132244912,0.002484022230924886
5779.0,0.07008779735559591,0.8773238749349352,0.05258832770946881
6557.0,0.027177517657382095,0.38193506075797584,0.590887421584642
5284.0,0.8301927974662184,0.1600214819819376,0.009785720551843917
5559.0,0.016830972028471437,0.5498399600153809,0.4333290679561477
6033.0,0.05536325576223414,0.715439132280485,0.22919761195728086
6303.0,0.8272253348275289,0.16894469128316333,0.003829973889307787
6540.0,0.11627019303902156,0.7958366276205914,0.08789317934038714
5762.0,0.004605629610493678,0.41791996714811924,0.5774744032413871
5210.0,0.12998296900555048,0.7454491447539294,0.12456788624052008
5085.0,0.6552478121654272,0.3399028779155667,0.004849309919006086
6727.0,0.027772226914432666,0.6259228861530431,0.34630488693252426
5449.0,0.116973484965992,0.8388020142809115,0.044224500753096585
6241.0,0.8620204024078675,0.13206755945467905,0.0059120381374534745
5999.0,0.29484604127001274,0.5804521752412565,0.12470178348873084
5756.0,0.4699210556104334,0.49666914628195996,0.033409798107606574
6514.0,0.06398304694900994,0.7685904124462665,0.16742654060472362
5254.0,0.7575233197169409,0.24181243006328057,6.642502197786918E-4
5792.0,0.05485710775590288,0.2552153379220361,0.689927554322061
6574.0,0.18041272792026222,0.781605758000477,0.037981514079260766
6333.0,0.00697525681050366,0.5580424396351364,0.4349823035543599
6067.0,0.06355086835960308,0.8095095068846111,0.12693962475578582
5483.0,0.03686988932910215,0.7380230607075339,0.22510704996336398
6757.0,0.1860806409407388,0.570780449195466,0.24313890986379522
5240.0,0.5775557910256144,0.4035869778766787,0.018857231097706907
5119.0,0.01237482651199252,0.35821809029135,0.6294070831966576
6480.0,0.05429165919329829,0.8326909685843863,0.1130173722223153
5726.0,0.05501553410745789,0.8045133301040212,0.14047113578852097
5965.0,0.6040758585443601,0.35056377151987733,0.04536036993576258
6772.0,0.4635790849950155,0.5260448600850183,0.010376054919966245
5498.0,0.14034609659583996,0.7720086389280509,0.08764526447610912
5102.0,0.061057677526549566,0.5264182756356864,0.412524046837764
5225.0,0.06419117137995825,0.641389046984857,0.2944197816351847
5711.0,0.30916538979219693,0.6746068559471335,0.01622775426066948
6465.0,0.5687765266109439,0.4179423571126116,0.013281116276444524
6226.0,0.23432647525815414,0.7342970080417704,0.03137651670007549
5980.0,0.3946920035616696,0.5915327100818208,0.013775286356509611
5508.0,0.2900749053346764,0.6531520349390819,0.056773059726241616
6794.0,0.037716414753777745,0.8048400725002546,0.15744351274596774
5271.0,0.7495789915468141,0.22768679372232323,0.022734214730862668
6591.0,0.11400207524047175,0.700399313912656,0.18559861084687226
5809.0,0.01888240135522228,0.7530963019640343,0.2280212966807435
6050.0,0.12651903942047704,0.8327530228252524,0.04072793775427053
6316.0,0.006048562959939958,0.4223943893091049,0.5715570477309552
6150.0,0.3512901648379879,0.515515922941558,0.13319391222045418
5896.0,0.02850198050812426,0.4979417919050516,0.4735562275868242
5659.0,8.452844475960929E-4,0.287822824215872,0.7113318913365319
6421.0,0.0473687030237762,0.8135786392730456,0.1390526577031782
5181.0,0.3408816440552108,0.6500586356073245,0.009059720337464659
5050.0,0.025969283496417743,0.3358227434576397,0.6382079730459427
6688.0,0.04366959512353842,0.8484740384879,0.10785636638856153
5422.0,0.17161267287843449,0.7868635855681703,0.04152374155339533
6134.0,0.03020838332520781,0.5717265607403289,0.39806505593446334
6392.0,0.07818977254751538,0.5638260781776769,0.3579841492748078
6635.0,0.44113150083842584,0.5476955955766263,0.011172903584947788
5861.0,0.06944815559340473,0.8009666283875378,0.1295852160190575
4932.0,0.4044401897499824,0.5240366420972264,0.07152316815279114
5315.0,0.28676974704649033,0.6468610942596845,0.06636915869382523
6377.0,0.04637277057030217,0.843280205031481,0.11034702439821682
6119.0,0.22473474311342231,0.7580754123357415,0.017189844550836164
5876.0,0.09668583566582108,0.6192382761602067,0.2840758881739722
6650.0,0.0393981860868996,0.6669666932142105,0.29363512069888986
5330.0,0.030406312282504313,0.45718026456607824,0.5124134231514174
4949.0,0.5338077399787228,0.4441169409675861,0.02207531905369108
5569.0,0.14908345741784262,0.6784367600380634,0.1724797825440939
5913.0,0.10058289935576663,0.743026867533783,0.15639023311045033
6167.0,0.027890064948375235,0.5317413350443552,0.44036860000726963
6404.0,0.028440614644219715,0.7232344195356761,0.24832496582010413
5642.0,0.7481345270369154,0.24352604945619227,0.00833942350689223
5035.0,0.014199898857855544,0.5388026223461443,0.44699747879600016
5164.0,0.13051679171420213,0.5828130552242741,0.28667015306152377
5439.0,0.03145993140396052,0.4021268978386389,0.5664131707574005
6616.0,0.39059401693625456,0.549261383625361,0.0601445994383844
5846.0,0.5682864276413909,0.38687311876018926,0.044840453598419754
6085.0,0.02455662840214406,0.4706459499573306,0.5047974216405254
6347.0,0.9063098304256958,0.09146036460200561,0.002229804972298542
5603.0,0.02686578415313047,0.451981058590385,0.5211531572564845
5360.0,0.026779487924066515,0.8267689507492222,0.14645156132671133
4983.0,0.03642759265137398,0.7432437734942174,0.22032863385440857
5672.0,0.1689496140804259,0.8142869572365555,0.01676342868301855
6438.0,0.058929925873845865,0.7263651875273784,0.21470488659877576
6197.0,0.14616611142848368,0.7773463953910819,0.0764874931804344
5947.0,0.03789181721976569,0.7548810298871484,0.20722715289308577
6675.0,0.025395340867134773,0.3391320410739219,0.6354726180589433
5405.0,0.05295522534574475,0.7512098927532643,0.1958348819009909
5001.0,0.10552859578129678,0.7302544499637157,0.16421695425498756
5134.0,0.6577986910477774,0.32489298385488746,0.017308325097335223
5689.0,0.017394132088541656,0.24045089572715148,0.7421549721843068
5930.0,0.43253070400616267,0.5524537354014053,0.015015560592431951
6180.0,0.007880649700417897,0.6115397208360372,0.38057962946354496
5388.0,0.18010294266364218,0.7839464003734227,0.035950656962935174
5151.0,0.03506368649104977,0.5165823803715185,0.4483539331374317
5016.0,0.07494081252517878,0.712365492666387,0.2126936948084343
5831.0,0.029272198318093953,0.6032226919099002,0.3675051097720058
6601.0,0.7936085180300239,0.20280892785878907,0.0035825541111871207
6362.0,0.188989822071639,0.5968493821493394,0.21416079577902164
6100.0,0.4525374474523881,0.5084970061337646,0.03896554641384729
5618.0,0.059381549866727446,0.6209440174213133,0.3196744327119593
4966.0,0.150804954943191,0.8091751781646144,0.040019866892194646
5345.0,0.4692256424239315,0.5166853971650781,0.014088960410990288
5300.0,0.32642566759506786,0.628823149867598,0.044751182537334205
5543.0,0.11045460442997136,0.7099930220335019,0.17955237353652664
6017.0,0.04237570269973427,0.8422218870224716,0.1154024102777942
6287.0,0.6994096906239793,0.28955812436293515,0.011032185013085553
6556.0,0.11801560983283199,0.8132299879243504,0.06875440224281759
5778.0,0.03828379476098276,0.7557770244316335,0.20593918080738363
5069.0,0.07474231543114648,0.6156829187556293,0.309574765813224
5194.0,0.04055169943793931,0.7032581560682175,0.2561901444938432
6743.0,0.06456517455937516,0.8472950461963535,0.08813977924427131
5465.0,0.7339242401792083,0.2598072544029152,0.006268505417876459
6257.0,0.022579243651277895,0.7267956917186712,0.2506250646300509
6015.0,0.37116822292428453,0.6006003424870336,0.028231434588681926
6498.0,0.16393664132547975,0.7392262288523563,0.09683712982216394
5211.0,0.06538217002825072,0.4297843890638455,0.5048334409079037
5084.0,0.22174413707350155,0.3943908812472049,0.3838649816792935
5448.0,0.036221949477626046,0.42782557164538754,0.5359524788769865
6726.0,0.18775714333727894,0.755534721759636,0.05670813490308506
5998.0,0.10207009255292843,0.8485140718059334,0.04941583564113818
6240.0,0.002499409043419701,0.3496367251485726,0.6478638658080078
6515.0,0.23590668008258886,0.7296895579895212,0.034403761927889874
5757.0,0.3786453700973015,0.599359615793482,0.02199501410921677
5285.0,0.11280614258234886,0.8353575752847867,0.05183628213286439
5558.0,0.20683769124472046,0.7189925358304305,0.07416977292484903
6032.0,0.3676272044452854,0.628640668673998,0.0037321268807165614
5763.0,0.04880732925589202,0.8205840055057677,0.13060866523834022
6541.0,0.08407142307347387,0.7475563452564976,0.16837223167002863
5482.0,0.11679040656047007,0.837432473317411,0.04577712012211895
5241.0,0.33905789339074666,0.6191675590190923,0.04177454759016098
5118.0,0.8923410097906035,0.10586756566332248,0.0017914245460740395
6481.0,0.027177813767652537,0.49090136597822537,0.4819208202541222
6210.0,0.0915948119225172,0.642038138620356,0.26636704945712686
5964.0,0.8858521920684086,0.1122890942356206,0.0018587136959708297
5524.0,0.4009360114998101,0.5919438129331407,0.007120175567049261
5255.0,0.7195221943849297,0.27587854652787186,0.00459925908719843
6575.0,0.16525801632800372,0.6327404593603015,0.2020015243116948
6066.0,0.11353498458426296,0.572490629520088,0.3139743858956491
6332.0,0.16283230769521778,0.7386665999768537,0.09850109232792846
6795.0,0.42764087711953125,0.5531431767880252,0.019215946092443568
5509.0,0.154372593735899,0.6969470419625424,0.14868036430155854
5270.0,0.10822206690401098,0.848943044117338,0.042834888978650974
5808.0,0.05398978855502822,0.47699190575255773,0.469018305692414
6317.0,0.07147929180406816,0.8372155617258141,0.09130514647011778
6051.0,0.09172682969315879,0.5752761283866342,0.33299704192020696
5499.0,0.031466173173566855,0.6437115979375112,0.3248222288889219
6773.0,0.04406350468838408,0.7541145018855236,0.20182199342609225
5103.0,0.11962409728536999,0.754091567046719,0.126284335667911
5224.0,0.04386365033586971,0.6557350550013354,0.30040129466279475
6464.0,0.24753377961620288,0.7340136504888224,0.01845256989497465
5710.0,0.03814035654822494,0.5826468303237786,0.3792128131279965
5981.0,0.21292259632937321,0.5936345429894982,0.19344286068112837
6227.0,0.1291418289563336,0.6126789697460605,0.258179201297606
5641.0,0.05568774266139049,0.8702600963975955,0.07405216094101406
6407.0,0.004034055808115594,0.19674047977209952,0.7992254644197848
6164.0,0.8000994801303493,0.1921966065209322,0.007703913348718513
5914.0,0.6600734301335995,0.31625756269766486,0.023669007168735615
6706.0,0.5835635221494708,0.4135722118254715,0.0028642660250576546
5436.0,0.43020801949229837,0.4856807902575727,0.0841111902501289
5032.0,0.02279505257831637,0.6002195605969333,0.3769853868247503
5167.0,0.06037132315602947,0.6651106822503449,0.27451799459362575
6649.0,0.4510182681280314,0.535258613164555,0.013723118707413566
5879.0,0.7450543426461695,0.2507948739434858,0.004150783410344661
6116.0,0.0014890785022944107,0.1574519635621247,0.8410589579355808
6378.0,0.580777832098867,0.4000223810873094,0.019199786813823432
5329.0,0.12775448315759216,0.8090658304327241,0.06317968640968379
4950.0,0.8563063100988998,0.13210716228868,0.011586527612420289
5862.0,0.7620669001053754,0.2305110159054778,0.007422083989146836
6632.0,0.2804717328378943,0.6266599862809561,0.09286828088114954
6395.0,0.18700820371496285,0.6471607961921956,0.1658310000928416
6133.0,0.009486150114413349,0.4721790606370411,0.5183347892485455
5587.0,0.013963653821103459,0.5959264896984778,0.39010985648041874
4935.0,0.7706822413406439,0.22423286263132422,0.005084896028031843
5312.0,0.3785897584463573,0.6077106356419733,0.013699605911669466
6422.0,0.10512199823475511,0.7957187624385444,0.09915923932670047
5656.0,0.06646540286859906,0.5655418087450879,0.3679927883863131
5899.0,0.04952387205996868,0.7771755460261551,0.17330058191387615
6149.0,0.03879046173043536,0.727106313024968,0.23410322524459665
5421.0,0.7349838571988263,0.26146071314340896,0.003555429657764726
5182.0,0.0455532328049522,0.8348567679331641,0.11958999926188374
5049.0,0.016391857974186335,0.607449252883473,0.3761588891423407
6103.0,0.06569625721507046,0.8092692211114225,0.1250345216735071
6361.0,0.01868322343697294,0.2712947399419937,0.7100220366210334
6602.0,0.881358129683902,0.11774382460275419,8.980457133438262E-4
5828.0,0.5206722800470264,0.4754566926279207,0.0038710273250530053
4965.0,0.46265977596765956,0.5303555725494881,0.006984651482852388
5346.0,0.1575534769937239,0.759799320545184,0.08264720246109213
5617.0,0.49182707073718185,0.5001472186138779,0.008025710648940261
6183.0,0.010720012461256877,0.9001552176098321,0.08912476992891104
5929.0,0.19922682875909353,0.7721147764407232,0.02865839480018331
5690.0,0.06281494431473168,0.7841393117384239,0.15304574394684436
6452.0,0.11964352958827547,0.6133423132685135,0.2670141571432111
5148.0,0.01362223321821359,0.7110927165507421,0.27528505023104427
5019.0,0.2474262588632269,0.5898064532908271,0.16276728784594593
6657.0,0.016207663504866788,0.6137774497224678,0.37001488677266536
5391.0,0.08062287032228467,0.8051602334955612,0.11421689618215423
5944.0,0.37689718603757755,0.5509512134423059,0.07215160052011652
6198.0,0.4570417719816062,0.5402589894428415,0.0026992385755522457
6437.0,0.85835152727609,0.13897501758340966,0.0026734551405004216
5675.0,0.1912343393620418,0.7453042059988337,0.06346145463912457
5002.0,0.03998440886844671,0.7161524623440488,0.24386312878750438
5133.0,0.00814351395261988,0.3432944492719314,0.6485620367754487
5406.0,0.02846268160211236,0.6254147513208647,0.346122567077023
6672.0,0.079112113512004,0.8234974964071932,0.09739039008080265
6344.0,0.4369486361296871,0.48288295113991403,0.0801684127303989
6086.0,0.021944097680642385,0.2558289157914548,0.7222269865279028
5845.0,0.07258014431096681,0.5920424313532819,0.33537742433575124
6619.0,0.04791821992205601,0.26589767661633085,0.6861841034616131
5363.0,0.195606007308566,0.6431633602590685,0.16123063243236546
4980.0,0.2657354306389313,0.6383202766659385,0.09594429269513025
5600.0,0.21302042976664692,0.7107524118249509,0.07622715840840211
5557.0,0.598393269097965,0.388329029869168,0.013277701032866998
5286.0,0.07718646305234284,0.5257247433901484,0.39708879355750876
6542.0,0.8038637071176655,0.19357125404288325,0.0025650388394513487
5760.0,0.027114131036338807,0.6373277363684483,0.3355581325952129
6035.0,0.40821217046755764,0.49042362569621467,0.10136420383622775
6301.0,0.17789593153853872,0.7727976847843845,0.04930638367707686
6725.0,0.46706676092106814,0.466681772859647,0.06625146621928486
5451.0,0.029837145672525756,0.6167565870837544,0.35340626724372004
5208.0,0.08958019644702962,0.7890775564424312,0.12134224711053913
5087.0,0.029672748670248317,0.601816522140731,0.36851072918902067
5758.0,0.1510443448141848,0.7945398012982923,0.05441585388752302
6512.0,0.09880865201329045,0.7316742698610549,0.1695170781256546
6243.0,0.21132258886500607,0.7748955872925958,0.013781823842398221
5997.0,0.007275105028297699,0.15252931104160622,0.8401955839300961
5466.0,0.09559616081840926,0.8597125542049637,0.04469128497662699
6740.0,0.23386916327257945,0.7431905879599322,0.022940248767488406
5070.0,0.4155861887294448,0.5649544101362054,0.01945940113434967
5193.0,0.29726029952763017,0.6886348679478469,0.01410483252452293
6497.0,0.41417251317759457,0.5730309754911928,0.012796511331212599
5743.0,0.6456430805893695,0.350932071951676,0.0034248474589546867
6012.0,0.331947900651153,0.6492220826712197,0.01883001667762733
6258.0,0.028847006515818792,0.7587336293497319,0.21241936413444928
5540.0,0.030457644754936276,0.7106181526488036,0.2589242025962602
5303.0,0.5421859558332686,0.4443450479622016,0.013468996204529817
5777.0,0.9211366372667705,0.07586732548224051,0.0029960372509889614
6559.0,0.012854706809803131,0.35706067397193847,0.6300846192182584
6284.0,0.12082861029465955,0.7812643488730877,0.09790704083225268
6018.0,0.2268458792908576,0.7534947151886026,0.019659405520539745
5100.0,0.7411421504537784,0.2568989261910896,0.0019589233551319946
5227.0,0.019391164596416058,0.3848793384042923,0.5957294969992918
6774.0,0.08630253986695507,0.7333870836625981,0.18031037647044684
5496.0,0.14166455013672044,0.790925197410195,0.0674102524530847
6224.0,0.03200022827114,0.6726927589346738,0.29530701279418625
5982.0,0.8361895566675644,0.15810624227589143,0.005704201056543997
5709.0,0.13347310953855707,0.691291218914417,0.17523567154702588
6467.0,0.07005040133455653,0.8573570796869837,0.07259251897845981
5269.0,0.2198568234949499,0.7013431760234077,0.07880000048164258
6792.0,0.0904251978820746,0.7474960970273148,0.16207870509061062
6048.0,0.6591815068120128,0.333608554099955,0.007209939088032202
6318.0,0.03707718978723753,0.873518983335436,0.08940382687732659
6589.0,0.0865910000259023,0.7791911145093007,0.134217885464797
5811.0,0.4287892494089932,0.5574859578460147,0.013724792744992049
5252.0,0.18014333795462198,0.3834866352659358,0.4363700267794422
5527.0,0.787610831027361,0.21153564743203934,8.535215405997304E-4
6335.0,0.09134284739966952,0.7727253532323299,0.13593179936800046
6065.0,0.031431113264588265,0.7302255612123919,0.23834332552301984
5794.0,0.11769278179013998,0.7143504268750622,0.16795679133479782
6572.0,0.45308561292915145,0.5056583667648376,0.04125602030601101
5242.0,0.010284886061535879,0.5511757340148232,0.438539379923641
5117.0,0.055762647532993634,0.48288992350911764,0.4613474289578887
5481.0,0.029306598543654947,0.577118208030398,0.3935751934259471
5967.0,0.8365228122965297,0.15957019610541903,0.003906991598051219
6209.0,0.0697288887027399,0.8051526232228641,0.12511848807439588
6482.0,0.02823184015127936,0.8435577069773398,0.1282104528713809
5724.0,0.15895320402154156,0.4350304447912237,0.4060163511872347
6648.0,0.05674793872356246,0.8203712742413026,0.12288078703513496
6379.0,0.09622185522689299,0.7072546094589635,0.19652353531414363
6117.0,0.03482745927664518,0.5419210312086471,0.4232515095147076
5571.0,0.3405653602893625,0.6503200241142392,0.009114615596398349
5328.0,0.11619157020045734,0.5183702785623927,0.36543815123714996
4951.0,0.37494254002842997,0.5278622358157942,0.0971952241557758
6406.0,0.06206358593564417,0.491837863665628,0.44609855039872776
5640.0,0.013617453245664076,0.5056705744953908,0.48071197225894524
5915.0,0.29996705679867824,0.6199551483912226,0.08007779481009925
6165.0,0.8113433604418868,0.18482148075192784,0.003835158806185302
5437.0,0.4545110556677182,0.5277618561857644,0.017727088146517387
6707.0,0.06832716655274984,0.7558715365122217,0.17580129693502844
5033.0,0.6907809725367253,0.28928975336291474,0.019929274100360002
5166.0,0.0409631061443021,0.6933616516869742,0.2656752421687237
5657.0,0.9134804789684797,0.08540410470194386,0.0011154163295764308
6148.0,0.007587712440425002,0.3645727200877731,0.6278395674718018
5898.0,0.0011202854481935777,0.3030286641004002,0.6958510504514063
6690.0,0.13184993735176645,0.7939232971318433,0.07422676551639024
5420.0,0.7917847026850688,0.20387785175821976,0.004337445556711334
5183.0,0.5268703688440133,0.4637425563226639,0.009387074833322984
5048.0,0.057510564301523556,0.777282739384982,0.16520669631349447
6633.0,0.02583186974297408,0.5674305987250348,0.4067375315319911
5863.0,0.33195588208514687,0.6215945282486405,0.046449589666212605
6132.0,0.019845303550629096,0.5317916307531079,0.448363065696263
6394.0,0.04581933979526103,0.8112641862123539,0.14291647399238502
5586.0,0.08038257092887288,0.8413096239314521,0.07830780513967495
4934.0,0.03589475176290197,0.5655055090406291,0.39859973919646874
5313.0,0.0483050561324398,0.827013243213773,0.1246817006537872
5928.0,0.6664479457286488,0.32970781256911313,0.003844241702238149
6182.0,0.283574461202813,0.6155145434892477,0.10091099530793918
6453.0,0.928877670244575,0.07036543104966206,7.568987057629946E-4
5691.0,0.034892828122883475,0.47145989311997644,0.4936472787571401
5149.0,0.05720604459604121,0.8406070804020016,0.10218687500195722
5018.0,0.34447823072881173,0.5959265962066119,0.059595173064576415
5390.0,0.09279365568191872,0.7900500421695557,0.11715630214852565
6656.0,0.5361081229309758,0.45048514282502106,0.013406734244003175
6360.0,0.029844361712950882,0.802514249052467,0.16764138923458208
6102.0,0.23875039240476462,0.6447024472865592,0.11654716030867611
5829.0,0.029773255211349887,0.5402264436662546,0.4300003011223955
6603.0,0.3918603496137189,0.5829618761455932,0.025177774240687824
4964.0,0.10339926913274831,0.5959448871137311,0.3006558437535206
5347.0,0.007789916712606409,0.42335586093854194,0.5688542223488515
5616.0,0.014459046246401784,0.5607087842041184,0.4248321695494798
6087.0,0.016944352477177724,0.5839338493928529,0.3991217981299695
6345.0,0.38943081525052653,0.4831587080433631,0.1274104767061103
5844.0,0.0018463585327723852,0.3668092963692042,0.6313443450980235
5362.0,0.9391070712568457,0.059088910397157156,0.0018040183459971885
4981.0,0.1165887853623586,0.7559635701830333,0.12744764445460802
5601.0,0.06023919891447691,0.8465534192061344,0.09320738187938872
5945.0,0.22534540860500069,0.7070035108040109,0.0676510805909884
5674.0,0.0888167781504564,0.549316565801881,0.3618666560476625
6436.0,0.12223938017116275,0.8117881652299324,0.06597245459890509
5003.0,0.5533378513859162,0.438826092111162,0.00783605650292169
5132.0,0.1930853373320505,0.700350826752804,0.1065638359151454
6673.0,0.05615013665201579,0.784186841453392,0.1596630218945923
5407.0,0.3847960235027964,0.6066621592260868,0.00854181727111682
5450.0,0.018828743538140316,0.5342539200771926,0.44691733638466713
6724.0,0.2031041400655834,0.7610751894717629,0.035820670462653595
5209.0,0.017754165035401077,0.42106390488315154,0.5611819300814473
5086.0,0.0731401292336639,0.8006964254661905,0.1261634453001455
6513.0,0.8831193279283934,0.11310496175503384,0.003775710316572874
5759.0,0.045947887728832126,0.8511639102271732,0.1028882020439948
5996.0,0.47680221354050834,0.5142620918630054,0.008935694596486226
6242.0,0.05254437016043169,0.588589267507837,0.3588663623317313
5556.0,0.7619219515967356,0.23713145599496044,9.465924083039491E-4
5287.0,0.5703604436594013,0.41758272578878375,0.012056830551814843
5761.0,0.6813627692241443,0.31810720874399656,5.300220318592283E-4
6543.0,0.3663233310452793,0.5104809712706416,0.12319569768407918
6300.0,0.2928438960427798,0.6534502698720192,0.053705834085201035
6034.0,0.7989822272348779,0.1983597975572465,0.002657975207875627
5541.0,0.0258559366592826,0.6528867509678105,0.32125731237290694
5302.0,0.0295384419068895,0.5451417087570656,0.4253198493360449
6558.0,0.09323524183451688,0.7117639598641223,0.19500079830136086
5776.0,0.2931905574319439,0.6867860752681837,0.02002336729987252
6019.0,0.6824445468729204,0.30926091876524586,0.008294534361833682
6285.0,0.6363600959186195,0.3557453980948269,0.007894505986553592
5467.0,0.566597619834292,0.43093985631264126,0.002462523853066774
5071.0,0.3863048435139799,0.5657150536035428,0.04798010288247727
5192.0,0.2728825824639115,0.7066163197691906,0.020501097766897885
5742.0,0.08637328113711022,0.8389874068041148,0.074639312058775
6259.0,0.10424630685976792,0.7641620257911125,0.1315916673491196
6013.0,0.03261949119968315,0.6614236265465568,0.3059568822537599
5268.0,0.10576349703496,0.8348568814291948,0.059379621535845216
6793.0,0.13314595304081797,0.5072401261003846,0.35961392085879734
5511.0,0.45779125055172604,0.5361529263121066,0.006055823136167193
6319.0,0.8840946391648081,0.11528615974635636,6.192010888353448E-4
5810.0,0.171478900575787,0.7943623570783328,0.03415874234588015
5101.0,0.05945816187196562,0.48273131873232195,0.45781051939571243
5226.0,0.056745188171305375,0.8271028050361525,0.1161520067925421
5497.0,0.21576487208707495,0.6295384074956154,0.15469672041730972
6775.0,0.07838022313031137,0.800246256660513,0.12137352020917572
5983.0,0.21112055049529468,0.6818277822524488,0.10705166725225657
6225.0,0.037601432894097855,0.49740541526395887,0.4649931518419433
6466.0,0.37952046748311175,0.5852986240472804,0.03518090846960773
5708.0,0.07068258583213126,0.6780652094670786,0.2512522047007902
5116.0,0.40630075684061145,0.5847230004648043,0.008976242694584394
6758.0,0.5426452179966764,0.43949109373741413,0.017863688265909457
5480.0,0.0641398386416412,0.8081270953244657,0.12773306603389314
6208.0,0.7745903862827042,0.21729413787834087,0.008115475838955048
5966.0,0.02118495560794841,0.8305375169570933,0.14827752743495826
5725.0,0.021659431957343038,0.40398456041417924,0.5743560076284777
6483.0,0.7467173134503307,0.24837009547450184,0.004912591075167536
5253.0,0.06837004271392683,0.7381694742546355,0.1934604830314376
5526.0,0.06648401994202964,0.752423063233441,0.18109291682452933
6808.0,0.06634643101621442,0.7568743353977715,0.1767792335860141
6064.0,0.07037781102386656,0.813568565093283,0.11605362388285026
6334.0,0.650651294015163,0.34183186919885467,0.007516836785982465
6573.0,0.11106919532504797,0.8574278799850809,0.03150292468987126
5795.0,0.12184484157828346,0.8250894029375945,0.05306575548412212
5400.0,0.43220675148387544,0.5673563260573058,4.369224588188027E-4
6678.0,0.8054743286754205,0.19103068946514323,0.003494981859436362
5004.0,0.06943453695634162,0.770977089248341,0.15958837379531743
5131.0,0.026780153290354193,0.3814946002121867,0.5917252464974591
6435.0,0.03197108843956731,0.7151037864690093,0.25292512509142356
5677.0,0.08116880718869049,0.8687872795978715,0.05004391321343792
5950.0,0.24876881997605435,0.5147156291697332,0.23651555085421244
6192.0,0.31142637102035153,0.5883163716133065,0.10025725736634208
5606.0,0.027101084839060038,0.43250592176434055,0.5403929933965994
5365.0,0.21062005064730982,0.6479284780296691,0.141451471323021
4978.0,0.6681584673323692,0.31563934026770485,0.016202192399925926
5843.0,0.02175532944030951,0.638025680074914,0.3402189904847765
6621.0,0.581463149358099,0.4175265246243115,0.0010103260175895667
6350.0,0.08285549091261087,0.7761872442325625,0.14095726485482665
6080.0,0.08654557724588013,0.8484484926183471,0.06500593013577269
5623.0,0.02316088737226677,0.6476356689505608,0.32920344367717236
4963.0,0.9167323862230903,0.08236194550149416,9.05668275415438E-4
5348.0,0.12980824707020594,0.6964671117335118,0.17372464119628223
6604.0,0.5064585292464391,0.4863174533433614,0.007224017410199486
5826.0,0.0673051409469144,0.5378083644069107,0.39488649464617487
6097.0,0.18034697214393067,0.6887861491436529,0.13086687871241634
6367.0,0.8740462624579363,0.12392704684322302,0.0020266906988407533
5385.0,0.01824940120419784,0.6027376611038184,0.37901293769198385
5146.0,0.09679032116306388,0.6867846952666322,0.21642498357030387
5021.0,0.15374362030326602,0.7475691211263242,0.09868725857040964
5692.0,0.14971681161326325,0.45810271110563305,0.3921804772811038
6450.0,0.4110688745370391,0.5557099934032032,0.03322113205975787
6177.0,0.13898888913473378,0.704113185971067,0.15689792489419918
5935.0,0.02545693302959398,0.645922466660424,0.328620600309982
4929.0,0.15626060187149762,0.8180632141338516,0.025676183994650804
5318.0,0.010363196763965006,0.6573181784783333,0.3323186247577018
5589.0,0.8968742679315509,0.09916425132355049,0.003961480744898637
6131.0,0.04424979287817897,0.5721317210831471,0.3836184860386739
5856.0,0.2324726007880363,0.7250120614605049,0.04251533775145884
6638.0,0.4652170794050084,0.4861979504075885,0.048584970187403126
5176.0,0.4497515816052254,0.5459744592095663,0.004273959185208291
5055.0,0.04226611199571482,0.7433498083191399,0.21438407968514525
5419.0,0.022951737960406723,0.4756017304078695,0.5014465316317237
6693.0,0.04173120122378563,0.741004969081931,0.21726382969428332
5901.0,0.47327981046187956,0.5233944106412333,0.0033257788968872526
6147.0,0.07345787876996288,0.7177224530313291,0.20881966819870806
6416.0,0.007347284363202062,0.29790006413397646,0.6947526515028215
5662.0,0.30969863547453474,0.6787845320956739,0.011516832429791415
5038.0,0.84709300597263,0.14883520536414974,0.004071788663220221
5161.0,0.016944053810509396,0.37230426156390833,0.6107516846255823
6708.0,0.8640108089977725,0.13413320161732492,0.0018559893849025627
5434.0,0.028467208840789206,0.4826048094912691,0.48892798166794166
6162.0,0.11149344115861547,0.6095239173593389,0.2789826414820457
5916.0,0.08799881948882847,0.6846695433672352,0.22733163714393648
5647.0,0.15683459409490688,0.7069301744175609,0.1362352314875322
6401.0,0.8102737046005939,0.17841025759791862,0.01131603780148749
5335.0,0.10930292044772727,0.7878036204526946,0.1028934590995781
4944.0,0.041097055754016724,0.7137217368772465,0.24518120736873683
5572.0,0.06469513910349192,0.40743706104548993,0.5278677998510182
6114.0,0.0806363040862821,0.5486456465685783,0.3707180493451397
6380.0,0.45602700737008534,0.5270376449238937,0.01693534770602104
6655.0,0.7249851535152002,0.2743383837297093,6.764627550904709E-4
5873.0,0.008555090715998876,0.7606095821496409,0.23083532713436022
5796.0,0.9080293274839267,0.09120929240600487,7.61380110068411E-4
6570.0,0.10294069952267587,0.8443998570855514,0.05265944339177264
6329.0,0.30701678697502305,0.6374885295848833,0.055494683440093735
6071.0,0.9145528727957527,0.08453002209345041,9.171051107968717E-4
5521.0,0.8219605409971751,0.17197405406568356,0.006065404937141357
5250.0,0.04102347488252988,0.6620064040584409,0.29697012105902915
6484.0,0.03985084591630165,0.7895853101612679,0.17056384392243043
5722.0,0.4395316251632034,0.47290089098504395,0.0875674838517525
5961.0,0.0016288978379677779,0.20224026043753005,0.7961308417245021
6215.0,0.047688370873472594,0.7911767193353059,0.16113490979122144
5487.0,0.02864576714814824,0.8133076992286162,0.1580465336232355
6753.0,0.07323956440693241,0.6719652334497125,0.25479520214335516
5244.0,0.07640941803483849,0.8640530240573899,0.05953755790777161
5115.0,0.011083424470930915,0.22155475402110245,0.7673618215079667
5707.0,0.03323181459244997,0.6600375744975762,0.3067306109099739
6469.0,0.2959655703578222,0.672133659115137,0.03190077052704067
6230.0,0.33164508622242367,0.631552109559591,0.03680280421798536
5976.0,0.10332840830981715,0.6859425154482583,0.2107290762419246
6768.0,0.07281726348228869,0.5619982152266626,0.3651845212910488
5502.0,0.3210839668589128,0.6463112171310805,0.03260481601000656
5098.0,0.32742172003271847,0.6607028841584197,0.011875395808862007
5229.0,0.04197691353431439,0.7427815417557013,0.2152415447099843
6587.0,0.11106306365561788,0.8375149083092317,0.05142202803515026
5813.0,0.8782399225622038,0.11598453514961356,0.005775542288182525
6054.0,0.08417343637097519,0.8183015445908696,0.09752501903815526
6312.0,0.016375773121206944,0.6893180291775571,0.29430619770123595
5504.0,0.08254082032656626,0.8044896055402938,0.11296957413314
6798.0,0.20580749815701616,0.7791093639161687,0.015083137926815163
5267.0,0.42018188961088115,0.45843604307022456,0.12138206731889419
6010.0,0.3135390527451941,0.607057868625969,0.07940307862883707
6260.0,0.7521272641818864,0.24747853112753934,3.9420469057434174E-4
6503.0,0.013937791217947486,0.6003039928275996,0.3857582159544529
5737.0,0.8505829340524852,0.14638717232973322,0.0030298936177815417
5064.0,0.01909225293387129,0.5076710127690344,0.4732367342970943
5199.0,0.020910214753844157,0.5237300696253429,0.455359715620813
5468.0,0.7698278231860837,0.21555503550434138,0.01461714130957508
6738.0,0.030925091953852978,0.7013764333299553,0.26769847471619174
6282.0,0.4357323422032923,0.5308748714567961,0.033392786339911454
6020.0,0.031517499349771015,0.8380287589925305,0.13045374165769846
6553.0,0.052893715727482755,0.8081343177537447,0.13897196651877253
5297.0,0.34402260975652793,0.6471604824931517,0.008816907750320315
4918.0,0.19928333075215035,0.7662228475531381,0.03449382169471148
5538.0,0.8167253404699277,0.17725486683888983,0.00601979269118243
6037.0,0.07430357559730838,0.6988436347017,0.22685278970099162
6299.0,0.04572720004636399,0.7232826350753531,0.23099016487828297
6536.0,0.07081575336331372,0.6737393737496499,0.2554448728870365
5766.0,0.9234185954495989,0.0753456774704541,0.001235727079946917
5280.0,0.07927924910083171,0.8030685990147358,0.11765215188443261
5555.0,0.0360632299071792,0.6903727986156354,0.2735639714771854
6245.0,0.07637450999124226,0.6203168192850437,0.30330867072371404
5995.0,0.7951872983687613,0.20050084496709022,0.0043118566641483225
5752.0,0.20816311909611346,0.6019644037050906,0.18987247719879594
6518.0,0.021643579393100312,0.35980537160255166,0.618551049004348
5214.0,0.019385079188526406,0.7222223231688462,0.2583925976426274
5081.0,0.023539807000749778,0.6158287294129285,0.3606314635863217
6723.0,0.798891557124747,0.19760133594163778,0.003507106933615197
5453.0,0.11255389019972742,0.7792594219154992,0.10818668788477331
5607.0,0.12965841746660775,0.8301175795501579,0.04022400298323441
5364.0,0.2703818805378327,0.7075362871320428,0.022081832330124593
4979.0,0.03520861503573732,0.5247317122669197,0.440059672697343
6620.0,0.012882455373577795,0.6197351065198075,0.36738243810661464
5842.0,0.0211770946443828,0.6011695927088173,0.37765331264679985
6081.0,0.08553147959679926,0.8031775720534731,0.11129094834972761
6351.0,0.11281929504054666,0.7998199412317945,0.08736076372765886
6679.0,0.7910643834623309,0.20675625890830243,0.002179357629366787
5401.0,0.05661774612939989,0.7911841956731971,0.15219805819740292
5005.0,0.009907192888641182,0.7547774809837173,0.23531532612764153
5130.0,0.03844656957972103,0.41828047157545384,0.5432729588448251
5676.0,0.07530936492842683,0.8570992106399,0.06759142443167332
6434.0,0.05153892872154147,0.856506575788481,0.09195449548997744
6193.0,0.2849357092423952,0.6369912810477003,0.07807300970990433
5951.0,0.9016536163228267,0.09688411509165634,0.0014622685855169887
5384.0,0.1191895571058198,0.6903336334335763,0.1904768094606038
6662.0,0.13541291791558577,0.8490903799026409,0.015496702181773226
5147.0,0.09896008348303535,0.8534261785780934,0.047613737938871206
5020.0,0.352339281432769,0.6162367270762098,0.03142399149102117
6451.0,0.08261459742761633,0.6354759414819423,0.28190946109044135
5693.0,0.024571790054332618,0.6834335525072833,0.2919946574383841
5934.0,0.261496682624513,0.6936944129290658,0.04480890444642134
6176.0,0.05784974521331916,0.5585857498633314,0.38356450492334937
5622.0,0.17054755025105311,0.7872524235980901,0.04220002615085666
4962.0,0.17144293951014822,0.7772582519372266,0.05129880855262513
5349.0,0.09753017199907164,0.8444630791371454,0.058006748863782896
6605.0,0.05978331592835477,0.79451611074207,0.14570057332957526
6366.0,0.12002201968069486,0.462625335636241,0.41735264468306427
6096.0,0.03091056897837784,0.5584592401675644,0.4106301908540578
5177.0,0.7981040507841151,0.19879600074865209,0.0030999484672328023
5054.0,0.05340986079816571,0.8577671354455899,0.08882300375624433
6692.0,0.5220097852472969,0.4552071675083317,0.022783047244371517
5418.0,0.060330985493102035,0.7014363029376828,0.23823271156921513
6146.0,0.05711123098702387,0.6774419225746859,0.26544684643829025
5900.0,0.7061981811017184,0.29130700967440665,0.002494809223874882
5663.0,0.26072701076963023,0.6839980359778066,0.05527495325256306
6417.0,0.544127878156421,0.4425176349694584,0.013354486874120546
4928.0,0.102105919689963,0.7185096711904809,0.1793844091195561
5319.0,0.14050282198486116,0.8156012582607779,0.04389591975436095
5588.0,0.022200252848085113,0.5454444121954809,0.4323553349564339
6130.0,0.008081657868573396,0.35514760778895843,0.6367707343424681
6396.0,0.7221343882435736,0.2715704670641732,0.006295144692253254
