6393.0,0.028196885807549556,0.8279789484158467,0.1438241657766035
6135.0,0.01799050351388201,0.51023527145104,0.4717742250350781
5860.0,1.9576689511944297E-7,0.22194302741433836,0.7780567768187666
6634.0,0.619815225662913,0.379310709108003,8.740652290840493E-4
4933.0,7.522467004915671E-4,0.678383071376056,0.3208646819234524
5585.0,0.09724028012894782,0.8536095460000155,0.04915017387103664
5897.0,0.27684702834330555,0.5207434824984547,0.2024094891582399
6151.0,2.127165559395339E-6,0.020084393929607026,0.9799134789048337
6420.0,0.9683462442382531,0.03163242667766835,2.132908407858674E-5
5658.0,0.9926744923015117,0.007323851932008665,1.6557664795361568E-6
5180.0,0.9993173679957333,6.821297221888737E-4,5.02282077780052E-7
5051.0,1.3722465887418984E-6,0.06742809580597287,0.9325705319474384
5423.0,0.012538330049325492,0.187767126935481,0.7996945430151935
6689.0,0.38309924914582527,0.6105304140493225,0.006370336804852236
6166.0,0.004253224905036889,0.706070182726003,0.2896765923689601
5912.0,0.0717136757203739,0.9080403769796271,0.020245947299998988
5643.0,1.875973362534213E-5,0.03788086466845079,0.9621003755979238
6405.0,8.215164743749004E-8,0.013404947990978225,0.9865949698573744
5034.0,0.0111351608196488,0.8709099511695226,0.11795488801082846
5165.0,0.2114635560189949,0.7568301013935229,0.03170634258748227
6704.0,0.02923251770523893,0.6078429412049037,0.36292454108985733
5438.0,0.8236027371883089,0.17617727415207068,2.199886596205098E-4
6118.0,3.374865937302244E-5,0.015221846234141002,0.9847444051064859
6376.0,0.00430487927076709,0.6788036695157906,0.31689145121344225
6651.0,0.013205278263059126,0.9813136276730928,0.005481094063848
5877.0,6.412073387979472E-4,0.1870294557278225,0.8123293369333795
5331.0,0.2934290562334529,0.689306133958111,0.017264809808436043
4948.0,0.015150254269734506,0.7041705154540334,0.28067923027623215
5568.0,1.1408216713112191E-4,0.6733525869536395,0.32653333087922937
5673.0,0.0038081612474571516,0.9818630257565779,0.014328812995964856
5946.0,0.8450241185477692,0.15417929221721446,7.96589235016361E-4
6196.0,0.09393328420553562,0.8910674466175592,0.014999269176905144
5404.0,6.391129040768099E-4,0.38424244309872985,0.6151184439971933
5000.0,0.00598286433499146,0.85530610348134,0.13871103218366845
5135.0,1.4017038543872093E-4,0.22506003928394508,0.7747997903306162
5847.0,0.01901077273452926,0.9280497331921016,0.052939494073369134
6617.0,0.08335925386222309,0.914253905461559,0.0023868406762179786
6346.0,0.03309325343042541,0.8649927143674678,0.10191403220210678
6084.0,0.6706518102223642,0.3172494623423149,0.012098727435320963
5602.0,0.8871325561303663,0.11137695502478483,0.0014904888448487102
5361.0,0.6663960777849925,0.3331649599419542,4.3896227305333655E-4
4982.0,0.06324389823987385,0.9253859451331403,0.011370156626985692
6600.0,0.5514972418809249,0.4480521144167326,4.506437023427222E-4
5830.0,0.028079086199613856,0.6639771727257212,0.30794374107466504
6101.0,0.6692050245988377,0.3284045945136917,0.0023903808874705126
6363.0,1.1020448534528505E-7,0.05042070453891823,0.9495791852565963
5619.0,0.05275430245843257,0.9388365510055283,0.008409146536039051
4967.0,0.5879603116176207,0.4101670729363479,0.0018726154460312265
5344.0,0.00930679114502754,0.9738099287118621,0.016883280143110465
5688.0,1.4043653972129478E-4,0.3171716631629226,0.682687900297356
6454.0,0.48719625142292733,0.4958884023458993,0.016915346231173363
6181.0,0.9829301262245329,0.017064005272672413,5.86850279473644E-6
5931.0,0.022734876169944133,0.688875413049998,0.288389710780058
6659.0,3.691389067262308E-7,0.012176391844953359,0.98782323901614
5389.0,6.316842423642069E-4,0.7409178923333845,0.2584504234242513
5150.0,0.4206964677992877,0.5786265346653341,6.769975353781401E-4
5017.0,0.9997522366588477,2.474077504118081E-4,3.555907405486287E-7
5068.0,0.04948251798546209,0.9040347779185537,0.046482704095984206
5195.0,4.477730894732475E-4,0.5225931732854914,0.47695905362503527
5464.0,0.20740680788414909,0.7822952070193462,0.010297985096504758
6742.0,0.004000450452224624,0.990388815572844,0.005610733974931391
6014.0,1.1314115826846518E-6,0.22348616804285032,0.776512700545567
6256.0,0.9844244112675278,0.015344109824017599,2.3147890845463766E-4
6499.0,0.1072590239355142,0.42214898050996813,0.47059199555451775
5741.0,5.930246398950669E-5,0.8872244825731644,0.1127162149628462
5301.0,0.05917038209281051,0.9260090317008791,0.01482058620631043
5542.0,0.328340414262015,0.6714047902993371,2.5479543864780606E-4
6286.0,0.30036704538134124,0.6982497007344033,0.0013832538842554003
6016.0,0.35964327788567496,0.5466141890753655,0.0937425330389595
5779.0,0.0266070450578142,0.9711120679057492,0.0022808870364364672
6557.0,1.5288326883385543E-6,0.0024375431226005277,0.9975609280447112
5284.0,0.9249414153446447,0.07490374839909068,1.5483625626461773E-4
5559.0,2.151601735811727E-6,0.02177393349906548,0.9782239148991987
6033.0,0.09720088980101531,0.8706089140889687,0.03219019611001603
6303.0,0.8954102312572771,0.10409187171369572,4.978970290270537E-4
6540.0,0.1369789261097132,0.8495089430649211,0.013512130825365632
5762.0,2.155228699238091E-4,0.5532040633576134,0.44658041377246294
5210.0,0.03899690387290952,0.9415178525012512,0.019485243625839248
5085.0,0.9164784574110787,0.08336802465157597,1.5351793734524302E-4
6727.0,0.25402887378701167,0.7400587859119517,0.0059123403010366265
5449.0,0.10228605762353009,0.8262996766902234,0.07141426568624645
6241.0,0.9049965705776644,0.09488678139279312,1.1664802954254567E-4
5999.0,9.761748956252966E-5,0.7677993303152068,0.23210305219523078
5756.0,0.15969303191432507,0.786030999450329,0.054275968635345936
6514.0,0.0275256867176997,0.9087095894610272,0.06376472382127314
5254.0,0.7404487427484558,0.2591835184832259,3.6773876831817584E-4
5792.0,1.0684493478904235E-9,7.869269088508691E-4,0.9992130720226997
6574.0,0.05103634110732331,0.8736681528483613,0.07529550604431542
6333.0,9.542437626342977E-6,0.3147434546948653,0.6852470028675084
6067.0,0.02378184381627035,0.9555784870451158,0.02063966913861379
5483.0,0.03972154297999283,0.898496163486939,0.06178229353306827
6757.0,0.21835813125521303,0.7626003492181491,0.019041519526638045
5240.0,0.8519584192986478,0.14802949886886593,1.2081832486253008E-5
5119.0,0.004947889000378752,0.6819603822666448,0.31309172873297647
6480.0,0.009980155924163462,0.970653858529526,0.019365985546310516
5726.0,1.0777312800469788E-4,0.471986986634658,0.5279052402373374
5965.0,0.1223746095616032,0.7387339605141379,0.13889142992425896
6772.0,0.1775457751368232,0.8048437721320845,0.01761045273109238
5498.0,0.017805322447168974,0.9728261462725993,0.009368531280231728
5102.0,1.1364455414134262E-5,0.46861961930912005,0.5313690162354658
5225.0,0.06654865368775521,0.6766575521924455,0.25679379411979925
5711.0,0.36421570501683836,0.6177101684340346,0.018074126549127194
6465.0,0.8259503418470469,0.15715004180890646,0.016899616344046783
6226.0,0.08277023382803977,0.8870638673358391,0.0301658988361212
5980.0,0.3429214776235696,0.6230563813003446,0.03402214107608583
5508.0,0.751484486485431,0.16975142707230356,0.0787640864422654
6794.0,0.11744433901841946,0.8430565898502423,0.03949907113133804
5271.0,0.13911588482834814,0.8394605396100278,0.02142357556162421
6591.0,0.018301322014977955,0.8950719865840389,0.0866266914009832
5809.0,9.929772795935826E-5,0.8398155587405409,0.16008514353149964
6050.0,0.04975097143231798,0.9271192829032966,0.02312974566438545
6316.0,1.1183453795169164E-5,0.4834217892670078,0.516567027279197
6150.0,0.24239527720892037,0.7542699790379568,0.003334743753122863
5896.0,0.028889043813074496,0.8684441592196558,0.1026667969672696
5659.0,3.3206604090455725E-5,0.19987489306703785,0.8000919003288717
6421.0,0.005313707827933558,0.9835279480178791,0.011158344154187257
5181.0,0.6666666666666666,0.2222222222222222,0.1111111111111111
5050.0,1.1631578756175547E-7,0.0413431909435316,0.9586566927406809
6688.0,0.11227030648837812,0.8775977806206582,0.010131912890963692
5422.0,0.17716885106942812,0.8220776281516518,7.535207789202121E-4
6134.0,0.0012778996727537079,0.18360224701410188,0.8151198533131444
6392.0,0.005628843741569749,0.6943597239191859,0.3000114323392444
6635.0,0.5454110606556098,0.4541702739578684,4.1866538652185936E-4
5861.0,6.234546094733349E-4,0.9636101456692946,0.035766399721232155
4932.0,3.9770839211985615E-4,0.6924810425525765,0.3071212490553035
5315.0,0.4230736334854037,0.569789630224053,0.007136736290543203
6377.0,0.09077592658593735,0.9057563464574157,0.0034677269566469513
6119.0,0.20841898923447266,0.7881891374081502,0.003391873357377068
5876.0,4.135406872124109E-6,0.06478306663746942,0.9352127979556584
6650.0,3.158531768750101E-6,0.07078925147260959,0.9292075899956216
5330.0,4.978828304618873E-5,0.3079116750684276,0.6920385366485262
4949.0,0.7038182044437802,0.29605744785481825,1.243477014016191E-4
5569.0,0.0684692214017813,0.9127666054600136,0.018764173138205054
5913.0,0.10795430830845529,0.7551949839126963,0.1368507077788484
6167.0,3.2600888483442234E-5,0.03335989306693441,0.9666075060445821
6404.0,6.29608694926152E-4,0.9116530758862925,0.08771731541878128
5642.0,0.566713359047263,0.2983378314101083,0.13494880954262858
5035.0,1.3077087504825896E-6,0.05146406399825602,0.9485346282929935
5164.0,0.04485560510798515,0.8796239252618735,0.0755204696301414
5439.0,1.0383344363315433E-4,0.8360589893142228,0.16383717724214403
6616.0,0.0043849342379080735,0.6671021515016651,0.3285129142604268
5846.0,0.9417070261593473,0.058069267724247024,2.2370611640565175E-4
6085.0,4.1643468522697816E-4,0.5944114399875026,0.4051721253272704
6347.0,0.9796169333359096,0.020361154511452123,2.1912152638314253E-5
5603.0,0.0392802056559846,0.8463818150745628,0.11433797926945245
5360.0,6.677178000728639E-4,0.9217438739115319,0.07758840828839529
4983.0,6.713342888296458E-4,0.33626507127684296,0.6630635944343274
5672.0,0.7387314470084034,0.26123926790077895,2.9285090817644605E-5
6438.0,0.0033674984679759883,0.9789434304904736,0.0176890710415504
6197.0,0.49768845504338455,0.48855461606202394,0.013756928894591488
5947.0,0.005546122927519141,0.9718741287574334,0.022579748315047665
6675.0,2.5474688196172596E-4,0.6568769748066192,0.34286827831141914
5405.0,7.44348367256546E-4,0.4482772190405597,0.5509784325921836
5001.0,0.005241462286808947,0.912670590046154,0.08208794766703695
5134.0,0.99932021474289,6.714343365903072E-4,8.350920519625898E-6
5689.0,1.3408303453414107E-4,0.8090655646282627,0.19080035233720327
5930.0,0.3129616399677432,0.68248852463141,0.004549835400846785
6180.0,8.013564330456662E-6,0.3108667438959452,0.6891252425397244
5388.0,0.44370878573757594,0.5521805646947004,0.004110649567723505
5151.0,0.12,0.72,0.16
5016.0,5.357929777283087E-4,0.43616066102608886,0.5633035459961829
5831.0,2.49966372432132E-4,0.5168306320228158,0.48291940160475205
6601.0,0.9966529551018178,0.003346331334741425,7.135634407746147E-7
6362.0,0.04269644619901462,0.8069379323707102,0.15036562143027513
6100.0,0.9467015131630502,0.052297392737877785,0.001001094099072104
5618.0,4.7417688535392896E-5,0.12945216511193208,0.8705004171995324
4966.0,0.1857478287976777,0.8099753300275653,0.004276841174756975
5345.0,0.3702342510002704,0.614272182515671,0.015493566484058807
5300.0,0.3593267520005002,0.637232345355281,0.00344090264421885
5543.0,0.7079826105283968,0.25661630597007284,0.03540108350153036
6017.0,0.0050954252559800815,0.9940912727846521,8.133019593677058E-4
6287.0,0.9544119934955532,0.04553741960049331,5.058690395336778E-5
6556.0,0.32747271712777876,0.4743487001130212,0.19817858275919983
5778.0,0.027270563875022896,0.8254259851618702,0.14730345096310696
5069.0,6.49816415185417E-5,0.28338752428601566,0.7165474940724658
5194.0,0.056202281916192635,0.8090088930276255,0.13478882505618198
6743.0,0.10448569278702709,0.8825954053850573,0.012918901827915616
5465.0,0.9211888161457391,0.07879483975546152,1.6344098799415245E-5
6257.0,0.001310143111507017,0.9547068936307879,0.0439829632577051
6015.0,0.6765355769626299,0.32279248605538774,6.719369819822825E-4
6498.0,0.07464360924592131,0.4395951303713805,0.4857612603826982
5211.0,3.581061882556721E-5,0.25564689026973153,0.7443172991114428
5084.0,0.006523194052573811,0.5644533192113317,0.42902348673609453
5448.0,1.0665822662239829E-5,0.0340104519472388,0.9659788822300991
6726.0,5.219611652180104E-5,0.8266180725109554,0.17332973137252286
5998.0,0.22046776169483573,0.7751377987095803,0.00439443959558383
6240.0,2.3044711952079043E-5,0.38001946265831804,0.6199574926297298
6515.0,0.1688110484080305,0.8290774018644643,0.002111549727505159
5757.0,0.45665132950810644,0.5413738599865764,0.0019748105053170656
5285.0,4.140139221071142E-4,0.02432922746334106,0.9752567586145519
5558.0,0.058823529411764705,0.29411764705882354,0.6470588235294118
6032.0,0.5922674115168532,0.40661551573109267,0.0011170727520541353
5763.0,0.0583715742525173,0.900994015223104,0.04063441052437863
6541.0,0.15324095787631464,0.8343368813184843,0.012422160805201147
5482.0,0.3303520149320744,0.6648906413030706,0.0047573437648549535
5241.0,0.03431670474723649,0.9581880793864275,0.007495215866336023
5118.0,0.9447480730961215,0.055119570873322594,1.323560305559698E-4
6481.0,0.0016540239430703726,0.410489123508551,0.5878568525483787
6210.0,0.003420451773535994,0.9497789400139925,0.046800608212471506
5964.0,0.9992154004918077,7.845820471534038E-4,1.7461038894883035E-8
5524.0,0.8280957664649604,0.17135319302848045,5.510405065590722E-4
5255.0,0.7664401099801702,0.23205472752980866,0.0015051624900210684
6575.0,0.5481164164398787,0.43799531634160693,0.013888267218514294
6066.0,0.001691071886660033,0.7328413850595182,0.26546754305382164
6332.0,0.02055405012705559,0.9609570085133543,0.01848894135959017
6795.0,0.4044443969726335,0.5701131965623599,0.02544240646500656
5509.0,0.022488915333355647,0.8653315562550012,0.11217952841164312
5270.0,0.2489444950348645,0.7505067426515957,5.487623135397191E-4
5808.0,0.10882121302374004,0.790015703676176,0.10116308330008399
6317.0,0.09368855289648578,0.8880588540113704,0.01825259309214376
6051.0,0.030999510087915717,0.8996826013501849,0.0693178885618994
5499.0,0.006172978818111001,0.87888763445077,0.11493938673111907
6773.0,0.011417426257934998,0.7911986205325977,0.19738395320946722
5103.0,7.256585400290674E-4,0.811186071320471,0.18808827013949989
5224.0,0.010778780594859056,0.5155449159605467,0.47367630344459427
6464.0,0.9500793722981052,0.048992670581474676,9.279571204201805E-4
5710.0,0.003975170140663686,0.8044570652251787,0.19156776463415767
5981.0,0.02606806661839247,0.837074583635047,0.13685734974656047
6227.0,0.033438514045773686,0.7185487145345792,0.2480127714196472
5641.0,0.03907315557401991,0.950614707332878,0.010312137093102223
6407.0,1.192938375182681E-5,0.07406836216098697,0.9259197084552613
6164.0,0.7444129148592289,0.25427207303877486,0.001315012101996362
5914.0,0.21938049300926268,0.7730103771045812,0.007609129886156013
6706.0,0.7404487427484558,0.2591835184832259,3.6773876831817584E-4
5436.0,8.773481215482466E-4,0.43856101302848854,0.5605616388499632
5032.0,0.08115346195473755,0.16158735385321552,0.757259184192047
5167.0,0.002336343649927016,0.7492665081983562,0.2483971481517169
6649.0,0.9896966965596236,0.010303275502466763,2.7937909703974872E-8
5879.0,0.7844475968786048,0.21448346827478498,0.0010689348466102822
6116.0,6.875894523697244E-10,8.704199368993721E-5,0.9999129573187205
6378.0,0.3337006575156512,0.6618961843642952,0.004403158120053659
5329.0,0.8197914883600917,0.18016765603401957,4.0855605888715624E-5
4950.0,0.9335561063835268,0.06608946033301263,3.54433283460497E-4
5862.0,0.7505716096128676,0.21130431782675754,0.03812407256037481
6632.0,0.14480449774089424,0.8472827402586276,0.007912762000478099
6395.0,0.08521875210598441,0.8860226862278603,0.028758561666155463
6133.0,4.8499895813278263E-5,0.1787197365762422,0.8212317635279446
5587.0,6.993639685025425E-5,0.5664809032135266,0.4334491603896232
4935.0,0.837005126434953,0.1628203951155308,1.7447844951638174E-4
5312.0,0.28719314827970605,0.705792448955157,0.007014402765136894
6422.0,0.09044752139389196,0.8975176222866303,0.01203485631947774
5656.0,8.677574951248744E-6,0.7684463523856452,0.23154497003940347
5899.0,0.017260310028509303,0.9669027766707238,0.015836913300766947
6149.0,0.005046340263582376,0.9557295716658952,0.03922408807052244
5421.0,0.9679553526658435,0.03190020719114884,1.4444014300754468E-4
5182.0,0.012458198433745177,0.9650788201310604,0.022462981435194557
5049.0,2.0145035454619483E-4,0.4633079546826008,0.536490594962853
6103.0,0.005187700582358006,0.7364060276213636,0.2584062717962783
6361.0,0.004038546311409384,0.8055921846103227,0.19036926907826793
6602.0,0.9914312565626878,0.008567895827219153,8.476100930413584E-7
5828.0,0.9960227661010864,0.003955226099498858,2.2007799414804794E-5
4965.0,0.8837184778317155,0.11596108059490075,3.2044157338381827E-4
5346.0,0.019935178748159338,0.4724874115442094,0.5075774097076312
5617.0,0.36356003786740954,0.626682153035395,0.009757809097195385
6183.0,0.00377967373706162,0.8024671254953029,0.19375320076763555
5929.0,0.019972708482971863,0.79608014497929,0.18394714653773803
5690.0,0.003068371226178909,0.6720607899492963,0.3248708388245248
6452.0,0.01427149498393036,0.5112711137786529,0.47445739123741676
5148.0,5.56351455273651E-5,0.08325123674243051,0.9166931281120422
5019.0,0.019524493660712735,0.9740185137513978,0.006456992587889422
6657.0,3.913080753203958E-6,0.03790636706804023,0.9620897198512066
5391.0,2.3039716866884852E-4,0.5769269821888466,0.4228426206424846
5944.0,0.0010677752371432336,0.9562960644148445,0.04263616034801221
6198.0,0.6579708073097374,0.28587608197658787,0.056153110713674584
6437.0,0.9885287705813787,0.011469403366636462,1.8260519848666787E-6
5675.0,0.005230523929330907,0.5435113660787882,0.45125810999188076
5002.0,0.050828689962289036,0.8337445499910985,0.11542676004661238
5133.0,3.0429624113443706E-8,1.8455216338039327E-4,0.9998154174069955
5406.0,1.6454255190893125E-5,0.18900988103853372,0.8109736647062754
6672.0,5.739869195554383E-5,0.29466100559159564,0.7052815957164489
6344.0,0.8153800410530198,0.1701854395436471,0.014434519403333219
6086.0,1.2798935181981407E-4,0.019885097803732932,0.9799869128444473
5845.0,0.023725862972542686,0.7794823391879991,0.19679179783945805
6619.0,1.36650441258201E-8,9.853171581972549E-4,0.9990146691767586
5363.0,4.460844560852051E-4,0.9838086136190543,0.01574530192486057
4980.0,0.13117317341693643,0.8476872779564552,0.021139548626608485
5600.0,0.2807365904068465,0.6963298082939375,0.022933601299215893
5557.0,0.810244630783686,0.18376757645325248,0.005987792763061418
5286.0,3.283930362117513E-5,0.031395149182152256,0.9685720115142264
6542.0,0.9316014381066429,0.06839297925181623,5.582641540933847E-6
5760.0,0.008404505215120857,0.9511231860562028,0.04047230872867638
6035.0,0.8050095249195603,0.18668115070534522,0.00830932437509449
6301.0,0.004630698604405322,0.6613483439573846,0.33402095743821003
6725.0,0.1876230252269488,0.8010907359005909,0.011286238872460434
5451.0,1.3839334508516772E-4,0.5230063885735398,0.476855218081375
5208.0,0.056069276906562236,0.8878614461868753,0.056069276906562236
5087.0,0.05492098263182601,0.879987482397121,0.06509153497105304
5758.0,0.09741543778388237,0.8727096025770827,0.029874959639034835
6512.0,0.0010953753111990693,0.5325229908955311,0.4663816337932698
6243.0,0.09361486945726334,0.9049204743876573,0.0014646561550792601
5997.0,2.1072776938747323E-7,0.01392622023976819,0.9860735690324625
5466.0,0.11143513556701534,0.8811712810404463,0.007393583392538321
6740.0,0.3429214776235696,0.6230563813003446,0.03402214107608583
5070.0,0.4382369428269882,0.5187594277395695,0.043003629433442374
5193.0,0.5879603116176207,0.4101670729363479,0.0018726154460312265
6497.0,0.8751919403609997,0.12433630159478172,4.717580442186316E-4
5743.0,0.8212515852649904,0.1782006360641659,5.477786708435697E-4
6012.0,0.9145814683971006,0.0833850710386313,0.002033460564267985
6258.0,3.696981153475886E-5,0.5542011159219475,0.4457619142665176
5540.0,9.13948168097958E-4,0.4101156565896145,0.5889703952422874
5303.0,0.024649290573264163,0.9425855075029766,0.032765201923759146
5777.0,0.9952768447053101,0.004700406563121237,2.2748731568666458E-5
6559.0,1.3512758370592534E-5,0.03323514102918089,0.9667513462124485
6284.0,0.12213052899406486,0.8356698104138812,0.04219966059205384
6018.0,0.8257592430523025,0.17402252439692986,2.1823255076763596E-4
5100.0,0.9841440359998471,0.01584312960989103,1.283439026184643E-5
5227.0,0.0032384386496482243,0.9171321652076864,0.07962939614266532
6774.0,0.0012819298900341367,0.5403845846905775,0.4583334854193884
5496.0,0.1442762703394667,0.8524305940179883,0.003293135642545095
6224.0,0.058823529411764705,0.29411764705882354,0.6470588235294118
5982.0,0.9145485353005378,0.08528499473106609,1.664699683960138E-4
5709.0,0.24382491625417999,0.7462585748167909,0.009916508929029073
6467.0,0.07514787872112921,0.8980855253276646,0.026766595951206156
5269.0,0.06994213098880915,0.5259247687463792,0.40413310026481153
6792.0,0.025075550141022723,0.9627486280574613,0.012175821801515989
6048.0,0.9743787819701817,0.02557096406913017,5.025396068823587E-5
6318.0,4.7384368010036464E-4,0.9833819518013688,0.016144204518530877
6589.0,0.0015090855557504577,0.9223984384448195,0.07609247599943013
5811.0,0.020608367877958014,0.9671389801578113,0.012252651964230657
5252.0,0.010195784139131883,0.7211648834236757,0.2686393324371924
5527.0,0.9997288224851324,2.711716853887399E-4,5.829478892160844E-9
6335.0,0.2951118848968212,0.698484239018967,0.006403876084211859
6065.0,0.003928125515171965,0.9484050433898663,0.04766683109496178
5794.0,0.022881128501043256,0.8790617592455383,0.09805711225341845
6572.0,0.6268880548716234,0.3705615575916385,0.0025503875367381477
5242.0,1.1582922693137578E-4,0.07936033379451307,0.9205238369785556
5117.0,1.7587141762635277E-5,0.738716913979058,0.2612654988791795
5481.0,4.431675938668007E-5,0.18041661515239613,0.8195390680882172
5967.0,0.8395925529214209,0.15980322803353206,6.042190450470062E-4
6209.0,0.04156023969817127,0.9518836560156142,0.006556104286214518
6482.0,0.017260310028509303,0.9669027766707238,0.015836913300766947
5724.0,0.289952074141128,0.2794202966985163,0.43062762916035574
6648.0,0.007933907895694974,0.940764410751305,0.05130168135300005
6379.0,0.005844590405044423,0.7871938682375773,0.2069615413573782
6117.0,0.0025172425618831926,0.8861310836379463,0.11135167380017047
5571.0,0.1718403587708933,0.8255163747446201,0.002643266484486539
5328.0,4.6782359668609287E-4,0.45693419745451813,0.5425979789487959
4951.0,0.23291641405155988,0.7606535866100008,0.006429999338439474
6406.0,2.8852027531667813E-7,0.00328464531489122,0.9967150661648334
5640.0,0.008785193448847244,0.8403869356816595,0.1508278708694932
5915.0,0.06895317152837514,0.8996692184116815,0.03137761005994332
6165.0,0.9413089890576036,0.05866416521798528,2.684572441119214E-5
5437.0,0.2842996834879072,0.7152190269778477,4.812895342451256E-4
6707.0,0.05492098263182601,0.879987482397121,0.06509153497105304
5033.0,0.05511142421709243,0.8938539109099622,0.05103466487294537
5166.0,0.13239599010051606,0.8628912828460966,0.004712727053387335
5657.0,0.9988168754875205,0.0011798801470144203,3.2443654651265135E-6
6148.0,6.032918869847499E-5,0.057366163754558816,0.9425735070567426
5898.0,3.6899071326983963E-9,0.00311725784778756,0.9968827384623054
6690.0,0.021616280804000965,0.9703998093262133,0.00798390986978578
5420.0,0.6798513922993539,0.3180854477361003,0.0020631599645459897
5183.0,0.9130579167941059,0.07724422429262695,0.009697858913267162
5048.0,0.046098827107084864,0.9145598221340766,0.03934135075883849
6633.0,0.004339912848623506,0.3396065793160709,0.6560535078353056
5863.0,0.4040215730890625,0.5946941119208252,0.0012843149901122027
6132.0,4.891615363419913E-5,0.3724025282140594,0.6275485556323064
6394.0,7.628471261136248E-4,0.6722124606208146,0.3270246922530717
5586.0,0.040828311452883355,0.9486385277138455,0.010533160833271113
4934.0,1.6312259206030134E-4,0.2048521950146035,0.7949846823933362
5313.0,0.00761393819117876,0.9595537138392234,0.03283234796959779
5928.0,0.7315607506813717,0.26833133894879513,1.079103698330635E-4
6182.0,2.623250625645586E-4,0.11172642614308126,0.8880112487943542
6453.0,0.9975917823723109,0.0024067836672452283,1.4339604438925298E-6
5691.0,8.910471585775345E-6,0.014946578462783456,0.9850445110656307
5149.0,0.021613832853025938,0.7802593659942364,0.19812680115273776
5018.0,0.8756910653605425,0.12239049495046263,0.0019184396889948459
5390.0,0.0415947597330675,0.9309618325989215,0.027443407668011
6656.0,0.9487870816428883,0.05116697529990798,4.5943057203723E-5
6360.0,0.004247645262766724,0.9642201127122588,0.031532242024974615
6102.0,0.052852397587310196,0.6245737483989269,0.322573854013763
5829.0,3.8020097764193054E-5,0.15881138183848606,0.8411505980637498
6603.0,0.10092338130573757,0.8422127645464276,0.05686385414783484
4964.0,0.00186449996773694,0.3520587807539926,0.6460767192782705
5347.0,5.245216373906634E-6,0.024907745037353705,0.9750870097462724
5616.0,1.0195549919242447E-4,0.36543999413473865,0.634458050366069
6087.0,0.004355540049169293,0.2864477447027815,0.7091967152480493
6345.0,0.04953648066310724,0.7278210093836024,0.22264250995329038
5844.0,6.568953963556772E-7,0.025686814758761268,0.9743125283458425
5362.0,0.9997276916995967,2.722954528333765E-4,1.2847569950988934E-8
4981.0,1.702874048779845E-5,0.16810588306845564,0.8318770881910564
5601.0,0.002595930500649149,0.953370681507074,0.04403338799227693
5945.0,0.0029153784699779157,0.9887465067995385,0.00833811473048366
5674.0,8.01888034699383E-4,0.08144114503529383,0.9177569669300067
6436.0,0.09455622892662426,0.9044820603953299,9.617106780458382E-4
5003.0,0.17223987537133523,0.827297800270984,4.623243576808431E-4
5132.0,0.4384003695716355,0.500913023733417,0.06068660669494758
6673.0,0.0016850795669897164,0.7833360776116559,0.21497884282135432
5407.0,0.45550011092335285,0.5383324327142754,0.006167456362371812
5450.0,0.0271909183611248,0.6332930607525384,0.3395160208863367
6724.0,0.321015420254726,0.6786059525729803,3.7862717229366754E-4
5209.0,0.0012528866637037009,0.9514790500950491,0.04726806324124719
5086.0,1.9173995005871466E-5,0.21644168516644993,0.7835391408385441
6513.0,0.9868226870544521,0.01311860631113512,5.8706634412820126E-5
5759.0,0.039301383560691454,0.9533454164515744,0.007353199987734106
5996.0,0.46546297427977135,0.46157380062019027,0.07296322510003848
6242.0,1.7063233139278888E-4,0.7186714957128595,0.2811578719557477
5556.0,0.6687380080307525,0.331031874498244,2.3011747100351533E-4
5287.0,0.5688385426323186,0.4309201048845131,2.4135248316831259E-4
5761.0,0.7217274653111045,0.27105123262929903,0.007221302059596456
6543.0,0.030938454618904612,0.8750340098453141,0.09402753553578135
6300.0,0.08021390374331551,0.8663101604278075,0.05347593582887701
6034.0,0.8517729470226946,0.14815206776636028,7.498521094524214E-5
5541.0,0.0013767547344826143,0.8519350399650204,0.146688205300497
5302.0,0.0017894589506831432,0.8036489551126776,0.19456158593663922
6558.0,0.03345321186378469,0.9386267725171015,0.02792001561911378
5776.0,0.0440863602386052,0.865903829547434,0.09000981021396097
6019.0,0.9839682775194739,0.01602840469566021,3.3177848658737766E-6
6285.0,0.7304836348698112,0.26801432277149967,0.0015020423586891856
5467.0,0.48386478269417466,0.5160235814299174,1.1163587590791632E-4
5071.0,0.7217274653111045,0.27105123262929903,0.007221302059596456
5192.0,0.3323019141749138,0.6630297283353593,0.0046683574897270225
5742.0,0.00483380147846227,0.9901205572694294,0.005045641252108366
6259.0,0.01407720088537999,0.8566065078463353,0.1293162912682848
6013.0,4.593375222381095E-4,0.43603171761419773,0.5635089448635642
5268.0,0.016820905211929246,0.8993919267538371,0.08378716803423371
6793.0,0.004495867900629276,0.8533631666200768,0.14214096547929392
5511.0,0.5079061340242077,0.48661477240639117,0.005479093569401072
6319.0,0.9827193049891597,0.017225341574512113,5.5353436328231165E-5
5810.0,0.3096746288516271,0.6898991500856334,4.262210627397009E-4
5101.0,0.06222515565593013,0.7648713505395547,0.1729034938045152
5226.0,0.011494930423591024,0.9829848343116954,0.005520235264713582
5497.0,0.003391771341276855,0.9464115730558202,0.05019665560290287
6775.0,4.995839517472463E-4,0.42294303148425766,0.5765573845639951
5983.0,0.1277525603183709,0.8544568974843482,0.01779054219728107
6225.0,1.279850508841934E-5,0.17938219874161468,0.820605002753297
6466.0,0.25797357286123085,0.737062644009909,0.004963783128860197
5708.0,9.385924002293784E-4,0.4813954555953843,0.5176659520043863
5116.0,0.1719302886079757,0.7931196813627873,0.034950030029237085
6758.0,0.8755044133247382,0.12448418937560106,1.1397299660751888E-5
5480.0,0.0032884553078054396,0.814316811529223,0.18239473316297164
6208.0,0.5466806219476296,0.45296716241977747,3.5221563259296685E-4
5966.0,3.4876414326794574E-4,0.8624327702856622,0.1372184655710698
5725.0,3.2088818974932353E-5,0.10625512413018455,0.8937127870508405
6483.0,0.3429214776235696,0.6230563813003446,0.03402214107608583
5253.0,0.1495581764913073,0.7554226951996277,0.09501912830906509
5526.0,0.006293981469279664,0.641287646653452,0.35241837187726843
6808.0,0.03225403197046154,0.8898466720119452,0.07789929601759318
6064.0,0.012996577572946024,0.9309886007336848,0.05601482169336911
6334.0,0.7734515433019948,0.2260851528623076,4.6330383569757557E-4
6573.0,0.24385556809610795,0.7538656180938711,0.0022788138100208436
5795.0,0.20486204866921515,0.7936055428025687,0.0015324085282161337
5400.0,0.0879525308626626,0.9080226812405121,0.004024787896825317
6678.0,0.6990757983196252,0.29738721456352213,0.0035369871168527906
5004.0,0.04298083564957221,0.9182107720038855,0.0388083923465424
5131.0,2.0903855014938475E-5,0.027560760820370345,0.9724183353246147
6435.0,0.01233404490758514,0.9171147372353532,0.07055121785706157
5677.0,0.13394332962500174,0.8566429195330078,0.009413750841990321
5950.0,0.005987157599578117,0.12707649724198813,0.8669363451584338
6192.0,0.5652173913043478,0.391304347826087,0.043478260869565216
5606.0,2.6790747294743397E-6,0.04284267624356163,0.9571546446817089
5365.0,0.05492098263182601,0.879987482397121,0.06509153497105304
4978.0,0.6976235798568259,0.30033050396623157,0.0020459161769424785
5843.0,0.0022708415985104855,0.4965921451774276,0.501137013224062
6621.0,0.9910350789594513,0.008964062439299491,8.586012491807692E-7
6350.0,0.08759345210143134,0.870242391507828,0.04216415639074071
6080.0,0.005079426782618576,0.9774286952130895,0.017491878004291833
5623.0,6.993185290868688E-5,0.7365729858039379,0.26335708234315347
4963.0,0.990790657961756,0.009206800583929853,2.541454314099754E-6
5348.0,0.05873181576808556,0.9406094175970724,6.587666348421067E-4
6604.0,0.8520314237578902,0.1479323217736261,3.625446848365259E-5
5826.0,0.003002286231642553,0.39928133642734814,0.5977163773410092
6097.0,0.8095696525026226,0.19016440469036025,2.6594280701733677E-4
6367.0,0.622828900489055,0.3746846443391128,0.002486455171832181
5385.0,3.2029497070266954E-6,0.057367305724689635,0.9426294913256034
5146.0,0.015248523313394012,0.6594032760934898,0.3253482005931163
5021.0,0.7741935483870968,0.16129032258064516,0.06451612903225806
5692.0,0.0732879188504789,0.8807665126728778,0.04594556847664337
6450.0,0.7571917022352324,0.24151049860924553,0.001297799155522135
6177.0,0.14924632581567757,0.7395209465561344,0.111232727628188
5935.0,3.503176536571058E-4,0.1637055868202508,0.8359440955260922
4929.0,0.05020417615546772,0.9314883530060738,0.018307470838458597
5318.0,1.387117163522031E-4,0.2354112410253748,0.7644500472582729
5589.0,0.9766913821751056,0.023191278145841432,1.1733967905288247E-4
6131.0,1.1743307122521121E-5,0.01866444757913809,0.9813238091137394
5856.0,0.44977471512692185,0.5465661484452632,0.0036591364278148893
6638.0,0.9699022820292583,0.030080915971845607,1.680199889600487E-5
5176.0,0.05698290575805107,0.93332575270209,0.009691341539859025
5055.0,4.764622853678342E-4,0.598181675259306,0.4013418624553261
5419.0,1.4350295241451297E-4,0.032703456520111626,0.9671530405274739
6693.0,0.051751240108715894,0.9249421304970611,0.02330662939422301
5901.0,0.4022533278478452,0.5975198338524417,2.2683829971306582E-4
6147.0,0.0018142022053937376,0.7524717500370472,0.24571404775755912
6416.0,2.154164566147935E-6,0.2631534978612013,0.7368443479742326
5662.0,0.6623017081066415,0.3366349747444486,0.0010633171489099992
5038.0,0.9389263268967948,0.06105491082486912,1.876227833608042E-5
5161.0,1.9986525770312343E-4,0.7200682487398226,0.2797318860024743
6708.0,0.850069526303163,0.14768294773260268,0.0022475259642342886
5434.0,0.0054739454860547815,0.2524319177143146,0.7420941367996305
6162.0,0.004169152881681731,0.2911679652887045,0.7046628818296139
5916.0,0.007519458069149541,0.4808432973372619,0.5116372445935886
5647.0,0.884727865103162,0.11317413604714326,0.0020979988496945515
6401.0,0.9950344255272754,0.004964784217497118,7.902552274846836E-7
5335.0,6.559068180540943E-8,0.009656366931580377,0.9903435674777378
4944.0,0.001567848405742264,0.8158346117244085,0.1825975398698494
5572.0,5.0828105071855925E-6,0.022786104307857186,0.9772088128816356
6114.0,1.6868891901878946E-5,0.497880528888089,0.5021026022200091
6380.0,0.03637060136312883,0.30311482458115585,0.6605145740557153
6655.0,0.460248301397015,0.5394165793697238,3.351192332611959E-4
5873.0,3.628639394442477E-6,0.4160708064402914,0.5839255649203142
5796.0,0.9998052779102687,1.9242036081387788E-4,2.301728917358327E-6
6570.0,0.021616280804000965,0.9703998093262133,0.00798390986978578
6329.0,0.987252206150078,0.012738237109397957,9.55674052398744E-6
6071.0,0.9014216640156966,0.09683042526342275,0.0017479107208807402
5521.0,0.9876985843461669,0.012291308173497596,1.0107480335482394E-5
5250.0,0.005206711411477354,0.881180947050671,0.11361234153785159
6484.0,0.049149908916059075,0.9449350279592019,0.00591506312473892
5722.0,0.2377909789360232,0.7497780499299197,0.01243097113405696
5961.0,3.2182990891506797E-6,0.017937837190522797,0.982058944510388
6215.0,0.08798819596703356,0.9033688763711196,0.008642927661846852
5487.0,8.583403434605255E-4,0.8505262446670458,0.1486154149894937
6753.0,3.8015828025586324E-5,0.5234270186679707,0.47653496550400354
5244.0,0.03907315557401991,0.950614707332878,0.010312137093102223
5115.0,1.9757588412972288E-5,0.10071379612925341,0.8992664462823337
5707.0,4.1938399073991386E-5,0.4752013401247248,0.5247567214762012
6469.0,0.3356239008967468,0.6628861712626347,0.0014899278406183655
6230.0,2.930168824474422E-4,0.30233337166090124,0.6973736114566513
5976.0,1.4482709017067945E-4,0.42227777253361787,0.5775774003762115
6768.0,4.662958825675939E-4,0.467284037619692,0.5322496664977404
5502.0,0.2273824038699244,0.766123489133822,0.0064941069962537535
5098.0,0.4790757604170952,0.5158707582636195,0.005053481319285212
5229.0,1.8198038666579068E-4,0.5902764014842867,0.4095416181290475
6587.0,0.04067801154790267,0.9582375504300706,0.001084438022026814
5813.0,0.9447480730961215,0.055119570873322594,1.323560305559698E-4
6054.0,0.1211225829615462,0.8764626617620611,0.002414755276392654
6312.0,2.06367973006134E-4,0.4853719869984352,0.5144216450285586
5504.0,0.0010305908637059111,0.9386626721316355,0.06030673700465854
6798.0,0.012606729056276196,0.9596423705129155,0.027750900430808266
5267.0,0.13785284383488144,0.7734807678409538,0.08866638832416487
6010.0,0.14377142822978542,0.8257027127492402,0.030525859020974367
6260.0,0.6334752677010695,0.36623972307904956,2.850092198809508E-4
6503.0,3.2733922984865124E-4,0.6893176291153673,0.310355031654784
5737.0,0.9334875000723377,0.06646741480694413,4.508512071820806E-5
5064.0,1.3156878824916241E-6,0.2065920506838385,0.793406633628279
5199.0,1.4106905700199917E-5,0.10304844513154383,0.896937447962756
5468.0,0.16397904099308008,0.6933882744542688,0.1426326845526511
6738.0,0.003494223047659062,0.8869196632746936,0.10958611367764731
6282.0,0.2355405255132813,0.7508571126298706,0.013602361856847961
6020.0,0.013403115145208875,0.9840268705968753,0.0025700142579157493
6553.0,0.006833391680445875,0.49539665276155764,0.49776995555799647
5297.0,0.4790757604170952,0.5158707582636195,0.005053481319285212
4918.0,0.2152265793895861,0.7715204285893352,0.013252992021078686
5538.0,0.9164784574110787,0.08336802465157597,1.5351793734524302E-4
6037.0,0.028364404727062774,0.8463351915039904,0.12530040376894697
6299.0,0.008902892968104814,0.7303183027436506,0.2607788042882446
6536.0,3.3771940021174606E-4,0.7172449618512216,0.28241731874856674
5766.0,0.9669902898496281,0.032959449211373525,5.026093899844728E-5
5280.0,0.010482765604791932,0.9796993234500588,0.009817910945149224
5555.0,2.995415383430901E-4,0.8508606832771932,0.14883977518446362
6245.0,0.027043308857660254,0.9454213462162143,0.027535344926125412
5995.0,0.9679553526658435,0.03190020719114884,1.4444014300754468E-4
5752.0,0.12916029583316527,0.865105533490365,0.005734170676469619
6518.0,1.568872428891257E-4,0.5047043498137058,0.4951387629434052
5214.0,0.0013323329083563507,0.7685020941349541,0.23016557295668955
5081.0,5.772537574204558E-4,0.5785648112979268,0.4208579349446527
6723.0,0.9979676931236633,0.0020321492355747893,1.5764076190112718E-7
5453.0,0.0035803262839241377,0.22310409258048552,0.7733155811355904
5607.0,0.042731797160202006,0.8833325580605697,0.07393564477922833
5364.0,0.3303520149320744,0.6648906413030706,0.0047573437648549535
4979.0,7.446070061573353E-4,0.9412381850983113,0.0580172078955314
6620.0,3.696296375812284E-4,0.14073954211691117,0.8588908282455076
5842.0,0.01953599430191987,0.8569187822412184,0.12354522345686171
6081.0,0.04505489423004509,0.9523682012232549,0.002576904546699987
6351.0,0.016023067242255884,0.932304093039452,0.05167283971829201
6679.0,0.971202759900005,0.028774131049967087,2.3109050027854277E-5
5401.0,0.0026935299192649997,0.9935962273285722,0.0037102427521627686
5005.0,0.029010287744833756,0.9343054063847697,0.036684305870396734
5130.0,2.5795480069369065E-7,0.19716556102528737,0.802834181019912
5676.0,0.09638576086187833,0.8943407765060819,0.009273462632039662
6434.0,6.684055208321229E-4,0.9985974109393144,7.341835398533982E-4
6193.0,0.8959295123741022,0.10314432953981507,9.261580860827356E-4
5951.0,0.9914459336684016,0.008531213609147385,2.2852722450894654E-5
5384.0,0.0028543650845558326,0.9245988700118073,0.07254676490363687
6662.0,0.31654317647228103,0.681389614365864,0.0020672091618549903
5147.0,0.0714820895240705,0.9275460982588077,9.718122171216756E-4
5020.0,0.1386513816599208,0.8497286692311298,0.011619949108949389
6451.0,0.08603087858932758,0.9119606889247519,0.0020084324859205942
5693.0,0.40125694578268567,0.5924877475368259,0.006255306680488413
5934.0,0.6956276529257197,0.30233399283983087,0.0020383542344493645
6176.0,0.0757528304050779,0.8256455725273825,0.09860159706753957
5622.0,0.26000809855165286,0.7386645002576863,0.0013274011906609176
4962.0,2.4656062836823066E-4,0.8153977073914576,0.18435573198017421
5349.0,0.048843625912903324,0.9508450076597087,3.113664273881236E-4
6605.0,0.1442762703394667,0.8524305940179883,0.003293135642545095
6366.0,5.078206191963028E-4,0.26001906989787266,0.7394731094829311
6096.0,1.7145446440529974E-6,0.022313576408863018,0.9776847090464929
5177.0,0.9138687599137258,0.08605935319059092,7.188689568331507E-5
5054.0,0.0015152404106525362,0.10766623171272528,0.8908185278766223
6692.0,0.4774758285286458,0.5203566271451369,0.002167544326217186
5418.0,0.02285334643335628,0.9250433721755511,0.05210328139109263
6146.0,4.337551369734742E-4,0.5098843728714935,0.4896818719915331
