6393.0,2.2300398709152062E-5,0.1867661553817919,0.8132115442194989
6135.0,9.247738160280117E-7,0.08972577305718082,0.9102733021690032
5860.0,6.488528709094456E-10,0.0011080952422762138,0.9988919041088709
6634.0,0.6955316149900671,0.3044585129769191,9.872033013813034E-6
4933.0,1.695897950457331E-5,0.9162668802115304,0.08371616080896513
5585.0,0.23158539147662013,0.7679314886044005,4.8311991897930125E-4
5897.0,0.2538871290028073,0.7404685797164763,0.005644291280716439
6151.0,9.84873982260846E-12,0.08987340384823903,0.9101265961419122
6420.0,0.9858283171514799,0.014167385416816896,4.297431703152812E-6
5658.0,0.9995340524600874,4.6581699749990784E-4,1.3054241262306086E-7
5180.0,0.9967781531526572,0.003220068167963868,1.7786793789560564E-6
5051.0,7.935698444190798E-10,0.25518502060960363,0.7448149785968265
5423.0,3.45550947480089E-11,2.997769828897171E-5,0.9999700222671559
6689.0,0.1580568079579475,0.8350593996987346,0.006883792343317907
6166.0,8.025344154186681E-5,0.9049009919884732,0.09501875456998507
5912.0,0.006553722817765169,0.9907617611181547,0.0026845160640800794
5643.0,3.7971647963959275E-8,0.005875435818726134,0.994124526209626
6405.0,1.5435880012693957E-14,1.4634514207290992E-4,0.9998536548579117
5034.0,6.881366288179125E-5,0.9360837841279029,0.06384740220921536
5165.0,0.05598743943337025,0.9435175086009909,4.950519656388652E-4
6704.0,4.031583161460622E-4,0.9679911216205983,0.031605720063255606
5438.0,0.9938743342364091,0.006125565238129452,1.0052546135435627E-7
6118.0,3.2744331597932404E-10,0.34218276511607465,0.6578172345564821
6376.0,4.828234584599336E-7,0.058897757311752806,0.9411017598647888
6651.0,0.08480101012649362,0.9151139384944844,8.505137902199842E-5
5877.0,1.3738630626540961E-6,0.01864921637427085,0.9813494097626665
5331.0,6.724900266900784E-4,0.9433168115178128,0.05601069845549723
4948.0,2.5323977168259572E-5,0.9526303483707304,0.04734432765210148
5568.0,4.06529521532864E-7,0.8083879119432493,0.19161168152722907
5673.0,1.4525115199358693E-5,0.8518954627861612,0.14809001209863937
5946.0,0.9468137780487802,0.0530930457903044,9.317616091539526E-5
6196.0,0.4753919003922828,0.5245066457192846,1.0145388843270865E-4
5404.0,1.306465172047231E-5,0.5664999207573497,0.4334870145909298
5000.0,0.0330178936215482,0.9323594292307102,0.034622677147741546
5135.0,5.166491369413087E-7,0.17742712521900617,0.8225723581318569
5847.0,8.022533873108405E-5,0.6887967745483181,0.31112300011295085
6617.0,0.08030963412235,0.9195413663724031,1.489995052468148E-4
6346.0,0.03546500675166588,0.9582156376527488,0.00631935559558541
6084.0,0.2284288317935029,0.766263102855969,0.005308065350528087
5602.0,0.9943936210932973,0.00552754605571389,7.883285098869494E-5
5361.0,0.41753548162209947,0.5824642962872281,2.2209067235597928E-7
4982.0,0.015299635058639016,0.9844643200443025,2.3604489705847975E-4
6600.0,0.04747132450060684,0.9519144758858652,6.141996135279509E-4
5830.0,3.1742680660643546E-5,0.18368425965041887,0.8162839976689206
6101.0,0.49864128566494537,0.500898099551579,4.6061478347555763E-4
6363.0,1.8430465815836176E-14,2.8201457360702275E-5,0.9999717985426209
5619.0,0.026689885547693665,0.9731552832345045,1.5483121780175376E-4
4967.0,0.9526758979920443,0.047323277388077734,8.246198777947521E-7
5344.0,2.337183659340774E-4,0.9593412233202813,0.040425058313784644
5688.0,7.929737028912497E-10,4.542010851537906E-5,0.9999545790985108
6454.0,0.37858975605937467,0.6182006405507205,0.0032096033899047076
6181.0,0.5126201412502605,0.4873782149542954,1.6437954442064E-6
5931.0,8.643197225472583E-6,0.0330048686891434,0.9669864881136311
6659.0,2.565473456751161E-14,8.764450174349676E-5,0.9999123554982309
5389.0,3.1674097555736406E-5,0.9177744613795671,0.08219386452287712
5150.0,0.9559769469389282,0.04402153796636486,1.5150947069532132E-6
5017.0,0.9999987231409296,1.276303322436759E-6,5.557479377544839E-10
5068.0,0.09511401890115775,0.9023032680579597,0.002582713040882573
5195.0,7.4195428999290754E-6,0.0912787023030305,0.9087138781540696
5464.0,0.1959706324907914,0.7242638202624538,0.07976554724675469
6742.0,1.3335507557897498E-4,0.9856734594505712,0.014193185473849838
6014.0,2.1926267871372096E-13,0.003759889865307299,0.9962401101344734
6256.0,0.38919881242423465,0.6093522891701999,0.0014488984055653525
6499.0,8.796215718055438E-5,0.46377188001391995,0.5361401578288995
5741.0,1.3797660140407582E-7,0.14080933437324478,0.8591905276501538
5301.0,0.004844921248819858,0.9942300878879015,9.249908632787218E-4
5542.0,0.9897187595063941,0.010281199763116887,4.073048907009151E-8
6286.0,0.7516945561453064,0.248234585825027,7.085802966645899E-5
6016.0,0.013936436038155397,0.7451323272442185,0.2409312367176261
5779.0,0.01844204908267688,0.9795060941446898,0.0020518567726332763
6557.0,1.8306264553135195E-15,1.5563334192424593E-4,0.999844366658074
5284.0,0.8708409264133545,0.1290061953132579,1.5287827338751172E-4
5559.0,1.8816844089140287E-8,4.2570604776087916E-4,0.999574275135395
6033.0,0.016320313135446865,0.8401233052891394,0.14355638157541392
6303.0,0.9616915772418777,0.03827986078437249,2.8561973749766177E-5
6540.0,1.6586799503779106E-4,0.8037384286560106,0.19609570334895157
5762.0,1.863352206935126E-8,0.024164254675735953,0.975835726690742
5210.0,0.19192949668961595,0.807301726820246,7.6877649013799E-4
5085.0,0.9820330269777635,0.01796696964032148,3.381915006243661E-9
6727.0,0.43375323645433306,0.5222679271642305,0.0439788363814364
5449.0,0.03083546019923816,0.9690747635212613,8.977627950043033E-5
6241.0,0.9107949703041706,0.08919805826631277,6.971429516552096E-6
5999.0,0.0012413762657475706,0.4888871466245866,0.5098714771096658
5756.0,0.04873093159326962,0.7886944863602918,0.1625745820464385
6514.0,2.162703731309113E-5,0.8687606818630499,0.13121769109963688
5254.0,0.8879958064914492,0.11200222626585762,1.9672426932313935E-6
5792.0,2.1141176736802565E-19,9.275735034315154E-7,0.9999990724264965
6574.0,4.009991377274887E-4,0.9927307435873415,0.0068682572749311395
6333.0,1.1527780054100737E-8,0.34050480409881445,0.6594951843734055
6067.0,0.043110366853161095,0.9559571532408063,9.324799060326117E-4
5483.0,4.1143033322747026E-4,0.9702034868073186,0.02938508285945399
6757.0,0.145319686254558,0.7720258144589695,0.08265449928647257
5240.0,0.9890713078900827,0.010928690404269206,1.705648137558492E-9
5119.0,6.638850833319807E-5,0.43876318899462696,0.5611704224970397
6480.0,0.002502923979538903,0.9966317931966853,8.652828237758743E-4
5726.0,1.4590425356088232E-7,0.1872043273763817,0.8127955267193647
5965.0,0.02491993656798241,0.6330593599720734,0.3420207034599441
6772.0,0.6228041772131294,0.37079821691844467,0.006397605868426008
5498.0,0.007070657635868997,0.9856009030313997,0.007328439332731369
5102.0,5.469891016850894E-10,0.009996057176733174,0.9900039422762776
5225.0,2.02643143182103E-4,0.6033182417265863,0.39647911513023165
5711.0,0.6718460920824871,0.3280138580593666,1.400498581463415E-4
6465.0,0.7774917144850696,0.21735013897978664,0.005158146535143634
6226.0,3.6556759429028985E-4,0.9955844904060395,0.004049941999670179
5980.0,0.005689129599080163,0.8530490055143438,0.14126186488657594
5508.0,0.10609206309485726,0.28838426953343466,0.605523667371708
6794.0,4.569864580799249E-4,0.9992151591786421,3.2785436327803074E-4
5271.0,0.6351945005469175,0.3611428972002903,0.0036626022527921184
6591.0,0.0013708688841861166,0.9885901738333933,0.010038957282420461
5809.0,2.78824927124247E-8,0.9975467114547056,0.002453260662801684
6050.0,0.020164656301215753,0.9732644042679098,0.0065709394308743575
6316.0,1.1543213310314706E-7,0.5621355544585029,0.4378643301093641
6150.0,0.3958934098629132,0.6040802502471428,2.6339889943869618E-5
5896.0,2.3547535344697773E-6,0.9754658326544918,0.024531812591973748
5659.0,4.760604883863028E-8,0.06240075332178908,0.937599199072162
6421.0,0.0014336421194477715,0.9902884533972495,0.008277904483302696
5181.0,0.9997851468001623,2.1485313933259143E-4,6.050508081021342E-11
5050.0,1.4008516889690672E-14,1.3238986079191405E-4,0.9998676101391941
6688.0,0.13328065236142086,0.8666173937743004,1.0195386427878296E-4
5422.0,0.7099997407699837,0.28916053833904676,8.397208909695338E-4
6134.0,8.480802960807044E-7,0.11875265160834035,0.8812465003113636
6392.0,1.6472359258747907E-5,0.19622776702731792,0.8037557606134234
6635.0,0.9940668225264729,0.005933147991362283,2.948216481006906E-8
5861.0,6.180134489374759E-4,0.9837885051716286,0.01559348137943385
4932.0,6.08468418795799E-7,0.010075132902394653,0.9899242586291866
5315.0,0.4421935964745684,0.5562298563135254,0.001576547211906003
6377.0,0.0035606611724828107,0.9893190523836464,0.00712028644387087
6119.0,0.11153910444856052,0.8884301535665852,3.074198485421966E-5
5876.0,2.7124474701966462E-8,7.685540830045067E-4,0.9992314187925208
6650.0,2.552994691461326E-12,0.020996156980764246,0.9790038430166828
5330.0,5.639506884868617E-8,0.008826180146533635,0.9911737634583975
4949.0,0.7550553238443213,0.24492861321602638,1.6062939652321714E-5
5569.0,0.005524980970728815,0.9837719592352654,0.010703059794005832
5913.0,1.0748981226590662E-4,0.9876092370558829,0.012283273131851076
6167.0,2.0076009541519946E-8,0.22249372480587687,0.7775062551181137
6404.0,2.3304954771529847E-4,0.9079926498072203,0.09177430064506437
5642.0,0.5371381360634677,0.2619395661707938,0.20092229776573858
5035.0,3.226704085399268E-14,4.4726477009604255E-4,0.9995527352298716
5164.0,9.029153101046208E-4,0.9771568171423569,0.02194026754753849
5439.0,4.116815404140513E-5,0.9795864851353414,0.020372346710617144
6616.0,1.0256803547304426E-5,0.4840452120976749,0.5159445310987778
5846.0,0.9895891241425981,0.01040972531293096,1.1505444708959294E-6
6085.0,2.7598189876869452E-5,0.38785783050584904,0.612114571304274
6347.0,0.9943250952018068,0.0056743499097794475,5.548884136884994E-7
5603.0,6.500476993609648E-5,0.22943900973524983,0.7704959854948141
5360.0,2.449972549469337E-6,0.7724217006509965,0.22757584937645403
4983.0,6.686547266957142E-5,0.5747674243408947,0.4251657101864357
5672.0,0.1592528901097598,0.8407450663270762,2.043563163824423E-6
6438.0,0.0037091337641273502,0.9942872492540201,0.002003616981852482
6197.0,0.28229471530206246,0.7142720180027506,0.0034332666951869505
5947.0,5.9697237871307935E-6,0.7222751217320256,0.2777189085441873
6675.0,2.2843293580127597E-5,0.9405040288123295,0.0594731278940904
5405.0,4.994404106811019E-7,0.7838506997612181,0.2161488007983711
5001.0,0.19232370936294685,0.7827233428436924,0.024952947793360766
5134.0,0.9999648216859415,3.515315562918582E-5,2.515842942029094E-8
5689.0,2.318647403944808E-7,0.8573341295790301,0.1426656385562295
5930.0,0.06802136270863884,0.9204520405355728,0.011526596755788274
6180.0,7.323383097609964E-10,0.35041985967117345,0.6495801395964883
5388.0,0.7919140430492356,0.20755068199051954,5.352749602448688E-4
5151.0,5.239353936845271E-7,0.9999301659019949,6.931016261131875E-5
5016.0,6.564809011613633E-6,0.8279159147514188,0.1720775204395696
5831.0,4.0880393511411805E-5,0.9592439779649367,0.04071514164155194
6601.0,0.9867016107374071,0.013298384062931235,5.199661599513491E-9
6362.0,6.21741582791761E-5,0.9066977935567908,0.09324003228492994
6100.0,0.9765744571228475,0.02335802550496134,6.751737219113566E-5
5618.0,1.4708946463838302E-7,0.030845798175584863,0.9691540547349505
4966.0,0.046160322849519285,0.9538115991010002,2.8078049480509243E-5
5345.0,0.04057830010530388,0.9438262143956881,0.015595485499007949
5300.0,0.21310076212442386,0.7863081472690638,5.910906065123595E-4
5543.0,0.9101909126147527,0.07287855759140753,0.016930529793839584
6017.0,1.0944687060604892E-4,0.9998867084421651,3.844687228750178E-6
6287.0,0.6207329114385886,0.3792568133933247,1.0275168086831645E-5
6556.0,0.0010589032482574941,0.0646181976222165,0.934322899129526
5778.0,3.5822349806105064E-4,0.9688364468883227,0.030805329613616275
5069.0,7.22336290741806E-8,0.05353364258452999,0.946466285181841
5194.0,0.0029210148613976325,0.9545641637189559,0.04251482141964648
6743.0,0.12754852090175028,0.8705172201241006,0.0019342589741491065
5465.0,0.9869746316087584,0.013025300676806807,6.771443482260937E-8
6257.0,1.3964175567052497E-5,0.9962064695380454,0.003779566286387623
6015.0,0.9153884076025944,0.08460889688359675,2.6955138088736213E-6
6498.0,2.447579112638012E-5,0.0038511421274950467,0.9961243820813785
5211.0,4.518810156825349E-11,0.04532946093496898,0.9546705390198429
5084.0,3.0425750692576438E-5,0.26304725456359945,0.736922319685708
5448.0,3.2272445107716597E-13,2.1741811294706694E-4,0.9997825818867303
6726.0,3.3393140749680164E-9,0.04745012039260788,0.952549876268078
5998.0,0.051205890815458906,0.9486864563105417,1.0765287399943038E-4
6240.0,9.38416603353458E-10,0.011137181139729233,0.9888628179218542
6515.0,0.12003604859384864,0.8796902151410663,2.73736265085159E-4
5757.0,0.23967643296835905,0.7547721835183399,0.005551383513301152
5285.0,3.0632836719912523E-6,0.15342905076628838,0.8465678859500396
5558.0,1.5255052751675217E-7,0.04617858466136513,0.9538212627881073
6032.0,0.05624103236315236,0.9437489527817454,1.0014855102178101E-5
5763.0,0.0057703585044255245,0.9518734882404637,0.042356153255110746
6541.0,7.228559351718942E-5,0.9661367204278385,0.03379099397864438
5482.0,0.010681019426265797,0.9893173219696142,1.6586041198369525E-6
5241.0,4.3375520027490054E-5,0.8380025119538154,0.161954112526157
5118.0,0.9921412655868649,0.00785834829434382,3.861187912756394E-7
6481.0,3.7724090023287295E-11,4.491284603013703E-4,0.9995508715019745
6210.0,0.004586319711587835,0.9219779087109079,0.07343577157750429
5964.0,0.9999578792214441,4.211946033750326E-5,1.3182183810666478E-9
5524.0,0.43930647886859026,0.5570954055736641,0.0035981155577456438
5255.0,0.8660828061524923,0.13268329670198922,0.0012338971455183995
6575.0,0.038698276294402374,0.9441268291981731,0.017174894507424418
6066.0,4.526138720255577E-5,0.3160107442822596,0.6839439943305378
6332.0,0.003024344120800896,0.9936557014538976,0.003319954425301468
6795.0,0.790718332492276,0.2092788899965547,2.7775111695053317E-6
5509.0,2.2701706604703746E-5,0.24663442959395807,0.7533428686994372
5270.0,0.6101429761937806,0.3898562381101098,7.856961096528173E-7
5808.0,5.9294528997502736E-5,0.405076086321268,0.5948646191497345
6317.0,0.05935348848741214,0.9198160232718015,0.020830488240786357
6051.0,0.054473490056563524,0.9155112580020868,0.03001525194134965
5499.0,6.44894445404699E-5,0.7933533760403031,0.20658213451515636
6773.0,1.435072312062187E-5,0.6995806605283169,0.30040498874856253
5103.0,5.791126730241234E-7,0.6858938452976036,0.3141055755897235
5224.0,2.6527050442272404E-4,0.149467194547122,0.8502675349484553
6464.0,0.848581116650518,0.1514184403648439,4.4298463811064924E-7
5710.0,1.0129441423404055E-4,0.9157133112787164,0.08418539430704954
5981.0,6.9974149047158274E-9,0.011952094127305336,0.9880478988752798
6227.0,0.004911864259521977,0.9487820390082465,0.04630609673223142
5641.0,8.440867444766748E-4,0.9960782996497048,0.003077613605818403
6407.0,5.1772678364711975E-12,0.027386947900653734,0.972613052094169
6164.0,0.9317611725377085,0.06796611629638168,2.7271116590988205E-4
5914.0,5.61461198510666E-4,0.9681442789465671,0.03129425985492223
6706.0,0.6184991322130547,0.381482882597702,1.7985189243057695E-5
5436.0,7.376323063363197E-10,0.18306132941033468,0.816938669852033
5032.0,2.0884998831453077E-8,0.0011406546127927253,0.9988593245022085
5167.0,1.6849676492211707E-4,0.6414635317777156,0.35836797145736216
6649.0,0.15411706642156536,0.8455412422326294,3.4169134580533015E-4
5879.0,0.8473977584444841,0.15259875922443977,3.482331076093675E-6
6116.0,4.1263161221818334E-17,3.007573949235633E-8,0.9999999699242604
6378.0,0.09004517669439648,0.9095110512590783,4.437720465251473E-4
5329.0,0.9997168459481107,2.831034041147028E-4,5.0647774560921846E-8
4950.0,0.9953487930520768,0.003781811635604868,8.69395312318337E-4
5862.0,0.17382567425800738,0.7176975743974962,0.10847675134449646
6632.0,0.009893827039227995,0.9881170663614542,0.001989106599317823
6395.0,0.09051205779819,0.9055228332138686,0.003965108987941389
6133.0,1.9729768363307103E-11,0.004763552110587207,0.995236447869683
5587.0,1.197470610674259E-8,0.6277695897948732,0.37223039823042064
4935.0,0.924768285470109,0.07515328785511588,7.842667477522387E-5
5312.0,0.034716535904403344,0.9610159323814716,0.004267531714125004
6422.0,0.6101569547845674,0.3896220773354258,2.2096788000672252E-4
5656.0,1.2946884715748604E-10,5.347266849875694E-4,0.9994652731855436
5899.0,1.9634771657242654E-4,0.51094824134877,0.48885541093465756
6149.0,0.0027493688244509444,0.9950220515603125,0.002228579615236545
5421.0,0.9399698679035723,0.060025519785329634,4.612311098067632E-6
5182.0,0.0016486730076824571,0.9776363261049748,0.020715000887342832
5049.0,4.3981074312842096E-8,0.08279805200845358,0.9172019040104721
6103.0,0.01108015546068347,0.9882557236393128,6.641209000037728E-4
6361.0,1.8040644511554003E-9,0.06694969918964148,0.9330502990062941
6602.0,0.9971926834852648,0.002807295400245892,2.1114489344794525E-8
5828.0,0.8378221707519787,0.1621582433032996,1.958594472165608E-5
4965.0,0.9995632091661654,4.3677020046957964E-4,2.063336501407485E-8
5346.0,0.13857700081738142,0.6984219325407167,0.16300106664190198
5617.0,0.6598561179331062,0.3393401696750171,8.037123918766045E-4
6183.0,1.5155131960059982E-4,0.09991984551751515,0.8999286031628844
5929.0,1.0044970647502562E-4,0.3044579450181957,0.6954416052753292
5690.0,2.558847845351978E-7,0.7588953463117863,0.24110439780342913
6452.0,4.876671806313287E-4,0.9580657977710133,0.04144653504835522
5148.0,1.1617589665311803E-6,0.04300280911224123,0.9569960291287923
5019.0,0.04146536290804769,0.9554419559062499,0.0030926811857023375
6657.0,2.0374737724068645E-10,0.03713116996299269,0.9628688298332598
5391.0,5.599976347943225E-10,0.0022877501800015357,0.9977122492600009
5944.0,4.584302641621105E-7,0.9682431473447085,0.031756394225027317
6198.0,0.26984792372343486,0.46005893592299496,0.2700931403535701
6437.0,0.999889837742452,1.1016223599129711E-4,2.1556774601347532E-11
5675.0,0.004325238284264228,0.9838383090501249,0.011836452665610911
5002.0,2.9719340060353745E-5,0.7724247253492497,0.22754555531069
5133.0,1.1473328850188823E-26,3.3873015556041123E-12,0.9999999999966127
5406.0,5.6571434006030445E-9,0.0019135252105014493,0.9980864691323552
6672.0,7.26705930157903E-11,0.001143227203351805,0.9988567727239777
6344.0,0.8627220859324773,0.08342853309572806,0.053849380971794564
6086.0,1.4285689887780808E-7,0.0033121288668042383,0.9966877282762968
5845.0,3.647288170113165E-7,0.33676484494300774,0.6632347903281752
6619.0,1.7831149112364378E-20,2.2347461337026333E-7,0.9999997765253866
5363.0,4.9295649229886155E-5,0.9998761129832704,7.45913674997297E-5
4980.0,0.0010495538114837191,0.9603294369173786,0.038621009271137624
5600.0,0.14149157985928473,0.858474130053378,3.4290087337324397E-5
5557.0,0.28719137821678586,0.7019491081411855,0.010859513642028598
5286.0,7.744743482014986E-15,1.9550189561875185E-4,0.9998044981043734
6542.0,0.9093563406608245,0.09063995178458246,3.707554593028458E-6
5760.0,3.335718857563286E-4,0.9923032176575014,0.007363210456742343
6035.0,0.9297933819388575,0.06967383678906741,5.327812720752112E-4
6301.0,4.311035716253883E-6,0.11623129754425222,0.8837643914200315
6725.0,0.8302302290044419,0.16945455312249882,3.1521787305926655E-4
5451.0,1.9885561072620098E-8,0.6554301376304913,0.34456984248394756
5208.0,1.3324691447863908E-7,0.050089112636127704,0.9499107541169578
5087.0,1.2550645775290754E-8,0.19412792705661713,0.8058720603927371
5758.0,0.008871564389655593,0.9848140461751466,0.006314389435197888
6512.0,1.1200279402316087E-5,0.5165393015901487,0.4834494981304489
6243.0,0.19516924143802275,0.8048082708030158,2.2487758961517724E-5
5997.0,3.422826997943858E-13,4.951896946602283E-4,0.9995048103049974
5466.0,0.03641848186542526,0.9618850488581099,0.0016964692764648611
6740.0,0.00463236068169009,0.989487057082298,0.005880582236011736
5070.0,0.11661426587602845,0.8237629651239914,0.059622768999980175
5193.0,0.25543585197986063,0.7289829648662434,0.015581183153895976
6497.0,0.9954483753547491,0.004542954417894618,8.670227356414E-6
5743.0,0.533988631329426,0.4635269478776506,0.0024844207929235213
6012.0,0.9405812289792563,0.058012199339891074,0.0014065716808525691
6258.0,1.9229291865049664E-6,0.6022484082313445,0.397749668839469
5540.0,3.47643025514061E-5,0.9315841640988213,0.0683810715986274
5303.0,0.006759156330746693,0.8800068197433872,0.1132340239258662
5777.0,0.9334140266260268,0.06365615509352429,0.0029298182804488515
6559.0,1.7241359757775783E-12,4.3347655741159444E-4,0.9995665234408643
6284.0,0.0035933200513211944,0.9659238190181,0.03048286093057877
6018.0,0.973605653246191,0.026386846442351182,7.500311457860538E-6
5100.0,0.9976561070829729,0.0023438572377512345,3.567927578288262E-8
5227.0,1.216142620933281E-5,0.6739253389465418,0.3260624996272488
6774.0,1.8424381861485268E-5,0.2401799926029431,0.7598015830151954
5496.0,0.20669840138886125,0.7932421312182201,5.946739291864046E-5
6224.0,1.9668034829057163E-11,5.804066464063094E-5,0.9999419593156914
5982.0,0.11614726395543025,0.8819420093095147,0.0019107267350551155
5709.0,0.012940781803565763,0.9739809774144838,0.013078240781950667
6467.0,0.004505648108522885,0.9928032523445884,0.0026910995468886287
5269.0,7.110504220161525E-5,0.007517622121167242,0.9924112728366311
6792.0,2.592222464746233E-7,0.9983887957873919,0.0016109449903615822
6048.0,0.8331695701446509,0.16682967291650327,7.569388459251371E-7
6318.0,2.4011881901905173E-6,0.995941966717372,0.004055632094437752
6589.0,3.365708838133913E-5,0.9220808253102365,0.07788551760138215
5811.0,0.003235319874405076,0.9455472698076253,0.051217410317969676
5252.0,0.0043286435511911935,0.3184837403377733,0.6771876161110355
5527.0,0.9999921265849528,7.873352872906216E-6,6.217423752026924E-11
6335.0,0.531165046142971,0.46052946099958636,0.00830549285744246
6065.0,2.581741015305286E-5,0.8903303880435022,0.10964379454634474
5794.0,0.04640821904033106,0.9527932576018616,7.985233578073364E-4
6572.0,0.12214628704993671,0.8776635581826697,1.9015476739356297E-4
5242.0,2.1459531644237983E-12,0.001585024535918871,0.9984149754619353
5117.0,1.5230646396563606E-10,0.8757010233649759,0.12429897648271757
5481.0,1.7660555513558695E-8,0.11359129627962908,0.8864086860598155
5967.0,0.8958180937606943,0.10393463092507894,2.4727531422677186E-4
6209.0,0.027639184807446593,0.9711984224804843,0.0011623927120691898
6482.0,6.560747599456567E-4,0.9985529530601444,7.909721799100057E-4
5724.0,4.931625888623719E-7,1.7694683547913096E-4,0.999822560001932
6648.0,2.899989863879389E-4,0.9961042017501379,0.003605799263474245
6379.0,0.0120971540158813,0.968242013975356,0.019660832008762664
6117.0,0.001227290655342215,0.8687120262266856,0.13006068311797223
5571.0,0.5525560559161271,0.447245373210661,1.9857087321194502E-4
5328.0,1.9738252407306954E-7,8.662162838611506E-4,0.9991335863336148
4951.0,2.424980900823607E-4,0.9997348800439224,2.2621865995132933E-5
6406.0,7.6849912550729E-17,7.301893027405394E-7,0.9999992698106972
5640.0,2.1287744136360562E-4,0.9255531536564415,0.07423396890219476
5915.0,0.6007453993774327,0.3991566992187647,9.790140380264753E-5
6165.0,0.9877846790826372,0.012215071905089782,2.49012273001898E-7
5437.0,0.6976755502613674,0.3023093687757979,1.5080962834743535E-5
6707.0,0.0030004137020315748,0.9733715417875265,0.02362804451044192
5033.0,0.003016962780818504,0.6450147898205616,0.3519682473986199
5166.0,0.8691237796122745,0.13087503733628947,1.1830514359698564E-6
5657.0,0.9998602204447706,1.3925166386861832E-4,5.278913607624023E-7
6148.0,1.5053537009432735E-9,4.4876428430173313E-4,0.9995512342103446
5898.0,5.611503715467263E-15,3.376928863519231E-5,0.9999662307113591
6690.0,0.1668968609529228,0.8323887345432655,7.144045038116675E-4
5420.0,0.3515471801011111,0.6457195471153002,0.0027332727835887396
5183.0,0.07612632259437632,0.24840963980949757,0.675464037596126
5048.0,1.6411353161861262E-4,0.9991062195785169,7.296668898645159E-4
6633.0,5.335865716559813E-7,0.02409136685145287,0.9759080995619756
5863.0,0.6105361202425824,0.38939614307527126,6.773668214632248E-5
6132.0,3.6779078866271674E-9,6.156615040626997E-4,0.9993843348180294
6394.0,8.191662047215984E-7,0.5247805505610377,0.47521863027275757
5586.0,0.37865877631012584,0.6212382665480102,1.0295714186391096E-4
4934.0,8.527799029948433E-6,0.2435776447769764,0.7564138274239935
5313.0,0.0032853709240349338,0.9862955309238014,0.010419098152163731
5928.0,0.8072934371532504,0.19269621040357984,1.0352443169831675E-5
6182.0,1.4424149402868347E-7,0.005696328769069416,0.9943035269894366
6453.0,0.9999947453005145,5.251450786386457E-6,3.2486989876315362E-9
5691.0,3.2060719834862313E-9,0.09732580987983745,0.9026741869140905
5149.0,0.1492445249676561,0.6771586672167794,0.17359680781556436
5018.0,0.9936870951741735,0.006305977422797307,6.927403029118912E-6
5390.0,0.07189897191966452,0.921653475659164,0.006447552421171698
6656.0,0.9825613914575554,0.017438217198590775,3.913438539026393E-7
6360.0,0.002066933460838555,0.9971970347590233,7.360317801380694E-4
6102.0,2.8619497787434316E-4,0.31021806382398465,0.6894957411981412
5829.0,2.5094591600017384E-9,0.0013203551193954797,0.9986796423711454
6603.0,0.03413379922361668,0.962523661432752,0.003342539343631301
4964.0,8.046542213067964E-9,0.0026341290675167416,0.997365862885941
5347.0,1.3388833404833394E-9,0.023565607786471224,0.9764343908746455
5616.0,3.6165777438022043E-7,0.08705612470516008,0.9129435136370655
6087.0,7.2881025005489395E-9,0.05224418509900871,0.9477558076128888
6345.0,1.6521582798418906E-5,0.008859371949387193,0.9911241064678145
5844.0,2.271905646819164E-11,1.7954456237641704E-4,0.9998204554149046
5362.0,0.9999951493511974,4.850479634650826E-6,1.6916810775238086E-10
4981.0,3.1117354811466153E-10,0.016036032808009467,0.9839639668808169
5601.0,4.330757939583956E-4,0.9754116644624345,0.024155259743607032
5945.0,1.32058157890561E-4,0.9990372902986813,8.30651543428231E-4
5674.0,1.4397591858328886E-8,7.272870872207945E-4,0.9992726985151874
6436.0,0.11436823928287954,0.8856038065527214,2.7954164399098563E-5
5003.0,0.6816425054904994,0.31835600651802115,1.4879914793545283E-6
5132.0,0.23352777304001845,0.38541259857268073,0.38105962838730095
6673.0,2.890878877468372E-5,0.4864719407911783,0.5134991504200471
5407.0,0.9200603281355263,0.07986430918088916,7.53626835845706E-5
5450.0,1.0220325786916032E-6,0.34384278834462534,0.6561561896227959
6724.0,0.05101571710408868,0.9487929499345055,1.9133296140569678E-4
5209.0,2.483984667918132E-5,0.9847978292223056,0.015177330931015169
5086.0,3.4437526271210455E-14,9.934853307388656E-6,0.9999900651466582
6513.0,0.8988671796502414,0.1004045822941834,7.282380555751078E-4
5759.0,0.008929103068769866,0.9874242990129337,0.003646597918296275
5996.0,0.005505282600603289,0.9781215000071931,0.016373217392203643
6242.0,1.0913479286087715E-6,0.7208394736790199,0.27915943497305146
5556.0,0.9397873726469402,0.06021187726934637,7.500837133247917E-7
5287.0,0.7961217820138063,0.20381882230201037,5.939568418332877E-5
5761.0,0.8638686930232545,0.13612894037972695,2.3665970184727087E-6
6543.0,0.006208638799099043,0.9875573767019321,0.006233984498968888
6300.0,0.046028369619427585,0.9309941694748558,0.022977460905716604
6034.0,0.8056687307926833,0.19432896268162003,2.306525696702641E-6
5541.0,1.049694331658071E-6,0.2591696168938555,0.7408293334118129
5302.0,3.964940469077887E-9,6.668331270512143E-4,0.9993331629080083
6558.0,1.5318281251240926E-5,0.9490993459288933,0.05088533578985533
5776.0,0.05419123141539859,0.7895850707102704,0.15622369787433094
6019.0,0.9927306913517385,0.007269055417038043,2.5323122344560105E-7
6285.0,0.9692007290157029,0.03078395036772455,1.532061657256584E-5
5467.0,0.42654055516291955,0.5734571482678132,2.2965692670565354E-6
5071.0,0.8969639512454323,0.10303152972976942,4.519024798313853E-6
5192.0,0.034181259830748004,0.9655460979916197,2.7264217763220096E-4
5742.0,8.24468962689702E-4,0.9990627172617631,1.1281377554730226E-4
6259.0,0.007397255427016796,0.9750334171895441,0.017569327383439134
6013.0,1.2703232374019324E-5,0.18320028288522217,0.8167870138824039
5268.0,0.9885815013940871,0.011406588989431714,1.1909616481085767E-5
6793.0,8.645105103229634E-5,0.16704166012390656,0.8328718888250611
5511.0,0.9989753349234368,0.001024527756403752,1.3732015952812413E-7
6319.0,0.9989985749917842,0.0010008447902716835,5.802179441543759E-7
5810.0,0.4763705194581995,0.5235511971768704,7.82833649299475E-5
5101.0,1.1357921332273688E-4,0.9676768625913679,0.03220955819530933
5226.0,0.060736558603686694,0.937037545941523,0.002225895454790275
5497.0,0.0021877973296010214,0.9972111427205272,6.01059949871723E-4
6775.0,9.316204054160067E-7,0.01850634435499103,0.9814927240246036
5983.0,0.14144837240058067,0.8579201928797511,6.314347196682118E-4
6225.0,1.8762307918865243E-7,0.6682335164258113,0.3317662959511094
6466.0,0.08658932135156838,0.9014681531634849,0.01194252548494657
5708.0,6.389463720535421E-6,0.8999314665807006,0.100062143955579
5116.0,0.1182192525097583,0.8441300331003468,0.037650714389894854
6758.0,0.9704613538515228,0.02953204873050317,6.597417974000417E-6
5480.0,0.003353586528874108,0.5619430621206477,0.43470335135047805
6208.0,0.9093899683873464,0.09060778611638794,2.245496265538797E-6
5966.0,4.7492464769984873E-7,0.9943678627353213,0.005631662340031067
5725.0,3.063903853339713E-8,0.09374789903936752,0.9062520703215939
6483.0,0.9389587866771237,0.06101870022768898,2.2513095187255016E-5
5253.0,1.867801563619309E-4,0.9559547534992537,0.043858466344384325
5526.0,8.591977617698021E-5,0.8802496941435591,0.11966438608026393
6808.0,4.9983446574796726E-5,0.8596598959906406,0.1402901205627846
6064.0,0.05133532468935689,0.9413566165666166,0.007308058744026349
6334.0,0.6920436414990386,0.307263638134629,6.927203663324426E-4
6573.0,0.08515760897469042,0.91477188492818,7.050609712960821E-5
5795.0,0.05321283809599491,0.946711979553734,7.518235027118303E-5
5400.0,0.06478967947572166,0.9349678924257113,2.4242809856708E-4
6678.0,0.28431565495744954,0.7123845639292112,0.0032997811133391604
5004.0,0.025418400063335133,0.9726927591908356,0.001888840745829093
5131.0,2.517465925616242E-12,3.8988067530402077E-4,0.9996101193221786
6435.0,4.7928468009402083E-4,0.18327495069616487,0.8162457646237411
5677.0,0.16334598545909382,0.8365683472268856,8.566731402066732E-5
5950.0,9.546860601245604E-8,0.005568426216157434,0.9944314783152365
6192.0,0.9992311081846149,7.688809463352514E-4,1.0869049942730237E-8
5606.0,9.03157952848069E-12,6.779703380984124E-4,0.99932202965287
5365.0,2.4452281707505365E-5,0.17162738980736483,0.8283481579109276
4978.0,0.8719848860193227,0.1278502983426974,1.64815637979962E-4
5843.0,4.7529415132759654E-8,0.37948417349566427,0.6205157789749207
6621.0,0.998586475622585,0.0014135094379734729,1.493944172871994E-8
6350.0,0.18357056084238288,0.462961721349305,0.35346771780831204
6080.0,0.056969157959571484,0.9401647784226341,0.0028660636177943867
5623.0,8.359790096409203E-7,0.5446006915124255,0.4553984725085649
4963.0,0.9985371979307307,0.0014626603878200922,1.4168144924048655E-7
5348.0,0.1959492547012328,0.8040257441850464,2.5001113720817865E-5
6604.0,0.999303678674461,6.96320303891897E-4,1.0216471254620697E-9
5826.0,2.1930363045394184E-5,0.20485891445518215,0.7951191551817726
6097.0,0.9475137503623674,0.04862661646988137,0.003859633167751289
6367.0,0.5979632691367294,0.21326475181979804,0.18877197904347245
5385.0,1.766580273078783E-8,0.016719495783517817,0.9832804865506796
5146.0,2.8694357037570095E-6,0.26609201376777025,0.7339051167965259
5021.0,0.04952223847022683,0.9490166583508955,0.0014611031788776306
5692.0,0.005229377482406392,0.7855744696883686,0.20919615282922494
6450.0,0.9866886336496277,0.01331069638995421,6.699604180344586E-7
6177.0,1.956378944255855E-4,0.9901401886571635,0.009664173448410971
5935.0,2.557029041141102E-5,0.27451681618244894,0.7254576135271397
4929.0,0.0046429398245379115,0.9943157251458286,0.001041335029633511
5318.0,1.6782037623501804E-9,0.027274227684654942,0.9727257706371413
5589.0,0.7676198043494721,0.2316310952114026,7.491004391253316E-4
6131.0,1.4925379714061156E-12,4.579984654237522E-4,0.9995420015330837
5856.0,0.547200414150706,0.4525777460277278,2.2183982156619454E-4
6638.0,0.9983798257593959,0.0016201712725839859,2.9680201937156147E-9
5176.0,0.04786341057276974,0.9515346186950046,6.019707322257393E-4
5055.0,8.294237769020458E-8,0.08194399178619036,0.918055925271432
5419.0,2.665114525364021E-10,6.250462505468665E-4,0.9993749534829417
6693.0,0.011225699062661326,0.9864718439644674,0.0023024569728712584
5901.0,0.8711946878679632,0.1288042097731565,1.1023588804371124E-6
6147.0,3.1979089198314737E-7,0.9923203301108503,0.0076793500982577124
6416.0,5.66117532797643E-7,0.2389014233652032,0.761098010517264
5662.0,0.8087409860310312,0.19125842342766958,5.905412992681226E-7
5038.0,0.9984932475832414,0.001506751851812135,5.649463542992775E-10
5161.0,1.1825376077184551E-4,0.8554579778141984,0.1444237684250298
6708.0,0.9118353908198239,0.08788992478625125,2.7468439392481456E-4
5434.0,1.2897466750105634E-5,0.2951798717491529,0.704807230784097
6162.0,5.8309212198749324E-8,0.023800560357969205,0.9761993813328186
5916.0,1.788312528351668E-5,0.1399392836858143,0.8600428331889022
5647.0,0.9989972775306983,9.975604255765501E-4,5.162043725198493E-6
6401.0,0.9999988415570257,1.1584351685617062E-6,7.805811270623846E-12
5335.0,4.223476183421847E-15,8.65753189459252E-7,0.9999991342468062
4944.0,4.0140185258933773E-8,0.6256644025890548,0.37433555727076
5572.0,2.3805527823917687E-13,1.376341719415509E-4,0.9998623658278205
6114.0,1.0084606235568745E-9,0.0958712794714053,0.9041287195201342
6380.0,2.3165402827790503E-4,0.08125237858373006,0.918515967387992
6655.0,0.9832471955414004,0.016752561905628408,2.425529710848856E-7
5873.0,4.118618141943558E-10,0.5149757062989103,0.48502429328922797
5796.0,0.9999935230988558,6.474201650122021E-6,2.6994941695177726E-9
6570.0,0.06797594138573286,0.930469212755186,0.001554845859081052
6329.0,0.997539557343705,0.002454951105565435,5.491550729525295E-6
6071.0,0.9959154215903893,0.0039994910579588695,8.50873516518111E-5
5521.0,0.9771031120154849,0.02270708070939463,1.898072751205766E-4
5250.0,0.32727420581632033,0.670630525705838,0.0020952684778415497
6484.0,0.0445012423077239,0.955012399263631,4.863584286450262E-4
5722.0,0.20223195874471983,0.7088214140497547,0.08894662720552537
5961.0,8.67048959229677E-11,0.013704191613966339,0.9862958082993287
6215.0,2.8914603564349573E-6,0.9964858851252467,0.0035112234143968224
5487.0,2.0962771497536548E-5,0.9967234138090745,0.003255623419428071
6753.0,9.161147746381143E-9,0.037984814370057386,0.9620151764687949
5244.0,0.00384086923738092,0.9955885455389847,5.705852236344785E-4
5115.0,7.176143003216041E-13,9.065081495265059E-5,0.9999093491843297
5707.0,3.90343347884263E-8,0.3065608777340495,0.6934390832316156
6469.0,0.7391995445994537,0.26069953613053565,1.0091927001058865E-4
6230.0,6.690543235038004E-7,0.014969034265248543,0.9850302966804279
5976.0,2.891786816901942E-6,0.18922583805809504,0.810771270155088
6768.0,8.973285921526869E-7,0.04010000175360819,0.9598991009177996
5502.0,0.795340078419475,0.20454921002529172,1.1071155523337926E-4
5098.0,0.8951287004746061,0.10486972175250651,1.5777728873761573E-6
5229.0,9.75772106147713E-8,0.20807819490768534,0.791921707515104
6587.0,6.746946850225497E-6,0.997115150368286,0.002878102684863643
5813.0,0.9649942470030566,0.034955484271546405,5.02687253970526E-5
6054.0,0.007853305976503588,0.9912414190817979,9.0527494169855E-4
6312.0,4.430876944057223E-8,0.9028214180856533,0.09717853760557732
5504.0,9.345120071817694E-5,0.9923501323342274,0.007556416465054341
6798.0,0.025689214997729255,0.6219755960931499,0.3523351889091207
5267.0,0.26194280669019404,0.6684922886459495,0.06956490466385655
6010.0,0.004038417029291224,0.7256596030236224,0.27030197994708643
6260.0,0.6716806527514971,0.3283050278996547,1.4319348848201082E-5
6503.0,1.372928204012107E-4,0.9043753054742425,0.09548740170535622
5737.0,0.98120295154716,0.01879011501641588,6.933436424023409E-6
5064.0,7.615381045449338E-14,0.0033319919214403093,0.9966680080784834
5199.0,3.792169155913408E-10,0.0037890969917863814,0.9962109026289967
5468.0,0.007507554331684311,0.07849570106875325,0.9139967445995625
6738.0,1.2291959134459031E-5,0.9315904831882309,0.06839722485263477
6282.0,0.023460954772316325,0.9581789728532063,0.01836007237447751
6020.0,0.03134523528255198,0.966604151307108,0.0020506134103399657
6553.0,1.7812411624927576E-6,0.0066202997163929776,0.9933779190424445
5297.0,0.9727202815765474,0.027264673689263014,1.5044734189500454E-5
4918.0,0.9852574142545619,0.014204635835214162,5.379499102238934E-4
5538.0,0.996893570711785,0.0031064291119911424,1.7622385300652907E-10
6037.0,0.012194349330029913,0.8908893714839227,0.09691627918604734
6299.0,4.244941050266691E-5,0.8853774036793847,0.1145801469101127
6536.0,8.989974844859631E-9,0.2280240251706674,0.7719759658393578
5766.0,0.9964157711913476,0.003583078528118736,1.1502805336181295E-6
5280.0,1.3644665642470035E-4,0.951474780052582,0.04838877329099323
5555.0,3.526123058037452E-8,0.35273832259666743,0.647261642142102
6245.0,0.004288196069965491,0.9953941291360342,3.176747940003775E-4
5995.0,0.9994621895243,5.378054030491003E-4,5.072650901859984E-9
5752.0,0.04627451129621526,0.9525791218726358,0.0011463668311489314
6518.0,4.2565781588373507E-7,0.3213063115172016,0.6786932628249824
5214.0,5.1366405529775236E-5,0.9488296546436288,0.05111897895084134
5081.0,5.07897264125123E-7,0.44585266156117687,0.554146830541559
6723.0,0.9996787562827232,3.2124369945764E-4,1.781927729189766E-11
5453.0,1.0106879764472091E-7,0.10864683738535941,0.8913530615458429
5607.0,0.0012605514846535898,0.9953200578829432,0.0034193906324031294
5364.0,0.5156924416305176,0.48399420062471593,3.133577447665382E-4
4979.0,2.2851593949682288E-7,0.9993445595393727,6.552119446878358E-4
6620.0,3.7471073693748638E-6,0.049495115842091965,0.9505011370505386
5842.0,1.2247144585691617E-7,0.018743762731040826,0.9812561147975133
6081.0,0.050184733271425426,0.9479729616982917,0.0018423050302828323
6351.0,0.002861817664040347,0.8781592604669328,0.1189789218690269
6679.0,0.4728388914529353,0.5261432627834642,0.001017845763600424
5401.0,1.3149290772161171E-5,0.9998433185225397,1.4353218668826414E-4
5005.0,3.4952982186477346E-5,0.9077003239237036,0.09226472309410998
5130.0,1.7499440773200245E-13,0.0012205247388359323,0.9987794752609891
5676.0,3.654575917536614E-4,0.9929043190872734,0.006730223320972776
6434.0,1.8930873751794172E-6,0.9981161379187297,0.0018819689938952382
6193.0,0.9263667757528359,0.07199143416663628,0.0016417900805278808
5951.0,0.9997925421593045,2.0741350223418443E-4,4.4338461459691095E-8
5384.0,2.1091184215050293E-5,0.7150738913152154,0.28490501750056957
6662.0,0.26021462894856745,0.7397804582207094,4.912830723232994E-6
5147.0,4.2127105045708125E-4,0.9995253670369423,5.336191260065845E-5
5020.0,0.08312894781313653,0.8997359411627054,0.01713511102415815
6451.0,0.08284446332345088,0.9136656901064016,0.0034898465701475893
5693.0,0.5748757679908426,0.38784488497178127,0.037279347037376134
5934.0,0.35312573050040397,0.6463739498802931,5.003196193027653E-4
6176.0,0.00611793910624877,0.9755847792888926,0.01829728160485861
5622.0,0.2510120923724903,0.7489745072958316,1.340033167810263E-5
4962.0,1.515834934169121E-8,0.04062460558743641,0.9593753792542142
5349.0,0.011757414435504513,0.988228020298848,1.456526564742503E-5
6605.0,3.7461424962893535E-5,0.9601585823567,0.03980395621833706
