6393.0,2.7011991026379627E-7,0.006623100849275735,0.9933766290308139
6135.0,4.983303583723397E-8,0.013003187836811902,0.9869967623301522
5860.0,3.041535162244264E-11,0.0013298623850847,0.9986701375845
6634.0,0.32713368095631706,0.6728657834407601,5.356029228909164E-7
4933.0,4.739631649740595E-6,0.7474059477927153,0.25258931257563494
5585.0,0.013235872250796909,0.9852222974371395,0.001541830312063626
5897.0,0.9027868616896443,0.09669619127805176,5.169470323039948E-4
6151.0,1.9082688468880486E-10,0.3783385554805377,0.6216614443286355
6420.0,0.9201101153344605,0.0798728278433676,1.7056822171994467E-5
5658.0,0.999560408494175,4.3959033801322246E-4,1.1678117175470796E-9
5180.0,0.8574814158904218,0.14249372432530927,2.4859784269095166E-5
5051.0,1.44545401205984E-11,0.0022630163400797453,0.9977369836454657
5423.0,2.5403041584847118E-18,1.2725694804918016E-10,0.9999999998727431
6689.0,0.15326596732199113,0.8361775781530075,0.010556454525001332
6166.0,1.6991184413914747E-6,0.9662402690200984,0.03375803186146015
5912.0,9.082649331178454E-4,0.9943061898596207,0.004785545207261506
5643.0,1.0295512909811243E-9,0.011204939108716084,0.9887950598617326
6405.0,1.3434185468598819E-14,3.157312566321298E-6,0.9999968426874203
5034.0,0.0014668862076228912,0.9918140652791289,0.006719048513248202
5165.0,0.3443196008180483,0.6473151056244358,0.00836529355751586
6704.0,2.1847118477247505E-4,0.9812318575535179,0.018549671261709515
5438.0,0.9987528147563783,0.0012471690422198138,1.6201401843549156E-8
6118.0,1.8251619282102583E-9,0.08756521366770705,0.912434784507131
6376.0,2.7228121073702813E-6,0.04301482188180811,0.9569824553060845
6651.0,0.007446917706714965,0.9923935258812471,1.5955641203798637E-4
5877.0,4.542622689167453E-9,0.0022641656289838696,0.9977358298283935
5331.0,6.385970948874643E-5,0.746855810185205,0.2530803301053063
4948.0,8.98885117109695E-4,0.9036090039602631,0.09549211092262722
5568.0,1.941930696679E-7,0.7628370179131687,0.23716278789376158
5673.0,3.803025171166995E-7,0.4025879516502909,0.597411668047192
5946.0,0.9885406848609328,0.011456108508087134,3.206630980150257E-6
6196.0,0.10914471005398552,0.8907021218382373,1.5316810777722434E-4
5404.0,5.2219083012067404E-5,0.7638551448298065,0.2360926360871813
5000.0,0.07185589087644834,0.9016162979960626,0.02652781112748916
5135.0,2.610556498132628E-7,0.3434382051655212,0.656561533778829
5847.0,0.016294381880576254,0.8634604898953867,0.12024512822403718
6617.0,0.6545397776801064,0.3454597055441493,5.167757443373698E-7
6346.0,0.01826126373297043,0.9696220065676547,0.012116729699374848
6084.0,0.04866855295378081,0.923446213857098,0.02788523318912113
5602.0,0.998391463540777,0.001594599810469945,1.3936648753049003E-5
5361.0,0.9068766741973696,0.09312331771321425,8.089416028236956E-9
4982.0,0.0011898408196096045,0.9961470908986892,0.0026630682817011028
6600.0,0.026120511160292282,0.9644365929681623,0.009442895871545278
5830.0,1.9171765121733508E-7,0.03143555918076042,0.9685642491015883
6101.0,0.847327874585858,0.15266138830143117,1.0737112710735202E-5
6363.0,2.6124208830360234E-17,3.0485222237789284E-7,0.9999996951477776
5619.0,0.020096325318440193,0.979875914632244,2.7760049315739384E-5
4967.0,0.9927397856713153,0.007260212550563895,1.778120888626967E-9
5344.0,1.1359673888392852E-4,0.8783188491851557,0.12156755407596044
5688.0,1.655223194002791E-11,2.3829650344096584E-5,0.9999761703331036
6454.0,0.07249623054702911,0.9257601992585829,0.0017435701943879587
6181.0,0.8200448631446969,0.17995455696600418,5.79889298998843E-7
5931.0,0.006971643131425842,0.5192102614232199,0.4738180954453543
6659.0,2.411816933297935E-18,8.175416945391692E-8,0.9999999182458305
5389.0,1.2395356233815577E-4,0.4244958836785346,0.5753801627591273
5150.0,0.9288756323566456,0.07112418277288217,1.8487047225362287E-7
5017.0,0.9999152229369104,8.47688355309969E-5,8.227558626336176E-9
5068.0,0.06418041458995234,0.91743003934492,0.01838954606512772
5195.0,7.310358305437269E-4,0.7031706716145428,0.29609829255491343
5464.0,0.062213278329664876,0.6665900616051134,0.27119666006522175
6742.0,1.4351119962403836E-4,0.6211484389182083,0.3787080498821677
6014.0,2.3367493054167587E-17,3.610541789763373E-6,0.9999963894582102
6256.0,0.176286664859506,0.8234501821608035,2.631529796904733E-4
6499.0,1.627166424218132E-6,0.27406893798833376,0.7259294348452421
5741.0,1.8201343758247108E-11,0.015317412119183168,0.9846825878626154
5301.0,0.0016588774816343563,0.9982282222428696,1.1290027549601777E-4
5542.0,0.13442392342795909,0.865543891650554,3.218492148694387E-5
6286.0,0.5638269876118422,0.4361661606240508,6.85176410694943E-6
6016.0,4.5267549172454393E-4,0.03745003576055688,0.9620972887477185
5779.0,8.308368316446511E-4,0.9584088281456807,0.040760335022674656
6557.0,3.8624785016538287E-13,8.472838113566954E-6,0.9999915271615002
5284.0,0.08329694318653189,0.9138338853572506,0.0028691714562173983
5559.0,1.1451134678174523E-8,4.471128060622634E-4,0.999552875742803
6033.0,0.006749833187795671,0.6736685170882374,0.31958164972396697
6303.0,0.9966440994268977,0.003355781264240865,1.1930886139202058E-7
6540.0,2.740681826856605E-4,0.9747629353426639,0.02496299647465057
5762.0,2.869267857371651E-6,0.5438291870461466,0.456167943685996
5210.0,0.12714603137965602,0.8722048905774747,6.490780428692501E-4
5085.0,0.9991281342275486,8.718657640019653E-4,8.449295672662858E-12
6727.0,0.010763471545211917,0.9664330133418194,0.022803515112968673
5449.0,0.004772843949175921,0.9951599098185372,6.724623228686335E-5
6241.0,0.9844602456811097,0.015539255248008033,4.990708822490828E-7
5999.0,1.812407251634718E-7,2.6554074276133755E-4,0.9997342780165135
5756.0,2.1444304267456804E-4,0.6406897385754673,0.35909581838185806
6514.0,6.420376727908691E-5,0.7387955052939545,0.2611402909387664
5254.0,0.948412852623403,0.05158666285801353,4.845185833239799E-7
5792.0,1.2899346453884854E-25,4.283973324905217E-10,0.9999999995716027
6574.0,0.0018276243860774147,0.9969780854980154,0.0011942901159072501
6333.0,1.665670601854391E-10,0.005314762996297131,0.9946852368371358
6067.0,0.017231119554984884,0.9826031946105063,1.6568583450869744E-4
5483.0,0.004234189592725299,0.9576124611658581,0.038153349241416744
6757.0,0.28984620297611335,0.6958776544202983,0.014276142603588325
5240.0,0.6684224505295233,0.33157746065276045,8.881771635069354E-8
5119.0,4.730732552427726E-4,0.3477518468953561,0.6517750798494011
6480.0,0.0027062301741517495,0.996414303387485,8.794664383632128E-4
5726.0,4.0760952580267394E-7,0.09998478123651877,0.9000148111539554
5965.0,0.042331903970724234,0.4438835602107207,0.5137845358185551
6772.0,0.5532566135102581,0.44585084196619723,8.925445235447361E-4
5498.0,0.009093777261693864,0.9581421828137594,0.032764039924546726
5102.0,7.865786518693555E-13,0.0012416795812605472,0.9987583204179529
5225.0,6.752019074024105E-4,0.6217476154756665,0.3775771826169311
5711.0,0.9803662864298605,0.019633704229756334,9.340383254641994E-9
6465.0,0.9814031043998261,0.018161777098259682,4.35118501914274E-4
6226.0,5.014149225416311E-4,0.9989782759585263,5.20309118931912E-4
5980.0,0.3310534658065747,0.6600171072470745,0.008929426946350832
5508.0,0.00796891185860621,0.10206054697404195,0.8899705411673519
6794.0,5.428978130881613E-4,0.9984887667310197,9.683354558922313E-4
5271.0,0.9588700529070477,0.04110714791640418,2.2799176548032005E-5
6591.0,0.0012946505524672437,0.995155859245061,0.003549490202471756
5809.0,7.039988386719454E-9,0.998296489902349,0.0017035030576626879
6050.0,0.02013246130569236,0.9791994307804283,6.681079138793023E-4
6316.0,7.820496325179566E-9,0.840770693470693,0.15922929870881064
6150.0,0.6752956423421446,0.3246964125473575,7.945110497845116E-6
5896.0,3.1470685845273554E-8,0.8943336247785229,0.10566634375079123
5659.0,8.34109916924438E-7,0.35873774466606256,0.6412614212240204
6421.0,0.010714361902590425,0.9890832860546294,2.0235204278013584E-4
5181.0,0.9999691217591049,3.087824006309633E-5,8.319086612205694E-13
5050.0,4.696748184318879E-16,5.367103601574444E-7,0.9999994632896394
6688.0,0.09713145362265795,0.9028366403266814,3.1906050660597715E-5
5422.0,0.7726441487878271,0.2257155248114642,0.0016403264007086708
6134.0,2.2995643299239157E-10,0.017919259525187175,0.9820807402448564
6392.0,1.4363978077182526E-5,0.12714392528414759,0.8728417107377752
6635.0,0.9646453669426617,0.03535463080885768,2.248480628874098E-9
5861.0,6.184504048980693E-8,0.23558206556452627,0.7644178725904331
4932.0,2.034136972497013E-8,0.007165019211431252,0.992834960447199
5315.0,0.4886823776512907,0.5021010543929999,0.009216567955709416
6377.0,0.119545168831259,0.8796334073993074,8.214237694335498E-4
6119.0,0.03724127541618908,0.9627376885439538,2.1036039857006293E-5
5876.0,2.2887334347531873E-8,2.1354297310344968E-4,0.9997864341395623
6650.0,2.8161462039946976E-12,0.001979077271480901,0.9980209227257029
5330.0,4.797961642844603E-5,0.007988220406726098,0.9919637999768455
4949.0,0.9835901688853022,0.016407710392979512,2.120721718319755E-6
5569.0,1.2749426816733369E-4,0.9957659896955664,0.00410651603626613
5913.0,2.3299746735457234E-4,0.354543669380236,0.6452233331524093
6167.0,7.625327126484066E-10,0.029683379551596067,0.9703166196858711
6404.0,1.1422788376258989E-4,0.8259430107353267,0.1739427613809105
5642.0,0.42150104974546015,0.4396542514666806,0.13884469878785938
5035.0,4.8035001259857695E-16,5.57781972511688E-6,0.9999944221802743
5164.0,3.1479114164339374E-5,0.45713740865048846,0.5428311122353472
5439.0,5.49640892035699E-7,0.9892551859337932,0.010744264425314733
6616.0,2.2362044880819293E-5,0.13081988632253996,0.8691577516325791
5846.0,0.9919693547104476,0.008030465662835645,1.7962671676949502E-7
6085.0,9.058986241978298E-5,0.9152403606560268,0.08466904948155342
6347.0,0.9956046600345694,0.004394644465101583,6.955003289789935E-7
5603.0,2.9113539419393607E-5,0.05912114654580831,0.9408497399147723
5360.0,5.556838097496251E-7,0.4095780320924854,0.5904214122237048
4983.0,2.18281490343566E-6,0.2728481187962154,0.7271496983888812
5672.0,0.7220571107156326,0.277940994190709,1.8950936583981999E-6
6438.0,2.8630151205609054E-4,0.9748096993937587,0.02490399909418525
6197.0,0.23447833184663983,0.7479762742589184,0.017545393894441718
5947.0,1.1894070115374344E-5,0.9286869957449632,0.0713011101849214
6675.0,2.7775937997815743E-5,0.9639386153036882,0.03603360875831407
5405.0,9.490184730793142E-9,0.1764126332951574,0.8235873572146578
5001.0,5.245096490851255E-4,0.9494849602434724,0.049990530107442525
5134.0,0.9999560977023788,4.390019744658817E-5,2.10017461838058E-9
5689.0,1.1815232408738942E-9,0.0506088261749352,0.9493911726435416
5930.0,0.11223623826272941,0.8874652009357681,2.9856080150247E-4
6180.0,9.88514023790604E-15,6.759789564899421E-4,0.9993240210435002
5388.0,0.9641399559779827,0.035527200235363404,3.3284378665381136E-4
5151.0,1.4919023959009E-7,0.9957895393398449,0.004210311469915525
5016.0,3.7256922655780303E-10,0.040606184757851854,0.9593938148695789
5831.0,9.400402570410901E-5,0.9594457286063942,0.040460267367901606
6601.0,0.9863319648245314,0.0136680216418791,1.3533589395503291E-8
6362.0,4.993386235681049E-4,0.7862678514555442,0.21323280992088767
6100.0,0.9947930197047249,0.0052043369569464235,2.643338328539682E-6
5618.0,3.3957969989702444E-11,4.4660486353586285E-4,0.9995533951025061
4966.0,0.0022187026749194154,0.9977435923775577,3.77049475228924E-5
5345.0,0.09357755456199189,0.8944553034124518,0.01196714202555632
5300.0,0.16955486770692868,0.8301420212906194,3.031110024518333E-4
5543.0,0.04359021874524779,0.005379797574234313,0.9510299836805178
6017.0,1.4201162863948112E-4,0.9998520209456828,5.967425677620548E-6
6287.0,0.962542242832936,0.03745722099995429,5.361671097291534E-7
6556.0,0.0020290542378971076,0.7114777817006093,0.28649316406149355
5778.0,6.6565767342203756E-6,0.9946760496646995,0.005317293758566275
5069.0,3.7045202938212355E-7,0.2777171973553731,0.7222824321925975
5194.0,0.017101108538166324,0.9821515077717199,7.47383690113818E-4
6743.0,0.358270552399623,0.6417086388772675,2.080872310957234E-5
5465.0,0.9870340019121222,0.012965957702659875,4.03852179708957E-8
6257.0,2.0458625826815134E-4,0.9997827539669205,1.265977481123832E-5
6015.0,0.981490003764828,0.01850878486750633,1.2113676657084246E-6
6498.0,3.109491020288236E-6,5.659532641827712E-4,0.9994309372447969
5211.0,6.494097728087638E-11,0.007336801411152216,0.9926631985239068
5084.0,4.177108688396374E-5,0.02280385974622737,0.9771543691668887
5448.0,3.2693177975063316E-12,3.8470722991206305E-4,0.9996152927668186
6726.0,5.794617861091742E-8,0.23470256921571245,0.7652973728381088
5998.0,0.4630139550648017,0.5369672855582008,1.875937699741327E-5
6240.0,1.2602859468189898E-9,0.015127323171472199,0.9848726755682419
6515.0,0.01828362293931132,0.9815530084172195,1.633686434691068E-4
5757.0,0.7605050355753826,0.23948343739858785,1.1527026029490215E-5
5285.0,1.3398662310760966E-7,0.0524363088104981,0.9475635572028788
5558.0,1.5883901164838262E-10,0.01263891135187727,0.9873610884892837
6032.0,0.09717629671538748,0.9025909931366674,2.327101479452404E-4
5763.0,7.5921850369114E-4,0.9459086918283662,0.05333208966794263
6541.0,0.005038548430624052,0.9873194019419173,0.007642049627458749
5482.0,0.08243413154982161,0.9175652708339976,5.976161808120638E-7
5241.0,6.738738079619328E-9,0.016077392699120136,0.9839226005621419
5118.0,0.9992123839596573,7.8760399232189E-4,1.2048020690854084E-8
6481.0,2.855795622051136E-11,2.6717169801444157E-4,0.9997328282734276
6210.0,1.6183596098688597E-4,0.9971808850061871,0.0026572790328261596
5964.0,0.9999760073817303,2.399258233137726E-5,3.593822925592597E-11
5524.0,0.6379672337279807,0.35424840309237055,0.007784363179648742
5255.0,0.9916721659230896,0.008309719760278304,1.8114316632158094E-5
6575.0,0.005870890468598714,0.8743826990262847,0.11974641050511649
6066.0,0.0021804894963803347,0.8965267793526835,0.10129273115093614
6332.0,0.024124063320345685,0.9755428402511511,3.330964285033037E-4
6795.0,0.9608651110314588,0.03913478901849431,9.995004694941524E-8
5509.0,1.6293130897788724E-6,0.25372964263141645,0.7462687280554938
5270.0,0.6566488393694032,0.34335088406159747,2.765689993269496E-7
5808.0,1.596581684504208E-6,0.1567378976522903,0.8432605057660253
6317.0,0.0025071607181597127,0.9918293233914591,0.005663515890381249
6051.0,0.23690833500762648,0.7479848690431274,0.015106795949246058
5499.0,3.5687803890818644E-4,0.728029127482857,0.2716139944782348
6773.0,2.4877687962671416E-7,0.5805723740702926,0.41942737715282774
5103.0,2.199644638412924E-6,0.5360789016635801,0.46391889869178143
5224.0,3.145196052844648E-4,0.10098753934107538,0.8986979410536402
6464.0,0.9919697241815331,0.008030275415910193,4.0255664110539E-10
5710.0,7.127656796845629E-4,0.884475796054043,0.11481143826627235
5981.0,1.2312586159769353E-9,2.0782871054288916E-4,0.9997921700581984
6227.0,0.015114040954306065,0.9486424244604044,0.0362435345852896
5641.0,6.146132511111716E-5,0.9986213541456838,0.001317184529205272
6407.0,2.081164826616399E-12,0.010876425229386146,0.9891235747685327
6164.0,0.9692688146515818,0.030726791294421536,4.394053996729682E-6
5914.0,3.924479943274973E-5,0.9902318011331879,0.009728954067379263
6706.0,0.8117875799112707,0.18821040330963362,2.016779095594192E-6
5436.0,9.968809329661144E-9,0.5103808669289424,0.4896191231022483
5032.0,2.3306875958648287E-8,0.004318682621156159,0.9956812940719679
5167.0,4.498685019110783E-5,0.43981704757841894,0.56013796557139
6649.0,0.030136138876507398,0.9698023416839534,6.151943953930439E-5
5879.0,0.5763065192829194,0.4236922287567228,1.2519603576936077E-6
6116.0,1.881607604973362E-17,8.76728121555931E-10,0.9999999991232719
6378.0,0.01337962095732339,0.9865343793765271,8.59996661494942E-5
5329.0,0.9996437021294244,3.562929279134147E-4,4.942662114256916E-9
4950.0,0.922961764676005,0.07510478415601976,0.0019334511679753074
5862.0,0.05611226350343913,0.6317041902225261,0.3121835462740348
6632.0,0.02256058995481202,0.9767757168889327,6.63693156255424E-4
6395.0,0.12220670618836796,0.8760146840006666,0.0017786098109654912
6133.0,9.71935146552718E-11,0.001997133135945656,0.9980028667668609
5587.0,2.126187961758702E-8,0.8518548936377991,0.14814508510032132
4935.0,0.8331903529951042,0.16438594902146456,0.0024236979834311796
5312.0,0.07442032487239277,0.9233440414030271,0.002235633724580132
6422.0,0.38084794457467197,0.6179705167981404,0.0011815386271875248
5656.0,1.4564697999928562E-9,0.01645434991610738,0.9835456486274228
5899.0,4.1189911544791493E-5,0.9924861142432729,0.007472695845182183
6149.0,0.01305983370446799,0.9865855141242592,3.5465217127277147E-4
5421.0,0.9899426172734554,0.010057144823194808,2.3790334976602958E-7
5182.0,0.0013167366848841,0.9968175551643524,0.00186570815076358
5049.0,1.0652390834243015E-10,6.222877519915161E-4,0.9993777121414845
6103.0,0.024662096772302546,0.9753013855359255,3.651769177202626E-5
6361.0,1.557058288263332E-9,0.023576153456650727,0.976423844986291
6602.0,0.9998971610668111,1.0281075857606972E-4,2.8174612839207022E-8
5828.0,0.952064726178656,0.04792415015841314,1.1123662930894155E-5
4965.0,0.6661306090788559,0.33386581418824246,3.5767329016300483E-6
5346.0,0.005731248943662644,0.7415852687751806,0.2526834822811567
5617.0,0.914214554473791,0.08575798070258944,2.746482361954063E-5
6183.0,1.239386306383282E-5,0.007375958747743736,0.9926116473891925
5929.0,4.642860647308864E-5,0.024477106690947145,0.9754764647025798
5690.0,2.3007570133005542E-7,0.21708901459779748,0.7829107553265012
6452.0,0.001982997424679205,0.9923124421231574,0.005704560452163322
5148.0,1.4953292288532944E-10,7.818658097363323E-5,0.9999218132694935
5019.0,0.0057893861553154225,0.9941797630826004,3.085076208421372E-5
6657.0,3.032482441431037E-12,7.341803844023095E-4,0.9992658196125652
5391.0,1.6344525793353978E-13,1.345961576225462E-4,0.999865403842214
5944.0,1.75680411623717E-8,0.1524212525016174,0.8475787299303416
6198.0,0.9824522972406092,0.017370764453272052,1.769383061187662E-4
6437.0,0.9973066178777245,0.0026933816490524085,4.732231026194123E-10
5675.0,0.0010958731976152749,0.982154710054992,0.016749416747392783
5002.0,3.670351251602691E-10,4.4725017406709586E-4,0.9995527494588978
5133.0,9.52768265739599E-26,1.6308100951105186E-14,0.9999999999999837
5406.0,8.657928418789E-11,2.6456136216452424E-4,0.9997354385512561
6672.0,7.813365474175776E-10,0.0027577675308039307,0.9972422316878595
6344.0,0.984040252159049,0.015134719096662958,8.250287442881355E-4
6086.0,6.463939148295353E-12,9.675266816946705E-6,0.9999903247267191
5845.0,2.40569615897863E-6,0.26248432404963473,0.7375132702542063
6619.0,1.947587880441295E-20,5.783049630455878E-8,0.9999999421695037
5363.0,3.332094423511135E-5,0.9974692972198845,0.002497381835880332
4980.0,0.04905279935629842,0.9432951579860793,0.007652042657622313
5600.0,0.4704630687573615,0.5295286332448768,8.297997761903635E-6
5557.0,0.43129474020442876,0.5575950923776458,0.011110167417925408
5286.0,7.768946937855169E-16,1.7720467340988214E-5,0.9999822795326583
6542.0,0.9882636103716202,0.011732759598943302,3.6300294364282006E-6
5760.0,5.348606774503311E-5,0.9985107602528973,0.0014357536793576362
6035.0,0.42884453936796374,0.5695160968204896,0.0016393638115467539
6301.0,5.642545380171633E-4,0.25713160112765066,0.7423041443343322
6725.0,0.2987411034013,0.6969308691229116,0.00432802747578847
5451.0,4.2670483541165255E-9,0.22434822226463905,0.7756517734683126
5208.0,1.6713576616686798E-6,0.045893532369822375,0.9541047962725159
5087.0,5.759717336705645E-9,0.19293549935145135,0.8070644948888314
5758.0,0.011829937244219262,0.9873410884595099,8.28974296271021E-4
6512.0,1.8372832176971943E-4,0.6775339640007795,0.322282307677451
6243.0,0.23996925671563069,0.7600287755370969,1.96774727247744E-6
5997.0,3.022197528090329E-16,4.398676063375778E-6,0.9999956013239363
5466.0,0.06357942113466411,0.9363773284323177,4.3250433018134276E-5
6740.0,0.0010345813282523668,0.9948483589466897,0.004117059725057959
5070.0,0.046312875293347745,0.8164387581798014,0.1372483665268509
5193.0,0.3937708773125054,0.6048981380920719,0.0013309845954226117
6497.0,0.998165817804551,0.0018338309583601678,3.5123708876354174E-7
5743.0,0.9151272491036468,0.08476592425132357,1.0682664502963967E-4
6012.0,0.1934211588294825,0.2584084803630466,0.548170360807471
6258.0,3.479365480132986E-6,0.799720105671348,0.20027641496317183
5540.0,6.115065155939575E-6,0.9501048010214576,0.04988908391338649
5303.0,7.943298058604959E-4,0.9142344721442829,0.08497119804985656
5777.0,0.9789134184313504,0.021026640109843803,5.994145880583166E-5
6559.0,1.2399997025413683E-14,5.702658424360057E-7,0.9999994297341452
6284.0,0.002938589898205201,0.9872213182275612,0.009840091874233549
6018.0,0.027513687710850592,0.9724538174633132,3.249482583621058E-5
5100.0,0.9558474540707754,0.04415233102450139,2.1490472318932285E-7
5227.0,2.4839492799437752E-5,0.9632906153674545,0.03668454513974602
6774.0,3.028794813050281E-6,0.007718102338202542,0.9922788688669845
5496.0,0.05002204050326917,0.9499530750553853,2.4884441345616755E-5
6224.0,2.981927956881603E-11,9.325256585464625E-6,0.9999906747135953
5982.0,0.34145841818844486,0.658485231447625,5.635036393000225E-5
5709.0,0.0021125671600044586,0.9339412640399154,0.06394616880008011
6467.0,0.07828669372139832,0.9216963002029384,1.7006075663284316E-5
5269.0,0.0018584825487658835,0.0784054179050184,0.9197360995462156
6792.0,8.899384446184823E-9,0.9865734724050842,0.013426518695531334
6048.0,0.9988959559813212,0.0011040439928226835,2.5856073090009623E-11
6318.0,7.76108618742047E-6,0.9994718881517017,5.203507621108424E-4
6589.0,5.655962439256315E-6,0.42364526394307267,0.576349080094488
5811.0,0.0188265115372031,0.9778004671527346,0.0033730213100623767
5252.0,0.09164385936560901,0.5268534302030502,0.3815027104313408
5527.0,0.9999859141209767,1.4085869984162101E-5,9.039055785930746E-12
6335.0,0.13914257925663737,0.8568179040515667,0.004039516691795875
6065.0,7.61485079566301E-5,0.8947254025121646,0.10519844897987886
5794.0,0.1456411517328586,0.8543345105439228,2.4337723218475695E-5
6572.0,0.7744993936341558,0.22523209658752028,2.685097783240191E-4
5242.0,4.2503126587207803E-13,6.170110504942924E-4,0.9993829889490807
5117.0,1.362782567719578E-13,0.2500582570212522,0.7499417429786116
5481.0,1.4083758785494012E-9,0.021791064537900424,0.9782089340537238
5967.0,0.9680830781983519,0.031907155065433984,9.76673621413851E-6
6209.0,0.0022590935336939243,0.9977138191859711,2.7087280334932368E-5
6482.0,8.453856661295767E-5,0.9998611252305678,5.4336202819358804E-5
5724.0,1.1020189042534417E-9,7.164456489730777E-6,0.9999928344414915
6648.0,3.3267593405656814E-4,0.884308494298448,0.11535882976749544
6379.0,0.005908433900402403,0.9074452397516926,0.08664632634790509
6117.0,2.583363297585571E-4,0.7075865650634171,0.2921550986068243
5571.0,0.9061473335572532,0.09384918977945474,3.4766632920719795E-6
5328.0,5.266626798420182E-12,1.5349236040910831E-6,0.9999984650711293
4951.0,3.66998513320787E-5,0.9999519402334751,1.1359915192837525E-5
6406.0,1.419481782686511E-17,2.9205679358604938E-8,0.9999999707943207
5640.0,0.019282799415316822,0.9762238179492396,0.004493382635443489
5915.0,0.08912299805135614,0.9076303606029194,0.0032466413457244905
6165.0,0.9955163553115017,0.0044836228393589465,2.1849139338885197E-8
5437.0,0.8160678173202308,0.18393197829864802,2.0438112117104634E-7
6707.0,1.4043068690045182E-5,0.15471049367961243,0.8452754632516976
5033.0,1.498893423347438E-4,0.07722161860220325,0.922628492055462
5166.0,0.03340686142234078,0.9470678025724055,0.019525336005253767
5657.0,0.9995441982524974,4.5573645465321605E-4,6.529284926592576E-8
6148.0,9.544336369362736E-14,1.3275861195580815E-7,0.9999998672412925
5898.0,4.77202588695022E-17,5.128018916690865E-7,0.9999994871981083
6690.0,0.020937163252380386,0.9788539465126977,2.0889023492181796E-4
5420.0,0.7918661287494773,0.20809301906208588,4.085218843685741E-5
5183.0,7.263640927146517E-4,0.007433661589019802,0.9918399743182655
5048.0,0.0014651315495452068,0.9983367003629682,1.9816808748663884E-4
6633.0,2.223588095596944E-6,0.02349308650695114,0.9765046899049532
5863.0,0.007949886903282582,0.9907754782024761,0.001274634894241302
6132.0,4.405729444732941E-14,2.4823249250745228E-8,0.9999999751767067
6394.0,7.615028022560521E-10,0.0295819726400729,0.9704180265984244
5586.0,0.17860207736282965,0.8213379165469442,6.000609022611141E-5
4934.0,1.099973527977526E-4,0.3076935387260819,0.6921964639211204
5313.0,3.8902924369737764E-4,0.997376385188848,0.0022345855674547137
5928.0,0.4324297052098829,0.5668021235382633,7.681712518538153E-4
6182.0,6.345519425555121E-9,0.0020677593495244243,0.9979322343049561
6453.0,0.9976382410777415,0.002361423853423035,3.350688355004605E-7
5691.0,7.101541046339902E-14,6.208202318035307E-5,0.9999379179767486
5149.0,0.33522093180876006,0.1974327542079559,0.4673463139832841
5018.0,0.9985272581317511,0.0014727285117978708,1.3356450895889904E-8
5390.0,0.09986274076900244,0.8986111680525526,0.0015260911784449607
6656.0,0.9465103415661998,0.05344303642906918,4.6622004730943985E-5
6360.0,8.318655835191925E-4,0.9913924203511526,0.007775714065328208
6102.0,1.823303478680659E-4,0.14677995173734124,0.8530377179147908
5829.0,1.9064203200787697E-6,0.015894913015824682,0.9841031805638553
6603.0,0.03042303786909292,0.9689874319353496,5.895301955574149E-4
4964.0,2.6004203440225707E-11,7.158839642518034E-5,0.9999284115775705
5347.0,1.1491427938729088E-13,1.0424841777181028E-5,0.9999895751581078
5616.0,6.902859550401942E-7,0.2447875059004836,0.7552118038135613
6087.0,2.150942393503194E-9,0.07997305312482686,0.9200269447242307
6345.0,1.2820624339848517E-5,0.03462350202480461,0.9653636773508555
5844.0,1.4430576494428627E-7,0.005060439309906122,0.9949394163843288
5362.0,0.997439536422136,0.002544923800310442,1.5539777553659356E-5
4981.0,1.2618179105553048E-9,0.0031816464866719447,0.9968183522515102
5601.0,8.535920932950484E-5,0.9889853455683852,0.010929295222285116
5945.0,3.154561310021507E-5,0.9729749613225475,0.0269934930643522
5674.0,4.99470202660683E-9,4.269644030718762E-5,0.9999572985649908
6436.0,0.6295904488468541,0.37040612551330837,3.4256398375114654E-6
5003.0,0.4054352444753706,0.5945629822028274,1.773321801828459E-6
5132.0,0.448520886506803,0.3062141452598241,0.2452649682333729
6673.0,2.1941921155865197E-5,0.8021560288729124,0.19782202920593178
5407.0,0.7556043563790634,0.24431956119526863,7.608242566796822E-5
5450.0,1.9793461793189474E-7,0.06213819112099448,0.9378616109443876
6724.0,0.12329949850070658,0.8757656542567527,9.348472425406325E-4
5209.0,9.441550538120583E-5,0.9811035741357385,0.01880201035888038
5086.0,1.0690957609275518E-11,3.4767349127675073E-4,0.9996523264980323
6513.0,0.683918253621704,0.31200394997392245,0.004077796404373637
5759.0,0.03355179125126291,0.9661417363906478,3.064723580892407E-4
5996.0,0.41690511904593175,0.5828214039857003,2.7347696836803965E-4
6242.0,3.585138083840997E-7,0.5278739202809551,0.47212572120523655
5556.0,0.9913514412143202,0.008648555288207507,3.4974722540126153E-9
5287.0,0.7371047340624036,0.26288882100592276,6.444931673601266E-6
5761.0,0.7844480400816729,0.21554321833619663,8.741582130453826E-6
6543.0,0.0019353723106541442,0.9619785408732823,0.03608608681606355
6300.0,0.656966057010443,0.3429956163305295,3.8326659027546035E-5
6034.0,0.8505844167697828,0.14941346386665572,2.1193635615198434E-6
5541.0,5.986519498447425E-8,0.27593746867433566,0.7240624714604693
5302.0,5.298717391259678E-12,8.154577212668674E-6,0.9999918454174886
6558.0,5.9683823432643215E-5,0.9986904782729704,0.0012498379035969216
5776.0,0.0697688760976365,0.5807874352792327,0.3494436886231308
6019.0,0.619049494824039,0.3800662453944777,8.842597814831912E-4
6285.0,0.9574359521995187,0.04255528559244512,8.76220803615331E-6
5467.0,0.15058994315787672,0.849406922368523,3.1344736003134646E-6
5071.0,0.9106590393964944,0.08931417182937872,2.6788774126975137E-5
5192.0,0.11686221682621827,0.8824670479137835,6.707352599983516E-4
5742.0,2.1567305739206212E-5,0.9999572885412014,2.1144153059488582E-5
6259.0,1.1934351227497371E-4,0.9883456800662935,0.011534976421431463
6013.0,1.6937302395779753E-4,0.8581843963465394,0.1416462306295029
5268.0,0.6085124675861038,0.3903834512846914,0.0011040811292047537
6793.0,4.0579204062149665E-4,0.2991430029057359,0.7004512050536426
5511.0,0.999981611812259,1.8387522772856954E-5,6.649682001045911E-10
6319.0,0.9934332407784925,0.006566279886592393,4.793349151797029E-7
5810.0,0.17020632788734866,0.8280363365486576,0.0017573355639936012
5101.0,6.570750476949138E-6,0.2622468155190165,0.7377466137305065
5226.0,0.08075883255558662,0.9190543861076037,1.8678133680959143E-4
5497.0,0.02090800508978765,0.9774445435965455,0.0016474513136668543
6775.0,5.8769919951025317E-5,0.2522200358510107,0.7477211942290383
5983.0,0.12886766029944519,0.8711137693507106,1.8570349844206237E-5
6225.0,4.451325374886106E-7,0.716066321564099,0.28393323330336345
6466.0,5.792270439596279E-4,0.47584976445687527,0.523571008499165
5708.0,7.323946818380362E-6,0.9497925200833818,0.05020015596979993
5116.0,0.21702966315103933,0.780103728853063,0.0028666079958976865
6758.0,0.9855477684315006,0.014451028487267705,1.2030812315248732E-6
5480.0,6.850667818910902E-5,0.6555028746321182,0.3444286186896927
6208.0,0.17244214019166246,0.8274973889010667,6.047090727075192E-5
5966.0,2.2206888331086533E-8,0.9992932108997234,7.067668933882031E-4
5725.0,7.537129265630563E-9,0.09126905450739933,0.9087309379554713
6483.0,0.9945715648556823,0.005428370654543178,6.448977441873807E-8
5253.0,0.002337174466975895,0.9477203456855109,0.04994247984751331
5526.0,4.284973404391818E-5,0.4109883471807958,0.5889688030851603
6808.0,7.824680221866904E-5,0.9749815013483847,0.024940251849396623
6064.0,0.1922187872615547,0.8075511650628986,2.3004767554670884E-4
6334.0,0.8234039233507705,0.17654168692616753,5.438972306197757E-5
6573.0,0.6680743894010167,0.331923044223316,2.566375667308286E-6
5795.0,0.33434060840018276,0.6654297863825029,2.296052173143441E-4
5400.0,0.0011978868332394774,0.9980310742241011,7.710389426594872E-4
6678.0,0.29912020780637266,0.6997100869500286,0.0011697052435988733
5004.0,0.11742928212524906,0.8823609279593939,2.097899153570018E-4
5131.0,2.2511060875450077E-12,1.6741714492113028E-5,0.9999832582832567
6435.0,3.097037757471111E-4,0.535444142573618,0.4642461536506348
5677.0,0.005033783073292423,0.9949492047417522,1.7012184955340508E-5
5950.0,4.706995197043463E-15,8.861834231938609E-6,0.9999911381657633
6192.0,0.995811403686452,0.004177165518591319,1.1430794956581376E-5
5606.0,8.589440628082666E-9,0.0011147362256129607,0.9988852551849464
5365.0,1.6777681192111799E-9,0.0010794318920404331,0.9989205664301914
4978.0,0.9891711429373258,0.010827542167688699,1.3148949853952404E-6
5843.0,5.1510176178439426E-9,0.2181502083925057,0.7818497864564767
6621.0,0.9990221954322073,9.777480054943436E-4,5.6562298459579136E-8
6350.0,0.7135556505602292,0.23553716924269755,0.05090718019707331
6080.0,0.005771554076648314,0.9940846872514959,1.4375867185572973E-4
5623.0,2.5975505030928263E-7,0.7812835343983918,0.21871620584655793
4963.0,0.9872183471942004,0.0127653800944591,1.627271134043479E-5
5348.0,0.01615850937702513,0.9838083990722692,3.309155070549215E-5
6604.0,0.9998740129563406,1.2598413726028283E-4,2.9063991874730035E-9
5826.0,2.248433372138303E-5,0.08082746590612368,0.9191500497601549
6097.0,0.5897047885009422,0.35788183978043997,0.052413371718617936
6367.0,0.47833107004460784,0.2020405614402155,0.3196283685151765
5385.0,2.02124364602714E-9,0.007570654089137546,0.9924293438896189
5146.0,0.002467853588944889,0.9702125029258509,0.02731964348520424
5021.0,0.053922455891080225,0.9451592560901508,9.182880187687919E-4
5692.0,0.003224761185477513,0.7896847060379532,0.2070905327765693
6450.0,0.9932310920102668,0.006768866455321436,4.153441173314152E-8
6177.0,0.0022236266670628306,0.9648077231252681,0.03296865020766897
5935.0,5.076766536034812E-7,0.03306541404292859,0.9669340782804179
4929.0,3.18250021325002E-5,0.9998837646482905,8.441034957677379E-5
5318.0,2.053348364597462E-12,0.0011166689352003717,0.9988833310627463
5589.0,0.8690223092929124,0.1309670046454405,1.0686061647133198E-5
6131.0,3.021065696930446E-12,0.004177564184048848,0.9958224358129302
5856.0,0.5765588673658825,0.4233507369503831,9.039568373454277E-5
6638.0,0.9969210757766831,0.003078923947315639,2.760012731507079E-10
5176.0,0.0030334517784210814,0.9951726914047727,0.0017938568168063256
5055.0,5.362045726912614E-7,0.03166593438276916,0.9683335294126582
5419.0,1.1190493997436766E-12,2.4619048857732522E-5,0.9999753809500233
6693.0,0.02190763803950727,0.9764955851250368,0.0015967768354559462
5901.0,0.7545985180315248,0.24539706160976807,4.420358707183382E-6
6147.0,1.0580446567595264E-4,0.9994952879944943,3.9890753982968854E-4
6416.0,9.871622810825987E-8,0.02575932796298799,0.974240573320784
5662.0,0.7544224562833444,0.24557752180286882,2.1913786897716244E-8
5038.0,0.9993639315343735,6.360684198630394E-4,4.5763556357090836E-11
5161.0,0.001366553627723119,0.956525265124309,0.04210818124796782
6708.0,0.9533402869398964,0.04662746372333639,3.2249336767262855E-5
5434.0,1.5576520129927308E-7,0.02958726123291068,0.970412583001888
6162.0,4.724813911524919E-9,0.020422296235403058,0.979577699039783
5916.0,4.005750322980182E-5,0.19700423141561976,0.8029557110811505
5647.0,0.9969362014944658,0.003058881834453296,4.916671080813076E-6
6401.0,0.9999937975195573,6.202407332936749E-6,7.310971641852979E-11
5335.0,7.100084422268429E-17,4.1657718090134805E-8,0.9999999583422818
4944.0,3.362632116022901E-7,0.08423895878544985,0.9157607049513385
5572.0,3.1588144264936997E-18,2.2070569553485475E-6,0.9999977929430446
6114.0,8.576700412249411E-16,1.373761518117126E-5,0.9999862623848179
6380.0,1.719055901684339E-5,0.030143764775113217,0.9698390446658699
6655.0,0.689432684115976,0.31042575083291263,1.4156505111135686E-4
5873.0,4.465666735338482E-14,0.012130949689124626,0.9878690503108306
5796.0,0.9999607827622436,3.921593135877335E-5,1.3063976627577381E-9
6570.0,0.00307586295936774,0.9965799291286426,3.4420791198963157E-4
6329.0,0.9997645920352751,2.346926680721559E-4,7.152966527919639E-7
6071.0,0.9981760775416817,0.0017996814505331252,2.4241007785193192E-5
5521.0,0.852707269394081,0.14689838592358626,3.9434468233273635E-4
5250.0,0.39760221334775503,0.6023438993395066,5.388731273841154E-5
6484.0,0.009395702556769078,0.9898065080417231,7.977894015077265E-4
5722.0,0.057235519069595474,0.5874808031117871,0.3552836778186175
5961.0,1.1301249427421531E-14,8.778109428435007E-4,0.9991221890571452
6215.0,1.2496728967664164E-5,0.9921805810427322,0.007806922228300104
5487.0,3.709590059848431E-6,0.9911171686410253,0.008879121768914732
6753.0,3.2113459068947343E-12,4.425181257939042E-4,0.9995574818709947
5244.0,8.340683897203507E-4,0.9976722985300378,0.0014936330802417142
5115.0,1.878258113815727E-12,1.1577310045109245E-4,0.9998842268976706
5707.0,3.6615567886226354E-9,0.031218378244624315,0.9687816180938189
6469.0,0.017563436589503167,0.98152002045378,9.165429567168492E-4
6230.0,1.101580082136625E-6,6.261706767321535E-4,0.9993727277431858
5976.0,3.789771653178156E-10,0.0021840025447859798,0.9978159970762368
6768.0,5.391197528701911E-11,0.0023885993630799107,0.9976114005830081
5502.0,0.9288813807480931,0.0710291438525879,8.9475399318941E-5
5098.0,0.9946733804932013,0.005326614687662043,4.8191365869578546E-9
5229.0,3.634940557955685E-9,0.047724413245844595,0.9522755831192148
6587.0,5.962341672074528E-7,0.9972979685479101,0.002701435217922748
5813.0,0.9983177517758657,0.0016820438369283509,2.0438720603017848E-7
6054.0,0.03548532776372986,0.9634897820739852,0.0010248901622850303
6312.0,2.1511797006726884E-10,0.006713660433630685,0.9932863393512514
5504.0,3.349268399291563E-5,0.9933462950445876,0.006620212271419463
6798.0,0.047153570638823535,0.9501009961427159,0.002745433218460545
5267.0,3.4923013454187505E-4,0.03141574398796872,0.9682350258774893
6010.0,0.03685324684752691,0.9386698098022126,0.024476943350260617
6260.0,0.7878181168489379,0.21205413071656298,1.2775243449902592E-4
6503.0,0.004069898394087992,0.9804603568045603,0.015469744801351793
5737.0,0.9991783121068458,8.216718559509052E-4,1.603720326564516E-8
5064.0,4.608423032843236E-17,1.3363068040136094E-4,0.9998663693195986
5199.0,4.323013072628756E-9,0.005000932798289248,0.9949990628786977
5468.0,0.011799290592211275,0.5105926716817454,0.4776080377260433
6738.0,4.542145074991848E-7,0.3488041943905952,0.6511953513948973
6282.0,0.25672758163208476,0.7423429756530824,9.294427148328053E-4
6020.0,7.488349025280109E-4,0.9971936546044509,0.002057510493021093
6553.0,5.612603821427622E-4,0.03171116400563411,0.9677275756122231
5297.0,0.9715063635948902,0.02849352262736222,1.1377774768383672E-7
4918.0,0.9818801101215037,0.018099772437536046,2.011744096025967E-5
5538.0,0.9969808943245431,0.003019105584880158,9.057669247199466E-11
6037.0,0.0013935836984731672,0.27502653604171234,0.7235798802598145
6299.0,9.165246903412875E-7,0.38303368190546344,0.6169654015698464
6536.0,1.5629947155515083E-11,0.001619996014890381,0.9983800039694796
5766.0,0.9986912725417569,0.0013086697368801224,5.7721362978107306E-8
5280.0,7.552302374077715E-4,0.9778205868122916,0.021424182950300647
5555.0,4.297966695158821E-8,0.7496065554252057,0.25039340159512724
6245.0,8.795398369237941E-5,0.9915735929588406,0.008338453057466926
5995.0,0.9999647936193818,3.5206379157860275E-5,1.4602805935796982E-12
5752.0,0.0013605091411500023,0.998374275296359,2.652155624909122E-4
6518.0,4.3477978153498523E-8,0.6711500709022663,0.32884988561975553
5214.0,5.6511745595465496E-5,0.8998077903445695,0.10013569790983506
5081.0,4.762331399543671E-8,0.9620118975534429,0.0379880548232431
6723.0,0.9999863673179493,1.3632681688465065E-5,3.6229998817481643E-13
5453.0,7.85466721167316E-6,0.3305997140708847,0.6693924312619036
5607.0,0.002715752152270807,0.9969536638106087,3.3058403712068335E-4
5364.0,0.0666970193035313,0.9332398081377729,6.317255869595389E-5
4979.0,3.165548872614792E-6,0.9986553647183157,0.0013414697328116255
6620.0,4.775022714225536E-6,0.10190736603306433,0.8980878589442214
5842.0,4.365664522969415E-7,0.020656003555573486,0.9793435598779742
6081.0,0.27139228337943155,0.7285127030530688,9.501356749960425E-5
6351.0,3.036567088874961E-5,0.8920319295474938,0.10793770478161746
6679.0,0.9384588835770641,0.06153380666965361,7.309753282191433E-6
5401.0,5.984471561484476E-6,0.9999804255865211,1.3589941917337995E-5
5005.0,8.002089980892033E-8,0.1406979078520619,0.8593020121270383
5130.0,4.8160687260021526E-17,6.198673084507697E-7,0.9999993801326914
5676.0,0.0028850554890957774,0.993533251891671,0.0035816926192332806
6434.0,1.6118167380103374E-8,0.9976376511703761,0.00236233271145644
6193.0,0.9889198296284311,0.011075148894896933,5.0214766720606156E-6
5951.0,0.9999672170438666,3.2782385485488215E-5,5.706478954340604E-10
5384.0,1.1438645636501428E-8,0.06127406267885772,0.9387259258824966
6662.0,0.8207499967524079,0.1792500016815388,1.5660532259914454E-9
5147.0,6.3681028611920564E-6,0.9999698854672571,2.37464298817164E-5
5020.0,0.029299062104495587,0.9659764482032804,0.004724489692224039
6451.0,0.0010835541726320675,0.9925059903341298,0.006410455493238007
5693.0,0.19546263377667517,0.6980930092517987,0.10644435697152604
5934.0,0.7617021169880104,0.23828507895523934,1.2804056750363994E-5
6176.0,4.063527930756066E-4,0.9342832684392143,0.0653103787677101
5622.0,0.1788561452458756,0.8211057553261897,3.8099427934875086E-5
4962.0,3.900038262740707E-7,0.2597287584456842,0.7402708515504894
5349.0,0.010786740420344523,0.9891860949829443,2.716459671120084E-5
