6393.0,5.41825592820935E-9,0.5721591368795785,0.4278408577021655
6135.0,0.11903757682096376,0.8561049224834174,0.024857500695618876
5860.0,3.3966034637681973E-14,0.19464446843046274,0.8053555315695032
6634.0,0.677999013304932,0.321189317538969,8.116691560989703E-4
4933.0,0.009351632991900798,0.6802977635258187,0.31035060348228044
5585.0,0.07213131905312037,0.8775882878352314,0.05028039311164825
5897.0,0.016762276450301476,0.9224788570121609,0.060758866537537544
6151.0,6.721151576375804E-5,0.6430416288402876,0.35689115964394863
6420.0,1.4676995204385814E-5,0.9994366345400636,5.486884647321151E-4
5658.0,0.9753576314007001,0.024639585882106158,2.7827171939226963E-6
5180.0,0.9999999602718272,1.2068615772287768E-10,3.960748667051115E-8
5051.0,8.418019343006741E-11,0.3207630496716413,0.6792369502441784
5423.0,1.6841645159432432E-9,0.5221562532838847,0.4778437450319508
6689.0,0.6951020535579061,0.3019336396398881,0.0029643068022057726
6166.0,1.5761552500995537E-9,0.04133700369582931,0.9586629947280154
5912.0,0.043896759635550515,0.9449375703732141,0.011165669991235323
5643.0,7.859327014880488E-4,0.7563947115601549,0.24281935573835706
6405.0,4.4426052813705406E-5,0.24000094707209435,0.759954626875092
5034.0,0.014120101870715702,0.9456682928887205,0.04021160524056385
5165.0,0.18826214444638606,0.8114847563022615,2.530992513525228E-4
6704.0,0.0070869180112620505,0.707520416073446,0.285392665915292
5438.0,0.5903196299778284,0.40911913788604304,5.612321361287167E-4
6118.0,4.47957016618772E-19,0.00891860750970099,0.991081392490299
6376.0,0.0022300808088922745,0.7655788618206361,0.23219105737047166
6651.0,0.13381722162625145,0.8567566416748199,0.009426136698928615
5877.0,3.819334214085162E-8,0.8723674043463259,0.12763255746033192
5331.0,0.0647718779678978,0.8658339164142347,0.06939420561786751
4948.0,0.021273665687904432,0.8746860732904423,0.10404026102165322
5568.0,0.0013130604567861532,0.32870608625885833,0.6699808532843555
5673.0,4.7647195302410984E-4,0.42728521827066923,0.5722383097763066
5946.0,0.8424344221517244,0.1573773673607001,1.8821048757551869E-4
6196.0,0.15239448234254938,0.8476050051149454,5.125425052211438E-7
5404.0,0.001646227120921984,0.7765942905567466,0.22175948232233145
5000.0,0.20804699446456232,0.786186246147453,0.0057667593879846156
5135.0,0.009767552492234034,0.7891565526466138,0.20107589486115207
5847.0,0.03121291948586344,0.944937252585328,0.023849827928808593
6617.0,0.15766991273950137,0.8120383738338317,0.030291713426666922
6346.0,0.14722077386012244,0.8402871936236324,0.012492032516245172
6084.0,0.7142938372671276,0.28502868139951293,6.774813333594935E-4
5602.0,0.9691867883411092,0.03073632161048073,7.689004841012398E-5
5361.0,0.5523229785995033,0.44603464830122874,0.0016423730992679388
4982.0,0.0743146446010096,0.9195350254201526,0.006150329978837864
6600.0,0.11880236413147992,0.8704947416860039,0.010702894182516198
5830.0,1.2527492623049787E-9,0.5431833997575214,0.45681659898972937
6101.0,0.47270149342898976,0.521782563544915,0.0055159430260950494
6363.0,0.002233242307093416,0.9032940980117616,0.09447265968114513
5619.0,0.027573860743391878,0.9342058604608291,0.03822027879577905
4967.0,0.5064771528976595,0.49082657336014157,0.0026962737421988487
5344.0,0.013394285617272456,0.6924770103902073,0.2941287039925202
5688.0,2.3119232992797644E-12,0.006425286916640265,0.9935747130810477
6454.0,0.8469197399770131,0.15273648895955447,3.4377106343258534E-4
6181.0,5.874567314581899E-8,0.9999999216782881,1.9576038895205648E-8
5931.0,0.012030935717578402,0.9879423263380338,2.6737944387787276E-5
6659.0,3.3033063483128744E-6,0.001497022260443647,0.998499674433208
5389.0,1.5323954680543163E-8,0.9629516891194939,0.03704829555655138
5150.0,0.6264698558607028,0.3649800409905185,0.008550103148778737
5017.0,0.9865109285789655,0.013489071421026505,8.196660882427542E-15
5068.0,0.04519893064445725,0.9178300865658895,0.03697098278965329
5195.0,2.7744388274874936E-4,0.12760178888886237,0.8721207672283888
5464.0,0.21193560839275574,0.7837545657188756,0.0043098258883686085
6742.0,4.2346209899100346E-16,0.01662141415972866,0.9833785858402709
6014.0,5.304392148760243E-4,0.5733941691874268,0.42607539159769714
6256.0,0.999999997835471,2.0644132547210258E-11,2.143884900882123E-9
6499.0,2.8959385701458413E-9,0.901389966937826,0.0986100301662354
5741.0,4.681902169877897E-10,0.9307644377112329,0.06923556182057686
5301.0,0.2789742557193144,0.6673441134897101,0.05368163079097555
5542.0,0.6234811561728734,0.3760805338757517,4.3830995137502006E-4
6286.0,0.4974447512201783,0.5005232180035661,0.002032030776255679
6016.0,0.3463813657501662,0.6458188881272775,0.007799746122556346
5779.0,0.005380601276974233,0.9780976859891239,0.016521712733901652
6557.0,4.137597914504898E-7,0.021087896179608098,0.9789116900606004
5284.0,0.8311686837957892,0.16875049663830827,8.081956590242549E-5
5559.0,0.008075183514885073,0.20084294113189347,0.7910818753532214
6033.0,0.093109108431203,0.813112107725747,0.09377878384305001
6303.0,0.8848618731285518,0.11499158535479523,1.4654151665286622E-4
6540.0,2.1247667036354627E-8,0.999999978752333,2.754667304925391E-17
5762.0,3.5784076533592106E-6,0.019186987775330275,0.9808094338170165
5210.0,0.12452061393189783,0.8727438795535682,0.0027355065145339926
5085.0,0.15842844407077875,0.8411649183529764,4.0663757624497925E-4
6727.0,0.6694319657653504,0.31821184945002334,0.012356184784626292
5449.0,0.046134792884067743,0.9538649909028263,2.1621310611042344E-7
6241.0,0.9307283735976587,0.0692531990460999,1.8427356241226746E-5
5999.0,0.001125205061707784,0.941353661010937,0.05752113392735528
5756.0,2.041746239563421E-6,0.5798202940888502,0.42017766416491026
6514.0,0.24711027205355024,0.7327140598999408,0.020175668046509013
5254.0,0.6280860450468106,0.3716429273768783,2.710275763109871E-4
5792.0,1.405251496159995E-6,4.4445587408456626E-10,0.9999985943040479
6574.0,0.08326271205973315,0.9167372878441605,9.610640427000666E-11
6333.0,1.1318010393159536E-4,0.12098854310648177,0.8788982767895867
6067.0,0.20560409155843837,0.7858980424684587,0.008497865973102857
5483.0,0.08477680257526381,0.8846231591917914,0.030600038232944823
6757.0,0.057628345128223325,0.925801529782916,0.016570125088860767
5240.0,0.9244244070746411,0.07557559250181438,4.2354449489669986E-10
5119.0,3.183691472703731E-8,0.7979609929513557,0.20203897521172956
6480.0,0.21240346093861556,0.7739923617718945,0.013604177289490023
5726.0,9.603654749689029E-4,0.7090411602326693,0.28999847429236186
5965.0,0.08006285394800744,0.9092054546544912,0.01073169139750126
6772.0,0.394556735323547,0.572129622012603,0.03331364266385005
5498.0,0.060091317443285316,0.8963108342023098,0.04359784835440488
5102.0,2.1263820082485725E-4,0.472914064971814,0.5268732968273611
5225.0,0.10718914842939758,0.8861723936835614,0.006638457887041062
5711.0,0.3819353733751593,0.60828118498498,0.00978344163986077
6465.0,0.7125714291481398,0.27652287588473684,0.010905694967123432
6226.0,0.1380244364264046,0.8518398744895131,0.010135689084082269
5980.0,0.02340363138195085,0.9269475481717194,0.04964882044632958
5508.0,0.9529236045043283,0.04548863716415313,0.0015877583315186763
6794.0,0.9999995896294708,5.674287087902772E-10,4.0980310056176856E-7
5271.0,0.3905063108941193,0.6060555883037315,0.0034381008021491764
6591.0,0.024768646936766697,0.8387458660286031,0.13648548703463015
5809.0,7.478475562594156E-13,0.08875992784130446,0.9112400721579477
6050.0,0.22229050659502916,0.758397416652841,0.019312076752129873
6316.0,1.7850065434998167E-4,0.33417959053262397,0.665641908813026
6150.0,0.41671565513341935,0.5832841514258693,1.9344071138139482E-7
5896.0,4.0458727205494523E-4,0.5987078896894439,0.4008875230385012
5659.0,2.5782885016815315E-4,0.2037354250802723,0.7960067460695596
6421.0,0.17050909593587288,0.7592015912637945,0.07028931280033263
5181.0,0.49367779118370997,0.5048870364934217,0.0014351723228683679
5050.0,1.1220160375807308E-7,1.0328733122176528E-6,0.999998854925084
6688.0,0.06988199566695245,0.9301179404779529,6.385509460898774E-8
5422.0,0.17768382110621075,0.8219255357683326,3.906431254566764E-4
6134.0,1.745604463790532E-5,0.030825103519844632,0.9691574404355174
6392.0,0.006416657691169887,0.5136190242720103,0.4799643180368198
6635.0,0.9999900287065343,2.9750964790715376E-8,9.941542500935435E-6
5861.0,0.004516252133916627,0.8786121775554121,0.11687157031067136
4932.0,1.3712040647401192E-6,0.6944482163072735,0.3055504124886619
5315.0,4.0814190628546654E-10,0.9999999905222153,9.069642765349338E-9
6377.0,0.04151694301468952,0.7567044191258193,0.20177863785949116
6119.0,0.18778854447154156,0.8110680968264259,0.0011433587020325676
5876.0,3.596719106805397E-10,0.6708840388796388,0.32911596076068933
6650.0,6.000420495259514E-4,0.9993919422453907,8.015705083429486E-6
5330.0,0.0012474028621970305,0.31159969700890555,0.6871529001288974
4949.0,0.362832202500415,0.6371677966970207,8.025643348738029E-10
5569.0,0.0952496638089801,0.8640387224666402,0.04071161372437978
5913.0,0.7635198117266945,0.2183890947892855,0.018091093484019924
6167.0,6.473347447811801E-10,0.025272947400913563,0.9747270519517516
6404.0,0.8627760495439785,5.871312932329939E-7,0.13722336332472823
5642.0,0.8311383235801448,0.16436583918583775,0.004495837234017429
5035.0,8.940006505220338E-11,0.05071803296609698,0.9492819669445028
5164.0,0.07371705288493083,0.8950795753780381,0.031203371737030947
5439.0,9.425953040724841E-10,0.11961005898625775,0.880389940071147
6616.0,0.3323417401631955,0.6059476813016859,0.06171057853511861
5846.0,0.9045352564939372,0.09486501822074105,5.99725285321754E-4
6085.0,0.0011730707965487343,0.5097973507339661,0.4890295784694852
6347.0,0.9981670337008023,0.0017278091522288685,1.0515714696901153E-4
5603.0,0.0017924988736541326,0.13933766633780065,0.8588698347885452
5360.0,2.942939307108161E-4,0.7391068399030059,0.26059886616628347
4983.0,9.009046535735592E-4,0.8943921778166793,0.1047069175297471
5672.0,0.16692860590554662,0.8330713940943985,5.501826768912969E-14
6438.0,0.021485010523334753,0.8690111328018294,0.10950385667483593
6197.0,0.5373602079440846,0.4599182095599401,0.0027215824959754276
5947.0,1.4145024320823382E-4,0.15213703227677886,0.8477215174800129
6675.0,5.077808834535437E-4,0.17206149760127581,0.8274307215152708
5405.0,0.0021177156405490154,0.8020075198768837,0.1958747644825673
5001.0,0.10984260982584035,0.2276145907363282,0.6625427994378315
5134.0,0.9017142491149382,0.0982857504035502,4.815116424410718E-10
5689.0,1.6814957308605762E-4,0.2903297662674335,0.7095020841594805
5930.0,0.12631531530034312,0.8652760542941605,0.008408630405496383
6180.0,9.037903734786483E-5,0.436339698642711,0.5635699223199411
5388.0,0.20499235898310486,0.7852725515851384,0.00973508943175665
5151.0,7.93377467150099E-5,0.7272561395359374,0.27266452271734753
5016.0,4.7049298586108367E-4,0.7904233616206775,0.20910614539346145
5831.0,2.186388097491115E-12,0.7486682918677621,0.25133170813005157
6601.0,0.9999972062997219,2.520039900735524E-6,2.736603774573844E-7
6362.0,0.0971058831374093,0.9012958605224848,0.0015982563401059804
6100.0,0.9950605354386751,0.004939464559306565,2.0183474741345105E-12
5618.0,0.017204832535703804,0.7648717709811208,0.2179233964831755
4966.0,0.05011016465246245,0.9416915116207842,0.008198323726753226
5345.0,0.07173107929723636,0.9185060644554212,0.0097628562473425
5300.0,0.18021901063392862,0.8132241352941685,0.0065568540719028465
5543.0,0.9727934925955761,0.02661120883537103,5.952985690529836E-4
6017.0,0.0015464383604856184,0.8986803438337958,0.09977321780571875
6287.0,0.7673455508781176,0.23175425728259025,9.001918392920455E-4
6556.0,3.358955955553701E-8,0.9921947746731633,0.0078051917372772344
5778.0,0.003913273850082452,0.8252740920290822,0.1708126341208353
5069.0,1.1860529456828103E-4,0.7598768080053093,0.24000458670012242
5194.0,0.03911335211574303,0.919108325946943,0.04177832193731391
6743.0,0.1392885863645597,0.8295297196856171,0.03118169394982309
5465.0,0.8493306020168357,0.15064304232641856,2.6355656745712606E-5
6257.0,0.002504735311420823,0.7594539746144825,0.23804129007409663
6015.0,0.45723798468537424,0.5413899375944039,0.0013720777202218491
6498.0,5.3849561457959935E-8,5.24024485764655E-7,0.9999994221259527
5211.0,7.698077147333997E-4,0.8388425803417887,0.1603876119434779
5084.0,0.22073606397347664,0.6538453050280666,0.12541863099845665
5448.0,4.211658075456037E-12,0.004632698484035657,0.9953673015117528
6726.0,0.061823232767701554,0.9184903175368136,0.01968644969548472
5998.0,0.026815409432570336,0.9674242117901288,0.0057603787773009545
6240.0,2.811195354870793E-4,0.4817898338908341,0.5179290465736789
6515.0,0.6305292414972141,0.36486096144232083,0.004609797060465104
5757.0,0.09774402425136341,0.8919116002114204,0.0103443755372162
5285.0,3.3348434207533206E-7,0.1599749330490084,0.8400247334666496
5558.0,0.233537576713235,0.7254877437170258,0.04097467956973915
6032.0,0.3035542595489032,0.6952404272931157,0.001205313157981058
5763.0,0.030833167826191346,0.8149866433823365,0.1541801887914723
6541.0,0.005824613494809695,0.48021965420327795,0.5139557323019124
5482.0,0.013124486300658812,0.9685916438330143,0.01828386986632687
5241.0,0.001676650816431695,0.9499954709778071,0.0483278782057613
5118.0,0.9773957427844262,0.022602691236393226,1.5659791805820105E-6
6481.0,4.8373994718944894E-5,0.2381021385241806,0.7618494874811005
6210.0,0.0301157093491956,0.8583674432703845,0.11151684738041988
5964.0,0.9881171582010998,0.011882841782202383,1.6697610659616685E-11
5524.0,0.999940893416657,5.5761061814637715E-5,3.3455215283446795E-6
5255.0,0.9313040690628154,0.06695098475639764,0.0017449461807869664
6575.0,0.32660509725386433,0.6608233370589143,0.012571565687221281
6066.0,0.006938933904577947,0.835407852189985,0.157653213905437
6332.0,0.10724359893248435,0.8914463998605873,0.0013100012069282667
6795.0,0.5004243945244458,0.4989037543644134,6.718511111407895E-4
5509.0,2.2481298738126938E-6,0.801325750939455,0.19867200093067117
5270.0,0.1396325217586584,0.8256207015037594,0.03474677673758218
5808.0,0.011162061146213048,0.32600081472884385,0.6628371241249431
6317.0,0.016454487836785648,0.9835455121141287,4.908588187668123E-11
6051.0,0.08371601393021184,0.8423179830632336,0.07396600300655451
5499.0,0.01120480031487127,0.8290065063516098,0.159788693333519
6773.0,9.07848008189226E-9,0.40179860309847404,0.598201387823046
5103.0,0.009344594944026462,0.9199757119476578,0.07067969310831569
5224.0,1.5208841287671745E-7,0.16959975227404225,0.8304000956375448
6464.0,0.9999924736557508,6.264659950767208E-11,7.526281602630303E-6
5710.0,0.006125848487586353,0.7807983373228247,0.21307581418958899
5981.0,0.013364347003437754,0.9254001474143234,0.06123550558223868
6227.0,0.27051091475694977,0.717684478013684,0.01180460722936638
5641.0,0.007536898417589897,0.9804988580603075,0.011964243522102628
6407.0,9.749718934764812E-7,0.04108543772217587,0.9589135873059307
6164.0,0.9667382520079557,0.03322435617565014,3.739181639425708E-5
5914.0,1.1084835191482453E-8,0.9756409011490635,0.024359087766101198
6706.0,0.6633136571552468,0.33646829872952905,2.1804411522415086E-4
5436.0,0.09911658877428488,0.8967204317444349,0.0041629794812802195
5032.0,0.0027893899668148363,0.23839089212925446,0.7588197179039308
5167.0,2.1857662800691066E-7,0.7941986557209492,0.20580112570242287
6649.0,0.21835837362532823,0.7816416263746501,2.1747513502679895E-14
5879.0,0.9815368829686263,0.018463116998878436,3.249537651702287E-11
6116.0,1.3189463230813258E-13,0.006722657000446718,0.9932773429994215
6378.0,0.26645872807212184,0.7167185292803919,0.016822742647486236
5329.0,4.012684708561771E-6,0.9995691870167266,4.2680029856482604E-4
4950.0,0.4176385523516664,0.5823614367629826,1.0885350987499837E-8
5862.0,0.2696043025814539,0.7195154254199384,0.010880271998607704
6632.0,0.05842455304384533,0.8566322724911795,0.08494317446497528
6395.0,0.7954724281459153,0.20407838108457196,4.4919076951265534E-4
6133.0,0.0017856958094599458,0.648885281087507,0.34932902310303304
5587.0,7.387002859819393E-5,0.45279052165607325,0.5471356083153287
4935.0,3.0863915624960665E-10,0.9999999996911206,2.403340999817989E-13
5312.0,0.43548850277886764,0.5338971156707761,0.030614381550356274
6422.0,0.10633118962622876,0.858779423471554,0.03488938690221728
5656.0,5.340364957036861E-14,8.916973759315063E-54,0.9999999999999465
5899.0,0.002439957922783271,0.399889982674735,0.5976700594024816
6149.0,1.2064893955445867E-8,0.9330418135716991,0.06695817436340681
5421.0,0.7927034845711899,0.2069193085426763,3.7720688613372076E-4
5182.0,0.062147533438300616,0.8596982809758528,0.07815418558584661
5049.0,0.06477693886594021,0.707341739915707,0.22788132121835272
6103.0,4.0103091028688143E-8,0.4900204595362799,0.5099795003606291
6361.0,1.2257225835700074E-5,0.10197021212576532,0.898017530648399
6602.0,0.9534023318456375,0.046597667969353676,1.8500895723466465E-10
5828.0,0.9999999963162234,2.322733106012405E-10,3.4515032220023997E-9
4965.0,0.6532802517046049,0.32153977108050386,0.025179977214891167
5346.0,0.8096351580381121,0.1882711515582934,0.0020936904035943936
5617.0,0.6712376963615904,0.3263082364847115,0.0024540671536980607
6183.0,0.007690710390012226,0.9616922165321905,0.03061707307779724
5929.0,0.9928987745289577,3.4526060681909764E-8,0.0071011909449816115
5690.0,2.6727170105573963E-4,0.6230349408631667,0.37669778743577764
6452.0,0.004930821488884339,0.7386325237489306,0.25643665476218497
5148.0,1.2327888180640196E-11,0.6814398895561563,0.3185601104315158
5019.0,0.12313231525260071,0.8708141758520311,0.006053508895368161
6657.0,7.683578191795124E-10,0.6521494204517647,0.34785057877987746
5391.0,1.953893485852334E-4,0.47006572573719957,0.5297388849142152
5944.0,0.006058575839274135,0.9798453649071096,0.01409605925361631
6198.0,0.2378340066468786,0.7228220229863498,0.039343970366771716
6437.0,0.977242469125058,0.022745313147057824,1.2217727884133892E-5
5675.0,0.057187094251857286,0.8545780867961369,0.0882348189520059
5002.0,0.003029064639711552,0.8869546458365687,0.11001628952371977
5133.0,3.7616341946286936E-18,1.1863376577593867E-5,0.9999881366234225
5406.0,7.996218979888313E-10,0.6461037958393403,0.3538962033610378
6672.0,3.215865465187119E-10,0.8491302254683257,0.1508697742100878
6344.0,0.008257478599901205,0.9518213786465829,0.039921142753515854
6086.0,5.737676851499176E-4,0.12031956716487466,0.8791066651499754
5845.0,0.002194594188537222,0.36774177981357126,0.6300636259978916
6619.0,2.7453917783940336E-9,0.018516414976881765,0.9814835822777266
5363.0,6.510474647605172E-8,0.9788424986385325,0.021157436256721004
4980.0,0.020911387676578203,0.935257053891443,0.04383155843197885
5600.0,0.19145015290748849,0.8085498404376589,6.6548526357544874E-9
5557.0,0.8847369388994848,0.09853774010209432,0.016725320998420952
5286.0,1.2570685105500613E-15,1.0486252027097169E-4,0.9998951374797279
6542.0,6.457769851869424E-6,0.9994552483738909,5.382938562571374E-4
5760.0,0.007793638697236628,0.573296343885217,0.4189100174175464
6035.0,0.560998924127787,0.43900104679531565,2.907689739854228E-8
6301.0,6.210324266240047E-4,0.4058912379589723,0.5934877296144038
6725.0,0.5192877576206251,0.4807121387382994,1.0364107552902016E-7
5451.0,2.8021310899199265E-4,0.7919288244516083,0.20779096243939985
5208.0,4.688039116501117E-9,0.9999999655682618,2.97436992110887E-8
5087.0,0.01480264438358873,0.5279916841198306,0.4572056714965807
5758.0,0.04978630493856337,0.9342673899320793,0.015946305129357338
6512.0,0.17613207150957363,0.8097408234948298,0.0141271049955966
6243.0,0.15540368063552892,0.8353555086297961,0.009240810734674917
5997.0,2.4729175695093554E-4,0.2579504820431074,0.7418022261999416
5466.0,0.08224150305512579,0.9177584924637973,4.481076953593985E-9
6740.0,0.13080625178832714,0.812699201328933,0.05649454688273972
5070.0,0.582668900309459,0.4140045805469682,0.0033265191435727925
5193.0,0.2979566819964453,0.7020432417848111,7.621874347465998E-8
6497.0,0.18480106722331624,0.8151285736944581,7.035908222574471E-5
5743.0,0.5201643371387461,0.4770381268668072,0.002797535994446686
6012.0,0.9999999995408537,3.220748084414476E-10,1.3707152263016936E-10
6258.0,1.431299353386963E-16,0.943875673057265,0.056124326942734636
5540.0,7.732697667415914E-4,0.6016528284582373,0.39757390177502094
5303.0,0.6028870726244757,0.39657001741097514,5.429099645491802E-4
5777.0,0.9999999982785162,1.4795837182355539E-10,1.5735255063164778E-9
6559.0,3.581461951005711E-5,0.0785420743433639,0.9214221110371261
6284.0,0.04383891907159891,0.9349668331292964,0.021194247799104574
6018.0,1.284437350788473E-9,0.9999999451785796,5.3536982933815495E-8
5100.0,0.8353643197801331,0.16439168609926583,2.4399412060098673E-4
5227.0,1.6791145040632645E-8,0.39624101765722153,0.6037589655516334
6774.0,1.0443590119325115E-4,0.443747633756911,0.5561479303418957
5496.0,0.0161036409660513,0.9671633999465492,0.016732959087399517
6224.0,0.003219140792107328,0.0685448679751379,0.9282359912327548
5982.0,0.5432415544711859,0.45200538255467515,0.004753062974138911
5709.0,0.021578858714294585,0.4737042550019254,0.50471688628378
6467.0,0.012686595661538866,0.9644694890981299,0.022843915240331386
5269.0,0.05398999836954519,0.86513652576341,0.08087347586704467
6792.0,9.533838137727667E-4,0.9990464419093952,1.7427683197004488E-7
6048.0,0.46079481360845553,0.5361968287949763,0.0030083575965681865
6318.0,0.002325632112362781,0.9213393514597741,0.07633501642786314
6589.0,0.0037432526439352422,0.9439002675162176,0.05235647983984727
5811.0,0.341443159275727,0.6470833519389529,0.011473488785320094
5252.0,1.7717828553885157E-4,0.02414417263382832,0.9756786490806328
5527.0,0.9967154750036872,0.0032845249963078284,4.784969856314675E-15
6335.0,5.380057730872194E-7,0.9760355582888733,0.023963903705353513
6065.0,0.0025608735707247083,0.775415675115069,0.22202345131420625
5794.0,0.1667914253136174,0.8006797880803525,0.032528786606030195
6572.0,0.5775553232017006,0.42171370694329513,7.309698550042267E-4
5242.0,3.262860601754823E-11,0.0249038925965352,0.9750961073708362
5117.0,6.674995080439478E-4,0.9993322123049978,2.881869582092179E-7
5481.0,3.389661539231814E-4,0.29600407191883576,0.703656961927241
5967.0,0.8719458933358026,0.12782458666210664,2.2952000209071135E-4
6209.0,0.08612201718200367,0.880836532630612,0.033041450187384226
6482.0,0.007432698218662594,0.778582300485169,0.21398500129616846
5724.0,0.11482296937589606,0.8851759309668821,1.0996572219396176E-6
6648.0,2.166008832134698E-11,0.7777411107191248,0.2222588892592152
6379.0,0.010142494705649615,0.9538582640399952,0.03599924125435507
6117.0,1.2336652892489238E-7,0.9999996596453146,2.169881563130273E-7
5571.0,0.41770355066882453,0.5773461536769303,0.004950295654245098
5328.0,0.010763655281552095,0.8817776476008192,0.10745869711762875
4951.0,0.019878774149225596,0.937813461383662,0.0423077644671125
6406.0,3.820975470188279E-6,0.10042472506589764,0.8995714539586323
5640.0,0.019811313660152756,0.9022835564543567,0.07790512988549064
5915.0,0.5659177245398264,0.4317624027407912,0.002319872719382464
6165.0,0.8437829597154212,0.15621700803703606,3.224754274154888E-8
5437.0,0.3870290304480759,0.608676634306676,0.004294335245248213
6707.0,0.10679843948977608,0.8150359920636586,0.07816556844656518
5033.0,7.698829457281745E-8,0.9695924500618006,0.030407472949904667
5166.0,3.408437827005332E-5,0.9205142410627994,0.07945167455893051
5657.0,0.996877951659768,0.0031220483402317196,3.00420423421155E-16
6148.0,5.630888936162642E-4,0.588817162301616,0.41061974880476765
5898.0,1.481492534576631E-6,0.012656076667398541,0.9873424418400668
6690.0,2.0244547096355697E-8,0.951575871142906,0.04842410861254682
5420.0,0.8077209588545927,0.1919824596257265,2.9658151968070865E-4
5183.0,1.8707755331238473E-9,5.386615420987268E-8,0.9999999442630703
5048.0,5.2850164647487305E-9,0.39192797373724064,0.6080720209777429
6633.0,0.0025266294457916157,0.6804284202231442,0.31704495033106406
5863.0,0.510772065251026,0.48581914712548446,0.003408787623489566
6132.0,1.7148330908454417E-7,0.9995588686065531,4.409599101377792E-4
6394.0,0.0033215740995383328,0.9563786718008161,0.04029975409964555
5586.0,7.107063202063976E-8,0.7515885469483945,0.24841138198097346
4934.0,0.04877452764554342,0.9224866534419267,0.02873881891252976
5313.0,0.013288286477268381,0.9351153881573945,0.051596325365337294
5928.0,0.9999999999997171,2.829543524767003E-13,8.794113773994038E-19
6182.0,0.049138045991648505,0.9453269825809405,0.005534971427411042
6453.0,0.0025034493733990175,1.4585140672634562E-5,0.9974819654859284
5691.0,3.017487814190873E-4,0.7318915440203413,0.26780670719823957
5149.0,0.7859868413967805,0.2131329622152193,8.801963880001582E-4
5018.0,0.9939516810960894,0.00604831889291271,1.0997793868386463E-11
5390.0,5.069439158570218E-4,4.408460415675415E-6,0.9994886476237274
6656.0,0.9132252682611597,0.08675487786170887,1.9853877131386513E-5
6360.0,0.01822174150948593,0.9639915751960244,0.01778668329448966
6102.0,0.07138557976305099,0.9267893568404596,0.00182506339648944
5829.0,2.818193125032659E-4,0.24921009991761126,0.7505080807698856
6603.0,0.32470829245849303,0.6533158303076328,0.021975877233874133
4964.0,8.109070683561196E-17,0.06690081535837465,0.9330991846416253
5347.0,0.005094002970091284,0.8471824248887986,0.14772357214111
5616.0,0.0071758662609738245,0.8621386014921504,0.13068553224687582
6087.0,6.589196046016934E-4,0.428729590031106,0.5706114903642923
6345.0,0.8635364350917535,0.11545602945883947,0.021007535449407155
5844.0,5.707825675295099E-15,0.5232486037500359,0.47675139624995844
5362.0,0.9985124820944863,0.0014875179049708858,5.428512197277969E-13
4981.0,4.007913885471053E-4,0.8495405487496862,0.15005865986176678
5601.0,0.023135277071579533,0.9088658088227032,0.06799891410571736
5945.0,4.092386242378229E-7,0.9963737657260122,0.0036258250353635446
5674.0,6.663367969914185E-8,0.14594968226381488,0.8540502511025055
6436.0,0.012984624675781854,0.9725259638677483,0.014489411456469778
5003.0,0.4597291846982247,0.5372930887408601,0.0029777265609150544
5132.0,9.866625075419957E-12,0.8211672175438093,0.17883278244632406
6673.0,0.009244946392119034,0.6355501360549602,0.3552049175529207
5407.0,0.2798003198167057,0.7173987199524571,0.0028009602308371137
5450.0,5.860464654773644E-4,0.3545664820132385,0.6448474715212841
6724.0,0.4483029813927136,0.5514813240125743,2.1569459471214213E-4
5209.0,2.3963873266447006E-8,0.48726337722345503,0.5127365988126718
5086.0,1.9533501661281323E-15,0.8590741457006716,0.14092585429932636
6513.0,0.9573676690072992,0.042621786710524655,1.0544282176232429E-5
5759.0,0.07210802958357806,0.9036990321123668,0.024192938304055136
5996.0,0.025368427990935083,0.9746314602766066,1.1173245818232236E-7
6242.0,0.026536127105100865,0.890350843511304,0.08311302938359527
5556.0,0.8036265112890018,0.19619311815005577,1.803705609424179E-4
5287.0,0.3933753810674741,0.6034422035947414,0.0031824153377843205
5761.0,0.8219519454505563,0.1777370109793048,3.110435701390516E-4
6543.0,0.28465733051427716,0.7151071453772582,2.355241084646254E-4
6300.0,0.1926522999803846,0.8048539269005647,0.0024937731190508164
6034.0,2.038374693969214E-5,0.9979878439560436,0.0019917722970165734
5541.0,0.004744798039908656,0.9952551973481796,4.6119115881120375E-9
5302.0,0.018492778642075686,0.4345982241462354,0.546908997211689
6558.0,2.697934420101254E-10,0.8571610349366189,0.14283896479358765
5776.0,0.06827478004987501,0.9081296036605572,0.023595616289567842
6019.0,0.018081066139695356,0.9819189338603045,1.2733446474779602E-16
6285.0,0.9999999945358593,8.782459391430097E-16,5.4641396830023285E-9
5467.0,0.3029472976614163,0.6887217517907173,0.008330950547866362
5071.0,0.6551216167205764,0.3428487612061975,0.002029622073225932
5192.0,0.45583363995428716,0.5410131227362229,0.0031532373094899525
5742.0,0.007053644196378749,0.9670936198091579,0.02585273599446354
6259.0,0.021718042432222064,0.8983159263176758,0.07996603125010225
6013.0,1.5747751983307028E-4,0.9037669395694323,0.09607558291073466
5268.0,0.23538134331534033,0.7346388889425001,0.02997976774215969
6793.0,0.19732731725412492,0.7667087208581026,0.035963961887772546
5511.0,0.5699860908990874,0.4300139062873383,2.813574255073521E-9
6319.0,0.9773409922905912,0.022642319585928394,1.6688123480241335E-5
5810.0,0.20504820767483745,0.791893677510426,0.0030581148147364613
5101.0,0.2235968028265663,0.776402954667092,2.425063417284861E-7
5226.0,0.09390795414714607,0.8935081624572242,0.012583883395629757
5497.0,0.2558721282146282,0.741882341524555,0.0022455302608168403
6775.0,4.913948759836037E-4,0.42866828716327515,0.5708403179607412
5983.0,0.07180846157680126,0.8835703185381235,0.04462121988507513
6225.0,0.005177854256702909,0.8154807034313577,0.17934144231193944
6466.0,0.4292086326398362,0.5383801403683826,0.03241122699178116
5708.0,1.7165344517674082E-16,0.9999987441658208,1.2558341788994474E-6
5116.0,0.37493482704218184,0.616355154902487,0.008710018055331115
6758.0,0.8236883866324705,0.1763116114655271,1.9020025086318326E-9
5480.0,0.007919535543019648,0.8147246300656767,0.1773558343913036
6208.0,0.9956527081919939,0.004347291206074229,6.019317027660324E-10
5966.0,5.7487640242411E-4,0.7258974755136817,0.2735276480838943
5725.0,2.1320728428438112E-5,0.05642885381342926,0.9435498254581423
6483.0,0.8000514508317735,0.1995838484451829,3.6470072304352276E-4
5253.0,0.2922137109735299,0.7020698612979693,0.005716427728500823
5526.0,0.0090154339108619,0.8471059998848897,0.14387856620424858
6808.0,1.0143291942811213E-6,0.904070091703305,0.09592889396750062
6064.0,0.1431362507056409,0.8466246582701487,0.010239091024210457
6334.0,0.2527409343542514,0.7463478637100519,9.112019356967578E-4
6573.0,0.9999973120342381,2.687965761588832E-6,2.368442575375125E-16
5795.0,0.29114462331904856,0.7078916798163116,9.636968646398009E-4
5400.0,0.06130530573517894,0.9237154593823312,0.014979234882489948
6678.0,0.9897216932780601,0.010278306248402884,4.735369572299848E-10
5004.0,0.09121680718380736,0.908782560223932,6.325922606530031E-7
5131.0,0.012423126583996415,0.435994077151944,0.5515827962640596
6435.0,2.326204282526577E-9,0.9259776484272674,0.07402234924652829
5677.0,0.12911540495168183,0.8634593390498327,0.007425255998485483
5950.0,3.64696727557176E-10,0.5833393966846642,0.4166606029506391
6192.0,1.866721820683926E-5,0.9999813327817858,7.378567598366108E-15
5606.0,2.7750365738427232E-5,0.6948203136990316,0.30515193593522993
5365.0,0.47136416355339716,0.5115547109899772,0.01708112545662578
4978.0,0.656954777296878,0.3413257828601389,0.0017194398429830747
5843.0,4.789551865658703E-4,0.4450558812202157,0.5544651635932184
6621.0,0.9868326827417103,0.013166432194883403,8.85063406131644E-7
6350.0,0.40468110002529517,0.34806087990951473,0.24725802006519007
6080.0,0.038668892054818674,0.9442879546103502,0.017043153334831248
5623.0,0.0011282110939932672,0.9518580791761658,0.047013709729840925
4963.0,6.881673021961016E-5,0.9998825614216796,4.862184810081496E-5
5348.0,0.3493879323948122,0.6506118747171638,1.9288802410927417E-7
6604.0,0.9556041473127712,0.04439477040944193,1.0822777868244128E-6
5826.0,0.011983653978222946,0.5206696978468331,0.467346648174944
6097.0,4.567853776393847E-7,0.9985798099660945,0.0014197332485278446
6367.0,0.06463250940174979,0.9353569202188339,1.0570379416249697E-5
5385.0,1.4210998319786686E-10,0.44875552133327057,0.5512444785246194
5146.0,0.03812464132359503,0.952724897042877,0.009150461633527961
5021.0,0.9999976810672466,2.3189327525865006E-6,8.484603845177096E-16
5692.0,1.2541723040005621E-6,0.7457390850337078,0.2542596607939882
6450.0,0.4267088872601013,0.5675203884327197,0.005770724307178976
6177.0,0.0849668750710404,0.8892617537069466,0.025771371222012947
5935.0,9.291764805864098E-4,0.6293736685889981,0.3696971549304154
4929.0,0.07476233716739991,0.9027970936948705,0.022440569137729523
5318.0,9.233283163896568E-4,0.4653450525167069,0.5337316191669035
5589.0,0.9429414042025336,0.05705859579744645,1.9902038996908607E-14
6131.0,6.459900299890791E-4,0.3728997423888042,0.6264542675812067
5856.0,0.18909289223590275,0.7867730322957608,0.02413407546833645
6638.0,0.8790556994772077,0.12094429232629128,8.19650101500012E-9
5176.0,0.32943406178482265,0.6667702425434959,0.003795695671681385
5055.0,1.1229088696731162E-8,0.6591486102144645,0.34085137855644687
5419.0,2.3514424397654818E-5,0.06130269145694572,0.9386737941186566
6693.0,0.111603181357802,0.8125337246973298,0.0758630939448682
5901.0,0.6071632360727447,0.39263839302568454,1.983709015707638E-4
6147.0,1.8470536594205148E-9,0.5794986608179726,0.4205013373349737
6416.0,0.004978625063125843,0.5954109032375201,0.39961047169935415
5662.0,0.39403885321699517,0.6043446384417243,0.001616508341280656
5038.0,0.9437056902094624,0.056278409030906695,1.5900759630982855E-5
5161.0,8.332817884146128E-7,0.999994960988713,4.2057294987326194E-6
6708.0,0.8117276333352402,0.18781081343496708,4.615532297925884E-4
5434.0,0.22029022150465222,0.6351301971755527,0.144579581319795
6162.0,0.02439664522259568,0.6531130202930039,0.3224903344844004
5916.0,0.04648639626819649,0.9221627181993493,0.03135088553245419
5647.0,0.9999999999875187,1.2429467399376985E-11,5.2017357343596424E-14
6401.0,0.5480637320614211,0.4519362653844537,2.5541252047333168E-9
5335.0,8.079680000002396E-12,2.8319848285416945E-10,0.9999999997087219
4944.0,0.0033135830591523325,0.8563599621335379,0.14032645480730963
5572.0,6.82432354562721E-5,0.7097557757332416,0.2901759810313021
6114.0,1.7328611048534443E-8,8.850524207666202E-8,0.9999998941661469
6380.0,1.239850317662481E-5,0.9975518804624718,0.0024357210343516427
6655.0,0.7435386966377887,0.25643044552692135,3.085783528992767E-5
5873.0,6.091309398658013E-5,0.2987203706441984,0.701218716261815
5796.0,0.999999999927002,7.299757248641767E-11,4.641961268913835E-16
6570.0,0.0850043482258646,0.8986845058053431,0.01631114596879237
6329.0,0.993501762537214,0.006492746667353285,5.490795432767674E-6
6071.0,0.9983571153250945,0.001642884673385116,1.5201969871190405E-12
5521.0,0.9658614418555361,0.03413848245405111,7.569041289304457E-8
5250.0,1.9544385570579898E-7,0.6024527611087706,0.39754704344737374
6484.0,0.16839808086315947,0.8219524817541617,0.009649437382678707
5722.0,0.31788383174074236,0.6803672597392889,0.0017489085199687727
5961.0,5.442235527683818E-7,4.0072721449393056E-12,0.9999994557724401
6215.0,0.002142853041136014,0.8921281915503063,0.10572895540855766
5487.0,1.4731674366806873E-9,0.5312736420069959,0.4687263565198367
6753.0,4.927427579317221E-9,0.5653942313384491,0.43460576373412335
5244.0,0.9901810597385157,1.7230775246199666E-6,0.009817217183959583
5115.0,1.276714977564025E-4,0.3742386333950924,0.6256336951071512
5707.0,0.0038848162990539523,0.7863741811508226,0.20974100255012357
6469.0,0.7825106467848829,0.2171548300648307,3.345231502863171E-4
6230.0,1.7192069774872315E-11,0.11173800624067613,0.8882619937421319
5976.0,0.06213353108134324,0.9295010144339585,0.008365454484698094
6768.0,1.9615543015118556E-9,0.8647070614833233,0.13529293655512248
5502.0,0.6400673688769873,0.3599325867877822,4.433523038821882E-8
5098.0,0.3548732484151771,0.6369450819752254,0.008181669609597654
5229.0,1.0152027930428734E-13,0.9999998356612062,1.643386923225671E-7
6587.0,0.00479461004026707,0.8531095102122482,0.14209587974748464
5813.0,0.9032226455050315,0.09664288522965937,1.3446926530909193E-4
6054.0,8.265975181342665E-7,0.9786326371785821,0.02136653622389977
6312.0,8.894589907017654E-4,0.9286247034484737,0.07048583756082451
5504.0,0.04231453920406951,0.917764615414609,0.039920845381321575
6798.0,0.5585880971554759,0.4409259601703108,4.859426742133192E-4
5267.0,0.5776670998197687,0.4119484983172915,0.010384401862939716
6010.0,0.06706478530674624,0.7735594272803371,0.1593757874129167
6260.0,0.8511959169683152,0.14875109075707663,5.299227460809243E-5
6503.0,2.630988886059764E-11,0.7546481312977582,0.24535186867593184
5737.0,0.8899116787611931,0.10998720335185855,1.011178869483076E-4
5064.0,3.525449603239653E-6,0.06894017633821937,0.9310562982121773
5199.0,0.0013481069178024232,0.27039034730933764,0.72826154577286
5468.0,0.1235074969615394,0.8764923373447784,1.6569368202751627E-7
6738.0,0.002325464978675893,0.8913023813118736,0.10637215370945062
6282.0,0.048522832910586955,0.934247614266989,0.01722955282242405
6020.0,0.021042494244675018,0.9130725564751629,0.06588494928016216
6553.0,0.02433036700007288,0.9212330465883662,0.054436586411560905
5297.0,0.527598463435294,0.47240153607964686,4.85059121268711E-10
4918.0,3.318507860716904E-7,0.7875155695984742,0.2124840985507397
5538.0,0.8877357620016953,0.11210197065856203,1.6226733974253243E-4
6037.0,0.43056127430723273,0.5610536881814547,0.008385037511312522
6299.0,0.014437566037955192,0.9287360002318391,0.05682643373020574
6536.0,6.126288526149983E-18,6.810038694405187E-17,1.0
5766.0,2.2289597890758813E-6,0.9960793425660974,0.003918428474113562
5280.0,2.3990158002932564E-9,0.9863599767201694,0.013640020880814731
5555.0,1.4528483313366124E-5,0.14199259664066496,0.8579928748760216
6245.0,0.12486847847550354,0.8164765623764318,0.05865495914806458
5995.0,0.8498868241902972,0.14950356362893796,6.09612180764928E-4
5752.0,0.1783996572755179,0.7875627867016313,0.0340375560228508
6518.0,1.9699653209244526E-5,0.7699696006948878,0.23001069965190285
5214.0,0.007957302796942707,0.7512041064877624,0.2408385907152949
5081.0,0.0011341990420936862,0.7722825367624451,0.22658326419546118
6723.0,0.999999999998658,1.342039608583676E-12,1.5252199430449138E-17
5453.0,0.05949612231300263,0.8740349792447939,0.06646889844220358
5607.0,0.09136710512496772,0.8919812637075314,0.016651631167500888
5364.0,0.44058043463975355,0.5503986626193013,0.009020902740945132
4979.0,4.5036200381328616E-4,0.9482151273408628,0.051334510655323955
6620.0,0.0035209494484013154,0.5926689620571092,0.4038100884944895
5842.0,6.771717035245973E-14,0.3137997132101196,0.6862002867898126
6081.0,3.704083228257708E-9,0.9116657941295722,0.08833420216634451
6351.0,0.06603984201828388,0.9053833167676417,0.028576841214074417
6679.0,0.9411483293893623,0.058828832367471634,2.283824316591345E-5
5401.0,0.0014488135322288259,0.7889071732244,0.20964401324337123
5005.0,0.01834208106294279,0.9724147930578669,0.009243125879190411
5130.0,1.5286826901579136E-11,0.47378969412316874,0.5262103058615444
5676.0,0.025864482920845852,0.9192320666274851,0.05490345045166898
6434.0,0.006467620780278943,0.9935323792197193,1.701278973380569E-15
6193.0,0.19420769644577768,0.7998637783713232,0.005928525182899268
5951.0,0.9999999999752778,5.700811428326861E-13,2.4152214455215195E-11
5384.0,0.04878500704187948,0.9149708771797932,0.036244115778327236
6662.0,0.12187066566710732,0.8624709217065605,0.01565841262633222
5147.0,0.01694768856935434,0.8457339581768519,0.13731835325379385
5020.0,0.09326496094021304,0.8719146812791035,0.034820357780683465
6451.0,0.309103600438132,0.6186467519862782,0.07224964757558981
5693.0,0.533707590498328,0.4636340953732485,0.0026583141284234005
5934.0,0.35616458657723665,0.6400319937721913,0.003803419650572034
6176.0,0.01347489946191758,0.6498936193853906,0.3366314811526918
5622.0,0.06879718339408218,0.9041981503868787,0.027004666219039138
4962.0,0.9999846011122486,1.461923036624566E-9,1.5397425828503025E-5
5349.0,0.010214647946348769,0.9896259879999181,1.5936405373304647E-4
6605.0,0.016597043610346633,0.872248589241592,0.11115436714806151
6366.0,1.0876593252064316E-5,0.9678737186842744,0.03211540472247349
6096.0,1.1696883454054331E-6,0.44456062240040833,0.5554382079112463
5177.0,0.9631520802133606,0.03684791975946594,2.7173350628044848E-11
