6393.0,0.008288675981489723,0.48255029430846763,0.5091610297100426
6135.0,3.4457161134211723E-4,0.24100094906571276,0.7586544793229452
5860.0,9.3913040791235E-19,2.005142685113949E-6,0.9999979948573148
6634.0,0.8725108006285727,0.12748500936081208,4.190010615112497E-6
4933.0,1.4936432044175128E-10,0.16309182275848846,0.8369081770921472
5585.0,0.2122201757846009,0.787583396385515,1.9642782988401277E-4
5897.0,0.12778014386214168,0.8721849573403538,3.4898797504421514E-5
6151.0,8.204619126020064E-10,0.8827498497664668,0.11725014941307138
6420.0,0.9983698261272494,0.0016301546926880404,1.9180062673985943E-8
5658.0,0.9997310868370702,2.6890945895975335E-4,3.7039699266385993E-9
5180.0,0.9966954971478637,0.003304485858334221,1.699380224831574E-8
5051.0,1.0578489057930116E-23,2.099528656109195E-5,0.9999790047134388
5423.0,1.3341222243900945E-4,0.04311115126358091,0.9567554365139802
6689.0,0.10940543456968158,0.8903212346161725,2.7333081414592625E-4
6166.0,1.3496243763702223E-6,0.9966517777935185,0.0033468725821050593
5912.0,0.0331447444021291,0.9668193313807736,3.592421709716029E-5
5643.0,3.9637009998963463E-7,0.06729910937400932,0.9327004942558907
6405.0,3.4005315964301723E-13,6.70432916633223E-4,0.9993295670830268
5034.0,0.0024114738205760562,0.9805485555023005,0.017039970677123338
5165.0,0.21436250177546445,0.7855645535973246,7.294462721089888E-5
6704.0,6.817683060889973E-8,0.9985450741367854,0.0014548576863839407
5438.0,0.9992926249422595,7.073732001780468E-4,1.857562526365833E-9
6118.0,4.812249887505025E-12,0.010808735041703781,0.9891912649534839
6376.0,1.6300976009883194E-5,0.6575157594618762,0.3424679395621139
6651.0,0.0013283079366321825,0.9985713886253577,1.003034380102074E-4
5877.0,6.427737630754151E-10,0.007582363815522142,0.9924176355417041
5331.0,6.772583760321723E-6,0.9938058750907606,0.006187352325479155
4948.0,5.665725866717633E-7,0.8003256396742138,0.19967379375319955
5568.0,4.6549633450991505E-8,0.5561156910593552,0.4438842623910113
5673.0,1.5051611485629376E-8,0.5152343970345921,0.4847655879137965
5946.0,0.9958035627354184,0.004194974886353336,1.462378228373843E-6
6196.0,0.8801207999749698,0.11987915995233549,4.007269454763182E-8
5404.0,3.899360365857879E-6,0.5295978405398875,0.4703982600997467
5000.0,0.7722164600696806,0.22729480448074257,4.887354495767865E-4
5135.0,1.85620649579683E-8,0.22131052600465753,0.7786894554332774
5847.0,5.766154639622037E-5,0.3839013183780733,0.6160410200755305
6617.0,0.38473386557264566,0.6152622681934728,3.866233881392567E-6
6346.0,0.0021387089776914395,0.9943915112863054,0.0034697797360030477
6084.0,0.2436362826668638,0.7509032704255838,0.005460446907552546
5602.0,0.9995990114789691,4.0049964467800067E-4,4.888763527935456E-7
5361.0,0.9882171568824926,0.011782823941783626,1.917572383768068E-8
4982.0,2.670763644780637E-5,0.9999018439846349,7.144837891725052E-5
6600.0,0.1852233574543049,0.8146248247808257,1.5181776486959588E-4
5830.0,1.2010408609242965E-6,0.7407743955025923,0.25922440345654674
6101.0,0.6067337532069778,0.3932399483607639,2.6298432258470376E-5
6363.0,8.41487843815195E-13,9.29085991346972E-5,0.9999070914000239
5619.0,0.01431473033227093,0.9852589270097487,4.263426579804062E-4
4967.0,0.9704447687746457,0.02955516255327676,6.867207770354528E-8
5344.0,0.009198027397979794,0.9904591465431418,3.4282605887856653E-4
5688.0,6.704709476411808E-15,3.470546955839954E-4,0.9996529453044093
6454.0,0.850220789324285,0.14937817763278305,4.0103304293192637E-4
6181.0,0.999907652938901,9.234702813866364E-5,3.2960059401948777E-11
5931.0,2.782198625487602E-5,0.7764799593375542,0.2234922186761909
6659.0,1.404284463201148E-13,6.439044937334267E-5,0.9999356095504863
5389.0,7.994427490022416E-7,0.998327519915768,0.0016716806414829159
5150.0,0.8905001845180945,0.109496921677045,2.8938048604014534E-6
5017.0,0.9999954988086767,4.501154200558086E-6,3.712281638591611E-11
5068.0,0.08624354769261107,0.9135095328945425,2.46919412846506E-4
5195.0,1.7599763400614416E-4,0.950755815534669,0.049068186831324925
5464.0,0.8048477117748959,0.19483743102200715,3.148572030968766E-4
6742.0,0.001757186466204997,0.9975940436015297,6.487699322653218E-4
6014.0,1.4547972778896909E-11,5.80314649250294E-4,0.9994196853362018
6256.0,0.9583864705684755,0.04161144709583822,2.082335686216236E-6
6499.0,1.315486032515807E-8,0.047054459144359496,0.9529455277007802
5741.0,6.959707608782438E-9,0.8253693243791831,0.17463066866110918
5301.0,0.0013395234615468038,0.998569825044127,9.065149432614211E-5
5542.0,0.2804353763993367,0.7195359606282207,2.8662972442623534E-5
6286.0,0.7277332856189961,0.2722622450423755,4.469338628562136E-6
6016.0,0.026698259287486037,0.8537729624414628,0.11952877827105116
5779.0,0.00201792903838992,0.9979720248780007,1.0046083609374312E-5
6557.0,1.2615897527618748E-16,1.2785973484169083E-5,0.9999872140265158
5284.0,0.9908428248773382,0.009156594215332966,5.809073288478567E-7
5559.0,5.282092779337402E-13,2.947452373274328E-5,0.9999705254757391
6033.0,0.010069194591167304,0.9475544110276211,0.04237639438121174
6303.0,0.9980159425119592,0.0019838240292582355,2.3345878257717085E-7
6540.0,0.17082172186568664,0.8079212797136871,0.02125699842062617
5762.0,7.003951923859105E-8,0.11000263411571855,0.8899972958447623
5210.0,9.582091571771988E-6,0.9962402795246674,0.0037501383837606874
5085.0,0.9999205247019014,7.947529106245138E-5,7.036319716324937E-12
6727.0,0.9522925973973458,0.04770708107271603,3.215299381675111E-7
5449.0,0.03749229071003278,0.9624587194323401,4.8989857627149604E-5
6241.0,0.995632965593837,0.004366802407758765,2.3199840437458033E-7
5999.0,7.68128832515534E-8,0.061231055269932395,0.9387688679171844
5756.0,0.08843201640337042,0.8847859800076309,0.026782003588998713
6514.0,0.3248981811071241,0.6700565919015236,0.005045226991352384
5254.0,0.6600669459507148,0.33992755563517363,5.498414111592297E-6
5792.0,2.4989737928337387E-17,1.0382801207311738E-6,0.9999989617198792
6574.0,0.005900252936206662,0.9910086524730612,0.0030910945907321624
6333.0,1.8858612122730015E-9,0.1166332832722174,0.8833667148419214
6067.0,2.7578388968477174E-5,0.9983291938027927,0.0016432278082389614
5483.0,0.0929306828141092,0.9028575536069878,0.004211763578902881
6757.0,0.23685001375261688,0.7626929650040117,4.570212433714012E-4
5240.0,0.9968781862340957,0.0031218131576170624,6.082873201119422E-10
5119.0,4.5884787203789096E-5,0.4138856442661144,0.5860684709466818
6480.0,0.0012534425478468718,0.9954625713693054,0.0032839860828475886
5726.0,6.694499868897633E-5,0.9213259291243441,0.07860712587696705
5965.0,0.12893947520092366,0.8481614178968261,0.022899106902250378
6772.0,0.33708282220119146,0.6627912973006339,1.2588049817467917E-4
5498.0,0.006262810754769254,0.9933160431778871,4.2114606734354644E-4
5102.0,1.499353390882222E-15,8.864215609488162E-5,0.9999113578439036
5225.0,0.006745785445276775,0.7567097627646951,0.23654445179002806
5711.0,0.9041030505145387,0.09589576560352267,1.1838819385773048E-6
6465.0,0.9835067043298814,0.01646921686331005,2.40788068085369E-5
6226.0,0.001893685716895655,0.9979521165868641,1.5419769624010153E-4
5980.0,0.8296425389400812,0.170342573126869,1.4887933049785082E-5
5508.0,0.9907826624921225,0.00910327791830272,1.1405958957463994E-4
6794.0,0.0016081745654884139,0.9983680859244118,2.3739510099682262E-5
5271.0,0.9984471031124775,0.0015527716750297132,1.2521249279592484E-7
6591.0,6.814077887774446E-4,0.9944507878062067,0.004867804405015908
5809.0,1.174428017671244E-9,0.9943816399260159,0.005618358899556128
6050.0,0.0403383678476078,0.9586791663492511,9.824658031410904E-4
6316.0,3.2158544005948863E-15,0.15024755854339852,0.8497524414565983
6150.0,0.9430435464106882,0.056955979208900956,4.7438041071382367E-7
5896.0,1.1382370466720048E-7,0.9962290374290571,0.00377084874723817
5659.0,1.6703086459101274E-10,0.11044287035600443,0.8895571294769646
6421.0,3.5211635040072604E-4,0.9989659568765281,6.819267730711939E-4
5181.0,0.9761311296547085,0.02386887030382666,4.1464668967810304E-11
5050.0,1.7211542211759612E-23,6.372709259185441E-7,0.9999993627290742
6688.0,9.834412369737597E-5,0.9996530679577966,2.4858791850601315E-4
5422.0,0.7181514400369062,0.2817246279416169,1.2393202147693223E-4
6134.0,5.523378538687751E-7,0.23797659740770313,0.7620228502544429
6392.0,6.57037765114306E-5,0.5905140763977992,0.4094202198256894
6635.0,0.9041252516359823,0.09587454827696684,2.000870508624858E-7
5861.0,4.025843370648822E-12,0.47400664381472885,0.5259933561812452
4932.0,6.169384180495011E-4,0.21489589007491725,0.7844871715070332
5315.0,0.13762502505164304,0.8594108620430425,0.002964112905314416
6377.0,0.045385434787266477,0.9541108285332983,5.037366794353582E-4
6119.0,0.8356794015932958,0.16431283016064804,7.768246056118398E-6
5876.0,4.30060821446408E-9,0.008743867175734913,0.991256128523657
6650.0,1.3728746696565777E-9,0.16025643063982653,0.8397435679872988
5330.0,2.083427378094858E-9,0.052017680996804636,0.947982316919768
4949.0,0.4766723111677656,0.5233141960440151,1.349278821930556E-5
5569.0,0.007490968620831712,0.9913190728794385,0.0011899584997298878
5913.0,0.03444307413052263,0.9648293409238002,7.275849456771018E-4
6167.0,3.6150673982174445E-7,0.07887879509622496,0.9211208433970353
6404.0,2.3896808275139605E-8,0.9128134053614231,0.08718657074176867
5642.0,0.9557918732478826,0.03881158441492385,0.005396542337193497
5035.0,1.267476477444049E-22,8.980658434428462E-7,0.9999991019341566
5164.0,5.335527408266242E-4,0.9434226777660325,0.0560437694931408
5439.0,2.010528684955187E-6,0.9939935203197737,0.006004469151541483
6616.0,2.0521390502080984E-6,0.35726111754766016,0.6427368303132897
5846.0,0.9991136891069036,8.863074245737089E-4,3.4685226640109047E-9
6085.0,3.621499564287058E-5,0.9550816701988458,0.04488211480551116
6347.0,0.9996009927732498,3.9900389765227645E-4,3.3290980269837448E-9
5603.0,1.6951535326371257E-8,0.014658614274969202,0.9853413687734954
5360.0,7.016509385167364E-7,0.9992771505854308,7.221477636307523E-4
4983.0,2.556555122656128E-7,0.33804845561046115,0.6619512887340266
5672.0,0.779937882414108,0.2200592087416004,2.908844291541001E-6
6438.0,5.501581369161114E-6,0.9680340683951989,0.031960430023431775
6197.0,0.7901073674996342,0.2097884981765611,1.0413432380462704E-4
5947.0,8.184180552206893E-5,0.9975242547857256,0.0023939034087523303
6675.0,3.3199870848611286E-5,0.8715545898969683,0.12841221023218302
5405.0,6.079261653413207E-18,0.007800391518905255,0.9921996084810948
5001.0,1.1539073275543945E-5,0.9999238267882287,6.463413849571406E-5
5134.0,0.9440773044342889,0.05592252566138393,1.6990432708386296E-7
5689.0,3.001304044205605E-8,0.9031171261417722,0.09688284384518736
5930.0,0.04062938371436897,0.9588778959481709,4.92720337460146E-4
6180.0,1.29466894948044E-11,0.0049112950210431425,0.9950887049660101
5388.0,0.9586099128663017,0.04137721958112573,1.2867552572553499E-5
5151.0,3.3695016033788074E-10,0.999845102284826,1.5489737822385152E-4
5016.0,2.805846542390493E-8,0.34930057462430425,0.6506993973172303
5831.0,3.915129577959598E-9,0.837529930649879,0.1624700654349914
6601.0,0.9999506496589614,4.9350315918714745E-5,2.511991220654336E-11
6362.0,0.03045688301456798,0.9414046777887565,0.028138439196675597
6100.0,0.9968121125903322,0.003184864024233664,3.023385434019311E-6
5618.0,3.0194389502419087E-6,0.010046843673314146,0.9899501368877357
4966.0,0.00243719966519586,0.997545378779874,1.742155492999164E-5
5345.0,0.46184919313842304,0.5377638943853782,3.869124761987746E-4
5300.0,0.02754542511573271,0.9724414176174259,1.3157266841660614E-5
5543.0,0.9626390791580838,0.034498762141780645,0.002862158700135605
6017.0,0.02309674070938604,0.9769010677918992,2.1914987148111733E-6
6287.0,0.9995930695108383,4.0692954233856354E-4,9.468232130115891E-10
6556.0,0.003251366017692161,0.9701817262154058,0.02656690776690189
5778.0,5.564209927477792E-12,0.8641292669254346,0.13587073306900116
5069.0,1.3833413255454782E-6,0.1671332885768629,0.8328653280818116
5194.0,0.005447944095685741,0.97972153244266,0.014830523461654178
6743.0,0.0693094507417905,0.9300355803253579,6.549689328516437E-4
5465.0,0.9973389830714271,0.0026610140054479973,2.92312501911899E-9
6257.0,1.65836222817631E-4,0.9997185433777076,1.1562039947456388E-4
6015.0,0.7376254094149478,0.26236320865623386,1.1381928818248569E-5
6498.0,0.021320506012242894,0.6117982472418937,0.3668812467458634
5211.0,5.608252092983658E-17,1.4864285101108993E-4,0.9998513571489889
5084.0,0.01291145204702737,0.8169099555506014,0.17017859240237102
5448.0,4.14658132142742E-14,7.722839613232531E-4,0.9992277160386352
6726.0,0.0029846375014143914,0.6034211798034932,0.3935941826950925
5998.0,0.37958444042778305,0.6203869099885744,2.864958364258338E-5
6240.0,2.3096229062839102E-8,0.273523017914354,0.7264769589894169
6515.0,0.16516570739474146,0.8348065860169749,2.7706588283691545E-5
5757.0,0.8556100191424557,0.144378115953463,1.1864904081412336E-5
5285.0,6.218382400313075E-11,4.204516234926378E-5,0.999957954775467
5558.0,7.394649879546338E-9,0.023581510473149884,0.9764184821322003
6032.0,0.032525606895826814,0.9674703637770364,4.029327136654547E-6
5763.0,0.07655139834012568,0.9229107539186702,5.378477412040595E-4
6541.0,4.494101642994606E-4,0.9986933120120527,8.572778236478952E-4
5482.0,0.5251226640681304,0.47487357116073975,3.764771129887548E-6
5241.0,0.007346383016635894,0.9574458903405866,0.035207726642777444
5118.0,0.9997274566418257,2.725320631156594E-4,1.129505842909644E-8
6481.0,8.290752476950768E-12,7.305182383491635E-4,0.9992694817533602
6210.0,2.060230394835937E-6,0.9883085384163591,0.01168940135324612
5964.0,0.9999580853828985,4.191456760824631E-5,4.949324892129078E-11
5524.0,0.34270622946317775,0.6547495414813284,0.0025442290554938004
5255.0,0.9961446259864795,0.0038545545136959014,8.194998245891138E-7
6575.0,0.003917581629577538,0.9909982533627111,0.005084165007711333
6066.0,9.747007700877707E-4,0.8149602044552633,0.184065094774649
6332.0,0.00949716666258683,0.9900271816704614,4.756516669517525E-4
6795.0,0.18130015294123275,0.8186919686010218,7.878457745579711E-6
5509.0,0.001147913530608259,0.9630403310875694,0.035811755381822366
5270.0,0.6663610954079044,0.33363698130361574,1.923288479808654E-6
5808.0,3.0820523136918364E-6,0.9571683305508359,0.0428285873968502
6317.0,0.0634237112009755,0.936537079772028,3.920902699636649E-5
6051.0,7.987446159256858E-4,0.9946559019688768,0.0045453534151975155
5499.0,4.3970370560292636E-5,0.8370751247632545,0.16288090486618512
6773.0,1.4935099339618384E-6,0.8830901124686771,0.11690839402138893
5103.0,1.9020846306224722E-7,0.2565248060584346,0.7434750037331024
5224.0,1.0266709075180725E-8,0.28108939643608843,0.7189105932972024
6464.0,0.9953252867111397,0.004673683267157466,1.0300217028071091E-6
5710.0,1.6566158027503183E-4,0.9625778020007374,0.03725653641898738
5981.0,5.029789236898615E-8,0.0010660493949977375,0.9989339003071099
6227.0,0.31104267108678735,0.6724187910825424,0.016538537830670226
5641.0,9.304781395727465E-6,0.9999367413639819,5.395385462234452E-5
6407.0,1.542588688987009E-17,0.0024743413811799918,0.9975256586188199
6164.0,0.9922763819796019,0.007721943305901292,1.6747144968639436E-6
5914.0,0.598149535638441,0.40180894917701393,4.1515184544983493E-5
6706.0,0.8556505540756952,0.14434838225547375,1.0636688312037582E-6
5436.0,5.603596292166405E-5,0.13573513699064046,0.8642088270464379
5032.0,2.57229669595224E-7,0.0020972950443621566,0.9979024477259681
5167.0,3.265036220105988E-10,0.33562464536112663,0.6643753543123698
6649.0,0.9959558045316651,0.004044185097745166,1.0370589682244038E-8
5879.0,0.9709191551121567,0.02908083140435552,1.3483487741282742E-8
6116.0,3.256821928520741E-16,3.5236710328617664E-7,0.9999996476328963
6378.0,0.05174837437899508,0.948212161557305,3.9464063699788886E-5
5329.0,0.5347373228858265,0.4652624490444429,2.2806973051296633E-7
4950.0,0.9862763485545134,0.013718587935273287,5.063510213488625E-6
5862.0,0.08265407503778574,0.24434379818100038,0.6730021267812138
6632.0,0.24055706814701436,0.7577053066787807,0.001737625174205033
6395.0,0.1281857143844466,0.8715925654122038,2.217202033497814E-4
6133.0,6.71178159555535E-8,0.009329276345146513,0.9906706565370377
5587.0,1.0249640336461931E-8,0.9652069683620143,0.034793021388345495
4935.0,0.982705607132197,0.017294294033371932,9.883443113438264E-8
5312.0,0.8755017266941237,0.12448112469171214,1.714861416419322E-5
6422.0,0.021463086160131095,0.9784182045729964,1.1870926687238106E-4
5656.0,2.4524300800341554E-9,0.004700216195813422,0.9952997813517565
5899.0,0.0024972471922096525,0.9894360194977104,0.008066733310079973
6149.0,4.412860159953592E-5,0.9996170201965306,3.388512018698038E-4
5421.0,0.9905263690411154,0.009473295951916616,3.3500696807744226E-7
5182.0,0.01410010437665187,0.9855078641134221,3.9203150992611277E-4
5049.0,1.3581310451332118E-6,0.047856385200311866,0.952142256668643
6103.0,0.17490508864543333,0.8250868404035818,8.070950984871057E-6
6361.0,1.016567565456059E-9,0.8405149564028839,0.15948504258054846
6602.0,0.9999070679521741,9.293094406486119E-5,1.103761171364259E-9
5828.0,0.9998657591385508,1.3423616785317665E-4,4.693596025615112E-9
4965.0,0.948554481986096,0.051443684621211766,1.8333926920725472E-6
5346.0,0.005352436327690138,0.7604529979802532,0.2341945656920565
5617.0,0.7094970908642577,0.2901463269590538,3.5658217668868954E-4
6183.0,0.013320580892219793,0.9634068633524321,0.0232725557553481
5929.0,0.5402867406781494,0.4572407749043101,0.002472484417540571
5690.0,5.5681239461642016E-8,0.8760228990642226,0.12397704525453797
6452.0,8.293447749923636E-5,0.9885572827389317,0.011359782783569222
5148.0,4.169306305883127E-6,0.1947122871326763,0.8052835435610178
5019.0,0.04274569211196042,0.9572034814182943,5.082646974515641E-5
6657.0,1.187401671403643E-16,2.1729964468384756E-5,0.9999782700355315
5391.0,3.6988109500487556E-11,0.019087358990378982,0.980912640972633
5944.0,1.6980908223350516E-7,0.6705007416097964,0.3294990885811212
6198.0,0.9770451352933993,0.022407267870777077,5.475968358235944E-4
6437.0,0.998670253840283,0.0013297439638830539,2.1958339775642147E-9
5675.0,7.218460136304972E-4,0.9884745367558471,0.010803617230522367
5002.0,2.42786316228105E-10,0.05176599467782733,0.9482340050793865
5133.0,1.756275224219093E-31,1.3039014090294614E-14,0.9999999999999869
5406.0,8.22345836331106E-8,0.14119123035436387,0.8588086874110525
6672.0,6.664248835413403E-8,0.0499102187035831,0.9500897146539287
6344.0,0.990507918576365,0.009476034276185185,1.604714744992224E-5
6086.0,7.179183396043085E-16,7.392224267931332E-4,0.9992607775732062
5845.0,2.8301076950270085E-7,0.878761504345354,0.12123821264387649
6619.0,1.4972406394573755E-16,1.1486710797046794E-5,0.9999885132892028
5363.0,1.9402809498774983E-5,0.9835298539777222,0.01645074321277894
4980.0,0.2807573542243212,0.718912482849736,3.3016292594280057E-4
5600.0,0.6019103473271316,0.3980894873927185,1.6528014999726802E-7
5557.0,0.1850921186078867,0.8147490057200029,1.5887567211038742E-4
5286.0,9.448588791662002E-5,0.05091790442609759,0.9489876096859859
6542.0,0.9993774742375112,6.22524469847131E-4,1.2926417111566801E-9
5760.0,0.0012838529842614942,0.9977059643919001,0.0010101826238382808
6035.0,0.8914087452283393,0.10826443271862292,3.2682205303760013E-4
6301.0,0.022067077852986394,0.9242358403483766,0.05369708179863691
6725.0,6.888491974609772E-5,0.9667381088495182,0.033193006230735705
5451.0,1.242612710045015E-8,0.188441214171138,0.811558773402735
5208.0,3.7149908000334046E-5,0.11353602509947058,0.8864268249925291
5087.0,1.3459170327088164E-5,0.5153553720110674,0.4846311688186056
5758.0,0.04943376378173931,0.9503367352855525,2.2950093270828522E-4
6512.0,0.005992195235601346,0.5672578152675087,0.4267499894968899
6243.0,0.2901359117429397,0.7098576298323204,6.45842473993558E-6
5997.0,6.505563587846772E-20,1.814709871042999E-6,0.999998185290129
5466.0,0.013124253777456534,0.9867932165150213,8.252970752217553E-5
6740.0,8.915054781251881E-4,0.9184964732385784,0.0806120212832964
5070.0,0.9370187976402222,0.06282061092201466,1.6059143776314035E-4
5193.0,0.6387756091084704,0.3612216442147001,2.746676829396045E-6
6497.0,0.9991054059539903,8.943916533451824E-4,2.0239266453657142E-7
5743.0,0.9834170894385259,0.016582648669352197,2.6189212198165395E-7
6012.0,0.0011003360501435247,0.2510718234516383,0.747827840498218
6258.0,3.3661297852809206E-12,0.6746250386717719,0.325374961324862
5540.0,1.0262480322335487E-8,0.5905502651280596,0.4094497246094601
5303.0,0.15130435656671412,0.8021177356525347,0.04657790778075112
5777.0,0.999094458166791,9.054428868333202E-4,9.894637562813126E-8
6559.0,5.422863385641805E-13,1.0120584749152043E-4,0.9998987941519661
6284.0,0.07949076125862106,0.9170643315701615,0.0034449071712174943
6018.0,0.8569789324603999,0.1430205366412224,5.308983777055728E-7
5100.0,0.9999203165658981,7.968298100335395E-5,4.5309849750450694E-10
5227.0,0.013995390483603716,0.9855683991888129,4.362103275833672E-4
6774.0,2.0960884017803323E-4,0.7949013579159055,0.20488903324391644
5496.0,0.1860638618611294,0.8139355814768897,5.566619809518532E-7
6224.0,2.0018319342839183E-8,7.446482170167405E-5,0.9999255151599789
5982.0,0.995940109751075,0.004059659165445699,2.3108347939344865E-7
5709.0,0.945535106625216,0.05445316662376036,1.1726751023610386E-5
6467.0,5.637656094553966E-5,0.9871018641753111,0.012841759263743247
5269.0,0.0032879487101164086,0.9722903452741914,0.024421706015692116
6792.0,0.001180401829479305,0.9987488523725333,7.074579798751315E-5
6048.0,0.9992100771442185,7.899228198019306E-4,3.597969161049746E-11
6318.0,1.7858881128046978E-6,0.9995888150486468,4.093990632404245E-4
6589.0,3.2260094561088434E-6,0.9037971969152383,0.09619957707530558
5811.0,0.3932174369400325,0.5921744589590665,0.01460810410090094
5252.0,2.6882313588430225E-4,0.8432339806218077,0.1564971962423081
5527.0,0.9999956152176808,4.384781845109375E-6,4.741338507003762E-13
6335.0,0.6927891317351115,0.3070464310408269,1.644372240616573E-4
6065.0,4.2025008332018396E-5,0.9936296238311948,0.006328351160473078
5794.0,0.24220086773761731,0.7577676293066405,3.150295574207027E-5
6572.0,0.8978738806751256,0.10212403966975477,2.079655119548708E-6
5242.0,1.2922874494010442E-18,2.0867814339837173E-5,0.9999791321856601
5117.0,2.843122796109165E-10,0.32953007951736446,0.6704699201983233
5481.0,1.6364024145511945E-16,6.844939927381503E-4,0.9993155060072616
5967.0,0.9934328717380977,0.00656560364977892,1.5246121234174295E-6
6209.0,0.05093541033521824,0.9490233119162702,4.127774851153869E-5
6482.0,1.9248471532778467E-5,0.9999577213345495,2.303019391767947E-5
5724.0,0.27678919161422516,0.4999661322441443,0.22324467614163052
6648.0,5.903135084525599E-7,0.951028965552408,0.048970444134083635
6379.0,5.823579929706785E-6,0.9878709909772371,0.012123185442833377
6117.0,1.3207637703878707E-5,0.9692821727759007,0.030704619586395483
5571.0,0.10670016048648541,0.8932009936604867,9.88458530279862E-5
5328.0,4.028672807783086E-10,2.794505096308787E-4,0.999720549087502
4951.0,0.753706004800916,0.24629324500547015,7.501936138460484E-7
6406.0,1.2521010164498532E-11,7.659600122025283E-4,0.9992340399752765
5640.0,1.8366355939586757E-6,0.9436750453983271,0.05632311796607891
5915.0,0.020167022364913436,0.979114948234241,7.180294008457094E-4
6165.0,0.9987695218490733,0.001230469692147381,8.458779303293697E-9
5437.0,0.19806163531414123,0.8019378648306724,4.998551862703105E-7
6707.0,2.3396980991389585E-6,0.8064227931176287,0.19357486718427222
5033.0,0.04231878489408952,0.7304082618965884,0.22727295320932217
5166.0,0.05843468840485784,0.941564729137059,5.824580831813536E-7
5657.0,0.9999839243277858,1.607556501281429E-5,1.0720135859418573E-10
6148.0,1.4370042762878446E-8,0.006324055855812993,0.9936759297741442
5898.0,2.305232164651919E-13,0.0018744686408295565,0.9981255313589399
6690.0,0.016380478712146276,0.9835941928305018,2.532845735192995E-5
5420.0,0.8604511605879446,0.1391980144272558,3.508249847996469E-4
5183.0,0.9977961722955035,0.002156929528090836,4.6898176405643305E-5
5048.0,1.087081290981736E-4,0.9997231168098437,1.6817506105815043E-4
6633.0,0.0026041046412677757,0.5712031062703921,0.4261927890883402
5863.0,0.060445121899388596,0.9395253036251425,2.957447546865192E-5
6132.0,9.252143868756031E-10,0.0010396116775142964,0.9989603873972712
6394.0,2.711849372218591E-10,0.0037921655189037565,0.9962078342099112
5586.0,0.13443326614690657,0.8655209330404264,4.5800812666969894E-5
4934.0,0.2889363014188407,0.6890196927259787,0.022044005855180543
5313.0,4.974472933524734E-6,0.9968123260990155,0.0031826994280510596
5928.0,0.9915952358022965,0.008403755758755217,1.0084389483182781E-6
6182.0,2.5153810341488514E-7,0.004028834943603233,0.9959709135182933
6453.0,0.9999654507455318,3.454885092076209E-5,4.0354742607666017E-10
5691.0,8.547717886088805E-16,2.3917972375158355E-4,0.9997608202762476
5149.0,0.7336522633467025,0.26328173274073485,0.003066003912562695
5018.0,0.9891791004714025,0.010816487951024405,4.4115775730627525E-6
5390.0,0.0029411273203425255,0.9877616198242251,0.00929725285543249
6656.0,0.9949935586738405,0.005006330312737088,1.1101342227981774E-7
6360.0,1.3894339490949647E-6,0.9607400437299677,0.039258566836083246
6102.0,0.05607818847991233,0.37622351606380894,0.5676982954562787
5829.0,7.774330291145996E-13,2.5885796011478475E-4,0.9997411420391077
6603.0,2.6342614159474703E-4,0.9942336372040405,0.005502936654364694
4964.0,7.019775445529664E-7,0.0034564391527549354,0.9965428588697005
5347.0,1.2346422200218553E-8,0.01763099606595314,0.9823689915876246
5616.0,8.509311345909335E-8,0.03896955518686033,0.9610303597200262
6087.0,9.598145809776319E-8,0.3956599027517413,0.6043400012668005
6345.0,0.2200998506362111,0.5605194546605066,0.21938069470328234
5844.0,1.3350062232016637E-4,0.15415413921285306,0.8457123601648266
5362.0,0.9998921092606248,1.0789010440162989E-4,6.349735635466779E-10
4981.0,2.117695870274194E-11,0.001464581956405263,0.9985354180224176
5601.0,5.536720372621621E-6,0.9763857126013702,0.023608750678257177
5945.0,4.503512397178172E-6,0.9851160839760911,0.014879412511511604
5674.0,1.0433574055855124E-8,0.003282864528557792,0.9967171250378682
6436.0,5.829949257185494E-4,0.999364728574248,5.227650003354212E-5
5003.0,0.064073880618632,0.9359250717491086,1.047632259535758E-6
5132.0,0.03781468297887809,0.9597228400182203,0.0024624770029017503
6673.0,4.289687682989991E-7,0.936259473344227,0.06374009768700489
5407.0,0.7682131534208636,0.23178329558276348,3.5509963729680303E-6
5450.0,3.748406618037711E-12,0.02224951301451687,0.9777504869817346
6724.0,0.1228098069878288,0.8753429908930889,0.0018472021190822677
5209.0,0.015626487719633556,0.9839021386897079,4.713735906583859E-4
5086.0,9.484183765665498E-13,1.5840356374566958E-4,0.9998415964353059
6513.0,0.9989029755459979,0.0010967715857316972,2.5286827031553834E-7
5759.0,0.014991160075107965,0.9849108601990845,9.79797258077225E-5
5996.0,0.05097543349989784,0.9489268202420206,9.774625808152873E-5
6242.0,2.8958259531241882E-9,0.012456630706432258,0.9875433663977418
5556.0,0.9422858640982391,0.05771392585017457,2.1005158632446427E-7
5287.0,0.9898150747596335,0.01018473185192295,1.9338844355806893E-7
5761.0,0.5340646292449104,0.46591568971754105,1.9681037548717482E-5
6543.0,5.8343521852257005E-5,0.8836988655238622,0.11624279095428545
6300.0,0.9849406687932231,0.015057572087700904,1.759119076193973E-6
6034.0,0.9947927149682112,0.005207273963013741,1.1068775221743952E-8
5541.0,2.4434013067603413E-6,0.1473235226753133,0.8526740339233799
5302.0,1.221580135627148E-4,0.10678369714209696,0.8930941448443402
6558.0,1.836543516295344E-4,0.9783713834204195,0.021444962227950715
5776.0,0.8848633516460491,0.11444737890719643,6.892694467543483E-4
6019.0,0.9986870440807434,0.0013129349460321966,2.097322433595988E-8
6285.0,0.5553376834522907,0.44442445722591417,2.378593217951105E-4
5467.0,0.6590988727814822,0.34090072882014627,3.983983714902114E-7
5071.0,0.8923359642409273,0.10765353164493166,1.0504114140923746E-5
5192.0,0.6431857751999204,0.3567128169238872,1.0140787619248666E-4
5742.0,2.5851829666802657E-5,0.999933300062674,4.0848107659160225E-5
6259.0,1.5967965366105564E-7,0.9756250162966325,0.02437482402371381
6013.0,3.1847604801243975E-8,0.7310651540368684,0.2689348141155268
5268.0,0.9021969090780572,0.09780222031767949,8.706042633922824E-7
6793.0,0.10377534185626007,0.8022097351668954,0.09401492297684458
5511.0,0.8873591954681692,0.1126403558397706,4.4869206034774386E-7
6319.0,0.9993557758837215,6.441924637308428E-4,3.1652547541667356E-8
5810.0,0.4134397728831268,0.586552168107014,8.059009859059392E-6
5101.0,0.2677263172274578,0.7220417725408849,0.010231910231657473
5226.0,0.25465295129566684,0.745320715355467,2.6333348866199008E-5
5497.0,9.610498245908329E-5,0.740907209642925,0.2589966853746159
6775.0,1.5034458520302614E-5,0.3928279595949352,0.6071570059465444
5983.0,0.27015384383049895,0.7298334286991798,1.2727470321253404E-5
6225.0,5.1197818601916145E-8,0.15088484752472087,0.8491151012774605
6466.0,0.43187108351616504,0.5681122339253601,1.6682558474811885E-5
5708.0,9.97425939754937E-9,0.8578594558264016,0.14214053419933909
5116.0,0.9100905171581528,0.08990303209369842,6.450748148813178E-6
6758.0,0.9983290838392453,0.0016709144425474966,1.718206976894098E-9
5480.0,1.6641510879676466E-5,0.999593777271924,3.895812171962621E-4
6208.0,0.9952029882914918,0.004796484648232134,5.270602760868956E-7
5966.0,1.223234687347448E-6,0.9997818772760871,2.1689948922566898E-4
5725.0,4.4375847160728215E-18,3.663726676283821E-5,0.9999633627332372
6483.0,0.8831257405813475,0.11687400607818632,2.5334046617498273E-7
5253.0,0.004463375999881354,0.8740767690688078,0.12145985493131092
5526.0,2.6324746210362083E-8,0.09178520862948653,0.9082147650457673
6808.0,0.014450733900891024,0.9847024255187345,8.468405803743815E-4
6064.0,1.4189187399875463E-5,0.9968349854681224,0.003150825344477737
6334.0,0.9742762928728423,0.025723390511170882,3.166159866546977E-7
6573.0,0.7366394526472932,0.26335854120261387,2.006150092938354E-6
5795.0,0.03385407254702565,0.9661334567239969,1.2470728977514111E-5
5400.0,0.255184437520262,0.7447865225626221,2.9039917115852416E-5
6678.0,0.7215249492632697,0.2780199061351173,4.551446016130737E-4
5004.0,0.011242500662382667,0.9878087420842905,9.487572533269104E-4
5131.0,2.6414097770933498E-8,0.007154197881183332,0.9928457757047189
6435.0,1.4163135573904716E-4,0.8824281685093007,0.11743020013496024
5677.0,9.269316063553469E-4,0.9990627560826845,1.0312310960255896E-5
5950.0,4.3010350847971635E-9,0.005669692113492556,0.9943303035854723
6192.0,0.9997372697588798,2.627292833422833E-4,9.577780419458768E-10
5606.0,8.980353409614189E-6,0.014417470870236586,0.9855735487763538
5365.0,0.42411603930250535,0.46629973563944616,0.10958422505804846
4978.0,0.9737249700437939,0.026257488595565686,1.754136064038325E-5
5843.0,4.7968833515589646E-11,0.016800410041631384,0.9831995899103998
6621.0,0.9999903865932853,9.613403903544602E-6,2.811319126811041E-12
6350.0,0.053029712425490774,0.6250368984137575,0.3219333891607517
6080.0,4.654016250536691E-4,0.9991800680960962,3.545302788501193E-4
5623.0,8.277137465403892E-10,0.7311507516895535,0.26884924748273265
4963.0,0.9997605227862173,2.3947416570639028E-4,3.048076406124585E-9
5348.0,0.03871352128559065,0.9612840810685319,2.3976458774505017E-6
6604.0,0.7204396831238203,0.2795592486208158,1.0682553637578954E-6
5826.0,5.363089271158809E-6,0.06154122292068174,0.938453413990047
6097.0,0.011351415550500829,0.9880980833952535,5.50501054245547E-4
6367.0,0.9590722210016146,0.04078493208524295,1.4284691314260197E-4
5385.0,1.6744792862261432E-14,0.0010548846823953473,0.998945115317588
5146.0,9.83291078664211E-6,0.749070028933658,0.25092013815555536
5021.0,0.008936228867872776,0.9909315432301428,1.322279019843026E-4
5692.0,0.6767443691975349,0.32216593921822884,0.0010896915842362829
6450.0,0.9925031012897553,0.0074966528438743345,2.458663704747348E-7
6177.0,1.8703941166460942E-4,0.996581173680616,0.0032317869077193332
5935.0,2.6428145136019413E-15,0.0013823113425008818,0.9986176886574966
4929.0,3.3265205540649565E-5,0.9997812060797079,1.8552871475150485E-4
5318.0,1.2288300922210798E-7,0.02069129546110734,0.9793085816558835
5589.0,0.9956078495428758,0.004391207266521478,9.431906025306775E-7
6131.0,1.1919243516864659E-6,0.4933766593794673,0.5066221486961809
5856.0,0.6652627830075009,0.3347094081941463,2.7808798352641512E-5
6638.0,0.9992702050833926,7.297873236923735E-4,7.592914889676295E-9
5176.0,0.011297108793198885,0.9849315323622423,0.003771358844558819
5055.0,1.817427925082299E-5,0.16777187067981633,0.832209955040933
5419.0,1.0219137409058363E-16,1.6632043261134146E-5,0.9999833679567388
6693.0,0.005012212629151351,0.9921021752501089,0.0028856121207396137
5901.0,0.7944565696709921,0.20554299647434898,4.338546589386602E-7
6147.0,2.8627661173014792E-8,0.7913817159361602,0.20861825543617857
6416.0,1.835232095035646E-12,9.869324266652683E-4,0.9990130675714995
5662.0,0.9780907379350886,0.021909188876802033,7.318810951171018E-8
5038.0,0.9997655043457686,2.3449556530401563E-4,8.892729446667907E-11
5161.0,1.136008760355594E-5,0.9429167367181013,0.05707190319429506
6708.0,0.9770119121879627,0.02296184323604108,2.6244575996373713E-5
5434.0,5.980549185156997E-7,0.03549448550553003,0.9645049164395515
6162.0,6.5562272546427E-11,0.014937003507153386,0.9850629964272843
5916.0,0.007720129453832881,0.7340794390667659,0.2582004314794014
5647.0,0.9887214758053485,0.011267833616928718,1.069057772273941E-5
6401.0,0.9999909908184087,9.009180462948112E-6,1.1283411118664003E-12
5335.0,1.44660237064292E-11,0.0022386141342445555,0.9977613858512895
4944.0,1.1735348292874643E-7,0.8398503407781339,0.16014954186838315
5572.0,1.058465367188249E-10,0.0014595512559599309,0.9985404486381936
6114.0,3.7199313999081437E-9,0.07293353253138443,0.9270664637486842
6380.0,1.956290981159268E-4,0.026191594050475303,0.9736127768514089
6655.0,0.21856575518406757,0.7814309924942545,3.2523216779101898E-6
5873.0,1.2619485110005018E-15,4.880744004929154E-4,0.9995119255995059
5796.0,0.9999769863197077,2.3013558944049954E-5,1.213484189765352E-10
6570.0,1.6139877829096732E-6,0.9995162965446758,4.820894675413144E-4
6329.0,0.9907567697181848,0.009240325297966045,2.9049838490610193E-6
6071.0,0.9993913989942382,6.082089012066904E-4,3.921045550630884E-7
5521.0,0.9995165068869301,4.83487518264898E-4,5.594805057039035E-9
5250.0,0.36859282767613366,0.6311475446777953,2.596276460711075E-4
6484.0,0.014678222003411462,0.9840643054271526,0.0012574725694357548
5722.0,0.4402911641845336,0.5590596677464998,6.491680689664967E-4
5961.0,2.1688735960773002E-14,8.13248968306421E-4,0.9991867510316718
6215.0,1.5617341782744992E-5,0.99826170516039,0.001722677497827183
5487.0,5.55439778039419E-7,0.9993176806096896,6.81763950532392E-4
6753.0,2.813602579420848E-10,0.5599277827885106,0.44007221693012916
5244.0,2.4025425938740666E-5,0.9999205989738318,5.53756002294174E-5
5115.0,2.6979729728238876E-9,0.011249833757417036,0.9887501635446099
5707.0,2.7148704020272655E-7,0.023392506975806884,0.976607221537153
6469.0,0.1725016773357894,0.8274673951632152,3.0927500995349506E-5
6230.0,5.54730084742687E-12,6.570690432155409E-4,0.9993429309512372
5976.0,5.150191917454714E-9,0.003899253613171276,0.9961007412366368
6768.0,1.2528622533999484E-7,0.20130536172784405,0.7986945129859306
5502.0,0.6657437402957429,0.3342147119242652,4.1547779991942244E-5
5098.0,0.9197264269968359,0.08027145681215628,2.116191007873572E-6
5229.0,1.932863574280673E-4,0.930552438118647,0.06925427552392502
6587.0,4.641570803372481E-5,0.9997496184777257,2.039658142405727E-4
5813.0,0.9992573726782592,7.426032921258722E-4,2.4029614800396488E-8
6054.0,0.41740617472266534,0.5821997703317215,3.9405494561306264E-4
6312.0,3.448458106247105E-11,0.06614415236457417,0.9338558476009413
5504.0,1.378302544775333E-4,0.9973241382928789,0.002538031452643588
6798.0,0.7028101294575031,0.2971760970010906,1.3773541406383918E-5
5267.0,0.02492983686632843,0.39671656904999003,0.5783535940836816
6010.0,0.0173359699270613,0.23388252872172216,0.7487815013512166
6260.0,0.5498601200269734,0.4501363203406699,3.559632356748113E-6
6503.0,9.579552895494137E-6,0.9680125522411936,0.0319778682059109
5737.0,0.9983202448216908,0.0016797050132100581,5.016509930294254E-8
5064.0,1.242044471119623E-12,0.03166169225706012,0.9683383077416978
5199.0,7.684215498743883E-15,2.7709889613049315E-5,0.9999722901103792
5468.0,0.28615408038014,0.6815498687121858,0.032296050907674276
6738.0,1.6984546130893996E-5,0.9442492235343068,0.055733791919562396
6282.0,0.9779716894189558,0.02202701854871515,1.2920323289223664E-6
6020.0,1.272357521778896E-5,0.9970523211546268,0.0029349552701554
6553.0,3.577363354557882E-7,0.008528039905425012,0.9914716023582396
5297.0,0.9073568477820311,0.09264304164400693,1.1057396197370969E-7
4918.0,0.5760127975555149,0.4239192474191161,6.795502536891549E-5
5538.0,0.9998253331321171,1.7466682336088522E-4,4.452192662095745E-11
6037.0,7.766145100882791E-4,0.8147005804199692,0.1845228050699425
6299.0,2.7123412993908056E-9,0.6712396462577073,0.3287603510299516
6536.0,8.358282385789503E-5,0.33778743936338473,0.6621289778127575
5766.0,0.9965267640622028,0.003472982034582741,2.5390321458174146E-7
5280.0,0.0025176781106594896,0.9972470559329978,2.3526595634273088E-4
5555.0,1.016059500291652E-7,0.9506805870503785,0.049319311343671506
6245.0,0.013206584900028762,0.9866348380572812,1.5857704268981582E-4
5995.0,0.9998883065463293,1.1169328639972378E-4,1.672708127647751E-10
5752.0,0.05067349998432758,0.9490860409016898,2.404591139827075E-4
6518.0,1.3281564999337803E-10,0.658016126202535,0.34198387366464933
5214.0,8.523809522752458E-8,0.18643148748649632,0.8135684272754085
5081.0,1.450377490431688E-8,0.3699581475395148,0.6300418379567103
6723.0,0.9999756288644134,2.4371133655390484E-5,1.931271496225082E-12
5453.0,5.5011243193377405E-9,0.0014959154449075275,0.9985040790539682
5607.0,0.0010708430293756754,0.9970200792770568,0.001909077693567491
5364.0,0.5430203414948878,0.456940458730246,3.9199774866216305E-5
4979.0,1.4284688022646852E-6,0.9907507935851091,0.009247777946088486
6620.0,5.050503297053112E-6,0.24052140143736456,0.7594735480593384
5842.0,5.55675854868335E-11,0.008745589195933963,0.9912544107484984
6081.0,6.918686032279702E-5,0.9999205964509713,1.0216688705921499E-5
6351.0,1.4301356503182395E-4,0.9834669784881493,0.016390007946818965
6679.0,0.9994865858156772,5.134028054585207E-4,1.1378864368236425E-8
5401.0,3.165614411456142E-5,0.9997285177664929,2.398260893926001E-4
5005.0,1.895975359720903E-6,0.30580177681170523,0.6941963272129351
5130.0,7.955134463513825E-14,2.842301792806475E-4,0.9997157698206397
5676.0,0.01708250296627646,0.9827352544242655,1.8224260945818858E-4
6434.0,3.0684328192150967E-9,0.9998675226393327,1.3247429223446047E-4
6193.0,0.9985521204896871,0.0014477905429429862,8.896736989495653E-8
5951.0,0.9999422247249101,5.7774522941274627E-5,7.521486499465484E-10
5384.0,0.010682899146291757,0.9364854014297538,0.05283169942395436
6662.0,0.36549735858271803,0.6345014092443053,1.232172976546619E-6
5147.0,0.13906038999762316,0.8609046510046995,3.495899767734173E-5
5020.0,1.997386136658617E-5,0.9632798152243621,0.036700210914271295
6451.0,0.017310228707986597,0.9821794989692109,5.102723228025704E-4
5693.0,0.29122770069976744,0.6912282671026678,0.01754403219756476
5934.0,0.13154288613417858,0.8681915402499021,2.6557361591934766E-4
6176.0,5.718061424422248E-7,0.7518753998810056,0.24812402831285182
5622.0,6.975789834549365E-4,0.9992934433257303,8.977690814600125E-6
4962.0,2.6543979336203375E-4,0.362749827370231,0.636984732836407
