6393.0,0.025773431442010424,0.6317416603468132,0.34248490821117644
6135.0,0.018147776002660626,0.28404228161252054,0.6978099423848189
5860.0,9.89562132596503E-9,0.003247128980060716,0.9967528611243179
6634.0,0.8235090893201459,0.17485159238732167,0.001639318292532434
4933.0,2.3819463063280902E-6,0.16665504425042274,0.8333425738032709
5585.0,0.10171548447178727,0.8919076961343235,0.006376819393889232
5897.0,0.45815454671714984,0.5395674795581491,0.0022779737247009264
6151.0,4.891190805646437E-5,0.8550717607183093,0.14487932737363446
6420.0,0.9725307944532492,0.027459939150564022,9.26639618684782E-6
5658.0,0.9875499042599031,0.012441330848884335,8.764891212625265E-6
5180.0,0.9703845339312195,0.02957414907836387,4.1316990416682514E-5
5051.0,4.300659473838343E-4,0.056161272374422005,0.9434086616781943
5423.0,0.002922875444244486,0.4034266935245624,0.5936504310311931
6689.0,0.6403065986175656,0.35675300532819015,0.0029403960542443925
6166.0,5.529100795373817E-5,0.8169082120588739,0.18303649693317234
5912.0,5.777428346600309E-4,0.9858807799309307,0.013541477234409299
5643.0,3.184984944461499E-6,0.05087705530891814,0.9491197597061374
6405.0,0.005734081889404462,0.7612564116100003,0.23300950650059513
5034.0,0.016741892151584156,0.8132950867670454,0.16996302108137037
5165.0,0.5794590331387137,0.4056203734696238,0.014920593391662434
6704.0,7.982014015747706E-5,0.9681010681664284,0.03181911169341414
5438.0,0.9924137791109366,0.007582491731836772,3.7291572265651267E-6
6118.0,1.8324938306534335E-6,0.7707960997666399,0.22920206773952953
6376.0,4.7869318768175984E-5,0.37076137720636354,0.6291907534748683
6651.0,0.0014473519831672864,0.9947757950063509,0.0037768530104818937
5877.0,0.011187131849360963,0.8899190234892385,0.09889384466140058
5331.0,0.04440977603168582,0.928149375408506,0.027440848559808155
4948.0,7.889581833449425E-4,0.924932182158132,0.07427885965852299
5568.0,5.64862023996969E-5,0.6801669034454463,0.31977661035215404
5673.0,0.08138532630716451,0.8558097552989717,0.0628049183938637
5946.0,0.9941544653694633,0.0058059668345079906,3.9567796028800035E-5
6196.0,0.07180483202292588,0.901490830268227,0.026704337708847045
5404.0,3.1872820407820876E-4,0.5903211372795312,0.4093601345163906
5000.0,0.2317683372263026,0.686159961534927,0.08207170123877033
5135.0,5.411913761702123E-5,0.7864440934327712,0.2135017874296118
5847.0,0.8349409958909356,0.16130325089986788,0.0037557532091964186
6617.0,0.3925336645698461,0.6070784756305497,3.878597996041854E-4
6346.0,0.10581545326821264,0.8719000516227592,0.022284495109028205
6084.0,0.452964091267192,0.5124258428002745,0.03461006593253359
5602.0,0.9967264091576375,0.003224549981222372,4.904086114000187E-5
5361.0,0.9477656195552352,0.052232448353719554,1.9320910452861295E-6
4982.0,0.030968685558022995,0.9665717533813324,0.002459561060644554
6600.0,0.35002219247844085,0.6476003426354882,0.0023774648860709433
5830.0,5.7462645897110596E-5,0.6528374796559087,0.3471050576981941
6101.0,0.40714482385080497,0.5790542195106001,0.013800956638594887
6363.0,0.15254237288135594,0.423728813559322,0.423728813559322
5619.0,0.015933498668792394,0.9821943314396505,0.0018721698915571533
4967.0,0.8611128792460115,0.13888560330539562,1.5174485928303101E-6
5344.0,0.0045756794075350405,0.9905817642109095,0.0048425563815554075
5688.0,4.356294954626961E-8,0.029896534323268872,0.9701034221137815
6454.0,0.6888443683035945,0.3098816785626608,0.0012739531337446596
6181.0,0.8822476567054048,0.11760472006450322,1.476232300919523E-4
5931.0,0.0028950053919475425,0.9536799137288394,0.043425080879213145
6659.0,5.8407900489689995E-5,0.09992729168937825,0.900014300410132
5389.0,0.001220111232226215,0.7307773212459838,0.26800256752178986
5150.0,0.3036888872177675,0.6962627779620368,4.8334820195797065E-5
5017.0,0.9981026722718295,0.0018907512124832233,6.5765156872968955E-6
5068.0,0.016443837352636236,0.9422808597068474,0.041275302940516505
5195.0,0.0031456172832783308,0.5240010329632346,0.4728533497534871
5464.0,0.6760634611469503,0.3239356116112333,9.272418164391102E-7
6742.0,0.0044709844187484915,0.9588323914562783,0.03669662412497314
6014.0,1.0569810482475775E-4,0.12954250712745322,0.8703517947677221
6256.0,0.8472839016941913,0.15246937022534274,2.4672808046582783E-4
6499.0,0.00264222952648392,0.5410505601163255,0.45630721035719063
5741.0,1.5961892831502495E-6,0.21075339337125912,0.7892450104394577
5301.0,0.09433962264150944,0.8679245283018868,0.03773584905660377
5542.0,0.047846893848461025,0.9511881074521695,9.649986993694183E-4
6286.0,0.4624423987823305,0.5374370342818365,1.2056693583285206E-4
6016.0,0.11885552236586015,0.7290119489555776,0.1521325286785622
5779.0,0.004906448272635099,0.9937025028938531,0.0013910488335117524
6557.0,3.942496216295456E-8,0.003641689408265892,0.996358271166772
5284.0,0.31761414542800803,0.6764367168993439,0.005949137672648082
5559.0,0.0015596531028597368,0.36918260896594945,0.6292577379311909
6033.0,0.019483546372073966,0.8820373505251946,0.09847910310273143
6303.0,0.94319617676376,0.05641318715143943,3.906360848006406E-4
6540.0,0.19880064514091383,0.7819326716357614,0.019266683223324917
5762.0,6.950174613720033E-4,0.6840679181660628,0.31523706437256527
5210.0,0.02347286934494246,0.9680000761779588,0.008527054477098707
5085.0,0.9975498443214743,0.002450122182675468,3.349585019836078E-8
6727.0,0.7411764705882353,0.24033613445378152,0.018487394957983194
5449.0,0.051205989616795275,0.9379210386753115,0.010872971707893265
6241.0,0.9920566920780383,0.007941896127126757,1.4117948349259496E-6
5999.0,0.0050220940174677845,0.48338469892502484,0.5115932070575074
5756.0,0.058895200810968745,0.8127850464807087,0.1283197527083225
6514.0,0.7084427155293613,0.2862918309042839,0.005265453566354717
5254.0,0.8532447493037136,0.14672069135037147,3.455934591495461E-5
5792.0,5.514475344086327E-8,0.12346481463481755,0.876535130220429
6574.0,0.002727100029685883,0.9617299470866102,0.03554295288370383
6333.0,7.24350326458442E-4,0.46419565810157903,0.5350799915719625
6067.0,0.002850884018749339,0.991001507875488,0.006147608105762609
5483.0,0.037338924839865464,0.9480221669612221,0.014638908198912446
6757.0,0.0526009853528322,0.8556142468467727,0.0917847678003951
5240.0,0.4415243101182655,0.3832676303109943,0.17520805957074026
5119.0,0.0026964343404466966,0.7730039958162884,0.22429956984326488
6480.0,0.020810285489720408,0.973565916955446,0.00562379755483348
5726.0,0.0017928951925683145,0.5581010772236518,0.4401060275837799
5965.0,0.1288254846297441,0.8344229983279756,0.03675151704228032
6772.0,0.3415879748205143,0.6569860616362951,0.0014259635431905279
5498.0,0.0514760522946754,0.946662336713386,0.0018616109919385759
5102.0,0.10194353071583301,0.6127334678637597,0.2853230014204073
5225.0,0.09709916775876544,0.7859885749884387,0.11691225725279597
5711.0,0.3282774179233635,0.6710220531204258,7.005289562105954E-4
6465.0,0.40730101659614976,0.5847953765579864,0.007903606845863899
6226.0,0.003206030165211375,0.9749484736149236,0.021845496219864848
5980.0,0.2517865204793433,0.38785531984977245,0.3603581596708842
5508.0,0.6191267541335095,0.34586012160622387,0.03501312426026655
6794.0,0.004262262927365756,0.9775556164956101,0.01818212057702429
5271.0,0.9648552117726897,0.03509977848652688,4.5009740783323296E-5
6591.0,0.04125562045260548,0.9435199556476415,0.015224423899752992
5809.0,2.9537146731120515E-5,0.9672603777283671,0.03271008512490177
6050.0,0.4281779184100821,0.5696012072875929,0.002220874302325012
6316.0,4.1003744822912193E-7,0.22052963954038585,0.7794699504221659
6150.0,0.20634554873574332,0.7932540359988587,4.0041526539818915E-4
5896.0,2.975503110636307E-7,0.412827426963948,0.587172275485741
5659.0,5.712719701918145E-5,0.7148331214448436,0.28510975135813715
6421.0,0.00892768723920179,0.9787642443017193,0.012308068459078931
5181.0,0.7154725898237235,0.28354963410468886,9.77776071587501E-4
5050.0,1.205739920321936E-7,0.03780506512350505,0.9621948143025029
6688.0,0.05898617511520737,0.7603686635944701,0.1806451612903226
5422.0,0.1551662468168685,0.8352975697303554,0.009536183452776075
6134.0,1.3784950359314123E-7,0.11617978065676912,0.8838200814937273
6392.0,1.2761750079066018E-5,0.2608155346356825,0.7391717036142385
6635.0,0.7872584000839573,0.21273902547704132,2.574439001351034E-6
5861.0,0.0016788071911927294,0.5573500861439161,0.4409711066648911
4932.0,6.802903856815421E-4,0.22721630087052602,0.7721034087437925
5315.0,0.10138758443209779,0.8813755573787468,0.017236858189155404
6377.0,0.1818593849073713,0.8134705759921332,0.004670039100495454
6119.0,0.0027351264475005497,0.8554759185140709,0.1417889550384285
5876.0,0.1174177431107022,0.31052626277210504,0.5720559941171928
6650.0,0.043436754176610984,0.8821002386634845,0.07446300715990455
5330.0,0.023605626194261046,0.7442169023000205,0.2321774715057185
4949.0,0.8111586629453745,0.18878599020230974,5.534685231571845E-5
5569.0,0.0025432673174048542,0.967180185987041,0.030276546695554078
5913.0,0.6760634611469503,0.32393561161123324,9.272418164391101E-7
6167.0,0.0010391058604381307,0.6502437962167509,0.348717097922811
6404.0,1.4677902038043458E-5,0.4781340950452315,0.5218512270527303
5642.0,0.6386353428755746,0.354704697502108,0.006659959622317423
5035.0,6.146023870829223E-12,5.000686057397953E-4,0.9994999313881142
5164.0,0.5795763482141979,0.3584363550265303,0.06198729675927178
5439.0,5.883999656376598E-4,0.41876702994084336,0.5806445700935189
6616.0,0.044708351834060224,0.6986050543367555,0.25668659382918435
5846.0,0.755528895931117,0.24389081181525157,5.802922536314801E-4
6085.0,0.012372374998641049,0.7567563888437961,0.2308712361575628
6347.0,0.9966873995975305,0.0033116960124754315,9.043899941068651E-7
5603.0,5.840414507825425E-5,0.06499128085141793,0.9349503150035039
5360.0,2.963785098152539E-4,0.9566760636914772,0.043027557798707594
4983.0,2.748945715832315E-4,0.7915926718819066,0.20813243354651023
5672.0,0.5663519916909726,0.43355420360156227,9.380470746507102E-5
6438.0,0.018489984591679505,0.815100154083205,0.16640986132511554
6197.0,0.48229745865479073,0.5131623710719799,0.00454017027322923
5947.0,3.661443070139657E-4,0.774140886686562,0.22549296900642396
6675.0,5.347756291867874E-4,0.4560085876343836,0.5434566367364296
5405.0,0.04382227632379794,0.8368837492391966,0.11929397443700548
5001.0,0.0015320135755204924,0.9945036870083007,0.00396429941617883
5134.0,0.9805599575066347,0.019437836613761236,2.205879604111841E-6
5689.0,9.472106796704362E-7,0.2958815218119205,0.7041175309773997
5930.0,0.202718423020114,0.7941182991429362,0.003163277836949931
6180.0,7.240478345982208E-6,0.16592501011815927,0.8340677494034947
5388.0,0.02414576712935682,0.6499196352567358,0.3259345976139075
5151.0,0.018489984591679505,0.815100154083205,0.16640986132511554
5016.0,2.541906699200757E-7,0.20972953005794584,0.7902702157513842
5831.0,5.487537893795401E-4,0.6396811604928713,0.35977008571774927
6601.0,0.8349409958909356,0.16130325089986788,0.0037557532091964186
6362.0,0.2038489499437989,0.7769456136872379,0.019205436368963276
6100.0,0.11425955684782237,0.6979197245142303,0.18782071863794736
5618.0,0.011174353718443287,0.13089528985195584,0.8579303564296008
4966.0,0.0034233457680873415,0.9800115637015483,0.0165650905303645
5345.0,0.3827724464659758,0.6097309427272348,0.007496610806789361
5300.0,0.05149115458301422,0.9467905552057992,0.0017182902111865619
5543.0,0.21072680609741629,0.7307233638019723,0.05854983010061144
6017.0,0.007363489256821634,0.9925463359317641,9.017481141424502E-5
6287.0,0.972947619297073,0.027032728430992147,1.9652271934899895E-5
6556.0,0.006039218235237546,0.8177095449898889,0.17625123677487364
5778.0,6.133332818786644E-7,0.5048912316870284,0.4951081549796897
5069.0,5.442935395560107E-4,0.5908717691460863,0.40858393731435777
5194.0,0.2247071832444537,0.7690881901864934,0.006204626569052855
6743.0,0.16700761044597395,0.8326933357263161,2.990538277100264E-4
5465.0,0.9625130119120511,0.03748604773758702,9.403503618963655E-7
6257.0,0.005984418972401162,0.9937843621444566,2.312188831422023E-4
6015.0,0.22201201302220383,0.7670584278678191,0.010929559109977154
6498.0,0.12326722173113319,0.6419907618510611,0.2347420164178058
5211.0,0.0030039162291438017,0.5645245823686127,0.43247150140224366
5084.0,0.04107511815473734,0.5715630028998178,0.387361878945445
5448.0,1.481770288717445E-9,0.012713494115730126,0.9872865044024995
6726.0,0.06940338226155994,0.27029870609927775,0.6602979116391623
5998.0,0.3033370483844137,0.6962916412563066,3.7131035927968073E-4
6240.0,4.036234290788171E-4,0.09837530894821586,0.9012210676227053
6515.0,0.016672914146257906,0.9794892485010223,0.0038378373527198774
5757.0,0.23529086430206297,0.7583285333280252,0.0063806023699117635
5285.0,0.0012931003341900276,0.6705853235907905,0.32812157607501946
5558.0,1.5238957548003534E-5,0.15556189369092677,0.8444228673515252
6032.0,0.01873637055733766,0.9781448527467017,0.003118776695960551
5763.0,0.15801047790735234,0.8343060014682272,0.007683520624420305
6541.0,0.07143671203583157,0.9260599189334853,0.002503369030683073
5482.0,0.21984550220309862,0.7244889771992505,0.05566552059765092
5241.0,1.5298687192182923E-4,0.7192225212330627,0.2806244918950155
5118.0,0.9978385681432904,0.002161094671832511,3.3718487721396864E-7
6481.0,6.747708024790404E-6,0.0015778316046287568,0.9984154206873466
6210.0,2.151962475853365E-4,0.9866011985081176,0.013183605244297004
5964.0,0.998809033127156,0.0011908537994637963,1.1307338020859872E-7
5524.0,0.019114752373831957,0.9796325432145967,0.0012527044115714515
5255.0,0.6683945671683648,0.33117806302968733,4.273698019478691E-4
6575.0,0.16714712572349621,0.7821601570734847,0.05069271720301913
6066.0,0.09338690586006103,0.7598248804495841,0.14678821369035489
6332.0,0.02180182920808609,0.9744864067343952,0.003711764057518671
6795.0,0.4277141853835081,0.5711384726951423,0.0011473419213495755
5509.0,6.293456691883452E-4,0.30817773420019506,0.6911929201306165
5270.0,0.0975257610793059,0.9023320463610404,1.4219255965362796E-4
5808.0,0.015254513968023574,0.9134925916192833,0.07125289441269306
6317.0,0.0033331106779560566,0.9947729653138637,0.001893924008180245
6051.0,0.4317262867653121,0.5544561259253085,0.013817587309379362
5499.0,0.004804208973340139,0.576587285444749,0.4186085055819108
6773.0,3.152016984493174E-5,0.6108218819829024,0.38914659784725275
5103.0,0.1175879382039276,0.8302285734774775,0.05218348831859491
5224.0,2.9030200687848916E-5,0.7314373391192157,0.2685336306800964
6464.0,0.962668888381643,0.03714258106440362,1.885305539535175E-4
5710.0,0.07148635334845313,0.9202507280316183,0.008262918619928415
5981.0,0.0037957493223422126,0.10990782559850061,0.8862964250791572
6227.0,0.11127134264751568,0.7612332625999286,0.12749539475255559
5641.0,7.03428988012974E-4,0.9951814944858569,0.004115076526130142
6407.0,3.7985636860630575E-6,0.13561628683176052,0.8643799146045533
6164.0,0.9699100052248275,0.030077622015458355,1.2372759713999796E-5
5914.0,0.31459981859463465,0.6843083304127133,0.0010918509926519755
6706.0,0.7777385144798338,0.2222067033594848,5.4782160681337334E-5
5436.0,0.008508404215766752,0.6791415705584174,0.3123500252258159
5032.0,5.7362898100567475E-6,0.06965947407953173,0.9303347896306583
5167.0,3.03924325371679E-5,0.515706068824566,0.4842635387428969
6649.0,0.5166082234489492,0.46479758622530165,0.0185941903257493
5879.0,0.8334147095022519,0.16563591287790164,9.493776198464947E-4
6116.0,1.9528033558999046E-4,0.29892023020090663,0.7008844894635033
6378.0,0.2728266949004948,0.7235585507325589,0.0036147543669463557
5329.0,0.9744881477400941,0.02551163229891543,2.199609904652649E-7
4950.0,0.8544704022980676,0.14159029815517502,0.003939299546757385
5862.0,0.23068531346943885,0.594906748470233,0.17440793806032817
6632.0,0.23224895538776297,0.7439144967640733,0.02383654784816373
6395.0,0.877573065131163,0.11849561272206491,0.003931322146772132
6133.0,0.352845310914755,0.11961784830224721,0.5275368407829978
5587.0,2.6296233359045045E-4,0.9774526303916264,0.022284407274783112
4935.0,0.6841259433388304,0.30649607524974976,0.009377981411420018
5312.0,0.18180748349112563,0.8087793282125593,0.009413188296314958
6422.0,0.19086298524778225,0.808425309994944,7.117047572737806E-4
5656.0,0.0027351264475005497,0.8554759185140709,0.1417889550384285
5899.0,0.21984550220309862,0.7244889771992505,0.05566552059765092
6149.0,8.93894640435774E-4,0.9981333537388857,9.72751620678444E-4
5421.0,0.8810416434339806,0.11819771479442587,7.606417715935401E-4
5182.0,0.11053523535329102,0.8750138500824611,0.014450914564247977
5049.0,0.14070262447877777,0.09220943600100973,0.7670879395202126
6103.0,0.007225377350402166,0.9926808403837287,9.378226586927548E-5
6361.0,1.1157829116661834E-5,0.7130607349587179,0.28692810721216544
6602.0,0.9978288241604343,0.0021698945614698107,1.2812780958427482E-6
5828.0,0.9974515321928301,0.002542540337919952,5.927469249992174E-6
4965.0,0.04658715298581836,0.9471400386644948,0.006272808349686826
5346.0,1.992315059722757E-4,0.8545610006402387,0.14523976785378895
5617.0,0.9180165219186445,0.08057754785713271,0.0014059302242228997
6183.0,0.031592444760606526,0.9031030847436604,0.06530447049573303
5929.0,0.5316489712368886,0.41947624515543175,0.04887478360767978
5690.0,3.218146152587585E-5,0.6381956301878943,0.3617721883505798
6452.0,0.003660598367814307,0.9863191027402649,0.010020298891920838
5148.0,2.597071104609273E-6,0.0652344773478551,0.9347629255810402
5019.0,0.4139304300428834,0.5815859828615024,0.004483587095614265
6657.0,1.6819780360863964E-5,0.34824400136182027,0.6517391788578188
5391.0,1.3839029807974881E-5,0.43117912544906023,0.5688070355211318
5944.0,3.259298193106576E-5,0.2560800333536211,0.7438873736644477
6198.0,0.9895659647890073,0.01036098091287149,7.305429812130238E-5
6437.0,0.911475374960651,0.08848019031786733,4.4434721481595606E-5
5675.0,0.018489984591679505,0.815100154083205,0.16640986132511554
5002.0,4.144327061794616E-5,0.6490294006544044,0.35092915607497766
5133.0,6.410653834127337E-11,4.009994346587509E-5,0.9999598999924276
5406.0,5.622067136578579E-7,0.014972238988340289,0.985027198804946
6672.0,5.527403374819471E-4,0.05886864316317962,0.9405786164993384
6344.0,0.9326560324586483,0.0665272120597905,8.167554815612014E-4
6086.0,2.497149589514005E-8,0.00885769047520966,0.9911422845532946
5845.0,0.9709190331199902,0.013981234076927855,0.015099732803082083
6619.0,1.0488983563167955E-10,3.262829184262432E-4,0.9996737169766838
5363.0,0.03067726466067463,0.7821444726158197,0.18717826272350577
4980.0,0.28111552717930904,0.7121724829276935,0.0067119898929973
5600.0,0.41501998045324473,0.5836005930149188,0.0013794265318365687
5557.0,0.07969882371314908,0.8984596068373254,0.021841569449525495
5286.0,0.03912876741231401,0.571518010786851,0.38935322180083504
6542.0,0.970409301106335,0.029581873685886537,8.825207778345276E-6
5760.0,2.825202802855847E-4,0.8965115202856413,0.10320595943407299
6035.0,0.1366116376230577,0.597507395445521,0.26588096693142127
6301.0,0.6936556832812416,0.2938345393441082,0.01250977737465018
6725.0,0.2395110486858164,0.7064470593267381,0.054041891987445474
5451.0,3.3900058981996015E-5,0.07994033576886286,0.9200257641721551
5208.0,0.08123117724078074,0.4818984764750339,0.4368703462841854
5087.0,1.1221806758539212E-4,0.28200944231769487,0.7178783396147197
5758.0,0.015002237476031514,0.9760184045109209,0.008979358013047617
6512.0,0.22166561582645053,0.6957441521115698,0.08259023206197971
6243.0,0.03368698453320443,0.9661463929718704,1.6662249492501672E-4
5997.0,8.759969494783374E-10,3.375526934892355E-4,0.9996624464305138
5466.0,0.16925701230752904,0.8300516866342567,6.913010582143166E-4
6740.0,0.05406787679244778,0.9311320573715894,0.014800065835962748
5070.0,0.6876059349684398,0.309255503124951,0.003138561906609273
5193.0,0.30849191414443833,0.6907274623238079,7.806235317537172E-4
6497.0,0.9780674529258961,0.021918161519792638,1.4385554311283154E-5
5743.0,0.9045606774203099,0.09533619119347324,1.0313138621686961E-4
6012.0,0.01734071576093368,0.8388554865455445,0.1438037976935219
6258.0,2.905598352607432E-6,0.9357651621783174,0.06423193222333018
5540.0,4.04215686163311E-5,0.6186587069821725,0.3813008714492111
5303.0,0.19304075951056773,0.5063054802887959,0.3006537602006364
5777.0,0.9887170931781768,0.011279158187916445,3.7486339067927296E-6
6559.0,3.011535778264453E-4,0.3352579831639413,0.6644408632582322
6284.0,0.0871913686769429,0.89895665001262,0.013851981310437071
6018.0,0.5404276893423064,0.4591000570005718,4.722536571217643E-4
5100.0,0.9622304465334818,0.0376589671781753,1.1058628834297547E-4
5227.0,0.0063046465114099835,0.9659335745047906,0.027761778983799387
6774.0,8.683096078186069E-4,0.25794738271575424,0.7411843076764271
5496.0,0.028056450993302187,0.9668135434735324,0.005130005533165458
6224.0,7.738707383567924E-5,0.008996241552067198,0.9909263713740972
5982.0,0.9247498239487121,0.07523879702398542,1.1379027302578473E-5
5709.0,0.004936497724731278,0.8944686084709667,0.10059489380430203
6467.0,0.004860939082592518,0.9897284017981097,0.005410659119297729
5269.0,0.011081635709308387,0.8403949485321355,0.1485234157585562
6792.0,0.09433962264150944,0.8679245283018868,0.03773584905660377
6048.0,0.9868509579850177,0.013142583331813264,6.458683169055349E-6
6318.0,0.029287551319563877,0.9364952761364681,0.03421717254396802
6589.0,2.140292685250491E-4,0.2642388637690539,0.735547106962421
5811.0,0.410231530701296,0.585574712240132,0.004193757058572056
5252.0,0.39094266285988555,0.5557687723990419,0.053288564741072644
5527.0,0.9997090694781918,2.909291643795869E-4,1.3574286002456639E-9
6335.0,0.1534793957042446,0.8346170281915226,0.011903576104232745
6065.0,0.13460341485291363,0.6644509395749292,0.20094564557215705
5794.0,0.04025606647927267,0.8923700678757236,0.06737386564500368
6572.0,0.3276023109761722,0.6719120866732263,4.856023506014618E-4
5242.0,2.2427519651633404E-4,0.4715967931952192,0.5281789316082646
5117.0,9.494371531249924E-6,0.1611004982704799,0.8388900073579889
5481.0,3.63006527242852E-5,0.32438563888980754,0.6755780604574683
5967.0,0.9405117523097485,0.05939868405960424,8.956363064732457E-5
6209.0,0.019122085114067607,0.9805066072579406,3.7130762799182556E-4
6482.0,0.05898617511520737,0.7603686635944701,0.1806451612903226
5724.0,2.0957414985061363E-4,0.04405812226680378,0.9557323035833456
6648.0,5.039513765342652E-4,0.5475696802837285,0.45192636833973715
6379.0,0.003131705711847007,0.9387021038283734,0.058166190459779665
6117.0,0.01854520490047257,0.6042364539820453,0.3772183411174821
5571.0,0.32454719495270806,0.6752072840794413,2.4552096785067785E-4
5328.0,6.750960883538134E-8,0.008727853572744115,0.9912720789176471
4951.0,9.770945186676017E-4,0.9974484447915845,0.0015744606897479352
6406.0,1.8879415857238136E-10,4.602400968218344E-4,0.999539759714384
5640.0,0.011109676401844099,0.9054645247490292,0.0834257988491268
5915.0,0.023171328002437926,0.9234462083079358,0.053382463689626306
6165.0,0.9660699229780948,0.03392285066261352,7.226359291658967E-6
5437.0,0.7899728043207266,0.20939499087199673,6.322048072767591E-4
6707.0,0.0033717632000551953,0.1472448926954996,0.8493833441044453
5033.0,0.07851499960611406,0.3024584851217071,0.6190265152721788
5166.0,0.005661352244430939,0.9181394758109188,0.07619917194465016
5657.0,0.9995449874282893,4.547724213495039E-4,2.401503610983134E-7
6148.0,1.0675918848552415E-6,0.003331548742816879,0.9966673836652982
5898.0,8.841514450348604E-6,0.22298726044899364,0.777003898036556
6690.0,0.05972900045223531,0.9301514521836407,0.010119547364123899
5420.0,0.9778511726991036,0.022119247195148975,2.9580105747387573E-5
5183.0,0.8763676747649146,0.11016580446136898,0.013466520773716436
5048.0,0.05358536464001322,0.9449199696331757,0.0014946657268112228
6633.0,0.02414498129174487,0.4842922548283069,0.49156276387994835
5863.0,0.04802926296035493,0.9424307610556529,0.00953997598399211
6132.0,1.9337391112937873E-8,0.001579388525941297,0.9984205921366676
6394.0,4.577960506830995E-6,0.09182052906216534,0.9081748929773278
5586.0,0.060903724457499794,0.9293397982170019,0.009756477325498301
4934.0,0.13934681181959566,0.7860031104199067,0.07465007776049766
5313.0,3.818678838543098E-4,0.9673958748380108,0.032222257278135
5928.0,0.9586922298534267,0.04130711567791328,6.544686600311113E-7
6182.0,0.05484673905992297,0.8515981199859671,0.09355514095410986
6453.0,0.9622304465334818,0.0376589671781753,1.1058628834297547E-4
5691.0,3.159562810547477E-7,0.029409050491041387,0.9705906335526775
5149.0,0.5400896217913348,0.4018769388071371,0.05803343940152822
5018.0,0.9063346967875047,0.09344764953174539,2.1765368074995047E-4
5390.0,0.038610745526997205,0.8264985902012684,0.13489066427173435
6656.0,0.8115148415825352,0.18376894842061836,0.0047162099968464655
6360.0,4.8771151104834545E-4,0.9013072600141788,0.09820502847477289
6102.0,0.8747934508740575,0.12510712149407696,9.94276318656103E-5
5829.0,0.0027381466070529963,0.4810669336274306,0.5161949197655163
6603.0,0.1793814684361588,0.7673130529734052,0.053305478590435926
4964.0,0.009453950285787967,0.7116555749228044,0.2788904747914076
5347.0,8.727585102723953E-4,0.17885358695783615,0.8202736545318915
5616.0,0.03484557256680888,0.6886317384662348,0.27652268896695625
6087.0,1.0228348939748946E-5,0.122926541610914,0.8770632300401463
6345.0,0.03316016796426934,0.3483359993826143,0.6185038326531163
5844.0,0.011223899421586522,0.4345234286753798,0.5542526719030337
5362.0,0.6903601536454939,0.27588068291784085,0.033759163436665275
4981.0,3.0997304819052555E-5,0.011475162584533126,0.9884938401106479
5601.0,0.009817606704486578,0.8534095538002117,0.13677283949530183
5945.0,3.546298268824473E-4,0.8614136604882744,0.13823170968484305
5674.0,0.015999050570232914,0.19578039540019157,0.7882205540295755
6436.0,0.2222222222222222,0.6666666666666666,0.1111111111111111
5003.0,0.01900115024078144,0.9801196539786411,8.791957805774862E-4
5132.0,0.030870022776311897,0.9210891591878274,0.048040818035860626
6673.0,6.954243851900797E-4,0.9246817943567024,0.07462278125810758
5407.0,0.2248582380265925,0.7624119748560835,0.012729787117324037
5450.0,0.04208456615652206,0.8602191195515516,0.09769631429192621
6724.0,0.3760345192735144,0.5921761029496025,0.03178937777688309
5209.0,0.0035511168627391865,0.822536923667389,0.17391195946987184
5086.0,3.796990449709245E-7,0.009924997479989517,0.9900746228209656
6513.0,0.9866095376456406,0.013342876009950991,4.758634440832503E-5
5759.0,0.14860161735512423,0.8357729533321953,0.015625429312680458
5996.0,0.7893114168146702,0.21014994769982293,5.38635485507021E-4
6242.0,7.53101999289069E-6,0.11938417673200077,0.8806082922480064
5556.0,0.8883921747074289,0.11160480027248092,3.0250200902372887E-6
5287.0,0.7437506672811175,0.2559331747928295,3.161579260530388E-4
5761.0,0.663976441870959,0.33497524231750614,0.001048315811534823
6543.0,0.15354540889345117,0.8439474183250656,0.002507172781483282
6300.0,0.932653367525139,0.06734058093024892,6.051544611915836E-6
6034.0,0.7863687517518883,0.2133268947116019,3.043535365098279E-4
5541.0,0.06644939866755112,0.83984656649266,0.09370403483978888
5302.0,2.4532493593174663E-5,0.05297719294944291,0.946998274556964
6558.0,0.00837051314246593,0.7764579355856581,0.21517155127187593
5776.0,0.8182509547242108,0.17119435020135915,0.01055469507442988
6019.0,0.9813780764755914,0.018620521327987187,1.4021964214360379E-6
6285.0,0.752106692626969,0.24735833585638423,5.349715166468369E-4
5467.0,0.05116453401747537,0.9487416844900464,9.378149247830006E-5
5071.0,0.4589597643541528,0.5357229951350628,0.005317240510784421
5192.0,0.03241352879858861,0.9641834029946033,0.0034030682068080242
5742.0,0.0024826820200867794,0.9968540253899725,6.63292589940824E-4
6259.0,4.987111905059885E-4,0.9949769708958212,0.004524317913672867
6013.0,2.4994432325209396E-5,0.9367957141281072,0.0631792914395675
5268.0,0.46131916823961827,0.5386251233817102,5.5708378671429224E-5
6793.0,0.02574879333879936,0.7530206694194095,0.22123053724179123
5511.0,0.9782679298697181,0.021731225342192698,8.447880891519504E-7
6319.0,0.9706240809704494,0.02934661163288584,2.9307396664843742E-5
5810.0,0.1908328506357635,0.8015610483104753,0.00760610105376127
5101.0,9.847930090215425E-4,0.022030747338172115,0.9769844596528063
5226.0,0.020748108713189866,0.9754101566031994,0.003841734683610689
5497.0,0.14741280736590184,0.7207710323067494,0.13181616032734877
6775.0,2.5372980668327157E-5,0.37738215178500784,0.6225924752343238
5983.0,0.5147590689803532,0.48307062125765093,0.002170309761995778
6225.0,0.0020658084097207466,0.8241064649917208,0.17382772659855852
6466.0,0.3052879357520564,0.6815786688273477,0.01313339542059586
5708.0,2.0808346030690932E-6,0.21485046763402768,0.7851474515313692
5116.0,0.6434806230055687,0.34534717197562986,0.011172205018801422
6758.0,0.8156369471453768,0.18371725573444858,6.457971201746148E-4
5480.0,0.0037303354414575944,0.4871188669480339,0.5091507976105084
6208.0,0.8079757849016809,0.17954056741911903,0.012483647679200297
5966.0,2.5088476556305396E-6,0.963062615931497,0.036934875220847235
5725.0,5.567359639277526E-7,0.2158783726896394,0.7841210705743967
6483.0,0.863265132695716,0.13654551067475845,1.8935662952561315E-4
5253.0,0.04729956836135031,0.3426856102725638,0.6100148213660858
5526.0,5.993080450943355E-4,0.2722813468178536,0.7271193451370521
6808.0,0.005023571609491989,0.9199711984633929,0.07500522992711503
6064.0,0.04322631234836222,0.9552097816069773,0.001563906044660473
6334.0,0.7802723941181521,0.21951895870199994,2.0864717984795902E-4
6573.0,0.9424659100406245,0.05753104682702084,3.043132354683848E-6
5795.0,0.061975434570196074,0.9358898188687198,0.0021347465610840563
5400.0,0.03119086423339172,0.9664275792765161,0.002381556490092071
6678.0,0.9235469324079901,0.07599227784291937,4.6078974909045885E-4
5004.0,0.055071627444774784,0.9419597704871592,0.0029686020680659694
5131.0,0.005540155881383759,0.7012516175723147,0.2932082265463014
6435.0,0.004136215119582563,0.7746922517241887,0.22117153315622887
5677.0,0.006840414752362199,0.9917020527710068,0.001457532476630952
5950.0,0.008385394033282314,0.4670550872858495,0.5245595186808683
6192.0,0.6805807622504537,0.2695099818511797,0.04990925589836661
5606.0,0.006016905184553451,0.3494390004502658,0.6445440943651808
5365.0,0.1220657902007275,0.823365553498516,0.054568656300756364
4978.0,0.778445711472936,0.22155169328651422,2.5952405498355037E-6
5843.0,0.1336455331412104,0.24585734870317005,0.6204971181556196
6621.0,0.997817705967669,0.0021819242155174806,3.69816813440111E-7
6350.0,0.06391268348294116,0.9331835273748958,0.002903789142163037
6080.0,0.002909245341293346,0.994942422829307,0.002148331829399658
5623.0,7.862661137452235E-5,0.09255029102059335,0.9073710823680322
4963.0,0.997465108562002,0.0025340783319850453,8.131060128333547E-7
5348.0,0.023932227519618203,0.9751753282600334,8.924442203482872E-4
6604.0,0.6757898416494077,0.32416552845908075,4.462989151164335E-5
5826.0,0.025063233053175236,0.699534415925244,0.2754023510215806
6097.0,0.029562850059425258,0.9160315326091863,0.05440561733138847
6367.0,0.975159481811608,0.024776664579931582,6.385360846049313E-5
5385.0,1.4290595259326131E-5,0.2118145979669834,0.7881711114377572
5146.0,0.07644821654024235,0.9157944912442584,0.007757292215499271
5021.0,0.1417527072890883,0.8505731448710132,0.007674147839898414
5692.0,0.1006125200727376,0.8712654405253587,0.028122039401903776
6450.0,0.9281723550337255,0.07175841104365471,6.923392261978128E-5
6177.0,0.008941230674659484,0.9029618679616845,0.08809690136365593
5935.0,1.5117311876239766E-7,0.11853359564263712,0.8814662531842441
4929.0,5.231769991288502E-4,0.993969166919446,0.005507656081425164
5318.0,1.917773128823331E-5,0.35329027124188905,0.6466905510268227
5589.0,0.9748615168179795,0.025130173804908954,8.309377111584969E-6
6131.0,0.0021773351820448443,0.4201178673831611,0.5777047974347941
5856.0,0.6287186092051323,0.37068115329272705,6.002375021405557E-4
6638.0,0.9457537517329068,0.04599138440036171,0.00825486386673159
5176.0,0.7837318328325162,0.21577798423427147,4.901829332123438E-4
5055.0,0.004279556955576255,0.20561797446058552,0.7901024685838383
5419.0,3.955354046419388E-8,0.013438903934008877,0.9865610565124507
6693.0,0.05079526597867782,0.8167244720078294,0.13248026201349272
5901.0,0.3792149490717017,0.6206725662942564,1.1248463404197284E-4
6147.0,0.04208456615652206,0.8602191195515516,0.09769631429192621
6416.0,4.630938071740013E-5,0.04909728907357693,0.9508564015457057
5662.0,0.2720602552446218,0.7272625075213507,6.772372340275489E-4
5038.0,0.9731843435674423,0.02680665583399349,9.000598564160827E-6
5161.0,0.0036100873264650656,0.23595008978073803,0.7604398228927969
6708.0,0.9640607466997677,0.035723297120932376,2.1595617929987763E-4
5434.0,0.007548267682157156,0.4084541642493114,0.5839975680685315
6162.0,0.0020975752344721144,0.563328599665341,0.43457382510018694
5916.0,0.013561320204747703,0.7601101637669219,0.22632851602833046
5647.0,0.11734563521710215,0.8349485335995142,0.04770583118338372
6401.0,0.9984610394197169,0.0015389172866500055,4.329363332559494E-8
5335.0,1.1206080496501165E-8,5.064408016080065E-4,0.9994935479923114
4944.0,0.0015000990820341353,0.610228407432301,0.3882714934856649
5572.0,2.315350192278904E-13,6.072182101215979E-6,0.9999939278176673
6114.0,1.0640614336981417E-8,0.012544235976934867,0.9874557533824508
6380.0,0.3398633549463337,0.6292373798661348,0.030899265187531458
6655.0,0.07461900120413598,0.8493760413359616,0.07600495745990252
5873.0,1.1629126895995079E-4,0.5917060036165483,0.40817770511449175
5796.0,0.9999859756298585,1.402421085346403E-5,1.592880069983516E-10
6570.0,0.04585087908000816,0.9480801813845904,0.006068939535401476
6329.0,0.9816569803546342,0.018289145312857948,5.3874332507901746E-5
6071.0,0.9941544653694633,0.0058059668345079906,3.9567796028800035E-5
5521.0,0.5866289425258718,0.41313311221633614,2.379452577919755E-4
5250.0,0.01429675788667812,0.9846908293549405,0.0010124127583814092
6484.0,0.35712245534583215,0.6421148026140201,7.627420401475986E-4
5722.0,0.2248229961836816,0.7603341237961757,0.014842880020142803
5961.0,1.6828621163952677E-9,0.006206996624184166,0.9937930016929538
6215.0,0.011509721009331753,0.9850651822879954,0.003425096702672966
5487.0,4.1611096184123246E-5,0.8162701217793399,0.183688267124476
6753.0,1.9522452103420202E-5,0.7828034426816649,0.21717703486623177
5244.0,1.7370299670039995E-4,0.9924434411633232,0.007382855839976415
5115.0,8.693946681691597E-6,0.07738544709400433,0.9226058589593139
5707.0,0.07166010352295231,0.7665893112966988,0.16175058518034893
6469.0,0.022542569363285227,0.9674681289792018,0.009989301657513057
6230.0,0.004533445249316333,0.3898509608840012,0.6056155938666824
5976.0,6.1755975911011375E-6,0.2544148353050622,0.7455789890973467
6768.0,9.092335074609818E-4,0.5158118627950519,0.4832789036974872
5502.0,0.2590302913268602,0.7345979206658075,0.006371788007332324
5098.0,0.9297577647329798,0.0702402208050857,2.0144619346460097E-6
5229.0,0.00302106731273838,0.7396747447906039,0.2573041878966577
6587.0,7.323059832562455E-4,0.9871352680080001,0.012132426008743712
5813.0,0.9954845758540092,0.004515421068595634,3.077395250899191E-9
6054.0,0.6074019942548401,0.3921336306909479,4.643750542119736E-4
6312.0,0.14469111604778573,0.827160874320524,0.028148009631690216
5504.0,0.010546625920662531,0.826008279113935,0.16344509496540255
6798.0,0.2970959747250987,0.7025492263768148,3.5479889808647896E-4
5267.0,0.011851117896141723,0.5399332723800553,0.44821560972380303
6010.0,0.08054176264962912,0.8993936497985584,0.020064587551812407
6260.0,0.8971802541503662,0.10264659411605499,1.731517335788396E-4
6503.0,0.0017360205409998148,0.8709107042164406,0.12735327524255968
5737.0,0.9947635492130319,0.005235412499266562,1.038287701567504E-6
5064.0,8.236938320055059E-10,0.003820391075862852,0.9961796081004433
5199.0,7.456429864708933E-5,0.16135080424379897,0.8385746314575538
5468.0,0.9871823629064664,0.012359864340193058,4.5777275334048364E-4
6738.0,0.009031818977652572,0.5930484540094008,0.39791972701294676
6282.0,0.547734016695462,0.44296894052498864,0.009297042779549522
6020.0,5.949077752154295E-4,0.9789242931674869,0.020480799057297706
6553.0,0.1185985442493936,0.0018544822337600766,0.8795469735168464
5297.0,0.4077496123900277,0.5922129934009905,3.739420898181139E-5
4918.0,0.6746933410436828,0.3231973924716484,0.002109266484668599
5538.0,0.9852156501223901,0.014783838806962286,5.110706475808405E-7
6037.0,0.0059646644470217145,0.4053264604997587,0.5887088750532196
6299.0,1.574579512537123E-5,0.5821417634593308,0.4178424907455439
6536.0,2.4381823187783558E-6,0.04872560743835135,0.9512719543793299
5766.0,0.9815274117688844,0.018414707422796547,5.788080831912828E-5
5280.0,0.061311737477866154,0.9348560531208696,0.00383220940126428
5555.0,6.379981295656987E-4,0.5410777889085356,0.4582842129618987
6245.0,0.00264941090519619,0.9854839094647798,0.01186667963002393
5995.0,0.9741449334310855,0.025840617267577876,1.44493013366333E-5
5752.0,0.0010568230555407427,0.9773759479301037,0.021567229014355625
6518.0,3.2715399572277597E-7,0.4183343073175651,0.5816653655284392
5214.0,0.05584953387406447,0.7115166616176348,0.2326338045083007
5081.0,1.0134865954496222E-5,0.9209563822324607,0.07903348290158486
6723.0,0.9991311567057329,8.685411506802546E-4,3.0214358679049574E-7
5453.0,0.004692825272176522,0.8710209000949545,0.12428627463286901
5607.0,0.002122723392450104,0.9858349833387254,0.012042293268824493
5364.0,0.08216550430157622,0.8871310341860751,0.03070346151234858
4979.0,7.904822360314112E-4,0.9741034193779631,0.02510609838600549
6620.0,9.458482615748606E-5,0.12090574651814985,0.8789996686556927
5842.0,1.1935401861546295E-5,0.11777129776955762,0.8822167668285807
6081.0,0.02202362451688325,0.9771149950707351,8.613804123816818E-4
6351.0,3.9233431703754323E-4,0.6093329872587939,0.39027467842416846
6679.0,0.9939581549084687,0.006041210700656376,6.343908748998398E-7
5401.0,1.0020074402717472E-4,0.9997248534698366,1.7494578613617867E-4
5005.0,0.004043321347169402,0.44650246345013367,0.5494542152026969
5130.0,0.016070784064158523,0.9659374343596407,0.017991781576200797
5676.0,0.004710194012589326,0.9557974480558542,0.03949235793155646
6434.0,0.04078304237564926,0.8332150704715436,0.12600188715280713
6193.0,0.963327670169231,0.03660001283213176,7.231699863724023E-5
5951.0,0.9996053811192779,3.9460479743831493E-4,1.4083283852214812E-8
5384.0,4.118857872364481E-5,0.19997677969152056,0.7999820317297559
6662.0,0.025427843374040818,0.9731352324518774,0.0014369241740816727
5147.0,0.007896179376300496,0.9904694384407154,0.0016343821829839919
5020.0,0.06752676599320986,0.9231795609377672,0.009293673069022897
6451.0,0.032900740744210545,0.7445827663970394,0.22251649285875005
5693.0,0.10863289312383233,0.5946290985523818,0.29673800832378583
5934.0,0.5359169285210906,0.46385958395900845,2.2348751990092274E-4
6176.0,0.03366230153116362,0.9134091951717171,0.052928503297119366
5622.0,0.01938223912292053,0.9799434087062429,6.743521708367806E-4
4962.0,0.05584953387406447,0.7115166616176348,0.2326338045083007
5349.0,0.0047960780181695506,0.994838728264428,3.651937174022798E-4
6605.0,2.2586602178850906E-5,0.6758835916550857,0.32409382174273543
6366.0,0.0026235479910742335,0.8052844784653231,0.19209197354360272
6096.0,0.029398118686099917,0.8011652094005711,0.16943667191332892
5177.0,0.9916941917907146,0.008304816794965609,9.914143197755E-7
5054.0,0.14513772478272907,0.7705898944562091,0.0842723807610618
6692.0,0.5521468875224879,0.44764424114655965,2.0887133095264258E-4
