6393.0,0.2469114068467492,0.44073934782917895,0.3123492453240717
6135.0,0.14022993506146542,0.7257095670086839,0.13406049792985053
5860.0,6.016258444352266E-7,0.3463984564366709,0.6536009419374847
6634.0,0.4989545355985409,0.5010450628250773,4.01576381925881E-7
4933.0,0.13334479638809293,0.5860573704777028,0.28059783313420444
5585.0,0.29116747119116687,0.7088320637849065,4.650239267128235E-7
5897.0,0.34576234948765694,0.5829187432058344,0.07131890730650835
6151.0,5.245416336248027E-7,0.6154565972604542,0.384542878197912
6420.0,0.756743831215212,0.24325553749942794,6.312853601856555E-7
5658.0,0.7962223707429998,0.20377683977330113,7.894836992878707E-7
5180.0,0.21713905545561576,0.7828605012737788,4.432706056684618E-7
5051.0,0.10309334612574385,0.45534048919981307,0.441566164674443
5423.0,6.185891720107936E-7,0.6399274221667477,0.36007195924408036
6689.0,0.37989165243217077,0.6201079566010231,3.9096680616143074E-7
6166.0,0.2733343550908507,0.5851284340062162,0.14153721090293295
5912.0,0.24309173891315788,0.6920823390015021,0.06482592208534019
5643.0,0.2194057189324442,0.5683649842817472,0.2122292967858088
6405.0,0.1356201910535921,0.5105488358204733,0.3538309731259346
5034.0,7.740765582864726E-7,0.7071843121161288,0.29281491380731256
5165.0,0.10908994204845256,0.8349739171354154,0.05593614081613211
6704.0,0.0669462753240209,0.500695575815611,0.4323581488603681
5438.0,0.6585276106974046,0.3414717324617562,6.568408394742844E-7
6118.0,0.28614224035883734,0.2827687723392393,0.4310889873019234
6376.0,0.2938457166833256,0.7061539388423685,3.444743062182287E-7
6651.0,0.06539033352123431,0.9346091696648549,4.968139108957529E-7
5877.0,0.21790770399229198,0.2776378001332463,0.5044544958744619
5331.0,4.5035571858829545E-7,0.9349043940750541,0.06509515556922728
4948.0,5.443893723826005E-7,0.7896127412603947,0.210386714350233
5568.0,0.3488368494231966,0.2330952385404195,0.4180679120363838
5673.0,0.06917496999508034,0.7938445491808058,0.13698048082411377
5946.0,0.8769264126124088,0.1230732310735329,3.5631405843439883E-7
6196.0,0.06890278171425493,0.9310968015107088,4.1677503617247623E-7
5404.0,5.680305187274564E-7,0.819580220902888,0.18041921106659337
5000.0,0.4267516534454733,0.359161995245156,0.21408635130937057
5135.0,0.06955950645162351,0.5740972619188419,0.35634323162953463
5847.0,0.25849129790747244,0.7415083060912404,3.960012867041932E-7
6617.0,0.35355587274859024,0.6464435640467243,5.632046854314131E-7
6346.0,4.982735508609711E-7,0.9999990034528983,4.982735508609711E-7
6084.0,0.39615785464192765,0.5115158464003227,0.09232629895774956
5602.0,0.834010787644479,0.1659888162652504,3.9609027061040076E-7
5361.0,0.7803444200298815,0.2196547742604633,8.057096551297363E-7
4982.0,0.26779371187133044,0.7322058915084684,3.9662020118953686E-7
6600.0,0.4247233380211004,0.5752761229479998,5.390309000742033E-7
5830.0,5.637641986216648E-7,0.777522198269862,0.22247723796593924
6101.0,0.8079024220368617,0.19209725240748535,3.255556530775474E-7
6363.0,0.24301324226831397,0.6959537237074284,0.0610330340242577
5619.0,0.1669838366844485,0.8330158533879405,3.099276110035847E-7
4967.0,0.3856902484005654,0.6143094419244904,3.096749439679939E-7
5344.0,7.90943026092596E-7,0.9373552310545216,0.06264397800245232
5688.0,0.17503950990195613,0.5302188541033742,0.29474163599466985
6454.0,0.8595644585365686,0.14043511698552863,4.2447790315755783E-7
6181.0,0.7101839907163653,0.28981525393822816,7.553454063326391E-7
5931.0,0.06900153523012445,0.3545565627581308,0.5764419020117447
6659.0,5.6346509038062E-7,0.3387026804304827,0.6612967561044268
5389.0,0.18418004200545057,0.5608861091056434,0.25493384888890613
5150.0,0.22357132806180632,0.7764281372217138,5.347164798464601E-7
5017.0,0.7909577571709148,0.20904156371069904,6.791183861545926E-7
5068.0,0.13830674039896265,0.723135685899408,0.13855757370162924
5195.0,7.263930549063219E-7,0.6416498917362015,0.35834938187074367
5464.0,0.2818474966135824,0.5790840444998077,0.13906845888661007
6742.0,4.2129644309096695E-7,0.8019521620225761,0.19804741668098091
6014.0,6.709656047338904E-7,0.4960331057656477,0.5039662232687473
6256.0,0.5105770838709841,0.4894224835159448,4.326130707109692E-7
6499.0,5.168363012480619E-7,0.7893894555090099,0.21061002765468903
5741.0,5.169673603002981E-7,0.7231371025461267,0.2768623804865128
5301.0,0.2765882533924081,0.5050842197754948,0.21832752683209733
5542.0,0.6501348495528924,0.34986459961816074,5.508289467518743E-7
6286.0,0.5119871770911567,0.48801211377111975,7.091377237965676E-7
6016.0,0.2865699914310599,0.6447604223996273,0.06866958616931289
5779.0,4.4458243444923744E-7,0.9344410518537102,0.06555850356385526
6557.0,7.811891592955128E-7,0.22348762548603276,0.776511593324808
5284.0,0.43665844180250213,0.424047775061723,0.13929378313577476
5559.0,5.870962886750233E-7,0.5014161328016025,0.49858328010210895
6033.0,0.14887673664042603,0.7816737321741555,0.06944953118541855
6303.0,0.9305066991277284,0.06949296347396969,3.373983018541651E-7
6540.0,0.28797179786303145,0.6435210966340519,0.06850710550291668
5762.0,4.786982535946782E-7,0.7713028998425371,0.2286966214592094
5210.0,0.46178054215310976,0.47356474337303617,0.0646547144738539
5085.0,0.7129039720312689,0.28709570818894486,3.1977978611804975E-7
6727.0,0.14110084087555036,0.5836630174124208,0.275236141712029
5449.0,0.21427363852061213,0.559211155045155,0.22651520643423304
6241.0,0.7704922766832594,0.22950715255603277,5.707607078627502E-7
5999.0,8.541602186276196E-7,0.3603465473792181,0.6396525984605629
5756.0,0.28315137365056126,0.7168480228924161,6.034570225131729E-7
6514.0,0.38618803350406594,0.6138113029144148,6.635815194877065E-7
5254.0,0.5826193726307636,0.4173803243031731,3.0306606345729613E-7
5792.0,6.765542994515083E-7,0.35973961593241965,0.6402597075132805
6574.0,0.19534531676501976,0.7296562040339313,0.07499847920104888
6333.0,3.904752146040187E-7,0.7675554561447507,0.23244415338003466
6067.0,4.2234021536594936E-7,0.6809224483382547,0.3190771293215297
5483.0,0.14236271462327846,0.6436726923145002,0.21396459306222154
6757.0,0.07633657066501845,0.7868138142828929,0.1368496150520885
5240.0,0.6789206401284058,0.2548182580957045,0.06626110177588966
5119.0,0.13617141831089458,0.3750516677786473,0.48877691391045797
6480.0,0.14297625480120404,0.8570230769247288,6.68274067107956E-7
5726.0,0.071431098028201,0.728570415597299,0.19999848637450027
5965.0,0.5228559656862782,0.410128692570477,0.06701534174324472
6772.0,0.32272078992017633,0.6055588340822664,0.07172037599755697
5498.0,0.19702840850978431,0.6650141404139615,0.13795745107625415
5102.0,6.368057674958384E-7,0.5063454346910484,0.49365392850318396
5225.0,0.11033148863137983,0.5626895674335252,0.326978943935095
5711.0,0.2962934907605409,0.7037059290709394,5.801685198916482E-7
6465.0,0.2907505409071342,0.7092489392103128,5.198825528042287E-7
6226.0,0.29956265592201475,0.6308808729609244,0.06955647111706084
5980.0,0.292949926518454,0.5081568453522057,0.1988932281293403
5508.0,0.6226933443812589,0.37730615047128335,5.05147457978482E-7
6794.0,5.541918651311872E-7,0.8571542197390247,0.1428452260691103
5271.0,0.6216915699400732,0.31653996915137045,0.061768460908556755
6591.0,3.528926069648956E-7,0.8046132743667155,0.19538637274067744
5809.0,5.880083934332282E-7,0.7215022102814543,0.27849720171015246
6050.0,0.5744373515616605,0.4255623009084029,3.475299362086491E-7
6316.0,5.203828025587249E-7,0.7857294352332304,0.21427004438396718
6150.0,0.5748184107717033,0.4251810121622527,5.770660441072308E-7
5896.0,4.487364185877487E-7,0.5024890180574352,0.49751053320614647
5659.0,6.933878748762517E-7,0.6222051324143153,0.3777941741978098
6421.0,0.17592823725745316,0.6363246354660821,0.18774712727646498
5181.0,0.22282906030393318,0.7771703132010104,6.264950564547007E-7
5050.0,6.042138305260419E-7,0.5029377731277128,0.4970616226584568
6688.0,4.412277384246104E-7,0.9999991175445232,4.412277384246104E-7
5422.0,0.28852864780621335,0.7114709363339263,4.1585986055415737E-7
6134.0,0.13040789075932996,0.5183618603981587,0.35123024884251125
6392.0,0.24683177356650446,0.6882090396671655,0.06495918676633013
6635.0,0.2993506930132264,0.551562793412648,0.14908651357412556
5861.0,4.1756724058171813E-7,0.369860707118295,0.6301388753144644
4932.0,0.28318471750900676,0.57285937130381,0.1439559111871833
5315.0,0.38609371910740314,0.5493213409865173,0.06458493990607966
6377.0,0.1393655041288306,0.7910729061793379,0.06956158969183153
6119.0,0.24756317661038804,0.7524362369309944,5.864586175338473E-7
5876.0,0.13530609983280154,0.5932639743176819,0.27142992584951664
6650.0,5.914414700589052E-7,0.5697712808804297,0.43022812767810026
5330.0,0.22595868433367935,0.5063380153233086,0.2677033003430124
4949.0,0.5281960214950067,0.47180366326680495,3.1523818838305186E-7
5569.0,7.81526152280444E-7,0.5043948735426659,0.49560434493118183
5913.0,0.3740631572610479,0.4181340584555783,0.20780278428337387
6167.0,0.17118875954468038,0.4529254435846093,0.37588579687071055
6404.0,5.435563698875232E-7,0.7073436468268878,0.2926558096167418
5642.0,0.562280416961362,0.29205902193962696,0.14566056109901115
5035.0,4.909671109414594E-7,0.6454833659672954,0.3545161430655938
5164.0,4.627607288828407E-7,0.7952536939238906,0.20474584331538076
5439.0,0.12787371057745925,0.7429518394612705,0.12917444996127045
6616.0,0.4130828099300377,0.4541798008186218,0.13273738925134052
5846.0,0.6087810518458877,0.39121855862490695,3.8952920535334445E-7
6085.0,0.06271373523314135,0.8653684551602278,0.07191780960663072
6347.0,0.9418834485784952,0.05811606164905344,4.897724514540582E-7
5603.0,6.815391993933617E-7,0.5641636946646004,0.4358356237962002
5360.0,5.136485888896351E-7,0.6425046039247398,0.35749488242667155
4983.0,3.9142881268871125E-7,0.7821554469939368,0.21784416157725084
5672.0,0.14554470120748914,0.8544546672521814,6.315403294816039E-7
6438.0,0.11887206711659205,0.6329934601804256,0.24813447270298233
6197.0,0.3040706043616029,0.6959290059550042,3.896833928621121E-7
5947.0,8.264693990633391E-7,0.8611036859847093,0.13889548754589176
6675.0,4.5197358324404233E-7,0.8556443865395454,0.14435516148687128
5405.0,0.12155337014754375,0.4568367487857577,0.4216098810666985
5001.0,5.777130894258805E-7,0.9999988445738212,5.777130894258805E-7
5134.0,0.259232672344169,0.7407668802980719,4.4735775945446804E-7
5689.0,0.14009240874898743,0.43403718767065114,0.42587040358036127
5930.0,0.32943861583890593,0.6705609646228536,4.195382402643007E-7
6180.0,3.8572982684841504E-7,0.6305044194908873,0.36949519477928594
5388.0,0.3486022817450075,0.6513971301686724,5.880863198773409E-7
5151.0,5.528141637930029E-7,0.5220486321937178,0.4779508149921184
5016.0,6.594992520584969E-7,0.7885738997877796,0.21142544071296845
5831.0,4.909252460739063E-7,0.4285095996343228,0.5714899094404311
6601.0,0.5833534717996407,0.4166458742941867,6.53906172360863E-7
6362.0,0.1472054057338322,0.8527940738476346,5.204185331393661E-7
6100.0,0.5598979946439817,0.3602699016126059,0.07983210374341253
5618.0,0.21525423940867153,0.3522228751332693,0.4325228854580592
4966.0,5.333916598210138E-7,0.9277043575401565,0.07229510906818398
5345.0,0.3806097878677708,0.61938980724492,4.0488730913553094E-7
5300.0,0.18294422894399143,0.6950480956563339,0.12200767539967466
5543.0,0.45440593008233354,0.2686208964738127,0.2769731734438538
6017.0,0.17986560456639328,0.8201337801938039,6.152398028284244E-7
6287.0,0.7287462030949078,0.20482072869797155,0.06643306820712049
6556.0,0.06709022494669586,0.6518671376226414,0.2810426374306626
5778.0,3.7704892631704287E-7,0.6439638878959161,0.35603573505515784
5069.0,5.464339169726835E-7,0.49649253903831886,0.5035069145277643
5194.0,0.4511717924455677,0.4120631455465934,0.13676506200783875
6743.0,0.22315104522441345,0.7768487176672685,2.3710831766751775E-7
5465.0,0.6615535770179726,0.27178708873632595,0.06665933424570146
6257.0,5.730018339309492E-7,0.8784679045281644,0.1215315224700018
6015.0,0.3638074698489231,0.636191811687093,7.184639837700507E-7
6498.0,0.41932840666902804,0.5806709948795424,5.98451429723396E-7
5211.0,5.981280656647283E-7,0.7851982188396941,0.21480118303224038
5084.0,7.685549440280597E-7,0.6448662515681715,0.3551329798768843
5448.0,5.798885648852007E-7,0.4977545814963331,0.502244838615102
6726.0,0.30220181161752796,0.4903456828829903,0.20745250549948172
5998.0,5.964522220435564E-7,0.5682066211452784,0.4317927824024997
6240.0,0.2813005454366477,0.5071585888145594,0.2115408657487927
6515.0,5.283907686950865E-7,0.9999989432184626,5.283907686950865E-7
5757.0,0.19507956818231645,0.8049200335796138,3.982380698869389E-7
5285.0,0.13865661488820058,0.3176169261383437,0.5437264589734558
5558.0,0.06963532924417958,0.42861289455229734,0.501751776203523
6032.0,0.17894594522280244,0.8210538097869575,2.4499024030173E-7
5763.0,0.24298255818215694,0.5661087474891421,0.19090869432870053
6541.0,7.326566193461476E-7,0.7200124026516667,0.27998686469171397
5482.0,0.3930210333797624,0.606978602452146,3.641680914925818E-7
5241.0,0.14254489276379026,0.6421690822003014,0.21528602503590805
5118.0,0.8689144498642031,0.13108504067939952,5.094563974150485E-7
6481.0,0.06881317161519397,0.7947253269574743,0.13646150142733174
6210.0,0.07030332268470196,0.7106876230553401,0.21900905425995787
5964.0,0.8789434325303911,0.1210557174541039,8.500155049927224E-7
5524.0,0.7547511822518369,0.24524835130186562,4.66446297459097E-7
5255.0,0.7976360757933222,0.20236341067667857,5.13529999109198E-7
6575.0,0.06526981230949694,0.8710556447208274,0.06367454296967566
6066.0,0.4196511330486002,0.4314981014826639,0.14885076546873605
6332.0,0.27895026169223586,0.6554688759126712,0.06558086239509302
6795.0,0.8024272694739081,0.19757214470010476,5.858259869890543E-7
5509.0,5.437621876068012E-7,0.587223110196727,0.4127763460410853
5270.0,0.3001403734058654,0.6998592214698651,4.0512426963282535E-7
5808.0,0.06638689239521996,0.73089003947797,0.2027230681268098
6317.0,0.27297963262925057,0.42539419429701797,0.30162617307373146
6051.0,0.28302858715755286,0.6065228499473114,0.11044856289513559
5499.0,5.403536932406411E-7,0.8494834906736103,0.1505159689726966
6773.0,0.27644635146516794,0.2072112399569353,0.5163424085778964
5103.0,0.1395551036278324,0.7261831448451382,0.13426175152702954
5224.0,0.1373380243759097,0.6451316943182208,0.21753028130586938
6464.0,0.4341453690576024,0.5001444052868187,0.06571022565557903
5710.0,0.0696022495632802,0.6510849828471584,0.27931276758956153
5981.0,5.761869683782078E-7,0.5594224112286155,0.4405770125844161
6227.0,0.4283586717987751,0.5716407189424102,6.092588147743224E-7
5641.0,0.19665526779302556,0.8033443192045271,4.1300244732979004E-7
6407.0,4.68180043144214E-7,0.48705127179198504,0.5129482600279717
6164.0,0.9999986681370123,6.659314938480859E-7,6.659314938480859E-7
5914.0,0.27301632537475645,0.7269831199971029,5.546281405517805E-7
6706.0,0.36952771199054874,0.6304716634455818,6.245638694866901E-7
5436.0,6.494763140093909E-7,0.9339415450424625,0.06605780548122353
5032.0,0.2926338165464234,0.4243327390767832,0.2830334443767935
5167.0,0.13482355957503547,0.5157128675308222,0.34946357289414237
6649.0,0.65253343656835,0.34746581237981733,7.510518327718235E-7
5879.0,0.42551947533115875,0.5744798340043633,6.90664477788904E-7
6116.0,5.65867789289551E-7,0.5071582831979581,0.4928411509342527
6378.0,0.5203025966153724,0.3654325678541289,0.11426483553049827
5329.0,0.2869005949364958,0.6421317243847732,0.07096768067873105
4950.0,0.6766238689268648,0.3233756065404234,5.245327115595005E-7
5862.0,0.43240739728349525,0.3758833286180057,0.19170927409849906
6632.0,0.29394166742271993,0.4488646447101739,0.25719368786710667
6395.0,0.17297996020816797,0.6171872274422274,0.2098328123496045
6133.0,0.07588996768161048,0.4230580748311311,0.5010519574872585
5587.0,5.41389155474731E-7,0.49887829020409785,0.5011211684067466
4935.0,0.573427928114332,0.29821286377840517,0.1283592081072628
5312.0,0.23146665356730067,0.7685327259291385,6.205035609370465E-7
6422.0,0.2062001981065488,0.793799219992216,5.81901235067471E-7
5656.0,0.14350140423863608,0.6471133000013655,0.20938529575999854
5899.0,0.07078380866797154,0.723824152487727,0.20539203884430166
6149.0,5.828688585956256E-7,0.7799329671919217,0.2200664499392197
5421.0,0.6611687003492666,0.3388308670418437,4.326088896628633E-7
5182.0,0.13786849494301673,0.8621310619926085,4.4306437479621995E-7
5049.0,0.14435744524458868,0.5626923630505541,0.2929501917048572
6103.0,0.06940778565873255,0.7121364180727744,0.21845579626849315
6361.0,5.924721078878185E-7,0.5587683563003382,0.4412310512275539
6602.0,0.7304620526100046,0.269537411898109,5.354918863404077E-7
5828.0,0.28204399516635625,0.717955560366906,4.444667379863353E-7
4965.0,0.28948419061685554,0.7105153529598492,4.5642329516684415E-7
5346.0,0.21956360736405806,0.7099561625036632,0.07048023013227883
5617.0,0.4338392206245656,0.49527664039757346,0.07088413897786101
6183.0,0.26757334673904093,0.7324261761862634,4.770746956597186E-7
5929.0,0.31691190870897074,0.4287265834629932,0.2543615078280359
5690.0,4.2057650117425605E-7,0.7685004976029227,0.23149908182057594
6452.0,0.12047289869246598,0.6976526731183769,0.18187442818915725
5148.0,5.516492303859152E-7,0.5742007677363489,0.4257986806144207
5019.0,0.22188846462297385,0.7781109296321916,6.057448344907139E-7
6657.0,5.30505736324328E-7,0.4436260630174729,0.5563734064767907
5391.0,5.089086827337083E-7,0.497590498541888,0.5024089925494293
5944.0,0.1472700071881507,0.7679475238911535,0.08478246892069577
6198.0,0.7424961187844815,0.2575034974198848,3.837956340424346E-7
6437.0,0.727645068249383,0.27235437366361825,5.580869986315295E-7
5675.0,0.13441899244584946,0.7998513409248167,0.06572966662933381
5002.0,0.1380830659077753,0.44103142427044045,0.42088550982178413
5133.0,6.116099584401939E-7,0.14008804287534363,0.859911345514698
5406.0,4.405786519122968E-7,0.3948521929597943,0.6051473664615539
6672.0,5.493013714193625E-7,0.79171940415654,0.20828004654208845
6344.0,0.429390398005496,0.5706088987706633,7.032238404612169E-7
6086.0,5.051343701668934E-7,0.4209892556802387,0.5790102391853909
5845.0,0.3829036537465823,0.1227609140961018,0.49433543215731607
6619.0,5.748621594369617E-7,0.43659221259834147,0.5634072125394992
5363.0,8.121398328405325E-7,0.856874298831576,0.14312488902859125
4980.0,0.5755137752777914,0.42448570385836876,5.208638400204101E-7
5600.0,0.23542805917684517,0.6360313164245913,0.1285406243985638
5557.0,3.9813952449181164E-7,0.9374588480422841,0.0625407538181915
5286.0,7.447380962082321E-7,0.351031662600472,0.6489675926614317
6542.0,0.8621680957063564,0.13783144313140022,4.611622431601672E-7
5760.0,0.07145706927891084,0.8570858614421784,0.07145706927891084
6035.0,0.3596890986907292,0.5733533874448512,0.06695751386441946
6301.0,0.5050491190144163,0.3547376667202899,0.14021321426529373
6725.0,0.3370999148727497,0.6092978907292687,0.05360219439798147
5451.0,0.06827815844112396,0.6235126486403564,0.3082091929185199
5208.0,0.13123819407238674,0.6192844212842651,0.249477384643348
5087.0,6.572195699456289E-7,0.6612508407972914,0.3387485019831388
5758.0,0.1412627844057074,0.41711648328636725,0.44162073230792537
6512.0,0.2689550748196446,0.6769261757434526,0.054118749436902716
6243.0,0.38292434374620754,0.6170751540176943,5.022360983938502E-7
5997.0,5.95170245353614E-7,0.37269620660339264,0.6273031982263622
5466.0,0.1376214157969718,0.6549821116866134,0.20739647251641488
6740.0,0.14331272874087175,0.8566867968228042,4.7443632397658013E-7
5070.0,0.3637789610911431,0.5681168651504659,0.06810417375839116
5193.0,0.27226686093155056,0.7277325716699629,5.673984864415104E-7
6497.0,0.5356746708892419,0.4076864012458036,0.0566389278649543
5743.0,0.3580619933011195,0.6419374887304382,5.179684424622302E-7
6012.0,5.994148495758005E-7,0.89895836686129,0.10104103372386017
6258.0,6.532489884558959E-7,0.6385387963527479,0.3614605503982636
5540.0,0.1408747675710449,0.49641660434883084,0.3627086280801243
5303.0,0.4853596478386248,0.5146397807276263,5.714337485461578E-7
5777.0,0.4991709924074407,0.3566449393271052,0.14418406826545416
6559.0,5.283944612253627E-7,0.5132326463857703,0.4867668252197685
6284.0,0.5180664575788578,0.48193303299572404,5.094254181839275E-7
6018.0,0.11642223442387754,0.758480115940061,0.1250976496360615
5100.0,0.6515109627081764,0.3484884085319243,6.287598993097076E-7
5227.0,0.06088373930665103,0.8135273598907458,0.1255889008026035
6774.0,0.22112220618557488,0.5112578736648464,0.26761992014957864
5496.0,0.28425385948148113,0.6393091303451365,0.07643701017338207
6224.0,0.13383205974377582,0.6465893193075625,0.21957862094866162
5982.0,0.12404351177073193,0.6959881323637818,0.17996835586548626
5709.0,0.25017492212846615,0.6889049591678577,0.060920118703676335
6467.0,0.1254370117543421,0.8745624784417166,5.098039415011838E-7
5269.0,0.42857454975233905,0.4430408963695512,0.12838455387810943
6792.0,0.14260224767723303,0.5858104481379586,0.27158730418480825
6048.0,0.6315157080082024,0.3684836789258596,6.130659380094958E-7
6318.0,0.2944492476944174,0.49141127230490167,0.21413948000068125
6589.0,0.11760104101845163,0.6414387670452754,0.24096019193627302
5811.0,0.5866801263991056,0.413319177818818,6.957820762903942E-7
5252.0,6.524667238955804E-7,0.3390687623630301,0.6609305851702459
5527.0,0.9999977407909094,1.1296045453347176E-6,1.1296045453347176E-6
6335.0,0.07206069180938056,0.855309753700188,0.07262955449043129
6065.0,0.06988335566230075,0.5614030519854076,0.36871359235229173
5794.0,0.466035251564134,0.34716940355173936,0.1867953448841267
6572.0,0.7512710273226884,0.24872853752234608,4.3515496559758856E-7
5242.0,0.06877036454536536,0.5832230686111163,0.3480065668435185
5117.0,0.06759391063840903,0.4471798683721962,0.4852262209893946
5481.0,4.901769666370246E-7,0.5033842751513993,0.4966152346716341
5967.0,0.9999991585879974,4.207060012944443E-7,4.207060012944443E-7
6209.0,0.21275678568770656,0.7872428453284765,3.6898381675503997E-7
6482.0,0.14548675020588622,0.8060449350686893,0.04846831472542436
5724.0,0.3754310573465937,0.4337668175431267,0.19080212511027955
6648.0,4.5224646109388547E-7,0.48850076288530514,0.5114987848682336
6379.0,0.09522225969218807,0.8022631948725487,0.1025145454352633
6117.0,0.4238768567039709,0.5075946924187668,0.06852845087726259
5571.0,0.5499984488045832,0.450001252914484,2.982809330623536E-7
5328.0,6.533257912564946E-7,0.48908904124652935,0.5109103054276793
4951.0,0.05955154770850293,0.7413291512622554,0.19911930102924152
6406.0,0.34699710464068734,0.2178634901746456,0.4351394051846672
5640.0,5.797853828922213E-7,0.8568119727849792,0.1431874474296379
5915.0,7.611546738696581E-7,0.3443555784530034,0.6556436603923229
6165.0,0.6279639606405645,0.37203527841857603,7.609408599809206E-7
5437.0,0.4528860832267472,0.5471135316564483,3.8511680412360773E-7
6707.0,0.4347589985076208,0.4819208416789915,0.08332015981338749
5033.0,7.008337119148757E-7,0.8540371557822416,0.1459621433840464
5166.0,0.12628995075575777,0.56603966523476,0.3076703840094822
5657.0,0.5894674034429964,0.4105317001879846,8.963690190222786E-7
6148.0,0.05807124267995314,0.42465045234666543,0.5172783049733813
5898.0,5.392404894605516E-7,0.15461224949110747,0.8453872112684032
6690.0,0.06979212284117008,0.9302073217452344,5.554135954998833E-7
5420.0,0.9314953747611251,0.0685041318432823,4.93395592821505E-7
5183.0,0.5778852935404105,0.07661139036840538,0.34550331609118434
5048.0,0.06673172915697882,0.723619537774242,0.2096487330687792
6633.0,4.805026326715806E-7,0.7161536576902267,0.2838458618071406
5863.0,0.19084706095752485,0.6847205145121915,0.12443242453028365
6132.0,6.118240298508482E-7,0.4341466930692323,0.565852695106738
6394.0,5.151511140835339E-7,0.7943388069096985,0.2056606779391873
5586.0,0.37140432846709703,0.6285952672135983,4.043193050908724E-7
4934.0,7.658216226518187E-7,0.5037915296269005,0.496207704551477
5313.0,0.06710723095696933,0.8618282969978616,0.07106447204516905
5928.0,0.396754437474655,0.541297902136107,0.061947660389238136
6182.0,0.34168056924759616,0.5543127819027935,0.10400664884960992
6453.0,0.443930620279273,0.4886528676782586,0.06741651204246844
5691.0,5.977371864631582E-7,0.7995072552484604,0.20049214701435306
5149.0,0.5152805684789946,0.34010657986224585,0.1446128516587594
5018.0,0.33757016897437786,0.6624294384652051,3.9256041726751497E-7
5390.0,0.7330178252956331,0.26698168264557226,4.920587946351163E-7
6656.0,0.6904705670216104,0.30952893078701676,5.02191372997188E-7
6360.0,0.350329338480025,0.5127764373018703,0.1368942242181047
6102.0,0.3376427198530551,0.587568174837473,0.07478910530947183
5829.0,0.14392426867003233,0.7853659781447874,0.07070975318518032
6603.0,0.3040736625805491,0.6287285004695431,0.06719783694990779
4964.0,0.13480541564144954,0.5592241366838249,0.30597044767472553
5347.0,6.155537343832992E-7,0.4239512428219681,0.5760481416242977
5616.0,3.473816430505243E-7,0.627631835976028,0.3723678166423289
6087.0,0.07086415759454222,0.7177874162115383,0.21134842619391941
6345.0,0.685558010031236,0.3144414405267415,5.494420226209005E-7
5844.0,6.360611864082427E-7,0.2990329719500059,0.7009663919888076
5362.0,0.41692249396810466,0.5116416685334334,0.07143583749846222
4981.0,0.254662892035906,0.3133962297171458,0.4319408782469482
5601.0,4.568403386982333E-7,0.9268491294109596,0.07315041374870176
5945.0,5.454029765419134E-7,0.7948389260507488,0.20516052854627456
5674.0,0.127849931136255,0.5962955072868199,0.2758545615769251
6436.0,0.18830275045018663,0.7464338956151919,0.06526335393462138
5003.0,0.280506298224583,0.44654485597422144,0.2729488458011959
5132.0,0.21139810066795195,0.6523012456351454,0.13630065369690236
6673.0,0.09038633554083267,0.6557504603028054,0.25386320415636215
5407.0,0.512947492624744,0.4870522127020675,2.946731883746677E-7
5450.0,4.4849360318500693E-7,0.7736995224708412,0.2263000290355558
6724.0,0.4283171909965127,0.5716822688563152,5.401471721494052E-7
5209.0,0.19431354874298332,0.5356172335169043,0.27006921774011255
5086.0,6.679783646043037E-7,0.6957197415731765,0.30427959044845876
6513.0,0.5115750263942243,0.48842432425217175,6.49353603800297E-7
5759.0,0.062345735730049825,0.9376538286264986,4.3564345152194877E-7
5996.0,0.5570612452839783,0.44293843010092854,3.2461509338268106E-7
6242.0,0.08013893904391842,0.4954413321387921,0.4244197288172902
5556.0,0.693575467829081,0.3064241151735032,4.169974161351944E-7
5287.0,0.4223230322945986,0.36493011318551355,0.21274685451988795
5761.0,0.6344798967339276,0.23488244608506018,0.13063765718101228
6543.0,0.1570004991927066,0.4966764834475059,0.3463230173597875
6300.0,0.7170771478098202,0.2829222300122616,6.221779180776721E-7
6034.0,0.28961301975655773,0.6385676702775113,0.07181930996593089
5541.0,0.18715854880414545,0.43877593515464997,0.3740655160412042
5302.0,0.13911750454255897,0.46500845795376144,0.39587403750367955
6558.0,0.06820347664401438,0.6301345388145138,0.3016619845414717
5776.0,0.26614403255653124,0.4734386173629086,0.2604173500805602
6019.0,0.7060129309887846,0.29398647495191105,5.940593044533173E-7
6285.0,0.4397911427418082,0.560208404552369,4.527058230365726E-7
5467.0,0.12721400492220483,0.7966439537511301,0.0761420413266651
5071.0,0.4394227004876801,0.5605767900673846,5.094449353991283E-7
5192.0,0.13168931167353579,0.800278987290178,0.06803170103628628
5742.0,5.761206701263167E-7,0.9999988477586598,5.761206701263167E-7
6259.0,4.772118219490784E-7,0.700039358118828,0.29996016466935
6013.0,0.061078637062909655,0.766524407358641,0.17239695557844978
5268.0,0.0703050530482585,0.7820125769882507,0.14768236996349093
6793.0,0.2023991802244644,0.6401242943674273,0.15747652540810841
5511.0,0.32408289326396794,0.6193088753058518,0.05660823143018019
6319.0,0.7196745878846403,0.28032498831243974,4.238029198833245E-7
5810.0,0.20704638347347576,0.7929531004471216,5.160794025544008E-7
5101.0,7.073325416834822E-7,0.21644865518485212,0.7835506374826062
5226.0,0.12759432110634886,0.742315868070672,0.1300898108229794
5497.0,0.3575390651529652,0.5028821482892883,0.1395787865577462
6775.0,4.824215127300574E-7,0.7215980397608367,0.2784014778176505
5983.0,0.15618443375523855,0.7768987340671903,0.06691683217757115
6225.0,6.098287377552664E-7,0.3573015222097175,0.6426978679615446
6466.0,0.2748639543121475,0.5839570195428816,0.1411790261449709
5708.0,0.2162900104019938,0.5735563857910307,0.21015360380697548
5116.0,0.28432389807088576,0.715675436284335,6.65644779398728E-7
6758.0,0.8086728725096995,0.1913263838053576,7.436849427250847E-7
5480.0,5.027455131998412E-7,0.8648080591096309,0.13519143814485599
6208.0,0.4774065653256705,0.5225925852057033,8.49468625994814E-7
5966.0,5.404136654395512E-7,0.7323514023063666,0.2676480572799678
5725.0,5.946511328301476E-7,0.4772948131381306,0.5227045922107366
6483.0,0.4356493417594587,0.5643501067322101,5.51508331162629E-7
5253.0,0.07771898584713458,0.49283935251857325,0.4294416616342923
5526.0,7.434463089012926E-7,0.6000927797963145,0.3999064767573767
6808.0,0.05828911297652609,0.7493980784441836,0.19231280857929
6064.0,0.14137835127877968,0.8586212139716219,4.347495983290574E-7
6334.0,0.06833744619010956,0.9316619221209748,6.31688915704806E-7
6573.0,6.397761912862957E-7,0.9356244018994319,0.06437495832437688
5795.0,0.07539158413544464,0.9246078806224852,5.352420700653032E-7
5400.0,0.41994427165434806,0.5800553039984313,4.243472207240594E-7
6678.0,0.4351274092362588,0.4937652830957111,0.07110730766802979
5004.0,0.35051112737513435,0.6494884912068455,3.8141802006596523E-7
5131.0,0.1229676632625621,0.5223647620817967,0.354667574655641
6435.0,0.15004821933613555,0.6498178888457512,0.20013389181811328
5677.0,5.71170812517329E-7,0.999998857658375,5.71170812517329E-7
5950.0,5.426792396228067E-7,0.5455901027393059,0.45440935458145454
6192.0,0.2997413111225295,0.6286680547456731,0.0715906341317975
5606.0,6.785658732056722E-7,0.7119797230486465,0.2880195983854803
5365.0,0.13509823268911242,0.6576719298802604,0.2072298374306273
4978.0,0.21671554277684238,0.6416062123936428,0.141678244829515
5843.0,4.63201519736042E-7,0.5728339863179713,0.4271655504805091
6621.0,0.6947549351059106,0.3052443463539853,7.185401039995795E-7
6350.0,7.582271883940685E-7,0.7893819104606784,0.2106173313121334
6080.0,0.14501994265266976,0.7062630476432282,0.148717009704102
5623.0,4.2203834567166835E-7,0.6402320555023553,0.3597675224592992
4963.0,0.4420286050997597,0.5579708194861687,5.75414071410431E-7
5348.0,0.075340692446356,0.7815091336096793,0.14315017394396468
6604.0,0.567598717516544,0.43240087028739227,4.1219606365856426E-7
5826.0,0.3418304482919745,0.20429560845410547,0.45387394325392016
6097.0,0.3613495890360543,0.4940708478090964,0.14457956315484927
6367.0,0.8685039178584941,0.13149555368667823,5.284548276366365E-7
5385.0,0.06966456978493965,0.6404421510360665,0.28989327917899393
5146.0,0.27364936187169775,0.2200388555438056,0.5063117825844966
5021.0,0.20731004567598457,0.7926893331387408,6.21185274670133E-7
5692.0,0.3452362488418316,0.562436923750153,0.0923268274080155
6450.0,0.511750681257202,0.4882488863779145,4.3236488321756414E-7
6177.0,0.4683191796384136,0.408054403125301,0.1236264172362856
5935.0,4.2295262303787635E-7,0.5853248117877315,0.41467476525964536
4929.0,0.2697103097174361,0.7302893455958794,3.446866843044393E-7
5318.0,7.720905437405211E-7,0.49708849610973943,0.5029107317997169
5589.0,0.5045445328607752,0.43429144663737523,0.0611640205018498
6131.0,7.159390424166179E-7,0.5088596642445848,0.4911396198163726
5856.0,0.18271404719552153,0.6994520255498519,0.11783392725462663
6638.0,0.43213711473796945,0.567862005087317,8.801747135738204E-7
5176.0,0.5023382653446367,0.4976613284120842,4.0624327909055296E-7
5055.0,5.899740825151553E-7,0.547987909646127,0.4520115003797907
5419.0,4.5727910608875043E-7,0.8081000687050728,0.19189947401582122
6693.0,0.7141041963527913,0.28589527774260065,5.259046081129564E-7
5901.0,0.43209670568320724,0.567902961964776,3.323520165100563E-7
6147.0,7.23951644819796E-7,0.794428836379878,0.20557043966847705
6416.0,4.924258752025702E-7,0.638111994658934,0.36188751291519083
5662.0,0.5124542750610268,0.4875451051122788,6.198266945473925E-7
5038.0,0.5210397561156593,0.4789593238597534,9.200245874592074E-7
5161.0,0.2768764170085421,0.5114756641494398,0.2116479188420181
6708.0,0.8639334729996603,0.13606597675084528,5.502494946307272E-7
5434.0,0.5829412360147894,0.34633622513767126,0.07072253884753922
6162.0,4.966559507757117E-7,0.6848978398744076,0.3151016634696415
5916.0,0.5054315797471595,0.20092552492428448,0.2936428953285558
5647.0,0.3937640605708157,0.4336555415520995,0.17258039787708482
6401.0,0.5816336837708502,0.4183656088614801,7.073676695409768E-7
5335.0,0.1922734385930583,0.678999172123318,0.1287273892836236
4944.0,6.445264104202324E-7,0.9335520419553385,0.06644731351825112
5572.0,6.96702465055576E-7,0.6387746455240684,0.3612246577734667
6114.0,5.307325738203378E-7,0.44302849965041663,0.5569709696170093
6380.0,8.316802654470695E-7,0.7222565566899685,0.27774261162976577
6655.0,0.517279621693107,0.25257751447427895,0.23014286383261406
5873.0,5.165867386671969E-7,0.6867535467000452,0.31324593671321604
5796.0,0.9373714004452798,0.06262823063367276,3.689210473663001E-7
6570.0,3.530848766281134E-7,0.9999992938302468,3.530848766281134E-7
6329.0,0.6672150350266474,0.33278445137218793,5.136011648777704E-7
6071.0,0.622305007393403,0.3776946608604523,3.317461443772846E-7
5521.0,0.8586395837492806,0.1413598358292532,5.804214660762738E-7
5250.0,6.58743068884375E-7,0.9332532970255878,0.06674604423134345
6484.0,0.5596743158672324,0.4403251188273929,5.653053745410577E-7
5722.0,0.1228351799085403,0.6937066836620981,0.18345813642936198
5961.0,5.387953738667343E-7,0.42963383270734995,0.5703656284972761
6215.0,0.28285445077178173,0.43633364218810067,0.2808119070401174
5487.0,0.07461307839299491,0.7598818296816171,0.16550509192538798
6753.0,0.207397004943173,0.5757107876386749,0.21689220741815188
5244.0,0.11879789666650939,0.7615296426095901,0.1196724607239004
5115.0,5.366534825444582E-7,0.3642508841834915,0.6357485791630259
5707.0,0.34384733949867974,0.5835257793628605,0.07262688113845982
6469.0,0.11835225990419483,0.8816473467875171,3.933082882290603E-7
6230.0,0.14455319270043163,0.6341526153662519,0.22129419193331643
5976.0,5.297322580127971E-7,0.453741125405036,0.5462583448627059
6768.0,5.470887866985448E-7,0.564865484071537,0.4351339688396764
5502.0,0.2965824568711666,0.6360496776260885,0.0673678655027448
5098.0,0.21623667131401147,0.7837630154077608,3.132782278271774E-7
5229.0,6.752173765220043E-7,0.4958675028547356,0.504131821927888
6587.0,4.835934617196124E-7,0.6189031130323532,0.3810964033741852
5813.0,0.866527951918744,0.1334713633434582,6.847377975976655E-7
6054.0,0.13796335484838557,0.8620359195077438,7.256438705286112E-7
6312.0,5.661258770952967E-7,0.7039464619994038,0.29605297187471896
5504.0,6.012376735819349E-7,0.7953826636080201,0.2046167351543063
6798.0,0.3619013622201435,0.6380978763825007,7.613973559126203E-7
5267.0,0.25181122374384146,0.6831707023541288,0.06501807390202964
6010.0,0.7131609942604014,0.2868385487943801,4.5694521870104654E-7
6260.0,0.2416971652281948,0.7583024122438463,4.225279587159015E-7
6503.0,0.06982990892596493,0.8603401821480703,0.06982990892596493
5737.0,0.9321928636016724,0.06780677117321249,3.65225115168419E-7
5064.0,6.156983786641938E-7,0.26757702173578435,0.7324223625658368
5199.0,4.862542786883972E-7,0.4972100423629375,0.502789471382784
5468.0,0.5013059804584762,0.21899159293935097,0.27970242660217265
6738.0,5.787487419061935E-7,0.7142771672546799,0.2857222539965783
6282.0,0.6887451502674873,0.3112542841672879,5.655652247677363E-7
6020.0,0.2106802276784001,0.7197210574276611,0.06959871489393894
6553.0,0.06901197367138946,0.5563327929649294,0.3746552333636811
5297.0,0.14006789287081955,0.8599316646695564,4.4245962433031253E-7
4918.0,0.42657799318772105,0.4280534894533711,0.14536851735890766
5538.0,0.5629950755717236,0.43700441349476954,5.109335070339911E-7
6037.0,0.2812714637487125,0.5641276258899486,0.15460091036133888
6299.0,0.07010658867848346,0.721569543529532,0.2083238677919847
6536.0,0.11861336380885742,0.627464038114896,0.2539225980762464
5766.0,0.3947822648609664,0.605217274725064,4.6041396923556233E-7
5280.0,0.15618208177733467,0.8438172508880266,6.673346385410094E-7
5555.0,6.623051965441647E-7,0.8001256381807011,0.19987369951410214
6245.0,4.0218134822494594E-7,0.8609872967266219,0.13901230109202975
5995.0,0.6391563912892075,0.3608431074101756,5.013006168029142E-7
5752.0,5.939154806705823E-7,0.6579897073055896,0.3420096987789298
6518.0,5.109400666992395E-7,0.5244147902255356,0.4755846988343973
5214.0,0.14178590029049828,0.3117645510210149,0.5464495486884866
5081.0,0.22076820995208224,0.3511657254782234,0.42806606456969426
6723.0,0.7827145830514355,0.21728486102410755,5.559244569429173E-7
5453.0,0.21607348197608658,0.6774459572074147,0.10648056081649876
5607.0,0.13481314844827874,0.6535902567702234,0.21159659478149775
5364.0,0.43304981495357947,0.5669498287573504,3.562890704137139E-7
4979.0,4.4980257997558047E-7,0.7671719024912995,0.23282764770612008
6620.0,5.39549784184373E-7,0.8512021874341426,0.14879727301607332
5842.0,0.3650168346707272,0.49635939513956934,0.13862377018970318
6081.0,0.06138619428577209,0.9386132868758875,5.188383404638462E-7
6351.0,0.05588201207148783,0.7529105852672452,0.19120740266126734
6679.0,0.953394956499163,0.04660469073593584,3.527649012068061E-7
5401.0,7.808163177287275E-7,0.8616249995424017,0.1383742196412806
5005.0,0.1389167536183696,0.6556529286081839,0.20543031777344653
5130.0,6.752597760041276E-7,0.6488323702274661,0.35116695451275787
5676.0,0.2196158176509623,0.7803838219233349,3.6042570260947613E-7
6434.0,6.158453763322609E-7,0.4958560270122465,0.5041433571423773
6193.0,0.6936196586317251,0.30637985173681864,4.896314559680754E-7
5951.0,0.7959219650146454,0.20407739195271882,6.430326357678313E-7
5384.0,6.087479476680408E-7,0.8178514775770946,0.18214791367495747
6662.0,0.2178033581267136,0.7821962269963473,4.1487693895111416E-7
5147.0,0.1263562008302195,0.8123418219294198,0.061301977240360885
5020.0,0.42898004258411787,0.4519108744522857,0.11910908296359644
6451.0,4.551818129445117E-7,0.7925863803552305,0.20741316446295693
5693.0,0.5761282940423789,0.35674443991025734,0.06712726604736396
5934.0,0.5779125380463428,0.4220870215728999,4.403807571711079E-7
6176.0,0.1335105504959122,0.4529800051329721,0.4135094443711155
5622.0,0.154361899327385,0.7786346284362025,0.06700347223641243
4962.0,0.2856759763581523,0.5768619797999177,0.13746204384193014
5349.0,0.20379070055999435,0.6515308050130768,0.14467849442692898
6605.0,4.7141987775040544E-7,0.9228721046241832,0.07712742395593883
6366.0,8.396367142152106E-7,0.7876700395506665,0.21232912081261948
6096.0,0.1300542450725949,0.553461304689939,0.31648445023746624
5177.0,0.8097681713133555,0.19023133147066879,4.972159758794561E-7
5054.0,5.495198390001602E-7,0.5784942225293597,0.4215052279508014
6692.0,0.37584083408141483,0.6241585450612456,6.20857339439364E-7
5418.0,0.22185139681185684,0.7118337136667091,0.06631488952143406
6146.0,5.073676201791199E-7,0.6512307508922887,0.3487687417400913
5900.0,0.3002191762354811,0.2777233639640241,0.4220574598004947
5663.0,0.2273560884653503,0.7053464481729637,0.0672974633616863
6417.0,0.3548333229444571,0.645166113719212,5.633363310369513E-7
4928.0,0.30135815588146275,0.4190194164059535,0.2796224277125836
5319.0,0.49674175109519003,0.5032577708587134,4.780460966379899E-7
5588.0,0.07010055850466138,0.6462061338336719,0.2836933076616666
6130.0,5.030521272054094E-7,0.3515331131197864,0.6484663838280864
