6393.0,0.12157751147960563,0.6073979943568933,0.27102449416350105
6135.0,0.042338961115379554,0.7202367457774045,0.23742429310721597
5860.0,0.0015334011989627402,0.23439062421071977,0.7640759745903175
6634.0,0.6402633311819036,0.3573278736220151,0.0024087951960811978
4933.0,0.0017623991206190861,0.22501242685372902,0.7732251740256518
5585.0,0.21239471954935335,0.7798219676951895,0.007783312755457127
5897.0,0.1633528072823374,0.8318902718674153,0.0047569208502472645
6151.0,5.346596692778486E-4,0.14444956017876862,0.8550157801519536
6420.0,0.8535721615271371,0.14602716385035416,4.006746225088408E-4
5658.0,0.9700863825663336,0.02989404061138656,1.957682227986494E-5
5180.0,0.4479140118385298,0.5507537854415145,0.0013322027199557493
5051.0,3.047458512452076E-5,0.01442123118161837,0.985548294233257
5423.0,0.026993474066317174,0.6332449669424354,0.33976155899124744
6689.0,0.3286780630492809,0.6696950206691165,0.0016269162816027272
6166.0,8.650162875832311E-4,0.8771084365798705,0.12202654713254622
5912.0,0.04604037903576905,0.9224380643941869,0.031521556570044115
5643.0,0.0022332249222642418,0.24546843038291782,0.752298344694818
6405.0,8.501592387389804E-4,0.12098514870364362,0.8781646920576174
5034.0,0.04320257848534866,0.8864529762551236,0.0703444452595276
5165.0,0.11137592828447518,0.8841028452015369,0.00452122651398802
6704.0,0.008371045071249226,0.9533950924432965,0.03823386248545429
5438.0,0.9036721299316832,0.09585202955709439,4.7584051122242767E-4
6118.0,0.0025668949777677883,0.15512096110839954,0.8423121439138326
6376.0,0.00352273928182144,0.887947530848367,0.10852972986981169
6651.0,0.04580056369285202,0.9257933258555541,0.028406110451593827
5877.0,0.004306801629009004,0.39092338369113366,0.6047698146798574
5331.0,0.010239583799302855,0.9205808040501581,0.06917961215053897
4948.0,0.01065926142593704,0.7697366261791968,0.21960411239486605
5568.0,0.0033469663468816157,0.3255186692891149,0.6711343643640034
5673.0,0.0019938164316623663,0.30142342125538635,0.6965827623129512
5946.0,0.8581805464441346,0.14115756993956152,6.618836163040064E-4
6196.0,0.1130914177052168,0.8824921102271386,0.004416472067644486
5404.0,0.004269872608994172,0.8257143965001277,0.17001573089087818
5000.0,0.3695626419408031,0.6169887786541461,0.013448579405050762
5135.0,0.007069092179016355,0.7444692868145041,0.2484616210064795
5847.0,0.02665789175662115,0.904431350033439,0.06891075820993989
6617.0,0.0933524527992195,0.8855570359308628,0.021090511269917685
6346.0,0.0675333358428126,0.9241148864002958,0.008351777756891563
6084.0,0.22334431653998885,0.7323486516030626,0.044307031856948606
5602.0,0.9780780950000988,0.021826902559037818,9.50024408633231E-5
5361.0,0.8128779379314379,0.18650260773111432,6.194543374477815E-4
4982.0,0.031394737801023496,0.9289767919963487,0.0396284702026278
6600.0,0.1619793537194695,0.7530715364717796,0.08494910980875087
5830.0,0.013265393880080687,0.6791392610273397,0.3075953450925797
6101.0,0.33886219667110745,0.6551866453336275,0.005951157995265062
6363.0,0.005598206072076959,0.33484564925759847,0.6595561446703246
5619.0,0.07250257036940273,0.8998972119237579,0.027600217706839302
4967.0,0.210143104652601,0.7857999531646139,0.004056942182785023
5344.0,0.022186554944776272,0.810635154229242,0.16717829082598165
5688.0,0.0013286666958991842,0.6421166695641076,0.3565546637399931
6454.0,0.7212394741367076,0.2759085158292449,0.002852010034047535
6181.0,0.9076619766199201,0.09174437563582388,5.936477442559725E-4
5931.0,0.05108400860818024,0.8973520250404146,0.051563966351405234
6659.0,4.877673301424107E-4,0.03917160473864879,0.9603406279312087
5389.0,0.0030061377528995616,0.8141391298569871,0.18285473239011343
5150.0,0.6290976842773534,0.3653858803109075,0.005516435411739008
5017.0,0.9713102492524778,0.02865984762364422,2.990312387791167E-5
5068.0,0.11143633270087659,0.8582927435084341,0.03027092379068922
5195.0,0.020547442477456643,0.5706498278384737,0.4088027296840697
5464.0,0.21213014342492692,0.764902193716551,0.02296766285852201
6742.0,0.006404977799427477,0.7871575669437897,0.2064374552567829
6014.0,0.00640339710944772,0.5384456288283788,0.4551509740621736
6256.0,0.7211077309680608,0.2785353225822074,3.5694644973174785E-4
6499.0,0.02993959791951053,0.5659567060664883,0.4041036960140012
5741.0,0.004380511269498295,0.6827930508448007,0.3128264378857011
5301.0,0.11727587588678741,0.858914052751436,0.023810071361776514
5542.0,0.4631546738963655,0.532175890810299,0.004669435293335497
6286.0,0.27360656105092573,0.72468917890193,0.0017042600471443012
6016.0,0.17838348988030947,0.752414404236765,0.06920210588292557
5779.0,0.013636231918251992,0.9326891732986715,0.05367459478307637
6557.0,8.810984989985632E-5,0.013563727937943438,0.9863481622121567
5284.0,0.796500187261621,0.20268591537145406,8.13897366925047E-4
5559.0,0.002760074323416514,0.5065002680970665,0.49073965757951693
6033.0,0.06915124807246299,0.8704172674494398,0.06043148447809724
6303.0,0.921741500805045,0.07797230942198213,2.8618977297267193E-4
6540.0,0.2868544031678157,0.7096101833758013,0.0035354134563829447
5762.0,0.002577151299208853,0.3295858852615018,0.6678369634392893
5210.0,0.010915153169293739,0.9217709150291822,0.06731393180152413
5085.0,0.9180473826684975,0.08176006053249471,1.925567990078922E-4
6727.0,0.41178997929861944,0.5788085493618564,0.00940147133952425
5449.0,0.15008213176042237,0.8280156345059988,0.021902233733578764
6241.0,0.9277341914272454,0.07208837428306523,1.7743428968915978E-4
5999.0,0.027932644792940258,0.1930265951658066,0.7790407600412532
5756.0,0.24111532011344383,0.5939174719259103,0.16496720796064596
6514.0,0.30926429587643195,0.6616384832435187,0.02909722088004948
5254.0,0.5204942145829574,0.4779139836760844,0.0015918017409582701
5792.0,2.542560696797468E-4,0.057082930741760046,0.9426628131885602
6574.0,0.06240204584028759,0.9012514795304913,0.036346474629221054
6333.0,0.0011143053288486084,0.2681254417367978,0.7307602529343536
6067.0,0.009854728520259943,0.9475615446213517,0.04258372685838849
5483.0,0.0671122043652936,0.8713138509199619,0.06157394471474439
6757.0,0.28981473424525156,0.7053806035409131,0.0048046622138352285
5240.0,0.6174586167674688,0.37898384822725883,0.003557535005272332
5119.0,0.06473992238697396,0.4674924827419274,0.46776759487109876
6480.0,0.0763810055963186,0.8961227914529022,0.027496202950779126
5726.0,0.013893836278110094,0.8448139526302576,0.14129221109163229
5965.0,0.49863800844624134,0.49342127906043737,0.007940712493321183
6772.0,0.29143932928517174,0.7060227967125563,0.00253787400227182
5498.0,0.053849139049328615,0.8376443888057269,0.10850647214494454
5102.0,4.80921319424211E-4,0.05623030136660534,0.9432887773139705
5225.0,0.10933619992583746,0.8300621154024088,0.060601684671753614
5711.0,0.23052642027450188,0.7641169618936107,0.0053566178318875625
6465.0,0.8529609301929826,0.14329538917438572,0.0037436806326316607
6226.0,0.06048757385652375,0.8882345791556403,0.051277846987836
5980.0,0.29861015920234063,0.6964537654968902,0.0049360753007690805
5508.0,0.5919381824995031,0.3892189119859356,0.018842905514561362
6794.0,0.026836307969261286,0.9251741032211059,0.04798958880963269
5271.0,0.7218027285320933,0.2768435599119817,0.0013537115559251105
6591.0,0.04263098340930634,0.8145196976572788,0.14284931893341485
5809.0,9.911404764196172E-4,0.8067829080772406,0.1922259514463398
6050.0,0.0676112323622204,0.9143326154792131,0.018056152158566523
6316.0,9.031073373232488E-4,0.5547587984785979,0.4443380941840788
6150.0,0.24806819984170084,0.6861866610481558,0.06574513911014333
5896.0,0.0030560041474868615,0.8070285397530712,0.18991545609944185
5659.0,0.0019262278793263593,0.33722143894412043,0.6608523331765531
6421.0,0.03231482391423778,0.858780357781893,0.10890481830386918
5181.0,0.5126331246681632,0.4833376839151565,0.0040291914166802195
5050.0,2.8657484258978803E-4,0.04366629277115599,0.9560471323862542
6688.0,0.058286422137246545,0.9034572447090883,0.038256333153665174
5422.0,0.13939880937248553,0.7905921374111178,0.07000905321639678
6134.0,0.016345867736765142,0.4411459913596339,0.542508140903601
6392.0,0.010699746155570925,0.6986156929593238,0.29068456088510536
6635.0,0.18789333910570244,0.810930529828437,0.0011761310658605826
5861.0,0.0012185894448835878,0.2540841022299081,0.7446973083252083
4932.0,0.0563069412793614,0.6803195169103589,0.2633735418102797
5315.0,0.21392928248030457,0.7305418088552913,0.05552890866440424
6377.0,0.1860171763208984,0.7950760314795073,0.018906792199594222
6119.0,0.2780426044972295,0.719595756041394,0.002361639461376334
5876.0,0.009158901729897004,0.6546700837480094,0.3361710145220936
6650.0,5.566515630414365E-4,0.2574455264218573,0.7419978220151012
5330.0,0.010238728416410913,0.20582926992088177,0.7839320016627074
4949.0,0.42361633559554557,0.5721312070008248,0.004252457403629674
5569.0,0.07885249538555705,0.9033081048244743,0.017839399789968666
5913.0,0.14278244620207287,0.8119270947747919,0.0452904590231353
6167.0,0.011755682415039093,0.538091306996231,0.4501530105887299
6404.0,0.010416361761012356,0.7015589674558887,0.288024670783099
5642.0,0.741925071165584,0.23870224729718517,0.01937268153723095
5035.0,1.002357312589596E-5,0.0080753022618783,0.9919146741649959
5164.0,0.019940261280183728,0.9087224337299414,0.07133730498987473
5439.0,0.016819344390575763,0.7858039262050284,0.1973767294043958
6616.0,0.033828401948824124,0.6744115089289053,0.29176008912227047
5846.0,0.740344768985749,0.2586131222068303,0.0010421088074206984
6085.0,0.012603107800532113,0.4389402118800851,0.5484566803193829
6347.0,0.9907098256377392,0.009288309101914742,1.8652603460752768E-6
5603.0,0.005223980532761258,0.34644737802572656,0.6483286414415123
5360.0,0.0028410674313225767,0.7865176624301642,0.21064127013851336
4983.0,0.02376203370335939,0.8676170744319915,0.10862089186464914
5672.0,0.3550593542629944,0.644496343852932,4.4430188407357056E-4
6438.0,0.009227528708865658,0.8255661111521728,0.1652063601389615
6197.0,0.25416918452919374,0.7394669937111868,0.006363821759619502
5947.0,0.008749925631523187,0.8778680093774169,0.11338206499105982
6675.0,3.512126528874864E-4,0.04771374110052739,0.9519350462465852
5405.0,0.0020173721799976877,0.5608957667329786,0.43708686108702366
5001.0,0.002400728855758039,0.9396828289630005,0.057916442181241534
5134.0,0.3384355159944694,0.6517650088012766,0.00979947520425403
5689.0,2.533850025385449E-4,0.06346728575946896,0.9362793292379925
5930.0,0.15133385578341194,0.8454700404849309,0.0031961037316571555
6180.0,7.055311517215128E-4,0.24351160440385305,0.7557828644444254
5388.0,0.3636518648420641,0.6347710653302365,0.0015770698276994233
5151.0,0.0013425605631202002,0.5202520955144673,0.47840534392241235
5016.0,0.0022651838525314274,0.8768163912068471,0.12091842494062147
5831.0,0.004901944967076995,0.6856268942109595,0.3094711608219636
6601.0,0.8959727102083767,0.10379984407227787,2.2744571934538624E-4
6362.0,0.1537329528503505,0.7717221416837465,0.07454490546590291
6100.0,0.5742092320201879,0.4191724789701011,0.006618289009710998
5618.0,0.012880319237485569,0.09725806320262337,0.889861617559891
4966.0,0.0641989392837381,0.8751540026616971,0.06064705805456485
5345.0,0.1008673826348325,0.8903225519389902,0.008810065426177198
5300.0,0.11880593526119752,0.8539089826541403,0.027285082084662123
5543.0,0.7605246613877092,0.22413199998118088,0.015343338631109982
6017.0,0.010862183168277806,0.9192817784045157,0.06985603842720647
6287.0,0.8972263926267399,0.10235277978295007,4.208275903101097E-4
6556.0,0.13099014542732026,0.8157219842992848,0.053287870273394884
5778.0,0.007054053019048425,0.6933004607905593,0.2996454861903924
5069.0,0.00326426185047053,0.5078084612650634,0.488927276884466
5194.0,0.04217650284217378,0.8981155226276821,0.05970797453014414
6743.0,0.07272320588998676,0.9033763133239981,0.023900480786015015
5465.0,0.8943315381337693,0.10557436178739893,9.410007883183055E-5
6257.0,0.001208018547656758,0.8566635212398546,0.14212846021248865
6015.0,0.3492062961970978,0.6410140949949439,0.009779608807958324
6498.0,0.13412600896067775,0.7773419424110011,0.08853204862832108
5211.0,0.0015717866428527896,0.5108544394733197,0.48757377388382755
5084.0,0.059255768353253115,0.8509335792560966,0.0898106523906503
5448.0,1.5714059181229343E-4,0.08592815891934534,0.9139147004888423
6726.0,0.05038950647385466,0.8665580395513276,0.0830524539748178
5998.0,0.2702941105555679,0.7280073231929647,0.0016985662514672304
6240.0,0.0018040571926482701,0.35814347878747044,0.6400524640198814
6515.0,0.18870296478988466,0.8029941944083905,0.00830284080172488
5757.0,0.2736810898485982,0.7213838340754888,0.004935076075913007
5285.0,0.008273637601885736,0.8856496178131581,0.10607674458495608
5558.0,0.012590172368543833,0.6748272338043483,0.31258259382710774
6032.0,0.35893027279789735,0.6166492153350126,0.02442051186708995
5763.0,0.052882863145439905,0.9086178772809269,0.03849925957363308
6541.0,0.006166766156968112,0.8751632685956432,0.11866996524738861
5482.0,0.05695876308039388,0.9317233618256274,0.011317875093978783
5241.0,0.10842626091320816,0.8198798865213704,0.07169385256542139
5118.0,0.9585392748221443,0.041421287303347945,3.94378745077136E-5
6481.0,0.002236261228774213,0.20700853772640407,0.7907552010448218
6210.0,0.026264367279310495,0.804758347737834,0.16897728498285555
5964.0,0.9835519679929947,0.01644324750119095,4.784505814352588E-6
5524.0,0.6596545978293403,0.33879498340480485,0.0015504187658547364
5255.0,0.6187264794947336,0.37722892852692913,0.004044591978337191
6575.0,0.3264551341595727,0.5823456124772809,0.09119925336314633
6066.0,0.03054515047598366,0.8912544289244461,0.07820042059957041
6332.0,0.14246490917937898,0.8366398680784254,0.020895222742195494
6795.0,0.39876718796686267,0.5995264498683283,0.0017063621648091113
5509.0,0.039867823812431695,0.9156735270958472,0.04445864909172123
5270.0,0.2811264728740104,0.7168708902216462,0.002002636904343432
5808.0,0.006119352115971035,0.5840908015865702,0.4097898462974588
6317.0,0.04523994767716026,0.949084948501897,0.005675103820942752
6051.0,0.1994462688242745,0.7240100306567984,0.07654370051892717
5499.0,0.01775110508434884,0.779223495662011,0.20302539925364013
6773.0,0.011529767703679967,0.8206792298314068,0.16779100246491324
5103.0,0.006925801450776096,0.9159001632965589,0.07717403525266495
5224.0,0.0031551470055705302,0.10331217168051678,0.8935326813139127
6464.0,0.5349801751199257,0.46371982577051585,0.0012999991095583505
5710.0,0.00742232845841224,0.25623123821626814,0.7363464333253195
5981.0,0.017380905518185986,0.6175751714210398,0.3650439230607741
6227.0,0.10390332159552865,0.8196644219676875,0.07643225643678384
5641.0,0.0019005705583637373,0.9614975195803441,0.03660190986129203
6407.0,1.2275687203194374E-4,0.029136181339691314,0.9707410617882768
6164.0,0.8020975610474169,0.19765090577509406,2.5153317748896517E-4
5914.0,0.46339771545122516,0.5339084821382958,0.002693802410478969
6706.0,0.443039760010459,0.5550312413827737,0.001928998606767151
5436.0,0.016070331431360513,0.916294479274634,0.06763518929400535
5032.0,0.014682382194152105,0.7142179928491893,0.2710996249566585
5167.0,0.003796095424501158,0.8142919684814132,0.18191193609408568
6649.0,0.5674906172686355,0.42957778076771824,0.0029316019636462963
5879.0,0.6584115016445067,0.34082510585623543,7.633924992578309E-4
6116.0,5.105476478860934E-5,0.013021061089038265,0.9869278841461732
6378.0,0.2941425086379317,0.6830686661959579,0.022788825166110475
5329.0,0.09230885169188109,0.8957589476588015,0.011932200649317555
4950.0,0.8706238487815273,0.12905121072980927,3.24940488663393E-4
5862.0,0.3255999890362185,0.5169022950588722,0.15749771590490927
6632.0,0.06567244417133916,0.8949538144519779,0.039373741376683036
6395.0,0.5560835844823768,0.4376345350524513,0.006281880465171919
6133.0,0.01959572835912872,0.4169149323557806,0.5634893392850908
5587.0,6.119503969451359E-4,0.43707086385648314,0.5623171857465716
4935.0,0.8187645322680903,0.17729036332754716,0.0039451044043624425
5312.0,0.7197401308227839,0.2773042815243518,0.0029555876528644266
6422.0,0.06689505707102192,0.9120353196913302,0.021069623237647734
5656.0,0.003461858460350687,0.9248995509186564,0.07163859062099288
5899.0,0.03906529808251899,0.8081944795673602,0.15274022235012083
6149.0,0.013331930156022232,0.7122247141598284,0.2744433556841495
5421.0,0.8202933736024934,0.17928387753769115,4.227488598154791E-4
5182.0,0.10090600936288484,0.8707762996541241,0.02831769098299116
5049.0,0.0027617007575623277,0.7038278668423242,0.2934104324001135
6103.0,0.12817245912582398,0.8544939668086027,0.017333574065573423
6361.0,0.009824393384966896,0.6065467230137149,0.3836288836013182
6602.0,0.97565567613061,0.024315541102451026,2.8782766939007578E-5
5828.0,0.9400070612047406,0.05994293812562629,5.000066963286187E-5
4965.0,0.15794841254135528,0.8248212745804568,0.01723031287818801
5346.0,0.0769758755034833,0.8677294277868931,0.05529469670962362
5617.0,0.8238088945551632,0.17388442569474433,0.0023066797500927295
6183.0,0.18568403029418784,0.805495670880594,0.008820298825218167
5929.0,0.27081581433132734,0.7086791450271073,0.020505040641565414
5690.0,0.0031299772075933487,0.9168878607116401,0.07998216208076664
6452.0,0.18344798086159209,0.7521172197025874,0.06443479943582055
5148.0,0.012991260975605344,0.6003780608699082,0.3866306781544865
5019.0,0.3883362873003007,0.601975856198411,0.009687856501288273
6657.0,5.78707256952461E-4,0.128977972992919,0.8704433197501286
5391.0,0.006080817931660007,0.4985704913477497,0.4953486907205903
5944.0,0.017051019804661408,0.835816273233223,0.14713270696211547
6198.0,0.5035929897166909,0.48477219908827907,0.011634811195030122
6437.0,0.9278396262066523,0.07209309613787178,6.727765547591886E-5
5675.0,0.08595875036284815,0.8851762022047809,0.028865047432370852
5002.0,0.009945610431103723,0.8249395583100707,0.16511483125882556
5133.0,8.009811496846937E-6,0.002051237356876532,0.9979407528316265
5406.0,0.017047919092197196,0.9449959042585078,0.0379561766492951
6672.0,0.013204208209592215,0.9312742925177045,0.05552149927270318
6344.0,0.7765320560492482,0.21792965770716555,0.005538286243586055
6086.0,0.0033052576785363827,0.06898275092143237,0.9277119914000311
5845.0,0.004975499389903502,0.3783874837351255,0.616637016874971
6619.0,9.92930492653588E-5,0.03310279368851201,0.9667979132622226
5363.0,0.0390114442660044,0.653761292472715,0.30722726326128064
4980.0,0.13336165741411685,0.8409328854153615,0.02570545717052166
5600.0,0.31368796984099445,0.6838744655715576,0.0024375645874480096
5557.0,0.3887588347728079,0.5753291815437213,0.03591198368347089
5286.0,0.0979486455347555,0.4618648181039318,0.44018653636131255
6542.0,0.9357533340682668,0.06423009022273032,1.6575709002783177E-5
5760.0,0.013827134883633104,0.8125588073287515,0.17361405778761535
6035.0,0.8329730578350156,0.16535841439175583,0.0016685277732286557
6301.0,0.047157729773267765,0.60921942063727,0.34362284958946226
6725.0,0.016804464804801304,0.8566872206426663,0.12650831455253228
5451.0,0.001513704437964606,0.513820048134854,0.4846662474271813
5208.0,0.0562919063402031,0.8290187042523373,0.1146893894074596
5087.0,0.010085279755153677,0.5131948095170049,0.4767199107278415
5758.0,0.09321603357896883,0.889301087987815,0.017482878433216074
6512.0,0.09044847768966723,0.8506834441237665,0.058868078186566294
6243.0,0.26506287728036565,0.7298288034368318,0.005108319282802547
5997.0,7.293080414636615E-4,0.09475608955360242,0.9045146024049339
5466.0,0.023293858511452385,0.9551323700124895,0.02157377147605817
6740.0,0.1800165925556152,0.7153460032363081,0.10463740420807663
5070.0,0.3875716698942481,0.6034937317284836,0.00893459837726819
5193.0,0.1356375319605046,0.8608098067610599,0.003552661278435544
6497.0,0.7467774300712744,0.25288172018317884,3.40849745546618E-4
5743.0,0.6555647556808984,0.3436238257773529,8.114185417487337E-4
6012.0,0.5010221445598869,0.4780831030177143,0.02089475242239889
6258.0,0.004290796148911146,0.5128225535259912,0.4828866503250976
5540.0,0.001388297020337278,0.3954194508543872,0.6031922521252756
5303.0,0.35745386268428375,0.6329338814911738,0.009612255824542344
5777.0,0.9257156310493385,0.07416614193683667,1.1822701382479864E-4
6559.0,9.288383831327796E-4,0.2897779746400217,0.7092931869768455
6284.0,0.0597580520713173,0.9237440468900212,0.01649790103866149
6018.0,0.3463519372920473,0.6525195142987746,0.0011285484091780233
5100.0,0.8531418273007043,0.14649337956149402,3.647931378015778E-4
5227.0,0.06939084876855059,0.90780244999591,0.022806701235539555
6774.0,0.010554235525109593,0.5198839384255628,0.4695618260493276
5496.0,0.09101678135300256,0.8963035257065799,0.012679692940417488
6224.0,0.01226683205966627,0.1251943196280281,0.8625388483123055
5982.0,0.7966520416210681,0.20297773509934322,3.702232795888098E-4
5709.0,0.25077311163420796,0.7174581661719838,0.0317687221938084
6467.0,0.014269559431053491,0.5209670176165603,0.4647634229523863
5269.0,0.02880137162727025,0.8877033231918986,0.08349530518083126
6792.0,0.01030827971339818,0.9362792906601224,0.053412429626479324
6048.0,0.8973869658429785,0.10204839558576545,5.646385712560216E-4
6318.0,0.0027068345887190457,0.8783092871329901,0.11898387827829096
6589.0,0.007110706115081975,0.7229414981685652,0.26994779571635286
5811.0,0.4094839655640008,0.571450145991254,0.019065888444745095
5252.0,0.050555302685750876,0.5519356229300838,0.39750907438416533
5527.0,0.9889542314214381,0.011036996021899337,8.772556662552386E-6
6335.0,0.14742310796861752,0.8176735645989751,0.03490332743240728
6065.0,0.010699299559987307,0.8605732831512791,0.12872741728873346
5794.0,0.08057540770432076,0.8701696097744759,0.04925498252120334
6572.0,0.7075411357868545,0.2910579596568662,0.0014009045562792684
5242.0,2.4204150985371418E-4,0.07617282840429114,0.9235851300858551
5117.0,5.154611076644367E-4,0.16089710096122106,0.8385874379311145
5481.0,9.77282598081596E-4,0.13264419325405735,0.8663785241478612
5967.0,0.8914983859692287,0.10836847974869698,1.3313428207424455E-4
6209.0,0.05474673274712286,0.9226025908368426,0.022650676416034625
6482.0,9.740218637325022E-4,0.904146723370498,0.09487925476576961
5724.0,0.3929644574164757,0.4516800529700213,0.15535548961350293
6648.0,0.010872336923084912,0.6558144944620045,0.3333131686149106
6379.0,0.006276258438230794,0.9004507264437149,0.09327301511805439
6117.0,0.015436269212333313,0.7642634933525964,0.22030023743507027
5571.0,0.2247041058436717,0.7646525553534623,0.010643338802865951
5328.0,0.006357553300012821,0.2215923047224582,0.7720501419775291
4951.0,0.15071456364201632,0.8215957364855389,0.02768969987244494
6406.0,0.0014079047812262026,0.06260059975093173,0.9359914954678421
5640.0,0.006131665792180621,0.9182258415872828,0.0756424926205366
5915.0,0.18946552639488903,0.6630042452944477,0.14753022831066318
6165.0,0.8915858183864639,0.10836491189442654,4.926971910936741E-5
5437.0,0.12150486705778336,0.8695668601234785,0.008928272818738245
6707.0,0.009863842387143338,0.8782133709069573,0.11192278670589943
5033.0,0.4698266375331313,0.5132881674449583,0.016885195021910243
5166.0,0.23458384206867294,0.7319514051353146,0.03346475279601233
5657.0,0.9707456142084828,0.02923723668097258,1.7149110544635093E-5
6148.0,0.00442653386938767,0.3000459368083756,0.6955275293222368
5898.0,1.7934249846975864E-4,0.044663129118801,0.9551575283827293
6690.0,0.04976278337553258,0.927463533188567,0.0227736834359003
5420.0,0.7417115228003589,0.2564100134480605,0.0018784637515804386
5183.0,0.8724476770118841,0.12746224003034823,9.008295776765743E-5
5048.0,0.005768049338056637,0.8455651439291758,0.14866680673276772
6633.0,0.04888727475510685,0.8464572178217259,0.10465550742316737
5863.0,0.08759191913181169,0.8970231417659426,0.015384939102245728
6132.0,0.00787573419761955,0.584449600048976,0.40767466575340455
6394.0,0.006040063279913604,0.813283419741174,0.18067651697891246
5586.0,0.10701641021851474,0.8829126488287112,0.010070940952774178
4934.0,0.15629953811090017,0.7929979062402355,0.05070255564886431
5313.0,0.006767132199875638,0.8674960215010739,0.1257368462990506
5928.0,0.8625621723825259,0.13679367933364137,6.441482838328127E-4
6182.0,0.0665230488796343,0.8461221227256985,0.08735482839466718
6453.0,0.9771394744531483,0.022809557662987173,5.096788386470946E-5
5691.0,0.0013398683333387927,0.055399454760606065,0.9432606769060551
5149.0,0.3931855884081651,0.5979703125191083,0.00884409907272658
5018.0,0.7682059930087938,0.23038427977805725,0.0014097272131489685
5390.0,0.06306092130787123,0.8960348268242097,0.04090425186791906
6656.0,0.8996113656058452,0.09968043697161348,7.0819742254123E-4
6360.0,0.006197085875375874,0.8637897657933769,0.1300131483312472
6102.0,0.3122504674419944,0.632941395683059,0.05480813687494662
5829.0,0.0012741496985274846,0.1883206028788877,0.8104052474225848
6603.0,0.17598662446243166,0.7981300473693254,0.025883328168243017
4964.0,0.03071360300491223,0.12118201191779006,0.8481043850772978
5347.0,0.003592292436824411,0.7597528605127845,0.2366548470503912
5616.0,0.021325224929854378,0.7271192188257878,0.25155555624435777
6087.0,0.006501996323878504,0.5102666765060663,0.4832313271700551
6345.0,0.35397467604578164,0.5914716123254128,0.05455371162880557
5844.0,0.012608212358699793,0.45469132243045224,0.5327004652108479
5362.0,0.9411288239418016,0.058578810422880545,2.92365635317834E-4
4981.0,0.027094767921093256,0.650212850812355,0.3226923812665517
5601.0,0.012644920547414867,0.597483495155297,0.38987158429728813
5945.0,0.021096195617997183,0.8328603213602469,0.14604348302175585
5674.0,0.01119112928403938,0.337527593453848,0.6512812772621126
6436.0,0.15362609115354262,0.837737297999037,0.008636610847420317
5003.0,0.40821943328478244,0.5705761003463753,0.021204466368842285
5132.0,0.1023832029760826,0.8355589097314472,0.0620578872924702
6673.0,0.015571565477109429,0.8858207869261041,0.09860764759678645
5407.0,0.2410225981767184,0.7526320435442059,0.006345358279075814
5450.0,4.734271942438024E-4,0.19252648418816093,0.8070000886175952
6724.0,0.2294781865682206,0.7654048430848842,0.005116970346895093
5209.0,0.10578591398654769,0.7650596615826323,0.12915442443081998
5086.0,0.023715542629603743,0.5468197119601225,0.4294647454102738
6513.0,0.964643969442479,0.03531751094421646,3.851961330444137E-5
5759.0,0.10039681083364752,0.8735888823785433,0.026014306787809277
5996.0,0.20311420292906798,0.7784423673733217,0.018443429697610363
6242.0,0.005347151399078075,0.599302277009063,0.3953505715918589
5556.0,0.7086988994536081,0.29041281933607516,8.882812103167517E-4
5287.0,0.7075962987555173,0.29158025077562777,8.234504688547688E-4
5761.0,0.40699977066156406,0.5892512960753986,0.00374893326303727
6543.0,0.017115624640791728,0.701189915067872,0.2816944602913362
6300.0,0.33434594820296065,0.661208124255968,0.004445927541071502
6034.0,0.8997978235786754,0.10016155246576551,4.062395555896048E-5
5541.0,0.06300135323704179,0.800247199035165,0.13675144772779338
5302.0,0.032988446146909566,0.6952955450103597,0.27171600884273067
6558.0,0.042689995191227084,0.8656273074402085,0.0916826973685645
5776.0,0.45058041449255076,0.5195650339102597,0.02985455159718952
6019.0,0.8921775100931335,0.10755204376540017,2.704461414664409E-4
6285.0,0.20524731572324442,0.7741485046982076,0.020604179578548005
5467.0,0.21265044285925516,0.7782687607846456,0.009080796356099154
5071.0,0.3840145095707458,0.6048264482149532,0.01115904221430093
5192.0,0.19453064252178887,0.8010801090873524,0.004389248390858732
5742.0,0.019833393752324707,0.8796199831406503,0.10054662310702499
6259.0,0.007031331001614548,0.4785641166120144,0.5144045523863712
6013.0,0.005535977331719035,0.9017669349995884,0.09269708766869264
5268.0,0.3661261100102549,0.6290057966828799,0.00486809330686514
6793.0,0.28917223653299545,0.4761435963212642,0.2346841671457404
5511.0,0.31516315170121695,0.6804767333886783,0.004360114910104747
6319.0,0.9599814024344433,0.03993680851777316,8.178904778339042E-5
5810.0,0.13788372531825235,0.8438767656475404,0.018239509034207183
5101.0,0.26019814520117657,0.5948365337291733,0.14496532106965007
5226.0,0.1712021889556219,0.8250471608616696,0.0037506501827086047
5497.0,0.08388460891182467,0.45222479726059645,0.4638905938275789
6775.0,0.00851800439112402,0.42436524955454485,0.567116746054331
5983.0,0.14435388025631543,0.8523226266474697,0.0033234930962149126
6225.0,0.0017752389820750527,0.13842929468276646,0.8597954663351585
6466.0,0.2061225308028142,0.788657970717789,0.005219498479396764
5708.0,0.010395725639130072,0.7224057540954096,0.26719852026546026
5116.0,0.37089181468533566,0.6267647839006107,0.0023434014140536223
6758.0,0.8051946186739022,0.19129725630879665,0.0035081250173012645
5480.0,0.008878736642373054,0.52167569489784,0.4694455684597869
6208.0,0.8688509461521228,0.13092450013221824,2.2455371565903632E-4
5966.0,8.097307090361408E-4,0.9278573798891868,0.07133288940177702
5725.0,2.1651747777573702E-4,0.04539353800697838,0.9543899445152458
6483.0,0.6896733855481191,0.30959684863358533,7.297658182956969E-4
5253.0,0.10283237014645193,0.8027498855220555,0.09441774433149248
5526.0,0.010194618162515226,0.6128293621083991,0.37697601972908557
6808.0,0.012330313704765518,0.9516254708047843,0.03604421549044999
6064.0,0.0053734120566236825,0.9479582152189964,0.046668372724379924
6334.0,0.6513078160148031,0.34844876825297627,2.4341573222060202E-4
6573.0,0.21642391170952657,0.7816724879741748,0.0019036003162987488
5795.0,0.3731820446753507,0.6033846812715168,0.023433274053132405
5400.0,0.07505218869441695,0.8915117659369284,0.03343604536865459
6678.0,0.7974198046541944,0.2016868357408762,8.933596049294389E-4
5004.0,0.02961830937533509,0.9369207779458594,0.03346091267880567
5131.0,8.678797566994072E-4,0.11039359919881173,0.8887385210444889
6435.0,0.034511503518083235,0.8993732620353129,0.06611523444660403
5677.0,0.03689580715717653,0.9438030322552726,0.01930116058755084
5950.0,0.054407211833016215,0.295749933880907,0.6498428542860767
6192.0,0.9513900349167593,0.048440567572175915,1.6939751106458044E-4
5606.0,0.018992447516678394,0.23975281329875997,0.7412547391845615
5365.0,0.3526976152712119,0.6161370156037541,0.031165369125034054
4978.0,0.5296730216624215,0.44871210763435776,0.02161487070322086
5843.0,0.003159871458350923,0.7984934567688506,0.1983466717727984
6621.0,0.9896549320478796,0.010340846377573733,4.221574546610651E-6
6350.0,0.053703729853120906,0.9291812889852298,0.017114981161649275
6080.0,0.005605510258378142,0.9625252268154214,0.031869262926200466
5623.0,0.0039122194031397635,0.3902826500886101,0.6058051305082502
4963.0,0.9841752401254634,0.015820497538805777,4.2623357308635065E-6
5348.0,0.04903670178348823,0.9288135139171044,0.022149784299407276
6604.0,0.2596422104317281,0.7306542998708602,0.009703489697411704
5826.0,0.056210688135403614,0.48051856133426124,0.4632707505303353
6097.0,0.4878146649584165,0.5014488401883042,0.010736494853279275
6367.0,0.846579199244248,0.15264574214130125,7.750586144508909E-4
5385.0,0.0012142563191514775,0.3662714490752426,0.6325142946056059
5146.0,0.007148116185106244,0.5387995900925144,0.4540522937223793
5021.0,0.05314474169884534,0.9290421637515411,0.017813094549613415
5692.0,0.19359591898445713,0.5514062371308213,0.25499784388472163
6450.0,0.4364163158638357,0.5616411255104692,0.0019425586256949618
6177.0,0.033611597257487,0.6843377499201492,0.28205065282236386
5935.0,4.7384246994038504E-4,0.06328731237959105,0.9362388451504686
4929.0,0.023953987502978173,0.9426062782667198,0.03343973423030196
5318.0,0.005461356957936443,0.6066950467193929,0.38784359632267074
5589.0,0.7844689568499974,0.2147652228186395,7.658203313631218E-4
6131.0,0.0052899173677208354,0.43821856179373336,0.5564915208385457
5856.0,0.3627022124112801,0.6330457050262929,0.0042520825624270085
6638.0,0.8986800852309016,0.10095806176969623,3.618529994022798E-4
5176.0,0.4784133001413663,0.45686676059018066,0.06471993926845306
5055.0,0.03686076935267328,0.6398944856139848,0.32324474503334205
5419.0,5.12259306235171E-4,0.031047759921503514,0.9684399807722615
6693.0,0.15836570413906717,0.7669622643101905,0.07467203155074234
5901.0,0.46034494562065986,0.5382466213539173,0.0014084330254226995
6147.0,0.00320963597908456,0.7741674504234424,0.2226229135974731
6416.0,0.00331958940711402,0.1714091370794729,0.825271273513413
5662.0,0.7114292742524684,0.285835010328111,0.0027357154194206476
5038.0,0.961453390777077,0.03837844783523562,1.6816138768726126E-4
5161.0,0.010524004632439674,0.6745911013046765,0.3148848940628838
6708.0,0.8707026022738239,0.12909082678170383,2.065709444722934E-4
5434.0,0.030835304597784746,0.5421607831356526,0.4270039122665627
6162.0,0.002803932972241227,0.42315397213058975,0.574042094897169
5916.0,0.15113477233755224,0.7930352945574417,0.055829933105005954
5647.0,0.6321058919816775,0.36619365974641443,0.0017004482719081397
6401.0,0.9398511345414506,0.06011124661156637,3.7618846983012126E-5
5335.0,0.0018483098154528537,0.22446409927895392,0.7736875909055932
4944.0,0.007499620983255601,0.9139626188548007,0.07853776016194378
5572.0,0.005640658346043487,0.14334098086516767,0.8510183607887889
6114.0,7.826483050031201E-4,0.5320238732933954,0.46719347840160136
6380.0,0.04083095633252824,0.6638920201405553,0.2952770235269165
6655.0,0.5757038945443351,0.4232357918293573,0.0010603136263076564
5873.0,0.0018909381988199382,0.32700191648730254,0.6711071453138775
5796.0,0.9809218545843938,0.01903586159451284,4.228382109345759E-5
6570.0,0.029076914511839407,0.9210311764172435,0.049891909070917145
6329.0,0.5709735311919628,0.4236464652278001,0.005380003580237043
6071.0,0.951567492164626,0.048236031002190996,1.9647683318310186E-4
5521.0,0.9378372641606995,0.062083407056680244,7.93287826201464E-5
5250.0,0.12270382112251864,0.8531032909394778,0.02419288793800347
6484.0,0.12181979784360492,0.8653715227473813,0.012808679409013967
5722.0,0.1853014398628541,0.7745054814862432,0.04019307865090265
5961.0,3.2187020465581604E-4,0.07179834635848037,0.927879783436864
6215.0,0.07491113959849159,0.9016609588819458,0.02342790151956252
5487.0,0.0048681513899962925,0.8683963610570415,0.1267354875529621
6753.0,0.008556516228287776,0.6461797566641443,0.34526372710756786
5244.0,0.013155285899490488,0.9447775733108715,0.04206714078963789
5115.0,7.039335282273095E-4,0.12032497636059196,0.8789710901111808
5707.0,0.023478354911205694,0.7164497089642237,0.26007193612457064
6469.0,0.07940258894645728,0.9079550954563472,0.012642315597195516
6230.0,0.0047493656385728,0.11387492113717876,0.8813757132242483
5976.0,0.004029056306370684,0.5396559914011746,0.4563149522924547
6768.0,0.016423642268955454,0.46494640760911243,0.5186299501219321
5502.0,0.17283221715920347,0.8139585004180652,0.013209282422731273
5098.0,0.1841912969626512,0.8121307103096264,0.0036779927277224385
5229.0,0.014978072601718217,0.8196067551841572,0.16541517221412458
6587.0,0.0025841205044677775,0.9548014444722992,0.04261443502323286
5813.0,0.9027586303933964,0.09709125930341089,1.5011030319252522E-4
6054.0,0.5611702222181801,0.43415977193885025,0.004670005842969603
6312.0,0.004787363957114192,0.35765478540764883,0.637557850635237
5504.0,0.01298313385791535,0.934890439133746,0.05212642700833867
6798.0,0.1932085860576357,0.785422889744018,0.021368524198346454
5267.0,0.4147565615324726,0.5217692441715578,0.06347419429596957
6010.0,0.14051363209346826,0.843676222192918,0.01581014571361375
6260.0,0.6353175884731955,0.36387670545804723,8.057060687571065E-4
6503.0,0.004492679167050406,0.9226064675887292,0.0729008532442203
5737.0,0.8682267053751814,0.13140681959727252,3.664750275459712E-4
5064.0,1.0555542488855503E-4,0.08185685477308233,0.9180375898020291
5199.0,0.00148021471556285,0.11874018851420873,0.8797795967702283
5468.0,0.7665147164103109,0.2285505127652905,0.004934770824398554
6738.0,0.030630531709119842,0.8277338892664704,0.14163557902440965
6282.0,0.5967726739156753,0.3996888311533842,0.0035384949309404086
6020.0,0.008862897514063875,0.906465716596795,0.0846713858891411
6553.0,0.023211755191733473,0.6730933375161433,0.3036949072921233
5297.0,0.16992337149393877,0.8287907080301229,0.0012859204759382802
4918.0,0.28459574312797226,0.7116902906251521,0.00371396624687577
5538.0,0.9180473826684975,0.08176006053249471,1.925567990078922E-4
6037.0,0.053156202917431866,0.7626341375036483,0.18420965957892
6299.0,0.004537230932979227,0.7833241937077909,0.21213857535922992
6536.0,0.017147471125556202,0.7250700167614322,0.25778251211301145
5766.0,0.9793416537876254,0.020555000517213484,1.0334569516123476E-4
5280.0,0.059905745819831366,0.9208017346077307,0.019292519572437918
5555.0,0.0020182261595725177,0.5422692007009935,0.4557125731394339
6245.0,0.044644352692410134,0.9241603307474212,0.03119531656016873
5995.0,0.9211716821392851,0.07855939904906668,2.689188116481799E-4
5752.0,0.11962975713797597,0.8698386573763273,0.01053158548569668
6518.0,0.0034491164520924532,0.5718773907091346,0.424673492838773
5214.0,0.005191073327512931,0.587424866232,0.40738406044048714
5081.0,0.0023264055623072382,0.811510414491132,0.1861631799465608
6723.0,0.9381493835961612,0.06175404284553657,9.657355830218035E-5
5453.0,0.016156086319870595,0.8255445858731166,0.15829932780701278
5607.0,0.04568413064284415,0.9166273825625746,0.03768848679458129
5364.0,0.21031054755288225,0.7736566530691065,0.016032799378011282
4979.0,0.0024208914307396723,0.8416911129676653,0.155887995601595
6620.0,0.007388760651711094,0.34080674455790705,0.6518044947903819
5842.0,0.0025547495748465586,0.17801334666122792,0.8194319037639255
6081.0,0.03319264457896921,0.9374077059590956,0.029399649461935004
6351.0,0.0254036317371189,0.8925961756820375,0.08200019258084351
6679.0,0.9707456142084828,0.02923723668097258,1.7149110544635093E-5
5401.0,0.0033248955476370724,0.8883242131980773,0.10835089125428561
5005.0,0.024262917212331047,0.8646316837057949,0.11110539908187414
5130.0,0.0018233638521083597,0.20024247593931613,0.7979341602085754
5676.0,0.036013012595213084,0.9194891625544178,0.044497824850369044
6434.0,0.0011044966437467952,0.90391608064165,0.09497942271460319
6193.0,0.8396038304767479,0.16002802549159797,3.6814403165405133E-4
5951.0,0.9714159933031743,0.028563013660690018,2.0993036135695433E-5
5384.0,0.03644190743019458,0.8027213846351597,0.16083670793464566
6662.0,0.18333698512091004,0.8121605144476198,0.0045025004314701595
5147.0,0.06495079036338572,0.9242816086631168,0.01076760097349751
5020.0,0.13448344503722978,0.8046550554660024,0.06086149949676789
6451.0,0.16143406953982797,0.7718444701532063,0.06672146030696585
5693.0,0.4863884833404224,0.4871193909109367,0.026492125748640814
5934.0,0.31480232308673317,0.6816123361500162,0.0035853407632506933
6176.0,0.033828495993193125,0.7078019312042755,0.25836957280253126
5622.0,0.028763023607645263,0.9313694030344677,0.039867573357887036
4962.0,0.012141033281435405,0.9458631214939892,0.04199584522457538
5349.0,0.061001881537685224,0.8818880726507196,0.05711004581159514
6605.0,0.01923975414801163,0.8060327924358246,0.17472745341616372
6366.0,0.027676807461157124,0.6202960591643342,0.3520271333745087
6096.0,0.001359632095530348,0.20912500811727033,0.7895153597871994
5177.0,0.9278396262066523,0.07209309613787178,6.727765547591886E-5
5054.0,0.020739125157434184,0.7138634163907581,0.2653974584518077
6692.0,0.3653891022739169,0.6316315534627409,0.002979344263342222
5418.0,0.040586579017429444,0.8664189745838163,0.09299444639875408
6146.0,0.009951584437791202,0.7098442805812377,0.28020413498097096
5900.0,0.9021520951994492,0.09753302641681832,3.1487838373247314E-4
5663.0,0.04895529853500348,0.9375344129020569,0.013510288562939728
