6393.0,0.1066666666666668,0.6199999999999999,0.2733333333333334
6135.0,0.030000000000000034,0.6633333333333333,0.3066666666666666
5860.0,0.0,0.3366666666666667,0.6633333333333333
6634.0,0.6666666666666666,0.3333333333333333,0.0
4933.0,0.0033333333333333375,0.6666666666666667,0.33
5585.0,0.20333333333333345,0.6666666666666664,0.13000000000000017
5897.0,0.033333333333333375,0.6666666666666667,0.3
6151.0,0.0,0.5366666666666663,0.4633333333333337
6420.0,0.6566666666666666,0.3433333333333335,0.0
5658.0,0.6666666666666666,0.3333333333333333,0.0
5180.0,0.6599999999999999,0.34,0.0
5051.0,0.0,0.3433333333333334,0.6566666666666666
5423.0,0.013333333333333332,0.4733333333333334,0.5133333333333333
6689.0,0.6266666666666665,0.3733333333333335,0.0
6166.0,0.0,0.3533333333333334,0.6466666666666666
5912.0,0.29666666666666663,0.6666666666666666,0.03666666666666671
5643.0,0.0,0.5833333333333331,0.41666666666666685
6405.0,0.0,0.45666666666666683,0.5433333333333331
5034.0,0.1000000000000001,0.6666666666666665,0.23333333333333342
5165.0,0.34,0.6599999999999999,0.0
6704.0,0.010000000000000012,0.6666666666666667,0.32333333333333325
5438.0,0.5833333333333331,0.4166666666666669,0.0
6118.0,0.0,0.3333333333333333,0.6666666666666666
6376.0,0.02333333333333336,0.6633333333333334,0.3133333333333333
6651.0,0.32333333333333325,0.6666666666666667,0.010000000000000012
5877.0,0.07666666666666672,0.6566666666666666,0.2666666666666667
5331.0,0.12666666666666682,0.6666666666666664,0.20666666666666678
4948.0,0.0,0.6666666666666666,0.3333333333333333
5568.0,0.0,0.5000000000000003,0.49999999999999956
5673.0,0.0,0.5333333333333331,0.466666666666667
5946.0,0.6666666666666666,0.3333333333333333,0.0
6196.0,0.24666666666666676,0.6666666666666666,0.08666666666666674
5404.0,0.0,0.6633333333333333,0.33666666666666667
5000.0,0.3133333333333333,0.6633333333333334,0.02333333333333336
5135.0,0.006666666666666674,0.6666666666666666,0.3266666666666666
5847.0,0.07666666666666672,0.6666666666666666,0.2566666666666667
6617.0,0.32333333333333325,0.6666666666666667,0.010000000000000012
6346.0,0.3333333333333333,0.6666666666666666,0.0
6084.0,0.6599999999999999,0.34,0.0
5602.0,0.6666666666666666,0.3333333333333333,0.0
5361.0,0.6099999999999998,0.39000000000000024,0.0
4982.0,0.33,0.6666666666666667,0.0033333333333333375
6600.0,0.32666666666666666,0.6666666666666667,0.006666666666666675
5830.0,0.0,0.6266666666666666,0.37333333333333346
6101.0,0.46333333333333343,0.5366666666666666,0.0
6363.0,0.0033333333333333375,0.6666666666666667,0.33
5619.0,0.26000000000000006,0.6666666666666666,0.07333333333333339
4967.0,0.5366666666666665,0.46333333333333354,0.0
5344.0,0.003333333333333336,0.6399999999999998,0.35666666666666696
5688.0,0.0,0.34,0.6599999999999999
6454.0,0.6666666666666666,0.3333333333333333,0.0
6181.0,0.5699999999999998,0.4233333333333334,0.006666666666666668
5931.0,0.13333333333333344,0.5633333333333332,0.3033333333333333
6659.0,0.0,0.3333333333333333,0.6666666666666666
5389.0,0.0,0.6666666666666666,0.3333333333333333
5150.0,0.4000000000000001,0.5999999999999999,0.0
5017.0,0.6666666666666666,0.3333333333333333,0.0
5068.0,0.1833333333333335,0.6666666666666663,0.1500000000000002
5195.0,0.0,0.3333333333333333,0.6666666666666666
5464.0,0.3766666666666668,0.6133333333333331,0.010000000000000009
6742.0,0.0,0.3333333333333333,0.6666666666666666
6014.0,0.0,0.5799999999999996,0.4200000000000005
6256.0,0.6599999999999999,0.3400000000000001,0.0
6499.0,0.013333333333333345,0.6299999999999998,0.3566666666666668
5741.0,0.12666666666666676,0.5766666666666665,0.2966666666666666
5301.0,0.3400000000000001,0.6466666666666666,0.013333333333333352
5542.0,0.5866666666666664,0.4133333333333336,0.0
6286.0,0.583333333333333,0.41666666666666696,0.0
6016.0,0.3566666666666669,0.6433333333333332,0.0
5779.0,0.24000000000000007,0.6666666666666665,0.09333333333333342
6557.0,0.0,0.3333333333333333,0.6666666666666666
5284.0,0.6666666666666666,0.3333333333333333,0.0
5559.0,0.16666666666666677,0.3399999999999997,0.4933333333333335
6033.0,0.17000000000000018,0.6666666666666662,0.16333333333333352
6303.0,0.6666666666666666,0.3333333333333333,0.0
6540.0,0.5033333333333333,0.4966666666666667,0.0
5762.0,0.0,0.3500000000000001,0.6499999999999998
5210.0,0.3333333333333333,0.6666666666666666,0.0
5085.0,0.3566666666666668,0.6433333333333331,0.0
6727.0,0.47333333333333355,0.5266666666666664,0.0
5449.0,0.2733333333333334,0.6666666666666666,0.06000000000000005
6241.0,0.6666666666666666,0.3333333333333333,0.0
5999.0,0.0033333333333333335,0.573333333333333,0.42333333333333356
5756.0,0.08666666666666661,0.4633333333333335,0.4499999999999998
6514.0,0.26000000000000006,0.6666666666666666,0.07333333333333339
5254.0,0.6666666666666666,0.3333333333333333,0.0
5792.0,0.0,0.3333333333333333,0.6666666666666666
6574.0,0.3333333333333333,0.6666666666666666,0.0
6333.0,0.0,0.3333333333333333,0.6666666666666666
6067.0,0.3333333333333333,0.6666666666666666,0.0
5483.0,0.3166666666666666,0.6666666666666667,0.016666666666666687
6757.0,0.33,0.6666666666666667,0.0033333333333333375
5240.0,0.6666666666666666,0.3333333333333333,0.0
5119.0,0.0,0.6666666666666666,0.3333333333333333
6480.0,0.34,0.6499999999999999,0.01000000000000001
5726.0,0.08666666666666674,0.6333333333333332,0.28
5965.0,0.3400000000000001,0.6566666666666667,0.0033333333333333375
6772.0,0.6399999999999999,0.3500000000000001,0.01000000000000001
5498.0,0.2000000000000001,0.6666666666666663,0.1333333333333335
5102.0,0.0,0.5633333333333332,0.43666666666666676
5225.0,0.32666666666666666,0.6666666666666667,0.006666666666666675
5711.0,0.4366666666666669,0.563333333333333,0.0
6465.0,0.6166666666666664,0.3833333333333336,0.0
6226.0,0.27999999999999997,0.6666666666666666,0.053333333333333385
5980.0,0.32333333333333325,0.6666666666666667,0.010000000000000012
5508.0,0.6633333333333334,0.33333333333333337,0.0033333333333333375
6794.0,0.2733333333333334,0.6666666666666666,0.06000000000000005
5271.0,0.6399999999999997,0.3600000000000002,0.0
6591.0,0.0033333333333333375,0.6666666666666667,0.33
5809.0,0.0,0.34,0.6599999999999999
6050.0,0.3333333333333333,0.6666666666666666,0.0
6316.0,0.0,0.3733333333333334,0.6266666666666666
6150.0,0.40666666666666673,0.5933333333333333,0.0
5896.0,0.0,0.5933333333333333,0.40666666666666673
5659.0,0.0,0.36000000000000015,0.6399999999999998
6421.0,0.05666666666666672,0.6666666666666666,0.27666666666666667
5181.0,0.5366666666666664,0.46333333333333365,0.0
5050.0,0.0,0.3600000000000002,0.6399999999999997
6688.0,0.3333333333333333,0.6666666666666666,0.0
5422.0,0.42666666666666686,0.5733333333333331,0.0
6134.0,0.0,0.3333333333333333,0.6666666666666666
6392.0,0.00666666666666667,0.39333333333333353,0.5999999999999999
6635.0,0.34,0.6599999999999999,0.0
5861.0,0.04000000000000004,0.6666666666666666,0.2933333333333333
4932.0,0.12666666666666676,0.5200000000000001,0.35333333333333317
5315.0,0.2000000000000001,0.6666666666666663,0.1333333333333335
6377.0,0.02333333333333336,0.6666666666666667,0.31
6119.0,0.3333333333333333,0.6666666666666666,0.0
5876.0,0.0,0.44000000000000034,0.5599999999999997
6650.0,0.0,0.6033333333333332,0.3966666666666669
5330.0,0.0,0.3900000000000003,0.6099999999999997
4949.0,0.3900000000000001,0.6099999999999998,0.0
5569.0,0.09000000000000007,0.6666666666666665,0.24333333333333337
5913.0,0.26333333333333336,0.6566666666666666,0.08000000000000007
6167.0,0.0,0.3433333333333334,0.6566666666666666
6404.0,0.0033333333333333375,0.6666666666666667,0.33
5642.0,0.6333333333333333,0.3533333333333335,0.013333333333333346
5035.0,0.0,0.3333333333333333,0.6666666666666666
5164.0,0.20333333333333345,0.6666666666666664,0.13000000000000017
5439.0,0.0,0.34666666666666685,0.6533333333333332
6616.0,0.030000000000000034,0.65,0.31999999999999995
5846.0,0.6666666666666666,0.3333333333333333,0.0
6085.0,0.0,0.6466666666666665,0.3533333333333335
6347.0,0.6666666666666666,0.3333333333333333,0.0
5603.0,0.0,0.33999999999999997,0.66
5360.0,0.0,0.6466666666666665,0.35333333333333344
4983.0,0.0033333333333333375,0.6666666666666667,0.33
5672.0,0.3466666666666668,0.6533333333333331,0.0
6438.0,0.07333333333333339,0.6666666666666666,0.26000000000000006
6197.0,0.43666666666666676,0.5633333333333332,0.0
5947.0,0.0,0.41000000000000014,0.5899999999999999
6675.0,0.0,0.3333333333333333,0.6666666666666666
5405.0,0.0,0.6666666666666666,0.3333333333333333
5001.0,0.0,0.3900000000000001,0.6099999999999998
5134.0,0.6166666666666665,0.38333333333333364,0.0
5689.0,0.0,0.3733333333333335,0.6266666666666666
5930.0,0.3333333333333333,0.6666666666666666,0.0
6180.0,0.0,0.5366666666666665,0.46333333333333354
5388.0,0.33000000000000007,0.6566666666666667,0.01333333333333335
5151.0,0.0,0.5999999999999999,0.40000000000000013
5016.0,0.0,0.6666666666666666,0.3333333333333333
5831.0,0.0,0.6566666666666666,0.34333333333333343
6601.0,0.5233333333333331,0.4766666666666668,0.0
6362.0,0.33666666666666667,0.6633333333333333,0.0
6100.0,0.6666666666666666,0.3333333333333333,0.0
5618.0,0.0,0.6666666666666666,0.3333333333333333
4966.0,0.32333333333333325,0.6666666666666667,0.010000000000000012
5345.0,0.3333333333333333,0.6666666666666666,0.0
5300.0,0.3333333333333333,0.6666666666666666,0.0
5543.0,0.66,0.33333333333333337,0.006666666666666675
6017.0,0.0,0.6666666666666666,0.3333333333333333
6287.0,0.6666666666666666,0.3333333333333333,0.0
6556.0,0.32333333333333325,0.6666666666666667,0.010000000000000012
5778.0,0.006666666666666674,0.6666666666666666,0.3266666666666666
5069.0,0.0,0.6666666666666666,0.3333333333333333
5194.0,0.043333333333333376,0.6666666666666666,0.29
6743.0,0.32666666666666666,0.6666666666666667,0.006666666666666675
5465.0,0.6666666666666666,0.3333333333333333,0.0
6257.0,0.0,0.6666666666666666,0.3333333333333333
6015.0,0.39666666666666694,0.6033333333333332,0.0
6498.0,0.24666666666666665,0.5999999999999999,0.15333333333333343
5211.0,0.0,0.6566666666666665,0.3433333333333334
5084.0,0.1566666666666669,0.653333333333333,0.1900000000000002
5448.0,0.0,0.3333333333333333,0.6666666666666666
6726.0,0.13000000000000017,0.6666666666666664,0.20333333333333345
5998.0,0.12000000000000013,0.6666666666666664,0.21333333333333343
6240.0,0.0,0.49000000000000005,0.5099999999999999
6515.0,0.49666666666666687,0.5033333333333332,0.0
5757.0,0.3333333333333333,0.6666666666666666,0.0
5285.0,0.15000000000000005,0.3799999999999999,0.47000000000000003
5558.0,0.06333333333333338,0.6666666666666666,0.27
6032.0,0.33666666666666667,0.6633333333333333,0.0
5763.0,0.006666666666666674,0.6666666666666666,0.3266666666666666
6541.0,0.0,0.6499999999999999,0.3500000000000002
5482.0,0.16333333333333352,0.6666666666666662,0.17000000000000018
5241.0,0.0,0.6666666666666666,0.3333333333333333
5118.0,0.6666666666666666,0.3333333333333333,0.0
6481.0,0.0,0.3433333333333335,0.6566666666666666
6210.0,0.030000000000000034,0.6666666666666666,0.3033333333333333
5964.0,0.6666666666666666,0.3333333333333333,0.0
5524.0,0.34000000000000014,0.6566666666666666,0.0033333333333333366
5255.0,0.6633333333333333,0.33333333333333337,0.003333333333333337
6575.0,0.43666666666666665,0.5466666666666666,0.016666666666666663
6066.0,0.016666666666666684,0.6633333333333333,0.3199999999999999
6332.0,0.3333333333333333,0.6666666666666666,0.0
6795.0,0.5866666666666663,0.41333333333333366,0.0
5509.0,0.17000000000000012,0.5733333333333331,0.2566666666666666
5270.0,0.3333333333333333,0.6666666666666666,0.0
5808.0,0.0,0.3533333333333335,0.6466666666666664
6317.0,0.12000000000000013,0.6666666666666664,0.21333333333333343
6051.0,0.16333333333333352,0.6666666666666662,0.17000000000000018
5499.0,0.03666666666666671,0.6666666666666666,0.29666666666666663
6773.0,0.003333333333333333,0.5633333333333332,0.43333333333333335
5103.0,0.07000000000000005,0.6666666666666666,0.26333333333333336
5224.0,0.0,0.3400000000000001,0.6599999999999999
6464.0,0.6566666666666665,0.34333333333333343,0.0
5710.0,0.0,0.6633333333333333,0.3366666666666667
5981.0,0.02333333333333336,0.6666666666666667,0.31
6227.0,0.3466666666666668,0.6533333333333332,0.0
5641.0,0.24666666666666676,0.6666666666666666,0.08666666666666674
6407.0,0.0,0.3333333333333333,0.6666666666666666
6164.0,0.6666666666666666,0.3333333333333333,0.0
5914.0,0.27999999999999997,0.6666666666666666,0.053333333333333385
6706.0,0.6533333333333332,0.34666666666666673,0.0
5436.0,0.1766666666666668,0.6599999999999997,0.16333333333333352
5032.0,0.0,0.35666666666666685,0.6433333333333332
5167.0,0.06666666666666672,0.6533333333333332,0.27999999999999997
6649.0,0.3433333333333335,0.6566666666666666,0.0
5879.0,0.6633333333333333,0.33666666666666667,0.0
6116.0,0.0,0.3333333333333333,0.6666666666666666
6378.0,0.3333333333333333,0.6666666666666666,0.0
5329.0,0.6366666666666664,0.3633333333333335,0.0
4950.0,0.5766666666666665,0.40666666666666684,0.016666666666666673
5862.0,0.53,0.46333333333333315,0.006666666666666665
6632.0,0.3133333333333333,0.6666666666666667,0.020000000000000025
6395.0,0.5633333333333334,0.43666666666666654,0.0
6133.0,0.0,0.6066666666666665,0.39333333333333353
5587.0,0.0,0.5699999999999998,0.4300000000000001
4935.0,0.36333333333333356,0.6366666666666664,0.0
5312.0,0.27999999999999997,0.6533333333333332,0.06666666666666672
6422.0,0.24666666666666676,0.6666666666666666,0.08666666666666674
5656.0,0.0,0.3900000000000003,0.6099999999999997
5899.0,0.003333333333333333,0.5000000000000001,0.4966666666666665
6149.0,0.026666666666666696,0.6666666666666666,0.3066666666666666
5421.0,0.6666666666666666,0.3333333333333333,0.0
5182.0,0.17666666666666683,0.6666666666666663,0.15666666666666687
5049.0,0.09666666666666676,0.6566666666666665,0.2466666666666667
6103.0,0.0,0.6199999999999996,0.38000000000000034
6361.0,0.0,0.386666666666667,0.613333333333333
6602.0,0.6666666666666666,0.3333333333333333,0.0
5828.0,0.5733333333333331,0.42666666666666686,0.0
4965.0,0.5433333333333333,0.4566666666666667,0.0
5346.0,0.5033333333333335,0.4566666666666665,0.04
5617.0,0.6566666666666665,0.3433333333333334,0.0
6183.0,0.33,0.6666666666666667,0.0033333333333333375
5929.0,0.3733333333333334,0.5999999999999999,0.026666666666666686
5690.0,0.0,0.6233333333333332,0.3766666666666668
6452.0,0.16666666666666685,0.653333333333333,0.18000000000000016
5148.0,0.0,0.6099999999999998,0.39000000000000024
5019.0,0.17666666666666683,0.6599999999999996,0.16333333333333355
6657.0,0.0,0.4033333333333336,0.5966666666666663
5391.0,0.0,0.3966666666666668,0.6033333333333332
5944.0,0.1433333333333335,0.6666666666666663,0.19000000000000014
6198.0,0.4533333333333336,0.5466666666666665,0.0
6437.0,0.6666666666666666,0.3333333333333333,0.0
5675.0,0.23666666666666675,0.6666666666666665,0.09666666666666676
5002.0,0.0,0.6666666666666666,0.3333333333333333
5133.0,0.0,0.3333333333333333,0.6666666666666666
5406.0,0.0,0.5833333333333331,0.41666666666666685
6672.0,0.033333333333333375,0.6666666666666667,0.3
6344.0,0.3500000000000002,0.6499999999999999,0.0
6086.0,0.0,0.3400000000000001,0.6599999999999999
5845.0,0.0,0.4500000000000001,0.5499999999999998
6619.0,0.0,0.3333333333333333,0.6666666666666666
5363.0,0.0833333333333334,0.6666666666666666,0.25000000000000006
4980.0,0.0033333333333333375,0.6666666666666667,0.33
5600.0,0.27999999999999997,0.6566666666666666,0.06333333333333338
5557.0,0.6633333333333333,0.3366666666666667,0.0
5286.0,0.0,0.3333333333333333,0.6666666666666666
6542.0,0.6666666666666666,0.3333333333333333,0.0
5760.0,0.0,0.6133333333333332,0.3866666666666668
6035.0,0.6566666666666666,0.3433333333333333,0.0
6301.0,0.003333333333333333,0.5233333333333333,0.4733333333333332
6725.0,0.6333333333333331,0.3666666666666669,0.0
5451.0,0.0,0.6666666666666666,0.3333333333333333
5208.0,0.31666666666666665,0.66,0.023333333333333362
5087.0,0.0,0.5599999999999998,0.44000000000000017
5758.0,0.17666666666666683,0.6666666666666663,0.15666666666666687
6512.0,0.26333333333333336,0.6666666666666666,0.07000000000000005
6243.0,0.3333333333333333,0.6666666666666666,0.0
5997.0,0.0,0.3333333333333333,0.6666666666666666
5466.0,0.32333333333333325,0.6666666666666667,0.010000000000000012
6740.0,0.2666666666666667,0.6666666666666666,0.06666666666666672
5070.0,0.4333333333333336,0.5666666666666664,0.0
5193.0,0.4666666666666666,0.5333333333333333,0.0
6497.0,0.6666666666666666,0.3333333333333333,0.0
5743.0,0.45666666666666683,0.5433333333333331,0.0
6012.0,0.6633333333333333,0.3366666666666667,0.0
6258.0,0.0,0.6666666666666666,0.3333333333333333
5540.0,0.0,0.6166666666666665,0.38333333333333364
5303.0,0.5966666666666665,0.3966666666666669,0.006666666666666669
5777.0,0.6599999999999999,0.34,0.0
6559.0,0.0,0.3333333333333333,0.6666666666666666
6284.0,0.3033333333333333,0.6666666666666666,0.030000000000000034
6018.0,0.33,0.6666666666666667,0.0033333333333333375
5100.0,0.6399999999999998,0.36000000000000015,0.0
5227.0,0.0,0.5499999999999998,0.4500000000000002
6774.0,0.0,0.39000000000000035,0.6099999999999997
5496.0,0.3333333333333333,0.6666666666666666,0.0
6224.0,0.003333333333333337,0.32999999999999996,0.6666666666666666
5982.0,0.5066666666666668,0.4933333333333333,0.0
5709.0,0.053333333333333385,0.6433333333333333,0.30333333333333334
6467.0,0.11333333333333347,0.6666666666666665,0.2200000000000001
5269.0,0.1833333333333335,0.6666666666666663,0.1500000000000002
6792.0,0.0,0.613333333333333,0.386666666666667
6048.0,0.496666666666667,0.503333333333333,0.0
6318.0,0.0,0.6666666666666666,0.3333333333333333
6589.0,0.0033333333333333375,0.6666666666666667,0.33
5811.0,0.36000000000000004,0.6133333333333332,0.026666666666666686
5252.0,0.003333333333333336,0.35000000000000014,0.6466666666666664
5527.0,0.6666666666666666,0.3333333333333333,0.0
6335.0,0.05000000000000005,0.6633333333333333,0.2866666666666666
6065.0,0.003333333333333337,0.6633333333333333,0.33333333333333337
5794.0,0.3333333333333333,0.6666666666666666,0.0
6572.0,0.5899999999999996,0.4100000000000003,0.0
5242.0,0.0,0.3333333333333333,0.6666666666666666
5117.0,0.0,0.6666666666666666,0.3333333333333333
5481.0,0.0,0.4300000000000002,0.5699999999999998
5967.0,0.6666666666666666,0.3333333333333333,0.0
6209.0,0.3133333333333333,0.6666666666666667,0.020000000000000025
6482.0,0.0033333333333333375,0.6666666666666667,0.33
5724.0,0.32,0.5833333333333333,0.09666666666666673
6648.0,0.003333333333333337,0.6633333333333333,0.3333333333333333
6379.0,0.11000000000000011,0.6666666666666664,0.2233333333333334
6117.0,0.06333333333333338,0.6666666666666666,0.27
5571.0,0.4000000000000001,0.6,0.0
5328.0,0.003333333333333337,0.6633333333333333,0.3333333333333333
4951.0,0.06666666666666671,0.6666666666666665,0.26666666666666666
6406.0,0.0,0.3333333333333333,0.6666666666666666
5640.0,0.0,0.6666666666666666,0.3333333333333333
5915.0,0.6133333333333332,0.3866666666666669,0.0
6165.0,0.6299999999999997,0.3700000000000002,0.0
5437.0,0.3700000000000001,0.6299999999999999,0.0
6707.0,0.2866666666666666,0.6666666666666666,0.04666666666666671
5033.0,0.033333333333333375,0.6666666666666667,0.3
5166.0,0.21999999999999995,0.53,0.25
5657.0,0.6666666666666666,0.3333333333333333,0.0
6148.0,0.0,0.37666666666666687,0.6233333333333331
5898.0,0.0,0.3333333333333333,0.6666666666666666
6690.0,0.23000000000000004,0.6199999999999997,0.15000000000000016
5420.0,0.6299999999999998,0.3700000000000003,0.0
5183.0,0.6166666666666664,0.38333333333333364,0.0
5048.0,0.0,0.6133333333333332,0.3866666666666669
6633.0,0.0033333333333333357,0.633333333333333,0.3633333333333336
5863.0,0.5200000000000001,0.4799999999999999,0.0
6132.0,0.006666666666666675,0.32666666666666666,0.6666666666666667
6394.0,0.0,0.6666666666666666,0.3333333333333333
5586.0,0.3066666666666666,0.6666666666666666,0.026666666666666696
4934.0,0.04000000000000004,0.6666666666666666,0.2933333333333333
5313.0,0.016666666666666684,0.6666666666666666,0.3166666666666666
5928.0,0.6666666666666666,0.3333333333333333,0.0
6182.0,0.3333333333333333,0.6566666666666666,0.01000000000000001
6453.0,0.6666666666666666,0.3333333333333333,0.0
5691.0,0.0,0.53,0.4700000000000001
5149.0,0.603333333333333,0.39666666666666683,0.0
5018.0,0.6666666666666666,0.3333333333333333,0.0
5390.0,0.3333333333333333,0.6666666666666666,0.0
6656.0,0.6666666666666666,0.3333333333333333,0.0
6360.0,0.14666666666666686,0.6666666666666663,0.18666666666666681
6102.0,0.34,0.6599999999999999,0.0
5829.0,0.0,0.34666666666666673,0.6533333333333332
6603.0,0.33666666666666667,0.6599999999999999,0.0033333333333333366
4964.0,0.0,0.4100000000000002,0.5899999999999999
5347.0,0.003333333333333337,0.6399999999999999,0.35666666666666685
5616.0,0.0,0.6666666666666666,0.3333333333333333
6087.0,0.010000000000000004,0.43000000000000005,0.5599999999999998
6345.0,0.5399999999999997,0.42000000000000026,0.04000000000000001
5844.0,0.0,0.48333333333333345,0.5166666666666665
5362.0,0.6666666666666666,0.3333333333333333,0.0
4981.0,0.0,0.6533333333333332,0.34666666666666685
5601.0,0.010000000000000012,0.6666666666666667,0.32333333333333325
5945.0,0.32666666666666666,0.6666666666666667,0.006666666666666675
5674.0,0.003333333333333337,0.33666666666666667,0.6599999999999999
6436.0,0.3333333333333333,0.6666666666666666,0.0
5003.0,0.4399999999999998,0.5600000000000002,0.0
5132.0,0.0033333333333333357,0.6233333333333331,0.3733333333333336
6673.0,0.030000000000000034,0.6533333333333333,0.3166666666666666
5407.0,0.33666666666666667,0.6633333333333333,0.0
5450.0,0.0,0.4533333333333336,0.5466666666666664
6724.0,0.45666666666666667,0.5433333333333332,0.0
5209.0,0.0,0.5399999999999999,0.4600000000000001
5086.0,0.0,0.6299999999999999,0.37000000000000005
6513.0,0.6666666666666666,0.3333333333333333,0.0
5759.0,0.32333333333333325,0.6666666666666667,0.010000000000000012
5996.0,0.32333333333333325,0.6666666666666667,0.010000000000000012
6242.0,0.05000000000000005,0.6666666666666666,0.2833333333333333
5556.0,0.6666666666666666,0.3333333333333333,0.0
5287.0,0.45000000000000034,0.5499999999999996,0.0
5761.0,0.6666666666666666,0.3333333333333333,0.0
6543.0,0.34,0.6599999999999999,0.0
6300.0,0.35333333333333333,0.6466666666666666,0.0
6034.0,0.3333333333333333,0.6666666666666666,0.0
5541.0,0.003333333333333334,0.5933333333333329,0.4033333333333336
5302.0,0.0033333333333333327,0.4766666666666666,0.52
6558.0,0.006666666666666674,0.6666666666666666,0.3266666666666666
5776.0,0.3166666666666666,0.6666666666666667,0.016666666666666687
6019.0,0.6266666666666665,0.3733333333333335,0.0
6285.0,0.6666666666666666,0.3333333333333333,0.0
5467.0,0.3333333333333333,0.6666666666666666,0.0
5071.0,0.6533333333333332,0.3466666666666668,0.0
5192.0,0.4600000000000002,0.5399999999999997,0.0
5742.0,0.17000000000000018,0.6666666666666662,0.16333333333333352
6259.0,0.1933333333333335,0.6666666666666664,0.14000000000000018
6013.0,0.010000000000000012,0.6666666666666667,0.32333333333333325
5268.0,0.11333333333333348,0.6366666666666666,0.25000000000000006
6793.0,0.10666666666666677,0.6633333333333331,0.23000000000000007
5511.0,0.6266666666666664,0.3733333333333336,0.0
6319.0,0.6666666666666666,0.3333333333333333,0.0
5810.0,0.3333333333333333,0.6666666666666666,0.0
5101.0,0.1800000000000001,0.6566666666666664,0.16333333333333352
5226.0,0.10333333333333344,0.6666666666666665,0.2300000000000001
5497.0,0.40333333333333365,0.5933333333333332,0.0033333333333333344
6775.0,0.0,0.41000000000000014,0.5899999999999999
5983.0,0.33,0.6666666666666667,0.0033333333333333375
6225.0,0.006666666666666675,0.6433333333333332,0.35000000000000003
6466.0,0.48333333333333317,0.5166666666666669,0.0
5708.0,0.003333333333333335,0.6133333333333328,0.3833333333333337
5116.0,0.46333333333333343,0.5366666666666665,0.0
6758.0,0.6433333333333332,0.35666666666666674,0.0
5480.0,0.030000000000000034,0.6633333333333333,0.3066666666666666
6208.0,0.6666666666666666,0.3333333333333333,0.0
5966.0,0.0,0.6666666666666666,0.3333333333333333
5725.0,0.0,0.3333333333333333,0.6666666666666666
6483.0,0.6666666666666666,0.3333333333333333,0.0
5253.0,0.35666666666666685,0.6399999999999999,0.0033333333333333366
5526.0,0.010000000000000012,0.6666666666666667,0.32333333333333325
6808.0,0.0,0.6566666666666666,0.3433333333333334
6064.0,0.3333333333333333,0.6666666666666666,0.0
6334.0,0.37333333333333346,0.6266666666666665,0.0
6573.0,0.3700000000000002,0.6299999999999997,0.0
5795.0,0.3366666666666667,0.6633333333333333,0.0
5400.0,0.3,0.6666666666666667,0.033333333333333375
6678.0,0.6666666666666666,0.3333333333333333,0.0
5004.0,0.33,0.6666666666666667,0.0033333333333333375
5131.0,0.0,0.40666666666666684,0.5933333333333332
6435.0,0.016666666666666684,0.6633333333333333,0.31999999999999995
5677.0,0.33,0.6666666666666667,0.0033333333333333375
5950.0,0.0,0.3700000000000002,0.6299999999999998
6192.0,0.6566666666666666,0.3433333333333334,0.0
5606.0,0.0,0.4733333333333332,0.5266666666666668
5365.0,0.32333333333333325,0.5199999999999999,0.1566666666666668
4978.0,0.6566666666666666,0.3433333333333334,0.0
5843.0,0.0,0.44000000000000017,0.5599999999999998
6621.0,0.6666666666666666,0.3333333333333333,0.0
6350.0,0.09666666666666672,0.5066666666666668,0.3966666666666665
6080.0,0.20666666666666678,0.6666666666666664,0.12666666666666682
5623.0,0.0,0.6666666666666666,0.3333333333333333
4963.0,0.6666666666666666,0.3333333333333333,0.0
5348.0,0.42333333333333345,0.5766666666666665,0.0
6604.0,0.6666666666666666,0.3333333333333333,0.0
5826.0,0.0,0.46333333333333354,0.5366666666666664
6097.0,0.4133333333333334,0.5833333333333334,0.0033333333333333344
6367.0,0.6666666666666667,0.33,0.0033333333333333375
5385.0,0.0,0.4400000000000002,0.5599999999999998
5146.0,0.3033333333333333,0.6666666666666666,0.030000000000000034
5021.0,0.34666666666666673,0.5999999999999999,0.05333333333333336
5692.0,0.13000000000000017,0.6133333333333332,0.2566666666666667
6450.0,0.4966666666666667,0.5000000000000001,0.0033333333333333335
6177.0,0.32666666666666666,0.6666666666666667,0.006666666666666675
5935.0,0.0,0.4599999999999999,0.54
4929.0,0.3133333333333333,0.6666666666666667,0.020000000000000025
5318.0,0.023333333333333334,0.5666666666666665,0.41000000000000003
5589.0,0.6633333333333333,0.3366666666666667,0.0
6131.0,0.0,0.366666666666667,0.6333333333333331
5856.0,0.3333333333333333,0.6666666666666666,0.0
6638.0,0.6266666666666664,0.37333333333333363,0.0
5176.0,0.37666666666666676,0.6133333333333332,0.010000000000000005
5055.0,0.05333333333333335,0.5733333333333334,0.3733333333333334
5419.0,0.0,0.3333333333333333,0.6666666666666666
6693.0,0.02333333333333336,0.6666666666666667,0.31
5901.0,0.6666666666666666,0.3333333333333333,0.0
6147.0,0.0,0.57,0.43000000000000005
6416.0,0.003333333333333334,0.5499999999999997,0.44666666666666693
5662.0,0.34666666666666685,0.6533333333333332,0.0
5038.0,0.6666666666666666,0.3333333333333333,0.0
5161.0,0.010000000000000012,0.6666666666666667,0.32333333333333325
6708.0,0.6666666666666666,0.3333333333333333,0.0
5434.0,0.030000000000000034,0.6433333333333333,0.3266666666666666
6162.0,0.006666666666666672,0.6266666666666665,0.3666666666666668
5916.0,0.09000000000000007,0.6666666666666665,0.24333333333333337
5647.0,0.6666666666666666,0.3333333333333333,0.0
6401.0,0.5799999999999997,0.42000000000000026,0.0
5335.0,0.0,0.3366666666666667,0.6633333333333333
4944.0,0.020000000000000025,0.6666666666666667,0.3133333333333333
5572.0,0.0033333333333333327,0.5166666666666668,0.47999999999999987
6114.0,0.0,0.3333333333333333,0.6666666666666666
6380.0,0.376666666666667,0.5266666666666664,0.09666666666666668
6655.0,0.6633333333333333,0.3366666666666667,0.0
5873.0,0.0,0.47333333333333344,0.5266666666666666
5796.0,0.6666666666666666,0.3333333333333333,0.0
6570.0,0.3066666666666666,0.6666666666666666,0.026666666666666696
6329.0,0.6666666666666666,0.3333333333333333,0.0
6071.0,0.6666666666666666,0.3333333333333333,0.0
5521.0,0.6666666666666666,0.3333333333333333,0.0
5250.0,0.0,0.5833333333333331,0.41666666666666674
6484.0,0.3033333333333333,0.6666666666666666,0.030000000000000034
5722.0,0.4933333333333331,0.5000000000000001,0.006666666666666666
5961.0,0.0,0.3333333333333333,0.6666666666666666
6215.0,0.03666666666666671,0.6666666666666666,0.29666666666666663
5487.0,0.0,0.583333333333333,0.41666666666666696
6753.0,0.0,0.47333333333333366,0.5266666666666664
5244.0,0.3166666666666666,0.6666666666666667,0.016666666666666687
5115.0,0.0,0.4366666666666667,0.5633333333333332
5707.0,0.0,0.6299999999999999,0.37000000000000016
6469.0,0.6099999999999997,0.3900000000000003,0.0
6230.0,0.0,0.3533333333333335,0.6466666666666666
5976.0,0.18666666666666681,0.6666666666666663,0.14666666666666686
6768.0,0.07333333333333336,0.5900000000000001,0.33666666666666667
5502.0,0.6299999999999998,0.37000000000000016,0.0
5098.0,0.3933333333333335,0.6066666666666665,0.0
5229.0,0.0,0.6666666666666666,0.3333333333333333
6587.0,0.0,0.6666666666666666,0.3333333333333333
5813.0,0.6666666666666666,0.3333333333333333,0.0
6054.0,0.44000000000000006,0.5533333333333333,0.006666666666666667
6312.0,0.0,0.6499999999999999,0.35000000000000014
5504.0,0.3166666666666666,0.6666666666666667,0.016666666666666687
6798.0,0.43000000000000016,0.5633333333333331,0.006666666666666667
5267.0,0.6433333333333331,0.35666666666666685,0.0
6010.0,0.06666666666666672,0.6633333333333333,0.26999999999999996
6260.0,0.6666666666666666,0.3333333333333333,0.0
6503.0,0.0,0.6433333333333331,0.35666666666666685
5737.0,0.6666666666666666,0.3333333333333333,0.0
5064.0,0.0,0.33666666666666667,0.6633333333333333
5199.0,0.0,0.38000000000000017,0.6199999999999998
5468.0,0.2833333333333334,0.64,0.07666666666666673
6738.0,0.0033333333333333375,0.6666666666666667,0.33
6282.0,0.32666666666666666,0.6666666666666667,0.006666666666666675
6020.0,0.10333333333333344,0.6666666666666665,0.2300000000000001
6553.0,0.29000000000000004,0.6666666666666667,0.04333333333333338
5297.0,0.45000000000000023,0.5499999999999998,0.0
4918.0,0.43666666666666676,0.5633333333333332,0.0
5538.0,0.6666666666666666,0.3333333333333333,0.0
6037.0,0.3500000000000001,0.6399999999999999,0.01000000000000001
6299.0,0.006666666666666674,0.6666666666666666,0.3266666666666666
6536.0,0.07000000000000005,0.6,0.33000000000000007
5766.0,0.5499999999999999,0.4500000000000001,0.0
5280.0,0.2666666666666667,0.6666666666666666,0.06666666666666672
5555.0,0.0,0.4166666666666669,0.5833333333333331
6245.0,0.053333333333333385,0.6666666666666666,0.27999999999999997
5995.0,0.6666666666666666,0.3333333333333333,0.0
5752.0,0.3333333333333333,0.6666666666666666,0.0
6518.0,0.0,0.5866666666666663,0.41333333333333355
5214.0,0.02333333333333336,0.6566666666666667,0.31999999999999995
5081.0,0.0,0.6533333333333332,0.3466666666666668
6723.0,0.6666666666666666,0.3333333333333333,0.0
5453.0,0.19000000000000014,0.6666666666666663,0.1433333333333335
5607.0,0.32333333333333325,0.6666666666666667,0.010000000000000012
5364.0,0.4633333333333334,0.5366666666666666,0.0
4979.0,0.0033333333333333375,0.6666666666666667,0.33
6620.0,0.013333333333333332,0.5199999999999999,0.46666666666666684
5842.0,0.0,0.5299999999999999,0.4700000000000001
6081.0,0.13666666666666685,0.6666666666666664,0.19666666666666682
6351.0,0.3333333333333333,0.6666666666666666,0.0
6679.0,0.6666666666666666,0.3333333333333333,0.0
5401.0,0.0,0.6666666666666666,0.3333333333333333
5005.0,0.15333333333333354,0.6666666666666663,0.18000000000000016
5130.0,0.0,0.4700000000000001,0.5299999999999999
5676.0,0.26000000000000006,0.6666666666666666,0.07333333333333339
6434.0,0.0,0.6666666666666666,0.3333333333333333
6193.0,0.3833333333333335,0.6166666666666665,0.0
5951.0,0.6666666666666666,0.3333333333333333,0.0
5384.0,0.2833333333333333,0.6666666666666666,0.05000000000000005
6662.0,0.3333333333333333,0.6666666666666666,0.0
5147.0,0.04000000000000004,0.6666666666666666,0.2933333333333333
5020.0,0.33333333333333337,0.6633333333333333,0.003333333333333337
6451.0,0.09333333333333342,0.6666666666666665,0.24000000000000007
5693.0,0.5333333333333329,0.4666666666666671,0.0
5934.0,0.4233333333333335,0.5766666666666665,0.0
6176.0,0.01333333333333335,0.6466666666666665,0.34000000000000014
5622.0,0.31999999999999995,0.6666666666666667,0.01333333333333335
4962.0,0.3066666666666666,0.6666666666666666,0.026666666666666696
5349.0,0.3133333333333333,0.6666666666666667,0.020000000000000025
6605.0,0.15000000000000016,0.6666666666666662,0.18333333333333346
6366.0,0.07666666666666672,0.6666666666666666,0.2566666666666667
6096.0,0.0,0.41333333333333344,0.5866666666666666
5177.0,0.6666666666666666,0.3333333333333333,0.0
5054.0,0.2733333333333334,0.6666666666666666,0.06000000000000005
6692.0,0.4599999999999999,0.54,0.0
5418.0,0.0033333333333333375,0.6666666666666667,0.33
6146.0,0.003333333333333334,0.3833333333333335,0.6133333333333331
5900.0,0.6533333333333332,0.3466666666666668,0.0
5663.0,0.3333333333333333,0.6666666666666666,0.0
6417.0,0.3333333333333333,0.6666666666666666,0.0
4928.0,0.30333333333333334,0.6633333333333334,0.033333333333333375
5319.0,0.3333333333333333,0.6666666666666666,0.0
5588.0,0.036666666666666715,0.66,0.3033333333333333
6130.0,0.0,0.3366666666666667,0.6633333333333333
6396.0,0.6633333333333333,0.33666666666666667,0.0
6639.0,0.0,0.3333333333333333,0.6666666666666666
5334.0,0.0,0.6666666666666666,0.3333333333333333
4945.0,0.0,0.6666666666666666,0.3333333333333333
5573.0,0.6666666666666666,0.3333333333333333,0.0
6381.0,0.4033333333333336,0.5966666666666663,0.0
6115.0,0.0833333333333334,0.6666666666666666,0.25000000000000006
5872.0,0.0,0.6433333333333331,0.3566666666666668
6654.0,0.3366666666666667,0.6633333333333333,0.0
5039.0,0.2833333333333333,0.6666666666666666,0.05000000000000005
5160.0,0.033333333333333375,0.6666666666666667,0.3
5435.0,0.0,0.6666666666666666,0.3333333333333333
6709.0,0.0,0.36000000000000015,0.6399999999999998
5917.0,0.26333333333333336,0.6666666666666666,0.07000000000000005
6163.0,0.0,0.39333333333333353,0.6066666666666666
6400.0,0.2733333333333334,0.6666666666666666,0.06000000000000005
5646.0,0.6666666666666666,0.3333333333333333,0.0
5723.0,0.6066666666666667,0.39333333333333337,0.0
6214.0,0.0,0.5899999999999999,0.41000000000000014
6752.0,0.0,0.6666666666666666,0.3333333333333333
5486.0,0.3366666666666667,0.6633333333333333,0.0
5245.0,0.05000000000000005,0.6633333333333333,0.2866666666666666
5114.0,0.0,0.3333333333333333,0.6666666666666666
6571.0,0.3333333333333333,0.6666666666666666,0.0
5797.0,0.003333333333333337,0.6533333333333333,0.3433333333333334
6328.0,0.4166666666666669,0.5833333333333331,0.0
5520.0,0.5899999999999997,0.4100000000000003,0.0
5251.0,0.2066666666666667,0.6233333333333331,0.17000000000000018
5812.0,0.053333333333333385,0.6666666666666666,0.27999999999999997
6586.0,0.3066666666666666,0.6666666666666666,0.026666666666666696
6313.0,0.6633333333333333,0.33666666666666667,0.0
6055.0,0.6666666666666666,0.3333333333333333,0.0
6799.0,0.6666666666666666,0.3333333333333333,0.0
5505.0,0.6666666666666666,0.3333333333333333,0.0
5266.0,0.0,0.5666666666666661,0.4333333333333338
6468.0,0.05666666666666672,0.6599999999999999,0.28333333333333327
5706.0,0.3733333333333336,0.6266666666666664,0.0
5977.0,0.2533333333333334,0.6366666666666665,0.11000000000000013
6231.0,0.12333333333333348,0.6666666666666664,0.2100000000000001
5503.0,0.2566666666666667,0.6566666666666665,0.08666666666666671
6769.0,0.41000000000000014,0.5899999999999997,0.0
5099.0,0.5533333333333332,0.3466666666666667,0.10000000000000006
5228.0,0.0,0.4333333333333337,0.5666666666666664
6021.0,0.5899999999999999,0.41000000000000014,0.0
6283.0,0.6466666666666665,0.3533333333333334,0.0
6552.0,0.3333333333333333,0.6666666666666666,0.0
5782.0,0.0,0.35000000000000014,0.6499999999999998
5296.0,0.0033333333333333375,0.6666666666666667,0.33
4919.0,0.0,0.6599999999999999,0.34
5539.0,0.42333333333333345,0.5766666666666665,0.0
6261.0,0.18000000000000016,0.6599999999999996,0.16000000000000023
6011.0,0.0,0.6599999999999999,0.3400000000000001
5736.0,0.4300000000000002,0.5699999999999998,0.0
6502.0,0.6566666666666665,0.34333333333333343,0.0
5065.0,0.0,0.6199999999999998,0.3800000000000002
5198.0,0.2300000000000001,0.6666666666666665,0.10333333333333344
6739.0,0.5033333333333332,0.4966666666666668,0.0
5469.0,0.6666666666666666,0.3333333333333333,0.0
5994.0,0.6433333333333331,0.3566666666666668,0.0
6244.0,0.45666666666666667,0.5433333333333333,0.0
6519.0,0.6566666666666666,0.3433333333333334,0.0
5753.0,0.31999999999999995,0.66,0.02000000000000002
5215.0,0.5566666666666666,0.44333333333333347,0.0
5080.0,0.04333333333333334,0.5533333333333333,0.4033333333333334
5452.0,0.6666666666666666,0.3333333333333333,0.0
6722.0,0.023333333333333338,0.42000000000000004,0.5566666666666665
6298.0,0.5133333333333332,0.45,0.036666666666666674
6036.0,0.016666666666666684,0.6666666666666666,0.3166666666666666
5767.0,0.16333333333333355,0.6566666666666663,0.18000000000000016
6537.0,0.15333333333333354,0.6666666666666663,0.18000000000000016
5281.0,0.6666666666666666,0.3333333333333333,0.0
5554.0,0.010000000000000012,0.6666666666666667,0.32333333333333325
4961.0,0.0,0.6633333333333333,0.3366666666666667
5350.0,0.16333333333333344,0.5966666666666666,0.23999999999999996
5621.0,0.5966666666666665,0.4033333333333335,0.0
6099.0,0.33666666666666667,0.6633333333333333,0.0
6365.0,0.0,0.6666666666666666,0.3333333333333333
6606.0,0.29000000000000004,0.6666666666666667,0.04333333333333338
5824.0,0.6666666666666666,0.3333333333333333,0.0
5144.0,0.6666666666666666,0.3333333333333333,0.0
5023.0,0.21666666666666676,0.6666666666666664,0.1166666666666668
6661.0,0.05000000000000005,0.6666666666666666,0.2833333333333333
5387.0,0.6666666666666666,0.3333333333333333,0.0
6179.0,0.0,0.3333333333333333,0.6666666666666666
5933.0,0.6666666666666666,0.3333333333333333,0.0
5694.0,0.22666666666666682,0.6433333333333331,0.13000000000000017
6448.0,0.0,0.5766666666666664,0.4233333333333335
5006.0,0.0,0.6533333333333333,0.34666666666666673
5129.0,0.5733333333333331,0.42666666666666686,0.0
5402.0,0.38333333333333364,0.6166666666666663,0.0
6676.0,0.006666666666666674,0.6666666666666666,0.3266666666666666
5948.0,0.0,0.3333333333333333,0.6666666666666666
6194.0,0.0566666666666667,0.6299999999999999,0.3133333333333334
6433.0,0.33,0.6666666666666667,0.0033333333333333375
5679.0,0.6666666666666666,0.3333333333333333,0.0
5367.0,0.3966666666666669,0.603333333333333,0.0
4976.0,0.3199999999999999,0.6633333333333333,0.016666666666666684
5604.0,0.006666666666666674,0.6666666666666666,0.3266666666666666
6348.0,0.6599999999999999,0.3400000000000001,0.0
6082.0,0.1433333333333335,0.6666666666666663,0.19000000000000014
5841.0,0.0,0.366666666666667,0.6333333333333331
6623.0,0.6599999999999999,0.3400000000000001,0.0
6710.0,0.043333333333333376,0.6633333333333333,0.29333333333333333
5432.0,0.0,0.34,0.6599999999999999
5036.0,0.6599999999999999,0.3400000000000001,0.0
5163.0,0.0,0.3733333333333335,0.6266666666666665
5645.0,0.003333333333333337,0.32999999999999996,0.6666666666666666
6403.0,0.0,0.6666666666666666,0.3333333333333333
6160.0,0.02333333333333336,0.6633333333333334,0.31333333333333324
5918.0,0.0,0.6666666666666666,0.3333333333333333
5574.0,0.0,0.6533333333333332,0.34666666666666673
5333.0,0.013333333333333345,0.6133333333333332,0.3733333333333335
4946.0,0.0,0.446666666666667,0.553333333333333
6653.0,0.10333333333333344,0.6666666666666665,0.2300000000000001
5875.0,0.26000000000000006,0.6666666666666666,0.07333333333333339
6112.0,0.32666666666666666,0.6666666666666667,0.006666666666666675
6382.0,0.3133333333333333,0.6666666666666667,0.020000000000000025
5591.0,0.3500000000000001,0.6499999999999999,0.0
