6393.0,0.06185353461620118,0.6829743758114395,0.25517208957235926
6135.0,0.17666405352351028,0.7050657455851509,0.1182702008913388
5860.0,0.03835753372736613,0.615145467142193,0.3464969991304408
6634.0,0.5860283718132835,0.4104061614224777,0.0035654667642387285
4933.0,0.014817771439293151,0.4639345939421093,0.5212476346185977
5585.0,0.11637152799091935,0.8007635240908191,0.08286494791826161
5897.0,0.3056774698629539,0.6699062440779903,0.024416286059055894
6151.0,0.030100383253569986,0.49919032288775983,0.47070929385867016
6420.0,0.2966336610963789,0.6235954626721754,0.07977087623144574
5658.0,0.8396740354637521,0.15666747328217676,0.0036584912540711923
5180.0,0.5639306094091722,0.42594530288058796,0.010124087710239886
5051.0,0.018898436455029862,0.5415470299612337,0.4395545335837363
5423.0,0.17908250001582174,0.6402824658581069,0.1806350341260714
6689.0,0.3044271101721018,0.6234818883828183,0.07209100144507997
6166.0,0.07449671068283338,0.6057638682536426,0.319739421063524
5912.0,0.23668948707291013,0.6441274206272147,0.11918309229987516
5643.0,0.008976505447630768,0.5196288817790529,0.47139461277331635
6405.0,0.040178572317988395,0.37189288004861415,0.5879285476333974
5034.0,0.18860570250153288,0.5469221316983764,0.26447216580009075
5165.0,0.42067341064581937,0.5315656765769838,0.04776091277719674
6704.0,0.0281485596477074,0.563837405524141,0.4080140348281517
5438.0,0.7292465533950822,0.26317628936056786,0.007577157244349966
6118.0,0.08431613220445745,0.57116313575209,0.34452073204345235
6376.0,0.05127377921401977,0.7827977933429348,0.16592842744304545
6651.0,0.07124006752407215,0.8593816523345051,0.06937828014142279
5877.0,0.22928202130888362,0.5731520900155822,0.19756588867553426
5331.0,0.08857397760609056,0.7185028788165827,0.19292314357732673
4948.0,0.0524063452357084,0.550246640197741,0.3973470145665506
5568.0,0.07792600424005763,0.679660710399839,0.24241328536010343
5673.0,0.10606237424352032,0.8338308106949183,0.06010681506156151
5946.0,0.865977753108831,0.1305381364570027,0.0034841104341662736
6196.0,0.10493169853576488,0.836552736877912,0.05851556458632298
5404.0,0.14598388067366233,0.7281061075485142,0.12591001177782352
5000.0,0.17456339154487727,0.6542054893789445,0.1712311190761783
5135.0,0.03405425118817297,0.497407646738267,0.46853810207356006
5847.0,0.2779499431845566,0.6793251834069142,0.04272487340852919
6617.0,0.12730637087088792,0.8398163483538801,0.032877280775232005
6346.0,0.14855105558332524,0.8125407022756375,0.03890824214103723
6084.0,0.1874748515971991,0.6767727975784162,0.1357523508243846
5602.0,0.8809979002472507,0.1134557660784205,0.005546333674328911
5361.0,0.607231066684968,0.3646257426483198,0.028143190666712146
4982.0,0.04628037537050908,0.893010935556988,0.060708689072502826
6600.0,0.1823601644249751,0.6651449206513699,0.152494914923655
5830.0,0.04672395132878087,0.693569934660343,0.25970611401087607
6101.0,0.4780577177754566,0.5136798783449357,0.008262403879607775
6363.0,0.02552829841822473,0.4666538960706925,0.5078178055110828
5619.0,0.0944520819816087,0.8217119262620146,0.08383599175637657
4967.0,0.5095057057775152,0.4815176874173278,0.008976606805157022
5344.0,0.058911354162925055,0.8149514455377923,0.12613720029928271
5688.0,0.03902554099159085,0.34997699435141455,0.6109974646569946
6454.0,0.6755523979743036,0.3038047209661336,0.020642881059562787
6181.0,0.4660810893961397,0.5101213630430166,0.02379754756084372
5931.0,0.14402051597945242,0.8021840963830558,0.053795387637491886
6659.0,0.022894354823482958,0.33795040014524275,0.6391552450312742
5389.0,0.05648691970605611,0.6288209522621748,0.31469212803176905
5150.0,0.12132378270029495,0.8697450197301637,0.008931197569541362
5017.0,0.9002547639001784,0.09708233074020407,0.0026629053596174696
5068.0,0.11769065459615041,0.7890051075256715,0.09330423787817806
5195.0,0.10414087263173769,0.6437623924116576,0.25209673495660473
5464.0,0.2677789619842386,0.5786714334365106,0.1535496045792508
6742.0,0.016690324372921186,0.5688965298642152,0.41441314576286353
6014.0,0.041963193021972905,0.5581732462868442,0.39986356069118306
6256.0,0.5514861823620024,0.4325050766933192,0.016008740944678312
6499.0,0.03028327196168825,0.5617609860990729,0.40795574193923884
5741.0,0.054573970462892744,0.6075081035817508,0.33791792595535647
5301.0,0.26271196503573463,0.7005035380454966,0.03678449691876874
5542.0,0.0694992219870034,0.7586212382585533,0.1718795397544433
6286.0,0.3834531716628627,0.5869749400817118,0.029571888255425626
6016.0,0.09638779565757394,0.684061732905042,0.21955047143738404
5779.0,0.05101268037521494,0.8842652602625121,0.06472205936227302
6557.0,0.07033861871065625,0.47989266038423734,0.44976872090510633
5284.0,0.6264517220021658,0.3618188435287966,0.011729434469037545
5559.0,0.04888538980925198,0.3830739573027188,0.5680406528880291
6033.0,0.11113512549836405,0.6821732448860249,0.20669162961561105
6303.0,0.8644440955298149,0.13256507313555838,0.0029908313346267454
6540.0,0.3321610518538239,0.6194756260650641,0.04836332208111197
5762.0,0.011690027620260347,0.5673796277269623,0.42093034465277746
5210.0,0.039049903984056944,0.7990672205512348,0.1618828754647084
5085.0,0.8124988909950182,0.18380979332548283,0.0036913156794990878
6727.0,0.11412368299964658,0.7298542108777355,0.15602210612261797
5449.0,0.1238458534419318,0.7809858369209831,0.09516830963708513
6241.0,0.7897210299353176,0.1990958015363928,0.01118316852828963
5999.0,0.08491807966665604,0.40217053807080283,0.5129113822625411
5756.0,0.15344203127174447,0.7513168063379396,0.09524116239031606
6514.0,0.43049579930994725,0.5183298581152868,0.05117434257476596
5254.0,0.7180324265448736,0.280137085502427,0.0018304879526994254
5792.0,0.024391021856336022,0.3781882896772776,0.5974206884663865
6574.0,0.06068880971874549,0.8061896862819353,0.13312150399931919
6333.0,0.02188930986346869,0.6101198341656887,0.3679908559708427
6067.0,0.0601828812031439,0.8241433269952986,0.1156737918015576
5483.0,0.6240659811980053,0.3243058934304385,0.05162812537155612
6757.0,0.19645294705838656,0.6969160844576556,0.10663096848395785
5240.0,0.26765225834027895,0.7064965677483033,0.025851173911417814
5119.0,0.12107140535090327,0.7116339679401911,0.1672946267089056
6480.0,0.1343023038946177,0.8020301536179382,0.06366754248744413
5726.0,0.0524208853216171,0.7086253692179574,0.2389537454604256
5965.0,0.4425791519581408,0.5025794257292489,0.054841422312610355
6772.0,0.296290605057289,0.6730615685543686,0.030647826388342438
5498.0,0.03841068570699271,0.7917617621298815,0.1698275521631258
5102.0,0.025534083499663768,0.6177094934458317,0.3567564230545046
5225.0,0.050012722182407474,0.613984712570416,0.33600256524717653
5711.0,0.5193107427876296,0.4690255135187744,0.01166374369359597
6465.0,0.658480074788838,0.3258183723065443,0.01570155290461766
6226.0,0.07078734818816684,0.6489015967843964,0.28031105502743675
5980.0,0.4865495718030753,0.48762656557200446,0.025823862624920226
5508.0,0.38747947591233634,0.5658278573101969,0.046692666777466814
6794.0,0.18155920075000057,0.7243062266273022,0.09413457262269731
5271.0,0.5597613415892021,0.4348862677326401,0.005352390678157806
6591.0,0.030389370454219237,0.7268378430051644,0.24277278654061643
5809.0,0.03443432985274087,0.7255776776231725,0.2399879925240866
6050.0,0.28142867678499833,0.6794439219658479,0.03912740124915385
6316.0,0.020427535259641354,0.5416436640807142,0.43792880065964446
6150.0,0.3166374329302343,0.6247228552661895,0.058639711803576286
5896.0,0.024711086330339204,0.6355981099203389,0.3396908037493218
5659.0,0.004250544421127227,0.4256269138492359,0.570122541729637
6421.0,0.03506332311649807,0.7939871407725787,0.17094953611092334
5181.0,0.455104369020256,0.5145493858584858,0.030346245121258286
5050.0,0.023652380474673128,0.3459452686797889,0.630402350845538
6688.0,0.06480415467228266,0.8861836704371725,0.04901217489054498
5422.0,0.1939243294763314,0.7627985207881062,0.043277149735562445
6134.0,0.055963389422301425,0.5218624012530406,0.4221742093246579
6392.0,0.04273065991344636,0.566522337606282,0.39074700248027155
6635.0,0.20439684694792085,0.7553144303990013,0.04028872265307793
5861.0,0.05528106495494124,0.7171296624231597,0.22758927262189899
4932.0,0.1902655536498266,0.6657153801723193,0.14401906617785393
5315.0,0.1650213807704904,0.6267682826176075,0.20821033661190202
6377.0,0.23636255075064289,0.6370449439078976,0.1265925053414596
6119.0,0.3740506775949297,0.5678442487735846,0.058105073631485524
5876.0,0.1097957463279861,0.647793245248756,0.24241100842325786
6650.0,0.03550747813177174,0.7151619557906107,0.24933056607761755
5330.0,0.04305105726447291,0.6371318942138811,0.319817048521646
4949.0,0.3758465936988599,0.5851124380829951,0.03904096821814497
5569.0,0.1411187052827725,0.6528741462736285,0.20600714844359896
5913.0,0.07712188255154216,0.4340182969421439,0.4888598205063139
6167.0,0.019362221582557945,0.43154022626992594,0.5490975521475161
6404.0,0.014192042533708822,0.6914416660003273,0.29436629146596394
5642.0,0.673749570190959,0.26021198743291013,0.0660384423761307
5035.0,0.016270592259403794,0.446044762831362,0.5376846449092343
5164.0,0.08075458706695572,0.7095637707321703,0.209681642200874
5439.0,0.06318433245247122,0.576847452670766,0.3599682148767629
6616.0,0.08865004760018354,0.6667481360315519,0.24460181636826447
5846.0,0.367600716358514,0.5899100949929257,0.042489188648560314
6085.0,0.22284854330321888,0.6599573322185031,0.11719412447827812
6347.0,0.8606336241116829,0.13369471502799293,0.005671660860324167
5603.0,0.07706119295898678,0.47121523301658896,0.45172357402442426
5360.0,0.033160035066257525,0.7677819832070425,0.19905798172670003
4983.0,0.07025794766958614,0.7236951715591025,0.20604688077131136
5672.0,0.4864746286633413,0.5003280521564419,0.013197319180216866
6438.0,0.04353968639501033,0.5744196987089181,0.38204061489607155
6197.0,0.12099274376065206,0.8020201133320506,0.07698714290729737
5947.0,0.06271777530177002,0.7308282243582201,0.20645400034000988
6675.0,0.03621641415977767,0.5179263217160245,0.4458572641241978
5405.0,0.02600079623593795,0.5003817202795332,0.47361748348452876
5001.0,0.08577321566652188,0.7648691555929839,0.14935762874049424
5134.0,0.6775991007487422,0.3060328044784646,0.016368094772793152
5689.0,0.028542100262828742,0.3313316999536399,0.6401261997835315
5930.0,0.48035046966810624,0.48695679428391825,0.03269273604797553
6180.0,0.007827038389598119,0.48311206533512097,0.509060896275281
5388.0,0.2144109657590548,0.7439318875876585,0.04165714665328676
5151.0,0.06273434946173198,0.6600546321776151,0.277211018360653
5016.0,0.039387564366147765,0.6862359370057121,0.27437649862814006
5831.0,0.07535842983682098,0.8388393780578458,0.08580219210533316
6601.0,0.6857087915751938,0.2939196169193754,0.02037159150543079
6362.0,0.10335699179707632,0.6782433520764871,0.21839965612643655
6100.0,0.4554436975697441,0.42153383411583684,0.12302246831441911
5618.0,0.2912294852818114,0.5446371113469967,0.16413340337119195
4966.0,0.09530405442049958,0.8520191949047787,0.05267675067472176
5345.0,0.3607336610312066,0.6143517349406,0.024914604028193454
5300.0,0.23008599579411215,0.734700148002857,0.03521385620303093
5543.0,0.46010047376347524,0.4703649114973804,0.06953461473914449
6017.0,0.05879370504972593,0.7392022947727716,0.20200400017750242
6287.0,0.6957412625139907,0.2940875267903912,0.010171210695618063
6556.0,0.06859128063213511,0.814879543502715,0.11652917586515009
5778.0,0.03096604514882438,0.8249464599000821,0.14408749495109346
5069.0,0.03995901708244966,0.41456526778819736,0.5454757151293529
5194.0,0.15072686098259883,0.7467910723489046,0.10248206666849657
6743.0,0.09204038624585302,0.8359514190568276,0.07200819469731934
5465.0,0.5665216913040336,0.39763808205150397,0.035840226644462334
6257.0,0.06275140238243569,0.7826119358953607,0.1546366617222036
6015.0,0.19250977705746006,0.7711311466269372,0.03635907631560276
6498.0,0.351527640161163,0.5842868576849074,0.0641855021539296
5211.0,0.051659916432305775,0.5018846427887982,0.446455440778896
5084.0,0.3273293020350453,0.5123544268396696,0.16031627112528518
5448.0,0.02240926537482191,0.37338793682025545,0.6042027978049226
6726.0,0.33754673351454934,0.572194311474027,0.09025895501142353
5998.0,0.150906200507078,0.7683050475760674,0.08078875191685467
6240.0,0.06858700258015771,0.7415337083276102,0.18987928909223203
6515.0,0.19836995411739455,0.7624462815017133,0.03918376438089206
5757.0,0.5082847365911495,0.45154897801128413,0.04016628539756638
5285.0,0.07098395032781434,0.7626291575794537,0.16638689209273208
5558.0,0.0664387932815957,0.7282408992738917,0.2053203074445126
6032.0,0.1873970552210294,0.7886174908440957,0.023985453934874768
5763.0,0.10806499324921362,0.7875374821549884,0.1043975245957979
6541.0,0.08812619450185753,0.7353622137567183,0.1765115917414242
5482.0,0.1362350596613269,0.8231787750426547,0.040586165296018356
5241.0,0.13056176123318233,0.6692657831977633,0.20017245556905439
5118.0,0.8673477102355841,0.12972089186703545,0.002931397897380536
6481.0,0.08443144167792385,0.29481729396773315,0.620751264354343
6210.0,0.0896744186036796,0.5427089720340891,0.36761660936223134
5964.0,0.8577356512910053,0.14029125429113332,0.0019730944178615265
5524.0,0.5019017785654476,0.4434050688245817,0.05469315260997077
5255.0,0.5969297558200998,0.38411900001894367,0.018951244160956594
6575.0,0.5181573219971229,0.3841867540671645,0.09765592393571247
6066.0,0.08337807315205352,0.7099839404455369,0.20663798640240946
6332.0,0.12723719705044007,0.7814446570389855,0.09131814591057452
6795.0,0.324994843692349,0.6455893964730823,0.029415759834568775
5509.0,0.06189366068316149,0.6440053417023536,0.29410099761448494
5270.0,0.15948024059919844,0.7732751906407291,0.06724456876007244
5808.0,0.04159297552528604,0.6228970817409668,0.33550994273374724
6317.0,0.05425809035725838,0.885993090482583,0.059748819160158576
6051.0,0.45946011875892695,0.4906575811998623,0.04988230004121079
5499.0,0.06392621551702478,0.7348254701024317,0.20124831438054364
6773.0,0.015315849528694333,0.5108921972983925,0.4737919531729131
5103.0,0.08252800120553044,0.7208089112265037,0.19666308756796574
5224.0,0.04980337473555091,0.7463685820261031,0.20382804323834589
6464.0,0.6903224446025557,0.305401985660714,0.004275569736730418
5710.0,0.0901409967678174,0.37965842532270566,0.5302005779094769
5981.0,0.02579375668843635,0.6504511782335135,0.32375506507805013
6227.0,0.06957562219517716,0.6099422667773313,0.3204821110274916
5641.0,0.048259836320928895,0.8816643673419364,0.07007579633713469
6407.0,0.009013303461057916,0.39093517187162374,0.6000515246673184
6164.0,0.8076746275061616,0.18396504017246043,0.008360332321378004
5914.0,0.5253694311680315,0.46408053426825896,0.010550034563709723
6706.0,0.5349331585481434,0.4536949847668208,0.011371856685035733
5436.0,0.1089130975565103,0.719504170984908,0.1715827314585817
5032.0,0.027404521939225757,0.4669950779542378,0.5056004001065365
5167.0,0.02894457014104028,0.6024834929076378,0.36857193695132195
6649.0,0.790074179968361,0.17796328860502564,0.031962531426613185
5879.0,0.4501798570614767,0.519277107797543,0.030543035140980414
6116.0,0.00884025461278329,0.31871233571552704,0.6724474096716897
6378.0,0.4520137220524789,0.5302170269928808,0.01776925095464038
5329.0,0.135100429898345,0.7991716776927907,0.06572789240886431
4950.0,0.7028955884819408,0.28156588874119154,0.015538522776867734
5862.0,0.4807021379730281,0.460036607070496,0.059261254956475884
6632.0,0.3092165259119981,0.5718115427598189,0.11897193132818293
6395.0,0.2508371822462233,0.7067363921257668,0.04242642562801004
6133.0,0.10777454954307128,0.41307915350870517,0.4791462969482235
5587.0,0.02941930265677425,0.7207310087120399,0.24984968863118584
4935.0,0.734209090269074,0.2494467784560412,0.016344131274884825
5312.0,0.5648951886935316,0.42268766281585746,0.012417148490610801
6422.0,0.15010021177239577,0.7712840026899,0.0786157855377041
5656.0,0.014708375406184837,0.4927310398779423,0.4925605847158729
5899.0,0.19819429896016577,0.677705930474583,0.12409977056525114
6149.0,0.039843384513773596,0.556803761286081,0.40335285420014544
5421.0,0.8492412812502819,0.14748041984134386,0.0032782989083741504
5182.0,0.11259858396850911,0.728469855855143,0.15893156017634796
5049.0,0.08892065264024196,0.7837935835127721,0.12728576384698598
6103.0,0.24357371283910603,0.6811371685208659,0.07528911864002805
6361.0,0.015004577548071395,0.5413646286135052,0.4436307938384234
6602.0,0.8741417030985323,0.12244369165225068,0.0034146052492168575
5828.0,0.7257111448244526,0.2683017607571037,0.005987094418443648
4965.0,0.27205293063988584,0.7093854807602324,0.01856158859988173
5346.0,0.08362101034407722,0.7197055752391187,0.19667341441680403
5617.0,0.5908978395267157,0.3951468802211923,0.013955280252091811
6183.0,0.16211585183994043,0.7694841862496054,0.06839996191045437
5929.0,0.17757297658408802,0.742491470433275,0.079935552982637
5690.0,0.01789769055624335,0.5449755802213953,0.43712672922236134
6452.0,0.18142385358655022,0.7205160428398826,0.09806010357356723
5148.0,0.05337050035248569,0.6112294478361772,0.33540005181133714
5019.0,0.22398263267589744,0.7366132397174696,0.03940412760663297
6657.0,0.006079042717100884,0.5181292101401724,0.4757917471427267
5391.0,0.031102707404306783,0.6835116166224614,0.2853856759732318
5944.0,0.037396396763506846,0.6183165690567911,0.3442870341797021
6198.0,0.8249766509454525,0.16850404088897733,0.006519308165570272
6437.0,0.5123264278958755,0.43033603634047424,0.05733753576365014
5675.0,0.058361381803780484,0.7393905274165452,0.20224809077967443
5002.0,0.015951240008665116,0.4894937858174935,0.4945549741738414
5133.0,0.06028722173773755,0.5999704288985541,0.33974234936370834
5406.0,0.017304905543745273,0.538491620719937,0.44420347373631786
6672.0,0.028357605445172396,0.7308431971799564,0.24079919737487113
6344.0,0.5860005294545849,0.34442834287832463,0.06957112766709059
6086.0,0.021555109180246085,0.3812882164626906,0.5971566743570633
5845.0,0.056942124678264,0.5916449020860637,0.35141297323567233
6619.0,0.01040291575696964,0.36394982374150525,0.6256472605015251
5363.0,0.09983288215549949,0.7167500470125615,0.18341707083193898
4980.0,0.40024253916221314,0.5742061110031504,0.025551349834636503
5600.0,0.26354700976591827,0.7138399327872011,0.02261305744688061
5557.0,0.3380652592673454,0.6349834990849677,0.02695124164768681
5286.0,0.08922825575164942,0.41278911388997935,0.4979826303583713
6542.0,0.7919786868951306,0.2058166522777414,0.0022046608271278534
5760.0,0.08628370840405256,0.782321850310621,0.13139444128532646
6035.0,0.3553774179864297,0.5073611304330976,0.13726145158047262
6301.0,0.24612264331806416,0.7084254136147671,0.04545194306716878
6725.0,0.17670069168047964,0.6695723153395428,0.1537269929799777
5451.0,0.025663601067018434,0.6578889868046397,0.3164474121283418
5208.0,0.028679310906961502,0.7232141588364791,0.24810653025655938
5087.0,0.027407990652067556,0.5451208979888412,0.42747111135909116
5758.0,0.12401732001269494,0.8152436645052155,0.06073901548208955
6512.0,0.1559538536183389,0.7467261717966048,0.0973199745850562
6243.0,0.33849187372389666,0.6554585980647559,0.0060495282113475135
5997.0,0.006663962653097283,0.2084343219146379,0.7849017154322648
5466.0,0.08910371178884786,0.8787736453410768,0.03212264287007524
6740.0,0.4081505864552186,0.570916391416929,0.020933022127852488
5070.0,0.42404097451529976,0.5366949023587265,0.039264123125973764
5193.0,0.48797266072326784,0.4943116848602173,0.017715654416514775
6497.0,0.33853355885980696,0.624765107314633,0.03670133382556016
5743.0,0.4629632431383361,0.517232915985993,0.019803840875670865
6012.0,0.4446197068245954,0.4765404376412873,0.07883985553411735
6258.0,0.0709298028715049,0.7106190200111914,0.21845117711730366
5540.0,0.021935206671646005,0.6111495717806673,0.3669152215476866
5303.0,0.07631531386370445,0.8097807070870231,0.11390397904927242
5777.0,0.5371831536782383,0.42613255795030175,0.03668428837145988
6559.0,0.022280515943490505,0.5552379281598175,0.422481555896692
6284.0,0.14357731718135372,0.7344328496135941,0.12198983320505224
6018.0,0.23703401462595083,0.7406338992267713,0.022332086147277885
5100.0,0.7321034114070454,0.24931937907092583,0.0185772095220288
5227.0,0.0775503601049932,0.7040306310911401,0.21841900880386675
6774.0,0.09661853299614732,0.7357639219797626,0.16761754502409013
5496.0,0.08000932706214321,0.8202921037511757,0.09969856918668117
6224.0,0.2568074535261064,0.6444442892897095,0.09874825718418408
5982.0,0.7131467173752196,0.2746581154214611,0.012195167203319259
5709.0,0.15036261502379858,0.6572638336685753,0.192373551307626
6467.0,0.059271454465873126,0.8154966702376159,0.12523187529651092
5269.0,0.41153498556487783,0.5299158279746187,0.05854918646050347
6792.0,0.039830345611626725,0.7149840961493219,0.24518555823905142
6048.0,0.8419430878583393,0.15492698414579273,0.0031299279958680115
6318.0,0.07791063572379231,0.8347718003600367,0.08731756391617093
6589.0,0.0990052232892649,0.6190857792558943,0.2819089974548408
5811.0,0.14027403936481328,0.7840799548231464,0.07564600581204027
5252.0,0.04171181702870601,0.6308639031136047,0.3274242798576893
5527.0,0.8369714735219874,0.15907317431420692,0.003955352163805588
6335.0,0.1100729361880685,0.7918763541830618,0.0980507096288697
6065.0,0.07638605422986014,0.660965879295843,0.2626480664742967
5794.0,0.24133069022503,0.5879400596711127,0.17072925010385723
6572.0,0.6769967620170029,0.32089131588356723,0.002111922099429921
5242.0,0.01362828905421364,0.48110013169016663,0.5052715792556196
5117.0,0.01608890013460431,0.5213710466258129,0.4625400532395828
5481.0,0.01348787042303218,0.5322262919258491,0.45428583765111874
5967.0,0.8365614015038007,0.16031177867013316,0.003126819826066207
6209.0,0.08171386006645531,0.7989255830518437,0.1193605568817009
6482.0,0.03743433983218024,0.8958610665009634,0.0667045936668563
5724.0,0.09036354984354933,0.4984458934084139,0.41119055674803673
6648.0,0.04050598125412608,0.49950837665165265,0.45998564209422127
6379.0,0.06838625081063061,0.7502720767641277,0.1813416724252418
6117.0,0.018127471513159056,0.6277965670863401,0.3540759614005007
5571.0,0.37698297918830603,0.6176169939943505,0.005400026817343428
5328.0,0.04586775730125552,0.4004160701251795,0.5537161725735651
4951.0,0.22511704671800323,0.6668270639953277,0.10805588928666907
6406.0,0.02307800437783765,0.5130112952283653,0.463910700393797
5640.0,0.1013844040618576,0.8496183654786144,0.04899723045952802
5915.0,0.06031889948053132,0.718355409274632,0.22132569124483661
6165.0,0.8301114430000327,0.16743186632766144,0.0024566906723059133
5437.0,0.281866356987413,0.7034941636057123,0.014639479406874578
6707.0,0.13074792188926587,0.5474700392376949,0.3217820388730393
5033.0,0.3899185061383282,0.5407673134375418,0.06931418042413014
5166.0,0.07890605970718789,0.698772259857362,0.22232168043544998
5657.0,0.8883021514044469,0.1078272745136329,0.0038705740819202816
6148.0,0.028763217553731058,0.6949172644702775,0.2763195179759915
5898.0,0.017646736963061266,0.34141068180615036,0.6409425812307884
6690.0,0.04466166359617106,0.8715191223297745,0.08381921407405438
5420.0,0.6760101781492431,0.3141004190909161,0.00988940275984077
5183.0,0.44064738428325845,0.496419094126632,0.06293352159010962
5048.0,0.11607774368220666,0.7943603646276195,0.08956189169017387
6633.0,0.09650834392839326,0.7670756736993605,0.1364159823722463
5863.0,0.32826953768779626,0.63833954814121,0.033390914170993734
6132.0,0.0730902510491161,0.3665375591862839,0.5603721897646
6394.0,0.03338956388939205,0.8027861546095723,0.1638242815010357
5586.0,0.1240116872481307,0.807181800090205,0.06880651266166422
4934.0,0.35145727109234104,0.5163806183899952,0.1321621105176637
5313.0,0.04636261705593677,0.7848148490337185,0.16882253391034477
5928.0,0.38553129507001077,0.5529329222081296,0.06153578272185956
6182.0,0.28224082929398714,0.6206929323705364,0.0970662383354766
6453.0,0.7909238415222825,0.20146575406699546,0.007610404410722166
5691.0,0.009598971720292481,0.4605419092874029,0.5298591189923045
5149.0,0.4845211698964825,0.4382680422110115,0.07721078789250616
5018.0,0.356088851425541,0.5746723693557753,0.06923877921868372
5390.0,0.07152302535904405,0.8634864918546682,0.06499048278628777
6656.0,0.37801718523940075,0.5917914612564286,0.030191353504170744
6360.0,0.04412094080028059,0.8232334727893442,0.13264558641037516
6102.0,0.4358032042338235,0.4224469374090404,0.14174985835713602
5829.0,0.06707911211701482,0.5015385171724209,0.4313823707105641
6603.0,0.10832090425848885,0.7602579739180403,0.13142112182347085
4964.0,0.0523014011198577,0.601388496361454,0.3463101025186882
5347.0,0.021890472593695823,0.605749031836203,0.3723604955701012
5616.0,0.1410704581996405,0.7564887234795551,0.10244081832080436
6087.0,0.012371283826772278,0.5521096154262066,0.43551910074702116
6345.0,0.3101889985853688,0.5623512822662774,0.1274597191483537
5844.0,0.10498499464306023,0.6876532677564179,0.20736173760052187
5362.0,0.5030444133649212,0.4215539834730087,0.07540160316207013
4981.0,0.027514375999847244,0.6631713443597244,0.30931427964042846
5601.0,0.03551895585557844,0.6867277715444263,0.2777532725999952
5945.0,0.09828588738728192,0.5579807101625406,0.34373340245017764
5674.0,0.15808017925003612,0.5505072891958509,0.2914125315541129
6436.0,0.15190404275853683,0.7788859211164911,0.06921003612497197
5003.0,0.13196318161586507,0.821946684518865,0.04609013386526995
5132.0,0.13323783811354528,0.7528297565397291,0.11393240534672565
6673.0,0.059839882489246564,0.8376610663751878,0.10249905113556562
5407.0,0.3331770884190735,0.6485138252303176,0.01830908635060884
5450.0,0.008273843317238185,0.4786971358719239,0.5130290208108378
6724.0,0.20816408898871128,0.7361349177671574,0.05570099324413131
5209.0,0.14587557954891733,0.657808297183287,0.1963161232677956
5086.0,0.021340153280686197,0.7064242995503007,0.2722355471690131
6513.0,0.7079174264623026,0.2755463680896514,0.016536205448046026
5759.0,0.09346185013573516,0.7974800708784381,0.10905807898582678
5996.0,0.38934063835376537,0.5982110632625535,0.012448298383681212
6242.0,0.05568263890807773,0.580860970677038,0.36345639041488426
5556.0,0.7694214166008957,0.22882982524599849,0.001748758153105784
5287.0,0.6539848480849636,0.32676625001047876,0.01924890190455759
5761.0,0.757006599578777,0.23935272534023125,0.003640675080991844
6543.0,0.10193525743899039,0.7653723509377208,0.1326923916232888
6300.0,0.5000388385019334,0.462815616321458,0.037145545176608466
6034.0,0.7276468697278743,0.2686432468967376,0.0037098833753881934
5541.0,0.03414925620838977,0.5295819000136487,0.4362688437779615
5302.0,0.021261324366380983,0.5997774611784219,0.37896121445519715
6558.0,0.12332277697798698,0.6739183564023644,0.20275886661964854
5776.0,0.6717927038533855,0.28961852102090313,0.03858877512571133
6019.0,0.5991936662082226,0.3891030014519975,0.01170333233977983
6285.0,0.4671626228085736,0.4832810381818989,0.04955633900952751
5467.0,0.26453415449527484,0.696073483265638,0.03939236223908702
5071.0,0.5219238615797384,0.454012502482629,0.024063635937632704
5192.0,0.1692507770271633,0.7663766564897304,0.06437256648310638
5742.0,0.04371140691890802,0.8876929050371505,0.06859568804394144
6259.0,0.06606706788565879,0.6576903245671721,0.276242607547169
6013.0,0.06613981431103907,0.7322444591416335,0.20161572654732737
5268.0,0.09690434104208037,0.8366805033862275,0.06641515557169209
6793.0,0.02298490376059873,0.5343582150816012,0.44265688115780005
5511.0,0.46249652153040016,0.5134589489279526,0.02404452954164716
6319.0,0.8565896483396535,0.1364051743484267,0.007005177311919978
5810.0,0.31331428060722377,0.6509722938641826,0.03571342552859367
5101.0,0.12043035504357047,0.42228818792552486,0.45728145703090467
5226.0,0.10589002961103654,0.7859584045513197,0.10815156583764386
5497.0,0.2556748251900781,0.6532214091469384,0.09110376566298357
6775.0,0.059579237503391676,0.717519973766582,0.22290078873002625
5983.0,0.17055265855382512,0.7241146247437522,0.10533271670242268
6225.0,0.01995830563593717,0.5938711454108071,0.38617054895325575
6466.0,0.23376653575514525,0.7029330226654047,0.06330044157945014
5708.0,0.06717481766599108,0.5120180166497967,0.42080716568421217
5116.0,0.6202292460214136,0.36681722394603333,0.012953530032552982
6758.0,0.553679174810961,0.42336629176531043,0.02295453342372848
5480.0,0.03645084236230379,0.4903173643597842,0.4732317932779119
6208.0,0.6423701072943659,0.34598490449552,0.011644988210114018
5966.0,0.023194749173898133,0.7457445220847703,0.2310607287413316
5725.0,0.013071594187803792,0.4884658107168468,0.4984625950953493
6483.0,0.6228789703704963,0.37071641312644454,0.006404616503059283
5253.0,0.08264184302171775,0.5920694919177262,0.325288665060556
5526.0,0.07222490607117739,0.6689620126458364,0.2588130812829862
6808.0,0.09227395443965893,0.721010901683568,0.18671514387677318
6064.0,0.11303239652113287,0.8283081209238994,0.058659482554967765
6334.0,0.5113713939144311,0.4724572960817702,0.016171310003798643
6573.0,0.1395823472765348,0.8421337639522753,0.01828388877118986
5795.0,0.2803484958676659,0.6785345564423946,0.041116947689939475
5400.0,0.2578672149711495,0.7167710024021826,0.025361782626667998
6678.0,0.7928111586826235,0.19928694366416785,0.007901897653208595
5004.0,0.08974158580569433,0.8283619658245719,0.08189644836973382
5131.0,0.07360257417612369,0.616086131662649,0.3103112941612274
6435.0,0.06428609203751429,0.8259640212165343,0.10974988674595146
5677.0,0.05626002521909724,0.887990466788816,0.055749507992086784
5950.0,0.3814117598054733,0.3254926674311667,0.29309557276336
6192.0,0.3739210200849493,0.5570758725904299,0.06900310732462078
5606.0,0.12407805601336681,0.5433021889465776,0.33261975504005564
5365.0,0.3348130157232616,0.5956949667332698,0.06949201754346862
4978.0,0.23508618716099253,0.6725842964020567,0.09232951643695073
5843.0,0.03823537482449483,0.6715118969323243,0.2902527282431809
6621.0,0.868991754943696,0.12850028097159585,0.002507964084708219
6350.0,0.07753436326169214,0.5984476833863127,0.32401795335199507
6080.0,0.1248299708562323,0.8139719889727259,0.06119804017104185
5623.0,0.03446194721539187,0.8183349990107543,0.14720305377385381
4963.0,0.7813708899671638,0.213292642610845,0.005336467421991295
5348.0,0.09966958175386598,0.7830691695885522,0.11726124865758186
6604.0,0.25130514496591183,0.6983791788780347,0.05031567615605341
5826.0,0.2194040175463508,0.4687096249721134,0.3118863574815358
6097.0,0.41763428768714184,0.5067763203878329,0.07558939192502515
6367.0,0.8862958706826495,0.10306540624688304,0.010638723070467399
5385.0,0.007201280049311924,0.5757984632505897,0.4170002567000984
5146.0,0.23086681604140888,0.6670184577055684,0.1021147262530226
5021.0,0.16139024012874106,0.7793834855933968,0.059226274277862305
5692.0,0.40408206550760156,0.3669423842858763,0.22897555020652213
6450.0,0.4475868875579821,0.5378355080799043,0.014577604362113486
6177.0,0.16364186434788586,0.5670331831623044,0.2693249524898097
5935.0,0.012433473248108276,0.46674213569742384,0.5208243910544679
4929.0,0.0672855935985688,0.7745679311251572,0.1581464752762739
5318.0,0.01850759040935082,0.5367476035571572,0.44474480603349187
5589.0,0.7850468389128287,0.20125546120823126,0.013697699878940007
6131.0,0.05861012572756495,0.5325572222298774,0.4088326520425577
5856.0,0.08897622270384553,0.8067552814698561,0.10426849582629824
6638.0,0.42334771834068263,0.5345502597656494,0.042102021893667914
5176.0,0.3914566836309996,0.5993898793778248,0.009153436991175521
5055.0,0.2571172625871599,0.6485129175876825,0.09436981982515756
5419.0,0.037168283985447026,0.6280793089547573,0.33475240705979575
6693.0,0.14137934347017383,0.6247087364554809,0.23391192007434525
5901.0,0.5122650051146185,0.4788254170042044,0.008909577881177229
6147.0,0.1508051471893195,0.6600228651109691,0.18917198769971144
6416.0,0.07219636247206387,0.5198784594304834,0.40792517809745266
5662.0,0.2694235729037893,0.7181189144046327,0.012457512691577965
5038.0,0.8319331816244696,0.16415570161957324,0.003911116755957027
5161.0,0.05413234089365744,0.7565569387010102,0.1893107204053324
6708.0,0.7591647413405982,0.23213802047167936,0.008697238187722384
5434.0,0.049694290751182195,0.41588761093150095,0.5344180983173169
6162.0,0.013748611462316117,0.593308448655995,0.392942939881689
5916.0,0.0521700891748426,0.7744604744577118,0.17336943636744567
5647.0,0.22288965434103272,0.698116174502398,0.07899417115656912
6401.0,0.5862785599356857,0.3388815150140272,0.07483992505028707
5335.0,0.035198937635028016,0.5888458384496591,0.375955223915313
4944.0,0.09658711367973363,0.8196380188303447,0.08377486748992173
5572.0,0.027982589038081332,0.48483597680925716,0.48718143415266146
6114.0,0.0398382940877092,0.5545544780458044,0.4056072278664863
6380.0,0.13555010557043864,0.714523905240994,0.1499259891885674
6655.0,0.11587161859617916,0.7445873722237395,0.13954100918008144
5873.0,0.05290370246140221,0.6136684991212568,0.3334277984173411
5796.0,0.8548391250698698,0.142629238813439,0.0025316361166911887
6570.0,0.04572395649458649,0.8597452893761988,0.09453075412921487
6329.0,0.8090104963856589,0.1856258159049158,0.005363687709425339
6071.0,0.7642606340993718,0.23171042261679506,0.004028943283833162
5521.0,0.6996323287287323,0.2888614221566838,0.011506249114583951
5250.0,0.12211406644464326,0.697094001823505,0.18079193173185182
6484.0,0.16432522617021314,0.7647647045574205,0.07091006927236637
5722.0,0.21590549666307216,0.5446163631569915,0.23947814017993632
5961.0,0.03116915232446374,0.4134081711229747,0.5554226765525616
6215.0,0.1333070342049606,0.7584608765592092,0.10823208923583023
5487.0,0.027889053122267828,0.808238353442588,0.1638725934351441
6753.0,0.024550472141024578,0.8048964414734741,0.17055308638550118
5244.0,0.05065554826409893,0.7483550218201879,0.20098942991571317
5115.0,0.006614695243718501,0.31068850016000304,0.6826968045962785
5707.0,0.05358013534465354,0.5123054068433734,0.43411445781197305
6469.0,0.2836077191074147,0.6896087602238842,0.026783520668701124
6230.0,0.04242349346218481,0.47384030127504795,0.4837362052627672
5976.0,0.02903016625704187,0.7167612524574501,0.25420858128550805
6768.0,0.07282793213704791,0.5029290014673005,0.42424306639565157
5502.0,0.39354682659860074,0.5698264142845225,0.03662675911687676
5098.0,0.39067281139048915,0.5967893966363796,0.012537791973131134
5229.0,0.039556793598214575,0.7156994549092061,0.24474375149257935
6587.0,0.1378686237639017,0.7248614732842042,0.1372699029518939
5813.0,0.9019128572024283,0.09562120058420381,0.002465942213367875
6054.0,0.3401414566104797,0.5968081988852388,0.06305034450428154
6312.0,0.0341063592299461,0.5687631154883089,0.3971305252817451
5504.0,0.055416376089758836,0.7447231697611135,0.1998604541491276
6798.0,0.34261300533372896,0.6327183408029503,0.02466865386332055
5267.0,0.07891557111949112,0.7591232668657603,0.1619611620147486
6010.0,0.25041548345590553,0.5630207808768507,0.18656373566724377
6260.0,0.5759698470355417,0.4183791590455151,0.005650993918943202
6503.0,0.032393802382119107,0.8733626176408278,0.09424357997705311
5737.0,0.8557455672675943,0.14167288533179165,0.0025815474006139418
5064.0,0.013273729980128246,0.38650489908902697,0.6002213709308447
5199.0,0.011305038439610613,0.4120379826789111,0.5766569788814783
5468.0,0.7416068257369557,0.2321832699686463,0.02620990429439793
6738.0,0.033466315977907925,0.5001256562810014,0.46640802774109075
6282.0,0.4674296817938515,0.4991077153306771,0.03346260287547134
6020.0,0.03552209358373851,0.8207007223506427,0.14377718406561862
6553.0,0.578241913911825,0.342699147452678,0.07905893863549698
5297.0,0.36345323500611243,0.6211127772584735,0.01543398773541414
4918.0,0.05893628021639149,0.8473447733717763,0.09371894641183214
5538.0,0.7872516259843009,0.20771599959609152,0.005032374419607625
6037.0,0.09296723500867098,0.7562818937631719,0.15075087122815714
6299.0,0.03448589488030189,0.7324407401382482,0.23307336498144984
6536.0,0.021727143457265407,0.5799846222253723,0.3982882343173624
5766.0,0.6995058058488456,0.2928839324782882,0.007610261672866175
5280.0,0.17814902395602808,0.7596994170620641,0.06215155898190777
5555.0,0.05155893007708953,0.7757525045868138,0.17268856533609672
6245.0,0.029797466129002505,0.8389728452143832,0.13122968865661438
5995.0,0.8319050275073407,0.1621541429063656,0.00594082958629373
5752.0,0.1928484010658926,0.6152375152144708,0.1919140837196366
6518.0,0.011942279360080106,0.3779479424086699,0.61010977823125
5214.0,0.032498129799222904,0.6678679706281648,0.2996338995726122
5081.0,0.02431906246649482,0.5823437633161833,0.39333717421732184
6723.0,0.84036346157591,0.15825798270221356,0.0013785557218764777
5453.0,0.02418654214087382,0.8270825621799257,0.1487308956792005
5607.0,0.056661217314603086,0.8139491331854012,0.12938964949999585
5364.0,0.37113998609775156,0.6139033866981023,0.01495662720414616
4979.0,0.09151241903090465,0.7999331956828607,0.10855438528623465
6620.0,0.021368566283347858,0.6715450178710857,0.30708641584556645
5842.0,0.026673921676273596,0.7089670347838574,0.26435904353986905
6081.0,0.08341244698425246,0.881339529773421,0.035248023242326496
6351.0,0.04919417977099519,0.726305109565428,0.2245007106635768
6679.0,0.7221292219582625,0.2713063564751367,0.006564421566600917
5401.0,0.06270134519167164,0.7920145222964866,0.1452841325118417
5005.0,0.04544924870989625,0.6473460704123865,0.3072046808777174
5130.0,0.050865399835145195,0.7500808686219445,0.1990537315429102
5676.0,0.1817258532150907,0.7330062520501699,0.08526789473473936
6434.0,0.03302654171014584,0.7156682110392619,0.2513052472505922
6193.0,0.28469327181768,0.6188688389038212,0.0964378892784989
5951.0,0.8932849585484157,0.10446617970376007,0.002248861747824147
5384.0,0.09285098450216277,0.6988149561368184,0.20833405936101895
6662.0,0.22910371406815386,0.761118010929592,0.009778275002254193
5147.0,0.10463601418080566,0.8219967383392048,0.07336724747998953
5020.0,0.32625948002965266,0.6372900878468385,0.03645043212350885
6451.0,0.05378402558022122,0.5921161018096283,0.3540998726101505
5693.0,0.23213874861035744,0.617835368738642,0.15002588265100056
5934.0,0.2726077864907966,0.681539178604184,0.04585303490501921
6176.0,0.05200814403059201,0.5952142070381893,0.35277764893121866
5622.0,0.06892998395099267,0.8772676367468403,0.05380237930216708
4962.0,0.01957055905211959,0.8152971283748831,0.16513231257299724
5349.0,0.07197606749484325,0.8070884228937953,0.12093550961136143
6605.0,0.1101973014255045,0.6785245127089525,0.21127818586554298
6366.0,0.09626325626617671,0.42348740151274217,0.4802493422210812
6096.0,0.05279269264775798,0.5701572861538122,0.3770500211984298
5177.0,0.8851234864809792,0.11345920311512693,0.0014173104038940638
5054.0,0.07605585497156948,0.7176753724119057,0.20626877261652465
6692.0,0.2692949042501325,0.6244712573195883,0.1062338384302792
5418.0,0.10723617857890844,0.6782644303585054,0.2144993910625862
6146.0,0.043914265109351085,0.57105094828492,0.3850347866057289
5900.0,0.5040504810093266,0.473784571609554,0.022164947381119467
5663.0,0.23412002761334835,0.6597339670398482,0.10614600534680342
6417.0,0.26458118408522296,0.716926399306119,0.018492416608658045
4928.0,0.10548784485209631,0.6536571562299734,0.2408549989179302
5319.0,0.2270734836582352,0.7379551045213616,0.03497141182040314
5588.0,0.13222794116522474,0.6954721910124178,0.17229986782235768
6130.0,0.015593381109358661,0.4062010523075117,0.5782055665831296
6396.0,0.7757480264109902,0.21590891527206402,0.008343058316945947
6639.0,0.015106126471096833,0.44477849394742774,0.5401153795814754
