6393.0,0.02011548591754183,0.3748336475250656,0.6050508665573926
6135.0,0.014705794261169811,0.6309742569052421,0.35431994883358786
5860.0,1.736021994619028E-8,0.009500081784217249,0.9904999008555627
6634.0,0.7027909194818689,0.29715200358038935,5.7076937741739844E-5
4933.0,3.456586509462738E-6,0.32893069193098823,0.6710658514825023
5585.0,0.04010033512604081,0.9568518623374472,0.003047802536511981
5897.0,0.6249567683702191,0.37449437836631594,5.488532634648764E-4
6151.0,3.873291606902126E-5,0.783568064125803,0.21639320295812797
6420.0,0.9827197432073056,0.01727119591962828,9.06087306623168E-6
5658.0,0.9964842453470029,0.0035156286762482126,1.2597674885999576E-7
5180.0,0.9117734077761137,0.08815114271348719,7.544951039903344E-5
5051.0,1.8194369660448448E-9,0.018829205363546927,0.9811707928170162
5423.0,2.626633927942738E-6,0.004278046934265082,0.995719326431807
6689.0,0.6390091761471094,0.3572951195818973,0.003695704270993239
6166.0,2.7526219302357593E-4,0.9423362077529508,0.057388530054025604
5912.0,0.028292048770044674,0.962001470924098,0.009706480305857197
5643.0,2.458351483393962E-5,0.28641873277808527,0.7135566837070808
6405.0,3.690864784200623E-7,0.03977953760376571,0.960220093309756
5034.0,0.05236624696551568,0.9342192448840141,0.013414508150470144
5165.0,0.354549731000352,0.641613934657484,0.0038363343421640534
6704.0,4.498865170286013E-4,0.9341876354778501,0.06536247800512127
5438.0,0.9965984125844034,0.0034015167685669716,7.064702977912956E-8
6118.0,1.61110529978062E-6,0.2080690094821056,0.7919293794125946
6376.0,3.596567036842113E-5,0.31998455370143175,0.6799794806281999
6651.0,0.0023792134303100777,0.9923951206571892,0.005225665912500861
5877.0,7.783002916637255E-7,0.033873749431655054,0.9661254722680533
5331.0,1.3974471939809857E-4,0.9577573578249686,0.04210289745563326
4948.0,9.823298482411417E-4,0.9076124918188104,0.09140517833294826
5568.0,1.0267599843501555E-4,0.7484427603354711,0.2514545636660939
5673.0,0.0016290195413950735,0.9348899070942195,0.0634810733643853
5946.0,0.9686771881238447,0.03125525248111725,6.755939503806031E-5
6196.0,0.7732531207359963,0.2266996722460363,4.7207017967300164E-5
5404.0,0.0031135765227816806,0.7988118218264865,0.19807460165073182
5000.0,0.4789539645917391,0.5166851705621324,0.004360864846128479
5135.0,3.382242531263378E-4,0.7435720295849384,0.2560897461619353
5847.0,0.21310441690517679,0.6946457084698356,0.0922498746249875
6617.0,0.7158112922967872,0.284164966862165,2.374084104790691E-5
6346.0,0.15936517412443427,0.828027058118539,0.01260776775702661
6084.0,0.5128722893385109,0.4816455843679212,0.005482126293567916
5602.0,0.9925251612977506,0.007418807832663925,5.603086958542252E-5
5361.0,0.966068653069776,0.03393021811682401,1.1288134001207458E-6
4982.0,0.014210866089406618,0.982242667891232,0.003546466019361335
6600.0,0.15025698305482213,0.8481655021079543,0.0015775148372234942
5830.0,1.2173717498594665E-4,0.5906142390700659,0.4092640237549481
6101.0,0.552403702562106,0.4474721029687156,1.2419446917841454E-4
6363.0,7.162392459955716E-9,9.3342677465133E-4,0.9990665660629563
5619.0,0.019699138878064803,0.9781736039124131,0.002127257209521935
4967.0,0.8941973325742327,0.10579965739521394,3.010030553257864E-6
5344.0,0.024325951255312665,0.9743462987579727,0.0013277499867146991
5688.0,8.60717713959805E-8,0.028142603118037488,0.9718573108101911
6454.0,0.889787278987157,0.10972174209683845,4.90978916004476E-4
6181.0,0.9517502069737652,0.0482447483804279,5.044645806846409E-6
5931.0,0.0012380003189325344,0.7492684484146305,0.24949355126643702
6659.0,6.417336924677196E-10,0.0019161763803902114,0.9980838229778761
5389.0,0.002141121102872505,0.868893685232072,0.12896519366505557
5150.0,0.5053544916144674,0.49453966225654317,1.0584612898933675E-4
5017.0,0.9933849874396753,0.006610324156134815,4.688404189816217E-6
5068.0,0.06352188952722612,0.9154729470555905,0.021005163417183434
5195.0,0.003576421478021721,0.9658671067744324,0.030556471747545833
5464.0,0.11947487966408554,0.7961473123839737,0.08437780795194065
6742.0,0.003302438407239278,0.9627052263961153,0.0339923351966454
6014.0,6.194092263887923E-8,0.008387489076319646,0.9916124489827576
6256.0,0.7057030486558886,0.29339224444375284,9.047069003585221E-4
6499.0,3.0492876571669775E-5,0.41081587940094694,0.5891536277224814
5741.0,2.261101558769623E-6,0.31553083592681985,0.6844669029716213
5301.0,0.03597889535088726,0.9616616859416529,0.002359418707459812
5542.0,0.0756340018446982,0.923223770169339,0.0011422279859627038
6286.0,0.6569298154905344,0.3430121291935143,5.8055315951337405E-5
6016.0,0.015491944718480047,0.5644390813266166,0.4200689739549034
5779.0,0.004734895539644699,0.9924427401815739,0.00282236427878134
6557.0,2.2347494041556138E-8,0.0028779873024459817,0.99712199035006
5284.0,0.35927359335347925,0.6367011231674639,0.0040252834790569
5559.0,1.8297651903780026E-6,0.008134773359884986,0.9918633968749245
6033.0,0.019786516598369535,0.8668798660806846,0.1133336173209457
6303.0,0.991037333417315,0.008959579369400604,3.087213284508829E-6
6540.0,0.20720443138724698,0.7691129807362879,0.02368258787646522
5762.0,0.0010872937925339712,0.7564565965148049,0.24245610969266124
5210.0,0.06536536751581698,0.931306042808295,0.003328589675888184
5085.0,0.9979855445161735,0.002014413415101001,4.2068725518183244E-8
6727.0,0.36071745130481436,0.639201462925695,8.108576949055957E-5
5449.0,0.062425845269101894,0.9361032641059148,0.0014708906249834082
6241.0,0.9917054610350058,0.008293249732025583,1.2892329686126424E-6
5999.0,9.610776384153572E-6,0.031834384984014294,0.9681560042396015
5756.0,0.018257378315819413,0.7309832770051883,0.25075934467899225
6514.0,0.08419239204370323,0.8685356200325964,0.047271987923700395
5254.0,0.762711060049036,0.23725921637876082,2.9723572203324863E-5
5792.0,7.364843012535499E-15,7.361423187259373E-6,0.9999926385768053
6574.0,0.0037969841105873377,0.9519653395861546,0.0442376763032581
6333.0,4.630832527572975E-8,0.016234392379358538,0.9837655613123162
6067.0,0.012386691244506153,0.9854930411353128,0.0021202676201811316
5483.0,0.014185084247084914,0.9761110214252224,0.009703894327692652
6757.0,0.07040544784773901,0.9214652952628403,0.008129256889420683
5240.0,0.6636458673967321,0.33634072555526817,1.340704799971159E-5
5119.0,0.04248428330633488,0.7454013860098835,0.2121143306837817
6480.0,0.018541323538680363,0.9733889412893966,0.00806973517192306
5726.0,2.845675800282709E-5,0.327697030926021,0.6722745123159761
5965.0,0.04106190819519529,0.5816764981498064,0.3772615936549983
6772.0,0.3159559726853935,0.6837934691769879,2.5055813761862576E-4
5498.0,0.020697503073270365,0.9743876874817802,0.004914809444949364
5102.0,1.2328564674911813E-6,0.07545300504165535,0.9245457621018771
5225.0,0.039111461407682,0.8574100635936944,0.10347847499862353
5711.0,0.8409147259073279,0.15908169651449564,3.577578176426472E-6
6465.0,0.8581612147501098,0.14032824613131628,0.00151053911857406
6226.0,0.00998846354914767,0.9887186169922695,0.001292919458582929
5980.0,0.797946852914819,0.20173783850092536,3.153085842555986E-4
5508.0,0.9113833288319338,0.07380529554287474,0.014811375625191494
6794.0,0.012265192847031956,0.9841963266439615,0.0035384805090064708
5271.0,0.962454731361223,0.03752710790863565,1.8160730141366193E-5
6591.0,0.023847313394462773,0.961215895642123,0.014936790963414137
5809.0,6.414641646956924E-6,0.9924981443758072,0.007495440982545833
6050.0,0.2181220983582029,0.7797088276952162,0.0021690739465810164
6316.0,6.6448324621382355E-6,0.7914606245164271,0.2085327306511107
6150.0,0.34809433785937943,0.651443426651356,4.622354892644004E-4
5896.0,2.488058285006502E-6,0.538835304892154,0.4611622070495609
5659.0,6.838879830422597E-6,0.31404015099626753,0.6859530101239021
6421.0,0.03135521558716793,0.9655520805783895,0.003092703834442652
5181.0,0.9970358071019569,0.002964169303930519,2.359411252603772E-8
5050.0,3.4273908861991437E-10,0.002223639331809141,0.9977763603254518
6688.0,0.006045539384956913,0.9906035294786648,0.003350931136378313
5422.0,0.2545280570543775,0.7451357266225128,3.362163231097798E-4
6134.0,1.6265949937300835E-6,0.14748139622301462,0.8525169771819916
6392.0,6.445068169419867E-6,0.13768668140246806,0.8623068735293624
6635.0,0.8255168614041537,0.17447594044907433,7.198146771895156E-6
5861.0,2.4730617181608388E-6,0.6429911417128055,0.35700638522547645
4932.0,1.445372911376022E-4,0.1571017564720703,0.842753706236792
5315.0,0.1474138525811469,0.8315393822451875,0.02104676517366561
6377.0,0.45058598415537543,0.5449250316622163,0.004488984182408193
6119.0,0.34174339891359196,0.6581097027894571,1.46898296950921E-4
5876.0,5.056637752103682E-6,0.014697946603297677,0.9852969967589501
6650.0,4.493855639198739E-9,0.034760334316105146,0.9652396611900392
5330.0,0.0013229103498205899,0.6791254692801794,0.3195516203699999
4949.0,0.9132192535013095,0.08677645042927352,4.2960694171167234E-6
5569.0,0.0069949981100181375,0.9734680335157976,0.019536968374184376
5913.0,0.00907961830697162,0.9166977939012644,0.0742225877917641
6167.0,4.9751382447031494E-5,0.1229621749857622,0.8769880736317908
6404.0,3.206896389935469E-4,0.8215090929256218,0.17817021743538466
5642.0,0.9565522144416923,0.04258120011697092,8.665854413367926E-4
5035.0,2.1091575313889315E-11,8.385950934831581E-4,0.9991614048854252
5164.0,0.01407461825637157,0.7118084835726001,0.27411689817102836
5439.0,5.565189680022723E-4,0.92018844900204,0.0792550320299576
6616.0,0.008107406906209057,0.7712258376797169,0.22066675541407405
5846.0,0.9218371183315405,0.07808862870637609,7.425296208343556E-5
6085.0,0.0016018561154882535,0.9874874633088812,0.010910680575630506
6347.0,0.9890983193746131,0.010894840942753631,6.8396826333089035E-6
5603.0,1.9593535870651648E-4,0.03314439272348593,0.9666596719178077
5360.0,3.078032899754916E-4,0.9894166859292705,0.010275510780754003
4983.0,3.9209142252630264E-4,0.790918184258247,0.20868972431922672
5672.0,0.8504649912731298,0.1495233831878669,1.1625539003197528E-5
6438.0,0.0015628026043115804,0.6303744019696595,0.36806279542602877
6197.0,0.6092495574363287,0.3876684561750656,0.0030819863886057987
5947.0,0.0016926842818790822,0.9923300814049328,0.005977234313188094
6675.0,5.9646160295127064E-5,0.870933249126449,0.1290071047132558
5405.0,1.698927475523429E-6,0.43518142089075407,0.5648168801817703
5001.0,0.001094869614899113,0.9926763228684461,0.006228807516654683
5134.0,0.9776202471534651,0.022375613238324953,4.139608210002578E-6
5689.0,2.2132231085407838E-6,0.3664537793011935,0.6335440074756981
5930.0,0.25472563045081603,0.7416077115679094,0.0036666579812745675
6180.0,1.1937128477252503E-9,0.004412818570033173,0.995587180236254
5388.0,0.2631990775622859,0.7339825255501938,0.00281839688752016
5151.0,1.3267272104501103E-5,0.9044411747771312,0.09554555795076437
5016.0,3.592760093342564E-7,0.21017877870025967,0.789820862023731
5831.0,1.3272143265166735E-4,0.8505939226531825,0.14927335591416588
6601.0,0.9676648270406518,0.03232743976222415,7.733197123911072E-6
6362.0,0.04969075758682871,0.6235307280016428,0.3267785144115286
6100.0,0.9814273378086239,0.018543634293321464,2.9027898054568344E-5
5618.0,3.565555240726169E-5,0.03199794980128104,0.9679663946463117
4966.0,0.0033247374357206405,0.9962762353423862,3.990272218931485E-4
5345.0,0.23828026247828463,0.7523545780443216,0.009365159477393793
5300.0,0.07424494059835088,0.9226483504804934,0.003106708921155894
5543.0,0.8113725046189886,0.14798591809718922,0.04064157728382214
6017.0,0.013230349521117412,0.9864256088194279,3.440416594546672E-4
6287.0,0.987390022084274,0.012608030131260902,1.9477844651167886E-6
6556.0,0.024710289316161326,0.9558120008866138,0.019477709797224713
5778.0,2.7327145168294995E-5,0.9643460534019782,0.035626619452853434
5069.0,5.538862115527441E-6,0.18772048892735696,0.8122739722105276
5194.0,0.24648548476223614,0.7510809424006345,0.0024335728371294957
6743.0,0.1951362772912966,0.8043960029350103,4.677197736930513E-4
5465.0,0.9855739111985509,0.01442570875147214,3.8004997684105357E-7
6257.0,0.007512565959774975,0.9922409203056185,2.465137346065376E-4
6015.0,0.4549528117271227,0.544830666136891,2.165221359862796E-4
6498.0,6.006634750825717E-4,0.18281764794180913,0.8165816885831082
5211.0,1.0830514168140116E-6,0.0669247521853442,0.933074164763239
5084.0,0.020198287651198233,0.4850652836026934,0.4947364287461084
5448.0,3.2754134102933377E-9,0.01640675925917939,0.9835932374654073
6726.0,0.004504510073156092,0.5472542981963366,0.44824119173050725
5998.0,0.4168158993340801,0.5828532428241675,3.30857841752505E-4
6240.0,4.5514551002300764E-5,0.42858384588389364,0.5713706395651041
6515.0,0.047986969359682705,0.9510316277683413,9.814028719759883E-4
5757.0,0.8149236000654444,0.1850133896718126,6.301026274310823E-5
5285.0,2.004581693520396E-5,0.025055662014672155,0.9749242921683927
5558.0,4.1297758747813454E-5,0.1803030223180272,0.819655679923225
6032.0,0.04430816871227395,0.9518768022833344,0.0038150290043916955
5763.0,0.06638695012885958,0.929912659708963,0.003700390162177472
6541.0,0.009849362732229193,0.9781745014965701,0.011976135771200668
5482.0,0.06957698753623048,0.9300669104727444,3.56101991025061E-4
5241.0,1.189374940652792E-4,0.8213536762647278,0.17852738624120698
5118.0,0.9972616242443783,0.002737843470147899,5.322854738459195E-7
6481.0,3.979295806114467E-7,0.09155219576946984,0.9084474063009496
6210.0,4.548422960563508E-4,0.9912691515443077,0.008276006159635828
5964.0,0.9996700698825524,3.299204414328667E-4,9.676014653699003E-9
5524.0,0.5545023340405164,0.4330039111933208,0.012493754766162742
5255.0,0.9306240784696393,0.06927398840883472,1.0193312152607416E-4
6575.0,0.08966063305412714,0.8961048504149243,0.014234516530948644
6066.0,0.04164086809072664,0.7179816558300685,0.24037747607920482
6332.0,0.058526381495334144,0.9390558220974827,0.0024177964071831464
6795.0,0.6889668643726056,0.3110054810930044,2.7654534390048068E-5
5509.0,0.0012273033314900573,0.44961163654573694,0.5491610601227731
5270.0,0.4008448374318435,0.5990170768845904,1.3808568356596336E-4
5808.0,4.4607799774652424E-5,0.5806873818436789,0.4192680103565465
6317.0,0.004190897951660253,0.9934127855342685,0.002396316514071307
6051.0,0.15058792338055083,0.8448417198137348,0.004570356805714304
5499.0,0.0014467039494728978,0.7241558704349036,0.27439742561562364
6773.0,8.510756640796439E-5,0.5452899327265249,0.4546249597070671
5103.0,8.909985479750125E-5,0.7516233690730133,0.24828753107218918
5224.0,2.12872347617652E-5,0.47266070115281905,0.5273180116124192
6464.0,0.9097388690167778,0.09025631378394332,4.8171992790063755E-6
5710.0,0.02947108259114289,0.9544124625446527,0.01611645486420425
5981.0,3.895009406709918E-4,0.12294279259872526,0.8766677064606038
6227.0,0.04601515249017082,0.7855400851754196,0.16844476233440964
5641.0,0.0014531226582285802,0.994854587971177,0.00369228937059455
6407.0,4.658350322949808E-10,0.041307241742523655,0.9586927577916413
6164.0,0.9714174211930738,0.028569521350455717,1.305745647036129E-5
5914.0,0.12996745013221264,0.8608672864461859,0.009165263421601384
6706.0,0.5783046716997696,0.42162087451726415,7.445378296618184E-5
5436.0,0.0025461746658560405,0.3595362765297535,0.6379175488043906
5032.0,3.043785415701529E-5,0.083570318043406,0.9163992441024369
5167.0,9.758059329822424E-6,0.397033941618193,0.6029563003224773
6649.0,0.975672102511124,0.024322542859293146,5.354629582791281E-6
5879.0,0.9570147180431992,0.04298312786081991,2.154095980947611E-6
6116.0,4.416199803617175E-11,7.475044408215667E-5,0.999925249511756
6378.0,0.3881647567494458,0.6106747317074892,0.0011605115430649642
5329.0,0.9152070076645322,0.08478973396668177,3.2583687860809535E-6
4950.0,0.6257234787382112,0.363780246881795,0.010496274379993861
5862.0,0.1779862347770797,0.615397887966739,0.20661587725618122
6632.0,0.20469830348503104,0.7863107496680288,0.008990946846940144
6395.0,0.16787530841706463,0.8253001625649631,0.006824529017972398
6133.0,5.5307143920343014E-5,0.0777082142752372,0.9222364785808425
5587.0,2.4048757324048013E-4,0.9725005743344933,0.02725893809226611
4935.0,0.6584638288987432,0.34019202231304346,0.001344148788213355
5312.0,0.3979755346408689,0.6001997129396562,0.001824752419474816
6422.0,0.29098608674832616,0.7076928388761483,0.0013210743755254907
5656.0,9.622239629640563E-6,0.15634982608777634,0.843640551672594
5899.0,0.002255634767032716,0.975823034959511,0.021921330273456302
6149.0,0.009260378071032254,0.987844666584892,0.0028949553440756853
5421.0,0.9511588264587193,0.04879758709351852,4.358644776206106E-5
5182.0,0.01283706280776263,0.9834991975349352,0.003663739657302241
5049.0,3.7167907604736143E-6,0.014858153617883658,0.9851381295913558
6103.0,0.22619513124822851,0.7737372442561542,6.762449561714443E-5
6361.0,2.0824346979253854E-5,0.7634980534508073,0.23648112220221346
6602.0,0.9997486657136032,2.513327287730947E-4,1.5576235976785234E-9
5828.0,0.9982493701089828,0.0017482263367854718,2.4035542318183933E-6
4965.0,0.14221474690859853,0.8561385233235439,0.0016467297678573836
5346.0,0.03758704838811214,0.8241593466510964,0.13825360496079153
5617.0,0.7148416953862542,0.2843562574595346,8.020471542111406E-4
6183.0,0.0021283611363213046,0.5495666824927197,0.4483049563709591
5929.0,0.003893521577344139,0.6053494625929564,0.39075701582969935
5690.0,1.3854535791651772E-4,0.5816310938299604,0.41823036081212317
6452.0,0.0010631263459595275,0.9945677366137676,0.00436913704027282
5148.0,1.3894000870073466E-5,0.12222134822631169,0.8777647577728183
5019.0,0.00461004075970717,0.993595111301233,0.001794847939059868
6657.0,1.4798445531335616E-8,0.002870620385287351,0.9971293648162671
5391.0,4.5041207551609676E-8,0.1611841991703233,0.838815755788469
5944.0,1.2772061000542253E-5,0.5056314811325566,0.4943557468064429
6198.0,0.9477313925273552,0.0518131229402181,4.5548453242671283E-4
6437.0,0.7873776764344068,0.21235722739954035,2.650961660529315E-4
5675.0,0.00426350115945334,0.808449577404103,0.18728692143644393
5002.0,4.742451014309288E-7,0.11667558816483012,0.8833239375900686
5133.0,5.092758844088476E-16,1.6789210419331492E-6,0.9999983210789575
5406.0,8.193650984663194E-7,0.03602338591616193,0.9639757947187395
6672.0,2.3030120598689576E-4,0.16173450064346492,0.8380351981505483
6344.0,0.9196427639428543,0.07906577250540171,0.0012914635517439958
6086.0,1.0102478414725159E-8,0.009612129261334982,0.9903878606361867
5845.0,7.731035849324029E-4,0.7092105740220953,0.2900163223929722
6619.0,4.3721494266214117E-11,5.067463612964195E-4,0.9994932535949821
5363.0,0.010881940706905287,0.9746747864996839,0.014443272793410808
4980.0,0.46982150988665006,0.5285443724784336,0.0016341176349163658
5600.0,0.8962894863034739,0.10370839876463495,2.1149318910822956E-6
5557.0,0.3184272165500314,0.6807712740243247,8.015094256438475E-4
5286.0,3.553065823900082E-7,0.005160824210039542,0.9948388204833781
6542.0,0.9708985276952773,0.02909054930782138,1.0922996901221578E-5
5760.0,3.854094678347386E-4,0.9101080086431829,0.08950658188898232
6035.0,0.3985398132225664,0.5828856094479361,0.018574577329497608
6301.0,0.010403903038605937,0.9432545865670199,0.04634151039437398
6725.0,0.035668046299666266,0.901679083327257,0.06265287037307671
5451.0,2.1458028349428697E-5,0.23150471137042497,0.7684738306012258
5208.0,0.0016338213599965947,0.26015310813893655,0.7382130705010668
5087.0,2.1810416493035765E-5,0.22666944649965248,0.7733087430838546
5758.0,0.016587402563008214,0.9760877072519891,0.007324890185002641
6512.0,0.007254944671886504,0.8309012586700611,0.16184379665805226
6243.0,0.14832922828834594,0.851602634966894,6.8136744760095E-5
5997.0,7.187560915165405E-10,6.758167613165777E-4,0.9993241825199274
5466.0,0.17769535500761033,0.8218318764447147,4.7276854767506257E-4
6740.0,0.005560146159475522,0.9863707835898595,0.00806907025066484
5070.0,0.2552577422467854,0.7336646544353487,0.01107760331786599
5193.0,0.8107278785302141,0.1892121844309619,5.9937038824128556E-5
6497.0,0.9784961816338726,0.021486556863266917,1.726150286050583E-5
5743.0,0.9422426524525906,0.057701272520084446,5.6075027324782744E-5
6012.0,0.09843501431135411,0.77398209699109,0.12758288869755594
6258.0,9.62227946965616E-7,0.8964300782216438,0.1035689595504092
5540.0,3.540463036446346E-5,0.5635047796670798,0.43645981570255576
5303.0,0.011147976508440348,0.45652816361624027,0.5323238598753194
5777.0,0.9886901284039316,0.011304511333332932,5.360262735455661E-6
6559.0,1.0816829357816317E-8,0.0024724178913291565,0.9975275712918414
6284.0,0.060277318762407564,0.9204046927030016,0.019317988534590918
6018.0,0.6044691880110892,0.3950609885957469,4.6982339316401465E-4
5100.0,0.9948881832918489,0.005111679890664837,1.3681748634546375E-7
5227.0,0.01823227910646261,0.9728861958123083,0.008881525081229167
6774.0,4.049008629138325E-4,0.34684334265121947,0.6527517564858668
5496.0,0.3148056083722858,0.6851648726575716,2.9518970142537415E-5
6224.0,6.165333946670692E-5,0.007624448949143934,0.9923138977113894
5982.0,0.9373847930073962,0.06260429211507455,1.0914877529109517E-5
5709.0,0.2978133033280015,0.6990633509647372,0.0031233457072613277
6467.0,0.02155554513080441,0.9773750588978019,0.0010693959713938886
5269.0,0.007468949041150002,0.810454639125124,0.182076411833726
6792.0,0.0016145962697197225,0.996886139929676,0.0014992638006042537
6048.0,0.9987637939633238,0.0012362001971312105,5.83954503656135E-9
6318.0,0.0013545374531818673,0.9958023124536592,0.0028431500931588253
6589.0,1.7901273921841203E-4,0.5349854593415544,0.4648355279192272
5811.0,0.3095185977399891,0.6811255545523239,0.009355847707687022
5252.0,0.07536075615946732,0.8157045760561563,0.1089346677843765
5527.0,0.9998011458570644,1.9885396150397548E-4,1.8143154604887305E-10
6335.0,0.259523315824013,0.7302078057808767,0.010268878395110224
6065.0,0.0021207901338733954,0.9491515156625072,0.048727694203619526
5794.0,0.1849006156472715,0.8145753546367495,5.240297159790819E-4
6572.0,0.540036256151685,0.45962115783037377,3.425860179411531E-4
5242.0,3.785225620299232E-11,0.0016619215703170284,0.9983380783918306
5117.0,4.218937910472422E-8,0.23085925579813374,0.7691407020124871
5481.0,2.9753320441936696E-5,0.20561613016550737,0.7943541165140507
5967.0,0.9573086373303025,0.04261530312251148,7.60595471861738E-5
6209.0,0.019912749137414656,0.9792617789219029,8.254719406825616E-4
6482.0,4.1825980536394495E-4,0.9970925493459556,0.002489190848680231
5724.0,0.002175360532289592,0.17790100241977574,0.8199236370479346
6648.0,8.463264682007839E-4,0.8466745034263122,0.15247917010548695
6379.0,0.014659299126841921,0.9617336897712302,0.023607011101927727
6117.0,0.0115823931728232,0.9657565161223938,0.022661090704783036
5571.0,0.6336039048887895,0.36628404228286704,1.120528283435833E-4
5328.0,2.8734377271149747E-8,0.00801719446277864,0.9919827768028442
4951.0,0.001830537442313847,0.9966426744955089,0.0015267880621773456
6406.0,3.7406784061025154E-10,8.429832595339484E-4,0.9991570163663981
5640.0,0.03623257343974352,0.9458455016278636,0.017921924932392853
5915.0,0.022219995217242765,0.9131119073043977,0.06466809747835968
6165.0,0.9896441416192575,0.010354445854018065,1.4125267242864852E-6
5437.0,0.5614332923046929,0.4385322968512184,3.441084408860878E-5
6707.0,4.782486107606669E-4,0.19101376776573306,0.8085079836235064
5033.0,0.01933443485657541,0.2862466635870288,0.6944189015563957
5166.0,0.04585598385558276,0.9322549098409071,0.021889106303510302
5657.0,0.9922687316538562,0.0077288695676056745,2.3987785379953384E-6
6148.0,2.04289035875885E-6,0.004589559153574438,0.9954083979560668
5898.0,2.8232831548500136E-10,0.0011210326618461435,0.9988789670558256
6690.0,0.040247671514891926,0.9583019493063263,0.0014503791787817107
5420.0,0.9629762538693954,0.036972258531286016,5.1487599318487914E-5
5183.0,0.8400023473894376,0.1413184372351493,0.018679215375413095
5048.0,0.0193755422201002,0.9793956598237705,0.0012287979561291737
6633.0,0.005983729751273802,0.5316130758676785,0.46240319438104777
5863.0,0.057717713154668414,0.9382722143755348,0.004010072469796771
6132.0,2.7910633533196212E-8,0.002099648079036154,0.9979003240103304
6394.0,5.878676924820798E-6,0.08994210053418364,0.9100520207888916
5586.0,0.1653222296978343,0.8312235823200536,0.003454187982112177
4934.0,0.059596022597281736,0.7239647345947984,0.21643924280792004
5313.0,7.793627600057E-4,0.9860103002888218,0.013210336951172555
5928.0,0.6586270694497011,0.32721518313861375,0.014157747411685233
6182.0,5.781558739738269E-6,0.03241276764423633,0.967581450797024
6453.0,0.9781200854748362,0.021862361051386666,1.7553473777093305E-5
5691.0,9.316251114251604E-10,0.0018617518469914906,0.9981382472213834
5149.0,0.4847750513856366,0.43214626147562507,0.08307868713873845
5018.0,0.9554874856333213,0.0444532502653267,5.9264101352067866E-5
5390.0,0.037617974333306964,0.9517644101531139,0.010617615513579136
6656.0,0.8850331947256297,0.11390547811718363,0.0010613271571866827
6360.0,7.358531591078944E-4,0.9179839255020764,0.08128022133881564
6102.0,0.06541762523086,0.35972685670645915,0.5748555180626809
5829.0,5.136955102462304E-4,0.4863140633385484,0.5131722411512055
6603.0,0.038067765940756,0.9573405839875614,0.004591650071682664
4964.0,1.8643432550237258E-4,0.09226519186429383,0.9075483738102038
5347.0,9.96374416897077E-7,0.03626195702843836,0.9637370465971447
5616.0,0.0011800676878796184,0.515470589153225,0.4833493431588954
6087.0,5.748923629466995E-6,0.20903436707140247,0.7909598840049681
6345.0,0.029166184853463825,0.3274770410941116,0.6433567740524246
5844.0,4.0428729464370235E-5,0.29932614681335934,0.7006334244571762
5362.0,0.9875438469086993,0.012438107953126306,1.8045138174266443E-5
4981.0,3.5838491590260765E-5,0.03945187549788017,0.9605122860105295
5601.0,0.004711030012566375,0.9508796721479785,0.044409297839455214
5945.0,3.841426827857041E-4,0.9220859375931599,0.07752991972405433
5674.0,8.273540515646689E-5,0.03807490244504966,0.9618423621497939
6436.0,0.6597518650368576,0.34014014935526143,1.0798560788098744E-4
5003.0,0.06715916618243731,0.9326163259039212,2.2450791364147003E-4
5132.0,0.021133910424684155,0.9401698517518731,0.03869623782344255
6673.0,6.540173650735762E-4,0.9409136214191955,0.05843236121573081
5407.0,0.5109248014753609,0.4883962693500385,6.789291746004596E-4
5450.0,1.7835923312131027E-5,0.3006736395283408,0.699308524548347
6724.0,0.41311858995800144,0.582429253027117,0.004452157014881578
5209.0,0.0031801441120526772,0.9861813841311735,0.010638471756773774
5086.0,2.950157654529322E-7,0.029714754276863705,0.9702849507073709
6513.0,0.9750545869358944,0.024800378495109993,1.4503456899561855E-4
5759.0,0.1287109133971678,0.8696246399189173,0.0016644466839149355
5996.0,0.15049008004830045,0.848666276278853,8.436436728464265E-4
6242.0,3.7619826817934076E-6,0.05140531692287917,0.9485909210944391
5556.0,0.9386951904053392,0.06130381115431456,9.984403464327338E-7
5287.0,0.9654316183453586,0.03456678791635742,1.5937382840522662E-6
5761.0,0.41165555262966247,0.5881843701447865,1.6007722555093893E-4
6543.0,5.833360620357058E-4,0.6850376586863132,0.31437900525165124
6300.0,0.8998959190568208,0.10008980486007268,1.4276083106426143E-5
6034.0,0.8782710489662546,0.12160823379156756,1.2071724217785744E-4
5541.0,6.838505365896097E-5,0.2624012455352772,0.7375303694110639
5302.0,5.562228197209725E-7,0.008199388891893741,0.9918000548852866
6558.0,0.004862029750528272,0.9822723469410015,0.01286562330847026
5776.0,0.15005237079134448,0.7969769796042387,0.052970649604416616
6019.0,0.9269247177967683,0.07278925122664225,2.8603097658947286E-4
6285.0,0.8725529629902707,0.1272121459860496,2.3489102367978604E-4
5467.0,0.06691729363612613,0.9327618244551483,3.2088190872551245E-4
5071.0,0.7351217932870598,0.26419481518787274,6.833915250674459E-4
5192.0,0.029997270194044308,0.9638486200929371,0.006154109713018603
5742.0,0.004264465775491796,0.9950949436928822,6.405905316262265E-4
6259.0,7.728288296105701E-4,0.9945534314315685,0.004673739738820934
6013.0,7.917665437857607E-5,0.9316525292581885,0.06826829408743271
5268.0,0.7705128352382287,0.2294421960892708,4.496867250052046E-5
6793.0,0.008439845853012842,0.5776209114950235,0.41393924265196375
5511.0,0.9955186481180324,0.004481341466177903,1.0415789850898984E-8
6319.0,0.9670360798101015,0.03290689470214404,5.702548775449475E-5
5810.0,0.30112091616373104,0.6978711199164371,0.0010079639198318344
5101.0,0.015261440165424547,0.6160625447943749,0.3686760150402006
5226.0,0.027370231444767936,0.97031782020271,0.0023119483525220865
5497.0,0.024172801858552216,0.9721131307754705,0.0037140673659772114
6775.0,4.7922646821341E-4,0.4550203713515061,0.5445004021802806
5983.0,0.34112192962589377,0.6585989581973855,2.791121767208203E-4
6225.0,2.2848757787146586E-5,0.348044367638125,0.6519327836040879
6466.0,0.02918803620747719,0.9345601317669012,0.03625183202562139
5708.0,5.772935403351946E-5,0.9393238832393335,0.06061838740663297
5116.0,0.41387201856324746,0.5808130733689857,0.005314908067766934
6758.0,0.9921168466870146,0.007882318326022132,8.349869631960863E-7
5480.0,2.7255735883720593E-5,0.5331966362163684,0.46677610804774794
6208.0,0.7644368586465878,0.23292484746278785,0.002638293890624279
5966.0,2.1185262335666823E-4,0.9992681982721824,5.199491044610307E-4
5725.0,1.349836302142158E-7,0.11251719616666978,0.8874826688497001
6483.0,0.9757645224907291,0.024233698102083985,1.7794071868566297E-6
5253.0,0.024354805610850613,0.8868149126893976,0.08883028169975168
5526.0,4.3448726024169923E-4,0.3684752533678425,0.6310902593719159
6808.0,0.01664872456511009,0.972756769271246,0.010594506163643793
6064.0,0.0601149981902905,0.9381731706014181,0.0017118312082913356
6334.0,0.9119247773195562,0.08803265211869518,4.257056174859484E-5
6573.0,0.7177543003162574,0.28221324475979837,3.245492394420887E-5
5795.0,0.17472280588584385,0.8243417007573423,9.354933568139202E-4
5400.0,0.015462467274713591,0.9780490193006555,0.006488513424631096
6678.0,0.8427952807878454,0.15677615823722005,4.285609749345081E-4
5004.0,0.05078751978414585,0.947861722280564,0.001350757935290136
5131.0,2.886816473124961E-7,0.005153452606779608,0.9948462587115732
6435.0,0.001980071776170559,0.8161833695909148,0.18183655863291473
5677.0,0.017361991941090886,0.9824646360265529,1.73372032356313E-4
5950.0,2.733452843471131E-9,0.00334872082245246,0.9966512764440947
6192.0,0.9176643261471467,0.08177988937329006,5.557844795633274E-4
5606.0,0.0010241914271642595,0.11970334673112157,0.8792724618417143
5365.0,0.1179896309542222,0.5233140568716033,0.35869631217417447
4978.0,0.9522481143955601,0.04772585770716737,2.6027897272386653E-5
5843.0,1.1011689732825072E-6,0.14737414173448588,0.8526247570965407
6621.0,0.9975535550955522,0.002445683165108907,7.61739339021455E-7
6350.0,0.18331425047469027,0.8098697888229524,0.006815960702357384
6080.0,0.003975509735470269,0.9940441377537613,0.0019803525107684092
5623.0,5.590450434403398E-6,0.7583252226048258,0.24166918694473977
4963.0,0.9942571256683576,0.00573762390980509,5.2504218373869705E-6
5348.0,0.01960540128122038,0.9802698408302043,1.2475788857522894E-4
6604.0,0.8827183331255488,0.11727529054464081,6.3763298104615124E-6
5826.0,0.005622246103185568,0.25396998165220414,0.7404077722446103
6097.0,0.6160597170238068,0.38374106429303423,1.992186831589774E-4
6367.0,0.9297156047707127,0.06885956235010902,0.0014248328791781992
5385.0,1.778921377971844E-7,0.029058307546258464,0.9709415145616037
5146.0,0.05857208416723592,0.9266527728454358,0.014775142987328386
5021.0,0.5569592665192097,0.4418908720899574,0.0011498613908329173
5692.0,0.10206113137733216,0.869470637721062,0.02846823090160593
6450.0,0.9452319233680412,0.054721642751191714,4.643388076714694E-5
6177.0,0.023223991820448472,0.9640144756466057,0.01276153253294589
5935.0,3.373164434377155E-8,0.07497692915214335,0.9250230371162124
4929.0,0.0025015666405780396,0.9970645960597257,4.3383729969631666E-4
5318.0,7.900699370982509E-6,0.08331473028313002,0.916677369017499
5589.0,0.9817175481365785,0.01827708432238117,5.3675410402552175E-6
6131.0,1.293833466116888E-5,0.1621586517682919,0.837828409897047
5856.0,0.7525907346053171,0.24705348184772513,3.557835469578175E-4
6638.0,0.9923622940775018,0.007637067881568015,6.380409302120176E-7
5176.0,0.038657484045136255,0.9586856707616443,0.002656845193219583
5055.0,0.0032827917370264986,0.3319845174562132,0.6647326908067603
5419.0,5.455793468574288E-9,0.006475398760518044,0.9935245957836885
6693.0,0.11569969275703303,0.8353765945657537,0.048923712677213405
5901.0,0.306740195650817,0.6929870625195925,2.7274182959041677E-4
6147.0,0.004798215321473786,0.9842388058679321,0.010962978810594106
6416.0,1.2987854891074395E-5,0.04262992168657208,0.9573570904585368
5662.0,0.5243570249894778,0.47562105277149697,2.1922239025196718E-5
5038.0,0.9938623474042658,0.0061375524276186125,1.0016811559300781E-7
5161.0,1.5168780583830295E-4,0.6850634464662396,0.3147848657279221
6708.0,0.9641250201096598,0.03577189109720831,1.0308879313202864E-4
5434.0,0.002036995578279736,0.2189761266524861,0.7789868777692341
6162.0,9.422089182041807E-5,0.6024902306217654,0.39741554848641425
5916.0,0.027137589684118238,0.7229965186200068,0.2498658916958749
5647.0,0.5706449565914676,0.42676469006736256,0.0025903533411699127
6401.0,0.9970777277294486,0.002922023510958628,2.487595928145959E-7
5335.0,3.220885863685452E-10,4.0418705382350677E-4,0.9995958126240879
4944.0,0.0015902435120289326,0.5725728940187665,0.42583686246920455
5572.0,1.950457950558371E-11,2.9837847329446376E-4,0.999701621507201
6114.0,7.915795102559631E-9,0.011931463276137757,0.9880685288080672
6380.0,0.003470286587990607,0.41893438337671807,0.5775953300352914
6655.0,0.2003533203263437,0.7959071430697257,0.0037395366039308185
5873.0,4.638143876138855E-8,0.07654451868602967,0.9234554349325317
5796.0,0.9997111093880356,2.88856146654463E-4,3.4465310023204816E-8
6570.0,0.017591740648408776,0.9815141536012666,8.941057503246468E-4
6329.0,0.9848628553021287,0.015093336029508405,4.380866836288643E-5
6071.0,0.9906295858394034,0.009318629881124562,5.178427947198151E-5
5521.0,0.984725260038989,0.015256227211445825,1.851274956524258E-5
5250.0,0.12621328898074255,0.8727353397614533,0.0010513712578041354
6484.0,0.23978122118469253,0.7598796385850372,3.391402302704084E-4
5722.0,0.21437288126084145,0.7668598294481705,0.018767289290988018
5961.0,7.412308102085212E-9,0.015518108024704895,0.984481884562987
6215.0,0.016401784829006665,0.9799468522080734,0.0036513629629198853
5487.0,7.035045219258211E-4,0.9945123104386645,0.004784185039409646
6753.0,9.314613501232981E-6,0.4645600458996098,0.535430639486889
5244.0,0.001920727151914186,0.9957378889355109,0.002341383912575061
5115.0,4.067634656224635E-5,0.1153438311419201,0.8846154925115176
5707.0,1.3645233397682958E-5,0.06923516211190274,0.9307511926546995
6469.0,0.12393579083027809,0.8736736048382802,0.002390604331441849
6230.0,2.6972309548948474E-5,0.2200892457995771,0.779883781890874
5976.0,3.5543470696792264E-6,0.13896581747019052,0.8610306281827399
6768.0,6.783968629538856E-7,0.04155189157178536,0.9584474300313517
5502.0,0.5706212545134949,0.42800614582558,0.0013725996609251197
5098.0,0.9340184580504078,0.06597926535876444,2.2765908277676234E-6
5229.0,3.573297443357256E-7,0.17357942620221503,0.8264202164680406
6587.0,7.954315676089522E-4,0.9845760344496484,0.01462853398274277
5813.0,0.9941989594231677,0.005797756243183224,3.2843336490655227E-6
6054.0,0.4865961772675966,0.5128226372471026,5.81185485300732E-4
6312.0,1.8300199715810447E-8,0.020453068133248927,0.9795469135665513
5504.0,2.617282739091521E-4,0.9104178721328745,0.08932039959321633
6798.0,0.41204276723019817,0.5875152270971902,4.420056726117253E-4
5267.0,0.004508628604754614,0.5783489587091947,0.4171424126860508
6010.0,0.07709388893505917,0.8983936885821368,0.024512422482803994
6260.0,0.7231158843512772,0.2766024516866557,2.8166396206701056E-4
6503.0,0.001643119844932947,0.9716075148430363,0.026749365312030867
5737.0,0.9951605233030498,0.004837951773427415,1.5249235226710415E-6
5064.0,3.2565754423979307E-9,0.012019335725406631,0.987980661018018
5199.0,1.2302169007008093E-4,0.15649662284431745,0.8433803554656124
5468.0,0.6346465083695254,0.3594564173739717,0.005897074256502855
6738.0,4.0638352877565614E-5,0.2555608309391264,0.7443985307079961
6282.0,0.5564382570451175,0.4388950900954907,0.0046666528593918375
6020.0,0.0014245485515867798,0.9756602920690282,0.022915159379385257
6553.0,0.008998151666802155,0.37098211905588724,0.6200197292773107
5297.0,0.3826405973507997,0.6172945336739469,6.486897525337315E-5
4918.0,0.9164951134510049,0.08348519735204481,1.968919695037934E-5
5538.0,0.9878928538149535,0.01210624908314621,8.971019002376559E-7
6037.0,0.008316734904955488,0.500148550704836,0.4915347143902085
6299.0,7.514784788492747E-5,0.8275285269209057,0.1723963252312094
6536.0,3.6308923539650643E-7,0.025026420224559327,0.9749732166862053
5766.0,0.9953902295278247,0.004607476398536816,2.294073638380993E-6
5280.0,0.03805038360994082,0.9593768847301894,0.0025727316598697426
5555.0,1.93369936605186E-5,0.9397912455496439,0.060189417456695433
6245.0,0.002071767982573188,0.9729622371713613,0.024965994846065407
5995.0,0.9957252302481049,0.004274702096976745,6.76549182353955E-8
5752.0,0.01382817167659577,0.984432117561561,0.0017397107618432775
6518.0,1.153845301477014E-6,0.39689434630558046,0.6031044998491181
5214.0,1.6808270641963167E-4,0.8663445346568365,0.13348738263674387
5081.0,2.7727126853377528E-5,0.9052041650088408,0.09476810786430587
6723.0,0.999651921757058,3.4807659644359987E-4,1.6464984827483772E-9
5453.0,0.01133419499821765,0.5008039368770486,0.48786186812473376
5607.0,0.004939289954210677,0.9788229326690233,0.016237777376765836
5364.0,0.13952953759838937,0.8597080252338726,7.624371677379772E-4
4979.0,0.0010178948268967872,0.9935192253406249,0.005462879832478347
6620.0,5.857018346624253E-5,0.2081779036648706,0.7917635261516632
5842.0,3.689201679294475E-6,0.16734103387949237,0.8326552769188283
6081.0,0.10287910133431985,0.8969566788138887,1.6421985179149466E-4
6351.0,0.0020624746591358834,0.9101871971975145,0.0877503281433496
6679.0,0.992651916298761,0.007346063818580167,2.0198826590364557E-6
5401.0,3.1489655554761513E-4,0.9988539408631508,8.311625813016535E-4
5005.0,5.61706198511463E-4,0.40214766854708156,0.5972906252544069
5130.0,3.44237134425347E-8,0.0030474783616331637,0.9969524872146535
5676.0,0.0029257584731191616,0.9872039415607823,0.009870299966098565
6434.0,6.825502629948459E-6,0.9913522580863569,0.008640916411013127
6193.0,0.9885296417947778,0.011466574884119311,3.783321103012078E-6
5951.0,0.9988253523251053,0.0011744649850702988,1.8268982447264822E-7
5384.0,3.8314532593476584E-5,0.1860013124453286,0.8139603730220779
6662.0,0.5446838913929827,0.4553131362174092,2.9723896081546514E-6
5147.0,0.0459855298725062,0.9532515399532098,7.62930174284102E-4
5020.0,0.05229603357854235,0.9379085566976773,0.009795409723780396
6451.0,0.004374192290346581,0.9535502582891024,0.04207554942055091
5693.0,0.10098425159684979,0.7836685057067373,0.11534724269641294
5934.0,0.5493195216745775,0.45040557600933456,2.7490231608800656E-4
6176.0,2.0771676291623576E-4,0.7860666387276352,0.21372564450944853
5622.0,0.029575676665399227,0.968579515808659,0.0018448075259418356
4962.0,0.0010389637637615347,0.26106868727019716,0.7378923489660413
5349.0,0.03700350204187821,0.9628906908724264,1.0580708569537286E-4
6605.0,8.007180784592465E-5,0.8925337002050101,0.10738622798714395
6366.0,0.0014396365950843264,0.8204841465637702,0.1780762168411455
6096.0,1.6396302310878357E-5,0.07736997081419365,0.9226136328834954
5177.0,0.9954137553902356,0.004586112348253214,1.3226151120839938E-7
