6393.0,0.2655494103873318,0.5472159895599932,0.187234600052675
6135.0,0.061021100568299194,0.8053472487368581,0.1336316506948426
5860.0,0.001714599180800533,0.33117585107808784,0.6671095497411116
6634.0,0.6937729925371494,0.30082290894906566,0.005404098513784892
4933.0,0.009633983828951951,0.5285987824465768,0.46176723372447126
5585.0,0.26615318163844326,0.6940059446825624,0.039840873678994505
5897.0,0.13502561529806653,0.8508843322593663,0.014090052442567155
6151.0,4.8199985033476185E-4,0.1353893127769775,0.8641286873726879
6420.0,0.8166980039593056,0.18241870562444468,8.832904162498185E-4
5658.0,0.9544023076475582,0.04550905845251835,8.86338999233774E-5
5180.0,0.495697820685754,0.5019500906928067,0.002352088621439267
5051.0,3.1799947130211335E-4,0.11654307946409628,0.8831389210646017
5423.0,0.06822975424532772,0.5423766430838148,0.38939360267085743
6689.0,0.5739846264178734,0.42311326492005824,0.0029021086620682666
6166.0,0.007790600726486458,0.903481979173511,0.08872742010000259
5912.0,0.13342537511734837,0.8178444377818046,0.04873018710084699
5643.0,0.0042361838077541155,0.3167747376143076,0.6789890785779383
6405.0,0.00534772072624386,0.30397695530576985,0.6906753239679863
5034.0,0.015164692849263903,0.8562771786711479,0.12855812847958814
5165.0,0.2781431805063396,0.7067994514657885,0.015057368027872052
6704.0,0.022781462785757475,0.9056499979068708,0.07156853930737184
5438.0,0.6295561672512439,0.3659783266363666,0.004465506112389509
6118.0,0.0028266463352244336,0.3152353786176951,0.6819379750470805
6376.0,0.010240295296252666,0.6526731249607658,0.33708657974298145
6651.0,0.05215681668194376,0.8557821720492294,0.09206101126882697
5877.0,0.008564738944092576,0.4841367217506925,0.5072985393052148
5331.0,0.094013412843646,0.8097000299492653,0.09628655720708879
4948.0,0.02369175080085755,0.6571138346486769,0.3191944145504656
5568.0,0.004346351256053073,0.3798784134595996,0.6157752352843474
5673.0,0.021342200890388123,0.8386283014433696,0.14002949766624237
5946.0,0.8837166000504649,0.11555483091575941,7.285690337756843E-4
6196.0,0.1419370544086876,0.8472317351724808,0.010831210418831633
5404.0,0.0032602819366902053,0.5378833354417669,0.45885638262154294
5000.0,0.21532623147400728,0.7231403639835791,0.061533404542413746
5135.0,0.013212493282886041,0.8186640263124413,0.16812348040467276
5847.0,0.07673667418126949,0.8608273845396814,0.06243594127904905
6617.0,0.0943774040699203,0.8867222710638641,0.018900324866215644
6346.0,0.08096813387290834,0.8838913023944506,0.035140563732641156
6084.0,0.5301735081870833,0.44529354657013315,0.024532945242783693
5602.0,0.941819915414284,0.05752943720308784,6.50647382628245E-4
5361.0,0.788069728217345,0.21000511416389192,0.0019251576187629452
4982.0,0.08898157274132192,0.8703943121260704,0.040624115132607684
6600.0,0.30513869952601774,0.6362593417654276,0.058601958708554586
5830.0,0.05029963888870131,0.6404699813130704,0.3092303797982283
6101.0,0.20332261238802782,0.7822936471492291,0.014383740462743128
6363.0,0.005144049732660147,0.6170965115675086,0.3777594386998313
5619.0,0.10845685817294413,0.8524009659508042,0.039142175876251774
4967.0,0.24858034363109527,0.7365649816618008,0.014854674707103888
5344.0,0.021846097667182193,0.8086440440865957,0.16950985824622197
5688.0,0.0029731538268812072,0.725906380671069,0.27112046550204966
6454.0,0.7461420629122463,0.24877057364543242,0.005087363442321241
6181.0,0.8830823006927672,0.11570497722263247,0.001212722084600286
5931.0,0.034909692235927645,0.8270564101582661,0.13803389760580623
6659.0,0.0013983127777189503,0.14127676860760643,0.8573249186146746
5389.0,0.0058021868062215235,0.7803203496337914,0.21387746355998707
5150.0,0.3834245336210892,0.5945023405964613,0.022073125782449403
5017.0,0.9565575033892131,0.043335866705306356,1.0662990548058583E-4
5068.0,0.09652287787401988,0.8271035211225243,0.07637360100345576
5195.0,0.0020022223226458823,0.27604421543533747,0.7219535622420166
5464.0,0.2125925354822699,0.741742026217898,0.04566543829983218
6742.0,0.00876860157944678,0.7891390351784395,0.20209236324211372
6014.0,0.008659655794927947,0.5409501744659325,0.4503901697391395
6256.0,0.6299058065827944,0.36837310741295476,0.001721086004250876
6499.0,0.03875797241770992,0.5699921973515794,0.3912498302307108
5741.0,0.00492633818356001,0.8218319883974025,0.17324167341903737
5301.0,0.09063266310854404,0.8719604289683361,0.037406907923119743
5542.0,0.4367948584237934,0.550693487429348,0.012511654146858536
6286.0,0.2501933140341827,0.7444717108564786,0.005334975109338875
6016.0,0.3278816130225109,0.643042659991872,0.02907572698561702
5779.0,0.02474919449125474,0.9169027161285922,0.058348089380153026
6557.0,6.138217794412091E-5,0.01629472257946741,0.9836438952425886
5284.0,0.7325690856680431,0.2647104803557913,0.002720433976165408
5559.0,0.00987935128651432,0.344563323569154,0.6455573251443318
6033.0,0.06916461498828977,0.8074167542177144,0.12341863079399593
6303.0,0.8810421986306398,0.11789788043689117,0.001059920932469092
6540.0,0.26499156385098943,0.7167047239246197,0.01830371222439086
5762.0,0.002567589750448041,0.4662200961259908,0.5312123141235611
5210.0,0.09185083672988129,0.8760641386856469,0.03208502458447182
5085.0,0.886688000359061,0.11288351360102211,4.2848603991701544E-4
6727.0,0.32268495432798977,0.6485163768958213,0.02879866877618889
5449.0,0.11524858235443618,0.8575457293425293,0.027205688303034534
6241.0,0.9309104428990284,0.06858372706485671,5.058300361148357E-4
5999.0,0.042588234100859865,0.3468728038075936,0.6105389620915465
5756.0,0.25261939305145836,0.6005269363044784,0.14685367064406327
6514.0,0.22369144546336434,0.697287369772126,0.07902118476450956
5254.0,0.5421016661587233,0.4537001341822785,0.004198199658998149
5792.0,1.163916473361812E-4,0.028229625443316277,0.9716539829093475
6574.0,0.08112324884538653,0.8714127636395748,0.04746398751503869
6333.0,0.0013211581499349727,0.22932962715780125,0.7693492146922637
6067.0,0.02157941459674987,0.898413969389482,0.08000661601376807
5483.0,0.0792711312580647,0.7363958553087702,0.18433301343316508
6757.0,0.15361596972788535,0.8206649942784413,0.025719035993673183
5240.0,0.5354380883297309,0.45859754445243966,0.005964367217829434
5119.0,0.0338323862426505,0.45054950721695064,0.5156181065403987
6480.0,0.047939798151423525,0.8915848949637576,0.0604753068848188
5726.0,0.02375207259788943,0.7776149872469993,0.1986329401551112
5965.0,0.49737828797654526,0.4770187857302336,0.025602926293221036
6772.0,0.2871433925467104,0.703627350719122,0.009229256734167614
5498.0,0.03977643942833782,0.8466274058436875,0.11359615472797473
5102.0,0.009903421730808047,0.4070836951865613,0.5830128830826307
5225.0,0.09246355072570417,0.8154181242785761,0.09211832499571972
5711.0,0.3128493764066177,0.678247687156603,0.008902936436779252
6465.0,0.7458407944975186,0.2482247873246428,0.005934418177838634
6226.0,0.08876494131407736,0.8515413958237789,0.059693662862143775
5980.0,0.14990262661162523,0.8309048338230043,0.01919253956537056
5508.0,0.4634790811541166,0.4639681735707304,0.07255274527515311
6794.0,0.04541329775817249,0.890142893464627,0.06444380877720034
5271.0,0.5932736727823826,0.3960708224382346,0.010655504779382685
6591.0,0.03964195627929867,0.7856979287191526,0.1746601150015487
5809.0,0.0021175305461217575,0.7135120363824076,0.2843704330714708
6050.0,0.09154343029483089,0.890279888496022,0.01817668120914704
6316.0,0.0014594891359586129,0.46592801584414184,0.5326124950198995
6150.0,0.23481613965252934,0.6507887160307525,0.11439514431671821
5896.0,0.006232121676183605,0.7203159481275773,0.2734519301962391
5659.0,0.0013097564253996235,0.52355853243956,0.4751317111350405
6421.0,0.03471917529117922,0.889355041689699,0.07592578301912171
5181.0,0.4352367029824433,0.5552732145642518,0.009490082453304847
5050.0,0.0016145446933548623,0.28706226718578054,0.7113231881208646
6688.0,0.11836674852313825,0.830308838871988,0.05132441260487373
5422.0,0.16302101370781558,0.8010879847904481,0.03589100150173633
6134.0,0.0121596671831189,0.547028636358462,0.4408116964584192
6392.0,0.009616395563234155,0.48007222207331923,0.5103113823634465
6635.0,0.2942346960058972,0.6985271615421629,0.007238142451940096
5861.0,0.010080607027271631,0.8139826703430875,0.17593672262964083
4932.0,0.09358153426894572,0.5455384025835822,0.36088006314747206
5315.0,0.21596284915885497,0.7711782329878174,0.012858917853327543
6377.0,0.08624866709526911,0.8732784666813067,0.04047286622342414
6119.0,0.2779571682292463,0.7162186050297717,0.005824226740982073
5876.0,0.003663962211936512,0.1823565490291973,0.8139794887588663
6650.0,0.0012364402174321562,0.5447383309082205,0.4540252288743474
5330.0,0.003968482173337923,0.19271376807153984,0.8033177497551222
4949.0,0.41401120351502596,0.5792520081643431,0.006736788320630949
5569.0,0.19621749121188034,0.7637796524523763,0.04000285633574327
5913.0,0.0967615457319802,0.7744966362352037,0.12874181803281592
6167.0,0.00821718853437448,0.5152325457609499,0.47655026570467557
6404.0,0.005735067288330444,0.7018150775387236,0.29244985517294597
5642.0,0.5637784607960936,0.39893231408338875,0.03728922512051755
5035.0,1.319970883606691E-4,0.08275590276129302,0.9171121001503464
5164.0,0.1839725759530867,0.6883000686535784,0.12772735539333485
5439.0,0.016518998641266137,0.8042204853641444,0.1792605159945894
6616.0,0.10135238275648839,0.6292329086268541,0.26941470861665767
5846.0,0.7115018727335761,0.28562662053370214,0.002871506732721697
6085.0,0.006215554218355342,0.28330428358307774,0.7104801621985669
6347.0,0.98823395499692,0.011753781177884195,1.2263825195963091E-5
5603.0,0.014240300077615469,0.339205161166605,0.6465545387557796
5360.0,0.005110611923978702,0.8690392663252814,0.1258501217507399
4983.0,0.021569615497453714,0.8418363344957501,0.1365940500067962
5672.0,0.35589280550065816,0.6419349211633181,0.002172273336023815
6438.0,0.005990690631686176,0.8597469164611045,0.13426239290720954
6197.0,0.2952077122887417,0.6875182859546174,0.017274001756640865
5947.0,0.034363273700468815,0.8661845086265557,0.09945221767297557
6675.0,1.739660207677179E-4,0.056656335937357326,0.9431696980418749
5405.0,0.006493309681616662,0.6981071805123034,0.29539950980608015
5001.0,0.006989851754057408,0.8920735703837063,0.10093657786223635
5134.0,0.4454870742708153,0.5349657417488073,0.01954718398037748
5689.0,3.7623168383427754E-4,0.12907659087044115,0.8705471774457245
5930.0,0.40107289465174417,0.5932596973629661,0.0056674079852896036
6180.0,0.001935360454204722,0.6785022367343615,0.3195624028114339
5388.0,0.2058898673395176,0.7865383251717066,0.007571807488775697
5151.0,0.0025800455049551207,0.540248022096282,0.4571719323987629
5016.0,0.00196273846271787,0.9023409935866663,0.09569626795061587
5831.0,0.004006399833163967,0.7633479136174197,0.23264568654941623
6601.0,0.8930525842115279,0.10642581277889114,5.216030095809947E-4
6362.0,0.06529030149934809,0.8475197478505992,0.08718995065005264
6100.0,0.6977869497904418,0.29890766058422913,0.003305389625329161
5618.0,0.02346037621562011,0.2790621101230725,0.6974775136613075
4966.0,0.0734020504505291,0.8370642344311079,0.08953371511836297
5345.0,0.10597788053076702,0.8836520762045939,0.010370043264639172
5300.0,0.2009243704849986,0.7500837666264725,0.04899186288852887
5543.0,0.7857529348668687,0.1938933281549134,0.0203537369782179
6017.0,0.005342920285155484,0.864614536901517,0.13004254281332747
6287.0,0.8698522477994048,0.12925610345197003,8.91648748625013E-4
6556.0,0.18901726380125153,0.7239275135506857,0.08705522264806262
5778.0,0.006266088032216347,0.7754475396229789,0.2182863723448049
5069.0,0.003554717707119484,0.3363985691947122,0.6600467130981682
5194.0,0.06237262298352869,0.8244691010396098,0.11315827597686137
6743.0,0.09610576287143884,0.8536154274583664,0.050278809670194886
5465.0,0.8604789214940892,0.13894299390878662,5.780845971241537E-4
6257.0,0.003140517318244592,0.7995846207196562,0.19727486196209937
6015.0,0.25750775136707854,0.7250639302270581,0.01742831840586347
6498.0,0.21440292000918829,0.69434223256465,0.09125484742616179
5211.0,0.0028139693881459294,0.44965131063821306,0.547534719973641
5084.0,0.035138018921461796,0.6490084174914048,0.31585356358713335
5448.0,5.929167751279671E-4,0.13887839567821345,0.8605286875466585
6726.0,0.014116862433665583,0.9172443392476041,0.0686387983187303
5998.0,0.2501933140341827,0.7444717108564786,0.005334975109338875
6240.0,0.003102496200163165,0.4053672129322604,0.5915302908675764
6515.0,0.152454171967123,0.8336903316088553,0.013855496424021731
5757.0,0.2580098722986744,0.732592436377562,0.009397691323763648
5285.0,0.040211684412170344,0.8551178417162557,0.10467047387157402
5558.0,0.07841694751100609,0.8070256762596174,0.11455737622937646
6032.0,0.44381806082621417,0.5458124152597513,0.010369523914034484
5763.0,0.03533970708023593,0.8705880812803084,0.09407221163945578
6541.0,0.049777780685574646,0.8691216543278082,0.08110056498661712
5482.0,0.09724779819467066,0.8794815599791559,0.02327064182617341
5241.0,0.09688564537986351,0.8290034951596463,0.07411085946049002
5118.0,0.944664110422209,0.055132802551988824,2.0308702580201308E-4
6481.0,0.004358915589630053,0.317170666344897,0.678470418065473
6210.0,0.03470405531905165,0.7748944909583485,0.1904014537225999
5964.0,0.9699518532491938,0.030012265530093674,3.5881220712515746E-5
5524.0,0.7726717053992653,0.22554377799749645,0.0017845166032381024
5255.0,0.6939416276160125,0.2997493801492276,0.006308992234760042
6575.0,0.3763339161781211,0.5401552395534044,0.08351084426847434
6066.0,0.0625743656921376,0.8071370178391637,0.13028861646869883
6332.0,0.22697074404043138,0.7367027039216624,0.036326552037906204
6795.0,0.3403062558861246,0.6532723599729942,0.006421384140881372
5509.0,0.07609012902419293,0.7936708109255762,0.1302390600502307
5270.0,0.3145065290523142,0.6783721738913777,0.007121297056307947
5808.0,0.011347378620040423,0.42757709965580953,0.56107552172415
6317.0,0.06290361392681167,0.9003470179894815,0.03674936808370701
6051.0,0.1478165794827048,0.7672805725267813,0.08490284799051391
5499.0,0.03894887336683094,0.7973540521832959,0.16369707444987308
6773.0,0.01265381725197102,0.7891546324127837,0.19819155033524521
5103.0,0.014563258409699487,0.9056316111371543,0.07980513045314627
5224.0,0.007696516116772845,0.23755139684470575,0.7547520870385215
6464.0,0.7033574354592509,0.2933992375708999,0.0032433269698492035
5710.0,0.009488807070106861,0.29768180579941844,0.6928293871304746
5981.0,0.040887505936730045,0.7627607237060298,0.19635177035724036
6227.0,0.07883281884124746,0.8138897973505114,0.10727738380824119
5641.0,0.020541050043759786,0.9116417030536779,0.06781724690256255
6407.0,3.618821733327521E-4,0.12320155538335303,0.8764365624433142
6164.0,0.8547225793368881,0.14484680112473963,4.3061953837233394E-4
5914.0,0.40870508137939887,0.5738367340570978,0.01745818456350344
6706.0,0.45145547381501466,0.5429324003830901,0.005612125801895348
5436.0,0.04265584213805946,0.8407717446269496,0.11657241323499103
5032.0,0.017481978571260406,0.7506362732357745,0.23188174819296523
5167.0,0.006393350316309418,0.5854005035864106,0.40820614609727984
6649.0,0.4355204557134141,0.5599778372324465,0.0045017070541394175
5879.0,0.57846917296574,0.4183997614178508,0.00313106561640926
6116.0,7.45507948852201E-5,0.0102424076776279,0.989683041527487
6378.0,0.4299384261862976,0.5471598203197525,0.022901753493949916
5329.0,0.14538992244046786,0.8382450051743834,0.01636507238514888
4950.0,0.8771405986118894,0.12209986925844693,7.595321296635966E-4
5862.0,0.6840543646782846,0.3111827501866074,0.00476288513510788
6632.0,0.15890489384702536,0.7920290714572112,0.049066034695763504
6395.0,0.22370190899022743,0.737127612038366,0.039170478971406686
6133.0,0.015978194295838192,0.6610856487463613,0.3229361569578004
5587.0,4.1948277867351975E-4,0.34772247256645544,0.651858044654871
4935.0,0.812436301748958,0.18228733846093448,0.0052763597901074825
5312.0,0.543400530703476,0.4434145171712107,0.013184952125313397
6422.0,0.11287573660849323,0.846041691779076,0.041082571612430736
5656.0,0.0025141899158493733,0.8581226571201973,0.1393631529639532
5899.0,0.0202437237314994,0.8644626260232937,0.11529365024520682
6149.0,0.010649365893996529,0.8252793568211342,0.16407127728486923
5421.0,0.7349760800668835,0.26277681614002213,0.002247103793094343
5182.0,0.08851373463272456,0.8583648648312033,0.0531214005360722
5049.0,0.012539635769929907,0.7432808937030863,0.24417947052698377
6103.0,0.12130103193221566,0.8399309112571011,0.0387680568106833
6361.0,0.009046974661503289,0.551057986873585,0.43989503846491174
6602.0,0.9622817821916149,0.03756255828504106,1.5565952334400902E-4
5828.0,0.886688000359061,0.11288351360102211,4.2848603991701544E-4
4965.0,0.2973045395296961,0.6707814313808032,0.03191402908950082
5346.0,0.17777398722190582,0.7329254107880728,0.08930060199002121
5617.0,0.6404338936634233,0.352634697930792,0.006931408405784775
6183.0,0.11334487041542625,0.8502835570716203,0.03637157251295342
5929.0,0.204941656365039,0.7535139220386038,0.041544421596357205
5690.0,0.009645800160256455,0.8523649004354796,0.13798929940426397
6452.0,0.14539867550935584,0.704441788298228,0.1501595361924162
5148.0,0.029417809258710403,0.6986543986012654,0.2719277921400241
5019.0,0.26626413311503466,0.7050922258042328,0.02864364108073238
6657.0,0.0028361272885406392,0.39602877726536023,0.6011350954460992
5391.0,0.00426741488562994,0.33830055422046734,0.6574320308939027
5944.0,0.07337101056492445,0.7550601604998142,0.1715688289352614
6198.0,0.5096288859520809,0.46371509246870674,0.026656021579212312
6437.0,0.8782468754391699,0.12132202265055222,4.3110191027778076E-4
5675.0,0.14247046785597928,0.8231946879193118,0.03433484422470895
5002.0,0.01690543401492582,0.8739037509194241,0.10919081506565002
5133.0,1.4753426616626253E-5,0.003033172158120043,0.9969520744152635
5406.0,0.009534871047226943,0.8070966641905545,0.18336846476221846
6672.0,0.02494820243192936,0.8770740654437864,0.0979777321242844
6344.0,0.44635039504269847,0.5248886036519993,0.028761001305302278
6086.0,0.00785981129605332,0.10201513717696047,0.8901250515269862
5845.0,0.00808345865991326,0.4042368772117658,0.5876796641283211
6619.0,7.79388024471637E-5,0.03068526769691472,0.9692367935006381
5363.0,0.12073539435358327,0.8011441117660464,0.07812049388037032
4980.0,0.22434087864392946,0.7366737092977366,0.03898541205833384
5600.0,0.26336225957137477,0.7307743519824546,0.005863388446170669
5557.0,0.31158097108633187,0.6478252298367927,0.040593799076875395
5286.0,0.03679995081342575,0.6466108057908221,0.31658924339575223
6542.0,0.9103687344151545,0.0895002156668218,1.310499180234955E-4
5760.0,0.0145383056987563,0.7420197451452416,0.2434419491560021
6035.0,0.7319207491405889,0.2602492876486319,0.00782996321077909
6301.0,0.04432805375096275,0.6440330196111649,0.31163892663787224
6725.0,0.12961316690514343,0.8260939612589259,0.044292871835930524
5451.0,0.0018209168827296655,0.5487647496676401,0.4494143334496302
5208.0,0.11589855020022916,0.7537219494049593,0.1303795003948116
5087.0,0.017078628949446284,0.46904153107370905,0.5138798399768448
5758.0,0.06060446001676362,0.8851998469021642,0.054195693081072215
6512.0,0.04541606847340818,0.8157048513138465,0.1388790802127452
6243.0,0.24586479117297358,0.7402808980109271,0.013854310816099471
5997.0,8.534242452219599E-4,0.0921246860467562,0.9070218897080219
5466.0,0.053060370356542305,0.9280123711171824,0.018927258526275307
6740.0,0.13061844830067953,0.80750067418941,0.061880877509910594
5070.0,0.44815500012894477,0.5362109299070411,0.015634069964014147
5193.0,0.22849302522368745,0.765534456907637,0.005972517868675574
6497.0,0.7926261665921931,0.20618708966631616,0.001186743741490707
5743.0,0.6094750903826367,0.38740707977585476,0.003117829841508404
6012.0,0.7872567150579968,0.21204382938615293,6.994555558504683E-4
6258.0,0.003256951474464399,0.6164429833657106,0.38030006515982506
5540.0,0.0048587994310485974,0.7153562480344364,0.27978495253451496
5303.0,0.2624989852185646,0.6901977804081393,0.047303234373296074
5777.0,0.9483356461954073,0.05150987906194136,1.544747426513211E-4
6559.0,0.001786336606689519,0.2681119495438083,0.7301017138495022
6284.0,0.051038044193348155,0.8897020952640946,0.05925986054255723
6018.0,0.2814569496999107,0.7139304946117849,0.004612555688304393
5100.0,0.8771566754751835,0.12187906837764903,9.642561471673252E-4
5227.0,0.07446395750271645,0.8729847183295006,0.05255132416778302
6774.0,0.008203380363948779,0.48334668750794896,0.5084499321281022
5496.0,0.15920175929746738,0.8318210053748922,0.008977235327640396
6224.0,0.00590263155174255,0.1570377019124129,0.8370596665358445
5982.0,0.7169094843374426,0.28126079966923234,0.0018297159933250652
5709.0,0.18148738864532912,0.7378831567683348,0.08062945458633615
6467.0,0.08179653198206856,0.8954378202244658,0.02276564779346558
5269.0,0.0635568654827273,0.6461085015174107,0.2903346329998619
6792.0,0.013718205664694033,0.847149562321089,0.139132232014217
6048.0,0.8659947350640227,0.13312969378558645,8.755711503909646E-4
6318.0,0.01064153769439424,0.7621499066607245,0.22720855564488132
6589.0,0.006190719462679774,0.8078572036334974,0.18595207690382265
5811.0,0.32169283655246506,0.6356325722530746,0.04267459119446032
5252.0,0.08541753946862776,0.5745309327185176,0.3400515278128546
5527.0,0.9859059996873234,0.014064628742696351,2.9371569980331417E-5
6335.0,0.0883263191336901,0.8077857566065947,0.10388792425971519
6065.0,0.024512852928379708,0.7445614297856874,0.23092571728593286
5794.0,0.08393462073030067,0.8398975690547359,0.07616781021496341
6572.0,0.5067156791261908,0.4842891577014083,0.008995163172400828
5242.0,3.7670036708642354E-4,0.07575734451456671,0.9238659551183469
5117.0,0.0017243404384391034,0.2773915500276221,0.7208841095339387
5481.0,0.005515679873429814,0.3749559511549162,0.619528368971654
5967.0,0.873298621396558,0.1260910939281209,6.102846753211815E-4
6209.0,0.06135623604898823,0.8865789657210359,0.05206479822997589
6482.0,0.003157417475352207,0.8165001836019932,0.18034239892265458
5724.0,0.22821079716076012,0.46276026897959655,0.3090289338596434
6648.0,0.018723001857422785,0.8280458463660756,0.15323115177650165
6379.0,0.008232871149358072,0.8260773986670455,0.16568973018359634
6117.0,0.04143335747830198,0.742428149296063,0.21613849322563486
5571.0,0.24586479117297358,0.7402808980109271,0.013854310816099471
5328.0,0.05323387950504286,0.7254562648967101,0.22130985559824715
4951.0,0.10689544771182691,0.8562775901437597,0.036826962144413306
6406.0,3.5210290685237664E-4,0.04121890598410191,0.9584289911090457
5640.0,0.01473815346444371,0.8760194438306443,0.10924240270491187
5915.0,0.45569239817495444,0.469574904687335,0.07473269713771055
6165.0,0.7805715892695327,0.21883586739970698,5.925433307602587E-4
5437.0,0.15242724050728768,0.8407681867673538,0.006804572725358554
6707.0,0.07199754354506387,0.8556547758282297,0.07234768062670628
5033.0,0.5761049448217674,0.40098852459814516,0.02290653058008746
5166.0,0.16968277325939338,0.7592613075916339,0.07105591914897261
5657.0,0.9598065658182998,0.04008408600558618,1.0934817611394871E-4
6148.0,0.006161536526443502,0.22443704951371138,0.7694014139598452
5898.0,1.9718881568749186E-4,0.07355046688386772,0.9262523443004447
6690.0,0.04814833747295529,0.8472106617800638,0.10464100074698095
5420.0,0.7496136826491056,0.24750958452624722,0.002876732824647157
5183.0,0.8491649781336685,0.15051400684337982,3.2101502295157463E-4
5048.0,0.02844213742273223,0.8424087486691807,0.12914911390808717
6633.0,0.04153695148049288,0.7090850249491961,0.24937802357031083
5863.0,0.12222503456386585,0.8639656509607821,0.01380931447535195
6132.0,0.010755204369567697,0.4106619846764641,0.5785828109539682
6394.0,0.010207590614891692,0.8751906753515931,0.11460173403351527
5586.0,0.12677945784908864,0.8526013037409368,0.020619238409974504
4934.0,0.06128955097347336,0.7431320131576878,0.19557843586883877
5313.0,0.010577524441445834,0.858603090961826,0.1308193845967282
5928.0,0.794034420860961,0.20373153634892247,0.0022340427901164895
6182.0,0.07072212712984312,0.8477000449577557,0.0815778279124012
6453.0,0.9649372842127311,0.034777191780875544,2.8552400639345147E-4
5691.0,0.004860421555291721,0.12641553921950202,0.8687240392252061
5149.0,0.4943762873118726,0.48657517467850936,0.019048538009618213
5018.0,0.6601292255398684,0.33675677459353237,0.0031139998665991675
5390.0,0.09731195054693478,0.8789639200629958,0.023724129390069387
6656.0,0.938035984630829,0.061602666387348425,3.6134898182245656E-4
6360.0,0.02266552197080555,0.8712107289774363,0.10612374905175818
6102.0,0.26391216687341507,0.6775125908350839,0.05857524229150093
5829.0,0.0032798516180254215,0.27604715567499977,0.7206729927069748
6603.0,0.12759203571932748,0.8425468329118775,0.02986113136879488
4964.0,0.0781715534884096,0.6077016064793752,0.3141268400322152
5347.0,0.005930465379148958,0.48329001992800585,0.5107795146928452
5616.0,0.013936934694360355,0.5812052853759466,0.4048577799296929
6087.0,0.009057491213384544,0.42037453304548233,0.5705679757411333
6345.0,0.4709041884747201,0.46114511179665196,0.06795069972862784
5844.0,0.005366887696278645,0.2701362373750854,0.724496874928636
5362.0,0.9629732001126637,0.03693715012197982,8.9649765356464E-5
4981.0,0.01649234434751505,0.7072524692914854,0.27625518636099955
5601.0,0.01280975913973919,0.7914938833902843,0.19569635746997666
5945.0,0.025620887935816922,0.8713596141480173,0.10301949791616569
5674.0,0.018140313735680123,0.23533964287297318,0.7465200433913466
6436.0,0.1537648680918508,0.8184709871113371,0.027764144796811985
5003.0,0.44436100892247143,0.5416106409410432,0.01402835013648543
5132.0,0.08435593803111774,0.7691038290282467,0.14654023294063553
6673.0,0.021767231551950223,0.7830930471049319,0.19513972134311797
5407.0,0.17705369095525517,0.8113188491202854,0.011627459924459375
5450.0,0.004085049254366149,0.6407120701658731,0.3552028805797608
6724.0,0.5131584772672226,0.4822968963838268,0.00454462634895051
5209.0,0.034006284418329834,0.727099972531822,0.23889374304984806
5086.0,0.020734725436081798,0.5065087353733511,0.47275653919056715
6513.0,0.9571571718901879,0.04275163299111805,9.119511869389305E-5
5759.0,0.08851373463272456,0.8583648648312033,0.0531214005360722
5996.0,0.16954923710919598,0.7799978919250269,0.0504528709657772
6242.0,0.008014184872388582,0.6538292154823906,0.3381565996452207
5556.0,0.7089669627121147,0.2881626901263055,0.0028703471615799296
5287.0,0.44012632660493456,0.5542684659793777,0.0056052074156876614
5761.0,0.4914896892228389,0.5005720365196188,0.007938274257542448
6543.0,0.03059884500907143,0.844591735591811,0.12480941939911751
6300.0,0.18030935155291808,0.8045162790405558,0.0151743694065261
6034.0,0.8070832580815341,0.1924273539669264,4.893879515394695E-4
5541.0,0.03586678459792762,0.6699218989210728,0.2942113164809995
5302.0,0.026609232407504325,0.38431166985574206,0.5890790977367536
6558.0,0.01716739146304658,0.8943811123391414,0.0884514961978119
5776.0,0.4647439388001322,0.5179889445283271,0.01726711667154076
6019.0,0.9008925109449077,0.09876960488230589,3.3788417278627996E-4
6285.0,0.5141476977454226,0.4820296639375169,0.003822638317060636
5467.0,0.2968198392624605,0.6845992712907094,0.018580889446830038
5071.0,0.374742893541026,0.612287322259526,0.012969784199448112
5192.0,0.2425227387417218,0.745059490099065,0.012417771159213161
5742.0,0.01464462601563185,0.9101402180800687,0.07521515590429935
6259.0,0.05252431097686742,0.7644133671189088,0.18306232190422372
6013.0,0.008703388043339729,0.6021046674124108,0.38919194454424944
5268.0,0.3531781313445455,0.6358636352208424,0.010958233434612101
6793.0,0.0651895587795536,0.47186492939321173,0.4629455118272347
5511.0,0.2757926037461285,0.716390784708703,0.007816611545168542
6319.0,0.9426488228196025,0.057016342337232635,3.348348431650491E-4
5810.0,0.11577113993843838,0.864787102318275,0.019441757743286638
5101.0,0.10543354382838961,0.60718482595713,0.28738163021448043
5226.0,0.06010724907881735,0.9107426001904189,0.029150150730763776
5497.0,0.10325867822000803,0.7467158340376978,0.15002548774229424
6775.0,0.00579477031614814,0.3749568709498756,0.6192483587339761
5983.0,0.15730517120462692,0.8277029749806307,0.014991853814742481
6225.0,0.003956737706374781,0.3082755129083498,0.6877677493852753
6466.0,0.2653164945502483,0.7182469462125526,0.01643655923719906
5708.0,0.00914894483859295,0.5400598518974358,0.45079120326397143
5116.0,0.34964136036950605,0.6425690320066381,0.007789607623855867
6758.0,0.764386528085882,0.22959294076949888,0.006020531144618919
5480.0,0.04465018746602968,0.6300673348266601,0.3252824777073102
6208.0,0.8458446277458971,0.15320672341327707,9.486488408258669E-4
5966.0,0.0033037731204340723,0.8645972476164844,0.13209897926308165
5725.0,4.513918660860374E-4,0.08126809706737716,0.9182805110665369
6483.0,0.57846917296574,0.4183997614178508,0.00313106561640926
5253.0,0.16561625504937294,0.7632992588059068,0.07108448614472027
5526.0,0.02790378341837722,0.6975908821509518,0.27450533443067093
6808.0,0.03386671642378043,0.8792315374055254,0.086901746170694
6064.0,0.025921031779870825,0.9073926286959609,0.06668633952416814
6334.0,0.4557778857581292,0.5411753106556153,0.003046803586255543
6573.0,0.22849302522368745,0.765534456907637,0.005972517868675574
5795.0,0.2960156361594159,0.6865919284220685,0.017392435418515595
5400.0,0.09251893082850797,0.8532614368079439,0.05421963236354831
6678.0,0.798997180537196,0.1999685453434768,0.0010342741193271286
5004.0,0.04068386088505324,0.8726360358480886,0.0866801032668582
5131.0,0.0013376044997107093,0.1448613686971317,0.8538010268031575
6435.0,0.0757405270382826,0.8224602070084451,0.10179926595327225
5677.0,0.06681941785473747,0.9074221616847015,0.025758420460560965
5950.0,0.047571737352887195,0.5656541389555106,0.3867741236916022
6192.0,0.8676076425040478,0.1311918931446679,0.0012004643512843396
5606.0,0.0039951474896436235,0.1312069737521622,0.8647978787581941
5365.0,0.2948445182282189,0.6544242680922642,0.05073121367951697
4978.0,0.58167788841976,0.41000037379813203,0.008321737782107947
5843.0,0.00335242315770994,0.3658317954514497,0.6308157813908403
6621.0,0.9859442746679181,0.014025151821751613,3.057351033016177E-5
6350.0,0.06827072622858164,0.901165382846796,0.03056389092462228
6080.0,0.01580827420278805,0.9298513903578928,0.05434033543931924
5623.0,0.006920880206599793,0.5801476128819122,0.412931506911488
4963.0,0.9774329631960045,0.022543777251336182,2.3259552659347264E-5
5348.0,0.1192304447109078,0.8643445326482813,0.016425022640810995
6604.0,0.256176042891233,0.7324609756105966,0.011362981498170376
5826.0,0.013227393232667804,0.409556165619752,0.5772164411475803
6097.0,0.6775701246416884,0.31296421240454975,0.009465662953761802
6367.0,0.8687109586297657,0.13036020225306919,9.288391171651315E-4
5385.0,0.0018142842987879358,0.5059668535278813,0.4922188621733308
5146.0,0.02348218267758219,0.6965150812978517,0.2800027360245662
5021.0,0.0843167299363213,0.8028225310097771,0.11286073905390162
5692.0,0.160566565311757,0.6245771226812019,0.2148563120070413
6450.0,0.35538179478172344,0.6376978557265508,0.006920349491725787
6177.0,0.07529729953859424,0.734325955971385,0.1903767444900209
5935.0,0.004705077792093042,0.4452103072967294,0.5500846149111775
4929.0,0.054743729808912955,0.8989689731448726,0.04628729704621449
5318.0,0.013858905478591527,0.711698865198305,0.27444222932310336
5589.0,0.8194614091324798,0.17893361413007008,0.0016049767374500495
6131.0,0.004736658499253714,0.6261062484154478,0.3691570930852985
5856.0,0.29948295732919433,0.6941987718691986,0.00631827080160704
6638.0,0.7088593665764167,0.287843692330161,0.0032969410934223405
5176.0,0.3918059015277762,0.5646607704249572,0.04353332804726663
5055.0,0.03137195970399528,0.7031889007114005,0.26543913958460413
5419.0,8.196167950609834E-4,0.04775737815090541,0.9514230050540335
6693.0,0.07859506109104736,0.8278913772644958,0.09351356164445693
5901.0,0.5017766918372306,0.49381023365166354,0.004413074511105932
6147.0,0.0070436770363054655,0.793831644082482,0.19912467888121255
6416.0,0.00754379286411615,0.3455880583851313,0.6468681487507525
5662.0,0.58451984122938,0.41157676332441506,0.0039033954462048097
5038.0,0.9604129019362585,0.039368601293190975,2.184967705504829E-4
5161.0,0.008095234283507776,0.34310257157250723,0.648802194143985
6708.0,0.8611660165716799,0.13807204667037562,7.619367579444422E-4
5434.0,0.10021395828986913,0.6085553926793507,0.2912306490307802
6162.0,0.012910210331838208,0.34155418943547766,0.6455356002326841
5916.0,0.09553557379302816,0.8350806168720106,0.06938380933496112
5647.0,0.588563282826023,0.4053874674595791,0.006049249714397907
6401.0,0.8737110702848309,0.1259078332164197,3.81096498749314E-4
5335.0,0.00259225393354238,0.19711159929685734,0.8002961467696003
4944.0,0.01911426457230041,0.8223875996095501,0.1584981358181494
5572.0,0.01110168252060784,0.2061322450685028,0.7827660724108894
6114.0,5.271584577104605E-4,0.20913627339978247,0.790336568142507
6380.0,0.15754777262302277,0.744245686249357,0.0982065411276201
6655.0,0.5507761933224717,0.44665476692752837,0.0025690397499998265
5873.0,0.002591320895105418,0.512580335551312,0.48482834355358245
5796.0,0.9756986658900421,0.024145606970380075,1.557271395777394E-4
6570.0,0.04814833747295529,0.8472106617800638,0.10464100074698095
6329.0,0.630123997425189,0.3623784310723615,0.007497571502449399
6071.0,0.9594672343090352,0.040277306851302076,2.554588396627863E-4
5521.0,0.9008925109449077,0.09876960488230589,3.3788417278627996E-4
5250.0,0.05375906000427717,0.79468471805559,0.15155622194013274
6484.0,0.09570529866798265,0.8652645351700068,0.03903016616201068
5722.0,0.3561869396424241,0.5903581461239825,0.053454914233593415
5961.0,1.531764283077333E-4,0.033654070286730245,0.9661927532849621
6215.0,0.0167381521634144,0.906130336905318,0.07713151093126763
5487.0,0.00547225151568401,0.8486081826922186,0.14591956579209756
6753.0,0.004144782459283729,0.4055480512923902,0.590307166248326
5244.0,0.03977523195920003,0.9074175334337377,0.05280723460706226
5115.0,0.0028415678200473505,0.2117480918493816,0.7854103403305711
5707.0,0.012453209190276645,0.7851176777727976,0.2024291130369256
6469.0,0.15114964486379998,0.8364297218824122,0.012420633253787885
6230.0,0.06654035905707098,0.582781459204341,0.35067818173858806
5976.0,0.032919116086228564,0.7154355831917024,0.25164530072206903
6768.0,0.03566185763329839,0.6762652227867777,0.2880729195799238
5502.0,0.19837540939204917,0.782321668607537,0.019302922000413822
5098.0,0.3037070629540506,0.6804551665924762,0.01583777045347334
5229.0,0.011289198638030518,0.6797707968497945,0.30894000451217496
6587.0,0.015815812831069247,0.9371160990873654,0.04706808808156542
5813.0,0.8768892727781459,0.12245565961822326,6.550676036309121E-4
6054.0,0.40127124244148604,0.583043463881338,0.01568529367717598
6312.0,0.002135469794114911,0.16724968638975854,0.8306148438161265
5504.0,0.013632568779660676,0.8993562612176533,0.08701117000268607
6798.0,0.13390719048832803,0.8369152882911873,0.029177521220484687
5267.0,0.5530124770923942,0.40695455800320335,0.0400329649044023
6010.0,0.10431436877593127,0.7957797730476978,0.09990585817637099
6260.0,0.6431965831515989,0.35411677922260504,0.0026866376257959662
6503.0,0.012027349634391109,0.8004347978457047,0.18753785251990415
5737.0,0.886688000359061,0.11288351360102211,4.2848603991701544E-4
5064.0,3.6045560752864634E-4,0.19831699433335276,0.8013225500591186
5199.0,0.005611641235661306,0.37740911412924655,0.6169792446350921
5468.0,0.6261382429009097,0.3620361022261093,0.011825654872981043
6738.0,0.0546715209224116,0.8592729662440141,0.08605551283357443
6282.0,0.46446371413269805,0.5186679328706721,0.01686835299662983
6020.0,0.019281499530740504,0.8771342935446387,0.1035842069246207
6553.0,0.07707630624699655,0.7099466365904763,0.21297705716252718
5297.0,0.19857048508841652,0.7973728524915117,0.004056662420071865
4918.0,0.28784761595524533,0.705593300848188,0.0065590831965666625
5538.0,0.886688000359061,0.11288351360102211,4.2848603991701544E-4
6037.0,0.1594275980308024,0.767373892325949,0.07319850964324869
6299.0,0.0120270999922769,0.7896146688558667,0.1983582311518565
6536.0,0.03285420531646384,0.679207841422321,0.28793795326121513
5766.0,0.9501690242680042,0.049289134517187576,5.418412148082293E-4
5280.0,0.037508938020048926,0.9009161875228853,0.06157487445706592
5555.0,0.003549397453402499,0.6435664403006771,0.3528841622459204
6245.0,0.061391679793125827,0.879709271139984,0.058899049066890224
5995.0,0.881125496814149,0.11824260854846975,6.318946373813681E-4
5752.0,0.19415643820919049,0.7890452145996615,0.016798347191148148
6518.0,0.002682488997979538,0.46385053442261936,0.533466976579401
5214.0,0.010221856310802992,0.6089499768673541,0.3808281668218429
5081.0,0.00748716387595865,0.6827983716707094,0.30971446445333195
6723.0,0.9012482456262119,0.09833030636079117,4.2144801299717175E-4
5453.0,0.05896491008148217,0.8242731567626173,0.11676193315590053
5607.0,0.05315342345464556,0.8893094817511614,0.05753709479419289
5364.0,0.147005953474429,0.8235683904450738,0.02942565608049712
4979.0,0.008778618155391995,0.7568555642938023,0.2343658175508058
6620.0,0.012221625507370265,0.4112761908566419,0.5765021836359877
5842.0,0.004190575698722272,0.27403138301132096,0.7217780412899568
6081.0,0.056449661300542575,0.9116961829504474,0.03185415574900996
6351.0,0.03959563755804095,0.8985828622809797,0.06182150016097924
6679.0,0.9598065658182998,0.04008408600558618,1.0934817611394871E-4
5401.0,0.006088014596753179,0.7970398012622268,0.19687218414102003
5005.0,0.10934258284763981,0.7778525012445392,0.11280491590782084
5130.0,8.280897650224888E-4,0.10870930432801114,0.8904626059069664
5676.0,0.018113613156012436,0.9171954416373491,0.06469094520663855
6434.0,0.005852766404343345,0.8712597535178391,0.12288748007781736
6193.0,0.6601292255398684,0.33675677459353237,0.0031139998665991675
5951.0,0.9571571718901879,0.04275163299111805,9.119511869389305E-5
5384.0,0.06365544105006447,0.8070967381049744,0.1292478208449613
6662.0,0.17705369095525517,0.8113188491202854,0.011627459924459375
5147.0,0.06518277702875527,0.8853648583188768,0.049452364652367964
5020.0,0.3775932524525366,0.60838538336518,0.014021364182283407
6451.0,0.09774397505720278,0.8743019045407283,0.027954120402068922
5693.0,0.3383706381246336,0.616925976151348,0.04470338572401844
5934.0,0.33915128653642396,0.651266008784476,0.009582704679100074
6176.0,0.05969709916878941,0.7768726823719972,0.16343021845921338
5622.0,0.058443126348399134,0.8810468921055035,0.06050998154609745
4962.0,0.015149298097534646,0.9358846610059757,0.048966040896489746
5349.0,0.11306851476037061,0.8576938071131486,0.02923767812648081
6605.0,0.016379411560750953,0.9190931513144167,0.06452743712483223
6366.0,0.021367095136281652,0.6953015167207096,0.28333138814300884
6096.0,0.005681585946496668,0.4616883337840104,0.532630080269493
5177.0,0.8782468754391699,0.12132202265055222,4.3110191027778076E-4
5054.0,0.046838781940497766,0.7604707978123776,0.1926904202471246
6692.0,0.4859506451761971,0.5094510457794568,0.00459830904434624
5418.0,0.036282955150096864,0.8230606767413498,0.14065636810855348
6146.0,0.010921248649240684,0.6869097187799204,0.302169032570839
5900.0,0.9212560848931767,0.07857679684208102,1.6711826474232752E-4
5663.0,0.25248274456703673,0.7363380396522686,0.011179215780694664
6417.0,0.37327068906042055,0.6208373410422424,0.005891969897337061
4928.0,0.032241418698186315,0.7613088978688329,0.20644968343298087
