6393.0,2.6498640132751662E-5,0.2001711846372954,0.7998023167225717
6135.0,1.5474261312485347E-6,0.1301781532988842,0.8698202992749845
5860.0,9.437653755094704E-10,0.0017527206321916243,0.998247278424043
6634.0,0.6878620039584917,0.31212744145225896,1.0554589249202267E-5
4933.0,2.0238544225212887E-5,0.9162508035065261,0.0837289579492487
5585.0,0.22857856550038944,0.7708478862335001,5.735482661105091E-4
5897.0,0.22759991555557224,0.766724908422635,0.005675176021792732
6151.0,2.1867347509551747E-11,0.10192257596893253,0.8980774240092001
6420.0,0.9808695678829622,0.01912448947801275,5.942639025060492E-6
5658.0,0.9994587597741266,5.410886898465549E-4,1.5153602695372686E-7
5180.0,0.9964718419535231,0.0035259930950861853,2.1649513906673824E-6
5051.0,1.7752168378395066E-9,0.27060662483389725,0.7293933733908858
5423.0,7.32760208149432E-11,4.291360778486395E-5,0.9999570863189391
6689.0,0.18695433846677467,0.8058495709115712,0.007196090621654246
6166.0,9.683810367113198E-5,0.9085108591954784,0.09139230270085061
5912.0,0.00796778415533324,0.9891126537671135,0.0029195620775532456
5643.0,4.4135938478326605E-8,0.0075993484821606835,0.9924006073819008
6405.0,3.189061485071376E-14,2.0168123881021032E-4,0.999798318761158
5034.0,6.971462840506793E-5,0.9299003569236104,0.07002992844798461
5165.0,0.06335672760902272,0.9360875456594221,5.557267315552889E-4
6704.0,4.4991923383377614E-4,0.9675775928914152,0.03197248787475101
5438.0,0.99092436048612,0.009075469720390805,1.69793489093154E-7
6118.0,7.877092943925349E-10,0.3562116051289962,0.6437883940832945
6376.0,7.405848795994063E-7,0.08094924568773389,0.9190500137273866
6651.0,0.08006548722373208,0.9198444315658963,9.00812103715327E-5
5877.0,2.1975738572011613E-6,0.03465292670081392,0.9653448757253288
5331.0,8.777308731190859E-4,0.9390967677993962,0.06002550132748473
4948.0,2.7435580486000523E-5,0.9515471354904741,0.04842542892903985
5568.0,5.462775635983626E-7,0.8093235816570794,0.190675872065357
5673.0,1.8430737864127584E-5,0.8463833929977337,0.15359817626440214
5946.0,0.9424332947843793,0.057469884017801356,9.682119781937636E-5
6196.0,0.4620037152888085,0.5378859826677204,1.1030204347124302E-4
5404.0,1.358925732518601E-5,0.5651928907308602,0.4347935200118146
5000.0,0.03727121658596997,0.9275720657834996,0.0351567176305304
5135.0,1.0065913201117496E-6,0.2267553709375809,0.7732436224710989
5847.0,8.207755320257203E-5,0.6912959983161353,0.3086219241306622
6617.0,0.07761387551202116,0.9222237651122244,1.6235937575443155E-4
6346.0,0.03828219169838537,0.9551845442222331,0.006533264079381528
6084.0,0.22980280952422663,0.7648743817106813,0.005322808765092021
5602.0,0.9940864308873067,0.005831274731371457,8.229438132183478E-5
5361.0,0.40086836527551745,0.5991313291381516,3.055863308079814E-7
4982.0,0.016710451730147024,0.9830344019477671,2.55146322085832E-4
6600.0,0.06256028568434506,0.9367717059374312,6.680083782238295E-4
5830.0,3.1987254709555047E-5,0.21619654467464366,0.7837714680706468
6101.0,0.5024931737005062,0.497035560313955,4.712659855387801E-4
6363.0,3.695841997343071E-14,5.309331569765726E-5,0.9999469066842654
5619.0,0.02893833250254256,0.9708725699377512,1.8909755970631542E-4
4967.0,0.9501394798859735,0.04985919486006098,1.3252539655509062E-6
5344.0,2.8318339322369525E-4,0.9522659605155982,0.04745085609117804
5688.0,3.213952550654187E-9,1.4858012237507371E-4,0.9998514166636724
6454.0,0.37706235579171904,0.6197146687276589,0.0032229754806221123
6181.0,0.5604055144228751,0.43959287600594665,1.6095711782401157E-6
5931.0,1.6882982747270055E-5,0.04783313855038687,0.9521499784668659
6659.0,4.1913984507228326E-14,1.4949151478901079E-4,0.9998505084851691
5389.0,4.128271827263919E-5,0.9078026781075227,0.09215603917420463
5150.0,0.9489758219688895,0.05102188600476401,2.292026346543845E-6
5017.0,0.9999978081407707,2.191051383037121E-6,8.078462594019911E-10
5068.0,0.10050671454625919,0.8969050117475733,0.0025882737061676303
5195.0,9.324207005256987E-6,0.11787650081388573,0.882114174979109
5464.0,0.22096806580999662,0.7005301130794203,0.07850182111058318
6742.0,1.5496588535213212E-4,0.9775069355227208,0.022338098591927088
6014.0,3.751879540836537E-13,0.003998693249909953,0.9960013067497148
6256.0,0.4155738689090456,0.5829658972460684,0.0014602338448860305
6499.0,1.0587068655341076E-4,0.48821024911431293,0.5116838801991336
5741.0,3.372984904867593E-7,0.2052604272240193,0.7947392354774901
5301.0,0.006251604552467244,0.9926145865711792,0.0011338088763535612
5542.0,0.9864081655559298,0.013591790000213773,4.444385649685228E-8
6286.0,0.7488492445120697,0.2510783178328484,7.243765508190903E-5
6016.0,0.014263403177922082,0.747053352987767,0.23868324383431097
5779.0,0.01704278262864991,0.9806589009368609,0.002298316434489115
6557.0,4.190098622199985E-15,2.544800620224492E-4,0.9997455199379733
5284.0,0.8272141428929142,0.17250470287212163,2.811542349642306E-4
5559.0,4.030902076676663E-8,7.250316293259824E-4,0.9992749280616532
6033.0,0.019504251007664456,0.8306163718412725,0.1498793771510631
6303.0,0.9594180884693151,0.040551737876552196,3.0173654132664912E-5
6540.0,3.486359243572006E-4,0.8137424583900109,0.18590890568563187
5762.0,4.7113508020661175E-8,0.03914381028174875,0.9608561426047432
5210.0,0.184046924904261,0.8151902031180206,7.628719777184178E-4
5085.0,0.9790808016312387,0.02091919126895818,7.09980307221994E-9
6727.0,0.44357349103947075,0.5004259429888565,0.056000565971672814
5449.0,0.036035753409907244,0.963833723654225,1.3052293586767404E-4
6241.0,0.8943223831965985,0.10566943862566361,8.178177737859217E-6
5999.0,0.0015115594815631073,0.5271758340360339,0.47131260648240314
5756.0,0.047236135259714186,0.7588518330255982,0.19391203171468754
6514.0,3.043018256403513E-5,0.8623047652314084,0.13766480458602756
5254.0,0.8868816756900683,0.11311631816096275,2.0061489689507317E-6
5792.0,7.338406108657063E-19,1.3268960600798155E-6,0.99999867310394
6574.0,5.2213275852422E-4,0.9924269008165452,0.007050966424930655
6333.0,1.2050363202039125E-8,0.3517320131310977,0.6482679748185391
6067.0,0.04353415833514224,0.9553881380803431,0.001077703584514805
5483.0,6.700271618734175E-4,0.9699869688688624,0.029343003969264196
6757.0,0.15865041637184812,0.7595803066379926,0.08176927699015918
5240.0,0.9847947673008922,0.015205229678080414,3.0210275502824262E-9
5119.0,7.886543128418317E-5,0.4242230287501255,0.5756981058185903
6480.0,0.003179295563623269,0.9957928914266414,0.001027813009735308
5726.0,2.4308440678346326E-7,0.24261744851370232,0.7573823084018909
5965.0,0.026710676055918457,0.6443327751857519,0.3289565487583297
6772.0,0.5999971177916383,0.3923703212238505,0.007632560984511098
5498.0,0.009040768504715064,0.982016122356092,0.008943109139192893
5102.0,7.269637063175955E-10,0.012340634738504604,0.9876593645345316
5225.0,2.544859052830175E-4,0.605576759192981,0.39416875490173586
5711.0,0.6667982656699808,0.33305227045945035,1.4946387056896624E-4
6465.0,0.7505144893671879,0.24382271885467988,0.005662791778132286
6226.0,4.5191353997463E-4,0.9951423686960343,0.00440571776399098
5980.0,0.007580718016848601,0.8333163591233381,0.1591029228598133
5508.0,0.13671052712582277,0.319721469893206,0.5435680029809714
6794.0,6.130407339442455E-4,0.9990301378352048,3.5682143085102836E-4
5271.0,0.603922802003759,0.39138978825223214,0.004687409744008731
6591.0,0.001544943371110275,0.9881479896303366,0.010307066998553084
5809.0,3.561167676244004E-8,0.9966593299572076,0.0033406344311155494
6050.0,0.01930568750685896,0.9740198523270651,0.006674460166075918
6316.0,1.5111210486053957E-7,0.5525551103292965,0.44744473855859873
6150.0,0.4248496351742931,0.5751217815028818,2.858332282518833E-5
5896.0,2.9225780070031935E-6,0.9732288498981648,0.02676822752382812
5659.0,6.456927699658767E-8,0.08677303701331716,0.9132268984174059
6421.0,0.0017285816889668177,0.9884163072416144,0.00985511106941864
5181.0,0.999726177849883,2.738220413111762E-4,1.0880580000015633E-10
5050.0,2.8883005257686155E-14,2.0079095545623259E-4,0.9997992090445149
6688.0,0.13688529408139755,0.8630086377211178,1.060681974846212E-4
5422.0,0.6391978907816398,0.35979403381493846,0.0010080754034217812
6134.0,1.338770723618244E-6,0.1723405981106751,0.8276580631186014
6392.0,1.8685358122221065E-5,0.22053387413970335,0.7794474405021744
6635.0,0.9919539701473359,0.008045963776256068,6.607640817905934E-8
5861.0,6.794688540105984E-4,0.9820682737538334,0.017252257392156002
4932.0,8.948338118981224E-7,0.012070432727165395,0.9879286724390226
5315.0,0.4289392876409217,0.5692411094086659,0.001819602950412473
6377.0,0.004312744155527544,0.9883167594706717,0.007370496373800892
6119.0,0.10613590692139288,0.8938309328523296,3.3160226277620665E-5
5876.0,3.549322908571993E-8,0.0010532080078554983,0.9989467564989154
6650.0,5.444629102911752E-12,0.02085677475875769,0.9791432252357977
5330.0,1.304522495229196E-7,0.013609048542709501,0.9863908210050409
4949.0,0.7435930682873707,0.2563906427706833,1.6288941945977788E-5
5569.0,0.0074826023911117165,0.9812349186143363,0.011282478994551854
5913.0,1.5126301208364244E-4,0.9851901631192749,0.014658573868641379
6167.0,4.301300231716768E-8,0.23152006756285598,0.7684798894241416
6404.0,2.3691900672932848E-4,0.9135683520952297,0.08619472889804104
5642.0,0.5018895477709509,0.2821833644222131,0.215927087806836
5035.0,6.605890275422202E-14,7.328161267231661E-4,0.9992671838732108
5164.0,0.0011691857294288492,0.9747689158444677,0.024061898426103578
5439.0,4.3705315599655306E-5,0.9721498116039082,0.027806483080492043
6616.0,2.5499425099640416E-5,0.49380721223603596,0.5061672883388644
5846.0,0.9890081593553002,0.010990481434396153,1.359210303563519E-6
6085.0,3.562552652956194E-5,0.4063280411224247,0.5936363333510457
6347.0,0.9941024536233455,0.005896983632532587,5.62744121909352E-7
5603.0,1.0055308716255355E-4,0.2823741079916309,0.7175253389212066
5360.0,3.285001286183638E-6,0.7764732255174812,0.2235234894812327
4983.0,7.369085712231504E-5,0.592176550356057,0.4077497587868207
5672.0,0.24027069413848653,0.7597268690442334,2.436817280084029E-6
6438.0,0.0045002933451180685,0.9931806137833804,0.002319092871501401
6197.0,0.3056833299398222,0.6910731380136597,0.003243532046518172
5947.0,7.452513796321247E-6,0.7239775547041586,0.2760149927820451
6675.0,3.0577051844121067E-5,0.9352824001401072,0.06468702280804856
5405.0,7.686480945912876E-7,0.7684136362643061,0.23158559508759932
5001.0,0.24277379982049319,0.7316223621697988,0.025603838009708113
5134.0,0.999953659247462,4.630713854973809E-5,3.361398806790593E-8
5689.0,4.47284720978291E-7,0.8496972703346117,0.15030228238066717
5930.0,0.07565698327000826,0.9122894222434249,0.01205359448656675
6180.0,1.1069710782621384E-9,0.36637090198442707,0.6336290969086018
5388.0,0.7570767709178555,0.24217582410699556,7.474049751488253E-4
5151.0,7.639045824118521E-7,0.9998980924196816,1.0114367573591888E-4
5016.0,8.115335996762605E-6,0.8175348058120148,0.18245707885198847
5831.0,4.47272596859479E-5,0.9553048663655271,0.044650406374786976
6601.0,0.9832302216032295,0.016769770757949044,7.638821425379872E-9
6362.0,1.1506196836031255E-4,0.9020125392164934,0.09787239881514616
6100.0,0.9753920535710257,0.024539972435858974,6.797399311544086E-5
5618.0,1.7919036447410547E-7,0.03728809361031912,0.9627117271993164
4966.0,0.05104489181783494,0.9489258965887696,2.9211593395570205E-5
5345.0,0.04265890930825313,0.9394008601959101,0.017940230495836786
5300.0,0.21072455090743836,0.7886674571033409,6.079919892207075E-4
5543.0,0.8764265501399754,0.09987585952065034,0.023697590339374314
6017.0,1.6294901314103913E-4,0.9998267898038327,1.0261183026332026E-5
6287.0,0.6305529593191114,0.3694363460309254,1.0694649963193468E-5
6556.0,0.0014891718427841813,0.08803795192781172,0.9104728762294041
5778.0,3.9496121317749713E-4,0.9672937264163401,0.032311312370482306
5069.0,1.2621452551609082E-7,0.08066205105562102,0.9193378227298534
5194.0,0.0028777459424085723,0.9561486176676195,0.040973636389971986
6743.0,0.12750902145550683,0.8705725674861311,0.0019184110583620234
5465.0,0.9869145343913298,0.013085396548876506,6.905979357969655E-8
6257.0,1.8132336919899733E-5,0.9958222179809394,0.004159649682140692
6015.0,0.8902380898941626,0.10975879672115368,3.113384683584519E-6
6498.0,5.634948536362806E-5,0.006472975993261219,0.993470674521375
5211.0,1.0221837698441015E-10,0.06369394624070707,0.9363060536570745
5084.0,3.729205654934369E-5,0.30737929721520707,0.6925834107282436
5448.0,5.1188562300032E-13,3.9852094077493644E-4,0.9996014790587132
6726.0,6.435867528441979E-9,0.06384468418021523,0.9361553093839172
5998.0,0.06683872213730623,0.9330461325808479,1.1514528184593484E-4
6240.0,1.1484649040383506E-9,0.01856363967907518,0.9814363591724599
6515.0,0.12264752140307561,0.877063609091852,2.888695050723052E-4
5757.0,0.22995447697726903,0.7640156013400581,0.006029921682672958
5285.0,4.433081955331243E-6,0.16372391617643467,0.83627165074161
5558.0,4.923235395170103E-7,0.0787222701230154,0.921277237553445
6032.0,0.061106288328319935,0.9388795821724727,1.4129499207297556E-5
5763.0,0.008716745648102878,0.9445430953748237,0.04674015897707334
6541.0,7.912336909466769E-5,0.9654983196580464,0.0344225569728588
5482.0,0.013054400611183552,0.9869435646877184,2.0347010979778557E-6
5241.0,6.270587741418232E-5,0.7566571723232456,0.2432801217993403
5118.0,0.9922087481271613,0.007790864390804568,3.87482034121362E-7
6481.0,6.189778783263228E-11,8.085380684926008E-4,0.9991914618696096
6210.0,0.005835318423361649,0.9145378037325729,0.07962687784406546
5964.0,0.9999421434650884,5.7854790528631805E-5,1.7443830514411392E-9
5524.0,0.3795589563984975,0.6170726236992052,0.003368419902297271
5255.0,0.8457621474545288,0.15284016930530106,0.0013976832401700898
6575.0,0.07138866277140016,0.9105953363673132,0.018016000861286713
6066.0,5.072210214369294E-5,0.3589512512518027,0.6409980266460537
6332.0,0.0033736023561438907,0.993203284276958,0.0034231133668981314
6795.0,0.7873572330583135,0.212639833354296,2.9335873904169595E-6
5509.0,2.6317374814075145E-5,0.27308301167455756,0.7268906709506284
5270.0,0.5945932534655459,0.40540535729843635,1.389236017705665E-6
5808.0,8.231513744887077E-5,0.43070820257239845,0.5692094822901526
6317.0,0.05579662275398584,0.9229624628303262,0.021240914415687876
6051.0,0.06708035210040987,0.9000061828657274,0.03291346503386274
5499.0,6.122969754922953E-5,0.7853805652503509,0.21455820505209985
6773.0,1.845007232057099E-5,0.672039964563148,0.3279415853645314
5103.0,7.692220180480152E-7,0.6885384525330638,0.31146077824491825
5224.0,3.1624164292932375E-4,0.169972271989492,0.8297114863675786
6464.0,0.854792846779825,0.14520659364876873,5.595714061198015E-7
5710.0,1.0230502693040538E-4,0.9116021990803024,0.08829549589276724
5981.0,1.0901158066101412E-8,0.014755467293793113,0.9852445218050488
6227.0,0.005256286933873656,0.9483248066105492,0.04641890645557726
5641.0,9.398273324654255E-4,0.9958149220823157,0.0032452505852188355
6407.0,5.842987297133201E-12,0.030190255747218536,0.9698097442469386
6164.0,0.9251186754675963,0.0745709966471582,3.1032788524543923E-4
5914.0,8.010568635322576E-4,0.9651495875818449,0.03404935555462282
6706.0,0.6193814488266496,0.3806006421606988,1.7909012651700614E-5
5436.0,1.5922003943839276E-9,0.1963080770928511,0.8036919213149485
5032.0,3.2002743467110076E-8,0.0017123809574495295,0.9982875870398069
5167.0,1.6974019240834944E-4,0.6678836508802845,0.3319466089273072
6649.0,0.22919113252758183,0.7704073140500135,4.015534224046985E-4
5879.0,0.846720310881516,0.15327608981838983,3.599300094221839E-6
6116.0,5.95097862557163E-17,6.3988490327781E-8,0.9999999360115096
6378.0,0.09046875849355399,0.909059042877599,4.721986288469719E-4
5329.0,0.9994659109232846,5.339921374809578E-4,9.69392343896218E-8
4950.0,0.9921104107296013,0.0065549004067104125,0.0013346888636883445
5862.0,0.20115922480198523,0.6888048716903635,0.1100359035076512
6632.0,0.011153917419515965,0.9867205813986706,0.002125501181813353
6395.0,0.11377225178992445,0.8821793734243545,0.004048374785721103
6133.0,3.8397977409437446E-11,0.006416059233436537,0.9935839407281655
5587.0,1.6409607541555693E-8,0.6188777405859396,0.3811222430044529
4935.0,0.8693648753040658,0.13051485688937503,1.2026780655914966E-4
5312.0,0.03947672804998901,0.956134239347908,0.004389032602102988
6422.0,0.6101026724110294,0.38966881871096687,2.2850887800356185E-4
5656.0,3.210163381804346E-10,9.97988002856943E-4,0.9990020116761268
5899.0,3.234420689133749E-4,0.48404702635836805,0.5156295315727186
6149.0,0.0030604803736216267,0.9940657873452082,0.002873732281170241
5421.0,0.9341318877679246,0.06586223056637577,5.881665699627898E-6
5182.0,0.0018269039231808139,0.9754635003580628,0.022709595718756304
5049.0,7.124063847842125E-8,0.0919779791186792,0.9080219496406824
6103.0,0.01182237938364342,0.9872666983544814,9.109222618750797E-4
6361.0,4.583094053658873E-9,0.11965245829988459,0.8803475371170213
6602.0,0.9968842960084914,0.0031156830535183323,2.0937990416349214E-8
5828.0,0.8233621821929293,0.1766168588474024,2.0958959668293588E-5
4965.0,0.9990941126903684,9.058522347145402E-4,3.50749171613268E-8
5346.0,0.1253076552783444,0.6867405737418971,0.1879517709797584
5617.0,0.6527060712543343,0.3464670245452423,8.269042004233619E-4
6183.0,1.9334016426717637E-4,0.13880771635441996,0.8609989434813129
5929.0,8.942097375470936E-5,0.3145657462129071,0.6853448328133382
5690.0,3.8248826196776915E-7,0.7533120372102001,0.24668758030153787
6452.0,5.68354258246372E-4,0.9381478625990364,0.061283783142717235
5148.0,2.11760477945049E-6,0.07600035706732533,0.9239975253278953
5019.0,0.06108400802115092,0.9355350728082914,0.003380919170557563
6657.0,2.7025072829502103E-10,0.04046376048999574,0.9595362392397535
5391.0,1.6069671534638635E-9,0.004704298588225488,0.9952956998048073
5944.0,8.433286596735524E-7,0.9631112143834287,0.03688794228791161
6198.0,0.2648867713306312,0.465096329974414,0.2700168986949547
6437.0,0.9998150540488269,1.8494590686834623E-4,4.4304962514691293E-11
5675.0,0.004632033611394518,0.9833972994221589,0.011970666966446589
5002.0,4.1336383554795325E-5,0.7780801401643376,0.2218785234521076
5133.0,6.256023717391625E-26,1.3886814925306615E-11,0.9999999999861131
5406.0,1.0307840271354829E-8,0.003203736590283223,0.9967962531018765
6672.0,1.458922744824263E-10,0.002146329713992382,0.9978536701401154
6344.0,0.8311308638759322,0.0910732525418006,0.07779588358226736
6086.0,2.468127601284184E-7,0.0041024908022455125,0.9958972623849944
5845.0,1.1255265065933016E-6,0.35148677466414463,0.6485120998093488
6619.0,3.1581526861454354E-20,5.561233048461374E-7,0.9999994438766951
5363.0,1.0541364254938049E-4,0.9996700788271768,2.245075302739171E-4
4980.0,0.0012090336362663393,0.9556840564761069,0.0431069098876268
5600.0,0.17456309059775338,0.8253978654653469,3.904393689958981E-5
5557.0,0.29243085239371625,0.6964080507640692,0.011161096842214571
5286.0,2.889361567715094E-14,3.300792893442304E-4,0.9996699207106269
6542.0,0.9064197038867559,0.09357665895995887,3.637153285134892E-6
5760.0,3.5837177678872765E-4,0.991988309731441,0.0076533184917702566
6035.0,0.9098256735709351,0.08946036830581656,7.13958123248223E-4
6301.0,5.924269813773203E-6,0.16711030816235792,0.8328837675678282
6725.0,0.8157491534685961,0.18388255785668192,3.682886747219235E-4
5451.0,2.4602887262585394E-8,0.6778452010408162,0.3221547743562965
5208.0,1.8163099900700628E-7,0.04890521830586629,0.9510946000631347
5087.0,1.8330536797432757E-8,0.21255032671378282,0.7874496549556803
5758.0,0.009387312517549765,0.9843725107167393,0.0062401767657110545
6512.0,1.3667766575409188E-5,0.5209519208614357,0.4790344113719888
6243.0,0.20223882064835053,0.7977354237559583,2.575559569125243E-5
5997.0,9.87431422369903E-13,5.363879616705204E-4,0.999463612037342
5466.0,0.04052508074589266,0.9578146442819359,0.0016602749721713918
6740.0,0.005189130522359899,0.988446472819152,0.006364396658488095
5070.0,0.11583680090189483,0.8234011244932902,0.06076207460481492
5193.0,0.2549810245881947,0.729428993965608,0.015589981446197342
6497.0,0.9951723550048299,0.004818448750321135,9.196244848945648E-6
5743.0,0.5228679251012739,0.4749320472943275,0.0022000276043985193
6012.0,0.9188636338473313,0.07890521029721109,0.002231155855457588
6258.0,2.16516366031617E-6,0.6069814138738665,0.3930164209624733
5540.0,4.862092928231733E-5,0.903202914747122,0.09674846432359574
5303.0,0.007965381528358816,0.8720166257084233,0.120017992763218
5777.0,0.9159233021450763,0.08111009225359074,0.0029666056013329103
6559.0,1.7821330465213597E-12,5.55326792736049E-4,0.9994446732054818
6284.0,0.00400850705095095,0.9578328659731983,0.03815862697585071
6018.0,0.9605581982023226,0.03943294737260639,8.854425070970381E-6
5100.0,0.9971645545331866,0.0028353986603929936,4.6806420340421195E-8
5227.0,1.3661229313850904E-5,0.7231593409079053,0.27682699786278075
6774.0,1.9035353815544063E-5,0.2554362963877247,0.7445446682584598
5496.0,0.21952637969575672,0.780387772723403,8.584758084046505E-5
6224.0,5.808349847080583E-11,9.812433890063042E-5,0.9999018756030159
5982.0,0.14906908062756483,0.8491385757527224,0.001792343619712816
5709.0,0.014678657151988734,0.9726379812521584,0.012683361595852916
6467.0,0.004357513808079419,0.9923302436034167,0.003312242588503799
5269.0,8.61999017117506E-5,0.009460242415997645,0.9904535576822906
6792.0,4.821482460939929E-7,0.9981240734920405,0.0018754443597133457
6048.0,0.8269175584489687,0.17308165304264017,7.885083910706718E-7
6318.0,2.9025582587163814E-6,0.9956238961126241,0.004373201329117123
6589.0,4.43087919803056E-5,0.9147504249290853,0.08520526627893442
5811.0,0.004145821587959641,0.942961856334038,0.05289232207800245
5252.0,0.008450287333979869,0.38074732173747206,0.6108023909285482
5527.0,0.9999876338893435,1.2366014742457375E-5,9.591396224000261E-11
6335.0,0.5254645952507119,0.46654961745209783,0.007985787297190216
6065.0,3.0417954400449957E-5,0.8861843537422214,0.11378522830337826
5794.0,0.052422649618593616,0.9467459274121299,8.314229692764806E-4
6572.0,0.14018040013669633,0.8596397158211492,1.7988404215461658E-4
5242.0,3.0414394863272042E-12,0.0026171160180660374,0.9973828839788925
5117.0,4.975207653001403E-10,0.8530275612691022,0.14697243823337697
5481.0,2.786685822913278E-8,0.11601447959674954,0.8839854925363921
5967.0,0.8885026753625093,0.1112387413905131,2.5858324697771736E-4
6209.0,0.03098017961059694,0.9678402099555351,0.001179610433867924
6482.0,7.092255476402735E-4,0.9984370566900758,8.537177622839266E-4
5724.0,1.460939550369515E-6,4.2779461370028114E-4,0.9995707444467493
6648.0,4.031349711551053E-4,0.9958459289782133,0.0037509360506315648
6379.0,0.011603975674086995,0.9708584992275563,0.017537525098356745
6117.0,0.0014937133938558139,0.862556822576203,0.13594946402994118
5571.0,0.5443100522657714,0.45548424611779464,2.0570161643387476E-4
5328.0,3.24714605074228E-7,0.0018475054668004869,0.9981521698185944
4951.0,3.1388145816660205E-4,0.9996576538526553,2.8464689178149743E-5
6406.0,3.4089417688283003E-16,1.7069416528780672E-6,0.9999982930583468
5640.0,2.2253528168227394E-4,0.9236094552059562,0.07616800951236156
5915.0,0.5827833816269854,0.41711566813694173,1.0095023607280959E-4
6165.0,0.9857276130243937,0.014272019482014018,3.674935922087757E-7
5437.0,0.6892913613004663,0.3106920741907542,1.6564508779654386E-5
6707.0,0.0033195701977389303,0.9720317528397732,0.024648676962487896
5033.0,0.0032053142744893986,0.6114099105993205,0.38538477512619007
5166.0,0.807766429552501,0.19223141185216303,2.1585953359547646E-6
5657.0,0.9998424380228422,1.568639037901231E-4,6.980733675178436E-7
6148.0,2.7986656283105287E-9,8.465396328051097E-4,0.9991534575685292
5898.0,1.1041002556705063E-14,4.133065474924165E-5,0.9999586693452397
6690.0,0.16366383172696017,0.8355543865207048,7.817817523351006E-4
5420.0,0.3545665465903119,0.6427083430654327,0.002725110344255443
5183.0,0.11749878408217412,0.2783655837016643,0.6041356322161615
5048.0,2.1525132444699788E-4,0.9987000294764316,0.0010847191991215051
6633.0,1.0127562932209818E-6,0.04537615366795443,0.9546228335757523
5863.0,0.5377029760994745,0.46220951787481107,8.750602571455233E-5
6132.0,1.7441565972288826E-8,0.0010274660843608793,0.9989725164740731
6394.0,1.0408844787792401E-6,0.48953026319518905,0.5104686959203321
5586.0,0.3692770283066873,0.6305814065761064,1.415651172062147E-4
4934.0,8.620882840136196E-6,0.23948905384141092,0.7605023252757489
5313.0,0.0038971440507339873,0.9857840915842523,0.01031876436501364
5928.0,0.7406349715514816,0.259350516502726,1.4511945792386443E-5
6182.0,3.2328457317526815E-7,0.009423608576551962,0.9905760681388749
6453.0,0.9999931165432061,6.879309318515434E-6,4.147475432662352E-9
5691.0,5.310225663658683E-9,0.1058350131808769,0.8941649815088974
5149.0,0.15132724740573528,0.670305290449171,0.1783674621450937
5018.0,0.9933885011918062,0.006604493941652316,7.0048665415878164E-6
5390.0,0.07154720316337478,0.922034917663275,0.006417879173350202
6656.0,0.9822550882191422,0.01774450810264141,4.036782163974225E-7
6360.0,0.002158223714624711,0.9970707703472327,7.710059381427174E-4
6102.0,3.740725767525851E-4,0.3541032566628464,0.645522670760401
5829.0,3.483384566171984E-9,0.002443206589560718,0.9975567899270547
6603.0,0.03639495569685956,0.9600350304880669,0.003570013815073402
4964.0,2.3732627395080848E-8,0.005615089451372727,0.9943848868159999
5347.0,4.664720747950122E-9,0.04055261559743432,0.959447379737845
5616.0,4.2187870196121454E-7,0.0993759649658542,0.9006236131554439
6087.0,1.0862490388468206E-8,0.05792100746624782,0.9420789816712617
6345.0,3.854486698433769E-5,0.013550359554859425,0.9864110955781562
5844.0,3.6603253029592405E-11,5.492893250633254E-4,0.9994507106383334
5362.0,0.9999902147006181,9.785035676284247E-6,2.637056936838097E-10
4981.0,5.785952536339153E-10,0.028370613647496108,0.9716293857739086
5601.0,4.4061974644138543E-4,0.9751469303114872,0.02441244994207139
5945.0,1.784684243820374E-4,0.9989008436735314,9.206879020865172E-4
5674.0,2.9762387876258657E-8,0.0011817996357213658,0.9988181706018908
6436.0,0.11488661694624082,0.8850749736490124,3.840940474673741E-5
5003.0,0.6669320541947038,0.3330662805040227,1.6653012734835078E-6
5132.0,0.23392358583176237,0.38940940796868045,0.37666700619955723
6673.0,3.844970988775957E-5,0.47439819466555044,0.5255633556245618
5407.0,0.9153263605986126,0.0845934077732499,8.023162813740641E-5
5450.0,1.1984338668919613E-6,0.3463691784066462,0.6536296231594869
6724.0,0.06320414091631854,0.9365596220720197,2.362370116618729E-4
5209.0,2.9045137421513507E-5,0.9835206908955065,0.01645026396707197
5086.0,1.0036558277504012E-13,2.5392436596309222E-5,0.9999746075633033
6513.0,0.8763724194871307,0.12284458002001435,7.83000492854926E-4
5759.0,0.012083751698060724,0.9842661177651476,0.003650130536791638
5996.0,0.005375927192463295,0.9766415352714847,0.01798253753605196
6242.0,3.5956279281494907E-6,0.6982091699250043,0.3017872344470678
5556.0,0.9384586615940177,0.061540553427804234,7.849781780517441E-7
5287.0,0.7934090711261618,0.20652963090446855,6.129796936966679E-5
5761.0,0.8510770246356928,0.14892015936615174,2.8159981553497636E-6
6543.0,0.007850182349420946,0.9849888338719691,0.007160983778609859
6300.0,0.05068828712162401,0.9246525979871035,0.024659114891272475
6034.0,0.8044679938827424,0.1955290443985136,2.961718744018754E-6
5541.0,2.1118555603511792E-6,0.2529724509130904,0.7470254372313493
5302.0,9.701306821244854E-9,0.001057716254999437,0.9989422740436937
6558.0,1.7824448427045802E-5,0.9280098936597888,0.07197228189178417
5776.0,0.05098986917415017,0.7350910665611613,0.21391906426468846
6019.0,0.9909046076359683,0.009094915712938965,4.766510926580105E-7
6285.0,0.9693134319086997,0.030671202675087255,1.536541621309402E-5
5467.0,0.4063554680536905,0.5936419939359139,2.5380103956568116E-6
5071.0,0.8984941890055096,0.10150127250891525,4.538485575320037E-6
5192.0,0.052420364941446536,0.9472824475687125,2.9718748984091195E-4
5742.0,0.0011595381137767594,0.9986980481812586,1.4241370496466437E-4
6259.0,0.007910071670123508,0.9738138218706779,0.01827610645919857
6013.0,1.3209045495692171E-5,0.24238391174848709,0.7576028792060172
5268.0,0.9802524327616955,0.019728150078673717,1.9417159630801494E-5
6793.0,1.1754247656687715E-4,0.18340906018066266,0.8164733973427706
5511.0,0.9987634106319089,0.001236419958024054,1.6941006710586007E-7
6319.0,0.9988521884836203,0.001147153991894694,6.57524485019339E-7
5810.0,0.45153717351794137,0.5483643507831437,9.84756989149669E-5
5101.0,1.753498057169384E-4,0.9649258661054435,0.03489878408883947
5226.0,0.07453856442509534,0.9229444750405953,0.0025169605343093116
5497.0,0.002616573861135414,0.9967504018726818,6.33024266182721E-4
6775.0,1.0382741484615128E-6,0.02884807252084177,0.9711508892050098
5983.0,0.14337252760241434,0.8559865800986329,6.408922989527599E-4
6225.0,2.182257020105229E-7,0.6403680114658719,0.35963177030842614
6466.0,0.09173538518988168,0.8938097855590754,0.014454829251042882
5708.0,9.73350818065597E-6,0.8626622491480689,0.1373280173437503
5116.0,0.11796961034560534,0.8416881272689651,0.04034226238542944
6758.0,0.9559655494871719,0.04402542219304685,9.028319781237644E-6
5480.0,0.003088404565213563,0.5669011643321518,0.4300104311026346
6208.0,0.8285543400991611,0.17144126993920303,4.389961635754549E-6
5966.0,6.847783468520322E-7,0.9930947239904717,0.006904591231181459
5725.0,4.389819767374511E-8,0.11189130897060755,0.8881086471311948
6483.0,0.9390686991190834,0.060908156214512725,2.31446664037905E-5
5253.0,1.9077042765801755E-4,0.9476419332249051,0.05216729634743685
5526.0,8.612025902802635E-5,0.8821216977763705,0.11779218196460146
6808.0,6.733146610001669E-5,0.8524043710342275,0.14752829749967256
6064.0,0.05122649647091756,0.9416107333681311,0.007162770160951375
6334.0,0.6656484666839321,0.33358684126127053,7.64692054797335E-4
6573.0,0.09705887430796993,0.9028424639472051,9.866174482495242E-5
5795.0,0.056755242363470806,0.9431706758119484,7.408182458075337E-5
5400.0,0.06632682457991598,0.9334112788237615,2.618965963224667E-4
6678.0,0.30835370285499,0.6879621834267043,0.0036841137183057965
5004.0,0.03736958197288824,0.9607808050300521,0.0018496129970595548
5131.0,4.506088579712451E-12,6.617840518725897E-4,0.9993382159436213
6435.0,6.375504965717997E-4,0.2247777037580451,0.7745847457453832
5677.0,0.1633050436992783,0.8366043084369436,9.064786377798921E-5
5950.0,1.0304434761643115E-7,0.006707044121459803,0.9932928528341926
6192.0,0.9991586188634856,8.413686112540555E-4,1.2525260440879018E-8
5606.0,1.9519244878522993E-11,0.001356630791800849,0.9986433691886799
5365.0,3.322709047656845E-5,0.18401801876888524,0.8159487541406382
4978.0,0.862090092049814,0.13773641995203426,1.7348799815161063E-4
5843.0,6.390294691245237E-8,0.3899781559227572,0.6100217801742959
6621.0,0.9985471699305442,0.0014528149590418572,1.511041403291359E-8
6350.0,0.18081237146579776,0.5120582791617692,0.3071293493724331
6080.0,0.05250550979191984,0.9445475293484558,0.0029469608596244946
5623.0,9.609867928879708E-7,0.5554885758466837,0.44451046316652343
4963.0,0.9980819666084669,0.0019178638276749385,1.6956385826334666E-7
5348.0,0.18143818188561017,0.8185304394254143,3.137868897554814E-5
6604.0,0.9989869329827578,0.0010130651814951157,1.8357471090018128E-9
5826.0,2.4312972415851573E-5,0.22339955500517225,0.7765761320224118
6097.0,0.8884024085202645,0.1041535916697193,0.007443999810016164
6367.0,0.5854368148022576,0.1899736335641059,0.2245895516336366
5385.0,3.671762291336976E-8,0.032125958736354134,0.9678740045460229
5146.0,4.148062894149267E-6,0.3150858502677951,0.6849100016693107
5021.0,0.09165938737939297,0.9060147690463789,0.002325843574228151
5692.0,0.006408607340808317,0.7509753433258893,0.2426160493333023
6450.0,0.9804822225638192,0.019516808790181264,9.686459994786664E-7
6177.0,1.9638769772397575E-4,0.9885218852151886,0.011281727087087457
5935.0,2.7086867816760396E-5,0.29341780542456286,0.7065551077076203
4929.0,0.00527164793811662,0.9936096886195784,0.0011186634423049908
5318.0,1.9600848896995967E-9,0.029080404255143362,0.9709195937847717
5589.0,0.7752998937605757,0.22400055525043683,6.995509889874729E-4
6131.0,2.2323928194132653E-12,5.81067434219975E-4,0.9994189325635476
5856.0,0.5357088841538614,0.464067701348408,2.2341449773065683E-4
6638.0,0.9971286536404546,0.002871337528305683,8.831239733525658E-9
5176.0,0.04625741492800669,0.9531134858846941,6.290991872991794E-4
5055.0,1.4283808177829742E-7,0.07266714960415221,0.927332707557766
5419.0,7.481581979427173E-10,0.0012209987336584288,0.9987790005181835
6693.0,0.014407572731781988,0.9829046353838011,0.0026877918844169266
5901.0,0.867302346076147,0.132696491998701,1.1619251520347637E-6
6147.0,4.32807541625278E-7,0.9913662110498549,0.008633356142603528
6416.0,5.953393475736586E-7,0.24301347859211667,0.7569859260685358
5662.0,0.7995395167711725,0.20045983218207825,6.510467492375346E-7
5038.0,0.9972986599674815,0.002701339112447291,9.200713071760846E-10
5161.0,9.819890869693653E-5,0.8374740614562416,0.16242773963506157
6708.0,0.9064340566331232,0.09328635740890356,2.7958595797331645E-4
5434.0,2.2525640982887917E-5,0.29594048912260473,0.7040369852364124
6162.0,8.865265533871536E-8,0.02955471520272317,0.9704451961446214
5916.0,2.2928254743146426E-5,0.19086316110389087,0.809113910641366
5647.0,0.99871946220055,0.001274215590044262,6.322209405786779E-6
6401.0,0.9999978956284055,2.1043542174365997E-6,1.7377085881808092E-11
5335.0,6.703485997756266E-15,1.5261243138924444E-6,0.9999984738756794
4944.0,7.508913818492232E-8,0.604385430705517,0.3956144942053449
5572.0,5.259449533638103E-13,2.455969265899292E-4,0.9997544030728841
6114.0,2.26430373858927E-9,0.10760529220702672,0.8923947055286696
6380.0,5.635348086584206E-4,0.08801651907803193,0.9114199461133096
6655.0,0.9810644092635975,0.018935301804605172,2.889317972739677E-7
5873.0,8.24533514717151E-10,0.5279691268151502,0.4720308723603162
5796.0,0.9999927344012653,7.262565487875799E-6,3.0332468342617203E-9
6570.0,0.06587080441456054,0.9325343420710875,0.001594853514351938
6329.0,0.9969835880879039,0.003009726954640028,6.684957456198158E-6
6071.0,0.994270147635605,0.005637793925113591,9.205843928150025E-5
5521.0,0.9725960260936636,0.027149826482812504,2.541474235239203E-4
5250.0,0.30261003892176486,0.6949582071675543,0.0024317539106808407
6484.0,0.04564695302292319,0.9538383742819475,5.146726951292555E-4
5722.0,0.23543204642445795,0.6491066430192356,0.11546131055630658
5961.0,1.3083994442026093E-10,0.016084002745399555,0.9839159971237605
6215.0,3.7239724079238023E-6,0.9948791324405923,0.005117143586999735
5487.0,2.943502533535676E-5,0.9963294456221756,0.003641119352488992
6753.0,1.2879966847282724E-8,0.05003374816715677,0.9499662389528764
5244.0,0.005381331551077279,0.9939446050228188,6.740634261039038E-4
5115.0,1.0494758937992751E-12,1.1913572139079916E-4,0.9998808642775597
5707.0,4.797181925625894E-8,0.33437510981255447,0.6656248422156262
6469.0,0.6754885093531104,0.32439088254280923,1.2060810408028369E-4
6230.0,1.1842029038008346E-6,0.02256614594527449,0.9774326698518218
5976.0,2.819093721591608E-6,0.23992264717716236,0.760074533729116
6768.0,1.5661826680608364E-6,0.08298060850920516,0.9170178253081268
5502.0,0.7789305106785721,0.22095032003271045,1.1916928871751915E-4
5098.0,0.8953918283896748,0.10460653218678408,1.6394235411729191E-6
5229.0,1.0759864058707351E-7,0.2267989166829783,0.7732009757183811
6587.0,1.0061027598531964E-5,0.9967242526292229,0.003265686343178516
5813.0,0.966948154073254,0.03300445301663339,4.7392910112584406E-5
6054.0,0.01269273065300763,0.9863135126182112,9.93756728781084E-4
6312.0,8.227735699258267E-8,0.8778373517431736,0.12216256597946945
5504.0,1.2524092052861437E-4,0.9906834998894611,0.009191259190010384
6798.0,0.04540946622056398,0.6501640388103158,0.30442649496912016
5267.0,0.2688301416889512,0.6625310768858551,0.06863878142519365
6010.0,0.0055275220569013335,0.7026768576418502,0.2917956203012484
6260.0,0.7095850560809982,0.2904006795313483,1.4264387653531721E-5
6503.0,1.6209879838031241E-4,0.9031443056344161,0.09669359556720364
5737.0,0.9812273349934605,0.018765626134622272,7.038871917158472E-6
5064.0,2.660377886778781E-13,0.005996945798585343,0.9940030542011487
5199.0,7.410375288676987E-10,0.0048798398222005875,0.9951201594367619
5468.0,0.013993957413356557,0.11512179681752871,0.8708842457691147
6738.0,2.0503605328419124E-5,0.9238897044526831,0.07608979194198842
6282.0,0.02524698654774675,0.9556310934689695,0.019121919983283622
6020.0,0.03146590095086679,0.9664198827419189,0.0021142163072142843
6553.0,2.855087620604874E-6,0.013802916346046034,0.9861942285663333
5297.0,0.9710679520189186,0.028916051999578564,1.599598150291794E-5
4918.0,0.9815617342529191,0.017805792898955623,6.324728481253826E-4
5538.0,0.9962367953704256,0.00376320419353496,4.360395288422111E-10
6037.0,0.017069601114650373,0.8862562280974914,0.09667417078785821
6299.0,4.39523151858331E-5,0.8770766746434027,0.12287937304141149
6536.0,9.158260957030797E-9,0.2552890531117107,0.7447109377300284
5766.0,0.9958269266998702,0.004171541027579506,1.5322725504645155E-6
5280.0,2.717620660188094E-4,0.9540007583233171,0.0457274796106641
5555.0,6.089791497479973E-8,0.3430613925746066,0.6569385465274784
6245.0,0.006280841854852441,0.9933451129903031,3.740451548444318E-4
5995.0,0.9993332365010339,6.667567423679353E-4,6.756598150986183E-9
5752.0,0.04392467167831702,0.9548419383779295,0.0012333899437533835
6518.0,4.800036194921063E-7,0.32394455317740395,0.6760549668189765
5214.0,7.638684446730873E-5,0.9461413936371961,0.053782219518336616
5081.0,7.255421032443416E-7,0.4860957187931806,0.5139035556647161
6723.0,0.9996790335329075,3.2096644693735903E-4,2.0155155239122883E-11
5453.0,1.2953820307334276E-7,0.11682493904300353,0.8831749314187934
5607.0,0.0014092183489529924,0.9949263846756005,0.003664396975446682
5364.0,0.515354688586594,0.48430341864796844,3.4189276543763385E-4
4979.0,3.495119165711845E-7,0.9992081868770539,7.914636110295373E-4
6620.0,4.401088508263934E-6,0.057745826918993846,0.9422497719924979
5842.0,1.8823619533092162E-7,0.027025013349180116,0.9729747984146246
6081.0,0.04949881881459834,0.9487731037863039,0.0017280773990978747
6351.0,0.003002767305355914,0.8834829108286569,0.11351432186598716
6679.0,0.49821327908838653,0.5007720149309837,0.001014705980629692
5401.0,1.805597270361606E-5,0.9997671188601478,2.1482516714848066E-4
5005.0,5.62685905628154E-5,0.906197248367775,0.09374648304166212
5130.0,3.679310247540948E-13,0.0020412087956287388,0.9979587912040033
5676.0,4.8064569419835806E-4,0.9927778572087058,0.006741497097095757
6434.0,3.126813397763354E-6,0.997893654669114,0.002103218517488238
6193.0,0.9254911904457697,0.07251638008797166,0.0019924294662587265
5951.0,0.9997610243660847,2.389273728692262E-4,4.826104599097424E-8
5384.0,3.5751862882774934E-5,0.7068964820699617,0.2930677660671557
6662.0,0.26609806022255156,0.7338965156186937,5.424158754786704E-6
5147.0,8.954013555991725E-4,0.9990267782701225,7.78203742782349E-5
5020.0,0.08828007510788581,0.8925538560780107,0.019166068814103526
6451.0,0.08263881199764293,0.9131321312679799,0.00422905673437724
5693.0,0.5410356907728121,0.417974556671686,0.040989752555501906
5934.0,0.35242185420657757,0.6470660120485155,5.121337449069118E-4
6176.0,0.006738969631968607,0.9739848375871002,0.01927619278093121
5622.0,0.24953078496140374,0.7504475270848476,2.168795374863971E-5
4962.0,2.6551256287533006E-8,0.05465940020354527,0.9453405732451985
5349.0,0.011808349680782837,0.9881752178532481,1.643246596902404E-5
6605.0,3.8895545580617846E-5,0.9485248645705222,0.0514362398838972
