6393.0,0.13104981199564544,0.5867554172073971,0.2821947707969575
6135.0,0.10072483524345684,0.7347795326074865,0.16449563214905655
5860.0,0.002860005676439333,0.36923006294331145,0.6279099313802492
6634.0,0.6876878126776904,0.30911893157330256,0.003193255749006937
4933.0,0.0013163492695235236,0.23288904993331583,0.7657946007971608
5585.0,0.1459565906123931,0.7992029740644572,0.05484043532314968
5897.0,0.3551335423129725,0.6351751789446318,0.009691278742395643
6151.0,0.0011760230758735336,0.18931069769698058,0.8095132792271459
6420.0,0.6389912010319118,0.3593325540152281,0.001676244952860213
5658.0,0.9642451651562711,0.03570226924842236,5.256559530651737E-5
5180.0,0.5493477744001363,0.4457005285218962,0.004951697077967406
5051.0,1.2060047837084146E-4,0.02200741732875048,0.9778719821928787
5423.0,0.04748729928952817,0.5983856172194665,0.3541270834910053
6689.0,0.499979484704894,0.4962486429481202,0.0037718723469858375
6166.0,0.0030160833609578783,0.5832402201528032,0.41374369648623904
5912.0,0.08707110589298661,0.8328761898553794,0.08005270425163405
5643.0,0.004038083866258778,0.4438710528182125,0.5520908633155287
6405.0,0.007500660678659019,0.1949480254170696,0.7975513139042714
5034.0,0.11829990130402554,0.8303777200268384,0.05132237866913615
5165.0,0.22053789390294012,0.7621049085007269,0.017357197596332984
6704.0,0.013174222656284654,0.8660961408923736,0.12072963645134165
5438.0,0.883345227266214,0.11556406124597864,0.0010907114878073952
6118.0,0.00248982801144486,0.2245562925157488,0.7729538794728065
6376.0,0.005283897191653159,0.5418462905208562,0.4528698122874907
6651.0,0.024402852980098026,0.8857707275735819,0.08982641944632008
5877.0,0.003603743983346939,0.20835895977913782,0.7880372962375153
5331.0,0.08163027813117678,0.8416083842686691,0.076761337600154
4948.0,0.014022254457725182,0.5624756371186599,0.4235021084236149
5568.0,0.007377184493233007,0.33268442531283,0.6599383901939371
5673.0,0.02842336558482238,0.914175587516723,0.05740104689845453
5946.0,0.8876593570237706,0.11184512203756507,4.955209386643208E-4
6196.0,0.16739577422576601,0.826876146824539,0.0057280789496950285
5404.0,0.008764093661749737,0.7817907443473789,0.20944516199087154
5000.0,0.21185206199091003,0.7703726760013387,0.017775262007751192
5135.0,0.008645550887488578,0.6715328499555251,0.3198215991569862
5847.0,0.2618640125005263,0.7182245395456978,0.019911447953775908
6617.0,0.13881580077275682,0.8511610542504021,0.01002314497684093
6346.0,0.11321376493089744,0.8735156599893672,0.013270575079735308
6084.0,0.28610692591710024,0.6877112707854809,0.026181803297418864
5602.0,0.9724720121409138,0.027487175748408123,4.081211067809201E-5
5361.0,0.7300844942925329,0.26645997339181293,0.003455532315654261
4982.0,0.030218751082738485,0.9499504831816821,0.01983076573557936
6600.0,0.12231312499131297,0.8260954866168727,0.051591388391814305
5830.0,0.015525296444738684,0.797114543237632,0.1873601603176294
6101.0,0.5388196218929137,0.457883840208618,0.0032965378984682768
6363.0,0.004803173932522572,0.2934668448877747,0.7017299811797026
5619.0,0.09703267294244934,0.8457594332056794,0.057207893851871305
4967.0,0.4706941874478912,0.5258160237155229,0.0034897888365860654
5344.0,0.0327128796891834,0.8938094411892117,0.07347767912160481
5688.0,3.7983028725802786E-4,0.170676379510405,0.8289437902023369
6454.0,0.6489200691948875,0.3494060229970604,0.0016739078080520793
6181.0,0.7494243815683779,0.2471735040603162,0.0034021143713059486
5931.0,0.09185334459751382,0.8515706160735476,0.05657603932893855
6659.0,9.99704759776912E-4,0.08284838904276011,0.9161519061974629
5389.0,0.009468044161829775,0.6177988437209159,0.3727331121172543
5150.0,0.3539871763110453,0.6224386008564505,0.023574222832504186
5017.0,0.9754858716813496,0.024461867679517135,5.226063913314518E-5
5068.0,0.08258319632659034,0.7776500165731672,0.13976678710024243
5195.0,0.023302676535032627,0.8590058312552448,0.11769149220972254
5464.0,0.2805896362355534,0.6286970727248904,0.09071329103955621
6742.0,0.023657185943312876,0.855415940660659,0.12092687339602809
6014.0,0.002971403962449608,0.15334140557042167,0.8436871904671287
6256.0,0.42357751225359147,0.5619565756361201,0.01446591211028842
6499.0,0.023695429196393277,0.6735016626671513,0.30280290813645544
5741.0,0.004320103008353502,0.3735280894512488,0.6221518075403976
5301.0,0.18673391967167208,0.7959709033056231,0.0172951770227047
5542.0,0.2610507918650095,0.7297784227787651,0.009170785356225234
6286.0,0.42036937125366447,0.5762118286891188,0.0034188000572167635
6016.0,0.06531908692583278,0.8467815569173199,0.08789935615684741
5779.0,0.006483541929881445,0.961185137934113,0.03233132013600555
6557.0,2.501590109727727E-4,0.02147237315373119,0.9782774678352959
5284.0,0.22950599459633902,0.7401289863653634,0.030365019038297553
5559.0,0.007881874095206654,0.3704213571645642,0.621696768740229
6033.0,0.03635172602633732,0.7802377277489376,0.18341054622472508
6303.0,0.9426759855208577,0.057048161698635046,2.758527805072357E-4
6540.0,0.27810159456724504,0.6886319277824497,0.033266477650305284
5762.0,0.002849163235864825,0.40605779489275984,0.5910930418713755
5210.0,0.061283649254908576,0.9006254297025482,0.038090921042543316
5085.0,0.9439085105963316,0.055732882218928394,3.5860718473996615E-4
6727.0,0.08853687461227054,0.8880154875139084,0.023447637873821203
5449.0,0.10235828143460031,0.87085959819184,0.026782120373559714
6241.0,0.9242123517863172,0.07554227374073652,2.453744729462353E-4
5999.0,0.007892687434967119,0.18343549355267538,0.8086718190123575
5756.0,0.10389827175392835,0.8409134208920147,0.05518830735405702
6514.0,0.22968172336427622,0.7391618253337106,0.031156451302013312
5254.0,0.6054745181987539,0.3935181208808843,0.0010073609203619615
5792.0,9.697231626871162E-5,0.01870896207175467,0.9811940656119766
6574.0,0.039918878213287004,0.9035748669331675,0.05650625485354547
6333.0,5.277343646382357E-4,0.07598577646520047,0.9234864891701614
6067.0,0.038698887420515304,0.9047563600340689,0.05654475254541584
5483.0,0.06282211398078318,0.6820371007789208,0.25514078524029604
6757.0,0.08082892420615205,0.8302398679625536,0.08893120783129431
5240.0,0.3444252993976215,0.6434831787803846,0.012091521821993986
5119.0,0.13716118220820026,0.6169606448978506,0.24587817289394914
6480.0,0.03559052640769879,0.7856384989704942,0.17877097462180708
5726.0,0.029808918946522513,0.8597783497830912,0.11041273127038638
5965.0,0.45608051211413597,0.4382479552214931,0.10567153266437085
6772.0,0.4721013268630124,0.5261371009485406,0.0017615721884469326
5498.0,0.04377809234742331,0.8962504428443594,0.05997146480821727
5102.0,0.006301423515455809,0.31404590221931505,0.6796526742652292
5225.0,0.09002083656550157,0.8574663688684513,0.052512794566047113
5711.0,0.226070520208515,0.7711573044512784,0.002772175340206717
6465.0,0.6197624021874005,0.3736195234776277,0.006618074334971658
6226.0,0.11323771925212713,0.8195287774856223,0.0672335032622506
5980.0,0.701324741598672,0.2929004288196135,0.005774829581714665
5508.0,0.7817741998360329,0.20265966271018832,0.015566137453778682
6794.0,0.05477725982414025,0.9171084525561357,0.028114287619724065
5271.0,0.7253292646364043,0.27373184901308967,9.388863505059227E-4
6591.0,0.025758478431007394,0.8545456725657553,0.11969584900323732
5809.0,0.001812119085396795,0.7985117116028307,0.19967616931177237
6050.0,0.2364206457054366,0.7455442592945434,0.01803509500002012
6316.0,0.00136856428420802,0.692614838965309,0.3060165967504829
6150.0,0.26559843206543526,0.6831763520392873,0.05122521589527753
5896.0,0.007404533231537462,0.6700855384632594,0.32250992830520314
5659.0,0.0017456843166051507,0.5478112598489084,0.4504430558344864
6421.0,0.10040783712300697,0.8563122642898433,0.04327989858714973
5181.0,0.690658865162203,0.30394893300446746,0.005392201833329634
5050.0,0.0012283238716268724,0.1373997058626172,0.861371970265756
6688.0,0.021873629020393526,0.9429628494104757,0.03516352156913074
5422.0,0.09852042148326824,0.8453150657328183,0.05616451278391347
6134.0,0.002884670294576544,0.10269894064927673,0.8944163890561467
6392.0,0.003759651330601721,0.3735976529734546,0.6226426956959437
6635.0,0.272766877249719,0.7201036093369908,0.007129513413290293
5861.0,0.011357565498658975,0.8484357749859124,0.14020665951542877
4932.0,0.08686639019420257,0.7919779374118237,0.12115567239397382
5315.0,0.1448181359499901,0.811932613229275,0.04324925082073488
6377.0,0.272494450494373,0.6998920475056762,0.02761350199995076
6119.0,0.3675344329728124,0.6296888115034183,0.002776755523769374
5876.0,0.004590088449036671,0.20346538679915974,0.7919445247518034
6650.0,6.86406263578141E-4,0.402530055402065,0.5967835383343569
5330.0,0.03605161851076697,0.8773059608674207,0.0866424206218124
4949.0,0.4226723359475031,0.5729279820120252,0.004399682040471678
5569.0,0.23742535951915641,0.7192497787076282,0.04332486177321534
5913.0,0.165531586002907,0.6726039493959273,0.16186446460116563
6167.0,0.025157456808431886,0.5082962887992024,0.46654625439236563
6404.0,0.01837393355397042,0.8234135201569038,0.1582125462891257
5642.0,0.9271743596596479,0.07177193278736684,0.0010537075529853557
5035.0,1.6552798404076617E-4,0.05010421183245816,0.949730260183501
5164.0,0.061852239328675694,0.8062633149340336,0.1318844457372906
5439.0,0.03119927111623136,0.8098735104243261,0.15892721845944258
6616.0,0.14481196977710192,0.7249997522521695,0.13018827797072854
5846.0,0.4326737212347177,0.5633404665298863,0.003985812235395975
6085.0,0.026205309688826187,0.5565991065051823,0.4171955838059914
6347.0,0.9690474352146887,0.030893402716030617,5.91620692805763E-5
5603.0,0.026387870338213725,0.7561949149144405,0.21741721474734582
5360.0,0.018539213687241214,0.8920409077761146,0.08941987853664424
4983.0,0.04315683353281432,0.803199397465146,0.15364376900203972
5672.0,0.5332259883651398,0.4627367208211727,0.004037290813687581
6438.0,0.009888866932849773,0.5843499040251665,0.40576122904198375
6197.0,0.34859981598404405,0.6422177368022433,0.009182447213712645
5947.0,0.013317981831393747,0.9245658451605356,0.06211617300807069
6675.0,0.008036269972453759,0.5467494624647361,0.44521426756281013
5405.0,0.005841183758815914,0.3373095565057289,0.6568492597354552
5001.0,0.005332325709372547,0.7930614534093727,0.20160622088125474
5134.0,0.8343290795448338,0.16210764825736265,0.0035632721978035493
5689.0,3.7407048068659296E-4,0.03160395990947684,0.9680219696098367
5930.0,0.21700461538656599,0.7584622435982008,0.024533141015233226
6180.0,0.001217546663852085,0.13761584848054784,0.8611666048556
5388.0,0.10053396793846414,0.891963044885033,0.007502987176502851
5151.0,0.0010273153043273964,0.4000610836434155,0.598911601052257
5016.0,7.329651056093472E-4,0.5870117393143467,0.41225529558004387
5831.0,0.012347243813139567,0.7909853710147384,0.19666738517212198
6601.0,0.9237491647521325,0.07603458974242293,2.1624550544455204E-4
6362.0,0.14007600368345746,0.8186504300553323,0.04127356626121007
6100.0,0.8089544453335739,0.18867702898921282,0.00236852567721334
5618.0,0.026162571190950706,0.2827844675685587,0.6910529612404905
4966.0,0.012640118879238757,0.9393096640004248,0.048050217120336455
5345.0,0.1936732682581539,0.7805027857135235,0.025823946028322563
5300.0,0.23655644237301604,0.704829341469656,0.058614216157327856
5543.0,0.700316512465605,0.27020218228356363,0.029481305250831286
6017.0,0.013016034742621628,0.9268616615395674,0.06012230371781097
6287.0,0.8467503632129961,0.1516088364067668,0.0016408003802370604
6556.0,0.10288071875384103,0.8673409913813314,0.029778289864827643
5778.0,0.007438071567854087,0.8100429569595806,0.18251897147256546
5069.0,0.001645144291749088,0.29715403317277994,0.701200822535471
5194.0,0.1500210914086079,0.8201216108559555,0.02985729773543667
6743.0,0.1683112671335928,0.8184076378828298,0.013281094983577563
5465.0,0.8261298992232703,0.17320546743013013,6.646333465994821E-4
6257.0,0.0044543188922580735,0.9056546856869983,0.08989099542074369
6015.0,0.3398300223277975,0.6464038193228286,0.01376615834937377
6498.0,0.08848977035359533,0.45477303788130535,0.4567371917650993
5211.0,0.0031561782384206603,0.5912744706404527,0.40556935112112663
5084.0,0.1167380959114635,0.6428746713377163,0.24038723275082025
5448.0,6.235055749315282E-4,0.2314333258110797,0.7679431686139888
6726.0,0.09243617588168682,0.8432313874602001,0.06433243665811317
5998.0,0.33443653049798955,0.6629796941809858,0.002583775321024543
6240.0,0.0035247272861154513,0.399640974591228,0.5968342981226564
6515.0,0.0393065978544191,0.9219609492275317,0.03873245291804911
5757.0,0.4335324169437979,0.5646400893019375,0.0018274937542645424
5285.0,0.01330341502789953,0.8290395717397175,0.157657013232383
5558.0,0.032665765147147675,0.9168497868410415,0.05048444801181087
6032.0,0.09308089186557614,0.8974504187072483,0.00946868942717542
5763.0,0.04655381615180041,0.8637774099818186,0.08966877386638107
6541.0,0.05278942208885551,0.8647235267678417,0.08248705114330283
5482.0,0.08782245736948925,0.9043772570026349,0.007800285627875886
5241.0,0.010644556528313353,0.7607595874044532,0.2285958560672335
5118.0,0.9826104838790778,0.017356325058625912,3.319106229646191E-5
6481.0,0.00304729317732367,0.22942503340963508,0.7675276734130412
6210.0,0.013717537639689846,0.6116299511209425,0.37465251123936766
5964.0,0.9890532877860871,0.010928454391147147,1.82578227655939E-5
5524.0,0.5934229885697171,0.40263177751093193,0.003945233919350999
5255.0,0.718040997883907,0.2802174984687229,0.001741503647370098
6575.0,0.05983940437106595,0.8506253256354889,0.08953526999344533
6066.0,0.12079748001932372,0.7417793281604924,0.13742319182018384
6332.0,0.22787958448472317,0.7396567813219235,0.03246363419335332
6795.0,0.23887878589097739,0.7581638867747733,0.002957327334249304
5509.0,0.025962965615498292,0.8042603477997151,0.16977668658478642
5270.0,0.20590102327879745,0.7878939792971563,0.006204997424046303
5808.0,0.009164086511280874,0.26590638963584146,0.7249295238528776
6317.0,0.02986576313085344,0.9265596768506564,0.043574560018490104
6051.0,0.36111951436475276,0.6187974643028605,0.020083021332386687
5499.0,0.06425829867667386,0.7579215673692812,0.1778201339540451
6773.0,0.008133565529392189,0.797340391243946,0.19452604322666175
5103.0,0.0034657948767459496,0.91945936715784,0.07707483796541405
5224.0,0.016637636246399884,0.5192601590815538,0.4641022046720464
6464.0,0.8516365636202681,0.14729403592126405,0.001069400458467876
5710.0,0.019714503539216176,0.6297377814121057,0.3505477150486781
5981.0,0.11322222524012625,0.7778209175040423,0.10895685725583146
6227.0,0.1126611158371081,0.7260774041460777,0.16126148001681412
5641.0,0.007057956345224738,0.9095657149802944,0.0833763286744809
6407.0,4.1520483743316043E-4,0.11017468417303779,0.8894101109895292
6164.0,0.8504713415419959,0.14918604886002498,3.4260959797927136E-4
5914.0,0.5593102484665855,0.4320995078614028,0.008590243672011657
6706.0,0.3231289662414752,0.6753698062609409,0.0015012274975838404
5436.0,0.024498611058057847,0.8749375897749356,0.10056379916700656
5032.0,0.007782004884333712,0.7093626878834091,0.2828553072322572
5167.0,0.004198554975485601,0.5208883230382712,0.4749131219862433
6649.0,0.8305059769522573,0.16802403503411706,0.0014699880136256967
5879.0,0.852383621027397,0.14666828544873903,9.480935238640606E-4
6116.0,8.87663293564837E-5,0.01216154581819816,0.9877496878524452
6378.0,0.17650256254256896,0.7952581520090345,0.028239285448396555
5329.0,0.056195223751486306,0.9371231115961224,0.006681664652391362
4950.0,0.6794624722235941,0.3162246759454154,0.004312851830990601
5862.0,0.4799704049974909,0.47903030193541013,0.04099929306709906
6632.0,0.14556802904189436,0.7484223456069272,0.10600962535117839
6395.0,0.22969097821018444,0.7236721762574643,0.04663684553235135
6133.0,0.058089332314307116,0.3417024520501729,0.6002082156355198
5587.0,0.0014876631230943092,0.4299045055454868,0.5686078313314189
4935.0,0.30056350089293893,0.5996725223683682,0.0997639767386929
5312.0,0.4904854230007161,0.4810373846445146,0.028477192354769275
6422.0,0.15487776292543154,0.8375445095288342,0.0075777275457343035
5656.0,0.002099541716802211,0.7864860682613581,0.21141439002183976
5899.0,0.051597173151014884,0.7614879238932721,0.18691490295571303
6149.0,0.03303877280330511,0.8961902235190259,0.07077100367766899
5421.0,0.9035609865576261,0.09620868354766873,2.3032989470539022E-4
5182.0,0.1001460463888731,0.8902021681941931,0.00965178541693371
5049.0,0.011148079433969693,0.5733024852133528,0.4155494353526774
6103.0,0.304221872436655,0.6849574853332203,0.01082064223012459
6361.0,0.010297800957618656,0.35535340664941,0.6343487923929715
6602.0,0.9863948331738838,0.013584623724914762,2.0543101201367998E-5
5828.0,0.9277248479059544,0.07185384913646503,4.2130295758065737E-4
4965.0,0.17548643929406677,0.7890860722217762,0.03542748848415696
5346.0,0.07542397975134613,0.8786478122234188,0.0459282080252351
5617.0,0.8147331622232256,0.18159594958356695,0.0036708881932074116
6183.0,0.05169052691830469,0.8179155321813495,0.13039394090034573
5929.0,0.2072322922855576,0.7255610547125837,0.06720665300185853
5690.0,0.0045036734446563,0.7593886478190813,0.23610767873626248
6452.0,0.13849777391359583,0.8125701580085377,0.04893206807786654
5148.0,0.0035588397425392864,0.4759018468815501,0.5205393133759105
5019.0,0.11690021691049006,0.8720374910614852,0.011062292028024768
6657.0,0.0034107261847267163,0.3260550672588249,0.6705342065564482
5391.0,0.003046006608676638,0.44716107429237856,0.5497929190989448
5944.0,0.009829039377468719,0.47848846226834707,0.5116824983541842
6198.0,0.9043979058068816,0.094472160946815,0.001129933246303261
6437.0,0.8220498208881094,0.17720924498168014,7.409341302105673E-4
5675.0,0.07083390596013599,0.8900835102224581,0.03908258381740593
5002.0,0.0046573641808127465,0.48838102131351535,0.5069616145056719
5133.0,1.3543655001532016E-5,0.003864836480603477,0.996121619864395
5406.0,0.00909269053153772,0.6661710880005315,0.3247362214679308
6672.0,0.03906700056333334,0.8280862636855802,0.1328467357510864
6344.0,0.4191518513316341,0.5720144685546682,0.008833680113697706
6086.0,2.9254947753657866E-4,0.028273893181502377,0.971433557340961
5845.0,0.018026530586259065,0.5404384223699545,0.4415350470437864
6619.0,7.571822559403054E-5,0.01668710681901981,0.9832371749553861
5363.0,0.14010270280287718,0.8343883378716974,0.025508959325425476
4980.0,0.6139770698409985,0.38072685209598117,0.005296078063020374
5600.0,0.3406992841792982,0.6538063414572712,0.005494374363430632
5557.0,0.3366930009175489,0.6552650786688254,0.0080419204136255
5286.0,0.011179710173030892,0.12798892244145138,0.8608313673855178
6542.0,0.7719951660337017,0.22707569545966333,9.2913850663506E-4
5760.0,0.007815515846744614,0.6107287116108859,0.3814557725423694
6035.0,0.6468057734421541,0.34320567852413025,0.009988548033715757
6301.0,0.09250492775696927,0.7962107149801273,0.11128435726290349
6725.0,0.14768757253188675,0.8048348238309085,0.04747760363720478
5451.0,0.0050466765343045355,0.588738255670619,0.4062150677950765
5208.0,0.045609153769020624,0.8702844439732711,0.08410640225770846
5087.0,0.008744555217380877,0.6006910952484235,0.39056434953419567
5758.0,0.10927496113659427,0.8709830821110184,0.0197419567523873
6512.0,0.08432021420871903,0.8782439109365384,0.03743587485474243
6243.0,0.2804003096583887,0.7132991931512069,0.006300497190404395
5997.0,7.748074570098009E-5,0.01607640788694199,0.9838461113673571
5466.0,0.029419288326930002,0.9218819607776246,0.048698750895445425
6740.0,0.1869145989431235,0.764165630027626,0.048919771029250436
5070.0,0.3704483145139649,0.6180593645016533,0.011492320984381696
5193.0,0.3025912083726861,0.6940028332950602,0.0034059583322537477
6497.0,0.8194822507695432,0.17847509019867616,0.0020426590317806125
5743.0,0.721187982615985,0.2765035786512192,0.0023084387327956513
6012.0,0.6861178026667873,0.30605910072099346,0.007823096612219173
6258.0,0.0040385746129946165,0.8185253099116239,0.17743611547538155
5540.0,0.004008294990832826,0.6834150856959993,0.3125766193131678
5303.0,0.11152068804058853,0.8243800166893787,0.06409929527003294
5777.0,0.9444021343022063,0.05544509608462804,1.527696131655033E-4
6559.0,0.0019294163211945614,0.15737543572103152,0.8406951479577739
6284.0,0.08966368920338066,0.8840613350953017,0.026274975701317593
6018.0,0.25331659120669625,0.7405325443170692,0.006150864476234458
5100.0,0.7943173089872599,0.20485297104951064,8.297199632294187E-4
5227.0,0.18594688844603663,0.7913901950615418,0.022662916492421466
6774.0,0.0028408681530434645,0.1770511096405403,0.8201080222064161
5496.0,0.1284636676918924,0.8637001219183932,0.007836210389714531
6224.0,0.031533022452758415,0.412184679173885,0.5562822983733565
5982.0,0.5879299020240686,0.40727657219232954,0.004793525783601801
5709.0,0.35056128582449564,0.6096276470791242,0.03981106709638015
6467.0,0.15703665488120802,0.8301312218477677,0.012832123271024306
5269.0,0.19363587126842544,0.7269451552535203,0.07941897347805425
6792.0,0.010734413600489906,0.656313684056187,0.3329519023433233
6048.0,0.9429504685078266,0.056821355071419354,2.2817642075425717E-4
6318.0,0.01554935377626681,0.7893633952669844,0.19508725095674892
6589.0,0.0017356986002922262,0.34530769679273854,0.6529566046069694
5811.0,0.2099824631715477,0.7695058421534642,0.020511694674988118
5252.0,0.14678290876006944,0.7626012355114461,0.0906158557284844
5527.0,0.9923204231968726,0.007673382865920102,6.193937207191179E-6
6335.0,0.07647308258988236,0.8523871019407749,0.07113981546934271
6065.0,0.058451327826616606,0.892554958896652,0.048993713276731486
5794.0,0.2861070389747337,0.6496374492170536,0.06425551180821279
6572.0,0.4142178764011157,0.5748853094231423,0.010896814175742084
5242.0,6.39260120364984E-4,0.11077151292529279,0.8885892269543424
5117.0,0.0013992713194896965,0.315553658456477,0.6830470702240333
5481.0,0.0033077704462167665,0.669454011453319,0.3272382181004644
5967.0,0.8809741928078455,0.1186481869951315,3.776201970230219E-4
6209.0,0.05569836200631372,0.9187970486351205,0.02550458935856594
6482.0,0.007029205083173277,0.7549972183464783,0.23797357657034843
5724.0,0.14684841012449412,0.784685969234821,0.06846562064068484
6648.0,0.0077354296595813455,0.773045012369281,0.2192195579711375
6379.0,0.013717351725466707,0.7648078890788641,0.22147475919566922
6117.0,0.0171557769491081,0.8370936138822558,0.14575060916863622
5571.0,0.4729369950510015,0.5237341453266022,0.003328859622396199
5328.0,0.011565174552155796,0.44018971639401633,0.5482451090538278
4951.0,0.007569284272010012,0.8978299902415668,0.09460072548642308
6406.0,4.939796980534809E-4,0.04413708395594879,0.9553689363459977
5640.0,0.045407403080741975,0.8775454979540706,0.07704709896518748
5915.0,0.11227828057692865,0.6107840304435398,0.27693768897953164
6165.0,0.9168127590602719,0.08289327324050647,2.9396769922173006E-4
5437.0,0.2208707161466042,0.776581102874401,0.002548180978994819
6707.0,0.055274652438799664,0.7762095664744829,0.1685157810867175
5033.0,0.45341398599235205,0.4829925375945577,0.06359347641309025
5166.0,0.08711554168548319,0.7603709192556471,0.15251353905886963
5657.0,0.9791179355238537,0.020842004828290284,4.005964785600153E-5
6148.0,0.020643885491326994,0.26359850818012487,0.7157576063285482
5898.0,1.6269203389517785E-4,0.05879269516772357,0.9410446127983811
6690.0,0.06703906576416802,0.8660493136892944,0.06691162054653747
5420.0,0.861332032423702,0.13815727385988918,5.106937164087244E-4
5183.0,0.6396440309591109,0.35754330957364716,0.002812659467241767
5048.0,0.014125661273343413,0.9262697426834909,0.05960459604316577
6633.0,0.10939543060887313,0.7389036765088639,0.15170089288226307
5863.0,0.1631805318520076,0.8273374836560436,0.009481984491948746
6132.0,7.798698393346693E-4,0.09886538621457808,0.9003547439460872
6394.0,0.001470076015550824,0.7970130740032938,0.20151684998115538
5586.0,0.10263959431105744,0.8861471709191762,0.011213234769766421
4934.0,0.18642956926965384,0.7227417143518032,0.09082871637854303
5313.0,0.012084989670041455,0.9033020964028321,0.08461291392712635
5928.0,0.6972886445284975,0.29786656762302105,0.004844787848481343
6182.0,0.04621471098414527,0.7982688468909994,0.15551644212485527
6453.0,0.9297816203607298,0.06998894586336638,2.2943377590372744E-4
5691.0,3.304209828188796E-4,0.02540473459640894,0.9742648444207723
5149.0,0.42395167579870363,0.5500940050967027,0.025954319104593577
5018.0,0.6922649627805105,0.30552554990408864,0.0022094873154007446
5390.0,0.05406042335855711,0.9349038895850009,0.011035687056442088
6656.0,0.802698596060974,0.1944748644457183,0.0028265394933077435
6360.0,0.01081583026976545,0.7810393686513208,0.20814480107891378
6102.0,0.4249982143679702,0.5011499286704846,0.07385185696154525
5829.0,0.013655163843537767,0.4164016211667048,0.5699432149897573
6603.0,0.25835375020603835,0.7327803099273669,0.008865939866594863
4964.0,0.06627777376738243,0.7396070726572757,0.19411515357534198
5347.0,0.002935294066925597,0.4138771804928027,0.5831875254402716
5616.0,0.021234984021031456,0.7961194772693019,0.1826455387096666
6087.0,0.01399248143524081,0.53187287010888,0.4541346484558792
6345.0,0.22366038366670982,0.6627292002832116,0.11361041605007864
5844.0,0.01316075307958926,0.5472317454212473,0.43960750149916344
5362.0,0.7930507377160854,0.20420078471757974,0.0027484775663348454
4981.0,0.028769861467169255,0.6131690293517112,0.3580611091811194
5601.0,0.009276706340501166,0.8956254795547488,0.09509781410475004
5945.0,0.005529598336167919,0.830591991634009,0.1638784100298231
5674.0,0.03318410287258788,0.28754673630867117,0.6792691608187409
6436.0,0.22164645877118583,0.7544444021553157,0.023909139073498467
5003.0,0.07141552175735792,0.8929887872779538,0.03559569096468828
5132.0,0.04148384493786342,0.8783789674106202,0.0801371876515164
6673.0,0.025375301288945946,0.7930480318200507,0.1815766668910034
5407.0,0.4433537535462819,0.5496113517876113,0.007034894666106715
5450.0,0.0056270418129616235,0.5993240162450885,0.39504894194195006
6724.0,0.3290911220034964,0.6648589311279708,0.006049946868532811
5209.0,0.1307748400207997,0.6722068441869806,0.1970183157922196
5086.0,0.025773660468771675,0.7402998388898248,0.23392650064140352
6513.0,0.9513224229141627,0.04799943435255329,6.781427332839259E-4
5759.0,0.08827288836122602,0.8681557353760113,0.04357137626276274
5996.0,0.2785962938263963,0.7113694874085061,0.010034218765097594
6242.0,0.007033337062527578,0.5741954199827863,0.4187712429546861
5556.0,0.8344961741971902,0.16521254980826422,2.912759945456786E-4
5287.0,0.6559073072532968,0.34207053337805604,0.0020221593686471535
5761.0,0.4224712538900946,0.5727854556849157,0.004743290424989758
6543.0,0.030439226234902552,0.8718192651463552,0.09774150861874224
6300.0,0.5402435574000503,0.4576428707984252,0.002113571801524667
6034.0,0.8064724613726568,0.19136380281655385,0.0021637358107894026
5541.0,0.011088933644323833,0.646004661823637,0.34290640453203913
5302.0,0.02895004605480195,0.2698089949999367,0.7012409589452613
6558.0,0.010900652056091071,0.9333704802786155,0.055728867665293474
5776.0,0.8021313541073988,0.1962329828983607,0.0016356629942404183
6019.0,0.8661007343036062,0.13338565326688695,5.136124295068823E-4
6285.0,0.5070404922914183,0.4867452239912049,0.0062142837173767024
5467.0,0.10440347981050714,0.8843178456587272,0.011278674530765665
5071.0,0.29839226338651537,0.689583698376737,0.012024038236747662
5192.0,0.20180572818909526,0.762770128420102,0.03542414339080268
5742.0,0.03417255670771656,0.9436756586958818,0.02215178459640163
6259.0,0.062258603208851224,0.8421607158722502,0.09558068091889847
6013.0,0.014143938610966838,0.7593700246998166,0.22648603668921644
5268.0,0.21754441073011807,0.7780270683278712,0.004428520942010603
6793.0,0.07404807878530757,0.7658229630759249,0.1601289581387676
5511.0,0.5870295559104776,0.4098285446997759,0.003141899389746576
6319.0,0.874515117799801,0.1250748652456286,4.1001695457062456E-4
5810.0,0.1267076847822659,0.8649695126165872,0.008322802601146814
5101.0,0.09350497777133729,0.6300639742857645,0.27643104794289813
5226.0,0.13898757585590857,0.8476621333515658,0.013350290792525484
5497.0,0.1361607341562318,0.8324957005929216,0.031343565250846576
6775.0,0.017283029196020535,0.43428972515128184,0.5484272456526976
5983.0,0.16556947397880195,0.8290264572234642,0.00540406879773383
6225.0,0.018726411685689174,0.6432266771256834,0.3380469111886275
6466.0,0.11713371493764836,0.7433871666968669,0.1394791183654847
5708.0,0.007594918873592712,0.3476155013890554,0.6447895797373518
5116.0,0.643444751821128,0.35355272195997545,0.003002526218896447
6758.0,0.5988577829076576,0.3911869300758386,0.009955287016503866
5480.0,0.02273947836959843,0.5446016491752459,0.4326588724551557
6208.0,0.7493965084129761,0.24845160754978105,0.0021518840372428756
5966.0,0.007980075288844451,0.8978426018703738,0.09417732284078185
5725.0,4.633729011373808E-4,0.12669895776709275,0.8728376693317699
6483.0,0.8481690785896077,0.15111835689110706,7.125645192852066E-4
5253.0,0.15597899645718183,0.7983978016496244,0.04562320189319382
5526.0,0.014231164243452646,0.45190439315286696,0.5338644426036803
6808.0,0.012874136248136747,0.9255416919265926,0.06158417182527067
6064.0,0.08448067776703014,0.900165305226113,0.015354017006856853
6334.0,0.5224593487231516,0.4723623160561505,0.005178335220698016
6573.0,0.39204493197427825,0.6061888344919247,0.0017662335337969624
5795.0,0.17482876775512943,0.8123863385390138,0.012784893705856941
5400.0,0.09833935292592555,0.8562395977332586,0.04542104934081589
6678.0,0.8531553487939552,0.14623752230353373,6.071289025109332E-4
5004.0,0.06859188947145865,0.9006868737375798,0.030721236790961615
5131.0,0.014947269958532662,0.4558626295485761,0.5291901004928913
6435.0,0.014824075602371442,0.9107964090693409,0.07437951532828772
5677.0,0.05125186373388139,0.9409665107447074,0.007781625521411383
5950.0,0.0027308632001267754,0.25710339178943326,0.74016574501044
6192.0,0.6127120533959729,0.3752959009513776,0.011992045652649384
5606.0,0.05615872974218101,0.28229755009408647,0.6615437201637325
5365.0,0.31665469944499025,0.6766934056028016,0.00665189495220816
4978.0,0.6874517321501563,0.3109427005742049,0.001605567275638837
5843.0,0.0035887421702066893,0.37305503003915486,0.6233562277906386
6621.0,0.9839240842806779,0.016036506938818366,3.9408780503752286E-5
6350.0,0.06563319806348998,0.9040792086190762,0.030287593317433675
6080.0,0.06142544538143548,0.8901450684707445,0.048429486147819986
5623.0,0.0038327395240683798,0.47780680798392944,0.5183604524920021
4963.0,0.9792473208161986,0.02071860208972147,3.4077094079820404E-5
5348.0,0.07042380456656441,0.8550562174334799,0.07451997799995574
6604.0,0.14263513807169548,0.84678423560764,0.010580626320664532
5826.0,0.04752505493627738,0.20451723293919707,0.7479577121245256
6097.0,0.393363792542723,0.5760237565128369,0.030612450944440078
6367.0,0.951396273214714,0.048390160549912055,2.1356623537404376E-4
5385.0,4.989824552949452E-4,0.314797345131898,0.684703672412807
5146.0,0.07319365300440997,0.8944327204340407,0.03237362656154935
5021.0,0.1934817378761352,0.7773179447694303,0.029200317354434523
5692.0,0.12267500219137452,0.6224537134611677,0.25487128434745776
6450.0,0.48212314333042633,0.5120032157146861,0.005873640954887685
6177.0,0.1260657395432481,0.7086546515259223,0.16527960893082946
5935.0,0.0018484240908532936,0.2728792400733064,0.7252723358358402
4929.0,0.0628994432013466,0.9134461334598541,0.02365442333879929
5318.0,0.0035565945182228203,0.6046049859513327,0.3918384195304445
5589.0,0.9554968413264384,0.04437919161561613,1.2396705794537457E-4
6131.0,0.0037173288487996723,0.4828648224265948,0.5134178487246055
5856.0,0.44122497677898775,0.5543225252843262,0.00445249793668599
6638.0,0.9205611516538822,0.07882825439870209,6.105939474157619E-4
5176.0,0.19549604247109603,0.7877996900604307,0.01670426746847312
5055.0,0.052025594196461265,0.8090628677085635,0.13891153809497506
5419.0,0.004060675216085555,0.34176485893569003,0.6541744658482244
6693.0,0.13573891564060325,0.6642511842858214,0.2000099000735753
5901.0,0.18969518524014864,0.8080251476855457,0.0022796670743057534
6147.0,0.03872136036967369,0.8112750603944426,0.15000357923588364
6416.0,0.011782932565183476,0.3032063271447951,0.6850107402900215
5662.0,0.4775058222824155,0.5197123821313493,0.002781795586235299
5038.0,0.947227952938981,0.05254648065733859,2.2556640368043778E-4
5161.0,0.013516625457078053,0.4970971096431865,0.48938626489973536
6708.0,0.7718311197164031,0.22560636334724596,0.0025625169363510314
5434.0,0.07791993346871007,0.6273424446837601,0.29473762184752994
6162.0,0.02545091869700889,0.5150263579206661,0.45952272338232486
5916.0,0.12167762006239928,0.8355454808776906,0.04277689905990999
5647.0,0.4959113340936324,0.4924822074182476,0.011606458488119885
6401.0,0.7839857636990621,0.21495645106366354,0.0010577852372742383
5335.0,0.007891482699085775,0.21839238006528786,0.7737161372356264
4944.0,0.0291663932946312,0.6714008256084959,0.299432781096873
5572.0,3.534698212168975E-4,0.04327793143133727,0.9563685987474458
6114.0,2.9649402447908365E-4,0.13446636520590277,0.8652371407696182
6380.0,0.16366029754974423,0.7787362401701178,0.05760346228013788
6655.0,0.5426026383001128,0.45408225732152663,0.003315104378360582
5873.0,0.0018372087327813943,0.396931198287423,0.6012315929797957
5796.0,0.982070282336034,0.01789964342535795,3.0074238608003104E-5
6570.0,0.10362587373330882,0.8564469764970472,0.03992714976964406
6329.0,0.9123647062494133,0.08614020849594897,0.0014950852546375321
6071.0,0.9400993091750393,0.05932229488324345,5.7839594171727E-4
5521.0,0.9440385127297433,0.05578766861905153,1.7381865120529393E-4
5250.0,0.09901313134409441,0.8633124399374188,0.03767442871848675
6484.0,0.08690477118335002,0.8918005091543173,0.021294719662332606
5722.0,0.13827899109359335,0.6698083796131398,0.191912629293267
5961.0,0.0010072420115413245,0.1417339051629406,0.8572588528255182
6215.0,0.13621147671206663,0.8366086783801459,0.027179844907787475
5487.0,0.00266230543473736,0.7700084086676694,0.22732928589759313
6753.0,0.004027690340905725,0.4008012532642892,0.5951710563948049
5244.0,0.04849814800940217,0.8940902678747783,0.05741158411581943
5115.0,0.0028160995975261794,0.3357425274848704,0.6614413729176034
5707.0,0.016493488896647427,0.8157907665660149,0.1677157445373377
6469.0,0.26186436180119693,0.7325763953146468,0.005559242884156248
6230.0,0.044364445711148934,0.5646451138595316,0.3909904404293194
5976.0,0.009915886760687371,0.542928795815255,0.4471553174240577
6768.0,0.028837077909063952,0.6395979448283975,0.3315649772625386
5502.0,0.6808990236098428,0.3101127593497651,0.0089882170403921
5098.0,0.43465282865323895,0.561151654982515,0.004195516364246101
5229.0,0.001482840219579724,0.2074704105719522,0.7910467492084682
6587.0,0.007700008105422461,0.8534831914407622,0.13881680045381525
5813.0,0.9580561289241202,0.04184106198992721,1.0280908595266524E-4
6054.0,0.35407690989988516,0.6390565799675552,0.0068665101325595945
6312.0,3.3766861971731735E-4,0.09869633568225623,0.9009659956980264
5504.0,0.010168769324646687,0.9128463017189292,0.07698492895642411
6798.0,0.46730040454192273,0.526615131067725,0.006084464390352379
5267.0,0.04948232610923247,0.820898996795352,0.12961867709541544
6010.0,0.21468543559532516,0.7119226023527662,0.07339196205190861
6260.0,0.20477325985188885,0.7915341542963196,0.0036925858517916346
6503.0,0.009500007559877685,0.8736438598709341,0.11685613256918835
5737.0,0.9507072351142951,0.04905011915248337,2.4264573322138036E-4
5064.0,1.084448534154136E-4,0.02413994220537837,0.9757516129412062
5199.0,0.008740621428326566,0.9235560324760296,0.06770334609564384
5468.0,0.8110413040168947,0.18806771066800138,8.909853151038965E-4
6738.0,0.014466136925896373,0.6770856771556217,0.3084481859184821
6282.0,0.4240729615559882,0.5600098708923587,0.015917167551653066
6020.0,0.0056195471278384585,0.8909491053114389,0.10343134756072256
6553.0,0.19132054019452882,0.3888413508264097,0.4198381089790615
5297.0,0.18729501309729563,0.8109489274352657,0.0017560594674387103
4918.0,0.35724327243811593,0.6406705323700217,0.0020861951918624954
5538.0,0.8733272824612148,0.12541267334557568,0.001260044193209354
6037.0,0.07993010235004654,0.5960039693460322,0.3240659283039212
6299.0,0.006088128843112726,0.8254708467714454,0.16844102438544176
6536.0,0.005001349113054686,0.5815279998245771,0.41347065106236813
5766.0,0.9268681041525193,0.07204139423237876,0.0010905016151018141
5280.0,0.0625563026949166,0.912251547784319,0.025192149520764463
5555.0,0.002663252784540386,0.6167285742234289,0.38060817299203065
6245.0,0.006937146308992259,0.9067482990732446,0.08631455461776319
5995.0,0.9541008064580685,0.04571517213970255,1.8402140222892574E-4
5752.0,0.11255969443877241,0.8556050065850255,0.03183529897620223
6518.0,6.960403289995172E-4,0.1781492810081832,0.8211546786628172
5214.0,0.009102329531466087,0.8396396619719313,0.1512580084966025
5081.0,0.004084643261623285,0.8064222044209294,0.18949315231744726
6723.0,0.9606491316291578,0.03922154241080452,1.2932596003769793E-4
5453.0,0.056349386169129996,0.8293113861676606,0.11433922766320924
5607.0,0.05901653975359926,0.8907986072564676,0.0501848529899331
5364.0,0.39762828091986346,0.59216487891289,0.010206840167246479
4979.0,0.010204432204674166,0.8598554378297996,0.12994012996552637
6620.0,0.006663512279196478,0.5096541014273922,0.4836823862934113
5842.0,5.441429631064E-4,0.11244655814311481,0.8870092988937788
6081.0,0.06144084827846573,0.9265735619804449,0.01198558974108946
6351.0,0.010503614770990542,0.8459785249562329,0.14351786027277644
6679.0,0.9876210341660676,0.012361499145818312,1.746668811413719E-5
5401.0,0.008901709522495829,0.8469773836950623,0.14412090678244183
5005.0,0.01607003482295965,0.7095747487374738,0.27435521643956645
5130.0,0.0021945350243213406,0.15942683173254957,0.8383786332431291
5676.0,0.017839688592912406,0.8909587734507494,0.0912015379563382
6434.0,0.0028501991496609033,0.8051143536330908,0.19203544721724838
6193.0,0.8853686112367036,0.11385471296482126,7.766757984751945E-4
5951.0,0.9800106774429147,0.019966251074969184,2.3071482116111265E-5
5384.0,0.004616577486022416,0.7326876894854508,0.26269573302852667
6662.0,0.2751480002658189,0.713514306860078,0.011337692874103302
5147.0,0.13423656010540502,0.8595139337438928,0.006249506150702098
5020.0,0.10070037491121372,0.8518927659576473,0.047406859131138984
6451.0,0.011061180801205642,0.860543800899167,0.1283950182996273
5693.0,0.4482082762345942,0.516634570068384,0.03515715369702171
5934.0,0.7668689487608024,0.23186205788028408,0.00126899335891359
6176.0,0.014968961739939016,0.6689021159263122,0.31612892233374884
5622.0,0.10062369028655845,0.8491663131768868,0.05020999653655455
4962.0,0.012212557862297909,0.9428670753937676,0.044920366743934494
5349.0,0.06733300451450366,0.8823341204057124,0.050332875079784074
6605.0,0.011344957373569128,0.8094413114777005,0.17921373114873043
6366.0,0.029328193462150636,0.5663312894374368,0.4043405171004125
6096.0,0.014841746276094955,0.48189485167326407,0.5032634020506408
5177.0,0.984684442859668,0.015293460588234683,2.2096552097201506E-5
5054.0,0.017685552599172972,0.7783816950989989,0.2039327523018281
6692.0,0.1742965465842274,0.8058046419132483,0.01989881150252448
5418.0,0.025450092572778745,0.8465930048084045,0.12795690261881684
6146.0,0.009334837287723542,0.5585297552492041,0.4321354074630724
5900.0,0.8548571654625484,0.14369995097119473,0.0014428835662566955
5663.0,0.09870610697777141,0.8561594951296623,0.045134397892566396
6417.0,0.1749548112527141,0.819434191792919,0.0056109969543668555
