6393.0,2.334322472421751E-5,0.014292337119955643,0.9856843196553201
6135.0,2.4499398679078558E-5,0.007170825808991025,0.9928046747923298
5860.0,1.1422196718886629E-20,4.812865210358335E-11,0.9999999999518713
6634.0,0.03236460618514785,0.9674279727481642,2.0742106668800967E-4
4933.0,1.6098456031634035E-14,0.014469555670564464,0.9855304443294194
5585.0,0.011875570915266297,0.9809010514232634,0.00722337766147025
5897.0,0.4802683198082613,0.519462365749908,2.693144418306624E-4
6151.0,3.312287038266955E-6,0.9722550650605557,0.027741622652406154
6420.0,0.9219051671815123,0.07808866024966109,6.172568826525293E-6
5658.0,0.998650782590965,0.0013490220207690122,1.953882659789051E-7
5180.0,0.33181255936766657,0.668140675788983,4.6764843350525206E-5
5051.0,4.087658061374574E-23,1.6108350695901415E-11,0.9999999999838917
5423.0,1.4216270869263346E-11,4.06765672529698E-4,0.999593234313254
6689.0,2.0012972890671576E-5,0.9821438275215243,0.017836159505585054
6166.0,5.51995765979351E-11,0.876555379031102,0.12344462091369844
5912.0,1.6303181539909498E-4,0.9990523960117385,7.845721728624235E-4
5643.0,1.4069518322699373E-11,2.508202569143306E-5,0.9999749179602391
6405.0,1.4443533353679109E-10,3.230646484758205E-4,0.9996769352070889
5034.0,7.823315839474256E-4,0.970908587999576,0.02830908041647643
5165.0,0.17686924686447866,0.8117485818890892,0.011382171246432201
6704.0,4.834999338286568E-9,0.9951702484060221,0.0048297467589784844
5438.0,0.9993450904029977,6.548964985090557E-4,1.3098493188697038E-8
6118.0,1.1284351156043672E-17,6.635228784624317E-8,0.9999999336477121
6376.0,8.879207729380333E-10,0.001697148483338818,0.9983028506287405
6651.0,4.694820897791623E-7,0.9988559200552997,0.0011436104626105755
5877.0,2.5008629062272585E-17,2.1700084108326686E-7,0.9999997829991588
5331.0,2.3246113763498098E-9,0.9918981517973762,0.008101845878012482
4948.0,8.390970858797677E-10,0.014735983777419172,0.9852640153834836
5568.0,9.753488645595153E-12,0.2843450902503475,0.7156549097398991
5673.0,3.2644964024900244E-17,7.768468512733545E-5,0.9999223153148726
5946.0,0.8694882974788942,0.1300230354781351,4.886670429707932E-4
6196.0,0.9659603441739258,0.03403965131753835,4.50853574324111E-9
5404.0,1.3342588788107638E-9,0.009080312823559759,0.9909196858421814
5000.0,0.9087411175172808,0.09097438305768588,2.8449942503333656E-4
5135.0,6.025572402518218E-11,0.0011506615065547399,0.9988493384331896
5847.0,0.0013138707030141167,0.14034075778278904,0.8583453715141969
6617.0,0.04487432636414148,0.9550849370103258,4.073662553281792E-5
6346.0,1.3639936764223642E-4,0.9181499198767827,0.08171368075557502
6084.0,3.754388144676137E-4,0.6891502829524192,0.3104742782331131
5602.0,0.9943603063034945,0.005629617700856081,1.0075995649455364E-5
5361.0,0.9378435251307329,0.062156218474432715,2.5639483448484795E-7
4982.0,5.810818731638471E-10,0.9977629727647069,0.0022370266542111814
6600.0,6.899813990134554E-4,0.9425066576354592,0.05680336096552725
5830.0,8.558951614749112E-13,0.18636307636289748,0.8136369236362466
6101.0,0.8703462550154304,0.12964826555176484,5.479432804801988E-6
6363.0,1.0616094565194492E-14,1.0865737973638547E-7,0.9999998913426097
5619.0,5.851291988007229E-8,0.9806634119323137,0.019336529554766394
4967.0,0.9814965491604005,0.01850344078950348,1.005009600550485E-8
5344.0,0.10648318792320109,0.8892124308931091,0.004304381183689809
5688.0,1.0960915242953428E-15,4.104082082604059E-6,0.9999958959179163
6454.0,1.427614649593621E-4,0.3269361886564212,0.6729210498786194
6181.0,0.9999340877204866,6.591209086561434E-5,1.8864779801340978E-10
5931.0,1.1239247937601259E-4,0.012822971339433793,0.9870646361811903
6659.0,1.7553591517730795E-13,3.0903943930135684E-4,0.9996909605605231
5389.0,2.5026455822883917E-4,0.9551976753506303,0.04455206009114077
5150.0,0.8756426875932423,0.12415472397420141,2.025884325562702E-4
5017.0,0.9966164934482268,0.003380674171799702,2.8323799735192726E-6
5068.0,0.0024900749206556573,0.9974830073864319,2.6917692912422376E-5
5195.0,0.015832860425096757,0.9800625031131849,0.004104636461718355
5464.0,0.6721123385026881,0.09303239283152165,0.23485526866579026
6742.0,0.007723888041149794,0.9892228121096319,0.0030532998492183334
6014.0,1.931297311611181E-17,2.8422230783709454E-8,0.9999999715777692
6256.0,0.3091187689304286,0.6907347277312371,1.4650333833413586E-4
6499.0,4.0237460624374214E-16,7.721019102910361E-4,0.9992278980897086
5741.0,1.4391328615186478E-13,4.967523514134103E-6,0.9999950324763419
5301.0,0.7723861663456271,0.22598886890785386,0.0016249647465191844
5542.0,0.18206433357411272,0.8171862072617667,7.494591641204521E-4
6286.0,0.6903688213325175,0.3096036544925111,2.752417497147022E-5
6016.0,5.562519549523366E-6,0.04979516076693558,0.9501992767135149
5779.0,0.0018563616022646081,0.9981199552489785,2.3683148757006892E-5
6557.0,1.1962615724307574E-11,8.644081443196445E-7,0.9999991355798932
5284.0,0.15837750193511568,0.8050101249148898,0.03661237314999452
5559.0,4.579901114803692E-14,0.0021191620132712126,0.9978808379866829
6033.0,5.354265568510883E-8,0.854174897358271,0.1458250490990733
6303.0,0.8524334965035479,0.146734510483958,8.319930124939891E-4
6540.0,0.18090736181061198,0.8099196642435927,0.009172973945795191
5762.0,2.534808825644113E-9,0.0075285347857628054,0.9924714626794283
5210.0,3.707248386952178E-10,0.16668194922590132,0.8333180504033739
5085.0,0.9997399497589865,2.6005023558791816E-4,5.425497930137479E-12
6727.0,0.04421619957108482,0.9544234699275095,0.001360330501405742
5449.0,2.4177719287222905E-4,0.9997331961405448,2.5026666583041288E-5
6241.0,0.7665233325288678,0.23325051079413467,2.261566769973805E-4
5999.0,6.504562168321255E-9,8.453187859220707E-5,0.9999154616168456
5756.0,7.544631337073699E-4,0.01879251782456656,0.980453019041726
6514.0,0.5306539677567674,0.4649165727372437,0.004429459505989022
5254.0,0.23477654245356416,0.764479396907099,7.44060639336846E-4
5792.0,2.4697959023531738E-21,1.527841046757119E-13,0.9999999999998473
6574.0,1.3681863292996237E-5,0.9975756477410727,0.002410670395634207
6333.0,8.319639490720791E-14,5.643060926645495E-4,0.9994356939072523
6067.0,2.2201945325214885E-9,0.999709035161132,2.909626186736017E-4
5483.0,0.13270979938430374,0.8659198166125932,0.0013703840031032016
6757.0,0.0050784689934032685,0.9945045204152794,4.170105913172414E-4
5240.0,0.9870203749738758,0.012979613759206714,1.126691736404987E-8
5119.0,9.854265684578519E-6,0.9586768392154911,0.041313306518824366
6480.0,1.9838866867172153E-5,0.9846453900602794,0.015334771072853448
5726.0,6.881259990384342E-7,0.9882720618485453,0.011727250025455549
5965.0,0.004748799005399884,0.9361067220201458,0.05914447897445426
6772.0,0.3606588955157023,0.6391787217507147,1.6238273358311765E-4
5498.0,8.399779203517817E-4,0.9787179757796362,0.020442046300012204
5102.0,1.555937666674418E-16,8.690120211281339E-7,0.9999991309879788
5225.0,4.635001270994047E-6,0.0020665412628917486,0.9979288237358372
5711.0,0.9898051408129253,0.010194833595992527,2.5591082203330077E-8
6465.0,0.9999359414465099,6.401726255529475E-5,4.1290934921169315E-8
6226.0,0.003320798054878027,0.9966435964929954,3.560545212667911E-5
5980.0,0.9326684642287546,0.06729155328544684,3.998248579846447E-5
5508.0,0.2885364707329178,0.2623161612921531,0.4491473679749291
6794.0,5.8973183449624604E-5,0.997914092937005,0.0020269338795454546
5271.0,0.9991486975422428,8.512730002079811E-4,2.9457549137314132E-8
6591.0,1.2097616254653418E-6,0.6172514504906976,0.3827473397476769
5809.0,7.58741462997628E-13,0.928158338366239,0.07184166163300226
6050.0,6.464040357579694E-8,0.9998872431350946,1.1269222450181353E-4
6316.0,2.695896577464147E-23,0.060363751059537896,0.9396362489404622
6150.0,0.02193488484076607,0.9780629135122035,2.201647030459944E-6
5896.0,4.565415080874518E-17,0.15048938604703357,0.8495106139529665
5659.0,6.782205805188893E-13,0.003989836780119448,0.9960101632192022
6421.0,5.897210118953484E-5,0.7339747220598469,0.2659663058389636
5181.0,0.925572331122092,0.0744276685173526,3.6055535708631813E-10
5050.0,2.1289092559870512E-26,4.5654222310214285E-14,0.9999999999999544
6688.0,1.2454459973618169E-8,0.9994416050831353,5.583824624046342E-4
5422.0,5.84079611484503E-6,0.998556104419007,0.0014380547848781107
6134.0,4.72284111505566E-13,4.239373258884003E-4,0.9995760626736394
6392.0,3.955483370955315E-5,0.9695772568617047,0.030383188304585678
6635.0,0.9952530895560978,0.00474690505263525,5.391266950878147E-9
5861.0,9.760280427554418E-15,3.768145293001241E-5,0.9999623185470603
4932.0,2.1724361783005375E-10,2.9547038534793832E-5,0.9999704527442216
5315.0,0.008681158003218087,0.9242540108753297,0.06706483112145228
6377.0,0.0012285463361478774,0.9973663839424485,0.0014050697214037127
6119.0,0.9768369797266344,0.023074097422775053,8.892285059058957E-5
5876.0,1.0324051393307909E-6,0.014707237025845135,0.9852917305690156
6650.0,1.163015356943424E-8,5.732202676187139E-4,0.9994267681022276
5330.0,1.0399825785913053E-7,0.003021803520107179,0.996978092481635
4949.0,0.009553394437726393,0.9870405191440246,0.0034060864182490556
5569.0,2.763649790585873E-8,0.5573373877345589,0.4426625846289432
5913.0,0.6634836143778562,0.33325059998132534,0.003265785640818381
6167.0,3.3472935826518512E-12,1.3108441552256598E-5,0.9999868915551005
6404.0,2.6887277210906172E-9,0.922978885460783,0.0770211118504893
5642.0,0.9974465405777231,0.0021115592062246804,4.419002160523238E-4
5035.0,1.545203370354513E-23,9.463730806879707E-13,0.9999999999990536
5164.0,3.047506960052539E-9,0.004467677585258755,0.9955323193672342
5439.0,2.6359603173109236E-10,0.9688492266922913,0.03115077304411257
6616.0,4.6038245517141884E-9,0.07448664936681137,0.9255133460293641
5846.0,0.9999797687607804,2.023122370057505E-5,1.5519013196698784E-11
6085.0,3.2790843874062144E-8,0.9950994982429349,0.0049004689662212235
6347.0,0.9856933377610184,0.0142948251921541,1.1837046827439843E-5
5603.0,1.6892097504053545E-11,2.192033408771812E-6,0.9999978079496992
5360.0,4.3797812579676084E-7,0.9942139496512838,0.005785612370590469
4983.0,1.3056781146847046E-7,0.16525067309408117,0.8347491963381074
5672.0,0.08319864254685282,0.9167835872141066,1.777023904054462E-5
6438.0,6.60874333537843E-7,7.41894829670058E-4,0.9992574442959964
6197.0,0.3323586657564197,0.6671759372861695,4.653969574106614E-4
5947.0,6.388239256639281E-8,0.7858526389824276,0.21414729713517971
6675.0,5.2672450087412175E-9,0.9991115501585753,8.884445741796322E-4
5405.0,3.1514741015347335E-19,7.373649089781299E-7,0.999999262635091
5001.0,6.155978019404833E-7,0.9992875285090349,7.118558931631443E-4
5134.0,0.13599395111719395,0.8640045055516835,1.543331122579438E-6
5689.0,5.676400821834269E-8,0.655922842939348,0.3440771002966438
5930.0,2.5324853900584132E-5,0.9978323392174878,0.002142335928611643
6180.0,3.8821040564310345E-16,2.2214668387454034E-5,0.9999777853316122
5388.0,0.8844742796007491,0.11538282529059474,1.4289510865601426E-4
5151.0,4.022718880674827E-7,0.9375176201450452,0.06248197758306685
5016.0,4.0060574390515955E-10,3.5709469572189116E-5,0.999964290129822
5831.0,3.957627722692591E-7,0.2261405351989077,0.77385906903832
6601.0,0.9995658766874147,4.3412322069628223E-4,9.188899420664954E-11
6362.0,2.9533834535594545E-7,0.03454624091020548,0.9654534637514492
6100.0,0.6300459314365967,0.21469710198348935,0.155256966579914
5618.0,7.144554100414536E-14,9.62958630019515E-9,0.9999999903703422
4966.0,7.529563923659693E-6,0.9997040609906989,2.88409445377467E-4
5345.0,0.8782862678710514,0.1214568223726558,2.5690975629279644E-4
5300.0,0.0014618077393116768,0.998538105342761,8.69179273316312E-8
5543.0,0.5712943689508609,0.41192835852316484,0.016777272525974246
6017.0,0.6201864341170104,0.3798134311308912,1.347520984199619E-7
6287.0,0.9974319819016468,0.0025679653806408315,5.271771236861371E-8
6556.0,3.2725460607327047E-7,0.17648074035755987,0.8235189323878341
5778.0,2.5482998361626647E-19,0.9363740221469468,0.06362597785305317
5069.0,9.62699291407679E-7,0.09100438758442186,0.9089946497162867
5194.0,3.840438422947414E-7,0.9986577130658547,0.0013419028903030885
6743.0,2.2525991876641397E-5,0.9995548807376097,4.2259327051362037E-4
5465.0,0.9446131259569392,0.05537922618043517,7.647862625556116E-6
6257.0,1.6156004989732297E-4,0.9993117632009076,5.266767491951521E-4
6015.0,0.7433725701936598,0.25512485550305825,0.0015025743032819913
6498.0,0.0060725354564054495,0.15726402768546507,0.8366634368581296
5211.0,1.3359848575896844E-23,7.675437590152329E-10,0.9999999992324562
5084.0,0.5724700000348157,0.35340670064880175,0.07412329931638234
5448.0,1.3324617974698788E-11,0.007324931336207824,0.9926750686504676
6726.0,0.2289373990955657,0.7165402143348445,0.05452238656958982
5998.0,0.0146564266032288,0.9851947801960413,1.4879320072978244E-4
6240.0,1.5735649643318443E-5,0.8995857841182757,0.10039848023208092
6515.0,0.003221649085168522,0.9961720028465829,6.063480682485034E-4
5757.0,7.5389268194884E-6,0.9958238129748443,0.004168648098336291
5285.0,4.1292684558150085E-13,8.012553279342466E-8,0.9999999198740543
5558.0,2.89387203544864E-14,3.922790406239768E-5,0.9999607720959086
6032.0,3.678281351973804E-9,0.9999988888103696,1.1075113489813004E-6
5763.0,0.1476984023053355,0.8520805027847431,2.21094909921265E-4
6541.0,2.34816387720252E-5,0.9373156706865027,0.06266084767472532
5482.0,4.053068836446272E-5,0.9999492339245989,1.0235387036624768E-5
5241.0,8.095072605068117E-10,2.975875208138224E-4,0.999702411669679
5118.0,0.9988421709658035,0.001157532864489062,2.9616970748812754E-7
6481.0,5.759064627056217E-14,1.2652612716158105E-8,0.9999999873473296
6210.0,5.577480694764363E-7,0.8959716585813271,0.10402778367060336
5964.0,0.9995850819578814,4.1490739593459577E-4,1.0646183991043641E-8
5524.0,0.7166773892362702,0.1931612114972082,0.09016139926652154
5255.0,0.9798737672116858,0.020125456861799014,7.759265152786203E-7
6575.0,0.061261776111170514,0.7585338239847667,0.18020439990406278
6066.0,0.0040671183649531005,0.44551797713778557,0.5504149044972613
6332.0,0.008522731869916674,0.945367929189436,0.04610933894064738
6795.0,0.4513445285377585,0.5485536982086369,1.0177325360464315E-4
5509.0,3.0988750968558935E-8,0.04045105223141344,0.9595489167798356
5270.0,0.8871429711445794,0.11285694289187442,8.596354620449662E-8
5808.0,3.934201390155563E-11,1.112351817437097E-4,0.9998887647789144
6317.0,9.027010281537E-4,0.9939302653517874,0.005167033620058877
6051.0,3.717405736514773E-4,0.999477982161357,1.5027726499155036E-4
5499.0,4.71675372375614E-6,0.04368177576903438,0.956313507477242
6773.0,1.1594047580458311E-9,0.841847422121499,0.15815257671909616
5103.0,5.491575892854485E-7,0.004694487480219591,0.9953049633621911
5224.0,3.023968384623338E-10,0.24612608317877968,0.7538739165188235
6464.0,0.5594552391581502,0.44051864026082493,2.6120581024754684E-5
5710.0,0.0057966203382769635,0.9659813007218985,0.028222078939824542
5981.0,1.1714354315008529E-11,8.765697778739088E-7,0.9999991234185078
6227.0,2.7175060519440936E-5,0.05272043320429375,0.9472523917351867
5641.0,2.6986872918148484E-8,0.9979294066815796,0.0020705663315476333
6407.0,5.84391679646976E-18,0.004577177856345766,0.9954228221436543
6164.0,0.7358796902595206,0.2633693477877111,7.509619527684082E-4
5914.0,0.008831621942583771,0.942950747623992,0.04821763043342426
6706.0,0.24473032681134896,0.7552068919742859,6.278121436514825E-5
5436.0,1.270757724320879E-9,4.5662277326408844E-5,0.9999543364519159
5032.0,7.266716870375062E-12,3.397831009871515E-5,0.9999660216826346
5167.0,2.6116552075576446E-8,4.3814447734290876E-4,0.9995618294061049
6649.0,0.6834160335436682,0.31363303582897795,0.0029509306273537866
5879.0,0.963690011748428,0.03630988287038263,1.053811892518095E-7
6116.0,1.4449630910668598E-10,1.085998297257675E-4,0.9998914000257779
6378.0,1.1066237679084275E-4,0.9998892927530045,4.487020457533739E-8
5329.0,2.3906613308301403E-4,0.9997605429241906,3.9094272645439365E-7
4950.0,1.6517626913050757E-4,0.012215314399624833,0.9876195093312446
5862.0,5.5770796731269675E-6,0.007300145628513766,0.992694277291813
6632.0,4.468788992876621E-6,0.540382518384226,0.4596130128267811
6395.0,0.007168714623939731,0.9928301972846008,1.0880914595684286E-6
6133.0,2.192895452465823E-11,1.73668067633927E-5,0.9999826331713078
5587.0,3.268508748893487E-8,0.9689349085104213,0.031065058804491143
4935.0,0.7920361579943991,0.19093433811164295,0.017029503893958065
5312.0,0.1385322715744715,0.861438131693995,2.959673153364047E-5
6422.0,0.01892152098988217,0.872467060199954,0.10861141881016373
5656.0,4.432903547193932E-9,0.0013797394865244265,0.998620256080572
5899.0,2.229562163365698E-6,0.9905267472453656,0.009471023192471026
6149.0,3.197391482036118E-6,0.9981957224393081,0.0018010801692098864
5421.0,0.9995056824656595,4.943117570917856E-4,5.777248759453683E-9
5182.0,1.7335248087173196E-6,0.9989245409529519,0.0010737255222393622
5049.0,1.177266900806869E-7,0.02432843638453179,0.9756714458887782
6103.0,2.995463843626984E-4,0.9997003741393757,7.947626168455429E-8
6361.0,2.2563415452126935E-10,0.12884794015698636,0.8711520596173795
6602.0,0.9974918088413335,0.0025007712490482817,7.419909618039379E-6
5828.0,0.9952151101112876,0.004784888903641305,9.850711820731544E-10
4965.0,0.0349597808895006,0.9650379022604146,2.3168500846966283E-6
5346.0,0.0013412254720002773,0.3691593549507859,0.6294994195772138
5617.0,0.7514754895335155,0.24850122831997348,2.3282146511123243E-5
6183.0,0.05383385122406831,0.8762049953074394,0.06996115346849224
5929.0,0.9946574331590047,0.005329953382518802,1.2613458476490147E-5
5690.0,9.974306532102698E-8,0.9366634237658024,0.06333647649113236
6452.0,0.0014174727631232646,0.9973574227557175,0.001225104481159209
5148.0,7.781025407058045E-8,0.003409097666025117,0.9965908245237207
5019.0,0.5859471795715117,0.4139961623066158,5.6658121872582154E-5
6657.0,2.1604749467769795E-20,5.484265761556117E-7,0.9999994515734238
5391.0,3.300379493594743E-17,4.3138703273275905E-11,0.9999999999568613
5944.0,4.4261255517140764E-15,0.0016452822895103418,0.9983547177104852
6198.0,0.7063913244547674,0.2910929031070825,0.0025157724381500925
6437.0,0.9786143589054237,0.0213855364223226,1.046722538279958E-7
5675.0,8.675139064830867E-9,0.9761494741798785,0.02385051714498239
5002.0,4.928491961661431E-13,6.949022865706868E-5,0.9999305097708501
5133.0,1.7415139542660327E-32,3.0465992971824182E-18,1.0
5406.0,1.6784341773649293E-7,0.0013011371592416446,0.9986986949973405
6672.0,4.117358070259226E-9,3.539991113134305E-4,0.9996459967713285
6344.0,0.9840440402088225,0.015955364631193403,5.951599840518111E-7
6086.0,3.308462816323767E-20,1.8837367741969261E-6,0.9999981162632259
5845.0,5.714256679153601E-10,0.9375990312373574,0.062400968191216995
6619.0,3.119201410696142E-17,1.2394884745032037E-5,0.999987605115255
5363.0,3.0281057309001437E-5,0.9724249410214236,0.027544777921267447
4980.0,0.07174041236387577,0.9010245635425749,0.027235024093549356
5600.0,0.01763962688648088,0.9823269801504866,3.3392963032637625E-5
5557.0,0.11472959746469555,0.8807793955906182,0.004491006944686348
5286.0,3.133185633390122E-10,4.118331120077131E-7,0.9999995878535695
6542.0,0.986050963046309,0.0139482089545089,8.279991820934358E-7
5760.0,1.3409179644940638E-10,0.999805888169351,1.9411169655715035E-4
6035.0,0.9828373295192777,0.017021147507515787,1.4152297320653317E-4
6301.0,0.0030169357658919056,0.10623666758891658,0.8907463966451915
6725.0,4.8925657284585436E-6,0.18613461039134618,0.8138604970429254
5451.0,2.1889409049506544E-17,2.531239925681143E-5,0.9999746876007432
5208.0,2.3733520529014037E-6,0.019724072850793844,0.9802735537971533
5087.0,4.9962012524866125E-11,0.18774271368418383,0.8122572862658541
5758.0,0.6990651743999815,0.30061467835847633,3.201472415423241E-4
6512.0,0.010107698643851332,0.01247647135335961,0.977415830002789
6243.0,3.2481371148739317E-4,0.999674773383068,4.1290544461778904E-7
5997.0,9.700644963908306E-26,1.6486928115319097E-11,0.9999999999835132
5466.0,4.459646009610967E-6,0.9997316427663997,2.638975875907557E-4
6740.0,2.4540671811858174E-5,0.040705928215999505,0.9592695311121886
5070.0,0.42155644810717285,0.5764282692275118,0.002015282665315263
5193.0,0.1792227001694245,0.8197428802517165,0.0010344195788590557
6497.0,0.8605072909087856,0.13946123556736698,3.147352384750408E-5
5743.0,0.6651991871106329,0.33480057666797997,2.362213871834805E-7
6012.0,6.219985575813135E-7,3.0400599112897873E-4,0.9996953720103134
6258.0,1.058429205072878E-8,0.15765036688997036,0.8423496225257375
5540.0,1.2807544678980604E-13,0.6125466328354389,0.3874533671644332
5303.0,3.5537290685364324E-5,0.010503997421351656,0.9894604652879629
5777.0,0.9004341825109246,0.09786292375655152,0.001702893732523962
6559.0,3.4454752975965364E-17,8.54091764206052E-9,0.9999999914590824
6284.0,0.05657775277693316,0.9096266710646256,0.033795576158441226
6018.0,0.0011043546689864885,0.9988903879850752,5.257345938144314E-6
5100.0,0.9999797064433755,2.0293532310727324E-5,2.4313724747665594E-11
5227.0,0.09085962045784506,0.9090918012520558,4.8578290099248803E-5
6774.0,1.3524575845626417E-4,0.24436876334760377,0.7554959908939399
5496.0,0.007331089685312399,0.9926687307852355,1.7952945210531313E-7
6224.0,1.2649709848945072E-8,6.345411925969592E-6,0.9999936419383642
5982.0,0.053038124159578474,0.9401154404585007,0.0068464353819208965
5709.0,0.551832562829725,0.4195664480425581,0.02860098912771676
6467.0,4.263144426099144E-5,0.22396583224536484,0.7759915363103741
5269.0,0.29153155782893336,0.5772352914122048,0.13123315075886186
6792.0,0.08136870446519812,0.9185370685890994,9.422694570248512E-5
6048.0,0.9993698283223728,6.301716432589991E-4,3.436816230428431E-11
6318.0,1.7641604941904823E-6,0.9987919602643784,0.0012062755751274556
6589.0,5.7955628017151037E-11,2.2932803105593847E-4,0.9997706719109885
5811.0,0.19546669046080378,0.5199891768291306,0.2845441327100656
5252.0,2.7461463587735523E-4,0.9996214389431308,1.0394642099180297E-4
5527.0,0.9985582238355699,0.0014415068104839408,2.693539460639553E-7
6335.0,0.023514679896715088,0.6171107698748596,0.35937455022842546
6065.0,1.3316414781640732E-4,0.9865848522028825,0.013281983649300996
5794.0,2.08181028216E-4,0.9997781024968772,1.3716474906814006E-5
6572.0,0.9931159341916779,0.0068838276543004345,2.3815402166534827E-7
5242.0,2.1666846526576344E-21,1.5532256918627556E-4,0.9998446774308136
5117.0,4.689450893199099E-13,0.008648371883287457,0.9913516281162437
5481.0,3.0939769487397027E-24,8.965102035177578E-8,0.9999999103489796
5967.0,0.792491645508377,0.20693595312746246,5.724013641604858E-4
6209.0,2.914196898483167E-9,0.999936154394951,6.384269085208522E-5
6482.0,6.79643161577175E-15,0.999990768631424,9.231368569118874E-6
5724.0,0.42211858838885297,0.5389148001347516,0.03896661147639543
6648.0,6.295714874828759E-12,0.24640288320913084,0.7535971167845734
6379.0,3.927972044993708E-6,0.49183486328546944,0.5081612087424855
6117.0,8.655522100282212E-9,0.6154700238498653,0.3845299674946127
5571.0,0.06071225174237572,0.9379920225938702,0.0012957256637541037
5328.0,2.353622427970969E-13,2.067952080347529E-7,0.9999997932045566
4951.0,0.26054995773317463,0.7394489746847281,1.0675820970728329E-6
6406.0,2.0173755256059054E-11,5.768884475471936E-6,0.9999942310953508
5640.0,4.768000015164154E-10,0.9466271961275377,0.05337280339566239
5915.0,0.6896413987219012,0.309273646396835,0.0010849548812636935
6165.0,0.9909219610205527,0.009077813369375605,2.256100715353909E-7
5437.0,0.9704026826206946,0.029597315027067073,2.3522382462399554E-9
6707.0,1.3198751460797252E-8,5.343396055747978E-4,0.9994656471956738
5033.0,1.697648337825773E-4,0.0010323698435781535,0.9987978653226393
5166.0,0.010170669455773716,0.9898289836643533,3.468798730533693E-7
5657.0,0.9996632703955038,3.367200317579999E-4,9.572738069475508E-9
6148.0,1.4356267102645501E-13,4.363916965943652E-6,0.9999956360828904
5898.0,1.6531991814661713E-8,0.05378751356350041,0.9462124699045078
6690.0,0.19221216780885814,0.8077569069771956,3.0925213946328935E-5
5420.0,0.04559086407799741,0.9475730014116807,0.006836134510321987
5183.0,0.6452811333157279,0.34210405608486916,0.012614810599402893
5048.0,2.716246396437664E-7,0.9990622780386127,9.374503367477199E-4
6633.0,3.888422199800219E-6,0.045385100132273495,0.9546110114455267
5863.0,2.6889452974606798E-5,0.9995720712369639,4.010393100615336E-4
6132.0,7.002914555494528E-12,1.0647255493101273E-5,0.9999893527375041
6394.0,9.003605373283155E-14,1.2058156275014253E-7,0.9999998794183472
5586.0,0.012498768473508594,0.9874719138919421,2.931763454918922E-5
4934.0,0.9894670918426871,0.01041483919645851,1.180689608544574E-4
5313.0,4.0165899828192706E-8,0.5801500738363309,0.4198498859977692
5928.0,0.7750249348716428,0.22486227575715834,1.1278937119884198E-4
6182.0,8.589235196834989E-10,6.019427327007617E-6,0.9999939797137495
6453.0,0.9217422595957765,0.07744419543899374,8.135449652297513E-4
5691.0,5.588134343710268E-19,2.511722079340705E-7,0.999999748827792
5149.0,0.22337801280727773,0.7613882216437751,0.015233765548947214
5018.0,0.9999987094820054,1.290472105577707E-6,4.588891051789594E-11
5390.0,1.3881972103845717E-6,0.6550718947079291,0.34492671709486045
6656.0,0.9517293975763175,0.04826418817697411,6.414246708437597E-6
6360.0,2.1440638414185913E-8,0.7809211280507492,0.21907885050861242
6102.0,0.2920663750765921,0.6700942632249035,0.03783936169850436
5829.0,1.8643866044213607E-11,1.731672947858623E-5,0.9999826832518776
6603.0,3.2549764430364385E-6,0.0639602117004956,0.9360365333230614
4964.0,5.029211267937463E-13,1.3902622104460148E-9,0.9999999986092348
5347.0,1.8765672331069263E-10,0.005418813106930739,0.9945811867054125
5616.0,7.44016960788407E-11,0.001960634703454828,0.9980393652221435
6087.0,1.4810883381106857E-11,0.17314937189033425,0.8268506280948549
6345.0,0.002862767596672658,0.4466749536398702,0.550462278763457
5844.0,0.0036282309480492915,0.14590371345780684,0.8504680555941438
5362.0,0.049271089002578226,0.3583683932514771,0.5923605177459447
4981.0,4.4628536601115395E-11,1.4288746573485454E-5,0.9999857112087981
5601.0,7.618300772788687E-8,0.10396151463368072,0.8960384091833116
5945.0,4.523583524832494E-9,0.0026684197838307867,0.9973315756925857
5674.0,7.08155045850339E-13,1.0983297298245966E-7,0.9999998901663187
6436.0,1.9654205049104065E-7,0.9991751774727478,8.246259852017449E-4
5003.0,0.009590709069409575,0.9904000843640343,9.206566556277205E-6
5132.0,0.07262200976560601,0.9271676405483269,2.1034968606719302E-4
6673.0,4.8718471817218117E-8,0.2541176805268607,0.7458822707546675
5407.0,0.8219266830607235,0.17803972758322373,3.3589356052685714E-5
5450.0,3.2167244649154443E-15,2.0490236321903583E-6,0.9999979509763646
6724.0,0.002770479038190123,0.39480984575213596,0.602419675209674
5209.0,0.0020876896218810317,0.8974154734482632,0.10049683692985574
5086.0,1.5924241441405365E-10,3.2400734531267626E-6,0.9999967597673044
6513.0,0.0035690561440356785,0.5404401096560142,0.45599083419995023
5759.0,0.08216227588860867,0.9154797752942556,0.0023579488171356446
5996.0,3.911683107061134E-7,0.9999950161077391,4.592723950194746E-6
6242.0,9.815302297715754E-16,7.785179059490707E-6,0.9999922148209396
5556.0,0.0020165455929712552,0.9979734807003832,9.973706645663855E-6
5287.0,0.9893470590504037,0.010652656613440923,2.843361553210059E-7
5761.0,0.7340880483137724,0.26575519742586845,1.56754260359215E-4
6543.0,1.9004788831354512E-8,0.03666188462517866,0.9633380963700325
6300.0,0.9918485641231067,0.008111512671026404,3.9923205866952544E-5
6034.0,0.9705787946185729,0.029421178910580725,2.6470846260174878E-8
5541.0,3.261465395711608E-10,0.041450652073622356,0.9585493476002311
5302.0,0.01082842002306774,0.17049408346725406,0.8186774965096781
6558.0,0.007437412120877182,0.8125084521010713,0.18005413577805152
5776.0,0.12915513773021808,0.8389511445747492,0.03189371769503271
6019.0,0.9231731740961376,0.07681246643940162,1.4359464460770387E-5
6285.0,0.017705748616218618,0.9799182129485215,0.0023760384352598325
5467.0,0.00993527360085456,0.9900425943079458,2.213209119958797E-5
5071.0,0.4657950230123246,0.5258189874423532,0.008385989545322175
5192.0,0.3212533135012556,0.675845886167429,0.002900800331315431
5742.0,2.4674857197142143E-5,0.9999434003527516,3.192479005122203E-5
6259.0,6.640090477059042E-10,0.41451307653982156,0.5854869227961694
6013.0,1.2228849168232709E-8,0.40509191208530043,0.5949080756858504
5268.0,0.5629034485792457,0.43709241190229764,4.139518456791744E-6
6793.0,0.0018650876618585804,0.06140360110388117,0.9367313112342603
5511.0,0.08113131863927811,0.9186909409484741,1.777404122476508E-4
6319.0,0.968202733405698,0.031767918524867766,2.9348069434137853E-5
5810.0,0.002475853153410346,0.9972962484540341,2.278983925555669E-4
5101.0,2.0169723533601172E-5,0.0054892767594577774,0.9944905535170087
5226.0,0.8132492245911846,0.18668718133192608,6.359407688922078E-5
5497.0,1.4097085856608651E-5,0.0032169895237127446,0.9967689133904307
6775.0,4.7684680622200386E-6,0.17977590442979108,0.8202193271021467
5983.0,6.473561272011627E-5,0.9995705833998596,3.6468098742024484E-4
6225.0,9.455640530959441E-9,0.10244341234646462,0.8975565781978948
6466.0,0.021331689612040287,0.97864487572561,2.3434662349784414E-5
5708.0,5.100851641909014E-9,0.6166201733211676,0.38337982157798084
5116.0,0.0888940670643917,0.9109810180486583,1.249148869501392E-4
6758.0,0.9659171877240934,0.03407960019454638,3.2120813601025633E-6
5480.0,6.445204700157777E-14,0.9999998174717258,1.825282095700437E-7
6208.0,0.9458258918606357,0.05415369652991541,2.041160944894974E-5
5966.0,2.0719386566069055E-6,0.9867505524541788,0.013247375607164638
5725.0,3.034215807554592E-25,3.160832844980977E-8,0.9999999683916715
6483.0,0.10144808252823431,0.8985518624271256,5.504464017731049E-8
5253.0,8.006493633340576E-6,0.6822593032236015,0.31773269028276524
5526.0,1.682887049389921E-10,0.09398564982181301,0.9060143500098983
6808.0,3.2405925584715474E-4,0.9445921804697746,0.05508376027437837
6064.0,1.065935967137532E-6,0.9989367947652917,0.0010621392987411424
6334.0,0.01371274180789654,0.9846366395006856,0.0016506186914178407
6573.0,0.39340315473368853,0.6065190475108858,7.779775542552018E-5
5795.0,4.967201247624477E-4,0.9992355029430737,2.677769321637803E-4
5400.0,2.6741229865344125E-7,0.9994490166536307,5.507159340705559E-4
6678.0,9.978944213628858E-4,0.38449158720195165,0.6145105183766855
5004.0,4.204806989900573E-4,0.9993580506327768,2.214686682331283E-4
5131.0,1.5094032809822902E-8,0.0032989805849490614,0.9967010043210182
6435.0,6.927503177311472E-7,0.023984172835377886,0.9760151344143044
5677.0,4.828393428532996E-6,0.9999774763776312,1.769522894017377E-5
5950.0,1.3792665933906023E-16,2.6261476192493447E-6,0.9999973738523806
6192.0,0.9997832464732341,2.1671262891751706E-4,4.0897848406273945E-8
5606.0,0.8530811000668963,0.13582903103630176,0.011089868896801953
5365.0,0.7155554239655996,0.2762385471879039,0.008206028846496433
4978.0,0.7037916202720688,0.29277363709165966,0.0034347426362715517
5843.0,2.0000573886485805E-11,3.3885837751322664E-5,0.999966114142248
6621.0,0.9988733663865131,0.0011264397816599355,1.938318269322221E-7
6350.0,1.155356698199294E-5,0.024402436990167916,0.9755860094428501
6080.0,6.858415725482793E-5,0.9983645239287348,0.001566891914010423
5623.0,4.906371296386589E-11,0.5154900983729661,0.4845099015779702
4963.0,0.8745592194265197,0.12462552434985041,8.152562236297688E-4
5348.0,0.0016021559365073774,0.9952136788073261,0.00318416525616638
6604.0,0.2934181778818608,0.7065809850991049,8.370190341834216E-7
5826.0,2.0286918770880588E-7,0.0010539075064886618,0.9989458896243236
6097.0,1.260174362932793E-4,0.7659089408403367,0.23396504172337013
6367.0,0.9494819257707972,0.04294735616245925,0.007570718066743697
5385.0,5.936301406563377E-13,0.004166986549657035,0.9958330134497493
5146.0,3.76471586378812E-5,0.2847858158393196,0.7151765370020424
5021.0,1.2412488552880665E-6,0.9539753283882877,0.0460234303628569
5692.0,0.4193207330525812,0.5058831296287081,0.07479613731871078
6450.0,0.9999743955953785,2.560439891575157E-5,5.7057886825475514E-12
6177.0,5.363635066099828E-4,0.9771741136599602,0.02228952283342988
5935.0,2.5581597971795906E-17,4.7656393210699806E-5,0.9999523436067893
4929.0,2.2108585122383298E-9,0.9830736182023627,0.01692637958677867
5318.0,1.1952005928290365E-12,4.023173486805047E-7,0.9999995976814561
5589.0,0.8530760575814065,0.09256978842986502,0.05435415398872862
6131.0,8.842705096004414E-5,0.9902902577403956,0.009621315208644234
5856.0,0.25237340995811647,0.7473478218315254,2.787682103580517E-4
6638.0,0.9925025803934207,0.007497397163764051,2.2442815204510456E-8
5176.0,1.694880076667033E-9,0.9474818252274645,0.052518173077655404
5055.0,1.493651635538929E-6,0.0014676958740005165,0.998530810474364
5419.0,2.5252566290178467E-18,2.7082544439940666E-10,0.9999999997291745
6693.0,0.024549140576388767,0.9704660365736152,0.004984822849996113
5901.0,0.015601200576242476,0.9843553999117103,4.339951204729581E-5
6147.0,3.2993865556063682E-12,0.001975750317309621,0.998024249679391
6416.0,1.4273684350646127E-13,8.588876152706747E-5,0.9999141112383303
5662.0,0.9975507279746666,0.0024488579512166927,4.14074116714749E-7
5038.0,0.9994522316831735,5.477655396240943E-4,2.777202324632382E-9
5161.0,2.471947037417927E-4,0.9525806801193617,0.047172125176896534
6708.0,0.7618646024458112,0.22022442993020275,0.01791096762398609
5434.0,2.465343943640359E-9,0.0015274383242491767,0.9984725592104069
6162.0,2.621811494698296E-10,2.3266513296362382E-4,0.9997673346048553
5916.0,5.6763939287526175E-5,0.05878265201303556,0.9411605840476769
5647.0,0.9839901510920308,0.01593118126645171,7.866764151752832E-5
6401.0,0.9999784229943671,2.157700562311595E-5,9.763686630650292E-15
5335.0,4.685613191194328E-9,5.5981337834610904E-5,0.9999440139765522
4944.0,1.0535615381593178E-13,0.03324014823168001,0.9667598517682146
5572.0,6.305525998167039E-13,1.6805187062047724E-7,0.9999998319474988
6114.0,1.0988489604818343E-14,9.797346551714656E-4,0.9990202653448176
6380.0,4.063339466538149E-8,6.0037112952038884E-5,0.9999399222536534
6655.0,0.24606091663094773,0.7539110328948444,2.805047420795463E-5
5873.0,7.517641090174846E-20,1.3247798193626326E-9,0.9999999986752202
5796.0,0.9999550384490822,4.4959302401919194E-5,2.2485159027669894E-9
6570.0,8.204235840903573E-10,0.9998977005300113,1.0229864956508682E-4
6329.0,0.7604984183292396,0.1537581656021399,0.08574341606862045
6071.0,0.9918562776643264,0.0081312595448564,1.2462790817072692E-5
5521.0,0.9763617016896243,0.023631261311858363,7.036998517358266E-6
5250.0,0.4508073350323355,0.5490607331017768,1.3193186588767675E-4
6484.0,1.7428388032772407E-5,0.22227757879027804,0.7777049928216893
5722.0,0.033706721736731435,0.9547391075249188,0.01155417073834996
5961.0,9.064967290207527E-19,5.550807669402437E-6,0.9999944491923306
6215.0,5.956616667339667E-5,0.9961342510082886,0.0038061828250380903
5487.0,1.4649547967282057E-8,0.9868162571066074,0.013183728243844789
6753.0,1.0928729509587576E-11,9.948907841620922E-5,0.999900510910655
5244.0,2.0371395227850273E-5,0.9999696734091607,9.955195611399988E-6
5115.0,9.25708436837352E-14,3.7797469770432246E-6,0.9999962202529304
5707.0,1.3369930372174509E-8,1.307099684998288E-4,0.9998692766615698
6469.0,0.0011992790128066714,0.9986682443987323,1.3247658846109387E-4
6230.0,5.174883573428413E-14,1.2362141947515386E-7,0.9999998763785288
5976.0,6.907804805954046E-17,2.0357579218651182E-7,0.9999997964242078
6768.0,9.203727131598444E-15,2.161780412625674E-6,0.9999978382195782
5502.0,0.7029831202631268,0.29673930765893725,2.77572077935797E-4
5098.0,0.05034214619911371,0.9496218357294252,3.601807146115424E-5
5229.0,1.602705936088705E-5,0.031010892839439957,0.9689730801011992
6587.0,2.060630534435051E-6,0.991444048746443,0.008553890623022583
5813.0,0.9885752006146037,0.01141530006985807,9.49931553828846E-6
6054.0,0.22787026235120703,0.7410864175880072,0.031043320060785688
6312.0,2.2323414512499738E-10,0.8549505994189379,0.14504940035782782
5504.0,3.8277360425164775E-8,0.9962656803586116,0.0037342813640279995
6798.0,8.014372286148126E-4,0.9852752037606587,0.013923359010726498
5267.0,1.4872537661711353E-6,3.4310994854960846E-4,0.9996554027976842
6010.0,0.006479867645887979,0.08462661467222436,0.9088935176818876
6260.0,0.0069416853663927915,0.9928712358674836,1.8707876612354625E-4
6503.0,3.7052837343963585E-6,0.9800062849440825,0.019990009772183157
5737.0,0.9584255012174038,0.041564372619745424,1.0126162850792131E-5
5064.0,4.252957635780151E-15,7.838612977550084E-4,0.9992161387022407
5199.0,2.579415259774158E-24,2.5450866707604865E-11,0.9999999999745491
5468.0,0.8334079171191867,0.12758121726513677,0.039010865615676474
6738.0,8.370140622253777E-8,0.11519985620547152,0.8848000600931223
6282.0,0.9948992938654135,0.005100276906958616,4.292276279496081E-7
6020.0,3.3230726709066986E-11,0.9817255455687747,0.018274454397994577
6553.0,0.002845453578427066,0.0046950215390356735,0.9924595248825373
5297.0,0.33062940896143556,0.6693704922664447,9.87721196637556E-8
4918.0,0.6833030917334086,0.31631510801228585,3.8180025430548364E-4
5538.0,0.9999704082737381,2.95917189760531E-5,7.285886473419845E-12
6037.0,6.238063052527791E-4,0.09443475189537018,0.9049414417993771
6299.0,2.1303140634384166E-16,3.263580342822359E-4,0.9996736419657176
6536.0,3.0715633827423997E-9,4.8054932793776373E-4,0.9995194476004989
5766.0,0.9931430925232599,0.006856500043183225,4.0743355675849087E-7
5280.0,1.3571097944185476E-4,0.6737501032460069,0.32611418577455115
5555.0,1.1265083815627886E-8,0.3345559530885722,0.665444035646344
6245.0,1.3522585631702046E-6,0.9907259447668791,0.00927270297455779
5995.0,0.9999996214324879,3.7856745907826847E-7,5.311218332145341E-14
5752.0,1.3355895777961912E-5,0.9995836060141976,4.0303809002442903E-4
6518.0,1.2057840016213973E-11,0.41504887257672224,0.58495112741122
5214.0,1.0391387906350174E-8,0.0020632420157454443,0.9979367475928667
5081.0,8.272212978709409E-10,0.011089262683192543,0.9889107364895862
6723.0,0.9999203054263862,7.969457212322427E-5,1.4905878520923418E-12
5453.0,1.8876488258876655E-10,2.6967226615665895E-6,0.9999973030885736
5607.0,5.0819670002558163E-5,0.9993458385352887,6.033417947087935E-4
5364.0,7.35592398667957E-5,0.9999130305837001,1.3410176433174869E-5
4979.0,7.046327936007374E-11,0.004024388978284867,0.9959756109512519
6620.0,3.230578964476028E-4,0.3573361279582774,0.642340814145275
5842.0,3.731732338695993E-11,0.0167742008597624,0.9832257991029202
6081.0,8.299365852236409E-8,0.9999811469740538,1.877003228754954E-5
6351.0,3.118558356285988E-7,0.7121146527230406,0.28788503542112376
6679.0,0.9971009599370576,0.002897440586110985,1.5994768314150061E-6
5401.0,8.131414847260851E-6,0.9690743381746351,0.030917530410517795
5005.0,3.601311956694234E-10,9.372891695520006E-4,0.9990627104703168
5130.0,3.182699744444259E-12,7.811697001504604E-7,0.9999992188271171
5676.0,2.5346675175680638E-6,0.9994043302692772,5.931350632052648E-4
6434.0,1.3413751003338669E-15,0.9994836877207104,5.163122792883881E-4
6193.0,0.9959383082231587,0.00406160704491459,8.473192683657958E-8
5951.0,0.9999965750097232,3.4249682181661006E-6,2.2058679468961605E-11
5384.0,1.119644443400919E-5,0.23475584709132294,0.7652329564642429
6662.0,0.03286217337605572,0.9671358845606696,1.94206327471163E-6
5147.0,8.707166804364411E-4,0.999005719316469,1.2356400309445308E-4
5020.0,4.7231625525117963E-7,0.3059518047875396,0.6940477228962052
6451.0,5.401209155244755E-7,0.985542843176676,0.014456616702408514
5693.0,0.011611178232251098,0.4670166192712535,0.5213722024964954
5934.0,0.0019511558250570554,0.997599781042705,4.4906313223785617E-4
