6393.0,0.048542093189785605,0.5110339548532149,0.4404239519569995
6135.0,0.04213251370168229,0.5138128159383683,0.4440546703599494
5860.0,0.023286408472004694,0.43290797533474557,0.5438056161932497
6634.0,0.36748451817179273,0.5943523164779112,0.038163165350296055
4933.0,0.025441118318234316,0.4628068488911892,0.5117520327905766
5585.0,0.02326295610604669,0.7773946198210959,0.19934242407285735
5897.0,0.3597368364242899,0.6128450304473253,0.027418133128384748
6151.0,0.010506130876103893,0.4565458523167632,0.5329480168071329
6420.0,0.6591395275498135,0.33420026395088165,0.006660208499304835
5658.0,0.6585648599055269,0.33612080296043534,0.0053143371340377416
5180.0,0.4442970852262962,0.5381942062568903,0.01750870851681341
5051.0,0.019661602567547874,0.8609748768392695,0.1193635205931825
5423.0,0.04213251370168229,0.5138128159383683,0.4440546703599494
6689.0,0.6720122758925028,0.319675369766463,0.008312354341034141
6166.0,0.07727249676366496,0.8836816011844908,0.03904590205184421
5912.0,0.04548293353426447,0.9054525085611717,0.04906455790456398
5643.0,0.010506130841587667,0.45654585110603507,0.5329480180523772
6405.0,0.017742018027047786,0.5054190602002933,0.4768389217726589
5034.0,0.03911945968439951,0.8831963599010664,0.07768418041453413
5165.0,0.023768455032371263,0.8854302210517941,0.09080132391583445
6704.0,0.3684900745998664,0.6107007280824078,0.020809197317725764
5438.0,0.6483348808434777,0.34336432261145877,0.008300796545063535
6118.0,0.025516339539074968,0.8890179342723148,0.08546572618861023
6376.0,0.01571287833416359,0.5069445618392567,0.4773425598265797
6651.0,0.443567749079569,0.5388826503386072,0.017549600581823796
5877.0,0.09619509532276466,0.8224152174845943,0.08138968719264097
5331.0,0.04494031956159964,0.8696002148337626,0.08545946560463782
4948.0,0.017207116008814347,0.5006800241823754,0.48211285980881013
5568.0,0.019552510766191453,0.560151633468396,0.42029585576541245
5673.0,0.061061573764974904,0.9068343017623899,0.032104124472635207
5946.0,0.658564859813964,0.33612080304803266,0.00531433713800338
6196.0,0.3800491455590524,0.5948591625902494,0.025091691850698192
5404.0,0.6783832019853041,0.31309028486081136,0.008526513153884604
5000.0,0.6483348808434796,0.3433643226114569,0.008300796545063457
5135.0,0.021581587384620394,0.5307632893386367,0.44765512327674284
5847.0,0.7012730826589325,0.2880661476033994,0.010660769737668068
6617.0,0.37008800027827266,0.6015553546819854,0.028356645039741963
6346.0,0.16067005357045244,0.8070720437040075,0.03225790272554011
6084.0,0.6783860337583087,0.31308756037374325,0.008526405867948
5602.0,0.7083890827030274,0.2815202668277414,0.010090650469231315
5361.0,0.7076364372366347,0.28200602631403354,0.010357536449331867
4982.0,0.06027540925014621,0.8652534468729206,0.07447114387693321
6600.0,0.43104308604688707,0.5526863207355251,0.016270593217587746
5830.0,0.016216920660623146,0.4793998458012288,0.504383233538148
6101.0,0.04552136549463884,0.8695171033685308,0.0849615311368303
6363.0,0.03162883353747748,0.4849690637067371,0.48340210275578543
5619.0,0.381801069005083,0.5930228201043188,0.02517611089059816
4967.0,0.36849007461104794,0.6107007280720034,0.02080919731694866
5344.0,0.6539909797420536,0.33644290150622497,0.009566118751721527
5688.0,0.028808448193567867,0.5327212876724593,0.43847026413397294
6454.0,0.6483348808434728,0.3433643226114634,0.008300796545063747
6181.0,0.028778340236119828,0.877408141958107,0.0938135178057733
5931.0,0.04559154207951707,0.9054776779637725,0.04893077995671044
6659.0,0.015984039626172234,0.43935436830414787,0.5446615920696799
5389.0,0.01344987153908744,0.46179877770362937,0.5247513507572832
5150.0,0.36849007461104794,0.6107007280720034,0.02080919731694866
5017.0,0.4195772648680678,0.5550214525774885,0.025401282554443638
5068.0,0.02178139091675938,0.8702002505128643,0.1080183585703763
5195.0,0.012320310702901252,0.43349963637682326,0.5541800529202755
5464.0,0.5781461096825086,0.40848279851195274,0.01337109180553863
6742.0,0.012320210677368477,0.43349665119980996,0.5541831381228216
6014.0,0.026594681452120336,0.53073704906301,0.44266826948486965
6256.0,0.722052509021315,0.2706024576189656,0.007345033359719392
6499.0,0.026594681758036337,0.5307370536444592,0.4426682645975045
5741.0,0.012320210677368484,0.43349665119980996,0.5541831381228216
5301.0,0.3564588701937864,0.6158630809859609,0.02767804882025274
5542.0,0.3700879996727252,0.601555355234076,0.028356645093198712
6286.0,0.37008800027832145,0.601555354681941,0.028356645039737654
6016.0,0.04477274517132473,0.47504537868538615,0.48018187614328905
5779.0,0.0301371137672922,0.8514793553440804,0.11838353088862753
6557.0,0.01573296441721298,0.5070032530704185,0.4772637825123686
5284.0,0.740651993144303,0.25615719778881935,0.0031908090668776945
5559.0,0.048542093189785605,0.5110339548532149,0.4404239519569995
6033.0,0.03165999902371145,0.9087821795781794,0.059557821398109057
6303.0,0.7406519930188032,0.2561571979114342,0.0031908090697625696
6540.0,0.045386938380200956,0.9207633202192904,0.03384974140050849
5762.0,0.04025219949604043,0.43427951453343483,0.5254682859705246
5210.0,0.044940319639209365,0.8696002148231996,0.08545946553759103
5085.0,0.707636437193426,0.28200602635582134,0.010357536450752604
6727.0,0.04872415450040071,0.8417222159922806,0.10955362950731856
5449.0,0.02593817731791122,0.8846387037013943,0.08942311898069434
6241.0,0.7076364365427696,0.2820060269850834,0.010357536472146834
5999.0,0.026594681452120336,0.53073704906301,0.44266826948486965
5756.0,0.04213251370159721,0.5138128159381733,0.44405467036022944
6514.0,0.08181906978603186,0.871318634435909,0.04686229577805911
5254.0,0.35973683648117927,0.612845030394928,0.027418133123892796
5792.0,0.04213251370168229,0.5138128159383683,0.4440546703599494
6574.0,0.025516480363212395,0.8890179192191765,0.08546560041761105
6333.0,0.012320210677368484,0.43349665119980996,0.5541831381228216
6067.0,0.37008800027831973,0.6015553546819425,0.02835664503973781
5483.0,0.07258844780634575,0.8800688714688804,0.04734268072477394
6757.0,0.023770178222756778,0.8855321745044267,0.0906976472728164
5240.0,0.7307642081773248,0.26588578549659503,0.003350006326080158
5119.0,0.028808491499176,0.5327221467537987,0.4384693617470254
6480.0,0.025516339539075127,0.8890179342723152,0.08546572618860962
5726.0,0.012320210677368477,0.43349665119980996,0.5541831381228216
5965.0,0.0772724967636656,0.8836816011844902,0.03904590205184412
6772.0,0.01598403962886907,0.4393543683357632,0.5446615920353677
5498.0,0.017742018031590936,0.5054190603358785,0.47683892163253055
5102.0,0.03163036726214648,0.4849990726826107,0.4833705600552428
5225.0,0.06711696007113141,0.8569915405142416,0.07589149941462678
5711.0,0.026594681452120336,0.53073704906301,0.44266826948486965
6465.0,0.6483348808434796,0.3433643226114569,0.008300796545063457
6226.0,0.031659974703412204,0.908782196204572,0.05955782909201584
5980.0,0.01344987153908744,0.46179877770362937,0.5247513507572832
5508.0,0.07851517575880729,0.7333770657779907,0.18810775846320205
6794.0,0.3782127311206913,0.5965918034079274,0.02519546547138141
5271.0,0.04854209731105558,0.5110340120809728,0.44042389060797155
6591.0,0.33484609193684983,0.6357050673141809,0.029448840748969324
5809.0,0.016216920700579836,0.4793998466720264,0.5043832326273938
6050.0,0.03285424762793102,0.8796628599521861,0.08748289241988287
6316.0,0.027038406350919697,0.8078778774020816,0.16508371624699858
6150.0,0.03285381165227793,0.8796628749767552,0.08748331337096682
5896.0,0.05934712094383034,0.8630914118991125,0.07756146715705711
5659.0,0.016216920660623146,0.4793998458012288,0.504383233538148
6421.0,0.012320210677368484,0.43349665119980996,0.5541831381228216
5181.0,0.6584893226753286,0.3361930678711485,0.005317609453522921
5050.0,0.012320210905054425,0.4334966514639939,0.5541831376309516
6688.0,0.36748451817179273,0.5943523164779112,0.038163165350296055
5422.0,0.41957712924274815,0.5550215709684876,0.02540129978876434
6134.0,0.016216920660623146,0.4793998458012288,0.504383233538148
6392.0,0.010506130841587667,0.45654585110603507,0.5329480180523772
6635.0,0.7076354978799485,0.282006934783744,0.01035756733630746
5861.0,0.012536135392475424,0.43992698807873243,0.5475368765287921
4932.0,0.036869666784192574,0.4829387866243959,0.48019154659141156
5315.0,0.07727249676366496,0.8836816011844908,0.03904590205184421
6377.0,0.36852053866540146,0.6106711289907075,0.02080833234389099
6119.0,0.36789519723724123,0.5940380225216451,0.03806678024111371
5876.0,0.03162883353747748,0.4849690637067371,0.48340210275578543
6650.0,0.05254947207879871,0.9099728430100886,0.03747768491111259
5330.0,0.017742018027047786,0.5054190602002933,0.4768389217726589
4949.0,0.41957726764617326,0.5550214501524057,0.025401282201421033
5569.0,0.3445062427556554,0.6243781874424226,0.03111556980192207
5913.0,0.6199170305492917,0.3705357868051714,0.009547182645536903
6167.0,0.042143289863502756,0.5139381185286934,0.44391859160780395
6404.0,0.7092995690428533,0.28602668218970173,0.004673748767444961
5642.0,0.7092995690348122,0.2860266821974602,0.004673748767727586
5035.0,0.01571287833416359,0.5069445618392567,0.4773425598265797
5164.0,0.07669717610190953,0.8794140787708309,0.043888745127259696
5439.0,0.015984039626175527,0.43935436830421376,0.5446615920696107
6616.0,0.41957712924274815,0.5550215709684876,0.02540129978876434
5846.0,0.6259463923677254,0.36580814735778766,0.008245460274486908
6085.0,0.017742018027062347,0.5054190602007371,0.4768389217722005
6347.0,0.722052509021315,0.2706024576189656,0.007345033359719392
5603.0,0.024258600269755914,0.47169438170234645,0.5040470180278976
5360.0,0.026594681452120336,0.53073704906301,0.44266826948486965
4983.0,0.015712878338528004,0.5069445619907461,0.47734255967072586
5672.0,0.7220524992188635,0.2706024671086787,0.007345033672457832
6438.0,0.023771716986616037,0.8855315481598869,0.09069673485349712
6197.0,0.6783860413097224,0.31308755310842334,0.008526405581854232
5947.0,0.021454859310796884,0.5403481381809979,0.4381970025082052
6675.0,0.02544111834466614,0.46280684907894465,0.5117520325763892
5405.0,0.01344987153908744,0.46179877770362937,0.5247513507572832
5001.0,0.6604225863119666,0.3307927138372786,0.008784699850754854
5134.0,0.6721032038588235,0.3195892212609114,0.008307574880265022
5689.0,0.0287783402347571,0.8774081419706226,0.09381351779462024
5930.0,0.04537616081848213,0.9195713125660819,0.035052526615435904
6180.0,0.017742018027047786,0.5054190602002933,0.4768389217726589
5388.0,0.01609805649951547,0.439374404503333,0.5445275389971515
5151.0,0.023769331515733155,0.8854820700843132,0.09074859839995357
5016.0,0.01571287833416359,0.5069445618392567,0.4773425598265797
5831.0,0.02811526406843197,0.5772598096728825,0.39462492625868556
6601.0,0.7083890827389879,0.28152026679322567,0.010090650467786379
6362.0,0.7092912278299051,0.28603482563771615,0.00467394653237888
6100.0,0.7406519931443307,0.2561571977887921,0.0031908090668771563
5618.0,0.048542093189787944,0.5110339548532503,0.4404239519569617
4966.0,0.43104303994682197,0.5526863642142688,0.01627059583890927
5345.0,0.021598754491178252,0.8705991641229052,0.10780208138591661
5300.0,0.36849007461104794,0.6107007280720034,0.02080919731694866
5543.0,0.04178968953894846,0.5879356357062732,0.3702746747547783
6017.0,0.01966160256734225,0.8609748768382673,0.11936352059439047
6287.0,0.6783825884186393,0.3130908578667358,0.008526553714624952
6556.0,0.026594681452120336,0.53073704906301,0.44266826948486965
5778.0,0.031850131182624725,0.9040807377145018,0.06406913110287345
5069.0,0.06317594552266428,0.8460180943534855,0.09080596012385016
5194.0,0.6783860413097224,0.31308755310842334,0.008526405581854232
6743.0,0.36849007461104794,0.6107007280720034,0.02080919731694866
5465.0,0.3700880002783221,0.6015553546819403,0.02835664503973759
6257.0,0.02551633953768209,0.8890179341924984,0.08546572626981952
6015.0,0.4310430858073432,0.5526863209612219,0.0162705932314348
6498.0,0.026264988770553156,0.44223237062405346,0.5315026406053934
5211.0,0.10130857294211668,0.8394045535196333,0.05928687353825009
5084.0,0.012320210677406063,0.433496651200827,0.5541831381217669
5448.0,0.028808448193567867,0.5327212876724593,0.4384702641339729
6726.0,0.032107150999474185,0.4943739307427176,0.47351891825780834
5998.0,0.3699320730067546,0.6016975139419685,0.028370413051276883
6240.0,0.048542093189796694,0.5110339548533688,0.4404239519568346
6515.0,0.03285381165227793,0.8796628749767552,0.08748331337096682
5757.0,0.4424963109418332,0.5484806981651054,0.009022990893061357
5285.0,0.04025219949604043,0.43427951453343483,0.5254682859705246
5558.0,0.028808448193567867,0.5327212876724593,0.4384702641339729
6032.0,0.4310430860468614,0.5526863207355494,0.01627059321758921
5763.0,0.021598415724813854,0.8706051649843072,0.1077964192908789
6541.0,0.021581587384543913,0.5307632893402825,0.4476551232751736
5482.0,0.36748451817179273,0.5943523164779112,0.038163165350296055
5241.0,0.08181906978603186,0.871318634435909,0.04686229577805911
5118.0,0.6483246529295145,0.3433741199001222,0.008301227170363332
6481.0,0.026594681452120336,0.53073704906301,0.44266826948486965
6210.0,0.03285381165227793,0.8796628749767552,0.08748331337096682
5964.0,0.722052509021315,0.2706024576189656,0.007345033359719392
5524.0,0.029118304939853387,0.898390123667204,0.07249157139294256
5255.0,0.36748451817179273,0.5943523164779112,0.038163165350296055
6575.0,0.36849007458117594,0.6107007280981926,0.020809197320631447
6066.0,0.04854209319259497,0.5110339548922255,0.4404239519151795
6332.0,0.3700880002782632,0.6015553546819938,0.028356645039742796
6795.0,0.35973683648117927,0.612845030394928,0.027418133123892796
5509.0,0.05254946995881783,0.9099728208065859,0.03747770923459623
5270.0,0.4424928353361637,0.548484020563591,0.00902314410024532
5808.0,0.021581587384768702,0.5307632893415971,0.4476551232736341
6317.0,0.43104308604688774,0.5526863207355246,0.016270593217587715
6051.0,0.04872408797131812,0.841721841708336,0.10955407032034585
5499.0,0.01774208624622858,0.5054211393746623,0.47683677437910915
6773.0,0.016216920660623146,0.4793998458012288,0.504383233538148
5103.0,0.052549175792035295,0.9099695768847228,0.037481247323241804
5224.0,0.010506130841587667,0.45654585110603507,0.5329480180523772
6464.0,0.6783860413097224,0.31308755310842334,0.008526405581854232
5710.0,0.025441118318234417,0.4628068488911919,0.5117520327905737
5981.0,0.024258607044880007,0.47169451532069867,0.5040468776344214
6227.0,0.37021877895956373,0.6014369536060181,0.02834426743441807
5641.0,0.02159621236764554,0.8706749708255948,0.10772881680675976
6407.0,0.03223748339003286,0.5251653099829885,0.4425972066269787
6164.0,0.672103203442276,0.31958922166062903,0.008307574897094994
5914.0,0.07202045258405906,0.8811651626992085,0.04681438471673241
6706.0,0.35973683648117927,0.612845030394928,0.027418133123892796
5436.0,0.08181906978709641,0.871318634435162,0.04686229577774155
5032.0,0.01621692066062352,0.47939984580122913,0.5043832335381474
5167.0,0.010506135512741346,0.45654605547133925,0.5329478090159194
6649.0,0.7092995690428533,0.28602668218970173,0.004673748767444961
5879.0,0.6482896022617183,0.34593689445568165,0.0057735032826001
6116.0,0.03128967385657652,0.508908408789492,0.4598019173539315
6378.0,0.709299541082896,0.28602670916694584,0.004673749750158277
5329.0,0.7055209890561815,0.28967125190053833,0.004807759043280235
4950.0,0.6783860413097224,0.31308755310842334,0.008526405581854232
5862.0,0.028808448193317206,0.5327212876721271,0.43847026413455575
6632.0,0.3674845181132992,0.5943523165315442,0.03816316535515663
6395.0,0.7092995690428533,0.28602668218970173,0.004673748767444961
6133.0,0.013450196025308421,0.46179952446824446,0.5247502795064471
5587.0,0.024689994663573,0.8471990638200946,0.1281109415163324
4935.0,0.028778340234755215,0.877408141970622,0.09381351779462278
5312.0,0.3700880002783227,0.6015553546819398,0.02835664503973752
6422.0,0.3684900746110484,0.610700728072003,0.020809197316948642
5656.0,0.03162883353747748,0.4849690637067371,0.48340210275578543
5899.0,0.01344987153908744,0.46179877770362937,0.5247513507572832
6149.0,0.019661602533113914,0.8609748752928542,0.11936352217403196
5421.0,0.6912259885217327,0.2979893192697952,0.010784692208472085
5182.0,0.04872801995192623,0.8417246158600991,0.10954736418797466
5049.0,0.023286408472004663,0.4329079753347449,0.5438056161932504
6103.0,0.010506488845557299,0.4565615139938563,0.5329319971605864
6361.0,0.02158158738454388,0.5307632893402833,0.4476551232751728
6602.0,0.031659974703412204,0.908782196204572,0.05955782909201584
5828.0,0.7076364372350938,0.2820060263155236,0.010357536449382523
4965.0,0.4442970852265881,0.5381942062566107,0.017508708516801127
5346.0,0.04559154207951707,0.9054776779637725,0.04893077995671044
5617.0,0.37008800027832284,0.6015553546819397,0.028356645039737536
6183.0,0.025441118318234316,0.4628068488911892,0.5117520327905766
5929.0,0.7307642081773248,0.26588578549659503,0.003350006326080158
5690.0,0.0162169206606527,0.4793998458018727,0.5043832335374745
6452.0,0.010506130841629296,0.45654585110745477,0.532948018050916
5148.0,0.08181906978603186,0.871318634435909,0.04686229577805911
5019.0,0.0487304440885699,0.8417261205184587,0.10954343539297125
6657.0,0.026264988770553156,0.44223237062405346,0.5315026406053934
5391.0,0.03911970031684711,0.8831815462901309,0.07769875339302203
5944.0,0.01253048670760145,0.4397591361428467,0.5477103771495518
6198.0,0.07281982855343844,0.8807969595772254,0.04638321186933625
6437.0,0.6541210953718817,0.33628004684729557,0.009598857780822773
5675.0,0.6585648599046049,0.33612080296133506,0.005314337134059968
5002.0,0.0162169206606242,0.4793998458012473,0.5043832335381285
5133.0,0.048542093189785605,0.5110339548532149,0.4404239519569995
5406.0,0.07727249676366496,0.8836816011844908,0.03904590205184421
6672.0,0.023286410360785555,0.4329080091552369,0.5438055804839774
6344.0,0.02880844819356798,0.5327212876724614,0.43847026413397067
6086.0,0.021581587398030875,0.5307632890431697,0.4476551235587995
5845.0,0.6773667697086456,0.31799947003985285,0.0046337602515016
6619.0,0.02425860026976777,0.47169438170185507,0.504047018028377
5363.0,0.01598403979627562,0.4393543709338657,0.5446615892698586
4980.0,0.7092995686321335,0.28602668259068376,0.004673748777182792
5600.0,0.3674845435980638,0.5943522971492873,0.0381631592526489
5557.0,0.3371635492585859,0.6301162026457374,0.03272024809567669
5286.0,0.04025219949604043,0.43427951453343483,0.5254682859705246
6542.0,0.025516339539074968,0.8890179342723148,0.08546572618861023
5760.0,0.25709538999649584,0.71263346024475,0.030271149758754064
6035.0,0.6483348808434796,0.3433643226114569,0.008300796545063457
6301.0,0.1013086250354711,0.8394045703183389,0.05928680464619
6725.0,0.43606060545173647,0.5546285892955539,0.009310805252709563
5451.0,0.03911946055173331,0.883196306524189,0.07768423292407771
5208.0,0.04559154207951707,0.9054776779637725,0.04893077995671044
5087.0,0.02158158738499737,0.5307632893428543,0.4476551232721483
5758.0,0.35973683648117505,0.6128450303949319,0.02741813312389314
6512.0,0.2935045423436676,0.6561264127797057,0.05036904487662669
6243.0,0.37008800027832284,0.6015553546819397,0.028356645039737536
5997.0,0.03128967385657652,0.508908408789492,0.4598019173539315
5466.0,0.7220524957385329,0.2706024704779725,0.007345033783494668
6740.0,0.36726107541918956,0.5945571868103653,0.03818173777044519
5070.0,0.042132513713821054,0.5138128160795172,0.44405467020666173
5193.0,0.36849012383367774,0.6107006802461473,0.02080919592017495
6497.0,0.6721032038583047,0.3195892212614093,0.008307574880285985
5743.0,0.028787830829007682,0.8774109083977086,0.09380126077328353
6012.0,0.01346790167289347,0.46227494029990696,0.5242571580271996
6258.0,0.010789326841561598,0.46893799481033244,0.520272678348106
5540.0,0.025516339534447163,0.889017934007863,0.08546572645768977
5303.0,0.04559154207951707,0.9054776779637725,0.04893077995671044
5777.0,0.7406519931443307,0.2561571977887921,0.0031908090668771563
6559.0,0.026264988770553156,0.44223237062405346,0.5315026406053934
6284.0,0.039126892665707576,0.8831517416981403,0.07772136563615227
6018.0,0.07727249676366496,0.8836816011844908,0.03904590205184421
5100.0,0.1013086250354711,0.8394045703183389,0.05928680464619
5227.0,0.012320210677368484,0.43349665119980996,0.5541831381228216
6774.0,0.012320210677406379,0.43349665120094105,0.5541831381216525
5496.0,0.023770178222975395,0.8855321745169261,0.09069764726009859
6224.0,0.028808448193568186,0.5327212876724658,0.438470264133966
5982.0,0.6721032038588229,0.3195892212609121,0.008307574880265052
5709.0,0.09875710621891046,0.8387281608271737,0.0625147329539158
6467.0,0.023855223357029557,0.8855809268005226,0.09056384984244777
5269.0,0.01571287833416359,0.5069445618392567,0.4773425598265797
6792.0,0.02158158738454388,0.5307632893402833,0.4476551232751728
6048.0,0.6585637770740991,0.3361218388935509,0.005314384032350076
6318.0,0.048724154499737486,0.84172221598855,0.1095536295117125
6589.0,0.0487324229339056,0.841728026579222,0.10953955048687246
5811.0,0.6483348808430652,0.34336432261185823,0.008300796545076561
5252.0,0.012320212142285661,0.43349665289955314,0.5541831349581612
5527.0,0.709299569033941,0.28602668219830085,0.004673748767758205
6335.0,0.03285381165227793,0.8796628749767552,0.08748331337096682
6065.0,0.05254946968219724,0.9099728165915848,0.03747771372621789
5794.0,0.36748451817179273,0.5943523164779112,0.038163165350296055
6572.0,0.43103831480012433,0.5526906163377079,0.016271068862167698
5242.0,0.026594681452120336,0.53073704906301,0.44266826948486965
5117.0,0.04872415450040066,0.8417222159922808,0.10955362950731866
5481.0,0.10130861858489036,0.8394045682457972,0.05928681316931244
5967.0,0.6721032038490143,0.31958922127032435,0.008307574880661354
6209.0,0.37008800027832167,0.6015553546819407,0.028356645039737637
6482.0,0.36748451817179273,0.5943523164779112,0.038163165350296055
5724.0,0.030137436656251498,0.8514842679144026,0.11837829542934593
6648.0,0.031659974703412204,0.908782196204572,0.05955782909201584
6379.0,0.021596215792776798,0.870675023531935,0.10772876067528812
6117.0,0.07281982855343841,0.8807969595772254,0.04638321186933625
5571.0,0.37008800027832284,0.6015553546819397,0.028356645039737536
5328.0,0.028808448193567867,0.5327212876724593,0.4384702641339729
4951.0,0.01571287833416359,0.5069445618392567,0.4773425598265797
6406.0,0.010506130841587667,0.45654585110603507,0.5329480180523772
5640.0,0.7092995690394021,0.2860266821930317,0.0046737487675662685
5915.0,0.3797287860040882,0.5949520224352656,0.02531919156064624
6165.0,0.722052509021315,0.2706024576189656,0.007345033359719392
5437.0,0.44249713205170477,0.5484799132499971,0.009022954698298094
6707.0,0.045508142089198636,0.9036139234649293,0.05087793444587217
5033.0,0.0242586002700172,0.4716943817067744,0.5040470180232083
5166.0,0.013449873827332025,0.4617988616924425,0.5247512644802255
5657.0,0.7076364372366607,0.28200602631400823,0.010357536449331007
6148.0,0.03128967385657652,0.508908408789492,0.4598019173539315
5898.0,0.015984039626172224,0.43935436830414787,0.5446615920696799
6690.0,0.1013086250354711,0.8394045703183389,0.05928680464619
5420.0,0.08181906976580341,0.8713186344435968,0.046862295790599785
5183.0,0.028808448193567867,0.5327212876724593,0.4384702641339729
5048.0,0.04494030252904127,0.8696001152217658,0.0854595822491929
6633.0,0.03128967385657652,0.508908408789492,0.4598019173539315
5863.0,0.35973683648117927,0.612845030394928,0.027418133123892796
6132.0,0.045386938380200956,0.9207633202192904,0.03384974140050849
6394.0,0.028808448193621907,0.5327212876735313,0.43847026413284673
5586.0,0.017742018027047786,0.5054190602002933,0.4768389217726589
4934.0,0.031628841351026504,0.4849692165848721,0.48340194206410136
5313.0,0.3700879935910724,0.6015553607788505,0.028356645630077015
5928.0,0.7083890827389911,0.2815202667932226,0.010090650467786252
6182.0,0.03128967385657652,0.508908408789492,0.4598019173539315
6453.0,0.015997635186151504,0.4393536708564022,0.5446486939574463
5691.0,0.026594681452120336,0.53073704906301,0.44266826948486965
5149.0,0.028819249539320347,0.532935567836042,0.4382451826246377
5018.0,0.6783860413097019,0.313087553108443,0.008526405581855119
5390.0,0.4195771291559089,0.5550215710492115,0.025401299794879716
6656.0,0.3700880002793723,0.6015553546809895,0.028356645039638195
6360.0,0.056275519822398645,0.8724857632787493,0.07123871689885217
6102.0,0.019661621694131565,0.8609749774358512,0.1193634008700172
5829.0,0.012320213039965857,0.43349671513348126,0.5541830718265529
6603.0,0.38004598439654336,0.5948621471570895,0.02509186844636712
4964.0,0.03128965145632686,0.5089084072647567,0.4598019412789164
5347.0,0.01344987153908744,0.46179877770362937,0.5247513507572832
5616.0,0.05895941096421889,0.675508740726881,0.2655318483089001
6087.0,0.010506130841587667,0.45654585110603507,0.5329480180523772
6345.0,0.028808448193567867,0.5327212876724593,0.4384702641339729
5844.0,0.048542093189785605,0.5110339548532149,0.4404239519569995
5362.0,0.6585648599056059,0.3361208029603598,0.005314337134034314
4981.0,0.05254947204768293,0.9099728426671029,0.037477685285214134
5601.0,0.04872405330037994,0.8417216466535639,0.10955430004605615
5945.0,0.02626498877054592,0.44223237062405135,0.5315026406054028
5674.0,0.026264988770553156,0.44223237062405346,0.5315026406053934
6436.0,0.26691567497092555,0.7039638554864598,0.0291204695426148
5003.0,0.41957712924274815,0.5550215709684876,0.02540129978876434
5132.0,0.3836187859243894,0.5914767534280151,0.024904460647595356
6673.0,0.07281536864203263,0.8807823781787242,0.04640225317924331
5407.0,0.3800491455624118,0.5948591625870776,0.02509169185051055
5450.0,0.01344987153908744,0.46179877770362937,0.5247513507572832
6724.0,0.7083890827389911,0.2815202667932226,0.010090650467786252
5209.0,0.04872415449736062,0.8417222159751778,0.10955362952746153
5086.0,0.02328640847200282,0.4329079753347542,0.5438056161932429
6513.0,0.7092995690428533,0.28602668218970173,0.004673748767444961
5759.0,0.43096595213628164,0.5594894198866959,0.009544627977022537
5996.0,0.02159621079813782,0.8706750205277541,0.107728768674108
6242.0,0.7405274300174396,0.2562793603128298,0.0031932096697306943
5556.0,0.41957712924274815,0.5550215709684876,0.02540129978876434
5287.0,0.7080348689656445,0.28186024596003556,0.01010488507431988
5761.0,0.35973683648117927,0.612845030394928,0.027418133123892796
6543.0,0.7092995605547646,0.28602669047654494,0.0046737489686904865
6300.0,0.6483344936402201,0.3433646943972603,0.008300811962519503
6034.0,0.7220524707746301,0.2706024946454242,0.007345034579945657
5541.0,0.023770178229326804,0.8855321745205968,0.09069764725007629
5302.0,0.024258600269767772,0.4716943817018552,0.5040470180283769
6558.0,0.024258600269964566,0.47169438170573635,0.5040470180242991
5776.0,0.04854209318978817,0.5110339548532509,0.44042395195696094
6019.0,0.6458142436679609,0.3482973209314716,0.005888435400567541
6285.0,0.43104308604688774,0.5526863207355246,0.016270593217587715
5467.0,0.36748451817179273,0.5943523164779112,0.038163165350296055
5071.0,0.3597368364818173,0.6128450303943547,0.027418133123828035
5192.0,0.41957712924273954,0.5550215709684955,0.02540129978876494
5742.0,0.03013743665625149,0.8514842679144026,0.11837829542934594
6259.0,0.01621829457441871,0.47942978765986555,0.5043519177657159
6013.0,0.01646340388116518,0.4847529232162862,0.4987836729025487
5268.0,0.7076361577157148,0.28200629215487216,0.010357550129412934
6793.0,0.08181906978603186,0.871318634435909,0.04686229577805911
5511.0,0.7406519931442384,0.25615719778888235,0.003190809066879278
6319.0,0.46339519013470354,0.5180410951179037,0.01856371474739281
5810.0,0.370088000278322,0.6015553546819403,0.0283566450397376
5101.0,0.04494031956159964,0.8696002148337626,0.08545946560463782
5226.0,0.030137436656247064,0.8514842679143353,0.11837829542941761
5497.0,0.36891510722068127,0.6026245361766092,0.02846035660270959
6775.0,0.016383726218695435,0.4794899338179143,0.5041263399633903
5983.0,0.4310389780744511,0.5526901951208943,0.01627082680465454
6225.0,0.03911945967593325,0.883196360037785,0.0776841802862816
6466.0,0.015984039626172224,0.43935436830414787,0.5446615920696799
5708.0,0.031659974703412204,0.908782196204572,0.05955782909201584
5116.0,0.3800491455624118,0.5948591625870776,0.02509169185051055
6758.0,0.5527531498689664,0.4305312451437798,0.016715604987253833
5480.0,0.025444993253863183,0.4629091800002025,0.5116458267459343
6208.0,0.6483348774105624,0.3433643259363998,0.008300796653037828
5966.0,0.023770178216806534,0.8855321741522559,0.09069764763093756
5725.0,0.016986319626502794,0.47988616593278244,0.5031275144407148
6483.0,0.3674845213267828,0.5943523140643227,0.03816316460889452
5253.0,0.03043295971091237,0.5355782152773408,0.4339888250117467
5526.0,0.038988324038616844,0.8069197375377325,0.15409193842365074
6808.0,0.012320222840579473,0.4334966653127731,0.5541831118466475
6064.0,0.37008800027832284,0.6015553546819397,0.028356645039737536
6334.0,0.7220063383701774,0.27064715520349414,0.007346506426328505
6573.0,0.3878458303995348,0.5918979492679549,0.020256220332510226
5795.0,0.3700880002751083,0.6015553546848654,0.028356645040026225
5400.0,0.03285394835120116,0.8796578615368028,0.08748819011199602
6678.0,0.4442970852262962,0.5381942062568903,0.017508708516813402
5004.0,0.35973683648126514,0.6128450303948508,0.027418133123884084
5131.0,0.04213251370168229,0.5138128159383683,0.4440546703599494
6435.0,0.031659974703412204,0.908782196204572,0.05955782909201584
5677.0,0.12880255579951794,0.8279418224973932,0.04325562170308882
5950.0,0.026594681452120336,0.53073704906301,0.44266826948486965
6192.0,0.02377017822296801,0.8855321745169289,0.09069764726010311
5606.0,0.024258600269965663,0.4716943817057581,0.5040470180242762
5365.0,0.02425860026975521,0.47169438170213246,0.5040470180281122
4978.0,0.6585648597452335,0.3361208031137863,0.005314337140980148
5843.0,0.013465959934895064,0.46238934170952034,0.5241446983555846
6621.0,0.697508845972165,0.2918012108360343,0.010689943191800713
6350.0,0.37008800027832284,0.6015553546819397,0.028356645039737536
6080.0,0.44429708522433675,0.53819420625874,0.017508708516923162
5623.0,0.04753625302825813,0.8347979614228718,0.11766578554887008
4963.0,0.6721032038588235,0.3195892212609114,0.008307574880265022
5348.0,0.41957712924274815,0.5550215709684876,0.02540129978876434
6604.0,0.37008800027832284,0.6015553546819397,0.028356645039737536
5826.0,0.026265011283674033,0.44223285038820315,0.5315021383281229
6097.0,0.06910952812344404,0.8824511190549242,0.04843935282163167
6367.0,0.43104308604688774,0.5526863207355246,0.016270593217587715
5385.0,0.04025219946370736,0.4342795145429759,0.5254682859933167
5146.0,0.019639069633261702,0.8599524004500483,0.12040852991669007
5021.0,0.7076364372366607,0.28200602631400823,0.010357536449331007
5692.0,0.03686966678425286,0.48293878662439316,0.480191546591354
6450.0,0.722052509019417,0.27060245762080304,0.007345033359779942
6177.0,0.013462679694166882,0.4622689246526249,0.5242683956532083
5935.0,0.02158158746930877,0.530763287472942,0.44765512505774924
4929.0,0.03166007292579238,0.908779903846896,0.059560023227311645
5318.0,0.10130712104298989,0.839400218036836,0.059292660920174045
5589.0,0.7076364372366607,0.28200602631400823,0.010357536449331007
6131.0,0.0485420931897852,0.5110339548532151,0.4404239519569997
5856.0,0.021596210798137852,0.8706750205277544,0.10772876867410795
6638.0,0.7307642055873725,0.2658857880448704,0.003350006367757111
5176.0,0.43553291728923904,0.5551323075287098,0.009334775182051053
5055.0,0.023286408472004663,0.4329079753347449,0.5438056161932504
5419.0,0.016216920660623194,0.4793998458012289,0.504383233538148
6693.0,0.7083888561695237,0.28152048426315374,0.010090659567322552
5901.0,0.37008800027832284,0.6015553546819397,0.028356645039737536
6147.0,0.01344987153908744,0.46179877770362937,0.5247513507572832
6416.0,0.03686966874350122,0.4829388089677186,0.4801915222887801
5662.0,0.04334379500931773,0.9113803058850632,0.045275899105618966
5038.0,0.6585646745836882,0.33612098025585596,0.005314345160455829
5161.0,0.1013086250354711,0.8394045703183389,0.05928680464619
6708.0,0.7220525090190794,0.27060245762113,0.0073450333597907215
5434.0,0.06789886356208433,0.860869731481394,0.07123140495652157
6162.0,0.026594681452120336,0.53073704906301,0.44266826948486965
5916.0,0.10127269424242218,0.8393004884846655,0.0594268172729123
5647.0,0.37008800027832284,0.6015553546819397,0.028356645039737536
6401.0,0.6721032038588235,0.3195892212609114,0.008307574880265022
5335.0,0.04213251370168229,0.5138128159383683,0.4440546703599494
4944.0,0.07727249676366496,0.8836816011844908,0.03904590205184421
5572.0,0.026265030716544947,0.4422332645153573,0.5315017047680977
6114.0,0.01571287833416359,0.5069445618392567,0.4773425598265797
6380.0,0.03128967385657652,0.508908408789492,0.4598019173539315
6655.0,0.4424971317176854,0.5484799135692929,0.009022954713021732
5873.0,0.012320210677368484,0.43349665119980996,0.5541831381228216
5796.0,0.6483348808434796,0.3433643226114569,0.008300796545063457
6570.0,0.04872415489555268,0.8417222162376424,0.10955362886680488
6329.0,0.7076364372366377,0.2820060263140306,0.010357536449331763
6071.0,0.36748451817179273,0.5943523164779112,0.038163165350296055
5521.0,0.36767740318449166,0.5942047312864408,0.03811786552906761
5250.0,0.021581587384544267,0.5307632893403054,0.4476551232751504
6484.0,0.7406519930801961,0.2561571978515095,0.0031908090682945256
5722.0,0.6704555296334388,0.32113895821452293,0.008405512152038214
5961.0,0.023286408472004663,0.4329079753347449,0.5438056161932504
6215.0,0.016159725234004378,0.522483387023081,0.4613568877429147
5487.0,0.02659468145212035,0.5307370490630102,0.4426682694848694
6753.0,0.012320210677368484,0.43349665119980996,0.5541831381228216
5244.0,0.02158158738454388,0.5307632893402833,0.4476551232751728
5115.0,0.028808448193567898,0.5327212876724601,0.4384702641339721
5707.0,0.048542093189785605,0.5110339548532149,0.4404239519569995
6469.0,0.3700879752766092,0.601555377476543,0.02835664724684787
6230.0,0.04213251370168229,0.5138128159383683,0.4440546703599494
5976.0,0.08181906978603186,0.871318634435909,0.04686229577805911
6768.0,0.012320210677368484,0.43349665119980996,0.5541831381228216
5502.0,0.6076984798443085,0.38046747424028327,0.011834045915408204
5098.0,0.025516339531383544,0.8890179284328942,0.08546573203572236
5229.0,0.04980868744401281,0.8424543957289146,0.10773691682707262
6587.0,0.6707900550106836,0.3208646405890209,0.008345304400295595
5813.0,0.6483348808434192,0.3433643226115148,0.008300796545065995
6054.0,0.04334412927852459,0.9113804024455594,0.045275468275916005
6312.0,0.04334412927852459,0.9113804024455594,0.045275468275916005
5504.0,0.02877833892539411,0.877408082453215,0.09381357862139084
6798.0,0.5723565212136014,0.42042088026280144,0.007222598523597204
5267.0,0.03687001361154957,0.4829427418483374,0.4801872445401131
6010.0,0.09373909639963023,0.7614268811557307,0.14483402244463903
6260.0,0.04873895386043408,0.8417266201092654,0.10953442603030053
6503.0,0.04872415450040066,0.8417222159922808,0.10955362950731866
5737.0,0.4140444416629589,0.5664581342159416,0.01949742412109949
5064.0,0.025441118318234316,0.4628068488911892,0.5117520327905766
5199.0,0.02892412558381621,0.5350168495756655,0.43605902484051834
5468.0,0.040252199547013326,0.4342795150002343,0.5254682854527524
6738.0,0.029994449793384805,0.8492963303081191,0.12070921989849619
6282.0,0.05254947207879871,0.9099728430100886,0.03747768491111259
6020.0,0.019661824773216926,0.8609751739463367,0.1193630012804464
6553.0,0.04854209318978964,0.511033954853271,0.44042395195693934
5297.0,0.6721032001656334,0.31958922480488383,0.008307575029482742
4918.0,0.031659974703412204,0.908782196204572,0.05955782909201584
5538.0,0.7066580136110746,0.2829522839987072,0.010389702390218216
6037.0,0.05118545314457476,0.8937862988729841,0.055028247982441096
6299.0,0.010506130841587667,0.45654585110603507,0.5329480180523772
6536.0,0.03686966678425286,0.48293878662439316,0.480191546591354
5766.0,0.7092995538955194,0.2860266968046497,0.004673749299830979
5280.0,0.02877834035406454,0.8774081419581865,0.09381351768774904
5555.0,0.039077367123299324,0.4346233331284444,0.5262992997482563
6245.0,0.02551633953909415,0.8890179342723152,0.08546572618859069
5995.0,0.708388871172172,0.28152046985908735,0.01009065896874063
5752.0,0.36748451817179273,0.5943523164779112,0.038163165350296055
6518.0,0.021596210803665923,0.8706750204128627,0.10772876878347136
5214.0,0.02260929643859386,0.8257796986823169,0.15161100487908927
5081.0,0.015712878398395188,0.5069445640687444,0.4773425575328604
6723.0,0.6783826371822183,0.31309081119517584,0.008526551622605799
5453.0,0.039176979053545315,0.8793443227167279,0.08147869822972677
5607.0,0.04494031956159964,0.8696002148337626,0.08545946560463782
5364.0,0.367418634366625,0.5944127253691733,0.03816864026420166
4979.0,0.044940319014440955,0.8696002116338009,0.08545946935175833
6620.0,0.010506130841587713,0.45654585110603635,0.5329480180523759
5842.0,0.01966160256734225,0.8609748768382673,0.11936352059439043
6081.0,0.028778340234755215,0.877408141970622,0.09381351779462278
6351.0,0.3544188186141505,0.6145328114471796,0.031048369938669922
6679.0,0.7076364372366607,0.28200602631400823,0.010357536449331007
5401.0,0.01051322921707572,0.4567488805020522,0.532737890280872
5005.0,0.030137436656251498,0.8514842679144026,0.11837829542934593
5130.0,0.04334412927851823,0.9113804024455331,0.045275468275948735
5676.0,0.36748451817179273,0.5943523164779112,0.038163165350296055
6434.0,0.4424971321068462,0.5484799131972861,0.009022954695867759
6193.0,0.06989054872853896,0.8609320998204524,0.0691773514510086
5951.0,0.7092995690428533,0.28602668218970173,0.004673748767444961
5384.0,0.015712878449612912,0.5069445647012522,0.47734255684913496
6662.0,0.3800491455624118,0.5948591625870776,0.02509169185051055
5147.0,0.032853811652278096,0.8796628749767552,0.08748331337096667
5020.0,0.0727156538404378,0.8857214822279083,0.04156286393165401
6451.0,0.3800491270450677,0.5948591800688025,0.025091692886129825
5693.0,0.060689231236869735,0.9097831822242849,0.029527586538845373
5934.0,0.3818010690504205,0.5930228200620338,0.02517611088754571
6176.0,0.04494022696260108,0.8695996732827858,0.08546009975461308
5622.0,0.36849007461104794,0.6107007280720034,0.02080919731694866
4962.0,0.6585648599056059,0.3361208029603598,0.005314337134034314
5349.0,0.11883012020189566,0.82229676247281,0.05887311732529451
6605.0,0.023745410459228535,0.8840735986691767,0.09218099087159481
6366.0,0.023286408472004656,0.4329079753347449,0.5438056161932504
6096.0,0.048542093189785605,0.5110339548532149,0.4404239519569995
5177.0,0.6783860413097224,0.31308755310842334,0.008526405581854232
5054.0,0.10110320413093392,0.8388065776875643,0.06009021818150191
6692.0,0.039119459681945384,0.8831963600522682,0.07768418026578634
5418.0,0.025516325052104858,0.8890171059930645,0.08546656895483072
6146.0,0.023736778546369547,0.4409670791207725,0.535296142332858
5900.0,0.042132524529386074,0.5138129418419249,0.44405453362868896
5663.0,0.38180106905034294,0.5930228200621062,0.025176110887550927
6417.0,0.6713086238973187,0.320351667520981,0.008339708581700207
4928.0,0.023286408449874212,0.4329079753658323,0.5438056161842935
5319.0,0.41957712924274815,0.5550215709684876,0.02540129978876434
5588.0,0.015984039626172224,0.43935436830414787,0.5446615920696799
6130.0,0.021581587384574486,0.5307632893396088,0.4476551232758167
