6393.0,5.307667329364728E-10,0.0011005484067640437,0.9988994510624691
6135.0,2.0495071030007025E-11,2.4019264614848196E-4,0.9997598073333565
5860.0,6.1504137140918086E-30,1.799672763333075E-14,0.9999999999999819
6634.0,0.15740349838265344,0.8425964842489178,1.736842882343845E-8
4933.0,2.5666645467701517E-18,0.051437185983767016,0.948562814016233
5585.0,0.008961837440276251,0.9910245776566852,1.3584903038467242E-5
5897.0,0.4398234618822199,0.5601699879458106,6.550171969488104E-6
6151.0,4.943450321468884E-16,0.5384399062170964,0.4615600937829031
6420.0,0.9995051357585287,4.948642059509247E-4,3.552033524730004E-11
5658.0,0.9999997424457197,2.5755424930680013E-7,3.099649966327651E-14
5180.0,0.99732272945414,0.002677270239125254,3.067348460984547E-10
5051.0,3.610258264399846E-32,1.860326188760537E-12,0.9999999999981397
5423.0,4.018703000278042E-22,4.116665309209611E-9,0.9999999958833348
6689.0,9.535985572430552E-6,0.9995422713416893,4.481926727382751E-4
6166.0,1.2965159973358106E-14,0.9580181523658151,0.04198184763417178
5912.0,2.6735831244224864E-6,0.9999910304557426,6.2959611329766285E-6
5643.0,4.454876977337623E-19,4.996938747862988E-8,0.9999999500306125
6405.0,1.831909799529878E-24,1.5800755786602614E-8,0.9999999841992443
5034.0,1.4488789532176083E-7,0.9941035274473865,0.0058963276647182
5165.0,0.030634022533542173,0.9693448323105126,2.1145155945174273E-5
6704.0,4.973875141936048E-12,0.9995301211103944,4.698788846316523E-4
5438.0,0.9999983692908182,1.6307091801309631E-6,1.5837244441463482E-15
6118.0,4.638874527868973E-27,1.1523432727795291E-8,0.9999999884765672
6376.0,3.768368659582205E-16,3.552035816978681E-5,0.9999644796418298
6651.0,1.055424099447369E-7,0.9999995791256172,3.153319728483408E-7
5877.0,2.874958871657558E-23,1.3930586515920221E-9,0.9999999986069413
5331.0,4.047751682035556E-12,0.9985866915955854,0.0014133084003667784
4948.0,3.4331650063256905E-13,0.09348405924937725,0.9065159407502794
5568.0,1.5223420146420945E-17,0.3589521638408368,0.6410478361591632
5673.0,2.6195661140096218E-21,1.478402888160632E-4,0.9998521597111839
5946.0,0.9965810209650313,0.003418912173477784,6.686149096538755E-8
6196.0,0.9845215400395463,0.015478459959255066,1.1985841669678116E-12
5404.0,3.3345484415429454E-14,0.003999187279827078,0.9960008127201396
5000.0,0.4669099254867123,0.5329069630742276,1.8311143906012977E-4
5135.0,3.17141865577613E-17,8.397161479237162E-5,0.9999160283852075
5847.0,2.8839992856188875E-7,0.10695063944389398,0.8930490721561775
6617.0,0.009995795603070066,0.9900041839904684,2.0406461590593963E-8
6346.0,1.359473452898576E-5,0.9982527778406248,0.001733627424846312
6084.0,3.9575894333417956E-4,0.9903859888104124,0.00921825224625342
5602.0,0.999987273334004,1.2725684162874765E-5,9.818332688255696E-10
5361.0,0.9637668254493287,0.036233174550502276,1.6906777395464263E-13
4982.0,2.1958713441101627E-11,0.9999984312105323,1.5687675089430888E-6
6600.0,8.85554244152145E-5,0.9997979867834329,1.1345779215181037E-4
5830.0,3.3418301795792344E-17,0.017355434137817084,0.982644565862183
6101.0,0.9419065553861886,0.05809343802502667,6.5887847300355306E-9
6363.0,1.6130190364428994E-28,1.0335104782716554E-12,0.9999999999989665
5619.0,4.047849424422783E-9,0.9999905996321171,9.3963200335394E-6
4967.0,0.9996193443356675,3.80655664321873E-4,1.0688032102278529E-14
5344.0,7.173448560190624E-5,0.9993203243748506,6.079411395473946E-4
5688.0,7.178475808415639E-25,6.223845104731551E-11,0.9999999999377616
6454.0,6.416290268552471E-4,0.9687281940264655,0.030630176946679282
6181.0,0.9999745103447867,2.5489655212667596E-5,7.365903795569212E-16
5931.0,8.518256747016496E-10,1.4983424260448883E-4,0.9998501649055699
6659.0,3.6993692765987544E-27,9.153387506147458E-9,0.9999999908466126
5389.0,2.1831462876927315E-8,0.9877662079023841,0.012233770266153039
5150.0,0.9973520671309271,0.002647932427907352,4.4116557413346407E-10
5017.0,0.9999999982390744,1.7609238201302235E-9,1.923120501947452E-15
5068.0,6.513441227250161E-4,0.9993484274765831,2.2840069178083399E-7
5195.0,2.8736758694058488E-6,0.8893986462623102,0.11059848006182028
5464.0,0.7265080659138787,0.15005273143553513,0.12343920265058622
6742.0,2.59888854946215E-6,0.9998648639937847,1.3253711766590678E-4
6014.0,3.4777604559425756E-30,3.5489232074238324E-11,0.9999999999645107
6256.0,0.40920362324477916,0.5907954938184159,8.82936804993117E-7
6499.0,5.404273792965052E-20,2.210891600714453E-4,0.9997789108399285
5741.0,1.9066581773595872E-20,2.729668259341074E-7,0.9999997270331741
5301.0,0.03961666672443897,0.9603643238942372,1.9009381323773116E-5
5542.0,0.9814028055041498,0.018597194294327317,2.0152283677093176E-10
6286.0,0.9432279626065984,0.056772033096617554,4.296784038335105E-9
6016.0,2.636256840818452E-7,0.051907974280952,0.9480917620933639
5779.0,8.615339611671366E-5,0.9999136983748801,1.4822900312927545E-7
6557.0,1.8088351354647146E-26,4.4922356057547596E-11,0.9999999999550776
5284.0,0.7631217495992296,0.23684099926829047,3.725113247996619E-5
5559.0,7.069013780162703E-22,2.9923157901982795E-7,0.999999700768421
6033.0,2.7673427897965916E-9,0.918971203587407,0.08102879364525006
6303.0,0.9971837557501045,0.0028162094809843978,3.476891111803021E-8
6540.0,1.1307470271766293E-4,0.9916792582675314,0.008207667029750962
5762.0,4.00442108422378E-17,6.345013279562497E-5,0.9999365498672044
5210.0,1.2652991451810144E-9,0.9862970192440805,0.01370297949062018
5085.0,0.9999980648154184,1.935184581528861E-6,2.254557689446192E-20
6727.0,0.08550070259636197,0.9141745005317348,3.247968719031456E-4
5449.0,1.8809207378028184E-5,0.9999811839165053,6.876116609867237E-9
6241.0,0.9880269395292719,0.011973057779025546,2.6917026463432832E-9
5999.0,1.295793157878276E-11,2.6817656212357413E-5,0.9999731823308297
5756.0,1.828371230583869E-4,0.03041797260991514,0.9693991902670264
6514.0,6.864359501199395E-5,0.9957497897694981,0.004181566635489872
5254.0,0.8577666757863952,0.1422333170191199,7.194484775079541E-9
5792.0,4.2696182796824315E-40,4.7823370522199534E-20,1.0
6574.0,1.3703190272496797E-8,0.999949912299185,5.0073997624783706E-5
6333.0,1.2003149219760832E-21,9.773609531254307E-5,0.9999022639046875
6067.0,2.4642703367527834E-10,0.9999991530364702,8.46717102724217E-7
5483.0,1.5974093731531893E-4,0.9996968122946372,1.4344676804738414E-4
6757.0,0.0023436682162099433,0.9975235537140433,1.327780697468946E-4
5240.0,0.9999402277912748,5.9772208725255426E-5,2.397137780241329E-17
5119.0,3.3020905702990336E-9,0.8583060153607353,0.14169398133717404
6480.0,1.2515965480039294E-7,0.99995937716572,4.049767462527652E-5
5726.0,1.1574278302474024E-12,0.8668069569146614,0.13319304308418126
5965.0,4.39245344846876E-4,0.907739202639695,0.09182155201545812
6772.0,0.697312756114966,0.30268331639674717,3.9274882868964134E-6
5498.0,1.5130375958301038E-5,0.9995201804614192,4.646891626223876E-4
5102.0,7.086967278143463E-26,2.959305335480285E-9,0.9999999970406946
5225.0,1.9476025570523952E-9,0.0010515258962073607,0.9989484721561901
5711.0,0.9979706912639323,0.0020293087294938968,6.57384995591024E-12
6465.0,0.9999927737838287,7.2258889006096745E-6,3.2727074014650236E-10
6226.0,3.025611384242828E-6,0.9999965351318364,4.392567794494386E-7
5980.0,0.18425546442256577,0.8155066238357329,2.3791174170120213E-4
5508.0,0.07790400796649903,0.07919940153743199,0.842896590496069
6794.0,6.683859710040775E-8,0.9999979187872129,2.014374190017228E-6
5271.0,0.9998041588350612,1.9584095720139732E-4,2.0773736935078196E-10
6591.0,6.608378069333996E-9,0.9817093147912398,0.018290678600382113
5809.0,5.540455300162697E-20,0.9994448064351603,5.551935648396661E-4
6050.0,3.2456163922780038E-9,0.9999977418647141,2.254889669522194E-6
6316.0,6.045370836111137E-30,0.02681150183656616,0.9731884981634338
6150.0,0.03439053022100853,0.9656094694981324,2.808590785645209E-10
5896.0,1.277313827020731E-21,0.7041986116919273,0.2958013883080726
5659.0,2.874141269835321E-20,9.134892358120759E-5,0.9999086510764188
6421.0,2.836394550955184E-7,0.9910466382804215,0.008953078080123468
5181.0,0.9999929302882623,7.06971173764407E-6,2.859680910372918E-20
5050.0,2.46071182799836E-40,2.0268383314570453E-18,1.0
6688.0,4.6844800813297204E-9,0.999999800430374,1.9488514603622865E-7
5422.0,3.5309136743615695E-5,0.9999521717983259,1.2519064930730453E-5
6134.0,3.7801952411677036E-19,1.9584043159375902E-5,0.9999804159568407
6392.0,6.0993165393078896E-9,0.7242241064945929,0.27577588740609066
6635.0,0.9999884243369628,1.1575663037069359E-5,1.9380684341976341E-16
5861.0,3.188903658653923E-16,7.964940695882867E-4,0.9992035059304114
4932.0,1.1101753235861346E-16,1.0305159230022161E-7,0.9999998969484076
5315.0,0.01776159368794121,0.981640139084234,5.982672278247777E-4
6377.0,1.0902070894431395E-5,0.9999590194969251,3.0078432180565744E-5
6119.0,0.9285274331201698,0.0714725386203175,2.825951260061038E-8
5876.0,2.3447956571223748E-14,3.872083682303868E-6,0.9999961279162942
6650.0,2.515504762177001E-20,4.146249406204223E-6,0.9999958537505937
5330.0,4.874423147722093E-15,9.015834096299573E-6,0.9999909841658987
4949.0,0.06834488067178032,0.9316544881458841,6.311823355431529E-7
5569.0,6.674194344327793E-10,0.9747843323515107,0.02521566698106976
5913.0,5.362243627626399E-4,0.9991034620055329,3.603136317045712E-4
6167.0,7.067582286103385E-20,1.2658532204399446E-6,0.9999987341467795
6404.0,1.7930013236051936E-12,0.9753724603060272,0.02462753969217994
5642.0,0.9993787107748303,4.1963307725015504E-4,2.0165614791948987E-4
5035.0,4.119497098885527E-37,1.413820969980352E-16,0.9999999999999998
5164.0,9.650428076713298E-11,0.06318526226240977,0.9368147376410859
5439.0,2.773916486341244E-14,0.9980244813617178,0.0019755186382543815
6616.0,7.921773377867505E-14,0.024601798037914995,0.9753982019620059
5846.0,0.9999999134382304,8.65617696225283E-8,2.1969794099475075E-17
6085.0,5.633711865065112E-12,0.9772628283542442,0.022737171640122174
6347.0,0.9999658473145018,3.4152677302953354E-5,8.19531298785152E-12
5603.0,1.1929696848640112E-15,2.206075523727973E-7,0.9999997793924464
5360.0,3.437613365914262E-12,0.9948445204148398,0.005155479581722558
4983.0,1.864925647469834E-11,0.08202132762832333,0.9179786723530274
5672.0,0.03998840106518993,0.9600115988007765,1.3403350913009884E-10
6438.0,8.977552599822711E-7,0.11052651930565281,0.8894725829390873
6197.0,0.3263399325611232,0.6736533308879645,6.736550912307658E-6
5947.0,1.2465625121009588E-12,0.7632582666924819,0.23674173330627157
6675.0,3.102275711474829E-13,0.9998333939194093,1.6660608028050454E-4
5405.0,6.003031568181397E-25,9.018508597652939E-7,0.9999990981491403
5001.0,3.7439798077387783E-7,0.9999316093924452,6.801620957398774E-5
5134.0,0.9999097172592902,9.02827403639746E-5,3.456957078941971E-13
5689.0,4.5621557828099815E-14,0.7928227139645028,0.20717728603545157
5930.0,4.639045330535597E-6,0.9999148379664196,8.052298824989121E-5
6180.0,3.5945907883410226E-25,4.003224508530262E-6,0.9999959967754916
5388.0,0.9861295908771853,0.013870277980406772,1.3114240788041816E-7
5151.0,5.495366499206751E-13,0.9999863030195828,1.3696979867590303E-5
5016.0,1.2621496549451127E-14,5.7360000831039596E-5,0.9999426399991563
5831.0,1.2817359764273654E-10,0.6949180105703859,0.3050819893014406
6601.0,0.9999976330389893,2.3669610107435346E-6,5.920937364948889E-19
6362.0,1.5008449567044176E-10,0.10413106346827973,0.8958689363816358
6100.0,0.9966314429496,0.0033481336543361388,2.04233960637108E-5
5618.0,8.87184014037734E-21,1.0140004714579858E-10,0.9999999998985999
4966.0,8.843430120367108E-7,0.9999990908734777,2.4783510345434096E-8
5345.0,0.43501410665999324,0.5649274704861181,5.8422853888551816E-5
5300.0,9.747427611965718E-4,0.9990252570448708,1.9393277901774988E-10
5543.0,0.9765497867241368,0.02279821862275086,6.519946531123169E-4
6017.0,4.3934871186963414E-4,0.9995606512840851,4.045324284100262E-12
6287.0,0.9993611058316607,6.388941672794219E-4,1.0598049020530447E-12
6556.0,3.6668818726482246E-10,0.00487960347111917,0.9951203961621927
5778.0,2.472295709794494E-22,0.9935120674799928,0.006487932520007128
5069.0,6.624536792740475E-14,0.001909253736041338,0.9980907462638924
5194.0,2.8949648082822708E-9,0.9998215390255002,1.7845807953510362E-4
6743.0,8.120192248520084E-6,0.9999890929345988,2.786873152572693E-6
5465.0,0.9996856524208985,3.1434757842846526E-4,6.730865010998047E-13
6257.0,5.605681059989591E-9,0.9999940053146441,5.9890796748083385E-6
6015.0,0.9870937824383641,0.012906210494746146,7.066889718122329E-9
6498.0,1.470924952003102E-7,2.4359851934045035E-4,0.9997562543881644
5211.0,5.192709026995884E-34,1.2311221575617882E-11,0.9999999999876888
5084.0,1.6746484800159687E-4,0.3632537976083194,0.636578737543679
5448.0,3.578317325777968E-24,5.357466050373518E-7,0.999999464253395
6726.0,9.940201191000336E-9,0.18086092674116594,0.8191390633186328
5998.0,0.001971850584129117,0.9980280984028849,5.1012986113948137E-8
6240.0,1.1776164288128083E-13,0.03230865401941206,0.9676913459804701
6515.0,0.001068185271624705,0.9989312540515918,5.606767835282511E-7
5757.0,5.843126042803321E-6,0.999903021918627,9.113495533020811E-5
5285.0,1.2269318862265785E-18,4.9055503797074605E-9,0.9999999950944496
5558.0,3.822503803639726E-21,6.341011567622106E-7,0.9999993658988433
6032.0,5.318127752022789E-10,0.9999999994338901,3.429712460465398E-11
5763.0,0.0025957911619572355,0.9973701353742639,3.407346377880305E-5
6541.0,4.610585930763996E-9,0.9931292623792256,0.006870733010188447
5482.0,1.0696383197587112E-6,0.9999989303107985,5.088164812509277E-11
5241.0,1.8020599679738591E-13,5.275301612959744E-4,0.9994724698385239
5118.0,0.9999962940635109,3.7059363513025985E-6,1.3785402627545719E-13
6481.0,1.778343501750515E-24,1.880932549867698E-12,0.9999999999981191
6210.0,7.3035013218282014E-9,0.9733260450235061,0.026673947672992554
5964.0,0.9999999927848171,7.215182913972569E-9,1.717044026532451E-17
5524.0,0.8763619411164759,0.12254268636658826,0.0010953725169357905
5255.0,0.9987143584170688,0.0012856402161934663,1.3667377525672715E-9
6575.0,0.007973740200181609,0.9794684648267713,0.012557794973047104
6066.0,3.5603335435579024E-7,0.11010843724981775,0.8898912067168279
6332.0,6.747780055506357E-5,0.9994467664419576,4.85755757487376E-4
6795.0,0.8850549756095052,0.11494502355304342,8.374513832191715E-10
5509.0,8.029971628625725E-13,0.00463062113224965,0.9953693788669473
5270.0,0.9676427447323289,0.03235725526752409,1.470404632829285E-13
5808.0,3.282920692042916E-15,2.5601964988033024E-5,0.9999743980350088
6317.0,1.4211467696367215E-4,0.9995144904539481,3.433948690883122E-4
6051.0,5.3790979564571274E-5,0.9999316175961122,1.459142432328708E-5
5499.0,1.1945469524294895E-9,0.05535402632902396,0.944645972476429
6773.0,5.5480650918995197E-14,0.8094449703829112,0.19055502961703336
5103.0,8.403303780294895E-13,0.0034597075294009066,0.9965402924697587
5224.0,1.0176945126911148E-13,0.01897837560799467,0.9810216243919035
6464.0,0.9459819166580398,0.054018083314012845,2.794741709811853E-11
5710.0,1.5957817597054682E-6,0.9921017981729522,0.007896606045288126
5981.0,6.944620023987285E-20,3.583672794417831E-9,0.9999999964163272
6227.0,1.816127646626202E-6,0.2765966423599956,0.7234015415123577
5641.0,5.675874209407045E-11,0.9999810317383443,1.896820489688448E-5
6407.0,2.556749564994461E-29,4.2835363915245925E-5,0.9999571646360846
6164.0,0.9895559384680463,0.010443703646002687,3.578859509771133E-7
5914.0,1.3288344167079114E-5,0.9950630768013718,0.004923634854461095
6706.0,0.5654647556796463,0.43453523928125054,5.039103211916379E-9
5436.0,9.539535385740688E-19,3.506405817808399E-6,0.9999964935941822
5032.0,1.2632194327069943E-19,1.3296749997562737E-8,0.9999999867032501
5167.0,1.0180771005140882E-11,2.6440329644430397E-4,0.999735596693375
6649.0,0.494050105813549,0.505944135376876,5.758809574920381E-6
5879.0,0.9972318283600313,0.002768171639424988,5.43598824703566E-13
6116.0,4.897357311109682E-27,1.0911862092268721E-12,0.9999999999989088
6378.0,2.6938783579001427E-5,0.9999730611508758,6.554509001845594E-11
5329.0,0.6749104350547364,0.3250895648771821,6.808151635642623E-11
4950.0,0.13432589835457542,0.015339575313777427,0.8503345263316472
5862.0,7.3159802465720704E-6,0.01598426564645778,0.9840084183732957
6632.0,2.0137221198073258E-7,0.9949488884537562,0.005050910174031743
6395.0,0.0017713016330479978,0.9982286840262649,1.4340687176092694E-8
6133.0,3.583828993160638E-22,2.8035219422612682E-8,0.9999999719647805
5587.0,1.505918419246386E-15,0.9461276625396385,0.053872337460360055
4935.0,0.9920925195986022,0.00790527775554076,2.2026458568741945E-6
5312.0,0.014092775234558963,0.9859067761484193,4.4861702175686713E-7
6422.0,0.07706888178447006,0.9227378505829394,1.9326763259054522E-4
5656.0,4.74036171474872E-19,2.493059089548571E-7,0.9999997506940911
5899.0,2.0584177392024576E-9,0.9735917678983926,0.026408230043189495
6149.0,2.176561286562308E-8,0.9999879894175869,1.1988816800333188E-5
5421.0,0.9999872294492156,1.2770550749672228E-5,3.466451199675747E-14
5182.0,7.113383121554081E-9,0.999932576112476,6.741677414095291E-5
5049.0,4.792584592305151E-15,7.581718004523558E-4,0.999241828199543
6103.0,8.261575265910899E-6,0.999991738266241,1.5849316927596183E-10
6361.0,4.1770826387407925E-19,0.003573943097972407,0.9964260569020276
6602.0,0.999997146026387,2.853973420507718E-6,1.9250397978230522E-13
5828.0,0.999621747274013,3.782527259591399E-4,2.7903075063763007E-14
4965.0,0.9950469033138505,0.0049530966844848505,1.6646930185085032E-12
5346.0,8.192797071161933E-4,0.4588559207644141,0.5403247995284697
5617.0,0.9353531133976657,0.0646468438183465,4.278398785145723E-8
6183.0,7.211425085651101E-5,0.31935833082801834,0.6805695549211251
5929.0,0.1283948570197395,0.8578774234177505,0.013727719562509975
5690.0,8.197297772020228E-14,0.9410061297413648,0.05899387025855319
6452.0,1.778764970032751E-6,0.9998406000033734,1.5762123165649446E-4
5148.0,7.879499854550668E-14,5.267026680536414E-5,0.9999473297331158
5019.0,0.12991396843910552,0.8700848905563842,1.141004510228656E-6
6657.0,3.771623362791005E-30,7.091141754691944E-9,0.9999999929088582
5391.0,1.528265175880576E-26,3.3166245764557154E-14,0.9999999999999669
5944.0,5.192530856665731E-20,0.016568336898711598,0.9834316631012884
6198.0,0.7751374189072336,0.22149821061421496,0.0033643704785513316
6437.0,0.9999990215002632,9.784997368273338E-7,2.7950993202715852E-18
5675.0,9.541625574217237E-11,0.9991291784007802,8.708215038035302E-4
5002.0,5.35150100616326E-17,8.083245489574209E-5,0.9999191675451042
5133.0,1.634806005918104E-58,3.414259501610202E-30,1.0
5406.0,7.789272711121692E-16,8.428834424185658E-7,0.9999991571165567
6672.0,2.484018292661731E-19,1.3662068570134155E-7,0.9999998633793142
6344.0,0.9993664805986404,6.334737189885485E-4,4.568237118436916E-8
6086.0,3.969532015866519E-27,2.1156538848335163E-9,0.9999999978843461
5845.0,1.1583403196635309E-15,0.7233253954696376,0.2766746045303613
6619.0,4.6558433231626845E-37,9.36163359439162E-13,0.9999999999990637
5363.0,3.731861625923848E-9,0.9999937409143856,6.255353752808133E-6
4980.0,2.131231946923578E-4,0.9961617920837821,0.003625084721525564
5600.0,0.007182250285194793,0.9928177457177699,3.99703531295085E-9
5557.0,0.11642268564617292,0.8833666965774486,2.1061777637845766E-4
5286.0,1.9929671156468976E-24,2.7203719981929483E-11,0.9999999999727963
6542.0,0.9994303276898342,5.696723060225932E-4,4.143157068665346E-12
5760.0,1.1087290136896641E-13,0.9999957260864187,4.2739134703477365E-6
6035.0,0.9994762187211989,5.236827620370462E-4,9.851676420291986E-8
6301.0,1.3495339518981079E-8,0.00527087538872573,0.9947291111159348
6725.0,3.055907647926292E-4,0.9761902921345337,0.02350411710067363
5451.0,1.0422035597774587E-24,1.6144045423878536E-5,0.9999838559545761
5208.0,2.8418664199865145E-13,3.58450851016387E-4,0.9996415491486993
5087.0,7.87081891636663E-19,0.018470148090864648,0.9815298519091353
5758.0,0.04932546639102241,0.9506553263972035,1.920721177407391E-5
6512.0,1.9587176708318427E-7,0.004535202814922501,0.9954646013133104
6243.0,1.9383776239818588E-4,0.9998061622031877,3.441402724828599E-11
5997.0,2.728324550067848E-38,2.7285548198682173E-15,0.9999999999999973
5466.0,4.092606492623985E-7,0.999998211115293,1.3796240576425842E-6
6740.0,4.874573294861181E-6,0.706579889652929,0.29341523577377626
5070.0,0.20043489275910825,0.7989659847874607,5.991224534309816E-4
5193.0,0.15852016316335082,0.841412511296106,6.732554054326408E-5
6497.0,0.9997010784360579,2.9892117831499646E-4,3.8562714113989874E-10
5743.0,0.8491124086254391,0.15088758966639335,1.7081675882666998E-9
6012.0,3.4142925464639623E-4,0.004210776785379467,0.9954477939599742
6258.0,4.596519133715068E-14,0.08719245457179363,0.9128075454281604
5540.0,1.6944209642347837E-17,0.8779122388043218,0.12208776119567812
5303.0,1.745930977003766E-6,0.027126655615315663,0.9728715984537074
5777.0,0.996947176187745,0.003045705477589678,7.118334665381361E-6
6559.0,4.903011411615393E-29,1.2418935886376404E-12,0.9999999999987581
6284.0,5.67023666335661E-4,0.9959502349830163,0.0034827413506481
6018.0,0.08995670515307415,0.9100432908124296,4.03449620278619E-9
5100.0,0.9999999803860152,1.9613984849740668E-8,1.0589454533709397E-18
5227.0,4.437399208197857E-6,0.999918461211574,7.7101389217837E-5
6774.0,3.4625724777556835E-9,0.0331464327957883,0.9668535637416392
5496.0,0.004681788435575798,0.9953182115244117,4.0012402738492934E-11
6224.0,2.0548239974333173E-19,1.229683165058168E-10,0.9999999998770317
5982.0,0.018045904437062565,0.9819076932658639,4.640229707354612E-5
5709.0,0.04064181760819668,0.9567657120907611,0.0025924703010421243
6467.0,2.0543172764850428E-6,0.9729059596850823,0.027091985997641198
5269.0,1.2998548769198122E-4,0.01100044355374074,0.9888695709585673
6792.0,5.696757106105684E-8,0.9999994532719584,4.89760470458501E-7
6048.0,0.9999483469714792,5.165302852088837E-5,3.7897357636554E-17
6318.0,1.0351417009727559E-11,0.9999854414195097,1.4558570138848962E-5
6589.0,2.0551272141382245E-14,9.165196425854026E-4,0.999083480357394
5811.0,0.0029202945580242673,0.9166838246304406,0.08039588081153509
5252.0,9.181008959973956E-6,0.9993318279560697,6.589910349703748E-4
5527.0,0.9999999953770701,4.622929908610498E-9,2.042059887147967E-17
6335.0,0.09361305383006295,0.8790290839755448,0.027357862194392166
6065.0,9.578096864529229E-9,0.9951055924735479,0.00489439794835534
5794.0,2.4790042589289617E-5,0.9999751758659781,3.40914325917538E-8
6572.0,0.9798842565714604,0.020115742988528,4.4001149007717035E-10
5242.0,3.810852237084357E-33,8.159324801741045E-8,0.999999918406752
5117.0,4.662753958743413E-22,0.020339556457438634,0.9796604435425614
5481.0,5.061850844913768E-32,3.880943278168465E-9,0.9999999961190568
5967.0,0.9879003903881785,0.012099371119210054,2.3849261161542545E-7
6209.0,2.040759359526494E-10,0.9999997718888589,2.279070652813633E-7
6482.0,1.0914943179983402E-17,0.9999999783185467,2.1681453310627403E-8
5724.0,4.40458294798682E-6,8.200023345201993E-4,0.9991755930825318
6648.0,1.779994261051917E-14,0.967620657875857,0.03237934212412506
6379.0,2.3269511515950949E-7,0.9415518630498663,0.058447904255018654
6117.0,3.8161964774819915E-11,0.7812385009448887,0.21876149901694927
5571.0,0.1644099705184993,0.8355885010354098,1.5284460909165923E-6
5328.0,3.839963986395264E-20,5.985720133674672E-11,0.9999999999401428
4951.0,2.11371550424226E-4,0.9997886283517459,9.782993919271024E-11
6406.0,1.2851680052706424E-27,1.4199118346725064E-12,0.9999999999985801
5640.0,2.810184847233229E-13,0.9866433873109489,0.013356612688770055
5915.0,0.8924908595546426,0.10750886337793211,2.7706742535441463E-7
6165.0,0.9999532512414019,4.6748758527866515E-5,7.018733774903365E-14
5437.0,0.9945925473759979,0.005407452623938566,6.346411228055642E-14
6707.0,1.3933742366059257E-9,0.007388480654400524,0.9926115179522251
5033.0,1.2187882406785452E-6,6.397656201762672E-4,0.999359015591583
5166.0,0.142947315924572,0.8570526840673778,8.050103305507933E-12
5657.0,0.9999999809242887,1.9075705264117145E-8,6.099029572711879E-15
6148.0,1.7757109807313436E-22,6.54482184259039E-10,0.9999999993455178
5898.0,8.051040835430591E-23,6.484851968186149E-7,0.9999993515148032
6690.0,0.10392443467661099,0.8960754781620996,8.716128941877922E-8
5420.0,0.05974846045768066,0.9401677551405453,8.378440177416054E-5
5183.0,0.5237213756036864,0.3662782103279759,0.11000041406833769
5048.0,1.0834902277489379E-10,0.9999980000819407,1.9998097102356456E-6
6633.0,1.828386771638514E-12,3.91900099000371E-4,0.9996080998991712
5863.0,1.0445681243928648E-4,0.9998953367046197,2.0648294097754466E-7
6132.0,2.1284178308609185E-20,2.1899027106894674E-9,0.9999999978100973
6394.0,1.28174071771536E-19,4.445680777159594E-8,0.9999999555431922
5586.0,0.018614907397302875,0.981385078147112,1.4455585074660888E-8
4934.0,0.0073079756538123,0.8988650152281755,0.0938270091180122
5313.0,5.547935860953773E-10,0.9777074498321977,0.022292549613008784
5928.0,0.9727588518306197,0.02724114595057432,2.218805841237309E-9
6182.0,1.0233488300137873E-16,1.1519671165114691E-8,0.9999999884803288
6453.0,0.9999998184825742,1.8151393386155995E-7,3.4919005224038294E-12
5691.0,1.623898996465588E-27,8.959752619817111E-9,0.9999999910402474
5149.0,0.13608870196111014,0.8508397472297549,0.013071550809135135
5018.0,0.9999999966716883,3.328311211554207E-9,3.8777085371940214E-16
5390.0,4.020160591506948E-7,0.9890928341251776,0.010906763858763328
6656.0,0.999634348744349,3.6565125239853934E-4,3.252506853271664E-12
6360.0,1.3781446474135554E-10,0.9993867616760198,6.132381861657808E-4
6102.0,7.200478376492375E-4,0.7281570441010398,0.271122908061311
5829.0,3.8650167006620403E-20,7.676511072148124E-9,0.9999999923234889
6603.0,3.868769155389805E-6,0.8668404072294962,0.13315572400134845
4964.0,3.332345596846851E-21,1.226550686589684E-12,0.9999999999987734
5347.0,2.1327031347308542E-19,4.4345755725426116E-5,0.9999556542442747
5616.0,2.4160836777080416E-17,6.197333240549968E-5,0.9999380266675945
6087.0,1.1373975669795105E-19,0.003875966648322805,0.9961240333516772
6345.0,7.142278788883063E-8,0.0024158030440288147,0.9975841255331833
5844.0,7.93141343511442E-14,1.0192517826316894E-5,0.9999898074820943
5362.0,0.9999855642952682,1.4433237657915104E-5,2.4670739296869636E-9
4981.0,1.1699552541184288E-20,7.849631956595848E-8,0.9999999215036806
5601.0,4.846574875929663E-10,0.6128053351158096,0.38719466439953304
5945.0,2.8615297045800136E-10,0.518989111891285,0.48101088782256196
5674.0,8.417598096351682E-21,2.6802825329000933E-11,0.9999999999731972
6436.0,6.174910305815409E-8,0.9999998611336725,7.711722454438456E-8
5003.0,0.048504234485908446,0.951495765390333,1.237585050124587E-10
5132.0,0.10497501315191914,0.8944185799682293,6.064068798515219E-4
6673.0,2.726093290086003E-12,0.09732416994754281,0.9026758300497312
5407.0,0.992454144874462,0.00754585106513383,4.060404251988784E-9
5450.0,4.130458014824486E-21,3.6213641612103334E-7,0.9999996378635838
6724.0,9.313513409733406E-4,0.9981403370176185,9.283116414081187E-4
5209.0,1.4190963702699733E-7,0.9949168246507676,0.005083033439595333
5086.0,4.545936659780969E-24,1.0850588281229571E-11,0.9999999999891495
6513.0,0.12491207032892812,0.8593448524371918,0.01574307723388006
5759.0,0.0019688403942172508,0.9980030580352637,2.810157051896025E-5
5996.0,5.453146872091272E-9,0.9999997670695048,2.2747734829602386E-7
6242.0,3.1901467941795742E-21,6.888654276573297E-6,0.9999931113457233
5556.0,0.07196017740302225,0.9280398222510977,3.4588007120737226E-10
5287.0,0.9988865576793023,0.001113442294520426,2.617731789274364E-11
5761.0,0.9774860210455433,0.022513978271350706,6.831061671541014E-10
6543.0,5.3540305168666884E-9,0.6682044942374814,0.33179550040848804
6300.0,0.9373743389620387,0.0626031601624488,2.2500875512472153E-5
6034.0,0.99699173078321,0.003008269216694825,9.51989040483908E-14
5541.0,3.954202255048786E-16,0.005076266427636927,0.9949237335723626
5302.0,4.392667612602398E-11,4.69632779255152E-5,0.9999530366781478
6558.0,3.534936844112217E-7,0.9660390435645244,0.03396060294179122
5776.0,0.024911990592125795,0.9534124677253345,0.02167554168253971
6019.0,0.999750808892776,2.491911024121942E-4,4.811788480864826E-12
6285.0,0.5798598504811091,0.4201386699709633,1.4795479275443274E-6
5467.0,0.0179179119951836,0.9820820877441272,2.606892546639844E-10
5071.0,0.950251347972922,0.04974854906019267,1.029668853261574E-7
5192.0,0.03972800986225654,0.9602685061497773,3.4839879660022016E-6
5742.0,5.010588948070558E-8,0.9999999391419423,1.0752168269518414E-8
6259.0,2.7446592967609427E-11,0.9308614154670886,0.06913858450546478
6013.0,2.5257037725306613E-13,0.049733125961305975,0.9502668740384415
5268.0,0.9963699917343372,0.0036300081591762296,1.0648658333768436E-10
6793.0,1.710486871392736E-7,0.0044848954250281126,0.9955149335262847
5511.0,0.9952361344670682,0.004763865172429878,3.605019660209848E-10
6319.0,0.9999867283601004,1.327161886843348E-5,2.1031179505353522E-11
5810.0,0.005527226788583475,0.9944726718682843,1.0134313237630732E-7
5101.0,5.6260807688507037E-8,0.05376951374023842,0.9462304299989539
5226.0,0.40994289144116736,0.5900556845358349,1.4240229977849998E-6
5497.0,1.5192683078949164E-5,0.6422539749062329,0.35773083241068815
6775.0,4.581227617006548E-12,0.0014141633708216195,0.9985858366245971
5983.0,2.5905131825472268E-5,0.9999733112752808,7.835928936879784E-7
6225.0,4.5634040977186206E-15,0.07156422820786483,0.9284357717921307
6466.0,0.005063605851959155,0.9949354598115668,9.343364739578825E-7
5708.0,1.2014168365943992E-13,0.8271633485754563,0.1728366514244236
5116.0,0.032690548333293774,0.967291570377977,1.7881288729220058E-5
6758.0,0.9995660307598813,4.339692124999021E-4,2.761875270211297E-11
5480.0,9.320494801010708E-16,0.9999995815753163,4.184246826955244E-7
6208.0,0.9977020610062457,0.002297938930241928,6.351246552225951E-11
5966.0,2.4507755798357415E-12,0.9997746060280059,2.2539396954324726E-4
5725.0,8.528414137753644E-33,1.1204519028104452E-9,0.9999999988795482
6483.0,0.8093993842318248,0.19060061575540202,1.2773109452517453E-11
5253.0,5.303778436277998E-9,0.940093533104616,0.05990646159160556
5526.0,8.76118136459989E-14,0.20372952961906102,0.7962704703808513
6808.0,4.772575942375258E-8,0.9724005969675434,0.027599355306697177
6064.0,1.4317675015310515E-7,0.9999752387176816,2.4618105568350364E-5
6334.0,0.07063761099190016,0.9293519805951973,1.0408412902537781E-5
6573.0,0.12929216127884394,0.870707813183697,2.5537459036235305E-8
5795.0,6.874491507346618E-5,0.9999311916179934,6.346693309777699E-8
5400.0,4.49277651764518E-8,0.9999995316830292,4.2338920556404846E-7
6678.0,0.002450074053244518,0.9761353305845865,0.021414595362169084
5004.0,2.723201345599493E-5,0.9999714947092726,1.2732772715389086E-6
5131.0,3.1186855308081854E-20,4.356412653998357E-7,0.9999995643587347
6435.0,3.403694227044516E-10,0.001822156257472814,0.9981778434021578
5677.0,2.3315296936721614E-6,0.9999976629931978,5.477108539561043E-9
5950.0,1.0833901884652095E-23,4.865250510308679E-9,0.9999999951347495
6192.0,0.999999931763429,6.823657033636203E-8,5.397518095365426E-16
5606.0,5.803291082017945E-10,0.0028004573622684055,0.9971995420574024
5365.0,6.413988829129664E-4,0.701684292178478,0.29767430893860897
4978.0,0.9756532313982609,0.02434567688756796,1.0917141712270482E-6
5843.0,1.2629608451226337E-18,6.989442818663207E-6,0.9999930105571814
6621.0,0.9999993508955443,6.491044523392237E-7,3.502160984029949E-15
6350.0,5.01892816739961E-6,0.01086531017063586,0.9891296709011969
6080.0,1.0086607106839827E-5,0.9999757356224747,1.4177770418456642E-5
5623.0,1.0675924186742061E-16,0.3006057657214707,0.6993942342785292
4963.0,0.9999156220170448,8.437782281091849E-5,1.6014444141694018E-10
5348.0,9.636789822028224E-4,0.9990360234790143,2.9753878284496103E-7
6604.0,0.9993185054009708,6.814945990255413E-4,3.5326591045402194E-15
5826.0,4.620639643589786E-12,9.113171409135687E-5,0.999908868281288
6097.0,0.007295296636208494,0.9255264922219608,0.06717821114183083
6367.0,0.9904156858477207,0.00658559894443694,0.002998715207842459
5385.0,8.794209697181495E-21,2.4034874839564436E-5,0.9999759651251604
5146.0,1.6269161728726107E-10,0.04640779783147528,0.9535922020058331
5021.0,1.6693526792989476E-7,0.999779529317352,2.2030374737990951E-4
5692.0,0.011864684983497619,0.8863003153612113,0.10183499965529104
6450.0,0.9999998574519955,1.4254800449840917E-7,4.738024883198332E-18
6177.0,2.6491780582124545E-7,0.999340047471847,6.596876103470983E-4
5935.0,7.548131612885033E-22,6.094970430917948E-6,0.999993905029569
4929.0,2.5968238000116302E-11,0.9999455003874932,5.4499586538747545E-5
5318.0,1.693234533321432E-21,3.8106752756604546E-9,0.9999999961893248
5589.0,0.9867870540655147,0.013138928273993876,7.401766049142363E-5
6131.0,1.1056068751644691E-14,0.015363643920879697,0.9846363560791093
5856.0,0.5028024842910723,0.4971972467289029,2.6898002477669776E-7
6638.0,0.9999949569774909,5.043022508964231E-6,8.186394658547364E-17
5176.0,2.187021044853048E-10,0.9998962054927045,1.0379428859341296E-4
5055.0,1.1202190232390528E-13,4.422161753164632E-5,0.9999557783823564
5419.0,5.598718291944755E-28,5.80433275181506E-14,0.9999999999999418
6693.0,7.113484151757245E-4,0.9992524419531021,3.620963172211037E-5
5901.0,0.20871444406620096,0.7912855550433006,8.904984534801848E-10
6147.0,1.0447674586804011E-16,0.0794236785222678,0.9205763214777322
6416.0,8.827364862850744E-20,9.239041649978828E-6,0.9999907609583499
5662.0,0.999762544470547,2.3745552908535557E-4,3.6758236773240507E-13
5038.0,0.9999996616432683,3.3835673176454186E-7,1.9071344085085614E-18
5161.0,8.50916920401915E-8,0.9758489061138076,0.024151008794500328
6708.0,0.988624161438045,0.011367276239270413,8.562322684642196E-6
5434.0,3.7100338560760257E-14,2.1397214042323447E-4,0.9997860278595397
6162.0,1.281593142687222E-17,1.8771869592533878E-6,0.9999981228130408
5916.0,1.026279425775109E-9,0.0034212719102572377,0.9965787270634634
5647.0,0.9999934289561939,6.570543073339676E-6,5.007326963351336E-10
6401.0,0.9999999999898949,1.0105102333931808E-11,9.228617055950773E-26
5335.0,1.6183021009970856E-23,1.635593345129462E-11,0.9999999999836441
4944.0,9.373817679161783E-21,0.019023764762414047,0.980976235237586
5572.0,1.2385482650669088E-25,7.756314503015708E-12,0.9999999999922438
6114.0,1.0131702613014343E-23,3.471765746228421E-5,0.9999652823425378
6380.0,8.416992397115035E-12,1.7741924399020245E-6,0.9999982257991432
6655.0,0.9789759162437816,0.02102408372269183,3.352675992181779E-11
5873.0,5.266518003855489E-29,4.716207328863251E-10,0.9999999995283793
5796.0,0.999999999882474,1.175258689895777E-10,7.251545402519548E-18
6570.0,1.4570903322429528E-10,0.999999493763452,5.060908388980239E-7
6329.0,0.9997969640582088,2.0228733769927013E-4,7.486040918870056E-7
6071.0,0.9999865298265428,1.3468871258961169E-5,1.302198379888111E-9
5521.0,0.9997699373834988,2.3006091855801289E-4,1.6979431606264975E-9
5250.0,0.498096196334806,0.5019026887810699,1.1148841240621122E-6
6484.0,8.818302586514145E-6,0.9948183149108502,0.005172866786563343
5722.0,0.024202791848542612,0.9713788359318903,0.004418372219567081
5961.0,6.605900558390131E-29,2.5997767895488632E-8,0.9999999740022322
6215.0,4.2918291314143846E-10,0.9999596751154682,4.0324455348890134E-5
5487.0,7.720175748641974E-13,0.9998681206350671,1.3187936416103211E-4
6753.0,8.586856934834859E-20,1.3172617004609139E-6,0.9999986827382995
5244.0,1.9466063649522496E-7,0.9999997884572027,1.688216087686289E-8
5115.0,5.486702928393723E-26,1.1440592443481754E-10,0.9999999998855941
5707.0,6.158371859399461E-16,1.9120221767844035E-5,0.9999808797782316
6469.0,0.0083085443916674,0.9916913037277313,1.5188060127639028E-7
6230.0,2.874159421737409E-20,6.339445086325791E-10,0.9999999993660554
5976.0,2.0483479972265756E-22,1.6281238751863305E-8,0.9999999837187613
6768.0,7.098139493870774E-21,3.028009575448474E-8,0.9999999697199042
5502.0,0.957743178234293,0.04225675795903655,6.380667033288861E-8
5098.0,0.528147212162967,0.47185278703054545,8.064874241440609E-10
5229.0,1.668776713526165E-12,0.0028326043731921433,0.9971673956251391
6587.0,3.478512497346881E-11,0.9999254150504299,7.458491478501002E-5
5813.0,0.9998311497276458,1.688496744766313E-4,5.978776075312174E-10
6054.0,0.005918598284749956,0.9939686556881709,1.127460270791844E-4
6312.0,2.971397145986411E-17,0.948634611282184,0.05136538871781601
5504.0,8.894853313191655E-12,0.999914564270773,8.543572033207904E-5
6798.0,7.964207481886625E-5,0.977094527820322,0.02282583010485912
5267.0,4.652154453558189E-6,0.0011289527008648441,0.9988663951446816
6010.0,8.14280802484167E-5,0.07770359317800982,0.9222149787417417
6260.0,0.0336019321617854,0.966398044327687,2.3510527695884867E-8
6503.0,1.3863810550232001E-9,0.9936649416415997,0.006335056972019214
5737.0,0.9996624087128894,3.3759119707755435E-4,9.003319094395793E-11
5064.0,2.6593210835313586E-28,8.850057456084307E-7,0.9999991149942543
5199.0,8.108916035623564E-34,3.231916036777091E-14,0.9999999999999677
5468.0,0.11630153308225911,0.0765792380830585,0.8071192288346823
6738.0,8.795783277984868E-12,0.3728804585314867,0.6271195414597175
6282.0,0.9215420240491511,0.07845760061033895,3.7534050993023855E-7
6020.0,2.6990905678644863E-12,0.999882859425341,1.1714057195979602E-4
6553.0,4.20622222280583E-9,1.0430634554319065E-5,0.9999895651592234
5297.0,0.9775738397709437,0.02242616022358701,5.469326935081453E-12
4918.0,0.9973081317130278,0.0026914964141060414,3.7187286618610735E-7
5538.0,0.9999999625027022,3.7497297871549264E-8,1.553760854441418E-21
6037.0,5.4327610839703556E-5,0.24432737362252627,0.755618298766634
6299.0,6.538912158824645E-20,8.496053503374127E-4,0.9991503946496626
6536.0,2.975071973498774E-17,4.866105986471411E-5,0.9999513389401352
5766.0,0.9999899025223857,1.0097477037685219E-5,5.766448268660632E-13
5280.0,6.61441923300296E-8,0.9313669662606054,0.0686329675952021
5555.0,6.93136804079316E-16,0.08471446412947371,0.9152855358705256
6245.0,1.4545007118220323E-8,0.999991038741263,8.946713729901905E-6
5995.0,0.999999999917628,8.237202445578501E-11,3.2946789490343113E-22
5752.0,1.586527715247941E-6,0.9999969747518992,1.438720385607028E-6
6518.0,9.718656042341758E-18,0.10195297960219096,0.8980470203978089
5214.0,8.515472954236555E-12,0.012777331582545369,0.9872226684089391
5081.0,6.312691168844957E-16,0.0030031631800626368,0.9969968368199368
6723.0,0.9999999895909885,1.0409011591942402E-8,3.220830421834341E-23
5453.0,1.765808540101925E-17,1.102124535572402E-7,0.9999998897875465
5607.0,1.5625276261885453E-7,0.999993791011352,6.05273588536407E-6
5364.0,1.9155641482314782E-4,0.9998084178446449,2.574053199641251E-8
4979.0,6.592123632631545E-15,0.6786481360592912,0.32135186394070225
6620.0,1.627665563820047E-9,0.009670128384437544,0.990329869987897
5842.0,3.9263493853857036E-18,1.0983645805493125E-4,0.999890163541945
6081.0,1.0802340083483311E-8,0.999999879995177,1.0920248292976147E-7
6351.0,3.01847317253805E-9,0.8595807446901139,0.14041925229141286
6679.0,0.9986868895923716,0.001313106247468702,4.160159614448137E-9
5401.0,2.713746107800261E-10,0.9999864125931145,1.358713551082164E-5
5005.0,1.1231262415859061E-13,0.0030851172276233733,0.9969148827722643
5130.0,4.597023003871706E-25,3.219545117451553E-10,0.9999999996780455
5676.0,2.2816996596814133E-9,0.9999880699977378,1.1927720562464296E-5
6434.0,6.1874794047403284E-21,0.9999971166596552,2.8833403448036905E-6
6193.0,0.9998712106395079,1.287891777495697E-4,1.8274243901857747E-10
5951.0,0.9999999997110012,2.8899879657993306E-10,1.1911223206469506E-18
5384.0,7.115967720337684E-10,0.20449756842757932,0.7955024308608238
6662.0,0.028708450033369592,0.9712915499274808,3.91495799093015E-11
5147.0,8.901464063595726E-7,0.9999990902855279,1.9568065617273773E-8
