6393.0,1.7391105062392035E-11,0.19869871611088938,0.8013012838717195
6135.0,0.9999992638623315,9.217955368056671E-13,7.361367466827526E-7
5860.0,7.851244900736123E-11,0.04293909482141675,0.9570609051000708
6634.0,0.8652821436104734,0.13456177277250142,1.5608361702526853E-4
4933.0,1.1507651329508991E-8,0.6913322860079942,0.3086677024843545
5585.0,0.16860477793623393,0.7875498120385649,0.04384541002520117
5897.0,0.07359233845530029,0.9100470102530321,0.016360651291667545
6151.0,6.94496618347263E-4,0.7198837296085621,0.2794217737730907
6420.0,0.7024456766476274,0.29755096056448976,3.362787882824767E-6
5658.0,0.9999960799508287,3.919982931689306E-6,6.623957172704009E-11
5180.0,0.9999999997943312,4.144786484535428E-12,2.015240319205123E-10
5051.0,8.801546306374181E-11,0.09825210506043576,0.9017478948515487
5423.0,3.787631136835478E-8,0.34719946768336385,0.6528004944403248
6689.0,0.16315265621580202,0.8262701966761267,0.010577147108071288
6166.0,1.2011930755363272E-9,0.9999999302895455,6.850926139940263E-8
5912.0,0.016565787121743066,0.9832918593963056,1.4235348195130675E-4
5643.0,2.4072661205615904E-4,0.870065160837296,0.12969411255064783
6405.0,3.967460771376362E-6,0.10192381417216474,0.8980722183670639
5034.0,0.07823200677289348,0.9153328627198302,0.006435130507276438
5165.0,0.04931286454129538,0.950098680811788,5.88454646916529E-4
6704.0,0.015024311634212379,0.7506882393074658,0.23428744905832194
5438.0,0.7092463510591085,0.28977898021363085,9.746687272605802E-4
6118.0,1.5437381396111148E-17,0.9998263980677407,1.7360193225932974E-4
6376.0,0.9995060414622823,1.2283804988803185E-5,4.8167473272882317E-4
6651.0,0.024160995568147464,0.9507146072140515,0.025124397217801027
5877.0,1.484296280342259E-14,0.41169273229884357,0.5883072677011416
5331.0,0.0022841299682556052,0.9806803566898317,0.017035513341912716
4948.0,0.009110762438547117,0.7355337104793233,0.25535552708212966
5568.0,0.001423998991029569,0.21227315061403787,0.7863028503949325
5673.0,9.564981545119269E-4,0.26466685190511624,0.7343766499403718
5946.0,0.9043423068675843,0.09555808570817866,9.960742423695502E-5
6196.0,0.09976346595920896,0.900231937262231,4.596778560067195E-6
5404.0,0.005016941340370461,0.9209229807680283,0.07406007789160128
5000.0,0.033904080524045956,0.9555007478336047,0.010595171642349221
5135.0,0.0022451713220862676,0.9161654823708738,0.0815893463070398
5847.0,0.7972724099402914,0.20164123657070362,0.0010863534890049444
6617.0,0.257173066826748,0.739425950487288,0.003400982685964033
6346.0,0.20392349223189943,0.7819407452576429,0.01413576251045774
6084.0,0.4298783038952439,0.5609563444613973,0.00916535164335887
5602.0,0.9911625737136677,0.008818059687912673,1.9366598419703856E-5
5361.0,0.4558231658794108,0.5427110845170932,0.0014657496034961813
4982.0,0.019039579056157836,0.9569117084287971,0.02404871251504506
6600.0,0.0015894540503196128,0.9984105459492425,4.378250921623693E-13
5830.0,5.482588333819554E-9,0.6855188108486262,0.3144811836687855
6101.0,0.6262870306131384,0.3722800217816745,0.0014329476051871029
6363.0,8.887825697522646E-9,0.6587968975285504,0.34120309358362383
5619.0,0.006397887835248079,0.9657836672286424,0.027818444936109556
4967.0,0.6607398277176295,0.33857416410661234,6.860081757580149E-4
5344.0,0.023181435039466857,0.7621588701048326,0.21465969485570047
5688.0,3.4786745388593096E-15,0.0017695823914559484,0.9982304176085406
6454.0,0.9984169536939694,0.001583046214632144,9.13983134557728E-11
6181.0,1.6439420240114284E-7,0.998452222310465,0.0015476132953324748
5931.0,9.309188006599183E-11,0.9999956389660672,4.360940840936105E-6
6659.0,3.902452254060339E-13,0.001089834851744073,0.9989101651478657
5389.0,1.4819132315041318E-33,0.7985833014429145,0.20141669855708552
5150.0,0.2462478521315632,0.7497638505515857,0.003988297316851041
5017.0,0.9999999918261627,8.173834672076562E-9,2.7309942860527012E-15
5068.0,0.06890562471518728,0.7583907913358976,0.172703583948915
5195.0,0.005683828597013178,0.6518250600558987,0.34249111134708804
5464.0,0.0347451160050478,0.942422462950264,0.022832421044688352
6742.0,3.880515039253656E-11,0.0266880335179392,0.9733119664432556
6014.0,1.4458480510806276E-11,2.015567585424868E-9,0.9999999979699739
6256.0,0.999948443991214,5.153320000510349E-5,2.2808780987244E-8
6499.0,9.732716119170254E-4,0.7093238176222979,0.28970291076578514
5741.0,6.461001986781329E-12,4.1550025725438E-8,0.9999999584435133
5301.0,0.2941229799866689,0.6850906197837037,0.020786400229627463
5542.0,0.17494460253925573,0.8179188466229864,0.007136550837757847
6286.0,0.5342555670593259,0.464644597472378,0.0010998354682961726
6016.0,0.0023032791043522804,0.9430092865915602,0.0546874343040874
5779.0,1.6844830285153462E-13,0.9960240389061976,0.003975961093633968
6557.0,5.2960925719604164E-5,0.23813822196319306,0.7618088171110873
5284.0,0.4811003392594187,0.5186926388255189,2.070219150623777E-4
5559.0,3.2300232051596183E-4,0.13880286085381724,0.8608741368256668
6033.0,0.13090240613240525,0.8221804437318289,0.04691715013576588
6303.0,0.8775467317444269,0.12240056417436383,5.270408120933957E-5
6540.0,7.685681385915699E-8,0.9999999231431859,1.9489569501163967E-16
5762.0,1.2886276198983388E-13,1.745442244453506E-4,0.9998254557754258
5210.0,0.24227978113385976,0.7567866221222257,9.335967439145294E-4
5085.0,0.22861266838190283,0.7709045516726536,4.827799454434971E-4
6727.0,4.858939605466861E-4,0.9972306888065625,0.0022834172328909615
5449.0,0.004500659006432115,0.984423661366289,0.01107567962727902
6241.0,0.8184480983910818,0.18148221359418,6.96880147382787E-5
5999.0,4.503272666335538E-5,0.39457467878830227,0.6053802884850343
5756.0,8.407266312730895E-6,0.25775220759178213,0.7422393851419051
6514.0,9.26367281727287E-7,0.9999990080898784,6.554283983857076E-8
5254.0,0.5788920222318094,0.4208370981286292,2.708796395613685E-4
5792.0,6.249996960965739E-7,8.854951447011364E-10,0.9999993741148088
6574.0,0.8209269238940851,0.17907307586639445,2.395205366026299E-10
6333.0,4.068614703597838E-4,0.05130453794586544,0.9482886005837747
6067.0,0.1513111179022113,0.8310816615403731,0.017607220557415565
5483.0,1.417802544889437E-7,0.95508682905385,0.044913029165895596
6757.0,0.010551642782377501,0.9769070455000932,0.01254131171752933
5240.0,0.40515209259371526,0.5948479073479458,5.833898525292257E-11
5119.0,7.462928763672897E-6,0.9315012563500201,0.06849128072121598
6480.0,0.03386776787449207,0.9167834570118375,0.04934877511367049
5726.0,0.003361019607229386,0.3863544451766422,0.6102845352161285
5965.0,0.21024870884148322,0.7715333826294414,0.01821790852907537
6772.0,0.9104330649887785,0.08903294582447732,5.339891867440664E-4
5498.0,0.010728529216094015,0.9667253513487302,0.02254611943517576
5102.0,5.984686623045281E-5,0.6700271457837543,0.3299130073500152
5225.0,0.05407591292068615,0.9413511311427846,0.004572955936529389
5711.0,4.611417055702874E-5,0.9858248778717208,0.014129007957722152
6465.0,0.8796075886647945,0.1195398964398348,8.525148953707773E-4
6226.0,0.04042737877938662,0.9595725013784724,1.198421409586346E-7
5980.0,0.050903936261683956,0.9486170348386316,4.7902889968456334E-4
5508.0,0.9581907012569608,0.04014130413768642,0.0016679946053527485
6794.0,0.06162358816838295,0.9212166474134249,0.017159764418192083
5271.0,2.6488035060076354E-5,0.9960191575480523,0.003954354416887524
6591.0,0.053994061626938136,0.8867605138883914,0.05924542448467047
5809.0,1.3354623811502694E-29,0.1714205923321419,0.8285794076678581
6050.0,0.12440395037179584,0.8627154525708869,0.012880597057317368
6316.0,9.413886460635278E-5,0.7381975847322267,0.26170827640316696
6150.0,0.09779467109451255,0.9022053288913771,1.4110515685288387E-11
5896.0,1.3033823098032877E-4,0.7108976689345714,0.28897199283444835
5659.0,2.6045727249220088E-8,0.08789710343617962,0.912102870518093
6421.0,1.721490257456694E-4,0.9930789238951828,0.006748927079071526
5181.0,0.5462419818177202,0.45367517135897817,8.284682330163821E-5
5050.0,6.128711589953156E-13,1.340180991302118E-7,0.9999998659812881
6688.0,0.17494359298191972,0.8240960373155325,9.603697025477248E-4
5422.0,0.25059723725906136,0.7493843929523188,1.8369788619832082E-5
6134.0,3.0531834406776944E-8,7.715219744301236E-4,0.9992284474937354
6392.0,1.0660567320601737E-7,0.47464315536237683,0.5253567380319499
6635.0,0.7470593550191093,9.624558512791669E-6,0.25293102042237786
5861.0,3.023097017304359E-4,0.7056128740777403,0.2940848162205292
4932.0,1.2692353285969508E-13,0.9131505981970254,0.08684940180284774
5315.0,6.352273490684309E-7,0.9999991475591165,2.1721353451705393E-7
6377.0,0.05441384137465477,0.8581102117225281,0.08747594690281713
6119.0,0.05940525304679581,0.9402787458399888,3.1600111321526713E-4
5876.0,2.0486970261225822E-4,0.7362314101572499,0.26356372014013785
6650.0,3.0269388647189493E-12,0.9999853960941105,1.4603902862579513E-5
5330.0,1.7607950790738262E-4,0.5259548545236836,0.47386906596840894
4949.0,0.5952967351848744,0.4047032614603619,3.35476377160524E-9
5569.0,0.0828302578293023,0.8335327482672181,0.08363699390347973
5913.0,0.2991589033920521,0.700840656506941,4.401010067403334E-7
6167.0,6.195985847122057E-8,0.8971853546972987,0.10281458334284285
6404.0,5.8136790475735026E-5,1.2228935661794572E-7,0.9999417409201676
5642.0,0.6005156344668722,0.3911505931832473,0.008333772349880504
5035.0,5.5118176325388466E-18,0.24450054845645808,0.7554994515435419
5164.0,0.011126890914392423,0.7329118323784357,0.25596127670717184
5439.0,1.0230006538619292E-11,0.2758712231398794,0.7241287768498906
6616.0,0.764163971412936,0.23583569665300552,3.31934058518404E-7
5846.0,0.8912131161048819,0.1080110235596898,7.758603354284609E-4
6085.0,0.0024062111185583746,0.21859748362350512,0.7789963052579365
6347.0,0.9999999681498283,1.5209194498558173E-8,1.664097711626102E-8
5603.0,0.0396908750416856,0.42506286038638763,0.5352462645719267
5360.0,1.325585382117189E-5,0.6334105122113429,0.36657623193483596
4983.0,0.001331981747747484,0.8876507225727405,0.11101729567951202
5672.0,3.2547358850630823E-7,0.9999996745263968,1.4569604359458466E-14
6438.0,0.03760987403761552,0.48758045079189516,0.4748096751704892
6197.0,0.429260910526847,0.5640906502212841,0.006648439251868872
5947.0,2.23900008642962E-4,0.7941244331410694,0.20565166685028766
6675.0,9.736858893407571E-5,0.25169212345809333,0.7482105079529725
5405.0,0.001904716274498492,0.2865766890780958,0.7115185946474056
5001.0,2.3499837266108495E-5,0.020094584863457554,0.9798819152992764
5134.0,0.974491838287352,0.025508161150630593,5.620173079939463E-10
5689.0,1.9580096270924445E-4,0.9989864462357668,8.177528015238646E-4
5930.0,0.056215811246641906,0.9082652745137293,0.035518914239628795
6180.0,3.125933738332378E-15,0.10650981030857669,0.8934901896914201
5388.0,3.0828060780596284E-7,0.9948853188734673,0.0051143728459248795
5151.0,2.7001020307628556E-5,0.8258341653674546,0.1741388336122378
5016.0,1.7884854212104402E-5,0.6034445741293519,0.39653754101643596
5831.0,8.417392773438991E-4,0.731729583830345,0.2674286768923111
6601.0,0.9999996878544424,9.236075037243574E-11,3.1205319700720655E-7
6362.0,0.2286566949864841,0.7706006318042296,7.426732092863188E-4
6100.0,0.9928107426081891,0.0071856644963982814,3.5928954126021043E-6
5618.0,0.005807034229229909,0.4685583763782236,0.5256345893925465
4966.0,0.00667208344493163,0.9679378583320728,0.025390058222995636
5345.0,0.044403776139238973,0.9462310175376246,0.009365206323136512
5300.0,0.19544431463264297,0.7993779718725138,0.0051777134948432215
5543.0,0.08487441474904286,0.8401244490646349,0.0750011361863222
6017.0,0.00825854707960607,0.799677082892194,0.1920643700281999
6287.0,0.9492923254017501,0.05065805492442257,4.961967382737832E-5
6556.0,1.0440106944063425E-9,0.9973712345187993,0.0026287644371899613
5778.0,0.001339877143729365,0.7784548874160288,0.2202052354402419
5069.0,5.612430961729822E-5,0.8641365612049975,0.13580731448538522
5194.0,0.21425433341074598,0.7743227063473328,0.011422960241921187
6743.0,0.5336091133010891,0.466390886228255,4.706559186695787E-10
5465.0,0.439910020767698,0.5600899783285975,9.037045876617868E-10
6257.0,0.0020218054371079286,0.8955444252228356,0.10243376934005655
6015.0,0.2895804005292033,0.702845329131005,0.007574270339791737
6498.0,3.58940603639546E-10,1.521179002157293E-5,0.9999847878510378
5211.0,2.1723868997596977E-11,0.6480832824389519,0.3519167175393243
5084.0,0.4257185444360903,0.4976652333375793,0.07661622222633034
5448.0,1.2973271442579763E-16,0.03160296668228742,0.9683970333177125
6726.0,0.07796013790008746,0.894036504877658,0.028003357222254548
5998.0,0.2340110182804377,0.7659888837491426,9.797041979004302E-8
6240.0,3.6806972981130357E-4,0.25696575906730823,0.7426661712028805
6515.0,0.0059556343263448075,0.9940442028408297,1.628328254137034E-7
5757.0,0.4592037225880815,0.536831592489537,0.0039646849223814035
5285.0,1.6229049148597662E-10,0.40351623998715275,0.5964837598505568
5558.0,0.2783787449824357,0.7084020024476435,0.013219252569920842
6032.0,0.16396960498727453,0.8285481106527478,0.007482284359977667
5763.0,7.415194596448314E-4,0.5044662073955314,0.49479227314482377
6541.0,5.792021328204675E-8,0.6928502186700488,0.30714972340973795
5482.0,0.09019012721503178,0.8975922248045233,0.012217647980444907
5241.0,1.694934480785288E-4,0.9998171494573762,1.3357094545178633E-5
5118.0,0.9727049207336383,0.027293807181781135,1.272084580405481E-6
6481.0,1.7249950399302264E-5,0.34116237365125746,0.6588203763983432
6210.0,0.001722032748005924,0.9982778137543625,1.534976317227131E-7
5964.0,0.9892315611679884,0.01076843883201153,1.2749829036265466E-16
5524.0,0.12004947915658393,0.8799060962730484,4.442457036749773E-5
5255.0,0.995882936230879,0.004059353568229161,5.771020089188441E-5
6575.0,0.6458455046984918,0.34584695825638745,0.008307537045120682
6066.0,2.2004415124918442E-14,0.6306595338609219,0.3693404661390562
6332.0,0.43417649407316933,0.5638863738746548,0.0019371320521758923
6795.0,0.423241276114824,0.5761326403704025,6.260835147736082E-4
5509.0,4.667631605127582E-6,0.9679342688163187,0.03206106355207628
5270.0,0.06563916159018798,0.8973634476664731,0.036997390743338875
5808.0,0.024224122446760768,0.40062221636118855,0.5751536611920506
6317.0,0.9999999770304874,5.9976345352629646E-9,1.6971878261319407E-8
6051.0,0.07358614388237378,0.8957440967087438,0.03066975940888232
5499.0,0.03286878534927535,0.9467302393689856,0.020400975281739078
6773.0,6.485588459686276E-19,0.756755766446833,0.24324423355316707
5103.0,1.492263101246362E-8,0.9502284540670062,0.04977153101036272
5224.0,2.737153529972656E-5,0.47450623138603837,0.5254663970786618
6464.0,0.9999998673399345,1.2616078748009902E-7,6.49927801049695E-9
5710.0,0.00881287932714877,0.7818379621498743,0.2093491585229769
5981.0,0.0015082389529680249,0.8422807489936684,0.15621101205336352
6227.0,0.2711653475602359,0.7170315363804388,0.011803116059325288
5641.0,0.008489760888786254,0.9797208387692521,0.011789400341961583
6407.0,1.4877293720730843E-5,2.043142230148074E-12,0.999985122704236
6164.0,0.9857163314797469,0.014242819785209969,4.084873504314988E-5
5914.0,0.005850031909676435,0.9802760912121419,0.013873876878181576
6706.0,0.8068361667237601,0.19313448680853368,2.9346467706284407E-5
5436.0,0.43694906780564885,0.5628258607296419,2.25071464709209E-4
5032.0,3.6063261433822623E-4,0.6095004236630865,0.3901389437225752
5167.0,1.3647554170497954E-8,0.8445072596726662,0.1554927266797797
6649.0,0.30964504628985584,0.6903549537101158,2.8419665929346443E-14
5879.0,0.9906959861487065,0.009304013833937872,1.7355641342695903E-11
6116.0,1.8764464302859232E-15,0.01112316655930182,0.9888768334406963
6378.0,0.1679650563202058,0.8115998348095502,0.020435108870243926
5329.0,0.39900314766908906,0.6009968521963531,1.3455790870165503E-10
4950.0,0.669693124088255,0.3302976110654032,9.264846341813067E-6
5862.0,6.458807579618731E-4,0.9356416006174195,0.06371251862461867
6632.0,0.3577536578995992,0.6244892272670735,0.017757114833327356
6395.0,0.8068642020557725,0.1928899651398343,2.4583280439324345E-4
6133.0,1.2788756181218285E-15,0.6503910469944351,0.34960895300556366
5587.0,1.9115916807850843E-6,0.23458599428830218,0.765412094120017
4935.0,2.49201600644857E-7,0.9999997507209177,7.748149559352357E-11
5312.0,0.19720911692827656,0.6114882267520161,0.19130265631970741
6422.0,0.24405584363028818,0.6348238691135011,0.12112028725621074
5656.0,1.256650325771272E-11,0.0017687449651318209,0.9982312550223018
5899.0,3.002652354063207E-8,0.21744172971134615,0.7825582402621303
6149.0,9.080226789256153E-9,0.985686485316549,0.014313505603224313
5421.0,0.9120041938994915,0.08789094613937314,1.0485996113515568E-4
5182.0,0.29079240632494613,0.6726819924173812,0.03652560125767251
5049.0,5.684752076880258E-8,0.8979342272054739,0.10206571594700534
6103.0,1.8019112562938672E-9,0.5427324047561509,0.45726759344193785
6361.0,2.4687163079636766E-5,0.2101770465835736,0.7897982662533468
6602.0,5.1675691876515796E-21,0.9999999989937185,1.0062815509413785E-9
5828.0,0.9999998822886794,1.63231210369048E-11,1.1769499754883545E-7
4965.0,0.6634254108559593,0.3340163202750364,0.00255826886900435
5346.0,0.20653449250616243,0.7883320066441942,0.005133500849643308
5617.0,0.8856781120052412,0.11382417192699498,4.977160677637273E-4
6183.0,0.027539362286590405,0.6091760336239878,0.3632846040894218
5929.0,0.9999999999999998,1.3333360764775132E-20,1.4700845606600438E-16
5690.0,6.007703738377205E-5,0.6597401084450119,0.34019981451760445
6452.0,0.006587149784065656,0.9024430024311927,0.09096984778474154
5148.0,1.6239954537823174E-65,0.999999999367519,6.324809689169894E-10
5019.0,0.5140504768939186,0.4833974339131235,0.002552089192957833
6657.0,5.478704883116351E-8,0.6929618074664218,0.3070381377465295
5391.0,3.1770902885408786E-7,0.05970162255358461,0.9402980597373866
5944.0,0.0010864991512259587,0.9471671061448593,0.05174639470391462
6198.0,0.10506581257210022,0.8949341263218181,6.110608177300021E-8
6437.0,0.9027906488189973,0.09717631553891203,3.3035642090667085E-5
5675.0,0.10154246902832167,0.777059734844253,0.12139779612742542
5002.0,3.3886355853126975E-4,0.4925480222545096,0.5071131141869591
5133.0,1.3587234420167483E-35,7.695993550100021E-30,1.0
5406.0,2.1075511363304961E-10,0.9999999997889215,3.2324467469642256E-13
6672.0,0.0012430394507578295,0.9860126993491206,0.012744261200121561
6344.0,0.0029229476932902923,0.9385434391057723,0.05853361320093751
6086.0,2.474463909027188E-6,0.04588558997104794,0.954111935565043
5845.0,0.009821660860660853,0.26835745823267515,0.7218208809066641
6619.0,2.5331460653951515E-15,6.551892394488621E-5,0.9999344810760524
5363.0,2.3741025965363163E-7,0.9362164396694327,0.06378332292030754
4980.0,0.006508142416849154,0.9765172886612447,0.01697456892190619
5600.0,0.21341982560621728,0.7865801319831656,4.241061711929286E-8
5557.0,0.16713444382723716,0.7986165981146387,0.034248958058124244
5286.0,0.9999999703069955,5.659224465293831E-19,2.9693004546806147E-8
6542.0,8.39308476356641E-6,0.9978127786093348,0.002178828305901577
5760.0,0.009711287640413492,0.6010875696469482,0.38920114271263834
6035.0,0.021333661496494686,0.9786662136295252,1.2487398007614407E-7
6301.0,0.016812090515041442,0.653262833522869,0.32992507596208964
6725.0,3.887236145946347E-6,0.9997251049300757,2.7100783377850406E-4
5451.0,1.6532989307364268E-4,0.5337043522550721,0.46613031785185427
5208.0,1.8525289521787632E-13,0.999999986632699,1.336711582789047E-8
5087.0,0.024825422088559382,0.7899378472974837,0.18523673061395685
5758.0,0.05603951757503258,0.9379622272853536,0.0059982551396138145
6512.0,0.11606965120993572,0.8691505189416767,0.014779829848387672
6243.0,0.04315949032577994,0.9459219447994596,0.010918564874760592
5997.0,2.9581135945747366E-5,0.2259976331871365,0.7739727856769177
5466.0,0.26614936343787426,0.7338506365486234,1.3502294933955493E-11
6740.0,0.31237957215105755,0.6099307567489274,0.0776896711000151
5070.0,8.359863368518016E-13,0.9311212820682354,0.06887871793092859
5193.0,0.38351317565669213,0.6164868220399247,2.3033833355742764E-9
6497.0,0.9999789093543533,1.9430154611699063E-5,1.6604910351810971E-6
5743.0,0.20324983913967348,0.7874946429255267,0.009255517934799675
6012.0,0.00822350564789804,0.9800846548867835,0.01169183946531831
6258.0,2.466657009335949E-14,0.9416808398396945,0.058319160160280804
5540.0,0.0011830744870053827,0.5643321591101336,0.43448476640286093
5303.0,0.5204438844219408,0.4790728697964776,4.8324578158160736E-4
5777.0,0.9999999999401996,3.032334651106619E-11,2.9477066439939095E-11
6559.0,9.472259199614776E-5,0.021758518613925203,0.9781467587940788
6284.0,0.013455424011435506,0.8970488623817412,0.08949571360682347
6018.0,2.0084528478653983E-10,0.9999994318358496,5.679633051713088E-7
5100.0,0.22605410528714773,0.7735245074696356,4.213872432166449E-4
5227.0,8.562136390270311E-9,0.01608736194261715,0.9839126294952466
6774.0,6.513669008553822E-4,0.6212552082433191,0.3780934248558254
5496.0,0.0013538961166902738,0.9980328418822613,6.132620010484601E-4
6224.0,0.6179981655087035,0.26621535151291315,0.11578648297838333
5982.0,0.5442767355815105,0.4541825020653379,0.0015407623531517429
5709.0,0.027321568985858413,0.07425252628836762,0.8984259047257739
6467.0,0.003963440528937666,0.9938843010430339,0.002152258428028552
5269.0,0.021844989373760264,0.8476275249484633,0.1305274856777764
6792.0,7.432063067818236E-10,0.2851207332590213,0.7148792659977724
6048.0,0.9376309960987609,0.06236231557083528,6.688330403723502E-6
6318.0,0.019097839958622447,0.9319388130886512,0.04896334695272624
6589.0,7.388743226099344E-5,0.9976657220626928,0.0022603905050464046
5811.0,0.4423161104790807,0.5558351416540181,0.0018487478669010975
5252.0,0.4868004029047843,2.5809511699600536E-6,0.5131970161440458
5527.0,0.9902402994593301,0.009759700539794159,8.757145265860765E-13
6335.0,0.11634701197049409,0.5163862152711652,0.3672667727583407
6065.0,0.0039818942804350915,0.967802920763079,0.02821518495648596
5794.0,0.12054472779476298,0.8121750717488818,0.06728020045635522
6572.0,0.9015864747175502,0.09357689462379959,0.004836630658650292
5242.0,2.921815437350811E-10,0.06463121577718246,0.9353687839306359
5117.0,9.397640514807691E-5,0.99990550764159,5.15953261865815E-7
5481.0,6.190087549507127E-4,0.707990352365257,0.29139063887979233
5967.0,0.8217505105066948,0.17706837250226867,0.0011811169910365036
6209.0,0.07591553304555418,0.8992187056717837,0.02486576128266195
6482.0,0.0020367808683283395,0.7897653022689467,0.20819791686272485
5724.0,0.0011113965800501366,0.998887397768554,1.2056513960168685E-6
6648.0,3.275886039997701E-11,0.37479686206375135,0.6252031379034898
6379.0,0.024875709340945962,0.8856735448709956,0.08945074578805842
6117.0,1.3584511247317781E-5,0.9999855027715788,9.12717173898518E-7
5571.0,0.5137032627183792,0.4839287680251605,0.002367969256460355
5328.0,6.635401126430365E-11,0.7758826980014856,0.22411730193216042
4951.0,2.208003235398454E-8,0.9391112476137132,0.060888730306254336
6406.0,5.7505630113353496E-8,0.03314589649241889,0.966854046001951
5640.0,0.19784072856095414,0.7539775153745648,0.04818175606448096
5915.0,0.44884948240397404,0.5293798787245863,0.02177063887143978
6165.0,0.8438783852490593,0.15603864234559417,8.297240534637192E-5
5437.0,0.23623212702409477,0.7601674522250528,0.0036004207508524284
6707.0,0.12047464421638182,0.5047650716610214,0.3747602841225968
5033.0,1.6957876516862068E-8,0.8187316870231349,0.18126829601898845
5166.0,4.406196018143166E-4,0.4675863463135398,0.5319730340846458
5657.0,0.9999405025572069,5.9497440849937884E-5,1.9432762420925153E-12
6148.0,7.68530953889282E-6,0.2272613930369516,0.7727309216535095
5898.0,2.7094195582804053E-9,0.013696186351996662,0.9863038109385837
6690.0,0.999999994950403,1.326751101957654E-12,5.048270285062188E-9
5420.0,0.981909160822124,0.018070733713742706,2.0105464133321513E-5
5183.0,1.0262576390114216E-5,1.0048866949019205E-8,0.999989727374743
5048.0,2.6575823713203187E-8,0.7485999758442163,0.25139999757995984
6633.0,1.9427804329880082E-9,0.9108343175848387,0.08916568047238088
5863.0,0.3060553386792654,0.6834112458264514,0.010533415494283134
6132.0,1.2590272488119387E-13,1.2653218277689168E-5,0.9999873467815963
6394.0,1.4298758803085416E-8,0.7427418386877771,0.2572581470134641
5586.0,1.2093963366951828E-7,0.7484783132241699,0.25152156583619656
4934.0,0.01739839480409089,0.9772140397826852,0.005387565413223877
5313.0,0.004895928267805787,0.9735597951503918,0.021544276581802507
5928.0,0.9946850086846779,0.005314991276788599,3.853361949848521E-11
6182.0,0.01557478991963136,0.980129167555978,0.004296042524390606
6453.0,0.9999999999999105,3.719755480770568E-17,8.940523232995037E-14
5691.0,0.006260917819277191,0.43391665631039344,0.5598224258703295
5149.0,0.9911075527833141,0.008873158333424851,1.9288883261117894E-5
5018.0,0.9938220267419988,0.006177973219661618,3.833979426793196E-11
5390.0,0.08244029926463699,0.9138130540784337,0.0037466466569291844
6656.0,0.9404659207083449,0.05946687583177783,6.720345987721258E-5
6360.0,0.005531615962785769,0.8835371371558636,0.11093124688135067
6102.0,2.167345423114871E-8,0.9993325862628694,6.673920636763921E-4
5829.0,0.0026877466941504923,0.6636636271063641,0.33364862619948543
6603.0,0.2704804886761922,0.7202768472398345,0.009242664083973253
4964.0,5.1591224300374435E-18,0.04354257248729509,0.956457427512705
5347.0,2.5932833888362306E-4,0.3882614723784002,0.6114791992827162
5616.0,0.038826554126190356,0.9053777795237344,0.05579566635007521
6087.0,1.049136862767061E-4,0.332235673082515,0.6676594132312083
6345.0,0.2941004511862292,0.6892216349516276,0.016677913862143345
5844.0,3.6530737943692393E-8,0.5687426156468931,0.43125734782236896
5362.0,0.7833159679916265,0.2166840313565062,6.518673458176473E-10
4981.0,0.00351143152694716,0.9705795656784394,0.025909002794613632
5601.0,0.0025606323559291522,0.9745020666824705,0.022937300961600467
5945.0,4.615925659809024E-6,0.9968538338365887,0.003141550237751644
5674.0,4.951818287469548E-7,0.09360667744117619,0.9063928273769951
6436.0,0.02557795151394905,0.9144569920703383,0.059965056415712606
5003.0,0.3113555033556302,0.6852650551926986,0.003379441451671069
5132.0,0.005938804815982911,0.983983201846738,0.01007799333727893
6673.0,0.0011845482007581242,0.9126435009840369,0.08617195081520496
5407.0,0.3611272917964466,0.638872642708248,6.549530549002799E-8
5450.0,0.0276795567582879,0.5478022717284843,0.42451817151322785
6724.0,0.6066789760634556,0.39118342698745473,0.002137596949089688
5209.0,0.0027376780365141497,0.7244002224215459,0.27286209954193996
5086.0,8.864635043931771E-13,0.9603591248556953,0.039640875143418255
6513.0,0.9993227790208387,6.772153472783699E-4,5.631882788935546E-9
5759.0,0.0840712416152501,0.8578813889999162,0.05804736938483379
5996.0,2.2528727637010877E-19,0.999999999996839,3.1609369622885482E-12
6242.0,0.277808809506442,0.7136847570640953,0.008506433429462707
5556.0,0.8934535593615065,0.10652842531482906,1.8015323664441626E-5
5287.0,0.5901910533893966,0.4090954366736708,7.135099369325091E-4
5761.0,0.2649809127628732,0.7325627572405964,0.0024563299965304616
6543.0,0.4811370734005894,0.5188298702203499,3.305637906067954E-5
6300.0,0.6843526159822361,0.3154913649063993,1.5601911136464098E-4
6034.0,0.24979999189090624,0.7459539448467639,0.004246063262329968
5541.0,0.013733321637304704,0.9690659149424337,0.01720076342026167
5302.0,4.5778278357075225E-10,0.39315450872551344,0.6068454908167038
6558.0,3.3560472984794584E-10,0.9817932351435944,0.01820676452080088
5776.0,3.3041158150076793E-6,0.9451430837221814,0.054853612162003657
6019.0,0.999999901935137,9.8064837224501E-8,2.579061927360112E-14
6285.0,0.9999942096005074,5.6238633202129706E-8,5.734160859380759E-6
5467.0,0.446552305307896,0.5479503840428573,0.0054973106492466
5071.0,0.713809850104393,0.2818730860514826,0.004317063844124374
5192.0,0.8470222815762856,0.15172396653090264,0.0012537518928118505
5742.0,0.0035349045801044104,0.9897552120719816,0.006709883347913926
6259.0,6.360478920837012E-5,0.691989062127045,0.3079473330837465
6013.0,0.36733400368922337,0.6290739706198019,0.0035920256909747626
5268.0,0.17853338204368985,0.8209652836315262,5.013343247838696E-4
6793.0,1.1164529312521927E-9,0.9999946158399063,5.383043640783953E-6
5511.0,0.6241847374543444,0.37581477461025664,4.879353988868732E-7
6319.0,0.9984049987296695,0.0015944207211747333,5.805491558836252E-7
5810.0,0.08142593831043424,0.917670378917226,9.036827723398305E-4
5101.0,0.15384608825469176,0.8461539115842779,1.610302622054622E-10
5226.0,2.4362448075478612E-4,0.9994206157464175,3.357597728276112E-4
5497.0,0.2731174102781722,0.7231942705628458,0.003688319158981959
6775.0,0.009024397948615169,0.9086891842819247,0.08228641776946014
5983.0,0.06222571665752293,0.9105998729343545,0.027174410408122563
6225.0,0.003441836873339203,0.9965575569813658,6.061452950091964E-7
6466.0,0.026963455326801285,0.9409961791218325,0.03204036555136632
5708.0,1.2813882750962744E-15,0.42819391028025705,0.5718060897197417
5116.0,0.6773752041738781,0.32097156179873393,0.0016532340273880605
6758.0,0.957113893060736,0.04164525149884414,0.0012408554404199075
5480.0,0.0011340558065532104,0.7674635103274726,0.2314024338659742
6208.0,0.9961837466918657,0.0038162164643474224,3.684378685676732E-8
5966.0,8.736487787454367E-5,0.9126479288821973,0.0872647062399282
5725.0,4.2379428959152774E-7,0.029132557142357445,0.9708670190633529
6483.0,0.6699250074006895,0.3298331467390569,2.4184586025365656E-4
5253.0,0.4628388322476828,0.5352554782462613,0.0019056895060560039
5526.0,0.02626113110536717,0.5387413610307893,0.43499750786384356
6808.0,2.1834134762670884E-6,0.5498070730229087,0.45019074356361505
6064.0,0.09653601025487642,0.8992163342432341,0.0042476555018894375
6334.0,0.5154748989367207,0.48384759351252743,6.775075507516971E-4
6573.0,0.9999999873250375,8.710175293656689E-10,1.1803944937760173E-8
5795.0,0.28155879531940425,0.7104887731546693,0.007952431525926434
5400.0,0.10112966882273994,0.8677218113706772,0.031148519806582817
6678.0,0.9517471731638908,0.04825282682851269,7.596556000477817E-12
5004.0,0.11559499020364261,0.884404810544721,1.992516363976293E-7
5131.0,3.8363171327341874E-8,0.6633929847747363,0.3366069768620924
6435.0,4.713331675495312E-9,0.6954151015852198,0.3045848937014485
5677.0,0.11816806481470693,0.8802318611201312,0.0016000740651618604
5950.0,0.031156234110932907,0.044849731789526004,0.9239940340995411
6192.0,0.9925544119000206,0.007445588080681101,1.9298403446575503E-11
5606.0,1.5035565291432696E-17,0.1366765628950179,0.863323437104982
5365.0,0.14266543551848526,0.8496954215483512,0.007639142933163544
4978.0,0.6748233259242301,0.324648363453565,5.283106222049189E-4
5843.0,6.87503393926745E-4,0.7732469908828681,0.2260655057232052
6621.0,0.9588980204098092,0.04109368527819439,8.294311996442454E-6
6350.0,0.24677699731297525,0.6083783341237408,0.14484466856328396
6080.0,0.03717958833776691,0.9623344140194997,4.8599764273341944E-4
5623.0,3.9852974514610856E-4,0.9149386571292162,0.08466281312563764
4963.0,0.9974249050782492,0.00257461159537927,4.833263715565856E-7
5348.0,0.6620153574118119,0.33798453188766514,1.1070052299939801E-7
6604.0,0.7576459884774563,0.24228083119458052,7.318032796319764E-5
5826.0,0.02574567664351044,0.5071190772598017,0.4671352460966879
6097.0,1.5145572039122432E-7,0.9999366882301414,6.316031413820026E-5
6367.0,0.9871831978162714,0.01281680218372854,1.4409676520917372E-17
5385.0,1.0386270289770204E-10,0.6512358652327447,0.3487641346633927
5146.0,0.18546794263774236,0.8115169710814376,0.0030150862808199876
5021.0,0.3580449362902182,0.6419550599586729,3.751108960602302E-9
5692.0,5.0843332055644646E-8,0.6728073585832172,0.32719259057345074
6450.0,0.3725785930689628,0.6201330272768937,0.007288379654143498
6177.0,0.2211663709220837,0.7385285458695607,0.0403050832083555
5935.0,2.6375427949546937E-11,0.3844622300516136,0.6155377699220109
4929.0,0.06138564178603008,0.9233270905052348,0.015287267708735156
5318.0,6.287132655901788E-8,0.5998453953046401,0.40015454182403326
5589.0,0.9168239673776217,0.0831757667335472,2.6588883104133405E-7
6131.0,0.035236990326495306,1.4799671536672244E-5,0.9647482100019681
5856.0,0.03358231071123224,0.96517741856964,0.001240270719127784
6638.0,0.9119435715036858,0.08805642341008928,5.0862248620304194E-9
5176.0,0.21559588562601853,0.7600922005560303,0.024311913817951083
5055.0,5.512318274561045E-13,0.4887143554473206,0.5112856445521281
5419.0,1.0757471659559175E-12,0.0400492393071646,0.9599507606917597
6693.0,0.19389107191687988,0.6833090643238142,0.12279986375930599
5901.0,0.2682759376236695,0.7311221330834189,6.019292929115476E-4
6147.0,3.015238223073046E-8,0.9291113366054903,0.07088863324212748
6416.0,0.007938130342907721,0.547214233462865,0.4448476361942273
5662.0,3.251785668136849E-7,0.9998252059133363,1.7446890809682592E-4
5038.0,0.83488604311568,0.1651024327183847,1.1524165935184267E-5
5161.0,4.2037911150153205E-11,0.9999980383825054,1.961575456656532E-6
6708.0,0.8008462892457827,0.1974359635186146,0.0017177472356026946
5434.0,0.14943700745911684,0.41767260660521216,0.43289038593567103
6162.0,0.004458041676878545,0.9531768255740771,0.042365132749044354
5916.0,0.03350625324810659,0.934858757490598,0.03163498926129549
5647.0,0.9464594952426086,0.05354050475738717,4.118100107096941E-15
6401.0,0.3428173605195933,0.6571826346308225,4.8495842427645E-9
5335.0,1.7762766697242122E-9,1.8720769406449164E-9,0.9999999963516464
4944.0,7.305874046222131E-10,0.9999999893006225,9.968790185308145E-9
5572.0,2.841954635180014E-8,0.12558218130563828,0.8744177902748154
6114.0,3.4105236664833367E-9,3.879532260292665E-9,0.9999999927099441
6380.0,2.5056119598439596E-11,0.8174113812033083,0.18258861877163562
6655.0,0.6734251735888714,0.32610970022217434,4.6512618895421984E-4
5873.0,6.574369406733396E-5,0.2372109103450687,0.762723345960864
5796.0,0.9767328748302417,0.02326712499661289,1.731454827109312E-10
6570.0,0.0698847440367169,0.8899404135405152,0.040174842422767865
6329.0,0.9878605298597813,0.012136910767588546,2.5593726301823307E-6
6071.0,0.9999979790743138,2.6000577772253977E-8,1.9949251084029867E-6
5521.0,0.7562315174350123,0.24363151227875363,1.3697028623417667E-4
5250.0,1.9166356066763916E-6,0.9665730518132845,0.03342503155110884
6484.0,0.008806237422450163,0.9911935398949635,2.2268258616333222E-7
5722.0,0.18061427338062508,0.815902391611818,0.003483335007556935
5961.0,0.0042117928237954926,6.128834169405804E-9,0.9957882010473703
6215.0,0.0019065436676814155,0.9473141977995927,0.050779258532725906
5487.0,1.3710596832315595E-11,0.2809742650991578,0.7190257348871316
6753.0,5.65197128379981E-12,0.062069052422421375,0.9379309475719266
5244.0,0.9999999949509419,4.745397764314352E-9,3.036602483779929E-10
5115.0,1.725053652227097E-8,0.24957644472380272,0.7504235380256609
5707.0,7.688140476639786E-6,0.5810313625044383,0.41896094935508504
6469.0,0.6151878194232515,0.38476915955854385,4.30210182046104E-5
6230.0,2.2095673810046615E-12,0.19511030561180162,0.8048896943859888
5976.0,0.004776012850345895,0.9907100423180186,0.004513944831635425
6768.0,7.494245934106043E-9,0.1095832055747291,0.8904167869310249
5502.0,0.9956268962481385,0.004373070619311,3.313255038775043E-8
5098.0,0.2276314142276897,0.7711610713775742,0.001207514394736045
5229.0,1.8156593967736226E-25,0.999999825490022,1.7450997803013062E-7
6587.0,0.016198760142509063,0.9282248143997011,0.055576425457789895
5813.0,0.9767984638792638,0.02320153610147477,1.9261403289745292E-11
6054.0,3.6762838902407506E-6,0.9999963221915089,1.5246007701737034E-9
6312.0,3.244764313813236E-10,0.8326516435852137,0.16734835609030993
5504.0,0.06316755231529925,0.9256696684570377,0.011162779227663157
6798.0,0.8513147993395219,0.14856190635921204,1.232943012659518E-4
5267.0,0.023183037696531475,0.6139694387792566,0.3628475235242119
6010.0,0.029771230762022417,0.7692589524372491,0.20096981680072842
6260.0,0.47126427264679804,0.5279822056901605,7.53521663041474E-4
6503.0,3.053472803289276E-9,0.930320529914289,0.0696794670322382
5737.0,0.9789122999876263,0.021073385006926494,1.431500544706545E-5
5064.0,6.181861720117071E-10,0.008982615201341585,0.9910173841804721
5199.0,0.09422924301745227,0.6196385700321737,0.2861321869503741
5468.0,0.02024548796029164,0.9778567150401061,0.0018977969996022033
6738.0,0.006878694627242697,0.9374458222702126,0.055675483102544866
6282.0,0.19253057474159374,0.7972874495488822,0.010181975709524086
6020.0,0.0076217545072610375,0.8834594174262581,0.10891882806648087
6553.0,2.40283793950711E-9,0.9667632467193059,0.033236750877856165
5297.0,0.8641451180180019,0.13585487593500048,6.0469976945262105E-9
4918.0,0.6984007911499174,0.30159920298938614,5.8606963389935665E-9
5538.0,0.7614982631710234,0.23808698743798717,4.1474939098930176E-4
6037.0,0.5861746017975469,0.3700753227730336,0.04375007542941952
6299.0,2.2631208869608172E-7,0.3260139583634483,0.673985815324463
6536.0,8.285367152524196E-9,4.531171022355466E-5,0.9999546800044093
5766.0,0.8371621694574921,0.16273737353029324,1.0045701221470683E-4
5280.0,0.002089430431488902,0.9979092997024097,1.269866101263344E-6
5555.0,1.9581119850373025E-13,5.400714418077074E-4,0.9994599285579966
6245.0,0.13319805474533264,0.6593873568555675,0.20741458839909996
5995.0,0.8218634271319788,0.1779357014796279,2.0087138839337926E-4
5752.0,0.057981419990320644,0.7746224124628005,0.16739616754687878
6518.0,4.870312979948592E-4,0.8138853480444889,0.1856276206575162
5214.0,0.003842828668622966,0.6027120729203395,0.3934450984110374
5081.0,3.6627114193136915E-4,0.9824425645908502,0.017191164267218374
6723.0,0.9709353003923747,0.029064690722700254,8.884924998286089E-9
5453.0,0.40193381866295486,0.5855696717128585,0.012496509624186702
5607.0,0.2208158720599218,0.7779503775676474,0.0012337503724307785
5364.0,0.13587110898732443,0.8641285157862567,3.7522641894983827E-7
4979.0,9.146452610400961E-4,0.9955349737133068,0.003550381025653094
6620.0,0.0012649654701584632,0.748850086378789,0.24988494815105244
5842.0,1.019076722555492E-15,0.7375336661121656,0.2624663338878334
6081.0,3.0527707313308074E-8,0.9689059114231159,0.0310940580491769
6351.0,0.02001637246751074,0.7818551910817823,0.19812843645070696
6679.0,0.9101619338189831,0.08982406422385256,1.400195716432509E-5
5401.0,4.792032817993305E-10,0.969488272626949,0.03051172689384764
5005.0,3.664426708128875E-8,0.9945804864769584,0.005419476878774693
5130.0,1.5163785320771366E-10,0.1997675323905167,0.8002324674578455
5676.0,0.4246062964916725,0.5126274786185625,0.06276622488976506
6434.0,4.4901890561394115E-5,0.9999550981094212,1.733781196082319E-14
6193.0,0.08780849269982102,0.8630460553453906,0.04914545195478848
5951.0,0.9999999992620994,3.0731741059035593E-10,4.3058306453805787E-10
5384.0,0.11809922531651594,0.8549942887898291,0.026906485893655036
6662.0,0.23804626129712134,0.7568112209121888,0.00514251779068999
5147.0,0.015669413886456856,0.9462144742337056,0.03811611187983748
5020.0,0.021118982894245797,0.8551340079483742,0.12374700915737977
6451.0,0.0012569568297661666,0.8171438698563398,0.18159917331389414
5693.0,5.581825251101318E-7,0.9999994280150964,1.3802378451736526E-8
5934.0,0.4021813110296234,0.5972133632728607,6.053256975158646E-4
6176.0,0.0017430272168128893,0.39457750955489196,0.6036794632282951
5622.0,0.18104497221343513,0.8115253331374179,0.007429694649146983
4962.0,0.9996261264127707,9.842794623415198E-8,3.7377515928298726E-4
5349.0,0.060131935288186805,0.9395733627695608,2.947019422524944E-4
6605.0,0.0020878259586760333,0.14266213863973798,0.8552500354015861
6366.0,0.9985539561798776,2.743135857842037E-7,0.0014457695065365893
