6393.0,0.06993877885969797,0.5265084067377915,0.40355281440251056
6135.0,0.06004565901646007,0.5706920928579778,0.3692622481255621
5860.0,0.05213471318032157,0.4918671742935947,0.45599811252608374
6634.0,0.3566087103893557,0.6042242873540491,0.03916700225659522
4933.0,0.026029974993876992,0.5223203492717554,0.45164967573436765
5585.0,0.03161178793949874,0.8457362870139397,0.12265192504656175
5897.0,0.03161178819722092,0.8457362892012686,0.12265192260151042
6151.0,0.017452495548666618,0.47869054352057033,0.5038569609307629
6420.0,0.028267583913885633,0.8850333081967228,0.08669910788939159
5658.0,0.6809817660875862,0.3134884385505184,0.005529795361895424
5180.0,0.404686313517109,0.5798408578169357,0.015472828665955299
5051.0,0.022759578751085238,0.8554301478883355,0.12181027336057927
5423.0,0.06004554414074376,0.5706908993763871,0.36926355648286924
6689.0,0.3546643614817514,0.6193882909101586,0.02594734760808996
6166.0,0.02600242370303708,0.5218386023140417,0.45215897398292126
5912.0,0.0797088434056715,0.8566450977104074,0.06364605888392114
5643.0,0.017452495548666618,0.47869054352057033,0.5038569609307629
6405.0,0.015311515857811703,0.5168571948033507,0.46783128933883755
5034.0,0.06552054081060749,0.8334426603210839,0.10103679886830864
5165.0,0.036428133805410864,0.8397987032746443,0.12377316291994477
6704.0,0.022772090550981387,0.8536103333739778,0.12361757607504077
5438.0,0.3739854229078177,0.590893749882988,0.03512082720919427
6118.0,0.021717416688658227,0.5167934135791752,0.4614891697321665
6376.0,0.021717416688658227,0.5167934135791752,0.4614891697321665
6651.0,0.4036567062952709,0.5808167538969171,0.015526539807811929
5877.0,0.05275948426067893,0.4198170843383322,0.5274234314009888
5331.0,0.39359462115168936,0.5755348423051322,0.030870536543178426
4948.0,0.04109871735493216,0.856940677650784,0.1019606049942839
5568.0,0.01698087184204647,0.5689921840850725,0.41402694407288115
5673.0,0.07388858395875984,0.88994249561378,0.03616892042746001
5946.0,0.6809817660875872,0.31348843855051745,0.005529795361895383
6196.0,0.37535588033640105,0.6009052930417209,0.023738826621878033
5404.0,0.0656954067188868,0.8334086841947123,0.10089590908640092
5000.0,0.7118426128202934,0.28131036027929135,0.006847026900415244
5135.0,0.011529183293187013,0.4406550366860837,0.5478157800207293
5847.0,0.07934564047722771,0.6699179437389283,0.25073641578384404
6617.0,0.3548145101807056,0.6103107294404471,0.03487476037884746
6346.0,0.7118400170845242,0.2813128402674553,0.006847142648020639
6084.0,0.6768939161778463,0.31583448348476567,0.007271600337388001
5602.0,0.7420607039068727,0.2558741400542404,0.0020651560388869044
5361.0,0.5179536924672833,0.4674400607634786,0.014606246769238133
4982.0,0.3975300485311536,0.571940675189042,0.03052927627980441
6600.0,0.4852320726968518,0.495436525143326,0.019331402159822226
5830.0,0.016396092228558052,0.47161429711966824,0.5119896106517737
6101.0,0.3975440919957119,0.5719278442649358,0.030528063739352337
6363.0,0.061800960126597894,0.4176458693956237,0.5205531704777783
5619.0,0.3508268052154522,0.6228237000939549,0.026349494690592973
4967.0,0.5179536924241863,0.4674400608042875,0.01460624677152619
5344.0,0.025502031521331,0.8452608182479263,0.12923715023074267
5688.0,0.04456456631392843,0.5636597577961903,0.3917756758898812
6454.0,0.7118426737689448,0.2813103014390358,0.006847024792019438
6181.0,0.028265976070482424,0.8850327156513261,0.08670130827819147
5931.0,0.07970884340549908,0.8566450977114661,0.06364605888303478
6659.0,0.05275947769175419,0.419817084263171,0.5274234380450749
5389.0,0.012377031321026792,0.4498409982603096,0.5377819704186636
5150.0,0.5179536924512733,0.46744006077863853,0.014606246770088123
5017.0,0.7138773692325238,0.27594988173240664,0.010172749035069513
5068.0,0.3739846141928335,0.5908944655808623,0.03512092022630415
5195.0,0.01106123187743814,0.40906129861841944,0.5798774695041423
5464.0,0.06751853460446294,0.5217175079532842,0.41076395744225297
6742.0,0.011061231877288535,0.40906129861331997,0.5798774695093916
6014.0,0.02289441464554842,0.5121642964541278,0.46494128890032377
6256.0,0.7799735588811386,0.21497122668002866,0.005055214438832704
6499.0,0.02289449186807981,0.512164326395035,0.4649411817368852
5741.0,0.011061231877299599,0.4090612986136971,0.5798774695090033
5301.0,0.10344739077500564,0.8160287027137398,0.0805239065112545
5542.0,0.35481458261748994,0.6103106643304799,0.03487475305203018
6286.0,0.3548145826174838,0.6103106643304854,0.034874753052030805
6016.0,0.08884566930348381,0.8029009840104254,0.1082533466860909
5779.0,0.02550203612328385,0.8452609284428726,0.12923703543384366
6557.0,0.02171741668897716,0.5167934135802292,0.4614891697307936
5284.0,0.7449752723853775,0.25145725308541517,0.0035674745292073404
5559.0,0.06993877885969797,0.5265084067377915,0.40355281440251056
6033.0,0.7003152913928139,0.2969992375417384,0.0026854710654476937
6303.0,0.7450421722752192,0.2513916560651653,0.0035661716596155145
6540.0,0.08122106921897712,0.8927745743420537,0.026004356438969214
5762.0,0.05275948426067893,0.4198170843383322,0.5274234314009888
5210.0,0.041114589639342475,0.8570721325563521,0.10181327780430545
5085.0,0.5179536924672686,0.4674400607634925,0.01460624676923877
6727.0,0.04056062706820965,0.8175233610726685,0.14191601185912184
5449.0,0.03642813385169236,0.8397987036454772,0.1237731625028303
6241.0,0.5179536924672833,0.4674400607634786,0.014606246769238133
5999.0,0.022894411003348193,0.5121642413220912,0.4649413476745607
5756.0,0.06004554414074376,0.5706908993763871,0.36926355648286924
6514.0,0.07716286635301137,0.8828259259129817,0.04001120773400684
5254.0,0.3739851473705773,0.5908939857036639,0.03512086692575866
5792.0,0.06004554414074376,0.5706908993763871,0.36926355648286924
6574.0,0.029037700520245496,0.9006035035342237,0.07035879594553078
6333.0,0.01793392709574554,0.6331136326119088,0.3489524402923457
6067.0,0.3548145825738113,0.6103106643697405,0.034874753056448174
5483.0,0.4003904386267394,0.565609522797936,0.034000038575324625
6757.0,0.3566087103893557,0.6042242873540491,0.03916700225659523
5240.0,0.7662332946400713,0.23221240625584033,0.001554299104088391
5119.0,0.04456456641154622,0.5636597582198909,0.39177567536856295
6480.0,0.030213554187141466,0.9000738171377891,0.06971262867506935
5726.0,0.011110234931320314,0.4107312086541842,0.5781585564144954
5965.0,0.08482611913407341,0.8893927610593708,0.025781119806555702
6772.0,0.012144850702594868,0.40243980461111684,0.5854153446862883
5498.0,0.015311596094941888,0.5168597205145113,0.4678286833905467
5102.0,0.06625572117273094,0.47707044679696575,0.4566738320303034
5225.0,0.06460789416107261,0.8326226004650067,0.1027695053739207
5711.0,0.3753558818145929,0.6009052916555379,0.02373882652986923
6465.0,0.37398514737141847,0.590893985702944,0.03512086692563743
6226.0,0.04079103573840967,0.8303897689566908,0.12881919530489946
5980.0,0.019017481343320736,0.6014922093147372,0.37949030934194206
5508.0,0.08884270536842707,0.8028465168004312,0.10831077783114178
6794.0,0.37535588199786346,0.6009052914836751,0.023738826518461466
5271.0,0.06993877886036791,0.5265084067460033,0.4035528143936289
6591.0,0.11920271855869836,0.8051413147976739,0.07565596664362777
5809.0,0.016396092228558073,0.4716142971196685,0.5119896106517734
6050.0,0.40331740834891877,0.5811295554406308,0.015553036210450398
6316.0,0.015326559799601661,0.5173307170147319,0.4673427231856664
6150.0,0.05164138567807854,0.8814775397907383,0.06688107453118312
5896.0,0.05768205356798453,0.8415156698696727,0.10080227656234284
5659.0,0.016396092228558052,0.47161429711966824,0.5119896106517737
6421.0,0.011061232150707397,0.40906130793349793,0.5798774599157945
5181.0,0.3566087103893557,0.6042242873540491,0.03916700225659522
5050.0,0.011061231877288535,0.40906129861331997,0.5798774695093916
6688.0,0.3566087103893557,0.6042242873540491,0.03916700225659522
5422.0,0.02831108625387316,0.8850117696832293,0.08667714406289741
6134.0,0.016396092228558052,0.47161429711966824,0.5119896106517737
6392.0,0.017452495548666618,0.47869054352057033,0.5038569609307629
6635.0,0.5179536924672833,0.4674400607634786,0.014606246769238133
5861.0,0.025502036026236356,0.8452609261240943,0.12923703784966933
4932.0,0.06268075775275833,0.5157534220051749,0.4215658202420667
5315.0,0.05164138567885835,0.8814775397917292,0.06688107452941262
6377.0,0.08247587027570104,0.8697393138482721,0.047784815876026766
6119.0,0.3566087103893559,0.604224287354049,0.03916700225659519
5876.0,0.06180073581904358,0.41764311922859704,0.5205561449523594
6650.0,0.3356917692872184,0.6018702583444613,0.06243797236832026
5330.0,0.015311515857811703,0.5168571948033507,0.46783128933883755
4949.0,0.40036467251841495,0.5656332429793968,0.03400208450218833
5569.0,0.40016979602875163,0.5658126268994008,0.034017577071847535
5913.0,0.011529183291912808,0.44065503664873973,0.5478157800593475
6167.0,0.06004554414074376,0.5706908993763871,0.36926355648286924
6404.0,0.4003927741673882,0.5656073212856612,0.03399990454695059
5642.0,0.7138773692325238,0.27594988173240664,0.010172749035069513
5035.0,0.021717416688658817,0.5167934135791773,0.4614891697321639
5164.0,0.08482611924429219,0.889392760781672,0.025781119974035906
5439.0,0.012144724336146395,0.40243820116931633,0.5854170744945373
6616.0,0.015311515857811703,0.5168571948033507,0.46783128933883755
5846.0,0.44986982304143897,0.5210681621531458,0.029062014805415315
6085.0,0.015311515858102195,0.5168571948124947,0.46783128932940315
6347.0,0.7799735588814077,0.21497122667976637,0.00505521443882593
5603.0,0.05152129945516459,0.4704918962531753,0.4779868042916601
5360.0,0.022894411003348193,0.5121642413220912,0.4649413476745607
4983.0,0.021717416692125922,0.5167934136869642,0.46148916962090986
5672.0,0.40468631085789614,0.5798408603943009,0.01547282874780301
6438.0,0.036428255329668875,0.8397987099763483,0.1237730346939829
6197.0,0.5634530398928053,0.4229828393886579,0.013564120718536837
5947.0,0.012144724336595848,0.40243820117994356,0.5854170744834607
6675.0,0.026007560047577365,0.5219283823176306,0.45206405763479207
5405.0,0.03570273086721792,0.8338377940424466,0.13045947509033548
5001.0,0.35082680528064614,0.622823700033111,0.026349494686242862
5134.0,0.6957585560694545,0.29884638232199484,0.005395061608550683
5689.0,0.028265976070482424,0.8850327156513261,0.08670130827819147
5930.0,0.6956544124313816,0.2989459177227165,0.005399669845901812
6180.0,0.01531151585781171,0.5168571948033509,0.4678312893388374
5388.0,0.3928234917372161,0.5781298018830224,0.02904670637976154
5151.0,0.03642813385169144,0.83979870364547,0.12377316250283853
5016.0,0.021717416688676546,0.5167934135797446,0.46148916973157883
5831.0,0.04541333240673561,0.8887310487949072,0.06585561879835725
6601.0,0.7420607183416913,0.2558741258934926,0.002065155764816014
6362.0,0.7138773692302837,0.27594988173454926,0.010172749035167072
6100.0,0.7450421503615487,0.2513916773063131,0.0035661723321380096
5618.0,0.06993899120586933,0.5265110094605031,0.4035499993336275
4966.0,0.3975440789020228,0.5719278562281072,0.030528064869870055
5345.0,0.011640865413851365,0.44392211103114954,0.5444370235549992
5300.0,0.5179536924672833,0.4674400607634786,0.014606246769238133
5543.0,0.742060718341692,0.255874125893492,0.0020651557648160013
6017.0,0.02276765018628156,0.8554380569707161,0.12179429284300244
6287.0,0.5894652030536351,0.39864781375992336,0.011886983186441533
6556.0,0.022894411003348193,0.5121642413220912,0.4649413476745607
5778.0,0.02565072375956899,0.566736161609747,0.40761311463068395
5069.0,0.041333656996301864,0.8230304409589131,0.13563590204478518
5194.0,0.6768114685622891,0.31591374370332276,0.007274787734388054
6743.0,0.5179509212303901,0.4674426848705035,0.014606393899106482
5465.0,0.35481458261748994,0.6103106643304799,0.03487475305203018
6257.0,0.02660577838000558,0.6882729060496692,0.2851213155703252
6015.0,0.3975440919958003,0.571927844264855,0.03052806373934469
6498.0,0.055632355360999516,0.4362842203018827,0.5080834243371178
5211.0,0.08884565453303679,0.8029007153638522,0.10825363010311097
5084.0,0.011061231885236363,0.4090612988842419,0.5798774692305217
5448.0,0.021717416688658245,0.5167934135791752,0.4614891697321665
6726.0,0.06182383838519811,0.4179264795286567,0.5202496820861451
5998.0,0.025502036124057555,0.8452609284465008,0.12923703542944182
6240.0,0.06993884875111575,0.5265092633937221,0.4035518878551622
6515.0,0.15313821657939655,0.8094055924489163,0.03745619097168716
5757.0,0.041418924751265594,0.8230663960706355,0.1355146791780988
5285.0,0.05275948426067893,0.4198170843383322,0.5274234314009888
5558.0,0.04456456650671844,0.5636597583154663,0.3917756751778152
6032.0,0.3975440740230776,0.571927860685801,0.0305280652911214
5763.0,0.3739637806529842,0.5909132152885627,0.03512300405845304
6541.0,0.03161040909938059,0.8457210054934007,0.12266858540721869
5482.0,0.35660870981160997,0.6042242878680283,0.0391670023203617
5241.0,0.07659816462815983,0.887344652968004,0.036057182403836145
5118.0,0.7118426741751737,0.2813103010507262,0.006847024774100105
6481.0,0.022894411003348193,0.5121642413220912,0.4649413476745607
6210.0,0.05164121861959318,0.881476147227955,0.06688263415245184
5964.0,0.7799735588814077,0.21497122667976637,0.00505521443882593
5524.0,0.6809817660875549,0.31348843855054837,0.0055297953618967275
5255.0,0.3566087103893557,0.6042242873540491,0.03916700225659522
6575.0,0.5178653995237912,0.4675216414096589,0.014612959066549863
6066.0,0.07024279474640072,0.5302512299992298,0.3995059752543694
6332.0,0.02552558727523235,0.845274327755923,0.12920008496884464
6795.0,0.37398514737057575,0.5908939857036654,0.03512086692575883
5509.0,0.05213471318032157,0.4918671742935947,0.45599811252608374
5270.0,0.392823492666421,0.5781298010463547,0.029046706287224222
5808.0,0.011529183291912808,0.44065503664873973,0.5478157800593475
6317.0,0.7450421723239878,0.2513916560178933,0.003566171658118858
6051.0,0.3928234515959122,0.5781298380267478,0.029046710377340128
5499.0,0.01532769827562627,0.5173665489770212,0.4673057527473527
6773.0,0.016396092228558052,0.47161429711966824,0.5119896106517737
5103.0,0.08244857311733253,0.8685271126255313,0.04902431425713615
5224.0,0.017452495548666618,0.47869054352057033,0.5038569609307629
6464.0,0.6768939159123659,0.3158344837382953,0.007271600349338794
5710.0,0.026002498993475183,0.5218399190017613,0.4521575820047636
5981.0,0.07965293474391924,0.8517892319982291,0.0685578332578516
6227.0,0.3547811003859785,0.6103405589913407,0.03487834062268084
5641.0,0.03161178669743258,0.8457362732490232,0.12265194005354406
6407.0,0.022894411008314543,0.512164241421722,0.4649413475699633
6164.0,0.6957585560688694,0.2988463823225608,0.005395061608569756
5914.0,0.049632023162584145,0.5072328515942268,0.4431351252431891
6706.0,0.373985147370572,0.5908939857036689,0.03512086692575919
5436.0,0.0765981646284483,0.8873446529677684,0.036057182403783306
5032.0,0.016396092228558052,0.47161429711966824,0.5119896106517737
5167.0,0.0174524955540352,0.4786905437342498,0.503856960711715
6649.0,0.7138773692325238,0.27594988173240664,0.010172749035069513
5879.0,0.3566087103893557,0.6042242873540491,0.03916700225659522
6116.0,0.04963235172514522,0.5071963916014983,0.4431712566733565
6378.0,0.7138713420397647,0.27595558684825805,0.010173071111977364
5329.0,0.028265976070482424,0.8850327156513261,0.08670130827819147
4950.0,0.6768939152327491,0.3158344843874652,0.0072716003797856634
5862.0,0.04456456638177894,0.5636597578817669,0.3917756757364541
6632.0,0.3566087077377078,0.6042242897130314,0.03916700254926077
6395.0,0.7138773692325238,0.27594988173240664,0.010172749035069513
6133.0,0.06197791750749633,0.41982186811418487,0.5182002143783188
5587.0,0.021717431414057596,0.5167938713003613,0.4614886972855811
4935.0,0.028265976070482424,0.8850327156513261,0.08670130827819147
5312.0,0.35481458261763277,0.6103106643303585,0.03487475305200863
6422.0,0.5179536919781109,0.46744006122668036,0.014606246795208746
5656.0,0.021202030543518265,0.442484498822194,0.5363134706342878
5899.0,0.012378450167494202,0.4498581203714431,0.5377634294610627
6149.0,0.022821449920332342,0.8440238225613593,0.13315472751830837
5421.0,0.3759072183727561,0.6004282369357441,0.023664544691499773
5182.0,0.04135381093161005,0.8230404683680993,0.1356057207002905
5049.0,0.05213471318032157,0.4918671742935947,0.45599811252608374
6103.0,0.017452495548666618,0.47869054352057056,0.5038569609307628
6361.0,0.011529183301301055,0.44065503692388736,0.5478157797748116
6602.0,0.742060718341692,0.255874125893492,0.0020651557648160013
5828.0,0.5179536924672833,0.4674400607634786,0.014606246769238133
4965.0,0.4046496059105623,0.5798756533168389,0.015474740772598807
5346.0,0.07970884340549908,0.8566450977114661,0.06364605888303478
5617.0,0.3548145826174905,0.6103106643304795,0.03487475305203009
6183.0,0.026002423702055348,0.5218386023114622,0.4521589739864825
5929.0,0.012144724336146575,0.40243820116931656,0.585417074494537
5690.0,0.01639609223537588,0.47161429727221543,0.5119896104924088
6452.0,0.017452495548669185,0.4786905435206723,0.5038569609306585
5148.0,0.016396092228558052,0.47161429711966824,0.5119896106517737
5019.0,0.041333473553990585,0.8230323368868521,0.13563418955915735
6657.0,0.055632355360999516,0.4362842203018827,0.5080834243371178
5391.0,0.06758419526477816,0.7905631119872595,0.14185269274796236
5944.0,0.025502036123408296,0.8452609284426826,0.12923703543390905
6198.0,0.04963235172634478,0.5071963916011836,0.4431712566724716
6437.0,0.6768652126209999,0.3158619010515778,0.007272886327422477
5675.0,0.637062981286173,0.3554934074933656,0.007443611220461436
5002.0,0.016396100975993075,0.4716144928412387,0.5119894061827683
5133.0,0.06993877885969797,0.5265084067377915,0.40355281440251056
5406.0,0.026002423702055348,0.5218386023114622,0.4521589739864825
6672.0,0.05213471318032157,0.4918671742935947,0.45599811252608374
6344.0,0.04456456638177894,0.5636597578817669,0.3917756757364541
6086.0,0.011529183357046556,0.4406550385576583,0.5478157780852952
5845.0,0.041114589171860595,0.8570721286870335,0.10181328214110581
6619.0,0.011529183291912808,0.44065503664873973,0.5478157800593475
5363.0,0.041333473553966785,0.8230323368866862,0.13563418955934714
4980.0,0.7081689101446538,0.28140899102861394,0.010422098826732215
5600.0,0.35660794565325366,0.6042249676852267,0.03916708666151966
5557.0,0.37535588199786346,0.6009052914836751,0.023738826518461466
5286.0,0.05275948426067893,0.4198170843383322,0.5274234314009888
6542.0,0.029037700520242585,0.9006035035342249,0.07035879594553245
5760.0,0.04406360140069356,0.8618323964173557,0.09410400218195063
6035.0,0.7118426743482735,0.2813103008853187,0.006847024766407754
6301.0,0.08884566932618582,0.8029009844259106,0.10825334624790368
6725.0,0.3928234931794592,0.5781298005844088,0.029046706236131974
5451.0,0.0655205408191049,0.8334426601951466,0.10103679898574866
5208.0,0.07970884340549908,0.8566450977114661,0.06364605888303478
5087.0,0.011529188638702878,0.44065519335069775,0.5478156180105994
5758.0,0.37398498761863874,0.5908941294855755,0.03512088289578573
6512.0,0.01531152014109606,0.5168573280532373,0.4678311518056667
6243.0,0.35481458261734233,0.6103106643306125,0.034874753052045106
5997.0,0.049632351726334234,0.5071963916010374,0.4431712566726284
5466.0,0.7799732945483417,0.21497148435725777,0.0050552210944005155
6740.0,0.35660871038933617,0.6042242873540664,0.03916700225659735
5070.0,0.06139544819945386,0.5846458910497991,0.353958660750747
5193.0,0.5179536924661561,0.467440060764546,0.014606246769297981
6497.0,0.08122106921897712,0.8927745743420537,0.026004356438969214
5743.0,0.4003927738204126,0.5656073215976355,0.03399990458195198
6012.0,0.0616376605842984,0.41773212037209734,0.5206302190436044
6258.0,0.017452495737038304,0.47869055101809843,0.5038569532448632
5540.0,0.0290378779376944,0.9005920189789753,0.07037010308333025
5303.0,0.07970884340549908,0.8566450977114661,0.06364605888303478
5777.0,0.7450421723239878,0.2513916560178933,0.003566171658118858
6559.0,0.055636399653929705,0.4363380846833227,0.5080255156627476
6284.0,0.06840228809660549,0.7439523575488463,0.18764535435454824
6018.0,0.08482611913407341,0.8893927610593708,0.025781119806555702
5100.0,0.08884566932688677,0.8029009844257148,0.10825334624739842
5227.0,0.011061231877288535,0.40906129861331997,0.5798774695093916
6774.0,0.011061231877288535,0.40906129861331997,0.5798774695093916
5496.0,0.036428136852847556,0.8397987038191934,0.12377315932795903
6224.0,0.04456456638177894,0.5636597578817669,0.3917756757364541
5982.0,0.6351828595410063,0.3572355578544811,0.007581582604512569
5709.0,0.0413334739163409,0.8230323368478865,0.1356341892357727
6467.0,0.03641047412641292,0.8396571168399797,0.12393240903360739
5269.0,0.021717416688658227,0.5167934135791752,0.4614891697321665
6792.0,0.03161178813599942,0.8457362891898516,0.12265192267414907
6048.0,0.36372165345032537,0.5985889273201249,0.03768941922954966
6318.0,0.04133347291718747,0.8230323324479696,0.13563419463484302
6589.0,0.04133333425173062,0.8230313658663835,0.13563529988188586
5811.0,0.2627700540141579,0.7044870953669704,0.03274285061887171
5252.0,0.011061231877288535,0.40906129861331997,0.5798774695093916
5527.0,0.7138773692325238,0.27594988173240664,0.010172749035069513
6335.0,0.05164138567807854,0.8814775397907383,0.06688107453118312
6065.0,0.32725558678582595,0.6103171784893,0.06242723472487396
5794.0,0.3566087103893505,0.6042242873540538,0.03916700225659577
6572.0,0.39754396716089846,0.5719279583214281,0.030528074517673424
5242.0,0.022894411003348193,0.5121642413220912,0.4649413476745607
5117.0,0.041333473553990585,0.8230323368868521,0.13563418955915735
5481.0,0.03981504661828558,0.811974435692867,0.1482105176888475
5967.0,0.6957585560684675,0.2988463823229496,0.005395061608582856
6209.0,0.3548145805445773,0.6103106661937222,0.03487475326170059
6482.0,0.35660871017393453,0.604224287545694,0.0391670022803715
5724.0,0.676893916187166,0.3158344834758064,0.007271600337027751
6648.0,0.04541333240673561,0.8887310487949072,0.06585561879835725
6379.0,0.3739516170106079,0.5909241639794904,0.03512421900990156
6117.0,0.06336353510326242,0.8777129852314782,0.058923479665259446
5571.0,0.35481458261748405,0.6103106643304851,0.03487475305203078
5328.0,0.04456456638177894,0.5636597578817669,0.3917756757364541
4951.0,0.3353893429059114,0.6372551827046558,0.02735547438943292
6406.0,0.017452495548666618,0.47869054352057033,0.5038569609307629
5640.0,0.7125690755540196,0.27719890397941094,0.010232020466569425
5915.0,0.029037704560572176,0.9006032655919073,0.07035902984752053
6165.0,0.7799735588814077,0.21497122667976637,0.00505521443882593
5437.0,0.39282349316699977,0.5781298005956275,0.029046706237372773
6707.0,0.5826087867480546,0.40544369127038155,0.01194752198156376
5033.0,0.051522905699835746,0.4705087447591919,0.47796834954097234
5166.0,0.03642811216853036,0.8397985299078863,0.12377335792358342
5657.0,0.5179536924672833,0.4674400607634786,0.014606246769238133
6148.0,0.04963330478253611,0.5072096238905225,0.4431570713269413
5898.0,0.0121447243361464,0.40243820116931633,0.5854170744945373
6690.0,0.08884566932618582,0.8029009844259106,0.10825334624790368
5420.0,0.07659816802516398,0.8873446275190086,0.03605720445582728
5183.0,0.04456456638177894,0.5636597578817669,0.3917756757364541
5048.0,0.04111075626995391,0.8570403985602619,0.10184884516978436
6633.0,0.04964284460930189,0.5073420886374809,0.4430150667532173
5863.0,0.37398514714873204,0.590893985903332,0.035120866947936
6132.0,0.08122106921897712,0.8927745743420537,0.026004356438969214
6394.0,0.04456456638185832,0.5636597578826684,0.39177567573547323
5586.0,0.015311515857811703,0.5168571948033507,0.46783128933883755
4934.0,0.06530964465379463,0.8704221684594632,0.06426818688674209
5313.0,0.3548145468663005,0.6103106964655174,0.034874756668182134
5928.0,0.742060718341692,0.255874125893492,0.0020651557648160013
6182.0,0.049632351726334234,0.5071963916010374,0.4431712566726284
6453.0,0.052759390196551174,0.41981708326201794,0.5274235265414309
5691.0,0.022894411014919347,0.5121642415542218,0.4649413474308589
5149.0,0.044583295209244075,0.5637430023566907,0.3916737024340653
5018.0,0.3548145843119024,0.6103106628916162,0.03487475279648148
5390.0,0.4003927738826041,0.5656073215402434,0.03399990457715243
6656.0,0.3548145829718481,0.6103106640295656,0.03487475299858643
6360.0,0.05164914275658336,0.8814743455475733,0.06687651169584338
6102.0,0.33569179794380777,0.6018702330390485,0.0624379690171437
5829.0,0.011061231877288535,0.40906129861331997,0.5798774695093916
6603.0,0.37532049125586814,0.6009384659271069,0.023741042817025052
4964.0,0.018547244986389346,0.5165484514446614,0.4649043035689492
5347.0,0.012377028329869628,0.44984092096279044,0.53778205070734
5616.0,0.06997196970779869,0.526915419850645,0.4031126104415562
6087.0,0.017452495548666618,0.47869054352057033,0.5038569609307629
6345.0,0.04456456638177894,0.5636597578817669,0.3917756757364541
5844.0,0.06993877885969797,0.5265084067377915,0.40355281440251056
5362.0,0.6809817660875872,0.31348843855051745,0.005529795361895383
4981.0,0.08247586430984569,0.8697390054530055,0.047785130237148865
5601.0,0.04133447082699572,0.8230327349933373,0.13563279417966687
5945.0,0.05573278524376626,0.43762384791205067,0.5066433668441832
5674.0,0.055632355360999516,0.4362842203018827,0.5080834243371178
6436.0,0.041333473553990585,0.8230323368868521,0.13563418955915735
5003.0,0.4003927738826041,0.5656073215402434,0.03399990457715243
5132.0,0.04541333240673561,0.8887310487949072,0.06585561879835725
6673.0,0.054092213858615,0.5721666394290502,0.37374114671233477
5407.0,0.37535588192419905,0.6009052915527543,0.02373882652304666
5450.0,0.012377028329869628,0.44984092096279044,0.53778205070734
6724.0,0.7420606419294891,0.2558742013233245,0.0020651567471864506
5209.0,0.041333473553990585,0.8230323368868521,0.13563418955915735
5086.0,0.05213471318032157,0.4918671742935947,0.45599811252608374
6513.0,0.7138550755070727,0.27597098412007165,0.010173940372855544
5759.0,0.04133347350022939,0.8230323365121057,0.13563418998766474
5996.0,0.03161178816077035,0.8457362891944378,0.12265192264479192
6242.0,0.07684745006229894,0.8854570213676712,0.037695528570029675
5556.0,0.4003927738826041,0.5656073215402434,0.03399990457715243
5287.0,0.37535588199786346,0.6009052914836751,0.023738826518461466
5761.0,0.37398514737056815,0.5908939857036722,0.03512086692575957
6543.0,0.7138773692325238,0.27594988173240664,0.010172749035069513
6300.0,0.2394243824401081,0.7254360584892562,0.03513955907063569
6034.0,0.07101404105907692,0.8714386727020957,0.057547286238827294
5541.0,0.3566087103893557,0.6042242873540491,0.03916700225659522
5302.0,0.05152129970628314,0.47049189888723875,0.4779868014064781
6558.0,0.05152129944942648,0.4704918961929864,0.4779868043575871
5776.0,0.06993877885969797,0.5265084067377915,0.40355281440251056
6019.0,0.03642813398924483,0.8397987039844621,0.12377316202629299
6285.0,0.406425950110594,0.5644048323677076,0.02916921752169845
5467.0,0.3566087103893557,0.6042242873540491,0.03916700225659522
5071.0,0.37398514737057637,0.5908939857036649,0.03512086692575877
5192.0,0.06826156552427604,0.8588630184395766,0.07287541603614738
5742.0,0.02907680883483752,0.8468874557089707,0.12403573545619191
6259.0,0.041082408174944754,0.8568054436952598,0.10211214812979559
6013.0,0.016396094408728894,0.47161434590042434,0.5119895596908468
5268.0,0.517953692467276,0.4674400607634855,0.014606246769238534
6793.0,0.07660611391926976,0.8873381564550167,0.036055729625713594
5511.0,0.3975440919958648,0.571927844264796,0.03052806373933913
6319.0,0.7118423853340609,0.28131057705608387,0.006847037609855263
5810.0,0.35481457983122094,0.6103106668372081,0.034874753331570855
5101.0,0.7450421723239878,0.2513916560178933,0.003566171658118858
5226.0,0.025502036123213025,0.8452609284460196,0.12923703543076734
5497.0,0.2745773605581704,0.68143328765441,0.04398935178741944
6775.0,0.053899690665346965,0.5128587083951693,0.4332416009394836
5983.0,0.3975439855741781,0.5719279414979637,0.03052807292785837
6225.0,0.0255020383413754,0.8452609306825487,0.12923703097607586
6466.0,0.012144724336146395,0.40243820116931633,0.5854170744945373
5708.0,0.04541333240673561,0.8887310487949072,0.06585561879835725
5116.0,0.37535588199786335,0.6009052914836753,0.02373882651846147
6758.0,0.6322043175970784,0.362835277031588,0.00496040537133364
5480.0,0.026002423720886625,0.521838602627909,0.45215897365120433
6208.0,0.7118426743479578,0.2813103008856236,0.006847024766418712
5966.0,0.03642813046730224,0.8397986765278729,0.12377319300482491
5725.0,0.016396141004984155,0.47161538847892337,0.5119884705160925
6483.0,0.356608710389359,0.6042242873540465,0.03916700225659451
5253.0,0.0655205421839829,0.833442639925597,0.10103681789042013
5526.0,0.06552054274198386,0.8334426316562632,0.10103682560175298
6808.0,0.05439534296043209,0.4361920963397703,0.5094125606997977
6064.0,0.35481458260810783,0.610310664338913,0.03487475305297916
6334.0,0.40468647768582167,0.579840698701145,0.015472823613033385
6573.0,0.5179536924672833,0.4674400607634786,0.014606246769238133
5795.0,0.35467490026963683,0.6104362155438601,0.03488888418650303
5400.0,0.05164991630849664,0.8814740399718232,0.06687604371968027
6678.0,0.7799735588814077,0.21497122667976637,0.00505521443882593
5004.0,0.37398514736779065,0.590893985706172,0.03512086692603725
5131.0,0.06004554415444021,0.5706908995186837,0.3692635563268762
6435.0,0.06993877886034346,0.5265084068281111,0.4035528143115455
5677.0,0.3753558807007064,0.6009052927000914,0.023738826599202123
5950.0,0.022894411003348193,0.5121642413220912,0.4649413476745607
6192.0,0.03642813385169236,0.8397987036454772,0.1237731625028303
5606.0,0.05152129948545216,0.47049189657087137,0.47798680394367643
5365.0,0.07970876633601157,0.8566361391573838,0.06365509450660464
4978.0,0.6809801031312953,0.3134900318432152,0.005529865025489527
5843.0,0.01988662356448843,0.6185962337771621,0.36151714265834956
6621.0,0.5179536924672833,0.4674400607634786,0.014606246769238133
6350.0,0.35481458261748994,0.6103106643304799,0.03487475305203018
6080.0,0.40468630703981073,0.5798408640135062,0.015472828946683191
5623.0,0.04108102144460413,0.8212596728386797,0.13765930571671603
4963.0,0.0812210692189764,0.8927745743420507,0.026004356438972833
5348.0,0.4003927738826041,0.5656073215402434,0.03399990457715243
6604.0,0.35481458262029286,0.6103106643280997,0.034874753051607435
5826.0,0.05563265451703209,0.43628820441102123,0.5080791410719466
6097.0,0.06336353510326656,0.8777129852314761,0.05892347966525742
6367.0,0.07659816462815983,0.887344652968004,0.036057182403836145
5385.0,0.012589098376777531,0.4030976641138828,0.5843132375093396
5146.0,0.017452505203918913,0.4786909278168993,0.5038565669791818
5021.0,0.5179536395733219,0.4674401070735122,0.014606253353165947
5692.0,0.06269725767006831,0.5157577460464092,0.42154499628352243
6450.0,0.7799735582594965,0.21497122728601858,0.0050552144544848705
6177.0,0.03636305495961567,0.8392760119826939,0.12436093305769046
5935.0,0.01152918329191281,0.4406550366487398,0.5478157800593474
4929.0,0.04538624692131726,0.8884428625879373,0.06617089049074541
5318.0,0.012144724336146445,0.4024382011693164,0.5854170744945372
5589.0,0.5179536924672833,0.4674400607634786,0.014606246769238133
6131.0,0.022894411003348193,0.5121642413220912,0.4649413476745607
5856.0,0.373985147370211,0.5908939857039937,0.03512086692579527
6638.0,0.7662332946400713,0.23221240625584033,0.001554299104088391
5176.0,0.3907913051561075,0.5799589809330833,0.029249713910809265
5055.0,0.052002675951320694,0.4918644525862951,0.45613287146238424
5419.0,0.016396092228558052,0.47161429711966824,0.5119896106517737
6693.0,0.5943625719857676,0.40123457261852286,0.004402855395709598
5901.0,0.3548145826174881,0.6103106643304815,0.03487475305203037
6147.0,0.012377028329869628,0.44984092096279044,0.53778205070734
6416.0,0.06269725775158512,0.5157577460922096,0.4215449961562053
5662.0,0.3596788549201488,0.6017989918487476,0.03852215323110353
5038.0,0.363875624748253,0.5984663083603852,0.03765806689136179
5161.0,0.041333473553990585,0.8230323368868521,0.13563418955915735
6708.0,0.7799735588544028,0.21497122670607652,0.005055214439520633
5434.0,0.06392932732619061,0.8657127357683009,0.07035793690550857
6162.0,0.022894411003348193,0.5121642413220912,0.4649413476745607
5916.0,0.08884566836480813,0.8029009669400681,0.10825336469512377
5647.0,0.3548145826175384,0.6103106643304387,0.03487475305202286
6401.0,0.6957585560694545,0.29884638232199484,0.005395061608550683
5335.0,0.06004554414074376,0.5706908993763871,0.36926355648286924
4944.0,0.060046652574514435,0.5707024152844912,0.36925093214099447
5572.0,0.06824597910498252,0.7606981842997061,0.17105583659531137
6114.0,0.021717416688658227,0.5167934135791752,0.4614891697321665
6380.0,0.06336353510326656,0.8777129852314761,0.05892347966525742
6655.0,0.3928234931819111,0.5781298005822011,0.0290467062358878
5873.0,0.025006963042769673,0.8332217586869076,0.14177127827032257
5796.0,0.7118426743482735,0.2813103008853187,0.006847024766407754
6570.0,0.3928234919275605,0.578129801711634,0.029046706360805623
6329.0,0.5179536924671612,0.4674400607635855,0.014606246769253341
6071.0,0.35660871038935577,0.604224287354049,0.03916700225659519
5521.0,0.3566087103893557,0.6042242873540491,0.03916700225659522
5250.0,0.011529183291913119,0.4406550366487486,0.5478157800593383
6484.0,0.39762955578810827,0.5718557613617837,0.03051468285010801
5722.0,0.0804570307325659,0.8897912526940174,0.02975171657341681
5961.0,0.017452495548667717,0.47869054352057167,0.5038569609307606
6215.0,0.02204989322263144,0.5268332460164633,0.45111686076090535
5487.0,0.022894411003348214,0.5121642413220917,0.46494134767456013
6753.0,0.011061231877288535,0.40906129861331997,0.5798774695093916
5244.0,0.011529183291912808,0.44065503664873973,0.5478157800593475
5115.0,0.044564566381818646,0.5636597578822178,0.3917756757359636
5707.0,0.07003610981573744,0.5277030660258591,0.40226082415840336
6469.0,0.35481458261748994,0.6103106643304799,0.03487475305203018
6230.0,0.06004554414074376,0.5706908993763871,0.36926355648286924
5976.0,0.07659816462815983,0.887344652968004,0.036057182403836145
6768.0,0.011061231877288535,0.40906129861331997,0.5798774695093916
5502.0,0.6768936365296149,0.31583475060467736,0.007271612865707787
5098.0,0.3508268052497755,0.6228237000618346,0.026349494688389728
5229.0,0.041333473553990585,0.8230323368868521,0.13563418955915735
6587.0,0.695738404117737,0.29886610267084623,0.005395493211416708
5813.0,0.7118426743482735,0.2813103008853187,0.006847024766407754
6054.0,0.012377028330801957,0.44984092098301387,0.5377820506861842
6312.0,0.03642813385169236,0.8397987036454772,0.1237731625028303
5504.0,0.028265956661489157,0.8850319463186136,0.08670209701989735
6798.0,0.07659816552027977,0.8873446522392909,0.03605718224042919
5267.0,0.5577746775898912,0.4292459508033005,0.012979371606808166
6010.0,0.01745249554866677,0.4786905435205718,0.5038569609307614
6260.0,0.3926086530410721,0.578323238317257,0.029068108641670844
6503.0,0.041333473553990585,0.8230323368868521,0.13563418955915735
5737.0,0.5179536924672833,0.4674400607634786,0.014606246769238133
5064.0,0.026002423702055348,0.5218386023114622,0.4521589739864825
5199.0,0.04456456741613814,0.5636597696309672,0.39177566295289473
5468.0,0.7662332946400713,0.23221240625584033,0.001554299104088391
6738.0,0.02550038644727999,0.8452213344336293,0.12927827911909076
6282.0,0.08247587097385332,0.8697393134847419,0.04778481554140477
6020.0,0.5179527194347483,0.4674409821349643,0.014606298430287393
6553.0,0.06993877904405323,0.5265084089974232,0.4035528119585236
5297.0,0.695500901577458,0.29909563380908066,0.005403464613461207
4918.0,0.022894411003348193,0.5121642413220912,0.4649413476745607
5538.0,0.5179536924672833,0.4674400607634786,0.014606246769238133
6037.0,0.08271147499047071,0.866896645232121,0.05039187977740818
6299.0,0.017452698819678782,0.4786986341193996,0.5038486670609216
6536.0,0.06269725774935177,0.5157577460671775,0.42154499618347074
5766.0,0.028265976070482424,0.8850327156513261,0.08670130827819147
5280.0,0.028265976070482424,0.8850327156513261,0.08670130827819147
5555.0,0.05275948426067893,0.4198170843383322,0.5274234314009888
6245.0,0.35078695988192665,0.6228609878587205,0.026352052259352967
5995.0,0.6998602899722135,0.29716506412140736,0.002974645906379156
5752.0,0.3566087103893557,0.6042242873540491,0.03916700225659522
6518.0,0.011640399944511026,0.4439085196581242,0.5444510803973647
5214.0,0.0364276935816946,0.8397951759050231,0.12377713051328244
5081.0,0.021717416690753225,0.5167934136442958,0.4614891696649509
6723.0,0.35481458261748994,0.6103106643304799,0.03487475305203018
5453.0,0.06552057988735939,0.8334420811738876,0.10103733893875298
5607.0,0.041114589639328986,0.8570721325563552,0.10181327780431589
5364.0,0.3566087103893557,0.6042242873540491,0.03916700225659522
4979.0,0.041114589639328986,0.8570721325563552,0.10181327780431589
6620.0,0.017452495548666618,0.47869054352057033,0.5038569609307629
5842.0,0.022759578751085238,0.8554301478883355,0.12181027336057927
6081.0,0.028265976070482424,0.8850327156513261,0.08670130827819147
6351.0,0.35481453145029107,0.6103107054280625,0.03487476312164631
6679.0,0.5179313203279189,0.46745971648969237,0.0146089631823888
5401.0,0.022759578993686105,0.8554301122675567,0.12181030873875712
5005.0,0.025502034669773795,0.8452608936459266,0.12923707168429968
5130.0,0.06530964464861207,0.8704221684939101,0.06426818685747791
5676.0,0.35660870879174134,0.6042242887753329,0.03916700243292582
6434.0,0.7662332913652254,0.2322124094732079,0.0015542991615667293
6193.0,0.05573602480074416,0.4376671274292315,0.5065968477700244
5951.0,0.7138773692325238,0.27594988173240664,0.010172749035069513
5384.0,0.02171759866664073,0.5167968053239599,0.46148559600939953
6662.0,0.3753558811342358,0.6009052922935468,0.02373882657221737
5147.0,0.05164138567807854,0.8814775397907383,0.06688107453118312
5020.0,0.0848422568831679,0.8864477156475813,0.028710027469250724
6451.0,0.023846301451720703,0.5193919951050113,0.45676170344326794
5693.0,0.07388457449783964,0.8899637668696981,0.03615165863246232
5934.0,0.350826805276654,0.6228237000366815,0.026349494686664515
6176.0,0.04110162839580518,0.8569647985585689,0.10193357304562604
5622.0,0.5179528813551615,0.4674408288128827,0.014606289831955792
4962.0,0.6809817660875872,0.31348843855051745,0.005529795361895383
5349.0,0.028265976070482424,0.8850327156513261,0.08670130827819147
6605.0,0.03632990143952533,0.8390089063342193,0.12466119222625535
6366.0,0.017452495548666618,0.47869054352057033,0.5038569609307629
6096.0,0.06993877885969797,0.5265084067377915,0.40355281440251056
5177.0,0.35481458261748994,0.6103106643304799,0.03487475305203018
5054.0,0.08884559183986503,0.8028995750899129,0.1082548330702219
6692.0,0.06552054081056231,0.8334426603217533,0.10103679886768424
5418.0,0.029386335938346178,0.8527170319879722,0.11789663207368153
6146.0,0.05213471318032157,0.4918671742935947,0.45599811252608374
5900.0,0.3300367795536507,0.5900682913772464,0.07989492906910294
5663.0,0.35082680527665333,0.622823700036682,0.026349494686664563
6417.0,0.08122106921897712,0.8927745743420537,0.026004356438969214
4928.0,0.017464206209665285,0.4791567610143364,0.5033790327759983
5319.0,0.4003927738826041,0.5656073215402434,0.03399990457715243
5588.0,0.02659356392263939,0.4148673125504482,0.5585391235269124
6130.0,0.011529183291912808,0.44065503664873973,0.5478157800593475
