6393.0,0.0,0.211767037872178,0.788232962127822
6135.0,0.003115538924429761,0.20554488854472547,0.7913395725308447
5860.0,0.007667718711446712,0.8981626335058175,0.09416964778273575
6634.0,0.5165186299746825,0.44595487650472937,0.03752649352058821
4933.0,0.00772812940084663,0.8942690566941405,0.09800281390501306
5585.0,0.0057989990393255576,0.8863764258848577,0.10782457507581666
5897.0,0.5950745474655706,0.3884921605963295,0.016433291938099788
6151.0,0.007667718711446712,0.8981626335058175,0.09416964778273575
6420.0,0.6453898500527878,0.34418548770780283,0.0104246622394094
5658.0,0.6477296050575713,0.3353797099621431,0.016890684980285665
5180.0,0.004484406195437487,0.8969863716587105,0.09852922214585202
5051.0,1.7218923561542796E-22,0.22562204176530867,0.7743779582346914
5423.0,0.003115538924429761,0.20554488854472547,0.7913395725308447
6689.0,0.006069106615650911,0.8995915407103875,0.09433935267396154
6166.0,0.47983674412209937,0.4795199606296375,0.040643295248263205
5912.0,0.0057989990393255576,0.8863764258848577,0.10782457507581666
5643.0,0.0,0.1245785433159171,0.8754214566840829
6405.0,0.0,0.24784203155295528,0.7521579684470447
5034.0,0.0019040633429462668,0.9018325227379562,0.09626341391909758
5165.0,0.0050798211186025375,0.9003929725416012,0.09452720633979646
6704.0,0.007667718711446712,0.8981626335058175,0.09416964778273575
5438.0,0.0057989990393255576,0.8863764258848577,0.10782457507581666
6118.0,0.0,0.22973826415277968,0.7702617358472204
6376.0,2.7083956472751365E-307,0.1748219214908537,0.8251780785091464
6651.0,0.47983674412209937,0.4795199606296375,0.040643295248263205
5877.0,0.0,0.19020717401424003,0.8097928259857601
5331.0,5.902451608046701E-162,0.880030638170722,0.11996936182927796
4948.0,0.514593240788988,0.45939763899745684,0.026009120213555097
5568.0,0.0,0.9346246917769401,0.06537530822305997
5673.0,0.0,0.21176703787232734,0.7882329621276726
5946.0,0.6477296050575713,0.3353797099621431,0.016890684980285665
6196.0,0.6621005743005497,0.3286565310546365,0.009242894644813784
5404.0,5.08691506787512E-15,0.21003327881391345,0.7899667211860815
5000.0,0.0057989990393255576,0.8863764258848577,0.10782457507581666
5135.0,0.0057989990393255576,0.8863764258848577,0.10782457507581666
5847.0,0.006265006218247108,0.9015007508737664,0.0922342429079866
6617.0,0.0,0.9233960958575903,0.07660390414240974
6346.0,0.0057989990393255576,0.8863764258848577,0.10782457507581666
6084.0,0.589411699590126,0.3935279956113425,0.017060304798531656
5602.0,0.6621005743005497,0.3286565310546365,0.009242894644813784
5361.0,0.0,0.12457854399344294,0.875421456006557
4982.0,0.0,0.20180485541639154,0.7981951445836084
6600.0,0.514593240788988,0.45939763899745684,0.026009120213555097
5830.0,1.601656213473651E-297,0.16386378301011614,0.8361362169898838
6101.0,0.514593240788988,0.45939763899745684,0.026009120213555097
6363.0,0.0,0.19212514838831277,0.8078748516116872
5619.0,0.5117434171829484,0.45102045721001666,0.03723612560703502
4967.0,0.6274640430262901,0.35555775411375606,0.0169782028599538
5344.0,0.589411699590126,0.3935279956113425,0.017060304798531656
5688.0,0.0,0.23480682930236363,0.7651931706976364
6454.0,0.005798999009736784,0.886376425911261,0.10782457507900228
6181.0,0.6453898500527878,0.34418548770780283,0.0104246622394094
5931.0,4.9863854523777823E-297,0.21450954850511397,0.785490451494886
6659.0,2.513856969106728E-298,0.1668570729596765,0.8331429270403234
5389.0,0.0050798211186025375,0.9003929725416012,0.09452720633979646
5150.0,0.6274640430262901,0.35555775411375606,0.0169782028599538
5017.0,0.6453898500527878,0.34418548770780283,0.0104246622394094
5068.0,0.5950745474655706,0.3884921605963295,0.016433291938099788
5195.0,0.0019040633429462668,0.9018325227379562,0.09626341391909758
5464.0,0.0057989990393255576,0.8863764258848577,0.10782457507581666
6742.0,0.0019040633429462668,0.9018325227379562,0.09626341391909758
6014.0,0.0,0.211767037872178,0.788232962127822
6256.0,0.6299529359763412,0.35708345572912564,0.012963608294533286
6499.0,0.006265006218247108,0.9015007508737664,0.0922342429079866
5741.0,5.08691506787512E-15,0.21003327881391345,0.7899667211860815
5301.0,0.0057989990393255576,0.8863764258848577,0.10782457507581666
5542.0,0.589411699590126,0.3935279956113425,0.017060304798531656
6286.0,0.0,0.9226225813940969,0.07737741860590308
6016.0,0.0,0.19020717401424003,0.8097928259857601
5779.0,0.6278199608233896,0.34780741996908143,0.024372619207528912
6557.0,2.7083956472751365E-307,0.1748219214908537,0.8251780785091464
5284.0,0.0064119362078349385,0.887537392430639,0.10605067136152607
5559.0,0.006265006218247108,0.9015007508737664,0.0922342429079866
6033.0,0.0,0.17175065419737445,0.8282493458026257
6303.0,0.6525198564588948,0.33370712041226486,0.013773023128840406
6540.0,0.006069106615650911,0.8995915407103875,0.09433935267396154
5762.0,0.008423872041334638,0.8909493283701038,0.10062679958856155
5210.0,5.902451608046701E-162,0.880030638170722,0.11996936182927796
5085.0,0.6274640430262901,0.35555775411375606,0.0169782028599538
6727.0,2.513858270526226E-298,0.16685707294942273,0.8331429270505774
5449.0,0.0,0.9072456275135963,0.09275437248640374
6241.0,0.6274640430262901,0.35555775411375606,0.0169782028599538
5999.0,0.0,0.21178093710511736,0.7882190628948826
5756.0,0.003115538924429761,0.20554488854472547,0.7913395725308447
6514.0,0.6525198564588948,0.33370712041226486,0.013773023128840406
5254.0,0.5950745474655706,0.3884921605963295,0.016433291938099788
5792.0,0.003115538924429761,0.20554488854472547,0.7913395725308447
6574.0,0.0,0.9249822473912479,0.07501775260875218
6333.0,1.4896985127333198E-34,0.16571166318565228,0.8342883368143478
6067.0,0.589411699590126,0.3935279956113425,0.017060304798531656
5483.0,0.0,0.9346246917769401,0.06537530822305997
6757.0,0.5165186299746825,0.44595487650472937,0.03752649352058821
5240.0,0.6714067667944984,0.3176439828772702,0.010949250328231432
5119.0,0.006069106615650911,0.8995915407103875,0.09433935267396154
6480.0,0.006069106615650911,0.8995915407103875,0.09433935267396154
5726.0,0.6282770272745744,0.34724211030504426,0.0244808624203814
5965.0,0.00772812940084663,0.8942690566941405,0.09800281390501306
6772.0,0.5099844831483163,0.46212211557599325,0.027893401275690326
5498.0,0.0,0.20712820433221224,0.7928717956677878
5102.0,0.0050798211186025375,0.9003929725416012,0.09452720633979646
5225.0,0.0046763022526044445,0.9056054852102593,0.08971821253713615
5711.0,0.6621005743005497,0.3286565310546365,0.009242894644813784
6465.0,0.5950745474655706,0.3884921605963295,0.016433291938099788
6226.0,0.0,0.9089642379717274,0.09103576202827261
5980.0,0.6477296050575713,0.3353797099621431,0.016890684980285665
5508.0,0.6714067667944984,0.3176439828772702,0.010949250328231432
6794.0,0.5164941472880593,0.4452351235049552,0.03827072920698547
5271.0,0.0,0.9089642379717274,0.09103576202827261
6591.0,0.0,0.9015731788347445,0.09842682116525554
5809.0,0.0,0.20180485541639154,0.7981951445836084
6050.0,0.6299539669588142,0.3570825394754336,0.012963493565752007
6316.0,0.0046763022526044445,0.9056054852102593,0.08971821253713615
6150.0,0.004484406195437487,0.8969863716587105,0.09852922214585202
5896.0,7.522294230041716E-98,0.1709366599188683,0.8290633400811317
5659.0,0.0,0.20180485541639154,0.7981951445836084
6421.0,0.0019040633429462668,0.9018325227379562,0.09626341391909758
5181.0,0.6477296050575713,0.3353797099621431,0.016890684980285665
5050.0,5.08691506787512E-15,0.21003327881391345,0.7899667211860815
6688.0,0.6477296050575713,0.3353797099621431,0.016890684980285665
5422.0,0.0,0.9346246917769401,0.06537530822305997
6134.0,1.601656213473651E-297,0.16386378301011614,0.8361362169898838
6392.0,1.7218923561542796E-22,0.22562204176530867,0.7743779582346914
6635.0,0.007667718711446712,0.8981626335058175,0.09416964778273575
5861.0,0.0019040633429462668,0.9018325227379562,0.09626341391909758
4932.0,0.0,0.20180485541639154,0.7981951445836084
5315.0,0.0,0.15000584962924596,0.849994150370754
6377.0,0.6274640430262901,0.35555775411375606,0.0169782028599538
6119.0,0.0,0.9072456165823772,0.09275438341762267
5876.0,0.0,0.19212514838831277,0.8078748516116872
6650.0,1.7218923561542796E-22,0.22562204176530867,0.7743779582346914
5330.0,0.0046763022526044445,0.9056054852102593,0.08971821253713615
4949.0,0.5279447687252697,0.4327880879908559,0.039267143283874206
5569.0,0.0,0.2073369915603137,0.7926630084396863
5913.0,4.9863854523777823E-297,0.21450954850511397,0.785490451494886
6167.0,0.00772812940084663,0.8942690566941405,0.09800281390501306
6404.0,0.6453898500527878,0.34418548770780283,0.0104246622394094
5642.0,0.0,0.24784203155295528,0.7521579684470447
5035.0,0.0,0.23480682930236363,0.7651931706976364
5164.0,0.004484406195437487,0.8969863716587105,0.09852922214585202
5439.0,0.008423872041334638,0.8909493283701038,0.10062679958856155
6616.0,0.0,0.9346246917769401,0.06537530822305997
5846.0,0.6453898500527878,0.34418548770780283,0.0104246622394094
6085.0,0.0,0.20712820433221224,0.7928717956677878
6347.0,0.6299539669588142,0.3570825394754336,0.012963493565752007
5603.0,0.005798999012294292,0.8863764259066876,0.10782457508101806
5360.0,0.6621005743005497,0.3286565310546365,0.009242894644813784
4983.0,0.006069106615650905,0.8995915407103877,0.09433935267396154
5672.0,0.00772812940084663,0.8942690566941405,0.09800281390501306
6438.0,0.005079821116222826,0.9003929725435995,0.09452720634017775
6197.0,0.6282770272745744,0.34724211030504426,0.0244808624203814
5947.0,0.0,0.19020717401424003,0.8097928259857601
6675.0,0.00772812940084663,0.8942690566941405,0.09800281390501306
5405.0,0.0,0.19212514838831277,0.8078748516116872
5001.0,0.006069106615650911,0.8995915407103875,0.09433935267396154
5134.0,0.6377221648891933,0.3451597170403983,0.01711811807040845
5689.0,0.0046763022526044445,0.9056054852102593,0.08971821253713615
5930.0,0.6377221648891933,0.3451597170403983,0.01711811807040845
6180.0,0.0,0.9346246917769401,0.06537530822305997
5388.0,0.008423872041334638,0.8909493283701038,0.10062679958856155
5151.0,0.0050798211186025375,0.9003929725416012,0.09452720633979646
5016.0,0.006069106615650911,0.8995915407103875,0.09433935267396154
5831.0,0.0,0.211767037872178,0.788232962127822
6601.0,0.6621005743005497,0.3286565310546365,0.009242894644813784
6362.0,0.0,0.20712820433221224,0.7928717956677878
6100.0,0.0,0.20180485541639154,0.7981951445836084
5618.0,0.0,0.17175065419737445,0.8282493458026257
4966.0,0.0020056672876803783,0.8914333953721811,0.1065609373401385
5345.0,0.0057989990393255576,0.8863764258848577,0.10782457507581666
5300.0,0.007667718711446712,0.8981626335058175,0.09416964778273575
5543.0,0.6621005743005497,0.3286565310546365,0.009242894644813784
6017.0,0.0,0.9110256039069221,0.08897439609307783
6287.0,0.589411699590126,0.3935279956113425,0.017060304798531656
6556.0,0.006265006218247108,0.9015007508737664,0.0922342429079866
5778.0,0.0,0.9089642379717274,0.09103576202827261
5069.0,0.6714067667944984,0.3176439828772702,0.010949250328231432
5194.0,0.0019040633429462668,0.9018325227379562,0.09626341391909758
6743.0,0.6274640430262901,0.35555775411375606,0.0169782028599538
5465.0,0.0,0.9233960958575903,0.07660390414240971
6257.0,0.006069106615650911,0.8995915407103875,0.09433935267396154
6015.0,0.6525198564588948,0.33370712041226486,0.013773023128840406
6498.0,5.086915067874831E-15,0.21003327881391337,0.7899667211860816
5211.0,0.0,0.19020717401424003,0.8097928259857601
5084.0,5.08691506787512E-15,0.21003327881391345,0.7899667211860815
5448.0,0.0,0.23480682930236363,0.7651931706976364
6726.0,0.0,0.19212514838831277,0.8078748516116872
5998.0,0.589411699590126,0.3935279956113425,0.017060304798531656
6240.0,0.0,0.211767037872178,0.788232962127822
6515.0,0.004484406195437487,0.8969863716587105,0.09852922214585202
5757.0,0.5099844831483163,0.46212211557599325,0.027893401275690326
5285.0,0.0,0.19020717401424003,0.8097928259857601
5558.0,0.006069106615650911,0.8995915407103875,0.09433935267396154
6032.0,0.514593240788988,0.45939763899745684,0.026009120213555097
5763.0,0.0057989990393255576,0.8863764258848577,0.10782457507581666
6541.0,7.522294230041716E-98,0.1709366599188683,0.8290633400811317
5482.0,0.5165186299746825,0.44595487650472937,0.03752649352058821
5241.0,0.0,0.20180485541639154,0.7981951445836084
5118.0,0.5950745474655706,0.3884921605963295,0.016433291938099788
6481.0,0.0,0.17175065419737445,0.8282493458026257
6210.0,0.004484406195437487,0.8969863716587105,0.09852922214585202
5964.0,0.6299539669588142,0.3570825394754336,0.012963493565752007
5524.0,0.6477296050575713,0.3353797099621431,0.016890684980285665
5255.0,0.5165186299746825,0.44595487650472937,0.03752649352058821
6575.0,0.007667718711446712,0.8981626335058175,0.09416964778273575
6066.0,0.006265006218247108,0.9015007508737664,0.0922342429079866
6332.0,0.6282770272745744,0.34724211030504426,0.0244808624203814
6795.0,0.0057989990393255576,0.8863764258848577,0.10782457507581666
5509.0,0.007667718711446712,0.8981626335058175,0.09416964778273575
5270.0,0.0,0.9034649086231417,0.0965350913768584
5808.0,0.0057989990393255576,0.8863764258848577,0.10782457507581666
6317.0,0.5145932407893422,0.459397638997141,0.026009120213516815
6051.0,0.509984483148344,0.4621221155759674,0.027893401275688665
5499.0,0.0,0.9346246917769399,0.06537530822306016
6773.0,0.0064119362078349385,0.887537392430639,0.10605067136152607
5103.0,0.007667718711446712,0.8981626335058175,0.09416964778273575
5224.0,0.0,0.1245785433159171,0.8754214566840829
6464.0,0.589411699590126,0.3935279956113425,0.017060304798531656
5710.0,0.004484406195437487,0.8969863716587105,0.09852922214585202
5981.0,4.9863854523777823E-297,0.21450954850511397,0.785490451494886
6227.0,0.0,0.901421884112638,0.09857811588736191
5641.0,0.5950745474655706,0.3884921605963295,0.016433291938099788
6407.0,0.00626500606134854,0.9015007510161651,0.09223424292248637
6164.0,0.6377221648891933,0.3451597170403983,0.01711811807040845
5914.0,0.6453898500527878,0.34418548770780283,0.0104246622394094
6706.0,0.5950745474655706,0.3884921605963295,0.016433291938099788
5436.0,0.0,0.20180485541639154,0.7981951445836084
5032.0,0.0064119362078349385,0.887537392430639,0.10605067136152607
5167.0,0.007667718711446712,0.8981626335058175,0.09416964778273575
6649.0,0.6453897525849764,0.3441855720811054,0.010424675333918072
5879.0,0.6477296050575713,0.3353797099621431,0.016890684980285665
6116.0,0.0,0.24784203155295528,0.7521579684470447
6378.0,0.6453898500527878,0.34418548770780283,0.0104246622394094
5329.0,0.6453898500527878,0.34418548770780283,0.0104246622394094
4950.0,0.0,0.9233960958575903,0.07660390414240971
5862.0,0.0,0.23480682930236363,0.7651931706976364
6632.0,0.5165186299746825,0.44595487650472937,0.03752649352058821
6395.0,0.6453898500527878,0.34418548770780283,0.0104246622394094
6133.0,0.0,0.19212514838831277,0.8078748516116872
5587.0,0.006069106615650911,0.8995915407103875,0.09433935267396154
4935.0,0.6453898500527878,0.34418548770780283,0.0104246622394094
5312.0,0.6282770272745744,0.34724211030504426,0.0244808624203814
6422.0,0.6274640430262901,0.35555775411375606,0.0169782028599538
5656.0,5.686166718734685E-9,0.1495190648513783,0.8504809294624549
5899.0,0.6373390642726238,0.3445411571932032,0.01811977853417297
6149.0,0.007667718711446712,0.8981626335058175,0.09416964778273575
5421.0,0.6621005743005497,0.3286565310546365,0.009242894644813784
5182.0,0.0,0.9034649086231417,0.0965350913768584
5049.0,1.7218923561542796E-22,0.22562204176530867,0.7743779582346914
6103.0,0.0,0.9110256039069221,0.08897439609307783
6361.0,7.522294230041716E-98,0.1709366599188683,0.8290633400811317
6602.0,0.6621005743005497,0.3286565310546365,0.009242894644813784
5828.0,0.6274640430262901,0.35555775411375606,0.0169782028599538
4965.0,0.6299539669588142,0.3570825394754336,0.012963493565752007
5346.0,4.9863854523777823E-297,0.21450954850511397,0.785490451494886
5617.0,0.628277027274198,0.34724211030550894,0.024480862420292987
6183.0,0.0,0.15000584962924582,0.8499941503707542
5929.0,0.0,0.9034352826885347,0.09656471731146524
5690.0,0.0064119362078349385,0.887537392430639,0.10605067136152607
6452.0,0.6274640430262901,0.35555775411375606,0.0169782028599538
5148.0,0.0064119362078349385,0.887537392430639,0.10605067136152607
5019.0,0.008423872041334638,0.8909493283701038,0.10062679958856155
6657.0,5.08691506787512E-15,0.21003327881391345,0.7899667211860815
5391.0,5.08691506787512E-15,0.21003327881391345,0.7899667211860815
5944.0,0.0,0.923394858131483,0.07660514186851704
6198.0,0.0046763022526044445,0.9056054852102593,0.08971821253713615
6437.0,0.6282770272745393,0.3472421103050878,0.02448086242037307
5675.0,0.6477296050575713,0.3353797099621431,0.016890684980285665
5002.0,0.0,0.20180485541639154,0.7981951445836084
5133.0,0.0,0.21176703787217716,0.7882329621278228
5406.0,0.007728129400846458,0.8942690566941405,0.09800281390501307
6672.0,0.007667718711446712,0.8981626335058175,0.09416964778273575
6344.0,0.6377221648891936,0.345159717040398,0.017118118070408438
6086.0,0.0057989990393255576,0.8863764258848577,0.10782457507581666
5845.0,0.0,0.20180485541639154,0.7981951445836084
6619.0,7.522294230041716E-98,0.1709366599188683,0.8290633400811317
5363.0,0.008423872041334638,0.8909493283701038,0.10062679958856155
4980.0,0.0,0.9346246917769401,0.06537530822305997
5600.0,0.0,0.9072456275135963,0.09275437248640374
5557.0,0.5164941472880593,0.4452351235049552,0.03827072920698547
5286.0,2.513858270526226E-298,0.16685707294942273,0.8331429270505774
6542.0,0.5117434171829803,0.4510204572099908,0.03723612560702889
5760.0,0.6274640430262901,0.35555775411375606,0.0169782028599538
6035.0,0.5950745474655706,0.3884921605963295,0.016433291938099788
6301.0,0.008423872041334638,0.8909493283701038,0.10062679958856155
6725.0,0.008423872041334638,0.8909493283701038,0.10062679958856155
5451.0,5.08691506787512E-15,0.21003327881391345,0.7899667211860815
5208.0,0.0057989990393255576,0.8863764258848577,0.10782457507581666
5087.0,0.0,0.9015731788347445,0.09842682116525554
5758.0,0.5950745474655706,0.3884921605963295,0.016433291938099788
6512.0,0.0,0.24784203155295528,0.7521579684470447
6243.0,0.0,0.9233960958575903,0.07660390414240971
5997.0,0.0,0.24784203155295528,0.7521579684470447
5466.0,0.47983674412209937,0.4795199606296375,0.040643295248263205
6740.0,0.0,0.9072456273832237,0.0927543726167764
5070.0,0.004484406195437487,0.8969863716587105,0.09852922214585202
5193.0,0.6274640430262901,0.35555775411375606,0.0169782028599538
6497.0,0.6377221648891933,0.3451597170403983,0.01711811807040845
5743.0,0.5279447687249077,0.43278808799107443,0.039267143284017876
6012.0,0.0050798211186025375,0.9003929725416012,0.09452720633979646
6258.0,0.007667718711446712,0.8981626335058175,0.09416964778273575
5540.0,0.006069106615650911,0.8995915407103875,0.09433935267396154
5303.0,0.5950745475465563,0.38849216049912516,0.016433291954318446
5777.0,0.6525198564588948,0.33370712041226486,0.013773023128840406
6559.0,5.08691506787512E-15,0.21003327881391345,0.7899667211860815
6284.0,0.0019040633429462668,0.9018325227379562,0.09626341391909758
6018.0,0.00772812940084663,0.8942690566941405,0.09800281390501306
5100.0,0.008423872041334638,0.8909493283701038,0.10062679958856155
5227.0,5.08691506787512E-15,0.21003327881391345,0.7899667211860815
6774.0,0.0019040633429462668,0.9018325227379562,0.09626341391909758
5496.0,0.0050798211186025375,0.9003929725416012,0.09452720633979646
6224.0,0.0,0.23480682930236363,0.7651931706976364
5982.0,0.6377221648891933,0.3451597170403983,0.01711811807040845
5709.0,0.008423872041334638,0.8909493283701038,0.10062679958856155
6467.0,0.0050798211186025375,0.9003929725416012,0.09452720633979646
5269.0,0.006069106615650911,0.8995915407103875,0.09433935267396154
6792.0,0.0057989990393255576,0.8863764258848577,0.10782457507581666
6048.0,0.0050798211186025375,0.9003929725416012,0.09452720633979646
6318.0,0.008423872041334638,0.8909493283701038,0.10062679958856155
6589.0,0.0,0.9034649084584024,0.09653509154159753
5811.0,0.5950745475370263,0.38849216051056334,0.01643329195241043
5252.0,0.0019040633429462668,0.9018325227379562,0.09626341391909758
5527.0,0.6453898500527878,0.34418548770780283,0.0104246622394094
6335.0,0.6299539669588142,0.3570825394754336,0.012963493565752007
6065.0,0.6274640430262901,0.35555775411375606,0.0169782028599538
5794.0,0.0,0.9072456275135963,0.09275437248640374
6572.0,1.601656213473651E-297,0.16386378301011614,0.8361362169898838
5242.0,0.0,0.9089642379717274,0.09103576202827261
5117.0,2.513858270526226E-298,0.16685707294942273,0.8331429270505774
5481.0,0.008423872041334638,0.8909493283701038,0.10062679958856155
5967.0,0.6377221648891933,0.3451597170403983,0.01711811807040845
6209.0,0.6282770272745744,0.34724211030504426,0.0244808624203814
6482.0,0.5165186299746813,0.44595487650473037,0.0375264935205883
5724.0,0.0019040633429462668,0.9018325227379562,0.09626341391909758
6648.0,0.006265006218247108,0.9015007508737664,0.0922342429079866
6379.0,0.0057989990393255576,0.8863764258848577,0.10782457507581666
6117.0,0.0,0.20712820433221224,0.7928717956677878
5571.0,5.06936290402154E-15,0.21002956014769308,0.7899704398523019
5328.0,2.7083956472751365E-307,0.1748219214908537,0.8251780785091464
4951.0,0.0,0.9249822473912479,0.07501775260875218
6406.0,0.0,0.1245785433159171,0.8754214566840829
5640.0,0.0046763022526044445,0.9056054852102593,0.08971821253713615
5915.0,0.0,0.23480682930236363,0.7651931706976364
6165.0,0.6299539669588142,0.3570825394754336,0.012963493565752007
5437.0,0.5099844831483163,0.46212211557599325,0.027893401275690326
6707.0,0.0057989990393255576,0.8863764258848577,0.10782457507581666
5033.0,0.0057989990393255576,0.8863764258848577,0.10782457507581666
5166.0,0.0050798211186025375,0.9003929725416012,0.09452720633979646
5657.0,0.6274640430262901,0.35555775411375606,0.0169782028599538
6148.0,0.0046763022526044445,0.9056054852102593,0.08971821253713615
5898.0,0.0,0.19020717401424003,0.8097928259857601
6690.0,0.008423872041334638,0.8909493283701038,0.10062679958856155
5420.0,0.0064119362078349385,0.887537392430639,0.10605067136152607
5183.0,0.0,0.23480682930236363,0.7651931706976364
5048.0,0.6525198564588948,0.33370712041226486,0.013773023128840406
6633.0,0.0046763022526044445,0.9056054852102593,0.08971821253713615
5863.0,0.5950745474655706,0.3884921605963295,0.016433291938099788
6132.0,0.0,0.23480682930236363,0.7651931706976364
6394.0,0.0,0.23673170464481044,0.7632682953551895
5586.0,0.0046763022526044445,0.9056054852102593,0.08971821253713615
4934.0,0.0050798211186025375,0.9003929725416012,0.09452720633979646
5313.0,0.0019040633429462668,0.9018325227379562,0.09626341391909758
5928.0,0.6621005743005497,0.3286565310546365,0.009242894644813784
6182.0,0.0,0.24784203155295528,0.7521579684470447
6453.0,0.0,0.1673688722065991,0.8326311277934009
5691.0,0.0,0.17175065419737445,0.8282493458026257
5149.0,0.0,0.23480682930236363,0.7651931706976364
5018.0,0.5995343887621156,0.38177007438744087,0.0186955368504435
5390.0,0.5279447687249077,0.43278808799107443,0.039267143284017876
6656.0,1.489698512740595E-34,0.16571166318565667,0.8342883368143432
6360.0,0.004484406195437487,0.8969863716587105,0.09852922214585202
6102.0,0.007667718711446712,0.8981626335058175,0.09416964778273575
5829.0,5.08691506787512E-15,0.21003327881391345,0.7899667211860815
6603.0,0.0,0.9089642379717274,0.09103576202827261
4964.0,0.0,0.24784203155295648,0.7521579684470435
5347.0,0.0,0.19212514838831277,0.8078748516116872
5616.0,0.006265006218247108,0.9015007508737664,0.0922342429079866
6087.0,0.0,0.1245785433159171,0.8754214566840829
6345.0,0.006069106615650911,0.8995915407103875,0.09433935267396154
5844.0,0.0,0.211767037872178,0.788232962127822
5362.0,0.0050798211186025375,0.9003929725416012,0.09452720633979646
4981.0,1.7218923561542796E-22,0.22562204176530867,0.7743779582346914
5601.0,0.0,0.19020717401424003,0.8097928259857601
5945.0,0.0019040633429462668,0.9018325227379562,0.09626341391909758
5674.0,5.08691506787512E-15,0.21003327881391345,0.7899667211860815
6436.0,0.6714067667944984,0.3176439828772702,0.010949250328231432
5003.0,0.6453898500527878,0.34418548770780283,0.0104246622394094
5132.0,0.0,0.211767037872178,0.788232962127822
6673.0,0.0046763022526044445,0.9056054852102593,0.08971821253713615
5407.0,0.5164941472880593,0.4452351235049552,0.03827072920698547
5450.0,0.0050798211186025375,0.9003929725416012,0.09452720633979646
6724.0,0.6621005743005497,0.3286565310546365,0.009242894644813784
5209.0,0.0,0.19020717401424003,0.8097928259857601
5086.0,1.7218923561542796E-22,0.22562204176530867,0.7743779582346914
6513.0,0.0046763022526044445,0.9056054852102593,0.08971821253713615
5759.0,0.5099844831483163,0.46212211557599325,0.027893401275690326
5996.0,7.522294230041716E-98,0.1709366599188683,0.8290633400811317
6242.0,0.0,0.20180485541639154,0.7981951445836084
5556.0,0.5279447687249077,0.43278808799107443,0.039267143284017876
5287.0,0.6621005743005386,0.32865653105464676,0.009242894644814679
5761.0,0.5950745474655706,0.3884921605963295,0.016433291938099788
6543.0,0.0046763022526044445,0.9056054852102593,0.08971821253713615
6300.0,0.0057989990393255576,0.8863764258848577,0.10782457507581666
6034.0,0.6299539669588142,0.3570825394754336,0.012963493565752007
5541.0,0.0050798211186025375,0.9003929725416012,0.09452720633979646
5302.0,4.9863854523777823E-297,0.21450954850511397,0.785490451494886
6558.0,0.0057989990393255576,0.8863764258848577,0.10782457507581666
5776.0,0.006265006218247108,0.9015007508737664,0.0922342429079866
6019.0,0.6477296050575713,0.3353797099621431,0.016890684980285665
6285.0,0.5145932412319971,0.4593976386022231,0.02600912016577976
5467.0,0.5165186299746825,0.44595487650472937,0.03752649352058821
5071.0,0.0057989990393255576,0.8863764258848577,0.10782457507581666
5192.0,0.6453898500527878,0.34418548770780283,0.0104246622394094
5742.0,0.0019040633429462668,0.9018325227379562,0.09626341391909758
6259.0,0.0064119362078349385,0.887537392430639,0.10605067136152607
6013.0,0.0064119362078349385,0.887537392430639,0.10605067136152607
5268.0,0.6274640430262901,0.35555775411375606,0.0169782028599538
6793.0,0.6525198564588972,0.3337071204122625,0.013773023128840309
5511.0,0.6525198564588948,0.33370712041226486,0.013773023128840406
6319.0,0.5950745474655706,0.3884921605963295,0.016433291938099788
5810.0,0.6282770272745744,0.34724211030504426,0.0244808624203814
5101.0,0.0,0.19942099932728763,0.8005790006727124
5226.0,0.0,0.9233960958575903,0.07660390414240971
5497.0,0.6282770272745744,0.34724211030504426,0.0244808624203814
6775.0,0.0064119362078349385,0.887537392430639,0.10605067136152607
5983.0,5.902451608046701E-162,0.880030638170722,0.11996936182927796
6225.0,0.0019040633429462668,0.9018325227379562,0.09626341391909758
6466.0,0.0,0.9034649086231417,0.0965350913768584
5708.0,0.006265006218247108,0.9015007508737664,0.0922342429079866
5116.0,0.0,0.17175065419737445,0.8282493458026257
6758.0,0.516494148032244,0.4452351230028973,0.038270728964858725
5480.0,0.004484406195437487,0.8969863716587105,0.09852922214585202
6208.0,0.5950745559343724,0.3884921504316314,0.01643329363399617
5966.0,0.0050798211186025375,0.9003929725416012,0.09452720633979646
5725.0,0.0064119362078349385,0.887537392430639,0.10605067136152607
6483.0,0.6477296050575713,0.3353797099621431,0.016890684980285665
5253.0,0.0019040633429462668,0.9018325227379562,0.09626341391909758
5526.0,5.08691506787512E-15,0.21003327881391345,0.7899667211860815
6808.0,5.0869150954110876E-15,0.2100332789281511,0.7899667210718438
6064.0,0.6282770272745744,0.34724211030504426,0.0244808624203814
6334.0,0.47983674412209937,0.4795199606296375,0.040643295248263205
6573.0,0.007667718711446712,0.8981626335058175,0.09416964778273575
5795.0,0.0019040633429462668,0.9018325227379562,0.09626341391909758
5400.0,0.6299539669588142,0.3570825394754336,0.012963493565752007
6678.0,0.6296561905258204,0.35734714646588084,0.012996663008298647
5004.0,0.0,0.9015731788347445,0.09842682116525554
5131.0,0.003115538924429761,0.20554488854472547,0.7913395725308447
6435.0,0.0,0.211767037872178,0.788232962127822
5677.0,0.006265006218247108,0.9015007508737664,0.0922342429079866
5950.0,0.0,0.17175065419737445,0.8282493458026257
6192.0,0.0,0.9072456275135963,0.09275437248640374
5606.0,4.9863854523777823E-297,0.21450954850511397,0.785490451494886
5365.0,7.522294230041716E-98,0.1709366599188683,0.8290633400811317
4978.0,0.6477296050575713,0.3353797099621431,0.016890684980285665
5843.0,0.0,0.19212485411802763,0.8078751458819723
6621.0,0.6274640430262901,0.35555775411375606,0.0169782028599538
6350.0,0.0,0.9233960958575903,0.07660390414240971
6080.0,0.004484406195437487,0.8969863716587105,0.09852922214585202
5623.0,0.0,0.9034649086231417,0.0965350913768584
4963.0,0.6377221648891933,0.3451597170403983,0.01711811807040845
5348.0,0.6453898500527878,0.34418548770780283,0.0104246622394094
6604.0,0.6282770272745598,0.34724211030506175,0.0244808624203784
5826.0,5.08691506787512E-15,0.21003327881391345,0.7899667211860815
6097.0,0.0046763022526044445,0.9056054852102593,0.08971821253713615
6367.0,0.0,0.20180485541639154,0.7981951445836084
5385.0,0.0,0.19020717401424003,0.8097928259857601
5146.0,0.0,0.9110256039069221,0.08897439609307793
5021.0,0.007667718711446712,0.8981626335058175,0.09416964778273575
5692.0,0.0,0.20180485541639154,0.7981951445836084
6450.0,0.6299539669588142,0.3570825394754336,0.012963493565752007
6177.0,0.0050798211186025375,0.9003929725416012,0.09452720633979646
5935.0,0.0057989990393255576,0.8863764258848577,0.10782457507581666
4929.0,0.0,0.9089642379717274,0.09103576202827261
5318.0,0.0,0.19020717401424003,0.8097928259857601
5589.0,0.6274640430262901,0.35555775411375606,0.0169782028599538
6131.0,0.0,0.211767037872178,0.788232962127822
5856.0,0.5950745474655706,0.3884921605963295,0.016433291938099788
6638.0,0.6714067667944984,0.3176439828772702,0.010949250328231432
5176.0,0.5099844831483163,0.46212211557599325,0.027893401275690326
5055.0,1.7218923561292837E-22,0.22562204176530853,0.7743779582346915
5419.0,0.0,0.20191365818999632,0.7980863418100037
6693.0,0.006265006218247108,0.9015007508737664,0.0922342429079866
5901.0,0.0,0.9233960958575903,0.07660390414240971
6147.0,0.0,0.19212514838831277,0.8078748516116872
6416.0,0.0064119362078349385,0.887537392430639,0.10605067136152607
5662.0,0.6477296050575713,0.3353797099621431,0.016890684980285665
5038.0,0.005079754351239396,0.900393032981397,0.09452721266736357
5161.0,0.0,0.19020717401424003,0.8097928259857601
6708.0,0.00772812940084663,0.8942690566941405,0.09800281390501306
5434.0,0.0046763022526044445,0.9056054852102593,0.08971821253713615
6162.0,0.0,0.21176703787146725,0.7882329621285328
5916.0,0.008423872041334638,0.8909493283701038,0.10062679958856155
5647.0,0.0019040633429462668,0.9018325227379562,0.09626341391909758
6401.0,0.6377221648891933,0.3451597170403983,0.01711811807040845
5335.0,0.0031155389192563917,0.2055448885457346,0.791339572535009
4944.0,0.004484406195437487,0.8969863716587105,0.09852922214585202
5572.0,1.6221690278948404E-34,0.16578802601229978,0.8342119739877002
6114.0,2.7083956472748282E-307,0.17482192149085374,0.8251780785091463
6380.0,0.0046763022526044445,0.9056054852102593,0.08971821253713615
6655.0,0.5099844831483163,0.46212211557599325,0.027893401275690326
5873.0,1.4896985127333198E-34,0.16571166318565228,0.8342883368143478
5796.0,0.5950745474655706,0.3884921605963295,0.016433291938099788
6570.0,0.0,0.9034649086231417,0.0965350913768584
6329.0,0.6274640430262901,0.35555775411375606,0.0169782028599538
6071.0,0.6477296025736505,0.33537971215929085,0.01689068526705853
5521.0,0.0050798211186025375,0.9003929725416012,0.09452720633979646
5250.0,0.0057989990393255576,0.8863764258848577,0.10782457507581666
6484.0,0.0064119362078349385,0.887537392430639,0.10605067136152607
5722.0,0.6377221648891933,0.3451597170403983,0.01711811807040845
5961.0,1.7218923561542796E-22,0.22562204176530867,0.7743779582346914
6215.0,0.0,0.9249822473912479,0.07501775260875218
5487.0,0.006265006218247108,0.9015007508737664,0.0922342429079866
6753.0,5.08691506787512E-15,0.21003327881391345,0.7899667211860815
5244.0,0.0,0.9015731788347445,0.09842682116525554
5115.0,0.0,0.23480682930236363,0.7651931706976364
5707.0,0.0,0.2124829814783462,0.7875170185216538
6469.0,0.0019040633429462668,0.9018325227379562,0.09626341391909758
6230.0,0.003115538924429761,0.20554488854472547,0.7913395725308447
5976.0,0.0064119362078349385,0.887537392430639,0.10605067136152607
6768.0,5.08691506787512E-15,0.21003327881391345,0.7899667211860815
5502.0,0.6282769813563097,0.347242167128739,0.024480851514951153
5098.0,0.5117434171829484,0.45102045721001666,0.03723612560703502
5229.0,0.008423871763360964,0.8909493286199278,0.10062679961671123
6587.0,0.5117434171829484,0.45102045721001666,0.03723612560703502
5813.0,0.5950745474655706,0.3884921605963295,0.016433291938099788
6054.0,0.0,0.9072456275135963,0.09275437248640374
6312.0,0.0050798211186025375,0.9003929725416012,0.09452720633979646
5504.0,0.5279447687249077,0.43278808799107443,0.039267143284017876
6798.0,0.0064119362078349385,0.887537392430639,0.10605067136152607
5267.0,0.0064119362078349385,0.887537392430639,0.10605067136152607
6010.0,0.0,0.1245785433159171,0.8754214566840829
6260.0,0.6714067667944984,0.3176439828772702,0.010949250328231432
6503.0,0.008423872041334638,0.8909493283701038,0.10062679958856155
5737.0,0.6274640430262901,0.35555775411375606,0.0169782028599538
5064.0,0.003100588968577715,0.20554780425039754,0.7913516067810247
5199.0,0.006069106615650911,0.8995915407103875,0.09433935267396154
5468.0,2.5138582705233677E-298,0.16685707294942279,0.8331429270505772
6738.0,1.4896985127333198E-34,0.16571166318565228,0.8342883368143478
6282.0,0.6274640430262901,0.35555775411375606,0.0169782028599538
6020.0,0.6274640430262239,0.35555775411381924,0.01697820285995684
6553.0,0.0,0.9089642379717274,0.09103576202827261
5297.0,2.7083956472751365E-307,0.1748219214908537,0.8251780785091464
4918.0,0.006265006218247108,0.9015007508737664,0.0922342429079866
5538.0,0.6274640430262901,0.35555775411375606,0.0169782028599538
6037.0,0.007667718711446712,0.8981626335058175,0.09416964778273575
6299.0,0.007667718711446712,0.8981626335058175,0.09416964778273575
6536.0,0.0,0.20180485541639154,0.7981951445836084
5766.0,0.0046763022526044445,0.9056054852102593,0.08971821253713615
5280.0,0.0046763022526044445,0.9056054852102593,0.08971821253713615
5555.0,0.008423872041334638,0.8909493283701038,0.10062679958856155
6245.0,0.0,0.9249822473912479,0.07501775260875218
5995.0,0.6621005743005497,0.3286565310546365,0.009242894644813784
5752.0,0.0,0.9072456275135963,0.09275437248640374
6518.0,2.437912342208862E-4,0.8897739770706434,0.1099822316951356
5214.0,0.0050798211186025375,0.9003929725416012,0.09452720633979646
5081.0,0.0,0.9249822473912479,0.07501775260875218
6723.0,5.08691506787512E-15,0.21003327881391345,0.7899667211860815
5453.0,0.0019040633429462668,0.9018325227379562,0.09626341391909758
5607.0,0.6525198564411674,0.33370712042871553,0.013773023130117051
5364.0,0.0,0.9072456275135963,0.09275437248640374
4979.0,0.0064119362078349385,0.887537392430639,0.10605067136152607
6620.0,0.007667718711446712,0.8981626335058175,0.09416964778273575
5842.0,0.007667718711446712,0.8981626335058175,0.09416964778273575
6081.0,0.0,0.20712820433221224,0.7928717956677878
6351.0,0.0,0.9010909646170608,0.09890903538293909
6679.0,0.6274640430262901,0.35555775411375606,0.0169782028599538
5401.0,0.007667718711446712,0.8981626335058175,0.09416964778273575
5005.0,0.0019040633429462668,0.9018325227379562,0.09626341391909758
5130.0,0.0,0.19212514838831277,0.8078748516116872
5676.0,0.0,0.9072456275135963,0.09275437248640374
6434.0,0.5099844831483163,0.46212211557599325,0.027893401275690326
6193.0,0.5894399380488344,0.39349543290080646,0.017064629050359176
5951.0,0.6453898500527878,0.34418548770780283,0.0104246622394094
5384.0,2.7083956472751365E-307,0.1748219214908537,0.8251780785091464
6662.0,0.5164941472880593,0.4452351235049552,0.03827072920698547
5147.0,0.004484406195437487,0.8969863716587105,0.09852922214585202
5020.0,0.004484543744987469,0.8969862593279495,0.09852919692706306
6451.0,0.0,0.9089642379717274,0.09103576202827261
5693.0,0.006265006218247108,0.9015007508737664,0.0922342429079866
5934.0,0.0,0.9249822473912479,0.07501775260875218
6176.0,1.601656213473651E-297,0.16386378301011614,0.8361362169898838
5622.0,0.6274640430262901,0.35555775411375606,0.0169782028599538
4962.0,0.6477296050575713,0.3353797099621431,0.016890684980285665
5349.0,0.5279447687249077,0.43278808799107443,0.039267143284017876
6605.0,5.686166718734685E-9,0.1495190648513783,0.8504809294624549
6366.0,1.721892356148211E-22,0.22562204176530867,0.7743779582346914
6096.0,0.0,0.211767037872178,0.788232962127822
5177.0,0.589411699590126,0.3935279956113425,0.017060304798531656
5054.0,0.0,0.19020717401424003,0.8097928259857601
6692.0,0.0019040633429462668,0.9018325227379562,0.09626341391909758
5418.0,0.006069106615650911,0.8995915407103875,0.09433935267396154
6146.0,0.007667718711446712,0.8981626335058175,0.09416964778273575
5900.0,0.6299539669587915,0.3570825394754538,0.012963493565754852
5663.0,0.006069106615650911,0.8995915407103875,0.09433935267396154
6417.0,0.6377221648891933,0.3451597170403983,0.01711811807040845
4928.0,0.0,0.1245785433159171,0.8754214566840829
5319.0,0.5279447687249077,0.43278808799107443,0.039267143284017876
5588.0,2.513858270526226E-298,0.16685707294942273,0.8331429270505774
6130.0,4.9863854523777823E-297,0.21450954850511397,0.785490451494886
6396.0,0.6453898500527878,0.34418548770780283,0.0104246622394094
6639.0,0.0,0.9110256039069216,0.08897439609307846
5334.0,0.006411936207841778,0.8875373924306517,0.10605067136150657
4945.0,0.007728060854379187,0.894269115120851,0.09800282402476973
5573.0,0.589411699590126,0.3935279956113425,0.017060304798531656
6381.0,0.6453898500527878,0.34418548770780283,0.0104246622394094
6115.0,0.007667718711446712,0.8981626335058175,0.09416964778273575
5872.0,0.0,0.15000584962924582,0.8499941503707542
6654.0,0.00772812940084663,0.8942690566941405,0.09800281390501306
5039.0,0.0,0.9015731788347445,0.09842682116525554
5160.0,0.6525198564588948,0.33370712041226486,0.013773023128840406
5435.0,0.008423872041334638,0.8909493283701038,0.10062679958856155
6709.0,0.0,0.20180485541639154,0.7981951445836084
5917.0,0.5894116995901117,0.393527995611356,0.017060304798532242
6163.0,0.008423872041334638,0.8909493283701038,0.10062679958856155
6400.0,0.007728129400846635,0.8942690566941401,0.09800281390501325
5646.0,0.6477296050575713,0.3353797099621431,0.016890684980285665
5723.0,0.47983674412209937,0.4795199606296375,0.040643295248263205
6214.0,0.0046763022526044445,0.9056054852102593,0.08971821253713615
6752.0,0.006069106615650911,0.8995915407103875,0.09433935267396154
5486.0,0.5117434171829484,0.45102045721001666,0.03723612560703502
5245.0,0.0,0.9249822473912479,0.07501775260875218
5114.0,5.686166718734685E-9,0.1495190648513783,0.8504809294624549
6571.0,0.6477296050575713,0.3353797099621431,0.016890684980285665
5797.0,0.0,0.9110256039069221,0.08897439609307783
6328.0,0.0046763022526044445,0.9056054852102593,0.08971821253713615
5520.0,0.008423872041334638,0.8909493283701038,0.10062679958856155
5251.0,5.08691506787512E-15,0.21003327881391345,0.7899667211860815
5812.0,0.008423872041334638,0.8909493283701038,0.10062679958856155
6586.0,0.006265006218247108,0.9015007508737664,0.0922342429079866
6313.0,0.514593240788988,0.45939763899745684,0.026009120213555097
