9179.0,0.9781989800367649,0.021800609627952484,4.1033528267908785E-7
8904.0,0.9727054098471922,0.027293556148754092,1.0340040537007901E-6
8701.0,9.895318738384562E-5,0.7904484356340956,0.20945261117852051
9378.0,0.1309711233334256,0.8688125998611358,2.1627680543875595E-4
9012.0,0.2921045885014662,0.7077747992601614,1.2061223837230619E-4
8743.0,1.5281220841216215E-7,0.08373135969504925,0.9162684874927424
8193.0,2.555523657661856E-4,0.9577055425141302,0.042038905120103574
8466.0,3.557185961246551E-13,8.874183473637542E-6,0.9999911258161707
9293.0,0.012177194395618159,0.9874250430460466,3.9776255833510213E-4
9566.0,0.9159288968938833,0.08406220184876805,8.901257348703332E-6
8081.0,6.125712811911277E-6,0.11260992607123085,0.8873839482159572
8709.0,0.054465662848955605,0.8178415407349756,0.12769279641606882
8982.0,8.357676696756203E-16,4.0493713622138335E-7,0.9999995950628628
8496.0,0.492267747120258,0.507728375701018,3.877178723964431E-6
8227.0,4.438411493792421E-11,0.9981347352507532,0.0018652647048627738
9596.0,1.7283842965707776E-12,0.9995371182289601,4.6288176931154394E-4
9327.0,0.9649432289436477,0.03505635622592703,4.1483042524798226E-7
9801.0,7.447186123330072E-13,0.6851730735870294,0.3148269264122259
8938.0,8.474393403745358E-11,3.776171619684789E-4,0.9996223827532876
8671.0,1.2710341764425761E-10,7.498685103720439E-4,0.9992501313625246
8396.0,0.9985190746027822,0.0014809247902101582,6.07007575850286E-10
9619.0,5.135900188781563E-17,2.8294952321586533E-4,0.9997170504767842
9344.0,0.9867367274998398,0.013263265632569125,6.8675911255000545E-9
8295.0,0.02338433947446508,0.9636315519718883,0.012984108553646609
8564.0,1.1177709740229058E-6,0.963089489833055,0.03690939239597093
9042.0,0.02327217925339577,0.9762861595836936,4.4166116291059656E-4
8769.0,9.725757812080871E-9,0.9979327723491918,0.0020672179250505068
8115.0,0.9970545482466586,0.0029453936939554766,5.805938580666076E-8
9741.0,6.983664954862764E-11,0.9138801529433012,0.08611984698686219
9259.0,1.8406001606700182E-5,0.954588053034945,0.045393540963448206
9528.0,1.0680686513397763E-5,0.9983623778509727,0.0016269414625139833
8328.0,0.013690288092201306,0.986289641095415,2.0070812383794454E-5
8603.0,5.199537032637671E-5,0.9972387938477856,0.00270921078188801
9149.0,1.0283052037278227E-10,0.9993387538505215,6.612460466480157E-4
8878.0,0.9881017199172768,0.011897934349042849,3.457336803275123E-7
9687.0,0.0017685899804848835,0.45444425544759254,0.5437871545719225
8633.0,0.973658925482231,0.026315294129779385,2.578038798962373E-5
8362.0,3.459923330978177E-10,0.5945399385929618,0.4054600610610458
8844.0,0.8183020276329681,0.18169641550556787,1.5568614639840926E-6
9119.0,0.8270505554083545,0.17283321774153498,1.162268501104767E-4
9446.0,0.01848382789731447,0.9798708916806816,0.001645280422003828
8534.0,0.47107026718784495,0.5289295886261324,1.441860228218635E-7
8261.0,0.07892786855817091,0.9209739422819374,9.818915989174671E-5
8098.0,0.9754029404055214,0.024588902118464498,8.157476014089552E-6
8803.0,0.4168669853855373,0.5830915676653704,4.144694909223036E-5
9072.0,0.008622004650450875,0.9893744266633431,0.0020035686862060194
9775.0,7.103682623577148E-4,0.9778894382432977,0.021400193494344695
9498.0,0.11675858384415769,0.7664899283595747,0.1167514877962676
9225.0,0.18888097324983533,0.8107867819061219,3.322448440429085E-4
9379.0,2.6564825087702673E-4,0.9876518703198278,0.012082481429295196
9648.0,0.9299000874343416,0.07008256188186923,1.735068378922471E-5
9178.0,0.13305850218638604,0.8669279081235544,1.3589690059625313E-5
8183.0,1.2100946488541822E-15,3.813178233904614E-5,0.9999618682176598
8905.0,4.949603525714022E-13,1.33118072440896E-7,0.9999998668814327
8431.0,1.0619548617484662E-11,0.001375859005011533,0.9986241409843689
8700.0,0.3163166326908037,0.6833555564784641,3.278108307322213E-4
9292.0,8.570686419187817E-5,0.9989942598477396,9.200332880685673E-4
9567.0,4.027668234815284E-18,0.9936051726071249,0.006394827392875117
9013.0,0.09310346878417543,0.9059199442503986,9.765869654259716E-4
8742.0,5.413958807259006E-9,0.9994008982248707,5.990963611705735E-4
8192.0,0.003985609575612307,0.9939193700093873,0.002095020415000337
8467.0,0.8657016848388791,0.13429280748919076,5.50767193001331E-6
9597.0,0.008175839197938316,0.9914985564308086,3.2560437125292424E-4
9326.0,0.04671245058512908,0.9491448624636456,0.004142686951225285
9800.0,1.581264802533161E-15,0.009624625799237717,0.9903753742007607
8708.0,0.9845067189112199,0.01548583138211268,7.449706667374608E-6
8983.0,0.054118739776276244,0.943398368037595,0.0024828921861288094
8497.0,1.5281701804001516E-7,0.8188527358528156,0.18114711133016637
8226.0,3.1864559367903165E-10,0.9115636709960842,0.08843632868527025
9618.0,0.9956614092287301,0.004338576940219904,1.383104991249978E-8
9345.0,2.8901941731782245E-9,0.9999594062055762,4.059090422974038E-5
8166.0,6.284537719402571E-4,0.9359707247257043,0.06340082150235542
8939.0,0.9998104078512988,1.8959013430558527E-4,2.014395606165822E-9
9208.0,0.002517885895002259,0.9951135824742297,0.002368531630768142
8670.0,4.316911432123952E-6,0.9459497184306248,0.054045964657943125
8397.0,0.5169350863372617,0.48268459024540794,3.8032341733035057E-4
9740.0,0.9469165071132046,0.05308307735820498,4.155285904577016E-7
9258.0,0.8584669706647797,0.14153100716664027,2.022168579966365E-6
9529.0,0.003921301437491816,0.9954335892411555,6.451093213525892E-4
8294.0,0.993911821299707,0.00608810796457872,7.073571423185114E-8
8565.0,2.0227434750833834E-14,1.5852500544364747E-7,0.9999998414749743
9043.0,0.006568863696446363,0.9934229716312651,8.164672288507445E-6
8768.0,0.23714017768262133,0.7628026241913436,5.7198126034951203E-5
9413.0,9.406313912404417E-18,0.8913494087542154,0.10865059124578455
9686.0,0.9665293990725367,0.03346931020161556,1.2907258477523536E-6
8329.0,8.990868014193635E-4,0.9978602322404692,0.0012406809581116066
8602.0,9.444702210435546E-6,0.24853386242297215,0.7514566928748174
9148.0,0.989731511947473,0.010268449168620944,3.8883906117572483E-8
8879.0,3.1229336010266835E-10,5.0256754187112394E-5,0.9999497429335196
8132.0,0.994382075318142,0.005616982003675164,9.426781828588988E-7
9716.0,1.0442238583966038E-14,0.9918229079595957,0.008177092040393833
9447.0,9.405968643943114E-5,0.9569310046209871,0.04297493569257345
8632.0,0.8974757502758761,0.10242558611065528,9.866361346849989E-5
8363.0,0.20567938752662868,0.7827087179707349,0.011611894502636486
8149.0,3.281110459707147E-4,0.6228655981276566,0.3768062908263727
8845.0,0.9899186763919972,0.010080145543118953,1.1780648838982052E-6
9118.0,1.1728588684077304E-7,0.014866508677772531,0.9851333740363407
9774.0,9.318234064134042E-7,0.1940216507571268,0.8059774174194668
9499.0,4.356935082132692E-8,0.9997935075136389,2.0644891701017857E-4
9224.0,0.2846792132981831,0.715040975917184,2.7981078463280986E-4
8535.0,0.7926131757746624,0.20730623617640578,8.058804893183417E-5
8260.0,2.705241170334176E-4,0.9996317738325429,9.770205042371804E-5
8802.0,4.5488478233314766E-17,0.959713139803425,0.04028686019657494
9073.0,0.0035102214748104696,0.9964883170873408,1.461437848729445E-6
8741.0,0.7841430205558977,0.21569835974866644,1.5861969543587418E-4
9014.0,1.6114210288573134E-4,0.955618393483714,0.04422046441340012
8464.0,7.268300849016218E-6,0.9979752894127203,0.002017442286430709
8195.0,0.13039283703571825,0.8218268625751027,0.047780300389178985
9564.0,2.3839172759955277E-23,7.223624035460755E-11,0.9999999999277638
9295.0,0.9962866081479946,0.0037133424130882985,4.943891708408587E-8
8906.0,2.0662768800310075E-5,0.9999230285171222,5.630871407747726E-5
9177.0,0.7572543803926013,0.24264205278374823,1.035668236504863E-4
8703.0,4.455878365725793E-20,0.001368792930039264,0.9986312070699607
8428.0,1.3673888855974384E-8,0.1870412977185513,0.8129586886075599
9651.0,0.7048199964501835,0.29509048013405287,8.95234157637876E-5
9376.0,0.008278794036757003,0.988165828923921,0.0035553770393219977
9211.0,0.2342372348063245,0.7657625510800294,2.1411364614702503E-7
8936.0,0.8938185270483789,0.10205502292055087,0.00412645003107017
8398.0,6.141349736377934E-10,3.1306813741755373E-6,0.9999968687044908
8669.0,0.5162669837751678,0.48372778813729594,5.2280875363513066E-6
9346.0,0.048638679285838246,0.950835295266546,5.260254476157333E-4
9617.0,1.3215838257625322E-6,1.0211927602579108E-4,0.9998965591401485
8980.0,0.332507515214776,0.6674923948792647,8.99059592460387E-8
8080.0,6.849922173259385E-12,0.996979923464364,0.0030200765287860033
8711.0,1.0444247651645527E-6,0.24470900063220746,0.7552899549430274
8225.0,0.524047746725929,0.4759483970617046,3.856212366320163E-6
8498.0,0.9554695523087271,0.044530189187371345,2.585039016289728E-7
9325.0,0.015421449802511932,0.9842950224633132,2.835277341747717E-4
9598.0,0.7579349383610143,0.24204060234508737,2.4459293898351542E-5
9803.0,3.593174719803248E-9,0.9508953937421091,0.04910460266471629
8601.0,0.6970971035986857,0.30279631008642677,1.0658631488757611E-4
8330.0,1.186861501247034E-6,0.9999618778962589,3.693524223977626E-5
8876.0,0.9059575500625114,0.0940375735524531,4.8763850355633816E-6
9151.0,0.9712238849092226,0.028775116809673307,9.982811041396132E-7
9685.0,1.6953071915421457E-4,0.9755308749876296,0.024299594293216143
9414.0,4.982200084924519E-11,0.9789368590416191,0.021063140908558906
8566.0,2.5571874428688207E-8,0.7662615974973436,0.23373837693078195
8293.0,0.0028282982072892465,0.9969307279505941,2.4097384211671746E-4
8771.0,1.1817857601697368E-12,2.774599833000331E-4,0.9997225400155182
8114.0,9.943443438674708E-9,0.8435068813421084,0.1564931087144481
9040.0,0.004039735277745022,0.968167506256529,0.02779275846572599
9743.0,1.745505874708187E-5,0.7879424325042398,0.2120401124370131
9530.0,0.9974056798842394,0.0025943116837960464,8.431964440646305E-9
8263.0,0.9131356565766835,0.08685845839485001,5.885028466329202E-6
8532.0,0.2165117639026128,0.7812053432335406,0.0022828928638465467
9074.0,0.9988914271612629,0.0011085649331327666,7.905604324865561E-9
8801.0,1.0902509823267261E-4,0.05181705274720726,0.94807392215456
8099.0,0.005537926221279403,0.960542497554826,0.03391957622389456
9773.0,0.9566702037202954,0.04332976124830788,3.503139663713616E-8
9227.0,9.842040903526699E-8,0.6093384029294436,0.3906614986501473
9496.0,8.491560343908936E-7,0.43145799695846937,0.5685411538854962
8360.0,0.0033198556751380054,0.9948884007139215,0.0017917436109405383
8635.0,0.0020313146300134726,0.9959654075367267,0.002003277833259874
9117.0,0.2825633147472202,0.7100675126265167,0.007369172626263005
8846.0,9.077746234728902E-5,0.8747019349986119,0.12520728753904076
9444.0,6.022877306519118E-8,0.18185047069409904,0.8181494690771278
9719.0,1.4798133116813119E-4,0.9116856670755996,0.08816635159323231
9565.0,0.9639143253946824,0.03608435192780517,1.3226775123801406E-6
9294.0,0.08406411773208634,0.9159068936329313,2.8988634982299445E-5
8740.0,1.5570920340284965E-6,0.02243098526346364,0.9775674576445023
8465.0,1.9216262889848264E-5,0.9989630716394177,0.0010177120976923343
8194.0,0.06668648380900268,0.9332610492039891,5.2466987008190153E-5
9650.0,2.800922510108257E-5,0.9019032256942795,0.09806876508061942
9377.0,0.003974816261232247,0.956673327185199,0.03935185655356871
8182.0,0.07589033719996183,0.9239974879234674,1.1217487657076201E-4
8907.0,5.76766579552857E-7,0.9389873924252372,0.061012030808183286
9176.0,0.10457075265388374,0.895080045702677,3.4920164343929717E-4
8702.0,0.07155782328781524,0.9284419003014345,2.7641075021446185E-7
8429.0,0.003184704714557638,0.7110450064040885,0.28577028888135386
9347.0,1.9467179956189455E-4,0.9963819776158881,0.003423350584549987
9616.0,0.08690294587699786,0.9109563173441001,0.0021407367789021787
9210.0,1.892342601854633E-9,0.5142649311361036,0.48573506697155394
8937.0,6.757690524129924E-11,0.9984960324204725,0.0015039675119506335
8167.0,0.42590821802787704,0.5707400582092098,0.0033517237629131203
8399.0,0.8964184357790956,0.10357998107304385,1.5831478604207576E-6
8668.0,0.002157055102223704,0.9963474283007188,0.0014955165970576916
9324.0,0.21423441487094175,0.78506008615402,7.054989750383361E-4
9599.0,5.4725704910945847E-5,0.999938560057024,6.714238065098926E-6
8981.0,3.963543680022986E-4,0.8155022382781364,0.18410140735386135
8710.0,0.010094867118126398,0.9895364992915837,3.6863359028990007E-4
8224.0,7.836517635957469E-5,0.9998770358299902,4.459899365029612E-5
8499.0,0.08275858529454805,0.9172085190556952,3.289564975673554E-5
9684.0,0.9748969964178111,0.02509770982422293,5.2937579659235005E-6
9415.0,2.294177521670146E-5,0.9985899471926537,0.0013871110321295771
8600.0,2.4676986059989987E-6,0.36148717223112137,0.6385103600702726
8331.0,0.9993470688758431,6.529187886387837E-4,1.2335518160283716E-8
8877.0,0.9991504352987046,8.495420229422209E-4,2.2678353171001274E-8
8133.0,0.9956627790415297,0.004336601995292164,6.189631781130721E-7
9150.0,0.4929058074632763,0.5069001269472144,1.94065589509327E-4
9742.0,0.9956537646864939,0.004346224303929477,1.1009576581246275E-8
9531.0,0.5546028688321474,0.4453958620894368,1.269078415691383E-6
9256.0,1.7912321706105655E-4,0.8290727617845469,0.17074811499839204
8567.0,1.058762814270526E-7,0.8181524442324691,0.18184744989124937
8292.0,0.03981698639770429,0.9601271422352717,5.587136702400364E-5
8770.0,0.8290893996617235,0.17090485063954025,5.7496987362943895E-6
9041.0,0.904312308813875,0.09568391519749998,3.7759886249489087E-6
9772.0,0.6350232962685274,0.3649765716351273,1.320963453817023E-7
9226.0,1.6550479344299039E-7,0.812893639304974,0.18710619519023247
9497.0,0.01850496117622135,0.9558216937204737,0.02567334510330493
8262.0,5.603155659131101E-9,0.7050242513011705,0.29497574309567376
8533.0,0.005908988771229415,0.9938471041535089,2.4390707526173488E-4
9075.0,0.0030777204025346744,0.9964598227852609,4.6245681220439963E-4
8800.0,0.960530660353043,0.03946259449111385,6.745155843205051E-6
9445.0,4.255287424709969E-13,0.7524556257101378,0.2475443742894367
9718.0,0.02417082469341131,0.9758261535294959,3.0217770928174384E-6
8361.0,1.3874936549187088E-14,0.013139310116144746,0.9868606898838413
8634.0,0.9070801759574764,0.09255639754869348,3.634264938302122E-4
9116.0,0.6378228885983573,0.3621759106377245,1.200763918187021E-6
8847.0,0.12458123815853575,0.8751090200837415,3.097417577226932E-4
8148.0,0.16117565221498575,0.8388184843916175,5.863393396815384E-6
8500.0,2.436307878345884E-15,0.9928408170306773,0.007159182969320285
8231.0,0.984826961529332,0.015172383456941723,6.550137263107813E-7
8705.0,0.3039473528577375,0.696052430424386,2.1671787645234513E-7
8083.0,0.998396990560894,0.0016030094076856373,3.1420366101979606E-11
8978.0,0.03539598014458579,0.9547280946476281,0.009875925207786225
9805.0,8.515370293392078E-13,0.0023750939849770886,0.9976249060141714
9592.0,0.8702892763612832,0.129686320744592,2.440289412484847E-5
9323.0,0.04753724436892834,0.9524346787915738,2.8076839497767306E-5
8667.0,0.07069953352568902,0.9292744660451541,2.6000429156821095E-5
8392.0,0.33019543158538445,0.6671122770107213,0.002692291403894234
8942.0,3.105721227532729E-11,0.9992038099705826,7.961899983600916E-4
9213.0,0.44051791197605006,0.5535791604585493,0.005902927565400801
9623.0,0.9971827941979599,0.0028171827998073134,2.300223265496957E-8
9348.0,0.9924560405776388,0.007543821610539595,1.3781182163832424E-7
8426.0,0.0022146762879675834,0.7773970579657086,0.22038826574632378
8697.0,0.012080350817887098,0.9823436644606598,0.005575984721453117
9183.0,0.12145762641512457,0.8784233547653607,1.1901881951475394E-4
8908.0,0.9990304234173125,9.69568613719394E-4,7.968968161783313E-9
9653.0,0.004482999541429939,0.995224377825501,2.926226330690353E-4
8197.0,3.9157814360616305E-18,4.680664093519919E-6,0.9999953193359065
8470.0,3.277379687599375E-7,0.20978238605811836,0.7902172862039128
9008.0,3.9352787605492854E-5,0.44822429699988175,0.5517363502125128
8739.0,0.9979437954187523,0.002056196159753073,8.421494548088795E-9
9289.0,0.15235370851476782,0.8476355199920411,1.077149319104854E-5
9562.0,0.9380907475484641,0.0618852788557531,2.3973595782857886E-5
8840.0,6.937997563776588E-4,0.9816385212779513,0.017667678965670994
9115.0,2.590102449272737E-7,0.9121960171244003,0.08780372386535486
8637.0,1.1951756031198627E-13,0.06732361362142851,0.932676386378452
8366.0,1.1116159446398698E-5,0.999986613634224,2.270206329603077E-6
9442.0,0.8000111183848558,0.1917561005078486,0.008232781107295521
8807.0,0.39231056486394594,0.6076864513179647,2.9838180893759615E-6
8096.0,0.0011701824397804018,0.9956238687300824,0.0032059488301372807
9076.0,6.349173764556128E-5,0.9955118136369826,0.004424694625371742
8530.0,6.395442033172998E-13,0.9997182596967586,2.817403026019273E-4
8257.0,1.7917660730647824E-18,7.352634394475108E-10,0.9999999992647366
9502.0,5.813369892687253E-4,0.9907355772766446,0.008683085734086663
9229.0,0.02542633341557275,0.9739999403699083,5.737262145189465E-4
9771.0,0.5674607645104873,0.4319491218981065,5.901135914061535E-4
9046.0,7.796762197102472E-12,0.032417197720809476,0.9675828022713938
8773.0,3.2207648282795933E-7,0.8888436219524689,0.11115605597104823
8113.0,0.9992848644711231,7.151172997446721E-4,1.8229132338336335E-8
8291.0,7.05953876420235E-11,0.9474349866075173,0.052565013321887226
8560.0,0.008170977379549159,0.9357336277780982,0.05609539484235265
9263.0,1.9964403618079536E-6,0.4458536638081293,0.5541443397515089
9532.0,0.007868651728038741,0.862170979890112,0.12996036838184918
9737.0,2.416802908733058E-16,0.999497454816703,5.025451832965981E-4
9145.0,0.5411476675981935,0.4588399235971383,1.2408804668226149E-5
8874.0,0.009836830595334863,0.9886053793573286,0.001557790047336439
8332.0,0.9795413790763299,0.02041513069021354,4.349023345666722E-5
8607.0,0.0047430015802428,0.8639368032158475,0.13132019520390964
9408.0,0.9980572623198063,0.0019426574624190022,8.021777478282314E-8
9683.0,0.9943682962038153,0.005631622050890031,8.174529473325964E-8
9593.0,0.19131322759684974,0.7905817600255072,0.018105012377642924
9322.0,5.280538683722723E-4,0.9941676460679186,0.00530430006370924
8501.0,0.007527626464526269,0.9846847666470641,0.007787606888409786
8230.0,0.9702304867023104,0.02976511120789171,4.402089797903918E-6
8704.0,0.9513747881912091,0.048589018007795984,3.619380099481858E-5
8979.0,3.3485342435560066E-8,1.562233601555824E-4,0.999843743154502
9622.0,0.07415910804401481,0.9258382624544704,2.6295015147815736E-6
9349.0,0.0070799885284827,0.9709581366535471,0.02196187481797023
8666.0,1.9499846631928993E-5,0.10551854048217729,0.8944619596711908
8393.0,0.11326888556952948,0.8843844735898494,0.002346640840621059
8164.0,5.969419075683204E-5,0.9535079609233503,0.04643234488589288
8943.0,1.7397779595867103E-10,0.6100717111971972,0.38992828862882495
9212.0,2.65928762631683E-7,0.15686996390569277,0.8431297701655446
9383.0,0.604247507095946,0.39574895020159984,3.5427024541872245E-6
9652.0,0.9979446353785316,0.002052226061805746,3.1385596626397965E-6
8427.0,0.9539816500826079,0.046011987546077576,6.362371314634158E-6
8696.0,0.9984123464683162,0.001587476085493983,1.7744618972505116E-7
9182.0,0.9775993531742561,0.0223990353650424,1.6114607016014891E-6
8909.0,0.01666573028109117,0.9602355432893985,0.02309872642951034
8181.0,0.017776782213974895,0.9731921413758491,0.009031076410176045
9288.0,1.1326599368332306E-5,0.9931052708727658,0.006883402527865892
9563.0,7.086859600001244E-12,0.9990026944075678,9.973055853453822E-4
8196.0,2.212121969895826E-6,0.9993644962443001,6.332916337299744E-4
8471.0,0.9950031229127518,0.004996819260010724,5.7827237487767766E-8
9009.0,0.23100978886219461,0.7689412370525387,4.897408526670884E-5
8738.0,0.08113233395173795,0.9158586499033696,0.00300901614489253
9712.0,2.0388991085337483E-10,0.9999795764451099,2.0423351000172125E-5
9443.0,0.0035321669584089375,0.987391199094631,0.009076633946960023
8151.0,0.04429975078755016,0.6391932483469133,0.3165070008655365
8841.0,1.930019476381622E-5,0.48443567732169596,0.5155450224835403
9114.0,0.9998581288993633,1.418708483176846E-4,2.52318952597288E-10
8636.0,1.0487928197983687E-4,0.9304044557191185,0.06949066499890162
8367.0,2.6853873203994843E-4,0.49771807805005097,0.5020133832179091
9503.0,0.9209452059826577,0.07904179035872566,1.3003658616715265E-5
9228.0,0.9753771843731229,0.024547696274893886,7.511935198324862E-5
9770.0,0.011720651528309457,0.006806535396760255,0.9814728130749303
8806.0,5.179681495524894E-7,0.9693291682569507,0.03067031377489967
9077.0,4.842761910941309E-7,0.15068280179381177,0.8493167139299971
8531.0,6.941863216768623E-4,0.9605910114605674,0.038714802217755875
8256.0,9.328065098614043E-4,0.9982065606742093,8.606328159292263E-4
9262.0,2.0393172926818859E-4,0.9997837128467908,1.2355423940959709E-5
9533.0,8.565050676708971E-8,0.6701768230831724,0.3298230912663208
9736.0,0.11246429268821596,0.8874180794660325,1.1762784575158334E-4
9047.0,6.810878177760705E-5,0.8559706739219177,0.1439612172963046
8772.0,1.6896540837074674E-6,0.9999762059763914,2.210436952486162E-5
8290.0,0.0015490263341364705,0.9978538020557611,5.971716101023784E-4
8561.0,1.9321161578631653E-5,0.033673381295213356,0.966307297543208
9409.0,8.881298216559519E-13,0.9999998649689316,1.3503018030008273E-7
9682.0,1.6855430280886502E-10,0.08578025853848166,0.914219741292964
9144.0,0.8311400218196832,0.16885186500686136,8.113173455406697E-6
8875.0,4.188072568190197E-6,0.999466288076829,5.29523850602798E-4
8134.0,8.500814159436609E-8,0.9935423904767151,0.006457524515143294
8333.0,1.970656982067039E-7,0.7314130706764688,0.26858673225783314
8606.0,0.8474862892706871,0.15246496703119453,4.874369811825418E-5
8394.0,0.16236320772610607,0.8375699387336031,6.68535402907562E-5
8665.0,0.9305801495688074,0.0693621405464502,5.770988474241804E-5
9215.0,0.982800734605527,0.017199262715535964,2.6789370075999193E-9
8940.0,0.07963142837587898,0.902428349005708,0.017940222618413108
9350.0,0.9945028887103892,0.005497093713198729,1.7576411985793345E-8
9621.0,0.4453852485610043,0.5545405951958268,7.415624316893907E-5
8229.0,0.0023081542429749503,0.9950525427343995,0.002639303022625644
8502.0,9.453331939567866E-10,0.7777878508815547,0.22221214817311205
8976.0,0.0020904782707661692,0.9881712915082559,0.009738230220977865
8082.0,0.007587676671904833,0.9835584489678734,0.008853874360221892
8707.0,1.6103868607528433E-9,0.9978999327855553,0.0021000656040578497
9807.0,4.3010110565858787E-10,0.9997869100468882,2.1308952301073728E-4
9321.0,0.3497396273445033,0.65024001700752,2.0355647976710304E-5
9594.0,1.2000330746679204E-11,0.9829974965057291,0.017002503482270635
8468.0,0.9795941775038862,0.020401597802838515,4.2246932751921586E-6
8199.0,3.852392372788332E-16,0.9996797164254047,3.2028357459489476E-4
8737.0,0.02686371485049785,0.9731118752575416,2.4409891960517073E-5
9010.0,2.198645914894644E-12,0.6913036580615493,0.30869634193625195
9560.0,9.32410079613081E-8,0.6281601899693064,0.37183971678968564
9291.0,5.985696848794992E-4,0.9922053813538754,0.007196048961245019
8699.0,0.9940418139007968,0.005958112589379747,7.350982346354047E-8
8424.0,0.9943201928296216,0.005667337017787178,1.2470152591274095E-5
8910.0,0.7317337112688038,0.2595317313331489,0.008734557398047205
9181.0,6.461429507197912E-7,0.04618319685963607,0.9538161569974132
9380.0,0.9071223462483109,0.09274500359169269,1.3265015999629548E-4
9078.0,1.4964038200414998E-9,0.008657883716321129,0.9913421147872751
8805.0,0.9294648847944539,0.07052169395362291,1.3421251923227499E-5
8097.0,0.852224200188098,0.14643044575089734,0.0013453540610046276
8259.0,0.23236443423272257,0.7673797432256438,2.558225416336596E-4
8528.0,0.8340400968445028,0.1659481938361601,1.17093193371949E-5
9231.0,0.8815696171163375,0.09932072841079585,0.019109654472866573
9500.0,4.8130049216558294E-5,0.9980559446364708,0.0018959253143125696
9769.0,0.9498693798114074,0.05011421739853174,1.6402790060807154E-5
8842.0,0.012533371434741248,0.9867003840626809,7.66244502577807E-4
8364.0,2.4542484536071407E-8,0.9572977401314248,0.04270223532609064
8639.0,0.019549004767433858,0.9785739946828254,0.0018770005497407629
9440.0,3.888386518980012E-7,0.0584115854715169,0.9415880256898312
9715.0,7.712370975622648E-8,0.174788285790983,0.8252116370853073
8872.0,9.218088275096448E-6,0.6170668741470958,0.38292390776462915
9147.0,0.645512913568422,0.35385217480303627,6.349116285416312E-4
8605.0,1.6929307366631908E-7,0.9974166313784911,0.002583199328435241
8334.0,0.46842401737582656,0.5314442210113208,1.3176161285253837E-4
9681.0,3.821060844646842E-7,0.6760737753903151,0.32392584250360035
8775.0,0.31609840896928193,0.6836190186186089,2.8257241210928493E-4
8112.0,0.2563164845942292,0.7306074230106181,0.013076092395152668
8562.0,0.015505795245106131,0.9844373199510724,5.6884803821538295E-5
8289.0,0.4345996541549587,0.5653752994337606,2.5046411280675776E-5
9534.0,0.7289559337625224,0.27101022499828437,3.3841239193108994E-5
9261.0,0.6107857956125178,0.3892080129965299,6.191390952169244E-6
9739.0,8.741890455908566E-14,0.25426518308560964,0.7457348169143029
9351.0,0.21179082840922073,0.7881269270020753,8.22445887038733E-5
9620.0,2.0538683108502525E-7,0.8580462513611455,0.14195354325202347
8395.0,0.27629150591830626,0.7236059093236781,1.0258475801568727E-4
8664.0,0.017351295371688908,0.982622900356041,2.5804272270025694E-5
9214.0,4.019499199153299E-9,0.9993261327358007,6.738632447000703E-4
8941.0,0.21344201431197968,0.7849697376932154,0.00158824799480489
8165.0,0.0014729845776951756,0.9488463582756824,0.04968065714662231
9806.0,2.2484659370806132E-7,0.6201011402318565,0.3798986349215499
9320.0,0.7910683784321793,0.20893014188831635,1.4796795044625515E-6
9595.0,0.4889831667049783,0.511016259833339,5.734616825667404E-7
8228.0,0.01072801985229711,0.9864420637990533,0.002829916348649623
8503.0,1.9393551287730397E-5,0.8161000960947062,0.18388051035400602
8977.0,0.9428869493811625,0.057110067830884466,2.9827879529340744E-6
9290.0,0.9932188449845802,0.006780463337109342,6.916783103729719E-7
8469.0,1.898980920155939E-8,0.7195469470818943,0.2804530339282964
8198.0,1.021145981313634E-4,0.9980019585762137,0.0018959268256550138
8736.0,4.996927623836871E-8,0.0694769628830848,0.9305229871476389
9011.0,0.8821606585437424,0.11772113880613544,1.1820265012220437E-4
9654.0,1.8951514085667308E-5,0.9962357174386477,0.0037453310472666647
8698.0,2.891728504608888E-6,0.9758783776211234,0.024118730650371917
8425.0,0.997851614526143,0.0021483840214956136,1.4523612738526572E-9
8180.0,0.6657911957134427,0.33414887504305474,5.9929243502584424E-5
8911.0,4.542147332383123E-6,0.9953440028364322,0.004651455016235393
9180.0,3.110097133803303E-4,0.9710873254515429,0.028601664835076875
9230.0,9.693603728387168E-5,0.9939198136383354,0.005983250324380721
9501.0,0.010086821641503525,0.9899003293101147,1.2849048381670798E-5
9768.0,0.05808930172171558,0.9413831294923729,5.275687859114919E-4
9079.0,0.9657091370615266,0.03428834908129562,2.513857177771567E-6
8804.0,0.9607498078978406,0.03924376606339545,6.426038763808671E-6
8258.0,7.391629015659073E-7,0.9712829064601546,0.028716354376943764
8529.0,0.5359484926917358,0.3985457036377659,0.06550580367049821
9441.0,0.9560601290599674,0.04393830407389638,1.5668661362377035E-6
9112.0,0.5241290003433788,0.4755182480417321,3.527516148891713E-4
8150.0,0.021469251840752383,0.8067101531801536,0.17182059497909394
8843.0,1.3732038245943673E-4,0.2366563904701543,0.7632062891473863
8365.0,0.48695618029565924,0.5130420787616787,1.740942661997952E-6
8638.0,0.7029958710817955,0.296884353450416,1.1977546778848487E-4
9680.0,0.9748881613087785,0.02510899881501537,2.8398762061424955E-6
9411.0,0.002067154208214504,0.9970751332556073,8.577125361782042E-4
8135.0,0.33867317860771784,0.660828902046867,4.979193454152741E-4
8873.0,0.09163930657945579,0.9083380332203974,2.2660200146778718E-5
9146.0,0.008284180210447323,0.9911919302493561,5.238895401965889E-4
8604.0,3.536059805362978E-5,0.0562715004646705,0.9436931389372759
8335.0,0.958027049308484,0.04196416411288169,8.786578634237467E-6
9535.0,0.8579013070762359,0.14208130024089338,1.7392682870700682E-5
9260.0,5.2492740225170853E-8,0.00548431254638805,0.9945156349608717
9738.0,0.9177186366953539,0.08226906714103933,1.2296163606755712E-5
8774.0,2.384668001907626E-7,0.22147020878985235,0.7785295527433475
9045.0,0.8242219471894578,0.17575820656688512,1.9846243657050458E-5
8563.0,0.008135552978490154,0.9905025073232353,0.001361939698274464
8288.0,4.69542975443941E-6,0.2563283262417601,0.7436669783284855
9733.0,0.23143288216271068,0.7682678067428638,2.993110944255708E-4
9251.0,3.975928659299197E-9,0.9944698597136368,0.005530136310434578
9520.0,0.2758941666428512,0.7234860833128808,6.197500442680009E-4
8303.0,0.9995138372904547,4.8616268608076625E-4,2.346458019722872E-11
8572.0,0.15672461383548053,0.837010049371876,0.006265336792643618
9050.0,0.6575267318842405,0.3321553314987059,0.010317936617053582
8777.0,0.008619240052928976,0.9785650212321475,0.0128157387149235
8119.0,1.1627230771880868E-10,0.011233076748669482,0.9887669231350583
9420.0,0.002731477763451373,0.9971592145854151,1.093076511333926E-4
9695.0,0.004441052071731913,0.9891861330701117,0.006372814858156289
8320.0,0.08887485896306742,0.9111123593278678,1.278170906471589E-5
8595.0,0.003333439176433665,0.9964374775893147,2.2908323425176123E-4
9141.0,0.9998241084055496,1.7589031200817662E-4,1.2824422981729866E-9
8870.0,0.0021696837814726014,0.9497998414033137,0.04803047481521373
9725.0,1.4078657132776389E-5,0.3400531469002281,0.6599327744426391
9454.0,1.8400782106652222E-9,0.9565694723397775,0.04343052582014431
8625.0,0.42909933732857963,0.5708704561329279,3.0206538492504566E-5
8354.0,0.018644649509853794,0.9644646087137978,0.016890741776348406
8836.0,0.49561903850995653,0.5039763516843968,4.0460980564655923E-4
9111.0,6.910339664389509E-14,0.9999907292911245,9.270708806410422E-6
9767.0,0.05184978323086259,0.9188688414599109,0.02928137530922662
9490.0,3.1795578162519797E-4,0.7779025466702236,0.2217794975481512
9217.0,1.5642814772657607E-6,0.9889867973475881,0.01101163837093457
8542.0,3.8994017040251075E-6,0.5338803295017163,0.4661157710965797
8269.0,0.9837058052329093,0.016293746371588255,4.483955025474364E-7
8811.0,0.540213315388736,0.4596584636771611,1.2822093410297055E-4
8102.0,0.9483891087356396,0.05160757237007972,3.3188942806312806E-6
9080.0,4.745435058648816E-4,0.9995219699417416,3.4865523935628193E-6
9386.0,1.403167382046924E-8,0.8818466275533045,0.11815335841502154
9657.0,0.028153907554627294,0.9666182075534686,0.005227884891904111
9171.0,0.9432291863784817,0.05675885622864301,1.1957392875266837E-5
8896.0,3.496129546201864E-12,0.03007863867070249,0.9699213613258014
8693.0,6.027397731597155E-4,0.9992448450026704,1.5241522416983616E-4
9285.0,3.897527895510397E-5,0.35829438225102583,0.641666642470019
9558.0,0.9593083870843325,0.04067023435309286,2.1378562574560112E-5
9020.0,6.011575031243013E-12,0.004517296900237483,0.995482703093751
8751.0,0.1629726812046172,0.8367199283511909,3.073904441918318E-4
8201.0,0.5113861484173129,0.4886136854483267,1.661343604969563E-7
8474.0,0.12055459328824206,0.8791129136173259,3.3249309443191764E-4
9588.0,1.788551018360073E-11,0.7430030275435222,0.25699697243859226
9319.0,5.671493195515992E-9,0.0020338888296561695,0.9979661054988506
9793.0,0.9040427673554065,0.09594236646217555,1.4866182417998626E-5
8085.0,0.4156808667510779,0.47725527322753913,0.10706386002138307
8717.0,1.4172737290378835E-4,0.4033716005650925,0.5964866720620037
8990.0,0.2004373959622986,0.7993728370784426,1.8976695925867546E-4
8504.0,0.6461202178717197,0.3537240320069487,1.557501213315429E-4
8235.0,1.0584075232414239E-4,0.9750241827610314,0.024869976486644355
9627.0,8.662901728669637E-4,0.7144467286463363,0.2846869811807967
9352.0,0.8870480490765802,0.11291882059000823,3.313033341157132E-5
8930.0,0.9374948975785775,0.062466808184071104,3.8294237351448354E-5
9201.0,5.485299822108632E-16,0.25399979385914345,0.7460002061408559
8663.0,0.0041872987920886185,0.9938298282145704,0.001982872993340838
8388.0,5.2918427403477734E-6,0.9999165856319426,7.812252531708368E-5
8302.0,1.2108018243298258E-4,0.9991243423732936,7.545774442734537E-4
8573.0,2.0820286948171093E-9,0.04794160323113857,0.9520583946868328
9051.0,0.9948774540744671,0.005122535891207045,1.0034325885222589E-8
8776.0,0.22394226231908568,0.7760576622710509,7.540986345011482E-8
9250.0,0.9741718815303555,0.02582364787085687,4.470598787665379E-6
9521.0,1.0717769921682207E-9,0.0773629986123893,0.9226370003158337
8321.0,0.1481929891200108,0.8496993346067394,0.0021076762732498843
8594.0,4.0705904732289023E-8,2.886188183004991E-4,0.9997113404757948
9140.0,0.03809316224692992,0.9615633714342157,3.434663188544466E-4
8871.0,0.0037836540035387878,0.9958106776204747,4.056683759865357E-4
8128.0,0.6457337122768784,0.3541717541008588,9.45336222628707E-5
9421.0,6.649092653895401E-13,0.9919823489401832,0.008017651059151788
9694.0,0.9960363934635201,0.0039635468110139896,5.97254658630043E-8
8624.0,2.0215745389466483E-6,0.953698767108869,0.04629921131659194
8355.0,0.9885153238811791,0.011484648185525387,2.7933295476919337E-8
8145.0,0.9976959897836174,0.0023038409741791854,1.6924220328105395E-7
8837.0,5.937211489004185E-14,0.6890709578042088,0.31092904219573175
9110.0,0.7130668463482248,0.2818089956310117,0.005124158020763478
9724.0,0.02017199048176881,0.9796833854109105,1.4462410732079493E-4
9455.0,0.9994764976343429,5.234929997713772E-4,9.365885833520926E-9
8543.0,0.04796959086316626,0.95104903748645,9.813716503836647E-4
8268.0,1.932625879176761E-5,0.9989919679385043,9.887058027038974E-4
8810.0,6.623978731602742E-7,0.9992555554748302,7.437821272965716E-4
9081.0,0.10944436130694318,0.8896428502625212,9.127884305355508E-4
9766.0,0.14628609774315665,0.8523682428152045,0.0013456594416388073
9491.0,0.3740526375707588,0.5256392090534184,0.10030815337582277
9216.0,0.1561125330132249,0.8434149866915044,4.724802952708602E-4
9170.0,3.5710059303773215E-8,0.30878603756193795,0.6912139267280026
8179.0,1.3680362812313348E-7,0.03366900790979641,0.9663308552865755
8897.0,1.6854045250967377E-6,0.4576296846435275,0.5423686299519475
8423.0,0.3676440480537665,0.6323216189223184,3.433302391518078E-5
8692.0,0.0051919163728814215,0.9947981617880644,9.921839054270091E-6
9387.0,0.9906993458512985,0.00930064198971425,1.215898734522022E-8
9021.0,0.9999005784121572,9.942076288668231E-5,8.249562002758385E-10
8750.0,0.9570319434901776,0.04296776590990414,2.905999181834236E-7
8200.0,4.714821752636431E-8,0.5592754474600913,0.44072450539169117
8475.0,0.016615125395972798,0.983033411561454,3.5146304257326695E-4
9559.0,0.8221498174231808,0.1778491223903844,1.0601864347900663E-6
8716.0,2.3187110087990073E-11,0.8132670846127354,0.18673291536407732
8991.0,0.9908447215699363,0.009151397545966075,3.88088409767022E-6
8505.0,4.1394526661764175E-11,1.7826529354308853E-4,0.9998217346650624
8234.0,0.7040787945272677,0.2958584685008468,6.273697188556988E-5
9589.0,4.535696766898931E-10,0.0014428957227806095,0.9985571038236497
9318.0,0.8764138637965875,0.12358585508184451,2.81121567937294E-7
9792.0,4.7728666315961365E-5,0.7197812391532041,0.28017103218048
8931.0,1.6137293373403237E-12,0.9991610358520606,8.389641463255643E-4
8162.0,1.8028876503996454E-8,0.19612890221624657,0.8038710797548769
9200.0,1.2575714814798112E-11,0.9998276900214278,1.7230996599654626E-4
8662.0,0.9999779447104237,2.2055286601480705E-5,2.974911512142214E-12
8389.0,8.378259715147392E-9,0.08784157288753616,0.9121584187342042
9626.0,0.03612240026197501,0.9637967982970095,8.080144101552836E-5
9693.0,0.01960591047471534,0.9645462896683311,0.01584779985695352
9422.0,0.9928099655856447,0.007189971303804029,6.311055131072607E-8
8593.0,0.6321679469035295,0.36780606787181414,2.5985224656319002E-5
8322.0,0.5866812255433972,0.4133166578613495,2.1165952532918615E-6
8868.0,0.9936310785552588,0.006368910193414975,1.1251326115233384E-8
9143.0,0.6501653684843322,0.23011701778599772,0.11971761372967009
9735.0,2.445290035792082E-4,0.9990208890568689,7.345819395519269E-4
9522.0,0.948129375197251,0.051869876192834403,7.486099144467933E-7
9249.0,1.666390503288704E-13,7.613563793968679E-6,0.9999923864360395
8574.0,3.4067776145737666E-6,0.621358112056513,0.3786384811658723
8301.0,0.6400266558546059,0.3599698533535617,3.490791832378695E-6
8118.0,0.006091204504785322,0.9938387075177573,7.008797745737342E-5
8779.0,0.980215876965882,0.019781769808352678,2.353225765233724E-6
9048.0,0.9600961866731793,0.03989351990023663,1.0293426583970264E-5
9765.0,0.0013757217726985086,0.729327307164437,0.2692969710628646
9219.0,0.179244408638693,0.8204180470729057,3.375442884012966E-4
8271.0,0.16741800834068868,0.832488533154448,9.345850486332516E-5
8540.0,1.4123209229977809E-5,0.7425592519744112,0.2574266248163588
9082.0,4.3470360605109994E-13,0.9837560142943176,0.016243985705247755
8103.0,0.0034139189072846703,0.9934277342088293,0.003158346883885914
8809.0,0.015210122771321445,0.9624175386202254,0.022372338608453245
9452.0,0.9830744637557597,0.016925400573375503,1.3567086486370876E-7
9727.0,0.007936915065226218,0.9898659745362376,0.002197110398536237
8352.0,0.0703023061320947,0.92766158557223,0.0020361082956754095
8627.0,1.1835935067048645E-14,0.6212285302112656,0.37877146978872267
9109.0,7.832931488808472E-5,0.9949836007790593,0.004938069906052661
8838.0,0.9938570295588126,0.006142962623092426,7.818094991714638E-9
9556.0,0.5823734914001993,0.4176184395053533,8.06909444731255E-6
9287.0,0.7150706822662976,0.28488597151757566,4.334621612689095E-5
8749.0,9.964983150353012E-8,0.9051154249830826,0.09488447536708601
9022.0,0.8245682477268479,0.17542989335396036,1.8589191917161013E-6
8472.0,0.07541904370567783,0.9226246513268122,0.0019563049675099062
8203.0,9.600137488996746E-6,0.7405897969905808,0.2594006028719302
9659.0,1.0815301352996756E-4,0.9902593185848417,0.00963252840162842
9384.0,0.016491089131672337,0.8746087659944561,0.10890014487387145
8898.0,3.170291502488882E-5,0.9946310284189798,0.005337268665995396
9169.0,4.3937389931277036E-7,0.08757266105457401,0.9124268995715267
8695.0,0.023696910355572223,0.9725952228449115,0.0037078667995162034
8420.0,0.47400827125398953,0.5258133872035916,1.783415424188201E-4
9354.0,0.0015961625058386595,0.9951252852362243,0.003278552257937028
8928.0,0.9719905208350742,0.02800181373336683,7.665431558941618E-6
8390.0,7.859347448405762E-5,0.917958415287076,0.08196299123844003
8661.0,0.00894481186402404,0.9907992016676915,2.5598646828434835E-4
9317.0,1.5874221040906514E-7,0.9729450987438919,0.027054742513897747
9590.0,0.25292250337219085,0.7470040825084828,7.3414119326311E-5
9795.0,0.19907242850258694,0.8007510996233329,1.764718740802268E-4
8988.0,0.7889678250906856,0.21100904705583592,2.3127853478463932E-5
8084.0,0.6098374394416453,0.38641658168312903,0.0037459788752256403
8719.0,0.7188252354932361,0.2810174308262468,1.5733368051711207E-4
8233.0,1.755251056177767E-11,0.9999498327562552,5.016722619228165E-5
8506.0,0.9486463161897207,0.0513527773545552,9.064557241686305E-7
8592.0,5.4530357680387936E-6,0.9999921897241668,2.3572400651574986E-6
8323.0,0.39037976061545393,0.6096017574813393,1.8481903206847822E-5
8129.0,0.4132869601701024,0.5860756353194196,6.374045104778797E-4
8869.0,0.016118542399080563,0.9743160531268578,0.009565404474061734
9142.0,0.9837824862375818,0.01611076026585998,1.067534965580724E-4
9692.0,0.8597129974046609,0.14026013698751139,2.686560782778834E-5
9423.0,0.0010248527703551934,0.9790785005509162,0.01989664667872869
8575.0,0.9999167086773763,8.329007976881632E-5,1.2428549911771235E-9
8300.0,5.049578974357766E-20,2.740080768522151E-6,0.9999972599192314
8778.0,4.421363476950425E-9,0.9991397010765245,8.602945021119533E-4
