9179.0,0.8705759992201049,0.1285301911228604,8.938096570348053E-4
8904.0,0.7793324778814172,0.21856519765629048,0.002102324462292276
8701.0,0.10045023211585098,0.6736590008441755,0.22589076703997354
9378.0,0.20537772590829328,0.7596013218792809,0.03502095221242588
9012.0,0.4573742219159757,0.5388313688553796,0.0037944092286446613
8743.0,0.0510049578515202,0.6654551487458967,0.2835398934025832
8193.0,0.20885243169767506,0.7605061327975293,0.03064143550479571
8466.0,0.0014510472413546893,0.0782847083673084,0.9202642443913369
9293.0,0.45788209443139444,0.5312379109425054,0.010879994626100266
9566.0,0.7238849525528035,0.2698333108678398,0.006281736579356561
8081.0,0.01777309550484926,0.9254009969105799,0.056825907584570845
8709.0,0.2671269151756839,0.7128257501130831,0.020047334711233072
8982.0,2.183485495047113E-5,0.0264058852720176,0.973572279873032
8496.0,0.9053996605113864,0.09403400245053029,5.663370380832872E-4
8227.0,0.04917242468763321,0.8747683587790146,0.07605921653335229
9596.0,0.005203497608453748,0.9058997174880479,0.08889678490349855
9327.0,0.4462181583706497,0.5460707090458803,0.007711132583470017
9801.0,0.0019159228185466138,0.9460251553912137,0.052058921790239666
8938.0,0.0016962655393313348,0.9239915777875195,0.07431215667314908
8671.0,0.03252958459537032,0.8307228612594497,0.13674755414517986
8396.0,0.9139075267017871,0.08554294975939236,5.495235388206126E-4
9619.0,0.0038141612745527186,0.4465784308989824,0.5496074078264648
9344.0,0.8945515738507496,0.1039770623208984,0.0014713638283519745
8295.0,0.2974868678259614,0.6465658208879402,0.055947311286098235
8564.0,0.0373525537051398,0.9242958787404093,0.038351567554450836
9042.0,0.26336296899567374,0.7251266544209101,0.011510376583416124
8769.0,0.020655806901432622,0.7903884540472399,0.1889557390513276
8115.0,0.8053440210146561,0.19222515553877026,0.0024308234465737705
9741.0,0.003925498607992342,0.48549382525489726,0.5105806761371103
9259.0,0.028140105899364217,0.9163677023048817,0.055492191795754105
9528.0,0.03181425834393863,0.8415554895494662,0.12663025210659506
8328.0,0.6983477885183459,0.29748607183360143,0.00416613964805266
8603.0,0.11851275652952738,0.8174975071895905,0.06398973628088225
9149.0,0.019303472491280216,0.8873116312733138,0.093384896235406
8878.0,0.7179606727262481,0.2790309288619372,0.0030083984118147635
9687.0,0.1958045997888154,0.7918151953418516,0.012380204869332898
8633.0,0.6216171649410956,0.369960461702802,0.008422373356102433
8362.0,0.01874158003237854,0.7046444611119865,0.2766139588556348
8844.0,0.6460021415880034,0.3489880462159543,0.005009812196042331
9119.0,0.7763717490987523,0.22161123063079766,0.0020170202704500504
9446.0,0.14176199972446507,0.8416084968422235,0.01662950343331151
8534.0,0.7552207638679669,0.24078477177062915,0.00399446436140405
8261.0,0.20100099321551723,0.7864095297032966,0.01258947708118612
8098.0,0.5708743940621673,0.4216837073706707,0.00744189856716198
8803.0,0.9060315831212595,0.09330976361307582,6.586532656644397E-4
9072.0,0.6113755408805043,0.3794500235723765,0.009174435547119284
9775.0,0.3867092071753246,0.5905195141367077,0.02277127868796766
9498.0,0.15686587332521196,0.7930258006302391,0.05010832604454895
9225.0,0.7233702465121308,0.273582657267432,0.0030470962204371807
9379.0,0.35517108704745587,0.6312146462320852,0.013614266720458946
9648.0,0.6746356028940904,0.3224899533332407,0.002874443772668984
9178.0,0.02029459885553012,0.8517179516263209,0.127987449518149
8183.0,2.8019629020770376E-4,0.07296919085838392,0.9267506128514085
8905.0,6.254349226487998E-4,0.13683820953227774,0.8625363555450734
8431.0,0.009042939840842642,0.6901233595655681,0.3008337005935892
8700.0,0.6010779824045642,0.39514807202707686,0.0037739455683588473
9292.0,0.13823433279762504,0.823211843354862,0.038553823847513095
9567.0,0.005244426578696318,0.7599664828602032,0.23478909056110042
9013.0,0.5071660690521278,0.4814435924686251,0.01139033847924714
8742.0,0.0023465492088394846,0.7650168469394099,0.23263660385175072
8192.0,0.882184158616468,0.11700439565273832,8.114457307936701E-4
8467.0,0.2984128590366432,0.6902697316800186,0.01131740928333805
9597.0,0.38899319709220537,0.6041736192263247,0.006833183681469972
9326.0,0.4235618617303761,0.557489221107958,0.018948917161666013
9800.0,4.747768703781049E-5,0.3136036598427723,0.68634886247019
8708.0,0.6750687790475995,0.3180587137750151,0.006872507177385348
8983.0,0.6723524258793514,0.3211767190678142,0.006470855052834419
8497.0,0.009119692186002767,0.8878454124476405,0.1030348953663567
8226.0,0.018515604574189395,0.7105361114935307,0.2709482839322801
9618.0,0.9221742489807171,0.07738173591367108,4.440151056117213E-4
9345.0,0.03361145868549328,0.8443550580899899,0.12203348322451672
8166.0,0.023198083038093342,0.7813028195997621,0.1954990973621446
8939.0,0.94328041077185,0.05621982243969121,4.997667884586338E-4
9208.0,0.6423498078157662,0.3474370293403407,0.010213162843893196
8670.0,0.112343079014965,0.8614728747509167,0.026184046234118394
8397.0,0.3803049161575417,0.5994986987378434,0.02019638510461481
9740.0,0.9164406122799917,0.08283548829946241,7.238994205458645E-4
9258.0,0.8800885712913881,0.11916792610902423,7.435025995877913E-4
9529.0,0.13587208963214878,0.8512956555812623,0.012832254786588932
8294.0,0.854472261503331,0.1442327124283993,0.0012950260682696973
8565.0,5.595857858404742E-5,0.009371927608564737,0.9905721138128512
9043.0,0.14009987072374824,0.8038699460579729,0.05603018321827883
8768.0,0.4814802358140774,0.5125221612236421,0.00599760296228047
9413.0,9.377283233754493E-4,0.6430142583505823,0.35604801332604213
9686.0,0.8789556848467729,0.11905105133980431,0.001993263813422874
8329.0,0.11997826315049494,0.8640657557842265,0.015955981065278516
8602.0,0.08814002272323086,0.8651131960318637,0.046746781244905514
9148.0,0.8089822972573334,0.18676292964274366,0.004254773099922946
8879.0,0.018140482888506143,0.43538666318352853,0.5464728539279654
8132.0,0.8238031055945157,0.17181388390527896,0.004383010500205317
9716.0,0.0037761874344722298,0.935002533727171,0.061221278838356666
9447.0,0.048290841239125984,0.9214665039109989,0.030242654849875157
8632.0,0.5150269237994226,0.47798574768604213,0.006987328514535129
8363.0,0.7813350932859054,0.21124348104435425,0.007421425669740372
8149.0,0.34214918712712444,0.6158450853726373,0.0420057275002383
8845.0,0.6961351045905986,0.29979929681578726,0.004065598593614187
9118.0,0.015534742585664703,0.870306121167499,0.11415913624683648
9774.0,0.15709042112065444,0.5673609661790745,0.27554861270027103
9499.0,0.04527670813513128,0.9201259047678082,0.03459738709706055
9224.0,0.37203080481874384,0.6200292609408642,0.00793993424039209
8535.0,0.7763919372380936,0.22146899032257925,0.002139072439327216
8260.0,0.05936763512571273,0.9005087153314125,0.04012364954287481
8802.0,8.131278221041786E-4,0.9250214973363226,0.07416537484157334
9073.0,0.11877728991593271,0.8471659583758234,0.03405675170824383
8741.0,0.6281766242268382,0.3676586769176983,0.0041646988554635035
9014.0,0.07261450766570585,0.9058182545812841,0.02156723775301001
8464.0,0.03301034260524297,0.8021613713663094,0.16482828602844768
8195.0,0.12943855920187125,0.8360468701831031,0.034514570615025775
9564.0,3.4290842685044827E-6,0.007395148248773763,0.9926014226669577
9295.0,0.9139075267017871,0.08554294975939236,5.495235388206126E-4
8906.0,0.2019602919017823,0.7840682663007009,0.0139714417975169
9177.0,0.8069198570914036,0.19097032180869108,0.002109821099905384
8703.0,0.0019383518798375729,0.8308761414261956,0.1671855066939668
8428.0,0.011763643454138498,0.8302279978794697,0.15800835866639176
9651.0,0.8530044145969905,0.14557682730756846,0.0014187580954411541
9376.0,0.09712258027219525,0.8616617520181867,0.04121566770961812
9211.0,0.6318034018746681,0.3626191967080819,0.005577401417250029
8936.0,0.5462459713626413,0.42336829666868897,0.030385731968669626
8398.0,0.009963479170583036,0.14807579780315228,0.8419607230262647
8669.0,0.6529369890696788,0.3431742007921567,0.003888810138164369
9346.0,0.6370570413663457,0.3554281586703322,0.0075147999633220965
9617.0,0.13205602901576122,0.5480085131435664,0.31993545784067245
8980.0,0.7450411033546515,0.24955143689203543,0.005407459753313148
8080.0,0.012571457683759368,0.8096681221353785,0.17776042018086197
8711.0,0.008244700620966012,0.7001338225849917,0.29162147679404227
8225.0,0.7163171403195628,0.27546198000007616,0.008220879680360945
8498.0,0.5657791290810286,0.42560491425800245,0.008615956660969145
9325.0,0.3367802597076071,0.6415266124267517,0.021693127865641263
9598.0,0.6474527034009704,0.34972666092524074,0.002820635673789033
9803.0,0.028082058259290044,0.7704665218221461,0.2014514199185639
8601.0,0.9225772725370679,0.0768032158691425,6.195115937895378E-4
8330.0,0.07235737919778128,0.8030480825795483,0.12459453822267043
8876.0,0.793381560463366,0.20492540454645222,0.0016930349901816781
9151.0,0.674290327404892,0.3199564464321929,0.005753226162915054
9685.0,0.08705154070680639,0.8857372447997912,0.027211214493402504
9414.0,0.044634748680653105,0.8915974382449288,0.06376781307441817
8566.0,0.023194275083677086,0.9382610479581992,0.038544676958123775
8293.0,0.14016481939901393,0.849519509493,0.010315671107985936
8771.0,5.315056577004472E-4,0.25545504090905097,0.7440134534332487
8114.0,0.013247354834035028,0.7394617586217844,0.2472908865441804
9040.0,0.21164245646040405,0.7370724793548319,0.05128506418476401
9743.0,0.02451898366387733,0.8328391431159556,0.14264187322016697
9530.0,0.5483357285688136,0.4455546982129717,0.006109573218214599
8263.0,0.5957393769748909,0.4005566680866897,0.003703954938419281
8532.0,0.10348290821470142,0.8722879137032343,0.024229178082064207
9074.0,0.9297662163039236,0.06971998034304192,5.138033530344998E-4
8801.0,0.27587925083214077,0.6798780034256898,0.044242745742169416
8099.0,0.11918325584006491,0.8524616140809851,0.02835513007895003
9773.0,0.8570193808978113,0.14187928603937547,0.0011013330628131368
9227.0,0.01667117881567962,0.6156560335402483,0.36767278764407196
9496.0,0.07394020163520511,0.8434317789416934,0.08262801942310145
8360.0,0.023993020097619264,0.933364700896088,0.04264227900629263
8635.0,0.05802427152396269,0.9187294556465663,0.02324627282947105
9117.0,0.6926680142089718,0.28771705323169144,0.019614932559336717
8846.0,0.06704542887026431,0.8752429317306323,0.05771163939910355
9444.0,0.03260722614217164,0.9237524279739336,0.04364034588389475
9719.0,0.5743009978875261,0.41640626136758147,0.009292740744892376
9565.0,0.5346828507333996,0.45946229974588326,0.005854849520717186
9294.0,0.8683161838792341,0.1308360632465473,8.477528742183128E-4
8740.0,0.1004494053098159,0.6761816313509497,0.22336896333923437
8465.0,0.07052941231428932,0.8431551480129289,0.08631543967278184
8194.0,0.7583492276818661,0.23830082252000961,0.003349949798124281
9650.0,0.2839883063749421,0.681392981392648,0.034618712232409914
9377.0,0.1756946123307713,0.817120984489854,0.007184403179374704
8182.0,0.09699238417664392,0.8790610330053535,0.023946582818002538
8907.0,0.4793877521452953,0.4907401881591615,0.029872059695543254
9176.0,0.7770207768883073,0.21737905778278613,0.0056001653289065685
8702.0,0.8089822972573334,0.18676292964274366,0.004254773099922946
8429.0,0.07032903123661621,0.8842566540387414,0.04541431472464236
9347.0,0.5279258363982311,0.46141465509046703,0.010659508511301744
9616.0,0.4706033928123318,0.5217420680798222,0.007654539107845885
9210.0,0.08059899308087877,0.8911255285158526,0.028275478403268713
8937.0,0.02322282932749616,0.9051669472097581,0.07161022346274588
8167.0,0.7558431272922225,0.23962419506258606,0.00453267764519151
8399.0,0.6393686982988764,0.35724310654405966,0.003388195157063852
8668.0,0.11858369596676067,0.8546044658829473,0.026811838150292183
9324.0,0.4708316400756455,0.5177747532455459,0.0113936066788087
9599.0,0.10619936601959806,0.8640923788235902,0.029708255156811626
8981.0,0.2506364899004721,0.7302568898688253,0.019106620230702604
8710.0,0.6444837438128738,0.3380623127017564,0.01745394348536977
8224.0,0.4085303705537303,0.580476355850766,0.010993273595503845
8499.0,0.354697512153151,0.6251320978590018,0.02017038998784715
9684.0,0.4667273967189068,0.5238602543881261,0.009412348892967031
9415.0,0.07997548185202044,0.8923319348936977,0.027692583254281925
8600.0,0.013354207258720835,0.6974589855102643,0.2891868072310149
8331.0,0.6667525402244451,0.32614134718715326,0.00710611258840174
8877.0,0.94349740648305,0.05603277083189644,4.6982268505353246E-4
8133.0,0.9297585617141246,0.06925648225662928,9.849560292459103E-4
9150.0,0.4262013201250488,0.5603720394574655,0.013426640417485642
9742.0,0.8945515738507496,0.1039770623208984,0.0014713638283519745
9531.0,0.6167590417501362,0.37951017237297274,0.0037307858768909474
9256.0,0.05012207763855886,0.906362390118236,0.04351553224320497
8567.0,0.09756179039219122,0.7580899607066438,0.14434824890116488
8292.0,0.5570062427024218,0.4246282222845973,0.018365535012980938
8770.0,0.8507802158726985,0.1481627147754863,0.0010570693518151143
9041.0,0.75072806054038,0.2465243211506574,0.0027476183089625403
9772.0,0.49534104205300367,0.4982740738958014,0.006384884051194977
9226.0,0.013563095786148812,0.9410972029298857,0.045339701283965354
9497.0,0.08295460576580732,0.8865975191572716,0.030447875076921045
8262.0,0.017846669977854782,0.8865987589868727,0.0955545710352726
8533.0,0.3082223847228944,0.6814873742270687,0.010290241050036994
9075.0,0.16651381765729614,0.7999553466994963,0.033530835643207545
8800.0,0.8768522998922296,0.12114309977883726,0.002004600328933193
9445.0,0.031569182170273755,0.8742334406857318,0.0941973771439945
9718.0,0.13683648743290264,0.8387815398584413,0.02438197270865623
8361.0,0.012469355319517697,0.5699138307734423,0.41761681390704003
8634.0,0.8097030598262809,0.18719419584807967,0.0031027443256394405
9116.0,0.7793324778814172,0.21856519765629048,0.002102324462292276
8847.0,0.23895346906332465,0.7340208340892183,0.027025696847457144
8148.0,0.377082574923104,0.6115618893513752,0.011355535725520728
8500.0,0.003493393593066386,0.6970030930439322,0.2995035133630015
8231.0,0.8766263914361225,0.12149185568007245,0.001881752883804958
8705.0,0.8915993933711094,0.10733845255249357,0.001062154076397025
8083.0,0.8661283427431768,0.1330418224532574,8.298348035656184E-4
8978.0,0.19848708347155228,0.7783688377562291,0.02314407877221848
9805.0,0.029163676916595986,0.845086700674293,0.12574962240911114
9592.0,0.6705058549634861,0.3241546777533837,0.005339467283130239
9323.0,0.22531450263848393,0.7705290964531439,0.004156400908372148
8667.0,0.7507789208687933,0.24745917644170456,0.001761902689502291
8392.0,0.8194308132388671,0.1774327162381319,0.0031364705230011733
8942.0,0.010487835233545094,0.8804315329998099,0.10908063176664497
9213.0,0.15987375881986468,0.7929710394913199,0.04715520168881556
9623.0,0.8517229147612415,0.14664267842742912,0.0016344068113294718
9348.0,0.8945515738507496,0.1039770623208984,0.0014713638283519745
8426.0,0.21048916368965231,0.74284753414285,0.046663302167497825
8697.0,0.6783739571370443,0.31831578190404797,0.003310260958907616
9183.0,0.7002513665675347,0.29564794435914193,0.004100689073323317
8908.0,0.9309832754813789,0.06823033945682706,7.863850617941758E-4
9653.0,0.7072611936144926,0.2812004536393772,0.01153835274613019
8197.0,2.0582799041916387E-4,0.12591709804657314,0.8738770739630077
8470.0,0.020306825856271304,0.6269652716970477,0.35272790244668095
9008.0,0.4629816857274958,0.3064870497591661,0.2305312645133383
8739.0,0.9317287958081992,0.06787536792003517,3.9583627176555765E-4
9289.0,0.22246133962786613,0.7619256625349209,0.015612997837213016
9562.0,0.6957507005424651,0.3015785471828835,0.002670752274651293
8840.0,0.05314914725394692,0.9221065019428045,0.024744350803248626
9115.0,0.013554108270703977,0.8774209154006787,0.10902497632861732
8637.0,0.0013041574703550247,0.6140074626513294,0.38468837987831556
8366.0,0.3459527981068342,0.6337951468303626,0.020252055062803056
9442.0,0.3601824811832479,0.623136865746927,0.01668065306982496
8807.0,0.5746622753287607,0.42111813933724734,0.004219585333992085
8096.0,0.08285846119589224,0.8077399866334527,0.10940155217065504
9076.0,0.0030378134175498626,0.9474351355560964,0.04952705102635365
8530.0,0.013278982699218204,0.9136054450724822,0.07311557222829948
8257.0,0.0016628120967343665,0.30351773812441285,0.6948194497788528
9502.0,0.5106480600490716,0.48154057674380485,0.0078113632071234295
9229.0,0.6812989080526011,0.31674385357523516,0.001957238372163725
9771.0,0.44701291486046163,0.5370618725618781,0.015925212577660247
9046.0,0.011330489819563402,0.6130177949797376,0.375651715200699
8773.0,0.013371738540142768,0.756403017064395,0.2302252443954623
8113.0,0.8409150953660292,0.15819005070594871,8.948539280221242E-4
8291.0,0.001773441196416932,0.5824585558049271,0.41576800299865596
8560.0,0.32044406596207736,0.6494708177701632,0.030085116267759462
9263.0,0.027527656941379142,0.8583723966217032,0.11409994643691761
9532.0,0.19192598549070972,0.7695759716279941,0.03849804288129617
9737.0,0.0045918393760093846,0.7591740375947629,0.23623412302922778
9145.0,0.19888056944872973,0.7952238228684924,0.0058956076827778635
8874.0,0.08064954588579308,0.9062293561446343,0.013121097969572582
8332.0,0.8221397162950285,0.17446511896865813,0.0033951647363134807
8607.0,0.09786752843910941,0.8729794861212723,0.02915298543961817
9408.0,0.9070601903514945,0.09089338205505641,0.0020464275934490676
9683.0,0.880917695767618,0.11769492857717326,0.001387375655208767
9593.0,0.6531226880636936,0.3382580763363431,0.008619235599963368
9322.0,0.013374615627271266,0.9415197583723501,0.04510562600037868
8501.0,0.57157947512922,0.4229952624416017,0.0054252624291782755
8230.0,0.6967329268238145,0.300583953483654,0.0026831196925314266
8704.0,0.6967329268238145,0.300583953483654,0.0026831196925314266
8979.0,0.011044204356237531,0.6085390320680291,0.3804167635757334
9622.0,0.2479528500678906,0.729488048536453,0.022559101395656297
9349.0,0.6382499512666833,0.35690432307506176,0.00484572565825501
8666.0,0.023113732262505904,0.8991397634202783,0.07774650431721583
8393.0,0.3083495967707088,0.674411427454761,0.017238975774530308
8164.0,0.07425441319585235,0.822266058892133,0.10347952791201474
8943.0,0.004358376599561235,0.8376062709217047,0.15803535247873401
9212.0,0.11307063767592523,0.8560493959780023,0.03087996634607245
9383.0,0.5723507556836882,0.4229554269349125,0.004693817381399253
9652.0,0.8800885712913881,0.11916792610902423,7.435025995877913E-4
8427.0,0.7306919643052704,0.266076425269427,0.0032316104253024523
8696.0,0.8277148914883862,0.16952072515239944,0.0027643833592144494
9182.0,0.5512767141417998,0.4419223163509556,0.006800969507244723
8909.0,0.1755328265409621,0.7821432352660013,0.04232393819303669
8181.0,0.5393989411730828,0.45156326929478435,0.009037789532132842
9288.0,0.024858152974934565,0.9126187682306365,0.06252307879442902
9563.0,0.01079124882281924,0.9186526407565515,0.0705561104206293
8196.0,0.0015400782713249372,0.9619244334987939,0.036535488229881216
8471.0,0.6957507005424651,0.3015785471828835,0.002670752274651293
9009.0,0.6040443405600712,0.392182399389961,0.003773260049967868
8738.0,0.39878450347531774,0.5885878801104013,0.012627616414280913
9712.0,0.048791971047290036,0.8770530783497434,0.07415495060296665
9443.0,0.04135806469715561,0.8998657454699519,0.05877618983289254
8151.0,0.2463966189788362,0.7177359290153248,0.03586745200583919
8841.0,0.11543570405620351,0.8321623661255297,0.05240192981826662
9114.0,0.9080083121608692,0.09132365910532757,6.680287338032293E-4
8636.0,0.03924441129413637,0.9405368837845781,0.02021870492128568
8367.0,0.03238712128515503,0.7803744139797025,0.18723846473514247
9503.0,0.8753637315456787,0.12376257020822584,8.7369824609545E-4
9228.0,0.8948847288469503,0.1043356104539249,7.796606991248094E-4
9770.0,0.047916919437591986,0.42087236638955045,0.5312107141728577
8806.0,0.03448729229704919,0.8080543947830866,0.15745831291986412
9077.0,0.00464960198300802,0.8537025729789498,0.1416478250380422
8531.0,0.08454538545166329,0.9026608447201404,0.01279376982819633
8256.0,0.17888412414805716,0.8108803414690531,0.010235534382889796
9262.0,0.19029165506451254,0.7594547316272121,0.05025361330827541
9533.0,0.0019405648672304306,0.9267342912814919,0.07132514385127776
9736.0,0.2155254519775641,0.7708496664750418,0.01362488154739421
9047.0,0.1767215330296364,0.7542319557518148,0.06904651121854881
8772.0,0.012812622016287073,0.9551357564194727,0.03205162156424023
8290.0,0.10545857980941174,0.8837549945850571,0.01078642560553104
8561.0,0.1891885539063187,0.745015395422418,0.06579605067126339
9409.0,0.036763602945573425,0.9123309070276605,0.050905490026766094
9682.0,0.009558525925970998,0.6535731726674614,0.3368683014065677
9144.0,0.46796682125817174,0.5236663905904864,0.00836678815134177
8875.0,0.0629205016317165,0.8556617136810072,0.08141778468727622
8134.0,0.013609610622066835,0.9000736363988534,0.08631675297907979
8333.0,0.02633394666897818,0.9459824348779529,0.02768361845306895
8606.0,0.5865641143036735,0.40970715817264797,0.0037287275236786445
8394.0,0.7119923743013372,0.28664451560785514,0.0013631100908077524
8665.0,0.5035758002740717,0.47791188166838,0.018512318057548254
9215.0,0.9053996605113864,0.09403400245053029,5.663370380832872E-4
8940.0,0.21742086705090288,0.7349423748805687,0.04763675806852852
9350.0,0.8915993933711094,0.10733845255249357,0.001062154076397025
9621.0,0.7231410670551053,0.2712674386801463,0.005591494264748263
8229.0,0.15159478117840303,0.7732865397498184,0.07511867907177869
8502.0,0.00456119532717609,0.9373649670492629,0.05807383762356115
8976.0,0.571225622441414,0.42313783047687686,0.005636547081709141
8082.0,0.4550868016790687,0.5340104697906334,0.010902728530297837
8707.0,0.008084874575217107,0.872949661844154,0.11896546358062897
9807.0,0.024624283746157178,0.8931638654601655,0.08221185079367732
9321.0,0.7985248514769968,0.197601593139447,0.003873555383556197
9594.0,0.020533239890713702,0.8842814600892624,0.09518530002002384
8468.0,0.8851843862311416,0.11325035721115154,0.0015652565577068593
8199.0,0.005356659719966333,0.89783757828306,0.09680576199697366
8737.0,0.32086477913679223,0.667104797813248,0.012030423049959741
9010.0,0.005428096680249135,0.6891024643161596,0.3054694390035912
9560.0,0.05495647811730345,0.9326582986400378,0.012385223242658954
9291.0,0.33951036727365863,0.6300655397355607,0.030424092990780777
8699.0,0.8714088167656516,0.12746497079933222,0.0011262124350160429
8424.0,0.9389501447670919,0.059914141543488134,0.001135713689419982
8910.0,0.8367024105620041,0.15742610867903847,0.005871480758957414
9181.0,0.0501607917212358,0.6965223332760436,0.2533168750027206
9380.0,0.30690013740744665,0.6769221567059013,0.01617770588665228
9078.0,0.0663272331823842,0.3492745717420417,0.5843981950755741
8805.0,0.5961448206234276,0.3922325516569582,0.011622627719614257
8097.0,0.6755894204393826,0.31733577082447245,0.007074808736145002
8259.0,0.5583526446069466,0.4342923713838079,0.007354984009245569
8528.0,0.6298371777095656,0.3635079875303698,0.006654834760064674
9231.0,0.868639772881796,0.12681716682561484,0.004543060292589267
9500.0,0.35214769262803786,0.626246030172725,0.021606277199237262
9769.0,0.4702980891476288,0.49547708259057865,0.03422482826179259
8842.0,0.8777572467542736,0.119799777436713,0.0024429758090133195
8364.0,0.0014522265446359408,0.4510357974191447,0.5475119760362194
8639.0,0.5038726583664543,0.48640206137507824,0.009725280258467446
9440.0,0.009813070418418276,0.9315147363932026,0.058672193188379324
9715.0,0.012456305381332794,0.5357320966202452,0.45181159799842197
8872.0,0.004020778670708661,0.8774296222837201,0.11854959904557122
9147.0,0.5894664510144662,0.380297569054916,0.03023597993061787
8605.0,0.09354546515998295,0.8131649054794658,0.09328962936055113
8334.0,0.6597001115787758,0.334520314513956,0.005779573907268154
9681.0,0.05253707104716419,0.8450640219464365,0.10239890700639928
8775.0,0.6455125370010082,0.3507028826851986,0.0037845803137932345
8112.0,0.42270247940646244,0.5594304159205371,0.017867104673000504
8562.0,0.09855891158341964,0.8864406554495257,0.015000432967054594
8289.0,0.22994874500453744,0.7530183170362778,0.017032937959184785
9534.0,0.47488299116972266,0.5152443270974146,0.009872681732862662
9261.0,0.8863676557690872,0.11258241860826358,0.0010499256226493602
9739.0,5.355035542374677E-4,0.26798094648259985,0.7314835499631627
9351.0,0.9033174143995648,0.09493895899869022,0.0017436266017448372
9620.0,0.030140096409099502,0.8844447059216688,0.08541519766923156
8395.0,0.6462588925626294,0.3507352588995539,0.0030058485378165233
8664.0,0.42488181831681676,0.5674779163046192,0.007640265378564043
9214.0,0.038806801793619346,0.8648111045050443,0.09638209370133637
8941.0,0.22606080432728093,0.7521091570123675,0.021830038660351568
8165.0,0.23388965660951216,0.723768104543946,0.04234223884654182
9806.0,0.0042710036980244,0.8317267173982401,0.16400227890373548
9320.0,0.816055121169314,0.18239712398429903,0.0015477548463869073
9595.0,0.7166064376110292,0.2779726066023391,0.005420955786631738
8228.0,0.10411557413057877,0.8742037364465732,0.021680689422847864
8503.0,0.0281983526470693,0.6122653032581622,0.3595363440947686
8977.0,0.8077152435541074,0.19066310058693317,0.001621655858959384
9290.0,0.8508787365546957,0.14568125078806282,0.0034400126572414268
8469.0,0.006768047089672011,0.47892159821647856,0.5143103546938494
8198.0,0.528684270477939,0.45587245117013697,0.015443278351924165
8736.0,0.06454225370335674,0.8758790922756631,0.05957865402098007
9011.0,0.7259290642007113,0.27017233717172684,0.003898598627561761
9654.0,0.024939899986646797,0.8412127309457519,0.1338473690676012
8698.0,0.018465211074805785,0.8455921881441153,0.13594260078107892
8425.0,0.9360794582029941,0.06342961055896926,4.909312380367545E-4
8180.0,0.7256770154956738,0.27165968746536556,0.0026632970389606006
8911.0,0.023097121762372812,0.8899220775076588,0.08698080072996836
9180.0,0.31472874045965316,0.6477829240446862,0.03748833549566074
9230.0,0.08383285846904201,0.8708846503025707,0.045282491228387435
9501.0,0.4282797416133119,0.5651657606643802,0.006554497722307909
9768.0,0.0824971107448832,0.9042346365542289,0.01326825270088793
9079.0,0.5352468331908546,0.4577252600398869,0.007027906769258524
8804.0,0.5191383665231181,0.46820606536226245,0.012655568114619419
8258.0,0.03544516684277753,0.9413630041764516,0.023191828980770907
8529.0,0.18671279208836772,0.7813114070673566,0.03197580084427569
9441.0,0.864449844730028,0.1343679760702878,0.0011821791996841308
9112.0,0.5884398169934085,0.4057154426621207,0.0058447403444707256
8150.0,0.24975463250075478,0.684462726518203,0.06578264098104221
8843.0,0.1172582186643717,0.860771990524024,0.021969790811604304
8365.0,0.8753637315456787,0.12376257020822584,8.7369824609545E-4
8638.0,0.7065775158704525,0.29105229860019044,0.0023701855293571565
9680.0,0.767647209984887,0.22992546181192955,0.002427328203183296
9411.0,0.5475810524746173,0.4389610432736143,0.013457904251768472
8135.0,0.26756192334633727,0.7070690710213747,0.02536900563228811
8873.0,0.9245367246639821,0.07470223710517304,7.610382308449568E-4
9146.0,0.44221917975019037,0.553982763053108,0.003798057196701686
8604.0,0.12676595209121272,0.6698035867218182,0.2034304611869691
8335.0,0.5472975028574955,0.44463814728771617,0.008064349854788294
9535.0,0.6379674482461956,0.35753024561192653,0.004502306141877918
9260.0,0.029194612042134017,0.9174209805429756,0.05338440741489042
9738.0,0.7389322002363821,0.25741387398199567,0.003653925781622197
8774.0,0.005513670712090753,0.9152240338281712,0.07926229545973816
9045.0,0.5609796140665219,0.4319284334327505,0.007091952500727609
8563.0,0.046075619169015855,0.9359710349431151,0.01795334588786914
8288.0,0.05348324386597126,0.9072377994023613,0.039278956731667494
9733.0,0.6422908702320602,0.3503640729009907,0.0073450568669489735
9251.0,0.053561017212865325,0.8452958558033963,0.10114312698373831
9520.0,0.4713934353990328,0.5036322256477076,0.024974338953259723
8303.0,0.8547257726496429,0.1438531887642707,0.0014210385860864063
8572.0,0.49602569808097474,0.4953058338570376,0.008668468061987728
9050.0,0.6108654522824538,0.3772592660912712,0.011875281626275064
8777.0,0.4891195039326848,0.5032642612599277,0.007616234807387453
8119.0,0.004152328208012667,0.37549454175275654,0.6203531300392309
9420.0,0.32092046121541795,0.6636150044359204,0.01546453434866166
9695.0,0.4072153971257202,0.5709988964581013,0.021785706416178538
8320.0,0.48895168970327507,0.5069574286482433,0.004090881648481659
8595.0,0.497088312166811,0.49435655858563204,0.008555129247557105
9141.0,0.9360794582029941,0.06342961055896926,4.909312380367545E-4
8870.0,0.06349614510929985,0.8867779772005756,0.049725877690124584
9725.0,0.08005893632672,0.7297973997471283,0.19014366392615162
9454.0,0.0030042195357467797,0.5961370459388452,0.400858734525408
8625.0,0.25067378536078166,0.7389372035070807,0.010389011132137693
8354.0,0.22925646682934722,0.7297279637491674,0.04101556942148548
8836.0,0.8468657361888844,0.1521072390516982,0.0010270247594174
9111.0,0.012492472088886986,0.9077784185859771,0.07972910932513606
9767.0,0.30280551564220254,0.6763179178087385,0.020876566549058888
9490.0,0.23451413960220435,0.7558332849951837,0.009652575402611946
9217.0,0.01645873391343332,0.8572564700856834,0.1262847960008834
8542.0,0.012772607624503345,0.45484164485248374,0.5323857475230128
8269.0,0.7526629030643722,0.24445996255132868,0.0028771343842991276
8811.0,0.6093326649223195,0.3887520888757419,0.0019152462019384412
8102.0,0.5472975028574955,0.44463814728771617,0.008064349854788294
9080.0,0.3465422530045767,0.647641826138673,0.0058159208567503265
9386.0,0.0062652466802608706,0.8737839315853202,0.11995082173441897
9657.0,0.06322778717572504,0.8705035123203726,0.06626870050390223
9171.0,0.6656387398280347,0.3274794528894245,0.006881807282540958
8896.0,0.0022949978664339498,0.6838577554925687,0.3138472466409973
8693.0,0.04993378312370167,0.927437345659782,0.022628871216516373
9285.0,0.03402338617054331,0.7999787706219396,0.16599784320751715
9558.0,0.5753745054313968,0.4123983417790216,0.012227152789581511
9020.0,0.013431059921533171,0.6987238630964903,0.2878450769819766
8751.0,0.8861521177996348,0.11290203029094353,9.458519094217954E-4
8201.0,0.4746931944069772,0.5190457581284568,0.0062610474645658975
8474.0,0.271273848222511,0.6990331408229847,0.029693010954504363
9588.0,0.008686534805446521,0.7675600132580325,0.2237534519365209
9319.0,0.032769280336818175,0.6259595693995746,0.34127115026360727
9793.0,0.5255604163263219,0.46986568446098637,0.004573899212691901
8085.0,0.6171127555080879,0.3811691020586354,0.0017181424332766218
8717.0,0.2458356690637887,0.7366168842015464,0.017547446734664972
8990.0,0.8960963587385872,0.10267159579517601,0.0012320454662367343
8504.0,0.4749484828954985,0.5181222434592033,0.006929273645298188
8235.0,0.07340159948296264,0.8457812197057152,0.08081718081132211
9627.0,0.040318215788478,0.9249217943779954,0.03475998983352667
9352.0,0.4578020510569394,0.5269114325275822,0.015286516415478464
8930.0,0.8714088167656516,0.12746497079933222,0.0011262124350160429
9201.0,4.5810045428610057E-4,0.4443879671132698,0.5551539324324443
8663.0,0.08642376608025631,0.8982794814198121,0.015296752499931544
8388.0,0.35787577525110653,0.6246390653939792,0.01748515935491444
8302.0,0.019531847798749443,0.8631379780171501,0.11733017418410062
8573.0,0.0019400734008998173,0.4308553927172667,0.5672045338818336
9051.0,0.8044992785877617,0.19377279652592805,0.001727924886310179
8776.0,0.6246436696902429,0.371176615427698,0.004179714882059093
9250.0,0.6896176477727302,0.30717317202465677,0.0032091802026129523
9521.0,0.013742268672534332,0.8486440724479604,0.13761365887950525
8321.0,0.23416614431804877,0.7480862786249444,0.017747577057006768
8594.0,0.029975421869225968,0.45940652105296714,0.5106180570778069
9140.0,0.42902255844443704,0.5578577258370353,0.013119715718527575
8871.0,0.1010327177633023,0.8936958644385311,0.005271417798166533
8128.0,0.39581100498673344,0.5957324653346395,0.008456529678627155
9421.0,0.03494370000182003,0.8679086243699315,0.09714767562824861
9694.0,0.9225772725370679,0.0768032158691425,6.195115937895378E-4
8624.0,0.016382501279504986,0.9651098328014044,0.018507665919090577
8355.0,0.8308907569157131,0.16788139294356008,0.0012278501407268804
8145.0,0.8599897368112865,0.13717067984331952,0.0028395833453938586
8837.0,0.00680345236487827,0.8119351393618494,0.18126140827327236
9110.0,0.4010360814376199,0.5891511630632407,0.009812755499139498
9724.0,0.24406916443806476,0.7295641391707732,0.026366696391161903
9455.0,0.9013096105982467,0.0980343291826002,6.560602191531576E-4
8543.0,0.11742445673378407,0.8465936335609257,0.0359819097052903
8268.0,0.22838256921759886,0.6272786691911155,0.14433876159128553
8810.0,0.17997189277434913,0.8124059441204633,0.007622163105187488
9081.0,0.45404765561632143,0.5419987748968546,0.003953569486823951
9766.0,0.804028094394488,0.19182692603929086,0.004144979566221249
9491.0,0.21997481885343695,0.7269921734880113,0.05303300765855175
9216.0,0.40247260490952935,0.5838467361048472,0.013680658985623439
9170.0,0.04782744562385002,0.7579122522454557,0.19426030213069426
8179.0,0.002923792231355319,0.9057231033431291,0.09135310442551553
8897.0,0.08475612691678375,0.8834120105905635,0.03183186249265283
8423.0,0.5358424497966519,0.46002110876935276,0.0041364414339954015
8692.0,0.38832391959736406,0.6072594866595884,0.004416593743047526
9387.0,0.8123732569035153,0.18520680092549446,0.002419942170990285
9021.0,0.9309415942843801,0.06865931428506625,3.9909143055365346E-4
8750.0,0.4462181583706497,0.5460707090458803,0.007711132583470017
8200.0,0.01512802605452377,0.8451975675888942,0.13967440635658193
8475.0,0.09269945911532082,0.8915985728907941,0.015701967993885114
9559.0,0.8286357484802505,0.16903452012774448,0.0023297313920051387
8716.0,0.007370687593848704,0.775914773594736,0.21671453881141511
8991.0,0.8693835573198512,0.12926519788031146,0.001351244799837429
8505.0,0.0020222194943360296,0.1556122716471742,0.8423655088584898
8234.0,0.5029977392062907,0.4824740868751481,0.01452817391856123
9589.0,0.008534324715944678,0.4143988135762495,0.5770668617078057
9318.0,0.5975870083152,0.3899300139159252,0.012482977768874758
9792.0,0.36712183275888344,0.5791035115403635,0.053774655700752995
8931.0,0.00859418895293565,0.9243047305545391,0.06710108049252536
8162.0,0.002984589529360633,0.8670066509247027,0.1300087595459365
9200.0,0.05747784843882903,0.8571639289555893,0.0853582226055816
8662.0,0.9196754807830746,0.07863354755846592,0.0016909716584594173
8389.0,0.012239652357924876,0.939840634768985,0.047919712873090034
9626.0,0.34920293083556075,0.615449013152917,0.03534805601152232
9693.0,0.6460021415880034,0.3489880462159543,0.005009812196042331
9422.0,0.9171982588335846,0.08226353384489025,5.382073215250796E-4
8593.0,0.811923680235483,0.18696723157475242,0.001109088189764625
8322.0,0.9053996605113864,0.09403400245053029,5.663370380832872E-4
8868.0,0.875573879601575,0.12228447138667527,0.00214164901174978
9143.0,0.43282877579957213,0.5498734245742386,0.01729779962618921
9735.0,0.42218708260174753,0.563009756139108,0.014803161259144477
9522.0,0.30690013740744665,0.6769221567059013,0.01617770588665228
9249.0,1.4653259565243146E-5,0.008586721634427618,0.9913986251060072
8574.0,0.07062098744413774,0.903787883272925,0.025591129282937268
8301.0,0.9225772725370679,0.0768032158691425,6.195115937895378E-4
8118.0,0.15690317084974867,0.8351279366993906,0.00796889245086088
8779.0,0.767647209984887,0.22992546181192955,0.002427328203183296
9048.0,0.811923680235483,0.18696723157475242,0.001109088189764625
9765.0,0.44320648985600924,0.513961169041799,0.042832341102191716
9219.0,0.2702880318316698,0.7075934861683761,0.022118481999954115
8271.0,0.32183558675185553,0.6682273926533809,0.00993702059476346
8540.0,0.028971196664680114,0.9175867705841674,0.053442032751152564
9082.0,0.016499782092060707,0.9001765957835431,0.0833236221243962
8103.0,0.3035402302805566,0.6839095102274032,0.01255025949204033
8809.0,0.23848800541315493,0.7237660496689817,0.03774594491786339
9452.0,0.864196262968624,0.13408343880006351,0.0017202982313125708
9727.0,0.38760628992811996,0.6041517983790328,0.00824191169284728
8352.0,0.6208456532490053,0.3764255665176778,0.0027287802333169353
8627.0,0.0014118235066613058,0.6211495716429457,0.37743860485039293
9109.0,0.07709794139721761,0.8395859510193663,0.08331610758341597
8838.0,0.8058894457262005,0.19167922973939008,0.0024313245344094675
9556.0,0.6800358974819152,0.31569758133287185,0.0042665211852129506
9287.0,0.6896176477727302,0.30717317202465677,0.0032091802026129523
8749.0,0.029976925543415876,0.8070579780101734,0.16296509644641072
9022.0,0.1818937570099832,0.8075427122142711,0.010563530775745776
8472.0,0.11569873039760091,0.8482818462421524,0.036019423360246675
8203.0,0.184671566583649,0.7068536847614669,0.10847474865488421
9659.0,0.23381239189746184,0.7193103539326204,0.04687725416991759
9384.0,0.11771113800456981,0.7143670537265836,0.16792180826884673
8898.0,0.10241006240473734,0.8507803649474901,0.046809572647772704
9169.0,0.006179963922418475,0.9309206136740164,0.06289942240356512
8695.0,0.2167605607520322,0.7725524128746833,0.010687026373284367
8420.0,0.5345699939424349,0.456288897181606,0.009141108875958998
9354.0,0.023838568569199824,0.9482111780706486,0.02795025336015167
8928.0,0.7966225142434522,0.2018729490396333,0.0015045367169144433
8390.0,0.03366372112768958,0.894058992504039,0.07227728636827148
8661.0,0.3078674507535489,0.6833458706458018,0.008786678600649403
9317.0,0.016307325668075044,0.9201879297580797,0.06350474457384538
9590.0,0.36828104519482346,0.6175666731791701,0.014152281626006416
9795.0,0.4341679568463257,0.5579560473895705,0.007875995764103708
8988.0,0.3154222081463958,0.668041828763462,0.016535963090142318
8084.0,0.6646811667963898,0.30931511503823567,0.026003718165374543
8719.0,0.42007922117659247,0.5726674061202267,0.00725337270318101
8233.0,0.11353241576855264,0.8136783689264242,0.07278921530502316
8506.0,0.7029590856751451,0.2948561784641908,0.00218473586066418
8592.0,0.3683916800334564,0.6221372840948449,0.009471035871698761
8323.0,0.7763839057499351,0.22017805757542636,0.0034380366746385935
8129.0,0.27130471354810115,0.7146218985272033,0.01407338792469557
8869.0,0.19737010170921102,0.7743457037199005,0.028284194570888384
9142.0,0.7589272101210989,0.22530477066582447,0.0157680192130767
9692.0,0.9189257493102924,0.07949934577590173,0.0015749049138059914
9423.0,0.14305544370786383,0.8341845397782964,0.02276001651383974
8575.0,0.94349740648305,0.05603277083189644,4.6982268505353246E-4
8300.0,8.828126006830869E-4,0.08990226846402896,0.9092149189352879
8778.0,0.10463553001187295,0.8340489582890352,0.06131551169909178
9523.0,0.0029757397272105832,0.9076820850820888,0.08934217519070062
9248.0,0.5638640664599364,0.4104708969308478,0.025665036609215878
8270.0,0.7797886503257662,0.21746811636393445,0.0027432333102993013
8541.0,0.0900382266604404,0.7130055118448123,0.19695626149474724
9083.0,0.2752953869728946,0.7125220283642448,0.012182584662860652
8808.0,0.20225192822809987,0.7374981842820876,0.06024988748981261
9764.0,0.6384662524118074,0.3502805369924877,0.011253210595704775
9218.0,0.004339875124382885,0.8459297665974533,0.14973035827816375
9489.0,0.8627691524828334,0.13650426034419053,7.265871729760821E-4
8353.0,0.5409943351654285,0.45259497657469067,0.006410688259880844
8626.0,0.16966413328199215,0.817917241530403,0.01241862518760493
