9179.0,0.9561836307376255,0.043638620942658496,1.7774831971608613E-4
8904.0,0.9300547416335613,0.06981625904487965,1.2899932155904326E-4
8701.0,0.17365738698477529,0.7996364459979735,0.02670616701725134
9378.0,0.48474020722608846,0.5062146046952827,0.009045188078628913
9012.0,0.775697022713207,0.22384671443332452,4.5626285346859135E-4
8743.0,0.0044050226958935,0.8530383202215418,0.1425566570825648
8193.0,0.3810784207916655,0.6087421577316267,0.010179421476707837
8466.0,4.3120302126328243E-4,0.030225665500061248,0.9693431314786755
9293.0,0.340591952593956,0.6371058579294142,0.022302189476629698
9566.0,0.8342477291425013,0.1651537435960097,5.985272614889429E-4
8081.0,0.02303168690635882,0.8335496348494312,0.1434186782442099
8709.0,0.23962018142544939,0.744504209975515,0.015875608599035522
8982.0,8.863426199336075E-5,0.0838006681580265,0.9161106975799801
8496.0,0.865092437732487,0.13439872570758638,5.088365599265557E-4
8227.0,0.024060479213885752,0.9130385961048331,0.06290092468128114
9596.0,0.006019977893858755,0.9371621426252197,0.05681787948092149
9327.0,0.6324840742515377,0.36625072329829733,0.0012652024501649322
9801.0,2.930610785386903E-4,0.21384772426126253,0.7858592146601987
8938.0,0.0024172135812063106,0.8657982267517749,0.13178455966701888
8671.0,0.004943770097899103,0.7561488921856149,0.23890733771648612
8396.0,0.8861525083922286,0.11345629091770747,3.91200690063804E-4
9619.0,0.007586523140965904,0.763510221135587,0.22890325572344702
9344.0,0.8416000972539449,0.15786302690399454,5.368758420603427E-4
8295.0,0.7305981595465539,0.2597182070441971,0.009683633409248764
8564.0,0.017643941925098033,0.8932804464261446,0.08907561164875744
9042.0,0.633331660227003,0.3643426036865494,0.002325736086447518
8769.0,0.01447099150327426,0.7490195128389392,0.23650949565778656
8115.0,0.9325537535087961,0.06701979867580815,4.2644781539556616E-4
9741.0,6.929976491489624E-4,0.08596364624322944,0.9133433561076215
9259.0,0.06898246456109024,0.9261735470977113,0.004843988341198492
9528.0,0.025714735307840308,0.8136378115865661,0.16064745310559353
8328.0,0.7302429712778672,0.26699559145476615,0.002761437267366665
8603.0,0.06313603168811358,0.8968767167032038,0.03998725160868269
9149.0,0.017071901864814325,0.9342873822474467,0.0486407158877391
8878.0,0.8528544835594829,0.14651971260375934,6.258038367578807E-4
9687.0,0.35028812120213726,0.641455669847198,0.008256208950664689
8633.0,0.10857226515790384,0.8747684525270634,0.016659282315032747
8362.0,0.04130116803158824,0.8920746894243222,0.06662414254408952
8844.0,0.7729090110570862,0.22594348073660134,0.0011475082063125322
9119.0,0.7154397239688964,0.2832287522388563,0.0013315237922471993
9446.0,0.718697787405575,0.27591817353423964,0.005384039060185463
8534.0,0.5764577206686008,0.41727415584442196,0.006268123486977214
8261.0,0.21123676488101603,0.7792205361804831,0.00954269893850092
8098.0,0.22424064902762497,0.7562060055087252,0.019553345463649785
8803.0,0.5316170022172834,0.466752421071256,0.0016305767114604766
9072.0,0.5516415360981469,0.4437831729301128,0.004575290971740111
9775.0,0.45057797891272994,0.5326804606271919,0.016741560460078322
9498.0,0.1836470952445248,0.8071221210456929,0.009230783709782264
9225.0,0.8544197886470009,0.14486942322225005,7.107881307491687E-4
9379.0,0.11664806732022572,0.8816760582194318,0.0016758744603424236
9648.0,0.9081052669103694,0.09148889515541261,4.058379342179552E-4
9178.0,0.04412073208733558,0.8846902763295122,0.07118899158315221
8183.0,0.0014361674931961,0.4473759191762087,0.5511879133305952
8905.0,0.005973535017357035,0.32054430944020995,0.673482155542433
8431.0,0.014360348518014824,0.41113019212371904,0.5745094593582661
8700.0,0.46852309080600374,0.5270827446010552,0.004394164592941004
9292.0,0.13288266266524887,0.8354839317683287,0.03163340556642247
9567.0,0.003034464972072939,0.8208711329354808,0.17609440209244648
9013.0,0.5789790358486236,0.4196949019150963,0.001326062236280024
8742.0,0.0028292564499567455,0.8104967518438116,0.1866739917062316
8192.0,0.4435134601256723,0.553711472567351,0.0027750673069767435
8467.0,0.7064748110347114,0.29130773302417423,0.0022174559411143042
9597.0,0.4764605339664415,0.5192003956310827,0.004339070402475949
9326.0,0.35390059782166144,0.6092650801316142,0.03683432204672439
9800.0,1.385149496386671E-4,0.277717580503597,0.7221439045467644
8708.0,0.5480251726364471,0.44470629619159824,0.007268531171954752
8983.0,0.5762007432470279,0.4220061770234456,0.0017930797295265188
8497.0,0.011767023252294131,0.9538272402177451,0.034405736529960596
8226.0,0.1074033324276213,0.826728047783801,0.06586861978857762
9618.0,0.8902460215620503,0.10898702214775541,7.6695629019438E-4
9345.0,0.07498861211819556,0.739287371042093,0.1857240168397114
8166.0,0.0014175024716527392,0.35432872942079663,0.6442537681075506
8939.0,0.9796583441940396,0.02030636647590809,3.528933005229938E-5
9208.0,0.6738976850791818,0.3134403175732405,0.012661997347577766
8670.0,0.03031433607224338,0.951689362008809,0.017996301918947643
8397.0,0.29969797933314146,0.6851429935329357,0.015159027133922752
9740.0,0.9626544414112415,0.03729102096254976,5.453762620886635E-5
9258.0,0.6699719652747239,0.32442016430224535,0.005607870423030848
9529.0,0.28440555566165493,0.711268291193748,0.0043261531445970254
8294.0,0.9430783182201624,0.05682432797239292,9.735380744470759E-5
8565.0,3.795485631738386E-5,0.005037532578909579,0.9949245125647731
9043.0,0.22166222865448104,0.759941165823048,0.018396605522470976
8768.0,0.24248850851647213,0.7534725212671275,0.004038970216400318
9413.0,6.314180261319291E-4,0.5877013826279658,0.41166719934590223
9686.0,0.8455017273192856,0.15379219455111925,7.060781295951299E-4
8329.0,0.054771946384623404,0.9285847023322976,0.016643351283078922
8602.0,0.22181614207170663,0.7744617433035693,0.003722114624723912
9148.0,0.9479425156092193,0.05169765731883404,3.598270719466816E-4
8879.0,0.004042226621952618,0.25586997604593975,0.7400877973321076
8132.0,0.634262666716553,0.3640616708073415,0.0016756624761054837
9716.0,0.001583124164854941,0.8810099563423541,0.1174069194927909
9447.0,0.026004642988553896,0.9492500555000645,0.024745301511381646
8632.0,0.6565193043187821,0.34029313317577337,0.003187562505444563
8363.0,0.5883228007387052,0.41001129493116556,0.0016659043301290577
8149.0,0.20759616379207935,0.7846519876810713,0.0077518485268493545
8845.0,0.7216621710474298,0.2726668439599373,0.005670984992633003
9118.0,0.006870227761818584,0.47059678278267475,0.5225329894555067
9774.0,0.04341813345689848,0.8683333176763364,0.08824854886676511
9499.0,0.07094438129193337,0.8936124998680265,0.0354431188400401
9224.0,0.18848472360064492,0.8038784950823413,0.007636781317013661
8535.0,0.8283885375528027,0.17115803043070088,4.534320164964275E-4
8260.0,0.08845224200271291,0.8959871871806384,0.015560570816648685
8802.0,0.0029252395701842003,0.9310921528208407,0.06598260760897515
9073.0,0.0812033310608628,0.7816611776723955,0.13713549126674174
8741.0,0.2670082405130437,0.7303588118478447,0.0026329476391117627
9014.0,0.1883382975023394,0.7849964253604955,0.02666527713716506
8464.0,0.01989923639003394,0.8980709494439811,0.08202981416598505
8195.0,0.2947520653650559,0.6909470496399247,0.014300884995019528
9564.0,1.485940935170928E-6,0.002694627447410412,0.9973038866116544
9295.0,0.9763967821641069,0.023561684826557787,4.153300933534673E-5
8906.0,0.24390840322512747,0.7528597017548534,0.003231895020019132
9177.0,0.7788599973046073,0.2188612432782623,0.002278759417130318
8703.0,0.008673253231330103,0.9331484889256274,0.05817825784304253
8428.0,0.007175146566284844,0.8891517835034073,0.10367306993030784
9651.0,0.8608685007652951,0.13649887878988035,0.0026326204448245223
9376.0,0.05598302911363633,0.8680264364424252,0.07599053444393851
9211.0,0.2960947102577743,0.6940753492380181,0.009829940504207676
8936.0,0.6919604508906113,0.28713216893804794,0.020907380171340757
8398.0,0.0037346890025127494,0.17130490426120532,0.8249604067362818
8669.0,0.6976036292461234,0.3006470288937236,0.0017493418601529575
9346.0,0.5149682444419549,0.47686149482971785,0.008170260728327225
9617.0,0.018310028619142146,0.5205708406705892,0.4611191307102685
8980.0,0.7588207946275761,0.23725866314887095,0.0039205422235529435
8080.0,0.02297251451581718,0.9287529869387806,0.048274498545402174
8711.0,0.006914325302787895,0.8212722516469743,0.17181342305023792
8225.0,0.8224317263297327,0.17718841051742268,3.798631528447903E-4
8498.0,0.733956647448512,0.26340982028273585,0.002633532268752333
9325.0,0.1927956506881825,0.7746023509558594,0.03260199835595808
9598.0,0.7290527581359504,0.26469518523818103,0.0062520566258686405
9803.0,0.010956753844361,0.6709361290886237,0.3181071170670152
8601.0,0.9600810021593902,0.03968596296576352,2.330348748462343E-4
8330.0,0.08189459336939184,0.8242877071631128,0.09381769946749549
8876.0,0.9430769248742785,0.056645336551570204,2.7773857415121293E-4
9151.0,0.8354974718263859,0.16307601469870459,0.0014265134749094118
9685.0,0.025928020424516567,0.9600987397961581,0.013973239779325273
9414.0,0.1497126942432102,0.8385969682977871,0.011690337459002682
8566.0,0.006085256997392274,0.7142846321759297,0.279630110826678
8293.0,0.21234483646013674,0.7785611630336682,0.00909400050619504
8771.0,2.6645324141285297E-4,0.4503133836778015,0.5494201630807856
8114.0,0.023810583295110994,0.9112963472555492,0.06489306944933984
9040.0,0.11230517265884313,0.5580137067388083,0.3296811206023486
9743.0,0.08122194734346254,0.8642528067193403,0.0545252459371972
9530.0,0.7821100717457802,0.21610537103703045,0.001784557217189449
8263.0,0.6996250534617472,0.2981495598756972,0.002225386662555473
8532.0,0.20145723634204354,0.7370351261761161,0.06150763748184045
9074.0,0.9057844027862557,0.09393111783122955,2.8447938251478647E-4
8801.0,0.47741510582147517,0.5188390568007687,0.003745837377756223
8099.0,0.4422320789373206,0.5407821834418897,0.0169857376207897
9773.0,0.9078739779686766,0.09192544618829432,2.005758430291114E-4
9227.0,0.03258871263416086,0.8522999364902833,0.11511135087555585
9496.0,0.01738687268273372,0.6530628614221582,0.329550265895108
8360.0,0.25053852335883964,0.7286363549338432,0.020825121707317238
8635.0,0.16269733215013463,0.821185090277026,0.016117577572839416
9117.0,0.20329497047919184,0.7749186868748998,0.02178634264590829
8846.0,0.09061250114736365,0.8891934086711454,0.02019409018149084
9444.0,0.05950802778203057,0.6733597063515054,0.26713226586646394
9719.0,0.15361523571018268,0.8306110633386969,0.01577370095112027
9565.0,0.6133573362012688,0.38470310193686175,0.0019395618618694623
9294.0,0.7349531809821874,0.26364847663177365,0.0013983423860388687
8740.0,0.24142429223180856,0.4910223648849485,0.26755334288324295
8465.0,0.005061789141634303,0.9122416409844487,0.08269656987391694
8194.0,0.5407291834101332,0.45814429140819785,0.0011265251816689674
9650.0,0.21608514584793465,0.7532460298015015,0.030668824350563995
9377.0,0.2609486052639932,0.7333599175281396,0.005691477207867206
8182.0,0.10323630308048817,0.859038062686479,0.03772563423303277
8907.0,0.02987774278886772,0.8823720590255939,0.08775019818553845
9176.0,0.39791704459535143,0.5964227241075265,0.005660231297122062
8702.0,0.5225245030771775,0.47411816795278705,0.003357328970035406
8429.0,0.027717015064474722,0.9628800031475421,0.009402981787983157
9347.0,0.4293527004677861,0.5676700610553485,0.0029772384768654327
9616.0,0.6267573316195716,0.36164316220732656,0.011599506173101756
9210.0,0.08049257478689892,0.8843819781184902,0.035125447094610844
8937.0,0.012044388857559388,0.938121009645695,0.0498346014967455
8167.0,0.9394779425583668,0.06034397916803783,1.780782735954742E-4
8399.0,0.851751737554303,0.1479201883280657,3.280741176313461E-4
8668.0,0.08558439976834824,0.8968478712109778,0.017567729020674026
9324.0,0.5047093148291234,0.4841100063762243,0.011180678794652262
9599.0,0.02152139605372353,0.9428007923848428,0.03567781156143355
8981.0,0.08150738246270879,0.8492043704596497,0.06928824707764157
8710.0,0.7705678539876641,0.22857469023186583,8.574557804699322E-4
8224.0,0.2502003130835552,0.7372486987845451,0.012550988131899678
8499.0,0.07938661829754934,0.8867819288341777,0.033831452868272965
9684.0,0.47624138899191365,0.5201569319416999,0.0036016790663864788
9415.0,0.0031579558205800727,0.970790186433492,0.026051857745927984
8600.0,8.956401982320254E-4,0.2350279686291882,0.7640763911725797
8331.0,0.4327431218528927,0.5510865422805684,0.01617033586653882
8877.0,0.842388183088771,0.15740641159132293,2.054053199062033E-4
8133.0,0.877420217395738,0.12229800330967698,2.8177929458503796E-4
9150.0,0.4362312648722499,0.5484940094771759,0.015274725650574325
9742.0,0.8705263035771217,0.12917233182689628,3.013645959820353E-4
9531.0,0.1927989821290782,0.8042751141203979,0.0029259037505239126
9256.0,0.2231179439315599,0.7509882883087123,0.02589376775972771
8567.0,0.03733649059995963,0.7945182073412901,0.1681453020587503
8292.0,0.3137459056699616,0.6758825212618915,0.010371573068146945
8770.0,0.9112370383929318,0.08851314326261876,2.4981834444949975E-4
9041.0,0.6151758696344414,0.37907351865793304,0.005750611707625577
9772.0,0.6931200583595248,0.3051130829394987,0.0017668587009764605
9226.0,0.012388602359192686,0.9109886641341286,0.0766227335066787
9497.0,0.5866915581192255,0.407778851751654,0.005529590129120574
8262.0,0.01336960173053323,0.9237757530997488,0.06285464516971785
8533.0,0.2620301253357619,0.730521792323219,0.007448082341019085
9075.0,0.08207029279766259,0.8112040690173463,0.10672563818499098
8800.0,0.8404500507190255,0.15868698096680806,8.629683141665853E-4
9445.0,0.029203295588544013,0.8829299804378795,0.08786672397357649
9718.0,0.07867828298338293,0.9077511100902539,0.013570606926363206
8361.0,0.006738671426707669,0.765302997467679,0.22795833110561328
8634.0,0.7922778230307971,0.20680667555037063,9.155014188323349E-4
9116.0,0.7315346585601438,0.26654490815922,0.0019204332806362265
8847.0,0.118613157961861,0.8722766423484204,0.009110199689718521
8148.0,0.5947172864445988,0.39702991385625613,0.008252799699145238
8500.0,0.0017858527165224665,0.6049488969948698,0.39326525028860776
8231.0,0.9344541891485671,0.06541759614928984,1.2821470214308863E-4
8705.0,0.9461338929569347,0.05367894926162052,1.871577814446325E-4
8083.0,0.7940712457703752,0.2049433710870092,9.853831426157036E-4
8978.0,0.12045916974774686,0.8635869165340195,0.015953913718233546
9805.0,0.011252878135537355,0.4717230593748873,0.5170240624895756
9592.0,0.6188981525702585,0.3782232162854203,0.0028786311443211726
9323.0,0.49735135139345105,0.498127029591936,0.004521619014612872
8667.0,0.8479371444720895,0.15080357694003133,0.0012592785878791414
8392.0,0.7466568010582826,0.24735555640569026,0.005987642536027024
8942.0,0.010900185658893438,0.8864118979926909,0.10268791634841563
9213.0,0.12423405149824554,0.6050563489437,0.27070959955805446
9623.0,0.8381402285945383,0.16136542112175734,4.943502837043834E-4
9348.0,0.9273252643266138,0.07231028777311763,3.6444790026865786E-4
8426.0,0.14267177840007986,0.8337141757187199,0.023614045881200287
8697.0,0.5401923201860703,0.4570085920261448,0.002799087787784751
9183.0,0.29883977168112213,0.6965574316360483,0.004602796682829575
8908.0,0.9577170935783098,0.04215736587290982,1.2554054878021744E-4
9653.0,0.35855921230465726,0.6331369805127492,0.008303807182593484
8197.0,0.002315889007164295,0.39983876626406506,0.5978453447287706
8470.0,0.022968652613500402,0.8201648282726131,0.15686651911388652
9008.0,0.061657632992980486,0.9147202967666136,0.023622070240405878
8739.0,0.9784601754816701,0.02152029644237552,1.952807595437809E-5
9289.0,0.272752266105932,0.718885683367203,0.00836205052686502
9562.0,0.6825838628963984,0.31554235667970776,0.0018737804238937532
8840.0,0.06970927012758743,0.8732370511628874,0.057053678709525074
9115.0,0.002937859391937066,0.8605703233825418,0.13649181722552112
8637.0,0.002539298379159874,0.5925309633041989,0.4049297383166412
8366.0,0.393658201031061,0.6002540933528369,0.006087705616102221
9442.0,0.15529566130328334,0.8345914840517458,0.010112854644971008
8807.0,0.8968020940919899,0.10310569001311355,9.221589489658314E-5
8096.0,0.022067265840842842,0.8551137253357836,0.12281900882337357
9076.0,0.001221919247138814,0.7351393094651708,0.2636387712876903
8530.0,0.016452054813718378,0.9226680948194329,0.06087985036684885
8257.0,7.624387057813195E-4,0.12434315902133494,0.8748944022728838
9502.0,0.4759581910774805,0.5200505692846801,0.003991239637839372
9229.0,0.08441926655021813,0.9038266824421729,0.011754051007608889
9771.0,0.7449011493531835,0.2523484783157419,0.002750372331074634
9046.0,0.0053368814454809715,0.46844857686254293,0.5262145416919762
8773.0,0.026454597134763697,0.7000992890685546,0.2734461137966817
8113.0,0.8555647569533174,0.14397357566324792,4.6166738343476476E-4
8291.0,0.02509425118394878,0.9211457943188648,0.05375995449718633
8560.0,0.5611194825012007,0.4240780414240047,0.014802476074794636
9263.0,0.03731049978253838,0.9435082167038223,0.019181283513639447
9532.0,0.35682979689977234,0.6361715448168357,0.006998658283391865
9737.0,3.863616728436842E-4,0.8234313558795341,0.1761822824476222
9145.0,0.7172422397760089,0.2792205311635525,0.0035372290604386287
8874.0,0.03180824164013235,0.9481704556658248,0.02002130269404291
8332.0,0.935402435778343,0.06442269320501975,1.7487101663714362E-4
8607.0,0.21441935407045715,0.7642882501699203,0.021292395759622686
9408.0,0.8594336297336601,0.1386302269119244,0.0019361433544155262
9683.0,0.8752808198033553,0.12383492123225108,8.84258964393619E-4
9593.0,0.23764618801077814,0.7532001833008644,0.009153628688357524
9322.0,0.044850608797452424,0.9168442345386996,0.03830515666384791
8501.0,0.7139842737413322,0.28536712484512583,6.486014135420743E-4
8230.0,0.852158842848061,0.14728131693195978,5.598402199791872E-4
8704.0,0.6465753902941888,0.35298429726027114,4.403124455402414E-4
8979.0,0.021062253710343454,0.33429927939082094,0.6446384668988355
9622.0,0.1032609893843705,0.8908006571228024,0.005938353492827063
9349.0,0.5949183851756767,0.40314708931414334,0.0019345255101797763
8666.0,0.25536454462679226,0.7298906086553276,0.014744846717880162
8393.0,0.4754258268401992,0.5207119518768267,0.0038622212829739944
8164.0,0.028194318386867624,0.8319034162120386,0.1399022654010937
8943.0,0.012313094278807536,0.9218468859081167,0.06584001981307576
9212.0,0.17102488385724884,0.7947222066819216,0.03425290946082937
9383.0,0.5652852397020953,0.42739020591552,0.007324554382384565
9652.0,0.8251001990227691,0.17471770075832985,1.8210021890097282E-4
8427.0,0.5215981503191754,0.4755462949736642,0.0028555547071603764
8696.0,0.9118434330262507,0.08741160632498607,7.449606487632438E-4
9182.0,0.8384093643091749,0.16104175176844937,5.488839223756346E-4
8909.0,0.07389707003271988,0.8707040027556632,0.055398927211616995
8181.0,0.40636499914343177,0.5836513635980153,0.009983637258553018
9288.0,0.018787228608524362,0.9739125665564915,0.007300204834984202
9563.0,0.017426661927321133,0.9234569266030886,0.05911641146959009
8196.0,0.0012066054187292738,0.9221345252529017,0.07665886932836906
8471.0,0.7031320933167667,0.29593777176008357,9.301349231497412E-4
9009.0,0.19331024111562486,0.7967779340245892,0.009911824859785805
8738.0,0.1277712658424138,0.848707812221995,0.023520921935591355
9712.0,0.08469909556049232,0.8569854797946113,0.05831542464489656
9443.0,0.10525607829087924,0.8700102382344054,0.024733683474715357
8151.0,0.49579730262792476,0.49805986141964226,0.0061428359524330345
8841.0,0.48975579321419094,0.5030132820411719,0.007230924744637037
9114.0,0.9584414624384439,0.041523248410615075,3.528915094093537E-5
8636.0,0.009741332470384289,0.9703937006187214,0.019864966910894278
8367.0,0.08066531664714632,0.8227732485101564,0.09656143484269729
9503.0,0.9602817495253875,0.039618681012781085,9.956946183148859E-5
9228.0,0.9729947669185502,0.02697208069082839,3.315239062117961E-5
9770.0,0.05758916389839691,0.38986935997416644,0.5525414761274366
8806.0,0.031269565342467984,0.8825496176870292,0.08618081697050284
9077.0,0.002985645713528677,0.9418813562011308,0.05513299808534047
8531.0,0.025214859025936245,0.931260938739358,0.04352420223470589
8256.0,0.09371578897484542,0.8981143467057585,0.008169864319396038
9262.0,0.10953111408214321,0.8768630474132335,0.0136058385046232
9533.0,0.002635633782894989,0.9261048724000819,0.07125949381702332
9736.0,0.114805765786125,0.87815770665262,0.007036527561255004
9047.0,0.01110760431604439,0.723196344956641,0.26569605072731467
8772.0,0.015183544053441737,0.9354474989072261,0.0493689570393322
8290.0,0.24172195909330205,0.7276674249399947,0.030610615966703232
8561.0,0.08773461790292023,0.8099470265096531,0.10231835558742675
9409.0,0.026562331167568506,0.853134736015095,0.12030293281733648
9682.0,0.020832556671125168,0.7844118967284035,0.1947555466004712
9144.0,0.7928595726298081,0.20571080633666586,0.0014296210335261641
8875.0,0.01712282791635755,0.8732043189465615,0.109672853137081
8134.0,0.016971656481471923,0.9064647949743628,0.07656354854416528
8333.0,0.02152618125045674,0.9414433737007936,0.037030445048749756
8606.0,0.5780251091749661,0.41872823161999045,0.0032466592050434755
8394.0,0.8343676675299881,0.16523050586617125,4.018266038405021E-4
8665.0,0.5829450614764553,0.41133414660555623,0.005720791917988392
9215.0,0.93102768588607,0.0687073053593036,2.6500875462632986E-4
8940.0,0.27694625365424336,0.6847805624748933,0.038273183870863536
9350.0,0.9395296711180473,0.060275646110226566,1.9468277172610213E-4
9621.0,0.8901765784270181,0.10950302638764323,3.203951853384743E-4
8229.0,0.2344544706949445,0.7316481135410816,0.033897415763973884
8502.0,0.005880017164987229,0.9299390615038726,0.06418092133114028
8976.0,0.13251650802040685,0.8492841392375321,0.01819935274206109
8082.0,0.34588852430928585,0.6465115870641899,0.007599888626524261
8707.0,0.03648309672338084,0.8035699951700844,0.15994690810653456
9807.0,0.017671767165254728,0.9040863053273805,0.07824192750736468
9321.0,0.8546752335937885,0.14400584662617885,0.0013189197800325383
9594.0,0.0730687217656377,0.8716476414518111,0.055283636782551195
8468.0,0.959748266968225,0.040185199951753126,6.653308002175686E-5
8199.0,0.0030578255034324335,0.9218084740658672,0.0751337004307004
8737.0,0.187131573817145,0.8072146385544764,0.0056537876283785015
9010.0,0.007278146149761641,0.8968531405072495,0.0958687133429889
9560.0,0.03990153290799956,0.8873678283837185,0.07273063870828182
9291.0,0.2699385830427086,0.6751742249231323,0.05488719203415892
8699.0,0.9321406323746859,0.06768938591596654,1.699817093473898E-4
8424.0,0.6916540812004337,0.3060672328918389,0.002278685907727247
8910.0,0.633798297100284,0.34293268879662864,0.023269014103087425
9181.0,0.06112143596811804,0.6415893414638681,0.29728922256801377
9380.0,0.42213840147331977,0.5696561088235481,0.008205489703132106
9078.0,0.021307845102152695,0.6989598431836122,0.279732311714235
8805.0,0.6156159932544182,0.382574846673925,0.001809160071656762
8097.0,0.6481850020052158,0.349879065091217,0.0019359329035671625
8259.0,0.6633288799541839,0.33587086029173147,8.002597540845882E-4
8528.0,0.4216251996487911,0.5720747708970501,0.006300029454158935
9231.0,0.7012028969953444,0.294572448883338,0.004224654121317563
9500.0,0.03986821065762823,0.9246178041519693,0.035513985190402476
9769.0,0.2955821780874957,0.7002377505099949,0.004180071402509297
8842.0,0.5666419536751346,0.42990241030884824,0.0034556360160172745
8364.0,0.0018726517531889484,0.32907306451055174,0.6690542837362592
8639.0,0.22259108651504336,0.7629837013630126,0.01442521212194402
9440.0,0.006298703626151912,0.7386033011664698,0.25509799520737825
9715.0,0.001920085165882106,0.60655009504422,0.39152981978989787
8872.0,0.0029299277733685573,0.8606561884386268,0.13641388378800473
9147.0,0.5449146488760694,0.4510105657786085,0.004074785345321981
8605.0,0.1071984105506271,0.8680193645396327,0.024782224909740264
8334.0,0.5916556843628169,0.4040724754292094,0.004271840207973824
9681.0,0.019211880217868547,0.9156158027170305,0.065172317065101
8775.0,0.7202422943834502,0.2777164702155428,0.0020412354010071253
8112.0,0.34748218869818037,0.647882278088588,0.0046355332132316735
8562.0,0.07434163947491583,0.8524524242852912,0.07320593623979309
8289.0,0.4155699692052859,0.5772662167665794,0.00716381402813477
9534.0,0.8285085135426407,0.16946011732879657,0.0020313691285628664
9261.0,0.8389609099624139,0.15990198989491158,0.0011371001426745957
9739.0,4.3517972897679977E-4,0.501582109507165,0.4979827107638583
9351.0,0.42982252278370336,0.5639432680003372,0.006234209215959441
9620.0,0.062439910178746186,0.9196935794314858,0.017866510389767994
8395.0,0.9617907281067988,0.038082637131014674,1.2663476218668083E-4
8664.0,0.5062331418196561,0.4886860122062956,0.005080845974048224
9214.0,0.014224503187181206,0.9173170908815138,0.06845840593130495
8941.0,0.09369577847832987,0.8472224944038974,0.059081727117772806
8165.0,0.14299726289100062,0.8368571363392192,0.02014560076978012
9806.0,0.0023431134170329277,0.7406661682449591,0.25699071833800796
9320.0,0.9152925333692237,0.08449145903921841,2.1600759155795095E-4
9595.0,0.3581497081010683,0.6367692778449643,0.005081014053967387
8228.0,0.1381371084545769,0.8444900939906275,0.017372797554795705
8503.0,0.003995592105396197,0.9572348233563024,0.03876958453830153
8977.0,0.9288484677397004,0.07100347931183333,1.480529484663602E-4
9290.0,0.932007221642053,0.06740678331741429,5.859950405326688E-4
8469.0,0.007860079741135948,0.9048550339741442,0.08728488628471982
8198.0,0.21360768665317434,0.7576792689126427,0.028713044434182922
8736.0,0.10552421987455543,0.8768177508945713,0.01765802923087331
9011.0,0.7655880211003372,0.23064974355834864,0.003762235341314372
9654.0,0.016550079548736017,0.7328507545694055,0.2505991658818586
8698.0,0.0032147147998529096,0.28507048652466294,0.711714798675484
8425.0,0.9379969202647127,0.061267230877767496,7.358488575195944E-4
8180.0,0.5063075149362596,0.48831065344164604,0.005381831622094374
8911.0,0.052624990361364574,0.9206241621363728,0.026750847502262472
9180.0,0.26072565210419096,0.7035436460178854,0.03573070187792345
9230.0,0.18507983450098706,0.7917586598224245,0.023161505676588447
9501.0,0.44946039271245203,0.5487750802865174,0.0017645270010304452
9768.0,0.12355152717970476,0.8548051910717177,0.021643281748577586
9079.0,0.621744747098112,0.3766017144480272,0.0016535384538608126
8804.0,0.6741527747884689,0.32187535258595396,0.003971872625577116
8258.0,0.004081985993653691,0.9640634629066502,0.0318545510996959
8529.0,0.11718877915482157,0.8071772357394275,0.07563398510575095
9441.0,0.928441368341143,0.07119894167633863,3.5968998251827383E-4
9112.0,0.5861606486934965,0.4048739361322616,0.008965415174242033
8150.0,0.5796387115407305,0.41853801760087916,0.001823270858390339
8843.0,0.15383154732405016,0.757831470105586,0.08833698257036393
8365.0,0.914028579768944,0.08572271400649556,2.4870622456034E-4
8638.0,0.8572358418444734,0.14243909557856171,3.2506257696492374E-4
9680.0,0.6563959221774224,0.3416093774357872,0.0019947003867905196
9411.0,0.8376672443783609,0.1618760266776786,4.56728943960372E-4
8135.0,0.10317343782237175,0.8500285200412078,0.0467980421364204
8873.0,0.9677066921897606,0.03222668807256389,6.661973767563087E-5
9146.0,0.18749312895699952,0.8069921337355892,0.005514737307411385
8604.0,0.05239264948970854,0.7050353382819653,0.2425720122283262
8335.0,0.6511113591685427,0.3441282300916716,0.004760410739785816
9535.0,0.7201251305181134,0.27911446704124654,7.604024406401435E-4
9260.0,0.005614972446583061,0.8503164919979692,0.1440685355554477
9738.0,0.8984402300648882,0.10096677511753366,5.929948175782048E-4
8774.0,0.0016855729538752964,0.8420754673309074,0.15623895971521717
9045.0,0.5493467445575825,0.4462395889357774,0.004413666506640029
8563.0,0.03513023844517986,0.9142815661892286,0.05058819536559153
8288.0,0.079434020851576,0.9137822287375423,0.0067837504108817495
9733.0,0.6412109550622284,0.35471859422654667,0.004070450711224929
9251.0,0.046822426688195085,0.8775555904073971,0.075621982904408
9520.0,0.8604515740401424,0.139023713949259,5.247120105988334E-4
8303.0,0.9169250274898517,0.08279534798662519,2.7962452352305023E-4
8572.0,0.25123289076828603,0.7232791749410326,0.025487934290681497
9050.0,0.7894471932606714,0.20923672889862824,0.0013160778407004083
8777.0,0.12630824635079801,0.8616887322920499,0.012003021357152022
8119.0,0.022949270171112555,0.7713313404136779,0.20571938941520956
9420.0,0.2590428602996169,0.722054195052618,0.018902944647765083
9695.0,0.05415535282816702,0.9105262819963392,0.03531836517549375
8320.0,0.3574499137305629,0.6321661675283645,0.010383918741072602
8595.0,0.2826916042874371,0.7082648563148526,0.009043539397710253
9141.0,0.9810113594660866,0.018931323879640107,5.731665427323566E-5
8870.0,0.04491342520012595,0.8718836871716908,0.08320288762818326
9725.0,0.20167030059370253,0.7729196985055126,0.025410000900784806
9454.0,0.001253734852551898,0.7399333154826717,0.25881294966477647
8625.0,0.3235678254197602,0.6671821410524494,0.00925003352779023
8354.0,0.5581928564153713,0.440506526274079,0.0013006173105497966
8836.0,0.9161845582733402,0.08306255458994033,7.528871367194921E-4
9111.0,0.039023548417261855,0.9073434892159392,0.053632962366798896
9767.0,0.8168893804879825,0.18218707022110506,9.235492909124301E-4
9490.0,0.3652850086977668,0.6321476916401226,0.002567299662110732
9217.0,0.015649487397052898,0.8747018850540206,0.10964862754892643
8542.0,0.0017676929114567195,0.27012307749551867,0.7281092295930247
8269.0,0.9268184238110765,0.0730891846914559,9.239149746755126E-5
8811.0,0.770318680785962,0.2280721999557648,0.0016091192582732968
8102.0,0.3851882680488536,0.6018263428822808,0.012985389068865665
9080.0,0.18227247401541627,0.7842167079490624,0.033510818035521306
9386.0,0.002153311164481535,0.4430591662711831,0.5547875225643355
9657.0,0.01544636195409714,0.8739276673403884,0.11062597070551451
9171.0,0.5411979038084553,0.4520851247812256,0.00671697141031919
8896.0,0.0015295006892766991,0.5730430705291554,0.4254274287815679
8693.0,0.15243185600340242,0.8383841682014695,0.009183975795128052
9285.0,0.006324286635512405,0.7580232544881107,0.23565245887637698
9558.0,0.4823955868456484,0.512870434679941,0.004733978474410647
9020.0,0.002265979772870766,0.9169947157047101,0.08073930452241924
8751.0,0.7990620528825998,0.19979036077830647,0.0011475863390935502
8201.0,0.5798637871849679,0.4154192387586438,0.004716974056388435
8474.0,0.26953662392285377,0.7190250871819934,0.0114382888951528
9588.0,0.030111283521264617,0.8302958026295358,0.13959291384919953
9319.0,0.010210396936373137,0.20948515921385166,0.7803044438497752
9793.0,0.9367879485795699,0.06301839162743506,1.936597929948854E-4
8085.0,0.568352203340471,0.429472727151741,0.0021750695077878603
8717.0,0.13419134747031689,0.8479253848981536,0.01788326763152963
8990.0,0.8015082280678774,0.19750231261889223,9.8945931323035E-4
8504.0,0.30137858936752265,0.6813409849384934,0.017280425693984008
8235.0,0.08303699488135227,0.8637153979846214,0.05324760713402641
9627.0,0.21345656060710852,0.7256009861877173,0.060942453205174274
9352.0,0.7042575039040396,0.29345189831483814,0.002290597781122275
8930.0,0.9618343410213316,0.03808050717990426,8.515179876408054E-5
9201.0,9.651856850085323E-6,0.02997242930840723,0.9700179188347428
8663.0,0.2374575858582514,0.7507313323725772,0.011811081769171563
8388.0,0.4895297024336605,0.5049994536177153,0.005470843948624358
8302.0,0.06019467367449778,0.8901202454957123,0.04968508082978989
8573.0,1.156691035715204E-4,0.10795072782673146,0.8919336030696969
9051.0,0.8959067960449121,0.10370101306846978,3.9219088661834775E-4
8776.0,0.5954917306319738,0.4003555363058466,0.004152733062179518
9250.0,0.8157777040064647,0.183217140816813,0.001005155176722216
9521.0,5.111838409949825E-4,0.16227041486393626,0.8372184012950687
8321.0,0.3302172074531146,0.6589611105229886,0.010821682023896786
8594.0,0.16620234524468758,0.8220362219857432,0.011761432769569263
9140.0,0.10854687777566721,0.8724459862414136,0.019007135982919133
8871.0,0.2186848868385595,0.7742178680601983,0.007097245101242129
8128.0,0.31420104044385905,0.6819866491557541,0.0038123104003869148
9421.0,0.025102328894669946,0.8879441307503376,0.08695354035499238
9694.0,0.9204777478275327,0.07905659260951134,4.6565956295605476E-4
8624.0,0.001334008657212288,0.41575497658439575,0.5829110147583919
8355.0,0.9605107970152549,0.03941407503125147,7.512795349373422E-5
8145.0,0.7390573230574128,0.2583870220306217,0.00255565491196544
8837.0,0.005772057564907633,0.7572785135417542,0.23694942889333803
9110.0,0.4282627508811174,0.5674802263755071,0.004257022743375371
9724.0,0.5577898747963959,0.4400707563765613,0.002139368827042763
9455.0,0.9601103737586221,0.03978268695606094,1.0693928531688276E-4
8543.0,0.10036926415005594,0.8585827163121309,0.04104801953781311
8268.0,0.10068405638300702,0.8636055672899313,0.03571037632706164
8810.0,0.03110681072857518,0.9644654245074586,0.004427764763966264
9081.0,0.1361276083946893,0.8564188406223266,0.007453550982984094
9766.0,0.9195280936433315,0.08010264552970225,3.692608269664068E-4
9491.0,0.6921014114350452,0.3051908561502918,0.0027077324146629667
9216.0,0.5065762257146842,0.48709827789108706,0.006325496394228671
9170.0,0.013746951988782586,0.8110354345037722,0.1752176135074452
8179.0,5.938168011587891E-4,0.4037973664021081,0.595608816796733
8897.0,0.09372972773457336,0.8649888624735662,0.04128140979186049
8423.0,0.5845034597920328,0.4125275528561136,0.002968987351853735
8692.0,0.11635331037188508,0.8770998306456844,0.006546858982430552
9387.0,0.8440187130598534,0.15502468537501868,9.566015651279018E-4
9021.0,0.9831810862517856,0.016792614183766347,2.629956444814458E-5
8750.0,0.626207450279397,0.3681517606797506,0.00564078904085243
8200.0,0.04740122529453589,0.7673588396131095,0.18523993509235473
8475.0,0.1279668291363777,0.8652400106178822,0.0067931602457401
9559.0,0.8508457887951562,0.14825504297260073,8.991682322430891E-4
8716.0,0.0011436084460238497,0.7166766741363658,0.2821797174176103
8991.0,0.9557675008575394,0.04417684393877434,5.565520368638796E-5
8505.0,0.005527744906822864,0.3644647332267147,0.6300075218664625
8234.0,0.325278530131839,0.6714665370165809,0.003254932851580334
9589.0,4.610003160819476E-4,0.09227501596934175,0.9072639837145763
9318.0,0.7346329564785082,0.26429242404662656,0.0010746194748651996
9792.0,0.6185880053205146,0.3704112429039799,0.01100075177550545
8931.0,0.003269743180624082,0.9605716884637651,0.036158568355610876
8162.0,0.03448644668036829,0.9386757003409223,0.026837852978709387
9200.0,0.019700326294090277,0.9277691577940572,0.052530515911852455
8662.0,0.8391568394728095,0.15933965565802763,0.0015035048691627645
8389.0,0.006464692002816646,0.9111272916435187,0.0824080163536646
9626.0,0.48576824730967744,0.5071958032257541,0.007035949464568481
9693.0,0.2578312464328614,0.7351242538817956,0.00704449968534289
9422.0,0.9049515191167549,0.09464845808499506,4.0002279825016094E-4
8593.0,0.8889584058343188,0.1108315808947882,2.100132708928625E-4
8322.0,0.9768377781630525,0.023094668666795246,6.755317015220502E-5
8868.0,0.9543752268359527,0.04544654469508223,1.782284689652841E-4
9143.0,0.2879660775937485,0.7074305881155791,0.004603334290672456
9735.0,0.20031019199663902,0.7547925424400826,0.04489726556327845
9522.0,0.7326472362672026,0.2658330451244711,0.0015197186083261973
9249.0,2.2288826210722234E-4,0.02937200840924408,0.9704051033286486
8574.0,0.16779321872034342,0.811748578952028,0.020458202327628527
8301.0,0.9604793369299097,0.03941551442119093,1.0514864889942443E-4
8118.0,0.03355312538005424,0.9438225271234556,0.022624347496490137
8779.0,0.7077953274263935,0.2906744175127573,0.001530255060849294
9048.0,0.9477961119828846,0.052124900293983756,7.898772313151023E-5
9765.0,0.38739900818421963,0.5651802908435503,0.04742070097223013
9219.0,0.3185239838128316,0.6790622732302568,0.0024137429569117013
8271.0,0.3813603320611895,0.5993147325323516,0.019324935406458674
8540.0,0.029235336409561767,0.8893221559369477,0.08144250765349052
9082.0,0.008695879808980995,0.9232973257999166,0.06800679439110233
8103.0,0.19686726099053342,0.7950428172387244,0.008089921770742263
8809.0,0.10781909939512496,0.8828744450755441,0.009306455529330798
9452.0,0.28685567347150714,0.7045731421500796,0.008571184378413272
9727.0,0.6274087354086781,0.37010098542007347,0.0024902791712483304
8352.0,0.6647175892813177,0.33215361732544624,0.003128793393236044
8627.0,7.382706137324614E-4,0.4444660119615399,0.5547957174247277
9109.0,0.04924121809243321,0.8328355713057344,0.11792321060183249
8838.0,0.8472685808403118,0.15237984673652274,3.5157242316563987E-4
9556.0,0.8013892699855946,0.1975504533442984,0.001060276670106975
9287.0,0.8943720552439403,0.10540500005221075,2.229447038488513E-4
8749.0,0.1342405868928559,0.6934025152708565,0.17235689783628774
9022.0,0.4220215459598209,0.5683830866248195,0.009595367415359624
8472.0,0.03242319413706621,0.9297595084184862,0.03781729744444762
8203.0,0.06151098362340884,0.7946187319964105,0.14387028438018062
9659.0,0.22694439273715183,0.7712483868456003,0.0018072204172479604
9384.0,0.14565318432342064,0.7583157541452533,0.09603106153132603
8898.0,0.6263513172615068,0.369245914171236,0.004402768567257225
9169.0,0.0032061694361361207,0.802675954265678,0.19411787629818603
8695.0,0.17599469545855068,0.8193640205798602,0.004641283961589086
8420.0,0.16304791685211764,0.824880063534059,0.01207201961382334
9354.0,0.03723566983827749,0.9263211379029869,0.03644319225873574
8928.0,0.8945090071426974,0.10491854669730329,5.724461599991107E-4
8390.0,0.043606858383607075,0.8838702268417074,0.07252291477468553
8661.0,0.26279011079746156,0.7144232315914293,0.022786657611109082
9317.0,0.012414507134029274,0.8566894031235559,0.13089608974241476
9590.0,0.5835810701529006,0.41432484242274087,0.0020940874243585775
9795.0,0.5629551977258727,0.4344267696739145,0.002618032600212988
8988.0,0.5390948214463158,0.45501103863376025,0.005894139919924064
8084.0,0.5432144313607694,0.4378871641565544,0.018898404482676056
8719.0,0.6163631303659057,0.379081217666812,0.0045556519672821354
8233.0,0.039069496894396434,0.9208005602269779,0.04012994287862584
8506.0,0.5225080553890453,0.47440010550270917,0.003091839108245528
8592.0,0.2372084735603203,0.722469547835198,0.040321978604481834
8323.0,0.4873625629054172,0.5036121348340178,0.009025302260564938
8129.0,0.20738966041740461,0.7807456367542919,0.011864702828303342
8869.0,0.09084926491411992,0.8366818630478237,0.07246887203805635
9142.0,0.6051559593052357,0.3918237919817166,0.0030202487130477317
9692.0,0.8365370842257873,0.16207977132650317,0.0013831444477095248
9423.0,0.25079032275288166,0.7412634783003146,0.007946198946803713
8575.0,0.9711915841001602,0.02872175568251491,8.666021732487042E-5
8300.0,1.194471092837915E-4,0.044356278040373724,0.9555242748503425
8778.0,0.08040828677423598,0.8608326168305427,0.05875909639522138
9523.0,0.005340820098738514,0.9123238461443969,0.08233533375686461
9248.0,0.8810928017508081,0.11797024411156737,9.369541376246748E-4
8270.0,0.8514138215130816,0.14662516351166627,0.0019610149752521955
8541.0,0.03138420237756486,0.905812240608236,0.0628035570141992
9083.0,0.2341835602025704,0.7581260927481828,0.007690347049246841
8808.0,0.19505594275462085,0.7732977594586095,0.0316462977867697
9764.0,0.10332175980674746,0.884401797304192,0.012276442889060593
9218.0,0.03259544768931054,0.8532373366748067,0.11416721563588272
9489.0,0.906627199186261,0.09319954056888044,1.732602448584816E-4
