9179.0,0.7948611511956052,0.2043736155974203,7.652332069744357E-4
8904.0,0.7605401645450588,0.2394598354549412,0.0
8701.0,0.012366371980109479,0.986501728754994,0.001131899264896474
9378.0,0.8359031535620083,0.1588455028861925,0.005251343551799207
9012.0,0.7829080353892447,0.21530264187334594,0.001789322737409339
8743.0,0.03757534047206412,0.5873777759761352,0.37504688355180077
8193.0,0.7695838415847113,0.22750766418494908,0.0029084942303396347
8466.0,0.006381762507777808,0.9936182374922222,0.0
9293.0,0.040514747299208814,0.5864574698421346,0.37302778285865656
9566.0,0.7948611511956052,0.2043736155974203,7.652332069744357E-4
8081.0,0.7948611511956052,0.2043736155974203,7.652332069744357E-4
8709.0,0.032556189449604714,0.548341669959761,0.4191021405906342
8982.0,0.03757534047206412,0.5873777759761352,0.37504688355180077
8496.0,0.7770777361520076,0.2195841422060642,0.0033381216419281212
8227.0,0.040514747299208814,0.5864574698421346,0.37302778285865656
9596.0,0.7239953199742816,0.26747017285858543,0.008534507167133028
9327.0,0.7695838415847113,0.22750766418494908,0.0029084942303396347
9801.0,0.024100769275527678,0.9758992307244723,6.633111478732987E-214
8938.0,0.0,0.5476741322199336,0.4523258677800665
8671.0,0.011305649239700271,0.9868091489903819,0.001885201769917832
8396.0,0.7948611511956052,0.2043736155974203,7.652332069744357E-4
9619.0,0.03777369490672843,0.6029248068508753,0.35930149824239627
9344.0,0.7412570843975586,0.2575751859373925,0.001167729665048906
8295.0,0.011304927090041153,0.986809939070698,0.0018851338392608492
8564.0,0.011060889788616265,0.9870954654562182,0.001843644755165601
9042.0,0.011060889788616265,0.9870954654562182,0.001843644755165601
8769.0,0.006451266246666434,0.9902997657120797,0.0032489680412539465
8115.0,0.7695838415847113,0.22750766418494908,0.0029084942303396347
9741.0,0.03777369490672843,0.6029248068508753,0.35930149824239627
9259.0,0.04786386721286701,0.5998344077963539,0.3523017249907791
9528.0,0.8322796534279625,0.16299856442745897,0.004721782144578494
8328.0,0.009377896391330577,0.9892754117391886,0.0013466918694807345
8603.0,0.03675986087103475,0.6098316405544528,0.35340849857451245
9149.0,0.7239953199742816,0.26747017285858543,0.008534507167133028
8878.0,0.7916823803035712,0.20467015834636945,0.0036474613500592354
9687.0,0.006381762507777808,0.9936182374922222,0.0
8633.0,0.7948611511956052,0.2043736155974203,7.652332069744357E-4
8362.0,0.011848477148419481,0.9854778095057075,0.002673713345873174
8844.0,0.7948611511956052,0.2043736155974203,7.652332069744357E-4
9119.0,0.7599212107612083,0.24007878923879175,0.0
9446.0,0.7887904933111524,0.20902378606598812,0.0021857206228595664
8534.0,0.8359031535620082,0.15884550288619262,0.005251343551799211
8261.0,0.008288462869720244,0.9889102394695128,0.0028012976607668777
8098.0,0.0027689128866652856,0.9972310871086972,4.637684982752418E-12
8803.0,0.791682613871373,0.204670219071265,0.0036471670573620094
9072.0,0.032814646866478045,0.5927204382242856,0.3744649149092364
9775.0,0.7598952326076416,0.2401047673923584,0.0
9498.0,0.032814646866478045,0.5927204382242856,0.3744649149092364
9225.0,0.7829080353892447,0.21530264187334594,0.001789322737409339
9379.0,0.7916823803035712,0.20467015834636945,0.0036474613500592354
9648.0,0.7770777361520076,0.2195841422060642,0.0033381216419281212
9178.0,0.04786386721345899,0.5998344078014516,0.3523017249850893
8183.0,0.03587207171425915,0.5987543481699276,0.36537358011581317
8905.0,0.019708069485098154,0.4341689791759909,0.5461229513389109
8431.0,0.03808408954614116,0.4945098084189733,0.4674061020348856
8700.0,0.035872071487153864,0.5987543464526882,0.36537358206015796
9292.0,0.011304927090041153,0.986809939070698,0.0018851338392608492
9567.0,0.011304927090041153,0.986809939070698,0.0018851338392608492
9013.0,0.7948676795111538,0.20437519269844784,7.571277903984885E-4
8742.0,0.032814646866478045,0.5927204382242856,0.3744649149092364
8192.0,0.7948611511956077,0.20437361559741798,7.652332069742749E-4
8467.0,0.7671928562423784,0.23280714375762168,0.0
9597.0,0.7829080353892447,0.21530264187334594,0.001789322737409339
9326.0,0.03757534047206412,0.5873777759761352,0.37504688355180077
9800.0,0.040514747299208814,0.5864574698421346,0.37302778285865656
8708.0,0.7948611511956052,0.2043736155974203,7.652332069744357E-4
8983.0,0.011875626553526156,0.9881243734453405,1.1332530610777207E-12
8497.0,0.006381762507777808,0.9936182374922222,0.0
8226.0,0.015736522567242162,0.9829348072631714,0.001328670169586476
9618.0,0.7351501453056141,0.2636391840185678,0.0012106706758181966
9345.0,0.012366371980109446,0.986501728754994,0.0011318992648964537
8166.0,0.04786386721345899,0.5998344078014516,0.3523017249850893
8939.0,0.8359031535620082,0.15884550288619262,0.005251343551799211
9208.0,0.04051386558665211,0.5864539045689245,0.3730322298444233
8670.0,0.03675986087103475,0.6098316405544528,0.35340849857451245
8397.0,0.7887904933111524,0.20902378606598812,0.0021857206228595664
9740.0,0.03675986087103475,0.6098316405544528,0.35340849857451245
9258.0,0.0027689128866652856,0.9972310871086972,4.637684982752418E-12
9529.0,0.8291083391337659,0.17089166086623409,0.0
8294.0,0.7598968007048856,0.2401031992951144,0.0
8565.0,0.037773694906705735,0.6029248068507872,0.3593014982425072
9043.0,0.7671928562423784,0.23280714375762168,0.0
8768.0,0.015736522567242162,0.9829348072631714,0.001328670169586476
9413.0,0.006073971589996511,0.9908067912256423,0.003119237184360995
9686.0,0.015736522567242162,0.9829348072631714,0.001328670169586476
8329.0,0.015762028529247588,0.981964821303381,0.0022731501673714364
8602.0,0.012366371980109479,0.986501728754994,0.001131899264896474
9148.0,0.783087040432398,0.21488157077367395,0.002031388793928038
8879.0,0.04786386721345899,0.5998344078014516,0.3523017249850893
8132.0,0.7613267011187917,0.23747042992022327,0.001202868960984941
9716.0,0.03675986087103475,0.6098316405544528,0.35340849857451245
9447.0,0.008288462869720244,0.9889102394695128,0.0028012976607668777
8632.0,0.011304927090041153,0.986809939070698,0.0018851338392608492
8363.0,0.7351501453938487,0.26363918392905,0.001210670677101159
8149.0,0.016720722657489372,0.577570095473172,0.4057091818693388
8845.0,0.8157679411025485,0.17929751078252118,0.004934548114930355
9118.0,0.03777369490672843,0.6029248068508753,0.35930149824239627
9774.0,0.011304927090041153,0.986809939070698,0.0018851338392608492
9499.0,0.01790282564475886,0.4479943988733907,0.5341027754818505
9224.0,0.015736522567242162,0.9829348072631714,0.001328670169586476
8535.0,0.7613267011187917,0.23747042992022327,0.001202868960984941
8260.0,0.009377896391330577,0.9892754117391886,0.0013466918694807345
8802.0,0.011060889788616265,0.9870954654562182,0.001843644755165601
9073.0,0.7948682851833002,0.2043753389615023,7.563758551974183E-4
8741.0,0.7829080353892447,0.21530264187334594,0.001789322737409339
9014.0,0.015736522567242162,0.9829348072631714,0.001328670169586476
8464.0,0.7695838415847113,0.22750766418494908,0.0029084942303396347
8195.0,0.03675986087103475,0.6098316405544528,0.35340849857451245
9564.0,0.03777369490672843,0.6029248068508753,0.35930149824239627
9295.0,0.7948611511956052,0.2043736155974203,7.652332069744357E-4
8906.0,0.017086205326993478,0.9829137946730064,1.977210354962142E-212
9177.0,0.7671928562423784,0.23280714375762168,0.0
8703.0,0.01672072265748936,0.5775700954731721,0.40570918186933863
8428.0,0.03272276580215974,0.5857035112992038,0.38157372289863645
9651.0,0.7351501453056141,0.2636391840185678,0.0012106706758181966
9376.0,0.8172839557081509,0.18271604429184915,0.0
9211.0,0.817645525100082,0.17888517801871207,0.003469296881205865
8936.0,0.5507574775329216,0.4492425224668609,2.174746939748109E-13
8398.0,0.012366371980109479,0.986501728754994,0.001131899264896474
8669.0,0.7351501453056141,0.2636391840185678,0.0012106706758181966
9346.0,0.040514747299208814,0.5864574698421346,0.37302778285865656
9617.0,0.015736522567242162,0.9829348072631714,0.001328670169586476
8980.0,0.7829080353892447,0.21530264187334594,0.001789322737409339
8080.0,0.011304927090041153,0.986809939070698,0.0018851338392608492
8711.0,0.783087040432398,0.2148815707736739,0.0020313887939280434
8225.0,0.7239953199742816,0.26747017285858543,0.008534507167133028
8498.0,0.7887904933111524,0.20902378606598812,0.0021857206228595664
9325.0,0.7948611511956052,0.2043736155974203,7.652332069744357E-4
9598.0,0.03272276580215974,0.5857035112992038,0.38157372289863645
9803.0,0.009377896391330577,0.9892754117391886,0.0013466918694807345
8601.0,0.7830870404324378,0.2148815707736824,0.0020313887938798237
8330.0,0.03757534047206412,0.5873777759761352,0.37504688355180077
8876.0,0.015736522567242162,0.9829348072631714,0.001328670169586476
9151.0,0.7412570843975586,0.2575751859373925,0.001167729665048906
9685.0,0.011060889788616265,0.9870954654562182,0.001843644755165601
9414.0,0.006381762507777808,0.9936182374922222,0.0
8566.0,0.006073971589998275,0.9908067912261134,0.0031192371838883
8293.0,0.03757534047206412,0.5873777759761352,0.37504688355180077
8771.0,0.03255618938782822,0.5483416700524674,0.4191021405597044
8114.0,0.04786386479804857,0.5998343870204801,0.35230174818147136
9040.0,0.009377896391330577,0.9892754117391886,0.0013466918694807345
9743.0,0.015762028529247588,0.981964821303381,0.0022731501673714364
9530.0,0.7916823803035712,0.20467015834636945,0.0036474613500592354
8263.0,0.7916823803035712,0.20467015834636945,0.0036474613500592354
8532.0,0.051595736294713146,0.6087086797106527,0.3396955839946341
9074.0,0.7695838415847113,0.22750766418494908,0.0029084942303396347
8801.0,0.7948611511956131,0.20437361559742076,7.652332069662163E-4
8099.0,0.032814646866478045,0.5927204382242856,0.3744649149092364
9773.0,0.032814646866478045,0.5927204382242856,0.3744649149092364
9227.0,0.0027689128866652856,0.9972310871086972,4.637684982752418E-12
9496.0,0.03081389876861965,0.5575134411713348,0.41167266006004544
8360.0,0.035872071713537755,0.5987543481644553,0.36537358012200694
8635.0,0.7695838415847113,0.22750766418494908,0.0029084942303396347
9117.0,0.7770777361520076,0.2195841422060642,0.0033381216419281212
8846.0,0.03777369490672843,0.6029248068508753,0.35930149824239627
9444.0,0.030840071194244187,0.5577431387814248,0.4114167900243311
9719.0,0.009377896391330577,0.9892754117391886,0.0013466918694807345
9565.0,0.7412570843975586,0.2575751859373925,0.001167729665048906
9294.0,0.7916823804483915,0.20467015838404518,0.003647461167563315
8740.0,0.030813898619964523,0.557513439866199,0.4116726615138366
8465.0,0.006451257431662048,0.9902988892774116,0.003249853290926372
8194.0,0.7887904933111524,0.20902378606598812,0.0021857206228595664
9650.0,0.006381762507777808,0.9936182374922222,0.0
9377.0,0.011334212168307422,0.986777900772084,0.001887887059608504
8182.0,0.051595736294713146,0.6087086797106527,0.3396955839946341
8907.0,0.0401014890611067,0.5290804090073168,0.4308181019315765
9176.0,0.006073971589996511,0.9908067912256423,0.003119237184360995
8702.0,0.783087040432398,0.2148815707736739,0.0020313887939280434
8429.0,0.7967845819083685,0.20321541809163157,2.3033472767885865E-79
9347.0,0.0027689128866652856,0.9972310871086972,4.637684982752418E-12
9616.0,0.03272276580215974,0.5857035112992038,0.38157372289863645
9210.0,0.015221307064367135,0.9847786929356329,2.8684402244184294E-216
8937.0,0.03675986087103475,0.6098316405544528,0.35340849857451245
8167.0,0.03777369490672843,0.6029248068508753,0.35930149824239627
8399.0,0.7948611511956052,0.2043736155974203,7.652332069744357E-4
8668.0,0.011848477148419481,0.9854778095057075,0.002673713345873174
9324.0,0.7829056854120557,0.2153048647055005,0.001789449882443726
9599.0,0.009377896391330577,0.9892754117391886,0.0013466918694807345
8981.0,0.006451257431662048,0.9902988892774116,0.003249853290926372
8710.0,0.7916823803035712,0.20467015834636945,0.0036474613500592354
8224.0,0.011875626553526156,0.9881243734453405,1.1332530610777207E-12
8499.0,0.7887904933111524,0.20902378606598812,0.0021857206228595664
9684.0,0.7412570843975586,0.2575751859373925,0.001167729665048906
9415.0,0.009377896391330577,0.9892754117391886,0.0013466918694807345
8600.0,0.032814646866478045,0.5927204382242856,0.3744649149092364
8331.0,0.8157679411025485,0.17929751078252118,0.004934548114930355
8877.0,0.03757534047206412,0.5873777759761352,0.37504688355180077
8133.0,0.7671928562800652,0.23280714371993488,0.0
9150.0,0.7412570843975586,0.2575751859373925,0.001167729665048906
9742.0,0.7412570843976611,0.25757518593728795,0.0011677296650507687
9531.0,0.012366371980109479,0.986501728754994,0.001131899264896474
9256.0,0.040514747299208814,0.5864574698421346,0.37302778285865656
8567.0,0.0027689128866652856,0.9972310871086972,4.637684982752418E-12
8292.0,0.783087040432398,0.2148815707736739,0.0020313887939280434
8770.0,0.7916823803035712,0.20467015834636945,0.0036474613500592354
9041.0,0.015736522567242162,0.9829348072631714,0.001328670169586476
9772.0,0.7948611511956052,0.2043736155974203,7.652332069744357E-4
9226.0,0.051595736294713146,0.6087086797106527,0.3396955839946341
9497.0,0.051595736294713146,0.6087086797106527,0.3396955839946341
8262.0,0.7613267011187917,0.23747042992022327,0.001202868960984941
8533.0,0.015736522567242162,0.9829348072631714,0.001328670169586476
9075.0,0.006451257431662048,0.9902988892774116,0.003249853290926372
8800.0,0.7948611511956053,0.2043736155974203,7.652332069742836E-4
9445.0,0.013372908535381704,0.9866270914646182,0.0
9718.0,0.783087040432398,0.2148815707736739,0.0020313887939280434
8361.0,0.011060889788616265,0.9870954654562182,0.001843644755165601
8634.0,0.7948611511956052,0.2043736155974203,7.652332069744357E-4
9116.0,0.015221307064367135,0.9847786929356329,2.8684402244184294E-216
8847.0,0.011304927090041153,0.986809939070698,0.0018851338392608492
8148.0,0.783087040432398,0.2148815707736739,0.0020313887939280434
8500.0,0.013372908535381704,0.9866270914646182,0.0
8231.0,0.8291075855384568,0.17089241446154324,0.0
8705.0,0.008288462869720244,0.9889102394695128,0.0028012976607668777
8083.0,0.7954954524202206,0.20449496802244854,9.579557330866983E-6
8978.0,0.8172839557081509,0.18271604429184915,0.0
9805.0,0.00645125743234705,0.9902988893455443,0.0032498532221086496
9592.0,0.7829080353892447,0.21530264187334594,0.001789322737409339
9323.0,0.8322796534279625,0.16299856442745897,0.004721782144578494
8667.0,0.7829080353892447,0.21530264187334594,0.001789322737409339
8392.0,0.008288462910859067,0.9889102441976914,0.0028012928914496506
8942.0,0.03757534047206412,0.5873777759761352,0.37504688355180077
9213.0,0.7695838415847113,0.22750766418494908,0.0029084942303396347
9623.0,0.8291083050236314,0.1708916949763686,0.0
9348.0,0.8157679411025485,0.17929751078252118,0.004934548114930355
8426.0,0.040514747299208814,0.5864574698421346,0.37302778285865656
8697.0,0.01672072265748936,0.5775700954731721,0.40570918186933863
9183.0,0.7695838415847113,0.22750766418494908,0.0029084942303396347
8908.0,0.8157679411025485,0.17929751078252118,0.004934548114930355
9653.0,0.006381762507777808,0.9936182374922222,0.0
8197.0,0.03675986087103475,0.6098316405544528,0.35340849857451245
8470.0,0.035872071714276435,0.5987543481700459,0.3653735801156777
9008.0,0.006381762507777808,0.9936182374922222,0.0
8739.0,0.012366371980109479,0.986501728754994,0.001131899264896474
9289.0,0.7887904933111524,0.20902378606598812,0.0021857206228595664
9562.0,0.7948611511994256,0.20437361559834444,7.652332022300269E-4
8840.0,0.009377896391330577,0.9892754117391886,0.0013466918694807345
9115.0,0.7916823803035712,0.20467015834636945,0.0036474613500592354
8637.0,0.012366371980109479,0.986501728754994,0.001131899264896474
8366.0,0.038083604343614394,0.49472167886465934,0.4671947167917262
9442.0,0.012366371980109479,0.986501728754994,0.001131899264896474
8807.0,0.003248630016078928,0.9967513699799437,3.977335547499581E-12
8096.0,0.008288462869720244,0.9889102394695128,0.0028012976607668777
9076.0,0.03777369490672843,0.6029248068508753,0.35930149824239627
8530.0,0.017086205326993478,0.9829137946730064,1.977210354962142E-212
8257.0,0.008288462869720244,0.9889102394695128,0.0028012976607668777
9502.0,0.7695838415847113,0.22750766418494908,0.0029084942303396347
9229.0,0.011304927090041153,0.986809939070698,0.0018851338392608492
9771.0,0.7695838415847113,0.22750766418494908,0.0029084942303396347
9046.0,0.015019540712880853,0.982833038174571,0.002147421112547911
8773.0,0.03587207171427914,0.5987543481700571,0.3653735801156638
8113.0,0.7887904933111524,0.20902378606598812,0.0021857206228595664
8291.0,0.00607397159020866,0.9908067912602392,0.0031192371495522165
8560.0,0.8359031249725689,0.15884553512406402,0.0052513399033669965
9263.0,0.015736522567242162,0.9829348072631714,0.001328670169586476
9532.0,0.7829080353892447,0.21530264187334594,0.001789322737409339
9737.0,0.012366371980109479,0.986501728754994,0.001131899264896474
9145.0,0.7770777361520076,0.2195841422060642,0.0033381216419281212
8874.0,0.008288462869719791,0.9889102394695154,0.0028012976607649735
8332.0,0.7948611511956052,0.2043736155974203,7.652332069744357E-4
8607.0,0.03272276580215974,0.5857035112992038,0.38157372289863645
9408.0,0.03757534047206412,0.5873777759761352,0.37504688355180077
9683.0,0.040514747299208814,0.5864574698421346,0.37302778285865656
9593.0,0.7887904933111524,0.20902378606598812,0.0021857206228595664
9322.0,0.032814646866478045,0.5927204382242856,0.3744649149092364
8501.0,0.7948611511956052,0.2043736155974203,7.652332069744357E-4
8230.0,0.7829080353892447,0.21530264187334594,0.001789322737409339
8704.0,0.0027689128866652856,0.9972310871086972,4.637684982752418E-12
8979.0,0.008288462869720244,0.9889102394695128,0.0028012976607668777
9622.0,0.7351501453056141,0.2636391840185678,0.0012106706758181966
9349.0,0.7412570843975594,0.25757518593739165,0.0011677296650489425
8666.0,0.03272276580215974,0.5857035112992038,0.38157372289863645
8393.0,0.051595736294713146,0.6087086797106527,0.3396955839946341
8164.0,0.015736522567242162,0.9829348072631714,0.001328670169586476
8943.0,0.015019540712880853,0.982833038174571,0.002147421112547911
9212.0,0.05029342702208844,0.602428135616159,0.3472784373617525
9383.0,0.030813898619964523,0.557513439866199,0.4116726615138366
9652.0,0.7829080353892447,0.21530264187334594,0.001789322737409339
8427.0,0.011848477148419481,0.9854778095057075,0.002673713345873174
8696.0,0.7868046054920236,0.21319539450797645,9.795116251193718E-31
9182.0,0.7948611511956052,0.2043736155974203,7.652332069744357E-4
8909.0,0.7695838415847113,0.22750766418494908,0.0029084942303396347
8181.0,0.7830870404323979,0.21488157077367404,0.0020313887939280503
9288.0,0.03093387186351818,0.5585648900650456,0.4105012380714361
9563.0,0.012366371980109479,0.986501728754994,0.001131899264896474
8196.0,0.0027689128866652856,0.9972310871086972,4.637684982752418E-12
8471.0,0.7948611511956052,0.2043736155974203,7.652332069744357E-4
9009.0,0.01793233020406801,0.4482696524659048,0.5337980173300273
8738.0,0.015019540712880853,0.982833038174571,0.002147421112547911
9712.0,0.051595736294713146,0.6087086797106527,0.3396955839946341
9443.0,0.016720722672387958,0.5775700954377486,0.4057091818898634
8151.0,0.03272276580215974,0.5857035112992038,0.38157372289863645
8841.0,0.015019540712880853,0.982833038174571,0.002147421112547911
9114.0,0.8157679411025485,0.17929751078252118,0.004934548114930355
8636.0,0.008288462869720244,0.9889102394695128,0.0028012976607668777
8367.0,0.03675986087103475,0.6098316405544528,0.35340849857451245
9503.0,0.8359031535620082,0.15884550288619262,0.005251343551799211
9228.0,0.8359031535620082,0.15884550288619262,0.005251343551799211
9770.0,0.0027689128866652856,0.9972310871086972,4.637684982752418E-12
8806.0,0.01674630703599912,0.5775092998582392,0.40574439310576166
9077.0,0.015221307064367135,0.9847786929356329,2.8684402244184294E-216
8531.0,0.7239953199742816,0.26747017285858543,0.008534507167133028
8256.0,0.011304927090041153,0.986809939070698,0.0018851338392608492
9262.0,0.015736522567242162,0.9829348072631714,0.001328670169586476
9533.0,0.006073971589996511,0.9908067912256423,0.003119237184360995
9736.0,0.013372908535381704,0.9866270914646182,0.0
9047.0,0.7695838415847113,0.22750766418494908,0.0029084942303396347
8772.0,0.7770777361520076,0.2195841422060642,0.0033381216419281212
8290.0,0.03757534047206412,0.5873777759761352,0.37504688355180077
8561.0,0.040514747299208814,0.5864574698421346,0.37302778285865656
9409.0,0.024100769275527678,0.9758992307244723,6.633111478732987E-214
9682.0,0.03587207171427914,0.5987543481700571,0.3653735801156638
9144.0,0.7770777361520076,0.2195841422060642,0.0033381216419281212
8875.0,0.7412570843975586,0.2575751859373925,0.001167729665048906
8134.0,0.03675986087103475,0.6098316405544528,0.35340849857451245
8333.0,0.038084089542006164,0.49450981023718593,0.4674061002208078
8606.0,0.7829080353892447,0.21530264187334594,0.001789322737409339
8394.0,0.006451257431662048,0.9902988892774116,0.003249853290926372
8665.0,0.7412570843975586,0.2575751859373925,0.001167729665048906
9215.0,0.7770777361520076,0.2195841422060642,0.0033381216419281212
8940.0,0.011848477148419481,0.9854778095057075,0.002673713345873174
9350.0,0.7412570843975586,0.2575751859373925,0.001167729665048906
9621.0,0.7887904933111524,0.20902378606598812,0.0021857206228595664
8229.0,0.7770777361520076,0.2195841422060642,0.0033381216419281212
8502.0,0.03272276580215974,0.5857035112992038,0.38157372289863645
8976.0,0.051595736294713146,0.6087086797106527,0.3396955839946341
8082.0,0.015762028529247588,0.981964821303381,0.0022731501673714364
8707.0,0.006381762507777808,0.9936182374922222,0.0
9807.0,0.013372908535381704,0.9866270914646182,0.0
9321.0,0.011832792058527677,0.98623292365543,0.0019342842860423943
9594.0,0.03777369490672843,0.6029248068508753,0.35930149824239627
8468.0,0.7351501453056141,0.2636391840185678,0.0012106706758181966
8199.0,0.013372908535381704,0.9866270914646182,0.0
8737.0,0.7829080353892447,0.21530264187334594,0.001789322737409339
9010.0,0.012366371980109479,0.986501728754994,0.001131899264896474
9560.0,0.006381762507777808,0.9936182374922222,0.0
9291.0,0.006073971589996511,0.9908067912256423,0.003119237184360995
8699.0,0.7948611511956052,0.2043736155974203,7.652332069744357E-4
8424.0,0.783087040432398,0.2148815707736739,0.0020313887939280434
8910.0,0.8359031535620077,0.15884550288619312,0.005251343551799176
9181.0,0.01672072265748936,0.5775700954731721,0.40570918186933863
9380.0,0.7412570843975586,0.2575751859373925,0.001167729665048906
9078.0,0.015762028529247588,0.981964821303381,0.0022731501673714364
8805.0,0.8157679411025485,0.17929751078252118,0.004934548114930355
8097.0,0.015736522567242162,0.9829348072631714,0.001328670169586476
8259.0,0.05159573629471314,0.6087086797106527,0.3396955839946343
8528.0,0.7695838415847113,0.22750766418494908,0.0029084942303396347
9231.0,0.03757534047206412,0.5873777759761352,0.37504688355180077
9500.0,0.00645125904209416,0.9902990494014741,0.0032496915564317707
9769.0,0.030813898619964523,0.557513439866199,0.4116726615138366
8842.0,0.006381762507777808,0.9936182374922222,0.0
8364.0,0.012366371980109479,0.986501728754994,0.001131899264896474
8639.0,0.030813916544334893,0.5575135972376971,0.41167248621796804
9440.0,0.011060889788616265,0.9870954654562182,0.001843644755165601
9715.0,0.036759922500266294,0.6098286941028394,0.35341138339689426
8872.0,0.03675986087103475,0.6098316405544528,0.35340849857451245
9147.0,0.03777369490672843,0.6029248068508753,0.35930149824239627
8605.0,0.040514747299208814,0.5864574698421346,0.37302778285865656
8334.0,0.783087040432398,0.2148815707736739,0.0020313887939280434
9681.0,0.006451257431662048,0.9902988892774116,0.003249853290926372
8775.0,0.015221307064367135,0.9847786929356329,2.868440224418592E-216
8112.0,0.03675986087103475,0.6098316405544528,0.35340849857451245
8562.0,0.030813898619964523,0.557513439866199,0.4116726615138366
8289.0,0.7695838415847113,0.22750766418494908,0.0029084942303396347
9534.0,0.7916823803035712,0.20467015834636945,0.0036474613500592354
9261.0,0.7829080353892447,0.21530264187334594,0.001789322737409339
9739.0,0.03587207171427914,0.5987543481700571,0.3653735801156638
9351.0,0.7613267011187917,0.23747042992022327,0.001202868960984941
9620.0,0.006073971589996511,0.9908067912256423,0.003119237184360995
8395.0,0.011304927090041153,0.986809939070698,0.0018851338392608492
8664.0,0.7887904933111524,0.20902378606598812,0.0021857206228595664
9214.0,0.8157679489293099,0.17929751297547952,0.004934538095210558
8941.0,0.006073971589996511,0.9908067912256423,0.003119237184360995
8165.0,0.7613267013490684,0.23747042968525417,0.0012028689656773232
9806.0,0.03777369490672843,0.6029248068508753,0.35930149824239627
9320.0,0.0401257991791779,0.529314338254667,0.4305598625661551
9595.0,0.7695838415847113,0.22750766418494908,0.0029084942303396347
8228.0,0.006451257431662048,0.9902988892774116,0.003249853290926372
8503.0,0.0027689128866652856,0.9972310871086972,4.637684982752418E-12
8977.0,0.7887904933111524,0.20902378606598812,0.0021857206228595664
9290.0,0.7415352163419842,0.2572915369501458,0.001173246707869942
8469.0,0.006073971589996507,0.9908067912256425,0.0031192371843608985
8198.0,0.012366371979973954,0.9865017287552139,0.001131899264812024
8736.0,0.783087040432398,0.2148815707736739,0.0020313887939280434
9011.0,0.7412570843975586,0.2575751859373925,0.001167729665048906
9654.0,0.0027689128866652856,0.9972310871086972,4.637684982752418E-12
8698.0,0.02776663440325087,0.9722333655967491,6.037531881045747E-18
8425.0,0.783087040432398,0.2148815707736739,0.0020313887939280434
8180.0,0.032814646866478045,0.5927204382242856,0.3744649149092364
8911.0,0.028953148990929867,0.5292386173014074,0.4418082337076627
9180.0,0.03675986087103475,0.6098316405544528,0.35340849857451245
9230.0,0.032814646866478045,0.5927204382242856,0.3744649149092364
9501.0,0.012366371980109479,0.986501728754994,0.001131899264896474
9768.0,0.032814646866478045,0.5927204382242856,0.3744649149092364
9079.0,0.7695838415847113,0.22750766418494908,0.0029084942303396347
8804.0,0.024100769275527678,0.9758992307244723,6.633111478732987E-214
8258.0,0.01236542627148822,0.9865032631501655,0.0011313105783462211
8529.0,0.7829080353892447,0.21530264187334594,0.001789322737409339
9441.0,0.7695838415847113,0.22750766418494908,0.0029084942303396347
9112.0,0.032556189449604714,0.548341669959761,0.4191021405906342
8150.0,0.03272276580215974,0.5857035112992038,0.38157372289863645
8843.0,0.037773694899614525,0.6029248068006618,0.35930149829972363
8365.0,0.8359031535620082,0.15884550288619262,0.005251343551799211
8638.0,0.015019540712880853,0.982833038174571,0.002147421112547911
9680.0,0.7674385367598731,0.23256146324012686,0.0
9411.0,0.7916823803035712,0.20467015834636945,0.0036474613500592354
8135.0,0.006381762507777808,0.9936182374922222,0.0
8873.0,0.011090370710513992,0.9870635315207618,0.0018460977687242259
9146.0,0.015736522567242162,0.9829348072631714,0.001328670169586476
8604.0,0.7948611511956052,0.2043736155974203,7.652332069744357E-4
8335.0,0.03757534047206412,0.5873777759761352,0.37504688355180077
9535.0,0.7412570843975611,0.2575751859373899,0.0011677296650489369
9260.0,0.011848477148419481,0.9854778095057075,0.002673713345873174
9738.0,0.7770777361520076,0.2195841422060642,0.0033381216419281212
8774.0,0.051504153990852085,0.6082732314628766,0.3402226145462714
9045.0,0.7695838415847113,0.22750766418494908,0.0029084942303396347
8563.0,0.0027689128866652856,0.9972310871086972,4.637684982752418E-12
8288.0,0.7412570844011683,0.2575751859337111,0.0011677296651204892
9733.0,0.011848477148419481,0.9854778095057075,0.002673713345873174
9251.0,0.015019540712880853,0.982833038174571,0.002147421112547911
9520.0,0.8359031535620082,0.15884550288619262,0.005251343551799211
8303.0,0.8359031535620082,0.15884550288619262,0.005251343551799211
8572.0,0.01672072266079007,0.5775700954653238,0.40570918187388616
9050.0,0.015221307064367135,0.9847786929356329,2.8684402244184294E-216
8777.0,0.015762028529247588,0.981964821303381,0.0022731501673714364
8119.0,0.7887904933111524,0.20902378606598812,0.0021857206228595664
9420.0,0.8290430297842917,0.1709569702157083,0.0
9695.0,0.032814646866478045,0.5927204382242856,0.3744649149092364
8320.0,0.7916850970346863,0.2046708646671007,0.003644038298213026
8595.0,0.009377896391330577,0.9892754117391886,0.0013466918694807345
9141.0,0.783087040432398,0.2148815707736739,0.0020313887939280434
8870.0,0.011848477148419481,0.9854778095057075,0.002673713345873174
9725.0,0.0027689128866652856,0.9972310871086972,4.637684982752418E-12
9454.0,0.019708069485098154,0.4341689791759909,0.5461229513389109
8625.0,0.051595736294713146,0.6087086797106527,0.3396955839946341
8354.0,0.006073971589996511,0.9908067912256423,0.003119237184360995
8836.0,0.7887904933111524,0.20902378606598812,0.0021857206228595664
9111.0,0.006381762507777808,0.9936182374922222,0.0
9767.0,0.7887904933111524,0.20902378606598812,0.0021857206228595664
9490.0,0.8172839557081509,0.18271604429184915,0.0
9217.0,0.013372908535381704,0.9866270914646182,0.0
8542.0,0.7598952244151576,0.24010477558484256,0.0
8269.0,0.7829080353892447,0.21530264187334594,0.001789322737409339
8811.0,0.7351501453056141,0.2636391840185678,0.0012106706758181966
8102.0,0.7412570843975586,0.2575751859373925,0.001167729665048906
9080.0,0.015736522567242162,0.9829348072631714,0.001328670169586476
9386.0,0.032814646866478045,0.5927204382242856,0.3744649149092364
9657.0,0.006451257431662048,0.9902988892774116,0.003249853290926372
9171.0,0.7351501453056141,0.2636391840185678,0.0012106706758181966
8896.0,0.03587207171427914,0.5987543481700571,0.3653735801156638
8693.0,0.017086205326993478,0.9829137946730064,1.977210354962142E-212
9285.0,0.0341348338108294,0.5894761095733301,0.3763890566158405
9558.0,0.015736522567242162,0.9829348072631714,0.001328670169586476
9020.0,0.011304927090041153,0.986809939070698,0.0018851338392608492
8751.0,0.011848477148419481,0.9854778095057075,0.002673713345873174
8201.0,0.8359031348481986,0.15884552398815946,0.005251341163641946
8474.0,0.015736522567242162,0.9829348072631714,0.001328670169586476
9588.0,0.03272276580215974,0.5857035112992038,0.38157372289863645
9319.0,0.016747662578544213,0.577506080645275,0.4057462567761808
9793.0,0.7351683315344457,0.26362073332206326,0.0012109351434910524
8085.0,0.03587207171427914,0.5987543481700571,0.3653735801156638
8717.0,0.7770839704869315,0.21958594256240088,0.0033300869506676543
8990.0,0.783087040432398,0.2148815707736739,0.0020313887939280434
8504.0,0.8359031535620082,0.15884550288619262,0.005251343551799211
8235.0,0.009377896391330577,0.9892754117391886,0.0013466918694807345
9627.0,0.7615815917842456,0.23721033213246667,0.0012080760832876266
9352.0,0.8291083390812537,0.17089166091874627,0.0
8930.0,0.7948611511956052,0.2043736155974203,7.652332069744357E-4
9201.0,0.032556189449604714,0.548341669959761,0.4191021405906342
8663.0,0.783087040432398,0.2148815707736739,0.0020313887939280434
8388.0,0.011304927090041153,0.986809939070698,0.0018851338392608492
8302.0,0.015019540712880853,0.982833038174571,0.002147421112547911
8573.0,0.032814646866478045,0.5927204382242856,0.3744649149092364
9051.0,0.7887904933111524,0.20902378606598812,0.0021857206228595664
8776.0,0.7829080353892447,0.21530264187334594,0.001789322737409339
9250.0,0.783087040432398,0.2148815707736739,0.0020313887939280434
9521.0,0.03272276580215974,0.5857035112992038,0.38157372289863645
8321.0,0.7916823803035712,0.20467015834636945,0.0036474613500592354
8594.0,0.015019540712880853,0.982833038174571,0.002147421112547911
9140.0,0.03587207171427914,0.5987543481700571,0.3653735801156638
8871.0,0.7770777361520076,0.2195841422060642,0.0033381216419281212
8128.0,0.783087040432398,0.2148815707736739,0.0020313887939280434
9421.0,0.013372908535381704,0.9866270914646182,0.0
9694.0,0.7836690877137296,0.21502229247353816,0.00130861981273233
8624.0,0.018503643304871472,0.3659434084114965,0.6155529482836322
8355.0,0.7695838415847113,0.22750766418494908,0.0029084942303396347
8145.0,0.7829080353892447,0.21530264187334594,0.001789322737409339
8837.0,0.8359031535620082,0.15884550288619262,0.005251343551799211
9110.0,0.7770780101546483,0.2195842213307946,0.003337768514557045
9724.0,0.009377896391330577,0.9892754117391886,0.0013466918694807345
9455.0,0.783087040432398,0.2148815707736739,0.0020313887939280434
8543.0,0.7412570843975586,0.2575751859373925,0.001167729665048906
8268.0,0.7613267011187917,0.23747042992022327,0.001202868960984941
8810.0,0.011304927090041153,0.986809939070698,0.0018851338392608492
9081.0,0.04786386721345899,0.5998344078014516,0.3523017249850893
9766.0,0.7695838415847113,0.22750766418494908,0.0029084942303396347
9491.0,0.8359031535620082,0.15884550288619262,0.005251343551799211
9216.0,0.7948611511956052,0.2043736155974203,7.652332069744357E-4
9170.0,0.7948611511956052,0.2043736155974203,7.652332069744357E-4
8179.0,0.032556189449604714,0.548341669959761,0.4191021405906342
8897.0,0.030813898619964523,0.557513439866199,0.4116726615138366
8423.0,0.7948611511956052,0.2043736155974203,7.652332069744357E-4
8692.0,0.011304927090041153,0.986809939070698,0.0018851338392608492
9387.0,0.783087040432398,0.2148815707736739,0.0020313887939280434
9021.0,0.7770777361520076,0.2195841422060642,0.0033381216419281212
8750.0,0.7695838415847113,0.22750766418494908,0.0029084942303396247
8200.0,0.008288462869720244,0.9889102394695128,0.0028012976607668777
8475.0,0.006073971589996511,0.9908067912256423,0.003119237184360995
9559.0,0.7351501453056141,0.2636391840185678,0.0012106706758181966
8716.0,0.011060889788616265,0.9870954654562182,0.001843644755165601
8991.0,0.7916823803035712,0.20467015834636945,0.0036474613500592354
8505.0,0.03757534047206412,0.5873777759761352,0.37504688355180077
8234.0,0.7412570843975586,0.2575751859373925,0.001167729665048906
9589.0,0.011061965129433068,0.987094300580917,0.001843734289649997
9318.0,0.7916823803035712,0.20467015834636945,0.0036474613500592354
9792.0,0.03254697000233067,0.5483555066337431,0.4190975233639262
8931.0,0.03272276580215974,0.5857035112992038,0.38157372289863645
8162.0,0.03520746039130928,0.5888219399907232,0.3759705996179676
9200.0,0.024100769275527678,0.9758992307244723,6.633111478732987E-214
8662.0,0.7695838415847113,0.22750766418494908,0.0029084942303396347
8389.0,0.006073971589996511,0.9908067912256423,0.003119237184360995
9626.0,0.7672010225173741,0.23279897748262596,0.0
9693.0,0.012366371980109479,0.986501728754994,0.001131899264896474
9422.0,0.8359031535620082,0.15884550288619262,0.005251343551799211
8593.0,0.7351501453056141,0.2636391840185678,0.0012106706758181966
8322.0,0.7770777361520076,0.2195841422060642,0.0033381216419281212
8868.0,0.7412570843975586,0.2575751859373925,0.001167729665048906
9143.0,0.011875626553526156,0.9881243734453405,1.1332530610777207E-12
9735.0,0.8359031535620082,0.15884550288619262,0.005251343551799211
9522.0,0.7412571846898377,0.2575750836610981,0.0011677316490642437
9249.0,0.03777369490672843,0.6029248068508753,0.35930149824239627
8574.0,0.04051474729813979,0.5864574698378113,0.373027782864049
8301.0,0.783087040432398,0.2148815707736739,0.0020313887939280434
8118.0,0.7351501453056141,0.2636391840185678,0.0012106706758181966
8779.0,0.7916823803035712,0.20467015834636945,0.0036474613500592354
9048.0,0.015762028529247588,0.981964821303381,0.0022731501673714364
9765.0,0.03675986087103475,0.6098316405544528,0.35340849857451245
9219.0,0.019708069485098133,0.4341689791759905,0.5461229513389113
8271.0,0.7916823803035712,0.20467015834636945,0.0036474613500592354
8540.0,0.012340103367439648,0.9865442513676683,0.001115645264892062
9082.0,0.006381762507777808,0.9936182374922222,0.0
8103.0,0.7770777361520076,0.2195841422060642,0.0033381216419281212
8809.0,0.7695838415847113,0.22750766418494908,0.0029084942303396347
9452.0,0.783087040432398,0.2148815707736739,0.0020313887939280434
9727.0,0.783087040432398,0.2148815707736739,0.0020313887939280434
8352.0,0.015736522567242162,0.9829348072631714,0.001328670169586476
8627.0,0.03272276580215974,0.5857035112992038,0.38157372289863645
9109.0,0.03675986087103452,0.609831640554432,0.3534084985745335
8838.0,0.7695838415847113,0.22750766418494908,0.0029084942303396347
9556.0,0.009377896391330577,0.9892754117391886,0.0013466918694807345
9287.0,0.7832771894027433,0.21492839175431516,0.0017944188429415478
8749.0,0.03757534047206412,0.5873777759761352,0.37504688355180077
9022.0,0.7916823803035712,0.20467015834636945,0.0036474613500592354
8472.0,0.009377896391330577,0.9892754117391886,0.0013466918694807345
8203.0,0.783087040432398,0.2148815707736739,0.0020313887939280434
9659.0,0.011060889788616265,0.9870954654562182,0.001843644755165601
9384.0,0.0027689128866652856,0.9972310871086972,4.637684982752418E-12
8898.0,0.835903153561916,0.15884550288627972,0.005251343551804335
9169.0,0.008288462869720244,0.9889102394695128,0.0028012976607668777
8695.0,0.032556189449604714,0.548341669959761,0.4191021405906342
8420.0,0.04786386721345899,0.5998344078014516,0.3523017249850893
9354.0,0.0478638672005208,0.5998344076901411,0.35230172510933816
8928.0,0.006451257431662048,0.9902988892774116,0.003249853290926372
8390.0,0.051595736294713146,0.6087086797106527,0.3396955839946341
8661.0,0.7351501453056141,0.2636391840185678,0.0012106706758181966
9317.0,0.015736522567242162,0.9829348072631714,0.001328670169586476
9590.0,0.7613267011187917,0.23747042992022327,0.001202868960984941
9795.0,0.7351501453056141,0.2636391840185678,0.0012106706758181966
8988.0,0.7671928562423784,0.23280714375762168,0.0
8084.0,0.7948611511956052,0.2043736155974203,7.652332069744357E-4
8719.0,0.03777369490672843,0.6029248068508753,0.35930149824239627
8233.0,0.03675986087103475,0.6098316405544528,0.35340849857451245
8506.0,0.7887904933111524,0.20902378606598812,0.0021857206228595664
8592.0,0.006381762507777808,0.9936182374922222,0.0
8323.0,0.783087040432398,0.2148815707736739,0.0020313887939280434
8129.0,0.7770777361520076,0.2195841422060642,0.0033381216419281212
8869.0,0.008288462869720244,0.9889102394695128,0.0028012976607668777
9142.0,0.7412570843975588,0.25757518593739237,0.0011677296650489083
9692.0,0.009377896391330577,0.9892754117391886,0.0013466918694807345
9423.0,0.009377896391330577,0.9892754117391886,0.0013466918694807345
8575.0,0.8157679411025485,0.17929751078252118,0.004934548114930355
8300.0,0.03808408954614116,0.4945098084189733,0.4674061020348856
8778.0,0.024100769275527678,0.9758992307244723,6.633111478732987E-214
9523.0,0.04786386721345899,0.5998344078014516,0.3523017249850893
9248.0,0.011848477148419481,0.9854778095057075,0.002673713345873174
8270.0,0.783087040432398,0.2148815707736739,0.0020313887939280434
8541.0,0.0405147472951191,0.586457469825589,0.3730277828792919
9083.0,0.7598952244151159,0.24010477558488402,0.0
8808.0,0.7598952244151159,0.24010477558488402,0.0
9764.0,0.7916823803035712,0.20467015834636945,0.0036474613500592354
9218.0,0.011060889788616265,0.9870954654562182,0.001843644755165601
9489.0,0.7829080353892447,0.21530264187334594,0.001789322737409339
8353.0,0.7695838415847113,0.22750766418494908,0.0029084942303396347
8626.0,0.03757534047206412,0.5873777759761352,0.37504688355180077
8839.0,0.04786386721345899,0.5998344078014516,0.3523017249850893
8144.0,0.8157679411025485,0.17929751078252118,0.004934548114930355
9453.0,0.051595736294713146,0.6087086797106527,0.3396955839946341
9726.0,0.011848477148419481,0.9854778095057075,0.002673713345873174
8748.0,0.008288462869720244,0.9889102394695128,0.0028012976607668777
