9179.0,0.9981496812715366,0.0018503083265071411,1.0401956296314868E-8
8904.0,0.9793602301427156,0.020638113530755096,1.6563265293763187E-6
8701.0,0.011628980551725112,0.9614034886391919,0.026967530809083023
9378.0,0.16646973936999845,0.8334025982286462,1.276624013554181E-4
9012.0,0.9796118948920548,0.020387530201336355,5.749066088712665E-7
8743.0,0.0012476855174912238,0.9577894897399765,0.04096282474253232
8193.0,0.397866527246423,0.6002845966980086,0.0018488760555684
8466.0,2.539299461468081E-7,0.0051540841197794465,0.9948456619502744
9293.0,0.475421337460864,0.523839499823232,7.391627159040758E-4
9566.0,0.9953919690635651,0.004607645581757343,3.8535467755230933E-7
8081.0,3.242090206555921E-4,0.6520956359336535,0.3475801550456909
8709.0,0.004001287444160891,0.9704292277147822,0.02556948484105689
8982.0,3.773567679672024E-13,5.421366563760776E-5,0.999945786333985
8496.0,0.9867703607847464,0.013229069752270724,5.694629827551287E-7
8227.0,2.2313885169617253E-7,0.9953456609984799,0.004654115862668356
9596.0,0.009067792789609093,0.9753430058920916,0.01558920131829939
9327.0,0.8542956536334921,0.14566682903632816,3.751733017959811E-5
9801.0,2.469360021849786E-10,0.06660739557783936,0.9333926041752246
8938.0,2.9206072280685466E-6,0.13214981678835405,0.8678472626044179
8671.0,1.4772908733940117E-5,0.8016036730859769,0.19838155400528928
8396.0,0.9916955317847362,0.008304063931309776,4.0428395397507226E-7
9619.0,3.011702630324347E-6,0.1363681037766406,0.863628884520729
9344.0,0.974676823453657,0.02531671331712788,6.4632292151042604E-6
8295.0,0.7227434991634851,0.2769825443977917,2.739564387230647E-4
8564.0,2.1768850611609368E-4,0.8502964812096943,0.14948583028418966
9042.0,0.21881838074398247,0.6892778993435449,0.09190371991247263
8769.0,0.019589715092659284,0.915624313512273,0.0647859713950677
8115.0,0.9961031089859392,0.003896813375669921,7.76383908231191E-8
9741.0,2.483411560416491E-5,0.5298359528125449,0.47013921307185097
9259.0,0.004298436588855522,0.9849966236507365,0.010704939760408106
9528.0,6.891429365752103E-5,0.9920460340159263,0.007885051690416148
8328.0,0.7039581009441784,0.2959783284877054,6.357056811620331E-5
8603.0,0.010086694695382937,0.949395545888351,0.040517759416266
9149.0,0.009067792789609093,0.9753430058920916,0.01558920131829939
8878.0,0.9961839149370678,0.0038160315177611145,5.35451711267837E-8
9687.0,0.3784064737619488,0.6187674229375091,0.0028261033005421965
8633.0,0.3953130668104583,0.5973666406553851,0.007320292534156527
8362.0,1.302336084344696E-4,0.9275925180002553,0.07227724839131017
8844.0,0.8713930362269786,0.12847596321252994,1.3100056049129952E-4
9119.0,0.9280544984013719,0.07193115543692483,1.4346161703242465E-5
9446.0,0.7048099419182899,0.2948283492999176,3.6170878179239105E-4
8534.0,0.8860752550159683,0.11385567633808748,6.906864594421619E-5
8261.0,0.0018801616492300915,0.9979403626816133,1.7947566915654526E-4
8098.0,0.3157452456379526,0.6838728991620072,3.8185520004014077E-4
8803.0,0.9752736309333058,0.024725718081998877,6.509846952898302E-7
9072.0,0.5456906442905393,0.4535309303378169,7.784253716439928E-4
9775.0,0.7608433467459111,0.2390760225884511,8.06306656378589E-5
9498.0,0.09558116024006641,0.9015412805758525,0.002877559184081066
9225.0,0.9250912032463395,0.07490331946530147,5.4772883590092435E-6
9379.0,0.07266731753981638,0.9248815540610456,0.0024511283991380493
9648.0,0.8765869931065088,0.12338103722767546,3.196966581565056E-5
9178.0,0.055304826904171066,0.9429343586814629,0.001760814414365949
8183.0,1.6892040688190565E-10,0.0051916329371674225,0.9948083668939122
8905.0,7.138214249012354E-8,0.009382595741857062,0.9906173328760004
8431.0,0.010086694695382937,0.949395545888351,0.040517759416266
8700.0,0.5519492144559741,0.44721056938890297,8.402161551229637E-4
9292.0,0.00157205080998948,0.9933415183861367,0.005086430803873809
9567.0,0.013284978573168599,0.9422487708306886,0.04446625059614282
9013.0,0.5126675806503943,0.48722886783019237,1.0355151941335724E-4
8742.0,5.777569151192936E-5,0.8835298666380385,0.1164123576704496
8192.0,0.9710246250238941,0.02897096653197611,4.4084441297289425E-6
8467.0,0.9387983132793709,0.06118994737542527,1.173934520392238E-5
9597.0,0.24660078236655875,0.7532515548948533,1.4766273858801308E-4
9326.0,0.5739119549381768,0.4257975404481073,2.905046137159888E-4
9800.0,1.0485890219621088E-11,0.03426429217833265,0.9657357078111816
8708.0,0.8394254160532693,0.16041978740257917,1.547965441515624E-4
8983.0,0.22616453405827583,0.7723921262102178,0.0014433397315064195
8497.0,5.0197477613153895E-8,0.5940091538523208,0.4059907959502015
8226.0,0.02608214514592378,0.8705900736329522,0.103327781221124
9618.0,0.9877317135970469,0.012266555939877556,1.7304630754974277E-6
9345.0,2.0847568310532956E-4,0.9965922504093239,0.0031992739075708387
8166.0,4.366715710228142E-6,0.48864068069628586,0.511354952588004
8939.0,0.999869315809837,1.3068350500746392E-4,6.85155543328081E-10
9208.0,0.2635197601454161,0.736113372043551,3.6686781103300594E-4
8670.0,0.0018095968230687053,0.9965323492320004,0.0016580539449307936
8397.0,0.6015176393211076,0.3979751518466455,5.072088322469717E-4
9740.0,0.9969845348391887,0.003015437269836526,2.7890974843607182E-8
9258.0,0.5324575035287761,0.46680091243145483,7.415840397691396E-4
9529.0,0.19663105946853268,0.802881104026051,4.878365054163793E-4
8294.0,0.9886683432996929,0.011330571264207721,1.0854360992495086E-6
8565.0,8.143041626940246E-9,3.8227032154338365E-4,0.999617721535415
9043.0,0.21968834674949378,0.7782848833344567,0.0020267699160495633
8768.0,0.1782161919890601,0.820655447241023,0.0011283607699167303
9413.0,1.548054395466887E-10,0.8371503289743673,0.16284967087082727
9686.0,0.9778478574349507,0.022151005307541934,1.137257507249379E-6
8329.0,8.738004053811972E-5,0.9996362002090394,2.7641975042244583E-4
8602.0,0.05178923889486367,0.9459711960115252,0.0022395650936110154
9148.0,0.9966474971873236,0.0033523768595332105,1.2595314314083218E-7
8879.0,4.0738362274392945E-9,0.002214686406800382,0.9977853095193634
8132.0,0.9166919608515048,0.08325603204122373,5.200710727136784E-5
9716.0,0.01457229731697739,0.9756716683780511,0.009756034304971638
9447.0,4.1450052455128744E-4,0.9804469380805336,0.019138561394915196
8632.0,0.8680111228572456,0.1319392834150628,4.959372769170345E-5
8363.0,0.789921090336915,0.20993167620641334,1.4723345667162942E-4
8149.0,0.03301854742997312,0.96067082573028,0.0063106268397469445
8845.0,0.934722900594367,0.06524013127762628,3.696812800661641E-5
9118.0,3.631575737078325E-4,0.6139191172864991,0.385717725139793
9774.0,2.7687896389115198E-5,0.7111978625999993,0.2887744495036116
9499.0,0.001098511405221623,0.9978914340383356,0.00101005455644282
9224.0,0.44981704991023946,0.5497986865200836,3.842635696770399E-4
8535.0,0.8924398214488735,0.10751215725920485,4.8021291921773125E-5
8260.0,0.022393896848474617,0.9669541028873433,0.01065200026418205
8802.0,0.011840897885767167,0.8799885230715846,0.10817057904264817
9073.0,0.08304211628125617,0.8995528302348872,0.017405053483856722
8741.0,0.34601074876705784,0.6538890065999563,1.0024463298581068E-4
9014.0,0.16868615875595394,0.8163638802807607,0.014949960963285401
8464.0,0.0636604774535809,0.7665782493368701,0.16976127320954906
8195.0,0.17480428704606582,0.8237596890272297,0.0014360239267046393
9564.0,1.9907074975878423E-17,5.584707159411155E-7,0.999999441529284
9295.0,0.9991084984991944,8.914964998804E-4,5.000925236623458E-9
8906.0,0.2021534752927338,0.797536059476422,3.1046523084428727E-4
9177.0,0.9203698455328898,0.07957854813834116,5.1606328768967895E-5
8703.0,0.020489630438172465,0.9430843598939654,0.03642600966786216
8428.0,0.013352135087685683,0.9770343276491806,0.009613537263133694
9651.0,0.8996941349023753,0.10025058269687863,5.528240074616113E-5
9376.0,0.0374302013758161,0.9600860824664958,0.0024837161576880705
9211.0,0.6339818650978037,0.36555103777423087,4.6709712796543575E-4
8936.0,0.8912086797323318,0.10754139960212401,0.001249920665544144
8398.0,1.71820591760365E-7,7.014756680075567E-4,0.9992983525114006
8669.0,0.45976671405002556,0.5397529092373767,4.803767125976089E-4
9346.0,0.5871634606401578,0.41097389368247655,0.0018626456773657694
9617.0,1.627042722066844E-4,0.12261755177596372,0.8772197439518297
8980.0,0.9837480701609398,0.01625008916599776,1.8406730624855247E-6
8080.0,1.289196635178604E-4,0.9915939929853577,0.008277087351124637
8711.0,1.6660338277943193E-4,0.6583638674781152,0.34146952913910544
8225.0,0.978910674327419,0.02108748410449284,1.8415680881319037E-6
8498.0,0.9347382075381797,0.0652540715771449,7.720884675342395E-6
9325.0,0.2355451090543352,0.7641681550705433,2.867358751216261E-4
9598.0,0.9320479443996861,0.06794141379051129,1.0641809802552833E-5
9803.0,0.017633135438651776,0.7857485488998293,0.19661831566151897
8601.0,0.9954945534883007,0.004505167185228516,2.7932647075639434E-7
8330.0,1.0986504088506028E-4,0.9997408492094645,1.4928574965051037E-4
8876.0,0.9952520095370966,0.0047479019403592945,8.852254402595311E-8
9151.0,0.9789027293536832,0.02109567228813891,1.5983581779099334E-6
9685.0,0.007798004959339978,0.982742482100471,0.009459512940189029
9414.0,0.0017339000850245233,0.9923712620631445,0.0058948378518309495
8566.0,1.3995114388178962E-4,0.8663596152461469,0.1335004336099712
8293.0,0.5865649804266465,0.41330247802017156,1.325415531818064E-4
8771.0,1.1060504298459772E-12,0.0017107379989278015,0.9982892619999661
8114.0,0.007396412821663422,0.9892314622536942,0.003372124924642502
9040.0,0.01994259737479334,0.8083674395368834,0.17168996308832335
9743.0,0.0020188934651153845,0.9807607500144386,0.01722035652044608
9530.0,0.984698274551916,0.015301190186385715,5.352616981935309E-7
8263.0,0.9467367737959077,0.053251105486055,1.2120718037261913E-5
8532.0,0.22090714172307382,0.7723156507441694,0.006777207532756673
9074.0,0.994408881612398,0.005591069840366289,4.8547235640679644E-8
8801.0,0.019975773146965557,0.8576721306461244,0.12235209620691011
8099.0,0.6725496909654889,0.32650514293547134,9.451660990398127E-4
9773.0,0.9938187860803146,0.0061803952196516545,8.18700033638174E-7
9227.0,1.646027104562169E-5,0.6845912739459679,0.31539226578298657
9496.0,0.003421864666528165,0.856415217247448,0.14016291808602385
8360.0,0.06685540123554018,0.9302432085907071,0.0029013901737528127
8635.0,0.3395392860173045,0.6587324304531063,0.0017282835295891713
9117.0,0.14767608143371988,0.8470002166689635,0.005323701897316628
8846.0,0.08969629628286162,0.9090755348121883,0.0012281689049500459
9444.0,0.0017915293416656708,0.8412921158475829,0.15691635481075142
9719.0,0.0314668038249501,0.966399558278514,0.002133637896536025
9565.0,0.961058949748403,0.038933247407171065,7.802844425879373E-6
9294.0,0.9159782897864357,0.08401239277877633,9.317434787987063E-6
8740.0,1.204158749074094E-6,0.03157667408676502,0.9684221217544859
8465.0,4.5417954038219453E-4,0.9620698871647778,0.03747593329484009
8194.0,0.6916516363335877,0.30808011495205195,2.682487143603273E-4
9650.0,0.341909874955388,0.6361826590185328,0.0219074660260793
9377.0,0.3524278663077488,0.6469965361036427,5.755975886083799E-4
8182.0,0.16438825278075603,0.8340342269593911,0.0015775202598528766
8907.0,0.0020286509711056715,0.9443297598081113,0.05364158922078319
9176.0,0.24885606769384727,0.7486702890229868,0.0024736432831658607
8702.0,0.8240643843126418,0.17590936800705162,2.6247680306604756E-5
8429.0,0.001081160634877777,0.9964141048256232,0.0025047345394990286
9347.0,0.645653031074924,0.3541087678229876,2.3820110208842694E-4
9616.0,0.14936542064043537,0.8487190871886175,0.0019154921709470807
9210.0,0.0075189586292871684,0.9883682495298952,0.004112791840817533
8937.0,0.01457229731697739,0.9756716683780511,0.009756034304971638
8167.0,0.9923661243518908,0.007633304132123215,5.715159858575757E-7
8399.0,0.7817993259883695,0.21810703909974702,9.363491188340871E-5
8668.0,0.060281377446914794,0.9236396015561275,0.01607902099695768
9324.0,0.7335566572572293,0.26602842157635154,4.1492116641919495E-4
9599.0,0.0029000773228002254,0.9953386262046741,0.0017612964725256899
8981.0,0.0773345769013854,0.9082176999681798,0.014447723130434669
8710.0,0.971165247085512,0.02883191076969985,2.842144788083661E-6
8224.0,0.013068893469905184,0.9850433018770037,0.001887804653090972
8499.0,0.15068006631494507,0.8442613511286373,0.005058582556417559
9684.0,0.8429475691654192,0.1569844232102117,6.800762436908126E-5
9415.0,3.6173879661023745E-5,0.9849584031589791,0.015005422961359887
8600.0,5.930133784562365E-8,0.1312608754246871,0.868739065273975
8331.0,0.7328504501501663,0.2669738763260589,1.7567352377498071E-4
8877.0,0.9956289654693826,0.004371018412010364,1.6118606931770723E-8
8133.0,0.9889317063614603,0.011067477058062393,8.165804771232844E-7
9150.0,0.3105051910191921,0.685868450069606,0.0036263589112020085
9742.0,0.984198156700636,0.015800562035787138,1.2812635767490894E-6
9531.0,0.41908193434584307,0.58080442194397,1.1364371018695312E-4
9256.0,0.08678920751883883,0.9041906148120622,0.00902017766909907
8567.0,1.5536699122096063E-4,0.7625157775427146,0.23732885546606441
8292.0,0.1298349294737722,0.8483619452569675,0.02180312526926023
8770.0,0.9948652284356088,0.005134550632141392,2.2093224972371155E-7
9041.0,0.9497437699468124,0.050249425129253955,6.804923933568679E-6
9772.0,0.794750985463219,0.20507664355144345,1.723709853374472E-4
9226.0,7.14054221615914E-4,0.9714985838541945,0.0277873619241896
9497.0,0.11640290193881765,0.8816197900046546,0.0019773080565276837
8262.0,0.11406222315665951,0.699444046206937,0.18649373063640337
8533.0,0.40916208820792227,0.589198286847501,0.001639624944576839
9075.0,0.270789504079345,0.7252346219278392,0.003975873992815858
8800.0,0.9710767436731417,0.028913111900142962,1.0144426715315565E-5
9445.0,5.658910847125083E-8,0.9567959529141845,0.04320399049670694
9718.0,0.020640788033298437,0.9773755242696868,0.0019836876970147506
8361.0,1.1473775745642099E-5,0.08532809648105444,0.9146604297431998
8634.0,0.9739395490515739,0.02605895838877132,1.4925596547948444E-6
9116.0,0.262864368009907,0.736472276790753,6.633551993399928E-4
8847.0,0.3423903945231551,0.6572290954704629,3.8051000638196394E-4
8148.0,0.9666766476721492,0.03332039344640039,2.9588814504544997E-6
8500.0,2.141147892081929E-9,0.8305033919417054,0.1694966059171466
8231.0,0.9931157721994868,0.006884089335057595,1.3846545572691923E-7
8705.0,0.9962762215673046,0.0037235397663286335,2.3866636678210544E-7
8083.0,0.9655146898305537,0.03448290009310861,2.410076337673662E-6
8978.0,0.0700538374786287,0.9238803088715772,0.006065853649793904
9805.0,1.3223927641996148E-5,0.7018456546418347,0.2981411214305233
9592.0,0.7720617645255112,0.2277245748714024,2.1366060308634715E-4
9323.0,0.6914085683812642,0.3085611703053509,3.026131338495645E-5
8667.0,0.8657910663561836,0.13418436906623835,2.4564577578089218E-5
8392.0,0.9153611650763367,0.08455921719178627,7.961773187719144E-5
8942.0,2.6906226608091546E-8,0.9755399019542768,0.024460071139496636
9213.0,0.09590811474337389,0.8199736919841635,0.08411819327246264
9623.0,0.9626311455767967,0.03736453486038647,4.319562816935464E-6
9348.0,0.993735672262925,0.006263728939610606,5.987974644168485E-7
8426.0,0.015963561006315807,0.9608353053143622,0.023201133679322025
8697.0,0.32374640730200105,0.676051693302735,2.018993952640853E-4
9183.0,0.017456137484539072,0.980729572438364,0.0018142900770969502
8908.0,0.9984329257864695,0.0015670433532705783,3.086025996396785E-8
9653.0,0.8386401210654711,0.1612278886996443,1.3199023488460855E-4
8197.0,1.1080880983233791E-7,0.023037182560984693,0.9769627066302055
8470.0,0.0014060485283742107,0.9242316230282056,0.07436232844342024
9008.0,0.07606496677656127,0.9167223261429664,0.007212707080472309
8739.0,0.9997938429694185,2.061569443894848E-4,8.619202416014357E-11
9289.0,0.84443885756641,0.15553851739253158,2.2625041058443847E-5
9562.0,0.7414374071254021,0.2584452529852615,1.173398893364248E-4
8840.0,0.0057522640627381575,0.984441865429769,0.00980587050749284
9115.0,5.9022809262707836E-5,0.8467892385975881,0.15315173859314934
8637.0,6.538945758230678E-7,0.383339627198523,0.6166597189069012
8366.0,0.3451119685068961,0.6547499692780816,1.3806221502224043E-4
9442.0,0.42088284037403184,0.5787443967508322,3.727628751359253E-4
8807.0,0.9781252240371491,0.021873824140240652,9.518226103162762E-7
8096.0,0.001394593949890713,0.8772072469943787,0.12139815905573058
9076.0,5.634828834325851E-5,0.8212863638477897,0.17865728786386703
8530.0,0.01457229731697739,0.9756716683780511,0.009756034304971638
8257.0,7.6786126264872E-10,7.407937725835588E-4,0.999259205459555
9502.0,0.12257207532575114,0.877104483995773,3.234406784759014E-4
9229.0,0.022205833937608704,0.9736672217233113,0.004126944339079948
9771.0,0.9375190114946026,0.06247697951386573,4.008991531660402E-6
9046.0,1.355578778702321E-7,0.8904904040690431,0.10950946037307902
8773.0,0.003978304968439341,0.9295662854943579,0.0664554095372028
8113.0,0.9933202879790485,0.006679634272100531,7.774885106937226E-8
8291.0,1.0146095083575442E-5,0.9903076616278447,0.009682192277071868
8560.0,0.8988471002510582,0.10094639165946398,2.0650808947785007E-4
9263.0,0.0328289469307164,0.9409991463234298,0.026171906745853776
9532.0,0.46493672483342713,0.5344152448833376,6.480302832351867E-4
9737.0,3.4621305600554215E-10,0.9428446608688019,0.05715533878498505
9145.0,0.9196170849084663,0.08036316342153857,1.975166999509857E-5
8874.0,0.009074698539066494,0.9420240263098985,0.048901275151035054
8332.0,0.932214549153884,0.06775880978570145,2.664106041445919E-5
8607.0,0.04967251063961215,0.9476580579653803,0.0026694313950075955
9408.0,0.9931856944313544,0.006813967605224897,3.379634206885579E-7
9683.0,0.9652651404637238,0.034715135351246984,1.9724185029244872E-5
9593.0,0.5096789947227532,0.4762143798564308,0.014106625420816001
9322.0,0.0075615292284960025,0.9887043607249638,0.0037341100465402084
8501.0,0.7993695881614121,0.20027625455073295,3.54157287854915E-4
8230.0,0.9807883927074743,0.019209014236332495,2.593056193090524E-6
8704.0,0.5077446319561963,0.49216241739678573,9.295064701783304E-5
8979.0,7.244500444768284E-7,0.006238268283514694,0.9937610072664408
9622.0,0.3707468293910692,0.6287977797565892,4.553908523415333E-4
9349.0,0.8841127095859433,0.11584362117340917,4.366924064753024E-5
8666.0,0.009237766280044978,0.9668197463015483,0.023942487418406752
8393.0,0.2289081940181551,0.7668445952348747,0.004247210746970213
8164.0,0.0030316355126088564,0.9792569332027562,0.017711431284635037
8943.0,1.682453758463561E-4,0.9905950079907494,0.009236746633404187
9212.0,0.1378901241792602,0.85742908594787,0.004680789872869755
9383.0,0.8500214274603105,0.14984700322733185,1.315693123576669E-4
9652.0,0.9502680978514485,0.049731264160801064,6.379877505816944E-7
8427.0,0.8586619856317679,0.14124537278495256,9.264158327948345E-5
8696.0,0.9914343458662197,0.008565269879630948,3.8425414942017E-7
9182.0,0.95987517754582,0.04012260131650325,2.221137676766036E-6
8909.0,0.011665515105503963,0.9835905290782196,0.004743955816276369
8181.0,0.40376967543112524,0.5953790809152519,8.512436536229094E-4
9288.0,2.3300327281404194E-4,0.9806159079821822,0.019151088745003715
9563.0,1.8305103811782765E-7,0.9986187993101846,0.001381017638777312
8196.0,6.147544621624679E-10,0.9995898459291219,4.10153456123626E-4
8471.0,0.8639510679310006,0.1360094995760053,3.943249299399104E-5
9009.0,0.08388921509524477,0.9145772858710356,0.001533499033719758
8738.0,0.03413147714413488,0.9542629660006995,0.011605556855165592
9712.0,1.2537750512674964E-6,0.99957985461924,4.188916057087895E-4
9443.0,0.15422946318738337,0.8447044829748444,0.001066053837772337
8151.0,0.5351431741570302,0.46469216069236324,1.646651506066543E-4
8841.0,0.5358337424608143,0.46373748207395,4.287754652358324E-4
9114.0,0.9996307631022092,3.69235082962555E-4,1.8148282196785292E-9
8636.0,0.0039331504865649375,0.9856223703995314,0.010444479113903624
8367.0,0.023193250683880624,0.9624091990227235,0.01439755029339593
9503.0,0.9936144576868345,0.006384575044131817,9.67269033637261E-7
9228.0,0.9988186230628138,0.0011813411214627787,3.581572334591736E-8
9770.0,3.9888751686958183E-5,0.06152827998376594,0.9384318312645471
8806.0,0.0018226474589950873,0.9799629197888361,0.018214432752168812
9077.0,1.120821539136061E-4,0.9774234732925884,0.02246444455349807
8531.0,0.005589356494205626,0.9763846898628539,0.01802595364294048
8256.0,0.013760225070713577,0.9842199229678036,0.0020198519614828747
9262.0,0.008003307537100096,0.9889213755927342,0.003075316870165804
9533.0,4.657604589915203E-6,0.8558190669096543,0.14417627548575593
9736.0,0.2381402754672622,0.7603533161076043,0.0015064084251336031
9047.0,5.381034029586308E-5,0.9756977239169304,0.024248465742773662
8772.0,0.0025137854898150706,0.9936515614097085,0.003834653100476501
8290.0,0.4724397455621013,0.5273058814363573,2.5437300154150007E-4
8561.0,0.013351777899318226,0.775625917981101,0.21102230411958087
9409.0,1.230472146267235E-4,0.9927262371528717,0.007150715632501659
9682.0,0.004905191081339635,0.7680257894331047,0.22706901948555577
9144.0,0.9947031127999376,0.005296704519929841,1.826801325082043E-7
8875.0,8.433450034220292E-4,0.9564480494095096,0.04270860558706848
8134.0,0.010086694695382937,0.949395545888351,0.040517759416266
8333.0,2.8364170401802444E-6,0.7875955483962617,0.21240161518669806
8606.0,0.6895327400920729,0.31031771623492327,1.4954367300382362E-4
8394.0,0.9680342336497776,0.03196194194421961,3.8244060027403785E-6
8665.0,0.7693116256853764,0.23049167012336483,1.9670419125880525E-4
9215.0,0.9696480970504907,0.030348693157101578,3.2097924077164703E-6
8940.0,0.04511942953352527,0.9479741600516549,0.0069064104148198555
9350.0,0.9900243252465472,0.00997434453449221,1.3302189605267568E-6
9621.0,0.974601928162528,0.0253967319753603,1.3398621117789357E-6
8229.0,0.6884159373454537,0.3095155528095058,0.0020685098450402978
8502.0,0.013352135087685683,0.9770343276491806,0.009613537263133694
8976.0,0.06201773107899163,0.9204675561388447,0.01751471278216369
8082.0,0.1551698431275085,0.8371859431691866,0.007644213703304943
8707.0,6.8529517347548E-6,0.9832080330628348,0.016785113985430464
9807.0,5.147506659459627E-7,0.9967546331009607,0.003244852148373324
9321.0,0.9824573642961865,0.017540461383707823,2.1743201057421826E-6
9594.0,2.1797378271913875E-7,0.9966460933750786,0.0033536886511387185
8468.0,0.9856652203543431,0.014333716622936973,1.0630227199522984E-6
8199.0,2.3764276415763226E-9,0.9674260983251337,0.03257389929843866
8737.0,0.02088946570503365,0.9723157483000314,0.006794785994934947
9010.0,1.8011351275486374E-7,0.6774515486478276,0.32254827123865965
9560.0,0.07142389362106091,0.9241583872683887,0.0044177191105503645
9291.0,0.15177486582375244,0.6709087156607885,0.17731641851545912
8699.0,0.9749642959812882,0.025032031885990704,3.6721327210551E-6
8424.0,0.951255625432076,0.04873023676520877,1.4137802715138319E-5
8910.0,0.8734223363618346,0.1261360693301183,4.415943080471149E-4
9181.0,0.019798619753365766,0.9123203982350945,0.06788098201153978
9380.0,0.8497779001935436,0.15007148068294415,1.5061912351227512E-4
9078.0,0.013284978573168599,0.9422487708306886,0.04446625059614282
8805.0,0.5628372481450112,0.4347004518435353,0.0024623000114534868
8097.0,0.6132907058715286,0.386455383809585,2.539103188865611E-4
8259.0,0.9131773324645337,0.08680284714842781,1.9820387038568912E-5
8528.0,0.7161592522585248,0.28381237957075556,2.8368170719625363E-5
9231.0,0.7628885743043123,0.23694014906220826,1.7127663347941784E-4
9500.0,0.0809890080620449,0.9164214590773923,0.002589532860562825
9769.0,0.5179920198900132,0.4815940231780578,4.139569319290404E-4
8842.0,0.6405478117065254,0.3588651977072652,5.869905862094388E-4
8364.0,1.1204601632309701E-5,0.9033099120526799,0.09667888334568776
8639.0,0.3128301333515373,0.6764359170068112,0.010733949641651613
9440.0,6.360580086928632E-5,0.8139476370552552,0.18598875714387564
9715.0,0.043395799442090904,0.002288450361204012,0.9543157501967052
8872.0,1.643287504019893E-4,0.7648046010009992,0.23503107024859882
9147.0,0.6698504110789605,0.32966378545020947,4.858034708300023E-4
8605.0,2.159624210613797E-4,0.9990397851726988,7.442524062399784E-4
8334.0,0.8962796205744351,0.10369107821013208,2.9301215432888345E-5
9681.0,0.017225268103124802,0.9592536557433138,0.023521076153561405
8775.0,0.926893043432459,0.07308917147356363,1.7785093977374436E-5
8112.0,0.5266251093625574,0.47290414529248403,4.707453449585985E-4
8562.0,0.013724294660888382,0.9534355924838404,0.03284011285527123
8289.0,0.7997175594429481,0.20017282550766255,1.0961504938923975E-4
9534.0,0.9868738927577168,0.013125386208894741,7.210333885265588E-7
9261.0,0.8934161807031974,0.10654282676948432,4.099252731829237E-5
9739.0,0.0519810977826245,0.19193020719738277,0.7560886950199928
9351.0,0.0476777595442847,0.9518079294881936,5.14310967521584E-4
9620.0,0.020236020543713276,0.9714847837100503,0.008279195746236276
8395.0,0.9976769695570337,0.002322992134382033,3.8308584266389515E-8
8664.0,0.7708885532757954,0.22902133101845681,9.011570574774895E-5
9214.0,1.3403712234099216E-6,0.9991484468506822,8.50212778094466E-4
8941.0,0.12508423152771408,0.8525053567371157,0.02241041173517017
8165.0,0.0012137154242712414,0.9581759181060989,0.04061036646962989
9806.0,2.445064877945968E-4,0.9272534632760957,0.07250203023610968
9320.0,0.9910222673212585,0.008976800208685631,9.324700558726889E-7
9595.0,0.44275438358598995,0.5571291506827121,1.164657312980414E-4
8228.0,0.16949177271594645,0.8280712597235457,0.002436967560507893
8503.0,2.1683577030661433E-4,0.9613457282840595,0.03843743594563383
8977.0,0.9956244535610781,0.004375477839566456,6.859935545499941E-8
9290.0,0.9689013742214704,0.03108857489239778,1.005088613192343E-5
8469.0,6.105127648096781E-7,0.9084635257076563,0.09153586377957881
8198.0,0.06423916385386944,0.9339557929259454,0.0018050432201851831
8736.0,0.005620824086318838,0.9817976356514646,0.012581540262216436
9011.0,0.948235208194626,0.051743918205573176,2.087359980081612E-5
9654.0,4.1634006985215164E-4,0.9937573042523672,0.0058263556777806745
8698.0,9.149569235508219E-6,0.4585801449161123,0.5414107055146522
8425.0,0.9979706336768888,0.0020293211033033075,4.521980799889321E-8
8180.0,0.007379232578854425,0.991863306167868,7.574612532775407E-4
8911.0,0.008925345190706497,0.9869176675593702,0.0041569872499233424
9180.0,0.20560863812821142,0.7931884281845853,0.0012029336872032836
9230.0,0.1975840124743893,0.8004647792511685,0.0019512082744421095
9501.0,0.4781129204377525,0.5217553680372359,1.3171152501173768E-4
9768.0,0.09413047901673341,0.900857390909772,0.005012130073494554
9079.0,0.84660349915728,0.15336617917028764,3.032167243241154E-5
8804.0,0.9738165336608926,0.026178653654494143,4.812684613284466E-6
8258.0,1.3662210131617197E-5,0.988071813720104,0.011914524069764398
8529.0,0.01094107349616076,0.7088277894401874,0.2802311370636518
9441.0,0.9867185086599394,0.013281068901633143,4.224384275252484E-7
9112.0,0.24571956050890242,0.7484676646996803,0.00581277479141727
8150.0,0.4569857142563351,0.540023929649804,0.0029903560938608536
8843.0,0.018249155136335713,0.9635188340915262,0.01823201077213811
8365.0,0.9971080549587338,0.0028904052828495523,1.5397584166875201E-6
8638.0,0.9478650195048438,0.05207209527670865,6.288521844760094E-5
9680.0,0.7970021068182822,0.20277424554053777,2.236476411799535E-4
9411.0,0.9808139648594211,0.019183180757600886,2.8543829780334807E-6
8135.0,0.3057220901920061,0.6914855738007931,0.002792336007200797
8873.0,0.9927029219881335,0.007296836123006556,2.418888599853331E-7
9146.0,0.2572228416450188,0.7421328321670685,6.443261879127623E-4
8604.0,2.0140500009704137E-4,0.17911444561067943,0.8206841493892235
8335.0,0.09207856662854233,0.9050831266935616,0.0028383066778960124
9535.0,0.9226250493198691,0.077365191098944,9.759581186979405E-6
9260.0,0.0013459153712228199,0.7815042295080497,0.21714985512072743
9738.0,0.9796569266233871,0.020342123101497363,9.502751155950145E-7
8774.0,4.320902968219918E-6,0.7647646127902316,0.2352310663068003
9045.0,0.7326011710061342,0.2672301316541694,1.6869733969648637E-4
8563.0,0.0028444932453028566,0.9901896038739574,0.006965902880739805
8288.0,0.1736992959828832,0.8250978521403382,0.001202851876778535
9733.0,0.874080419693837,0.1258373479517686,8.223235439422194E-5
9251.0,0.21881838074398247,0.6892778993435449,0.09190371991247263
9520.0,0.9432043697782079,0.05678473417101157,1.0896050780478498E-5
8303.0,0.9982805383434038,0.0017194192801678512,4.237642843780414E-8
8572.0,0.18816346370358483,0.8094179015169849,0.0024186347794303087
9050.0,0.635471833198842,0.36414673916560575,3.8142763555225524E-4
8777.0,0.09503272357127533,0.8981323006133867,0.00683497581533797
8119.0,1.6598235132727607E-6,0.22771090651618317,0.7722874336603036
9420.0,0.10930426958439812,0.8889895249316127,0.0017062054839892932
9695.0,0.006120372160370259,0.9768407833890731,0.017038844450556638
8320.0,0.8690323309775775,0.1309632011557889,4.467866633691957E-6
8595.0,0.5367381272205001,0.4631468020236387,1.1507075586130212E-4
9141.0,0.999894956865269,1.0504303481726668E-4,9.991380409193462E-11
8870.0,0.0014912310001570425,0.8704967314412737,0.12801203755856932
9725.0,0.17760419059095345,0.8139152887406002,0.008480520668446408
9454.0,1.615243022114426E-5,0.5341888167141748,0.4657950308556039
8625.0,0.7952309512106474,0.20471965748441753,4.9391304935169273E-5
8354.0,0.588753562404572,0.41014118836186525,0.001105249233562784
8836.0,0.9966669170292605,0.0033330370753474016,4.589539222097715E-8
9111.0,8.720329260516821E-8,0.9960389679575421,0.003960944839165199
9767.0,0.3744818716253912,0.6247892077783036,7.289205963051906E-4
9490.0,0.2080094394977108,0.7917149781874164,2.755823148727934E-4
9217.0,8.921817961656286E-5,0.9065672157105291,0.09334356610985425
8542.0,2.05256386390223E-5,0.33313593574957506,0.666843538611786
8269.0,0.9853473674595931,0.014651129618711132,1.502921695839105E-6
8811.0,0.6480747892013923,0.35176702503129614,1.581857673116789E-4
8102.0,0.5864213231637994,0.4119781264466522,0.0016005503895483075
9080.0,0.25700225497932455,0.7415594358895766,0.0014383091310988913
9386.0,3.6431386901225507E-6,0.36124760698971836,0.6387487498715916
9657.0,2.5187843374652865E-5,0.9787830467260861,0.0211917654305393
9171.0,0.5825727150045802,0.4170580097688035,3.6927522661629796E-4
8896.0,2.1639353071573814E-8,0.658187449605718,0.34181252875492896
8693.0,0.15891448660364674,0.840389548166909,6.959652294442485E-4
9285.0,1.7437371919928966E-5,0.49812018739567765,0.5018623752324025
9558.0,0.8158493938006466,0.18404459377673343,1.0601242261987948E-4
9020.0,0.018850077314770237,0.8767494944803486,0.10440042820488131
8751.0,0.9161132496192661,0.08382780212358922,5.894825714480447E-5
8201.0,0.3754328432329467,0.6242615389661661,3.056178008872556E-4
8474.0,0.4531553539744809,0.5451477817892885,0.0016968642362307333
9588.0,0.10638705965091745,0.1570871427658078,0.7365257975832746
9319.0,1.054159800368335E-8,0.0019858882333758992,0.9980141012250262
9793.0,0.9936206361453161,0.006379156906518915,2.069481650219106E-7
8085.0,0.20546050598935597,0.7734783724786736,0.021061121531970258
8717.0,0.05930576529738399,0.9222371956274977,0.018457039075118337
8990.0,0.8700121883074372,0.12997778184828773,1.0029844275116344E-5
8504.0,0.529695708279706,0.4671569243181573,0.0031473674021367166
8235.0,0.008309093986244366,0.8791281111579382,0.1125627948558174
9627.0,0.0739978044716963,0.9123078987414827,0.013694296786821044
9352.0,0.7488741593808376,0.2509960117477003,1.298288714622089E-4
8930.0,0.9918004809448102,0.008199063451181038,4.55604008735996E-7
9201.0,0.020489630438172465,0.9430843598939654,0.03642600966786216
8663.0,0.2965531108109362,0.7028682793811923,5.786098078713697E-4
8388.0,0.18835116361854565,0.8022269839313496,0.009421852450104766
8302.0,0.00428701036176618,0.9931545027844572,0.002558486853776674
8573.0,7.792795121814865E-13,0.022416389350821984,0.9775836106483987
9051.0,0.9910393210262871,0.00896040488533958,2.740883732030044E-7
8776.0,0.7254632130677673,0.27446822613666677,6.856079556590391E-5
9250.0,0.9861441674323926,0.013854556673615256,1.2758939921009116E-6
9521.0,0.1111111111111111,0.2222222222222222,0.6666666666666666
8321.0,0.07866186473698467,0.9202935780301648,0.0010445572328504848
8594.0,0.45607477083015874,0.5425291616366215,0.0013960675332198877
9140.0,0.1555588859908145,0.8387340882535355,0.00570702575565001
8871.0,0.018915909970587147,0.9783156180220103,0.002768472007402573
8128.0,0.971167799771927,0.028831177924619224,1.0223034538462472E-6
9421.0,6.229231861126413E-6,0.9942840533591323,0.005709717409006537
9694.0,0.9978005222260936,0.0021994226945952163,5.507931113272932E-8
8624.0,7.951113754078869E-6,0.40022376293402506,0.5997682859522209
8355.0,0.9984272204088523,0.0015727474111642767,3.217998336213445E-8
8145.0,0.8874452454317536,0.11251466957569035,4.0084992556029064E-5
8837.0,0.033012712369238514,0.014622397951604348,0.9523648896791571
9110.0,0.7616482536456137,0.23784593712960564,5.058092247806998E-4
9724.0,0.6756558443264928,0.32430421121542835,3.99444580787813E-5
9455.0,0.9991769538285545,8.230431091434534E-4,3.0623020331276987E-9
8543.0,0.11126247695338355,0.8858738901105224,0.0028636329360941125
8268.0,0.19856324090931932,0.801390847449459,4.591164122170114E-5
8810.0,4.110722274939577E-4,0.9977889546948626,0.0017999730776434594
9081.0,0.17424606287786162,0.8212030842406223,0.004550852881516123
9766.0,0.8431162695870281,0.15682023916247573,6.349125049625258E-5
9491.0,0.8480201491409011,0.1519293198391208,5.0531019978091726E-5
9216.0,0.9606742717516574,0.03932393853752766,1.7897108147999185E-6
9170.0,2.76962074141294E-4,0.8262110358739547,0.173512002051904
8179.0,1.1625788403688706E-6,0.3299538635394121,0.6700449738817476
8897.0,2.26199846955993E-4,0.9906623037966972,0.00911149635634686
8423.0,0.8310809635211323,0.16891054249058582,8.493988281930115E-6
8692.0,0.37868492475133847,0.621238216220737,7.685902792453531E-5
9387.0,0.9911886702532249,0.008810813881176462,5.15865598678424E-7
9021.0,0.9998217441884437,1.782549471609903E-4,8.643952915818161E-10
8750.0,0.8086135549419055,0.19129529680098073,9.114825711381897E-5
8200.0,0.0012336775206359609,0.9856953948955222,0.013070927583841943
8475.0,0.0960684165430506,0.8981567206912511,0.005774862765698421
9559.0,0.9257128387440622,0.07426644158130526,2.0719674632519353E-5
8716.0,0.011840897885767167,0.8799885230715846,0.10817057904264817
8991.0,0.9886548983977644,0.011344078652822892,1.022949412644926E-6
8505.0,3.181172393410431E-5,0.4217885978048867,0.5781795904711792
8234.0,0.4571786289878234,0.5425846971674346,2.366738447419746E-4
9589.0,2.1162313529754846E-6,0.047156036305729676,0.9528418474629172
9318.0,0.9354616324215559,0.06453397479425291,4.392784191108065E-6
9792.0,0.6739222839498885,0.3257643918016705,3.133242484409327E-4
8931.0,0.013352135087685683,0.9770343276491806,0.009613537263133694
8162.0,1.3685910290444484E-4,0.7341069955421562,0.26575614535493924
9200.0,5.020377164613009E-7,0.9988391793563026,0.001160318605980878
8662.0,0.9849787673172982,0.015021084371068116,1.4831163366705738E-7
8389.0,6.856137412812113E-5,0.7232366594034487,0.2766947792224231
9626.0,0.8537296632345642,0.14626183804505816,8.498720377632474E-6
9693.0,0.13539495780693722,0.8633627698054132,0.001242272387649546
9422.0,0.9930841568172007,0.006915118484397859,7.246984013914426E-7
8593.0,0.9895573355335177,0.01044083524547608,1.8292210061478396E-6
8322.0,0.9783808495140821,0.02161882290338708,3.275825307818517E-7
8868.0,0.9970403387551925,0.002959556720582495,1.0452422506059643E-7
9143.0,0.04956800341414033,0.949038761365558,0.0013932352203016017
9735.0,0.40950972474389996,0.5893509349372614,0.0011393403188385126
9522.0,0.9612939891434096,0.03869275363027436,1.3257226316064392E-5
9249.0,5.7824486245322554E-9,6.248768436348572E-4,0.9993751173739165
8574.0,0.015923482232785606,0.9613924021355902,0.022684115631624268
8301.0,0.9969038382637678,0.003095963909788209,1.9782644391562592E-7
8118.0,0.004452585810307367,0.9896630640092835,0.005884350180409152
8779.0,0.84975059607255,0.15008425908724327,1.6514484020677768E-4
9048.0,0.9977060568620253,0.0022939135863744176,2.955160017668706E-8
9765.0,0.21723672341026048,0.7795704512021928,0.003192825387546812
9219.0,0.6580925147415766,0.34131548897231917,5.91996286104277E-4
8271.0,0.53796724263381,0.46070288431838896,0.0013298730478010243
8540.0,0.0038441339775749763,0.988921366955125,0.0072344990673000485
9082.0,3.525568258918492E-8,0.9777713123818084,0.02222865236250905
8103.0,0.5515861362605227,0.44796827358221,4.4559015726734324E-4
8809.0,0.0853921370835382,0.9137296999928931,8.781629235686543E-4
9452.0,0.7432048962311664,0.25613859069386186,6.56513074971648E-4
9727.0,0.1558656348037085,0.8436024476667255,5.319175295660029E-4
8352.0,0.9670229501892653,0.03297320206498527,3.847745749432205E-6
8627.0,0.041247237908175784,0.9329732383992143,0.025779523692609867
9109.0,3.3891524530389446E-4,0.984277536684409,0.015383548070287027
8838.0,0.975606420654436,0.024392725967186845,8.533783770859015E-7
9556.0,0.9258049522614106,0.07418373973055653,1.1308008032897041E-5
9287.0,0.9575408037383427,0.04244526129074533,1.3934970912005161E-5
8749.0,4.94451378206505E-4,0.9964931738050081,0.0030123748167854556
9022.0,0.6711537335568074,0.32857077822124,2.754882219526617E-4
8472.0,0.02445895385913065,0.9568002300230013,0.01874081611786814
8203.0,0.020217894064266072,0.9666094220482842,0.013172683887449797
9659.0,0.013010928179119778,0.9869655467144232,2.3525106456947393E-5
9384.0,0.05515361653837585,0.848058459658875,0.0967879238027492
8898.0,0.21881838074398247,0.6892778993435449,0.09190371991247263
9169.0,9.478391323993815E-6,0.5938034350252571,0.4061870865834189
8695.0,0.3659661951813879,0.6333661917714624,6.676130471497458E-4
8420.0,0.47536986730647735,0.5235303539542134,0.0010997787393093397
9354.0,0.001816408665164256,0.9892020152631574,0.008981576071678252
8928.0,0.9801403991674772,0.019848829341145468,1.0771491377326392E-5
8390.0,0.027436753247314153,0.9668779337358302,0.005685313016855686
8661.0,0.08324667362531221,0.9140872463711741,0.0026660800035137417
9317.0,1.0548860767325177E-4,0.874608312087947,0.12528619930437968
9590.0,0.8453809765364019,0.15457568427301355,4.3339190584706606E-5
9795.0,0.11647254575707154,0.324459234608985,0.5590682196339434
8988.0,0.8241481686965386,0.17574085769218645,1.1097361127501691E-4
8084.0,0.46910556818507126,0.5272607107514735,0.0036337210634551534
8719.0,0.5313281207862253,0.4683834544608619,2.884247529128968E-4
8233.0,0.01457229731697739,0.9756716683780511,0.009756034304971638
8506.0,0.7213566842468104,0.27822181338801394,4.215023651756418E-4
8592.0,0.021736519442642797,0.9735314252537167,0.0047320553036403635
8323.0,0.7144335264543118,0.2849468550733572,6.196184723310322E-4
8129.0,0.15729480335881305,0.8172057124182247,0.02549948422296229
8869.0,0.030489500099962243,0.9206291620301983,0.048881337869839475
9142.0,0.8183233344048674,0.1809769925571789,6.996730379536706E-4
9692.0,0.9768409327782658,0.02315869804261517,3.6917911917070224E-7
9423.0,0.04310140597635133,0.9557134020648995,0.001185191958749175
8575.0,0.9996057967671855,3.9420041632965726E-4,2.816484749397943E-9
8300.0,0.017633135438651776,0.7857485488998293,0.19661831566151897
8778.0,4.723084896110982E-5,0.9994462921695482,5.064769814907568E-4
9523.0,1.791600274721361E-5,0.9145944008604778,0.08538768313677496
9248.0,0.959103751107392,0.040873200814302,2.304807830601292E-5
8270.0,0.979844985230563,0.02014447702291317,1.05377465238363E-5
