9179.0,0.7328391238178853,0.2547376011862812,0.012423274995833553
8904.0,0.4876808496622855,0.48184859414473485,0.030470556192979555
8701.0,0.42106979204882433,0.5493934817418897,0.029536726209285807
9378.0,0.7237695119039325,0.25530369286300436,0.020926795233063247
9012.0,0.4253316569092809,0.5506887565824229,0.02397958650829632
8743.0,0.05325068949069453,0.8711898477488064,0.075559462760499
8193.0,0.5829951642647391,0.39349809909701977,0.023506736638241273
8466.0,0.06619977976725924,0.16186945973240607,0.7719307605003347
9293.0,0.7211047344981506,0.2639179764490552,0.014977289052794305
9566.0,0.7328391238178853,0.2547376011862812,0.012423274995833553
8081.0,0.02707112709609137,0.7503558701287036,0.22257300277520506
8709.0,0.3291496588343247,0.6405885013209603,0.03026183984471505
8982.0,5.888851242397497E-4,0.10374735607594245,0.8956637587998179
8496.0,0.7448313032241648,0.24067332655795892,0.014495370217876308
8227.0,0.032062405984457705,0.7985627544625287,0.1693748395530136
9596.0,0.011306694450089694,0.858355273979546,0.1303380315703644
9327.0,0.5795685648941366,0.3948376696173434,0.025593765488519955
9801.0,0.01877733156492626,0.7134302571392475,0.26779241129582637
8938.0,0.01263125231107234,0.719688213681631,0.26768053400729663
8671.0,0.011766759598910395,0.8845258543205111,0.10370738608057851
8396.0,0.6289404022248117,0.3466643060912618,0.024395291683926477
9619.0,0.08597899383958123,0.8816445179711381,0.032376488189280725
9344.0,0.4351937158339235,0.5251326522562962,0.03967363190978025
8295.0,0.4838657050663187,0.4472315747331105,0.0689027202005709
8564.0,0.09017883725976295,0.847027748372385,0.06279341436785207
9042.0,0.6738738693339577,0.3040513096996733,0.022074820966369115
8769.0,0.24219845554324965,0.6570867503268978,0.10071479412985271
8115.0,0.34500962276894603,0.6184218021396014,0.03656857509145264
9741.0,0.1888521309748226,0.7807505443535205,0.03039732467165695
9259.0,0.33799332098520096,0.6235321592916692,0.038474519723129895
9528.0,0.32418214410426477,0.6271617333938857,0.04865612250184955
8328.0,0.6842414595404093,0.2958895995333864,0.01986894092620444
8603.0,0.4308086462918375,0.5339937856819436,0.03519756802621891
9149.0,0.00617696408800296,0.8786215366809912,0.11520149923100596
8878.0,0.6948943015537808,0.2801753454264254,0.024930353019793832
9687.0,0.404529142049866,0.5594673592920858,0.03600349865804824
8633.0,0.3954298199662874,0.569214556103791,0.03535562392992161
8362.0,0.543736268450984,0.43498108002940694,0.02128265151960906
8844.0,0.4606701922089759,0.5019766194183067,0.03735318837271748
9119.0,0.7448313032241648,0.24067332655795892,0.014495370217876308
9446.0,0.478359900056873,0.4918409685450861,0.029799131398040853
8534.0,0.5883647962224589,0.38206526543063407,0.029569938346906903
8261.0,0.48550900586360635,0.4835489378033604,0.030942056333033263
8098.0,0.5184881336363023,0.45218204001415996,0.029329826349537857
8803.0,0.6948943015537808,0.2801753454264254,0.024930353019793832
9072.0,0.39093243246107884,0.4938263263009382,0.1152412412379829
9775.0,0.5759263160255109,0.3953521640391425,0.028721519935346596
9498.0,0.5883647962224589,0.38206526543063407,0.029569938346906903
9225.0,0.2311162791017608,0.7398007813451731,0.029082939553065963
9379.0,0.47818812476926426,0.48655065033435274,0.03526122489638312
9648.0,0.7448313032241648,0.24067332655795892,0.014495370217876308
9178.0,0.018475036030911177,0.8675394379586702,0.1139855260104188
8183.0,0.0011375712561193915,0.481533285264166,0.5173291434797146
8905.0,0.0011781663988923565,0.07957040413268031,0.9192514294684274
8431.0,0.047577002604309665,0.6086884796561427,0.3437345177395476
8700.0,0.4072202419075159,0.5632367227492976,0.029543035343186544
9292.0,0.1138470359230022,0.8661207068194785,0.020032257257519247
9567.0,0.016764824139262394,0.8258917230349582,0.15734345282577947
9013.0,0.3869356466163066,0.5880485304611087,0.025015822922584523
8742.0,0.07755346615712765,0.7085297632802612,0.21391677056261124
8192.0,0.7276724359792245,0.25663217905619634,0.01569538496457919
8467.0,0.15801806603277582,0.818080213323105,0.023901720644119107
9597.0,0.5061144572310321,0.4654773967651466,0.028408146003821452
9326.0,0.264628443035398,0.6809467279686912,0.05442482899591087
9800.0,0.00816372869418587,0.8974616857699271,0.09437458553588716
8708.0,0.6086311372464988,0.3701568981388868,0.0212119646146145
8983.0,0.4300991048920577,0.5415595819136163,0.02834131319432596
8497.0,0.016573520516649613,0.7099585995772655,0.2734678799060849
8226.0,0.2050223612100767,0.6739100453448795,0.1210675934450438
9618.0,0.7191972277006855,0.2651213045443092,0.01568146775500537
9345.0,0.0987512036273493,0.7296112564592792,0.17163753991337158
8166.0,0.004660173422130406,0.7011367794365911,0.2942030471412785
8939.0,0.7275960229619993,0.2543279883890295,0.018075988648971277
9208.0,0.5544911196859537,0.4229069798618086,0.022601900452237932
8670.0,0.3692120783540802,0.5853142555249213,0.04547366612099852
8397.0,0.616682578368001,0.3557452641330097,0.027572157498989155
9740.0,0.6908763542895815,0.29466601443342194,0.014457631276996636
9258.0,0.572821418066302,0.3989097055724033,0.028268876361294666
9529.0,0.6261151597062186,0.35581096516522676,0.0180738751285546
8294.0,0.5759263160255109,0.3953521640391425,0.028721519935346596
8565.0,2.9657019744022776E-4,0.0061766783217015835,0.9935267514808581
9043.0,0.404529142049866,0.5594673592920858,0.03600349865804824
8768.0,0.519433489522183,0.4520202841024496,0.028546226375367436
9413.0,0.0031580301847546205,0.6116924653403313,0.38514950447491414
9686.0,0.7067384758259577,0.271223808747655,0.022037715426387213
8329.0,0.35176974718679865,0.6218122452838466,0.026418007529354807
8602.0,0.15705168820126103,0.7868164521385513,0.056131859660187744
9148.0,0.7211047344981506,0.2639179764490552,0.014977289052794305
8879.0,0.0025125587566173536,0.1064098670162266,0.891077574227156
8132.0,0.5512758482494339,0.4155073359062926,0.03321681584427351
9716.0,0.010429194660507336,0.8496076372468523,0.13996316809264028
9447.0,0.6247708365773422,0.34815423623948233,0.027074927183175466
8632.0,0.24684027003784054,0.7337093763101609,0.019450353651998625
8363.0,0.49555080475918134,0.4836000031208606,0.020849192119958147
8149.0,0.20764017595546622,0.7688840249639595,0.02347579908057439
8845.0,0.5957539245858062,0.3829224178943816,0.02132365751981225
9118.0,0.11240965908459463,0.8648357691039417,0.02275457181146366
9774.0,0.03292784963123517,0.8414915210704911,0.12558062929827368
9499.0,0.09993968110309111,0.6527227947379997,0.2473375241589092
9224.0,0.5573039149991033,0.4152309058378649,0.02746517916303177
8535.0,0.7275960229619993,0.2543279883890295,0.018075988648971277
8260.0,0.18295313662136745,0.763235257386597,0.05381160599203557
8802.0,0.02946568282904345,0.8434963860520588,0.12703793111889763
9073.0,0.5287767204329713,0.4386580586098583,0.032565220957170314
8741.0,0.5024285892185466,0.46338847617591766,0.03418293460553569
9014.0,0.10173827766350146,0.8630196593650473,0.035242062971451264
8464.0,0.10469728126972076,0.8003792739320875,0.0949234447981917
8195.0,0.14170653111001674,0.8335176821771567,0.024775786712826535
9564.0,1.4449886647442912E-5,0.0024666794920592166,0.9975188706212934
9295.0,0.7328391238178853,0.2547376011862812,0.012423274995833553
8906.0,0.15327983007611182,0.7414081725588851,0.10531199736500313
9177.0,0.5796574064416741,0.3851208292806203,0.03522176427770554
8703.0,0.009080749304292072,0.8437424249446355,0.14717682575107247
8428.0,0.13196482555635294,0.846886463753618,0.021148710690029146
9651.0,0.7191972277006855,0.2651213045443092,0.01568146775500537
9376.0,0.2172340732442271,0.6989313594262914,0.08383456732948141
9211.0,0.5892377781239941,0.38300536816740594,0.027756853708599778
8936.0,0.2361720930197376,0.5185727847079143,0.24525512227234805
8398.0,7.347128344212607E-4,0.008808087676367158,0.9904571994892115
8669.0,0.5060460455343283,0.4723203072785709,0.02163364718710076
9346.0,0.7211047344981506,0.2639179764490552,0.014977289052794305
9617.0,0.02369562858964581,0.26315517253678017,0.713149198873574
8980.0,0.5227310259303634,0.44657029319673003,0.03069868087290665
8080.0,0.43967082343515795,0.4255288011113093,0.13480037545353263
8711.0,0.010197411458454248,0.8035558741103163,0.18624671443122945
8225.0,0.5227310259303634,0.44657029319673003,0.03069868087290665
8498.0,0.519433489522183,0.4520202841024496,0.028546226375367436
9325.0,0.4396435382233483,0.45211016025657347,0.10824630152007828
9598.0,0.7191972277006855,0.2651213045443092,0.01568146775500537
9803.0,0.3351971129697476,0.5955267811891379,0.06927610584111442
8601.0,0.7211047344981506,0.2639179764490552,0.014977289052794305
8330.0,0.02243362047798545,0.7868115899221737,0.19075478959984088
8876.0,0.478359900056873,0.4918409685450861,0.029799131398040853
9151.0,0.47973492465156536,0.4946490136768505,0.02561606167158411
9685.0,0.41246403728574765,0.5524181674601473,0.0351177952541051
9414.0,0.5569094762475512,0.4085720992448932,0.03451842450755572
8566.0,0.02617051521412474,0.8984180555381795,0.07541142924769567
8293.0,0.7438870785714169,0.2408000827100814,0.015312838718501838
8771.0,0.013445340598683027,0.43480487754178554,0.5517497818595315
8114.0,0.5783936690493722,0.39772848195290883,0.023877848997719095
9040.0,0.2833181131988428,0.6918886051952615,0.02479328160589564
9743.0,0.2167417245238948,0.6966910651504754,0.08656721032562961
9530.0,0.6948943015537808,0.2801753454264254,0.024930353019793832
8263.0,0.6948943015537808,0.2801753454264254,0.024930353019793832
8532.0,0.3693847013225038,0.6007222640112672,0.02989303466622897
9074.0,0.6908763542895815,0.29466601443342194,0.014457631276996636
8801.0,0.5355868134206936,0.4397727100386762,0.02464047654063027
8099.0,0.6279022301332711,0.3486345505179137,0.023463219348815324
9773.0,0.6279022301332711,0.3486345505179137,0.023463219348815324
9227.0,0.020009290774746204,0.8903813886980826,0.08960932052717108
9496.0,0.20292601214831646,0.763763266185739,0.0333107216659445
8360.0,0.523948442565048,0.45143767086334713,0.024613886571604716
8635.0,0.19034857354683957,0.7231918294875455,0.08645959696561512
9117.0,0.4834313104787669,0.48403549564512416,0.03253319387610895
8846.0,0.13250463906550747,0.8219970155592061,0.04549834537528634
9444.0,0.28742984974056557,0.598981782024932,0.11358836823450237
9719.0,0.24089487676847174,0.6316558880294527,0.12744923520207566
9565.0,0.38536216212418967,0.5782362451183842,0.03640159275742615
9294.0,0.6948943015537808,0.2801753454264254,0.024930353019793832
8740.0,0.255385933061764,0.4340317129758066,0.3105823539624294
8465.0,0.6075393043461589,0.363892732363963,0.028567963289878026
8194.0,0.4034608771422598,0.5613160665521744,0.0352230563055659
9650.0,0.5796574064416741,0.3851208292806203,0.03522176427770554
9377.0,0.13617149802910988,0.8451169554528173,0.01871154651807278
8182.0,0.6075706625013059,0.3700594102894938,0.022369927209200134
8907.0,0.45871846382232584,0.5085432382491835,0.032738297928490645
9176.0,0.39427968256837365,0.5737408434279275,0.0319794740036988
8702.0,0.7211047344981506,0.2639179764490552,0.014977289052794305
8429.0,0.6189254063682248,0.35742968687257376,0.023644906759201403
9347.0,0.17884271130768903,0.7682533925340396,0.05290389615827141
9616.0,0.4174083937160928,0.5028901410355828,0.07970146524832439
9210.0,0.18736669626817662,0.735358588218028,0.0772747155137954
8937.0,0.01982281387100694,0.8346554471776424,0.14552173895135076
8167.0,0.5796574064416741,0.3851208292806203,0.03522176427770554
8399.0,0.23008298104169342,0.7296582296069518,0.04025878935135474
8668.0,0.45707091839080005,0.5031322177583901,0.03979686385080994
9324.0,0.4089660564483298,0.558412577103348,0.032621366448322274
9599.0,0.1469284767774238,0.8140777117250709,0.03899381149750542
8981.0,0.3406139833344359,0.6214389106490812,0.03794710601648297
8710.0,0.38336614431300775,0.544468787798435,0.07216506788855725
8224.0,0.563376730192951,0.4014852699759687,0.03513799983108031
8499.0,0.2996286161141224,0.6633740753405772,0.036997308545300304
9684.0,0.3958248544382414,0.570207615595585,0.03396752996617358
9415.0,0.2783324194186204,0.6972621431726307,0.02440543740874891
8600.0,0.023843126112141358,0.7940430322611901,0.1821138416266686
8331.0,0.5381309581027166,0.43071657871938596,0.031152463177897355
8877.0,0.7438870785714169,0.2408000827100814,0.015312838718501838
8133.0,0.6948943015537808,0.2801753454264254,0.024930353019793832
9150.0,0.21315516888526548,0.7589121793357098,0.02793265177902477
9742.0,0.6247708365773422,0.34815423623948233,0.027074927183175466
9531.0,0.5287767204329713,0.4386580586098583,0.032565220957170314
9256.0,0.2537805408654538,0.7119314395789134,0.03428801955563282
8567.0,0.038215078876791556,0.780063950647063,0.1817209704761455
8292.0,0.544762071773437,0.43148273935902703,0.02375518886753585
8770.0,0.5796574064416741,0.3851208292806203,0.03522176427770554
9041.0,0.4496953047571827,0.5171854484346006,0.03311924680821674
9772.0,0.28059762629036017,0.6353804403474907,0.08402193336214908
9226.0,0.03376929944738229,0.8625457124921634,0.10368498806045426
9497.0,0.19334289074059682,0.6061801677986005,0.20047694146080272
8262.0,0.007071041344069402,0.8492475409503019,0.14368141770562876
8533.0,0.16996634930950008,0.7977304234013022,0.032303227289197774
9075.0,0.45020874048954956,0.5087322347445188,0.041059024765931644
8800.0,0.6086311372464988,0.3701568981388868,0.0212119646146145
9445.0,0.011254974844386461,0.8497899471616291,0.13895507799398446
9718.0,0.6139214280397941,0.3643356906629933,0.021742881297212448
8361.0,0.2838133705163109,0.656132009958463,0.06005461952522607
8634.0,0.7328391238178853,0.2547376011862812,0.012423274995833553
9116.0,0.6075393043461589,0.363892732363963,0.028567963289878026
8847.0,0.1262542457348156,0.8098161635959503,0.06392959066923408
8148.0,0.7211047344981506,0.2639179764490552,0.014977289052794305
8500.0,0.009277324346390685,0.5585980533292965,0.4321246223243128
8231.0,0.6908763542895815,0.29466601443342194,0.014457631276996636
8705.0,0.642467259817302,0.33870732707124956,0.018825413111448447
8083.0,0.6289404022248117,0.3466643060912618,0.024395291683926477
8978.0,0.42481911250361615,0.5382018876078943,0.03697899988848952
9805.0,0.4751991297764758,0.48675647490652885,0.03804439531699527
9592.0,0.5978777765749896,0.36709089000434214,0.03503133342066828
9323.0,0.6974102028127894,0.27833282260549463,0.02425697458171604
8667.0,0.572821418066302,0.3989097055724033,0.028268876361294666
8392.0,0.5320425101275129,0.43681532067496204,0.0311421691975249
8942.0,0.018270401527208543,0.8219892268737496,0.15974037159904184
9213.0,0.39262453647551954,0.5562554717586066,0.05111999176587386
9623.0,0.6842414595404093,0.2958895995333864,0.01986894092620444
9348.0,0.4351937158339235,0.5251326522562962,0.03967363190978025
8426.0,0.17697993612953358,0.7831389590106349,0.03988110485983156
8697.0,0.4344654300902266,0.535563782637217,0.029970787272556403
9183.0,0.4796566750950681,0.4871836933134685,0.03315963159146357
8908.0,0.7438870785714169,0.2408000827100814,0.015312838718501838
9653.0,0.5796574064416741,0.3851208292806203,0.03522176427770554
8197.0,0.018609311558694403,0.6998460345864475,0.28154465385485805
8470.0,0.4461282584684548,0.5153490356124172,0.03852270591912799
9008.0,0.14736832245614767,0.8302254378580861,0.022406239685766167
8739.0,0.7328391238178853,0.2547376011862812,0.012423274995833553
9289.0,0.616682578368001,0.3557452641330097,0.027572157498989155
9562.0,0.6086311372464988,0.3701568981388868,0.0212119646146145
8840.0,0.4921160668018283,0.47809740043163446,0.02978653276653717
9115.0,0.19051647680931974,0.7546034040764442,0.05488011911423604
8637.0,0.052933521975498984,0.7986650845904367,0.14840139343406428
8366.0,0.2089671153018166,0.7672354839680927,0.02379740073009077
9442.0,0.37323801285492486,0.5896603439836838,0.03710164316139123
8807.0,0.13580280095524627,0.8378046927293439,0.02639250631540978
8096.0,0.14608157329819732,0.7793797042122429,0.0745387224895599
9076.0,0.012699764009022533,0.8618431009434797,0.12545713504749761
8530.0,0.01631723637531376,0.856512211545318,0.1271705520793684
8257.0,0.00843056127159012,0.39459910335751547,0.5969703353708944
9502.0,0.3029383988033516,0.6542341358095897,0.04282746538705879
9229.0,0.251105763557293,0.714144319742955,0.03474991669975203
9771.0,0.6842414595404093,0.2958895995333864,0.01986894092620444
9046.0,0.1616352947696084,0.7777018330102364,0.06066287222015503
8773.0,0.45020874048954956,0.5087322347445188,0.041059024765931644
8113.0,0.7142282807005778,0.2674592063949676,0.01831251290445455
8291.0,0.016755865147899954,0.8353637068903683,0.1478804279617318
8560.0,0.3699308519529972,0.5902952663821293,0.039773881664873646
9263.0,0.08508503478875477,0.802947102447333,0.11196786276391223
9532.0,0.5007362059944682,0.47131158667737955,0.027952207328152366
9737.0,0.020119280443731076,0.8172007922761293,0.16267992728013977
9145.0,0.23332280158537527,0.7387469829051475,0.02793021550947716
8874.0,0.2921661235072481,0.6777253466821315,0.0301085298106203
8332.0,0.7276724359792245,0.25663217905619634,0.01569538496457919
8607.0,0.09901143681371054,0.7267501036947543,0.17423845949153519
9408.0,0.3189252760643765,0.6531193214354342,0.02795540250018936
9683.0,0.5995959793686124,0.3741649388279924,0.026239081803395136
9593.0,0.540553914609872,0.42743617961033575,0.03200990577979237
9322.0,0.05704354812224247,0.8659692695111221,0.07698718236663547
8501.0,0.49247916158677696,0.46442017644000116,0.04310066197322179
8230.0,0.4829930589238815,0.4919575656451398,0.025049375430978654
8704.0,0.5007362059944682,0.47131158667737955,0.027952207328152366
8979.0,0.008806338672752488,0.2917220677276027,0.699471593599645
9622.0,0.11858401574364041,0.8177802076447632,0.06363577661159639
9349.0,0.5112101386367038,0.45502753088164777,0.03376233048164837
8666.0,0.6974102028127894,0.27833282260549463,0.02425697458171604
8393.0,0.6066369266689372,0.3665813218385311,0.026781751492531706
8164.0,0.42208705128964635,0.5487659427690158,0.02914700594133783
8943.0,0.18302031271485422,0.6714326182916969,0.14554706899344874
9212.0,0.4999250759557017,0.4649134962394586,0.0351614278048397
9383.0,0.43572468098975053,0.5286130255794027,0.0356622934308468
9652.0,0.5938919127215467,0.38095761558988883,0.02515047168856447
8427.0,0.6250934154531469,0.3499895798824814,0.02491700466437157
8696.0,0.615989355047135,0.36070734558562767,0.02330329936723739
9182.0,0.46901844844040236,0.502418066558373,0.028563485001224773
8909.0,0.25964891422220676,0.7041993608351897,0.03615172494260363
8181.0,0.27205601865983337,0.6235800034612945,0.10436397787887211
9288.0,0.12942994852773199,0.7978428271122402,0.07272722436002775
9563.0,0.02325631039495236,0.8213088158390494,0.1554348737659983
8196.0,0.034729346901299675,0.8445147088070102,0.12075594429169012
8471.0,0.5783936690493722,0.39772848195290883,0.023877848997719095
9009.0,0.6403060600950425,0.3383205620144015,0.021373377890556006
8738.0,0.6736010802310507,0.30110754943584583,0.02529137033310343
9712.0,0.03336473083876124,0.7960303840074002,0.17060488515383837
9443.0,0.4862993853959683,0.47864053732889633,0.035060077275135514
8151.0,0.35176974718679865,0.6218122452838466,0.026418007529354807
8841.0,0.514925358177472,0.4533189544779332,0.03175568734459483
9114.0,0.6722320717814657,0.3090041712006647,0.018763757017869507
8636.0,0.17330607604474327,0.7962872511675616,0.03040667278769507
8367.0,0.06386304597599883,0.8027907248132669,0.13334622921073425
9503.0,0.7275960229619993,0.2543279883890295,0.018075988648971277
9228.0,0.7275960229619993,0.2543279883890295,0.018075988648971277
9770.0,0.1124352789551012,0.3355430063496492,0.5520217146952495
8806.0,0.06593586260930867,0.8862677591332445,0.047796378257446745
9077.0,0.1268046028515295,0.7617993406160091,0.11139605653246157
8531.0,0.2355348654688154,0.7347178405784931,0.029747293952691403
8256.0,0.22352730050296224,0.7521062167402947,0.02436648275674314
9262.0,0.04327347299014857,0.780681654528968,0.1760448724808836
9533.0,0.03566396677109863,0.8022505504785424,0.16208548275035897
9736.0,0.6722320717814657,0.3090041712006647,0.018763757017869507
9047.0,0.07973028299208251,0.7782765851559945,0.1419931318519229
8772.0,0.03756055536246302,0.8459670932792541,0.11647235135828281
8290.0,0.7438870785714169,0.2408000827100814,0.015312838718501838
8561.0,0.07717489284130415,0.7830483201803878,0.13977678697830806
9409.0,0.04413386601912399,0.7352532955047978,0.2206128384760781
9682.0,0.5433977803724716,0.42042064821274244,0.03618157141478611
9144.0,0.7448313032241648,0.24067332655795892,0.014495370217876308
8875.0,0.09305955985710349,0.7553225608219356,0.15161787932096088
8134.0,0.017629017665772097,0.8250412399845232,0.15732974234970473
8333.0,0.25296031695515636,0.6278502625819284,0.11918942046291527
8606.0,0.368601110239525,0.5969701647354139,0.034428725025061176
8394.0,0.7448313032241648,0.24067332655795892,0.014495370217876308
8665.0,0.33406425066455486,0.637302664420243,0.02863308491520211
9215.0,0.7448313032241648,0.24067332655795892,0.014495370217876308
8940.0,0.3556729933279857,0.5064781320370877,0.1378488746349266
9350.0,0.5648492005971406,0.40997401392846616,0.025176785474393306
9621.0,0.4999250759557017,0.4649134962394586,0.0351614278048397
8229.0,0.7448313032241648,0.24067332655795892,0.014495370217876308
8502.0,0.03371254814322869,0.7884651091882382,0.177822342668533
8976.0,0.3222705849566811,0.6433598063487999,0.03436960869451915
8082.0,0.10424220217528253,0.8816396572069467,0.0141181406177709
8707.0,0.11245933679609697,0.6824660268877109,0.20507463631619205
9807.0,0.0620999464804062,0.7486742851562022,0.18922576836339172
9321.0,0.47263717652550924,0.49627819776693305,0.031084625707557732
9594.0,0.01561497735993527,0.8255929826300843,0.15879204000998048
8468.0,0.49555080475918134,0.4836000031208606,0.020849192119958147
8199.0,0.020216754262272086,0.8359564971241163,0.14382674861361153
8737.0,0.3421871443768168,0.6174123889786703,0.04040046664451286
9010.0,0.008856181170276803,0.7191094685399606,0.27203435028976247
9560.0,0.11455149382720597,0.8422385556437563,0.04320995052903791
9291.0,0.26465268222717725,0.7019078400242038,0.03343947774861894
8699.0,0.33799332098520096,0.6235321592916692,0.038474519723129895
8424.0,0.3562410036906502,0.6058522321344342,0.037906764174915605
8910.0,0.7275960229619993,0.2543279883890295,0.018075988648971277
9181.0,0.563376730192951,0.4014852699759687,0.03513799983108031
9380.0,0.5519012739979063,0.4210406074141013,0.027058118587992414
9078.0,0.14876185660570385,0.8200097396082969,0.03122840378599918
8805.0,0.47973492465156536,0.4946490136768505,0.02561606167158411
8097.0,0.25962344580926633,0.7142705721712116,0.026105982019522005
8259.0,0.5099344818661133,0.4612266993719862,0.02883881876190052
8528.0,0.3907662361982212,0.5833587118423923,0.025875051959386358
9231.0,0.47973492465156536,0.4946490136768505,0.02561606167158411
9500.0,0.6188587655326052,0.358360979606678,0.022780254860716682
9769.0,0.6075393043461589,0.363892732363963,0.028567963289878026
8842.0,0.6948943015537808,0.2801753454264254,0.024930353019793832
8364.0,0.010665629648895373,0.7076570119300489,0.2816773584210556
8639.0,0.3512618555560961,0.6106097389432655,0.0381284055006383
9440.0,0.08741074954366719,0.8897013766752538,0.022887873781078875
9715.0,0.1229678946074034,0.7802520951847043,0.09678001020789229
8872.0,0.014228738687227214,0.8260873858284453,0.1596838754843274
9147.0,0.6948943015537808,0.2801753454264254,0.024930353019793832
8605.0,0.048231423054021644,0.8084189129379982,0.1433496640079801
8334.0,0.6255950936841773,0.3528022013807992,0.021602704935023503
9681.0,0.0493931094996657,0.7522265752755686,0.1983803152247658
8775.0,0.7305800876357537,0.2504142750894459,0.01900563727480034
8112.0,0.25964891422220676,0.7041993608351897,0.03615172494260363
8562.0,0.11451489649574223,0.8050613470105613,0.08042375649369629
8289.0,0.34500962276894603,0.6184218021396014,0.03656857509145264
9534.0,0.6948943015537808,0.2801753454264254,0.024930353019793832
9261.0,0.563376730192951,0.4014852699759687,0.03513799983108031
9739.0,0.004224130404578912,0.789829202282524,0.205946667312897
9351.0,0.6554707949386258,0.32167446615111717,0.022854738910257032
9620.0,0.07313786119027126,0.8706904722328317,0.05617166657689718
8395.0,0.7191972277006855,0.2651213045443092,0.01568146775500537
8664.0,0.5756189191077098,0.37082294800404925,0.05355813288824102
9214.0,0.018619356325265863,0.8190522603315981,0.1623283833431361
8941.0,0.23652117948535073,0.7350418917189627,0.028436928795686517
8165.0,0.4879322970944386,0.4790864151755706,0.0329812877299909
9806.0,0.14206629249643393,0.8055973903242013,0.052336317179364884
9320.0,0.7328391238178853,0.2547376011862812,0.012423274995833553
9595.0,0.5014167500257731,0.4738345147180795,0.024748735256147292
8228.0,0.3317081465298116,0.6426321947482193,0.02565965872196907
8503.0,0.2970401677636417,0.6693310509683602,0.03362878126799811
8977.0,0.616682578368001,0.3557452641330097,0.027572157498989155
9290.0,0.47973492465156536,0.4946490136768505,0.02561606167158411
8469.0,0.079520257005421,0.6868226642697511,0.23365707872482783
8198.0,0.5783936690493722,0.39772848195290883,0.023877848997719095
8736.0,0.5416535374067841,0.43213491463200165,0.02621154796121425
9011.0,0.5381309581027166,0.43071657871938596,0.031152463177897355
9654.0,0.29499074035362755,0.5233828668489623,0.18162639279741016
8698.0,0.03220629246491292,0.8101259620562531,0.15766774547883391
8425.0,0.7211047344981506,0.2639179764490552,0.014977289052794305
8180.0,0.32700913739372617,0.6464929669226254,0.02649789568364851
8911.0,0.049070987052626316,0.91045536792493,0.040473645022443695
9180.0,0.6908763542895815,0.29466601443342194,0.014457631276996636
9230.0,0.6742790626144933,0.3027578421326149,0.022963095252891728
9501.0,0.5355868134206936,0.4397727100386762,0.02464047654063027
9768.0,0.06808357128258992,0.9141654252622471,0.01775100345516313
9079.0,0.25964891422220676,0.7041993608351897,0.03615172494260363
8804.0,0.7211047344981506,0.2639179764490552,0.014977289052794305
8258.0,0.6154925262310411,0.3682054007909352,0.016302072978023722
8529.0,0.28809202864100814,0.6826530907257267,0.02925488063326533
9441.0,0.6272031088544436,0.35363291058764573,0.019163980557910514
9112.0,0.4497470250447666,0.510652182989613,0.03960079196562036
8150.0,0.5060460455343283,0.4723203072785709,0.02163364718710076
8843.0,0.39427968256837365,0.5737408434279275,0.0319794740036988
8365.0,0.6554707949386258,0.32167446615111717,0.022854738910257032
8638.0,0.59558470947098,0.37654553832808535,0.027869752200934666
9680.0,0.5569094762475512,0.4085720992448932,0.03451842450755572
9411.0,0.5569094762475512,0.4085720992448932,0.03451842450755572
8135.0,0.48663966149610827,0.47764034920839515,0.03571998929549659
8873.0,0.7275960229619993,0.2543279883890295,0.018075988648971277
9146.0,0.2719693449120852,0.7001620790464259,0.027868576041488846
8604.0,0.03801383088347353,0.23279645420276598,0.7291897149137606
8335.0,0.4634898185339097,0.5060327263284329,0.030477455137657386
9535.0,0.45254903253747913,0.5177423230138966,0.029708644448624377
9260.0,0.14343361489516437,0.8274684625407771,0.029097922564058434
9738.0,0.5759263160255109,0.3953521640391425,0.028721519935346596
8774.0,0.3998461657978079,0.5360951335885258,0.06405870061366631
9045.0,0.5530297063495533,0.42713220505156413,0.019838088598882638
8563.0,0.16909003181931778,0.8066294694831311,0.024280498697551167
8288.0,0.6190844885534845,0.35819021050621547,0.022725300940300053
9733.0,0.470151182416711,0.4996179384699272,0.030230879113361694
9251.0,0.028751530534470104,0.852424711538857,0.1188237579266728
9520.0,0.43895887023764246,0.5271505423174272,0.033890587444930315
8303.0,0.6738738693339577,0.3040513096996733,0.022074820966369115
8572.0,0.22273279426169243,0.7500175254890309,0.027249680249276795
9050.0,0.4834313104787669,0.48403549564512416,0.03253319387610895
8777.0,0.7191972277006855,0.2651213045443092,0.01568146775500537
8119.0,0.04240351007474241,0.40339659739969463,0.554199892525563
9420.0,0.6908763542895815,0.29466601443342194,0.014457631276996636
9695.0,0.25802951599086976,0.7046949315188266,0.03727555249030366
8320.0,0.6096238563430929,0.3633500220644954,0.027026121592411655
8595.0,0.21591562229779107,0.7427055533596413,0.04137882434256761
9141.0,0.7211047344981506,0.2639179764490552,0.014977289052794305
8870.0,0.05786441179704668,0.7729547607190813,0.16918082748387195
9725.0,0.563376730192951,0.4014852699759687,0.03513799983108031
9454.0,0.053200088607918646,0.7636123394571837,0.18318757193489765
8625.0,0.2765007941494879,0.6899031526809799,0.033596053169532285
8354.0,0.3313993642733277,0.5145643856381212,0.15403625008855115
8836.0,0.7142282807005778,0.2674592063949676,0.01831251290445455
9111.0,0.0149607406485249,0.8327079812964737,0.15233127805500146
9767.0,0.7142282807005778,0.2674592063949676,0.01831251290445455
9490.0,0.10109443105787234,0.8590824996759355,0.039823069266192064
9217.0,0.00487037473637283,0.6468700175258257,0.34825960773780146
8542.0,0.05188575233882739,0.7514532558014471,0.1966609918597256
8269.0,0.5007362059944682,0.47131158667737955,0.027952207328152366
8811.0,0.7191972277006855,0.2651213045443092,0.01568146775500537
8102.0,0.24026793959825585,0.7241372837591509,0.03559477664259313
9080.0,0.15877679011823523,0.8152798323914141,0.025943377490350614
9386.0,0.004959902534681768,0.7815550968788489,0.21348500058646935
9657.0,0.6075393043461589,0.363892732363963,0.028567963289878026
9171.0,0.47263717652550924,0.49627819776693305,0.031084625707557732
8896.0,0.0026384849193380904,0.7519492010751414,0.2454123140055206
8693.0,0.21897708849032474,0.7176867798986357,0.06333613161103947
9285.0,0.07354133044669733,0.7797142660856161,0.14674440346768658
9558.0,0.5099344818661133,0.4612266993719862,0.02883881876190052
9020.0,0.0604802396937213,0.7577482381713413,0.18177152213493752
8751.0,0.3272850589420034,0.6181824549413399,0.05453248611665648
8201.0,0.3768420197469725,0.5816563136448126,0.04150166660821481
8474.0,0.519433489522183,0.4520202841024496,0.028546226375367436
9588.0,0.030147022725017313,0.7776642850364965,0.1921886922384861
9319.0,0.008106424892079455,0.4268616405735053,0.5650319345344152
9793.0,0.3396773162137575,0.6341381926871437,0.02618449109909887
8085.0,0.4142461616456107,0.5489051238810141,0.03684871447337522
8717.0,0.6189903013149829,0.3592156293178515,0.021794069367165686
8990.0,0.6255950936841773,0.3528022013807992,0.021602704935023503
8504.0,0.4712351016891378,0.49501812853396404,0.033746769776898326
8235.0,0.3064807657367108,0.654062360265039,0.03945687399825029
9627.0,0.04678432016295858,0.8223232412033554,0.13089243863368605
9352.0,0.3358735784108984,0.6400939634844786,0.024032458104622977
8930.0,0.5783936690493722,0.39772848195290883,0.023877848997719095
9201.0,0.0032288190168246406,0.8456967325413342,0.15107444844184106
8663.0,0.3762066052906622,0.5897125819357677,0.034080812773570085
8388.0,0.6974102028127894,0.27833282260549463,0.02425697458171604
8302.0,0.6736010802310507,0.30110754943584583,0.02529137033310343
8573.0,0.015309007923985285,0.7669364832565527,0.21775450881946207
9051.0,0.6075706625013059,0.3700594102894938,0.022369927209200134
8776.0,0.5061144572310321,0.4654773967651466,0.028408146003821452
9250.0,0.3413333077244334,0.6316260282454822,0.027040664030084437
9521.0,0.08920500834298516,0.7896553567873659,0.12113963486964895
8321.0,0.39832536516374284,0.567551128029737,0.03412350680652014
8594.0,0.43895887023764246,0.5271505423174272,0.033890587444930315
9140.0,0.05469234007204054,0.8837526189231484,0.061555041004811156
8871.0,0.47591116352339935,0.49148817657772215,0.032600659898878434
8128.0,0.23028779789825005,0.7274989192016824,0.04221328290006753
9421.0,0.029586921474251696,0.8109899707026335,0.15942310782311472
9694.0,0.7211047344981506,0.2639179764490552,0.014977289052794305
8624.0,0.09965060168354078,0.8764324436104305,0.023916954706028688
8355.0,0.4177781305200383,0.5549457499211817,0.027276119558780024
8145.0,0.28284151134432156,0.6831001067326486,0.03405838192302972
8837.0,0.008486341821483567,0.8482904367595258,0.14322322141899066
9110.0,0.4834313104787669,0.48403549564512416,0.03253319387610895
9724.0,0.35308138352081253,0.6008387612084651,0.0460798552707223
9455.0,0.6403060600950425,0.3383205620144015,0.021373377890556006
8543.0,0.4634898185339097,0.5060327263284329,0.030477455137657386
8268.0,0.7275960229619993,0.2543279883890295,0.018075988648971277
8810.0,0.7191972277006855,0.2651213045443092,0.01568146775500537
9081.0,0.5783936690493722,0.39772848195290883,0.023877848997719095
9766.0,0.5530297063495533,0.42713220505156413,0.019838088598882638
9491.0,0.6554707949386258,0.32167446615111717,0.022854738910257032
9216.0,0.4370782808866656,0.5401695981143774,0.022752120998957046
9170.0,0.3642816893933193,0.5745039662742126,0.061214344332468154
8179.0,0.007359527158391275,0.7881651798581223,0.2044752929834864
8897.0,0.09572048187869353,0.8326992698896322,0.07158024823167425
8423.0,0.5783936690493722,0.39772848195290883,0.023877848997719095
8692.0,0.7191972277006855,0.2651213045443092,0.01568146775500537
9387.0,0.6420075216713259,0.3407352447084013,0.017257233620272764
9021.0,0.7448313032241648,0.24067332655795892,0.014495370217876308
8750.0,0.39343776945871034,0.5639977292964633,0.04256450124482634
8200.0,0.13111927251887995,0.8043736703434684,0.06450705713765169
8475.0,0.11455149382720597,0.8422385556437563,0.04320995052903791
9559.0,0.49555080475918134,0.4836000031208606,0.020849192119958147
8716.0,0.010603691275249332,0.7990717372330404,0.1903245714917104
8991.0,0.5796574064416741,0.3851208292806203,0.03522176427770554
8505.0,0.26681649261022644,0.7003599496303471,0.032823557759426455
8234.0,0.33406425066455486,0.637302664420243,0.02863308491520211
9589.0,0.10018452360795575,0.4487850149925173,0.451030461399527
9318.0,0.5796574064416741,0.3851208292806203,0.03522176427770554
9792.0,0.1432498777514119,0.8292899816904415,0.027460140558146526
8931.0,0.0251173758422791,0.8139371342430313,0.16094548991468954
8162.0,0.33949044376899135,0.6125652553287262,0.047944300902282445
9200.0,0.01618292658002293,0.804082845366706,0.17973422805327102
8662.0,0.6908763542895815,0.29466601443342194,0.014457631276996636
8389.0,0.2919392177586731,0.5799946295716191,0.12806615266970794
9626.0,0.22692286766191008,0.6168218372914352,0.15625529504665464
9693.0,0.539378785872677,0.44156408473896436,0.019057129388358504
9422.0,0.7275960229619993,0.2543279883890295,0.018075988648971277
8593.0,0.4488646725204717,0.5214444705675696,0.029690856911958635
8322.0,0.7448313032241648,0.24067332655795892,0.014495370217876308
8868.0,0.6147619387697264,0.3631413235465251,0.022096737683748525
9143.0,0.4300991048920577,0.5415595819136163,0.02834131319432596
9735.0,0.23837096511595693,0.7321552454798484,0.02947378940419455
9522.0,0.6247708365773422,0.34815423623948233,0.027074927183175466
9249.0,0.02011040514531138,0.10384401663689087,0.8760455782177977
8574.0,0.16102693474523305,0.7825230575626216,0.05645000769214548
8301.0,0.7172397984904221,0.26467257908306596,0.018087622426511983
8118.0,0.15348513954253806,0.7715331046891818,0.07498175576828028
8779.0,0.34802579294920266,0.6143763820260085,0.03759782502478875
9048.0,0.5060460455343283,0.4723203072785709,0.02163364718710076
9765.0,0.6261151597062186,0.35581096516522676,0.0180738751285546
9219.0,0.27839609560381423,0.6486382549685332,0.07296564942765259
8271.0,0.20164392040597798,0.7499547513359605,0.04840132825806153
8540.0,0.01407856038455545,0.838985448516383,0.14693599109906164
9082.0,0.012966045143669573,0.8542062292796915,0.13282772557663877
8103.0,0.17971767447705522,0.7463296030284484,0.07395272249449647
8809.0,0.23370336066138428,0.7232950524607136,0.04300158687790228
9452.0,0.5002411528792312,0.4613403025197144,0.038418544601054316
9727.0,0.5080142686951922,0.45895589565100253,0.03302983565380512
8352.0,0.478359900056873,0.4918409685450861,0.029799131398040853
8627.0,0.03052839777377155,0.7903807871754398,0.1790908150507887
9109.0,0.10380607573856312,0.7567881140377978,0.13940581022363913
8838.0,0.5530297063495533,0.42713220505156413,0.019838088598882638
9556.0,0.2901921315044219,0.6839054238719793,0.025902444623598742
9287.0,0.543736268450984,0.43498108002940694,0.02128265151960906
8749.0,0.15252587322112593,0.7824310460254138,0.06504308075346023
9022.0,0.5454384115447839,0.42249926917693964,0.03206231927827646
8472.0,0.04035692114186123,0.844024672105315,0.11561840675282375
8203.0,0.7211047344981506,0.2639179764490552,0.014977289052794305
9659.0,0.6738738693339577,0.3040513096996733,0.022074820966369115
9384.0,0.07563749507614725,0.534237193202762,0.39012531172109066
8898.0,0.0415993426486558,0.8159649286732545,0.14243572867808948
9169.0,0.1606941166383447,0.7409117496657058,0.09839413369594961
8695.0,0.3894520093914583,0.5691342946819926,0.041413695926549074
8420.0,0.29895895733753797,0.6699685178699397,0.031072524792522167
9354.0,0.21796110708480737,0.7483105030859438,0.0337283898292488
8928.0,0.6377192768189782,0.33608325268622924,0.02619747049479254
8390.0,0.03077010689243792,0.8311953740389845,0.1380345190685777
8661.0,0.47263717652550924,0.49627819776693305,0.031084625707557732
9317.0,0.12289466292877278,0.8001379092574172,0.07696742781381005
9590.0,0.41246403728574765,0.5524181674601473,0.0351177952541051
9795.0,0.3538278208559938,0.6195392148050413,0.026632964338964973
8988.0,0.5796574064416741,0.3851208292806203,0.03522176427770554
8084.0,0.3225590058574042,0.6481933809659547,0.029247613176641016
8719.0,0.39427968256837365,0.5737408434279275,0.0319794740036988
8233.0,0.11751734005215811,0.8321238197374554,0.050358840210386474
8506.0,0.2974106260733761,0.647060071571128,0.055529302355495816
8592.0,0.5796574064416741,0.3851208292806203,0.03522176427770554
8323.0,0.20755161321464888,0.7625742183215847,0.029874168463766483
8129.0,0.3454089841921003,0.6112100771735461,0.043380938634353466
8869.0,0.2105919326710906,0.7541891231826187,0.035218944146290745
9142.0,0.4223457942455032,0.544679167244207,0.032975038510289906
9692.0,0.6908763542895815,0.29466601443342194,0.014457631276996636
9423.0,0.6261151597062186,0.35581096516522676,0.0180738751285546
8575.0,0.7438870785714169,0.2408000827100814,0.015312838718501838
8300.0,0.003344593949324453,0.2425067763634057,0.7541486296872698
8778.0,0.06548667442589298,0.7150143819017222,0.21949894367238482
9523.0,0.08319036797429767,0.8261456416541274,0.09066399037157488
9248.0,0.43294581784673986,0.5378974991519248,0.029156683001335438
8270.0,0.6420075216713259,0.3407352447084013,0.017257233620272764
8541.0,0.7211047344981506,0.2639179764490552,0.014977289052794305
9083.0,0.5796485193768137,0.3913764795469839,0.02897500107620251
8808.0,0.7448313032241648,0.24067332655795892,0.014495370217876308
9764.0,0.4180474182159889,0.5428500390567095,0.03910254272730162
9218.0,0.014729116102038513,0.7035345029399633,0.28173638095799824
9489.0,0.5938919127215467,0.38095761558988883,0.02515047168856447
8353.0,0.35777572294514864,0.6051277703105352,0.03709650674431626
8626.0,0.5157619488157574,0.3619875036341515,0.12225054755009103
8839.0,0.47346694414469986,0.5008926370928012,0.025640418762498847
8144.0,0.6722320717814657,0.3090041712006647,0.018763757017869507
9453.0,0.3943889542643255,0.538449751696832,0.06716129403884247
9726.0,0.09812664200497669,0.7039393649854248,0.1979339930095985
8748.0,0.5519012739979063,0.4210406074141013,0.027058118587992414
