9179.0,0.702786794919264,0.29337593728143535,0.0038372677993006427
8904.0,0.662735162748588,0.3327075183011201,0.004557318950291952
8701.0,0.02970241789027437,0.9677996541316577,0.0024979279780679934
9378.0,0.023458988553265305,0.9597278884359004,0.016813123010834267
9012.0,0.7658548810409772,0.2314621659397359,0.002682953019286829
8743.0,0.020897579777671867,0.640037666293358,0.33906475392897023
8193.0,0.6200518050652298,0.37451494801825,0.005433246916520026
8466.0,0.010310317646808545,0.6075314219902572,0.38215826036293427
9293.0,0.6412110660242913,0.3522016638389074,0.006587270136801202
9566.0,0.702786794919264,0.29337593728143535,0.0038372677993006427
8081.0,0.6159559453719431,0.37957130603627276,0.004472748591784265
8709.0,0.5972440265452891,0.39755770554958525,0.0051982679051256085
8982.0,0.02089763273541705,0.6400380742091206,0.3390642930554624
8496.0,0.016876726185536064,0.9802997333457989,0.002823540468664905
8227.0,0.02043593929291261,0.9640939859224349,0.015470074784652522
9596.0,0.01987283899818769,0.9760500045381688,0.004077156463643522
9327.0,0.6312572892063468,0.36349144737254524,0.005251263421107942
9801.0,0.025873209224922263,0.621478931668764,0.3526478591063137
8938.0,0.03233404010141493,0.705849218109926,0.26181674178865916
8671.0,0.025057746463585506,0.9653429972614104,0.009599256275004034
8396.0,0.7027865794816104,0.293376150987918,0.0038372695304715637
9619.0,0.024688772650350008,0.9726057334938509,0.002705493855799059
9344.0,0.5218024378948344,0.46396625624830473,0.014231305856860874
8295.0,0.027839386802403058,0.7285579914355175,0.24360262176207953
8564.0,0.04443110000674169,0.6577673515690095,0.2978015484242489
9042.0,0.023458988553256437,0.959727888435879,0.01681312301086467
8769.0,0.02122734251420571,0.750248120381646,0.22852453710414825
8115.0,0.7176755145370977,0.2784389112585723,0.003885574204330165
9741.0,0.035392489742239054,0.6818713461001279,0.2827361641576331
9259.0,0.02970241789027437,0.9677996541316577,0.0024979279780679934
9528.0,0.027839561387848176,0.7285592192786298,0.24360121933352216
8328.0,0.7176755145368793,0.2784389112587871,0.0038855742043335324
8603.0,0.011885556947295293,0.9835924351268412,0.0045220079258633744
9149.0,0.023460349854338772,0.9416284520296544,0.034911198116006785
8878.0,0.5951722347242508,0.39579670380727616,0.009031061468472946
9687.0,0.03539248970550235,0.6818713460538183,0.2827361642406794
8633.0,0.6159560055715451,0.37957124623543226,0.004472748193022676
8362.0,0.02802972526448621,0.966321012306745,0.005649262428768867
8844.0,0.6159559459273272,0.37957130548456747,0.004472748588105406
9119.0,0.016876726185536064,0.9802997333457989,0.002823540468664905
9446.0,0.6790527981012922,0.3182862946232306,0.002660907275477307
8534.0,0.5423590746525224,0.4504462788832463,0.007194646464231251
8261.0,0.02794111660426205,0.9692013335153371,0.002857549880400795
8098.0,0.5972440265452891,0.39755770554958525,0.0051982679051256085
8803.0,0.7691845386522811,0.22962816268398323,0.0011872986637357266
9072.0,0.04484909724426914,0.6576653912317083,0.29748551152402253
9775.0,0.5874153877853671,0.4070157821385303,0.005568830076102759
9498.0,0.04484909726833269,0.6576653912264818,0.29748551150518554
9225.0,0.7658548811453891,0.23146216583675572,0.0026829530178551944
9379.0,0.01362010061417912,0.9822032333777425,0.004176666008078478
9648.0,0.0657326091105232,0.8873254330573446,0.04694195783213228
9178.0,0.6167951039276557,0.37873771156618263,0.004467184506161724
8183.0,0.01880641784698172,0.9750858654243961,0.006107716728622145
8905.0,0.03539248974223964,0.6818713461001285,0.28273616415763175
8431.0,0.020016461145237578,0.6251613142743154,0.35482222458044704
8700.0,0.5874153083556203,0.40701586050253696,0.005568831141842677
9292.0,0.013673661867354484,0.5700144219461712,0.4163119161864743
9567.0,0.025057746463585506,0.9653429972614104,0.009599256275004034
9013.0,0.040499696236321193,0.6515043127700604,0.3079959909936184
8742.0,0.029521915909933003,0.9651442527834134,0.0053338313066537265
8192.0,0.6758919093774931,0.3200608368475292,0.004047253774977703
8467.0,0.024688772650346896,0.9726057334938537,0.0027054938557993097
9597.0,0.5972440265452891,0.39755770554958525,0.0051982679051256085
9326.0,0.02794111660426205,0.9692013335153371,0.002857549880400795
9800.0,0.028668894414334792,0.6516986332844512,0.3196324723012139
8708.0,0.6419428131086858,0.35376188218718174,0.004295304704132539
8983.0,0.01987246857226209,0.9760512507034811,0.004076280724256853
8497.0,0.010310317646812103,0.6075314219904324,0.3821582603627555
8226.0,0.022813975340180537,0.9743121318214157,0.002873892838403614
9618.0,0.5898177579060544,0.3980127092779265,0.012169532816019209
9345.0,0.6159559453719413,0.3795713060362744,0.004472748591784285
8166.0,0.040499696236321193,0.6515043127700604,0.3079959909936184
8939.0,0.7958197615017694,0.20177497240162587,0.002405266096604789
9208.0,0.559775851359291,0.4330868956064272,0.007137253034281868
8670.0,0.01602360906839706,0.9839763909316029,1.6635986702411574E-51
8397.0,0.6790527981012926,0.31828629462323027,0.0026609072754772284
9740.0,0.7176755143661605,0.2784389114268733,0.0038855742069660152
9258.0,0.765854881145386,0.23146216583675888,0.00268295301785524
9529.0,0.6200518050652298,0.37451494801825,0.005433246916520026
8294.0,0.7323255420481323,0.2640533129924137,0.003621144959454011
8565.0,0.03539248974223964,0.6818713461001285,0.28273616415763175
9043.0,0.5850181926183972,0.4050242717728361,0.00995753560876673
8768.0,0.6422506650157341,0.34859662772511135,0.009152707259154468
9413.0,0.010310317646808545,0.6075314219902572,0.38215826036293427
9686.0,0.6422501502997664,0.3485969993322486,0.009152850367985075
8329.0,0.025057746463585506,0.9653429972614104,0.009599256275004034
8602.0,0.040499696236321193,0.6515043127700604,0.3079959909936184
9148.0,0.7673507824878573,0.22730855321200466,0.005340664300138078
8879.0,0.6159559453719431,0.37957130603627276,0.004472748591784265
8132.0,0.7958197614956171,0.2017749724076834,0.002405266096699391
9716.0,0.016023609069693027,0.983976390930307,1.6635986191204456E-51
9447.0,0.02794111660426205,0.9692013335153371,0.002857549880400795
8632.0,0.7365965997862576,0.26229919838278454,0.0011042018309579647
8363.0,0.02783954744965357,0.7285591512142154,0.2436013013361311
8149.0,0.02348172943569853,0.9738548346844198,0.0026634358798815856
8845.0,0.7403026385669269,0.25881691011749,8.804513155831803E-4
9118.0,0.03539248974223964,0.6818713461001285,0.28273616415763175
9774.0,0.025057746463585506,0.9653429972614104,0.009599256275004034
9499.0,0.028668894862844033,0.6516986378675592,0.31963246726959665
9224.0,0.6790527592222915,0.31828632973026466,0.002660911047443829
8535.0,0.542271340458396,0.45053201878521926,0.0071966407563847715
8260.0,0.7176755145370977,0.2784389112585723,0.003885574204330165
8802.0,0.009516642634590946,0.6501597514310661,0.340323605934343
9073.0,0.0220970149867219,0.6668906457503799,0.3110123392628981
8741.0,0.5972440265452891,0.39755770554958525,0.0051982679051256085
9014.0,0.6790527980854654,0.3182862946375233,0.002660907277011311
8464.0,0.6200518050652298,0.37451494801825,0.005433246916520026
8195.0,0.029210102356731958,0.7195285127293363,0.2512613849139318
9564.0,0.03539248974223964,0.6818713461001285,0.28273616415763175
9295.0,0.702786794919264,0.29337593728143535,0.0038372677993006427
8906.0,0.011885556573699621,0.983592415752623,0.004522027673677256
9177.0,0.5850181926183972,0.4050242717728361,0.00995753560876673
8703.0,0.022018447677868376,0.7147238293622018,0.2632577229599297
8428.0,0.02783954744965357,0.7285591512142154,0.2436013013361311
9651.0,0.5935477759600634,0.39489693374298374,0.011555290296952958
9376.0,0.5597758513915634,0.43308689557433616,0.007137253034100383
9211.0,0.7957938839569495,0.20180045202175032,0.0024056640213002303
8936.0,0.6790527981012922,0.3182862946232306,0.002660907275477307
8398.0,0.040499696236321193,0.6515043127700604,0.3079959909936184
8669.0,0.5898177736900319,0.3980126961505528,0.012169530159415376
9346.0,0.025873209224922263,0.621478931668764,0.3526478591063137
9617.0,0.022813975340180537,0.9743121318214157,0.002873892838403614
8980.0,0.7600143771730271,0.23722234249328478,0.0027632803336882354
8080.0,0.028218585779227083,0.7471728384635993,0.22460857575717377
8711.0,0.028668894862844078,0.6516986378675601,0.31963246726959577
8225.0,0.5972440292285623,0.3975577029096612,0.005198267861776434
8498.0,0.6422501502997671,0.34859699933224897,0.009152850367984045
9325.0,0.022097066856458326,0.666894512750175,0.31100842039336674
9598.0,0.7365965998253442,0.2622991983445399,0.0011042018301158094
9803.0,0.011885556573699621,0.983592415752623,0.004522027673677256
8601.0,0.7673509953538027,0.2273083429144778,0.0053406617317195955
8330.0,0.020561193119791907,0.9601738961090626,0.01926491077114547
8876.0,0.6502751633896704,0.3425948339869134,0.0071300026234162135
9151.0,0.7403026385669269,0.25881691011749,8.80451315583182E-4
9685.0,0.765272517834502,0.2318397941656809,0.002887687999817117
9414.0,0.03539259099966622,0.6818752218025037,0.28273218719783016
8566.0,0.5850181926183972,0.4050242717728361,0.00995753560876673
8293.0,0.521802437894835,0.4639662562483042,0.014231305856860816
8771.0,0.022207203669057277,0.691425456590673,0.2863673397402696
8114.0,0.027455729120522927,0.9698188973947796,0.0027253734846974112
9040.0,0.7176755145320205,0.2784389112634998,0.0038855742044797766
9743.0,0.025057746463585506,0.9653429972614104,0.009599256275004034
9530.0,0.7691845386520255,0.22962816268423425,0.0011872986637401586
8263.0,0.7623464592975783,0.2363429479633246,0.0013105927390971318
8532.0,0.6422501503001419,0.34859699933197685,0.00915285036788117
9074.0,0.7176755145370977,0.2784389112585723,0.003885574204330165
8801.0,0.040499696235696915,0.6515043127705573,0.30799599099374575
8099.0,0.542271340458396,0.45053201878521926,0.0071966407563847715
9773.0,0.7958197614901527,0.20177497241306389,0.002405266096783418
9227.0,0.019872484388936688,0.9760512438277984,0.004076271783264932
9496.0,0.02055300408532623,0.7112911260652716,0.26815586984940215
8360.0,0.028821703871108814,0.670773471712392,0.3004048244164992
8635.0,0.6200518050652298,0.37451494801825,0.005433246916520026
9117.0,0.7323255420481323,0.2640533129924137,0.003621144959454011
8846.0,0.769158722626944,0.2296536661488818,0.0011876112241741396
9444.0,0.020552996558499317,0.7112911673968866,0.268155836044614
9719.0,0.019261774612980738,0.9155153962564745,0.06522282913054472
9565.0,0.7403026385180757,0.25881691016565445,8.804513162698965E-4
9294.0,0.01031031792651745,0.6075314333701527,0.3821582487033299
8740.0,0.016876726185536064,0.9802997333457989,0.002823540468664905
8465.0,0.016876726185536064,0.9802997333457989,0.002823540468664905
8194.0,0.6422501586373857,0.3485969933127876,0.009152848049826693
9650.0,0.5850181926183972,0.4050242717728361,0.00995753560876673
9377.0,0.025057746463585506,0.9653429972614104,0.009599256275004034
8182.0,0.6790527981012986,0.3182862946232242,0.0026609072754772206
8907.0,0.702786794919264,0.29337593728143535,0.0038372677993006427
9176.0,0.7691845386522811,0.22962816268398323,0.0011872986637357266
8702.0,0.5597759288412802,0.4330868185601553,0.007137252598564487
8429.0,0.04049969623265531,0.6515043127729789,0.3079959909943658
9347.0,0.5972440265452895,0.3975577055495848,0.005198267905125602
9616.0,0.02783954744965357,0.7285591512142154,0.2436013013361311
9210.0,0.01880641784698172,0.9750858654243961,0.006107716728622145
8937.0,0.016418276919246366,0.9835817230807536,3.81704006295916E-50
8167.0,0.5850181926183972,0.4050242717728361,0.00995753560876673
8399.0,0.6159559453728869,0.37957130603533495,0.004472748591778011
8668.0,0.02802972526448621,0.966321012306745,0.005649262428768867
9324.0,0.7622215792769187,0.2350455548373853,0.0027328658856959303
9599.0,0.011885556575061967,0.9835924157493398,0.004522027675598171
8981.0,0.016876726185536064,0.9802997333457989,0.002823540468664905
8710.0,0.013920160393234158,0.6282697633437571,0.35781007626300876
8224.0,0.02348172943569853,0.9738548346844198,0.0026634358798815856
8499.0,0.6790527981012922,0.3182862946232306,0.002660907275477307
9684.0,0.7403026385668906,0.2588169101175258,8.804513155836893E-4
9415.0,0.016023609069693027,0.983976390930307,1.6635986191204456E-51
8600.0,0.04484909726833325,0.6576653912257846,0.29748551150588215
8331.0,0.7403026385654131,0.2588169101189825,8.804513156044606E-4
8877.0,0.7403026385669269,0.25881691011749,8.804513155831803E-4
8133.0,0.7561204998822556,0.24244837773296288,0.0014311223847814918
9150.0,0.740302638497545,0.2588169101858967,8.804513165585049E-4
9742.0,0.7403017419010501,0.2588177941785922,8.804639203576326E-4
9531.0,0.7011648372218832,0.2949848841818484,0.0038502785962684417
9256.0,0.028668894862844095,0.6516986378675601,0.31963246726959577
8567.0,0.02220720366905671,0.6914254565907603,0.2863673397401829
8292.0,0.02589403263757556,0.6217166884897658,0.35238927887265853
8770.0,0.7691845363443895,0.22962816495181118,0.0011872987037992986
9041.0,0.6422501502997664,0.3485969993322486,0.009152850367985075
9772.0,0.6159626530809036,0.3795646427594609,0.004472704159635546
9226.0,0.6422501502997664,0.3485969993322486,0.009152850367985075
9497.0,0.022813975340180603,0.9743121318214186,0.002873892838400683
8262.0,0.03881124646536489,0.6589379922353689,0.3022507612992662
8533.0,0.6422501502997664,0.3485969993322486,0.009152850367985075
9075.0,0.587415306390506,0.4070158624412846,0.005568831168209386
8800.0,0.7027512379565657,0.29341120853339636,0.0038375535100380097
9445.0,0.032337931045465465,0.7058658355897257,0.2617962333648089
9718.0,0.559775851359291,0.4330868956064272,0.007137253034281868
8361.0,0.00951391349570734,0.6500307398936185,0.34045534661067417
8634.0,0.7027867948573036,0.2933759373428979,0.0038372677997985335
9116.0,0.5874153063907348,0.4070158624410589,0.005568831168206318
8847.0,0.5898177579060544,0.3980127092779265,0.012169532816019209
8148.0,0.7673509953541275,0.22730834291415675,0.005340661731715676
8500.0,0.032337931045465465,0.7058658355897257,0.2617962333648089
8231.0,0.717675297499125,0.27843912494981593,0.003885577551059167
8705.0,0.7403026385669269,0.25881691011749,8.804513155831803E-4
8083.0,0.6159559460466125,0.3795713053660722,0.0044727485873152575
8978.0,0.559775851359291,0.4330868956064272,0.007137253034281868
9805.0,0.028821695571696324,0.6707733605797634,0.3004049438485403
9592.0,0.5972440265452891,0.39755770554958525,0.0051982679051256085
9323.0,0.7008823983183949,0.29697381629569664,0.002143785385908504
8667.0,0.7658548811453891,0.23146216583675572,0.002682953017855196
8392.0,0.7403026385669256,0.2588169101174913,8.804513155832015E-4
8942.0,0.020558763774527852,0.9601757029730054,0.019265533252466695
9213.0,0.7176755145370977,0.2784389112585723,0.003885574204330165
9623.0,0.6201118970139815,0.374455835058592,0.00543226792742645
9348.0,0.7403026385669269,0.25881691011749,8.804513155831811E-4
8426.0,0.559775851359291,0.4330868956064272,0.007137253034281868
8697.0,0.02220720366905728,0.6914254565906731,0.28636733974026957
9183.0,0.7176755145370977,0.2784389112585723,0.003885574204330165
8908.0,0.7403026385669269,0.25881691011749,8.804513155831803E-4
9653.0,0.7691845386514208,0.22962816268482855,0.0011872986637506584
8197.0,0.02921010235672937,0.7195285127293268,0.25126138491394384
8470.0,0.01880641784698172,0.9750858654243961,0.006107716728622145
9008.0,0.024688772650350008,0.9726057334938509,0.002705493855799059
8739.0,0.702786794919264,0.29337593728143535,0.0038372677993006427
9289.0,0.6422501502997664,0.3485969993322486,0.009152850367985075
9562.0,0.6159559453719431,0.37957130603627276,0.004472748591784265
8840.0,0.02921010228565584,0.7195285349754235,0.25126136273892075
9115.0,0.03539248974223964,0.6818713461001285,0.28273616415763175
8637.0,0.040499696236321193,0.6515043127700604,0.3079959909936184
8366.0,0.6200518050652298,0.37451494801825,0.005433246916520026
9442.0,0.702786794919264,0.29337593728143535,0.0038372677993006427
8807.0,0.7658547303834208,0.2314623145315636,0.0026829550850155626
8096.0,0.5218024378948344,0.46396625624830473,0.014231305856860874
9076.0,0.035392489742239665,0.6818713461001781,0.28273616415758224
8530.0,0.037621651237329114,0.9545228254113985,0.007855523351272209
8257.0,0.032337931045465465,0.7058658355897257,0.2617962333648089
9502.0,0.012692728602456455,0.981557997720637,0.005749273676906634
9229.0,0.5898177579060544,0.3980127092779265,0.012169532816019209
9771.0,0.6200518050652298,0.37451494801825,0.005433246916520026
9046.0,0.023458988553256406,0.9597278884358788,0.0168131230108648
8773.0,0.020553002151050576,0.7112912005658834,0.26815579728306604
8113.0,0.6790527981012922,0.3182862946232306,0.002660907275477307
8291.0,0.33504737927690376,0.6540816757907083,0.010870944932387851
8560.0,0.5429741304138248,0.44984519645223847,0.0071806731339367
9263.0,0.6422501502997664,0.3485969993322486,0.009152850367985075
9532.0,0.5972474708879941,0.39755431685129666,0.005198212260709198
9737.0,0.702786794919264,0.29337593728143535,0.0038372677993006427
9145.0,0.5874153211260034,0.40701584790349926,0.005568830970497468
8874.0,0.7403018117445103,0.2588177253169536,8.804629385361641E-4
8332.0,0.6159559453719431,0.37957130603627276,0.004472748591784265
8607.0,0.027839547449591856,0.7285591512137699,0.24360130133663832
9408.0,0.5218024378948344,0.46396625624830473,0.014231305856860874
9683.0,0.5597758513593494,0.433086895606369,0.007137253034281543
9593.0,0.03293160364078069,0.6794901932231616,0.2875782031360577
9322.0,0.5422713052004045,0.4505320523380515,0.007196642461544017
8501.0,0.04049972751606049,0.6515044312774302,0.30799584120650936
8230.0,0.7658548807225447,0.23146216625380217,0.0026829530236529907
8704.0,0.5972440265452891,0.39755770554958525,0.0051982679051256085
8979.0,0.02794111660426205,0.9692013335153371,0.002857549880400795
9622.0,0.5898177579060544,0.3980127092779265,0.012169532816019209
9349.0,0.032337928474030476,0.7058658246086108,0.2617962469173587
8666.0,0.02783954744965357,0.7285591512142154,0.2436013013361311
8393.0,0.032931603640779614,0.6794901932231394,0.28757820313608096
8164.0,0.03293160364077854,0.6794901932231172,0.28757820313610427
8943.0,0.04484909726833325,0.6576653912257846,0.29748551150588215
9212.0,0.032931603640779614,0.6794901932231394,0.28757820313608096
9383.0,0.028821695571695366,0.6707733605797677,0.30040494384853694
9652.0,0.5972440265452891,0.39755770554958525,0.0051982679051256085
8427.0,0.5597758535795925,0.43308689339861145,0.007137253021796076
8696.0,0.5597770349739958,0.43308571864775813,0.007137246378246114
9182.0,0.6166028461197663,0.3789286936255392,0.004468460254694495
8909.0,0.6200518050652298,0.37451494801825,0.005433246916520026
8181.0,0.7673509953541269,0.22730834291415747,0.0053406617317156855
9288.0,0.02882169557169629,0.6707733605797636,0.30040494384854016
9563.0,0.6159559453719431,0.37957130603627276,0.004472748591784265
8196.0,0.02348172943569853,0.9738548346844198,0.0026634358798815856
8471.0,0.702786794917288,0.29337593728339545,0.0038372677993165224
9009.0,0.025873209224922263,0.621478931668764,0.3526478591063137
8738.0,0.023458988553256406,0.9597278884358788,0.0168131230108648
9712.0,0.026716587410688074,0.9732834125893118,0.0
9443.0,0.5972440265452891,0.39755770554958525,0.0051982679051256085
8151.0,0.7365965998253442,0.2622991983445399,0.0011042018301158094
8841.0,0.542271340458396,0.45053201878521926,0.0071966407563847715
9114.0,0.7403026385669269,0.25881691011749,8.804513155831803E-4
8636.0,0.02089758016216783,0.6400376692550058,0.3390647505828263
8367.0,0.02921010235672937,0.7195285127293268,0.25126138491394384
9503.0,0.7958197615017694,0.20177497240162587,0.002405266096604789
9228.0,0.779744450791914,0.2175995663598958,0.0026559828481902605
9770.0,0.02348172943569853,0.9738548346844198,0.0026634358798815856
8806.0,0.5972441492780293,0.3975575847996335,0.005198265922337257
9077.0,0.028821695571696324,0.6707733605797634,0.3004049438485403
8531.0,0.02220720366905729,0.6914254565906731,0.2863673397402695
8256.0,0.02687667894403763,0.7214229130526613,0.2517004080033011
9262.0,0.6790527981012922,0.3182862946232306,0.002660907275477307
9533.0,0.010312413159051449,0.6076347691354511,0.38205281770549737
9736.0,0.5218024378948344,0.46396625624830473,0.014231305856860874
9047.0,0.02921010235672937,0.7195285127293268,0.25126138491394384
8772.0,0.016876835684483667,0.9802994444032566,0.002823719912259948
8290.0,0.5218006890587277,0.46396787774312603,0.014231433198146412
8561.0,0.04040131102307314,0.6855825878959182,0.2740161010810086
9409.0,0.020435939292832196,0.9640939859228667,0.015470074784301296
9682.0,0.02882169533788268,0.6707733616101584,0.3004049430519588
9144.0,0.7323255420481323,0.2640533129924137,0.003621144959454011
8875.0,0.03233793151816226,0.7058658520623581,0.26179621641947964
8134.0,0.02921010235672937,0.7195285127293268,0.25126138491394384
8333.0,0.029210102356670563,0.7195285127288535,0.2512613849144759
8606.0,0.5972440265452891,0.39755770554958525,0.0051982679051256085
8394.0,0.01880641784698172,0.9750858654243961,0.006107716728622145
8665.0,0.5218024378948344,0.46396625624830473,0.014231305856860874
9215.0,0.587415306390506,0.4070158624412846,0.005568831168209386
8940.0,0.7673509953541275,0.22730834291415675,0.005340661731715676
9350.0,0.7403026385669256,0.2588169101174913,8.804513155832022E-4
9621.0,0.6422501502999578,0.3485969993321147,0.009152850367927453
8229.0,0.5874153175527304,0.40701585142882823,0.005568831018441466
8502.0,0.02783954744965357,0.7285591512142154,0.2436013013361311
8976.0,0.032931603640779614,0.6794901932231394,0.28757820313608096
8082.0,0.5898177579067502,0.3980127092773477,0.012169532815902084
8707.0,0.5672885696778371,0.4217883702203058,0.01092306010185706
9807.0,0.020558547559118026,0.9601767560654136,0.019264696375468366
9321.0,0.5900505571138942,0.39781903917115474,0.012130403714951048
9594.0,0.014287468854540035,0.9182005120381349,0.06751201910732502
8468.0,0.7365965920074654,0.2622992059939771,0.0011042019985574433
8199.0,0.020558547559116805,0.9601767560654196,0.01926469637546361
8737.0,0.7658548811453891,0.23146216583675572,0.0026829530178551944
9010.0,0.022097220864312907,0.666905931623107,0.31099684751258017
9560.0,0.5850181926183972,0.4050242717728361,0.00995753560876673
9291.0,0.01362010061417912,0.9822032333777425,0.004176666008078478
8699.0,0.6165057254403966,0.3790251700694655,0.004469104490137881
8424.0,0.559775851359291,0.4330868956064272,0.007137253034281868
8910.0,0.542271340458396,0.45053201878521926,0.0071966407563847715
9181.0,0.02201886663020383,0.7146800710136572,0.2633010623561389
9380.0,0.7403026385387126,0.25881691014530767,8.804513159797986E-4
9078.0,0.02783954744965357,0.7285591512142154,0.2436013013361311
8805.0,0.5219003849338275,0.4638831493802024,0.014216465685969983
8097.0,0.022813983629385158,0.9743124840323826,0.002873532338232287
8259.0,0.0159958726274844,0.6897945462123036,0.29420958116021184
8528.0,0.7176755024201329,0.27843892318869307,0.003885574391173943
9231.0,0.7403026385659099,0.2588169101184983,8.804513155918773E-4
9500.0,0.02055301245354606,0.7112920338953638,0.2681549536510902
9769.0,0.02055299655850785,0.7112911673968398,0.2681558360446523
8842.0,0.024688772650350008,0.9726057334938509,0.002705493855799059
8364.0,0.022097077496272696,0.6668905907958652,0.31101233170786213
8639.0,0.5874153065024479,0.40701586233084464,0.005568831166707417
9440.0,0.04484909726833325,0.6576653912257846,0.29748551150588215
9715.0,0.026450066409085756,0.6957099767446036,0.2778399568463107
8872.0,0.02001707306102696,0.6251692232566136,0.3548137036823594
9147.0,0.7691845386522811,0.22962816268398323,0.0011872986637357266
8605.0,0.020435939292832384,0.9640939859228657,0.015470074784302118
8334.0,0.7673509953541275,0.22730834291415675,0.005340661731715676
9681.0,0.020552996558499317,0.7112911673968866,0.268155836044614
8775.0,0.7323255420481323,0.2640533129924137,0.003621144959454011
8112.0,0.6200518050652298,0.37451494801825,0.005433246916520026
8562.0,0.5874153063905209,0.40701586244127,0.00556883116820919
8289.0,0.6200518068302665,0.37451494628196896,0.005433246887764421
9534.0,0.7691845386522811,0.22962816268398323,0.0011872986637357266
9261.0,0.5972440405146423,0.3975576918059116,0.00519826767944604
9739.0,0.02392542836429694,0.6936756263166273,0.2823989453190757
9351.0,0.023458988553256406,0.9597278884358788,0.0168131230108648
9620.0,0.02468877265972614,0.9726057334770053,0.0027054938632685445
8395.0,0.02135069873737008,0.9715585898727639,0.007090711389866094
8664.0,0.6790260337609958,0.31831046120652823,0.0026635050324759955
9214.0,0.020558547559116805,0.9601767560654196,0.01926469637546361
8941.0,0.5850181926183972,0.4050242717728361,0.00995753560876673
8165.0,0.04484909726361559,0.657665391226946,0.29748551150943836
9806.0,0.010310728750283032,0.6075516975618259,0.3821375736878911
9320.0,0.6159559453719431,0.37957130603627276,0.004472748591784265
9595.0,0.6200518050652298,0.37451494801825,0.005433246916520026
8228.0,0.018806417667379827,0.9750858660248796,0.0061077163077406975
8503.0,0.02348172943569853,0.9738548346844198,0.0026634358798815856
8977.0,0.6422502575962167,0.3485969218680735,0.009152820535709868
9290.0,0.7402505407240929,0.2588682753566043,8.811839193029004E-4
8469.0,0.035392474117208333,0.6818713264035463,0.28273619947924533
8198.0,0.6902815619660244,0.3054867845080878,0.004231653525887827
8736.0,0.028668898893530897,0.6516987672243538,0.3196323338821153
9011.0,0.5218024378948344,0.46396625624830473,0.014231305856860874
9654.0,0.7658548811453891,0.23146216583675572,0.0026829530178551944
8698.0,0.015995872627483965,0.6897945462122842,0.29420958116023177
8425.0,0.7673509953541275,0.22730834291415675,0.005340661731715676
8180.0,0.023458988553256406,0.9597278884358788,0.0168131230108648
8911.0,0.5422713404583991,0.45053201878521626,0.007196640756384696
9180.0,0.6200518050652298,0.37451494801825,0.005433246916520026
9230.0,0.542271340458396,0.45053201878521926,0.0071966407563847715
9501.0,0.6159559453719431,0.37957130603627276,0.004472748591784265
9768.0,0.542271340458396,0.45053201878521926,0.0071966407563847715
9079.0,0.7176747880927474,0.27843962650113735,0.0038855854061152746
8804.0,0.7673505957772357,0.2273087376697966,0.005340666552967667
8258.0,0.040499696236321193,0.6515043127700604,0.3079959909936184
8529.0,0.5972440265452886,0.3975577055495857,0.0051982679051256276
9441.0,0.7081929414715186,0.28777486425977533,0.004032194268706119
9112.0,0.7658548811453891,0.23146216583675572,0.0026829530178551944
8150.0,0.025057746463585506,0.9653429972614104,0.009599256275004034
8843.0,0.024688772650350008,0.9726057334938509,0.002705493855799059
8365.0,0.7958197615017694,0.20177497240162587,0.002405266096604789
8638.0,0.0448490971437726,0.6576655356337553,0.29748536722247215
9680.0,0.5850181926183972,0.4050242717728361,0.00995753560876673
9411.0,0.7691845386522811,0.22962816268398323,0.0011872986637357266
8135.0,0.024688772650350008,0.9726057334938509,0.002705493855799059
8873.0,0.7958197615011836,0.20177497240220263,0.0024052660966137956
9146.0,0.6790525605914306,0.31828650909025386,0.0026609303183155637
8604.0,0.040499696236321193,0.6515043127700604,0.3079959909936184
8335.0,0.027941116604262038,0.9692013335153371,0.0028575498804007974
9535.0,0.7403026385610744,0.25881691012326014,8.804513156654506E-4
9260.0,0.028668894862844095,0.6516986378675601,0.31963246726959577
9738.0,0.5874153079813781,0.4070158608717579,0.0055688311468640355
8774.0,0.032931603640779614,0.6794901932231394,0.28757820313608096
9045.0,0.6200518050652298,0.37451494801825,0.005433246916520026
8563.0,0.022567956608853943,0.6935403031036896,0.2838917402874565
8288.0,0.5218024379736813,0.4639662561814096,0.014231305844909083
9733.0,0.559775851359291,0.4330868956064272,0.007137253034281868
9251.0,0.02345788162051236,0.9597242276796899,0.016817890699797954
9520.0,0.5422719994949232,0.4505313747303,0.007196625774776675
8303.0,0.7958197615017694,0.20177497240162587,0.002405266096604789
8572.0,0.7212749464090941,0.2754166411273969,0.003308412463508892
9050.0,0.02055881107967933,0.7112592413758189,0.26818194754450186
8777.0,0.5898177579060544,0.3980127092779265,0.012169532816019209
8119.0,0.022813975340180537,0.9743121318214157,0.002873892838403614
9420.0,0.7176755145343412,0.27843891126128617,0.0038855742043726717
9695.0,0.04484905317040009,0.6576654020813327,0.29748554474826716
8320.0,0.5850181926183972,0.4050242717728361,0.00995753560876673
8595.0,0.011885556573699621,0.983592415752623,0.004522027673677256
9141.0,0.7673509953541275,0.22730834291415675,0.005340661731715676
8870.0,0.02802972526448621,0.966321012306745,0.005649262428768867
9725.0,0.5972440265447817,0.39755770555007636,0.005198267905141821
9454.0,0.03539248974223964,0.6818713461001285,0.28273616415763175
8625.0,0.6422501503015224,0.3485969993309825,0.009152850367495026
8354.0,0.024688500730940786,0.9726059833138471,0.0027055159552123284
8836.0,0.6422501502997664,0.3485969993322486,0.009152850367985075
9111.0,0.01362010061417912,0.9822032333777425,0.004176666008078478
9767.0,0.032931603640777074,0.6794901932231643,0.2875782031360588
9490.0,0.559775851359291,0.4330868956064272,0.007137253034281868
9217.0,0.032337931045532196,0.7058658355920077,0.2617962333624603
8542.0,0.020552996558499317,0.7112911673968866,0.268155836044614
8269.0,0.7658548811453891,0.23146216583675572,0.002682953017855196
8811.0,0.5898177586388295,0.3980127086684849,0.0121695326926857
8102.0,0.5218024378948344,0.46396625624830473,0.014231305856860874
9080.0,0.6790527981012922,0.3182862946232306,0.002660907275477394
9386.0,0.023458988553256406,0.9597278884358788,0.0168131230108648
9657.0,0.016876726185536064,0.9802997333457989,0.002823540468664905
9171.0,0.5898177579060544,0.3980127092779264,0.012169532816019197
8896.0,0.02068327125659015,0.7105772567870294,0.2687394719563804
8693.0,0.011885556573699621,0.983592415752623,0.004522027673677256
9285.0,0.020897579777671867,0.640037666293358,0.33906475392897023
9558.0,0.6422501509506982,0.3485969988623053,0.00915285018699655
9020.0,0.02783954744965357,0.7285591512142154,0.2436013013361311
8751.0,0.559775851359291,0.4330868956064272,0.007137253034281868
8201.0,0.542271340458396,0.45053201878521926,0.0071966407563847715
8474.0,0.6422501502997664,0.3485969993322486,0.009152850367985075
9588.0,0.025057746463585506,0.9653429972614104,0.009599256275004067
9319.0,0.02220720366905728,0.6914254565906731,0.28636733974026957
9793.0,0.7365965998253442,0.2622991983445399,0.0011042018301158094
8085.0,0.02882167074916466,0.6707734699703956,0.30040485928043975
8717.0,0.7323255420481323,0.2640533129924137,0.003621144959454011
8990.0,0.020435939292832196,0.9640939859228667,0.015470074784301296
8504.0,0.7958157901294124,0.20177888270651037,0.00240532716407723
8235.0,0.011885556573699621,0.983592415752623,0.004522027673677256
9627.0,0.04484909726833323,0.6576653912257846,0.29748551150588215
9352.0,0.7176755145370977,0.2784389112585723,0.003885574204330165
8930.0,0.6710803236801586,0.3248361275475939,0.004083548772247566
9201.0,0.022018447677868376,0.7147238293622018,0.2632577229599297
8663.0,0.559775851359291,0.4330868956064272,0.007137253034281868
8388.0,0.025057746463585506,0.9653429972614104,0.009599256275004034
8302.0,0.04484909726833325,0.6576653912257846,0.29748551150588215
8573.0,0.009530230526049687,0.650055686226773,0.34041408324717715
9051.0,0.6422501520942121,0.3485969980367254,0.009152849869062486
8776.0,0.5972440265452891,0.39755770554958525,0.0051982679051256085
9250.0,0.7673509953541275,0.22730834291415675,0.005340661731715676
9521.0,0.02783954744965357,0.7285591512142154,0.2436013013361311
8321.0,0.5850181926183972,0.4050242717728361,0.00995753560876673
8594.0,0.04484909726833325,0.6576653912257846,0.29748551150588215
9140.0,0.016876726185536064,0.9802997333457989,0.002823540468664905
8871.0,0.028821695571696324,0.6707733605797634,0.3004049438485403
8128.0,0.559775851359291,0.4330868956064272,0.007137253034281868
9421.0,0.02055854755911681,0.9601767560654194,0.019264696375463616
9694.0,0.560656144343165,0.43221156354632023,0.00713229211051473
8624.0,0.022813975340180537,0.9743121318214157,0.002873892838403614
8355.0,0.7176755145370977,0.2784389112585723,0.003885574204330165
8145.0,0.7571289102067859,0.24006794324034342,0.002803146552870807
8837.0,0.00951391341755959,0.6500307397739902,0.3404553468084502
9110.0,0.01880641784698172,0.9750858654243961,0.006107716728622145
9724.0,0.620051805065839,0.3745149480176509,0.005433246916510099
9455.0,0.020435939292832196,0.9640939859228667,0.015470074784301296
8543.0,0.032337931045465465,0.7058658355897257,0.2617962333648089
8268.0,0.5386373534874943,0.45399031861981276,0.007372327892692897
8810.0,0.5898177579060544,0.3980127092779265,0.012169532816019209
9081.0,0.702786794919264,0.29337593728143535,0.0038372677993006427
9766.0,0.7176755145370977,0.2784389112585723,0.003885574204330165
9491.0,0.5422713404583964,0.45053201878521887,0.0071966407563847585
9216.0,0.02970241789027437,0.9677996541316577,0.0024979279780679934
9170.0,0.02209701445389429,0.666890646227542,0.31101233931856365
8179.0,0.7658548810898226,0.23146216589156032,0.002682953018617091
8897.0,0.028821695571696324,0.6707733605797634,0.3004049438485403
8423.0,0.615955945418321,0.37957130599020195,0.004472748591477056
8692.0,0.027839547460884094,0.7285591517446902,0.2436013007944257
9387.0,0.7392347075298177,0.2551003459444576,0.00566494652572466
9021.0,0.7323255420481323,0.2640533129924137,0.003621144959454011
8750.0,0.016023609160739322,0.9839763908392606,1.6636033247970506E-51
8200.0,0.032337931045465465,0.7058658355897257,0.2617962333648089
8475.0,0.024688772650350008,0.9726057334938509,0.002705493855799059
9559.0,0.5898177892816505,0.3980126831831615,0.012169527535187977
8716.0,0.023458988558146286,0.9597278884477422,0.01681312299411155
8991.0,0.5850181926184042,0.40502427177282974,0.00995753560876607
8505.0,0.032337931045465465,0.7058658355897257,0.2617962333648089
8234.0,0.5218024552758194,0.4639662415019683,0.014231303222212414
9589.0,0.0448490484760832,0.6577213854603461,0.2974295660635708
9318.0,0.5850181926183972,0.4050242717728361,0.00995753560876673
9792.0,0.5972440265452891,0.39755770554958525,0.0051982679051256085
8931.0,0.027839547449653737,0.7285591512142239,0.24360130133612243
8162.0,0.032337931045465465,0.7058658355897257,0.2617962333648089
9200.0,0.020435939292832186,0.9640939859228667,0.015470074784301296
8662.0,0.7176755145370977,0.2784389112585723,0.003885574204330165
8389.0,0.024688772650350008,0.9726057334938509,0.002705493855799059
9626.0,0.5850184851989113,0.4050240069981812,0.009957507802907502
9693.0,0.7027867949192578,0.2933759372814416,0.003837267799300693
9422.0,0.7958197615017694,0.20177497240162587,0.002405266096604789
8593.0,0.5898177579060544,0.3980127092779265,0.012169532816019209
8322.0,0.016876726185536064,0.9802997333457989,0.002823540468664905
8868.0,0.5078402281411701,0.4780216859125337,0.014138085946296139
9143.0,0.5972440265452891,0.39755770554958525,0.0051982679051256085
9735.0,0.7958197615017694,0.20177497240162587,0.002405266096604789
9522.0,0.7403026385667192,0.2588169101176948,8.80451315586102E-4
9249.0,0.03539248974223964,0.6818713461001285,0.28273616415763175
8574.0,0.028668894862844095,0.6516986378675601,0.31963246726959577
8301.0,0.7673509953348038,0.22730834293324725,0.005340661731948832
8118.0,0.5898177579060544,0.3980127092779265,0.012169532816019209
8779.0,0.7688897447372072,0.22991783078138464,0.001192424481408169
9048.0,0.7365965998253177,0.2622991983445659,0.0011042018301163814
9765.0,0.011885556573699621,0.983592415752623,0.004522027673677256
9219.0,0.5850181926183972,0.4050242717728361,0.00995753560876673
8271.0,0.7691842922519518,0.22962840480694913,0.001187302941098983
8540.0,0.02970241789027437,0.9677996541316577,0.0024979279780679934
9082.0,0.010359223830953786,0.6107562255915797,0.37888455057746645
8103.0,0.587415306390506,0.4070158624412846,0.005568831168209386
8809.0,0.6200518050652298,0.37451494801825,0.005433246916520026
9452.0,0.5597758513594742,0.433086895606245,0.007137253034280837
9727.0,0.7673509953541275,0.22730834291415675,0.005340661731715676
8352.0,0.022813975340180537,0.9743121318214157,0.002873892838403614
8627.0,0.02783954744965357,0.7285591512142154,0.2436013013361311
9109.0,0.02921010235672937,0.7195285127293268,0.25126138491394384
8838.0,0.6200518050652298,0.37451494801825,0.005433246916520026
9556.0,0.6200518050652298,0.37451494801825,0.005433246916520026
9287.0,0.767338885203723,0.2273203069475576,0.005340807848719427
8749.0,0.02794111660426205,0.9692013335153371,0.002857549880400795
9022.0,0.024688772650349935,0.9726057334938509,0.0027054938557990638
8472.0,0.620051805065238,0.374514948018242,0.0054332469165198904
8203.0,0.025873209226970492,0.62147893169216,0.3526478590808695
9659.0,0.023458988553256406,0.9597278884358788,0.0168131230108648
9384.0,0.5972440265452889,0.3975577055495855,0.005198267905125615
8898.0,0.02370558498212784,0.9588815675396023,0.017412847478269936
9169.0,0.03233571861379766,0.7058563870850875,0.26180789430111484
8695.0,0.02348172943569853,0.9738548346844198,0.0026634358798815856
8420.0,0.702786794919264,0.29337593728143535,0.0038372677993006427
9354.0,0.02210199430752586,0.6670484121337636,0.31084959355871045
8928.0,0.587415306390506,0.4070158624412846,0.005568831168209386
8390.0,0.6790527981012922,0.3182862946232306,0.002660907275477307
8661.0,0.5898177579060544,0.3980127092779265,0.012169532816019209
9317.0,0.03293160364047803,0.6794901932233284,0.2875782031361936
9590.0,0.7958197615017694,0.20177497240162587,0.002405266096604789
9795.0,0.027839547449654112,0.7285591512142409,0.24360130133610503
8988.0,0.5850181926184085,0.40502427177282596,0.009957535608765656
8084.0,0.02970241789027437,0.9677996541316577,0.0024979279780679934
8719.0,0.7691845386522811,0.22962816268398323,0.0011872986637357266
8233.0,0.01602360910010184,0.9839763908998982,1.6635986972904887E-51
8506.0,0.6470657265374627,0.3450441157647505,0.007890157697786632
8592.0,0.01362010061417912,0.9822032333777425,0.004176666008078478
8323.0,0.5597760779295993,0.43308667031022996,0.007137251760170834
8129.0,0.587415306390506,0.4070158624412846,0.005568831168209386
8869.0,0.020897589918148055,0.6400377444021451,0.3390646656797068
9142.0,0.5218024378948344,0.46396625624830473,0.014231305856860874
9692.0,0.02921010235672937,0.7195285127293268,0.25126138491394384
9423.0,0.02001645454944124,0.625161229022546,0.35482231642801276
8575.0,0.5218024378948344,0.46396625624830473,0.014231305856860874
8300.0,0.02001645454944124,0.625161229022546,0.35482231642801276
8778.0,0.025873209224922263,0.621478931668764,0.3526478591063137
9523.0,0.04050129669911313,0.6515103761663856,0.3079883271345012
9248.0,0.028668894862844095,0.6516986378675601,0.31963246726959577
8270.0,0.559775851359291,0.4330868956064272,0.007137253034281868
8541.0,0.028668894862844095,0.6516986378675601,0.31963246726959577
9083.0,0.587415306390506,0.4070158624412846,0.005568831168209386
8808.0,0.028821695571696324,0.6707733605797634,0.3004049438485403
9764.0,0.03539248974223964,0.6818713461001285,0.28273616415763175
9218.0,0.00951391341755959,0.6500307397739902,0.3404553468084502
9489.0,0.7658548811453891,0.23146216583675572,0.0026829530178551944
8353.0,0.6200518050652298,0.37451494801825,0.005433246916520026
8626.0,0.032337931045465465,0.7058658355897257,0.2617962333648089
