9179.0,0.8625037447307207,0.13656425718354245,9.319980857368086E-4
8904.0,0.7655022686933746,0.23031674258549326,0.0041809887211321575
8701.0,0.42859767345878197,0.5160050989753603,0.0553972275658578
9378.0,0.4150190863914378,0.5767104125732224,0.008270501035339814
9012.0,0.7043921219939662,0.29197118814718614,0.0036366898588477874
8743.0,0.12831328916131018,0.7027180379346436,0.1689686729040462
8193.0,0.43897278196785217,0.5202251545410561,0.04080206349109182
8466.0,0.15596935116241503,0.5663047227131056,0.2777259261244793
9293.0,0.40673184437803883,0.517486948022794,0.07578120759916708
9566.0,0.6786868549998715,0.3150893921399701,0.006223752860158372
8081.0,0.12118617084861513,0.8013057217143068,0.07750810743707806
8709.0,0.31574179688638815,0.6319687383919694,0.05228946472164235
8982.0,0.01659393424723265,0.561921005742078,0.42148506001068936
8496.0,0.5769602681772311,0.41511292095866253,0.007926810864106343
8227.0,0.01844073305675306,0.9154382463484643,0.06612102059478255
9596.0,0.014257051114120421,0.9106228811416728,0.07512006774420686
9327.0,0.5546785666197529,0.44014576392145766,0.005175669458789426
9801.0,0.009877688387732972,0.2935373007799695,0.6965850108322975
8938.0,0.01161209263775877,0.851069197373777,0.13731870998846424
8671.0,0.1467176310535098,0.7884908170225601,0.06479155192393007
8396.0,0.8321243705868203,0.16619077845785682,0.001684850955322891
9619.0,0.05112200576549782,0.786941154995224,0.16193683923927818
9344.0,0.6429480054628655,0.355079311958336,0.001972682578798756
8295.0,0.1384446661309968,0.6556523779002664,0.20590295596873667
8564.0,0.21601552281568304,0.7523362160986442,0.03164826108567278
9042.0,0.5140750154835981,0.4653987722193322,0.02052621229706972
8769.0,0.37566334662050777,0.5673230686114725,0.05701358476801966
8115.0,0.8396248704741542,0.1569059860135997,0.003469143512246165
9741.0,0.011240692537806081,0.5259920924950446,0.4627672149671491
9259.0,0.3628260095757615,0.6102823832757059,0.02689160714853259
9528.0,0.012850764760904184,0.8386592288185252,0.14849000642057067
8328.0,0.5897204214179196,0.39038241879444513,0.019897159787635205
8603.0,0.025840641502093788,0.8746963275012686,0.09946303099663771
9149.0,0.012993494423241244,0.9219055811375562,0.0651009244392026
8878.0,0.6763299868063348,0.32196377742057386,0.0017062357730912542
9687.0,0.11087652725332474,0.6944507592268926,0.1946727135197827
8633.0,0.3268523839913145,0.6297778870722882,0.04336972893639718
8362.0,0.14779680796045436,0.7741310461427204,0.07807214589682515
8844.0,0.6345500015270141,0.3597758230072527,0.005674175465733168
9119.0,0.6423539967849977,0.3543911861228703,0.003254817092131895
9446.0,0.43455206699879745,0.5219872175330859,0.043460715468116695
8534.0,0.5649251639307242,0.42805350259829145,0.007021333470984186
8261.0,0.25336551504215815,0.6930342364052378,0.05360024855260426
8098.0,0.3461111188642692,0.6110934283888059,0.04279545274692493
8803.0,0.6776113028296677,0.31707888020227887,0.005309816968053436
9072.0,0.04590271992956023,0.900662024850645,0.053435255219794836
9775.0,0.37064388803777104,0.602825424096024,0.026530687866205015
9498.0,0.42325141834086766,0.5482794683616237,0.028469113297508657
9225.0,0.5381700084266466,0.4457490509962495,0.016080940577103898
9379.0,0.2801036428913891,0.6902758501303508,0.029620506978260228
9648.0,0.7304872474339601,0.2586254431462159,0.010887309419823929
9178.0,0.04217813595742959,0.8552864840208237,0.10253538002174668
8183.0,0.06871044624597616,0.7874959342048665,0.14379361954915726
8905.0,0.03301362366122704,0.7180292261401635,0.24895715019860945
8431.0,0.02249866056498498,0.8874612230885551,0.09004011634645986
8700.0,0.5901355615731874,0.38671945419242215,0.02314498423439062
9292.0,0.3547063741790277,0.6060059717816878,0.039287654039284525
9567.0,0.014425316636916534,0.8665974768623395,0.11897720650074403
9013.0,0.507076352757774,0.4871732631304107,0.005750384111815444
8742.0,0.028872629374293184,0.881604237603741,0.08952313302196588
8192.0,0.5984316374025446,0.3904689330451259,0.011099429552329516
8467.0,0.6744029058257411,0.3189016493054404,0.006695444868818309
9597.0,0.4859970429422064,0.49288316121404274,0.02111979584375096
9326.0,0.18931266054177673,0.7579011990477521,0.052786140410471194
9800.0,0.00732054632160545,0.5465521951434952,0.44612725853489926
8708.0,0.5760618664527304,0.3742562827157745,0.049681850831495004
8983.0,0.6087851287590322,0.37827909457911,0.012935776661857867
8497.0,0.017017554425177314,0.8480884405067238,0.13489400506809876
8226.0,0.18084611356568853,0.5872433663872649,0.23191052004704651
9618.0,0.8340652555828033,0.1585702632840048,0.007364481133191822
9345.0,0.013695327892876377,0.8274984513866623,0.15880622072046133
8166.0,0.010954917958566845,0.7335073204271136,0.25553776161431946
8939.0,0.932392793029492,0.06703419372825486,5.730132422530185E-4
9208.0,0.6916796461591563,0.27158914008411256,0.036731213756731024
8670.0,0.20764510670642156,0.7486622154018696,0.043692677891708775
8397.0,0.313127785480141,0.6561439132952613,0.030728301224597594
9740.0,0.906934514402436,0.09230955594354452,7.559296540193978E-4
9258.0,0.5343073738806167,0.46108610754927276,0.004606518570110587
9529.0,0.3105418832572009,0.6325393324429275,0.05691878429987161
8294.0,0.7727155840494146,0.22387322803690995,0.0034111879136754946
8565.0,0.02457530484795483,0.5408594042946611,0.43456529085738416
9043.0,0.3306402982878669,0.5704180856545774,0.09894161605755578
8768.0,0.3902219487495734,0.5958741041082185,0.013903947142208184
9413.0,0.0233925691606545,0.6818837468680038,0.29472368397134174
9686.0,0.8075426768859028,0.19008634537628205,0.002370977737815174
8329.0,0.13644488761890838,0.8206420748080059,0.04291303757308575
8602.0,0.1743444824258958,0.8038087925933771,0.021846724980726984
9148.0,0.8710081100605475,0.12745330807113317,0.0015385818683194522
8879.0,0.13950003825372265,0.5756526276946275,0.28484733405164975
8132.0,0.5491872568701367,0.4428670675922907,0.007945675537572458
9716.0,0.02000120629156109,0.8821070778203359,0.09789171588810294
9447.0,0.13805553426163097,0.8011719959689558,0.060772469769413154
8632.0,0.542660847849963,0.4481096526436952,0.009229499506341714
8363.0,0.506804827736697,0.4862801189288948,0.006915053334408244
8149.0,0.4542587433629534,0.5247878048246855,0.020953451812361173
8845.0,0.7194276695300788,0.27036121165539556,0.010211118814525647
9118.0,0.08553091451360867,0.7813200502778639,0.13314903520852744
9774.0,0.24804510052850903,0.6377661805163944,0.11418871895509645
9499.0,0.07936701773283408,0.8662494625714932,0.05438351969567287
9224.0,0.4094532875578692,0.5843631015074735,0.006183610934657283
8535.0,0.6269246315232948,0.3685108240100197,0.004564544466685508
8260.0,0.16410148562206933,0.7761416623019699,0.059756852075960695
8802.0,0.02146458644614803,0.9040449308407539,0.07449048271309813
9073.0,0.1284832119864143,0.80870183339782,0.06281495461576575
8741.0,0.5012909642194024,0.48178638818223746,0.016922647598360055
9014.0,0.42365131177415477,0.5103974634337557,0.06595122479208954
8464.0,0.02259662643019289,0.8777093962998732,0.09969397726993391
8195.0,0.43280636756209906,0.518403013109678,0.048790619328222984
9564.0,0.040607621615634144,0.5674396001808778,0.39195277820348795
9295.0,0.9096250180975123,0.09001541005107512,3.595718514125518E-4
8906.0,0.2837630183021295,0.6990158551886736,0.017221126509196983
9177.0,0.6627073761965928,0.33492806409214826,0.0023645597112588886
8703.0,0.017708396571182946,0.5822421617901721,0.40004944163864503
8428.0,0.01975898850924151,0.8501856608578787,0.13005535063287962
9651.0,0.5647847621899144,0.42071048363028446,0.014504754179801238
9376.0,0.3840427668483262,0.5697557924276534,0.046201440724020416
9211.0,0.21191825905746284,0.6234424542592315,0.16463928668330563
8936.0,0.6198065000526429,0.3408049198069517,0.03938858014040535
8398.0,0.1073937927342677,0.5483860152233904,0.34422019204234194
8669.0,0.45051385499868196,0.5353162484999227,0.014169896501395466
9346.0,0.5480460340830391,0.4368991947029884,0.015054771213972513
9617.0,0.282649646100537,0.5384250593120629,0.17892529458740009
8980.0,0.671837075170308,0.31037053155901134,0.01779239327068073
8080.0,0.24216302403736203,0.7175967582885835,0.04024021767405449
8711.0,0.0237470415554189,0.7318163554645909,0.2444366029799902
8225.0,0.8015144315153234,0.1932523392597736,0.005233229224903004
8498.0,0.3642563992191166,0.6038433919734758,0.03190020880740752
9325.0,0.11283438795657795,0.8011102056081386,0.08605540643528352
9598.0,0.5594929595661168,0.41561384053256484,0.024893199901318507
9803.0,0.032827557546736635,0.43527084574298225,0.5319015967102811
8601.0,0.830515196084186,0.16639376565562977,0.0030910382601842075
8330.0,0.03534841335097165,0.9150998331660507,0.049551753482977606
8876.0,0.6396250759952863,0.34525891983510515,0.015116004169608586
9151.0,0.6920132351037769,0.30365204277681596,0.004334722119407311
9685.0,0.17489075551463876,0.7854599654396853,0.039649279045676084
9414.0,0.4601101709330929,0.5322414628289684,0.007648366237938516
8566.0,0.06968935419747671,0.7444381514965388,0.18587249430598463
8293.0,0.2831070256742816,0.684324294818312,0.032568679507406446
8771.0,0.015724074068967996,0.7510990241391404,0.2331769017918915
8114.0,0.12160166909494469,0.8161613876525257,0.06223694325252963
9040.0,0.2722553619151449,0.6276403574717747,0.1001042806130804
9743.0,0.018928379435237133,0.8571732950094474,0.12389832555531535
9530.0,0.5482904073120215,0.43662353242153773,0.015086060266440852
8263.0,0.7245535838512708,0.2694737503016826,0.005972665847046583
8532.0,0.22180126595319866,0.7343847770584089,0.043813956988392536
9074.0,0.7171664362138417,0.2769303986163514,0.005903165169806875
8801.0,0.5209366176017227,0.4551755978571019,0.023887784541175443
8099.0,0.5386669165697718,0.45619900832911175,0.00513407510111642
9773.0,0.7155651152042969,0.2670067388227475,0.017428145972955576
9227.0,0.08888363647958233,0.8022807609250266,0.10883560259539111
9496.0,0.3070763028588141,0.6165184595623694,0.07640523757881655
8360.0,0.37889716011336866,0.5917291384211609,0.02937370146547039
8635.0,0.4260127933678835,0.5513093289717479,0.02267787766036844
9117.0,0.3512941675575669,0.6123374326094695,0.03636839983296359
8846.0,0.2133509462334726,0.7488037302851103,0.03784532348141707
9444.0,0.00641014532980526,0.5000782230696479,0.4935116316005469
9719.0,0.3238996824454645,0.647698647343384,0.028401670211151298
9565.0,0.6711787323496743,0.3224880252376742,0.00633324241265159
9294.0,0.5827149196739626,0.41407530600398545,0.0032097743220518772
8740.0,0.3639535292110934,0.5676164407738568,0.0684300300150499
8465.0,0.029547492021574952,0.7850058429942918,0.18544666498413317
8194.0,0.431102701408808,0.5568554313477252,0.012041867243466889
9650.0,0.4892370539092306,0.5077889609662819,0.002973985124487344
9377.0,0.29284970486761047,0.676724608401162,0.03042568673122752
8182.0,0.26800745923125247,0.6709107373444548,0.061081803424292654
8907.0,0.16850121960596037,0.7743454942917276,0.05715328610231193
9176.0,0.657964387611031,0.3285888351513359,0.013446777237633004
8702.0,0.6949526892179834,0.3038638891491818,0.001183421632834855
8429.0,0.07819256462017868,0.8494931045040106,0.07231433087581073
9347.0,0.5685824722887995,0.42910165147526896,0.00231587623593159
9616.0,0.3162031345843861,0.6722895287034116,0.011507336712202217
9210.0,0.1734229653385565,0.7543283774134432,0.07224865724800035
8937.0,0.017421462837831154,0.93273365549531,0.04984488166685897
8167.0,0.645219237837528,0.32820705814463835,0.026573704017833738
8399.0,0.691391667216098,0.30556120492918787,0.00304712785471414
8668.0,0.16220222480121452,0.7373497743521229,0.10044800084666265
9324.0,0.333574569090881,0.6245941519917362,0.04183127891738284
9599.0,0.22321165401971896,0.6984058542280439,0.07838249175223713
8981.0,0.3223234067240965,0.6366653203855667,0.0410112728903369
8710.0,0.6899522263598009,0.29837434680910774,0.01167342683109121
8224.0,0.5562210919093935,0.4383021738256455,0.005476734264961012
8499.0,0.16222708859916365,0.8022886459693357,0.03548426543150077
9684.0,0.6551968336035097,0.3360694578473004,0.008733708549189813
9415.0,0.12077744119084963,0.8184134520125357,0.060809106796614804
8600.0,0.003897091162171494,0.5568416157207234,0.43926129311710504
8331.0,0.39365426760458916,0.5795780834273123,0.026767648968098447
8877.0,0.7722143287355776,0.22443348494124396,0.003352186323178427
8133.0,0.763180717242943,0.23364269700178109,0.003176585755275868
9150.0,0.28512897141150934,0.6981030658994385,0.016767962689052264
9742.0,0.8350447406132873,0.1633233652697305,0.001631894116982334
9531.0,0.20509608873555726,0.7714135816632058,0.023490329601236946
9256.0,0.2758326306199183,0.6757080006942304,0.048459368685851274
8567.0,0.06151332624947328,0.8103895592494447,0.128097114501082
8292.0,0.3836843205273249,0.5967295185442056,0.019586160928469504
8770.0,0.8316254808512521,0.16495692095120784,0.003417598197540072
9041.0,0.5861759191562558,0.40922639868826116,0.004597682155483068
9772.0,0.5577844773477509,0.43989786724106167,0.00231765541118733
9226.0,0.11835329781782032,0.8263537778001098,0.05529292438206981
9497.0,0.6988463558046475,0.28406899424194937,0.017084649953403124
8262.0,0.013746009757219521,0.8814760741886476,0.10477791605413293
8533.0,0.433487228247304,0.5543637803989017,0.012148991353794459
9075.0,0.24747498926522532,0.7286703767010329,0.023854634033741925
8800.0,0.7571972920648699,0.2371373886950877,0.005665319240042573
9445.0,0.038991249618279246,0.8907711853104696,0.07023756507125109
9718.0,0.17466241714266087,0.7114540413729393,0.11388354148439969
8361.0,0.013883531285099695,0.6019018894692649,0.3842145792456354
8634.0,0.7243069876221266,0.27013659197680034,0.00555642040107295
9116.0,0.5800645364518379,0.4178933043945368,0.002042159153625403
8847.0,0.2631006746083615,0.6567547759371446,0.08014454945449408
8148.0,0.5532950774985843,0.4279515111456833,0.018753411355732295
8500.0,0.015492245299353908,0.8543843754436957,0.1301233792569504
8231.0,0.8469988933536114,0.15190809033451144,0.0010930163118771147
8705.0,0.7886631815048876,0.21050088895703822,8.359295380742398E-4
8083.0,0.7409113891810554,0.25406298697543644,0.005025623843508301
8978.0,0.17656450603226506,0.649032205386833,0.17440328858090184
9805.0,0.28245630907484753,0.6403736388431389,0.07717005208201361
9592.0,0.5284836893809667,0.45644249506886764,0.01507381555016565
9323.0,0.4213065593040999,0.5656204427408587,0.013072997955041377
8667.0,0.5737476999306196,0.4125282574066026,0.013724042662777896
8392.0,0.5095367417098312,0.48094926295567675,0.009513995334492103
8942.0,0.026244033849656016,0.8922572605627381,0.08149870558760584
9213.0,0.23124741687735917,0.5728199804576595,0.19593260266498128
9623.0,0.7758279082312404,0.2216140109033342,0.0025580808654253988
9348.0,0.8627020150611152,0.13125874559409542,0.006039239344789421
8426.0,0.4502421121823152,0.522926760840798,0.026831126976886752
8697.0,0.2908801458002223,0.6930429056649817,0.01607694853479593
9183.0,0.2105771520860667,0.764590606002168,0.02483224191176538
8908.0,0.881727294429395,0.11657949293744631,0.0016932126331586153
9653.0,0.42933844856704084,0.5540171790183521,0.01664437241460711
8197.0,0.08432046137977035,0.6223423994098716,0.29333713921035814
8470.0,0.14089630922502627,0.669134728829135,0.18996896194583857
9008.0,0.18955398833751494,0.7329826063339767,0.07746340532850834
8739.0,0.9145449795871148,0.08525000460056262,2.0501581232261446E-4
9289.0,0.4532074633451418,0.5288925864898198,0.017899950165038384
9562.0,0.7233293764374611,0.2629912160739126,0.013679407488626187
8840.0,0.18702732755066465,0.7832828767951207,0.029689795654214708
9115.0,0.014536177700788454,0.7298252974213033,0.25563852487790817
8637.0,0.009650850442459995,0.7623068174597021,0.22804233209783792
8366.0,0.401095022471554,0.5588285239902987,0.04007645353814726
9442.0,0.46687955207375914,0.5184241456853522,0.014696302240888571
8807.0,0.6476725453047683,0.34983111661542654,0.0024963380798051823
8096.0,0.016860072856449113,0.8325257586172655,0.15061416852628542
9076.0,0.010033916959148643,0.7708584497035624,0.219107633337289
8530.0,0.01836191212464022,0.916046443460238,0.06559164441512187
8257.0,0.15339330648299468,0.6084625938997047,0.2381440996173006
9502.0,0.5521491359350335,0.4408202301660273,0.0070306338989393445
9229.0,0.5306121875108962,0.45379117521823475,0.015596637270869074
9771.0,0.7684668500064,0.22880956983377498,0.002723580159825104
9046.0,0.17568867946506656,0.6755671772055531,0.14874414332938032
8773.0,0.27725916503105863,0.6699495001238503,0.05279133484509109
8113.0,0.8284921283279623,0.16924076085753822,0.0022671108144994914
8291.0,0.01673491660659942,0.6978055501065267,0.2854595332868738
8560.0,0.44943402866983106,0.42625140548079515,0.12431456584937386
9263.0,0.14891424852714213,0.8230549352067364,0.02803081626612145
9532.0,0.6386368328420996,0.35026447961614227,0.011098687541758153
9737.0,0.015502328395011821,0.8869080784757291,0.0975895931292592
9145.0,0.5287184964345435,0.4502033594766812,0.021078144088775348
8874.0,0.2515469293524822,0.7238184286600873,0.024634641987430574
8332.0,0.8246149112175302,0.17452193647736883,8.631523051009142E-4
8607.0,0.2815291914418487,0.5677688607706285,0.15070194778752286
9408.0,0.8020124652591948,0.190372395269191,0.007615139471614181
9683.0,0.6482782543211857,0.3406110950387605,0.011110650640053748
9593.0,0.4197591250154934,0.557113105486466,0.023127769498040567
9322.0,0.010271312633105418,0.8873560448701299,0.10237264249676478
8501.0,0.6486568040813877,0.34273430413288203,0.00860889178573032
8230.0,0.7755092173678038,0.21919673021460562,0.005294052417590592
8704.0,0.5386902673533629,0.4490444657396346,0.012265266907002486
8979.0,0.1441964364704302,0.6053315925907312,0.25047197093883855
9622.0,0.2539830282836274,0.6764401757461628,0.06957679597020967
9349.0,0.4652896788751547,0.512523916359754,0.022186404765091264
8666.0,0.4508897043546727,0.5103090609242714,0.038801234721055816
8393.0,0.560322696792294,0.43036783276565826,0.009309470442047796
8164.0,0.012425782419024367,0.7947032507840839,0.19287096679689178
8943.0,0.11997002762031439,0.7872706487987463,0.09275932358093926
9212.0,0.17071627323165,0.7589322116962551,0.07035151507209486
9383.0,0.6509971315891908,0.33573943783954774,0.013263430571261522
9652.0,0.7840748372987892,0.21531741732494944,6.077453762613092E-4
8427.0,0.5440120950705877,0.4313321709105278,0.024655734018884507
8696.0,0.8578713666514131,0.1411794792273044,9.491541212826557E-4
9182.0,0.639880598367794,0.35590308194517273,0.00421631968703323
8909.0,0.30810587322539973,0.6359329016916521,0.055961225082948304
8181.0,0.17201600023468863,0.8004732394309383,0.02751076033437302
9288.0,0.12022098443545495,0.7925001006731449,0.08727891489140019
9563.0,0.017685405150171807,0.9138202545346857,0.06849434031514248
8196.0,0.010675538531798477,0.8225313243072543,0.1667931371609473
8471.0,0.5963988266393819,0.3888910500572223,0.014710123303395703
9009.0,0.2732779310581611,0.7029913846184382,0.023730684323400603
8738.0,0.19538155951815592,0.7408988397564958,0.06371960072534835
9712.0,0.016348818618154487,0.9308592690722348,0.052791912309610715
9443.0,0.1976982505252092,0.7587277928435298,0.04357395663126101
8151.0,0.34437233797902567,0.631510523808472,0.02411713821250245
8841.0,0.5594212531334712,0.4118565730219407,0.028722173844588087
9114.0,0.9235039334627414,0.07600202444646058,4.940420907979426E-4
8636.0,0.29244529913631623,0.6699259998903819,0.03762870097330181
8367.0,0.1615786875080305,0.6894113040459924,0.149010008445977
9503.0,0.8375968380896147,0.16133260629727095,0.0010705556131143904
9228.0,0.9129850994966476,0.08613712637501884,8.777741283334808E-4
9770.0,0.17858567799209007,0.6134913097175314,0.20792301229037852
8806.0,0.10481519859406128,0.7593367840181875,0.13584801738775137
9077.0,0.016555505819535937,0.7975516605196858,0.18589283366077836
8531.0,0.3337071324622521,0.6165464432558023,0.0497464242819457
8256.0,0.2693720630104724,0.7069676629762779,0.023660274013249723
9262.0,0.021159977854017353,0.8764807171390546,0.102359305006928
9533.0,0.013634406585404851,0.8132275123590527,0.17313808105554257
9736.0,0.3391130333865327,0.6348726473041301,0.026014319309337224
9047.0,0.009478838159378885,0.826617074470192,0.1639040873704292
8772.0,0.0192896820890759,0.846227005699014,0.1344833122119101
8290.0,0.17514035699391967,0.7802380281351271,0.04462161487095319
8561.0,0.013389982296061248,0.8491895767686891,0.13742044093524972
9409.0,0.030086577732198597,0.904452097973374,0.06546132429442736
9682.0,0.1949330967782801,0.6711912068791056,0.1338756963426143
9144.0,0.8171603796438336,0.1818886731977241,9.509471584423358E-4
8875.0,0.016476369796159972,0.845076419041118,0.13844721116272196
8134.0,0.021856213248007073,0.9239557500217687,0.05418803673022427
8333.0,0.0884119250196835,0.7486951643793198,0.16289291060099662
8606.0,0.608584515058886,0.37952475899862015,0.011890725942493754
8394.0,0.5957835710065101,0.39471843581716504,0.009497993176324876
8665.0,0.5924821793917484,0.3978140783546108,0.009703742253640783
9215.0,0.7970009911536579,0.1991536408816541,0.0038453679646879412
8940.0,0.062396080269078766,0.790303750687836,0.1473001690430853
9350.0,0.8544084992900918,0.1440185524897028,0.0015729482202053906
9621.0,0.8410550262971274,0.15776377661465069,0.0011811970882219943
8229.0,0.4988060074112483,0.46395021895160893,0.037243773637142874
8502.0,0.016366358319182463,0.6457261204280059,0.3379075212528117
8976.0,0.3280722315727877,0.6454641930072923,0.026463575419919998
8082.0,0.4141053732302042,0.5675591970410168,0.018335429728779055
8707.0,0.016896032996916877,0.842723175303658,0.14038079169942516
9807.0,0.016136961635051544,0.9092657450345841,0.07459729333036441
9321.0,0.7458741970975531,0.24934817958240463,0.004777623320042282
9594.0,0.020616238970836965,0.9121037448132521,0.06728001621591102
8468.0,0.8182864392866037,0.17871914468457933,0.002994416028817045
8199.0,0.015581285241422547,0.9027301564833147,0.08168855827526295
8737.0,0.43619841838896606,0.5468416389415172,0.016959942669516788
9010.0,0.010012327861875694,0.8908257483587804,0.09916192377934395
9560.0,0.1528152954860622,0.7381189216888331,0.10906578282510458
9291.0,0.3297060631089226,0.6406741765364156,0.029619760354661854
8699.0,0.8579060742406438,0.14117205895361284,9.218668057434694E-4
8424.0,0.6763066308749451,0.3163767787598505,0.007316590365204476
8910.0,0.4445116237362928,0.4257568925618824,0.1297314837018247
9181.0,0.24996463459570012,0.5992378371054214,0.15079752829887852
9380.0,0.25849991021261487,0.6953213227276612,0.0461787670597238
9078.0,0.11856935341051066,0.8469846641241434,0.03444598246534593
8805.0,0.6870522814088196,0.28354336824196186,0.029404350349218563
8097.0,0.6852199349123722,0.31330428586351294,0.001475779224114869
8259.0,0.619295960087316,0.3764948196811348,0.004209220231549177
8528.0,0.4983101270462772,0.49044740866819175,0.011242464285531049
9231.0,0.483696213608788,0.5036970404874684,0.012606745903743591
9500.0,0.33844277676979584,0.6040039875895382,0.05755323564066593
9769.0,0.3274746713712442,0.6365686498671839,0.03595667876157191
8842.0,0.5455221528432562,0.4387566644492994,0.015721182707444194
8364.0,0.017878173672833887,0.5098961502534469,0.4722256760737193
8639.0,0.31168396699183076,0.6708147461395032,0.017501286868666036
9440.0,0.1707308578794762,0.6866662492505898,0.14260289286993394
9715.0,0.011950888058876756,0.7045838465035952,0.28346526543752804
8872.0,0.008301270101011143,0.7762169570294404,0.21548177286954848
9147.0,0.5640345556309438,0.42023059758990555,0.015734846779150435
8605.0,0.08092431256366461,0.8574362635398346,0.061639423896500796
8334.0,0.4230191102962184,0.5462159672884167,0.030764922415364868
9681.0,0.023287430154757597,0.8197331771673086,0.15697939267793365
8775.0,0.5818987463376701,0.4073581905986321,0.010743063063697563
8112.0,0.6031031465180265,0.37104430446535996,0.025852549016613366
8562.0,0.16103428104342382,0.7759347331916757,0.06303098576490036
8289.0,0.5299423498049843,0.4460615174820097,0.023996132713005942
9534.0,0.6245905593192853,0.3597212822094262,0.015688158471288537
9261.0,0.7798913782805325,0.21227257327518664,0.007836048444280786
9739.0,0.0051475833035382855,0.49283458355195137,0.5020178331445103
9351.0,0.44743390272929295,0.5334235082713159,0.0191425889993912
9620.0,0.10545816623036042,0.7415562639870622,0.15298556978257727
8395.0,0.7785421419776418,0.2166055895431125,0.004852268479245646
8664.0,0.4551986913499327,0.532849646778223,0.0119516618718443
9214.0,0.02040071729709336,0.9116735728361626,0.0679257098667441
8941.0,0.25863159423026266,0.6349073782920454,0.10646102747769204
8165.0,0.2602076015892317,0.7007747581256846,0.039017640285083845
9806.0,0.013517321486828882,0.8727401794605062,0.113742499052665
9320.0,0.6566984555959013,0.32974129310107897,0.013560251303019546
9595.0,0.5242438618174736,0.46727951576447313,0.008476622418053267
8228.0,0.40826909956850577,0.566053951845708,0.025676948585786362
8503.0,0.010306236846957535,0.891241301270384,0.09845246188265844
8977.0,0.8875034356955617,0.11096554351638362,0.0015310207880547821
9290.0,0.7588273299887499,0.23823264943998176,0.002940020571268349
8469.0,0.03243159725540684,0.6948480427978092,0.27272035994678406
8198.0,0.3503508284609039,0.6325066484216312,0.017142523117464985
8736.0,0.3673432604929665,0.6033324741367442,0.029324265370289357
9011.0,0.7438109451767649,0.24963727994408635,0.006551774879148643
9654.0,0.06770659910602748,0.8410389207607339,0.0912544801332386
8698.0,0.011367644548207769,0.37401758188882395,0.6146147735629682
8425.0,0.8124706184803204,0.17810421661718298,0.009425164902496647
8180.0,0.3999745289140668,0.5816006574015035,0.018424813684429803
8911.0,0.15832499328881422,0.7847001620838516,0.05697484462733419
9180.0,0.4930562776664281,0.43531763125068673,0.07162609108288509
9230.0,0.22799067603477596,0.761155720948337,0.01085360301688704
9501.0,0.49322516050460324,0.49427853344325307,0.012496306052143809
9768.0,0.34977310838785836,0.609456075004553,0.040770816607588696
9079.0,0.5393960777014201,0.4540446265014143,0.00655929579716574
8804.0,0.5394855776075833,0.44028750153271196,0.020226920859704754
8258.0,0.15951858249772138,0.7783890211588936,0.06209239634338503
8529.0,0.4298515169250768,0.5556717156489515,0.014476767425971775
9441.0,0.8390568983306314,0.15683365474178979,0.004109446927578742
9112.0,0.48199260369714353,0.5139938347592313,0.004013561543625222
8150.0,0.6368645557663936,0.3579950719290422,0.005140372304564267
8843.0,0.3658256910373292,0.5600781229631714,0.07409618599949941
8365.0,0.6853169667741956,0.3137002325471624,9.828006786418843E-4
8638.0,0.5558439422546942,0.43592100563374897,0.00823505211155681
9680.0,0.6026739705240702,0.39107294227393297,0.006253087201996824
9411.0,0.6365586289226157,0.3580949393430767,0.005346431734307486
8135.0,0.15185969649263079,0.7689779855243996,0.07916231798296967
8873.0,0.786093553046447,0.21146510538162266,0.002441341571930254
9146.0,0.3485363888253151,0.6328397478020388,0.018623863372646123
8604.0,0.015740114857562368,0.796107239978806,0.18815264516363173
8335.0,0.48902370896386144,0.5043481103209809,0.006628180715157557
9535.0,0.662228703855437,0.33110117662026467,0.006670119524298268
9260.0,0.07051511423967238,0.780091419201394,0.14939346655893362
9738.0,0.8248612100977344,0.17446220686741792,6.765830348477636E-4
8774.0,0.020912801411603517,0.6986756896310771,0.2804115089573195
9045.0,0.5957764246364653,0.3989590109814976,0.005264564382037104
8563.0,0.15473755130473166,0.7683443842863485,0.07691806440891973
8288.0,0.319519145885818,0.6454645118094514,0.035016342304730524
9733.0,0.5508338768247394,0.4466829079180682,0.0024832152571925546
9251.0,0.3286470138221683,0.6442897607890525,0.02706322538877908
9520.0,0.6746124160128928,0.3152657626500997,0.010121821337007595
8303.0,0.8700338490598816,0.12885113495530343,0.001115015984815028
8572.0,0.44650909653972354,0.5335783045413964,0.019912598918879885
9050.0,0.6664422181466191,0.3248002373180791,0.00875754453530184
8777.0,0.32638903225530874,0.6250776852332468,0.04853328251144453
8119.0,0.07822409073486146,0.7645150361784511,0.15726087308668754
9420.0,0.4283874737113757,0.5586339249866696,0.012978601301954766
9695.0,0.19473770066077667,0.7626847586130452,0.04257754072617821
8320.0,0.5211796182249959,0.4700193426251569,0.008801039149847137
8595.0,0.3111654663580506,0.6535996468620533,0.035234886779896064
9141.0,0.9289149120484226,0.06990455965864234,0.0011805282929349974
8870.0,0.1287176625568854,0.713437565081066,0.1578447723620485
9725.0,0.23571985441715088,0.7388552552320294,0.02542489035081977
9454.0,0.0280644679546544,0.7779435237765149,0.1939920082688307
8625.0,0.62572853887667,0.3644341487047693,0.009837312418560645
8354.0,0.556310379739777,0.4302311289923671,0.013458491267855883
8836.0,0.7502052711645981,0.24785253998114137,0.0019421888542605686
9111.0,0.02723909834503795,0.905909102035902,0.06685179961905999
9767.0,0.6125463873360155,0.37117992071278544,0.016273691951199105
9490.0,0.21795266811326816,0.7328167944371194,0.0492305374496123
9217.0,0.02661555410163311,0.8781732112766314,0.09521123462173543
8542.0,0.22925551722220103,0.6273153949832582,0.14342908779454075
8269.0,0.8336394936649705,0.1620389391437172,0.004321567191312256
8811.0,0.4832894075136876,0.5043315985169885,0.012378993969323957
8102.0,0.45737743895182814,0.520597462504855,0.02202509854331693
9080.0,0.21385064573074808,0.76023025685809,0.02591909741116193
9386.0,0.00398233346785111,0.745719992310441,0.25029767422170796
9657.0,0.015212527028481963,0.8516497544025041,0.13313771856901388
9171.0,0.5105660490618179,0.48272397675209316,0.006709974186088941
8896.0,0.019287692205030658,0.5726235637446928,0.4080887440502765
8693.0,0.3080480079391218,0.6095689022024353,0.08238308985844292
9285.0,0.11187386363539285,0.7246486436983508,0.1634774926662563
9558.0,0.286003434158438,0.6706036695865714,0.04339289625499061
9020.0,0.027180682463922773,0.8982795952669,0.07453972226917714
8751.0,0.6671580765541926,0.32801241770029166,0.004829505745515835
8201.0,0.6674625815217989,0.3232860794594302,0.009251339018770724
8474.0,0.2742925047005889,0.6869592810504572,0.03874821424895386
9588.0,0.011572217699514728,0.45144412888446195,0.5369836534160234
9319.0,0.17310905509723565,0.4078433575928866,0.41904758730987784
9793.0,0.6321676679314733,0.36274152413303085,0.005090807935495931
8085.0,0.5834257964853328,0.4012991610403456,0.015275042474321683
8717.0,0.18381303326992723,0.7259633075021437,0.09022365922792905
8990.0,0.7577885726193829,0.23634978533565187,0.005861642044965199
8504.0,0.4654101307457452,0.5205482672991405,0.014041601955114264
8235.0,0.23643429602456206,0.6972393695784858,0.0663263343969523
9627.0,0.21583602725325574,0.631748653426735,0.15241531932000918
9352.0,0.6390496131154115,0.34976102419595967,0.011189362688628857
8930.0,0.8714213190213269,0.12814168626299996,4.3699471567316457E-4
9201.0,0.017330972181046726,0.7694297815310479,0.21323924628790522
8663.0,0.1350188006874443,0.8304324681939862,0.03454873111856959
8388.0,0.49294392783812846,0.41373989072967415,0.09331618143219736
8302.0,0.007095694558253182,0.841465492795978,0.1514388126457687
8573.0,0.00548692910727863,0.7523593767763795,0.24215369411634186
9051.0,0.8243011675187482,0.17464388333562106,0.0010549491456307797
8776.0,0.5646653572842797,0.4314711509492974,0.0038634917664229344
9250.0,0.6647841072909215,0.327383268065392,0.007832624643686678
9521.0,0.027933353672411045,0.5221879337658506,0.44987871256173834
8321.0,0.21146621048719771,0.6662150636275668,0.12231872588523536
8594.0,0.3145889404680159,0.6557590803918877,0.029651979140096513
9140.0,0.20229990690722424,0.7658070576461448,0.031893035446630844
8871.0,0.4419337709298724,0.5261587731874742,0.031907455882653486
8128.0,0.4544542463464403,0.5162845919287696,0.029261161724790017
9421.0,0.03372985490122727,0.8924083164430583,0.07386182865571446
9694.0,0.8269635029696287,0.16849398054091547,0.004542516489455652
8624.0,0.007159957460602155,0.7334187877101092,0.25942125482928874
8355.0,0.8819550788397006,0.1176610118636915,3.8390929660787724E-4
8145.0,0.6353242996430579,0.35636161195993427,0.00831408839700783
8837.0,0.045311899368694564,0.5003758536137966,0.45431224701750894
9110.0,0.47244382211551417,0.5181514472482148,0.009404730636270894
9724.0,0.403310312074391,0.5925952654196026,0.004094422506006318
9455.0,0.8873064273439076,0.11152381540856444,0.0011697572475278533
8543.0,0.29066350707689653,0.6870910169686432,0.022245475954460248
8268.0,0.3801622970381224,0.5723285992846854,0.047509103677192105
8810.0,0.3521397428658531,0.6277759023998515,0.020084354734295394
9081.0,0.4108073096311241,0.51214590457052,0.07704678579835585
9766.0,0.8503570115026325,0.14754053128721722,0.0021024572101502326
9491.0,0.37693288540360453,0.6101692159417238,0.012897898654671763
9216.0,0.42714722494511004,0.5479268104529063,0.024925964601983774
9170.0,0.2867321131733117,0.6121275208565868,0.10114036597010148
8179.0,0.04603999466209184,0.7730698687931878,0.18089013654472033
8897.0,0.10804151888436216,0.8097271822753481,0.08223129884028985
8423.0,0.6710803741427385,0.3217348225079772,0.007184803349284358
8692.0,0.30333498164866535,0.678247891880792,0.01841712647054248
9387.0,0.7310130794639779,0.2686553812429329,3.315392930891078E-4
9021.0,0.9235235732612592,0.0758221975475088,6.542291912319303E-4
8750.0,0.5529273177635519,0.4429049455925586,0.004167736643889473
8200.0,0.00821975204572373,0.4498812430963575,0.5418990048579186
8475.0,0.319442971639652,0.6393420333363828,0.04121499502396507
9559.0,0.6742067467003595,0.32091646652914524,0.00487678677049534
8716.0,0.014843099404071755,0.8473110932779437,0.13784580731798457
8991.0,0.7807510936957442,0.21654669019239758,0.002702216111858234
8505.0,0.011233100704771294,0.7901521791482357,0.19861472014699305
8234.0,0.4502523274129605,0.5402336560545217,0.009514016532517813
9589.0,0.14686433029899193,0.5641023448572616,0.2890333248437465
9318.0,0.5317782286861098,0.4598980391182327,0.008323732195657463
9792.0,0.5258502051877826,0.4649257107571301,0.009224084055087388
8931.0,0.014676989912947542,0.9179848527747481,0.06733815731230433
8162.0,0.026830498108028376,0.8582745111941663,0.11489499069780537
9200.0,0.03138959025389318,0.908720879856587,0.05988952988951989
8662.0,0.7247456486147678,0.2700056780411889,0.005248673344043373
8389.0,0.14886592416589212,0.7667696939538289,0.08436438188027907
9626.0,0.033509979242086,0.8943783894408684,0.07211163131704547
9693.0,0.27798522676190873,0.6518366370698156,0.07017813616827553
9422.0,0.810491013297141,0.187185751849178,0.002323234853680989
8593.0,0.8542203686040167,0.14219784653886092,0.0035817848571222423
8322.0,0.7237921781115649,0.2720396853511327,0.004168136537302364
8868.0,0.8945510138990694,0.1041905352402252,0.0012584508607054407
9143.0,0.43716695019087526,0.5352106462543497,0.027622403554775084
9735.0,0.4255190727653334,0.540650316918501,0.033830610316165695
9522.0,0.6036131324543653,0.3885699923387939,0.007816875206840776
9249.0,0.008361865195202567,0.6034348117152369,0.3882033230895605
8574.0,0.19522351707182298,0.7436471143291961,0.06112936859898097
8301.0,0.8995438844287794,0.09831723343636482,0.0021388821348557554
8118.0,0.1540664377282687,0.794914699568135,0.05101886270359623
8779.0,0.6628461407135993,0.3334982026586096,0.003655656627791243
9048.0,0.9010157480939363,0.09832734925205712,6.569026540066013E-4
9765.0,0.2286119599446671,0.6613951506300334,0.10999288942529951
9219.0,0.21016932617451406,0.643758653040478,0.14607202078500808
8271.0,0.5336560855820747,0.4523220460606617,0.014021868357263694
8540.0,0.06876742476924667,0.744179173000326,0.18705340223042732
9082.0,0.011677279816214975,0.8947253847150782,0.09359733546870683
8103.0,0.24715220722514936,0.661152876003874,0.09169491677097663
8809.0,0.16680793823918413,0.7506301455286204,0.08256191623219551
9452.0,0.5164269568080577,0.4713343665355874,0.012238676656354992
9727.0,0.3664040346119285,0.6184588787645467,0.01513708662352472
8352.0,0.6635267580343069,0.3295863141617986,0.006886927803894324
8627.0,0.02958371754393812,0.8323467295712385,0.1380695528848234
9109.0,0.01009032750701125,0.8174553153793108,0.17245435711367793
8838.0,0.7167848308243356,0.28149580175684263,0.001719367418821725
9556.0,0.7605162103012478,0.2325762507500427,0.006907538948709473
9287.0,0.8146037002354297,0.18008090512199784,0.0053153946425725344
8749.0,0.40716940211233715,0.508544997624684,0.08428560026297892
9022.0,0.45901478949266783,0.5068238299388184,0.03416138056851388
8472.0,0.12933450497983728,0.7851800067302582,0.08548548828990456
8203.0,0.46751403167590644,0.48827353755471004,0.044212430769383484
9659.0,0.32902256459474233,0.6542870380850317,0.01669039732022603
9384.0,0.2793450924991235,0.44121310980694817,0.2794417976939284
8898.0,0.6559203965026957,0.34108110993206464,0.0029984935652397067
9169.0,0.13751533562796284,0.7105417465997662,0.15194291777227098
8695.0,0.4176974074853257,0.5593581503150913,0.022944442199583057
8420.0,0.5443084134782253,0.4522897345267196,0.0034018519950550132
9354.0,0.2686123488334007,0.7065028373227578,0.02488481384384152
8928.0,0.7452698571427712,0.2510966626926645,0.003633480164564213
8390.0,0.007350036625166002,0.5998403426009505,0.39280962077388354
8661.0,0.31867595399066373,0.6569788983337579,0.02434514767557834
9317.0,0.013762888040489306,0.7355128619407472,0.2507242500187636
9590.0,0.5841490711309538,0.410199672182469,0.0056512566865770724
9795.0,0.3847455036398818,0.590762066906395,0.024492429453723177
8988.0,0.4715808559486269,0.5219778742802336,0.00644126977113957
8084.0,0.5513202899966511,0.44485759817211573,0.003822111831233193
8719.0,0.5129480502602,0.47903759379136374,0.008014355948436256
8233.0,0.0670679820438474,0.8716852363085312,0.06124678164762146
8506.0,0.6818032650921176,0.30698902580209086,0.011207709105791514
8592.0,0.4619858330770023,0.5027580326411172,0.03525613428188054
8323.0,0.5654586459647518,0.4226117715316626,0.011929582503585525
8129.0,0.5382118511309382,0.4191469788853046,0.042641169983757235
8869.0,0.25248104519764586,0.7076457871967354,0.03987316760561869
9142.0,0.7395952985074531,0.25439504761770965,0.0060096538748372645
9692.0,0.5723711835900462,0.41427566290979406,0.01335315350015982
9423.0,0.47142039742946595,0.4878423881687668,0.04073721440176725
8575.0,0.8061610922747736,0.18922694298733236,0.0046119647378940155
8300.0,0.009536140192520089,0.5706087963997811,0.4198550634076987
8778.0,0.022208725167027765,0.9203088534520897,0.05748242138088249
9523.0,0.11239917945856281,0.8158513386131938,0.07174948192824339
9248.0,0.7105880995299061,0.2831397661499589,0.0062721343201350005
8270.0,0.6329118070648586,0.3529866515196911,0.014101541415450163
8541.0,0.006821034235506512,0.5542792894032434,0.43889967636125005
9083.0,0.4226241109949611,0.5391491666474536,0.03822672235758533
8808.0,0.029555272138676248,0.7980977419609938,0.1723469859003299
9764.0,0.3769810647198473,0.6013624613878985,0.02165647389225419
9218.0,0.052822728840584886,0.8046128953311285,0.14256437582828668
9489.0,0.821717235677363,0.17647429658518,0.0018084677374569581
8353.0,0.4665720474338132,0.5239566385997854,0.009471313966401322
8626.0,0.43180895838936434,0.5577101359885763,0.010480905622059389
8839.0,0.02962767985158852,0.5672273778702059,0.4031449422782057
8144.0,0.8855966213158489,0.11255332406481292,0.0018500546193381063
9453.0,0.35128955919362365,0.6347076074567959,0.014002833349580432
