9179.0,0.6666666666666666,0.3333333333333333,0.0
8904.0,0.6666666666666666,0.3333333333333333,0.0
8701.0,0.1166666666666668,0.6666666666666664,0.21666666666666676
9378.0,0.3366666666666667,0.6633333333333333,0.0
9012.0,0.6666666666666666,0.3333333333333333,0.0
8743.0,0.05000000000000006,0.32333333333333325,0.6266666666666667
8193.0,0.1966666666666668,0.6666666666666663,0.13666666666666683
8466.0,0.05666666666666668,0.3800000000000003,0.563333333333333
9293.0,0.6433333333333332,0.3566666666666669,0.0
9566.0,0.6666666666666666,0.3333333333333333,0.0
8081.0,0.01666666666666668,0.6366666666666665,0.3466666666666668
8709.0,0.006666666666666666,0.5433333333333332,0.4500000000000001
8982.0,0.0,0.39666666666666694,0.603333333333333
8496.0,0.6666666666666666,0.3333333333333333,0.0
8227.0,0.16666666666666688,0.6666666666666663,0.16666666666666688
9596.0,0.14000000000000018,0.6666666666666663,0.19333333333333347
9327.0,0.5999999999999999,0.40000000000000024,0.0
9801.0,0.0,0.3866666666666668,0.6133333333333332
8938.0,0.0,0.6566666666666666,0.3433333333333335
8671.0,0.006666666666666666,0.5066666666666666,0.4866666666666667
8396.0,0.6666666666666666,0.3333333333333333,0.0
9619.0,0.0,0.5199999999999999,0.4800000000000001
9344.0,0.6333333333333331,0.3666666666666668,0.0
8295.0,0.08666666666666661,0.5033333333333334,0.41
8564.0,0.003333333333333337,0.66,0.3366666666666667
9042.0,0.3500000000000001,0.6433333333333332,0.006666666666666673
8769.0,0.3166666666666666,0.6666666666666667,0.016666666666666687
8115.0,0.6666666666666666,0.3333333333333333,0.0
9741.0,0.0,0.35666666666666685,0.6433333333333331
9259.0,0.13666666666666685,0.6666666666666664,0.19666666666666682
9528.0,0.003333333333333336,0.6566666666666665,0.3400000000000001
8328.0,0.5199999999999999,0.46000000000000013,0.02
8603.0,0.33,0.6666666666666667,0.0033333333333333375
9149.0,0.23666666666666675,0.6666666666666665,0.09666666666666676
8878.0,0.6666666666666666,0.3333333333333333,0.0
9687.0,0.003333333333333336,0.6499999999999998,0.3466666666666668
8633.0,0.6333333333333331,0.25333333333333335,0.11333333333333345
8362.0,0.31,0.6666666666666667,0.02333333333333336
8844.0,0.6466666666666665,0.35333333333333344,0.0
9119.0,0.6366666666666665,0.36333333333333345,0.0
9446.0,0.10666666666666676,0.6633333333333331,0.23000000000000007
8534.0,0.49999999999999983,0.5000000000000001,0.0
8261.0,0.31999999999999995,0.6633333333333333,0.016666666666666684
8098.0,0.6099999999999998,0.39000000000000024,0.0
8803.0,0.6666666666666666,0.3333333333333333,0.0
9072.0,0.6366666666666664,0.3633333333333336,0.0
9775.0,0.45,0.55,0.0
9498.0,0.36000000000000015,0.6299999999999998,0.010000000000000009
9225.0,0.3500000000000002,0.6499999999999999,0.0
9379.0,0.4766666666666666,0.5233333333333334,0.0
9648.0,0.6499999999999999,0.3500000000000002,0.0
9178.0,0.3333333333333333,0.6666666666666666,0.0
8183.0,0.0033333333333333366,0.35666666666666685,0.6399999999999998
8905.0,0.0,0.6366666666666664,0.3633333333333336
8431.0,0.0,0.3433333333333334,0.6566666666666665
8700.0,0.6533333333333332,0.3466666666666668,0.0
9292.0,0.3333333333333333,0.6666666666666666,0.0
9567.0,0.0,0.6466666666666665,0.3533333333333335
9013.0,0.4366666666666669,0.563333333333333,0.0
8742.0,0.003333333333333337,0.6633333333333333,0.33333333333333337
8192.0,0.5499999999999999,0.4500000000000001,0.0
8467.0,0.6166666666666665,0.3833333333333334,0.0
9597.0,0.5766666666666664,0.42333333333333356,0.0
9326.0,0.4633333333333336,0.5366666666666664,0.0
9800.0,0.0,0.34666666666666685,0.6533333333333332
8708.0,0.6666666666666667,0.32333333333333325,0.010000000000000012
8983.0,0.54,0.45999999999999985,0.0
8497.0,0.14666666666666686,0.6666666666666663,0.18666666666666681
8226.0,0.13000000000000017,0.6366666666666665,0.23333333333333342
9618.0,0.6666666666666666,0.3333333333333333,0.0
9345.0,0.1766666666666668,0.663333333333333,0.1600000000000002
8166.0,0.020000000000000018,0.6433333333333332,0.3366666666666668
8939.0,0.6666666666666666,0.3333333333333333,0.0
9208.0,0.6466666666666665,0.35333333333333344,0.0
8670.0,0.29666666666666663,0.6666666666666666,0.03666666666666671
8397.0,0.6333333333333332,0.3666666666666668,0.0
9740.0,0.6666666666666666,0.3333333333333333,0.0
9258.0,0.6033333333333332,0.3966666666666668,0.0
9529.0,0.41000000000000014,0.5899999999999999,0.0
8294.0,0.6666666666666666,0.3333333333333333,0.0
8565.0,0.0,0.33666666666666667,0.6633333333333333
9043.0,0.3633333333333336,0.6366666666666665,0.0
8768.0,0.3333333333333333,0.6666666666666666,0.0
9413.0,0.20666666666666678,0.6666666666666664,0.12666666666666682
9686.0,0.6666666666666666,0.3333333333333333,0.0
8329.0,0.27999999999999997,0.6599999999999999,0.06000000000000004
8602.0,0.3333333333333333,0.6666666666666666,0.0
9148.0,0.6666666666666666,0.3333333333333333,0.0
8879.0,0.10666666666666674,0.5799999999999998,0.3133333333333333
8132.0,0.6666666666666666,0.3333333333333333,0.0
9716.0,0.030000000000000034,0.66,0.30999999999999994
9447.0,0.010000000000000012,0.6666666666666667,0.32333333333333325
8632.0,0.6666666666666666,0.3333333333333333,0.0
8363.0,0.6599999999999997,0.1866666666666668,0.15333333333333352
8149.0,0.3533333333333335,0.6433333333333332,0.0033333333333333366
8845.0,0.6666666666666666,0.3333333333333333,0.0
9118.0,0.0,0.3833333333333336,0.6166666666666664
9774.0,0.18000000000000013,0.6099999999999998,0.21000000000000013
9499.0,0.07000000000000005,0.62,0.31
9224.0,0.37333333333333363,0.6266666666666664,0.0
8535.0,0.6566666666666666,0.3433333333333335,0.0
8260.0,0.14666666666666686,0.6566666666666664,0.19666666666666682
8802.0,0.23333333333333342,0.6666666666666665,0.1000000000000001
9073.0,0.3333333333333333,0.6166666666666667,0.05000000000000005
8741.0,0.6066666666666665,0.3933333333333334,0.0
9014.0,0.5233333333333332,0.4766666666666668,0.0
8464.0,0.29666666666666663,0.6666666666666666,0.03666666666666671
8195.0,0.4166666666666665,0.46,0.12333333333333334
9564.0,0.0,0.36666666666666686,0.6333333333333331
9295.0,0.6666666666666666,0.3333333333333333,0.0
8906.0,0.3333333333333333,0.6666666666666666,0.0
9177.0,0.6666666666666666,0.3333333333333333,0.0
8703.0,0.006666666666666666,0.4966666666666667,0.4966666666666666
8428.0,0.0,0.3800000000000003,0.6199999999999997
9651.0,0.5566666666666666,0.3733333333333333,0.06999999999999999
9376.0,0.36666666666666686,0.6199999999999998,0.013333333333333345
9211.0,0.4966666666666668,0.5033333333333333,0.0
8936.0,0.6366666666666665,0.36333333333333356,0.0
8398.0,0.033333333333333326,0.4566666666666669,0.5099999999999997
8669.0,0.4700000000000002,0.5299999999999998,0.0
9346.0,0.48333333333333334,0.5166666666666666,0.0
9617.0,0.02333333333333333,0.42333333333333356,0.5533333333333331
8980.0,0.6633333333333333,0.3366666666666667,0.0
8080.0,0.003333333333333335,0.6299999999999997,0.366666666666667
8711.0,0.0,0.6333333333333331,0.36666666666666686
8225.0,0.4666666666666668,0.5333333333333331,0.0
8498.0,0.6633333333333333,0.33666666666666667,0.0
9325.0,0.33666666666666667,0.6633333333333333,0.0
9598.0,0.6466666666666665,0.35333333333333344,0.0
9803.0,0.26999999999999996,0.6599999999999999,0.07000000000000005
8601.0,0.6666666666666666,0.3333333333333333,0.0
8330.0,0.3333333333333333,0.6666666666666666,0.0
8876.0,0.6666666666666666,0.3333333333333333,0.0
9151.0,0.6666666666666666,0.3333333333333333,0.0
9685.0,0.02333333333333336,0.66,0.31666666666666665
9414.0,0.33,0.6666666666666667,0.0033333333333333375
8566.0,0.026666666666666696,0.6466666666666666,0.3266666666666667
8293.0,0.6366666666666665,0.36333333333333345,0.0
8771.0,0.0,0.5966666666666667,0.4033333333333334
8114.0,0.2766666666666666,0.6666666666666665,0.056666666666666705
9040.0,0.08666666666666675,0.6166666666666666,0.2966666666666666
9743.0,0.08000000000000004,0.6666666666666665,0.25333333333333335
9530.0,0.5200000000000002,0.47999999999999976,0.0
8263.0,0.6666666666666666,0.3333333333333333,0.0
8532.0,0.3166666666666666,0.6666666666666667,0.016666666666666687
9074.0,0.6666666666666666,0.3333333333333333,0.0
8801.0,0.35666666666666685,0.6433333333333331,0.0
8099.0,0.5866666666666664,0.4133333333333336,0.0
9773.0,0.6599999999999999,0.34,0.0
9227.0,0.33333333333333337,0.6633333333333334,0.0033333333333333375
9496.0,0.046666666666666703,0.62,0.3333333333333332
8360.0,0.24333333333333337,0.6666666666666665,0.09000000000000007
8635.0,0.4466666666666668,0.5533333333333331,0.0
9117.0,0.3500000000000001,0.6499999999999998,0.0
8846.0,0.29666666666666663,0.6633333333333333,0.04000000000000004
9444.0,0.07,0.5666666666666665,0.3633333333333335
9719.0,0.4133333333333335,0.5866666666666664,0.0
9565.0,0.6666666666666666,0.3333333333333333,0.0
9294.0,0.38666666666666694,0.6133333333333331,0.0
8740.0,0.29666666666666647,0.40000000000000036,0.30333333333333323
8465.0,0.03666666666666671,0.6666666666666666,0.29666666666666663
8194.0,0.5699999999999997,0.43000000000000027,0.0
9650.0,0.34,0.6599999999999999,0.0
9377.0,0.32333333333333325,0.6366666666666667,0.04000000000000005
8182.0,0.3333333333333333,0.6666666666666666,0.0
8907.0,0.10333333333333343,0.6566666666666665,0.24000000000000007
9176.0,0.5599999999999996,0.44000000000000034,0.0
8702.0,0.6299999999999999,0.3700000000000001,0.0
8429.0,0.4033333333333335,0.5966666666666666,0.0
9347.0,0.33666666666666667,0.6633333333333333,0.0
9616.0,0.3133333333333333,0.6499999999999999,0.03666666666666671
9210.0,0.13000000000000017,0.6433333333333331,0.2266666666666668
8937.0,0.19000000000000014,0.6666666666666663,0.1433333333333335
8167.0,0.6633333333333333,0.3266666666666666,0.01000000000000001
8399.0,0.3833333333333335,0.6166666666666665,0.0
8668.0,0.4000000000000002,0.5899999999999999,0.010000000000000009
9324.0,0.6633333333333333,0.33666666666666667,0.0
9599.0,0.33,0.66,0.010000000000000012
8981.0,0.0,0.4533333333333337,0.5466666666666664
8710.0,0.3566666666666668,0.6433333333333331,0.0
8224.0,0.34,0.6599999999999999,0.0
8499.0,0.053333333333333385,0.6666666666666666,0.27999999999999997
9684.0,0.6666666666666666,0.3333333333333333,0.0
9415.0,0.29666666666666663,0.6666666666666666,0.03666666666666671
8600.0,0.0,0.6333333333333331,0.36666666666666686
8331.0,0.4833333333333336,0.5166666666666664,0.0
8877.0,0.6666666666666666,0.3333333333333333,0.0
8133.0,0.6666666666666666,0.3333333333333333,0.0
9150.0,0.5666666666666665,0.43333333333333346,0.0
9742.0,0.6666666666666666,0.3333333333333333,0.0
9531.0,0.6433333333333331,0.35666666666666685,0.0
9256.0,0.33666666666666667,0.5966666666666667,0.0666666666666667
8567.0,0.08000000000000006,0.6033333333333333,0.31666666666666654
8292.0,0.33666666666666667,0.6333333333333333,0.030000000000000034
8770.0,0.6666666666666666,0.3333333333333333,0.0
9041.0,0.5599999999999998,0.4400000000000001,0.0
9772.0,0.6533333333333332,0.3466666666666668,0.0
9226.0,0.30666666666666664,0.66,0.033333333333333375
9497.0,0.3366666666666667,0.6633333333333333,0.0
8262.0,0.0,0.6133333333333331,0.3866666666666668
8533.0,0.3333333333333333,0.6666666666666666,0.0
9075.0,0.4000000000000003,0.5999999999999996,0.0
8800.0,0.6666666666666666,0.3333333333333333,0.0
9445.0,0.10666666666666678,0.6499999999999998,0.24333333333333343
9718.0,0.24000000000000007,0.6666666666666665,0.09333333333333342
8361.0,0.0,0.46666666666666695,0.5333333333333331
8634.0,0.6399999999999998,0.3600000000000002,0.0
9116.0,0.5566666666666665,0.4433333333333336,0.0
8847.0,0.3766666666666666,0.4800000000000001,0.14333333333333337
8148.0,0.54,0.46,0.0
8500.0,0.0,0.6166666666666663,0.3833333333333337
8231.0,0.6666666666666666,0.3333333333333333,0.0
8705.0,0.6633333333333333,0.33666666666666667,0.0
8083.0,0.6666666666666666,0.3333333333333333,0.0
8978.0,0.2533333333333333,0.5899999999999999,0.15666666666666693
9805.0,0.0,0.3800000000000003,0.6199999999999998
9592.0,0.6666666666666666,0.3333333333333333,0.0
9323.0,0.39666666666666694,0.6033333333333332,0.0
8667.0,0.6166666666666665,0.3833333333333336,0.0
8392.0,0.6266666666666664,0.37333333333333363,0.0
8942.0,0.010000000000000012,0.6666666666666667,0.32333333333333325
9213.0,0.020000000000000025,0.6666666666666667,0.3133333333333333
9623.0,0.6666666666666666,0.3333333333333333,0.0
9348.0,0.6666666666666666,0.3333333333333333,0.0
8426.0,0.33,0.6666666666666667,0.0033333333333333375
8697.0,0.2133333333333334,0.6499999999999998,0.13666666666666683
9183.0,0.3566666666666668,0.6433333333333331,0.0
8908.0,0.6666666666666666,0.3333333333333333,0.0
9653.0,0.36666666666666675,0.6333333333333332,0.0
8197.0,0.0,0.3366666666666667,0.6633333333333333
8470.0,0.12000000000000009,0.5599999999999999,0.32
9008.0,0.1266666666666668,0.6133333333333332,0.26000000000000006
8739.0,0.6666666666666666,0.3333333333333333,0.0
9289.0,0.3333333333333333,0.6666666666666666,0.0
9562.0,0.6666666666666666,0.3333333333333333,0.0
8840.0,0.3333333333333333,0.6666666666666666,0.0
9115.0,0.0,0.5966666666666663,0.40333333333333365
8637.0,0.053333333333333385,0.6166666666666666,0.33
8366.0,0.5399999999999998,0.46000000000000013,0.0
9442.0,0.5099999999999999,0.49000000000000005,0.0
8807.0,0.6666666666666666,0.3333333333333333,0.0
8096.0,0.020000000000000025,0.6666666666666667,0.3133333333333333
9076.0,0.0,0.6299999999999998,0.3700000000000002
8530.0,0.2300000000000001,0.6666666666666665,0.10333333333333344
8257.0,0.0,0.3533333333333335,0.6466666666666665
9502.0,0.34,0.6599999999999999,0.0
9229.0,0.3066666666666666,0.6666666666666666,0.026666666666666696
9771.0,0.6666666666666666,0.3333333333333333,0.0
9046.0,0.0,0.6599999999999999,0.3400000000000001
8773.0,0.25,0.6599999999999998,0.09000000000000005
8113.0,0.6666666666666666,0.3333333333333333,0.0
8291.0,0.26000000000000006,0.6666666666666666,0.07333333333333339
8560.0,0.5599999999999998,0.4400000000000003,0.0
9263.0,0.3333333333333333,0.6666666666666666,0.0
9532.0,0.4566666666666667,0.5433333333333332,0.0
9737.0,0.0,0.6133333333333331,0.3866666666666668
9145.0,0.6666666666666666,0.3333333333333333,0.0
8874.0,0.3333333333333334,0.6366666666666665,0.030000000000000027
8332.0,0.6633333333333333,0.33666666666666667,0.0
8607.0,0.3,0.6566666666666667,0.04333333333333338
9408.0,0.6666666666666666,0.3333333333333333,0.0
9683.0,0.6633333333333333,0.3366666666666667,0.0
9593.0,0.5599999999999999,0.4400000000000001,0.0
9322.0,0.3166666666666666,0.6666666666666667,0.016666666666666687
8501.0,0.6633333333333333,0.3366666666666667,0.0
8230.0,0.6666666666666666,0.3333333333333333,0.0
8704.0,0.6133333333333332,0.38666666666666694,0.0
8979.0,0.10333333333333342,0.6433333333333333,0.2533333333333333
9622.0,0.53,0.4699999999999999,0.0
9349.0,0.4733333333333334,0.5266666666666666,0.0
8666.0,0.12666666666666682,0.6599999999999997,0.21333333333333343
8393.0,0.5000000000000001,0.49999999999999994,0.0
8164.0,0.21666666666666676,0.6666666666666664,0.1166666666666668
8943.0,0.2733333333333334,0.6666666666666666,0.06000000000000005
9212.0,0.23666666666666666,0.6566666666666665,0.10666666666666677
9383.0,0.6599999999999999,0.3400000000000001,0.0
9652.0,0.6666666666666666,0.3333333333333333,0.0
8427.0,0.6566666666666666,0.3433333333333334,0.0
8696.0,0.6666666666666666,0.3333333333333333,0.0
9182.0,0.6666666666666666,0.3333333333333333,0.0
8909.0,0.26999999999999996,0.6633333333333333,0.06666666666666672
8181.0,0.5533333333333332,0.4466666666666668,0.0
9288.0,0.3333333333333333,0.6666666666666666,0.0
9563.0,0.47333333333333344,0.5266666666666665,0.0
8196.0,0.0,0.6666666666666666,0.3333333333333333
8471.0,0.6533333333333331,0.3466666666666668,0.0
9009.0,0.33333333333333337,0.6633333333333334,0.0033333333333333375
8738.0,0.2100000000000001,0.6666666666666664,0.12333333333333348
9712.0,0.3333333333333333,0.6666666666666666,0.0
9443.0,0.3900000000000003,0.6099999999999997,0.0
8151.0,0.4166666666666669,0.5833333333333331,0.0
8841.0,0.58,0.42000000000000004,0.0
9114.0,0.6666666666666666,0.3333333333333333,0.0
8636.0,0.13666666666666685,0.6599999999999997,0.20333333333333342
8367.0,0.20666666666666678,0.6666666666666664,0.12666666666666682
9503.0,0.6666666666666666,0.3333333333333333,0.0
9228.0,0.6666666666666666,0.3333333333333333,0.0
9770.0,0.32333333333333325,0.6666666666666667,0.010000000000000012
8806.0,0.02000000000000002,0.6466666666666666,0.33333333333333337
9077.0,0.04333333333333333,0.4600000000000001,0.49666666666666665
8531.0,0.036666666666666695,0.6233333333333332,0.3400000000000001
8256.0,0.2666666666666667,0.6666666666666666,0.06666666666666672
9262.0,0.32666666666666666,0.6666666666666667,0.006666666666666675
9533.0,0.13666666666666685,0.6666666666666664,0.19666666666666682
9736.0,0.5766666666666663,0.42333333333333373,0.0
9047.0,0.006666666666666668,0.5733333333333333,0.4200000000000001
8772.0,0.23666666666666675,0.6666666666666665,0.09666666666666676
8290.0,0.35333333333333344,0.6399999999999999,0.006666666666666673
8561.0,0.23666666666666675,0.6566666666666664,0.10666666666666677
9409.0,0.3333333333333333,0.6666666666666666,0.0
9682.0,0.013333333333333346,0.6433333333333332,0.3433333333333335
9144.0,0.6666666666666666,0.3333333333333333,0.0
8875.0,0.1333333333333335,0.663333333333333,0.20333333333333342
8134.0,0.2733333333333334,0.6566666666666666,0.07000000000000005
8333.0,0.019999999999999997,0.53,0.44999999999999996
8606.0,0.6233333333333331,0.37333333333333363,0.003333333333333335
8394.0,0.4066666666666669,0.5933333333333332,0.0
8665.0,0.6666666666666666,0.3333333333333333,0.0
9215.0,0.6599999999999999,0.34,0.0
8940.0,0.32999999999999996,0.6633333333333333,0.006666666666666674
9350.0,0.6666666666666666,0.3333333333333333,0.0
9621.0,0.6666666666666666,0.3333333333333333,0.0
8229.0,0.6566666666666666,0.3433333333333335,0.0
8502.0,0.0033333333333333375,0.6666666666666667,0.33
8976.0,0.32333333333333325,0.6666666666666667,0.010000000000000012
8082.0,0.376666666666667,0.6233333333333331,0.0
8707.0,0.006666666666666666,0.49333333333333323,0.5000000000000001
9807.0,0.3333333333333333,0.6666666666666666,0.0
9321.0,0.6666666666666666,0.3333333333333333,0.0
9594.0,0.3333333333333333,0.6666666666666666,0.0
8468.0,0.6666666666666666,0.3333333333333333,0.0
8199.0,0.0,0.6333333333333331,0.366666666666667
8737.0,0.3433333333333334,0.6566666666666666,0.0
9010.0,0.3066666666666666,0.6666666666666666,0.026666666666666696
9560.0,0.016666666666666684,0.6666666666666666,0.3166666666666666
9291.0,0.30333333333333334,0.6066666666666667,0.09000000000000005
8699.0,0.6666666666666666,0.3333333333333333,0.0
8424.0,0.6666666666666666,0.3333333333333333,0.0
8910.0,0.6666666666666666,0.3333333333333333,0.0
9181.0,0.023333333333333338,0.5366666666666664,0.4400000000000003
9380.0,0.5966666666666663,0.40333333333333365,0.0
9078.0,0.16666666666666674,0.5033333333333334,0.3299999999999999
8805.0,0.6433333333333332,0.35666666666666685,0.0
8097.0,0.4233333333333335,0.5766666666666665,0.0
8259.0,0.4400000000000003,0.5599999999999997,0.0
8528.0,0.6533333333333333,0.3466666666666667,0.0
9231.0,0.5566666666666665,0.4433333333333334,0.0
9500.0,0.25,0.6599999999999998,0.09000000000000005
9769.0,0.3600000000000001,0.6266666666666667,0.01333333333333335
8842.0,0.5599999999999998,0.44000000000000017,0.0
8364.0,0.22000000000000008,0.6666666666666664,0.11333333333333345
8639.0,0.5199999999999999,0.47333333333333344,0.006666666666666665
9440.0,0.0,0.5066666666666666,0.49333333333333335
9715.0,0.0,0.4633333333333335,0.5366666666666666
8872.0,0.006666666666666674,0.6633333333333333,0.32999999999999996
9147.0,0.5933333333333332,0.40666666666666673,0.0
8605.0,0.3333333333333333,0.6666666666666666,0.0
8334.0,0.46000000000000035,0.5399999999999996,0.0
9681.0,0.3366666666666667,0.6233333333333332,0.04000000000000005
8775.0,0.6099999999999998,0.39000000000000035,0.0
8112.0,0.6133333333333332,0.3866666666666669,0.0
8562.0,0.3533333333333335,0.6466666666666665,0.0
8289.0,0.40333333333333354,0.5966666666666663,0.0
9534.0,0.6666666666666666,0.3333333333333333,0.0
9261.0,0.6666666666666666,0.3333333333333333,0.0
9739.0,0.0,0.6299999999999998,0.3700000000000002
9351.0,0.3400000000000001,0.6599999999999999,0.0
9620.0,0.2300000000000001,0.6466666666666665,0.12333333333333345
8395.0,0.6666666666666666,0.3333333333333333,0.0
8664.0,0.3333333333333333,0.6666666666666666,0.0
9214.0,0.25333333333333335,0.6666666666666665,0.08000000000000004
8941.0,0.44000000000000006,0.4766666666666666,0.0833333333333333
8165.0,0.05999999999999999,0.5333333333333332,0.4066666666666668
9806.0,0.006666666666666674,0.6666666666666666,0.3266666666666666
9320.0,0.5133333333333338,0.4866666666666663,0.0
9595.0,0.4,0.6,0.0
8228.0,0.29000000000000004,0.6433333333333333,0.06666666666666674
8503.0,0.0,0.6666666666666666,0.3333333333333333
8977.0,0.6666666666666666,0.3333333333333333,0.0
9290.0,0.6666666666666666,0.3333333333333333,0.0
8469.0,0.0,0.3800000000000003,0.6199999999999998
8198.0,0.3333333333333333,0.6666666666666666,0.0
8736.0,0.33666666666666667,0.6633333333333333,0.0
9011.0,0.6666666666666666,0.3333333333333333,0.0
9654.0,0.15333333333333354,0.6666666666666663,0.18000000000000016
8698.0,0.0,0.583333333333333,0.4166666666666669
8425.0,0.6666666666666666,0.3333333333333333,0.0
8180.0,0.33666666666666667,0.6633333333333333,0.0
8911.0,0.25000000000000006,0.6666666666666665,0.08333333333333338
9180.0,0.3866666666666667,0.4733333333333333,0.14000000000000004
9230.0,0.3433333333333334,0.6566666666666666,0.0
9501.0,0.4233333333333334,0.5733333333333334,0.003333333333333334
9768.0,0.36333333333333356,0.6333333333333332,0.0033333333333333366
9079.0,0.6666666666666666,0.3333333333333333,0.0
8804.0,0.6666666666666666,0.3333333333333333,0.0
8258.0,0.2233333333333334,0.6666666666666664,0.11000000000000011
8529.0,0.3566666666666669,0.6433333333333332,0.0
9441.0,0.6666666666666666,0.3333333333333333,0.0
9112.0,0.3600000000000002,0.6399999999999998,0.0
8150.0,0.5699999999999998,0.4300000000000001,0.0
8843.0,0.05666666666666672,0.6333333333333332,0.31000000000000005
8365.0,0.6333333333333333,0.3466666666666668,0.020000000000000014
8638.0,0.6466666666666664,0.3533333333333335,0.0
9680.0,0.6233333333333331,0.376666666666667,0.0
9411.0,0.6666666666666666,0.3333333333333333,0.0
8135.0,0.3900000000000001,0.6066666666666665,0.0033333333333333357
8873.0,0.6666666666666666,0.3333333333333333,0.0
9146.0,0.3500000000000001,0.6499999999999999,0.0
8604.0,0.28999999999999987,0.5033333333333334,0.20666666666666664
8335.0,0.4066666666666669,0.5933333333333332,0.0
9535.0,0.6666666666666666,0.3333333333333333,0.0
9260.0,0.003333333333333333,0.4933333333333335,0.5033333333333332
9738.0,0.6666666666666666,0.3333333333333333,0.0
8774.0,0.0,0.6366666666666666,0.3633333333333335
9045.0,0.6333333333333331,0.366666666666667,0.0
8563.0,0.3166666666666666,0.6666666666666667,0.016666666666666687
8288.0,0.3333333333333333,0.6666666666666666,0.0
9733.0,0.5899999999999999,0.41000000000000014,0.0
9251.0,0.12000000000000018,0.6599999999999998,0.2200000000000001
9520.0,0.6599999999999999,0.34,0.0
8303.0,0.6666666666666666,0.3333333333333333,0.0
8572.0,0.376666666666667,0.6233333333333331,0.0
9050.0,0.5799999999999997,0.42000000000000026,0.0
8777.0,0.6633333333333333,0.33666666666666667,0.0
8119.0,0.006666666666666672,0.6199999999999997,0.3733333333333337
9420.0,0.5133333333333333,0.48666666666666664,0.0
9695.0,0.14333333333333353,0.6466666666666664,0.21000000000000008
8320.0,0.6633333333333333,0.33666666666666667,0.0
8595.0,0.41000000000000025,0.5899999999999997,0.0
9141.0,0.6666666666666666,0.3333333333333333,0.0
8870.0,0.2566666666666666,0.54,0.20333333333333337
9725.0,0.33666666666666667,0.6499999999999999,0.013333333333333346
9454.0,0.0,0.6633333333333333,0.3366666666666667
8625.0,0.6666666666666666,0.3333333333333333,0.0
8354.0,0.3433333333333335,0.6566666666666666,0.0
8836.0,0.6666666666666666,0.3333333333333333,0.0
9111.0,0.3166666666666666,0.6666666666666667,0.016666666666666687
9767.0,0.3700000000000002,0.6266666666666666,0.0033333333333333366
9490.0,0.5999999999999998,0.3933333333333335,0.006666666666666671
9217.0,0.043333333333333376,0.6666666666666666,0.29
8542.0,0.17000000000000018,0.6099999999999997,0.22000000000000008
8269.0,0.6666666666666666,0.3333333333333333,0.0
8811.0,0.49000000000000016,0.5099999999999999,0.0
8102.0,0.6566666666666666,0.3433333333333335,0.0
9080.0,0.29000000000000004,0.6666666666666667,0.04333333333333338
9386.0,0.0,0.6666666666666666,0.3333333333333333
9657.0,0.020000000000000025,0.6666666666666667,0.3133333333333333
9171.0,0.3333333333333333,0.6666666666666666,0.0
8896.0,0.0,0.49333333333333335,0.5066666666666666
8693.0,0.3066666666666666,0.6666666666666666,0.026666666666666696
9285.0,0.0,0.3533333333333335,0.6466666666666665
9558.0,0.6666666666666666,0.3333333333333333,0.0
9020.0,0.0,0.6666666666666666,0.3333333333333333
8751.0,0.6633333333333333,0.33666666666666667,0.0
8201.0,0.6499999999999998,0.3500000000000001,0.0
8474.0,0.543333333333333,0.45666666666666705,0.0
9588.0,0.29666666666666663,0.6666666666666666,0.03666666666666671
9319.0,0.0,0.4100000000000002,0.5899999999999999
9793.0,0.44666666666666677,0.5533333333333332,0.0
8085.0,0.43000000000000005,0.5233333333333332,0.04666666666666666
8717.0,0.4100000000000003,0.26333333333333325,0.32666666666666655
8990.0,0.44666666666666677,0.5533333333333332,0.0
8504.0,0.6166666666666664,0.38333333333333364,0.0
8235.0,0.11333333333333347,0.6666666666666665,0.2200000000000001
9627.0,0.32333333333333325,0.6666666666666667,0.010000000000000012
9352.0,0.6666666666666666,0.3333333333333333,0.0
8930.0,0.6666666666666666,0.3333333333333333,0.0
9201.0,0.0,0.3333333333333333,0.6666666666666666
8663.0,0.5466666666666666,0.4533333333333334,0.0
8388.0,0.3633333333333335,0.6366666666666665,0.0
8302.0,0.2866666666666666,0.6666666666666666,0.04666666666666671
8573.0,0.0,0.4066666666666669,0.5933333333333332
9051.0,0.6666666666666666,0.3333333333333333,0.0
8776.0,0.6666666666666666,0.3333333333333333,0.0
9250.0,0.6666666666666666,0.3333333333333333,0.0
9521.0,0.0,0.3766666666666668,0.6233333333333332
8321.0,0.33,0.6533333333333333,0.016666666666666687
8594.0,0.19333333333333347,0.6266666666666665,0.18000000000000013
9140.0,0.33666666666666667,0.6566666666666666,0.006666666666666673
8871.0,0.34666666666666685,0.6533333333333332,0.0
8128.0,0.6666666666666666,0.3333333333333333,0.0
9421.0,0.22666666666666674,0.6633333333333331,0.11000000000000011
9694.0,0.6666666666666666,0.3333333333333333,0.0
8624.0,0.0033333333333333375,0.6666666666666667,0.33
8355.0,0.6666666666666666,0.3333333333333333,0.0
8145.0,0.6666666666666666,0.3333333333333333,0.0
8837.0,0.013333333333333348,0.66,0.32666666666666666
9110.0,0.3600000000000002,0.6399999999999998,0.0
9724.0,0.6099999999999997,0.3900000000000003,0.0
9455.0,0.6666666666666666,0.3333333333333333,0.0
8543.0,0.33333333333333337,0.6633333333333334,0.0033333333333333375
8268.0,0.3733333333333333,0.6066666666666667,0.020000000000000014
8810.0,0.04000000000000004,0.6666666666666666,0.2933333333333333
9081.0,0.31999999999999995,0.6666666666666667,0.01333333333333335
9766.0,0.5533333333333331,0.44666666666666693,0.0
9491.0,0.5733333333333333,0.42333333333333345,0.003333333333333334
9216.0,0.4266666666666667,0.5733333333333334,0.0
9170.0,0.01333333333333335,0.6666666666666667,0.31999999999999995
8179.0,0.0,0.4200000000000002,0.5799999999999997
8897.0,0.006666666666666672,0.6199999999999998,0.3733333333333335
8423.0,0.5766666666666664,0.42333333333333356,0.0
8692.0,0.24000000000000002,0.6633333333333332,0.09666666666666676
9387.0,0.6666666666666666,0.3333333333333333,0.0
9021.0,0.6666666666666666,0.3333333333333333,0.0
8750.0,0.6166666666666664,0.3833333333333337,0.0
8200.0,0.0,0.6433333333333332,0.35666666666666674
8475.0,0.3466666666666668,0.6533333333333332,0.0
9559.0,0.6666666666666666,0.3333333333333333,0.0
8716.0,0.0,0.6533333333333332,0.34666666666666673
8991.0,0.6666666666666666,0.3333333333333333,0.0
8505.0,0.0,0.3500000000000002,0.6499999999999999
8234.0,0.6666666666666666,0.3333333333333333,0.0
9589.0,0.0,0.37333333333333363,0.6266666666666664
9318.0,0.4133333333333336,0.5866666666666663,0.0
9792.0,0.5499999999999999,0.43,0.020000000000000004
8931.0,0.21666666666666676,0.6666666666666664,0.1166666666666668
8162.0,0.12000000000000015,0.6599999999999998,0.2200000000000001
9200.0,0.3333333333333333,0.6666666666666666,0.0
8662.0,0.6666666666666666,0.3333333333333333,0.0
8389.0,0.07000000000000005,0.6666666666666666,0.26333333333333336
9626.0,0.6233333333333331,0.3766666666666668,0.0
9693.0,0.2800000000000001,0.6533333333333333,0.06666666666666672
9422.0,0.6366666666666665,0.36333333333333356,0.0
8593.0,0.3433333333333334,0.6566666666666666,0.0
8322.0,0.5466666666666666,0.45333333333333337,0.0
8868.0,0.6666666666666666,0.3333333333333333,0.0
9143.0,0.41333333333333344,0.5866666666666666,0.0
9735.0,0.6633333333333333,0.33666666666666667,0.0
9522.0,0.6666666666666666,0.3333333333333333,0.0
9249.0,0.0,0.38000000000000017,0.6199999999999998
8574.0,0.25000000000000006,0.5933333333333332,0.15666666666666684
8301.0,0.6666666666666666,0.3333333333333333,0.0
8118.0,0.37000000000000016,0.6233333333333331,0.006666666666666672
8779.0,0.6666666666666666,0.3333333333333333,0.0
9048.0,0.6666666666666666,0.3333333333333333,0.0
9765.0,0.3533333333333335,0.6466666666666664,0.0
9219.0,0.6566666666666666,0.3333333333333333,0.01000000000000001
8271.0,0.3733333333333336,0.5933333333333332,0.033333333333333354
8540.0,0.24333333333333337,0.6533333333333332,0.10333333333333344
9082.0,0.2300000000000001,0.6666666666666665,0.10333333333333344
8103.0,0.5966666666666665,0.40333333333333354,0.0
8809.0,0.35666666666666685,0.6399999999999998,0.0033333333333333366
9452.0,0.46333333333333365,0.5366666666666664,0.0
9727.0,0.37333333333333363,0.6266666666666664,0.0
8352.0,0.3366666666666667,0.6633333333333333,0.0
8627.0,0.0,0.5133333333333334,0.4866666666666666
9109.0,0.0,0.6666666666666666,0.3333333333333333
8838.0,0.6666666666666666,0.3333333333333333,0.0
9556.0,0.6666666666666666,0.3333333333333333,0.0
9287.0,0.6666666666666666,0.3333333333333333,0.0
8749.0,0.21666666666666656,0.3933333333333333,0.3900000000000001
9022.0,0.5199999999999999,0.48,0.0
8472.0,0.33666666666666667,0.6633333333333333,0.0
8203.0,0.0,0.5966666666666663,0.40333333333333365
9659.0,0.38333333333333347,0.6166666666666665,0.0
9384.0,0.3600000000000002,0.5766666666666665,0.06333333333333335
8898.0,0.24333333333333343,0.6433333333333332,0.11333333333333348
9169.0,0.016666666666666666,0.4566666666666667,0.5266666666666666
8695.0,0.33666666666666667,0.6633333333333333,0.0
8420.0,0.35333333333333355,0.6399999999999997,0.006666666666666671
9354.0,0.3333333333333333,0.6666666666666666,0.0
8928.0,0.6399999999999998,0.3600000000000002,0.0
8390.0,0.29666666666666663,0.6566666666666666,0.04666666666666671
8661.0,0.34,0.6599999999999999,0.0
9317.0,0.14666666666666686,0.6666666666666663,0.18666666666666681
9590.0,0.6666666666666666,0.3333333333333333,0.0
9795.0,0.6233333333333331,0.3766666666666669,0.0
8988.0,0.35666666666666685,0.6433333333333331,0.0
8084.0,0.5266666666666664,0.47333333333333355,0.0
8719.0,0.6466666666666665,0.3533333333333335,0.0
8233.0,0.3433333333333334,0.6566666666666666,0.0
8506.0,0.6666666666666666,0.3333333333333333,0.0
8592.0,0.09000000000000007,0.6666666666666665,0.24333333333333337
8323.0,0.31999999999999995,0.6666666666666667,0.01333333333333335
8129.0,0.573333333333333,0.42666666666666686,0.0
8869.0,0.21000000000000002,0.6166666666666665,0.17333333333333348
9142.0,0.6666666666666666,0.3333333333333333,0.0
9692.0,0.6599999999999999,0.3400000000000001,0.0
9423.0,0.573333333333333,0.4200000000000003,0.006666666666666669
8575.0,0.6666666666666666,0.3333333333333333,0.0
8300.0,0.0,0.34,0.66
8778.0,0.11333333333333347,0.6666666666666665,0.2200000000000001
9523.0,0.12333333333333348,0.6566666666666664,0.22000000000000006
9248.0,0.6499999999999999,0.3500000000000002,0.0
8270.0,0.6499999999999999,0.35000000000000003,0.0
8541.0,0.003333333333333335,0.37333333333333363,0.623333333333333
9083.0,0.3400000000000001,0.6566666666666666,0.003333333333333337
8808.0,0.23333333333333342,0.6566666666666665,0.11000000000000013
9764.0,0.38999999999999996,0.47666666666666657,0.13333333333333344
9218.0,0.0,0.45333333333333337,0.5466666666666667
9489.0,0.6666666666666666,0.3333333333333333,0.0
8353.0,0.6533333333333332,0.3466666666666668,0.0
8626.0,0.14333333333333342,0.49333333333333307,0.3633333333333335
8839.0,0.0,0.4166666666666669,0.583333333333333
8144.0,0.6666666666666666,0.3333333333333333,0.0
9453.0,0.36666666666666686,0.6333333333333331,0.0
9726.0,0.15333333333333346,0.5766666666666664,0.27
8748.0,0.6633333333333333,0.33666666666666667,0.0
9023.0,0.29666666666666663,0.66,0.04333333333333338
8473.0,0.013333333333333348,0.65,0.3366666666666667
8202.0,0.5733333333333334,0.4266666666666667,0.0
9557.0,0.036666666666666715,0.6366666666666667,0.32666666666666666
9286.0,0.32666666666666666,0.6666666666666667,0.006666666666666675
8178.0,0.42666666666666697,0.5733333333333331,0.0
8899.0,0.3333333333333333,0.6666666666666666,0.0
9168.0,0.6666666666666666,0.3333333333333333,0.0
8694.0,0.06666666666666672,0.6633333333333333,0.2700000000000001
8421.0,0.07,0.5000000000000001,0.43
9658.0,0.1000000000000001,0.6666666666666665,0.23333333333333342
9385.0,0.17333333333333348,0.6666666666666662,0.1600000000000002
9202.0,0.26333333333333336,0.6566666666666665,0.08000000000000004
8929.0,0.6566666666666666,0.3433333333333334,0.0
8163.0,0.6599999999999999,0.34,0.0
8391.0,0.6299999999999998,0.3700000000000002,0.0
8660.0,0.04333333333333333,0.45999999999999974,0.49666666666666687
9355.0,0.3266666666666666,0.6633333333333333,0.01000000000000001
9624.0,0.6599999999999999,0.3400000000000001,0.0
8989.0,0.6666666666666666,0.3333333333333333,0.0
8718.0,0.04666666666666671,0.6666666666666666,0.2866666666666666
8232.0,0.6666666666666666,0.3333333333333333,0.0
9316.0,0.6666666666666666,0.3333333333333333,0.0
9591.0,0.013333333333333334,0.45666666666666655,0.53
9794.0,0.006666666666666669,0.4200000000000002,0.5733333333333331
9721.0,0.6533333333333332,0.34666666666666673,0.0
9450.0,0.4366666666666668,0.5599999999999998,0.003333333333333334
8832.0,0.4200000000000003,0.5799999999999996,0.0
9107.0,0.0,0.42666666666666675,0.5733333333333331
8629.0,0.0,0.3800000000000003,0.6199999999999997
8358.0,0.6666666666666666,0.3333333333333333,0.0
9494.0,0.6666666666666666,0.3333333333333333,0.0
9221.0,0.026666666666666665,0.4700000000000002,0.5033333333333331
8100.0,0.35333333333333344,0.6466666666666665,0.0
8815.0,0.6666666666666666,0.3333333333333333,0.0
9084.0,0.6566666666666666,0.3433333333333335,0.0
8538.0,0.4399999999999999,0.5600000000000002,0.0
8265.0,0.3099999999999998,0.47666666666666685,0.21333333333333343
9255.0,0.6666666666666666,0.3333333333333333,0.0
9524.0,0.12000000000000013,0.6666666666666664,0.21333333333333343
9729.0,0.01333333333333335,0.6666666666666667,0.31999999999999995
8117.0,0.6533333333333332,0.34666666666666673,0.0
8781.0,0.3333333333333333,0.6666666666666666,0.0
8299.0,0.0,0.34666666666666685,0.6533333333333332
8568.0,0.6666666666666666,0.3333333333333333,0.0
9416.0,0.3333333333333333,0.6666666666666666,0.0
9691.0,0.33,0.6666666666666667,0.0033333333333333375
9137.0,0.2233333333333334,0.6533333333333331,0.12333333333333348
8866.0,0.6666666666666666,0.3333333333333333,0.0
8324.0,0.6533333333333332,0.3466666666666668,0.0
8599.0,0.3333333333333333,0.6666666666666666,0.0
9797.0,0.33333333333333337,0.6566666666666666,0.01000000000000001
9584.0,0.6666666666666666,0.3333333333333333,0.0
9315.0,0.6433333333333331,0.3566666666666668,0.0
8508.0,0.3966666666666671,0.6033333333333329,0.0
8239.0,0.6666666666666666,0.3333333333333333,0.0
8713.0,0.1733333333333335,0.6299999999999998,0.1966666666666667
8087.0,0.0,0.39666666666666706,0.603333333333333
8986.0,0.6566666666666666,0.3433333333333335,0.0
9631.0,0.6666666666666666,0.3333333333333333,0.0
9356.0,0.5666666666666667,0.4333333333333334,0.0
8659.0,0.6666666666666666,0.3333333333333333,0.0
8384.0,0.6666666666666666,0.3333333333333333,0.0
8934.0,0.0,0.5533333333333332,0.4466666666666668
9205.0,0.5933333333333332,0.40666666666666673,0.0
9390.0,0.6666666666666666,0.3333333333333333,0.0
9661.0,0.033333333333333375,0.6666666666666667,0.3
8418.0,0.32333333333333325,0.6666666666666667,0.010000000000000012
8689.0,0.16666666666666688,0.6299999999999998,0.2033333333333334
9175.0,0.08000000000000007,0.6233333333333333,0.29666666666666663
8900.0,0.2733333333333332,0.36666666666666664,0.36000000000000026
9281.0,0.5733333333333334,0.3366666666666666,0.09000000000000005
9554.0,0.6233333333333331,0.376666666666667,0.0
8205.0,0.6633333333333333,0.33666666666666667,0.0
8478.0,0.6666666666666666,0.3333333333333333,0.0
9016.0,0.6666666666666666,0.3333333333333333,0.0
8070.0,0.6666666666666666,0.3333333333333333,0.0
8747.0,0.6666666666666666,0.3333333333333333,0.0
8833.0,0.3333333333333333,0.6666666666666666,0.0
8147.0,0.32666666666666666,0.6600000000000001,0.01333333333333335
9106.0,0.003333333333333335,0.6033333333333332,0.3933333333333334
8628.0,0.020000000000000025,0.6666666666666667,0.3133333333333333
8359.0,0.3600000000000002,0.6366666666666666,0.0033333333333333366
9720.0,0.0,0.6599999999999999,0.3400000000000001
9451.0,0.5999999999999999,0.40000000000000013,0.0
8814.0,0.6666666666666666,0.3333333333333333,0.0
9085.0,0.5933333333333332,0.40666666666666684,0.0
8539.0,0.01000000000000001,0.6566666666666666,0.33333333333333337
8264.0,0.6666666666666666,0.3333333333333333,0.0
9495.0,0.016666666666666684,0.6666666666666666,0.3166666666666666
9220.0,0.6666666666666666,0.3333333333333333,0.0
9762.0,0.016666666666666684,0.6333333333333333,0.35000000000000003
9055.0,0.39666666666666683,0.5333333333333331,0.06999999999999999
8780.0,0.3333333333333333,0.6666666666666666,0.0
8298.0,0.04999999999999998,0.4833333333333333,0.46666666666666673
8569.0,0.6533333333333333,0.34666666666666673,0.0
9254.0,0.3966666666666669,0.6033333333333332,0.0
9525.0,0.6666666666666666,0.3333333333333333,0.0
9728.0,0.003333333333333334,0.5633333333333334,0.4333333333333334
9136.0,0.1833333333333335,0.6666666666666663,0.1500000000000002
8130.0,0.6233333333333331,0.37666666666666687,0.0
8867.0,0.6366666666666665,0.3600000000000002,0.0033333333333333366
8325.0,0.6666666666666666,0.3333333333333333,0.0
8598.0,0.0266666666666667,0.66,0.31333333333333324
9417.0,0.5466666666666664,0.4533333333333336,0.0
9690.0,0.6666666666666666,0.3333333333333333,0.0
8509.0,0.6666666666666666,0.3333333333333333,0.0
8238.0,0.32333333333333325,0.6666666666666667,0.010000000000000012
8712.0,0.053333333333333385,0.6666666666666666,0.27999999999999997
8987.0,0.5666666666666664,0.4333333333333336,0.0
9796.0,0.24333333333333337,0.6666666666666665,0.09000000000000007
9585.0,0.3166666666666664,0.396666666666667,0.2866666666666666
8658.0,0.01000000000000001,0.3433333333333335,0.6466666666666666
8385.0,0.41666666666666696,0.5833333333333329,0.0
8160.0,0.43333333333333357,0.5666666666666664,0.0
8935.0,0.3333333333333333,0.6666666666666666,0.0
9204.0,0.5533333333333333,0.4466666666666666,0.0
9630.0,0.4533333333333334,0.5466666666666665,0.0
9357.0,0.1966666666666668,0.6199999999999999,0.18333333333333346
8419.0,0.6666666666666666,0.3333333333333333,0.0
8688.0,0.2033333333333333,0.39333333333333337,0.4033333333333333
9174.0,0.4933333333333334,0.5066666666666665,0.0
8901.0,0.5699999999999998,0.4300000000000002,0.0
8177.0,0.6266666666666665,0.3733333333333336,0.0
