9179.0,0.9998918628391077,1.0813716086461735E-4,2.7759193667177344E-14
8904.0,0.9643586217570572,0.035641378072827384,1.7011531570433594E-10
8701.0,5.784629018792212E-4,0.9993798682581999,4.1668839920811655E-5
9378.0,0.8025617649602957,0.19743822654496873,8.49473557579636E-9
9012.0,0.2483288305393645,0.751670084501084,1.0849595514839138E-6
8743.0,3.1397226684626015E-13,0.0036037693897057947,0.9963962306099803
8193.0,3.450101211514527E-11,0.014556384588545287,0.9854436153769538
8466.0,7.362207130792577E-17,4.675784610535135E-8,0.9999999532421538
9293.0,0.37073611428658954,0.6292633966320361,4.890813742854918E-7
9566.0,0.973716662725799,0.02628333424953321,3.024667816244001E-9
8081.0,2.296459536834934E-16,2.8910796444240577E-6,0.9999971089203553
8709.0,0.010057789898285586,0.9401779133204328,0.0497642967812817
8982.0,2.7739604813869986E-47,1.2482163390568487E-29,1.0
8496.0,0.8040212393418197,0.19597876055709856,1.0108166274938552E-10
8227.0,6.998109835408186E-27,0.9999992072694385,7.927305615138892E-7
9596.0,1.7290118060895113E-28,0.9999999432643282,5.673567184051879E-8
9327.0,0.9909352582792242,0.009064741024687344,6.960883906761684E-10
9801.0,1.254606406331207E-35,3.4865492903970294E-9,0.9999999965134507
8938.0,3.9279561072979118E-19,2.7752454674138023E-8,0.9999999722475453
8671.0,2.974859955404137E-20,1.9083290453382488E-10,0.9999999998091671
8396.0,0.9999772663982575,2.2733601742339216E-5,2.4991752550029976E-16
9619.0,3.870359151472381E-28,1.7637300194891498E-10,0.999999999823627
9344.0,0.9995503912218963,4.496087780429195E-4,6.086414738513165E-14
8295.0,0.015140533310006326,0.9847269086573275,1.3255803266612852E-4
8564.0,1.1326706598871192E-12,0.23258181163593514,0.7674181883629322
9042.0,0.10235117011275152,0.8976484524479322,3.7743931627884704E-7
8769.0,6.13989965908319E-15,0.9858413818898978,0.014158618110095979
8115.0,0.999884584010571,1.1541598853474251E-4,8.942464270564961E-13
9741.0,1.96189666089562E-17,0.21448392297053692,0.7855160770294631
9259.0,2.546844087015542E-6,0.9996055663915263,3.9188676438665286E-4
9528.0,2.142429462673726E-7,0.9997472372114109,2.525485456428244E-4
8328.0,0.00785676407496914,0.9921432357571673,1.6786352331432375E-10
8603.0,5.057871957149166E-6,0.9993953719402449,5.995701877979051E-4
9149.0,7.8306281518160795E-25,0.9999987157360906,1.2842639094294332E-6
8878.0,0.9998937477608731,1.0625223829850799E-4,8.283616783917709E-13
9687.0,0.018344451879728732,0.981396236813512,2.593113067591829E-4
8633.0,0.8074458338115651,0.19247322631059172,8.093987784313743E-5
8362.0,3.402998836836457E-17,4.8670025517691563E-4,0.9995132997448232
8844.0,0.8059659594544066,0.19403401931926859,2.122632473516474E-8
9119.0,0.9979848782871713,0.002015121590529697,1.2229902673140607E-10
9446.0,0.05366438231075514,0.946318585848948,1.703184029680729E-5
8534.0,0.9949610356913404,0.005038964308505308,1.5430816425291906E-13
8261.0,0.19362198307293765,0.806378011293737,5.633325362753979E-9
8098.0,0.22343676081345124,0.7765489448703552,1.4294316193591508E-5
8803.0,0.8712092560718451,0.12879073929582513,4.632329750560658E-9
9072.0,0.004817415304901459,0.9951806264193455,1.958275753149507E-6
9775.0,0.02818347273090902,0.9718019302280361,1.4597041054911426E-5
9498.0,0.03337153534051448,0.6825152331928822,0.28411323146660317
9225.0,0.3127254176105732,0.6872744022672383,1.8012218846456641E-7
9379.0,1.283282535011448E-6,0.9996720842814198,3.26632436045201E-4
9648.0,0.9977326343685404,0.002267357964851598,7.666607908785347E-9
9178.0,0.004848523567678328,0.9951514620783375,1.4353984024969839E-8
8183.0,1.0970089723986215E-29,1.4957429353876614E-13,0.9999999999998505
8905.0,2.2384940596818653E-25,2.400320275712615E-18,1.0
8431.0,6.018847707826122E-24,1.4788470005978064E-10,0.9999999998521153
8700.0,0.6304065572119952,0.36959300265592393,4.4013208081441814E-7
9292.0,5.506568364512478E-10,0.9998570052994245,1.4299414991874015E-4
9567.0,4.9566833672769086E-40,0.9999966318997617,3.3681002381502956E-6
9013.0,2.5691922005031384E-6,0.9999972306739142,2.0013388542516108E-7
8742.0,1.5081702542113947E-15,0.9999997051900025,2.9480999605924875E-7
8192.0,0.008269814769138274,0.9917252336295179,4.9516013438602836E-6
8467.0,0.9991474072204781,8.525927795129915E-4,8.893207122824556E-15
9597.0,6.297936356883111E-7,0.999989112002601,1.025820376335835E-5
9326.0,0.03713533044290249,0.9626651481032319,1.9952145386565863E-4
9800.0,3.1196369977227496E-32,5.430131148084016E-10,0.9999999994569869
8708.0,0.9951530503152979,0.0048467605743468525,1.891103553786897E-7
8983.0,0.07780095340629926,0.9221981364481214,9.101455792843657E-7
8497.0,9.51051234773636E-16,0.010375793576316409,0.9896242064236827
8226.0,5.278965506597956E-15,0.414666667462285,0.5853333325377098
9618.0,0.9999655801344915,3.441986550596244E-5,2.4504325333900136E-15
9345.0,2.604203560568344E-12,0.9999999714199492,2.8577446542199615E-8
8166.0,1.0071167283555714E-15,6.62082796833799E-4,0.9993379172031651
8939.0,0.9999990171720703,9.82827923536091E-7,6.139137829691957E-15
9208.0,3.822099374135221E-4,0.9996177668269197,2.3235666778192862E-8
8670.0,2.9662718080554675E-9,0.801252899047789,0.1987470979859393
8397.0,0.13817060255767438,0.8618267590524333,2.6383898923196742E-6
9740.0,0.9994199786358121,5.800213628428082E-4,1.3449915143334298E-12
9258.0,0.931252751976008,0.06874724772599723,2.9799480919889196E-10
9529.0,0.05986652465946053,0.940133366233408,1.0910713136590979E-7
8294.0,0.99985665547718,1.4334452256359093E-4,2.563172191385803E-13
8565.0,3.9698095041076567E-28,2.084353812836146E-15,0.999999999999998
9043.0,6.595636533910562E-6,0.9999934043250105,3.845560304635973E-11
8768.0,0.2828610763620971,0.7171381875905279,7.360473749068381E-7
9413.0,3.381626757166745E-40,0.002635332643559124,0.9973646673564408
9686.0,0.9980171123923336,0.0019828874931642126,1.1450219625322912E-10
8329.0,8.013855334350338E-7,0.9999991036168948,9.499757182457333E-8
8602.0,3.345270388852561E-11,0.34786784632656653,0.6521321536399808
9148.0,0.9998381396671688,1.6186033282126756E-4,9.825434496576584E-15
8879.0,1.5865099242056786E-23,2.17962153458147E-14,0.9999999999999781
8132.0,0.9934937537216958,0.006506245961041301,3.172628715396829E-10
9716.0,1.943429686934921E-37,0.7623623970011787,0.23763760299882136
9447.0,4.1972159184257713E-7,0.9998736606575496,1.2591962085848357E-4
8632.0,0.9001219793143564,0.09987771534073481,3.0534490875451304E-7
8363.0,0.07566722632019142,0.9237210240294483,6.117496503602795E-4
8149.0,3.2425665198163136E-5,0.9139808185014764,0.08598675583332555
8845.0,0.9996731972736407,3.26802038175058E-4,6.881843033687067E-10
9118.0,7.26900318876443E-15,2.2939962119808712E-6,0.9999977060037808
9774.0,5.70379123378899E-15,1.6444960152594883E-5,0.9999835550398417
9499.0,4.94783318245733E-13,0.9999996079929425,3.920065626880513E-7
9224.0,0.1831361044518667,0.816863852168732,4.337940125355411E-8
8535.0,0.9837394123798663,0.01626051562633035,7.199380338905832E-8
8260.0,3.147855395917782E-8,0.9995265069486478,4.734615727982436E-4
8802.0,1.8271757811564168E-34,0.9826288843872915,0.01737111561270853
9073.0,2.9143119424767905E-5,0.9999708568747079,5.8673570520621355E-12
8741.0,0.9835116402538776,0.016488344497976676,1.5248145803375812E-8
9014.0,2.968524987081308E-6,0.9804573060039462,0.019539725471066766
8464.0,2.4773891828631153E-10,0.9996452859264578,3.5471382580306703E-4
8195.0,0.016328976447353396,0.9836156145055946,5.5409047052057804E-5
9564.0,6.138640362335715E-42,4.9638855122489225E-25,1.0
9295.0,0.9999475069413475,5.2493057567487866E-5,1.0850706246420908E-12
8906.0,1.6485306417057713E-7,0.9999948907182449,4.9444286908214205E-6
9177.0,0.8650426564114717,0.13495732417780743,1.941072089230525E-8
8703.0,3.5558921787263594E-42,2.409171356854711E-6,0.9999975908286433
8428.0,2.946729800230508E-10,0.126426207826814,0.8735737918785129
9651.0,0.9824183615219726,0.017581635686078727,2.7919488369258116E-9
9376.0,1.3943626488349003E-4,0.9981424893388322,0.0017180743962842253
9211.0,0.7888563789321843,0.21114362106687337,9.422542735805074E-13
8936.0,0.07513292466792057,0.011084742225893812,0.9137823331061856
8398.0,7.816034643576953E-23,3.945282743175451E-14,0.9999999999999605
8669.0,0.7808603643732998,0.2191396249406857,1.068601455653143E-8
9346.0,0.21143138169292583,0.7885614158382935,7.202468780732326E-6
9617.0,2.4643351790150138E-18,7.3610432899958E-14,0.9999999999999264
8980.0,0.03203781391374798,0.9679621833678015,2.7184504851571455E-9
8080.0,2.4908560174668334E-14,0.9990675461444861,9.324538554889902E-4
8711.0,5.980352089781876E-15,6.219204846778905E-6,0.9999937807951472
8225.0,0.746595599325546,0.2534043980034721,2.670982042201428E-9
8498.0,0.9405856485054981,0.059414351161500116,3.3300186107162345E-10
9325.0,1.838968622184342E-5,0.9996637348367305,3.178754770476102E-4
9598.0,0.6612354361530655,0.3386969799887416,6.758385819295957E-5
9803.0,6.584629251333997E-12,0.8630809886144808,0.1369190113789346
8601.0,0.9160609649906436,0.08393893497918016,1.0003017632386067E-7
8330.0,1.3786545540594254E-17,0.9999997735598327,2.2644016717308756E-7
8876.0,0.9966979709724287,0.003302028897955584,1.2961566534984246E-10
9151.0,0.9953709125860697,0.004629087286683861,1.272465625278676E-10
9685.0,7.69169498016379E-10,0.9837158944752303,0.016284104755600208
9414.0,3.084903798959931E-12,0.9999869310161652,1.3068980749864772E-5
8566.0,3.679789805589667E-15,0.03676984646981733,0.963230153530179
8293.0,0.01837851215060959,0.9816208026728824,6.851765079967081E-7
8771.0,2.3486474884307945E-27,1.643689459012808E-10,0.999999999835631
8114.0,7.971581805902564E-8,0.9996515377447546,3.483825394273543E-4
9040.0,1.7800156649560144E-4,0.9998164024391398,5.595994364654029E-6
9743.0,8.374942486015376E-8,0.9356186894850573,0.06438122676551779
9530.0,0.9999194193816417,8.058061828213525E-5,7.603619871449592E-14
8263.0,0.9953186678874006,0.004681331999680238,1.1291906027991857E-10
8532.0,0.0011552985104594145,0.9254449715346468,0.07339972995489377
9074.0,0.9998828423514362,1.1715764834029965E-4,2.2339790564338017E-13
8801.0,3.609156989183223E-5,0.28904585655096054,0.7109180518791475
8099.0,0.020231685968321346,0.22049418321590317,0.7592741308157754
9773.0,0.9928696063186282,0.007130393681357757,1.4097761750044823E-14
9227.0,4.818665740274729E-16,6.140083647535026E-4,0.9993859916352461
9496.0,7.165734503437811E-8,0.5984472436031664,0.4015526847394887
8360.0,0.023860024786071115,0.976138588165547,1.3870483819282948E-6
8635.0,1.4573514975021247E-5,0.9794894254639471,0.020496001021077796
9117.0,0.9799788515784368,0.020020828314358852,3.2010720437725206E-7
8846.0,2.1743477168560944E-8,0.9718093113936447,0.02819066686287807
9444.0,2.1797538477741807E-7,0.21722803596697862,0.7827717460576366
9719.0,1.9530531929293337E-6,0.9602522560455323,0.03974579090127472
9565.0,0.9419411640247408,0.05805883183749621,4.1377629568467965E-9
9294.0,0.4841767401250125,0.5158232562640686,3.6109190452049075E-9
8740.0,1.179425891362811E-9,2.4999903979514134E-5,0.9999749989165946
8465.0,1.9137379290487737E-5,0.9999803790599965,4.835607129396298E-7
8194.0,0.37851400903725146,0.6214856761056802,3.148570683898356E-7
9650.0,6.057457435302164E-7,0.985961368548273,0.014038025705983349
9377.0,1.2168551320991957E-8,0.9920546184837475,0.007945369347701271
8182.0,0.9726937979872848,0.0273062003055328,1.7071824012318388E-9
8907.0,9.957917929433665E-9,0.9986820985023079,0.0013178915397740445
9176.0,0.5865266876211076,0.41347323334716896,7.903172338925976E-8
8702.0,0.7442081074704326,0.255791892525867,3.700325455689089E-12
8429.0,0.05325063181433944,0.9461887936910128,5.605744946476723E-4
9347.0,3.0035400293051377E-6,0.996830860145106,0.003166136314864731
9616.0,0.5451701521977198,0.4548226078141684,7.239988111898362E-6
9210.0,1.5903174138124837E-15,0.10694367647016018,0.8930563235298381
8937.0,6.484970316898773E-28,0.9999933572657104,6.64273428956833E-6
8167.0,0.8457437544467485,0.1542538285763183,2.4169769332515713E-6
8399.0,0.15218727068070637,0.8478123341529543,3.951663393517319E-7
8668.0,2.673393096173464E-6,0.9999210465819471,7.62800249566789E-5
9324.0,0.8209868875616596,0.1790130305596122,8.187872828059674E-8
9599.0,1.9994147062018196E-6,0.9999979984518909,2.1334030465935146E-9
8981.0,1.2646339809211965E-7,0.0067267121862450855,0.9932731613503568
8710.0,0.013470280537196842,0.986529239830079,4.796327242564924E-7
8224.0,4.301276949134601E-4,0.9995697763759965,9.592909001734148E-8
8499.0,0.0019361126579519644,0.9980563226002129,7.56474183522158E-6
9684.0,0.9547779546673295,0.04522196652788003,7.880479048249825E-8
9415.0,2.3104393773040374E-10,0.9981444042656838,0.0018555955032720942
8600.0,5.3075091070289034E-14,6.995538755725832E-7,0.9999993004460713
8331.0,0.9999845440948709,1.5455905125067683E-5,3.959715326649702E-15
8877.0,0.9998985699316922,1.014300651719508E-4,3.135736084747678E-12
8133.0,0.9999080454617112,9.195434712279571E-5,1.9116620276111958E-10
9150.0,2.3701903420526074E-4,0.9992515632852266,5.114176805682326E-4
9742.0,0.9998299307933084,1.7006920653803512E-4,1.5356653359684502E-13
9531.0,0.7565539546145837,0.24344604420673188,1.178684408867099E-9
9256.0,9.371461382118102E-13,7.287686811684208E-5,0.999927123130946
8567.0,1.8812931608232812E-12,0.013148151712723422,0.9868518482853953
8292.0,0.11325722831181445,0.8867427536124457,1.80757398901154E-8
8770.0,0.9898667105416643,0.010133289276072198,1.8226347614522075E-10
9041.0,0.9796386988835181,0.020361301039878883,7.660313916158642E-11
9772.0,0.39574925004090683,0.6042507499589921,1.0108823929432623E-13
9226.0,6.792987676024742E-14,0.0064860469256832675,0.9935139530742488
9497.0,0.13220268811012495,0.8629044777537366,0.004892834136138509
8262.0,2.3871449793757117E-24,0.08957616152559894,0.9104238384744011
8533.0,2.0566268996693917E-6,0.9999978563033887,8.706971176499674E-8
9075.0,0.0025884012783525525,0.9972267263024089,1.8487241923848373E-4
8800.0,0.9997590049364706,2.4099506248698814E-4,1.0424011268080132E-12
9445.0,1.1503726249905005E-31,0.4170690339062247,0.5829309660937754
9718.0,0.2683927783155118,0.7316072204454873,1.239000815876144E-9
8361.0,2.0652410592238027E-21,2.9784822576859167E-4,0.9997021517742315
8634.0,0.9997834047850949,2.1659488741414173E-4,3.274910830876072E-10
9116.0,0.9946414740634776,0.005358525936429058,9.341210058362704E-14
8847.0,0.03612568720554278,0.9638741714897443,1.413047129106355E-7
8148.0,0.39037829089901577,0.6096216782692717,3.08317125641403E-8
8500.0,1.5780019973457006E-33,0.9987887830305556,0.0012112169694444511
8231.0,0.9991506427262423,8.49357252445044E-4,2.1312713958095032E-11
8705.0,0.032973159468645,0.9670268404869957,4.4359472117386E-11
8083.0,0.9999964104759337,3.5895240663074378E-6,6.519697532963701E-21
8978.0,0.010501185720031657,0.9893123586578008,1.864556221674562E-4
9805.0,5.940615028157493E-15,3.3000718064908934E-5,0.9999669992819292
9592.0,0.9801273746666627,0.019833179060932626,3.9446272404764715E-5
9323.0,0.0018694799739213657,0.998130512893934,7.132144574467436E-9
8667.0,3.7931576230388014E-4,0.9996206801441256,4.093570514771271E-9
8392.0,0.9771832396499472,0.0228131798330714,3.580516981464439E-6
8942.0,1.2820164918295972E-29,0.9998483143605789,1.5168563942116265E-4
9213.0,0.9823503845278535,0.01764917709618218,4.383759643788239E-7
9623.0,0.9999525469066722,4.7453093272038565E-5,5.5598533958147284E-14
9348.0,0.9992949270769129,7.050729054969985E-4,1.7589945752709262E-11
8426.0,9.56546892375257E-10,0.11711053887448557,0.8828894601689675
8697.0,1.6739254390736134E-7,0.9999941256394348,5.7069680212700295E-6
9183.0,0.004135065110400291,0.9958585540735073,6.380816092273074E-6
8908.0,0.9999974467845546,2.5532154445371642E-6,9.2219734528088E-16
9653.0,0.006541939787343266,0.9934498486166632,8.211595993456149E-6
8197.0,3.4588581993841983E-29,1.6826275386838916E-12,0.9999999999983173
8470.0,1.2595673342838582E-6,0.9081824249282913,0.09181631550437439
9008.0,3.318160001301027E-8,0.9936678928215515,0.006332073996848517
8739.0,0.9999902968219699,9.703178023029046E-6,7.048729151760159E-15
9289.0,0.8598212786326511,0.14017872063313014,7.342187617663382E-10
9562.0,0.055114155790196316,0.9447336987537548,1.5214545604883687E-4
8840.0,3.179830604759421E-8,0.1353512535182089,0.864648714683485
9115.0,5.674555026123392E-12,0.10041110243348898,0.8995888975608365
8637.0,7.41319344659326E-25,4.412836240989514E-8,0.9999999558716377
8366.0,7.877954930819775E-12,0.999999999919873,7.224898875772297E-11
9442.0,0.21418113812046546,0.7305629938214541,0.05525586805808054
8807.0,0.036312561842439424,0.9636874369213853,1.2361754084049271E-9
8096.0,3.5051600555463474E-7,0.9976158494193834,0.0023838000646111703
9076.0,1.6466995522823537E-12,0.2425295864358292,0.7574704135625242
8530.0,9.719866012429319E-27,0.9999999910956338,8.904366234553183E-9
8257.0,7.512603818503128E-36,1.0831486431110674E-24,1.0
9502.0,5.713296820188828E-6,0.9870925650537553,0.012901721649424455
9229.0,5.886655258031263E-6,0.9974958562324049,0.002498257112337078
9771.0,0.6763118076105997,0.32368337564289645,4.816746503795165E-6
9046.0,7.524329144032802E-19,2.4106196563886915E-4,0.9997589380343611
8773.0,1.7058548726016067E-10,0.4936198006067352,0.5063801992226792
8113.0,0.999683079041605,3.1692092283129147E-4,3.556362473731045E-11
8291.0,4.671882394573848E-16,0.9998430611431153,1.5693885688447144E-4
8560.0,1.3789302581440597E-4,0.9962180839462046,0.0036440230279810686
9263.0,8.367458908045373E-12,0.00953619974294143,0.9904638002486911
9532.0,5.3589200134176326E-5,0.2679816259437666,0.7319647848560993
9737.0,3.751075066053509E-32,0.9999998041181232,1.9588187677461238E-7
9145.0,0.7911421230278568,0.20885787604767025,9.2447299031431E-10
8874.0,0.0026735031133121603,0.9969409756686208,3.8552121806689174E-4
8332.0,0.9982348316963678,0.0017642498864929945,9.184171391768716E-7
8607.0,0.017050739309058198,0.9277316278582007,0.05521763283274104
9408.0,0.9993712838790082,6.287159284749154E-4,1.9251693952081155E-10
9683.0,0.99984446255208,1.5553744736362203E-4,5.564018272173798E-13
9593.0,0.8812399489019527,0.11875935326988181,6.978281655140971E-7
9322.0,3.19202948386314E-8,0.11736918935856888,0.8826307787211363
8501.0,0.004102481525126786,0.9958943869118071,3.131563066045915E-6
8230.0,0.9724982024016975,0.027501795627984545,1.9703179530367327E-9
8704.0,0.8278292116138052,0.17216915453518555,1.633851009110964E-6
8979.0,2.2210616755100866E-25,5.468077430546394E-16,0.9999999999999994
9622.0,0.013835460164258195,0.9861645397404343,9.530761004146966E-11
9349.0,1.467214437151335E-5,0.9981924516363958,0.0017928762192325886
8666.0,4.5033310498266517E-4,0.4295273629020591,0.5700223039929583
8393.0,0.024431983598448084,0.9755676955339027,3.2086764930465995E-7
8164.0,1.1954100410947204E-6,0.9996860309245745,3.1277366538434297E-4
8943.0,4.732600680572995E-11,0.3793160288932526,0.6206839710594213
9212.0,5.772858086954649E-11,0.02124792436235394,0.9787520755799175
9383.0,0.7254419440027756,0.2745580540591218,1.938102629440438E-9
9652.0,0.9810054548032916,0.018994512456463743,3.274024457316912E-8
8427.0,0.9959568869857265,0.004043086737102106,2.6277171458451093E-8
8696.0,0.9999252614821338,7.473851783197062E-5,3.436692697231242E-14
9182.0,0.9589805055453431,0.041019469325383785,2.512927308491402E-8
8909.0,1.6639623730350674E-5,0.998079375424078,0.0019039849521917522
8181.0,0.0018803617978585623,0.9954974473273005,0.0026221908748409457
9288.0,3.841919399226945E-8,0.9990597775010654,9.40184079740547E-4
9563.0,1.603844192713821E-28,0.9999999423144394,5.768556057694179E-8
8196.0,2.2152129137884498E-10,0.9998261179486769,1.738818298016575E-4
8471.0,0.9999251257274969,7.487427248199545E-5,2.117541282863176E-14
9009.0,0.005479065550623563,0.9945207514341718,1.8301520459537038E-7
8738.0,0.002840179084857097,0.9971231795519033,3.6641363239587996E-5
9712.0,6.148888261362542E-26,0.9999999978653001,2.134699917181085E-9
9443.0,4.7680459031839684E-5,0.999873914274732,7.840526623610088E-5
8151.0,0.6997098770493183,0.30016573727364104,1.2438567704059763E-4
8841.0,1.486708236246166E-6,0.9110482666160649,0.08895024667569887
9114.0,0.9999985965196045,1.403480395071973E-6,4.345044685448934E-16
8636.0,2.090942485329126E-6,0.9970616127341543,0.0029362963233604137
8367.0,9.231676937756562E-5,0.8550697210584035,0.14483796217221895
9503.0,0.9977766981468817,0.00222330139898856,4.541296288129505E-10
9228.0,0.9998865041316335,1.1349578201395474E-4,8.635254148955427E-11
9770.0,1.5568137768178032E-10,2.148786100428159E-8,0.9999999783564576
8806.0,1.1025350510119572E-12,0.6927624543434603,0.30723754565543715
9077.0,9.393943380571819E-8,0.17023065818882446,0.8297692478717417
8531.0,4.090587280272289E-6,0.6830002113129983,0.3169956980997216
8256.0,4.068766155942301E-7,0.9998563161838048,1.432769395794995E-4
9262.0,2.1244820017517216E-5,0.9998987237684182,8.003141156439734E-5
9533.0,2.3323906309089486E-17,7.549835774155912E-6,0.9999924501642259
9736.0,0.040335982963603634,0.9596634068870059,6.101493905557383E-7
9047.0,1.8758191302250275E-13,1.7683965947258332E-4,0.9998231603403399
8772.0,1.3336265808491869E-8,0.9999995058140556,4.808496785337512E-7
8290.0,0.001015559659490882,0.9989833695947152,1.0707457940093371E-6
8561.0,4.962223278406727E-16,9.418637699405101E-7,0.9999990581362295
9409.0,1.9211040576227194E-23,0.9999998109588065,1.890411933916817E-7
9682.0,1.853912282948327E-9,0.7246805673240176,0.27531943082207
9144.0,0.9987020842347597,0.00129791574894706,1.629320070646572E-11
8875.0,3.182767627351945E-7,0.9740860053399244,0.025913676383312788
8134.0,9.280074618499165E-15,0.9999891320889518,1.0867911038912473E-5
8333.0,1.5729898678290711E-9,0.29792128663181816,0.702078711795192
8606.0,0.6169049832487774,0.38308928787953256,5.728871690080659E-6
8394.0,0.3315320496638384,0.668467726590443,2.2374571855316768E-7
8665.0,0.9744997120583815,0.02550019366622922,9.427538934083498E-8
9215.0,0.99996877796676,3.122203324006926E-5,1.4402368282332694E-18
8940.0,0.021089724835320633,0.9588302696710446,0.020080005493634798
9350.0,0.9999089454164001,9.105458358804346E-5,1.1928949571222988E-14
9621.0,0.39478376688887734,0.6052135712447213,2.661866401204999E-6
8229.0,0.008580953270880404,0.9914161816093147,2.8651198049755665E-6
8502.0,8.56543192655802E-22,0.07163552160033584,0.9283644783996642
8976.0,6.209109230099698E-5,0.9703040920878733,0.02963381681982574
8082.0,3.6618113964731456E-7,0.9999900111566715,9.62266218887817E-6
8707.0,4.60701795907944E-18,0.999997928576089,2.0714239109341066E-6
9807.0,2.6261233444595166E-23,0.9999999690293894,3.0970610641932305E-8
9321.0,0.8350895497841063,0.16491043709712497,1.3118768859599793E-8
9594.0,1.7205060894013292E-26,0.9680828435981481,0.03191715640185185
8468.0,0.994248279745888,0.00575171965923712,5.948747422931264E-10
8199.0,1.9375813457611974E-32,0.9999999351105857,6.488941433880505E-8
8737.0,6.370619375950031E-4,0.9988194826694098,5.434553929951707E-4
9010.0,1.6099576281733917E-25,0.11410383754606795,0.885896162453932
9560.0,2.7779180959098456E-12,0.989050916919304,0.010949083077918179
9291.0,1.165684489012973E-6,0.9776884898196998,0.022310344495811103
8699.0,0.9993018515758046,6.981484140045299E-4,1.0190872610014463E-11
8424.0,0.9998680278445735,1.3197205709526062E-4,9.833118295398141E-11
8910.0,0.9983392310451545,0.001660200905493172,5.680493523693557E-7
9181.0,1.4797018028191858E-13,1.611790485723029E-5,0.9999838820949948
9380.0,0.9945994388560282,0.005400539951686835,2.119228508961025E-8
9078.0,4.229819962998606E-18,8.937256295452193E-6,0.9999910627437045
8805.0,0.8613167085681023,0.13868220897597508,1.0824559227854162E-6
8097.0,0.7385677465753825,0.2613794992009277,5.275422368989834E-5
8259.0,0.0023662756547413386,0.997618111124197,1.5613221061748453E-5
8528.0,0.2812523233226997,0.7187476219716311,5.47056691740717E-8
9231.0,0.9923576883842898,0.007641733661698547,5.779540115857202E-7
9500.0,5.829294326192094E-7,0.9999974615495535,1.955521013841703E-6
9769.0,0.9996189072150093,3.8109277932176644E-4,5.668847902824915E-12
8842.0,0.0034059584243679012,0.9965333117900534,6.0729785578543264E-5
8364.0,1.1776123732303162E-15,0.24784556844522043,0.7521544315547783
8639.0,0.07005307247750901,0.9299455929248227,1.334597668356665E-6
9440.0,1.6624955543562513E-16,4.6151558045604774E-5,0.9999538484419543
9715.0,2.8005880838710904E-12,0.009499569219850538,0.9905004307773488
8872.0,5.573563824521323E-15,0.0031812362579240663,0.9968187637420703
9147.0,0.6750889750338537,0.3249081978604779,2.827105668519345E-6
8605.0,7.1652860308274E-17,0.9975172886074857,0.002482711392514178
8334.0,0.9476357800744402,0.05236415813311778,6.179244211942669E-8
9681.0,1.889372158797585E-17,0.9849313360503429,0.015068663949657168
8775.0,0.8345207454472547,0.165479153172872,1.0137987325709482E-7
8112.0,0.06915859801191206,0.9183005842871729,0.012540817700915165
8562.0,1.4579422527619842E-5,0.9998228641265738,1.6255645089867209E-4
8289.0,0.46270506988375976,0.5372948248478384,1.0526840186933955E-7
9534.0,0.935587344875835,0.06441213406806591,5.210560990973426E-7
9261.0,0.9301145305393593,0.06988546745439195,2.0062486643312926E-9
9739.0,4.5100504546720314E-33,3.0143114734954426E-9,0.9999999969856885
9351.0,0.36437164120567817,0.6356282451341005,1.136602213318358E-7
9620.0,1.7915026883194082E-14,0.8092697135973644,0.19073028640261772
8395.0,0.8039223007596699,0.196077659304821,3.9935509043018156E-8
8664.0,0.691451851570505,0.3085478796690397,2.6876045532087634E-7
9214.0,1.7289234454800183E-22,0.9999856634912292,1.4336508770710985E-5
8941.0,0.018854016130545895,0.9699345108307208,0.01121147303873342
8165.0,1.3270562641249002E-4,0.9992997895448927,5.675048286949352E-4
9806.0,1.4146900302084761E-12,0.4144158028961374,0.5855841971024479
9320.0,0.9964015118860072,0.003598488113817705,1.7508627792209365E-13
9595.0,0.0033505136065975784,0.9966486739672775,8.124261246794755E-7
8228.0,7.067662419893834E-7,0.9115372705671474,0.08846202266661057
8503.0,6.335371580989362E-5,0.9938836659225215,0.006052980361668516
8977.0,0.9974466994540233,0.0025533003378814738,2.0809522747471042E-10
9290.0,0.9998028440340208,1.9715595786114716E-4,8.118135575197621E-12
8469.0,3.724922746711417E-15,0.9997441701995895,2.5582980040679787E-4
8198.0,8.452484391838736E-8,0.9999867365392651,1.3178935891011105E-5
8736.0,9.704712678186736E-10,0.13953483999636834,0.8604651590331603
9011.0,0.9984560622102833,0.0015439377843144521,5.40223003358662E-12
9654.0,5.315606604239482E-5,0.9942667636536529,0.005680080280304784
8698.0,1.5338203708964616E-12,0.19415151872743763,0.8058484812710286
8425.0,0.9999861321876544,1.3867812343615814E-5,1.9532795167743637E-15
8180.0,0.9396695687101014,0.060330414339207855,1.695069077030942E-8
8911.0,7.01220784651014E-12,0.9995502721258359,4.4972786715192874E-4
9180.0,0.00804554918406049,0.9919174637418408,3.69870740986176E-5
9230.0,1.582699538638767E-5,0.995669955220105,0.004314217784508553
9501.0,0.005057755272952386,0.9949422440840816,6.429660411735783E-10
9768.0,5.458835556213737E-7,0.993440098300584,0.00655935581586026
9079.0,0.9294767360575175,0.0705232351861204,2.8756362308366513E-8
8804.0,0.9995710485013766,4.2895146112560483E-4,3.749771821411081E-11
8258.0,4.908570190076339E-7,0.9991215621162282,8.779470267528311E-4
8529.0,0.30441976298102996,0.6947322836148209,8.479534041491195E-4
9441.0,0.9880161836136315,0.011983815581345302,8.050231753245954E-10
9112.0,0.01809530887556809,0.9768865387796636,0.005018152344768321
8150.0,0.0029184058583955007,0.9802123398470567,0.016869254294547817
8843.0,1.1583553472524495E-4,0.9957097880941139,0.004174376371160695
8365.0,0.714762766989543,0.2852372327459753,2.6448177378732396E-10
8638.0,0.871180592831177,0.12881913211693916,2.7505188379066065E-7
9680.0,0.9962663767981801,0.003733623108162884,9.365714888586287E-11
9411.0,0.012302545969291886,0.9876967139469365,7.400837716280941E-7
8135.0,0.15314498578338664,0.8468545888827842,4.2533382910207883E-7
8873.0,0.5056459086219248,0.4943540892135099,2.1645653247649387E-9
9146.0,9.251505244411892E-6,0.9999024041694382,8.834432531748135E-5
8604.0,4.051438024063836E-13,6.659499156656863E-8,0.9999999334046032
8335.0,0.4764752527494811,0.5235204368268823,4.310423636508729E-6
9535.0,0.7800278303870413,0.21997214698899653,2.2623962225644732E-8
9260.0,4.199440179414766E-15,1.5423779282859687E-6,0.9999984576220675
9738.0,0.6170453238201282,0.3829460420458479,8.634134023762214E-6
8774.0,3.440572996438407E-11,0.007120181257278959,0.9928798187083153
9045.0,0.9522364908423966,0.047763507200319175,1.957284086038289E-9
8563.0,4.7370235326534655E-5,0.9999344572264699,1.8172538203655238E-5
8288.0,2.1508497408803226E-8,0.31103598004936783,0.6889639984421347
9733.0,0.42656995784466023,0.573430041216186,9.391539109290178E-10
9251.0,5.974712979296614E-22,0.9988704129582374,0.0011295870417624917
9520.0,0.9251251307972471,0.07487478665261105,8.255014171671534E-8
8303.0,0.9999924622239371,7.537776062852384E-6,8.789662326023046E-22
8572.0,0.00184653995424278,0.998093939667634,5.9520378123144015E-5
9050.0,0.9576413204538967,0.042281559457791974,7.712008831129343E-5
8777.0,0.005364199225681045,0.6240247874025577,0.3706110133717612
8119.0,3.279773531958125E-24,4.32390208397234E-8,0.9999999567609791
9420.0,0.006250561930989493,0.9937494372761035,7.92907016493676E-10
9695.0,0.03446183077394679,0.9602529363359372,0.005285232890116052
8320.0,0.8729349287296521,0.1270650712703412,6.72677701922032E-15
8595.0,0.0016132741268635525,0.9983866842918655,4.1581271007890586E-8
9141.0,0.9999988008593627,1.1991406345157923E-6,2.975982351250288E-15
8870.0,7.580492189464045E-7,0.9074245526635402,0.09257468928724101
9725.0,6.600350848630722E-4,0.971928722603774,0.027411242311362823
9454.0,2.6356356217366284E-13,0.07240546551772321,0.9275945344820132
8625.0,0.18185677762407945,0.81814266895294,5.534229805537503E-7
8354.0,0.004420218475867691,0.45699048085540217,0.53858930066873
8836.0,0.9589516267525892,0.04104835490779014,1.833962061911121E-8
9111.0,9.39807690482152E-27,0.9999999948012748,5.198725253349015E-9
9767.0,0.00396479469827559,0.9960162769737133,1.8928328011094573E-5
9490.0,1.2011421527367187E-8,0.9802372101017695,0.019762777886808955
9217.0,1.373045857331949E-13,0.05156117202117262,0.9484388279786902
8542.0,6.408472992674655E-13,3.811268371283127E-4,0.9996188731622309
8269.0,0.9996548383436812,3.4516165386128285E-4,2.4575655270616316E-12
8811.0,0.04580381386696358,0.9541919778804118,4.208252624752543E-6
8102.0,0.017740622573746378,0.982252769022698,6.608403555691973E-6
9080.0,1.3087077469765973E-7,0.9999998565267633,1.2602461984115465E-8
9386.0,3.1669055070832887E-19,4.2707135503408194E-4,0.9995729286449659
9657.0,0.003563416129520744,0.9803333135475891,0.016103270322890086
9171.0,0.8071496977790672,0.19284960803577517,6.941851575782236E-7
8896.0,4.2287970743985175E-31,2.528837275333776E-12,0.9999999999974712
8693.0,1.9595335645285856E-4,0.9998030928608094,9.53782737646055E-7
9285.0,1.8709998720027925E-11,0.01949376994270976,0.9805062300385802
9558.0,0.9890030833260585,0.01099691328775777,3.3861838347053076E-9
9020.0,1.2616758163878164E-26,2.199628356745104E-7,0.9999997800371644
8751.0,0.02400672823681552,0.9759465853238654,4.668643931909355E-5
8201.0,0.0015647801774679017,0.998435219820917,1.6151219471650249E-12
8474.0,0.02447452882006806,0.9754826678797587,4.280330017337351E-5
9588.0,2.8630376787393207E-18,0.8379728235594353,0.16202717644056472
9319.0,9.141790873829262E-25,1.0967212206429407E-12,0.9999999999989033
9793.0,0.9556990582791645,0.04430089608824305,4.5632592398087054E-8
8085.0,0.01406942065250292,0.9745245372757931,0.011406042071704004
8717.0,0.00319726447073986,0.9913209546825906,0.005481780846669555
8990.0,0.8946525564081202,0.10534743715170329,6.440176531195083E-9
8504.0,0.8637387707747844,0.13626088770629824,3.415189172852949E-7
8235.0,5.377550191701748E-6,0.9999684469157013,2.6175534106745315E-5
9627.0,8.115369999473333E-7,0.620456883667223,0.37954230479577705
9352.0,0.3870956695609633,0.6128983051170921,6.025321944620247E-6
8930.0,0.9757842503354963,0.024215598232758675,1.5143174498940825E-7
9201.0,2.5612675732484894E-38,1.0752746546354652E-5,0.9999892472534536
8663.0,1.0948198633098194E-7,0.9983625002800542,0.0016373902379594335
8388.0,2.296000005913273E-9,0.9999890753201042,1.0922383895753892E-5
8302.0,2.7706729465210908E-5,0.9999713092233329,9.840472018910726E-7
8573.0,3.701787548416688E-21,1.022022772034993E-10,0.9999999998977976
9051.0,0.9999610324139783,3.896758602057835E-5,1.274581822103767E-15
8776.0,0.1462005233324786,0.8537994766674747,4.6623752987702864E-14
9250.0,0.9967130313368697,0.0032869667771245926,1.8860056426694006E-9
9521.0,5.5286836724575346E-21,9.162852707189297E-4,0.999083714729281
8321.0,0.04138663570744773,0.958608246388604,5.117903948263237E-6
8594.0,3.756633923428745E-7,0.0019720045091638767,0.9980276198274438
9140.0,2.499526030971035E-7,0.9999198328239044,7.991722349238261E-5
8871.0,6.384252525889784E-5,0.9999243789250088,1.1778549732321069E-5
8128.0,0.21343191458918082,0.786567806181982,2.792288373978349E-7
9421.0,5.490028416983354E-26,0.9934454021890291,0.006554597810970764
9694.0,0.9999429526889189,5.7047309509114896E-5,1.5720231629032574E-12
8624.0,4.2058819053670705E-14,0.0023042722632434487,0.9976957277367144
8355.0,0.9796795796104468,0.020320420315984123,7.356897074559549E-11
8145.0,0.9993904163811717,6.095835789300649E-4,3.989826600013514E-11
8837.0,2.552390365926163E-33,0.014291470981353553,0.9857085290186464
9110.0,0.3631857359529758,0.5940344254287551,0.04277983861826907
9724.0,0.0011984598709276141,0.998800875262848,6.648662244424675E-7
9455.0,0.9999934247241107,6.575275832120482E-6,5.718657270290598E-14
8543.0,0.1369311097752099,0.8630688199717195,7.025307063696394E-8
8268.0,1.4495958235335692E-6,0.9999984118785084,1.3852566811452647E-7
8810.0,2.6830532895520074E-10,0.9999926138067575,7.3859249370150255E-6
9081.0,5.134068840394502E-6,0.9989219525818329,0.001072913349326778
9766.0,0.9958553153542004,0.0041446844306616245,2.1513806899114147E-10
9491.0,0.9852815242792669,0.014718151416603117,3.2430413004229655E-7
9216.0,0.13182354096529547,0.8681755930537596,8.659809450219987E-7
9170.0,5.941547488265603E-11,0.357030895474196,0.6429691044663887
8179.0,1.7935155660625785E-23,4.4956146335535483E-13,0.9999999999995505
8897.0,3.749907581613907E-10,0.005816536453678798,0.9941834631713303
8423.0,0.3026603855050341,0.6973393605725705,2.5392239543669365E-7
8692.0,0.003279422636886584,0.9967205746353819,2.7277315812555788E-9
9387.0,0.9998856404246104,1.1435957538959546E-4,1.0780472026211164E-16
9021.0,0.9999994386988278,5.613011707445692E-7,1.442772455992958E-15
8750.0,0.9891283610255281,0.010871638972310938,2.1608534583275047E-12
8200.0,3.8221939612986003E-13,0.01432675703211187,0.9856732429675059
8475.0,1.5092408484878995E-4,0.9998355739758469,1.3501939304328926E-5
9559.0,0.8674439633934249,0.13255599110736174,4.549921332473327E-8
8716.0,1.852687944981119E-23,0.10318118424300521,0.8968188157569947
8991.0,0.9998800391848167,1.1996027389973068E-4,5.412834480463156E-10
8505.0,2.7782807924925404E-20,4.2790741693862947E-11,0.9999999999572092
8234.0,0.510889350713213,0.4891102076263645,4.416604227053621E-7
9589.0,3.5176790739213066E-15,1.2255325899745635E-7,0.9999998774467376
9318.0,0.802011887996297,0.19798811200091027,2.7927481947166273E-12
9792.0,4.985136136690875E-7,0.9560605757561635,0.043938925730222726
8931.0,7.847985123996084E-30,0.9999967057377515,3.2942622485204948E-6
8162.0,3.3106126022281847E-9,0.3092711510818784,0.6907288456075089
9200.0,2.296281041953571E-29,0.9999983823900395,1.617609960602679E-6
8662.0,0.9999999732022423,2.6797757694625907E-8,5.0674170180482237E-20
8389.0,2.0132923126317292E-14,1.1038583868639183E-4,0.9998896141612935
9626.0,6.984777252704402E-4,0.9992984077831867,3.114491542847936E-6
9693.0,1.9045811999149185E-4,0.8917723589379063,0.10803718294210223
9422.0,0.9999060392217026,9.396077811097362E-5,1.8646161256673326E-13
8593.0,0.5732351565790305,0.4267644905510013,3.5286996814423817E-7
8322.0,0.9931913021638461,0.006808697835946701,2.0719621256052267E-13
8868.0,0.9999436221972042,5.6377802795185105E-5,6.386294790633682E-16
9143.0,0.11588446058705561,0.803891685442784,0.0802238539701604
9735.0,1.029047822377473E-5,0.9999460246163155,4.3684905460722456E-5
9522.0,0.9778313477008261,0.022168652040153333,2.5902046044078566E-10
9249.0,9.820848941858128E-20,7.757268305236923E-11,0.9999999999224273
8574.0,1.781778209420124E-13,4.752466779901713E-4,0.9995247533218317
8301.0,0.9563553437041356,0.04364465536408712,9.317773767285792E-10
8118.0,7.256888763228304E-5,0.9998846355372423,4.27955751254118E-5
8779.0,0.5405824278622723,0.45938647019582,3.1101941907679314E-5
9048.0,0.9993229231832006,6.770767470663124E-4,6.97330890299356E-11
9765.0,2.7511797653936816E-4,0.8357047893570433,0.1640200926664173
9219.0,0.4772120133490997,0.5227742733184465,1.3713332453768022E-5
8271.0,0.4260064918207529,0.5739935028135074,5.3657397358492075E-9
8540.0,3.04235060479301E-10,0.07180156583349802,0.928198433862267
9082.0,1.5984375269365898E-31,0.9999037049037586,9.629509624135599E-5
8103.0,9.558024338814801E-6,0.9914608594550379,0.008529582520623302
8809.0,3.92498643816811E-6,0.9957501553282238,0.004245919685338051
9452.0,0.9995784323135362,4.215675898853438E-4,9.657858192246236E-11
9727.0,4.877731197563589E-4,0.9995119528313462,2.74048897404359E-7
8352.0,0.031936383309568064,0.9680373621440164,2.6254546415704404E-5
8627.0,6.580221612359064E-33,0.18792429479991704,0.812075705200083
9109.0,9.507592190343795E-10,0.9565386120755405,0.043461386973700285
8838.0,0.9999780301749588,2.1969825040932287E-5,2.48372824823244E-16
9556.0,0.004662390295034457,0.9953356373309645,1.9723740009712847E-6
9287.0,0.9860066375285061,0.013993360543131064,1.9283627973834997E-9
8749.0,4.7792584566446565E-11,0.9873941393586003,0.012605860593607068
9022.0,0.8978539084251363,0.10214609119769992,3.7716378067291433E-10
8472.0,4.078883579239183E-8,0.9975562479250625,0.0024437112861017607
8203.0,8.5628973945977E-8,0.668012084403762,0.33198782996726395
9659.0,7.740517944397144E-7,0.9999985062929271,7.196552783954589E-7
9384.0,3.087486365680075E-10,1.0010941635484548E-6,0.9999989985970877
8898.0,1.6196317902780552E-11,0.9999846250038917,1.5374979912083197E-5
9169.0,7.824320788482555E-9,0.0244864459493277,0.9755135462263514
8695.0,0.012014165331019155,0.9847070981961807,0.0032787364728002455
8420.0,0.747794404520895,0.2522055599150383,3.556406664211409E-8
9354.0,2.1385875065997655E-7,0.9999845243263101,1.5261814939069774E-5
8928.0,0.9995496834399884,4.5031652711934744E-4,3.2892376298276253E-11
8390.0,1.6949101917947643E-9,0.701350801296267,0.2986491970088228
8661.0,0.01231688995228424,0.9876814771937201,1.6328539957231418E-6
9317.0,3.534147570344602E-12,0.9662294727390205,0.033770527257445386
9590.0,0.3568564160918162,0.6431431841092217,3.997989621210784E-7
9795.0,0.7933690616278709,0.2066308344190193,1.0395310970479354E-7
8988.0,0.7713561127336624,0.22864213387709298,1.7533892445795215E-6
8084.0,0.3088047467708802,0.6854338581458272,0.005761395083292717
8719.0,0.008305184992340781,0.9915625973220329,1.3221768562628438E-4
8233.0,2.3784392453009627E-19,0.9999999960001156,3.999884440259414E-9
8506.0,0.9962775044546798,0.0037224917887040544,3.75661605484111E-9
8592.0,7.555978936735419E-10,0.999999999068284,1.7611809906310522E-10
8323.0,0.12745673308322203,0.8725279890283488,1.52778884291158E-5
8129.0,0.4902157625115751,0.5097786917554615,5.5457329633532275E-6
8869.0,1.419445426442952E-5,0.9993342531498999,6.515523958356743E-4
