9179.0,0.8332608020692306,0.1654016938386938,0.0013375040920756693
8904.0,0.8283456815499278,0.16835539187405293,0.003298926576019267
8701.0,0.32430367133672505,0.6422220053517194,0.0334743233115556
9378.0,0.5889947075789542,0.4026870052096879,0.008318287211357717
9012.0,0.3000394655719723,0.6931320070684065,0.006828527359621215
8743.0,0.1907615729027783,0.7178672168370865,0.0913712102601352
8193.0,0.29952343292572303,0.6166942088219745,0.08378235825230262
8466.0,0.15602118080662628,0.7460028525726069,0.09797596662076692
9293.0,0.524154661056923,0.4591333418977313,0.016711997045345754
9566.0,0.8618874374050862,0.13772501472498594,3.8754786992789287E-4
8081.0,0.12189745845876551,0.762401038781381,0.11570150275985362
8709.0,0.62001038619156,0.3243758755109715,0.05561373829746863
8982.0,0.008965705471984204,0.32206865323571493,0.6689656412923008
8496.0,0.7221584534431326,0.2771157939974003,7.257525594672025E-4
8227.0,0.02537785071333092,0.8729932432144567,0.10162890607221238
9596.0,0.020534481185512765,0.9030228503976981,0.0764426684167892
9327.0,0.5590192794340458,0.4382871536105434,0.0026935669554108504
9801.0,0.018107477811336852,0.7876020819795932,0.1942904402090698
8938.0,0.01298472089037316,0.8558591983503813,0.13115608075924556
8671.0,0.13268257828410834,0.780109227022484,0.08720819469340771
8396.0,0.912937004740135,0.08683024046496542,2.3275479489961916E-4
9619.0,0.08045946365625649,0.7505438447206909,0.16899669162305267
9344.0,0.8697031295155927,0.12700679502733542,0.003290075457071828
8295.0,0.21795579190140607,0.6233793994764346,0.15866480862215937
8564.0,0.1005435512048052,0.8471431407604574,0.05231330803473738
9042.0,0.5260169889967076,0.46379316438171936,0.010189846621573103
8769.0,0.3019847487423514,0.6267807170742189,0.07123453418342957
8115.0,0.8525771324448436,0.14280287395285918,0.004619993602297227
9741.0,0.015060590259330445,0.7045694035422189,0.28037000619845065
9259.0,0.2385194223497189,0.7082229536239302,0.05325762402635093
9528.0,0.025678551469394045,0.8906798157496372,0.08364163278096881
8328.0,0.4542682736863719,0.5274059232217906,0.018325803091837543
8603.0,0.01589596488501071,0.8880985707514699,0.09600546436351934
9149.0,0.022710696848998162,0.8977183789962535,0.07957092415474837
8878.0,0.7949689336777452,0.20301282920329813,0.0020182371189566384
9687.0,0.14303570471300378,0.7140942058246351,0.14287008946236118
8633.0,0.7604698209797499,0.17782006201530612,0.061710117004944054
8362.0,0.30095412585512604,0.6616049701591036,0.03744090398577037
8844.0,0.6729038786636686,0.3239651882903164,0.0031309330460149646
9119.0,0.6271941299499758,0.3617902514421379,0.011015618607886328
9446.0,0.14233611946051697,0.8038698953859968,0.053793985153486185
8534.0,0.5226556733795653,0.4737908459832807,0.003553480637153964
8261.0,0.23668805532945164,0.7430293189280733,0.020282625742474986
8098.0,0.5541820049526383,0.42135799296894066,0.024460002078421198
8803.0,0.5463602153000338,0.4517738713315613,0.0018659133684049752
9072.0,0.039413139178469225,0.8904826678379935,0.0701041929835372
9775.0,0.42281942078677676,0.5478339106223739,0.029346668590849195
9498.0,0.4744205139627983,0.5016952879388552,0.02388419809834648
9225.0,0.45771081960029986,0.5293770237827626,0.012912156616937611
9379.0,0.30227684541768424,0.6691601268933398,0.028563027688975864
9648.0,0.7688694896859138,0.2287422515267942,0.002388258787291965
9178.0,0.023321094042723603,0.8557401019420541,0.12093880401522224
8183.0,0.04368866119598907,0.6082772280225398,0.3480341107814711
8905.0,0.017167810528627044,0.5245371553757717,0.4582950340956012
8431.0,0.01301706015638571,0.7625643470966699,0.2244185927469444
8700.0,0.7554553030587117,0.24082156639506708,0.003723130546221282
9292.0,0.2306204638569541,0.7252112409477127,0.04416829519533331
9567.0,0.020335757769158195,0.8112516941019894,0.16841254812885242
9013.0,0.42899970108103014,0.5491365893428366,0.021863709576133403
8742.0,0.018188027360321435,0.8470962521062654,0.13471572053341319
8192.0,0.653290587786916,0.34665694939414554,5.246281893846362E-5
8467.0,0.4670314183812828,0.49617225967447437,0.03679632194424281
9597.0,0.5626824590529231,0.4360440412080849,0.0012734997389920455
9326.0,0.7081323371119748,0.27223212021996857,0.019635542668056755
9800.0,0.011843363372328728,0.4288333452193943,0.559323291408277
8708.0,0.6402981263960842,0.29672869803272256,0.06297317557119333
8983.0,0.39070534314761435,0.5927489174889432,0.01654573936344248
8497.0,0.021813599935637813,0.8728876272945443,0.10529877276981794
8226.0,0.14102335433662275,0.5605225460921176,0.2984540995712596
9618.0,0.9030742688761908,0.09584835812574903,0.001077372998060237
9345.0,0.018474371174580836,0.9053158046720341,0.07620982415338508
8166.0,0.016913296306253454,0.7588939279840309,0.22419277570971563
8939.0,0.907531289397364,0.09138960180444987,0.0010791087981861785
9208.0,0.5986410235842805,0.39755399623882265,0.0038049801768966847
8670.0,0.15181444326098403,0.8250737652937331,0.02311179144528296
8397.0,0.3275114280979081,0.6402840158696946,0.03220455603239711
9740.0,0.9042063925855245,0.09526721006006883,5.263973544066255E-4
9258.0,0.5178142885800227,0.47697642576265475,0.005209285657322608
9529.0,0.22850909369633168,0.7331358201629903,0.038355086140678056
8294.0,0.8718454569400232,0.12550306258016183,0.002651480479814993
8565.0,0.014554003701943492,0.41863263119170224,0.5668133651063543
9043.0,0.24957145990249846,0.700006216490488,0.05042232360701364
8768.0,0.5354422483294343,0.4599456761346963,0.004612075535869448
9413.0,0.014803493456925498,0.787196413738507,0.1980000928045675
9686.0,0.8229378221825918,0.17147622750730468,0.0055859503101034136
8329.0,0.12069387490894015,0.8521700133358379,0.027136111755222105
8602.0,0.11364795887607794,0.7197296909773299,0.1666223501465922
9148.0,0.7964874444325601,0.1958004716660809,0.007712083901358906
8879.0,0.050555108043968094,0.5787113383555262,0.37073355360050575
8132.0,0.7938815656825453,0.20107843374802098,0.005040000569433759
9716.0,0.01931684763756824,0.877889508241629,0.10279364412080273
9447.0,0.10168351405451737,0.8236319828413216,0.07468450310416115
8632.0,0.5965787688356624,0.3887386456665054,0.014682585497832088
8363.0,0.5739959819048437,0.4126362582813328,0.01336775981382356
8149.0,0.3444793492773736,0.6396035280895529,0.01591712263307338
8845.0,0.7044705697301319,0.2915644569881534,0.0039649732817146
9118.0,0.09697373796235628,0.867095532153954,0.035930729883689776
9774.0,0.2547675072771285,0.5347182032722732,0.21051428945059839
9499.0,0.07612713574395734,0.8268645766554193,0.0970082876006234
9224.0,0.5466150239484359,0.444693028418543,0.008691947633021094
8535.0,0.7277191779758213,0.2718493567020375,4.314653221412775E-4
8260.0,0.14230011296421652,0.7890404666639913,0.06865942037179217
8802.0,0.019983267339934708,0.8928260118710863,0.08719072078897894
9073.0,0.21369356620325664,0.7463779888638534,0.03992844493288997
8741.0,0.41112499025028476,0.5749687984943773,0.01390621125533804
9014.0,0.30030227029425527,0.6532795827313695,0.04641814697437506
8464.0,0.023229713355000202,0.7863583638961656,0.19041192274883417
8195.0,0.42296468508665047,0.5349590099767667,0.04207630493658279
9564.0,0.041753832764745834,0.6912997259931435,0.26694644124211053
9295.0,0.9110632995137093,0.08870394569139088,2.3275479489961914E-4
8906.0,0.26909420318119537,0.7173257838018339,0.013580013016970734
9177.0,0.8138287001149253,0.18264930750009997,0.003521992384974707
8703.0,0.014539385517810335,0.786312562484709,0.19914805199748065
8428.0,0.018841692280804716,0.8054681096466807,0.17569019807251463
9651.0,0.6638925654256316,0.3158513354141732,0.020256099160195218
9376.0,0.3440797619982362,0.604144556843783,0.05177568115798077
9211.0,0.5760636696099487,0.4031672201610412,0.020769110229010096
8936.0,0.6875411380673287,0.2948792710283273,0.01757959090434401
8398.0,0.28199959548939585,0.6498465157941299,0.06815388871647421
8669.0,0.7070677169447181,0.2914911361916584,0.0014411468636233765
9346.0,0.8370683711595311,0.1588508995932717,0.004080729247197121
9617.0,0.19187179039163665,0.6152612201396558,0.19286698946870753
8980.0,0.6971967550557954,0.2995669297672776,0.003236315176927043
8080.0,0.14775168755019086,0.8182850488373548,0.03396326361245436
8711.0,0.031041602176745314,0.7102316566767471,0.25872674114650757
8225.0,0.6987419588738988,0.29831048840073515,0.002947552725366089
8498.0,0.5306352087074923,0.45209786595910806,0.01726692533339973
9325.0,0.1244603702843785,0.8085158156113185,0.06702381410430308
9598.0,0.5376757770937214,0.43171380460420167,0.030610418302077065
9803.0,0.052000558294882204,0.7774426416701593,0.1705568000349584
8601.0,0.8359099826682791,0.1616791012095848,0.0024109161221361427
8330.0,0.024860103650030805,0.9117250628431237,0.06341483350684539
8876.0,0.7217538716568166,0.27630391018192113,0.0019422181612623044
9151.0,0.6656616094652754,0.3319196487680303,0.00241874176669429
9685.0,0.25499625964678324,0.7054144370569541,0.03958930329626257
9414.0,0.11849102850084313,0.798222570192262,0.083286401306895
8566.0,0.1628214583575029,0.759663694639843,0.07751484700265425
8293.0,0.2218345646030623,0.7193184032978283,0.058847032099109346
8771.0,0.005054934015910317,0.7602433294986538,0.2347017364854359
8114.0,0.1224225936082262,0.8063648136757023,0.0712125927160715
9040.0,0.3899680131813535,0.5556299636112624,0.05440202320738424
9743.0,0.019300369761394414,0.8789221379149669,0.10177749232363864
9530.0,0.4972454621024248,0.47590779010748463,0.026846747790090504
8263.0,0.7383180850864857,0.25131204236884863,0.0103698725446656
8532.0,0.43057438755169314,0.5432957128942095,0.02612989955409745
9074.0,0.8276044427703112,0.16861748337064675,0.003778073859042117
8801.0,0.369447562713772,0.6089415179272026,0.021610919359025305
8099.0,0.47450927158561823,0.5171946624258864,0.008296065988495183
9773.0,0.7616269575436865,0.22770526623521117,0.01066777622110235
9227.0,0.06771603028421298,0.6747268827698667,0.2575570869459203
9496.0,0.2745368134056959,0.6738182581035174,0.05164492849078671
8360.0,0.11916572720038857,0.820033411611764,0.06080086118784736
8635.0,0.2553249932079423,0.7234224954497901,0.02125251134226753
9117.0,0.4787924300291373,0.47322407636576236,0.04798349360510026
8846.0,0.1830566169939421,0.7684571873976982,0.04848619560835977
9444.0,0.02039873119279394,0.8090279739805629,0.17057329482664324
9719.0,0.2639770263727816,0.7127901528754426,0.02323282075177571
9565.0,0.6815127898780612,0.3117394354706434,0.006747774651295396
9294.0,0.24043966307820164,0.7538040080233099,0.005756328898488429
8740.0,0.32457727556858923,0.6430927709021839,0.03232995352922689
8465.0,0.02050594765821946,0.8868017951510151,0.09269225719076545
8194.0,0.40012319589799206,0.5985620273791067,0.00131477672290121
9650.0,0.30714202688022146,0.6795673699923297,0.013290603127448737
9377.0,0.2636701524378755,0.69694912491337,0.03938072264875442
8182.0,0.1757681133114376,0.777276993217063,0.046954893471499455
8907.0,0.3531054494110237,0.6173771963491378,0.029517354239838603
9176.0,0.5190784543435967,0.4729237614934545,0.007997784162948877
8702.0,0.7067787150979762,0.2863888653742317,0.006832419527792092
8429.0,0.096909697731758,0.8121324097003414,0.09095789256790063
9347.0,0.358396701936042,0.6245944570821743,0.017008840981783825
9616.0,0.5312084844167623,0.46109741377832053,0.007694101804917161
9210.0,0.18444315718995913,0.671063207667867,0.14449363514217392
8937.0,0.020046923249376937,0.9206244807085843,0.05932859604203885
8167.0,0.59256104046782,0.394691946260461,0.01274701327171902
8399.0,0.693926251381684,0.30298791657974133,0.0030858320385747256
8668.0,0.18311909714615773,0.7577162455299578,0.059164657323884394
9324.0,0.5267948491696846,0.44996628934117505,0.023238861489140422
9599.0,0.17498785979054723,0.7047400746551096,0.12027206555434315
8981.0,0.5239947516018046,0.4475931007019531,0.028412147696242264
8710.0,0.7083058906380543,0.28226229747331566,0.009431811888630046
8224.0,0.5965069404630172,0.39859382751089417,0.004899232026088687
8499.0,0.4915281302580027,0.498983927344802,0.009487942397195324
9684.0,0.6612379897520899,0.3280236240610895,0.010738386186820596
9415.0,0.10242603682095716,0.8505608951002767,0.04701306807876613
8600.0,0.02453052479600548,0.5983553880938435,0.37711408711015104
8331.0,0.47515016662947124,0.49946149665123846,0.02538833671929022
8877.0,0.8709428732864467,0.1283658840666949,6.912426468584198E-4
8133.0,0.8616947225297108,0.13187277179842008,0.00643250567186905
9150.0,0.5324440260400729,0.4652455097770642,0.0023104641828627656
9742.0,0.8776401213855115,0.11906980315741673,0.003290075457071828
9531.0,0.6240785590020476,0.37326143609627177,0.002660004901680707
9256.0,0.1057193474114518,0.8182226419051963,0.07605801068335198
8567.0,0.038598077656988625,0.8734230731187859,0.08797884922422552
8292.0,0.30337365924036874,0.6808224026202597,0.015803938139371507
8770.0,0.8274220155622077,0.1710477120926841,0.0015302723451080904
9041.0,0.6921613828934662,0.302483493310796,0.005355123795737886
9772.0,0.6706049091929616,0.32468262419033583,0.004712466616702431
9226.0,0.08313420522377385,0.816323146397529,0.10054264837869711
9497.0,0.04210524537975371,0.7045492634924833,0.2533454911277629
8262.0,0.015532278310632513,0.8832879653546344,0.10117975633473315
8533.0,0.1928996848294846,0.787713393055509,0.019386922115006398
9075.0,0.26331031156348106,0.6812665351728332,0.05542315326368578
8800.0,0.8780356300111894,0.11914596665186501,0.0028184033369456443
9445.0,0.02692449099112121,0.9026004961919892,0.07047501281688956
9718.0,0.25436065271872904,0.7245372706842009,0.02110207659707003
8361.0,0.022496788374198516,0.6141035121601367,0.36339969946566475
8634.0,0.5956152054995419,0.3957546366490808,0.008630157851377203
9116.0,0.73293733382339,0.26366089513954005,0.003401771037069884
8847.0,0.46312601520341057,0.45403663885287315,0.08283734594371635
8148.0,0.31484522678693866,0.6778531624579812,0.007301610755080071
8500.0,0.008402473805752068,0.4762596386837625,0.5153378875104855
8231.0,0.8909759068188504,0.10743386603950893,0.0015902271416406686
8705.0,0.770883287679026,0.2285061385438617,6.105737771123819E-4
8083.0,0.8574208395594116,0.14157988289961002,9.992775409784843E-4
8978.0,0.1987395444990233,0.7363758369350688,0.06488461856590795
9805.0,0.17943865028470388,0.7022532486615034,0.11830810105379273
9592.0,0.7990198370599211,0.19858507256477428,0.002395090375304504
9323.0,0.4188902644899591,0.5707399286383708,0.010369806871670153
8667.0,0.4658482236598091,0.5279937355257212,0.006158040814469677
8392.0,0.44762788137870635,0.5083808869738097,0.04399123164748407
8942.0,0.02538323532781279,0.8890520424899676,0.08556472218221965
9213.0,0.4160907757303369,0.5091203212082914,0.07478890306137163
9623.0,0.860901467131547,0.13758804927238777,0.0015104835960651488
9348.0,0.842261223501649,0.15444870104127922,0.0032900754570718274
8426.0,0.48039410568661167,0.5043765414825906,0.015229352830797653
8697.0,0.3939904003279441,0.5894141348110208,0.016595464861035133
9183.0,0.5261838516655805,0.4663008664697147,0.007515281864704815
8908.0,0.9146381032443918,0.08446255925190901,8.993375036992297E-4
9653.0,0.4381028632409163,0.5571960301283054,0.00470110663077834
8197.0,0.021254815036673022,0.6811663391166501,0.2975788458466768
8470.0,0.07774617897326976,0.5135608561459324,0.4086929648807979
9008.0,0.28362736765880986,0.5414160977886473,0.17495653455254281
8739.0,0.9107086202194459,0.08912838478996463,1.6299499058945984E-4
9289.0,0.23970762604557108,0.7446340672467244,0.015658306707704545
9562.0,0.8137008563780515,0.178800283973363,0.007498859648585456
8840.0,0.1263886717990173,0.8577646731407428,0.015846655060239755
9115.0,0.01651547429803708,0.828121933987592,0.15536259171437086
8637.0,0.019242521852720955,0.8806588664523916,0.10009861169488743
8366.0,0.4722233704663013,0.5143565066654938,0.013420122868204853
9442.0,0.6121345236747473,0.36298229459381054,0.024883181731442286
8807.0,0.6435844280789003,0.3510206948563966,0.005394877064703094
8096.0,0.020109983418865156,0.8818608273412509,0.09802918923988385
9076.0,0.0185343974612546,0.8997319460227515,0.08173365651599387
8530.0,0.0208023529114598,0.9175049530761904,0.0616926940123499
8257.0,0.09969855097028758,0.6347960865373735,0.265505362492339
9502.0,0.31785373185907106,0.6689719928759384,0.013174275264990475
9229.0,0.6481006590310517,0.3505105143782999,0.001388826590648539
9771.0,0.4788378026901242,0.507843649705417,0.013318547604458766
9046.0,0.14659825950230518,0.5996501765465913,0.25375156395110354
8773.0,0.14852360411725032,0.7115450256278713,0.13993137025487837
8113.0,0.8422768479104489,0.15674281410165444,9.80337987896676E-4
8291.0,0.015023250774111237,0.6929326188878023,0.2920441303380864
8560.0,0.5171864140164735,0.36972050343112106,0.11309308255240541
9263.0,0.09011819159778162,0.796243178035497,0.1136386303667213
9532.0,0.6433466858371834,0.3411292991038938,0.015524015058922949
9737.0,0.019351071850639057,0.8065984387804519,0.17405048936890913
9145.0,0.31829017718505015,0.670476223291935,0.011233599523014831
8874.0,0.32972673529578195,0.645772175812931,0.024501088891286944
8332.0,0.8877655070121344,0.1105608823591075,0.0016736106287581457
8607.0,0.06225856663342626,0.8299406655620075,0.10780076780456622
9408.0,0.8783575441790239,0.11790247506344613,0.0037399807575299953
9683.0,0.8761589375813109,0.12051033576320898,0.00333072665547996
9593.0,0.6951267648244421,0.29593046257632594,0.008942772599231945
9322.0,0.01126093417406333,0.8934169463683613,0.09532211945757522
8501.0,0.5971184973722408,0.39126308978625535,0.011618412841503892
8230.0,0.7299297738531875,0.2667605681698096,0.0033096579770028082
8704.0,0.620889744219876,0.3233162609252785,0.055793994854845604
8979.0,0.11682764222790874,0.6842440978690999,0.19892825990299137
9622.0,0.3985175561502416,0.5804740371739011,0.02100840667585733
9349.0,0.48770849118969734,0.49099933261651074,0.02129217619379186
8666.0,0.1193563856241909,0.8099997643838277,0.07064384999198148
8393.0,0.6353460940089426,0.35935310052280206,0.005300805468255359
8164.0,0.015675469861132336,0.8884303600003499,0.09589417013851775
8943.0,0.09265659586929925,0.8352416864652094,0.07210171766549144
9212.0,0.2808584667837729,0.6748134080375094,0.04432812517871759
9383.0,0.6499032761466732,0.3419064101089651,0.008190313744361619
9652.0,0.8279149008486187,0.1705979468348899,0.0014871523164913351
8427.0,0.7357770918331589,0.26055079425047795,0.003672113916363141
8696.0,0.7968525550245664,0.19860523718322587,0.004542207792207792
9182.0,0.8084818253371576,0.18996730572436737,0.0015508689384749932
8909.0,0.38829362052807403,0.4688175689920316,0.14288881047989446
8181.0,0.23428392469936213,0.737803524551284,0.027912550749353945
9288.0,0.07121673555343312,0.7897539427479728,0.13902932169859414
9563.0,0.03622999968388542,0.9031660158070098,0.06060398450910474
8196.0,0.00830050013565271,0.9101708658138677,0.08152863405047946
8471.0,0.7521908065708067,0.24386863324390787,0.00394056018528549
9009.0,0.7381064198267883,0.2614234872579968,4.700929152148662E-4
8738.0,0.3208319240367926,0.6521949954542564,0.02697308050895105
9712.0,0.02637263013497146,0.9143904827870765,0.05923688707795208
9443.0,0.10904455196839813,0.8186421441728147,0.07231330385878729
8151.0,0.28459276297202724,0.6954924525336845,0.019914784494288195
8841.0,0.08236747472555342,0.8091991253579027,0.10843339991654395
9114.0,0.8767352211054908,0.12254040456604828,7.243743284609205E-4
8636.0,0.13130966165886404,0.8332297319901105,0.03546060635102536
8367.0,0.08385117209341589,0.7003845521855644,0.2157642757210198
9503.0,0.8510695692124358,0.1483308316626061,5.995991249581789E-4
9228.0,0.8894730516383298,0.1095578405080942,9.691078535760245E-4
9770.0,0.2027695285247201,0.5765944369166204,0.22063603455865952
8806.0,0.06786678054285382,0.7816357099919581,0.1504975094651882
9077.0,0.01703034239504092,0.8544385639400951,0.12853109366486398
8531.0,0.17072510498285462,0.7695372233052219,0.0597376717119234
8256.0,0.25378202952460954,0.7014195324861715,0.04479843798921909
9262.0,0.014926355704181691,0.8962102064765691,0.08886343781924909
9533.0,0.019821017669648205,0.8517234890841443,0.12845549324620747
9736.0,0.2950893534340366,0.6739474965422168,0.03096315002374666
9047.0,0.013193141263148366,0.8842760589529808,0.10253079978387077
8772.0,0.015951130538812135,0.8879033382623016,0.09614553119888633
8290.0,0.07394401870022263,0.8448194424720259,0.08123653882775139
8561.0,0.01975760952391227,0.8925136533391422,0.08772873713694558
9409.0,0.02536448696096902,0.9215445188336205,0.05309099420541041
9682.0,0.0512593213191877,0.573018278112217,0.37572240056859535
9144.0,0.708589818804548,0.28384505912489866,0.0075651220705533805
8875.0,0.023754027105151673,0.8809665242471036,0.0952794486477447
8134.0,0.014914396565564427,0.8018088030304081,0.18327680040402747
8333.0,0.0839632566725871,0.7667679683066639,0.1492687750207489
8606.0,0.7447945175314147,0.2502679846265325,0.0049374978420527686
8394.0,0.518902297391973,0.4760029466457067,0.005094755962320227
8665.0,0.7329471543851704,0.25655752869866505,0.010495316916164503
9215.0,0.7965289657138287,0.20274314221391965,7.278920722517465E-4
8940.0,0.11834661724097502,0.7899189753185717,0.09173440744045323
9350.0,0.8767693550452333,0.12232111154928135,9.095334054852165E-4
9621.0,0.7701489583881813,0.2266162003464144,0.003234841265404357
8229.0,0.44651581021126047,0.4924049029924401,0.061079286796299426
8502.0,0.018916367421235578,0.8277062381731026,0.15337739440566184
8976.0,0.5824584793816592,0.40201745625856417,0.015524064359776752
8082.0,0.4069335746963886,0.5680884147780432,0.024978010525568205
8707.0,0.011228639928668564,0.9009589009267995,0.08781245914453199
9807.0,0.022970732549499117,0.9083541038112334,0.06867516363926755
9321.0,0.6383059387441672,0.35896180002677625,0.002732261229056705
9594.0,0.019120534256669566,0.8690976258831725,0.111781839860158
8468.0,0.8137066374870235,0.18431983993051262,0.0019735225824638915
8199.0,0.023966941296889657,0.9082788129952017,0.0677542457079087
8737.0,0.6248668287112822,0.3606932240399507,0.014439947248767236
9010.0,0.03229858096565122,0.7899726091613004,0.17772880987304834
9560.0,0.10659135699500094,0.8179919022543416,0.07541674075065738
9291.0,0.4339260438964933,0.5532614374036932,0.012812518699813617
8699.0,0.8952815241924647,0.10303957417348607,0.0016789016340491502
8424.0,0.8753007140719963,0.1208600925515854,0.0038391933764183182
8910.0,0.8045158129057386,0.19026011134301207,0.005224075751249337
9181.0,0.11957417672908255,0.6618695902642873,0.21855623300663016
9380.0,0.30145333223882126,0.6782559640099907,0.020290703751188063
9078.0,0.1253401686173431,0.8293909667244517,0.045268864658205066
8805.0,0.7762737120404609,0.22085773494334512,0.002868553016194003
8097.0,0.7452459822474787,0.2468284624070949,0.00792555534542643
8259.0,0.7055824582283619,0.2930949348059597,0.0013226069656786148
8528.0,0.47483288498971793,0.5178607222053332,0.007306392804948912
9231.0,0.39249513690670074,0.6032358786362856,0.004268984457013757
9500.0,0.36160750617287285,0.6143985597556867,0.023993934071440456
9769.0,0.5907110129596942,0.37696944054004494,0.0323195465002609
8842.0,0.7170742482211113,0.2708628380978107,0.012062913681078003
8364.0,0.006256188361577918,0.5094686747811812,0.48427513685724094
8639.0,0.3031799102910566,0.6375287152992158,0.05929137440972751
9440.0,0.11395918622898112,0.7892013566912509,0.09683945707976799
9715.0,0.008327797461143517,0.631626565232156,0.3600456373067005
8872.0,0.012154689438619951,0.8691971518140755,0.11864815874730457
9147.0,0.8161859807071845,0.18060618644417598,0.00320783284863943
8605.0,0.07856532064471232,0.8402479723520526,0.0811867070032351
8334.0,0.47580997067232533,0.5154485504249471,0.00874147890272762
9681.0,0.019380685432022274,0.7653659879841366,0.21525332658384125
8775.0,0.6832838534076484,0.31176553502977794,0.004950611562573682
8112.0,0.4382528247464264,0.5381645308678149,0.02358264438575866
8562.0,0.1520769363922571,0.8028704006817874,0.04505266292595557
8289.0,0.5135484213917189,0.4776945066777415,0.008757071930539663
9534.0,0.6706077975432297,0.322876171208182,0.00651603124858817
9261.0,0.8501476911255017,0.14777357380666856,0.00207873506782977
9739.0,0.011339229837447036,0.6573735273802095,0.33128724278234356
9351.0,0.6975450809165772,0.3012435533817531,0.0012113657016696877
9620.0,0.10461429925641055,0.8114785089902407,0.08390719175334871
8395.0,0.6258671480471465,0.3716952154061417,0.0024376365467118273
8664.0,0.426521863147636,0.5648462486911366,0.008631888161227327
9214.0,0.026790637192405348,0.9116647711261315,0.061544591681463104
8941.0,0.343072575707844,0.635115069065491,0.02181235522666505
8165.0,0.21745450043076686,0.7589667109580815,0.023578788611151563
9806.0,0.009231901757470174,0.580099827397734,0.41066827084479574
9320.0,0.8415517978412441,0.15512151572732746,0.0033266864314284144
9595.0,0.6802099904638602,0.31744196094324895,0.0023480485928908243
8228.0,0.40813243185607034,0.5723786659758846,0.019488902168044997
8503.0,0.005940417981254215,0.7442665734602595,0.24979300855848627
8977.0,0.8626978616606731,0.13416169162374966,0.0031404467155772865
9290.0,0.7859429866334343,0.20921911543522637,0.004837897931339345
8469.0,0.014370850815911074,0.6641734200827405,0.3214557291013484
8198.0,0.4298326214025591,0.5453861300083673,0.024781248589073507
8736.0,0.18935857358871572,0.7406185256873298,0.0700229007239546
9011.0,0.8401523709540254,0.15769145889111022,0.002156170154864376
9654.0,0.06701661528705484,0.8639133753454187,0.06907000936752652
8698.0,0.01918342945076206,0.8516273238955652,0.1291892466536727
8425.0,0.9174788746855513,0.08184215362096522,6.78971693483429E-4
8180.0,0.25347963186215977,0.7445202106281318,0.0020001575097085135
8911.0,0.10617401730443114,0.8261276825743484,0.06769830012122044
9180.0,0.46529253406758636,0.5311607972782728,0.0035466686541408138
9230.0,0.03186382236912682,0.8037535386623609,0.16438263896851232
9501.0,0.522577415063837,0.46778164039075987,0.009640944545402966
9768.0,0.3615535852140768,0.6083528616495354,0.03009355313638774
9079.0,0.4907429500937763,0.5004223661986407,0.008834683707583047
8804.0,0.6619891345801124,0.3213591696572822,0.016651695762605338
8258.0,0.16744690883707242,0.7724148838034997,0.06013820735942803
8529.0,0.34271918734296464,0.6412294059494675,0.016051406707567845
9441.0,0.8588356638719625,0.13881494688093898,0.0023493892470985802
9112.0,0.6271986274849954,0.361608290538174,0.011193081976830607
8150.0,0.5715118816810367,0.36737806320505234,0.061110055113910926
8843.0,0.18037578034343113,0.7246706770215924,0.09495354263497652
8365.0,0.7902087928015918,0.19157831702683806,0.018212890171569966
8638.0,0.4311581372160548,0.5651727963232788,0.0036690664606664203
9680.0,0.8003768408212448,0.19519688856081097,0.004426270617944085
9411.0,0.6613681688616929,0.337020385939644,0.001611445198663147
8135.0,0.34517011389774827,0.6292892225699,0.02554066353235165
8873.0,0.7620748047494584,0.23689799999822386,0.0010271952523177152
9146.0,0.39040212344178443,0.5808228638196864,0.02877501273852914
8604.0,0.02082084184140005,0.7563814223139669,0.22279773584463317
8335.0,0.3033107864405062,0.6862519932827433,0.010437220276750496
9535.0,0.6154129672302707,0.38152258742524187,0.0030644453444873833
9260.0,0.03502503262203704,0.8910285551202695,0.0739464122576935
9738.0,0.6882626136715563,0.3085314816699632,0.0032059046584804293
8774.0,0.014347957212500892,0.8682897533722531,0.11736228941524612
9045.0,0.4131032298720163,0.5843382339141642,0.0025585362138194657
8563.0,0.12222691871181389,0.798220324670062,0.0795527566181241
8288.0,0.1631028256613939,0.7862195909007503,0.050677583437855674
9733.0,0.46598173246893376,0.5293736697425551,0.004644597788511245
9251.0,0.3727427012110339,0.5802873624455933,0.04696993634337292
9520.0,0.41112174663064105,0.5854555047589787,0.003422748610380183
8303.0,0.7984385522426761,0.2000670288934914,0.0014944188638324192
8572.0,0.3573731743413889,0.6202994788476109,0.022327346811000143
9050.0,0.7196378197882408,0.26629337268097836,0.014068807530780915
8777.0,0.4992177007650603,0.4912301391381112,0.009552160096828506
8119.0,0.13480243321569874,0.7369614844613153,0.12823608232298594
9420.0,0.42030086561960955,0.5705767409936071,0.009122393386783324
9695.0,0.3138154926555438,0.6617624037383646,0.024422103606091646
8320.0,0.5287025801102875,0.46999866501516313,0.001298754874549415
8595.0,0.32252399956650546,0.6640637575754876,0.013412242858006965
9141.0,0.913665318054091,0.08565571025242556,6.78971693483429E-4
8870.0,0.18905298078660077,0.7184830626226456,0.09246395659075363
9725.0,0.2870502761908438,0.5760147935370901,0.13693493027206613
9454.0,0.01782540480323051,0.8908784447870498,0.0912961504097197
8625.0,0.613787566943512,0.37727857117191343,0.008933861884574602
8354.0,0.6545474195433417,0.3408014446912052,0.004651135765453078
8836.0,0.8561274509347051,0.14110129585398895,0.002771253211305928
9111.0,0.020481883078853833,0.9212225543503452,0.05829556257080096
9767.0,0.6087294306421306,0.3744704784055889,0.01680009095228063
9490.0,0.21025702457577863,0.7331927391489488,0.056550236275272565
9217.0,0.023188924248825425,0.8623494197420974,0.114461656009077
8542.0,0.07807361654152595,0.49690514762961,0.4250212358288641
8269.0,0.875987885801189,0.12131719146666495,0.002694922732146048
8811.0,0.7946686937888339,0.20281268897352867,0.0025186172376374175
8102.0,0.7295092192525536,0.2647421538861602,0.00574862686128615
9080.0,0.29448441153941374,0.6835306805695988,0.02198490789098755
9386.0,0.01159264884074974,0.8783822305853985,0.1100251205738518
9657.0,0.02214882245195389,0.8857515696044223,0.0920996079436239
9171.0,0.6045278759224095,0.3938236755809188,0.0016484484966715672
8896.0,0.014953766138356557,0.6943387764509465,0.29070745741069676
8693.0,0.1135989987877265,0.8073345092109006,0.079066492001373
9285.0,0.043166340104359845,0.47836005453178815,0.47847360536385203
9558.0,0.3771472329509049,0.6048879134281451,0.017964853620949975
9020.0,0.018184707038718446,0.8301499532970843,0.15166533966419737
8751.0,0.6991207374325084,0.2917712281498458,0.009108034417645837
8201.0,0.777464759261019,0.21785354361984718,0.004681697119133696
8474.0,0.17248777116285757,0.7915377909760843,0.03597443786105815
9588.0,0.012797337105720848,0.6855265114264859,0.3016761514677932
9319.0,0.09135182148204711,0.6203197143852703,0.2883284641326826
9793.0,0.33723019300298746,0.6358837902760323,0.02688601672098026
8085.0,0.6462765788202863,0.3495009041421084,0.004222517037605251
8717.0,0.34449382997965544,0.595556720600183,0.05994944942016154
8990.0,0.7983681678378349,0.19678964208756605,0.00484219007459912
8504.0,0.6539611430202988,0.33975615831979006,0.006282698659911097
8235.0,0.1520832109789515,0.7508303727126429,0.09708641630840562
9627.0,0.381941769221189,0.4939829983732097,0.12407523240560113
9352.0,0.7084173415690179,0.2842093834237951,0.007373275007186905
8930.0,0.7714491684228684,0.22723032248726618,0.001320509089865437
9201.0,0.017556417221965864,0.7965809463580782,0.185862636419956
8663.0,0.13921148862112823,0.8030026223483046,0.057785889030567354
8388.0,0.4911519326453341,0.4347862237505933,0.07406184360407259
8302.0,0.01144295476803698,0.8978236398637253,0.09073340536823787
8573.0,0.006069978500136461,0.5408639621348068,0.4530660593650566
9051.0,0.8262863500651728,0.1719331458137091,0.0017805041211182099
8776.0,0.4867118987130882,0.5109098239762607,0.0023782773106510724
9250.0,0.736082102488617,0.2612540662053243,0.002663831306058554
9521.0,0.0192884298094168,0.7885994238243185,0.19211214636626478
8321.0,0.313582950958092,0.6001167626995558,0.08630028634235216
8594.0,0.11882288231932331,0.670428940855686,0.21074817682499053
9140.0,0.4658738957609478,0.5224660549427396,0.011660049296312525
8871.0,0.169038277051745,0.7847343424343032,0.04622738051395183
8128.0,0.3219033655013272,0.6252878018458989,0.05280883265277383
9421.0,0.020906815737285832,0.7174179341002824,0.2616752501624316
9694.0,0.8316206980374599,0.1648133186853368,0.0035659832772032976
8624.0,0.09309972402018955,0.8457949452321618,0.06110533074764863
8355.0,0.8236653091864344,0.1760054681510009,3.292226625645678E-4
8145.0,0.8071802936144219,0.189970947882618,0.002848758502960155
8837.0,0.03073348030374533,0.540680947310527,0.4285855723857277
9110.0,0.468158844909665,0.5054265381774067,0.026414616912928335
9724.0,0.36674554832830913,0.61996485024914,0.013289601422550689
9455.0,0.8963957739096376,0.10352089275702898,8.333333333333333E-5
8543.0,0.44109885499904683,0.5306109281829552,0.02829021681799804
8268.0,0.5798885016159502,0.37628306621175484,0.04382843217229485
8810.0,0.29580547633793447,0.6687123683739371,0.03548215528812833
9081.0,0.6206309854559707,0.355691776768205,0.02367723777582421
9766.0,0.44900139267561556,0.5291118791159795,0.02188672820840495
9491.0,0.2844134072994682,0.6589974516286802,0.05658914107185173
9216.0,0.368481887823659,0.6109386143173594,0.020579497858981628
9170.0,0.2273518651052483,0.6387410827682648,0.1339070521264868
8179.0,0.05893946654136658,0.6958947309816634,0.24516580247696995
8897.0,0.24606412466289038,0.7255396615191485,0.028396213817961247
8423.0,0.5713977988422352,0.42300860514396954,0.005593596013795322
8692.0,0.10899348819708418,0.8424916770816977,0.04851483472121812
9387.0,0.8247050327558804,0.17454969216335314,7.452750807665159E-4
9021.0,0.9039673546188098,0.09551576755459694,5.168778265932362E-4
8750.0,0.5311239881002175,0.4665146749658672,0.002361336933915292
8200.0,0.021719865960514156,0.844583476487976,0.13369665755150983
8475.0,0.22664015547384106,0.7315802618392564,0.04177958268690246
9559.0,0.8395381108918433,0.15784107002321052,0.002620819084946223
8716.0,0.01472673297803075,0.8705326432297702,0.11474062379219906
8991.0,0.8660663407184066,0.12986494297060588,0.004068716310987595
8505.0,0.00893485685740002,0.5213934345411374,0.4696717086014626
8234.0,0.4121155275280696,0.5745206188804134,0.013363853591516898
9589.0,0.11607148122994704,0.6623614669670238,0.2215670518030292
9318.0,0.2977651401668831,0.6783544005746387,0.023880459258478193
9792.0,0.31516694225188097,0.5778196471753271,0.10701341057279194
8931.0,0.023923236018450023,0.9104515676331446,0.06562519634840532
8162.0,0.011691248730945344,0.7229609956144463,0.26534775565460844
9200.0,0.029376254051744585,0.9145390679750302,0.05608467797322528
8662.0,0.828794542068409,0.16880730569967842,0.0023981522319126126
8389.0,0.13323859900010687,0.7458476879116712,0.12091371308822188
9626.0,0.016215176510575503,0.9023457553769195,0.08143906811250497
9693.0,0.5257210530392364,0.4632294791104111,0.011049467850352475
9422.0,0.8409723486687931,0.1581967593581193,8.308919730876671E-4
8593.0,0.8296779636562778,0.16936146700906238,9.605693346599084E-4
8322.0,0.6717174479213982,0.32787937471669176,4.0317736190995443E-4
8868.0,0.8763398109857086,0.12295515113599569,7.050378782958506E-4
9143.0,0.6011800744686454,0.3614535789855623,0.03736634654579234
9735.0,0.4007855313257532,0.5705825680788832,0.02863190059536358
9522.0,0.31068046547137246,0.6693318610804698,0.01998767344815777
9249.0,0.012054451926035253,0.4315355807244727,0.5564099673494921
8574.0,0.16273187537557265,0.7419111542758136,0.09535697034861389
8301.0,0.907478086089423,0.09185356492771624,6.683489828607184E-4
8118.0,0.3562078897766623,0.6315261652874274,0.012265944935910229
8779.0,0.8488143843560932,0.14809476831587623,0.0030908473280306025
9048.0,0.8505785802144569,0.14877518586044733,6.462339250959217E-4
9765.0,0.5154960284892585,0.42411608222638164,0.060387889284359904
9219.0,0.13411199784562813,0.8007162702078068,0.06517173194656511
8271.0,0.42954620403668353,0.5663629723931126,0.004090823570203906
8540.0,0.03961964025110029,0.7927384013629918,0.1676419583859078
9082.0,0.019716482528282293,0.8551772366332552,0.1251062808384625
8103.0,0.6194523162160311,0.3628980416520052,0.017649642131963673
8809.0,0.25578611413697894,0.6915066535365256,0.05270723232649552
9452.0,0.7503815371961525,0.24913754982790481,4.80912975942673E-4
9727.0,0.18512475819218951,0.7527552874637897,0.06211995434402077
8352.0,0.37513942746984286,0.6178364573664418,0.00702411516371524
8627.0,0.023951561149478932,0.9047665985698357,0.07128184028068536
9109.0,0.008117332301800397,0.6444009184744707,0.347481749223729
8838.0,0.8391386182698997,0.1605073307796458,3.5405095045446043E-4
9556.0,0.6804085735429561,0.317604986006121,0.0019864404509227543
9287.0,0.623206211951143,0.37066725626988545,0.00612653177897165
8749.0,0.3966890131665001,0.5903109085040837,0.013000078329416156
9022.0,0.47279080335724905,0.4834957722189038,0.04371342442384721
8472.0,0.1777678081068968,0.7650693082936696,0.05716288359943363
8203.0,0.3890390391918139,0.5825634400156772,0.028397520792508794
9659.0,0.14358129289352375,0.7841809779032175,0.07223772920325863
9384.0,0.21078778609156268,0.559451377779031,0.2297608361294063
8898.0,0.3809663200531895,0.6134321000415796,0.0056015799052309785
9169.0,0.05167655156388444,0.6838828507919616,0.26444059764415395
8695.0,0.36663135689286724,0.6245583117905152,0.00881033131661752
8420.0,0.4596821228411614,0.5185541374621051,0.021763739696733477
9354.0,0.18545363899551856,0.7389571422914896,0.07558921871299185
8928.0,0.839793870529979,0.15875277664818235,0.0014533528218387036
8390.0,0.00939937427722493,0.6242900615697722,0.36631056415300295
8661.0,0.2976576134269935,0.6889777359293722,0.013364650643634339
9317.0,0.01614324537546408,0.8895499865982549,0.09430676802628107
9590.0,0.10845835721041724,0.8026727528349689,0.08886888995461387
9795.0,0.3377351198690574,0.6428727202797878,0.01939215985115474
8988.0,0.3182088611746298,0.6567443639304676,0.025046774894902514
8084.0,0.6418167610879465,0.34047417808767133,0.017709060824382197
8719.0,0.3022211600796274,0.6848789084950678,0.012899931425304753
8233.0,0.11602185079809593,0.8223079212561208,0.061670227945783244
8506.0,0.6922239124241538,0.3031640451771087,0.004612042398737506
8592.0,0.49317659912454254,0.4939017431797722,0.012921657695685311
8323.0,0.6674770659145817,0.3115335187876179,0.020989415297800525
8129.0,0.542709136269816,0.43366249767011233,0.023628366060071838
8869.0,0.18138900444643588,0.7780623013524425,0.04054869420112165
9142.0,0.7533030124194336,0.21682976483267546,0.02986722274789089
9692.0,0.6596455345824459,0.33768548398722975,0.0026689814303243525
9423.0,0.5415139613272892,0.4538214363218098,0.004664602350900948
8575.0,0.8483360627630684,0.14266404452454234,0.00899989271238922
8300.0,0.017803990211544513,0.7101298940441746,0.2720661157442809
8778.0,0.01886925765854818,0.8913133626209295,0.08981737972052223
9523.0,0.14862641183222777,0.7724793290252312,0.07889425914254107
9248.0,0.70984335287188,0.2666672421051655,0.023489405022954393
8270.0,0.5686203947043044,0.4252462459988439,0.006133359296851763
8541.0,0.016051500575690044,0.7718796033221624,0.21206889610214752
9083.0,0.508883193257413,0.4708330921024524,0.020283714640134516
8808.0,0.04808064443305766,0.8110283607772042,0.14089099478973807
9764.0,0.5571413820831268,0.4237834674106935,0.01907515050617972
9218.0,0.01065755706798205,0.7318809807186688,0.25746146221334915
9489.0,0.821562130289738,0.17434178152361052,0.004096088186651418
8353.0,0.5600294836069666,0.43657047834421064,0.003400038048822818
8626.0,0.0679338261852077,0.8706312414323267,0.061434932382465585
8839.0,0.020454639665187017,0.5793663387497273,0.4001790215850856
8144.0,0.8728713206172893,0.12640549961444084,7.231797682698703E-4
9453.0,0.3346612933760455,0.6566101944642451,0.008728512159709595
