9179.0,0.9992989084399856,7.010910302371772E-4,5.297771466334697E-10
8904.0,0.9903576314071662,0.009642171931192324,1.9666164147815294E-7
8701.0,0.04700144625833312,0.9497502265412652,0.0032483272004015444
9378.0,0.8476013002503546,0.1523950854114048,3.6143382404734216E-6
9012.0,0.926699704601343,0.07329910602203824,1.1893766186932983E-6
8743.0,2.2074155519635255E-5,0.9348063047620998,0.0651716210823807
8193.0,0.6179109016045172,0.381243154864288,8.459435311948045E-4
8466.0,4.122719607182466E-9,0.0013044922417932178,0.9986955036354871
9293.0,0.9709904513723464,0.029008953874194485,5.947534591636961E-7
9566.0,0.997002731472144,0.002997235260388956,3.326746703534702E-8
8081.0,1.2828106255955217E-6,0.19773753725848836,0.8022611799308861
8709.0,0.10714535295773484,0.8919569929599099,8.976540823553914E-4
8982.0,7.683027604571759E-26,2.618205636143405E-11,0.999999999973818
8496.0,0.999197639646375,8.023582769267633E-4,2.076698172052535E-9
8227.0,3.098364214121364E-17,0.997781462751162,0.00221853724883805
9596.0,2.459362651526902E-19,0.9939571643540449,0.006042835645955056
9327.0,0.9462506858060605,0.053745334366230454,3.979827708997142E-6
9801.0,1.5894887706421436E-16,0.06499813658675882,0.9350018634132409
8938.0,5.125369915489768E-10,0.04750670718603248,0.9524932923014305
8671.0,5.891444081253138E-7,0.2006809630232353,0.7993184478323566
8396.0,0.9991163900424263,8.836079223891774E-4,2.0351847479567335E-9
9619.0,3.5304088193920714E-7,0.1917709922054348,0.8082286547536833
9344.0,0.9970526596423273,0.002947312414118429,2.794355432205023E-8
8295.0,0.0792569439085397,0.9206972627353519,4.5793356108331584E-5
8564.0,0.0030658452057052933,0.985107979680684,0.011826175113610784
9042.0,0.8388004461425079,0.16119156987518826,7.983982303835022E-6
8769.0,7.639060360934541E-7,0.9958887107444793,0.004110525349484685
8115.0,0.9945077099448874,0.005492246639269176,4.34158434695031E-8
9741.0,8.89990175035562E-7,0.8226694720261727,0.17732963798365226
9259.0,0.13258760483302476,0.8669326649399888,4.797302269863516E-4
9528.0,0.002965430469198924,0.9964257434040822,6.088261267188467E-4
8328.0,0.9907002976365473,0.009299445129040159,2.572344124933088E-7
8603.0,0.009750360267920019,0.9893832264565176,8.664132755623486E-4
9149.0,7.657156920313246E-16,0.9977177857638008,0.0022822142361985528
8878.0,0.9989412842864243,0.001058715298267654,4.153081762663956E-10
9687.0,0.8901366914342271,0.10984287435721811,2.0434208554597296E-5
8633.0,0.9540622136645519,0.04593107634666415,6.7099887840413675E-6
8362.0,3.326939371987984E-6,0.4556620833829035,0.5443345896777245
8844.0,0.9427219177634808,0.057273104327094385,4.9779094248391095E-6
9119.0,0.9964384036193183,0.003561565184387624,3.119629407330485E-8
9446.0,0.892363417424425,0.10762756390275464,9.018672820318984E-6
8534.0,0.9954012048107714,0.004598787750267158,7.438961362505679E-9
8261.0,0.27375617308959876,0.7262070500041574,3.6776906243840206E-5
8098.0,0.7654273624916393,0.23455801342599014,1.4624082370582363E-5
8803.0,0.9992959340312723,7.040642130895932E-4,1.7556381831801551E-9
9072.0,0.15668033915044804,0.8433152017512751,4.45909827686219E-6
9775.0,0.8762913992756142,0.12370343038831091,5.170336074996982E-6
9498.0,0.5920157841518435,0.40786142536380315,1.227904843533295E-4
9225.0,0.938096913045293,0.06190143535035947,1.6516043476294859E-6
9379.0,0.32750323654917685,0.6709222332177368,0.0015745302330864139
9648.0,0.9970790679700244,0.0029209303681373405,1.6618381173943116E-9
9178.0,1.6718312993029322E-4,0.997511047155922,0.0023217697141475853
8183.0,2.9810894385808156E-17,7.741185562185416E-5,0.999922588144378
8905.0,1.2061446406616222E-22,7.63706574134179E-9,0.9999999923629342
8431.0,3.657060312879621E-12,2.863987001709044E-4,0.999713601296172
8700.0,0.8880183341245652,0.11196759939641356,1.4066479021305227E-5
9292.0,7.513289089702698E-4,0.997805470878908,0.0014432002121217019
9567.0,8.745180694091267E-21,0.8919455288259754,0.10805447117402457
9013.0,0.7347863677517656,0.26517447874795197,3.915350028229286E-5
8742.0,2.6983214683136513E-9,0.999551773453189,4.482238484894605E-4
8192.0,0.9920284187134467,0.00797152299567782,5.8290875544970535E-8
8467.0,0.7950586039122807,0.20490358592316826,3.781016455109019E-5
9597.0,0.6711307735983627,0.32884826570620823,2.096069542917175E-5
9326.0,0.9118626889497761,0.08813037407557446,6.936974649592777E-6
9800.0,6.580836428118416E-18,0.0032475220663751685,0.9967524779336249
8708.0,0.9618766816206029,0.03812184531326678,1.4730661303015017E-6
8983.0,0.9367747501875605,0.06321955445803552,5.695354403957883E-6
8497.0,9.903974608011715E-9,0.5104137910169356,0.4895861990790897
8226.0,9.836880677203679E-6,0.2500958789098885,0.7498942842094344
9618.0,0.9996346661853728,3.653335591356976E-4,2.5549155276708075E-10
9345.0,2.519582450642034E-7,0.9996237014572089,3.760465845461603E-4
8166.0,2.994131660826324E-7,0.18577317132181317,0.8142265292650207
8939.0,0.9998350298862578,1.6497009219744487E-4,2.1544708762579472E-11
9208.0,0.12927292370120375,0.8706710988891626,5.5977409633604214E-5
8670.0,0.012718126769169431,0.9807254171368803,0.006556456093950134
8397.0,0.9535947670482886,0.046402547739634065,2.6852120773177824E-6
9740.0,0.9994925836546982,5.074157848237812E-4,5.604779775434153E-10
9258.0,0.984764317982709,0.015235381045431482,3.009718595903351E-7
9529.0,0.0887826890347989,0.9111997731089372,1.753785626392468E-5
8294.0,0.9980591519154569,0.0019408375175107703,1.0567032348645587E-8
8565.0,6.549336187073603E-19,1.071480449098239E-9,0.9999999989285195
9043.0,0.2669858333095025,0.7322248714608373,7.892952296603407E-4
8768.0,0.8022237048718109,0.19774798334165278,2.8311786536168126E-5
9413.0,4.393386278434238E-24,0.022407941462429325,0.9775920585375706
9686.0,0.9985518823328695,0.0014481095484943755,8.118636121526114E-9
8329.0,0.4987347828444075,0.5012565072407843,8.7099148082343E-6
8602.0,0.022423035953617124,0.9705557747085486,0.00702118933783435
9148.0,0.9988086643746519,0.0011913304510142973,5.174333811639436E-9
8879.0,1.1063511738203276E-15,6.917961136335289E-7,0.9999993082038853
8132.0,0.9777597741820231,0.022238162387597078,2.0634303797283075E-6
9716.0,1.5198456728813093E-22,0.8688717324683325,0.13112826753166745
9447.0,0.0937757053183461,0.9057778657832682,4.464288983855337E-4
8632.0,0.8223078234830737,0.1776790363296865,1.3140187239731335E-5
8363.0,0.8683639884936284,0.13162886645884625,7.145047525422604E-6
8149.0,0.06932511960817289,0.9227394543370349,0.007935426054792236
8845.0,0.9878703305317678,0.01212927029136367,3.9917686853092457E-7
9118.0,1.359094240961283E-4,0.9573314504855194,0.042532640090384446
9774.0,0.006078674556190046,0.6862309598335466,0.30769036561026325
9499.0,1.4221875776944131E-6,0.9998942689334085,1.0430887901377742E-4
9224.0,0.9695333361926215,0.030466139309271313,5.24498107144638E-7
8535.0,0.9931889112425671,0.006811019178630399,6.957880228771973E-8
8260.0,0.13982715968905257,0.8587641210140611,0.0014087192968862986
8802.0,7.612480233413874E-21,0.9624211915979379,0.03757880840206195
9073.0,0.6461990733792007,0.35374805493721506,5.287168358431667E-5
8741.0,0.9888932801938131,0.011106114083730344,6.057224565785476E-7
9014.0,0.04265891411285001,0.9535941898776873,0.0037468960094626407
8464.0,3.114771454002455E-4,0.9929732755950063,0.006715247259593516
8195.0,0.4001250116966962,0.5996176503703474,2.5733793295640734E-4
9564.0,8.445985077930665E-30,6.423622246064651E-13,0.9999999999993576
9295.0,0.9996552226249699,3.4477714994217076E-4,2.2508803281491654E-10
8906.0,0.2547607126263041,0.744752894576727,4.8639279696887527E-4
9177.0,0.9947838733672331,0.005216056527836169,7.010493090929123E-8
8703.0,8.474309053552222E-24,0.2810251198790056,0.7189748801209944
8428.0,2.457477992830362E-4,0.9957986214174909,0.003955630783225894
9651.0,0.9987335172361701,0.0012664768480342412,5.915795764004258E-9
9376.0,0.018041014062646667,0.9739804933000991,0.00797849263725411
9211.0,0.9954936554561983,0.004506342897829585,1.6459721636416676E-9
8936.0,0.35141229789886486,0.564683434906128,0.08390426719500704
8398.0,2.337935342730545E-16,4.292927256283214E-8,0.9999999570707273
8669.0,0.9142879794901095,0.08570863180540503,3.388704485319341E-6
9346.0,0.9132366562734471,0.08675550409730315,7.839629249811649E-6
9617.0,3.3588480825572028E-9,1.5142127898446042E-4,0.9998485753621675
8980.0,0.9942141337937009,0.005785815287310412,5.091898851621378E-8
8080.0,7.415862571480415E-4,0.9980576745548457,0.0012007391880062808
8711.0,1.988180545368366E-8,0.13731520472937564,0.8626847753888188
8225.0,0.9912390069948865,0.008760636915881654,3.560892318231711E-7
8498.0,0.9881013769904414,0.01189849128389608,1.3172566242456064E-7
9325.0,0.020700123164688215,0.9791573243227877,1.4255251252398723E-4
9598.0,0.991512614884593,0.008487334132880626,5.09825265130718E-8
9803.0,9.322420927292935E-6,0.9608504586415914,0.0391402189374816
8601.0,0.9970267330901679,0.00297324748955417,1.942027790157896E-8
8330.0,1.0646945508463762E-11,0.9999464026431675,5.3597346185615014E-5
8876.0,0.9971338526021182,0.0028661356085463046,1.1789335598832875E-8
9151.0,0.982586183099699,0.0174134140206966,4.0287960448499297E-7
9685.0,0.13191027083231555,0.8594740869093968,0.008615642258287716
9414.0,0.023167826465936767,0.9739323286618095,0.0028998448722537527
8566.0,8.314486888349708E-6,0.9698839776140936,0.030107707899017993
8293.0,0.9106339029575911,0.08936464021764112,1.4568247677037149E-6
8771.0,1.4236152731337727E-15,1.8911184109168344E-4,0.9998108881589068
8114.0,0.0015793611357537395,0.9912096710816687,0.007210967782577637
9040.0,0.653402653679565,0.34647359235185604,1.2375396857897746E-4
9743.0,1.1569893083053778E-5,0.9824530441681242,0.017535385938792707
9530.0,0.9976438779202964,0.002356120489248932,1.5904545722439002E-9
8263.0,0.990324999041012,0.009674863485424769,1.3747356312736766E-7
8532.0,0.4452456786099178,0.5544568316810232,2.974897090590712E-4
9074.0,0.9997391527322061,2.6084724199837585E-4,2.5795446065862772E-11
8801.0,0.017950319793913008,0.9583371151834147,0.023712565022672143
8099.0,0.0609726082185611,0.9346441895156543,0.00438320226578456
9773.0,0.997490581837341,0.00250941721294198,9.497171193008081E-10
9227.0,2.282200425782508E-7,0.3952151594806268,0.6047846122993307
9496.0,0.03634225569085116,0.9614347245815874,0.002223019727561288
8360.0,0.49607580636422194,0.5038222727237968,1.0192091198141798E-4
8635.0,0.048635739606908125,0.9507841885191257,5.800718739661263E-4
9117.0,0.9484495117507924,0.051522848024199534,2.7640225008025358E-5
8846.0,0.2644595231418901,0.7351889856973733,3.514911607365667E-4
9444.0,5.141675620135279E-5,0.9592903440561434,0.04065823918765516
9719.0,0.19551646804971257,0.8042708395894778,2.126923608096996E-4
9565.0,0.9577420976551285,0.04225628438149059,1.617963380951516E-6
9294.0,0.997853634866959,0.0021463534364613624,1.1696579635417338E-8
8740.0,4.69943049896301E-4,0.5057815169433506,0.4937485400067531
8465.0,0.1442306232474309,0.8555240215654398,2.4535518712916703E-4
8194.0,0.9589212468207331,0.041072993560975254,5.759618291603396E-6
9650.0,0.8603209508064267,0.13963116401259498,4.788518097829333E-5
9377.0,0.2773171958101605,0.722135596079331,5.472081105083449E-4
8182.0,0.7712679592278237,0.22871881837109478,1.3222401081484216E-5
8907.0,0.5810645699424207,0.4182509968800735,6.84433177505863E-4
9176.0,0.8963557699451266,0.10362767315904314,1.6556895830352924E-5
8702.0,0.9988086643746519,0.0011913304510142973,5.174333811639436E-9
8429.0,0.0022240770144970855,0.9955304426181284,0.0022454803673744887
9347.0,0.4556611783440074,0.543491835337997,8.469863179955585E-4
9616.0,0.5456066921646852,0.4543381561437438,5.5151691571002275E-5
9210.0,0.006129381691667349,0.9858561767064876,0.008014441601845114
8937.0,2.7692407128926348E-18,0.9985744541964725,0.0014255458035274855
8167.0,0.9944778039266112,0.00552205352235448,1.4255103429714798E-7
8399.0,0.8370215511297265,0.1629707801106443,7.668759629133388E-6
8668.0,0.39638288200112154,0.6031196876964118,4.974303024666842E-4
9324.0,0.817028134617466,0.18294804863309597,2.3816749438100175E-5
9599.0,0.14305943853885714,0.856214549558587,7.260119025558676E-4
8981.0,0.3236310984829501,0.675779130919708,5.897705973420175E-4
8710.0,0.9523587488834135,0.047637106060291375,4.145056295064229E-6
8224.0,0.9296079212050561,0.0703901231895938,1.9556053502150524E-6
8499.0,0.8810793721240392,0.11890619978633421,1.4428089626637398E-5
9684.0,0.8214893561210735,0.17841665018451547,9.3993694410897E-5
9415.0,0.002896633099007436,0.9925221185151101,0.00458124838588253
8600.0,9.652208220929345E-10,0.3469739455957825,0.6530260534389967
8331.0,0.9942030509622792,0.005796888690890893,6.034683003320504E-8
8877.0,0.9997488022881417,2.511976452789962E-4,6.657933023097546E-11
8133.0,0.9994752119376451,5.24785792087006E-4,2.270267941084838E-9
9150.0,0.13767433459840395,0.8619064959552973,4.191694462986835E-4
9742.0,0.9976201564284276,0.002379819413920408,2.4157651764466493E-8
9531.0,0.9804046274751037,0.01959516770010148,2.0482479486131925E-7
9256.0,3.879067133397948E-5,0.553784269867526,0.44617693946113995
8567.0,1.7233768003310167E-7,0.957268171023202,0.04273165663911787
8292.0,0.8829347092589883,0.1169709756921992,9.431504881256302E-5
8770.0,0.9973625620378788,0.0026374225165986163,1.5445522439197417E-8
9041.0,0.9840484524066122,0.015951318816552696,2.2877683489732748E-7
9772.0,0.8494486903146685,0.1504779589844688,7.335070086261765E-5
9226.0,4.0951003614037485E-4,0.9697701841555864,0.029820305808273315
9497.0,0.007094958040876837,0.992620910306735,2.841316523881537E-4
8262.0,2.5784513933348716E-11,0.9696888889615921,0.030311111012623293
8533.0,0.6173657403749777,0.38236076721407025,2.734924109520026E-4
9075.0,0.13140766995847955,0.8647888741599216,0.0038034558815988905
8800.0,0.9978369313711135,0.0021630451713981614,2.3457488293761425E-8
9445.0,4.0773362812534947E-16,0.9788516609008964,0.021148339099103138
9718.0,0.7311418227742524,0.2688202697733152,3.7907452432307196E-5
8361.0,1.644737486862276E-10,0.5643628530067847,0.43563714682874155
8634.0,0.9959197866112526,0.004080203085599223,1.030314814916953E-8
9116.0,0.9859032135244856,0.014096569182120258,2.1729339398666417E-7
8847.0,0.7086734781837402,0.29130961096109614,1.691085516380252E-5
8148.0,0.9584222170964342,0.04157769595367459,8.694989131554076E-8
8500.0,7.567681808059941E-22,0.5269545953389859,0.47304540466101413
8231.0,0.9991283595145171,8.716384094965704E-4,2.0759863039847193E-9
8705.0,0.9951276540776643,0.00487226307398225,8.284835343054703E-8
8083.0,0.9989034013281629,0.001096597253675996,1.4181609820722682E-9
8978.0,0.6605556853456857,0.33931523552249254,1.2907913182169753E-4
9805.0,6.107873753296937E-4,0.9491134474093653,0.05027576521530496
9592.0,0.9630774747822854,0.03690984417592382,1.268104179081679E-5
9323.0,0.5897662144878901,0.41023049781843196,3.2876936779628957E-6
8667.0,0.9924104800237523,0.00758945604943182,6.392681576019613E-8
8392.0,0.9781087308791111,0.02188884101883325,2.4281020555245735E-6
8942.0,2.7317858775867434E-19,0.9340101830948486,0.0659898169051513
9213.0,0.5051222348024333,0.4929246254293718,0.0019531397681948064
9623.0,0.9986326215642389,0.0013673748601961877,3.575564890392642E-9
9348.0,0.9970526596423273,0.002947312414118429,2.794355432205023E-8
8426.0,0.031207411173473375,0.9611569336907193,0.0076356551358072325
8697.0,0.5433917325079896,0.4565549967294615,5.327076254906363E-5
9183.0,0.8163275753817909,0.18364318301712984,2.9241601079317494E-5
8908.0,0.9995266454429341,4.73353551551579E-4,1.00551432743108E-9
9653.0,0.9939397031478535,0.006060169079494593,1.2777265179417872E-7
8197.0,2.606942425269691E-15,1.962787811784223E-4,0.999803721218819
8470.0,0.0015671122247707533,0.9836579885010657,0.014774899274163587
9008.0,0.23458391542304763,0.7520766213264695,0.013339463250482873
8739.0,0.999860793889435,1.3920610406480626E-4,6.500062363368789E-12
9289.0,0.957498331073724,0.04250103256004967,6.363662262773886E-7
9562.0,0.8624505684145686,0.13754594516666555,3.486418765868724E-6
8840.0,0.013336293621377027,0.9835723786120505,0.0030913277665725455
9115.0,1.2243277104004253E-4,0.8929380529051529,0.10693951432380694
8637.0,1.1504304274565904E-9,0.284217077106338,0.7157829217432317
8366.0,1.3808365292052794E-5,0.9999741314060885,1.206022861931341E-5
9442.0,0.05717993536070623,0.9385945930053339,0.004225471633959954
8807.0,0.8218480975534328,0.17814248113266876,9.42131389842321E-6
8096.0,0.0011418670440373443,0.9444461959725601,0.054411936983402596
9076.0,2.573973684107568E-7,0.9297667516209949,0.07023299098163659
8530.0,1.4433156821393956E-16,0.9998263491351027,1.7365086489717327E-4
8257.0,8.200572651428486E-23,1.64962306974067E-10,0.9999999998350377
9502.0,0.13780085881386556,0.8620354882037643,1.6365298237009876E-4
9229.0,0.539404898491449,0.4601761505708643,4.1895093768666884E-4
9771.0,0.4269970483075439,0.572912393987292,9.055770516406463E-5
9046.0,1.0626580167563134E-6,0.6954348869264001,0.30456405041558304
8773.0,0.0018839501046592102,0.9798850106108891,0.018231039284451682
8113.0,0.9967846397416266,0.0032153578476374553,2.410735850190304E-9
8291.0,3.75204189747926E-11,0.8692989398697408,0.1307010600927387
8560.0,0.8392093650706979,0.16071484833053132,7.57865987707091E-5
9263.0,1.1660588185831962E-4,0.8354033026038126,0.1644800915143291
9532.0,0.2327581433039995,0.7667507879741665,4.910687218341152E-4
9737.0,2.5234422194776086E-19,0.9750686833430428,0.024931316656957365
9145.0,0.893688823869614,0.10630548172734401,5.694403041986892E-6
8874.0,0.13887410597850147,0.8604331900490519,6.927039724467281E-4
8332.0,0.9951516918220987,0.004848149500126921,1.586777744221532E-7
8607.0,0.016220781223838483,0.9835728536283828,2.0636514777865413E-4
9408.0,0.9972193576052485,0.002780612288722863,3.0106028443356415E-8
9683.0,0.9976302709148133,0.0023697018039033715,2.728128335478828E-8
9593.0,0.9891653608646018,0.010832940909605569,1.6982257925215219E-6
9322.0,2.4634647034299154E-5,0.9444884885435405,0.0554868768094252
8501.0,0.8833675699422308,0.11662568130584115,6.7487519280385245E-6
8230.0,0.9367796942788595,0.06321738737353647,2.9183476039088537E-6
8704.0,0.8739460844155299,0.1260366852085606,1.723037590948279E-5
8979.0,5.415706598504386E-17,1.2747441304478516E-7,0.9999998725255868
9622.0,0.5373668891808557,0.46251629530143784,1.1681551770648731E-4
9349.0,0.9342094175609783,0.06578207848430304,8.503954718609423E-6
8666.0,0.03008722540691413,0.9658148532296168,0.004097921363469201
8393.0,0.7540113879349165,0.2459432736252341,4.533843984930999E-5
8164.0,0.044092076762529256,0.9551342693570026,7.736538804682868E-4
8943.0,1.0152030446527095E-6,0.9531368759539286,0.04686210884302666
9212.0,0.1580033646064126,0.8389015360693983,0.0030950993241891734
9383.0,0.9834297739192989,0.01656993841665872,2.876640423580725E-7
9652.0,0.9904561446821519,0.009543758735089803,9.658275823430217E-8
8427.0,0.9832749901092399,0.016724194557703586,8.153330564139329E-7
8696.0,0.9929981173344453,0.007001576268247073,3.063973076021879E-7
9182.0,0.9846639155045969,0.015335679879264277,4.046161388483596E-7
8909.0,0.15523877482105308,0.8437302965165302,0.00103092866241662
8181.0,0.22674073845593182,0.7708825133062862,0.002376748237782113
9288.0,0.00873656749268465,0.9891474801363263,0.002115952370989005
9563.0,1.504999321900247E-18,0.9996261969572308,3.7380304276933346E-4
8196.0,1.1962888258518719E-8,0.9991912510141631,8.087370229485399E-4
8471.0,0.9771505319181236,0.022849143969323738,3.241125526464489E-7
9009.0,0.915006123182049,0.08499223850805109,1.6383098998955756E-6
8738.0,0.7540290804553034,0.2458522423203394,1.1867722435721181E-4
9712.0,6.233648577791029E-17,0.9997550265440892,2.4497345591088045E-4
9443.0,0.12476275394707328,0.8749677273654465,2.695186874802308E-4
8151.0,0.5313751058570961,0.46858440562380754,4.048851909641341E-5
8841.0,0.5121604761175756,0.4876639369018762,1.7558698054817302E-4
9114.0,0.9994334766066492,5.665230561960392E-4,3.371548259069706E-10
8636.0,0.04465330037296344,0.9518884784456131,0.003458221181423631
8367.0,2.80189707726088E-4,0.9854945427441595,0.014225267548114423
9503.0,0.9977465824825992,0.0022534074389149714,1.0078486029079647E-8
9228.0,0.9988635192478318,0.0011364750262859813,5.725882243219346E-9
9770.0,3.345269712452638E-8,4.981083226364964E-4,0.9995018582246664
8806.0,1.8327247226073405E-4,0.9659036400401225,0.033913087487616574
9077.0,1.2298440727876117E-4,0.9853270469283384,0.01454996866438281
8531.0,0.5583704189074806,0.4415579229945112,7.165809800817265E-5
8256.0,0.4947151145388092,0.505117439455431,1.674460057599092E-4
9262.0,2.2153234008267343E-4,0.9988662220514078,9.122456085094015E-4
9533.0,7.681381226987845E-9,0.07404085001952747,0.9259591422990913
9736.0,0.9390515108634867,0.06094545081083076,3.03832568254124E-6
9047.0,1.8111829145919445E-7,0.8181841905323329,0.18181562834937554
8772.0,2.2697590535384433E-4,0.9985402140043951,0.0012328100902510557
8290.0,0.8681011672997571,0.13189517190196715,3.660798275846482E-6
8561.0,4.752378256115092E-5,0.989875298004865,0.01007717821257387
9409.0,1.3205588735659763E-10,0.9805418879936785,0.019458111874265605
9682.0,2.9392620892149546E-4,0.9683203465131994,0.03138572727787902
9144.0,0.9943939837906346,0.005605997892862357,1.8316503052861614E-8
8875.0,1.3712897644484493E-4,0.9916388050820558,0.008224065941499334
8134.0,1.5946587639589746E-8,0.9973824222571598,0.002617561796252628
8333.0,0.005995790417997237,0.9813888707643044,0.012615338817698558
8606.0,0.9370043539053843,0.06299212458141636,3.521513199471674E-6
8394.0,0.9854835401304043,0.014516276684356908,1.8318523865403442E-7
8665.0,0.8782900247109529,0.12167795800775344,3.201728129373347E-5
9215.0,0.9995313931478578,4.686062459246674E-4,6.062174791201471E-10
8940.0,0.02482252036311825,0.9719156464327057,0.003261833204176125
9350.0,0.9966225093781826,0.0033774458675476567,4.47542698203186E-8
9621.0,0.9884960312625743,0.011503612972824762,3.5576460089685136E-7
8229.0,0.8166677354063471,0.18331865788984888,1.3606703804111367E-5
8502.0,3.0356907387828085E-12,0.8136725727232927,0.1863274272736716
8976.0,0.5919809954029125,0.40595439352600227,0.002064611071085185
8082.0,0.3808380702485748,0.6190658323606589,9.609739076635004E-5
8707.0,2.4242048434139296E-11,0.9988966835927391,0.0011033163830188398
9807.0,1.4939991662158458E-15,0.9986280358727645,0.0013719641272339842
9321.0,0.9905928523136688,0.00940678162112546,3.6606520576848204E-7
9594.0,1.2670560424725934E-18,0.8999530145996277,0.10004698540037225
8468.0,0.9938928958860664,0.006107013036621688,9.107731179945166E-8
8199.0,9.987309929616755E-19,0.9876191904596112,0.012380809540388851
8737.0,0.7059343979209979,0.2939910420719017,7.456000710033645E-5
9010.0,2.5748888673187507E-19,0.006450658664853688,0.9935493413351463
9560.0,0.13485190591770446,0.8642663933931294,8.817006891660698E-4
9291.0,0.39666136978849714,0.6020556159780986,0.0012830142334041563
8699.0,0.9964624047939997,0.003537576766951638,1.8439048624834496E-8
8424.0,0.9981519155579957,0.001848035411805399,4.9030198952937675E-8
8910.0,0.9978885072331664,0.0021114129995501952,7.976728355726567E-8
9181.0,0.0018249880114391218,0.8301871489387513,0.16798786304980948
9380.0,0.9615139991688416,0.03848244450330097,3.5563278573217047E-6
9078.0,3.841668111342884E-7,0.020296826156143415,0.9797027896770454
8805.0,0.9560308540081218,0.04396584904172433,3.296950153882525E-6
8097.0,0.6967987656509677,0.30315181210746167,4.942224157062696E-5
8259.0,0.7021441244888998,0.2978320343046055,2.3841206494700527E-5
8528.0,0.9556519931535576,0.04434691707197425,1.089774468205268E-6
9231.0,0.9958391361653113,0.00416075461406151,1.0922062730431638E-7
9500.0,0.23365427523995946,0.766263288357516,8.243640252442439E-5
9769.0,0.9915704950153554,0.008429131637594914,3.733470495088286E-7
8842.0,0.9864291121261691,0.01356987468632327,1.0131875076003575E-6
8364.0,3.8515251154398165E-11,0.36760649321179395,0.6323935067496907
8639.0,0.8609175530813251,0.13906412901762014,1.8317901054853595E-5
9440.0,7.0763630997494E-5,0.6305436177474618,0.36938561862154057
9715.0,8.089252937581465E-7,0.5762815404000567,0.42371765067464956
8872.0,3.976357440835087E-7,0.7062212503000411,0.29377835206421493
9147.0,0.9809668769596596,0.019031522965469356,1.6000748710673242E-6
8605.0,8.659224885001299E-10,0.999763450266913,2.365488671644248E-4
8334.0,0.9726964257722575,0.02730205256142101,1.5216663216319972E-6
9681.0,5.561878701967498E-11,0.9897567243233238,0.01024327562105744
8775.0,0.9825955496639125,0.01740418841069018,2.619253973923759E-7
8112.0,0.8581990345518663,0.14171972814802494,8.12373001087882E-5
8562.0,0.06465531260364425,0.934407248035707,9.374393606489317E-4
8289.0,0.7747806546642038,0.2251990042837635,2.034105203270218E-5
9534.0,0.9909761156015112,0.009023772676521956,1.117219669273066E-7
9261.0,0.9950533874528934,0.004946560788087814,5.17590187462322E-8
9739.0,4.644408344318924E-16,0.06665414095912901,0.9333458590408706
9351.0,0.9888123341214702,0.011187449308013749,2.1657051615049613E-7
9620.0,6.833367275699686E-5,0.9817620623252843,0.018169604001958727
8395.0,0.9913202202402632,0.008679727398718097,5.2361018773070375E-8
8664.0,0.8880134775199604,0.11196129245937032,2.523002066932555E-5
9214.0,1.1545734739921163E-14,0.9997661677303329,2.3383226965555915E-4
8941.0,0.5455614808781859,0.4535140064590564,9.245126627577841E-4
8165.0,0.4586491199783207,0.5405069765852518,8.439034364275468E-4
9806.0,8.215264162969743E-5,0.9079056171674741,0.09201223019089633
9320.0,0.9987633740608712,0.0012366243108183608,1.6283104558806928E-9
9595.0,0.9697330096437567,0.030265932624795856,1.0577314474475717E-6
8228.0,0.044924127944832394,0.9527273257767618,0.002348546278405664
8503.0,7.974683756942326E-4,0.8680714530036542,0.13113107862065174
8977.0,0.9952148735522527,0.0047850946203774935,3.182736980761119E-8
9290.0,0.9956561866164538,0.004343687732107126,1.2565143920272322E-7
8469.0,1.2083778168936516E-9,0.9886031665140962,0.011396832277526069
8198.0,0.4385058767237714,0.5613752968660479,1.188264101806329E-4
8736.0,0.005032597150924232,0.9859385690292812,0.009028833819794392
9011.0,0.9832439982420755,0.016755378520700442,6.232372241852213E-7
9654.0,0.0012866379658631733,0.9897207381892239,0.008992623844912987
8698.0,6.697257070658077E-8,0.6228392723987454,0.37716066062868386
8425.0,0.9998225292574173,1.7747071119329617E-4,3.138947311882576E-11
8180.0,0.9180963334933846,0.0819035839907646,8.25158508307897E-8
8911.0,7.111668929589858E-4,0.9960229910368655,0.003265842070175434
9180.0,0.4625635030910587,0.5373853648605849,5.113204835636178E-5
9230.0,0.10430343276337786,0.8951571275988418,5.394396377803065E-4
9501.0,0.8611611406732241,0.138827780204386,1.1079122389819884E-5
9768.0,3.7988132264918703E-4,0.9983991920214859,0.0012209266558649557
9079.0,0.9425399278401869,0.057457680638138386,2.3915216747817152E-6
8804.0,0.9939428570221079,0.00605701569110045,1.2728679172312574E-7
8258.0,0.1066374421411064,0.893324638263016,3.7919595877622324E-5
8529.0,0.33243240678264396,0.6651002546907827,0.002467338526573467
9441.0,0.9936581716689462,0.006341773725480499,5.460557323680643E-8
9112.0,0.593748582215221,0.40612869062873624,1.227271560428265E-4
8150.0,0.584396738583765,0.4134331692294342,0.002170092186800855
8843.0,0.36358572446583826,0.6316917580461399,0.004722517488021897
8365.0,0.9964654828611696,0.003534494075035802,2.3063794708324044E-8
8638.0,0.9720391011764902,0.027958062205408432,2.8366181013771575E-6
9680.0,0.9850912848047382,0.014908162276774774,5.529184871149271E-7
9411.0,0.9644428013374882,0.03555369851025764,3.5001522541909303E-6
8135.0,0.9408194413201546,0.05917662977849342,3.928901351912894E-6
8873.0,0.9994546391773867,5.45359774915492E-4,1.0476977477290095E-9
9146.0,0.5307249175784179,0.46921271823083793,6.236419074418825E-5
8604.0,3.413568485762464E-7,0.055618693790123255,0.9443809648530281
8335.0,0.8439476146494937,0.1560236163582854,2.8768992220867083E-5
9535.0,0.9602286276539118,0.03977001588424607,1.3564618419978245E-6
9260.0,0.0012443838799347476,0.8785432965935371,0.12021231952652812
9738.0,0.974496611357939,0.025499601851852374,3.7867902086257155E-6
8774.0,1.2016386283710269E-4,0.947720867667709,0.05215896846945386
9045.0,0.979592089034446,0.020407450185992035,4.607795619935396E-7
8563.0,0.009624078040063088,0.989915823782532,4.600981774050127E-4
8288.0,0.06477456069354591,0.9316031636241736,0.0036222756822804386
9733.0,0.9567414241072495,0.043252794039069974,5.781853680404702E-6
9251.0,7.855823878315121E-15,0.9974146158448933,0.0025853841550988257
9520.0,0.9776184464307802,0.022379667761242415,1.8858079775011844E-6
8303.0,0.9995442165479504,4.5578344690450214E-4,5.145023210210684E-12
8572.0,0.8602633846298865,0.13971842078690375,1.8194583209741333E-5
9050.0,0.8375835016995683,0.1623204695953688,9.602870506287723E-5
8777.0,0.8420755609150147,0.1575976078010996,3.2683128388567146E-4
8119.0,1.8561959042161418E-13,2.0376509208360698E-5,0.9999796234906061
9420.0,0.8918469779300636,0.10814915237805307,3.869691883282817E-6
9695.0,0.051101542728259265,0.9419232212474079,0.006975236024332826
8320.0,0.981015261352851,0.018984616283600642,1.2236354841665484E-7
8595.0,0.9405362780163175,0.05946152573456917,2.196249113400528E-6
9141.0,0.9998225292574173,1.7747071119329617E-4,3.138947311882576E-11
8870.0,3.433464831410728E-4,0.9725791580641862,0.027077495452672726
9725.0,0.17017833316937403,0.8224805752505523,0.007341091580073646
9454.0,3.1741421120358756E-7,0.27076274493902647,0.7292369376467625
8625.0,0.8648365229689579,0.13515529640191687,8.180629125242036E-6
8354.0,0.027568045012255998,0.7994677021678416,0.17296425281990246
8836.0,0.9837458453668029,0.016254050741556274,1.0389164085098107E-7
9111.0,1.28660798864205E-15,0.9884654147103048,0.011534585289693852
9767.0,0.4087858017680832,0.5911110822120947,1.0311601982203157E-4
9490.0,0.17983943172139302,0.8194866265208369,6.739417577699862E-4
9217.0,6.986717148225258E-9,0.33143454352359,0.6685654494896929
8542.0,4.798181915151477E-6,0.6565632420793404,0.3434319597387445
8269.0,0.9880495363416211,0.011950135754775918,3.279036031833899E-7
8811.0,0.9765032066999886,0.023496657957892027,1.3534211958142303E-7
8102.0,0.9311668273022847,0.06882663358291462,6.539114800648166E-6
9080.0,0.5768574951210343,0.4230386805030705,1.0382437589526003E-4
9386.0,5.260442708963654E-11,0.16002969495218344,0.8399703049952121
9657.0,0.34130362251644464,0.6585074681372912,1.8890934626418653E-4
9171.0,0.9274569978664297,0.07253484906203676,8.153071533759886E-6
8896.0,4.0960618662680665E-14,0.0759624859979592,0.9240375140019997
8693.0,0.3260874372699982,0.6737464987232686,1.6606400673321926E-4
9285.0,1.5695004604409107E-5,0.9016024750270144,0.09838182996838113
9558.0,0.9784190940413998,0.021579609449339135,1.2965092609360717E-6
9020.0,1.1803163005725082E-9,0.37959422204488424,0.6204057767747994
8751.0,0.8835980250655819,0.1163879882009338,1.3986733484212732E-5
8201.0,0.9182452442986149,0.08175415289248103,6.028089041070691E-7
8474.0,0.8968635084519745,0.10312395269828303,1.2538849742347085E-5
9588.0,6.566280485731324E-11,0.9550761656011664,0.04492383433317085
9319.0,1.9634817724532177E-11,1.3934524196322355E-4,0.9998606547384019
9793.0,0.9591291934165815,0.04087069081861541,1.1576480323455165E-7
8085.0,0.6857333689156107,0.31425039971303276,1.6231371356616872E-5
8717.0,0.9106808271673386,0.08930819014197869,1.0982690682613647E-5
8990.0,0.9925691387210841,0.007430818306183956,4.297273193387319E-8
8504.0,0.9558691506339172,0.04412723922494602,3.6101411368771235E-6
8235.0,0.02045784889530569,0.9744793009661157,0.005062850138578781
9627.0,6.121591459227228E-4,0.6787874172065748,0.3206004236475026
9352.0,0.9153333564544045,0.08465793154417876,8.712001416617824E-6
8930.0,0.9981959682252507,0.0018040263068058128,5.467943377845572E-9
9201.0,5.4084989590897475E-22,0.05405036363249018,0.9459496363675098
8663.0,0.0336566077026344,0.9658902183047019,4.5317399266382784E-4
8388.0,0.2471534564159076,0.7526043039681009,2.422396159915814E-4
8302.0,0.2898078094703313,0.7099078774701713,2.8431305949754655E-4
8573.0,7.06010791798985E-10,0.10532746763296144,0.8946725316610278
9051.0,0.9972196353776726,0.0027803525294527397,1.2092874717782943E-8
8776.0,0.9738222699663951,0.026177487823222184,2.422103826778954E-7
9250.0,0.9745791942721326,0.025419481668794867,1.3240590725459963E-6
9521.0,2.783170707978707E-9,0.8127075978141123,0.18729239940271689
8321.0,0.08027813913716854,0.91954645815189,1.7540271094158003E-4
8594.0,0.0023740501145564094,0.9586139755892787,0.03901197429616495
9140.0,0.17230237867631673,0.8267664932916186,9.311280320645854E-4
8871.0,0.4912903400357976,0.5086743489425524,3.5311021650028065E-5
8128.0,0.9141341125273226,0.08586181974460398,4.067728073542934E-6
9421.0,1.4693866071944035E-12,0.9952253584964915,0.004774641502039273
9694.0,0.9994811209778885,5.188775811959885E-4,1.440915478297152E-9
8624.0,0.0017659149079405543,0.9792773348199326,0.018956750272126812
8355.0,0.9922320926165366,0.007767898818725867,8.564737618124912E-9
8145.0,0.99307076196798,0.006929028003521857,2.1002849821331782E-7
8837.0,1.2610046097392799E-20,0.5434306542021662,0.4565693457978338
9110.0,0.9467484666690703,0.05324421352745351,7.3198034761349E-6
9724.0,0.37458093294309036,0.6250555142535995,3.6355280331023165E-4
9455.0,0.9989940773920788,0.0010059221001246415,5.077964679806942E-10
8543.0,0.762740336486128,0.2372256213480493,3.404216582259019E-5
8268.0,0.9190297937246226,0.08094755498949659,2.265128588092138E-5
8810.0,0.5144057931235776,0.4855704980601593,2.3708816263088467E-5
9081.0,0.44303606520649624,0.5567061127270299,2.578220664739724E-4
9766.0,0.997980886014998,0.0020190342788267215,7.970617510413265E-8
9491.0,0.9354834316831808,0.06450202432602933,1.4543990789999633E-5
9216.0,0.4640654813699168,0.5359328261187193,1.692511363958857E-6
9170.0,1.526818014156479E-5,0.9859163420301711,0.014068389789687297
8179.0,2.0296191464922242E-11,0.004146530367558732,0.9958534696121452
8897.0,0.023855089338846894,0.9756672964398688,4.77614221284459E-4
8423.0,0.9776087398244624,0.02239112332621089,1.3684932674738386E-7
8692.0,0.9766117273931761,0.023388119303946416,1.533028774155737E-7
9387.0,0.9960945798425962,0.003905372466915665,4.7690488091018914E-8
9021.0,0.9998989085505409,1.0109144018618495E-4,9.273026753174278E-12
8750.0,0.8874917760262028,0.11248804774667036,2.017622712681476E-5
8200.0,1.0083326215603402E-5,0.9478004565339949,0.052189460139789284
8475.0,0.046949300018043136,0.949936603308264,0.0031140966736928634
9559.0,0.9957394895543121,0.004260480567683132,2.9878004610783136E-8
8716.0,3.4044613737567456E-15,0.8478593547367289,0.15214064526326782
8991.0,0.9849424227892949,0.015056960873203596,6.163375013409475E-7
8505.0,1.3405022265949966E-7,0.2607419169228869,0.7392579490268905
8234.0,0.8886626588258013,0.11132164326303835,1.569791116042712E-5
9589.0,4.996527081703286E-9,0.0028166875593022534,0.9971833074441707
9318.0,0.9924651668695892,0.00753464731294431,1.8581746668190784E-7
9792.0,0.2772194406077027,0.7224071690858109,3.7339030648632696E-4
8931.0,3.199131482311206E-18,0.996897925273281,0.003102074726718854
8162.0,1.095368860139751E-4,0.9445448200957505,0.0553456430182356
9200.0,1.0824048659482437E-16,0.9977287128390244,0.00227128716097556
8662.0,0.9998902053156263,1.0979467299860603E-4,1.1375080535038347E-11
8389.0,2.271632981316589E-6,0.6803535246463301,0.3196442037206887
9626.0,0.06463230690350065,0.9353231455712159,4.4547525283438375E-5
9693.0,0.9460352424480242,0.05396178330909598,2.9742428799056197E-6
9422.0,0.999656076890338,3.439229918672073E-4,1.1779482946795215E-10
8593.0,0.9816256721967886,0.01837380598676138,5.218164500893066E-7
8322.0,0.9994650531736703,5.34946269531663E-4,5.567980968922491E-10
8868.0,0.9978543062168501,0.002145672757664645,2.1025485156481886E-8
9143.0,0.8591638680103478,0.14077740330474092,5.872868491123406E-5
9735.0,0.7950175587504991,0.20497497418080296,7.467068697979156E-6
9522.0,0.9525589953101041,0.04743677655468744,4.228135208468753E-6
9249.0,9.24015371141581E-13,5.48622361708707E-5,0.9999451377629052
8574.0,0.10134007420565479,0.8967011640986937,0.001958761695651402
8301.0,0.9922173826873218,0.007782532114120221,8.519855791072212E-8
8118.0,0.12364797967396134,0.8760290225153061,3.2299781073248234E-4
8779.0,0.9712422040495247,0.02875542113331085,2.3748171644930788E-6
9048.0,0.993956313219805,0.006043623048616349,6.373157844993872E-8
9765.0,0.864263722061337,0.1357223968230951,1.3881115567752328E-5
9219.0,0.48583994217551774,0.514061048497229,9.900932725320629E-5
8271.0,0.46693877397437356,0.5328812893091728,1.7993671645353323E-4
8540.0,1.90381425204058E-4,0.9807223400069529,0.01908727856784312
9082.0,4.731697619126432E-18,0.9891891218412963,0.010810878158703798
8103.0,0.14655068369993518,0.8524399227224763,0.0010093935775887166
8809.0,0.9095793861960707,0.09041259767819916,8.01612572997422E-6
9452.0,0.9933079986657385,0.006691364490293618,6.36843967896211E-7
9727.0,0.656372526218365,0.3435259163248485,1.0155745678654251E-4
8352.0,0.94916244153302,0.05083692023544238,6.382315377070117E-7
8627.0,1.1648101205030826E-23,0.16625743938364904,0.833742560616351
9109.0,9.659640320065127E-6,0.9880750413854986,0.011915298974181242
8838.0,0.9959262271014853,0.004073747569158191,2.5329356451964068E-8
9556.0,0.9682242979371541,0.03177510955895778,5.925038880084491E-7
9287.0,0.979198241437731,0.02080079821118701,9.603510819861E-7
8749.0,1.4619692138131916E-4,0.9976593986905817,0.0021944043880369702
9022.0,0.911856307001978,0.08813992938588748,3.763612134626917E-6
8472.0,0.007612910457438695,0.978813225225795,0.013573864316766361
8203.0,0.597531617644405,0.4023622915391847,1.0609081641024618E-4
9659.0,0.07793095442092447,0.9213332382159206,7.35807363155009E-4
9384.0,3.7456189177849586E-4,0.18881169719686036,0.8108137409113612
8898.0,5.808752031160808E-7,0.9980261148448082,0.001973304279988646
9169.0,2.6379132295729275E-5,0.6502748728522871,0.34969874801541717
8695.0,0.7610957777155721,0.23882922497440745,7.499731002040835E-5
8420.0,0.9347073293968342,0.06528902682502549,3.6437781403050967E-6
9354.0,0.01886963907554471,0.980717391585099,4.12969339356254E-4
8928.0,0.9958969506414452,0.004102981336519316,6.802203555252402E-8
8390.0,2.2236092249899433E-6,0.9940819260636908,0.00591585032708423
8661.0,0.8746790643667252,0.12530137080182016,1.9564831454648672E-5
9317.0,6.734151195883766E-6,0.9854479087681006,0.01454535708070349
9590.0,0.8466583262284616,0.1533312601077708,1.0413663767556388E-5
9795.0,0.7633670793932009,0.23662226229845965,1.0658308339577419E-5
8988.0,0.9602843456341862,0.03971202873648232,3.6256293314801854E-6
8084.0,0.8803556625289083,0.11955594200151445,8.83954695774586E-5
8719.0,0.7453138427500504,0.25465490516749567,3.1252082454003774E-5
8233.0,3.810680423795297E-10,0.9999719807019982,2.8018916933736206E-5
8506.0,0.8781423984183105,0.12176287591220067,9.472566948886867E-5
8592.0,0.6626954094822795,0.33725414490027583,5.044561744473369E-5
8323.0,0.88151816383268,0.11843291997778325,4.8916189536601485E-5
8129.0,0.7969974994136565,0.2029310225244197,7.147806192376184E-5
8869.0,0.07480433262978155,0.9244590536000249,7.366137701937288E-4
9142.0,0.9539501684986949,0.04600936524924208,4.046625206300231E-5
9692.0,0.9976587412671265,0.0023412499711277374,8.76174563045075E-9
9423.0,0.40449845088545955,0.5953119985655531,1.8955054898746153E-4
8575.0,0.9999552834171375,4.471656921172286E-5,1.3650887720343596E-11
8300.0,7.17833964583622E-21,6.20902308519211E-7,0.9999993790976913
