9179.0,0.9963677865462821,0.0036321437507535765,6.970296428617205E-8
8904.0,0.9806870641891922,0.019311506390749272,1.4294200584817936E-6
8701.0,0.036633323705949954,0.9381022755136741,0.02526440078037599
9378.0,0.7171456397584708,0.2827794704299236,7.488981160555901E-5
9012.0,0.9756540804384768,0.024343645807428208,2.2737540950036793E-6
8743.0,8.494361212554935E-4,0.946073539912656,0.053077023966088425
8193.0,0.32515960278096384,0.6702129932814817,0.004627403937554596
8466.0,4.883854956045584E-8,0.003029698065021597,0.996970253096429
9293.0,0.41063703479416624,0.5881594150711693,0.0012035501346643882
9566.0,0.9943893159918257,0.005609998663371053,6.853448031643814E-7
8081.0,5.307120055552669E-4,0.6882504814403998,0.31121880655404494
8709.0,0.0362430335036083,0.9478212966448375,0.01593566985155417
8982.0,1.1487375198063547E-12,6.11501486341266E-5,0.9999388498502171
8496.0,0.9881630535977513,0.0118361584064718,7.879957769472614E-7
8227.0,1.543789885001731E-7,0.99373297880566,0.006266866815351497
9596.0,8.174528582374125E-9,0.988195353233337,0.01180463859213446
9327.0,0.8927192847908594,0.10721838712514199,6.232808399853745E-5
9801.0,4.44273493661353E-10,0.06474150289908168,0.935258496656645
8938.0,1.8146099895650331E-6,0.11574639069351624,0.8842517946964943
8671.0,3.522848495102688E-5,0.5026912027802628,0.4972735687347863
8396.0,0.9898303580094631,0.010168892370199698,7.49620337482672E-7
9619.0,6.728144999343816E-6,0.1814141132545124,0.8185791586004882
9344.0,0.9708605307061309,0.0291293321089196,1.0137184949464297E-5
8295.0,0.5809208368681182,0.41870111041677555,3.780527151062532E-4
8564.0,1.940756897251557E-4,0.7589117360943591,0.24089418821591582
9042.0,0.4287211421085031,0.5710074211681717,2.714367233250773E-4
8769.0,1.4370560380498078E-4,0.9474190998245583,0.05243719457163669
8115.0,0.9978143496154634,0.002185626179745542,2.4204791123969337E-8
9741.0,1.7958711969089905E-5,0.4616128009442615,0.5383692403437694
9259.0,0.011569584398370258,0.977043997387321,0.011386418214308835
9528.0,5.167137593716276E-4,0.9630250168790382,0.03645826936159037
8328.0,0.9133663675579009,0.08660825362806819,2.537881403078208E-5
8603.0,0.0026893858228051893,0.9931551744471552,0.004155439730039598
9149.0,2.152112788849411E-7,0.9947149276959822,0.005284857092738911
8878.0,0.99550828308392,0.004491637409945877,7.950613420867748E-8
9687.0,0.39685426945779967,0.5995830859959442,0.003562644546256174
8633.0,0.22033332028418548,0.7665562252305417,0.013110454485272845
8362.0,1.097759741232275E-4,0.907395437921947,0.09249478610392972
8844.0,0.8539772273428653,0.14580793175853538,2.1484089859941444E-4
9119.0,0.9521152240965126,0.04788035775699389,4.418146493495446E-6
9446.0,0.7109444149627685,0.28859852883511505,4.5705620211643964E-4
8534.0,0.8957970175522119,0.10418489673018258,1.8085717605465007E-5
8261.0,0.23517347624207585,0.7645713160587102,2.5520769921404536E-4
8098.0,0.12307654377541921,0.8746975337088578,0.0022259225157229556
8803.0,0.9728538617043043,0.027145230647261993,9.076484337649701E-7
9072.0,0.22407107628297465,0.7758008988319893,1.280248850358791E-4
9775.0,0.6704931742053462,0.3294619519459266,4.487384872736056E-5
9498.0,0.13695120954161794,0.860093076832274,0.002955713626108121
9225.0,0.9802407441787504,0.01975672633221658,2.529489033108264E-6
9379.0,0.07505742022297432,0.9215786831137797,0.003363896663246006
9648.0,0.9449218339981088,0.05507225647492147,5.909526969687684E-6
9178.0,0.04178390525357738,0.9557018536726357,0.002514241073786895
8183.0,2.1980371450533468E-10,0.0231399313074328,0.9768600684727634
8905.0,1.4239974013234225E-8,0.006871193023043892,0.9931287927369822
8431.0,3.3285267655428435E-6,0.08613553378512333,0.9138611376881111
8700.0,0.5412719560358144,0.456983797418503,0.0017442465456827098
9292.0,0.014630397941661873,0.9644028104661108,0.020966791592227536
9567.0,7.045283345668397E-12,0.7114429633757925,0.28855703661716225
9013.0,0.5552467295692914,0.4446351337778333,1.1813665287527235E-4
8742.0,7.728940294200129E-6,0.9981221184799427,0.0018701525797631317
8192.0,0.964494457645947,0.03549783999776916,7.702356283976475E-6
8467.0,0.9164290397986626,0.08353216588385384,3.8794317483733634E-5
9597.0,0.5840617760021626,0.4157075904872217,2.306335106157941E-4
9326.0,0.5457024690027111,0.45394165784921625,3.558731480725861E-4
9800.0,3.5972960439701853E-10,0.055051439123833215,0.944948560516437
8708.0,0.8136363949640343,0.18610654094780846,2.570640881571633E-4
8983.0,0.44526201043239233,0.5533787695234861,0.001359220044121659
8497.0,7.463831153820557E-6,0.8122355942380605,0.18775694193078576
8226.0,0.019477389039332466,0.8396371364290404,0.14088547453162711
9618.0,0.9940143912207009,0.0059848327570370535,7.760222619671727E-7
9345.0,1.454190174926378E-4,0.9952456718759696,0.004608909106537732
8166.0,2.921565495535188E-5,0.39671975489146416,0.6032510294535804
8939.0,0.999846993004635,1.5300669986832792E-4,2.954968664972735E-10
9208.0,0.19709793145914548,0.8023266124044689,5.754561363856814E-4
8670.0,0.01360715804652382,0.9694030215130793,0.01698982044039677
8397.0,0.5530578497249216,0.44611157030995857,8.305799651198733E-4
9740.0,0.9974152309056192,0.00258470560205237,6.349232834593774E-8
9258.0,0.5425081223282963,0.4562183583763194,0.001273519295384353
9529.0,0.16161934033509348,0.8378266914144065,5.539682504999084E-4
8294.0,0.989894157589287,0.010105129904360938,7.125063519318464E-7
8565.0,2.313171461415499E-9,2.4677847427657213E-4,0.9997532192125519
9043.0,0.1650024588043835,0.8298991257528919,0.005098415442724631
8768.0,0.14513516454095052,0.8529713843069126,0.0018934511521368183
9413.0,6.540631317433296E-11,0.7624605149764293,0.2375394849581644
9686.0,0.9770571274098278,0.022941174006921392,1.6985832507813141E-6
8329.0,0.07233489807362288,0.9273585385946684,3.0656333170862117E-4
8602.0,0.11223968041653935,0.8852383690380231,0.0025219505454375413
9148.0,0.9957772532109576,0.00422252318409601,2.2360494632159643E-7
8879.0,6.58528253518288E-8,0.005947061609402231,0.9940528725377724
8132.0,0.9615562837631296,0.03841637897902793,2.7337257842510986E-5
9716.0,5.190030928502325E-11,0.7598774799082645,0.2401225200398352
9447.0,0.0045688418463118025,0.9746267500409987,0.020804408112689517
8632.0,0.8479483465319674,0.15198321380273352,6.843966529911814E-5
8363.0,0.481193695677579,0.5174232294557065,0.0013830748667144547
8149.0,0.11743444465148091,0.8788468383285531,0.0037187170199658474
8845.0,0.9239002155125122,0.07604107271666863,5.871177081910819E-5
9118.0,3.035832998327857E-4,0.5618131629560121,0.43788325374415504
9774.0,0.0029139592188542765,0.8614681060572805,0.1356179347238652
9499.0,7.594042411477223E-4,0.9978811371769184,0.0013594585819338252
9224.0,0.43525268393518585,0.5641651204410247,5.821956237894385E-4
8535.0,0.9124333396171006,0.08753068561885352,3.597476404578832E-5
8260.0,0.0073904996739731724,0.9472459338136706,0.04536356651235609
8802.0,5.975315171185576E-10,0.9626436812162921,0.03735631818617658
9073.0,0.07783589767401589,0.8984532899619417,0.023710812364042388
8741.0,0.8522517132300911,0.14770271822069836,4.5568549210570124E-5
9014.0,0.12376345398667743,0.8507038090174445,0.025532736995877988
8464.0,0.014897096592184272,0.9788344049957579,0.006268498412057607
8195.0,0.42304981049481416,0.5744316304399916,0.002518559065194199
9564.0,2.4652163449177664E-17,3.0718969241491383E-7,0.9999996928103076
9295.0,0.9991023291643587,8.976640390894122E-4,6.796551953302587E-9
8906.0,0.4689175066443422,0.5304495695272675,6.329238283903834E-4
9177.0,0.914155037770737,0.08576989321197616,7.506901728682863E-5
8703.0,3.027359713729312E-11,0.3372902037237933,0.662709796245933
8428.0,1.2540332308788802E-4,0.9471793620735531,0.05269523460335897
9651.0,0.9479824852196097,0.051963661167118536,5.385361327163415E-5
9376.0,0.02872632180404526,0.9678388781119024,0.0034348000840523406
9211.0,0.8230811313814037,0.1769026763549724,1.619226362399033E-5
8936.0,0.8508142093938651,0.14646087855423523,0.0027249120518996607
8398.0,1.8904899392653307E-8,4.121535003167591E-4,0.9995878275947839
8669.0,0.3683211507126632,0.6312777057732576,4.011435140794052E-4
9346.0,0.8060859484151821,0.19345334254512064,4.607090396971414E-4
9617.0,6.354601825714999E-5,0.08634725692603293,0.9135891970557098
8980.0,0.986454027337102,0.013540733272192813,5.2393907053250496E-6
8080.0,0.0025981534140272476,0.9804895762479309,0.016912270338041845
8711.0,1.1026630432149176E-4,0.5786906207124033,0.42119911298327517
8225.0,0.9845558217586209,0.015441274707930438,2.9035334487495064E-6
8498.0,0.9296957239644917,0.07029057156261191,1.3704472896444063E-5
9325.0,0.18978938002074053,0.809758963128138,4.5165685112156416E-4
9598.0,0.9522647168072921,0.04772303328934985,1.224990335797599E-5
9803.0,1.4655963825418886E-4,0.6401749723832164,0.3596784679785294
8601.0,0.9948803258858057,0.005119233881042931,4.402331514284092E-7
8330.0,7.499977012157405E-5,0.9997597996254873,1.652006043910875E-4
8876.0,0.9953334112110801,0.004666455205686963,1.3358323291608697E-7
9151.0,0.9753329871904152,0.024664447646827327,2.5651627576115658E-6
9685.0,0.007914001841484128,0.9490753482964546,0.0430106498620613
9414.0,0.025861881624641012,0.9680547654813352,0.006083352894023902
8566.0,8.744028879939242E-5,0.7934275353281502,0.2064850243830503
8293.0,0.5317935943218103,0.46800751357290327,1.9889210528641288E-4
8771.0,1.2931987130955586E-11,0.003741466414661947,0.9962585335724061
8114.0,0.006815784882013272,0.9885807500502746,0.0046034650677122
9040.0,0.16961287057883392,0.7776410874854478,0.05274604193571821
9743.0,0.0017179532367419816,0.9234378364673376,0.07484421029592064
9530.0,0.9781634918262689,0.021834812857952784,1.6953157784118462E-6
8263.0,0.9422143338233469,0.05776822313441939,1.7443042233827376E-5
8532.0,0.21389416386063306,0.7760777426906074,0.010028093448759644
9074.0,0.9959021903162065,0.004097787691589098,2.199220428024064E-8
8801.0,0.04796493088368955,0.8671719452380542,0.08486312387825638
8099.0,0.6265647156963232,0.3711997572089873,0.002235527094689582
9773.0,0.9878906700085808,0.012109204323663867,1.2566775536576412E-7
9227.0,1.9115200080311008E-5,0.5524489961126312,0.4475318886872884
9496.0,4.4681025589515783E-4,0.6411231829162335,0.35843000682787135
8360.0,0.16047455103613031,0.8383153293309106,0.00121011963295915
8635.0,0.30768697445320864,0.6835493752078504,0.008763650338941107
9117.0,0.3093714655056031,0.6839536233610929,0.006674911133304006
8846.0,0.07713338025591755,0.9210428858706438,0.0018237338734385389
9444.0,7.923106944519647E-4,0.8969028951011381,0.10230479420441008
9719.0,0.5915163121859457,0.4080427065324987,4.4098128155562155E-4
9565.0,0.9552514136383966,0.04473653372020809,1.2052641395390503E-5
9294.0,0.8908138773831268,0.10916545899735951,2.066361951381138E-5
8740.0,4.380258677613592E-5,0.04791252423428433,0.9520436731789395
8465.0,0.002299191563023061,0.9857261269534577,0.011974681483519208
8194.0,0.6492511903472383,0.35030338019538526,4.4542945737648245E-4
9650.0,0.30012721689649924,0.6659817655913471,0.03389101751215362
9377.0,0.3467579598727016,0.6521286979401264,0.0011133421871720303
8182.0,0.11758246496023816,0.8795218574691386,0.002895677570623323
8907.0,0.006209786736183868,0.9299124426363438,0.06387777062747231
9176.0,0.396286438014958,0.6013495067241701,0.0023640552608718804
8702.0,0.7840843202719247,0.21586897387072798,4.670585734732506E-5
8429.0,0.002326640582875187,0.995390465551737,0.002282893865387782
9347.0,0.6839724634703626,0.31546758733589236,5.599491937450187E-4
9616.0,0.0631774851373539,0.9350621090576605,0.0017604058049856444
9210.0,0.040681003406838584,0.9484480404115733,0.010870956181588206
8937.0,9.313278770889507E-8,0.9945189036489963,0.005481003218215882
8167.0,0.9899363757018126,0.010062351538421208,1.272759766207104E-6
8399.0,0.8175739136102385,0.18230437043686393,1.2171595289763631E-4
8668.0,0.05922333509964413,0.9216290309829798,0.01914763391737592
9324.0,0.7639036947731089,0.23553357044675355,5.627347801376518E-4
9599.0,0.0054062979932712855,0.9819462237585855,0.01264747824814313
8981.0,0.03421492893237444,0.9052381071337787,0.060546963933846905
8710.0,0.9609778551711009,0.0390156446889813,6.500139917903494E-6
8224.0,0.04923841553183819,0.9476401460001583,0.0031214384680033403
8499.0,0.11136335766548754,0.8798842813114726,0.00875236102303983
9684.0,0.7372657205728549,0.26245817261279347,2.761068143516157E-4
9415.0,5.917439481438989E-5,0.965839226619815,0.03410159898537047
8600.0,6.548913522696739E-7,0.20908913605788554,0.7909102090507621
8331.0,0.7013511538103911,0.2984040375304538,2.4480865915502955E-4
8877.0,0.9950579038381262,0.0049420765731328755,1.9588740668176885E-8
8133.0,0.9871384010670516,0.012860170469481996,1.428463466334899E-6
9150.0,0.3196125361412307,0.6765563594437749,0.003831104414994401
9742.0,0.9815161809525741,0.018481733155601997,2.08589182402848E-6
9531.0,0.3690114436372351,0.6308101193354297,1.7843702733522134E-4
9256.0,0.10163553594716614,0.8878286161791166,0.01053584787371729
8567.0,4.958342467825181E-5,0.8137094780791152,0.1862409384962066
8292.0,0.13925605550727135,0.8326476162178071,0.028096328274921707
8770.0,0.9932253514832531,0.006774157320850243,4.911958966470997E-7
9041.0,0.9290095897801988,0.07097354643122286,1.6863788578311294E-5
9772.0,0.7654720957811892,0.23424984584821654,2.7805837059421826E-4
9226.0,9.403552589021328E-4,0.9630708613484577,0.03598878339264027
9497.0,0.4712592251700619,0.5279250219221823,8.157529077557973E-4
8262.0,1.4850622547564225E-6,0.8640114270477438,0.13598708789000127
8533.0,0.36291188283538994,0.6344966180032812,0.0025914991613289096
9075.0,0.3684785754990735,0.624251193427622,0.00727023107330452
8800.0,0.9353248282337098,0.06464225514244597,3.291662384418751E-5
9445.0,8.410963302143042E-8,0.9639330283958937,0.03606688749447346
9718.0,0.01532000413486219,0.9817329164367667,0.00294707942837109
8361.0,1.990701043220037E-6,0.6345788275204906,0.3654191817784663
8634.0,0.9598703212948204,0.04012823887348695,1.439831692815404E-6
9116.0,0.6317888506912023,0.36771977771195924,4.913715968384979E-4
8847.0,0.5995778412336218,0.4001045462796409,3.176124867373072E-4
8148.0,0.9632888880174689,0.03670737880031943,3.733182211556168E-6
8500.0,1.1330841041689177E-9,0.7878102690358579,0.21218972983105783
8231.0,0.9947631984787423,0.005236543684889207,2.5783636853172625E-7
8705.0,0.9956422936320126,0.004357322951401334,3.834165859065992E-7
8083.0,0.9584273850002173,0.04156847544500344,4.139554779119741E-6
8978.0,0.06855578822064132,0.9240243654803916,0.0074198462989670125
9805.0,1.1251029016471342E-4,0.1872136802821604,0.812673809427675
9592.0,0.8220037913026487,0.17749999120293286,4.962174944184356E-4
9323.0,0.8468247568124767,0.1531386725160344,3.657067148899747E-5
8667.0,0.9666200383715696,0.033372385929544925,7.575698885552096E-6
8392.0,0.9034168767563603,0.09645959417762691,1.23529066012732E-4
8942.0,1.7743227357772855E-8,0.9682196267430301,0.03178035551374246
9213.0,0.1427465342291118,0.7303176419005735,0.12693582387031477
9623.0,0.9733863111641983,0.026607107842655457,6.580993146448999E-6
9348.0,0.9926635617163974,0.007335483798458582,9.544851442482008E-7
8426.0,0.031008853171535265,0.938774052038472,0.030217094789992738
8697.0,0.805768365200301,0.194182687013901,4.894778579798925E-5
9183.0,0.03259064672275003,0.9647331797058469,0.0026761735714030802
8908.0,0.9981706098215659,0.001829349101924912,4.107650938542477E-8
9653.0,0.8020951345437167,0.19764628238521284,2.5858307107051406E-4
8197.0,3.625229809149338E-9,0.021674703108787326,0.9783252932659827
8470.0,0.0013258140334486855,0.9001225441320488,0.09855164183450234
9008.0,0.06627792148850221,0.9226494048975457,0.011072673613952269
8739.0,0.9997483368533036,2.5166306888537853E-4,7.781096992118304E-11
9289.0,0.8089255029348857,0.19103233762182883,4.2159443285513325E-5
9562.0,0.7322172344665286,0.2676082104550084,1.7455507846294248E-4
8840.0,0.002681225724769985,0.9499512949298216,0.04736747934540856
9115.0,1.0122650419029619E-4,0.8757409726070057,0.12415780088880415
8637.0,6.0809668587857016E-6,0.424136301681855,0.5758576173512862
8366.0,0.011191159154959074,0.9887047423885057,1.0409845653521883E-4
9442.0,0.36714449608696004,0.6322494630506569,6.060408623830676E-4
8807.0,0.9819374584740419,0.018061013907831422,1.527618126757314E-6
8096.0,0.0010654592219672705,0.8446088023349146,0.15432573844311803
9076.0,3.919929544663885E-5,0.7810133001592608,0.2189475005452925
8530.0,2.7442763771927575E-8,0.9988411754174297,0.0011587971398066847
8257.0,3.0091858267175963E-10,5.704727181665923E-4,0.9994295269809148
9502.0,0.7979254791651297,0.20198707067140503,8.745016346525839E-5
9229.0,0.023050623553955433,0.9671830761126474,0.009766300333397067
9771.0,0.9556946581687202,0.04429891606189551,6.425769384272461E-6
9046.0,1.0961419843897552E-5,0.666063339043609,0.33392569953654705
8773.0,7.393642930967841E-4,0.847732997459548,0.1515276382473552
8113.0,0.9915436588498474,0.008456212907641163,1.2824251147125125E-7
8291.0,7.999181252133346E-6,0.9882691889222904,0.011722811896457432
8560.0,0.8756945154383055,0.1238458761565939,4.596084051005642E-4
9263.0,0.029099797638112043,0.929760972095937,0.04113923026595078
9532.0,0.36659211957190196,0.6319442173213262,0.0014636631067719067
9737.0,2.04235122604509E-10,0.9213458836938131,0.07865411610195165
9145.0,0.9484819793368157,0.0514947274607493,2.3293202435029486E-5
8874.0,0.008336320340868826,0.9397145349533146,0.0519491447058167
8332.0,0.9644452192254016,0.035540555617839586,1.4225156758858593E-5
8607.0,0.028831596392717408,0.9668836488692137,0.004284754738068758
9408.0,0.9920294627658571,0.007970082908206479,4.5432593628479206E-7
9683.0,0.9560982874082203,0.04386486560238998,3.684698938975878E-5
9593.0,0.3886915754083493,0.6031559793930582,0.008152445198592493
9322.0,0.009062384895929775,0.9843307987900285,0.006606816314041605
8501.0,0.7943586387117838,0.20517741165890507,4.639496293111343E-4
8230.0,0.9762060077238062,0.023784857233889532,9.135042304272278E-6
8704.0,0.7197935596500319,0.2800572485014248,1.4919184854330367E-4
8979.0,2.81549853294577E-7,0.004545688899668116,0.9954540295504787
9622.0,0.6451519357325636,0.35454588501861045,3.021792488259935E-4
9349.0,0.8675039050771434,0.13242970910420088,6.638581865578236E-5
8666.0,0.04563281415263544,0.9349482189864571,0.019418966860907494
8393.0,0.17226352636397876,0.8212155777737731,0.006520895862248122
8164.0,0.004647643386765022,0.9688905372655691,0.026461819347665883
8943.0,7.165856808275722E-5,0.9807196552211181,0.019208686210799134
9212.0,0.14165216007881623,0.8516502303070642,0.006697609614119665
9383.0,0.8357977161930987,0.16406043644562696,1.41847361274342E-4
9652.0,0.9490053777119459,0.05099266126442563,1.961023628505648E-6
8427.0,0.8269799020260443,0.17285910943922178,1.6098853473390007E-4
8696.0,0.9891169517554013,0.01088235086611848,6.973784802090874E-7
9182.0,0.9674683001180884,0.032528964312109415,2.7355698020995315E-6
8909.0,0.03964395013417409,0.9518532445637929,0.00850280530203303
8181.0,0.3921813352852827,0.6067336291415264,0.0010850355731909108
9288.0,0.002632744135911565,0.9864051116310021,0.010962144233086488
9563.0,1.1014968080501471E-7,0.9980707652256633,0.0019291246246559374
8196.0,1.3753944164878537E-5,0.986703324564145,0.013282921491690183
8471.0,0.8385277948900274,0.1614019305134131,7.027459655955842E-5
9009.0,0.07958520462015775,0.918402993914639,0.002011801465203442
8738.0,0.029332209201033757,0.9366810111082341,0.03398677969073197
9712.0,7.824661259852292E-7,0.9993758692113616,6.233483225125614E-4
9443.0,0.09651733877215131,0.902403113166659,0.001079548061189687
8151.0,0.8362169046347755,0.16374892242258932,3.4172942635191316E-5
8841.0,0.7185142607496008,0.281410797161405,7.494208899413268E-5
9114.0,0.999569273017178,4.307245771807747E-4,2.405641399597481E-9
8636.0,0.00286807679568779,0.9837844080546303,0.01334751514968205
8367.0,0.010521227185899873,0.977835231872407,0.011643540941693217
9503.0,0.9934901514391364,0.006509270313243454,5.782476202475818E-7
9228.0,0.99904768266991,9.522961577401704E-4,2.1172349956454293E-8
9770.0,1.212472413843337E-4,0.074749371185271,0.9251293815733446
8806.0,0.0028593264715985954,0.9863368386520586,0.010803834876342892
9077.0,4.4303317858295166E-4,0.9826962196106971,0.016860747210720034
8531.0,0.03081468642166979,0.9485278854495404,0.02065742812878989
8256.0,0.06542305868370699,0.933219772221457,0.0013571690948361373
9262.0,0.00912885854202056,0.9867022265922033,0.004168914865776121
9533.0,7.2898954019747545E-6,0.8382702082477634,0.16172250185683454
9736.0,0.2104896220471275,0.7874233045512132,0.002087073401659243
9047.0,1.609641282905996E-4,0.8729962521897172,0.12684278368199228
8772.0,0.005063861577157157,0.9851782627729293,0.009757875649913468
8290.0,0.4253407676813618,0.5743044165495867,3.5481576905146804E-4
8561.0,0.01004321992480105,0.7750754675406638,0.21488131253453513
9409.0,8.683706528435133E-5,0.9898427905832629,0.01007037235145285
9682.0,9.362101332316517E-4,0.6099507266345169,0.3891130632322515
9144.0,0.976349840749482,0.02364896829720622,1.1909533118159903E-6
8875.0,6.00849424041507E-4,0.9430105730055197,0.056388577570438914
8134.0,1.8384714417267002E-5,0.9767131714871405,0.023268443798442107
8333.0,6.374023073487182E-4,0.9232702106539568,0.07609238703869446
8606.0,0.7230260210746231,0.276524264183531,4.49714741845903E-4
8394.0,0.9939932020012682,0.00600661248819743,1.8551053436745213E-7
8665.0,0.6759964699793144,0.32349167078545893,5.118592352266861E-4
9215.0,0.9908168765149228,0.009182873770591267,2.497144859609925E-7
8940.0,0.07226098117958682,0.9197675639555882,0.007971454864824883
9350.0,0.9885135849892493,0.011484330236585742,2.0847741649796205E-6
9621.0,0.9759422388953208,0.024055933544401747,1.8275602774151667E-6
8229.0,0.7719961637568581,0.22780176297262975,2.0207327051198666E-4
8502.0,5.141491782555914E-9,0.9453417956227151,0.05465819923579298
8976.0,0.05684507442905684,0.9174738140409495,0.025681111529993434
8082.0,0.26943477328730703,0.7207332396355366,0.009831987077156315
8707.0,5.383085055775116E-6,0.9788682748753582,0.021126342039586035
9807.0,2.927597940573365E-7,0.9957716324172241,0.00422807482298186
9321.0,0.9866597488690603,0.013338356639558173,1.8944913815711511E-6
9594.0,1.875390817045395E-7,0.9951974779814979,0.004802334479420395
8468.0,0.9785599293591654,0.02143664429354824,3.4263472864424404E-6
8199.0,7.940023162043446E-9,0.9576180023577664,0.04238198970221048
8737.0,0.30861294671618933,0.6820543912536609,0.00933266203014981
9010.0,8.376458127410821E-8,0.5886884477337632,0.41131146850165556
9560.0,0.0530289463401856,0.9394455475513023,0.007525506108512121
9291.0,0.15130358823096204,0.644279339590481,0.20441707217855692
8699.0,0.9740901994989615,0.02590440333815803,5.397162880461728E-6
8424.0,0.9402989420529194,0.05967631575223618,2.4742194844407323E-5
8910.0,0.9537399398760003,0.04607642860376202,1.836315202379202E-4
9181.0,5.743611229223592E-4,0.7282715008530842,0.2711541380239933
9380.0,0.8269695709957122,0.17279125312929142,2.3917587499644187E-4
9078.0,6.497461335838031E-5,0.6036181118236333,0.3963169135630083
8805.0,0.5329890905329023,0.46356945186133375,0.003441457605763989
8097.0,0.603812440490214,0.3958195252078332,3.6803430195275224E-4
8259.0,0.8926237527998561,0.10733745316061506,3.8794039528755914E-5
8528.0,0.7370671048892308,0.2628541594893078,7.873562146142702E-5
9231.0,0.8578724948952265,0.14203723736342463,9.026774134869716E-5
9500.0,0.0012020806154159542,0.995417017382354,0.003380902002229914
9769.0,0.6649219120460313,0.3344743531743082,6.037347796604732E-4
8842.0,0.671431138029856,0.3278966880590555,6.721739110885934E-4
8364.0,7.703151859959878E-6,0.8701387510221106,0.12985354582602937
8639.0,0.3324830616306882,0.6553093837701872,0.012207554599124449
9440.0,6.479190981383261E-5,0.43158676098037013,0.568348447109816
9715.0,3.404776737561151E-7,0.08354217557691689,0.9164574839454093
8872.0,2.2508162918204253E-4,0.7089853165088578,0.2907896018619601
9147.0,0.5852782833441298,0.4137061828964121,0.0010155337594581213
8605.0,1.4374731820311677E-4,0.9988304096164867,0.0010258430653101943
8334.0,0.8806668309069019,0.11928815040172441,4.501869137370143E-5
9681.0,2.509369866304003E-6,0.9882503622889738,0.011747128341159912
8775.0,0.9584565998188107,0.04153449111828975,8.9090628994465E-6
8112.0,0.07135776039103375,0.9266549483189672,0.001987291289999229
8562.0,0.007732616129982018,0.9654918837055306,0.02677550016448741
8289.0,0.7271603819228102,0.2722877306090367,5.518874681531605E-4
9534.0,0.9860078391464115,0.013990990086647998,1.1707669402527657E-6
9261.0,0.8981483470313801,0.10174460845644692,1.070445121728908E-4
9739.0,2.75185194575189E-10,0.5703235037796132,0.42967649594520174
9351.0,0.4261786553052375,0.5731093711631523,7.119735316101465E-4
9620.0,0.018407210503037386,0.9708367625459449,0.010756026951017735
8395.0,0.9977039729348557,0.0022959622278663234,6.483727797107066E-8
8664.0,0.7543663330482956,0.24547524174469532,1.584252070091009E-4
9214.0,8.835900697005056E-7,0.999047027937446,9.520884724843195E-4
8941.0,0.10710572328493997,0.8422869568636151,0.05060731985144503
8165.0,0.01864479005122755,0.764349656021389,0.21700555392738344
9806.0,1.8845177434583576E-4,0.9051305789218829,0.09468096930377128
9320.0,0.9900198954919133,0.009978738975943596,1.3655321430060558E-6
9595.0,0.3826358455263409,0.6167063009963742,6.578534772848217E-4
8228.0,0.1010671957589215,0.8946071008900377,0.004325703351040899
8503.0,0.0010653953485546665,0.9612062745435718,0.037728330107873555
8977.0,0.9937309885331256,0.006268834918422981,1.7654845123846709E-7
9290.0,0.970514256562807,0.029475527811065803,1.021562612735238E-5
8469.0,1.1930405624230682E-6,0.864668052986028,0.13533075397340966
8198.0,0.0971297373642385,0.9007694143230618,0.002100848312699602
8736.0,0.03186001685833758,0.9523124048522766,0.015827578289385757
9011.0,0.939645334557219,0.060321271502258335,3.339394052276037E-5
9654.0,3.642018854660314E-4,0.9582574434540138,0.04137835466052044
8698.0,4.677047086899823E-6,0.3688987272582152,0.6310965956946979
8425.0,0.9974185734619552,0.002581356104685845,7.043335884461134E-8
8180.0,0.4154979540210318,0.5844188116351414,8.323434382679421E-5
8911.0,0.044061894974369666,0.9529878364528213,0.0029502685728092348
9180.0,0.08877698556391087,0.9050795263743262,0.006143488061762895
9230.0,0.38153005213957125,0.6171129092269032,0.0013570386335255498
9501.0,0.5321373885463335,0.4676883320233645,1.742794303019753E-4
9768.0,0.09867621323311358,0.8990127948025165,0.002310991964369923
9079.0,0.9090060799765165,0.09095127237518338,4.2647648300237326E-5
8804.0,0.9666654942351881,0.033325463929971134,9.041834840636337E-6
8258.0,9.644609746873431E-6,0.9845393848960239,0.01545097049422919
8529.0,0.016953344645327655,0.5698625278699218,0.41318412748475064
9441.0,0.9910808846721176,0.008918669402803623,4.459250786145034E-7
9112.0,0.4055595665586457,0.5871264205342915,0.007314012907062834
8150.0,0.39460603479901296,0.5950585416458376,0.010335423555149305
8843.0,0.1207752059714095,0.8628890017894808,0.01633579223910957
8365.0,0.97288019911443,0.027116558513736615,3.2423718333959844E-6
8638.0,0.8910431116212002,0.10875257238596597,2.0431599283380432E-4
9680.0,0.7847001504720693,0.21498202124950497,3.1782827842576837E-4
9411.0,0.9776204194856151,0.022374538993353885,5.04152103093383E-6
8135.0,0.2601398144372241,0.7334849339994255,0.006375251563350265
8873.0,0.9991724300006309,8.275623106717083E-4,7.688697425259983E-9
9146.0,0.21389845315882863,0.7850518152578586,0.0010497315833126837
8604.0,5.2566965866075885E-5,0.1221912820471876,0.8777561509869463
8335.0,0.41166024154732916,0.5863576650477837,0.001982093404887083
9535.0,0.910053383875818,0.08993142798271947,1.5188141462516964E-5
9260.0,0.0010575414073081088,0.7445893557216307,0.2543531028710612
9738.0,0.977468186726921,0.02252371390579412,8.099367284910715E-6
8774.0,1.2486433858974868E-5,0.7936657523435615,0.2063217612225794
9045.0,0.8315677886776626,0.16816423428106952,2.679770412678681E-4
8563.0,0.004782937116537732,0.9622202009821775,0.03299686190128473
8288.0,0.14831231625877242,0.8499993089715017,0.0016883747697258962
9733.0,0.8500061950461822,0.14986020250212798,1.3360245168968186E-4
9251.0,2.7739103996655095E-6,0.9990767438493141,9.204822402862838E-4
9520.0,0.9825175523045976,0.01747680615743489,5.641537967588984E-6
8303.0,0.998833877835368,0.0011661215319362442,6.326957270849307E-10
8572.0,0.3316453544997045,0.6656044834353361,0.002750162064959521
9050.0,0.8938727924363467,0.10597218454463382,1.5502301901953785E-4
8777.0,0.05676254337773674,0.8937923740512967,0.04944508257096642
8119.0,8.684483396119752E-7,0.17971270733813155,0.8202864242135288
9420.0,0.3427941155132658,0.6566535495164607,5.523349702735951E-4
9695.0,0.01594715295331093,0.9266906335687094,0.05736221347797976
8320.0,0.7905008124828753,0.20947799001409487,2.119750302981198E-5
8595.0,0.5476732804061297,0.45194286891274654,3.838506811237046E-4
9141.0,0.9998667423926055,1.3325745532627122E-4,1.520681860008506E-10
8870.0,9.565222262441366E-4,0.8269334232670718,0.17211005450668415
9725.0,0.07228456306636137,0.9065775656896901,0.021137871243948503
9454.0,1.0695540927548776E-5,0.47316371762027865,0.5268255868387938
8625.0,0.7885292341712263,0.211398053729234,7.271209953968395E-5
8354.0,0.594609063143213,0.40414329022344797,0.0012476466333388564
8836.0,0.9952219522566814,0.00477793412530433,1.1361801418372465E-7
9111.0,6.846318408962456E-8,0.9926086561915395,0.007391275345276538
9767.0,0.8230627172420631,0.1767828610512032,1.5442170673362005E-4
9490.0,0.48669511677332117,0.5130974184668691,2.0746475980978714E-4
9217.0,0.0010526779200254023,0.8966137010671004,0.10233362101287409
8542.0,6.744003078123906E-6,0.28864160480888246,0.7113516511880396
8269.0,0.9924397003930906,0.007559502220078405,7.973868308781657E-7
8811.0,0.7925566706877195,0.20729927150575694,1.4405780652359515E-4
8102.0,0.550073564530103,0.44752201970758704,0.002404415762309932
9080.0,0.2067346768769064,0.7908480492351342,0.002417273887959417
9386.0,2.254744648380796E-6,0.1672588878970063,0.8327388573583454
9657.0,0.0029326820419851318,0.9600955403480942,0.036971777609920695
9171.0,0.6818696676659106,0.31764749419630095,4.8283813778856634E-4
8896.0,9.21700097685395E-10,0.48892301104311703,0.5110769880351829
8693.0,0.5602806092320132,0.43940877468038114,3.106160876056728E-4
9285.0,1.0545911876318563E-5,0.42248288930241573,0.5775065647857079
9558.0,0.7555740766463345,0.24417659784916448,2.4932550450116513E-4
9020.0,2.204180966057747E-7,0.5202013742764949,0.47979840530540835
8751.0,0.9134658144210034,0.08645622259203933,7.796298695727147E-5
8201.0,0.5833423157290918,0.4164317250168452,2.2595925406291445E-4
8474.0,0.48963635363209773,0.5082588858118089,0.0021047605560933096
9588.0,1.1087987547352255E-7,0.8297075410786721,0.1702923480414524
9319.0,4.964254160569125E-7,0.0030335363782138854,0.9969659671963701
9793.0,0.9940903856850017,0.005909501234450407,1.1308054789210247E-7
8085.0,0.48588248339919005,0.5120573854051412,0.0020601311956687796
8717.0,0.10212728119280805,0.8841127766694609,0.013759942137731122
8990.0,0.8351522038670756,0.1648295653583942,1.8230774530059795E-5
8504.0,0.40341276010612637,0.5915776843353902,0.005009555558483488
8235.0,0.015063814033733858,0.7418508204940869,0.24308536547217907
9627.0,0.16501695181861747,0.8143372310031125,0.020645817178269892
9352.0,0.8663435288891674,0.13358283618958539,7.363492124727124E-5
8930.0,0.9902732884940331,0.009725931275649156,7.802303176577347E-7
9201.0,2.1983506954202287E-14,0.032917824274867516,0.9670821757251106
8663.0,0.24879831216787052,0.7503473287738242,8.543590583054888E-4
8388.0,0.17137178279346116,0.8205612701835695,0.008066947022969315
8302.0,0.0302617548779648,0.9664067779512803,0.0033314671707548125
8573.0,7.880336179337641E-10,0.01886371152446694,0.9811362876874994
9051.0,0.9915202846830925,0.008479358677601643,3.566393058318385E-7
8776.0,0.8033242960541864,0.1965793862885118,9.631765730179973E-5
9250.0,0.982973704479481,0.017024412163509018,1.8833570100338444E-6
9521.0,7.1692883530418E-9,0.2979541878389087,0.7020458049918029
8321.0,0.07234082718168476,0.9262810109900893,0.0013781618282260716
8594.0,0.5661340259910894,0.431838513817432,0.0020274601914786043
9140.0,0.08828933370200448,0.9044690352708159,0.007241631027179727
8871.0,0.08251859886432425,0.9161676409457306,0.001313760189945245
8128.0,0.9627851524320254,0.0372129778924846,1.869675489916474E-6
9421.0,4.307705322717603E-6,0.9924160758348841,0.007579616459793142
9694.0,0.997196368280383,0.0028035311087612922,1.0061085556511255E-7
8624.0,6.777404051304347E-6,0.3440709696648732,0.6559222529310755
8355.0,0.998282363241682,0.0017176117875464644,2.4970771371630956E-8
8145.0,0.9540679165789918,0.04589828994561862,3.379347538967105E-5
8837.0,2.127703992305771E-9,0.6965147641112712,0.3034852337610248
9110.0,0.8400616299825389,0.15977489151333701,1.634785041241738E-4
9724.0,0.7329186412601024,0.26693154262047497,1.4981611942272756E-4
9455.0,0.9989666237306851,0.0010333717295224229,4.539792302186582E-9
8543.0,0.09422066160984915,0.9017736230394,0.0040057153507508875
8268.0,0.33113123984492493,0.6676327593621739,0.001236000792901036
8810.0,0.006970481681376101,0.9902217195414682,0.0028077987771558074
9081.0,0.14459205042011594,0.8484476618002013,0.0069602877796826985
9766.0,0.9904319007148241,0.0095669801433116,1.1191418644360905E-6
9491.0,0.8778292754524185,0.12213007146602191,4.065308155956961E-5
9216.0,0.9518457216998394,0.04815263453494939,1.6437652111998072E-6
9170.0,1.8808966628591973E-4,0.797687469702482,0.202124440631232
8179.0,2.2854468149425529E-7,0.09038597486138042,0.9096137965939382
8897.0,0.014283204664321154,0.9653735101817552,0.020343285153923703
8423.0,0.7973915668469551,0.2025934197320006,1.5013421044230987E-5
8692.0,0.3105929634863978,0.6892278760714914,1.791604421106462E-4
9387.0,0.9888940456397305,0.011105047253707994,9.071065616764559E-7
9021.0,0.9998827334096594,1.1726650184218646E-4,8.84983772755713E-11
8750.0,0.8347924785588866,0.1649869242534568,2.2059718765675632E-4
8200.0,9.63060276872017E-4,0.9822432988794736,0.016793640843654208
8475.0,0.10062718682252272,0.8926557303203396,0.006717082857137664
9559.0,0.9333985545480732,0.06657320290005567,2.8242551871038947E-5
8716.0,3.848351677754156E-8,0.7968542209832656,0.2031457405332177
8991.0,0.9849622125846278,0.015035592765144387,2.1946502277387914E-6
8505.0,1.4975868217595858E-5,0.35119732698226125,0.6487876971495212
8234.0,0.4212045111207956,0.5784501230230418,3.4536585616260374E-4
9589.0,6.004021510577077E-7,0.01788968197547989,0.982109717622369
9318.0,0.9234275843902378,0.07656150220031634,1.0913409445805547E-5
9792.0,0.41357508626098916,0.5853595508355083,0.0010653629035025113
8931.0,5.8007669843367704E-9,0.9808926168224501,0.019107377376783044
8162.0,5.295119781144463E-4,0.9251415295930135,0.07432895842887205
9200.0,3.14878014528589E-7,0.9983902414787139,0.001609443643271507
8662.0,0.9950396009246122,0.004960283734243233,1.1534114460713653E-7
8389.0,8.104465536119285E-5,0.6785740828908843,0.3213448724537546
9626.0,0.8224796535401104,0.17750501204227118,1.5334417618435235E-5
9693.0,0.18074064716057076,0.8176377096928562,0.0016216431465730134
9422.0,0.9968942240943125,0.0031055931714747444,1.8273421281018535E-7
8593.0,0.9815777393352842,0.018418411056056763,3.84960865901973E-6
8322.0,0.9994219631469787,5.780333597169989E-4,3.4933042102566674E-9
8868.0,0.9963828661125843,0.003616944288123071,1.8959929258375134E-7
9143.0,0.10781418257376009,0.8895382056398875,0.0026476117863523706
9735.0,0.30305663748071715,0.6960904637225029,8.528987967798245E-4
9522.0,0.9553854052785475,0.044594158294760995,2.0436426691496747E-5
9249.0,6.995926361667495E-9,7.148041180046139E-4,0.9992851888860691
8574.0,0.06996334193003735,0.9146782247053991,0.01535843336456369
8301.0,0.996237878397188,0.0037617929402618466,3.2866255004672135E-7
8118.0,0.0035707869784587514,0.9845641706372998,0.01186504238424152
8779.0,0.855552421271177,0.14425404789290322,1.9353083591978405E-4
9048.0,0.9974346837438698,0.0025652696309958595,4.662513449989019E-8
9765.0,0.21438269870081875,0.7824523109213183,0.003164990377862909
9219.0,0.6317223335766018,0.3674837591289746,7.939072944236734E-4
8271.0,0.45860806229428236,0.5378141475896021,0.0035777901161154198
8540.0,0.0025817520951645512,0.9870869530547448,0.0103312948500906
9082.0,2.4094482678093743E-8,0.9716592376618057,0.02834073824371157
8103.0,0.5998690779935927,0.39928672100422635,8.442010021809051E-4
8809.0,0.36127931349723214,0.6372230083710133,0.0014976781317546724
9452.0,0.7312949802207429,0.26777053527318595,9.344845060710656E-4
9727.0,0.4292695008512838,0.5703537568113796,3.767423373365886E-4
8352.0,0.9532128924266952,0.04677716843866428,9.939134640463339E-6
8627.0,2.8810519587894093E-13,0.043361431516505934,0.9566385684832058
9109.0,0.011089389825792368,0.9623128075177657,0.026597802656441842
8838.0,0.9936555855275783,0.006343893075150706,5.213972709028062E-7
9556.0,0.9064690843953683,0.0934379718045589,9.294380007267328E-5
9287.0,0.946414113330428,0.053559780213346675,2.6106456225400195E-5
8749.0,0.005763684440564864,0.9875787937603258,0.006657521799109547
9022.0,0.6269961564586408,0.3723411213866327,6.627221547264577E-4
8472.0,0.04389419979798293,0.9287585235672651,0.02734727663475201
8203.0,0.017710885567377044,0.9674154121911508,0.014873702241472091
9659.0,0.3791809447183561,0.6199875531552348,8.315021264089781E-4
9384.0,0.07352138577909159,0.7376512641252305,0.18882735009567794
8898.0,0.006989602148863482,0.9856758444460157,0.007334553405120795
9169.0,5.136190546181807E-6,0.5168391516603349,0.48315571214911884
8695.0,0.32440683249535335,0.672953476910552,0.002639690594094596
8420.0,0.46876238384535757,0.5297537529139352,0.001483863240707283
9354.0,0.012842602971188758,0.9800161437455865,0.0071412532832247685
8928.0,0.991074046379134,0.008923098490276858,2.855130589108447E-6
8390.0,0.018146172230797588,0.9742399828026255,0.007613844966577057
8661.0,0.3078908992960336,0.6892784451650247,0.0028306555389417637
9317.0,6.562347320914237E-5,0.8183484303592903,0.1815859461675006
9590.0,0.9185705721968642,0.0814039442642587,2.5483538877147454E-5
9795.0,0.6377898459869725,0.3621435779275852,6.65760854423069E-5
8988.0,0.8306881607680004,0.16918587034269938,1.2596888930011378E-4
8084.0,0.2971942983620026,0.6966331913208759,0.006172510317121459
8719.0,0.7083584805887625,0.29145303453693,1.8848487430748974E-4
8233.0,1.7975582594081708E-5,0.9996331139029709,3.489105144349107E-4
8506.0,0.641782487850811,0.35720736036009376,0.0010101517890952695
8592.0,0.021383666386372433,0.9719746572918342,0.006641676321793317
8323.0,0.6613468497110827,0.33755721441059755,0.0010959358783197675
8129.0,0.37257687770825576,0.6200205826215479,0.007402539670196379
8869.0,0.02495822852570198,0.9094333548228896,0.06560841665140843
9142.0,0.7581093999228387,0.240487169735002,0.0014034303421593581
9692.0,0.9875391784407971,0.012460530011158703,2.915480441924102E-7
9423.0,0.03849812631347879,0.9553019315380491,0.006199942148472234
8575.0,0.9995935855078288,4.0641168364088074E-4,2.8085300620165864E-9
8300.0,2.5155644495051298E-11,0.001291799130482163,0.9987082008443623
8778.0,1.5509015808664464E-4,0.9990824849634379,7.624248784753987E-4
9523.0,1.4342877490467931E-5,0.8839562200325622,0.11602943708994735
9248.0,0.949494237992828,0.05046525714925169,4.050485792035063E-5
8270.0,0.9755388958860091,0.02444355628219881,1.7547831792153784E-5
