9179.0,0.7465051009321606,0.25349489906783945,2.9590083336039442E-28
8904.0,0.8002473543274294,0.19975264567257045,1.8691786389070635E-74
8701.0,0.006034568014274972,0.9929876047516094,9.778272341156705E-4
9378.0,0.010943458972908158,0.9854837512585634,0.003572789768528551
9012.0,0.8365170898545795,0.15805644030757762,0.0054264698378429545
8743.0,0.026793967862941873,0.5961445509579381,0.3770614811791201
8193.0,0.005119333091750041,0.9935984893193563,0.001282177588893569
8466.0,0.012215408927458708,0.9877845910725412,0.0
9293.0,0.7687470368375744,0.23125296316242552,0.0
9566.0,0.7465051009321606,0.25349489906783945,2.9590083336039442E-28
8081.0,0.7465051009321606,0.25349489906783945,2.9590083336039442E-28
8709.0,0.024514903012274113,0.5608430804135411,0.41464201657418476
8982.0,0.006969793193474419,0.46374178935311333,0.5292884174534124
8496.0,0.8047330391889452,0.19139514437770952,0.00387181643334523
8227.0,0.0071610661949459906,0.5870288453087437,0.4058100884963103
9596.0,0.024514903012276427,0.560843080413594,0.41464201657412963
9327.0,0.7760299825620937,0.22397001743790623,8.040059470974834E-121
9801.0,0.024633021944420228,0.9753669780555797,0.0
8938.0,0.006969793193474419,0.46374178935311333,0.5292884174534124
8671.0,0.01814370204585621,0.9803453608133107,0.0015109371408330628
8396.0,0.8565906070496089,0.14145568473488146,0.0019537082155096763
9619.0,0.02839899976894254,0.5309848994002335,0.440616100830824
9344.0,0.7901315572307132,0.20986844276928687,2.1563314809843457E-33
8295.0,0.01814370204585621,0.9803453608133107,0.0015109371408330628
8564.0,0.010943458972908158,0.9854837512585634,0.003572789768528551
9042.0,0.010943458972908158,0.9854837512585634,0.003572789768528551
8769.0,0.012676524376535799,0.9855234761707831,0.0017999994526810533
8115.0,0.8415691092944572,0.15668319997302127,0.0017476907325215904
9741.0,0.02839899976894254,0.5309848994002335,0.440616100830824
9259.0,0.006034568014274972,0.9929876047516094,9.778272341156705E-4
9528.0,0.8081797700939357,0.18960349060879506,0.0022167392972691356
8328.0,0.005119333091750041,0.9935984893193563,0.001282177588893569
8603.0,0.037444012373201434,0.5920329084752597,0.3705230791515389
9149.0,0.024514903012276427,0.560843080413594,0.41464201657412963
8878.0,0.8399561390898276,0.1544216235361305,0.005622237374041926
9687.0,0.012215408927458708,0.9877845910725412,0.0
8633.0,0.8565906070496089,0.14145568473488146,0.0019537082155096763
8362.0,0.013406265698603727,0.9841428268515597,0.00245090744983657
8844.0,0.7465051009321606,0.25349489906783945,2.9590083336039442E-28
9119.0,0.7601363722369174,0.23986362776308248,0.0
9446.0,0.7988257824546263,0.1989720694160509,0.0022021481293227675
8534.0,0.8206781752055601,0.17932182479443992,0.0
8261.0,0.00897455880064311,0.9884348075136089,0.002590633685747924
8098.0,0.7738551285881199,0.22614487141188017,0.0
8803.0,0.7557323431841754,0.2442676568158246,0.0
9072.0,0.036814806091208574,0.5275006398737808,0.43568455403501055
9775.0,0.7894274365659211,0.21057256343407882,2.194535923266972E-172
9498.0,0.036814806091208574,0.5275006398737808,0.43568455403501055
9225.0,0.7738551285881199,0.22614487141188017,0.0
9379.0,0.02839899976894254,0.5309848994002335,0.440616100830824
9648.0,0.010876319471460671,0.9869516021024632,0.0021720784260762086
9178.0,0.8565906070496089,0.14145568473488146,0.0019537082155096763
8183.0,0.02912543152457965,0.5433542601325762,0.42752030834284427
8905.0,0.02839899976894254,0.5309848994002335,0.440616100830824
8431.0,0.011346722211639812,0.3632944624172399,0.6253588153711203
8700.0,0.02912543152457965,0.5433542601325762,0.42752030834284427
9292.0,0.01814370204585621,0.9803453608133107,0.0015109371408330628
9567.0,0.01814370204585621,0.9803453608133107,0.0015109371408330628
9013.0,0.03195738275599663,0.5223621830052034,0.44568043423879994
8742.0,0.7719187642643747,0.22808123573562536,0.0
8192.0,0.7465051009321606,0.25349489906783945,2.9590083336039442E-28
8467.0,0.7557323431841754,0.2442676568158246,0.0
9597.0,0.7738551285881199,0.22614487141188017,0.0
9326.0,0.00897455880064311,0.9884348075136089,0.002590633685747924
9800.0,0.03926808239078718,0.5293553239235618,0.43137659368565107
8708.0,0.7465051009321606,0.25349489906783945,2.9590083336039442E-28
8983.0,0.014839836907384725,0.9851601630926153,0.0
8497.0,0.012215408927458708,0.9877845910725412,0.0
8226.0,0.01503103994550965,0.983712621049219,0.0012563390052712682
9618.0,0.8081797700939357,0.18960349060879506,0.0022167392972691356
9345.0,0.006034568014274972,0.9929876047516094,9.778272341156705E-4
8166.0,0.031957382755991005,0.5223621830051783,0.44568043423883064
8939.0,0.8523372819325675,0.1426407136384618,0.0050220044289708155
9208.0,0.039258834266685964,0.5293659568279627,0.43137520890535136
8670.0,0.005119333091750041,0.9935984893193563,0.001282177588893569
8397.0,0.7988257824546263,0.1989720694160509,0.0022021481293227675
9740.0,0.037444012373201434,0.5920329084752597,0.3705230791515389
9258.0,0.7738551285881199,0.22614487141188017,0.0
9529.0,0.7760299825620937,0.22397001743790623,8.040059470974834E-121
8294.0,0.7596500029050967,0.24034999709490346,0.0
8565.0,0.02839899976894254,0.5309848994002335,0.440616100830824
9043.0,0.7557323431841754,0.2442676568158246,0.0
8768.0,0.01503103994550965,0.983712621049219,0.0012563390052712682
9413.0,0.00434795889036086,0.9934201480776268,0.0022318930320122366
9686.0,0.01503103994550965,0.983712621049219,0.0012563390052712682
8329.0,0.022918676315466183,0.9745324412405673,0.002548882443966617
8602.0,0.006034568014274972,0.9929876047516094,9.778272341156705E-4
9148.0,0.8535469420080516,0.142519156521862,0.003933901470086488
8879.0,0.8565906070496089,0.14145568473488146,0.0019537082155096763
8132.0,0.7719187642643747,0.22808123573562536,0.0
9716.0,0.037444012373201434,0.5920329084752597,0.3705230791515389
9447.0,0.00897455880064311,0.9884348075136089,0.002590633685747924
8632.0,0.01814370204585621,0.9803453608133107,0.0015109371408330628
8363.0,0.8081797700939357,0.18960349060879506,0.0022167392972691356
8149.0,0.015878385698987366,0.5431655422612841,0.44095607203972853
8845.0,0.790131557230699,0.20986844276930103,2.1563314812016298E-33
9118.0,0.02839899976894254,0.5309848994002335,0.440616100830824
9774.0,0.01814370204585621,0.9803453608133107,0.0015109371408330628
9499.0,0.0071610661949459906,0.5870288453087437,0.4058100884963103
9224.0,0.01503103994550965,0.983712621049219,0.0012563390052712682
8535.0,0.8523372819325675,0.1426407136384618,0.0050220044289708155
8260.0,0.005119333091750041,0.9935984893193563,0.001282177588893569
8802.0,0.0152898669707215,0.9847101330292785,0.0
9073.0,0.7465051009321606,0.25349489906783945,2.9590083336039442E-28
8741.0,0.7738551285881199,0.22614487141188017,0.0
9014.0,0.01503103994550965,0.983712621049219,0.0012563390052712682
8464.0,0.7760299825620937,0.22397001743790623,8.040059470974834E-121
8195.0,0.037444012373201434,0.5920329084752597,0.3705230791515389
9564.0,0.02839899976894254,0.5309848994002335,0.440616100830824
9295.0,0.7465051009321606,0.25349489906783945,2.9590083336039442E-28
8906.0,0.016327294431376076,0.9836726963959729,9.172651096108443E-9
9177.0,0.7557323431841754,0.2442676568158246,0.0
8703.0,0.024514903012276427,0.560843080413594,0.41464201657412963
8428.0,0.039723952294638334,0.5768554409451091,0.38342060676025247
9651.0,0.8081797700939357,0.18960349060879506,0.0022167392972691356
9376.0,0.7830608368277241,0.21693916317227593,0.0
9211.0,0.8523372819325675,0.1426407136384618,0.0050220044289708155
8936.0,0.060225024743868684,0.5540825736774168,0.3856924015787145
8398.0,0.006034568014274972,0.9929876047516094,9.778272341156705E-4
8669.0,0.8081797700939357,0.18960349060879506,0.0022167392972691356
9346.0,0.007161079533527809,0.5870287948115035,0.40581012565496877
9617.0,0.01503103994550965,0.983712621049219,0.0012563390052712682
8980.0,0.7777526540008045,0.2222473459991954,0.0
8080.0,0.01814370204585621,0.9803453608133107,0.0015109371408330628
8711.0,0.7830608368277241,0.21693916317227593,0.0
8225.0,0.7738551285881199,0.22614487141188017,0.0
8498.0,0.7988257824546263,0.1989720694160509,0.0022021481293227675
9325.0,0.8565906070496089,0.14145568473488146,0.0019537082155096763
9598.0,0.8081797700939357,0.18960349060879506,0.0022167392972691356
9803.0,0.005119333091750041,0.9935984893193563,0.001282177588893551
8601.0,0.8535063905136329,0.14251152223536953,0.003982087250997693
8330.0,0.018007709419465487,0.9819922905805345,0.0
8876.0,0.01503103994550965,0.983712621049219,0.0012563390052712682
9151.0,0.7901315565578958,0.20986844344210423,2.156342263704249E-33
9685.0,0.010943458972908158,0.9854837512585634,0.003572789768528551
9414.0,0.012215408927458708,0.9877845910725412,0.0
8566.0,0.01221540892746008,0.98778459107254,0.0
8293.0,0.7901315572306873,0.20986844276931277,2.156331480990557E-33
8771.0,0.015878385698987366,0.5431655422612841,0.44095607203972853
8114.0,0.031957382755991005,0.5223621830051783,0.44568043423883064
9040.0,0.005119333091750041,0.9935984893193563,0.001282177588893569
9743.0,0.022918676315466183,0.9745324412405673,0.002548882443966617
9530.0,0.8400802580116141,0.1544460103793738,0.005473731609011883
8263.0,0.8399561390898276,0.15442162353613043,0.005622237374041961
8532.0,0.06022502474386871,0.5540825736774169,0.38569240157871443
9074.0,0.8415691092944572,0.15668319997302127,0.0017476907325215904
8801.0,0.031957382756042034,0.5223621830054019,0.445680434238556
8099.0,0.036814806091208574,0.5275006398737808,0.43568455403501055
9773.0,0.010943458972908158,0.9854837512585634,0.003572789768528551
9227.0,0.006452738587387808,0.9935472614126122,0.0
9496.0,0.02912543152457965,0.5433542601325762,0.42752030834284427
8360.0,0.029125431524580525,0.5433542601326232,0.4275203083427963
8635.0,0.8415691092944572,0.15668319997302127,0.0017476907325215904
9117.0,0.7596500029050967,0.24034999709490346,0.0
8846.0,0.02839899976894254,0.5309848994002335,0.440616100830824
9444.0,0.02057765061868789,0.5947332058094608,0.38468914357185136
9719.0,0.005119333091750041,0.9935984893193563,0.001282177588893569
9565.0,0.7901315572307132,0.20986844276928687,2.1563314809886663E-33
9294.0,0.7557323431841754,0.2442676568158246,0.0
8740.0,0.010876319471460982,0.986951602102463,0.002172078426076023
8465.0,0.012676524376535799,0.9855234761707831,0.0017999994526810533
8194.0,0.7988257824546263,0.1989720694160509,0.0022021481293227675
9650.0,0.8399561390898276,0.15442162353613043,0.005622237374041961
9377.0,0.01814370204585621,0.9803453608133107,0.0015109371408330628
8182.0,0.03707936751290464,0.5118246693240632,0.45109596316303213
8907.0,0.025320337536358418,0.6391792698559929,0.33550039260764863
9176.0,0.012215395212121274,0.9877846047878788,0.0
8702.0,0.8535063905131717,0.1425115222352845,0.003982087251543775
8429.0,0.031957382755991005,0.5223621830051783,0.44568043423883064
9347.0,0.006452738587387808,0.9935472614126122,0.0
9616.0,0.039723952294638334,0.5768554409451091,0.38342060676025247
9210.0,0.010876319471460671,0.9869516021024632,0.0021720784260762086
8937.0,0.037444012373201434,0.5920329084752597,0.3705230791515389
8167.0,0.02839899976894254,0.5309848994002335,0.440616100830824
8399.0,0.7465051009321606,0.25349489906783945,2.9590083336039442E-28
8668.0,0.013406265698603727,0.9841428268515597,0.00245090744983657
9324.0,0.7738551285881199,0.22614487141188017,0.0
9599.0,0.005119333091750041,0.9935984893193563,0.001282177588893569
8981.0,0.010876319471460671,0.9869516021024632,0.0021720784260762086
8710.0,0.8399561390898276,0.15442162353613043,0.005622237374041961
8224.0,0.014839836907384725,0.9851601630926153,0.0
8499.0,0.7988257824546263,0.1989720694160509,0.0022021481293227675
9684.0,0.7777724189498743,0.21858898889982437,0.0036385921503013087
9415.0,0.005119333091750041,0.9935984893193563,0.001282177588893569
8600.0,0.03681480609117268,0.5275006398737463,0.4356845540350811
8331.0,0.7901315570060472,0.20986844299395285,2.1563350815474526E-33
8877.0,0.7783859668951362,0.21872061734388848,0.002893415760975287
8133.0,0.02839899976894254,0.5309848994002335,0.440616100830824
9150.0,0.7777724189498743,0.21858898889982437,0.0036385921503013087
9742.0,0.7777724189498743,0.21858898889982437,0.0036385921503013087
9531.0,0.7465051009280649,0.25349489907193506,2.9590083342223074E-28
9256.0,0.03926808239078718,0.5293553239235618,0.43137659368565107
8567.0,0.006452738587387808,0.9935472614126122,0.0
8292.0,0.013406265698603727,0.9841428268515597,0.00245090744983657
8770.0,0.839956139218734,0.15442162356144326,0.005622237219822645
9041.0,0.01503103994550965,0.983712621049219,0.0012563390052712682
9772.0,0.8565906070496089,0.14145568473488146,0.0019537082155096763
9226.0,0.03708752532437513,0.5118453717520179,0.45106710292360697
9497.0,0.060225024743868684,0.5540825736774168,0.3856924015787145
8262.0,0.8523372819325675,0.1426407136384618,0.0050220044289708155
8533.0,0.01503103994550965,0.983712621049219,0.0012563390052712682
9075.0,0.012676524376535799,0.9855234761707831,0.0017999994526810533
8800.0,0.7465051009321606,0.25349489906783945,2.9590083336039442E-28
9445.0,0.018007709419465487,0.9819922905805345,0.0
9718.0,0.7830608368277241,0.21693916317227593,0.0
8361.0,0.03681480439150704,0.5275006410970147,0.43568455451147836
8634.0,0.7465051009321606,0.25349489906783945,2.9590083336039442E-28
9116.0,0.012676524376535776,0.9855234761707831,0.0017999994526810307
8847.0,0.8081797700939357,0.18960349060879506,0.0022167392972691356
8148.0,0.8535063905131717,0.1425115222352845,0.003982087251543775
8500.0,0.018007709419465487,0.9819922905805345,0.0
8231.0,0.7760299825620937,0.22397001743790623,8.040059470974834E-121
8705.0,0.00897455880064311,0.9884348075136089,0.002590633685747924
8083.0,0.7465051009321606,0.25349489906783945,2.9590083336039442E-28
8978.0,0.7830608368277241,0.21693916317227593,0.0
9805.0,0.012676524376535799,0.9855234761707831,0.0017999994526810533
9592.0,0.7738551285881994,0.2261448714118006,0.0
9323.0,0.8081797700939357,0.18960349060879506,0.0022167392972691356
8667.0,0.8365170898545795,0.15805644030757762,0.0054264698378429545
8392.0,0.00897455880064311,0.9884348075136089,0.002590633685747924
8942.0,0.026793967862941873,0.5961445509579381,0.3770614811791201
9213.0,0.7760299826857396,0.22397001731426044,8.040062996419386E-121
9623.0,0.7760299825620937,0.22397001743790623,8.040059470974834E-121
9348.0,0.7777724189498743,0.21858898889982437,0.0036385921503013087
8426.0,0.8535063905131716,0.14251152223528463,0.003982087251543767
8697.0,0.015878385698987366,0.5431655422612841,0.44095607203972853
9183.0,0.7760299825620937,0.22397001743790623,8.040059470974834E-121
8908.0,0.7777724189498743,0.21858898889982437,0.0036385921503013087
9653.0,0.012215408927067755,0.9877845910729324,0.0
8197.0,0.037444012373201434,0.5920329084752597,0.3705230791515389
8470.0,0.02912543152457965,0.5433542601325762,0.42752030834284427
9008.0,0.012215408927458708,0.9877845910725412,0.0
8739.0,0.006034568014274972,0.9929876047516094,9.778272341156705E-4
9289.0,0.7988257824546263,0.1989720694160509,0.0022021481293227675
9562.0,0.7465051009321754,0.2534948990678247,2.9590083336228203E-28
8840.0,0.005119333091750041,0.9935984893193563,0.001282177588893569
9115.0,0.7557365723466624,0.24426342765333753,0.0
8637.0,0.006034568014274972,0.9929876047516094,9.778272341156705E-4
8366.0,0.011346722211639812,0.3632944624172399,0.6253588153711203
9442.0,0.006034568014274972,0.9929876047516094,9.778272341156705E-4
8807.0,0.006452738587387808,0.9935472614126122,0.0
8096.0,0.7777724189498743,0.21858898889982437,0.0036385921503013087
9076.0,0.02839899976894254,0.5309848994002335,0.440616100830824
8530.0,0.016327294431376076,0.9836726963959729,9.172651096108443E-9
8257.0,0.006969793193474419,0.46374178935311333,0.5292884174534124
9502.0,0.7760299825620937,0.22397001743790623,8.040059470974834E-121
9229.0,0.01814370204585621,0.9803453608133107,0.0015109371408330628
9771.0,0.8415797852789301,0.15668735858661653,0.0017328561344534573
9046.0,0.010943458972908158,0.9854837512585634,0.003572789768528551
8773.0,0.02057765061868789,0.5947332058094608,0.38468914357185136
8113.0,0.7988257824546263,0.1989720694160509,0.0022021481293227675
8291.0,0.00434795889036086,0.9934201480776268,0.0022318930320122366
8560.0,0.7719187642643747,0.22808123573562536,0.0
9263.0,0.01503103994550965,0.983712621049219,0.0012563390052712682
9532.0,0.7738551285881199,0.22614487141188017,0.0
9737.0,0.006034568014274972,0.9929876047516094,9.778272341156705E-4
9145.0,0.7596500029050967,0.24034999709490346,0.0
8874.0,0.00897455880064311,0.9884348075136089,0.002590633685747924
8332.0,0.7465051009321606,0.25349489906783945,2.9590083336039442E-28
8607.0,0.039723952294638334,0.5768554409451091,0.38342060676025247
9408.0,0.026793967862941873,0.5961445509579381,0.3770614811791201
9683.0,0.7830608368277241,0.21693916317227593,0.0
9593.0,0.7988257824546263,0.1989720694160509,0.0022021481293227675
9322.0,0.036814806091208574,0.5275006398737808,0.43568455403501055
8501.0,0.7465051009321606,0.25349489906783945,2.9590083336039442E-28
8230.0,0.8365170898555718,0.1580564403077661,0.00542646983666209
8704.0,0.006452738587387808,0.9935472614126122,0.0
8979.0,0.00897455880064311,0.9884348075136089,0.002590633685747924
9622.0,0.8081797700939357,0.18960349060879506,0.0022167392972691356
9349.0,0.7901315572307132,0.20986844276928687,2.1563314809843457E-33
8666.0,0.039723952294638334,0.5768554409451091,0.38342060676025247
8393.0,0.03707936751290464,0.5118246693240632,0.45109596316303213
8164.0,0.01503103994550965,0.983712621049219,0.0012563390052712682
8943.0,0.010943458972908158,0.9854837512585634,0.003572789768528551
9212.0,0.060225024743868115,0.5540825736774162,0.3856924015787157
9383.0,0.02912543152457965,0.5433542601325762,0.42752030834284427
9652.0,0.7738555279372753,0.22614447206272478,0.0
8427.0,0.013406265698603727,0.9841428268515597,0.00245090744983657
8696.0,0.7830608368277241,0.21693916317227593,0.0
9182.0,0.7465051009321606,0.25349489906783945,2.9590083336039442E-28
8909.0,0.7760299825620937,0.22397001743790623,8.040059470974834E-121
8181.0,0.7830614438008123,0.21693855619918764,0.0
9288.0,0.02912543152457965,0.5433542601325762,0.42752030834284427
9563.0,0.006034568014274972,0.9929876047516094,9.778272341156705E-4
8196.0,0.006452738587387808,0.9935472614126122,0.0
8471.0,0.7465051009321606,0.25349489906783945,2.9590083336039442E-28
9009.0,0.03926808239078718,0.5293553239235618,0.43137659368565107
8738.0,0.010943458972908158,0.9854837512585634,0.003572789768528551
9712.0,0.026328772946870097,0.9736712270531133,1.6720720265973766E-14
9443.0,0.006452738587387808,0.9935472614126122,0.0
8151.0,0.01814370204588043,0.9803453608132819,0.0015109371408375276
8841.0,0.010943458972908158,0.9854837512585634,0.003572789768528551
9114.0,0.7777724189498743,0.21858898889982437,0.0036385921503013087
8636.0,0.00897455880064311,0.9884348075136089,0.002590633685747924
8367.0,0.037444012373201434,0.5920329084752597,0.3705230791515389
9503.0,0.8523372819325675,0.1426407136384618,0.0050220044289708155
9228.0,0.8523372819325675,0.1426407136384618,0.0050220044289708155
9770.0,0.006452738587387808,0.9935472614126122,0.0
8806.0,0.006452738587387808,0.9935472614126122,0.0
9077.0,0.012676524376535799,0.9855234761707831,0.0017999994526810533
8531.0,0.015878385698987366,0.543165542261284,0.44095607203972853
8256.0,0.01814370204585621,0.9803453608133107,0.0015109371408330628
9262.0,0.01503103994550965,0.983712621049219,0.0012563390052712682
9533.0,0.00434795889036086,0.9934201480776268,0.0022318930320122366
9736.0,0.018007709419465487,0.9819922905805345,0.0
9047.0,0.8415691092944572,0.15668319997302127,0.0017476907325215904
8772.0,0.7596500029050967,0.24034999709490346,0.0
8290.0,0.02679353022862631,0.5961430909763009,0.37706337879507285
8561.0,0.03926808239078718,0.5293553239235618,0.43137659368565107
9409.0,0.024633021944420228,0.9753669780555797,0.0
9682.0,0.02912543152457965,0.5433542601325762,0.42752030834284427
9144.0,0.8047330391889452,0.19139514437770952,0.00387181643334523
8875.0,0.7777724189498743,0.21858898889982437,0.0036385921503013087
8134.0,0.037444012373201434,0.5920329084752597,0.3705230791515389
8333.0,0.037444012373201434,0.5920329084752597,0.3705230791515389
8606.0,0.7738551285881199,0.22614487141188017,0.0
8394.0,0.010876319471460671,0.9869516021024632,0.0021720784260762086
8665.0,0.7901315572307132,0.20986844276928687,2.1563314809843457E-33
9215.0,0.7596500029050967,0.24034999709490346,0.0
8940.0,0.013406265698603727,0.9841428268515597,0.00245090744983657
9350.0,0.7901315572307132,0.20986844276928687,2.1563314809843457E-33
9621.0,0.7988257824546263,0.1989720694160509,0.0022021481293227675
8229.0,0.80530791253124,0.19154356828497995,0.0031485191837801276
8502.0,0.039723952294638334,0.5768554409451091,0.38342060676025247
8976.0,0.037079370507587125,0.5118246769248226,0.4510959525675903
8082.0,0.039723952294638334,0.5768554409451091,0.38342060676025247
8707.0,0.00434795889036086,0.9934201480776268,0.0022318930320122366
9807.0,0.018007709419465487,0.9819922905805345,0.0
9321.0,0.022918676315466183,0.9745324412405673,0.002548882443966617
9594.0,0.028436155314147206,0.5355353933505994,0.4360284513352534
8468.0,0.8081797700939357,0.18960349060879506,0.0022167392972691356
8199.0,0.018007709419465487,0.9819922905805345,0.0
8737.0,0.8365170898545795,0.15805644030757762,0.0054264698378429545
9010.0,0.006034568014274972,0.9929876047516094,9.778272341156705E-4
9560.0,0.012215408927458708,0.9877845910725412,0.0
9291.0,0.00434795889036086,0.9934201480776268,0.0022318930320122366
8699.0,0.8565906070496089,0.14145568473488146,0.0019537082155096763
8424.0,0.8535109700134804,0.14251238384239578,0.0039766461441237315
8910.0,0.8523372819325675,0.1426407136384618,0.0050220044289708155
9181.0,0.024514903012276427,0.560843080413594,0.41464201657412963
9380.0,0.7777724189498743,0.21858898889982437,0.0036385921503013087
9078.0,0.022918676315466183,0.9745324412405673,0.002548882443966617
8805.0,0.026793967862941873,0.5961445509579381,0.3770614811791201
8097.0,0.01503103994550965,0.983712621049219,0.0012563390052712682
8259.0,0.03707936751290464,0.5118246693240632,0.45109596316303213
8528.0,0.7760299825620937,0.22397001743790623,8.040059470974834E-121
9231.0,0.026793967862941873,0.5961445509579381,0.3770614811791201
9500.0,0.012676524376535799,0.9855234761707831,0.0017999994526810533
9769.0,0.02912543152457965,0.5433542601325762,0.42752030834284427
8842.0,0.012215408927458708,0.9877845910725412,0.0
8364.0,0.006034568014274972,0.9929876047516094,9.778272341156705E-4
8639.0,0.02912543152457965,0.5433542601325762,0.42752030834284427
9440.0,0.010943458972908158,0.9854837512585634,0.003572789768528551
9715.0,0.037444012373201434,0.5920329084752597,0.3705230791515389
8872.0,0.037444012373201434,0.5920329084752597,0.3705230791515389
9147.0,0.02839899976894254,0.5309848994002335,0.440616100830824
8605.0,0.0071610661949459906,0.5870288453087437,0.4058100884963103
8334.0,0.8535063905131717,0.1425115222352845,0.003982087251543775
9681.0,0.012676524376535799,0.9855234761707831,0.0017999994526810533
8775.0,0.010876319471460671,0.9869516021024632,0.0021720784260762086
8112.0,0.037444012373201434,0.5920329084752597,0.3705230791515389
8562.0,0.02912543152457965,0.5433542601325762,0.42752030834284427
8289.0,0.7760299825620937,0.22397001743790623,8.040059470974834E-121
9534.0,0.8399588560187652,0.15442215690448852,0.005618987076746244
9261.0,0.7738551727832023,0.22614482721679777,0.0
9739.0,0.02057765061868789,0.5947332058094608,0.38468914357185136
9351.0,0.7719187642643747,0.22808123573562536,0.0
9620.0,0.00434795913654372,0.9934201839361136,0.002231856927342762
8395.0,0.01814370204585621,0.9803453608133107,0.0015109371408330628
8664.0,0.7988257824546263,0.1989720694160509,0.0022021481293227675
9214.0,0.018007709419465487,0.9819922905805345,0.0
8941.0,0.012215408927458708,0.9877845910725412,0.0
8165.0,0.8523372819325675,0.1426407136384618,0.0050220044289708155
9806.0,0.02839899976894254,0.5309848994002335,0.440616100830824
9320.0,0.031957382755991005,0.5223621830051783,0.44568043423883064
9595.0,0.7760299825620937,0.22397001743790623,8.040059470974834E-121
8228.0,0.012676524376535799,0.9855234761707831,0.0017999994526810533
8503.0,0.006452738587387808,0.9935472614126122,0.0
8977.0,0.7988257824546263,0.1989720694160509,0.0022021481293227675
9290.0,0.7901315572307132,0.20986844276928687,2.1563314809843457E-33
8469.0,0.012215408927458708,0.9877845910725412,0.0
8198.0,0.006034568014274972,0.9929876047516094,9.778272341156705E-4
8736.0,0.7830608368277241,0.21693916317227593,0.0
9011.0,0.7901315572307132,0.20986844276928687,2.1563314809843457E-33
9654.0,0.006452738587387808,0.9935472614126122,0.0
8698.0,0.026328772946870097,0.9736712270531133,1.6720720265973766E-14
8425.0,0.8535063905131717,0.1425115222352845,0.003982087251543775
8180.0,0.010943458972908158,0.9854837512585634,0.003572789768528551
8911.0,0.036814806091208574,0.5275006398737808,0.43568455403501055
9180.0,0.037444012373201434,0.5920329084752597,0.3705230791515389
9230.0,0.036814806091208574,0.5275006398737808,0.43568455403501055
9501.0,0.006034568014274972,0.9929876047516094,9.778272341156705E-4
9768.0,0.7719187642643747,0.22808123573562536,0.0
9079.0,0.8415691092944572,0.15668319997302127,0.0017476907325215904
8804.0,0.024633021944420228,0.9753669780555797,0.0
8258.0,0.006034568014274972,0.9929876047516094,9.778272341156705E-4
8529.0,0.8365170898545795,0.15805644030757762,0.0054264698378429545
9441.0,0.7760299825620937,0.22397001743790623,8.040059470974834E-121
9112.0,0.024514903009910587,0.5608430804099674,0.41464201658012195
8150.0,0.0,0.5294837405272965,0.4705162594727035
8843.0,0.02839899976894254,0.5309848994002335,0.440616100830824
8365.0,0.8523372819325675,0.1426407136384618,0.0050220044289708155
8638.0,0.010943458972908158,0.9854837512585634,0.003572789768528551
9680.0,0.7557323431841754,0.2442676568158246,0.0
9411.0,0.7557323431841754,0.2442676568158246,0.0
8135.0,0.012215408927458708,0.9877845910725412,0.0
8873.0,0.010943458972908158,0.9854837512585634,0.003572789768528551
9146.0,0.01503103994550965,0.983712621049219,0.0012563390052712682
8604.0,0.031957382755991005,0.5223621830051783,0.44568043423883064
8335.0,0.026793967862941873,0.5961445509579381,0.3770614811791201
9535.0,0.7901315572307132,0.20986844276928687,2.1563314809843457E-33
9260.0,0.013406265698603727,0.9841428268515597,0.00245090744983657
9738.0,0.7596500029050967,0.24034999709490346,0.0
8774.0,0.0506303468362304,0.539880877349628,0.40948877581414167
9045.0,0.7760299825620839,0.2239700174379161,8.040059470975644E-121
8563.0,0.006452738587387808,0.9935472614126122,0.0
8288.0,0.7777724189498743,0.21858898889982437,0.0036385921503013087
9733.0,0.013406265698603727,0.9841428268515597,0.00245090744983657
9251.0,0.0152898669707215,0.9847101330292785,0.0
9520.0,0.8523372819325675,0.1426407136384618,0.0050220044289708155
8303.0,0.8523372819325675,0.1426407136384618,0.0050220044289708155
8572.0,0.015878416059838852,0.5431656250949166,0.4409559588452445
9050.0,0.012676524376535799,0.9855234761707831,0.0017999994526810533
8777.0,0.022918676315466183,0.9745324412405673,0.002548882443966617
8119.0,0.01503103994550965,0.983712621049219,0.0012563390052712682
9420.0,0.7760299825620937,0.22397001743790623,8.040059470974834E-121
9695.0,0.036814806091208574,0.5275006398737808,0.43568455403501055
8320.0,0.7557323431841754,0.2442676568158246,0.0
8595.0,0.005119333091750041,0.9935984893193563,0.001282177588893569
9141.0,0.8535063905131717,0.1425115222352845,0.003982087251543775
8870.0,0.013406265698603727,0.9841428268515597,0.00245090744983657
9725.0,0.006452738587387808,0.9935472614126122,0.0
9454.0,0.02839899976894254,0.5309848994002335,0.440616100830824
8625.0,0.06139298487994849,0.5570175833115986,0.3815894318084529
8354.0,0.00434795889036086,0.9934201480776268,0.0022318930320122366
8836.0,0.7988257824546263,0.1989720694160509,0.0022021481293227675
9111.0,0.00434795889036086,0.9934201480776268,0.0022318930320122366
9767.0,0.7988257824546263,0.1989720694160509,0.0022021481293227675
9490.0,0.7830608368277241,0.21693916317227593,0.0
9217.0,0.018007709419465487,0.9819922905805345,0.0
8542.0,0.7596500029050967,0.24034999709490346,0.0
8269.0,0.014839836907384725,0.9851601630926153,0.0
8811.0,0.8081797700939357,0.18960349060879506,0.0022167392972691356
8102.0,0.7901315572307132,0.20986844276928687,2.1563314809843457E-33
9080.0,0.01503103994550965,0.983712621049219,0.0012563390052712682
9386.0,0.036814806091208574,0.5275006398737808,0.43568455403501055
9657.0,0.010876319471460671,0.9869516021024632,0.0021720784260762086
9171.0,0.8081797700939357,0.18960349060879506,0.0022167392972691356
8896.0,0.02912543152457938,0.5433542601325715,0.42752030834284915
8693.0,0.016327294431376076,0.9836726963959729,9.172651096108443E-9
9285.0,0.006969793193474419,0.46374178935311333,0.5292884174534124
9558.0,0.015031039945514869,0.9837126210492323,0.0012563390052528853
9020.0,0.01814370204585621,0.9803453608133107,0.0015109371408330628
8751.0,0.013406265698603727,0.9841428268515597,0.00245090744983657
8201.0,0.8523486996279377,0.14264270908359442,0.005008591288467873
8474.0,0.01503103994550965,0.983712621049219,0.0012563390052712682
9588.0,0.039723952294638334,0.5768554409451091,0.38342060676025247
9319.0,0.015878385698987366,0.5431655422612841,0.44095607203972853
9793.0,0.8081797700939357,0.18960349060879506,0.0022167392972691356
8085.0,0.02912543152457965,0.5433542601325762,0.42752030834284427
8717.0,0.7596500029050967,0.24034999709490346,0.0
8990.0,0.8535063905131717,0.1425115222352845,0.003982087251543775
8504.0,0.8523372819325675,0.1426407136384618,0.0050220044289708155
8235.0,0.005119333091750041,0.9935984893193563,0.001282177588893569
9627.0,0.036814806091208574,0.5275006398737808,0.43568455403501055
9352.0,0.7760299825620937,0.22397001743790623,8.040059470974834E-121
8930.0,0.7465051009321606,0.25349489906783945,2.9590083336039442E-28
9201.0,0.024514903012276427,0.560843080413594,0.41464201657412963
8663.0,0.7830608368277241,0.21693916317227593,0.0
8388.0,0.01814370204585621,0.9803453608133107,0.0015109371408330628
8302.0,0.010943458972908158,0.9854837512585634,0.003572789768528551
8573.0,0.016215559866920783,0.5440151855821199,0.4397692545509593
9051.0,0.7988257824546263,0.1989720694160509,0.0022021481293227675
8776.0,0.7738551285881199,0.22614487141188017,0.0
9250.0,0.8535063905131968,0.14251152223528868,0.003982087251514466
9521.0,0.039723952294638334,0.5768554409451091,0.38342060676025247
8321.0,0.8399561390898276,0.15442162353613043,0.005622237374041961
8594.0,0.0152898669707215,0.9847101330292785,0.0
9140.0,0.012676524376535799,0.9855234761707831,0.0017999994526810533
8871.0,0.8047330391889452,0.19139514437770952,0.00387181643334523
8128.0,0.8535063905131717,0.1425115222352845,0.003982087251543775
9421.0,0.018007709419465487,0.9819922905805345,0.0
9694.0,0.7830608368277241,0.21693916317227593,0.0
8624.0,0.01503103994550965,0.983712621049219,0.0012563390052712682
8355.0,0.8415699226916511,0.156683516052121,0.0017465612562278816
8145.0,0.7738551285881199,0.22614487141188017,0.0
8837.0,0.8523372819325675,0.1426407136384618,0.0050220044289708155
9110.0,0.7596500029050967,0.24034999709490346,0.0
9724.0,0.005119333091750041,0.9935984893193563,0.001282177588893569
9455.0,0.013406265698603727,0.9841428268515597,0.00245090744983657
8543.0,0.7901315572307132,0.20986844276928687,2.1563314809843457E-33
8268.0,0.8523372819325675,0.1426407136384618,0.0050220044289708155
8810.0,0.8081797700939357,0.18960349060879506,0.0022167392972691356
9081.0,0.031957382755991005,0.5223621830051783,0.44568043423883064
9766.0,0.7760299825620937,0.22397001743790623,8.040059470974834E-121
9491.0,0.8523372819325675,0.1426407136384618,0.0050220044289708155
9216.0,0.006034568014274972,0.9929876047516094,9.778272341156705E-4
9170.0,0.8565906070496089,0.14145568473488146,0.0019537082155096763
8179.0,0.024514903012276427,0.560843080413594,0.41464201657412963
8897.0,0.02912543152457965,0.5433542601325762,0.42752030834284427
8423.0,0.7465051009321606,0.25349489906783945,2.9590083336039442E-28
8692.0,0.01814370204585621,0.9803453608133107,0.0015109371408330628
9387.0,0.8535063905131809,0.14251152223528601,0.003982087251532953
9021.0,0.8047330391889452,0.19139514437770952,0.00387181643334523
8750.0,0.7760299825620937,0.22397001743790623,8.040059470974834E-121
8200.0,0.00897455880064311,0.9884348075136089,0.002590633685747924
8475.0,0.004348318919403457,0.9934723614940965,0.002179319586500254
9559.0,1.0,0.0,0.0
8716.0,0.0152898669707215,0.9847101330292785,0.0
8991.0,0.7557323431841754,0.2442676568158246,0.0
8505.0,0.026793967862941873,0.5961445509579381,0.3770614811791201
8234.0,0.7901315572307132,0.20986844276928687,2.1563314809843457E-33
9589.0,0.010943458972908158,0.9854837512585634,0.003572789768528551
9318.0,0.7557323431841754,0.2442676568158246,0.0
9792.0,0.024181458604172285,0.560326248831897,0.4154922925639308
8931.0,0.039723952294638334,0.5768554409451091,0.38342060676025247
8162.0,0.026793967862941873,0.5961445509579381,0.3770614811791201
9200.0,0.024633021944420228,0.9753669780555797,0.0
8662.0,0.8415691096893425,0.15668320012643938,0.0017476901842181218
8389.0,0.00434795889036086,0.9934201480776268,0.0022318930320122366
9626.0,0.7557323431841754,0.2442676568158246,0.0
9693.0,0.006034568014274972,0.9929876047516094,9.778272341156705E-4
9422.0,0.8523372819325675,0.1426407136384618,0.0050220044289708155
8593.0,0.8081797700939357,0.18960349060879506,0.0022167392972691356
8322.0,0.8047330391889452,0.19139514437770952,0.00387181643334523
8868.0,0.7901315572307132,0.20986844276928687,2.1563314809843457E-33
9143.0,0.014839836907384725,0.9851601630926153,0.0
9735.0,0.8523372819325675,0.1426407136384618,0.0050220044289708155
9522.0,0.7777724189498743,0.21858898889982437,0.0036385921503013087
9249.0,0.02839899976894254,0.5309848994002335,0.440616100830824
8574.0,0.03926808239078718,0.5293553239235618,0.43137659368565107
8301.0,0.7830608368277241,0.21693916317227593,0.0
8118.0,0.8081797700939357,0.18960349060879506,0.0022167392972691356
8779.0,0.8408580252091378,0.1591419747908622,2.0943930824049607E-36
9048.0,0.022918676315466183,0.9745324412405673,0.002548882443966617
9765.0,0.005119333091750041,0.9935984893193563,0.001282177588893569
9219.0,0.8399561390898276,0.15442162353613043,0.005622237374041961
8271.0,0.7557323431841754,0.2442676568158246,0.0
8540.0,0.006034568014274972,0.9929876047516094,9.778272341156705E-4
9082.0,0.00434795889036086,0.9934201480776268,0.0022318930320122366
8103.0,0.02912543152457965,0.5433542601325762,0.42752030834284427
8809.0,0.7760299825620937,0.22397001743790623,8.040059470974834E-121
9452.0,0.7830608368277241,0.21693916317227593,0.0
9727.0,0.7830608368277241,0.21693916317227593,0.0
8352.0,0.01503103994550965,0.983712621049219,0.0012563390052712682
8627.0,0.039723952294638334,0.5768554409451091,0.38342060676025247
9109.0,0.037444012373201434,0.5920329084752597,0.3705230791515389
8838.0,0.7760299825620937,0.22397001743790623,8.040059470974834E-121
9556.0,0.005119333091750041,0.9935984893193563,0.001282177588893569
9287.0,0.7830608368277241,0.21693916317227593,0.0
8749.0,0.026793967862941873,0.5961445509579381,0.3770614811791201
9022.0,0.7557323431841754,0.2442676568158246,0.0
8472.0,0.005119333091750041,0.9935984893193563,0.001282177588893569
8203.0,0.7830608369418622,0.21693916305813774,0.0
9659.0,0.010943458972908158,0.9854837512585634,0.003572789768528551
9384.0,0.006452738587387808,0.9935472614126122,0.0
8898.0,0.01621555986682623,0.5440151855821642,0.4397692545510095
9169.0,0.00897455880064311,0.9884348075136089,0.002590633685747924
8695.0,0.024514903012276427,0.560843080413594,0.41464201657412963
8420.0,0.7465051009321606,0.25349489906783945,2.9590083336039442E-28
9354.0,0.03195738217084844,0.5223621937960582,0.4456804240330934
8928.0,0.010876319471460671,0.9869516021024632,0.0021720784260762086
8390.0,0.01503103994550965,0.983712621049219,0.0012563390052712682
8661.0,0.01814370204585621,0.9803453608133107,0.0015109371408330628
9317.0,0.01503103994550965,0.983712621049219,0.0012563390052712682
9590.0,0.7719187642643747,0.22808123573562536,0.0
9795.0,0.039723952294638334,0.5768554409451091,0.38342060676025247
8988.0,0.7557323431841754,0.2442676568158246,0.0
8084.0,0.7465051009321606,0.25349489906783945,2.9590083336039442E-28
8719.0,0.02839899976894254,0.5309848994002335,0.440616100830824
8233.0,0.037444012373201434,0.5920329084752597,0.3705230791515389
8506.0,0.7988257824546263,0.1989720694160509,0.0022021481293227675
8592.0,0.00434795889036086,0.9934201480776268,0.0022318930320122366
8323.0,0.7830608368277241,0.21693916317227593,0.0
8129.0,0.8047330391889452,0.19139514437770952,0.00387181643334523
8869.0,0.00897455880064311,0.9884348075136089,0.002590633685747924
9142.0,0.7901315572307132,0.20986844276928687,2.1563314809843457E-33
9692.0,0.005119333091750041,0.9935984893193563,0.001282177588893569
9423.0,0.005119333091750041,0.9935984893193563,0.001282177588893569
8575.0,0.7777724189498743,0.21858898889982437,0.0036385921503013087
8300.0,0.011346722211639812,0.3632944624172399,0.6253588153711203
8778.0,0.024633021944420228,0.9753669780555797,0.0
9523.0,0.031957382755991005,0.5223621830051783,0.44568043423883064
9248.0,0.013406265698603727,0.9841428268515597,0.00245090744983657
8270.0,0.7830608368277241,0.21693916317227593,0.0
8541.0,0.03926808239078718,0.5293553239235618,0.43137659368565107
9083.0,0.7596500029050967,0.24034999709490346,0.0
8808.0,0.02912543152457965,0.5433542601325762,0.42752030834284427
9764.0,0.02839899976894254,0.5309848994002335,0.440616100830824
9218.0,0.0152898669707215,0.9847101330292785,0.0
9489.0,0.8365170898545795,0.15805644030757762,0.0054264698378429545
8353.0,0.7760299825620937,0.22397001743790623,8.040059470974834E-121
8626.0,0.026793967862941873,0.5961445509579381,0.3770614811791201
8839.0,0.031957382755991005,0.5223621830051783,0.44568043423883064
8144.0,0.7777724189498743,0.21858898889982437,0.0036385921503013087
9453.0,0.03750893752796062,0.5136668290173318,0.44882423345470757
9726.0,0.013406265698603727,0.9841428268515597,0.00245090744983657
8748.0,0.018007709419465487,0.9819922905805345,0.0
9023.0,0.014839836907384725,0.9851601630926153,0.0
8473.0,0.02912543152457965,0.5433542601325762,0.42752030834284427
8202.0,0.7901315572307132,0.20986844276928687,2.1563314809843457E-33
9557.0,0.012215408927458708,0.9877845910725412,0.0
9286.0,0.7760299825620937,0.22397001743790623,8.040059470974834E-121
8178.0,0.8081797700939357,0.18960349060879506,0.0022167392972691356
8899.0,0.036814806091279,0.5275006398780283,0.4356845540306927
9168.0,0.7988257824546263,0.1989720694160509,0.0022021481293227675
8694.0,0.022918676315466183,0.9745324412405673,0.002548882443966617
8421.0,0.03926808239078718,0.5293553239235618,0.43137659368565107
9658.0,0.014839836907384725,0.9851601630926153,0.0
9385.0,0.039723952294638334,0.5768554409451091,0.38342060676025247
9202.0,0.018007709419465487,0.9819922905805345,0.0
8929.0,0.7738551285881199,0.22614487141188017,0.0
8163.0,0.00434795889036086,0.9934201480776268,0.0022318930320122366
8391.0,0.7830608368277241,0.21693916317227593,0.0
8660.0,0.00897455880064311,0.9884348075136089,0.002590633685747924
9355.0,0.8047330391889452,0.19139514437770952,0.00387181643334523
9624.0,0.013406265698603727,0.9841428268515597,0.00245090744983657
