9179.0,0.9724974820945885,0.027492791147325068,9.7267580862916E-6
8904.0,0.8388337008305283,0.1602772370562583,8.890621132133841E-4
8701.0,0.8266450591291226,0.17279176580665465,5.631750642228927E-4
9378.0,0.9242412702090623,0.07558507448047676,1.7365531046099192E-4
9012.0,0.7833510276422232,0.21614281887155345,5.061534862232414E-4
8743.0,0.05633251797024444,0.9157509935753984,0.027916488454357114
8193.0,0.760560738774678,0.23738484293634732,0.0020544182889746534
8466.0,0.21118173083262382,0.635908727665707,0.1529095415016691
9293.0,0.9524330900864306,0.04750382372247046,6.308619109891072E-5
9566.0,0.9331380939879759,0.06674028223282845,1.2162377919581201E-4
8081.0,0.0012850894561835511,0.3443588125845129,0.6543560979593035
8709.0,0.2036383438244911,0.7907604746584479,0.005601181517061156
8982.0,2.448368712471045E-15,3.4729884840822424E-7,0.999999652701149
8496.0,0.9346609319169303,0.0652506583159722,8.840976709732683E-5
8227.0,1.2838024238895471E-11,0.9877608817923917,0.012239118194770297
9596.0,3.1330792518894124E-12,0.9858236818419519,0.014176318154915003
9327.0,0.8166805427957315,0.18255224814943963,7.672090548288296E-4
9801.0,3.680337430137956E-11,0.058705359799167224,0.9412946401640294
8938.0,2.5655788771417564E-4,0.7571815539643895,0.24256188814789625
8671.0,9.379242669577045E-4,0.4992711963758121,0.49979087935723027
8396.0,0.9068778205858428,0.09287650206707392,2.4567734708322915E-4
9619.0,0.017892009030817717,0.8330216671600035,0.14908632380917872
9344.0,0.8722730583342907,0.127254362434776,4.725792309331341E-4
8295.0,0.12660001270939283,0.8651105684788369,0.008289418811770323
8564.0,0.26154538953547873,0.7272392834290979,0.011215327035423509
9042.0,0.8809293410465193,0.11883533527476693,2.3532367871365056E-4
8769.0,0.003608450893429159,0.986070211963013,0.010321337143557935
8115.0,0.8657072758760738,0.13388914468451818,4.0357943940795836E-4
9741.0,0.056989930356825626,0.8081092686162761,0.1349008010268984
9259.0,0.6863459918363307,0.31175839400768246,0.0018956141559869138
9528.0,0.09509296129431002,0.899093157853677,0.00581388085201304
8328.0,0.9001006428388029,0.09961047850189723,2.8887865929989024E-4
8603.0,0.4191735012881103,0.5749643692285411,0.005862129483348517
9149.0,4.4655384305582523E-10,0.9854929973538402,0.014507002199606094
8878.0,0.9442685293876923,0.05565863688226984,7.283373003775444E-5
9687.0,0.8156079536905039,0.18345017363643096,9.418726730650587E-4
8633.0,0.686336864848768,0.31082180981672664,0.0028413253345054897
8362.0,0.00705520173022807,0.6060118669083061,0.3869329313614658
8844.0,0.603931144302679,0.3916581735873261,0.004410682109994903
9119.0,0.9566492100141536,0.043299799950604075,5.0990035242133564E-5
9446.0,0.903371183665495,0.0964549065322093,1.7390980229576292E-4
8534.0,0.8777081570464496,0.12189838044150873,3.9346251204166197E-4
8261.0,0.8175096845193738,0.1813949366706456,0.0010953788099806734
8098.0,0.26150428585759133,0.7311559559235181,0.007339758218890506
8803.0,0.9442685293876923,0.05565863688226984,7.283373003775444E-5
9072.0,0.4178114143978475,0.5810352963331084,0.0011532892690441893
9775.0,0.8919124841913604,0.10778354372871499,3.0397207992473616E-4
9498.0,0.8777081570464496,0.12189838044150873,3.9346251204166197E-4
9225.0,0.6687986826087854,0.3296425487966776,0.0015587685945370445
9379.0,0.308697333528444,0.6788025846879825,0.012500081783573515
9648.0,0.9566492100141536,0.043299799950604075,5.0990035242133564E-5
9178.0,0.002380912298427334,0.9624781078221041,0.03514097987946851
8183.0,2.1962339116802984E-7,0.02541672919984696,0.9745830511767619
8905.0,3.994414634093958E-13,2.7465373737608633E-5,0.999972534625863
8431.0,3.845858354326619E-5,0.056627479669102795,0.943334061747354
8700.0,0.7217711564987725,0.27662629275302525,0.0016025507482020588
9292.0,0.058568095607808374,0.933181951293446,0.008249953098745549
9567.0,1.7501072009309426E-12,0.968578113956929,0.031421886041320825
9013.0,0.6787000571982046,0.3204995108298962,8.004319718992065E-4
8742.0,2.78055999211703E-4,0.9943461600885909,0.005375783912197488
8192.0,0.9423173071339481,0.0575948122895765,8.788057647541007E-5
8467.0,0.6426088890017698,0.355433776786756,0.0019573342114741436
9597.0,0.622257848010253,0.37479418899819467,0.0029479629915523647
9326.0,0.779850038155539,0.21947609751574929,6.738643287117481E-4
9800.0,2.6668238452333975E-7,0.3227116769451378,0.6772880563724777
8708.0,0.5860064923180041,0.4121864754062438,0.0018070322757521707
8983.0,0.8111628891848962,0.1880900831365529,7.470276785508463E-4
8497.0,2.6956747869399866E-5,0.5608143362044099,0.43915870704772064
8226.0,0.10402237042922763,0.6970574616809436,0.19892016788982883
9618.0,0.9572708443309746,0.042695275554856034,3.388011416916938E-5
9345.0,0.012528441459830727,0.9812557732688776,0.006215785271291696
8166.0,2.8460654484700786E-4,0.48362848817137893,0.5160869052837741
8939.0,0.9495664312261475,0.05037554493832254,5.802383552999237E-5
9208.0,0.6515043672597725,0.3472101320917722,0.0012855006484553152
8670.0,0.08094037153885034,0.8753914940842622,0.04366813437688731
8397.0,0.889866061175837,0.10982906675360629,3.0487207055685314E-4
9740.0,0.9527850943581163,0.04716699912625879,4.790651562487016E-5
9258.0,0.8176221676589638,0.18151512991316276,8.627024278734629E-4
9529.0,0.3081785431179948,0.6902955619124377,0.0015258949695674193
8294.0,0.8919124841913604,0.10778354372871499,3.0397207992473616E-4
8565.0,1.8641836050601165E-9,3.6023723488600346E-5,0.9999639744123278
9043.0,0.5182976162603448,0.4766345308389558,0.005067852900699341
8768.0,0.7873521109354598,0.2117006362265542,9.472528379859696E-4
9413.0,9.470753504978411E-15,0.08765507141436975,0.9123449285856208
9686.0,0.9243613815184926,0.07549885985458202,1.3975862692551736E-4
8329.0,0.7231708087162415,0.27634992473125825,4.792665525002404E-4
8602.0,0.28816412730237995,0.6983244955825086,0.013511377115111542
9148.0,0.9524330900864306,0.04750382372247046,6.308619109891072E-5
8879.0,3.5701140911257238E-9,5.404032370015914E-4,0.9994595931928845
8132.0,0.5309837671890173,0.46523638241181065,0.0037798503991720036
9716.0,1.5663538236185965E-14,0.8530491924701931,0.1469508075297912
9447.0,0.7640408464924787,0.23476142819178475,0.0011977253157365135
8632.0,0.7306096030597927,0.2684626594305324,9.277375096749163E-4
8363.0,0.6762427691508118,0.32265634517053904,0.0011008856786490328
8149.0,0.3406416657549671,0.6517900666857404,0.007568267559292547
8845.0,0.9168957032973474,0.08288544131181821,2.1885539083436124E-4
9118.0,0.22141707491334175,0.7577304415502901,0.02085248353636805
9774.0,0.09732925100719028,0.8554419242890665,0.04722882470374314
9499.0,9.003464638919041E-4,0.9911011692429654,0.00799848429314262
9224.0,0.9139732044568756,0.08588104654809374,1.4574899503048727E-4
8535.0,0.9495664312261475,0.05037554493832254,5.802383552999237E-5
8260.0,0.5133452944768869,0.48024826126897074,0.00640644425414235
8802.0,5.100698449048363E-12,0.9753687681000911,0.02463123189480818
9073.0,0.7271809740460936,0.2720476082741255,7.714176797809552E-4
8741.0,0.9283132615433378,0.07104256860227694,6.441698543851132E-4
9014.0,0.14079530931321504,0.8322848474537438,0.026919843233041186
8464.0,0.03301532516059161,0.9377329185161896,0.029251756323218775
8195.0,0.7228446950698625,0.27574924198530126,0.0014060629448363069
9564.0,4.5117388932324246E-14,2.949085499672248E-6,0.9999970509144552
9295.0,0.9615667827971636,0.038404422659452486,2.8794543383994937E-5
8906.0,0.2644681705490442,0.7195875805408518,0.015944248910103865
9177.0,0.8823984001601317,0.11718992035606354,4.116794838048577E-4
8703.0,9.250526402789735E-14,0.9020220014315511,0.09797799856835634
8428.0,0.3167623221694266,0.6801710726153513,0.0030666052152220715
9651.0,0.9572708443309746,0.042695275554856034,3.388011416916938E-5
9376.0,0.08657498329369384,0.7456370345728499,0.16778798213345633
9211.0,0.8953945968228476,0.1044602065984722,1.4519657868008312E-4
8936.0,0.16564557785465187,0.5823449167971395,0.2520095053482086
8398.0,3.006831134794314E-10,3.178818363810594E-5,0.9999682115156787
8669.0,0.7552622083792818,0.24393422852088115,8.03563099837031E-4
9346.0,0.8963724452351964,0.10331643236310051,3.1112240170301487E-4
9617.0,4.2593229587812495E-6,0.006305010273956837,0.9936907304030843
8980.0,0.8847736475160789,0.11507408460596935,1.5226787795179537E-4
8080.0,0.04766115008251871,0.9490481867929871,0.003290663124494221
8711.0,4.756168595985083E-5,0.46179740396184327,0.5381550343521968
8225.0,0.9111480087923418,0.08866091954523295,1.910716624253184E-4
8498.0,0.880463196460083,0.11920565594125418,3.311475986629486E-4
9325.0,0.1505238287785602,0.8377614529375826,0.011714718283857022
9598.0,0.9088706274313672,0.0910309782921083,9.839427652449234E-5
9803.0,0.018694236903607813,0.9319950406033332,0.04931072249305906
8601.0,0.8912135103145072,0.108497246898537,2.8924278695559796E-4
8330.0,3.198767635516621E-8,0.9870503724935846,0.012949595518739093
8876.0,0.903371183665495,0.0964549065322093,1.7390980229576292E-4
9151.0,0.7809916648204045,0.2178106550375929,0.0011976801420025337
9685.0,0.6841267686351961,0.3124703500719718,0.0034028812928321374
9414.0,0.6412399609241848,0.3557755634897961,0.0029844755860191368
8566.0,0.0031627504776660545,0.8845291784522179,0.11230807107011598
8293.0,0.953190392292226,0.046745541941264554,6.406576650949977E-5
8771.0,5.592463814726345E-7,0.06226173892965161,0.9377377018239669
8114.0,0.6973994475674044,0.30019249803589615,0.0024080543966995254
9040.0,0.6196053383385133,0.3793625581533268,0.001032103508159842
9743.0,0.03771470283118364,0.9447887881544361,0.017496509014380175
9530.0,0.9442685293876923,0.05565863688226984,7.283373003775444E-5
8263.0,0.8810925067766184,0.11860042877382565,3.070644495558641E-4
8532.0,0.6358003657929876,0.36104186398926,0.0031577702177523416
9074.0,0.9527850943581163,0.04716699912625879,4.790651562487016E-5
8801.0,0.2997459140629581,0.6896944350898819,0.010559650847159917
8099.0,0.136241063894043,0.8080646550133713,0.055694281092585556
9773.0,0.9295990783553969,0.07035189682922402,4.902481537906376E-5
9227.0,4.0847607655020824E-4,0.69435402198913,0.30523750193431987
9496.0,0.5658561527331707,0.42889837315937984,0.00524547410744945
8360.0,0.8932531536545302,0.1064743406143607,2.725057311091105E-4
8635.0,0.5596785623125059,0.4383257003620633,0.001995737325430734
9117.0,0.8186650105486505,0.1802647246829898,0.0010702647683595917
8846.0,0.5686821455448705,0.4276777452853251,0.003640109169804347
9444.0,0.24933482907134585,0.7124502614685102,0.03821490946014392
9719.0,0.12551559695521325,0.8614345285126186,0.013049874532168288
9565.0,0.6795613564570314,0.3180032688559008,0.002435374687067855
9294.0,0.9442685293876923,0.05565863688226984,7.283373003775444E-5
8740.0,0.08065970546175334,0.7519478832594513,0.16739241127879534
8465.0,0.8948839147474522,0.10473580865329767,3.8027659925019897E-4
8194.0,0.7252118837364283,0.2727778744300634,0.0020102418335083143
9650.0,0.8123718775405739,0.18664504499875034,9.830774606755849E-4
9377.0,0.3151237788478998,0.6742212577782318,0.010654963373868396
8182.0,0.936334977323527,0.06360934750182899,5.56751746440872E-5
8907.0,0.7381267601487941,0.26076393767186007,0.0011093021793457775
9176.0,0.7638970562765548,0.23526308517733105,8.398585461141169E-4
8702.0,0.9524330900864306,0.04750382372247046,6.308619109891072E-5
8429.0,0.7779728677054358,0.22098513120446078,0.0010420010901032138
9347.0,0.20441275518421348,0.7147758933329742,0.08081135148281232
9616.0,0.7238239875745963,0.27548011987764237,6.958925477613937E-4
9210.0,0.23899741496462845,0.7294555973747298,0.03154698766064173
8937.0,2.133445633704723E-12,0.987708296557903,0.012291703439963523
8167.0,0.9176119334546287,0.08218304413335589,2.0502241201548338E-4
8399.0,0.5157843159297211,0.4821835411181582,0.0020321429521207063
8668.0,0.63485699595769,0.36089566994407624,0.004247334098233812
9324.0,0.7477573560702194,0.2501484460634077,0.002094197866372782
9599.0,0.31919317703806077,0.6736246807566207,0.007182142205318518
8981.0,0.8142869032182818,0.1844623310607545,0.0012507657209638095
8710.0,0.7729828388578825,0.22597307579325626,0.001044085348860999
8224.0,0.8951079896755655,0.10444915202667465,4.4285829775978777E-4
8499.0,0.7496774516991237,0.24891861323166742,0.0014039350692087447
9684.0,0.5659555044613038,0.42672121259632567,0.007323282942370472
9415.0,0.11333155642877951,0.8537170797048433,0.03295136386637699
8600.0,3.2403493698091477E-6,0.5196982939180218,0.48029846573260837
8331.0,0.8987334825575485,0.10089171128909803,3.7480615335342744E-4
8877.0,0.953190392292226,0.046745541941264554,6.406576650949977E-5
8133.0,0.9442685293876923,0.05565863688226984,7.283373003775444E-5
9150.0,0.07941382087470714,0.9084336314862701,0.012152547639022725
9742.0,0.894295091972744,0.1052862793539541,4.1862867330182195E-4
9531.0,0.8642228514030809,0.1352120548941079,5.650937028112483E-4
9256.0,2.0367530173007122E-4,0.24878615552148262,0.7510101691767872
8567.0,9.157243253708194E-5,0.8243303586072406,0.1755780689602225
8292.0,0.7865912159617483,0.2111602547075017,0.0022485293307499903
8770.0,0.9176119334546287,0.08218304413335589,2.0502241201548338E-4
9041.0,0.8159264914154404,0.18364692385261772,4.265847319418531E-4
9772.0,0.5406026058742656,0.4442132958562819,0.015184098269452656
9226.0,0.019325686341545512,0.8674390414387252,0.11323527221972925
9497.0,0.2738999340167155,0.721411476502708,0.004688589480576517
8262.0,2.4096271200729285E-7,0.9150325685294457,0.08496719050784213
8533.0,0.45935318687372895,0.5303987879517339,0.010248025174537094
9075.0,0.2572661662413174,0.6899031492512174,0.05283068450746527
8800.0,0.9144131607498119,0.08538100550016982,2.0583375001808027E-4
9445.0,1.5393739814577156E-10,0.9405693064132392,0.059430693432823554
9718.0,0.8664962442709879,0.13312202653418156,3.817291948306595E-4
8361.0,7.489617233974832E-4,0.9770009303119289,0.022250107964673593
8634.0,0.9370410376875133,0.06289100960615024,6.795270633646271E-5
9116.0,0.8948839147474522,0.10473580865329767,3.8027659925019897E-4
8847.0,0.4740569326244478,0.5207987636042117,0.005144303771340486
8148.0,0.9236378946623875,0.07624406000210665,1.1804533550576218E-4
8500.0,2.372559791222562E-14,0.7032715770112085,0.29672842298876784
8231.0,0.9527850943581163,0.04716699912625879,4.790651562487016E-5
8705.0,0.8121575328592683,0.18704338472285958,7.990824178721841E-4
8083.0,0.9323298759325443,0.06758576440763261,8.43596598231716E-5
8978.0,0.7102817550507461,0.28797566812073383,0.0017425768285201074
9805.0,0.7299224686490485,0.26811000494394077,0.001967526407010679
9592.0,0.7347813136321186,0.2582435325871395,0.006975153780741778
9323.0,0.35859281792533376,0.6405703536717046,8.368284029616714E-4
8667.0,0.912150996360873,0.08762593915584654,2.230644832804891E-4
8392.0,0.8401235989538898,0.1590413071532532,8.350938928570657E-4
8942.0,3.7311363231943173E-13,0.8232428525942292,0.17675714740539764
9213.0,0.6010561306814084,0.39191288047806533,0.007030988840526216
9623.0,0.9295362443955221,0.07032831697795994,1.3543862651801676E-4
9348.0,0.8722730583342907,0.127254362434776,4.725792309331341E-4
8426.0,0.15092779636278383,0.8190092678272257,0.03006293580999055
8697.0,0.6586989173761069,0.33997964431316396,0.0013214383107291148
9183.0,0.5226921046225768,0.4702718887838525,0.007036006593570842
8908.0,0.953190392292226,0.046745541941264554,6.406576650949977E-5
9653.0,0.9176119334546287,0.08218304413335589,2.0502241201548338E-4
8197.0,4.269555058614955E-6,0.14365690998198402,0.8563388204629573
8470.0,0.8791830274310861,0.12033230483034169,4.8466773857207073E-4
9008.0,0.520497946714548,0.47171724373253104,0.007784809552920914
8739.0,0.9615667827971636,0.038404422659452486,2.8794543383994937E-5
9289.0,0.9277913481576876,0.07209344769361321,1.1520414869906131E-4
9562.0,0.5679605150631951,0.42958096881838415,0.002458516118420816
8840.0,0.5666550041443944,0.4281768983809911,0.005168097474614527
9115.0,0.01820970346495469,0.7677775922963794,0.2140127042386658
8637.0,0.0015445153869038581,0.8521066351223775,0.1463488494907186
8366.0,6.985755595630996E-4,0.9968390448935621,0.002462379546874765
9442.0,0.06660638528192496,0.8848376369201907,0.04855597779788436
8807.0,0.3669609799333529,0.6275327572783612,0.0055062627882858425
8096.0,0.0445717435946291,0.8537480844357727,0.10168017196959823
9076.0,7.013057081478653E-5,0.7155507189987795,0.2843791504304058
8530.0,5.669717980186563E-10,0.997683439078737,0.002316560354291087
8257.0,3.2737411899751204E-13,1.4339491069068163E-6,0.9999985660505658
9502.0,0.2962108784097291,0.6917222180037611,0.012066903586509895
9229.0,0.24644465767962095,0.7416894490280579,0.011865893292321112
9771.0,0.7889434897093074,0.20977064734873532,0.0012858629419573303
9046.0,0.029138579737189932,0.9331767450875968,0.03768467517521337
8773.0,0.4886745090950468,0.5017260874807354,0.009599403424217761
8113.0,0.8903561869814869,0.1094688554063046,1.7495761220847868E-4
8291.0,4.42518741651999E-5,0.9715926151773029,0.02836313294853191
8560.0,0.8072315855379246,0.19220525640804248,5.631580540329907E-4
9263.0,0.03458637039195148,0.9041444830716217,0.061269146536426934
9532.0,0.6413813255608655,0.35566360070394654,0.00295507373518796
9737.0,2.386394367709486E-11,0.9821437758807756,0.017856224095360352
9145.0,0.8320693976443739,0.16748569866637864,4.4490368924745394E-4
8874.0,0.5774562784826452,0.4167966801950301,0.005747041322324706
8332.0,0.9256600204149316,0.07403423744969578,3.0574213537268866E-4
8607.0,0.20134890559561086,0.7926412926447121,0.006009801759677095
9408.0,0.8565362156340904,0.14304109381296348,4.2269055294623717E-4
9683.0,0.8942487502739539,0.10543496596833739,3.162837577087066E-4
9593.0,0.8797571145181257,0.11987725951126534,3.656259706091265E-4
9322.0,0.002064081098003165,0.70535504252959,0.29258087637240676
8501.0,0.6778764917092371,0.32124813613670744,8.753721540554405E-4
8230.0,0.6743116703037564,0.32450264245974036,0.001185687236503233
8704.0,0.7146155761391706,0.28272648865139094,0.002657935209438357
8979.0,8.68580364875801E-11,4.640236647712596E-5,0.9999535975466647
9622.0,0.3305736564705734,0.6582938227396479,0.011132520789778808
9349.0,0.6388304019794122,0.3562714560322076,0.004898141988380171
8666.0,0.91516268713112,0.08463334721977098,2.0396564910888225E-4
8393.0,0.8221536107446988,0.17727560485816943,5.707843971318015E-4
8164.0,0.7413604422600897,0.25778559774623405,8.539599936762662E-4
8943.0,0.021259132173705272,0.9513878741748756,0.027352993651419105
9212.0,0.6433113974875144,0.35313668332955933,0.003551919182926245
9383.0,0.8656459666140126,0.13392346329602528,4.3057008996212116E-4
9652.0,0.7411630600614657,0.2580343048074466,8.026351310876933E-4
8427.0,0.8947689764396173,0.10481386112820827,4.171624321743432E-4
8696.0,0.8823703569330814,0.11712909462213965,5.005484447788668E-4
9182.0,0.8616647649746234,0.13772860676927992,6.066282560966172E-4
8909.0,0.33541769687822925,0.6520080252371068,0.012574277884663988
8181.0,0.2980108403879175,0.6603690919418496,0.04162006767023296
9288.0,0.4608719138757429,0.5332996069155301,0.005828479208727059
9563.0,5.298438273933014E-12,0.9975274517286988,0.002472548266002815
8196.0,0.0016455484437110754,0.9848292678349662,0.01352518372132282
8471.0,0.8025813177217327,0.19675157434271706,6.671079355502459E-4
9009.0,0.8975154086169023,0.10225299172453717,2.3159965856078523E-4
8738.0,0.8285548848564938,0.17037605774493841,0.001069057398567737
9712.0,2.337101960124273E-11,0.9968944950456208,0.003105504931008035
9443.0,0.4407606264651207,0.5549841437711699,0.004255229763709359
8151.0,0.8383920491026906,0.16127920410041569,3.2874679689363033E-4
8841.0,0.8943968356317288,0.10539247539424262,2.1068897402860422E-4
9114.0,0.9155160287484395,0.08430791153481412,1.760597167463297E-4
8636.0,0.5668585143325979,0.42749054280871795,0.005650942858684156
8367.0,0.07257099460009767,0.9003415811829086,0.0270874242169936
9503.0,0.9313768602665417,0.0685332417074101,8.989802604832386E-5
9228.0,0.9495664312261475,0.05037554493832254,5.802383552999237E-5
9770.0,4.3110244282122554E-4,0.028318099176496407,0.9712507983806823
8806.0,0.04309758647680512,0.9038647579034502,0.05303765561974471
9077.0,0.16899842176804197,0.8197501769885492,0.01125140124340884
8531.0,0.7763488420820044,0.22272446734653906,9.266905714566026E-4
8256.0,0.6049292744232128,0.39133347003261243,0.003737255544174776
9262.0,0.005747245304150778,0.9699481651183324,0.024304589577516824
9533.0,5.545045631194938E-5,0.1804054601406134,0.8195390894030746
9736.0,0.9155160287484395,0.08430791153481412,1.760597167463297E-4
9047.0,6.377587341267138E-6,0.35120625641669345,0.6487873659959653
8772.0,0.015055829351604164,0.9710984115010477,0.013845759147348119
8290.0,0.929762483672318,0.0700951622898353,1.4235403784669437E-4
8561.0,7.516602044750919E-4,0.9603606572179605,0.0388876825775645
9409.0,5.333687905718133E-6,0.8504038336985091,0.14959083261358513
9682.0,0.836893118626857,0.16211596592245425,9.909154506886162E-4
9144.0,0.9566492100141536,0.043299799950604075,5.0990035242133564E-5
8875.0,0.004642314648324802,0.9179210843542202,0.0774366009974551
8134.0,8.940393492493493E-5,0.9830091152444898,0.01690148082058533
8333.0,0.14150790543074354,0.8260963387650206,0.03239575580423575
8606.0,0.7894351513965043,0.20975288810647802,8.119604970176582E-4
8394.0,0.8543534699374721,0.1451248053123161,5.217247502118888E-4
8665.0,0.6965654397514334,0.30140335839496385,0.00203120185360291
9215.0,0.9656410804367032,0.034328562720681174,3.0356842615543483E-5
8940.0,0.16543872974031876,0.7994097733342078,0.03515149692547333
9350.0,0.8621151411867257,0.13742733335077625,4.5752546249815134E-4
9621.0,0.8352025668298656,0.1639787716706221,8.186614995123241E-4
8229.0,0.8961831825333145,0.103643348181158,1.734692855275475E-4
8502.0,1.1399751749512778E-6,0.8561276108813702,0.14387124914345462
8976.0,0.5893616748477216,0.3660703475945849,0.04456797755769352
8082.0,0.26621552487223465,0.7297938249760626,0.003990650151702619
8707.0,3.64782728252274E-6,0.9961563709687774,0.0038399812039400373
9807.0,4.678266843582614E-10,0.991639956800411,0.008360042731762376
9321.0,0.8363546704680614,0.16291823989323975,7.270896386987019E-4
9594.0,5.364016978689295E-13,0.6270515353668381,0.3729484646326255
8468.0,0.8330331974434507,0.16653728014702504,4.2952240952425814E-4
8199.0,3.821254626887039E-12,0.9803009640089217,0.01969903598725712
8737.0,0.5824401230610826,0.41533013173252187,0.0022297452063956115
9010.0,1.0960065965243468E-11,0.11293930515263738,0.8870606948364026
9560.0,0.356105551424154,0.6343914311959953,0.00950301737985073
9291.0,0.5302523089786727,0.46420098332866316,0.005546707692664172
8699.0,0.8322675191314461,0.16714219542107725,5.90285447476636E-4
8424.0,0.8190865013107004,0.17978177426760142,0.0011317244216982412
8910.0,0.9495664312261475,0.05037554493832254,5.802383552999237E-5
9181.0,0.6911860943694633,0.27927589487371046,0.029538010756826275
9380.0,0.8180555594374799,0.1808487735142892,0.001095667048230981
9078.0,0.001966038472536979,0.19597475442337278,0.8020592071040903
8805.0,0.7390139941716896,0.2599307738271935,0.0010552320011170025
8097.0,0.24865532995056783,0.7447465181846908,0.006598151864741307
8259.0,0.7533510505472867,0.24546380118183647,0.0011851482708767054
8528.0,0.7373260401518106,0.2616058773549247,0.0010680824932646862
9231.0,0.8364178416967426,0.16293905350936638,6.431047938909993E-4
9500.0,0.8291794265279796,0.17034123530122003,4.7933817080047863E-4
9769.0,0.9156033746281214,0.08416714340946915,2.2948196240949272E-4
8842.0,0.8683374618709505,0.1312997808407587,3.627572882906044E-4
8364.0,1.6258063402127034E-6,0.5424930682121714,0.4575053059814884
8639.0,0.8164466018827823,0.1824308216436318,0.0011225764735857298
9440.0,0.0269123300868012,0.8553010597125147,0.11778661020068396
9715.0,0.015991009245786076,0.8897373729735246,0.09427161778068939
8872.0,5.578474925898303E-4,0.7784415186520945,0.22100063385531563
9147.0,0.9194838396329047,0.08036806776513308,1.4809260196224693E-4
8605.0,3.608707912307618E-6,0.9955618690476227,0.004434522244465006
8334.0,0.9291476076393574,0.0707207273526436,1.3166500799893842E-4
9681.0,4.629800409460638E-7,0.9541119777447941,0.04588755927516503
8775.0,0.8141113711853969,0.18496437484901943,9.242539655838223E-4
8112.0,0.7550568809793844,0.2429790329572887,0.001964086063326914
8562.0,0.21656937893565778,0.7628690211460322,0.020561599918310136
8289.0,0.7799383149531202,0.21890635088896554,0.001155334157914339
9534.0,0.9442685293876923,0.05565863688226984,7.283373003775444E-5
9261.0,0.8951079896755655,0.10444915202667465,4.4285829775978777E-4
9739.0,2.0987068865835765E-8,0.30857512893622124,0.6914248500767098
9351.0,0.890010920437616,0.10978223423265751,2.0684532972628568E-4
9620.0,0.004497742949027775,0.9549668184274823,0.040535438623489746
8395.0,0.9309074088431768,0.06896616670574925,1.2642445107392E-4
8664.0,0.5875217183983982,0.40479429407725714,0.007683987524344593
9214.0,7.667511294577219E-10,0.9737591490247173,0.026240850208531664
8941.0,0.35164049140806136,0.6255753198739812,0.0227841887179575
8165.0,0.8032736996036597,0.19592635732773345,7.999430686068999E-4
9806.0,0.22461358004819604,0.7522249191406768,0.023161500811127098
9320.0,0.9615667827971636,0.038404422659452486,2.8794543383994937E-5
9595.0,0.8142283392484729,0.18507250758003452,6.991531714925416E-4
8228.0,0.2527220345953646,0.7211341670433203,0.02614379836131505
8503.0,0.12005657229393628,0.8292424641397406,0.05070096356632307
8977.0,0.889866061175837,0.10982906675360629,3.0487207055685314E-4
9290.0,0.8809066363440827,0.11871775754915995,3.756061067573051E-4
8469.0,1.366247235677467E-4,0.9910760702687699,0.008787305007662432
8198.0,0.7617550027641222,0.23733468334550678,9.103138903710087E-4
8736.0,0.7425384013074307,0.2565340484206011,9.275502719683104E-4
9011.0,0.8678400136552372,0.13171168529567387,4.483010490890302E-4
9654.0,0.4964527268725325,0.4959164059575025,0.007630867169965012
8698.0,9.380664449673676E-5,0.5126919401787361,0.48721425317676725
8425.0,0.9524330900864306,0.04750382372247046,6.308619109891072E-5
8180.0,0.8062463693357668,0.19317297023900434,5.806604252290196E-4
8911.0,0.02580730804143901,0.960290480403393,0.013902211555167973
9180.0,0.8168261997796378,0.18265885435406026,5.149458663020689E-4
9230.0,0.7701420277781298,0.22869909803639044,0.00115887418547978
9501.0,0.6055391460727795,0.3919565467632454,0.0025043071639751775
9768.0,0.005450543531895187,0.962221202306525,0.032328254161579875
9079.0,0.652993356418023,0.34493381677318624,0.002072826808790649
8804.0,0.9524330900864306,0.04750382372247046,6.308619109891072E-5
8258.0,0.9424298222073346,0.0575020603785109,6.811741415440876E-5
8529.0,0.5225004260710278,0.4730487782036396,0.004450795725332503
9441.0,0.8344354480436376,0.16495977329268444,6.047786636779631E-4
9112.0,0.5196514575926504,0.473396954090889,0.006951588316460634
8150.0,0.805612162201811,0.19371928887398687,6.685489242022365E-4
8843.0,0.81047777209007,0.1882588813419792,0.0012633465679507188
8365.0,0.9182074002639597,0.08165750216490096,1.350975711393546E-4
8638.0,0.8159472923323383,0.18301505120178257,0.0010376564658792602
9680.0,0.8403593732568448,0.15901784820924394,6.227785339113941E-4
9411.0,0.8698528310925858,0.12977567420623276,3.7149470118128056E-4
8135.0,0.8852445133560736,0.11452304509612303,2.3244154780346674E-4
8873.0,0.9495664312261475,0.05037554493832254,5.802383552999237E-5
9146.0,0.5984168240450372,0.39871879814285105,0.002864377812111825
8604.0,8.15463882712451E-5,0.14064265726110897,0.8592757963506199
8335.0,0.6084680076195744,0.3866206804829844,0.0049113118974412175
9535.0,0.87856452753032,0.12115144591286155,2.840265568183777E-4
9260.0,0.05845273495644798,0.8132339335056378,0.1283133315379144
9738.0,0.8124530423582714,0.18396476011082138,0.0035821975309071113
8774.0,0.17177071266325197,0.7767499697368406,0.0514793175999075
9045.0,0.872158631535569,0.12755863291849423,2.8273554593663915E-4
8563.0,0.14748611115991156,0.8463629454098864,0.006150943430202092
8288.0,0.5124662887397252,0.48369716025700343,0.0038365510032713664
9733.0,0.7331775330969019,0.2645489809176531,0.0022734859854448407
9251.0,1.032713740939144E-9,0.9827412075994014,0.017258791367884798
9520.0,0.8497152161672825,0.1497952599471796,4.895238855379195E-4
8303.0,0.9393208129649007,0.06065749546489071,2.1691570208693257E-5
8572.0,0.6616160397743055,0.3363500427676149,0.002033917458079561
9050.0,0.7923820650227611,0.20618466250621637,0.0014332724710226093
8777.0,0.7947877736846313,0.19867294027108662,0.0065392860442821665
8119.0,1.0951652572600594E-6,0.004929465109548135,0.9950694397251947
9420.0,0.8143289045931023,0.18543456261168248,2.3653279521521938E-4
9695.0,0.07977976884760755,0.8794310386535896,0.04078919249880266
8320.0,0.9456618035516511,0.05429714496195374,4.105148639519474E-5
8595.0,0.6186490977503568,0.37868665045124345,0.002664251798399741
9141.0,0.9524330900864306,0.04750382372247046,6.308619109891072E-5
8870.0,0.01910054229117929,0.9241619125670012,0.05673754514181952
9725.0,0.8951079896755655,0.10444915202667465,4.4285829775978777E-4
9454.0,0.004146117442523987,0.5513267705749914,0.44452711198248474
8625.0,0.7548231952952064,0.24373197330726257,0.001444831397531015
8354.0,0.16749621823194277,0.6040047285768372,0.2284990531912201
8836.0,0.8992476469933666,0.1005854744576071,1.6687854902639252E-4
9111.0,8.608886631146988E-10,0.9471807074548749,0.05281929168423631
9767.0,0.8662226307973828,0.13351635618077065,2.610130218466618E-4
9490.0,0.2728112611505386,0.7167213918802923,0.010467346969169202
9217.0,4.5478681635489294E-7,0.11549471832495882,0.8845048268882247
8542.0,0.009924278610196919,0.8843170289719551,0.10575869241784798
8269.0,0.8630870377016984,0.13641823554987823,4.947267484232134E-4
8811.0,0.8642389446679345,0.1356113342584715,1.497210735940154E-4
8102.0,0.6798957438977914,0.3164942213289933,0.003610034773215362
9080.0,0.446453313287408,0.5444504380495283,0.009096248663063631
9386.0,1.31501971261375E-6,0.3277617900171335,0.6722368949631539
9657.0,0.7976743370237442,0.20058581513537715,0.0017398478408786
9171.0,0.6145462556203345,0.3825477583316472,0.0029059860480183724
8896.0,3.761918402103869E-8,0.15475653900834604,0.8452434233724699
8693.0,0.6224008388091883,0.37466667182414765,0.0029324893666638954
9285.0,0.03374487942635643,0.9398458933896682,0.026409227183975318
9558.0,0.8701579911424602,0.12953645570998065,3.055531475591478E-4
9020.0,4.313205475248289E-4,0.8822529996124665,0.11731567984000872
8751.0,0.24586818716749367,0.746042979849995,0.008088832982511326
8201.0,0.7644047341522654,0.23500576866952302,5.894971782116026E-4
8474.0,0.880463196460083,0.11920565594125418,3.311475986629486E-4
9588.0,8.339999765703513E-5,0.9649967769889817,0.034919823013361495
9319.0,8.607739912458504E-8,0.003945068797649737,0.9960548451249512
9793.0,0.7742103295889513,0.22503785095622894,7.518194548196822E-4
8085.0,0.40142347746034585,0.596774490307335,0.0018020322323191301
8717.0,0.8502391572386145,0.14931452740749512,4.463153538903E-4
8990.0,0.9291476076393574,0.0707207273526436,1.3166500799893842E-4
8504.0,0.8104429263059431,0.18868228868095624,8.747850131007534E-4
8235.0,0.6243737427422021,0.3719227485221537,0.0037035087356441622
9627.0,0.07285984412576087,0.7838589936491661,0.14328116222507298
9352.0,0.7334251655153486,0.2651727472104712,0.001402087274180172
8930.0,0.9070736696528336,0.09273588415355764,1.90446193608622E-4
9201.0,5.8236035982088325E-12,0.6533966087825968,0.3466033912115797
8663.0,0.24063542507751964,0.7507821899748698,0.008582384947610567
8388.0,0.4494863878478773,0.5465172148496645,0.003996397302458128
8302.0,0.8906248047283637,0.10896594739409535,4.0924787754096704E-4
8573.0,1.8486717857386565E-4,0.34608265520290343,0.6537324776185227
9051.0,0.936334977323527,0.06360934750182899,5.56751746440872E-5
8776.0,0.8395887583000379,0.16002326289192023,3.879788080419892E-4
9250.0,0.8429159733909204,0.15664310972446133,4.4091688461826955E-4
9521.0,1.8128216492314508E-4,0.9413137016393256,0.058505016195751436
8321.0,0.20753343314324757,0.7876658853615766,0.004800681495175929
8594.0,0.6353947677959983,0.36178272252286275,0.002822509681138928
9140.0,0.12171062780598829,0.8350795030890827,0.04320986910492903
8871.0,0.44867309978491365,0.5460531535256138,0.005273746689472655
8128.0,0.6719421827554389,0.326615879004585,0.0014419382399759643
9421.0,3.344456989036305E-7,0.9619282900122552,0.038071375542046086
9694.0,0.9524330900864306,0.04750382372247046,6.308619109891072E-5
8624.0,0.16304766142659405,0.8104424840564624,0.02650985451694366
8355.0,0.7456669152144072,0.2536112928925741,7.217918930188464E-4
8145.0,0.7695709285979491,0.2291337807601904,0.001295290641860533
8837.0,1.3759123336085968E-13,0.6831583890063468,0.3168416109935155
9110.0,0.8186650105486505,0.1802647246829898,0.0010702647683595917
9724.0,0.4094490481444283,0.5780369518742702,0.012513999981301564
9455.0,0.9204507759084027,0.079390520352623,1.5870373897421814E-4
8543.0,0.8366175071011562,0.1623305041118478,0.0010519887869960421
8268.0,0.9495664312261475,0.05037554493832254,5.802383552999237E-5
8810.0,0.9057797038242201,0.09388954331242101,3.307528633588624E-4
9081.0,0.3945307582355702,0.5906493044127359,0.014819937351693978
9766.0,0.9723432236197848,0.027595762859946506,6.101352026862644E-5
9491.0,0.9182074002639597,0.08165750216490096,1.350975711393546E-4
9216.0,0.7005794491566636,0.29876347713308954,6.570737102466868E-4
9170.0,0.008762662539947962,0.9766141469243687,0.014623190535683367
8179.0,2.03607398820014E-6,0.07678163285874917,0.9232163310672626
8897.0,0.4288204761815974,0.5628531415153099,0.008326382303092612
8423.0,0.9070736696528336,0.09273588415355764,1.90446193608622E-4
8692.0,0.930173379019918,0.0697216462409864,1.0497473909566861E-4
9387.0,0.9096240141835363,0.09021543307793484,1.605527385287079E-4
9021.0,0.9566492100141536,0.043299799950604075,5.0990035242133564E-5
8750.0,0.6649394943781332,0.3316840488287564,0.003376456793110511
8200.0,0.0691997213264832,0.8606055495509541,0.07019472912256255
8475.0,0.2148742872668706,0.7638472884138109,0.021278424319318458
9559.0,0.8965747415719983,0.10322623599627452,1.9902243172717157E-4
8716.0,5.307473345809958E-10,0.7763435793480203,0.22365642012123227
8991.0,0.8823984001601317,0.11718992035606354,4.116794838048577E-4
8505.0,0.11057911972637222,0.8344545382667428,0.05496634200688506
8234.0,0.6168327605237224,0.379824995973731,0.003342243502546677
9589.0,0.002588339707478017,0.38959150184439195,0.60782015844813
9318.0,0.8806527205479819,0.11907402801413407,2.7325143788385804E-4
9792.0,0.5073013925146653,0.48612936193282896,0.006569245552505746
8931.0,1.609646012810153E-11,0.9888775220930672,0.011122477890836502
8162.0,0.4661816704177672,0.5291120743232457,0.0047062552589870596
9200.0,2.416341429844311E-11,0.97030112800281,0.02969887197302668
8662.0,0.9589534408956073,0.04101189389486554,3.4665209527066596E-5
8389.0,0.025751953064613795,0.9326889818040864,0.041559065131299915
9626.0,0.17240143333114877,0.8223114063398428,0.005287160329008356
9693.0,0.8325401350196359,0.16670863650475848,7.512284756057331E-4
9422.0,0.9495664312261475,0.05037554493832254,5.802383552999237E-5
8593.0,0.7952785533023423,0.2041075597712638,6.138869263938939E-4
8322.0,0.9656410804367032,0.034328562720681174,3.0356842615543483E-5
8868.0,0.8857899469070374,0.11371227660663694,4.977764863255353E-4
9143.0,0.7014497197909011,0.2969671049065806,0.0015831753025182143
9735.0,0.7583668506469616,0.2407586920708679,8.744572821704951E-4
9522.0,0.7832810224041706,0.21545998200555494,0.0012589955902744165
9249.0,0.001065560966579702,0.21679696631473244,0.7821374727186879
8574.0,0.4995149175047652,0.4935827609540565,0.006902321541178348
8301.0,0.756638697045997,0.24227875760067724,0.0010825453533258153
8118.0,0.2657644993141529,0.7197807858300607,0.014454714855786317
8779.0,0.7281099292256759,0.26953944475533986,0.0023506260189843447
9048.0,0.9229652357186706,0.07694882930191665,8.593497941291472E-5
9765.0,0.8986138893939918,0.10112250045984403,2.6361014616421485E-4
9219.0,0.2418988795281774,0.7458581463153638,0.012242974156458787
8271.0,0.2253716601926332,0.7626312879207645,0.011997051886602265
8540.0,0.008657034467896991,0.8716772359928696,0.11966572953923349
9082.0,9.40466161478665E-12,0.9695436426148504,0.030456357375745004
8103.0,0.16162769806905736,0.8126630257882211,0.025709276142721543
8809.0,0.7165905039756638,0.28224440262135575,0.0011650934029803584
9452.0,0.7742026350058913,0.22312211082645256,0.0026752541676562354
9727.0,0.661644313656122,0.3352534746758947,0.0031022116679832942
8352.0,0.7077929536714426,0.29077801700847344,0.00142902932008391
8627.0,1.0775410416635859E-13,0.7714772982368835,0.2285227017630087
9109.0,0.0049554494044068385,0.9111956566066419,0.08384889398895122
8838.0,0.9089760811505415,0.09089013946027207,1.3377938918648273E-4
9556.0,0.696028690450038,0.30276331047429644,0.0012079990756654088
9287.0,0.8682596985890794,0.13141243927127236,3.278621396482162E-4
8749.0,0.05980174158689733,0.9272908027612882,0.012907455651814566
9022.0,0.856366210222372,0.14333815676225375,2.9563301537427695E-4
8472.0,0.0197107758287382,0.8815057142961822,0.09878350987507967
8203.0,0.9003694073767783,0.09920923495763351,4.213576655884079E-4
9659.0,0.8500899327839883,0.14951769429184503,3.9237292416660977E-4
9384.0,0.0018047571413900472,0.16569134773453698,0.8325038951240731
8898.0,4.726232085588142E-5,0.9866812009784357,0.01327153670070832
9169.0,0.2548235295162275,0.6479181913422339,0.09725827914153864
8695.0,0.6514119258425198,0.34508707314762177,0.0035010010098584315
8420.0,0.7478062076117267,0.2509297492931638,0.00126404309510956
9354.0,0.1916522899714986,0.8010180097273809,0.007329700301120391
8928.0,0.8794530526968145,0.12004593025133442,5.01017051851117E-4
8390.0,4.7668822167874406E-4,0.9570813550126809,0.04244195676564022
8661.0,0.8363546704680614,0.16291823989323975,7.270896386987019E-4
9317.0,0.002873939309823928,0.9642895472269679,0.03283651346320817
9590.0,0.7852199246350678,0.21338911922979084,0.001390956135141441
9795.0,0.8322112800787878,0.1671754149309269,6.1330499028532E-4
8988.0,0.788377067604173,0.20925009576080528,0.0023728366350217007
8084.0,0.7489200361593767,0.24947676787231735,0.0016031959683059612
8719.0,0.7016580168776917,0.29684691717565065,0.001495065946657711
8233.0,1.993582949574965E-6,0.9984799988666083,0.0015180075504420522
8506.0,0.4858494562053548,0.48154862896025624,0.03260191483438899
8592.0,0.6180133822978339,0.3796191947596415,0.0023674229425246426
8323.0,0.5112548886855187,0.479975437776979,0.008769673537502333
8129.0,0.7184198376222807,0.2793591864975962,0.002220975880122984
8869.0,0.1533253843046422,0.8332999271972579,0.013374688498099913
9142.0,0.6896309612178696,0.30643119032735394,0.003937848454776419
9692.0,0.9527850943581163,0.04716699912625879,4.790651562487016E-5
9423.0,0.8986138893939918,0.10112250045984403,2.6361014616421485E-4
8575.0,0.953190392292226,0.046745541941264554,6.406576650949977E-5
8300.0,8.277193234740605E-11,0.001077312039218712,0.9989226878780093
8778.0,2.342918901541733E-5,0.9929374434100267,0.0070391274009578035
9523.0,6.799084373239819E-4,0.9181662442595164,0.08115384730315948
9248.0,0.914368292603853,0.08545221847994605,1.7948891620099983E-4
8270.0,0.9096240141835363,0.09021543307793484,1.605527385287079E-4
8541.0,0.11342607488186225,0.8390222286622445,0.04755169645589316
9083.0,0.8776327253545808,0.12200833548885648,3.589391565627304E-4
8808.0,0.9421307569214299,0.05775590808488363,1.1333499368642958E-4
