9179.0,0.9998021578346747,1.9784216011098398E-4,5.214337728097232E-12
8904.0,0.9374311263361936,0.06256881927907232,5.438473400482712E-8
8701.0,4.954977282782898E-4,0.9766384952947335,0.022866006976988283
9378.0,0.7295247244096771,0.27045403346846686,2.124212185604405E-5
9012.0,0.9413942623518707,0.058604969750154695,7.678979746633357E-7
8743.0,8.78120540407782E-7,0.11914006142227776,0.8808590604571819
8193.0,3.131278937170214E-5,0.9994652904452314,5.033967653968751E-4
8466.0,7.557580292502076E-14,3.657963304342216E-5,0.9999634203668809
9293.0,0.04914488371311813,0.9502866737206624,5.684425662193838E-4
9566.0,0.9978950937425436,0.002104818146990437,8.811046595090574E-8
8081.0,9.715139009155876E-9,0.13267533427798076,0.8673246560068801
8709.0,0.0031656180369842414,0.9324652329396749,0.06436914902334093
8982.0,1.6836050280911946E-20,4.241451036295919E-9,0.9999999957585489
8496.0,0.3191166107555146,0.6808826154842974,7.737601880467285E-7
8227.0,9.897068049043337E-13,0.9992692874155714,7.307125834389652E-4
9596.0,3.786594159735067E-12,0.9998551851699757,1.4481482623770098E-4
9327.0,0.9865236936411218,0.013476286078327517,2.028055081144505E-8
9801.0,2.170501599856146E-17,0.003194542036335839,0.9968054579636642
8938.0,1.346339139383815E-10,8.682871897857973E-5,0.9999131711463876
8671.0,1.6546711136537626E-11,0.005582219823152656,0.9944177801603007
8396.0,0.9991773317499907,8.226681347190816E-4,1.1529026636855175E-10
9619.0,1.1636920995838533E-14,4.8997045920882106E-5,0.9999510029540675
9344.0,0.9867098771743528,0.013290122433097608,3.9254952549868616E-10
8295.0,0.23012233387582914,0.7695090376651331,3.6862845903768034E-4
8564.0,2.1683292892004192E-7,0.7141013975540557,0.28589838561301534
9042.0,0.005996574222156697,0.9939623466437866,4.107913405674587E-5
8769.0,7.101444875530345E-9,0.9998466842480042,1.5330865055102226E-4
8115.0,0.9999835540801926,1.6445918290441947E-5,1.5169692952618203E-12
9741.0,9.940224233053494E-11,0.2825414277854702,0.7174585721151276
9259.0,7.785862323666429E-8,0.8920956134664698,0.10790430867490684
9528.0,2.0386480218500028E-7,0.9993100088506416,6.89787284556074E-4
8328.0,0.004380996948003871,0.9943137568316363,0.001305246220360023
8603.0,2.9458623298511534E-6,0.9805704720690864,0.019426582068583772
9149.0,6.7059296379548484E-12,0.9996397581683496,3.602418249445404E-4
8878.0,0.9955516733870174,0.004448326341015552,2.7196708030144024E-10
9687.0,6.887889882064114E-5,0.12210725150507326,0.877823869596106
8633.0,0.9567163120837754,0.04300421662316245,2.794712930620795E-4
8362.0,1.08071491618062E-9,0.9035147929141036,0.09648520600518146
8844.0,0.9052112205233941,0.09478047317193178,8.306304674062041E-6
9119.0,0.9713557757248846,0.02864389751496234,3.267601530061151E-7
9446.0,0.20385524208080624,0.7961070908681187,3.76670510750655E-5
8534.0,0.6863254409789523,0.31367428268521796,2.7633582975024367E-7
8261.0,0.0106257976043319,0.9893612258505182,1.2976545149760932E-5
8098.0,0.16181694879901853,0.8379990701234669,1.8398107751454792E-4
8803.0,0.44711062760010545,0.5528860087068603,3.3636930343071037E-6
9072.0,0.036815536615228885,0.9628743260685081,3.1013731626298633E-4
9775.0,0.003883562993415779,0.996113509969102,2.927037482366232E-6
9498.0,0.12314620530067492,0.846958363561448,0.02989543113787704
9225.0,0.3481490493514101,0.6517935890384665,5.73616101234953E-5
9379.0,3.632353360962365E-4,0.9986596032950014,9.771613689024254E-4
9648.0,0.9999263338276295,7.366436747965604E-5,1.8048908680379145E-9
9178.0,0.0338294370222661,0.9661702735334325,2.8944430135746136E-7
8183.0,6.089568264911111E-14,0.0022427189431481094,0.9977572810567911
8905.0,1.8042635585451925E-13,1.3276433684974354E-8,0.9999999867233859
8431.0,4.354701784395478E-15,3.707159939771443E-5,0.999962928400598
8700.0,0.8800110339647358,0.11997397370317935,1.4992332084769663E-5
9292.0,1.1064706195808553E-4,0.9982866672959062,0.0016026856421357913
9567.0,2.1124209425998707E-21,0.9684934036172431,0.03150659638275695
9013.0,0.1026878258507105,0.8972445971210634,6.757702822606696E-5
8742.0,7.359182837645729E-9,0.9999662194242295,3.3773216587786385E-5
8192.0,0.050961835425075895,0.9486915543667382,3.466102081859424E-4
8467.0,0.9997696615183609,2.3033848064716914E-4,9.92076035167893E-13
9597.0,0.058825626848826175,0.9410688086319767,1.0556451919701974E-4
9326.0,0.03016001507474818,0.9696898950487863,1.500898764655977E-4
9800.0,1.0344262335448386E-17,1.9003637004488936E-5,0.9999809963629955
8708.0,0.9755210819135545,0.024466045315592898,1.2872770852605597E-5
8983.0,0.006012236784416991,0.9933763490123918,6.114142031913223E-4
8497.0,8.600028564078712E-6,0.35402290997773544,0.6459684899937004
8226.0,4.72545956018553E-9,0.9254721993545665,0.07452779591997394
9618.0,0.9984125705045511,0.0015874263181626896,3.177286216154359E-9
9345.0,7.6475738707962E-8,0.9999823935527891,1.752997147231469E-5
8166.0,3.6343743568635836E-6,0.516436238513449,0.4835601271121942
8939.0,0.9999912975401667,8.702459178360312E-6,6.54923637998621E-13
9208.0,0.03994580805925245,0.9599418052517468,1.1238668900085763E-4
8670.0,6.141588999204747E-7,0.9959082738946361,0.004091111946463911
8397.0,0.8410354713535441,0.15895389416922648,1.0634477229433927E-5
9740.0,0.9992264921731829,7.73506406123351E-4,1.4206936092919594E-9
9258.0,0.7095186395685801,0.2904463233618563,3.503706956372489E-5
9529.0,0.005967617693825385,0.9935055694276234,5.268128785511772E-4
8294.0,0.9988528521412227,0.0011471458552169947,2.003560391564639E-9
8565.0,2.9321553716600053E-14,1.3662793681942203E-6,0.9999986337206024
9043.0,0.002909002509130755,0.9970909149468444,8.254402486724912E-8
8768.0,0.1179424641029126,0.8820440882586438,1.3447638443606657E-5
9413.0,3.7947498725734077E-19,0.9089850508930939,0.0910149491069062
9686.0,0.8493714945282327,0.15062494610842952,3.559363337806244E-6
8329.0,2.479141870026792E-6,0.9998782347732076,1.192860849222781E-4
8602.0,7.644005672886443E-6,0.6398942419871192,0.360098114007208
9148.0,0.9990040657302767,9.959339875353025E-4,2.8218804639136764E-10
8879.0,5.655613830761931E-12,6.265605517352536E-6,0.999993734388827
8132.0,0.9991157223315658,8.841389614264054E-4,1.3870700790421063E-7
9716.0,2.0211445138980646E-18,0.9889683270621786,0.011031672937821403
9447.0,1.9842807716790496E-5,0.9982805013064628,0.0016996558858203455
8632.0,0.9970480647327764,0.0029518899850747636,4.528214887500845E-8
8363.0,0.16833868772081398,0.5798182537653626,0.2518430585138236
8149.0,1.9145865005993758E-5,0.9529516227590451,0.04702923137594896
8845.0,0.9922642761988216,0.007735493784824582,2.3001635379981628E-7
9118.0,8.570305816404295E-9,0.023800109772649337,0.9761998816570449
9774.0,4.43370524585904E-10,0.1526992598697614,0.847300739686868
9499.0,9.207677703403798E-7,0.9995847700188392,4.1430921339047816E-4
9224.0,0.07277604237899025,0.927103029121355,1.2092849965484046E-4
8535.0,0.9560358530406258,0.043955728901914536,8.418057459659084E-6
8260.0,1.953449231384008E-6,0.9998514092201308,1.4663733063787464E-4
8802.0,1.0032538591021913E-16,0.996419564258477,0.003580435741522916
9073.0,8.21387802307043E-5,0.9999140030528206,3.858166948770513E-6
8741.0,0.8291045393827532,0.17089228288269406,3.1777345527520717E-6
9014.0,0.009644226600515275,0.981997341920582,0.00835843147890286
8464.0,2.2635888436865504E-4,0.9990288431639079,7.44797951723391E-4
8195.0,0.13646468942703177,0.8599304010208719,0.0036049095520964613
9564.0,4.547727722199825E-24,8.500351555025667E-12,0.9999999999914996
9295.0,0.9985212778078093,0.0014787212892009476,9.029897584190128E-10
8906.0,1.8127673734793E-4,0.999464740210055,3.539830525970998E-4
9177.0,0.9330795286679738,0.06691780775342411,2.6635786019484156E-6
8703.0,4.6871625914388615E-20,0.0024470271688257564,0.9975529728311743
8428.0,1.3249481966257154E-10,0.03529285658273751,0.9647071432847677
9651.0,0.36762663510560345,0.631731246607964,6.4211828643259E-4
9376.0,0.0024451500077440026,0.9965128045825792,0.0010420454096768405
9211.0,0.6127241900733238,0.3872754691142414,3.408124348599978E-7
8936.0,0.938518061466659,0.05829533182410325,0.003186606709237799
8398.0,2.1107976031861288E-9,2.6213996908828E-5,0.9999737838922935
8669.0,0.023156029741900345,0.9768354459996698,8.524258429906327E-6
9346.0,0.15548060445901918,0.8444948322183177,2.4563322663155192E-5
9617.0,6.435784702511307E-8,2.580229698287565E-5,0.99997413334517
8980.0,0.49269006123454995,0.5073098485197709,9.024567907065565E-8
8080.0,8.284767975304887E-11,0.5726285383736773,0.427371461543475
8711.0,2.0814199246495797E-8,0.04397877782586119,0.9560212013599395
8225.0,0.7282710380921082,0.27172835236009996,6.09547791906436E-7
8498.0,0.939401590877365,0.0605983171010733,9.202156172488263E-8
9325.0,0.00917519637447503,0.990737233829355,8.756979617008203E-5
9598.0,0.9530021139280774,0.04699670150217317,1.184569749451795E-6
9803.0,4.876656873542671E-7,0.1705708402241241,0.8294286721101887
8601.0,0.9135176217768026,0.08647338028370744,8.997939489808124E-6
8330.0,7.985053597599883E-8,0.9999993916430645,5.285063994638847E-7
8876.0,0.9870183974871294,0.01298160071148151,1.8013890895727653E-9
9151.0,0.9947009553871874,0.005299013058688863,3.155412377919919E-8
9685.0,8.422680810168769E-6,0.9772761749195483,0.022715402399641472
9414.0,3.2812084403324806E-8,0.9964342907910515,0.003565676396864203
8566.0,4.301004540198117E-12,0.10190961555690789,0.8980903844387912
8293.0,0.02396107934170871,0.9759727774528465,6.614320544476932E-5
8771.0,1.3661682493447571E-15,1.3265015448982139E-6,0.9999986734984537
8114.0,9.150098202198942E-7,0.9968923180574049,0.0031067669327749506
9040.0,3.4213466179544544E-4,0.5549113444398172,0.44474652089838734
9743.0,2.059912621249334E-4,0.7470264798551663,0.2527675288827087
9530.0,0.9973786909255826,0.0026213086464335167,4.2798389447002335E-10
8263.0,0.9913363074855639,0.008663464054842057,2.2845959407241322E-7
8532.0,0.012360757853657136,0.9818817060271208,0.0057575361192220885
9074.0,0.996353219384668,0.0036467800596740327,5.556580136095006E-10
8801.0,0.19191689172543655,0.1209118259913691,0.6871712822831942
8099.0,0.003535361259583021,0.9881247906782098,0.008339848062206973
9773.0,0.9729278832748486,0.027072115494289346,1.230862114720322E-9
9227.0,2.9778699771272155E-8,0.9477931211639503,0.052206849057349965
9496.0,1.7796713346304389E-6,0.36947113406810067,0.6305270862605646
8360.0,0.018021412556826835,0.9779151009777066,0.004063486465466532
8635.0,0.07931974897502461,0.9199125131596919,7.677378652834982E-4
9117.0,0.07360471309800909,0.911659355738338,0.01473593116365283
8846.0,7.412835413740598E-7,0.9816316401436239,0.018367618572834823
9444.0,3.657735597695604E-7,0.22758186065714126,0.772417773569299
9719.0,5.527510413488328E-5,0.9994534590712914,4.912658245738395E-4
9565.0,0.977883960416685,0.022113284927426858,2.7546558882388656E-6
9294.0,0.15935064180911657,0.8406463157170022,3.0424738813236023E-6
8740.0,5.038578072589876E-6,0.0014657029214783439,0.998529258500449
8465.0,1.4975267082011836E-6,0.9973376215395009,0.0026608809337908723
8194.0,0.11194583425416872,0.8880538990941261,2.666517052740309E-7
9650.0,3.981708798678468E-4,0.9603100742048778,0.039291754915254384
9377.0,0.0019907622337637723,0.9944619420563091,0.003547295709927002
8182.0,0.03527833341952046,0.9647214813443553,1.8523612421345151E-7
8907.0,4.2461290567000964E-10,0.8295480314148738,0.1704519681605133
9176.0,0.8453461863032106,0.1538237890381489,8.30024658640555E-4
8702.0,0.035625590359723076,0.9643729797035113,1.429936765600452E-6
8429.0,1.2943248226777869E-5,0.9931771891919415,0.006809867559831605
9347.0,1.7274389508514833E-4,0.9989713518904323,8.559042144826543E-4
9616.0,0.02803426718762151,0.9716798623609874,2.85870451391125E-4
9210.0,1.4061060081290526E-8,0.5862632606590221,0.41373672527991784
8937.0,4.2035574865048844E-12,0.9995475886163449,4.5241137945169294E-4
8167.0,0.968049596148092,0.031673239202131456,2.7716464977655086E-4
8399.0,0.7577417250766627,0.24225757808564036,6.968376969543552E-7
8668.0,0.0019962231990639807,0.997138374221268,8.65402579667783E-4
9324.0,0.9580628438636724,0.04193512869022103,2.027446106672144E-6
9599.0,1.1312819974724438E-5,0.9999767088190743,1.1978360951002871E-5
8981.0,9.896156275591966E-6,0.16881339092762557,0.8311767129160988
8710.0,0.18300997582276163,0.8169853626589486,4.661518289779421E-6
8224.0,2.2744278739196004E-6,0.9997643711016003,2.3335447052586747E-4
8499.0,1.61815796800437E-4,0.9995170323624147,3.211518407848332E-4
9684.0,0.9985160897773924,0.0014838795778227766,3.0644784854675876E-8
9415.0,4.407713385596207E-8,0.9656113145879989,0.034388641334867194
8600.0,4.336839381769913E-12,0.0026345244298515208,0.9973654755658116
8331.0,0.9940873560379282,0.005912640904896515,3.057175408091195E-9
8877.0,0.9847648529619805,0.015235140457503328,6.580516294294064E-9
8133.0,0.9999182815136288,8.171717248685754E-5,1.313884461854483E-9
9150.0,0.19556677265256864,0.8039866299809739,4.465973664575471E-4
9742.0,0.992138670299811,0.007861329646643463,5.354544645414466E-11
9531.0,0.14437893279224567,0.8556010336441616,2.0033563592772162E-5
9256.0,0.014281585556405348,0.9002921365926945,0.0854262778509003
8567.0,6.789575560445579E-9,0.22645984679359818,0.7735401464168262
8292.0,0.4807788208730039,0.5191390852760156,8.209385098049683E-5
8770.0,0.9981595885790503,0.0018404051509739764,6.269975807400901E-9
9041.0,0.6907217435088764,0.3092782307491196,2.5742004028232867E-8
9772.0,0.880742146982101,0.11925785126619853,1.7517004711570856E-9
9226.0,1.0147238868484918E-8,0.9926758022016267,0.00732418765113462
9497.0,0.9638892544143398,0.036081460291953554,2.928529370664416E-5
8262.0,1.1369615925860701E-10,0.6547866100545329,0.345213389831771
8533.0,6.309973128257747E-4,0.9983258290995203,0.0010431735876539779
9075.0,0.1115387651288605,0.8883233473822563,1.378874888832669E-4
8800.0,0.9989777982373336,0.0010221669941436232,3.476852275015885E-8
9445.0,9.996651883450219E-16,0.7609969774661187,0.2390030225338802
9718.0,2.494843572791531E-4,0.9997484511278618,2.0645148590482433E-6
8361.0,2.8857739454139863E-12,0.0975305045065159,0.9024694954905984
8634.0,0.9995713006023024,4.286789512882408E-4,2.0446409388021662E-8
9116.0,0.17259098820676277,0.827400014971057,8.996822180217088E-6
8847.0,0.1729229520986454,0.8269854529696361,9.159493171850109E-5
8148.0,0.869324162722541,0.13067573309528083,1.04182178060233E-7
8500.0,1.0381604711051493E-16,0.7894252489531142,0.2105747510468857
8231.0,0.9966992396261218,0.003300706402442886,5.397143524497513E-8
8705.0,0.6168506865412628,0.3831493042765832,9.182154051900311E-9
8083.0,0.9996192272482194,3.8077274733355694E-4,4.447110206381445E-12
8978.0,0.017266650293597162,0.9672050575172523,0.015528292189150627
9805.0,3.085569424043018E-13,5.3131384909605604E-6,0.9999946868612004
9592.0,0.12002323994071958,0.8777310856347326,0.0022456744245480057
9323.0,0.042176822368466316,0.9578187696944779,4.407937055652629E-6
8667.0,0.2198832008612977,0.7801161544541847,6.446845175769101E-7
8392.0,0.9793088479630707,0.020685650314946825,5.501721982400552E-6
8942.0,1.766078074811203E-13,0.9993191211129299,6.808788868934218E-4
9213.0,0.010779509554355023,0.6316058286272788,0.35761466181836615
9623.0,0.9938096035169379,0.006190178918620515,2.1756444155335536E-7
9348.0,0.9987244237693473,0.0012755704431849082,5.787467597997232E-9
8426.0,4.3640217997226665E-6,0.18462365165794997,0.8153719843202502
8697.0,0.014030443611352762,0.9850484222034419,9.211341852053662E-4
9183.0,1.00485995881524E-4,0.9998865464617442,1.2967542374293564E-5
8908.0,0.9999714499646802,2.8550030161770423E-5,5.158017872955266E-12
9653.0,0.0024910166176773402,0.9973009272045588,2.0805617776388166E-4
8197.0,1.0564583109915284E-19,2.984886599886254E-7,0.99999970151134
8470.0,3.063205318480798E-5,0.9644399374665843,0.03552943048023098
9008.0,5.957272518988776E-6,0.9760635313984247,0.02393051132905624
8739.0,0.9999732003201829,2.679967896800154E-5,8.491705934564799E-13
9289.0,0.005707202243823372,0.9942924773832418,3.2037293488770043E-7
9562.0,0.9787434743184676,0.021256194286426357,3.313951058729203E-7
8840.0,8.12848639390114E-6,0.9973489142242874,0.002642957289318699
9115.0,2.458034650718184E-10,0.28532151330856487,0.7146784864456317
8637.0,1.4728040663226087E-11,0.00532362741504846,0.9946763725702235
8366.0,8.033066431978823E-7,0.9999989009369488,2.9575640812998604E-7
9442.0,0.3119507587477846,0.6851189706319969,0.002930270620218503
8807.0,0.9102100174342765,0.08978995773587177,2.4829851743253448E-8
8096.0,9.137121098764121E-7,0.6547934835194905,0.3452056027683996
9076.0,7.755960053327628E-7,0.8843705674822727,0.11562865692172201
8530.0,2.0476408245105755E-13,0.9999771419120127,2.2858087782491745E-5
8257.0,6.975836503961447E-19,3.2974695480908656E-10,0.999999999670253
9502.0,0.8740185038068781,0.1259752718217229,6.22437139913228E-6
9229.0,3.836072108707636E-6,0.999572954136244,4.232097916472466E-4
9771.0,0.9914606098928891,0.008539268063209192,1.22043901733339E-7
9046.0,1.9397509528074567E-10,0.19372706700465378,0.806272932801371
8773.0,3.476004769427324E-7,0.19099620402695924,0.8090034483725638
8113.0,0.9970848359489731,0.0029151628509252623,1.2001015455855446E-9
8291.0,3.1306940871597177E-10,0.9999925814160353,7.418270895328034E-6
8560.0,0.8256895361745066,0.17429438121151797,1.6082613975441116E-5
9263.0,4.692013395971735E-5,0.9459736618360111,0.05397941803002931
9532.0,0.011793501719134753,0.9848411453334175,0.003365352947447741
9737.0,3.9001483855347303E-19,0.999441078204421,5.589217955790175E-4
9145.0,0.9858230376784224,0.01417696115855714,1.163020421748937E-9
8874.0,0.004999206092429996,0.9675274218882416,0.027473372019328257
8332.0,0.9862122352954011,0.01378670012824422,1.06457635476598E-6
8607.0,0.020779178960436087,0.49322033436988844,0.4860004866696755
9408.0,0.9996961567797835,3.0384025016293967E-4,2.970053638015263E-9
9683.0,0.9885775778089824,0.011422133363508525,2.888275091213629E-7
9593.0,0.05791469503252239,0.939921932348684,0.0021633726187935253
9322.0,7.360229197090934E-4,0.9972986545198611,0.0019653225604297823
8501.0,0.03910243474459016,0.8617255616886904,0.09917200356671937
8230.0,0.9956989315538108,0.0043009880209351325,8.042525388906426E-8
8704.0,0.926134248750903,0.07386560333616651,1.479129304847813E-7
8979.0,7.122945440263857E-10,1.4148813495462925E-5,0.99998585047421
9622.0,0.40235436312790446,0.5976455536635089,8.320858659457341E-8
9349.0,6.16927156412108E-4,0.9989260449729224,4.570278706653907E-4
8666.0,0.07138087727701739,0.8429596628017995,0.08565945992118312
8393.0,0.19075611063997777,0.7843691856082174,0.024874703751804835
8164.0,9.779008603981869E-6,0.9787319867904278,0.021258234200968153
8943.0,8.728333997503961E-7,0.8975895128574753,0.10240961430912489
9212.0,1.0656506549956132E-4,0.4681606324313491,0.5317328025031514
9383.0,0.50659479237316,0.49340161888862916,3.588738210829375E-6
9652.0,0.9961529379461118,0.003844879683208696,2.18237067959687E-6
8427.0,0.9807463065336453,0.01924822412849172,5.469337862920019E-6
8696.0,0.9999154479118327,8.455206665761886E-5,2.1509694967539733E-11
9182.0,0.9543907011769301,0.04560857366768148,7.251553884681508E-7
8909.0,0.007752886871906199,0.9620003741182347,0.030246739009859233
8181.0,0.0450296482612468,0.9526817909264071,0.0022885608123460474
9288.0,5.218112149435851E-6,0.987308116555596,0.012686665332254538
9563.0,8.772225008253899E-13,0.9999492728024161,5.072719670655283E-5
8196.0,3.198761885117761E-9,0.9952072742615083,0.004792722539729872
8471.0,0.9809492688060244,0.01905059992119057,1.3127278503759326E-7
9009.0,5.777540240497284E-4,0.995296274600802,0.004125971375148266
8738.0,1.522337340647809E-4,0.9904263822678135,0.00942138399812168
9712.0,6.591658786478865E-11,0.999999203804722,7.961293613806854E-7
9443.0,0.00988992519962017,0.9901001977486191,9.877051760813038E-6
8151.0,0.17302231862223372,0.7775961831979453,0.04938149817982107
8841.0,9.400752324689221E-4,0.9984017179696247,6.582067979063472E-4
9114.0,0.9999830635490866,1.6936450726460595E-5,1.8690479048929849E-13
8636.0,1.4752756653589489E-5,0.8822505731765069,0.11773467406683952
8367.0,0.0035283889192628923,0.9857606816659084,0.010710929414828865
9503.0,0.9927692075395288,0.007230677137261309,1.1532321000101342E-7
9228.0,0.9990513312467757,9.485879714913892E-4,8.078173291580998E-8
9770.0,0.0011181010482803492,0.008256789175873447,0.9906251097758462
8806.0,3.664984357533565E-6,0.9638704470175152,0.03612588799812716
9077.0,4.5033053122715125E-6,0.626689278554273,0.37330621814041465
8531.0,4.934557732942158E-6,0.6381864143101535,0.36180865113211347
8256.0,1.8025264294562356E-6,0.9950092109494889,0.004988986524081605
9262.0,2.8030874586180178E-5,0.9999659456648021,6.023460611733229E-6
9533.0,4.019178545598837E-8,0.7688105237496266,0.231189436058588
9736.0,0.0010922738660772075,0.9988950897841075,1.2636349815369757E-5
9047.0,2.1311260891059017E-5,0.231819324220971,0.7681593645181378
8772.0,6.313489410574832E-7,0.9999523826950918,4.69859559671054E-5
8290.0,0.0020269947048544698,0.9978420021817851,1.3100311336044848E-4
8561.0,9.153257819940795E-7,0.009770746025770206,0.9902283386484477
9409.0,4.786763407379422E-11,0.9999998204592438,1.794928886543295E-7
9682.0,4.032675246435411E-7,0.15960375662863166,0.8403958401038437
9144.0,0.9526561440278164,0.04734359537098457,2.6060119901659263E-7
8875.0,2.2249371399233447E-8,0.9653417784319172,0.03465819931871146
8134.0,1.85626980559945E-7,0.9901197434833605,0.009880070889659039
8333.0,1.6582804551508835E-10,0.1172862097865298,0.8827137900476422
8606.0,0.15568914620337615,0.8428462361690275,0.0014646176275963478
8394.0,0.2088102102284925,0.7911876335907874,2.156180720253577E-6
8665.0,0.9944389464549741,0.005560615485372598,4.3805965333022247E-7
9215.0,0.9980957754771457,0.0019042245187515451,4.102662549255139E-12
8940.0,0.3237476132485152,0.6747064357330647,0.0015459510184200028
9350.0,0.9951978774195753,0.004802109514906882,1.3065517814849655E-8
9621.0,0.9827822753936322,0.017217082703501443,6.419028664175028E-7
8229.0,0.11614107321375491,0.8834367736969848,4.221530892601728E-4
8502.0,1.3098974722225735E-11,0.441644888569274,0.5583551114176271
8976.0,3.1938627296391884E-4,0.854283788183486,0.14539682554355005
8082.0,0.019592879562725013,0.9794336895560228,9.73430881252272E-4
8707.0,7.847379016442394E-11,0.983595938097914,0.01640406182361213
9807.0,2.8056664540303837E-10,0.9999707770265972,2.9222692836216396E-5
9321.0,0.8665761869106268,0.1334235448870274,2.682023457403539E-7
9594.0,4.240052617598047E-11,0.9978724805530556,0.002127519404544081
8468.0,0.9986286376820854,0.0013713213619970142,4.095591757376944E-8
8199.0,2.5968982583880503E-17,0.9996804096611187,3.1959033888125067E-4
8737.0,0.06533126716242378,0.9346279165019925,4.0816335583669106E-5
9010.0,5.654852376327284E-12,0.9524080193440929,0.04759198065025229
9560.0,3.193938588915445E-9,0.9803905708990235,0.019609425907037993
9291.0,0.01292925991443211,0.7555940770649535,0.2314766630206144
8699.0,0.9944311770510623,0.005568787644755181,3.530418253378191E-8
8424.0,0.9987254617095273,0.0012742435207824313,2.9476969031783225E-7
8910.0,0.9914390341324635,0.007893680393520132,6.672854740164486E-4
9181.0,4.745411043128044E-7,9.75893782549143E-4,0.9990236316763466
9380.0,0.8994724688506927,0.10042598103611558,1.0155011319169194E-4
9078.0,5.5684244197126324E-9,0.18473619003681044,0.8152638043947652
8805.0,0.07931902367579756,0.9179220676302827,0.002758908693919721
8097.0,0.9751685512919605,0.024818118683026785,1.3330025012806958E-5
8259.0,0.04798323160554824,0.9519407122706284,7.60561238233722E-5
8528.0,0.4529203116464899,0.5470673856221812,1.2302731328952214E-5
9231.0,0.9810788220625166,0.018777149415656027,1.4402852182738288E-4
9500.0,3.0827688827383475E-6,0.9987698205448521,0.0012270966862651736
9769.0,0.6906418946237013,0.30935785376506175,2.516112369152121E-7
8842.0,0.0017654981921695692,0.996787402538505,0.0014470992693255472
8364.0,1.0552660669399059E-11,0.9385215723245802,0.06147842766486716
8639.0,0.007132799638829973,0.9909238565013435,0.0019433438598265272
9440.0,9.650003114210416E-11,0.001658242780658177,0.9983417571228418
9715.0,1.0102243036330522E-11,0.015496093979662147,0.9845039060102356
8872.0,1.5796054140992143E-6,0.08075882915338191,0.9192395912412039
9147.0,0.9672989384742624,0.032658291752468795,4.2769773268767916E-5
8605.0,1.512451093692486E-7,0.9993764122970363,6.234364578543502E-4
8334.0,0.8975109543986255,0.10248770296074758,1.3426406269218559E-6
9681.0,1.113337896036946E-8,0.4440039099599881,0.5559960789066329
8775.0,0.28018559563637674,0.7197071076440741,1.0729671954917122E-4
8112.0,0.12080443485756011,0.8690654710422355,0.010130094100204328
8562.0,1.1789935659358691E-4,0.9995987578894158,2.833427539906775E-4
8289.0,0.5865788881626779,0.41328436829081694,1.3674354650501959E-4
9534.0,0.9767687886764754,0.023230971890651483,2.3943287318052317E-7
9261.0,0.3897295742377285,0.6102427470799268,2.767868234467647E-5
9739.0,7.977639369121894E-19,0.0336084711476369,0.9663915288523631
9351.0,0.03500628999143585,0.9643819618006352,6.117482079289479E-4
9620.0,5.160132807805294E-7,0.8951867453837461,0.10481273860297312
8395.0,0.9972922001522532,0.0027077955723030164,4.27544383511352E-9
8664.0,0.004482316340187116,0.9955135521598736,4.131499939257034E-6
9214.0,1.0928935360516275E-10,0.9999703160883174,2.9683802393272743E-5
8941.0,0.05981125725039156,0.6111253067979868,0.32906343595162174
8165.0,1.610547095436528E-5,0.12511526454288524,0.8748686299861604
9806.0,1.6521572002717311E-7,0.9571994348439486,0.042800399940331475
9320.0,0.964642493699246,0.03535736133589949,1.449648543707754E-7
9595.0,0.12217061735651463,0.8778267549903996,2.6276530858512984E-6
8228.0,0.01699265848674437,0.9651594916578349,0.017847849855420695
8503.0,1.3883068512614727E-7,0.9246252560840865,0.0753746050852284
8977.0,0.991718329995669,0.008281644635371727,2.5368959236742063E-8
9290.0,0.997277667754346,0.002720331931598362,2.0003140555071262E-6
8469.0,1.5040999976310248E-10,0.8578186825980313,0.14218131725155872
8198.0,0.0052403429382391195,0.9797002134969358,0.015059443564825073
8736.0,5.443743638592714E-4,0.8705267582448185,0.12892886739132223
9011.0,0.9874774662178907,0.012522087864185254,4.459179240859038E-7
9654.0,1.7347811065893085E-5,0.9997633396095382,2.1931257939583984E-4
8698.0,1.8910408960029016E-9,0.9814900592514371,0.018509938857522015
8425.0,0.9975836903066571,0.002416309441633667,2.517091411897669E-10
8180.0,0.8640003019386535,0.13594727187324243,5.242618810397876E-5
8911.0,4.041561488877805E-5,0.9991842593259105,7.753250592007114E-4
9180.0,9.07700464486113E-5,0.9771241155930578,0.022785114360493613
9230.0,0.0025030410217070313,0.9963722669214292,0.0011246920568636959
9501.0,5.3588236900261604E-5,0.9999458732801527,5.38482947030622E-7
9768.0,9.551539803183467E-4,0.9974274219499716,0.0016174240697099925
9079.0,0.9802198865365735,0.019779567045348227,5.464180782732104E-7
8804.0,0.9941902520570596,0.005809545887957207,2.0205498326292534E-7
8258.0,1.2060944924282424E-10,0.9960860801050342,0.003913919774356477
8529.0,0.14186962923417418,0.6239635999040326,0.23416677086179333
9441.0,0.9953121640507018,0.004687821477997217,1.4471301014049758E-8
9112.0,0.2686084589539189,0.7268268980871466,0.004564642958934351
8150.0,0.23000631249638492,0.7663359931626073,0.003657694341007898
8843.0,6.497915377280203E-5,0.04475314859215329,0.9551818722540739
8365.0,0.7385661501925498,0.2614333974817828,4.523256673962426E-7
8638.0,0.8843162205429588,0.11562932485475425,5.44546022869679E-5
9680.0,0.9004215744458652,0.09957690595796298,1.5195961718364514E-6
9411.0,0.7984738096737155,0.20148484726130914,4.134306497533462E-5
8135.0,0.1356078019505649,0.864313277770361,7.892027907409797E-5
8873.0,0.9811119013174153,0.01888809853200076,1.5058386376802908E-10
9146.0,0.04100732048048912,0.9583240903304932,6.685891890178666E-4
8604.0,3.0166599286660883E-5,0.4086059322851621,0.5913639011155511
8335.0,0.446267633794059,0.5537213636427892,1.100256315171664E-5
9535.0,0.5240026113967069,0.4759934862883966,3.902314896683779E-6
9260.0,1.85810803358096E-9,0.0036672584066243206,0.9963327397352676
9738.0,0.9929671917721739,0.007032190119644013,6.181081820426128E-7
8774.0,1.2464001036250985E-9,0.0018931275985136797,0.9981068711550862
9045.0,0.9404026819555026,0.059596256379008096,1.0616654892805682E-6
8563.0,1.680435754752464E-4,0.9940463514059141,0.005785605018610631
8288.0,5.343492588394599E-7,0.11054052230161301,0.889458943349128
9733.0,0.7730905597799551,0.22690685271967748,2.5875003673169847E-6
9251.0,1.8921002599513906E-10,0.9999548031235388,4.5196687251226725E-5
9520.0,0.24461007722332312,0.7549777320678478,4.121907088291258E-4
8303.0,0.9999551969355083,4.480306449047536E-5,1.1678349148662238E-15
8572.0,0.1021718394462215,0.8977387358855158,8.942466826269697E-5
9050.0,0.858034830998637,0.14182728935846292,1.378796429000608E-4
8777.0,1.3009845491976463E-5,0.4974902539723799,0.5024967361821282
8119.0,1.4141225387567053E-13,0.010128800369182097,0.9898711996306765
9420.0,5.722772289852756E-4,0.9994146432699706,1.3079501044121838E-5
9695.0,8.375579297917719E-7,0.33416953973037017,0.6658296227117
8320.0,0.03476834077372534,0.9652314593573461,1.9986892847273656E-7
8595.0,0.01122850869458737,0.9866914639514675,0.0020800273539451756
9141.0,0.9999864287115264,1.3571288002288441E-5,4.71235314005859E-13
8870.0,4.914099228013901E-5,0.7079949349222281,0.29195592408549176
9725.0,2.3456995826697213E-4,0.9989853089315961,7.801211101369289E-4
9454.0,1.2122353610272237E-11,0.9155684296137329,0.08443157037414468
8625.0,0.8065683477951622,0.19342977533203004,1.876872807679598E-6
8354.0,0.12436039101199453,0.8742722045333291,0.0013674044546764068
8836.0,0.9988394811537227,0.0011605183103080474,5.35969249780757E-10
9111.0,3.4259043750266995E-14,0.9999966204378214,3.3795621442402894E-6
9767.0,0.36262213594987386,0.6373693741243224,8.489925803815952E-6
9490.0,3.138032771574196E-5,0.9769967158274087,0.022971903844875675
9217.0,1.971267506026302E-6,0.9940784279284943,0.0059196008039995055
8542.0,3.0381611510468434E-7,0.36566795523265394,0.6343317409512309
8269.0,0.9965502761048814,0.0034497207966661014,3.098452510674871E-9
8811.0,0.04676197876916402,0.9525766090372992,6.614121935368879E-4
8102.0,0.7045657585958802,0.2953022727048279,1.3196869929187272E-4
9080.0,2.2575997903630444E-4,0.9997706221190649,3.6179018988225444E-6
9386.0,1.0825371400918337E-10,0.5925490357663432,0.40745096412540305
9657.0,5.987556892007146E-6,0.9945344912548134,0.00545952118829461
9171.0,0.15044930794087732,0.8495064733715665,4.4218687556223574E-5
8896.0,3.1270945262234256E-18,0.0020365727006932902,0.9979634272993066
8693.0,2.2201690464121232E-4,0.9997662321677051,1.1750927653714133E-5
9285.0,5.3435484779035664E-12,0.0018612982786989514,0.9981387017159575
9558.0,0.9980518386818377,0.0019480463509083854,1.1496725392191172E-7
9020.0,1.3150183265861498E-12,2.4393660437522954E-4,0.9997560633943098
8751.0,0.6467558404907551,0.35320963564490643,3.452386433852804E-5
8201.0,0.3072695429784509,0.6927303016963721,1.5532517707616814E-7
8474.0,0.1206254389091891,0.8793664673689651,8.09372184584009E-6
9588.0,5.816126700528145E-13,0.7850024586902624,0.21499754130915597
9319.0,5.907709755404195E-12,2.2306317388316183E-5,0.999977693676704
9793.0,0.988029378199259,0.011970522833980856,9.896676020913902E-8
8085.0,0.1366100629462408,0.6731480883901606,0.19024184866359853
8717.0,0.008777891797611355,0.5501347442053754,0.44108736399701315
8990.0,0.7041126823835637,0.2958812825248188,6.035091617340599E-6
8504.0,0.8191966462773286,0.18060272801064114,2.0062571203025305E-4
8235.0,5.802545160587797E-4,0.9953760324396423,0.004043713044298796
9627.0,0.002284392497496929,0.9854823876413668,0.012233219861136308
9352.0,0.8227573442705381,0.1772249372377072,1.771849175471565E-5
8930.0,0.9960086150865797,0.003990786656113642,5.982573067567889E-7
9201.0,1.64435180195214E-20,0.040006346867464654,0.9599936531325353
8663.0,0.01924487653674572,0.9805154969227948,2.396265404595043E-4
8388.0,4.743400124028473E-6,0.9983320717822265,0.0016631848176494022
8302.0,9.934534288340414E-6,0.9999378596886959,5.220577701586882E-5
8573.0,3.491908791160848E-13,1.4520320883928018E-4,0.9998547967908116
9051.0,0.9993620237379627,6.379762338817878E-4,2.815560680082471E-11
8776.0,0.7652295572720096,0.23477044225691268,4.710779214809409E-10
9250.0,0.9993473661428299,6.526324404873221E-4,1.4166826641973793E-9
9521.0,4.606726136210462E-14,0.009559740955148995,0.9904402590448049
8321.0,0.012273277643468044,0.9873992443364443,3.274780200875051E-4
8594.0,6.350302417891904E-4,0.24656015930075445,0.7528048104574564
9140.0,0.009715253199616414,0.9901203217765413,1.6442502384223786E-4
8871.0,0.14455518234756878,0.8270103484801767,0.028434469172254492
8128.0,0.8029966935869883,0.19700201023150968,1.2961815021284968E-6
9421.0,9.518516570109512E-13,0.9806729662102939,0.019327033788754253
9694.0,0.996310785962233,0.003689205219363692,8.818403256504791E-9
8624.0,3.2700593887465536E-11,0.09214466393276168,0.9078553360345377
8355.0,0.9990038288935081,9.961710841929015E-4,2.2299072432971207E-11
8145.0,0.9990036202304291,9.963610247386025E-4,1.8744832345873694E-8
8837.0,1.7697880978803345E-14,0.48989543890538123,0.5101045610946011
9110.0,0.8561679558735904,0.1438056752432617,2.636888314789531E-5
9724.0,0.946542111268393,0.05345760476427151,2.8396733549000283E-7
9455.0,0.999935850359847,6.414962908468078E-5,1.1068266449865271E-11
8543.0,0.007384524452946989,0.9924251472592828,1.903282877702811E-4
8268.0,3.903978870955753E-5,0.9999163480890322,4.461212225828108E-5
8810.0,6.462077594829555E-8,0.999370488264891,6.294471143330407E-4
9081.0,0.007077098484149626,0.989426112315421,0.003496789200429204
9766.0,0.9624325043161961,0.03752600377286563,4.149191093822148E-5
9491.0,0.5981345466628475,0.3971321609403617,0.004733292396790899
9216.0,0.7396480428360012,0.2603470111023341,4.94606166464972E-6
9170.0,1.3060986711215338E-9,0.2382910717663362,0.7617089269275652
8179.0,1.2432539427948217E-10,2.827294693967611E-4,0.9997172704062778
8897.0,8.867032129141591E-7,0.009052077146683884,0.9909470361501032
8423.0,0.16200014180596914,0.8379910007845021,8.857409528848125E-6
8692.0,3.233329142258699E-4,0.999672999201091,3.6678846830869866E-6
9387.0,0.9981567625437305,0.0018432373136959763,1.4257351726603464E-10
9021.0,0.9999947374983166,5.262501619571116E-6,6.394932913495225E-14
8750.0,0.9901532426473927,0.009846746084431,1.126817648229248E-8
8200.0,4.1510684830847356E-6,0.38672594116449305,0.613269907767024
8475.0,0.00317911432713116,0.9935721002100107,0.0032487854628580914
9559.0,0.9072152084119078,0.09278422895866353,5.626294286765008E-7
8716.0,1.1469319366787042E-14,0.44703919370123496,0.5529608062987535
8991.0,0.9991510893373562,8.488923656286398E-4,1.8297015115790466E-8
8505.0,1.611704023558487E-11,1.1166954365544806E-4,0.9998883304402275
8234.0,0.841021457838897,0.15896824226522316,1.0299895879809976E-5
9589.0,2.2031462754321826E-13,4.2535527548068034E-5,0.9999574644722317
9318.0,0.9399271100183751,0.060072887103669474,2.8779553615571918E-9
9792.0,2.684429281539344E-4,0.7160553485301034,0.28367620854174264
8931.0,1.87063662805546E-13,0.999020401450306,9.795985495068935E-4
8162.0,2.3769477294042948E-7,0.7924992005758295,0.20750056172939757
9200.0,5.785297745910787E-14,0.9999835576080841,1.644239185804658E-5
8662.0,0.9998398731236675,1.601268754492507E-4,8.831450101826304E-13
8389.0,2.2093484402084372E-5,0.35706439201364465,0.6429135145019532
9626.0,0.3013320450313009,0.6986615064775824,6.448491116555022E-6
9693.0,7.785878784814276E-5,0.9948684334951119,0.005053707717039966
9422.0,0.9618912936335438,0.0381086713578649,3.500859126100327E-8
8593.0,0.9845322304296173,0.015467678586406084,9.098397664636135E-8
8322.0,0.9970032232999921,0.002996776662742199,3.7265584211121005E-11
8868.0,0.9994979283660134,5.020716151362184E-4,1.885042226676255E-11
9143.0,0.014288352876904938,0.8754218080859875,0.11028983903710751
9735.0,0.125352296307886,0.8746073137507848,4.038994132925813E-5
9522.0,0.9922099112278289,0.007790076953449686,1.1818721441283877E-8
9249.0,3.916586709337987E-15,3.4396631482644024E-8,0.9999999656033646
8574.0,2.9534719450778347E-6,0.45641250187745674,0.5435845446505982
8301.0,0.9991586626611578,8.413306058014836E-4,6.733040752957876E-9
8118.0,2.3021335769774484E-5,0.9996877249253189,2.892537389112561E-4
8779.0,0.7901456383854714,0.20979929200876382,5.506960576497064E-5
9048.0,0.9989086313303542,0.001091367980968119,6.886775414365135E-10
9765.0,0.004088419326482798,0.9446428396982409,0.051268740975276256
9219.0,0.03419095833964646,0.9631926909710843,0.002616350689269251
8271.0,0.01517476288127245,0.98480466784357,2.056927515763311E-5
8540.0,9.496180915055204E-5,0.9782325902764857,0.02167244791436384
9082.0,3.364221467421164E-15,0.9907858850364714,0.009214114963525168
8103.0,0.02329509127929602,0.9744279678404834,0.002276940880220623
8809.0,0.0016963150142491011,0.9830638037077778,0.015239881277973188
9452.0,0.4708456383364123,0.5290756944995048,7.866716408297932E-5
9727.0,0.0765007891692334,0.9230697253966089,4.2948543415764154E-4
8352.0,0.9617161819752542,0.03828273112399049,1.0869007552707225E-6
8627.0,2.2002949818981785E-19,0.14613311949996097,0.8538668805000391
9109.0,3.873466335056176E-6,0.9829044348755007,0.017091691658164196
8838.0,0.9785324875659936,0.021467497614528347,1.4819477990693778E-8
9556.0,0.848195325186614,0.1517875481817345,1.7126631651508335E-5
9287.0,0.9867228137097962,0.01327661809202081,5.681981830340058E-7
8749.0,5.2251470799204186E-6,0.8585523935961554,0.14144238125676467
9022.0,0.4174505198178626,0.5825323250037301,1.7155178407336265E-5
8472.0,0.004526207656689726,0.9883634871362678,0.007110305207042414
8203.0,2.4856628239058265E-6,0.02178867464313845,0.9782088396940376
9659.0,3.8872743679065286E-5,0.980655884067342,0.01930524318897891
9384.0,1.8492778817612877E-5,0.041354618014290204,0.9586268892068922
8898.0,2.967827935142331E-5,0.996296472801747,0.0036738489189015824
9169.0,1.7058965617710215E-8,0.01598718728554513,0.9840127956554892
8695.0,0.2457806111517772,0.7525488256669789,0.001670563181243888
8420.0,0.005858180405577588,0.9936093738251632,5.3244576925916E-4
9354.0,1.827040176118761E-4,0.9989725955858277,8.447003965603781E-4
8928.0,0.9866002315703332,0.013399521638465526,2.4679120128230043E-7
8390.0,0.0018183828990626452,0.9688631343954218,0.029318482705515483
8661.0,0.009824904263486055,0.9901702402774801,4.8554590338541636E-6
9317.0,2.36411599805643E-9,0.9037264739368472,0.09627352369903686
9590.0,0.9371643167083973,0.06283233778012072,3.345511482004646E-6
9795.0,0.6193168494486514,0.38067516035907734,7.990192271227939E-6
8988.0,0.723452531495299,0.27651806122783856,2.940727686234802E-5
8084.0,0.6130980444227732,0.3866244724671228,2.774831101040573E-4
8719.0,0.7253906406365759,0.27456335077203003,4.600859139395733E-5
8233.0,1.2325237061195683E-9,0.9999839003686185,1.609839885773102E-5
8506.0,0.9494799308878532,0.050519713778013266,3.5533413365988663E-7
8592.0,1.12475096031409E-5,0.9999853235636988,3.4289266980353013E-6
8323.0,0.25712463669209934,0.7428374826618568,3.788064604382717E-5
8129.0,0.009679181658449344,0.9886820807526129,0.0016387375889377993
8869.0,3.741072130091284E-5,0.9879936614566859,0.01196892782201332
9142.0,0.9991642261903603,8.350278196833591E-4,7.45989956383734E-7
9692.0,0.8202354804647874,0.1797645054288113,1.41064012166347E-8
9423.0,4.215989359749604E-4,0.9207995260212744,0.07877887504275063
8575.0,0.9999959310412889,4.068958599153224E-6,1.1188985544375777E-13
