9179.0,0.9790012283687133,0.02099836145040757,4.101808791722267E-7
8904.0,0.9762233216482123,0.023775650464544704,1.0278872428758874E-6
8701.0,7.610654898878959E-5,0.803046210182598,0.1968776832684132
9378.0,0.10807480533630227,0.8917846619685075,1.4053269519030044E-4
9012.0,0.2955981955621564,0.7042734664742865,1.28337963557157E-4
8743.0,3.285982902900836E-8,0.0247446912176544,0.9752552759225166
8193.0,1.3738301015293596E-4,0.9822254382259276,0.017637178763919438
8466.0,6.57667112115113E-14,1.7899389616909747E-6,0.9999982100609724
9293.0,0.00884162270285627,0.9907372369338725,4.211403632712572E-4
9566.0,0.9178248790760922,0.08216573863325143,9.382290656382146E-6
8081.0,2.8239528882890417E-6,0.06184364612477163,0.9381535299223401
8709.0,0.058116247557800906,0.8260770645413422,0.11580668790085691
8982.0,3.552483918803924E-16,1.7782741335468984E-7,0.9999998221725863
8496.0,0.5094014985468115,0.49059460888376366,3.892569424729419E-6
8227.0,3.489030161108463E-11,0.9990092656504449,9.907343146647366E-4
9596.0,1.3784411120008534E-12,0.9996730948862967,3.2690511232479286E-4
9327.0,0.9669740561489785,0.03302562469225561,3.191587658534586E-7
9801.0,4.569524773325622E-13,0.6689061085166446,0.33109389148289853
8938.0,2.777671386480649E-11,1.3838352464679498E-4,0.9998616164475764
8671.0,2.2212778678409363E-11,1.225576726180754E-4,0.9998774423051692
8396.0,0.9985698207373633,0.0014301787053848396,5.572518143803904E-10
9619.0,4.147528127704231E-18,2.332650380841829E-5,0.9999766734961917
9344.0,0.9891809126268529,0.01081908164738879,5.725758269934202E-9
8295.0,0.02287673858268557,0.9673603393014764,0.009762922115838008
8564.0,9.964986572301704E-7,0.9801566131817782,0.019842390319564623
9042.0,0.020598978705083648,0.9790904306191343,3.105906757821495E-4
8769.0,7.928723249851731E-9,0.9980540222013191,0.0019459698699576277
8115.0,0.9968747956701224,0.0031251410807407974,6.324913675822566E-8
9741.0,4.395164512673406E-11,0.9656621568901775,0.03433784306587081
9259.0,1.3259738896539895E-5,0.9687276205867028,0.03125911967440068
9528.0,6.689170610587652E-6,0.9988095155884498,0.0011837952409395152
8328.0,0.009474231959498161,0.9905132708703652,1.2497170136736155E-5
8603.0,4.9235959721282885E-5,0.9978755230585168,0.0020752409817619125
9149.0,8.393516786115459E-11,0.9994722170962834,5.277828197814113E-4
8878.0,0.9889062548911377,0.0110933728878129,3.722210494255292E-7
9687.0,0.0011490461910115802,0.36918754688517447,0.6296634069238138
8633.0,0.9742183200020214,0.02576898852638938,1.2691471589220563E-5
8362.0,1.9345159443060018E-10,0.5278695086798277,0.4721304911267206
8844.0,0.8266971970162227,0.173301549058703,1.2539250742352025E-6
9119.0,0.8412796934445109,0.15860369660487567,1.1660995061337104E-4
9446.0,0.018108991602446403,0.9803964076727495,0.001494600724804168
8534.0,0.49167953506235895,0.5083204129666031,5.197103784134146E-8
8261.0,0.07462498739733127,0.9253339938510924,4.10187515763108E-5
8098.0,0.9778504029715178,0.022144561317551787,5.035710930385644E-6
8803.0,0.4099864395662748,0.5899782171167097,3.5343317015465396E-5
9072.0,0.008148177973961005,0.9906256056232297,0.0012262164028094414
9775.0,5.494760328342111E-4,0.9789606554308132,0.020489868536352703
9498.0,0.1103727779313171,0.786205342164887,0.10342187990379598
9225.0,0.19187162992497853,0.8077805069933346,3.4786308168692726E-4
9379.0,1.8942108593487724E-4,0.992408976794709,0.007401602119356127
9648.0,0.9418780834060629,0.058105859751722076,1.6056842214976345E-5
9178.0,0.1347804832533157,0.8652076585924531,1.1858154231263334E-5
8183.0,3.359458717379066E-16,8.725824221635792E-6,0.999991274175778
8905.0,1.5730068208804678E-13,3.741002385891208E-8,0.9999999625898188
8431.0,1.968845754925285E-12,3.8174042581345474E-4,0.9996182595722177
8700.0,0.32622776011768123,0.6734443722907129,3.2786759160592047E-4
9292.0,7.335879730539616E-5,0.9994174017234652,5.092394792294603E-4
9567.0,2.0980229927520587E-18,0.9965367516496714,0.0034632483503286033
9013.0,0.08432969370265767,0.9150464721932268,6.238341041156619E-4
8742.0,4.03656589805877E-9,0.999792219222647,2.0777674078711943E-4
8192.0,0.0020928078671762335,0.9963615578802348,0.0015456342525887337
8467.0,0.8898124496770299,0.11018385170781489,3.698615155075141E-6
9597.0,0.006500498471272109,0.9931546630428643,3.448384858635298E-4
9326.0,0.04451732971980133,0.9509994852538028,0.004483185026395724
9800.0,4.656109892938963E-16,0.0025061772036418985,0.9974938227963577
8708.0,0.9846286358115678,0.015367664357481879,3.699830950354908E-6
8983.0,0.06152542949946369,0.9375599082038814,9.146622966549512E-4
8497.0,1.3318543690181714E-7,0.9107643145346638,0.08923555227989927
8226.0,9.533211713649976E-11,0.9045644162044768,0.09543558370019097
9618.0,0.9958355366908174,0.0041644528127837985,1.0496398814389551E-8
9345.0,2.6591852354072952E-9,0.9999626042177986,3.739312301610195E-5
8166.0,5.744918330706425E-4,0.9424963448043919,0.0569291633625373
8939.0,0.9998408645428771,1.591332839795978E-4,2.1731433441220856E-9
9208.0,0.001678086467458178,0.9969247458836203,0.001397167648921541
8670.0,2.5204076061853824E-6,0.9714859350012469,0.028511544591146992
8397.0,0.5510638703835804,0.4484969597307511,4.391698856685536E-4
9740.0,0.9466648728869588,0.053334705527481686,4.215855596064689E-7
9258.0,0.8774243073651793,0.12257423266455518,1.4599702655189322E-6
9529.0,0.0033130625916377534,0.9961082155718086,5.787218365536192E-4
8294.0,0.993893454077968,0.0061064762808841055,6.964114786046244E-8
8565.0,1.7450468162207224E-15,1.9049991700040086E-8,0.9999999809500066
9043.0,0.003781037882975531,0.9962139713722625,4.99074476207027E-6
8768.0,0.22587570257056444,0.7740744075735946,4.9889855840876266E-5
9413.0,7.237415916322755E-18,0.9337389189030876,0.06626108109691228
9686.0,0.9709167777144645,0.029081786709260395,1.4355762752171442E-6
8329.0,6.447082185965856E-4,0.9990425777993296,3.127139820738168E-4
8602.0,2.8241172346969538E-6,0.11469823504561097,0.8852989408371543
9148.0,0.9905210658694134,0.00947890064879627,3.3481790355866124E-8
8879.0,3.8087973615979844E-11,4.751945430279503E-6,0.9999952480164818
8132.0,0.9945575930068056,0.005441287407046928,1.1195861474574921E-6
9716.0,6.693369513363475E-15,0.9932537485461282,0.006746251453865099
9447.0,8.272366787581535E-5,0.975296508619327,0.024620767712797177
8632.0,0.8995543414488927,0.10034476154704121,1.0089700406622628E-4
8363.0,0.22764035828377358,0.7641596269706611,0.00820001474556536
8149.0,2.0637456623363314E-4,0.5262300110674447,0.4735636143663218
8845.0,0.9897013234688085,0.01029740718087241,1.2693503192991186E-6
9118.0,2.2884948106758715E-8,0.0033107851086307,0.9966891920064213
9774.0,1.0708367536375424E-7,0.03243262553695453,0.9675672673793702
9499.0,2.986592070178728E-8,0.9998389787815408,1.6099135253854646E-4
9224.0,0.266297903889803,0.7335232162133405,1.7887989685658282E-4
8535.0,0.7830007423299183,0.21690599793372808,9.325973635347869E-5
8260.0,1.7047248617866925E-4,0.9997385560710943,9.097144272710787E-5
8802.0,3.356056035404852E-17,0.9675281318123194,0.032471868187680594
9073.0,0.002237029695148565,0.9977618102572667,1.160047584741751E-6
8741.0,0.813128446425012,0.1868018250979765,6.97284770113595E-5
9014.0,1.0812789632300137E-4,0.9666726023506381,0.03321926975303901
8464.0,5.389454893406094E-6,0.9975262020997486,0.002468408445357919
8195.0,0.08895437692554038,0.8806888244956632,0.03035679857879639
9564.0,3.616181843220811E-24,6.8118855201908565E-12,0.9999999999931881
9295.0,0.9962396600041219,0.003760288066595248,5.192928279248079E-8
8906.0,1.3202058655914173E-5,0.9999718822135851,1.4915727759023035E-5
9177.0,0.7757401802112247,0.22417389966972645,8.592011904883293E-5
8703.0,6.889696730297795E-21,2.1188032463209617E-4,0.999788119675368
8428.0,4.6023582041373445E-9,0.061523367692155516,0.9384766277054863
9651.0,0.7497771033343363,0.25014149515378337,8.140151188025616E-5
9376.0,0.006384148093813001,0.9900467098434773,0.003569142062709615
9211.0,0.21511792035902744,0.7848819762134845,1.0342748816953063E-7
8936.0,0.8940994139549189,0.10128374794986322,0.004616838095217778
8398.0,1.4336566902500928E-10,8.312409937112887E-7,0.9999991686156406
8669.0,0.5075931394120904,0.49240173425076483,5.1263371447640335E-6
9346.0,0.04726242690662833,0.9523048920836045,4.3268100976713044E-4
9617.0,3.373458117636084E-7,1.7765419211834578E-5,0.9999818972349764
8980.0,0.3283131863468454,0.6716867239649176,8.968823703804754E-8
8080.0,3.0107966285062148E-12,0.998348066597057,0.001651933399932193
8711.0,7.85515352938814E-7,0.18807810099824385,0.8119211134864033
8225.0,0.49234962662408654,0.5076457737542589,4.5996216546242565E-6
8498.0,0.9595734248901564,0.04042639190991537,1.8319992814407083E-7
9325.0,0.014513911693652503,0.9852275989840859,2.584893222615157E-4
9598.0,0.7400654676326467,0.2599095040768243,2.5028290528858466E-5
9803.0,3.279449177268087E-9,0.9649259735151229,0.03507402320542805
8601.0,0.7386996055849834,0.26119607332181943,1.0432109319730338E-4
8330.0,1.1536115696078279E-6,0.9999645367134506,3.430967497976062E-5
8876.0,0.8983901814309662,0.10160410258119786,5.715987835901371E-6
9151.0,0.9716075974577305,0.028391411291825576,9.912504438780647E-7
9685.0,1.1821003898943487E-4,0.9748097501513463,0.025072039809664264
9414.0,2.576083657039383E-11,0.9825558880453849,0.017444111928854287
8566.0,2.267928558369809E-8,0.7638339351114573,0.23616604220925702
8293.0,0.0025822224294780034,0.9971673090334076,2.504685371142946E-4
8771.0,1.0292549567561504E-13,2.0636226031087917E-5,0.9999793637738659
8114.0,5.656354241319436E-9,0.8879309027575134,0.11206909158613244
9040.0,0.0038671416707266653,0.9742369495467208,0.02189590878255256
9743.0,1.3265254067977713E-5,0.7899096954098336,0.21007703933609845
9530.0,0.9976972389516772,0.0023027538019908173,7.246331852520437E-9
8263.0,0.9201351549338692,0.07985893581091853,5.909255212307985E-6
8532.0,0.21728831967305434,0.7816637904177917,0.0010478899091540981
9074.0,0.9991279558356964,8.720362472093422E-4,7.917094193363356E-9
8801.0,4.542599619699678E-5,0.028550501803145525,0.9714040722006574
8099.0,0.0033253141972221616,0.96738070510077,0.029293980702007776
9773.0,0.9651032102816112,0.03489676914963839,2.056875034688461E-8
9227.0,7.302418469203987E-8,0.5967137991611818,0.40328612781463347
9496.0,4.865796457595407E-7,0.23594342738398918,0.764056086036365
8360.0,0.0027207738388250204,0.9962340179281273,0.0010452082330476816
8635.0,0.0017784073073430593,0.996647990908627,0.0015736017840298907
9117.0,0.29540014170796725,0.7001288081807343,0.004471050111298448
8846.0,6.20486031340684E-5,0.8775362966700532,0.12240165472681279
9444.0,3.566680195426066E-8,0.09526537762134225,0.9047345867118558
9719.0,1.1816482546349662E-4,0.9378400324456776,0.062041802728858945
9565.0,0.9639979499853966,0.0360006955936282,1.3544209753307205E-6
9294.0,0.06639793857755362,0.9335720790242037,2.998239824277591E-5
8740.0,6.508945626582633E-7,0.00989897072309637,0.990100378382341
8465.0,1.5978705599370763E-5,0.9995521840099807,4.3183728441997435E-4
8194.0,0.046688202693199496,0.9532684285255664,4.3368781234121064E-5
9650.0,2.437548116315109E-5,0.9188415780142327,0.08113404650460414
9377.0,0.002663227494017925,0.9730680502489423,0.024268722257039854
8182.0,0.07361312384381913,0.9263074897959315,7.938636024950909E-5
8907.0,2.190162052859951E-7,0.9539262263678666,0.04607355461592809
9176.0,0.08936619342710408,0.9103273348263082,3.0647174658767656E-4
8702.0,0.06407494852926988,0.9359249465525027,1.0491822736915623E-7
8429.0,0.0027982783339340622,0.6904365940615749,0.30676512760449115
9347.0,1.1589833863515882E-4,0.99733480783912,0.0025492938222448046
9616.0,0.0810625935264424,0.9174712788810091,0.0014661275925483808
9210.0,1.0200452848206588E-9,0.343163822183023,0.6568361767969317
8937.0,5.488981405115128E-11,0.9987905158009173,0.0012094841441929681
8167.0,0.4279541118527737,0.5685444035055123,0.003501484641714038
8399.0,0.9065459067890664,0.09345256603510213,1.5271758314069011E-6
8668.0,0.001930790616589351,0.9965996283550709,0.001469581028339765
9324.0,0.2182427096360593,0.7809548367064706,8.024536574702373E-4
9599.0,3.769607935374758E-5,0.9999597345840665,2.5693365797117613E-6
8981.0,2.3861198331217486E-4,0.7528852574148787,0.24687613060180916
8710.0,0.007210094805247364,0.9925474506772852,2.4245451746739786E-4
8224.0,4.678565336054316E-5,0.9999135286239659,3.96857226735252E-5
8499.0,0.0733858802734835,0.9265783129035597,3.5806822956793155E-5
9684.0,0.9721494560514666,0.027844134988574014,6.408959959342649E-6
9415.0,1.8192284420383443E-5,0.9985737284557354,0.001408079259844102
8600.0,1.9952743686699217E-6,0.3067564929112656,0.6932415118143658
8331.0,0.9994939037408669,5.060849724263398E-4,1.1286706817184985E-8
8877.0,0.9993583044757351,6.416722520660439E-4,2.3272198653544048E-8
8133.0,0.9958099698841486,0.004189321462751438,7.086531000703666E-7
9150.0,0.5052579836016545,0.49454474369912105,1.9727269922455618E-4
9742.0,0.9957982624731747,0.004201728244245942,9.282579492239229E-9
9531.0,0.5632622273295692,0.4367368411280827,9.315423481244063E-7
9256.0,1.5980491351628957E-4,0.8941417450772745,0.10569845000920909
8567.0,9.846440295794982E-8,0.8321624163772285,0.16783748515836844
8292.0,0.030428836932543824,0.9695567707240933,1.4392343362998284E-5
8770.0,0.8240505702267551,0.1759437683944914,5.661378753508668E-6
9041.0,0.9124834871576889,0.08751362091606817,2.8919262429982287E-6
9772.0,0.643171217554818,0.35682868558290093,9.686228109616483E-8
9226.0,1.297077026729068E-7,0.7855803717850134,0.21441949850728376
9497.0,0.01631030139404772,0.9624074178260202,0.021282280779932036
8262.0,4.275628228950224E-9,0.6662024884869148,0.33379750723745694
8533.0,0.004289651848596568,0.9954477131374689,2.626350139344999E-4
9075.0,0.0026046684008042783,0.9969544277480887,4.4090385110690005E-4
8800.0,0.9662639203119314,0.03372974836456066,6.3313235078059795E-6
9445.0,2.5939184510316587E-13,0.8184967985942145,0.1815032014055261
9718.0,0.020990155981834506,0.9790081142080703,1.7298100953212241E-6
8361.0,3.472201266948541E-15,0.00496629824248673,0.9950337017575098
8634.0,0.9260674815589708,0.07357754282436753,3.549756166617379E-4
9116.0,0.6380701599590046,0.36192887892956593,9.611114293345395E-7
8847.0,0.11772120277575905,0.8821694426974187,1.0935452682214667E-4
8148.0,0.15893763523314797,0.8410587338219302,3.6309449218600087E-6
8500.0,1.2568675688381017E-15,0.9954245174197579,0.004575482580240908
8231.0,0.9854144080414551,0.014584919003696408,6.729548485563886E-7
8705.0,0.2679080958732685,0.732091684524965,2.1960176648051574E-7
8083.0,0.9988429516450296,0.0011570483412768552,1.3693660164990109E-11
8978.0,0.025653637431182794,0.9647020220111784,0.009644340557638817
9805.0,6.320961073022753E-14,1.247714896708466E-4,0.999875228510266
9592.0,0.8830336838640671,0.11694234036104065,2.3975774892248295E-5
9323.0,0.03597681535922974,0.964010302405635,1.2882235135157635E-5
8667.0,0.05657081947330527,0.9434134211639441,1.5759362750626506E-5
8392.0,0.31640396956730193,0.6817058927561344,0.001890137676563734
8942.0,2.7562059938190605E-11,0.9993033220425959,6.966779298420633E-4
9213.0,0.474423818618704,0.5198619148842116,0.0057142664970843944
9623.0,0.9971302794468333,0.0028696962293287658,2.4323837839081718E-8
9348.0,0.99238849858392,0.007611354178977149,1.472371029268852E-7
8426.0,0.0020636600696661497,0.7614969236731617,0.23643941625717227
8697.0,0.010415090747884007,0.983273307652449,0.006311601599666897
9183.0,0.100411490707885,0.8994820258128812,1.064834792337914E-4
8908.0,0.9990787030451663,9.212922857035885E-4,4.6691301474358E-9
9653.0,0.0029098111368984544,0.996891915779593,1.9827308350854546E-4
8197.0,9.480376770996126E-19,1.637041278971982E-6,0.999998362958721
8470.0,2.3563181598323372E-7,0.1886591253791249,0.8113406389890592
9008.0,1.7958970498891313E-5,0.343623461455033,0.6563585795744681
8739.0,0.9979834103778948,0.0020165808476550772,8.774450095927711E-9
9289.0,0.14902641841380382,0.8509637941191354,9.787467060826624E-6
9562.0,0.9427763498089167,0.057200414630952115,2.3235560131217434E-5
8840.0,5.75891912117737E-4,0.989441749514798,0.00998235857308433
9115.0,1.8672031017224696E-7,0.9005126790271819,0.09948713425250787
8637.0,4.3402796461762373E-14,0.030029302413885562,0.969970697586071
8366.0,9.47623588134563E-6,0.9999883667408092,2.1570233095155458E-6
9442.0,0.8396516319284402,0.15582622799167142,0.00452214007988849
8807.0,0.41234303530515315,0.5876537498612194,3.214833627392965E-6
8096.0,9.975123364903999E-4,0.9954220470563381,0.00358044060717156
9076.0,5.3753546976422474E-5,0.9960495940327996,0.0038966524202239524
8530.0,5.387836473431679E-13,0.9998173278552922,1.8267214416890784E-4
8257.0,2.565229957918403E-19,5.841097213074789E-11,0.999999999941589
9502.0,3.8180145377330276E-4,0.9961333212294045,0.003484877316822361
9229.0,0.01732194850927174,0.9822050233999476,4.730280907805963E-4
9771.0,0.5759882071348362,0.4234418527148226,5.699401503412028E-4
9046.0,1.5280704320629273E-12,0.009307439261910602,0.9906925607365614
8773.0,2.593573792074194E-7,0.9207214670374586,0.07927827360516228
8113.0,0.9993165679815043,6.834126355869249E-4,1.9382908896072336E-8
8291.0,5.658492209568958E-11,0.9722967318122804,0.027703268131134585
8560.0,0.007000894008858062,0.9426726993696933,0.050326406621448785
9263.0,1.1991147354118228E-6,0.37090244874276435,0.6290963521425001
9532.0,0.006859957442886489,0.8863091611365479,0.10683088142056572
9737.0,9.265768415582092E-17,0.9998083176385691,1.9168236143087819E-4
9145.0,0.5399402673323811,0.46004951086705687,1.0221800562125863E-5
8874.0,0.009427206097304883,0.9890003786979082,0.001572415204786796
8332.0,0.9802036215250023,0.019771102987387146,2.5275487610632282E-5
8607.0,0.004032696946221868,0.8824063807773171,0.1135609222764611
9408.0,0.9980621199540104,0.0019377888405495258,9.120544006153837E-8
9683.0,0.9941089037713027,0.005891007424838238,8.88038592040821E-8
9593.0,0.1607812983899337,0.8293175415594981,0.009901160050568255
9322.0,4.8608781131938777E-4,0.9940671041300052,0.005446808058675445
8501.0,0.006720804349132473,0.9856787249148199,0.007600470736047539
8230.0,0.9715908527325984,0.028404353441657145,4.7938257445701065E-6
8704.0,0.9577265918395804,0.04224963594670091,2.3772213718637557E-5
8979.0,1.0957158645131179E-8,5.066839394239546E-5,0.9999493206488991
9622.0,0.06356282385236157,0.9364362218691503,9.542784880057082E-7
9349.0,0.00427060221035269,0.9721230254449402,0.02360637234470709
8666.0,7.834812032270637E-6,0.04527502143236693,0.9547171437556009
8393.0,0.10583062185192516,0.8919958728594061,0.002173505288668671
8164.0,3.863141622457248E-5,0.9630800011851338,0.03688136739864154
8943.0,1.1347352287756496E-10,0.5773778546315665,0.42262214525495995
9212.0,7.681810719357655E-8,0.06906686551445418,0.9309330576674386
9383.0,0.5803998560868429,0.41959704779602663,3.096117130484326E-6
9652.0,0.9983490227900375,0.0016488421051730506,2.13510478952811E-6
8427.0,0.9542138114865948,0.04577967698117817,6.511532226968895E-6
8696.0,0.9986531278099546,0.0013466979069209908,1.7428312437654654E-7
9182.0,0.9817981098807863,0.018200709058848855,1.181060364707269E-6
8909.0,0.013706051313561148,0.955171279198294,0.031122669488144836
8181.0,0.015826822636541015,0.975214690796452,0.00895848656700706
9288.0,1.0706465129413652E-5,0.9932470125650025,0.006742280969867921
9563.0,5.759062384466597E-12,0.9991092587996021,8.907411946387777E-4
8196.0,1.9174782894869255E-6,0.9994886849028273,5.093976188831238E-4
8471.0,0.9957423799389655,0.004257591122091466,2.8938942932044135E-8
9009.0,0.23387872507800817,0.7660702441882165,5.103073377533518E-5
8738.0,0.08036006725136838,0.9165272861147289,0.0031126466339027846
9712.0,1.7336762824780593E-10,0.9999849341678541,1.5065658778160946E-5
9443.0,0.003434661777038562,0.987170062948945,0.00939527527401641
8151.0,0.03269282729426299,0.6471330818148774,0.3201740908908596
8841.0,1.0280229666148043E-5,0.3590171670513986,0.6409725527189353
9114.0,0.9998852070792442,1.1479270596232799E-4,2.1479345770002311E-10
8636.0,8.29529903604201E-5,0.9395631929599043,0.06035385404973532
8367.0,2.9320426216126273E-4,0.6339571311518482,0.3657496645859906
9503.0,0.924251080215558,0.07573505603799391,1.3863746448175827E-5
9228.0,0.9707823050817203,0.0291337633168927,8.393160138708089E-5
9770.0,9.90383548352132E-4,6.441467238877339E-4,0.9983654697277601
8806.0,4.738445008825949E-7,0.9607550272458277,0.03924449890967137
9077.0,1.6396236187529307E-7,0.06801042756498697,0.9319894084726511
8531.0,4.6997592717538093E-4,0.9761695120601744,0.023360512012650225
8256.0,5.03291024767226E-4,0.9990299250350346,4.6678394019813844E-4
9262.0,1.1248880217803432E-4,0.9998819258466982,5.585351123819445E-6
9533.0,6.363540073520916E-8,0.6350388733810234,0.36496106298357583
9736.0,0.09439320753023535,0.9054839837827089,1.2280868705574042E-4
9047.0,4.328708863666835E-5,0.8665211735901757,0.13343553932118768
8772.0,9.911767098712408E-7,0.9999768236287238,2.218519456633191E-5
8290.0,0.0013255011789979963,0.99831740778146,3.57091039541943E-4
8561.0,9.323939764781187E-6,0.011420871287541505,0.9885698047726937
9409.0,4.72751551617506E-13,0.9999999241988504,7.580067674470894E-8
9682.0,2.693141657550198E-11,0.024393702045995,0.9756062979270735
9144.0,0.8439656912737972,0.15602643643823608,7.872287966694566E-6
8875.0,2.7747580666153125E-6,0.9997669054257934,2.3031981613998997E-4
8134.0,7.813023079203903E-8,0.9922245756903815,0.0077753461793876825
8333.0,7.790312478882947E-8,0.6848688187131838,0.3151311033836914
8606.0,0.8547801262414145,0.14517138420093195,4.8489557653612445E-5
8394.0,0.1514377020139905,0.8485234814856514,3.8816500358047715E-5
8665.0,0.936087175396471,0.06385003601671053,6.278858681853698E-5
9215.0,0.9870858530286261,0.0129141459115439,1.0598300210243707E-9
8940.0,0.0586740886017711,0.9254483780103071,0.015877533387921736
9350.0,0.9947225559933388,0.005277429227979418,1.477868175966199E-8
9621.0,0.4425694733757346,0.5573513242189788,7.920240528645359E-5
8229.0,0.0018349498872770645,0.9955321505045984,0.002632899608124468
8502.0,9.193776409242324E-10,0.7965042175871564,0.20349578149346595
8976.0,0.0013480922526554564,0.9881959705405242,0.010455937206820382
8082.0,0.004974950858113188,0.9906452909359591,0.004379758205927752
8707.0,1.409688132137753E-9,0.9980665517691368,0.0019334468211750892
9807.0,3.7300278754813293E-10,0.9998417481237556,1.582515032416367E-4
9321.0,0.33059713110410727,0.6693631970600195,3.967183587309281E-5
9594.0,9.788905365341413E-12,0.9867437450241312,0.013256254966079985
8468.0,0.9805703678343715,0.019424943074623963,4.6890910046869044E-6
8199.0,2.5355925176844265E-16,0.9999177579292674,8.224207073238573E-5
8737.0,0.019306488825491994,0.9806686943413057,2.4816833202384228E-5
9010.0,1.7854482835652166E-12,0.7581865447352044,0.24181345526300999
9560.0,3.185993178178278E-8,0.4715507214581527,0.5284492466819155
9291.0,4.3318348131828445E-4,0.9920762939508728,0.007490522567808883
8699.0,0.994006860306141,0.005993064337913135,7.535594592645596E-8
8424.0,0.9948082176414836,0.005178027529857466,1.3754828659031626E-5
8910.0,0.7820887486428951,0.20920254351153042,0.008708707845574431
9181.0,2.3614520101693805E-7,0.014701263442233626,0.9852985004125653
9380.0,0.9165802034097703,0.0832975496133125,1.2224697691716688E-4
9078.0,1.3220294947566E-10,9.081205972388379E-4,0.9990918792705582
8805.0,0.9319445398171669,0.06804129917603255,1.416100680046329E-5
8097.0,0.8564518268793682,0.14253704727423908,0.0010111258463927706
8259.0,0.21143655827084015,0.7882448885563508,3.185531728090429E-4
8528.0,0.8400653137779066,0.15992315356881892,1.1532653274421469E-5
9231.0,0.886565795844688,0.0934908110792527,0.019943393076059177
9500.0,3.430422251730255E-5,0.9991736132121101,7.9208256537251E-4
9769.0,0.9578914534315078,0.042098272500864904,1.0274067627295918E-5
8842.0,0.008456478591274673,0.991013751779177,5.297696295482681E-4
8364.0,2.0249058558378204E-8,0.9535830098272114,0.04641696992373002
8639.0,0.015447142094963753,0.9832361462393192,0.001316711665716993
9440.0,1.258681598189147E-7,0.014616536054693563,0.9853833380771466
9715.0,4.128391363817722E-8,0.11017644461497132,0.8898235141011149
8872.0,8.345753765898225E-6,0.6026890789464754,0.39730257529975865
9147.0,0.6673753960914136,0.3319638286900265,6.607752185599376E-4
8605.0,1.2647186766741523E-7,0.9977908014608086,0.002209072067323754
8334.0,0.5209493243615843,0.47891704115275247,1.3363448566334042E-4
9681.0,3.533624355316409E-7,0.7296830983662883,0.2703165482712762
8775.0,0.2746553101899171,0.7250888650097455,2.5582480033742446E-4
8112.0,0.22443068641114464,0.762111523613573,0.013457789975282434
8562.0,0.012648306034913017,0.9873045835992444,4.711036584249043E-5
8289.0,0.4461567053574844,0.5538182074852056,2.508715730994245E-5
9534.0,0.7373715900686248,0.26259108114232754,3.732878904767011E-5
9261.0,0.6372984587840063,0.3626948670345718,6.674181421874526E-6
9739.0,4.7882362640426973E-14,0.15323106473859488,0.8467689352613572
9351.0,0.21864556365772903,0.7812778264364859,7.6609905785081E-5
9620.0,1.483407291745822E-7,0.8632687209176779,0.13673113074159282
8395.0,0.26625507212642247,0.7336623450494333,8.258282414434336E-5
8664.0,0.010264479664114777,0.9897180037906159,1.751654526934025E-5
9214.0,3.7166608221968906E-9,0.9993289923667141,6.71003916625056E-4
8941.0,0.21542428700358138,0.7836259269490857,9.497860473329284E-4
8165.0,0.0014074301436986937,0.9570048259872751,0.041587743869026264
9806.0,1.6666531209054585E-7,0.5687103204505528,0.4312895128841351
9320.0,0.8226764341202935,0.17732250031571892,1.0655639876726159E-6
9595.0,0.48353751459813854,0.5164617441753404,7.412265210023777E-7
8228.0,0.009340606325560281,0.9879203083332623,0.00273908534117737
8503.0,1.319389500007789E-5,0.7716806017744092,0.22830620433059076
8977.0,0.9462424549115729,0.05375474360231773,2.8014861094123616E-6
9290.0,0.9934344239790204,0.006564822104364604,7.539166150895704E-7
8469.0,1.4466573938512384E-8,0.690619088672397,0.30938089686102904
8198.0,6.781392327947331E-5,0.9987918814288869,0.0011403046478337035
8736.0,1.457192539829601E-8,0.01991442192954939,0.9800855634985253
9011.0,0.8924832407605596,0.10744128326921722,7.547597022308047E-5
9654.0,1.4830964340188324E-5,0.9970141915534165,0.002970977482243167
8698.0,1.3017721871534084E-6,0.9840012196920741,0.015997478535738734
8425.0,0.9982928992186508,0.001707099253962773,1.5273864224222816E-9
8180.0,0.7346802040005502,0.2652549567327438,6.483926670593645E-5
8911.0,3.277104677816671E-6,0.9969911897219327,0.003005533173389537
9180.0,2.297785201066635E-4,0.9762907435886051,0.023479477891288205
9230.0,8.843070894251662E-5,0.9957060685809284,0.004205500710129046
9501.0,0.007579315727800452,0.9924173604502569,3.3238219427452747E-6
9768.0,0.046616160774031225,0.9529971159589109,3.8672326705796727E-4
9079.0,0.9661311286506503,0.03386641649117824,2.454858171424163E-6
8804.0,0.9626306146371029,0.037362937861870026,6.447501027001723E-6
8258.0,4.878547148030625E-7,0.9844126450243941,0.015586867120891083
8529.0,0.5804591119424958,0.3534905087051265,0.06605037935237766
9441.0,0.9603285862996174,0.03966995498362535,1.4587167573370317E-6
9112.0,0.5224955874935123,0.4771639612250471,3.4045128144052374E-4
8150.0,0.019655170462638514,0.8170635029069898,0.1632813266303715
8843.0,9.592149882074646E-5,0.16545271120853952,0.8344513672926398
8365.0,0.4933444145557186,0.5066538454391173,1.74000516405571E-6
8638.0,0.7384810936703107,0.2613856708614961,1.3323546819309464E-4
9680.0,0.975386676635425,0.024611716844666256,1.6065199087512003E-6
9411.0,0.0010476869072846208,0.9982845310649519,6.677820277633453E-4
8135.0,0.3289018521812155,0.6709338522577417,1.6429556104273854E-4
8873.0,0.05949276575541752,0.940496389673138,1.084457144436989E-5
9146.0,0.006784097161825956,0.9927869470768892,4.2895576128498933E-4
8604.0,1.555232563683221E-5,0.02430009042443229,0.975684357249931
8335.0,0.9649790777661907,0.0350149647269128,5.957506896361195E-6
9535.0,0.8639677348944634,0.13601437397274757,1.789113278900299E-5
9260.0,4.516092301223306E-9,4.140747072672351E-4,0.9995859207766404
9738.0,0.9271428672583368,0.0728442797822687,1.2852959394539194E-5
8774.0,9.975896930974131E-8,0.08902355133065801,0.9109763489103727
9045.0,0.8586765161974109,0.14131319495381,1.0288848779049461E-5
8563.0,0.007581083754845814,0.991001083552677,0.0014178326924771255
8288.0,3.5668712207900762E-6,0.17827703645425844,0.8217193966745208
9733.0,0.21114228591040127,0.7886766306357499,1.8108345384887974E-4
9251.0,3.194323827900371E-9,0.995763826096241,0.004236170709435098
9520.0,0.2346968561077473,0.7646900295248416,6.131143674111681E-4
8303.0,0.9995997155858143,4.00284403467305E-4,1.0718549501165837E-11
8572.0,0.1580683767975195,0.8368075824950187,0.005124040707461841
9050.0,0.6695355429651848,0.32367336906136024,0.006791087973454981
8777.0,0.005277549686251966,0.9850681954217341,0.009654254892013896
8119.0,3.094908489346588E-11,0.0046506589991984724,0.9953493409698524
9420.0,0.0025765233476083586,0.9973441120182747,7.936463411693525E-5
9695.0,0.003737165370195985,0.990454051368709,0.005808783261095056
8320.0,0.07753690256403353,0.9224522108432103,1.0886592756101641E-5
8595.0,0.0026141760606341667,0.9972919633691646,9.386057020120057E-5
9141.0,0.9998448986068381,1.55100043251475E-4,1.3499103636222563E-9
8870.0,0.0020677986084529114,0.9598641812376293,0.03806802015391776
9725.0,1.0865225734893648E-5,0.3055511421326605,0.6944379926416047
9454.0,1.1399056490199497E-9,0.9781780278014527,0.021821971058641646
8625.0,0.4565831338473215,0.5433834229047418,3.344324793656797E-5
8354.0,0.01742427202759909,0.9662399905618341,0.016335737410566927
8836.0,0.4812457908888496,0.5182946782707719,4.5953084037845496E-4
9111.0,4.409812584156978E-14,0.999996687319343,3.3126806129030003E-6
9767.0,0.044867725547594356,0.9272255104435242,0.027906764008881462
9490.0,2.821097256428481E-4,0.7915823396937042,0.20813555058065292
9217.0,1.2695159236868469E-6,0.9944083092136453,0.00559042127043089
8542.0,3.379003266844836E-6,0.5277779101049359,0.4722187108917974
8269.0,0.9844174144689211,0.015582121135812917,4.643952659108542E-7
8811.0,0.5471961499039554,0.45266666613283785,1.3718396320677883E-4
8102.0,0.9484388031295331,0.05155786051368614,3.336356780824887E-6
9080.0,2.503942156447838E-4,0.9997462546706944,3.351113660875937E-6
9386.0,1.0516815616774948E-8,0.9106064018557446,0.08939358762743985
9657.0,0.02380174569615207,0.9713984743666532,0.004799779937194827
9171.0,0.9483918689915718,0.05160371602405198,4.4149843761724705E-6
8896.0,9.90625200536561E-13,0.010503425405931417,0.9894965745930778
8693.0,5.281727750458743E-4,0.9993889347194248,8.28925055293805E-5
9285.0,3.8337348648443384E-5,0.3931750814127149,0.6067865812386367
9558.0,0.9708642435866212,0.029119509086061,1.6247327317798075E-5
9020.0,8.599475706677967E-13,5.611383520853886E-4,0.9994388616470546
8751.0,0.13338580926804577,0.8664800771829485,1.341135490056254E-4
8201.0,0.5214690201644271,0.4785308677168795,1.1211869328220098E-7
8474.0,0.11447297655532442,0.8853026481729586,2.2437527171703466E-4
9588.0,1.2729110981583211E-11,0.8006326673165935,0.19936733267067744
9319.0,1.8033986100747569E-9,7.751583015564149E-4,0.999224839895045
9793.0,0.9162377254871436,0.0837467948518055,1.5479661050962957E-5
8085.0,0.4207625553730784,0.49736800163391104,0.08186944299301063
8717.0,4.1706423333727824E-5,0.2002833374600373,0.799674956116629
8990.0,0.1954987162336019,0.8043689785007305,1.3230526566749447E-4
8504.0,0.666161668723515,0.33368356841625857,1.5476286022643904E-4
8235.0,8.347217588469859E-5,0.9870600562067264,0.012856471617388909
9627.0,7.53052834607398E-4,0.7038802357565775,0.29536671140881504
9352.0,0.8903243067407357,0.10964281359936558,3.287965989873424E-5
8930.0,0.9404475694306407,0.05951623422036256,3.6196348996968786E-5
9201.0,2.6101613401547334E-16,0.16848716423800347,0.8315128357619963
8663.0,0.003747121915495273,0.9945215904981486,0.0017312875863562266
8388.0,4.470480578921201E-6,0.9999512538937007,4.4275625720402574E-5
8302.0,8.092517120833908E-5,0.999520795605006,3.9827922378583077E-4
8573.0,1.0821436287036605E-9,0.03231460484139377,0.9676853940764627
9051.0,0.995274164958678,0.004725826909298597,8.132023448525034E-9
8776.0,0.21677682567252712,0.7832231122590355,6.206843726827584E-8
9250.0,0.9743581154382502,0.02563714031730445,4.7442444453636435E-6
9521.0,2.0466820757717187E-10,0.017714887794262963,0.9822851120010688
8321.0,0.1433858836837573,0.854399584511031,0.0022145318052116687
8594.0,7.048555462466733E-9,6.293157213594445E-5,0.9999370613793086
9140.0,0.027102854062902162,0.9727212593909629,1.758865461350069E-4
8871.0,0.0029404507066217805,0.9967809222335662,2.786270598120725E-4
8128.0,0.6794974484732152,0.3204028294519789,9.972207480587133E-5
9421.0,4.070546834591289E-13,0.9970408128918287,0.0029591871077642245
9694.0,0.996113745074464,0.0038861945931992618,6.033233659247558E-8
8624.0,1.6784654046570991E-6,0.9625241099962316,0.03747421153836362
8355.0,0.9904912932992309,0.00950868187763149,2.4823137573074038E-8
8145.0,0.9977529709778419,0.002246839443927458,1.8957823076818585E-7
8837.0,4.186536497081742E-14,0.7310182312067496,0.26898176879320845
9110.0,0.7026615416319185,0.29242519352725466,0.0049132648408267586
9724.0,0.018518426515155676,0.9813728577947131,1.0871569013115672E-4
9455.0,0.9995396286241882,4.603616489699615E-4,9.726841923054696E-9
8543.0,0.04232331426339454,0.957036256312143,6.404294244624313E-4
8268.0,1.48426908811408E-5,0.9993626944544861,6.224628546326499E-4
8810.0,2.894806786396695E-7,0.9996791062622455,3.2060425707588466E-4
9081.0,0.09600160546572911,0.9030391896584488,9.592048758221059E-4
9766.0,0.10852156897693124,0.8896707599951083,0.0018076710279604725
9491.0,0.38710573221890837,0.5319214302445572,0.08097283753653449
9216.0,0.1348998017883691,0.8647799992633217,3.2019894830916E-4
9170.0,1.634852752950384E-8,0.22750855947353318,0.7724914241779391
8179.0,4.330030501848842E-8,0.009453193923162935,0.990546762776532
8897.0,1.2875304927564799E-6,0.3885007565679389,0.6114979559015684
8423.0,0.372902949188924,0.6270640256219259,3.3025189150006154E-5
8692.0,0.0036609267226072007,0.9963285655007555,1.0507776637161036E-5
9387.0,0.9912144416638355,0.008785549091788905,9.244375721542034E-9
9021.0,0.9999163026915863,8.369644861020724E-5,8.598035250931956E-10
8750.0,0.9605445959800387,0.03945519456171674,2.0945824440834125E-7
8200.0,3.382701967382441E-8,0.4438229317654592,0.556177034407521
8475.0,0.014462649858454715,0.9851816285447043,3.5572159684091516E-4
9559.0,0.8399113541475712,0.1600879565283021,6.893241266386984E-7
8716.0,2.024403581189541E-11,0.7876290376122994,0.21237096236745656
8991.0,0.9907190236303308,0.009276828201645273,4.148168023956772E-6
8505.0,1.953934801621899E-12,1.0649389754605285E-5,0.9999893506082914
8234.0,0.6983646794813427,0.3015649486929882,7.037182566918315E-5
9589.0,1.0542979880936519E-10,3.9737637294852906E-4,0.9996026235216218
9318.0,0.9061585543152725,0.09384123161116481,2.1407356281848287E-7
9792.0,3.9678341640604216E-5,0.6769288305940944,0.3230314910642651
8931.0,1.293979294622171E-12,0.9994623700059465,5.376299927596102E-4
8162.0,7.164695035295793E-9,0.08274387452343672,0.9172561183118683
9200.0,9.379744468723363E-12,0.9998600723630772,1.399276275430863E-4
8662.0,0.9999815498117386,1.845018606871864E-5,2.192587566202556E-12
8389.0,3.0593635454010565E-9,0.036347612971616323,0.9636523839690202
9626.0,0.033823656641135735,0.9660884881219175,8.785523694667031E-5
9693.0,0.0149815275565712,0.9745132487715077,0.010505223671921136
9422.0,0.9934083808981555,0.006591558589431766,6.051241260164399E-8
8593.0,0.6100424282467027,0.38991293114059017,4.464061270699054E-5
8322.0,0.5761332317765785,0.42386569540719193,1.0728162295694266E-6
8868.0,0.9940078519976894,0.005992139113422923,8.888887813448493E-9
9143.0,0.6790333535253321,0.1991531783653737,0.12181346810929426
9735.0,1.1591466059672694E-4,0.9994569994564003,4.270858830030257E-4
9522.0,0.9538177491829907,0.04618169590178769,5.549152214990697E-7
9249.0,2.907678699627535E-14,1.4531417812226375E-6,0.9999985468581897
8574.0,3.2884944576147257E-6,0.6321220430854297,0.3678746684201126
8301.0,0.6715918498292683,0.32840530387687,2.8462938616164297E-6
8118.0,0.00574897832077498,0.9941973085883758,5.371309084923974E-5
8779.0,0.9810249955668678,0.018972590838479592,2.413594652502843E-6
9048.0,0.9609967121244706,0.03899274343290456,1.0544442624970389E-5
9765.0,0.0010660279777020105,0.7726002242290572,0.2263337477932409
9219.0,0.17185135387841322,0.8277945375438048,3.541085777818788E-4
8271.0,0.14644685619485756,0.8534713272993493,8.181650579319493E-5
8540.0,8.9295276244423E-6,0.6879685086926154,0.3120225617797601
9082.0,2.812299585494494E-13,0.9923781563888548,0.007621843610863853
8103.0,0.00337152427022822,0.994045836959986,0.0025826387697858457
8809.0,0.013112203757774608,0.9755411015698607,0.011346694672364772
9452.0,0.9843145129057255,0.015685353689717817,1.3340455674121233E-7
9727.0,0.0060312664173206845,0.9919327664097493,0.0020359671729299348
8352.0,0.059839385768756276,0.9391419589264316,0.0010186553048121797
8627.0,1.0519069667831141E-14,0.6183872490726878,0.3816127509273017
9109.0,4.3035321419599877E-5,0.9970448274576048,0.002912137220975726
8838.0,0.9943067581699248,0.005693236574355361,5.255719917699292E-9
9556.0,0.6024323688942463,0.39755957465500363,8.056450750071837E-6
9287.0,0.7003148940660292,0.2996395421593104,4.556377466058493E-5
8749.0,8.100384799629712E-8,0.9196721592301305,0.08032775976602163
9022.0,0.8400989061287911,0.15989963188167752,1.4619895314144983E-6
8472.0,0.07450077852782103,0.923493562229439,0.002005659242740181
8203.0,6.005561187333344E-6,0.8344522018960419,0.16554179254277077
9659.0,9.199662693988299E-5,0.9950144196118739,0.004893583761186312
9384.0,0.01485840332344605,0.8749255370713109,0.11021605960524294
8898.0,2.2950314769206118E-5,0.996609421121882,0.0033676285633487003
9169.0,1.9367392501138824E-7,0.04593766192331983,0.9540621444027552
8695.0,0.015983388918322988,0.981795757356313,0.0022208537253641534
8420.0,0.4760082908135849,0.5238089852974295,1.8272388898572857E-4
9354.0,0.0015100782540414489,0.9955394919975283,0.0029504297484302107
8928.0,0.9763487503433773,0.02364828153174317,2.9681248795519815E-6
8390.0,7.198432548493923E-5,0.9066693180791954,0.0932586975953196
8661.0,0.007087360006137507,0.9927089368729614,2.0370312090118494E-4
9317.0,9.31418530025994E-8,0.9774042949805253,0.022595611877621685
9590.0,0.2476368014912034,0.752282910904853,8.028760394352266E-5
9795.0,0.19562931276727968,0.8041978721958803,1.7281503683999068E-4
8988.0,0.7971796474939212,0.20280788030645686,1.2472199621977905E-5
8084.0,0.5817110860753014,0.4155167855386057,0.002772128386092779
8719.0,0.7203673354305453,0.2794717909150387,1.608736544160788E-4
8233.0,1.3247668491025675E-11,0.9999619292119922,3.807077476014125E-5
8506.0,0.9565865094079434,0.04341284297969545,6.476123611496948E-7
8592.0,2.8715269525594177E-6,0.9999961101063116,1.0183667357966398E-6
8323.0,0.4118277242926657,0.5881562730248446,1.6002682489645006E-5
8129.0,0.4193069716707644,0.580131187557142,5.618407720936137E-4
8869.0,0.01383284907420163,0.9769769928567087,0.009190158069089767
9142.0,0.9858094220388989,0.014058957972956284,1.3161998814484668E-4
9692.0,0.8725053670090163,0.1274657702903214,2.8862700662288567E-5
9423.0,7.781254150377397E-4,0.9805722234241985,0.018649651160763857
8575.0,0.9999302838635443,6.971478930570294E-5,1.3471500611868763E-9
8300.0,1.1165386817576884E-20,2.952288065216257E-7,0.9999997047711935
