9179.0,0.9648950006749633,0.03509630513514205,8.694189894694424E-6
8904.0,0.8378714075463547,0.16191233112564057,2.1626132800467695E-4
8701.0,0.014108240534928807,0.896606509661166,0.08928524980390529
9378.0,0.02487157359670218,0.9744072097742634,7.212166290343536E-4
9012.0,0.7412380919675525,0.2585755662684189,1.8634176402853586E-4
8743.0,4.4563428110243206E-4,0.5539104392899719,0.4456439264289257
8193.0,0.054965518810335505,0.9032475656361436,0.041786915553520744
8466.0,4.04133294186472E-8,0.0023209930392199675,0.9976789665474506
9293.0,0.03914346868148558,0.8904405964524752,0.07041593486603932
9566.0,0.9499931711275862,0.0499764728756044,3.035599680933838E-5
8081.0,5.903421901722108E-4,0.7350790734562823,0.26433058435354534
8709.0,0.1428186928487541,0.8438242331959821,0.01335707395526384
8982.0,0.008823548606053782,0.9415999697884643,0.04957648160548188
8496.0,0.9539546605011044,0.04603328832696346,1.2051171932080391E-5
8227.0,0.035611288390968984,0.9116347630255249,0.05275394858350624
9596.0,7.835694111692624E-8,0.9573338702825188,0.04266605136053992
9327.0,0.701026884758227,0.2982620101797057,7.111050620671938E-4
9801.0,2.7338303439867E-6,0.8907578495380045,0.10923941663165146
8938.0,1.851543444445976E-5,0.38474449801722055,0.6152369865483349
8671.0,6.77444822093432E-5,0.7531290376225843,0.2468032178952063
8396.0,0.9892069059841627,0.010792155997838716,9.38017998711528E-7
9619.0,5.8214459673718E-6,0.2058385777969001,0.7941556007571325
9344.0,0.9652797432993743,0.034706104478288216,1.4152222337377434E-5
8295.0,0.16337096731901726,0.8355492898433822,0.0010797428376005695
8564.0,0.006266248305979266,0.9719510205443679,0.021782731149652856
9042.0,0.19797002184538823,0.7976301759448733,0.004399802209738345
8769.0,9.750540067800023E-5,0.7693730494348515,0.23052944516447044
8115.0,0.9249317620770207,0.07504604298140828,2.2194941570980036E-5
9741.0,1.0900446402748217E-5,0.8520944554640044,0.14789464408959282
9259.0,0.05412551534356858,0.937343578222432,0.008530906433999395
9528.0,0.012101559846974627,0.9768147726278177,0.011083667525207747
8328.0,0.7312841854024321,0.26846353141310353,2.522831844643721E-4
8603.0,0.0137959187836955,0.9559027610646595,0.030301320151645
9149.0,1.6691895861572256E-6,0.9839718803932008,0.01602645041721299
8878.0,0.9755691786695441,0.024428881167807857,1.9401626480839152E-6
9687.0,0.5644963635564898,0.43343346434436403,0.0020701720991462983
8633.0,0.8820843474005094,0.11772659037301672,1.8906222647383812E-4
8362.0,0.07241769578820711,0.2261091878731536,0.7014731163386393
8844.0,0.8943251270428589,0.10559459809851343,8.027485862766114E-5
9119.0,0.6932200409725122,0.3066545989290366,1.2536009845118764E-4
9446.0,0.1931520917351361,0.8046330304198301,0.0022148778450337813
8534.0,0.9182633472409443,0.08167421644440162,6.243631465413246E-5
8261.0,6.272002330925321E-6,0.9996969924227466,2.9673557492260145E-4
8098.0,0.883265928310147,0.11665808829811518,7.598339173787412E-5
8803.0,0.9834224903911777,0.016573299449134236,4.210159688128677E-6
9072.0,0.6147932930886499,0.3848318499341101,3.7485697723989373E-4
9775.0,0.05197462748154188,0.9428685233084871,0.005156849209970962
9498.0,0.11105432865801791,0.8851671746579597,0.0037784966840222847
9225.0,0.8621288527571049,0.13778989144843953,8.125579445550097E-5
9379.0,0.43273818103208134,0.5577531442440586,0.009508674723859988
9648.0,0.9547903368782119,0.045206417866610754,3.245255177312486E-6
9178.0,0.05616225506532708,0.9379138144715474,0.005923930463125545
8183.0,5.941908586676867E-9,0.0054648834328895005,0.9945351106252018
8905.0,5.254752221589816E-9,0.0021346797321427713,0.9978653150131049
8431.0,8.343866375058903E-6,0.169073282105852,0.8309183740277729
8700.0,0.7406761104381511,0.2584490195758668,8.748699859821814E-4
9292.0,0.007448424395861917,0.9734997432601055,0.01905183234403269
9567.0,0.051249050482197016,0.8770018790395612,0.07174907047824178
9013.0,0.2644798203502676,0.7298283916001571,0.005691788049575221
8742.0,7.910068218275232E-6,0.5591996489031461,0.44079244102863563
8192.0,0.7540929728196669,0.24577197235475162,1.3505482558151294E-4
8467.0,0.7068488074762062,0.2927289336106927,4.222589131011413E-4
9597.0,0.5060265754888964,0.4935662265877001,4.071979234034676E-4
9326.0,0.5935458267058693,0.4031931697169778,0.003261003577152926
9800.0,2.101361297280258E-10,0.1238222448027103,0.8761777549871536
8708.0,0.9335644958289124,0.06637722482473644,5.827934635104513E-5
8983.0,0.654618978932564,0.3443207195301376,0.0010603015372983814
8497.0,3.610257538069233E-5,0.8077801026383264,0.1921837947862929
8226.0,6.32829880513558E-5,0.559864441067243,0.4400722759447057
9618.0,0.9813823928992498,0.01861470651805735,2.9005826929908597E-6
9345.0,1.7787360326962604E-5,0.9939935860692161,0.0059886265704569164
8166.0,0.001237566142517339,0.6715258350003325,0.3272365988571501
8939.0,0.9946889246217697,0.005310690421063928,3.849571664066851E-7
9208.0,0.37666209334987316,0.6227779530591119,5.599535910149722E-4
8670.0,0.01213763101260015,0.9824466616462193,0.00541570734118055
8397.0,0.20462496280669087,0.795125449222813,2.4958797049605446E-4
9740.0,0.9805553012883179,0.01944240259799249,2.296113689509806E-6
9258.0,0.812471873204853,0.18745862625550724,6.950053963964827E-5
9529.0,0.05237581072720549,0.9158554822116429,0.031768707061151626
8294.0,0.927684317328389,0.07226212032120777,5.3562350403305906E-5
8565.0,4.0815062096493674E-9,2.1565287511807123E-4,0.9997843430433756
9043.0,0.26201946672409304,0.73465462134034,0.003325911935566947
8768.0,0.35515402028735765,0.643641341738479,0.001204637974163375
9413.0,1.1951912882696755E-9,0.6338971906575313,0.36610280814727747
9686.0,0.9688786182034091,0.031112833403374618,8.548393216226958E-6
8329.0,2.7753717128865775E-6,0.9994758972845067,5.213273437804716E-4
8602.0,0.026243461406834274,0.9247351991739662,0.04902133941919948
9148.0,0.9608371120203546,0.03914557959095813,1.7308388687164856E-5
8879.0,4.277326453646737E-8,0.0034516358566933263,0.9965483213700422
8132.0,0.940854150898194,0.05908266115897098,6.318794283500929E-5
9716.0,0.05237581072720549,0.9158554822116429,0.031768707061151626
9447.0,0.020130114463647,0.9666754529090754,0.01319443262727756
8632.0,0.4423552586509027,0.55584736225154,0.0017973790975574426
8363.0,0.7523389444992132,0.21610279247595313,0.0315582630248336
8149.0,0.04393231998177434,0.8630791605077904,0.09298851951043524
8845.0,0.9112226302861705,0.08862267024794354,1.5469946588607617E-4
9118.0,3.255063661905277E-4,0.8192512465060239,0.18042324712778565
9774.0,0.0010016004484085647,0.2618807088339435,0.7371176907176479
9499.0,0.0015787811800600335,0.9943704836068648,0.004050735213075207
9224.0,0.6903538381780194,0.30942689886765995,2.1926295432054358E-4
8535.0,0.8050039731525535,0.19474081226470377,2.5521458274284343E-4
8260.0,0.05664316045488508,0.927356674613657,0.016000164931457995
8802.0,0.048423719991615405,0.8980374631398199,0.053538816868564744
9073.0,0.3538944120430701,0.6427104043164745,0.0033951836404554885
8741.0,0.7070985591890008,0.2926975668123643,2.0387399863486654E-4
9014.0,0.01807318162409432,0.9648640928441178,0.01706272553178781
8464.0,0.005719207983558215,0.9187363521357598,0.0755444398806819
8195.0,0.08586127337978638,0.880856935735906,0.03328179088430775
9564.0,5.257758373948385E-15,1.587388167807991E-6,0.9999984126118269
9295.0,0.9892069059841627,0.010792155997838716,9.38017998711528E-7
8906.0,0.3127750161399581,0.6845997807523792,0.002625203107662748
9177.0,0.9472997803287476,0.052673478882705384,2.6740788546931695E-5
8703.0,5.584685796154796E-11,0.24441770768933638,0.7555822922548167
8428.0,0.10926908117391522,0.2334091023892509,0.657321816436834
9651.0,0.9475129606126718,0.0524602998394928,2.6739547835423692E-5
9376.0,0.13043612009246286,0.8645603732662984,0.0050035066412387336
9211.0,0.7168912208569526,0.2830223622240579,8.641691898954631E-5
8936.0,0.5580230259937383,0.42844295471582977,0.01353401929043185
8398.0,5.3591309461531E-6,0.015753496483616083,0.9842411443854376
8669.0,0.7260787010909073,0.27349257503024943,4.287238788431338E-4
9346.0,0.8922892250632197,0.10766066704686536,5.01078899148616E-5
9617.0,2.3967981890633735E-6,0.010929660082423692,0.9890679431193873
8980.0,0.9487652266452279,0.0511996459182262,3.512743654593961E-5
8080.0,0.006122526121831867,0.9524963012519896,0.0413811726261786
8711.0,2.624943714880116E-4,0.5557993268300965,0.4439381787984157
8225.0,0.9011505134970262,0.09865893748659053,1.9054901638337665E-4
8498.0,0.8572792491970721,0.14268723051776178,3.352028516603504E-5
9325.0,0.033438175351265705,0.9652435890395668,0.0013182356091675706
9598.0,0.711433729037877,0.28836741139654826,1.9885956557471398E-4
9803.0,7.447420907760237E-6,0.8685963493237745,0.13139620325531778
8601.0,0.9628263862040533,0.03716485146898673,8.762326960073375E-6
8330.0,0.0010320506305108986,0.9748906480356873,0.024077301333801898
8876.0,0.9496352302237541,0.05035182981917085,1.2939957075031043E-5
9151.0,0.8840315191500037,0.115896830251604,7.165059839226508E-5
9685.0,0.05633722029699888,0.9178629024160092,0.02579987728699192
9414.0,0.009189111238704025,0.9452561923851864,0.04555469637610953
8566.0,0.001774620688060245,0.9664508054026686,0.031774573909271187
8293.0,0.2881630066376987,0.7108482545573602,9.887388049411106E-4
8771.0,1.8702172768174087E-8,0.024818810963746406,0.9751811703340808
8114.0,4.671383792913721E-4,0.9118238321298254,0.08770902949088323
9040.0,0.35308081980069267,0.6390556093694739,0.007863570829833251
9743.0,3.157462706733472E-4,0.9661775190751176,0.033506734654209
9530.0,0.9654097566000069,0.03458870746642658,1.53593356648762E-6
8263.0,0.9076283571033634,0.09230376054047773,6.788235615879325E-5
8532.0,0.1659347035882728,0.8286302723292406,0.005435024082486544
9074.0,0.9857340326379366,0.01426551317808288,4.54183980492071E-7
8801.0,0.007586147150942356,0.7471731386262872,0.24524071422277052
8099.0,0.0903092283202295,0.8641826008065837,0.04550817087318678
9773.0,0.9358000141483177,0.06416041420691018,3.9571644772094065E-5
9227.0,6.268133328070988E-4,0.734094421690011,0.2652787649771818
9496.0,0.007554420472612931,0.9431161222128424,0.04932945731454457
8360.0,0.06463110779301191,0.9274860528206523,0.007882839386335647
8635.0,0.01837430155121506,0.9164879063470097,0.06513779210177527
9117.0,0.8397938600133056,0.15818378232727645,0.002022357659417969
8846.0,0.16567737519095324,0.8280373985401789,0.0062852262688679085
9444.0,4.8087059007165306E-5,0.5327160609000724,0.4672358520409205
9719.0,0.3786120462213192,0.6203506348687641,0.001037318909916775
9565.0,0.8283273414107076,0.17154211286533969,1.30545723952791E-4
9294.0,0.9510808394734909,0.04889226505372681,2.6895472782371886E-5
8740.0,0.20045494621541657,0.7957231547843574,0.003821899000225962
8465.0,0.004491704421880987,0.9639975748994569,0.031510720678662056
8194.0,0.7037097345390361,0.2960890924580412,2.0117300292269458E-4
9650.0,0.5053571304521866,0.4903877301175378,0.004255139430275557
9377.0,0.19320419652652315,0.8056980529492755,0.0010977505242012672
8182.0,0.2846769272841462,0.7126599290747079,0.0026631436411459386
8907.0,0.10619359859399982,0.8443330180676373,0.04947338333836299
9176.0,0.6342314195168952,0.3635046812039088,0.0022638992791961556
8702.0,0.9608371120203546,0.03914557959095813,1.7308388687164856E-5
8429.0,0.0010053717203770836,0.3063320600269627,0.6926625682526601
9347.0,0.6316553206987147,0.36774253033643384,6.021489648514121E-4
9616.0,0.31787049068352713,0.6768917650637721,0.005237744252700609
9210.0,2.0025373955818967E-5,0.9594577664328202,0.04052220819322403
8937.0,0.05237581072720549,0.9158554822116429,0.031768707061151626
8167.0,0.9212195662153015,0.07866965201994673,1.1078176475179689E-4
8399.0,0.7919361463736405,0.20783727049717474,2.2658312918477503E-4
8668.0,0.15300827290408658,0.8381851104834371,0.008806616612476259
9324.0,0.5269409747080711,0.47228351972788435,7.755055640446034E-4
9599.0,0.06299763891327086,0.9308235065631716,0.006178854523557486
8981.0,0.036663471851436515,0.9489219490562111,0.014414579092352402
8710.0,0.8117557896138815,0.1877688229336217,4.7538745249682914E-4
8224.0,0.5397225017146134,0.45996033209623566,3.17166189150711E-4
8499.0,0.3100819423213237,0.6892089477923201,7.091098863562298E-4
9684.0,0.6620481282913728,0.33636064331977716,0.0015912283888500525
9415.0,0.09102837504731297,0.7202183694060175,0.18875325554666955
8600.0,5.705647407130155E-4,0.8933497613517127,0.10607967390757429
8331.0,0.9479288201577695,0.052022030314583134,4.914952764735295E-5
8877.0,0.9913426161698738,0.008656527578156046,8.562519701695647E-7
8133.0,0.9875801362223814,0.012414317552368569,5.546225250012043E-6
9150.0,0.560972208354812,0.4377465846946177,0.0012812069505702109
9742.0,0.9652797432993743,0.034706104478288216,1.4152222337377434E-5
9531.0,0.8621772234309121,0.13778848116678694,3.4295402301032605E-5
9256.0,0.028700322184712072,0.9549083414890621,0.016391336326225883
8567.0,0.0012952344026520327,0.9732285478165987,0.025476217780749152
8292.0,0.44663965600420225,0.5503922799413142,0.0029680640544834337
8770.0,0.927479971468781,0.0724961414426991,2.3887088519780773E-5
9041.0,0.898728319355698,0.10123697138830226,3.4709255999808424E-5
9772.0,0.7862624123003276,0.21343987083785285,2.9771686181961476E-4
9226.0,0.0010367244572574831,0.9790535740833218,0.019909701459420674
9497.0,0.0034768577002336955,0.990517549892612,0.006005592407154354
8262.0,1.3057635540835463E-4,0.8713262512019118,0.12854317244267996
8533.0,0.5544106102500094,0.4443232212225152,0.0012661685274754097
9075.0,0.22685541290829764,0.753441567090023,0.019703020001679464
8800.0,0.9714912215710667,0.028495992810196567,1.2785618736608942E-5
9445.0,0.03016306057391665,0.9200525345841299,0.049784404841953324
9718.0,0.15690348665818163,0.8355093744536346,0.007587138888183679
8361.0,0.18192758727179018,0.2237804514387491,0.5942919612894607
8634.0,0.8836573920444872,0.11627312309388496,6.948486162778265E-5
9116.0,0.8378714075463547,0.16191233112564057,2.1626132800467695E-4
8847.0,0.2802707516393164,0.7183427021405898,0.0013865462200937956
8148.0,0.43709596937818307,0.5628258690571405,7.816156467633988E-5
8500.0,0.03016306057391665,0.9200525345841299,0.049784404841953324
8231.0,0.9661340430758564,0.033858339317943166,7.61760620046218E-6
8705.0,0.9834462242345234,0.016542467336287538,1.1308429189025837E-5
8083.0,0.9812364362148326,0.01876162314474591,1.940640421504071E-6
8978.0,0.2056415728629376,0.7857270009661197,0.00863142617094253
9805.0,0.008473949957112212,0.5696882257560792,0.4218378242868085
9592.0,0.8840747332421987,0.11577386294200942,1.514038157918221E-4
9323.0,0.5782087436618332,0.4215605988224012,2.3065751576569176E-4
8667.0,0.793490321796347,0.20645038963529677,5.928856835606045E-5
8392.0,0.7828042075754121,0.21635586620607822,8.399262185096808E-4
8942.0,0.03016306057391665,0.9200525345841299,0.049784404841953324
9213.0,0.22598094055460072,0.7559351218487327,0.01808393759666655
9623.0,0.9631518640647645,0.0368427320454082,5.403889827289777E-6
9348.0,0.9652797432993743,0.034706104478288216,1.4152222337377434E-5
8426.0,0.1383587413766899,0.8227312333553308,0.038910025267979334
8697.0,0.2230381579953226,0.7740116634327362,0.0029501785719411966
9183.0,0.6628211866855269,0.33681130468626813,3.675086282049286E-4
8908.0,0.983852437897881,0.016143094507710735,4.467594408200052E-6
9653.0,0.8481456258682886,0.15167284700807426,1.8152712363714516E-4
8197.0,0.11556823400210703,0.05799121545127952,0.8264405505466134
8470.0,4.0698977305915884E-5,0.7973831296965532,0.20257617132614095
9008.0,0.2353896325544006,0.6709476164064686,0.09366275103913066
8739.0,0.9915179373968082,0.008481944839776734,1.1776341520544272E-7
9289.0,0.5365205833480857,0.4631973661985892,2.8205045332526307E-4
9562.0,0.7862439268067951,0.21366181151896413,9.426167424069481E-5
8840.0,0.004421162980923533,0.9530749187759341,0.04250391824314237
9115.0,0.004402696506306252,0.9415784163962548,0.05401888709743896
8637.0,6.531481496290412E-7,0.37144935488293934,0.6285499919689109
8366.0,0.05237581072720549,0.9158554822116429,0.031768707061151626
9442.0,0.34879981982927993,0.6445785456857077,0.006621634485012264
8807.0,0.8671361529028505,0.1327823768215531,8.147027559631072E-5
8096.0,0.00843267998911919,0.9495893316121734,0.04197798839870749
9076.0,0.0022364599366393135,0.9728973423081867,0.024866197755174017
8530.0,0.05237581072720549,0.9158554822116429,0.031768707061151626
8257.0,0.09807765091016375,0.04088398718990747,0.8610383618999288
9502.0,0.061518376827551305,0.9378691203404099,6.125028320387003E-4
9229.0,0.7845111719918408,0.21520613268707953,2.8269532107962135E-4
9771.0,0.07859094965852716,0.9166648658251769,0.004744184516295902
9046.0,0.07407407407407407,0.14814814814814814,0.7777777777777778
8773.0,0.0013071571753740035,0.6752957757548111,0.3233970670698148
8113.0,0.9755198824349747,0.024477055288513946,3.062276511431786E-6
8291.0,7.327223814965735E-8,0.5055896676501119,0.49441025907764996
8560.0,0.3028408481626874,0.6899709417859249,0.007188210051387705
9263.0,2.922529303127976E-4,0.7724126993539672,0.2272950477157201
9532.0,0.1259223414070161,0.8671300916215411,0.006947566971442738
9737.0,3.863433519009767E-9,0.8528755660511661,0.14712443008540033
9145.0,0.14328533873565627,0.8535058590922604,0.0032088021720833343
8874.0,0.07728427434609302,0.9196430736306686,0.003072652023238495
8332.0,0.8474958185248492,0.15233230815449256,1.7187332065813108E-4
8607.0,0.05577300559916092,0.9407508870930943,0.003476107307744814
9408.0,0.98172252365983,0.018266133818765646,1.1342521404240812E-5
9683.0,0.9670247276597801,0.03295968615302469,1.5586187195285704E-5
9593.0,0.7363080034180527,0.2634075765870686,2.8441999487881497E-4
9322.0,0.0033596765613069816,0.9799519389971695,0.01668838444152349
8501.0,0.7120975185214766,0.28722360196992963,6.788795085936536E-4
8230.0,0.8548746199135201,0.14494081464134076,1.8456544513915102E-4
8704.0,0.49170484847576906,0.5074767312289316,8.184202952993666E-4
8979.0,0.008823548606053782,0.9415999697884643,0.04957648160548188
9622.0,0.437866383050613,0.5605133405541561,0.0016202763952309202
9349.0,0.7090769994542153,0.29034339367499185,5.796068707929081E-4
8666.0,0.009531577806040265,0.9246857392310232,0.06578268296293675
8393.0,0.22089832331937667,0.7746452879641997,0.004456388716423698
8164.0,0.003230619975114812,0.9829726359631904,0.013796744061694812
8943.0,0.048423719991615405,0.8980374631398199,0.053538816868564744
9212.0,0.0048115690046317,0.7411703010066696,0.2540181299886988
9383.0,0.7639230463474938,0.23584116545640668,2.3578819609964215E-4
9652.0,0.9675583853002612,0.03243065567381243,1.0959025926366776E-5
8427.0,0.7297174693393933,0.2697240602773306,5.584703832762232E-4
8696.0,0.9299366564903138,0.06998024553690217,8.309797278409429E-5
9182.0,0.8912818591440235,0.10865262608168141,6.551477429517768E-5
8909.0,0.1684948350840152,0.8262323553550863,0.005272809560898531
8181.0,0.19309035811258507,0.8017580716067524,0.0051515702806626375
9288.0,3.655079380746187E-4,0.898249807727485,0.10138468433444046
9563.0,2.8224349543680975E-7,0.9847674001833775,0.015232317573127055
8196.0,5.562340313671784E-9,0.9986968232782975,0.001303171159362157
8471.0,0.8926034136791944,0.10735242747400794,4.415884679764319E-5
9009.0,0.5462423549751406,0.45323703312446506,5.206119003942552E-4
8738.0,0.037597373504408726,0.950249098130658,0.01215352836493332
9712.0,0.021840505108034567,0.9516191133929949,0.026540381498970624
9443.0,0.13335763651131338,0.8595787100988448,0.007063653389841738
8151.0,0.185939385899868,0.8123008064667688,0.0017598076333629532
8841.0,0.0015318072132877868,0.9983963893235893,7.1803463122865E-5
9114.0,0.9923417743217828,0.0076571776277745765,1.0480504426415383E-6
8636.0,0.0203167153716391,0.9721431154874669,0.007540169140894025
8367.0,0.016839140062589315,0.9619724295532588,0.02118843038415181
9503.0,0.9504829835895032,0.04948883016880114,2.818624169575612E-5
9228.0,0.9328843063847165,0.06696429315442894,1.514004608547037E-4
9770.0,4.4251928303121223E-4,0.07643188981898269,0.9231255908979862
8806.0,0.0032028020232454145,0.9373369191363523,0.05946027884040241
9077.0,3.3524570789254424E-4,0.8511138346765442,0.1485509196155633
8531.0,0.23416499497880852,0.762818012421161,0.0030169926000304286
8256.0,0.11127023157920059,0.8852607711077242,0.0034689973130751697
9262.0,0.011056238952909372,0.9866423000443585,0.002301461002732052
9533.0,2.023964969878265E-4,0.7266027982126376,0.27319480529037454
9736.0,0.44951853060309016,0.5486358677196453,0.001845601677264435
9047.0,0.009904399407089,0.9869144666607182,0.0031811339321928603
8772.0,8.403677930372654E-5,0.9956199401606584,0.00429602306003798
8290.0,0.15646747774730607,0.8421294656756647,0.0014030565770291918
8561.0,0.030228624520498397,0.9371644398439299,0.03260693563557171
9409.0,0.035611288390968984,0.9116347630255249,0.05275394858350624
9682.0,1.8480124240647302E-4,0.38170348207776716,0.6181117166798262
9144.0,0.7886464323296042,0.21129997313049706,5.3594539898800176E-5
8875.0,0.009330240838762863,0.9746857172269191,0.015984041934317954
8134.0,1.5706620401174893E-4,0.9233386473606738,0.07650428643531446
8333.0,0.0119786898174411,0.9512126398803887,0.03680867030217022
8606.0,0.7656031952193356,0.234056031940248,3.407728404164197E-4
8394.0,0.11806290788400486,0.8818556726554804,8.14194605147948E-5
8665.0,0.7989708238996459,0.20025055133185807,7.786247684960581E-4
9215.0,0.975883441670146,0.02411447071787449,2.0876119795762366E-6
8940.0,0.0033438931018681278,0.9923133382131111,0.0043427686850207835
9350.0,0.96979116868668,0.030188456660887587,2.0374652432315945E-5
9621.0,0.8969975777627195,0.1029566066811409,4.5815556139516696E-5
8229.0,0.4929655080012319,0.5040539260592136,0.002980565939554542
8502.0,0.051249050482197016,0.8770018790395612,0.07174907047824178
8976.0,0.18763950674952398,0.8079895653001026,0.004370927950373298
8082.0,0.6190014638816548,0.3796372055990419,0.0013613305193032731
8707.0,5.4011312389251055E-6,0.9628894479025873,0.037105150966173554
9807.0,0.03016306057391665,0.9200525345841299,0.049784404841953324
9321.0,0.9130648854951117,0.08686481899789006,7.029550699820726E-5
9594.0,7.925266472856513E-7,0.9653526053490176,0.034646602124335034
8468.0,0.9460576839643546,0.053902636815981224,3.967921966409765E-5
8199.0,0.03016306057391665,0.9200525345841299,0.049784404841953324
8737.0,0.5880797863157711,0.40995430317667,0.0019659105075589714
9010.0,4.275665933917743E-8,0.2815376889026022,0.7184622683407383
9560.0,0.16657886616621367,0.8259527377447555,0.007468396089030759
9291.0,0.28473691908622084,0.6985561366056662,0.01670694430811283
8699.0,0.9781620954836245,0.021834703932260745,3.2005841147417536E-6
8424.0,0.984541375905093,0.015451787853538367,6.836241368580253E-6
8910.0,0.817374640481017,0.16393758500507202,0.018687774513910963
9181.0,1.6440509664861294E-5,0.7107650899494752,0.2892184695408599
9380.0,0.7523893461967713,0.2470491062586461,5.615475445826695E-4
9078.0,0.03915374970699201,0.008189707610325747,0.9526565426826823
8805.0,0.8124967167336433,0.18703042017059715,4.7286309575938704E-4
8097.0,0.8078111829764125,0.1920400381089708,1.4877891461674542E-4
8259.0,0.23644222948890367,0.7627030531822409,8.547173288555742E-4
8528.0,0.7607217270058828,0.23918496673691278,9.330625720448706E-5
9231.0,0.9051261472033965,0.09467391133293779,1.9994146366575962E-4
9500.0,0.05181766072870639,0.9306953427959646,0.017486996475329072
9769.0,0.6617746359283943,0.3358171239501268,0.002408240121478859
8842.0,0.8845569935452368,0.11501851596591654,4.2449048884666684E-4
8364.0,2.788305473538027E-5,0.8310138865538564,0.16895823039140814
8639.0,0.17045844242506666,0.8270737657961417,0.0024677917787918105
9440.0,8.607380644212135E-5,0.6598488207652509,0.34006510542830715
9715.0,2.1488711999797165E-5,0.3810470694128617,0.6189314418751385
8872.0,2.784571425122721E-4,0.818716783543236,0.18100475931425172
9147.0,0.7625996886694345,0.23597210255011475,0.0014282087804508735
8605.0,0.13411214191604554,0.8607272827153649,0.005160575368589515
8334.0,0.6861459257059263,0.31320059794430205,6.534763497717449E-4
9681.0,1.0299476599376887E-4,0.9451986536360641,0.05469835159794216
8775.0,0.9367417529738523,0.06325059584798863,7.651178159060845E-6
8112.0,0.602963350407883,0.39585267511605365,0.0011839744760633595
8562.0,0.16045494420970696,0.8285999422110059,0.01094511357928711
8289.0,0.36617617488110177,0.632311844194756,0.0015119809241423063
9534.0,0.8225329834555237,0.17724081501100308,2.2620153347322877E-4
9261.0,0.9463356432282968,0.053650545923077636,1.3810848625553276E-5
9739.0,3.246106833857179E-8,0.1579321816146045,0.8420677859243272
9351.0,0.2722555475739002,0.7275471307700655,1.973216560342944E-4
9620.0,0.005465314907716211,0.9367857433938322,0.057748941698451545
8395.0,0.867215462747243,0.13273265096686024,5.188628589678862E-5
8664.0,0.5591041639827606,0.4406798786300475,2.1595738719199732E-4
9214.0,0.03016306057391665,0.9200525345841299,0.049784404841953324
8941.0,0.7065211668712852,0.29276039957051775,7.18433558197005E-4
8165.0,0.13223246273931136,0.840946633651932,0.026820903608756646
9806.0,1.5375688776434393E-4,0.6815919218402984,0.31825432127193726
9320.0,0.9623453303883636,0.03764810216226252,6.5674493738804936E-6
9595.0,0.8447545656536055,0.1549917112503809,2.53723096013574E-4
8228.0,0.3717279982340016,0.6246195580608374,0.0036524437051609266
8503.0,0.004848959761617477,0.7934405123983933,0.20171052783998927
8977.0,0.8789152024224525,0.12105285417697256,3.194340057502977E-5
9290.0,0.9726713963104793,0.02729832653942186,3.027715009871288E-5
8469.0,1.2887708514855408E-5,0.9461227042962825,0.05386440799520256
8198.0,0.09253471377821937,0.9016981550228744,0.005767131198906164
8736.0,0.03914346868148558,0.8904405964524752,0.07041593486603932
9011.0,0.8038800277606305,0.1951320535218452,9.879187175244465E-4
9654.0,7.495146051559166E-4,0.9310696755943537,0.06818080980049035
8698.0,0.012757052403645395,0.8599030115763052,0.12733993602004923
8425.0,0.9951664063597728,0.004833371483674197,2.221565530452044E-7
8180.0,0.25111182938456,0.7486642673757641,2.239032396760102E-4
8911.0,0.0013183729236737674,0.9951166202264212,0.003565006849905128
9180.0,0.2928516989481146,0.7043425012786327,0.0028057997732527204
9230.0,0.048423719991615405,0.8980374631398199,0.053538816868564744
9501.0,0.7618278393302897,0.23787786733393826,2.942933357719712E-4
9768.0,0.10445016614381734,0.8917968186289856,0.0037530152271970955
9079.0,0.8232031137097353,0.1766375790329079,1.5930725735678955E-4
8804.0,0.82105865059268,0.17859610491496675,3.45244492353079E-4
8258.0,0.006228152315693914,0.9901933647837692,0.0035784829005368972
8529.0,0.21646098068567268,0.7448657301382373,0.038673289176089906
9441.0,0.949914082669166,0.05007099132341864,1.492600741553032E-5
9112.0,0.5276260213690452,0.47136694768961246,0.0010070309413422519
8150.0,0.12330415870618133,0.742892188742321,0.13380365255149773
8843.0,0.0793897585578305,0.797718574770375,0.1228916666717944
8365.0,0.9504829835895032,0.04948883016880114,2.818624169575612E-5
8638.0,0.1739300566219584,0.7711301817139612,0.05493976166408031
9680.0,0.8987013854596287,0.10117229008257676,1.263244577945147E-4
9411.0,0.7471329202728377,0.2516716012632857,0.0011954784638765585
8135.0,0.6847962010911673,0.31474088130261135,4.629176062213308E-4
8873.0,0.979952824152264,0.020042330635842927,4.845211893115725E-6
9146.0,0.2495057669195908,0.7497867725113351,7.074605690740165E-4
8604.0,0.008001443932383745,0.7737838159886794,0.2182147400789367
8335.0,0.754626337025626,0.2448098153279486,5.638476464254078E-4
9535.0,0.6527829288132793,0.34658151951662153,6.355516700992537E-4
9260.0,7.129297399629795E-4,0.6048484576306652,0.3944386126293719
9738.0,0.8988782443570502,0.1008641016151615,2.576540277884095E-4
8774.0,5.797135258145383E-5,0.7755523024656784,0.2243897261817402
9045.0,0.7638716953287188,0.2358516284062955,2.766762649855727E-4
8563.0,0.04218128432809391,0.9514565610017873,0.006362154670118792
8288.0,0.024174192523125484,0.9276519016856771,0.04817390579119731
9733.0,0.6153024880342544,0.3838113532734788,8.861586922668444E-4
9251.0,0.048423719991615405,0.8980374631398199,0.053538816868564744
9520.0,0.7710438992886535,0.22839564160333184,5.604591080146287E-4
8303.0,0.9822710244849053,0.017724936309047715,4.039206046992475E-6
8572.0,0.721357375598371,0.27803555127603324,6.070731255958133E-4
9050.0,0.7087875043807633,0.28770851928233565,0.0035039763369009392
8777.0,0.4174647088247893,0.5793443013585148,0.003190989816695925
8119.0,7.340960404618276E-8,0.015080158345086067,0.9849197682453099
9420.0,0.7062136013564021,0.2934857273249811,3.0067131861671355E-4
9695.0,0.2183370687073041,0.7711504941620209,0.010512437130675071
8320.0,0.7711361446851549,0.22877811889049499,8.573642435010783E-5
8595.0,0.23447407154574557,0.7653373043768058,1.886240774485131E-4
9141.0,0.9951664063597728,0.004833371483674197,2.221565530452044E-7
8870.0,0.012763411845632776,0.9457452825962018,0.04149130555816537
9725.0,0.017482231939612177,0.804802622421359,0.17771514563902877
9454.0,1.4560855290868024E-5,0.6117508153295883,0.38823462381512097
8625.0,0.14059818427377738,0.8592173580694681,1.844576567545618E-4
8354.0,0.0798874727925661,0.8524011335567683,0.06771139365066557
8836.0,0.6416280800759017,0.35820556457406366,1.663553500346625E-4
9111.0,1.957471578810822E-6,0.9907862594832161,0.009211783045205117
9767.0,0.03803608170087356,0.9557263161460046,0.006237602153121862
9490.0,0.18479032266093134,0.810333163660404,0.0048765136786646564
9217.0,0.0023045971126333044,0.9509299339852614,0.04676546890210523
8542.0,5.252629337192318E-4,0.3708492148218329,0.6286255222444479
8269.0,0.9152384332129629,0.08469641230178501,6.515448525196388E-5
8811.0,0.7812359208831489,0.21864513315432121,1.1894596253006486E-4
8102.0,0.7812525637015897,0.21846556134975953,2.8187494865076536E-4
9080.0,0.3921894057093823,0.606882485428852,9.281088617656867E-4
9386.0,0.06705127833723518,0.8024538544356459,0.13049486722711892
9657.0,0.03181883644232952,0.9572328456870747,0.010948317870595765
9171.0,0.7791862620969382,0.22045521675932664,3.5852114373501753E-4
8896.0,3.844978422522507E-6,0.6249638070715825,0.375032347949995
8693.0,0.10446096831479754,0.8925906304895935,0.0029484011956088132
9285.0,4.6601953441328925E-4,0.7034594689948109,0.2960745114707756
9558.0,0.833234746699635,0.16651139432856107,2.5385897180394237E-4
9020.0,1.5899372171694427E-7,0.07987150698646273,0.9201283340198156
8751.0,0.8168600436047294,0.18276451881922015,3.754375760505037E-4
8201.0,0.5673591187338466,0.43066205931762724,0.001978821948526042
8474.0,0.2188783980270991,0.7794626897572579,0.00165891221564303
9588.0,3.4831963466267858E-6,0.7521446359388881,0.24785188086476534
9319.0,0.0016002143744848064,0.25779650442658436,0.7406032811989309
9793.0,0.7822168972745354,0.21772905449646462,5.4048229000040774E-5
8085.0,0.7917770625408349,0.20817935709875984,4.3580360405213255E-5
8717.0,0.1701941396223127,0.825752274453804,0.0040535859238831785
8990.0,0.984541375905093,0.015451787853538367,6.836241368580253E-6
8504.0,0.7318997232438872,0.2675472279602715,5.5304879584115E-4
8235.0,0.002832875577873194,0.9597219011898007,0.03744522323232615
9627.0,8.958726069997364E-4,0.821209310949905,0.17789481644309527
9352.0,0.6542118120506497,0.3450321830330269,7.560049163233548E-4
8930.0,0.9781620954836245,0.021834703932260745,3.2005841147417536E-6
9201.0,1.3956142841399772E-10,0.18650857562560416,0.8134914242348344
8663.0,0.038655107973907706,0.952491649630064,0.008853242396028166
8388.0,0.2721451440596391,0.7232632145016386,0.004591641438722369
8302.0,0.017663257966404045,0.972124898384665,0.010211843648931086
8573.0,5.60428563841653E-6,0.9355747518355584,0.06441964387880321
9051.0,0.9415154807819878,0.05846613097495813,1.838824305417108E-5
8776.0,0.8421895549697096,0.15774746775262585,6.297727766461003E-5
9250.0,0.8352388458712607,0.1643377335496594,4.2342057907978264E-4
9521.0,7.244632901172935E-5,0.8924646787480282,0.1074628749229601
8321.0,0.19300512365837588,0.8036831388233722,0.0033117375182518728
8594.0,0.3857368484207861,0.6107819015495206,0.003481250029693334
9140.0,0.5363615125022325,0.458867100220894,0.004771387276873549
8871.0,0.08424911580612252,0.9152580669904298,4.928172034476618E-4
8128.0,0.8064733476917468,0.19338431047710178,1.42341831151341E-4
9421.0,0.03016306057391665,0.9200525345841299,0.049784404841953324
9694.0,0.9848414924947781,0.0151549669413038,3.54056391803997E-6
8624.0,0.0027310510785089033,0.9690235645713026,0.028245384350188415
8355.0,0.9686301955519993,0.03136524565553733,4.558792463341865E-6
8145.0,0.9723940515715658,0.02759056217671403,1.5386251720199597E-5
8837.0,0.06705127833723518,0.8024538544356459,0.13049486722711892
9110.0,0.5521161574029488,0.4450491059579863,0.0028347366390648575
9724.0,0.15753489447828067,0.8402258545228714,0.0022392509988478334
9455.0,0.9860492392111466,0.013949346203925201,1.414584928207975E-6
8543.0,0.3324340235112143,0.6648475842473114,0.0027183922414743024
8268.0,0.20756103895933697,0.7831457999132654,0.009293161127397727
8810.0,0.021835617129734777,0.8862159638630226,0.09194841900724257
9081.0,0.4501032473210108,0.5487285384474171,0.001168214231572069
9766.0,0.8726008079584788,0.12701432322657405,3.848688149470641E-4
9491.0,0.4866187793438139,0.5065353964290226,0.006845824227163529
9216.0,0.07578746561144742,0.9239409338939776,2.7160049457503434E-4
9170.0,6.593466233627546E-4,0.8649350911216277,0.1344055622550095
8179.0,1.0949596834980092E-4,0.33621540731240335,0.663675096719247
8897.0,0.09823089809359317,0.8965161370571996,0.005252964849207198
8423.0,0.7811466373817081,0.21878855600922129,6.480660907063776E-5
8692.0,0.7263382305866499,0.2735083577111994,1.5341170215058483E-4
9387.0,0.9432887573315029,0.0566741253809804,3.7117287516747075E-5
9021.0,0.9908610920856485,0.009138724112342456,1.8380200911581455E-7
8750.0,0.701026884758227,0.2982620101797057,7.111050620671938E-4
8200.0,1.0552116909784852E-4,0.7522596794924804,0.24763479933842164
8475.0,0.1047219173825444,0.8813273084357914,0.01395077418166413
9559.0,0.9270717968470882,0.07289949473134628,2.8708421565678352E-5
8716.0,6.535605445225048E-5,0.8761620138481664,0.12377263009738128
8991.0,0.8611857703979481,0.13859280252847203,2.2142707357991395E-4
8505.0,3.3228392350773956E-8,0.028769315946649266,0.9712306508249584
8234.0,0.7352291705225135,0.26409536563551567,6.754638419709209E-4
9589.0,1.7020976878654996E-4,0.47584034934292,0.5239894408882934
9318.0,0.9523431246032954,0.047634185950532926,2.2689446171557117E-5
9792.0,0.23733986946074748,0.7596877611702941,0.002972369368958429
8931.0,0.051249050482197016,0.8770018790395612,0.07174907047824178
8162.0,2.5524361124077274E-6,0.27105587612336046,0.7289415714405271
9200.0,0.0045956700379308265,0.9945426418299572,8.6168813211203E-4
8662.0,0.9942835469546187,0.00571623399825674,2.1904712440321348E-7
8389.0,1.8879578423235304E-5,0.3841592866972436,0.6158218337243331
9626.0,0.20203473096127936,0.7971750405732733,7.902284654474214E-4
9693.0,0.7002851234946477,0.29929311011639403,4.217663889583445E-4
9422.0,0.9904042740153405,0.009594086483280471,1.639501379077332E-6
8593.0,0.9068612252895434,0.09305348252254793,8.529218790860641E-5
8322.0,0.975883441670146,0.02411447071787449,2.0876119795762366E-6
8868.0,0.970281167305081,0.029706638829628828,1.2193865290386092E-5
9143.0,0.6866749968329495,0.3108377373016799,0.0024872658653705077
9735.0,0.5607823703496916,0.43890347788101924,3.141517692891409E-4
9522.0,0.7523893461967713,0.2470491062586461,5.615475445826695E-4
9249.0,8.543142826781613E-9,0.0014783402730029372,0.9985216511838542
8574.0,0.048520523533031615,0.9415787589881801,0.009900717478788167
8301.0,0.9628263862040533,0.03716485146898673,8.762326960073375E-6
8118.0,0.1426133108995572,0.8553969529019237,0.0019897361985191262
8779.0,0.8987013854596287,0.10117229008257676,1.263244577945147E-4
9048.0,0.9068612252895434,0.09305348252254793,8.529218790860641E-5
9765.0,0.12454675052485922,0.5245923640640908,0.35086088541105004
9219.0,0.680168418719517,0.3193272736509364,5.043076295466416E-4
8271.0,0.7705203529021905,0.22926287450832544,2.1677258948415916E-4
8540.0,0.017299624435987628,0.9670616552831842,0.015638720280828158
9082.0,4.2408487457424934E-7,0.9542636167910921,0.0457359591240333
8103.0,0.16698353991633105,0.8286892947212402,0.004327165362428587
8809.0,0.5377099466972955,0.46145165557936074,8.38397723343763E-4
9452.0,0.961783174036635,0.038188655596083934,2.8170367280974263E-5
9727.0,0.06067874370005295,0.934245315050347,0.005075941249599953
8352.0,0.19675067519496353,0.8031980870714269,5.123773360960212E-5
8627.0,0.051249050482197016,0.8770018790395612,0.07174907047824178
9109.0,8.233495419511194E-4,0.9862158234605494,0.01296082699749957
8838.0,0.9298099160687742,0.0701572197631543,3.2864168071485205E-5
9556.0,0.8766090385125928,0.12332061867139332,7.034281601390564E-5
9287.0,0.6334516116776728,0.36553998305564406,0.0010084052666830962
8749.0,1.5650048146156876E-5,0.9543955370173413,0.045588812934512654
9022.0,0.6615957020756085,0.33809916162600745,3.051362983840226E-4
8472.0,0.1429577969952662,0.8457610042623479,0.011281198742385982
8203.0,0.09305632814572953,0.9046220819364083,0.0023215899178622786
9659.0,7.70068365509257E-4,0.9805615068957401,0.01866842473875075
9384.0,0.13162241381534892,0.7983734305011749,0.07000415568347614
8898.0,0.01649707118037378,0.9441570747422966,0.03934585407732959
9169.0,7.25251553784629E-5,0.7104440408099694,0.2894834340346522
8695.0,0.5849061920318646,0.4137752736006636,0.0013185343674718285
8420.0,0.7933923804879623,0.20637838818234572,2.292313296918477E-4
9354.0,0.061905765574592625,0.9337628633182457,0.004331371107161808
8928.0,0.9121806423735322,0.08778101174994561,3.8345876522124664E-5
8390.0,0.026517733799611923,0.9600291981743895,0.01345306802599863
8661.0,0.48702355304446404,0.5115404779793733,0.0014359689761625804
9317.0,2.4077984352618582E-4,0.9670848554286688,0.03267436472780501
9590.0,0.048423719991615405,0.8980374631398199,0.053538816868564744
9795.0,0.051249050482197016,0.8770018790395612,0.07174907047824178
8988.0,0.82071274286321,0.1790941610663808,1.930960704092474E-4
8084.0,0.6925035574278692,0.3040263007654142,0.0034701418067166465
8719.0,0.3937166901962993,0.6041859792389557,0.002097330564745032
8233.0,0.05237581072720549,0.9158554822116429,0.031768707061151626
8506.0,0.863229870974202,0.13665737481963897,1.1275420615902449E-4
8592.0,0.44568636113104326,0.5525221969126941,0.0017914419562627194
8323.0,0.798666776540806,0.2008677059884023,4.655174707917228E-4
8129.0,0.29280416720358843,0.7012934111252964,0.00590242167111521
8869.0,0.14886376075006003,0.8439890118826091,0.007147227367330876
9142.0,0.8384935671844519,0.1594920085014659,0.0020144243140821903
9692.0,0.9251649898376441,0.07480925243857935,2.5757723776652162E-5
9423.0,0.06667878696690163,0.927370144507739,0.005951068525359222
8575.0,0.9996086767621807,3.9128278541276826E-4,4.045240656094901E-8
8300.0,0.04708075558710926,0.0019475597538092053,0.9509716846590816
8778.0,0.010959264414172522,0.9772047300185213,0.011836005567306325
9523.0,3.946112669592678E-6,0.6493640624609133,0.3506319914264171
9248.0,0.12774193548387094,0.1625806451612903,0.7096774193548387
8270.0,0.9240072368223149,0.07591522293037108,7.754024731400972E-5
8541.0,0.027577300007597047,0.12155283749905035,0.8508698624933525
9083.0,0.4517743378879499,0.5471412480212257,0.0010844140908244453
8808.0,0.43976232570712326,0.5595949786666654,6.426956262113629E-4
