9179.0,0.6676943675982367,0.32817640303468076,0.004129229367082524
8904.0,0.7091434457408717,0.28408335003635815,0.006773204222770096
8701.0,0.013985527812733671,0.5596815560676995,0.42633291611956686
9378.0,0.052075602661867004,0.9234660700758894,0.024458327262243666
9012.0,0.6463951969843003,0.3502993913595882,0.0033054116561115694
8743.0,0.05146677345799301,0.6093767924360869,0.3391564341059201
8193.0,0.041033309867114356,0.7007912912064778,0.25817539892640773
8466.0,0.009712959655951224,0.5459443560638099,0.4443426842802388
9293.0,0.5672797441562564,0.4181488591803413,0.014571396663402424
9566.0,0.6676943675982367,0.32817640303468076,0.004129229367082524
8081.0,0.013992208501249504,0.5597086590570034,0.42629913244174694
8709.0,0.058009449608552505,0.9274987514527653,0.014491798938682222
8982.0,0.008306664552818114,0.5315083590078404,0.46018497643934153
8496.0,0.05100279580868896,0.9353585571806221,0.013638647010688815
8227.0,0.03479594299105135,0.5116271296122964,0.45357692739665223
9596.0,0.01794248641910718,0.9470486038474943,0.035008909733398576
9327.0,0.6445873067806817,0.3504426128252313,0.004970080394087068
9801.0,0.034795942991051335,0.5116271296122965,0.45357692739665234
8938.0,0.040947205054881704,0.6235378317571901,0.3355149631879282
8671.0,0.05800717679014739,0.9160187672392751,0.02597405597057762
8396.0,0.6676943675982367,0.32817640303468076,0.004129229367082524
9619.0,0.008675923743513817,0.5649915314533589,0.4263325448031272
9344.0,0.6248999097955714,0.3722394673765279,0.0028606228279006536
8295.0,0.012857549842520155,0.581266098882799,0.40587635127468075
8564.0,0.6108302837187584,0.387521457806074,0.0016482584751676597
9042.0,0.6108303088769991,0.38752143286676966,0.0016482582562311221
8769.0,0.6186518639135905,0.37492395737572615,0.006424178710683318
8115.0,0.6247832880134252,0.3695933836686615,0.005623328317913135
9741.0,0.017075771021938684,0.4451496289617645,0.5377746000162967
9259.0,0.021354290811398443,0.968197167381414,0.010448541807187683
9528.0,0.018794093199623267,0.5755515789463276,0.4056543278540492
8328.0,0.6430891817031911,0.3518932586664192,0.005017559630389763
8603.0,0.041033154833919616,0.7007883257657908,0.2581785194002896
9149.0,0.01794248641910718,0.9470486038474943,0.035008909733398576
8878.0,0.6710833745933188,0.3230610643883197,0.005855561018361505
9687.0,0.05536040849536052,0.9201094757266222,0.02453011577801746
8633.0,0.6676943675480925,0.3281764030849234,0.004129229366983992
8362.0,0.012998435582067232,0.5777309727666365,0.40927059165129615
8844.0,0.6676923451570399,0.32817842945003567,0.004129225392924399
9119.0,0.6200737715777644,0.37353089030728365,0.0063953381149518505
9446.0,0.6789939598284476,0.31450241870308515,0.006503621468467297
8534.0,0.7083677343928669,0.2859927696424517,0.005639495964681375
8261.0,0.06998794437210679,0.9086338296512229,0.021378225976670343
8098.0,0.5829261548660745,0.4101265253358944,0.006947319798031096
8803.0,0.6710833745933188,0.3230610643883197,0.005855561018361505
9072.0,0.005381612211000217,0.5368779611860864,0.45774042660291336
9775.0,0.05099669263389286,0.935350033163915,0.013653274202192074
9498.0,0.052057839270486225,0.9229994977043292,0.024942663025184695
9225.0,0.7020979595584537,0.29630582093417934,0.001596219507366935
9379.0,0.008675923743514292,0.5649915314533498,0.4263325448031359
9648.0,0.05100279580868896,0.9353585571806221,0.013638647010688815
9178.0,0.04054933175266514,0.9316982512172455,0.027752417030089162
8183.0,0.05099716689922025,0.935362701549587,0.013640131551192725
8905.0,0.008675923743513912,0.5649915314533571,0.426332544803129
8431.0,0.024534914215941228,0.5361562527888044,0.43930883299525436
8700.0,0.7034923966510462,0.28975315719414224,0.006754446154811574
9292.0,0.03842227328017548,0.9252293262615516,0.03634840045827291
9567.0,0.05800717679014739,0.9160187672392751,0.02597405597057762
9013.0,0.02135429084019439,0.9681971665892043,0.010448542570601238
8742.0,0.6108303088769991,0.38752143286676966,0.0016482582562311221
8192.0,0.6676943675663835,0.32817640306600726,0.004129229367609317
8467.0,0.05536040849536052,0.9201094757266222,0.02453011577801746
9597.0,0.5829261548660745,0.4101265253358944,0.006947319798031096
9326.0,0.06998794437210679,0.9086338296512229,0.021378225976670343
9800.0,0.03479594299105135,0.5116271296122964,0.45357692739665223
8708.0,0.6676943674773255,0.3281764031558295,0.004129229366844935
8983.0,0.01794248641910718,0.9470486038474943,0.035008909733398576
8497.0,0.05536040847476327,0.9201094756819035,0.024530115843333193
8226.0,0.08091307031400298,0.9075235863667651,0.01156334331923199
9618.0,0.7304282114090433,0.26957178859095654,0.0
9345.0,0.04019132831019414,0.9319646707420225,0.027844000947783443
8166.0,0.013985527812525303,0.5596815560668821,0.4263329161205926
8939.0,0.7083748384559643,0.28598511211734345,0.005640049426692341
9208.0,0.0642395034590169,0.9155405437920342,0.020219952748948923
8670.0,0.036901728288038636,0.9465810391579399,0.016517232554021637
8397.0,0.6789939601817314,0.3145024183553847,0.006503621462883848
9740.0,0.6251001444219059,0.3692874250501851,0.005612430527909058
9258.0,0.5829261548660745,0.4101265253358944,0.006947319798031096
9529.0,0.6247832880134252,0.3695933836686615,0.005623328317913135
8294.0,0.7091435034023293,0.2840832921875642,0.006773204410106502
8565.0,0.008675923743513817,0.5649915314533589,0.4263325448031272
9043.0,0.606505990398671,0.38779136503498796,0.005702644566341026
8768.0,0.08091307031400298,0.9075235863667651,0.01156334331923199
9413.0,0.01707577421483471,0.44514959437984575,0.5377746314053194
9686.0,0.6789939601817314,0.3145024183553847,0.006503621462883848
8329.0,0.05800717679014739,0.9160187672392751,0.02597405597057762
8602.0,0.01409759101324698,0.5628833641418088,0.4230190448449442
9148.0,0.7266320492548441,0.2714925630520096,0.0018753876931462958
8879.0,0.5823765830752213,0.4137112944406635,0.003912122484115252
8132.0,0.7083747276074763,0.2859852316022949,0.00564004079022886
9716.0,0.03690171959997158,0.9465810505282649,0.016517229871763652
9447.0,0.05149306119135659,0.6097171614298333,0.3387897773788101
8632.0,0.5823604685203064,0.41763953147969357,0.0
8363.0,0.02868046033002504,0.7998040699341077,0.1715154697358673
8149.0,0.0275452685792736,0.5910337724550149,0.3814209589657116
8845.0,0.6307898305247271,0.3661484032928967,0.0030617661823761333
9118.0,0.00867592375883895,0.5649915311588916,0.4263325450822695
9774.0,0.018782421092968356,0.5755619242911806,0.40565565461585107
9499.0,0.03479594299105135,0.5116271296122964,0.45357692739665223
9224.0,0.6789939601817314,0.3145024183553847,0.006503621462883848
8535.0,0.6108303088769991,0.38752143286676966,0.0016482582562311221
8260.0,0.6247832880134252,0.3695933836686615,0.005623328317913135
8802.0,0.05207528536823473,0.9234660865410121,0.024458628090753037
9073.0,0.6438770176506982,0.35204465290241854,0.004078329446883177
8741.0,0.5829261548660739,0.41012652533589494,0.006947319798031119
9014.0,0.47422293919149006,0.5068992444979876,0.018877816310522263
8464.0,0.6445909470436337,0.35043908755426534,0.0049699654021009764
8195.0,0.041033154833919616,0.7007883257657908,0.2581785194002896
9564.0,0.008675923743513817,0.5649915314533589,0.4263325448031272
9295.0,0.6676943675982367,0.32817640303468076,0.004129229367082524
8906.0,0.05031339787541871,0.9292475640277053,0.020439038096875965
9177.0,0.606505990398671,0.38779136503498796,0.005702644566341026
8703.0,0.016900568525136057,0.6328421325013904,0.3502572989734736
8428.0,0.043355338478133866,0.8750498920191648,0.08159476950270134
9651.0,0.7304281590332597,0.26957184096674025,0.0
9376.0,0.7266316904229829,0.27149291153734156,0.0018753980396755575
9211.0,0.7075444276865491,0.2868797796787926,0.005575792634658329
8936.0,0.4737071505890007,0.5073706365840015,0.0189222128269978
8398.0,0.013985527812401546,0.5596815560663966,0.42633291612120183
8669.0,0.7304281944963515,0.26957180550364845,0.0
9346.0,0.03479594295800604,0.5116271296828327,0.45357692735916116
9617.0,0.08091307031400298,0.9075235863667651,0.01156334331923199
8980.0,0.7322484386189876,0.26671865302940767,0.001032908351604736
8080.0,0.058007217789161666,0.9160187278440323,0.025974054366806026
8711.0,0.06423930553979507,0.9155405509343456,0.020220143525859314
8225.0,0.5829261584361534,0.4101265220420582,0.006947319521788543
8498.0,0.6789939601817314,0.3145024183553847,0.006503621462883848
9325.0,0.022038700692208736,0.9656909449685551,0.012270354339236265
9598.0,0.7304282114092224,0.2695717885907775,0.0
9803.0,0.03690171959997158,0.9465810505282649,0.016517229871763652
8601.0,0.7266320492548441,0.2714925630520096,0.0018753876931462958
8330.0,0.0281311559308264,0.9447739261294715,0.02709491793970197
8876.0,0.6789939601817314,0.3145024183553847,0.006503621462883848
9151.0,0.6249046859428335,0.3722345340762157,0.0028607799809506934
9685.0,0.052075602661911524,0.9234660700758583,0.024458327262230014
9414.0,0.1822870922406786,0.8009650143547798,0.016747893404541535
8566.0,0.055360408495360496,0.9201094757266222,0.02453011577801746
8293.0,0.6248999097955714,0.3722394673765279,0.0028606228279006536
8771.0,0.017442897209919504,0.6302740329551638,0.35228306983491664
8114.0,0.03078359887096787,0.5986881868959029,0.37052821423312926
9040.0,0.6373975318112411,0.3574016805963368,0.005200787592422195
9743.0,0.05800717678970957,0.9160187672388251,0.025974055971465237
9530.0,0.6710833745933188,0.3230610643883197,0.005855561018361505
8263.0,0.6710833745933188,0.3230610643883197,0.005855561018361505
8532.0,0.07618135674927838,0.5590540187667817,0.3647646244839399
9074.0,0.6247832880134252,0.3695933836686615,0.005623328317913135
8801.0,0.013985659832976631,0.559685336739129,0.42632900342789426
8099.0,0.7083279731058283,0.28603562744206534,0.005636399452106443
9773.0,0.7083744209485662,0.2859855621536312,0.005640016897802738
9227.0,0.5829261548660745,0.4101265253358944,0.006947319798031096
9496.0,0.022454411124869053,0.6041066563407255,0.3734389325344055
8360.0,0.05100279580868898,0.9353585571806221,0.01363864701068885
8635.0,0.6247832880134255,0.36959338366866135,0.005623328317913123
9117.0,0.6200735989071012,0.3735310638639994,0.006395337228899369
8846.0,0.671083374334001,0.32306106464228623,0.005855561023712733
9444.0,0.025630441765052227,0.588458875420082,0.3859106828148658
9719.0,0.6247843806685515,0.3695923286192824,0.005623290712166123
9565.0,0.6249043709769432,0.37223485940594725,0.0028607696171095757
9294.0,0.05536009173806636,0.920109451157377,0.024530457104556654
8740.0,0.05100279580868896,0.9353585571806221,0.013638647010688815
8465.0,0.05100279580868896,0.9353585571806221,0.013638647010688815
8194.0,0.08138132898935058,0.9062801119002243,0.012338559110425059
9650.0,0.009726078924030218,0.545713999318999,0.44455992175697084
9377.0,0.05800717679014739,0.9160187672392751,0.02597405597057762
8182.0,0.6789939601817314,0.3145024183553847,0.006503621462883848
8907.0,0.6676943675982367,0.32817640303468076,0.004129229367082524
9176.0,0.6710833745933188,0.3230610643883197,0.005855561018361505
8702.0,0.5465993941886187,0.4351805499109498,0.018220055900431548
8429.0,0.030783240279327554,0.5986791102556661,0.3705376494650064
9347.0,0.722549420258831,0.27625792802042787,0.0011926517207411303
9616.0,0.056393694670735586,0.9153812564475653,0.028225048881699105
9210.0,0.05100279580868896,0.9353585571806221,0.013638647010688815
8937.0,0.03722106515138071,0.9449623156276191,0.017816619221000193
8167.0,0.6710833745103173,0.32306106446960847,0.005855561020074306
8399.0,0.6587896179902953,0.33709923319927737,0.004111148810427309
8668.0,0.06423950498228731,0.9155405437359571,0.020219951281755754
9324.0,0.7322493706363294,0.2667177354775271,0.0010328938861435951
9599.0,0.6445909470436337,0.35043908755426534,0.0049699654021009764
8981.0,0.05100279580868896,0.9353585571806221,0.013638647010688815
8710.0,0.05536040849536052,0.9201094757266222,0.02453011577801746
8224.0,0.5829262570286319,0.41012643107838215,0.00694731189298599
8499.0,0.08436039189155653,0.9040406111088352,0.011598996999608353
9684.0,0.6248999508580525,0.3722394249629781,0.0028606241789693445
9415.0,0.6445909470435995,0.3504390875542985,0.004969965402102055
8600.0,0.016774769633381523,0.8178510314957113,0.16537419887090726
8331.0,0.7249645639861525,0.2650147438414449,0.010020692172402628
8877.0,0.7249645639861525,0.2650147438414449,0.010020692172402628
8133.0,0.008675923743513817,0.5649915314533589,0.4263325448031272
9150.0,0.6254034731700184,0.37171928307712826,0.002877243752853354
9742.0,0.6705488383642588,0.32454025470543896,0.004910906930302143
9531.0,0.6676935757433631,0.32817719644556603,0.004129227811070985
9256.0,0.012998356463532807,0.5777313461432881,0.40927029739317905
8567.0,0.027762596020372784,0.5948862226216801,0.3773511813579471
8292.0,0.06423950498228731,0.9155405437359571,0.020219951281755754
8770.0,0.6710833745933188,0.3230610643883197,0.005855561018361505
9041.0,0.6789939601817314,0.3145024183553847,0.006503621462883848
9772.0,0.6676943672567398,0.3281764033768487,0.004129229366411479
9226.0,0.0807321582465938,0.9073600550862109,0.011907786667195424
9497.0,0.08126205041233617,0.9066018779046278,0.012136071683036032
8262.0,0.03540262482243489,0.5887374332012598,0.3758599419763053
8533.0,0.6789939601817314,0.3145024183553847,0.006503621462883848
9075.0,0.7090934365963538,0.28413352168717776,0.006773041716468319
8800.0,0.6529119977274465,0.34298941524191934,0.004098587030634251
9445.0,0.028131217571733123,0.9447736827314713,0.027095099696795584
9718.0,0.7266320492548441,0.2714925630520096,0.0018753876931462958
8361.0,0.005381622966496288,0.5368780299986278,0.457740347034876
8634.0,0.6676943675982367,0.32817640303468076,0.004129229367082524
9116.0,0.6200735989071025,0.3735310638639982,0.006395337228899376
8847.0,0.7304282114090433,0.26957178859095654,0.0
8148.0,0.7266320492548441,0.2714925630520096,0.0018753876931462958
8500.0,0.0281311559308264,0.9447739261294715,0.02709491793970197
8231.0,0.6445909452069456,0.3504390893329349,0.004969965460119512
8705.0,0.7249640935702478,0.26501528148431697,0.0100206249454352
8083.0,0.6676943675982367,0.32817640303468076,0.004129229367082524
8978.0,0.7266320492381537,0.27149256306821873,0.0018753876936275459
9805.0,0.02245438072835615,0.6041060152265169,0.373439604045127
9592.0,0.7322495236724763,0.266717584816576,0.0010328915109476897
9323.0,0.7304282114092224,0.2695717885907775,0.0
8667.0,0.5829261558092936,0.4101265244656589,0.006947319725047482
8392.0,0.7249645639725835,0.26501474385695306,0.010020692170463466
8942.0,0.0281311559308264,0.9447739261294715,0.02709491793970197
9213.0,0.6445839733167275,0.35044584098704984,0.0049701856962226934
9623.0,0.6445904477913271,0.35043957103583717,0.0049699811728357475
9348.0,0.7249645639861525,0.2650147438414449,0.010020692172402628
8426.0,0.5465308115181371,0.43523585275791626,0.018233335723946684
8697.0,0.048770191954357084,0.8838464990307238,0.06738330901491914
9183.0,0.6247832880134252,0.3695933836686615,0.005623328317913135
8908.0,0.7229771975337164,0.2672810326581825,0.00974176980810121
9653.0,0.6710833745933188,0.3230610643883197,0.005855561018361505
8197.0,0.024534923766518398,0.5361563728085333,0.4393087034249483
8470.0,0.025630399648175525,0.5884590727347099,0.38591052761711475
9008.0,0.05536040849536052,0.9201094757266222,0.02453011577801746
8739.0,0.6676943675982367,0.32817640303468076,0.004129229367082524
9289.0,0.6789939601817314,0.3145024183553847,0.006503621462883848
9562.0,0.5823765830752213,0.4137112944406635,0.003912122484115252
8840.0,0.05031309166339529,0.9292479553718649,0.02043895296473987
9115.0,0.05536040849536052,0.9201094757266222,0.02453011577801746
8637.0,0.013985527820185513,0.559681556096933,0.42633291608288143
8366.0,0.6445909470416744,0.3504390875561627,0.004969965402162863
9442.0,0.6676943675982367,0.32817640303468076,0.004129229367082524
8807.0,0.6518196137132029,0.3450901082691935,0.0030902780176036344
8096.0,0.7249645639861525,0.2650147438414449,0.010020692172402628
9076.0,0.055360408495360496,0.9201094757266222,0.02453011577801746
8530.0,0.04103328066587984,0.7007907326686258,0.2581759866654944
8257.0,0.008306664552818114,0.5315083590078404,0.46018497643934153
9502.0,0.04103389674142321,0.7008028995263619,0.25816320373221485
9229.0,0.018794109265815647,0.5755517058923244,0.40565418484185994
9771.0,0.0484225784031213,0.8603910179688652,0.09118640362801358
9046.0,0.052075602661911524,0.9234660700758583,0.024458327262230014
8773.0,0.051002795798735845,0.9353585571513674,0.013638647049896625
8113.0,0.6789939601817314,0.3145024183553847,0.006503621462883848
8291.0,0.019290048794254607,0.9450256014881943,0.03568434971755096
8560.0,0.6108303088769991,0.38752143286676966,0.0016482582562311221
9263.0,0.4737071505890007,0.5073706365840015,0.0189222128269978
9532.0,0.5829261548660745,0.4101265253358944,0.006947319798031096
9737.0,0.040191328676344625,0.9319646614039295,0.027844009919725774
9145.0,0.6200735989071012,0.3735310638639994,0.006395337228899369
8874.0,0.6248999097955714,0.3722394673765279,0.0028606228279006536
8332.0,0.5823765830752213,0.4137112944406635,0.003912122484115252
8607.0,0.018785000001509164,0.5755596383357926,0.4056553616626982
9408.0,0.697893709722094,0.295171427253117,0.006934863024788951
9683.0,0.7266320492548441,0.2714925630520096,0.0018753876931462958
9593.0,0.07617065114913263,0.5590850453572559,0.3647443034936115
9322.0,0.052075602556821615,0.923466069285209,0.024458328157969535
8501.0,0.6676943675982367,0.32817640303468076,0.004129229367082524
8230.0,0.732249522986313,0.26671758549208985,0.0010328915215972742
8704.0,0.7322495236724763,0.266717584816576,0.0010328915109476886
8979.0,0.008306664552818114,0.5315083590078404,0.46018497643934153
9622.0,0.7304282114090433,0.26957178859095654,0.0
9349.0,0.07000265342753981,0.9086211580209438,0.021376188551516233
8666.0,0.0187940931985341,0.5755515789471287,0.40565432785433714
8393.0,0.6789939601817314,0.3145024183553847,0.006503621462883848
8164.0,0.09182111082327798,0.8295007803651627,0.07867810881155932
8943.0,0.05203895786560932,0.9208363013556018,0.02712474077878879
9212.0,0.07618270161554568,0.5590678992807312,0.3647493991037231
9383.0,0.022454380732606735,0.6041060152044672,0.37343960406292614
9652.0,0.5829261548660745,0.4101265253358944,0.006947319798031096
8427.0,0.7266320492541356,0.2714925630526976,0.0018753876931667255
8696.0,0.7266320492547617,0.27149256305208974,0.001875387693148678
9182.0,0.6676943675982367,0.32817640303468076,0.004129229367082524
8909.0,0.6445909470436337,0.35043908755426534,0.0049699654021009764
8181.0,0.7266320492548441,0.2714925630520096,0.0018753876931462958
9288.0,0.6200735989071012,0.3735310638639994,0.006395337228899369
9563.0,0.04019132830442233,0.9319646707463043,0.0278440009492733
8196.0,0.05801316880218669,0.9274989134027511,0.014487917795062205
8471.0,0.6676943675982367,0.32817640303468076,0.004129229367082524
9009.0,0.7266320492537903,0.27149256305303304,0.0018753876931766897
8738.0,0.05207560266202244,0.9234660700678312,0.024458327270146237
9712.0,0.022430200127177783,0.9517686774502889,0.025801122422533372
9443.0,0.5829261488832974,0.4101265312233799,0.006947319893322795
8151.0,0.5481626246239142,0.44026436691915216,0.011573008456933513
8841.0,0.03540391459093039,0.588733806117636,0.3758622792914337
9114.0,0.7249645639861525,0.2650147438414449,0.010020692172402628
8636.0,0.6248999097623305,0.37223946740936953,0.0028606228282999392
8367.0,0.041033154833919616,0.7007883257657908,0.2581785194002896
9503.0,0.7083748384613023,0.2859851121115895,0.005640049427108251
9228.0,0.6108303088769996,0.38752143286676927,0.001648258256231126
9770.0,0.05801316880218669,0.9274989134027511,0.014487917795062205
8806.0,0.7322495236724698,0.2667175848165823,0.001032891510947788
9077.0,0.022454380737183057,0.6041060154125856,0.3734396038502314
8531.0,0.027545268579273606,0.591033772455015,0.38142095896571143
8256.0,0.05800717679014739,0.9160187672392751,0.02597405597057762
9262.0,0.08091307031400298,0.9075235863667651,0.01156334331923199
9533.0,0.008675923743513817,0.5649915314533589,0.4263325448031272
9736.0,0.630987171130623,0.36594406121646195,0.00306876765291502
9047.0,0.041033158551810736,0.7007884542665054,0.2581783871816838
8772.0,0.05100279580868896,0.9353585571806221,0.013638647010688815
8290.0,0.043616234961369627,0.6052363568077741,0.35114740823085616
8561.0,0.01302728909523624,0.5784412670037891,0.4085314439009747
9409.0,0.022773549472698926,0.9548493984644418,0.0223770520628594
9682.0,0.022870723345556114,0.6128460318955127,0.3642832447589311
9144.0,0.709143501807764,0.2840832937873101,0.006773204404925918
8875.0,0.05041044208871892,0.6089132663503668,0.3406762915609144
8134.0,0.03690171959997158,0.9465810505282649,0.016517229871763652
8333.0,0.041033154833919706,0.7007883257657909,0.25817851940028935
8606.0,0.5829261548660745,0.4101265253358944,0.006947319798031096
8394.0,0.05100279580868896,0.9353585571806221,0.013638647010688815
8665.0,0.7249645639861525,0.2650147438414449,0.010020692172402628
9215.0,0.6200735989071012,0.3735310638639994,0.006395337228899369
8940.0,0.5465308115181371,0.43523585275791626,0.018233335723946684
9350.0,0.6249497869077475,0.3721879486584101,0.0028622644338423273
9621.0,0.6789939601817314,0.3145024183553847,0.006503621462883848
8229.0,0.6200735989071029,0.37353106386399776,0.006395337228899374
8502.0,0.01369039682739419,0.6014256376690948,0.38488396550351095
8976.0,0.6789939601708522,0.31450241836609166,0.0065036214630559966
8082.0,0.03168990121945503,0.9670519336401875,0.0012581651403574313
8707.0,0.01929004879517717,0.9450256015000987,0.03568434970472408
9807.0,0.0281311559308264,0.9447739261294715,0.02709491793970197
9321.0,0.5482928566028126,0.4401376212708161,0.011569522126371249
9594.0,0.01929004879517717,0.9450256015000987,0.03568434970472408
8468.0,0.7217756387539165,0.2782243612460835,0.0
8199.0,0.0281311559308264,0.9447739261294715,0.02709491793970197
8737.0,0.7322495236724763,0.266717584816576,0.0010328915109476886
9010.0,0.021354290811398443,0.968197167381414,0.010448541807187683
9560.0,0.05536080693388486,0.9201090970090154,0.02453009605709981
9291.0,0.6710480225988893,0.32309647468221053,0.005855502718900296
8699.0,0.667694366402658,0.3281764042326087,0.004129229364733198
8424.0,0.726632049234745,0.27149256307152914,0.001875387693725835
8910.0,0.6108303088770161,0.3875214328667525,0.0016482582562314444
9181.0,0.01690074217012225,0.6328443726293173,0.3502548852005605
9380.0,0.7249569794015207,0.265023412265597,0.010019608332882225
9078.0,0.018794093199615607,0.5755515789462238,0.40565432785416056
8805.0,0.051466773457992235,0.6093767924360864,0.3391564341059212
8097.0,0.04593718809129774,0.6600498280019941,0.29401298390670827
8259.0,0.04593719025942875,0.6600498531324704,0.29401295660810084
8528.0,0.6445878841868051,0.350442053658867,0.0049700621543278195
9231.0,0.6248999098192314,0.3722394673520895,0.002860622828679132
9500.0,0.02390343031804266,0.9482076961344722,0.027888873547485146
9769.0,0.02562864705511512,0.5884672837663496,0.38590406917853526
8842.0,0.606505990398671,0.38779136503498796,0.005702644566341026
8364.0,0.040189606017489984,0.9319602308075055,0.02785016317500458
8639.0,0.7091435029418323,0.2840832926495573,0.006773204408610399
9440.0,0.035403914541102276,0.5887338052420754,0.3758622802168224
9715.0,0.04103315483391302,0.7007883257657408,0.25817851940034614
8872.0,0.04109250763525426,0.7028497769777583,0.25605771538698746
9147.0,0.6710833711667118,0.3230610678205761,0.005855561012712078
8605.0,0.022773549472699134,0.9548493984644411,0.02237705206285999
8334.0,0.7266320492548441,0.2714925630520096,0.0018753876931462958
9681.0,0.022454381011395404,0.6041060137582596,0.37343960523034514
8775.0,0.7091434998814267,0.2840832957199059,0.006773204398667437
8112.0,0.6445907171773878,0.3504393101593381,0.004969972663274177
8562.0,0.6200735989071012,0.3735310638639994,0.006395337228899369
8289.0,0.644590947043621,0.35043908755427755,0.004969965402101374
9534.0,0.6710833745933188,0.3230610643883197,0.005855561018361505
9261.0,0.5829483729502803,0.4101060262383648,0.0069456008113549204
9739.0,0.022454380729737457,0.6041060152193513,0.3734396040509113
9351.0,0.05184883311371153,0.9236230181510822,0.024528148735206225
9620.0,0.05536040849536052,0.9201094757266222,0.02453011577801746
8395.0,0.5482928566028126,0.4401376212708161,0.011569522126371249
8664.0,0.6789931463652439,0.31450319918194,0.006503654452816073
9214.0,0.0281311559308264,0.9447739261294715,0.02709491793970197
8941.0,0.606505990398671,0.38779136503498796,0.005702644566341026
8165.0,0.6028027775565434,0.39544601813321767,0.0017512043102389026
9806.0,0.05536040849534561,0.9201094757265894,0.024530115778065024
9320.0,0.6671735992484141,0.32869819671438644,0.004128204037199434
9595.0,0.6445909470436264,0.35043908755427233,0.004969965402101203
8228.0,0.694373840019867,0.29890362487698585,0.0067225351031471306
8503.0,0.05801316880218669,0.9274989134027511,0.014487917795062205
8977.0,0.6789939601817314,0.3145024183553847,0.006503621462883848
9290.0,0.6250292194301709,0.37210589965707186,0.002864880912757115
8469.0,0.019289567131244946,0.9450167940118979,0.03569363885685714
8198.0,0.6676943675982367,0.32817640303468076,0.004129229367082524
8736.0,0.5465304456204361,0.43523618627664595,0.01823336810291794
9011.0,0.6248980507734414,0.37224128031749404,0.002860668909064555
9654.0,0.058013168802183185,0.9274989134027448,0.014487917795071976
8698.0,0.022430200127177783,0.9517686774502889,0.025801122422533372
8425.0,0.7266320492548441,0.2714925630520096,0.0018753876931462958
8180.0,0.04069925504513016,0.9306539922843415,0.02864675267052826
8911.0,0.6108303088769991,0.38752143286676966,0.0016482582562311221
9180.0,0.6247832880134272,0.3695933836686598,0.005623328317913077
9230.0,0.05380870959808818,0.9180688906373895,0.02812239976452241
9501.0,0.5823765830752213,0.4137112944406635,0.003912122484115252
9768.0,0.7083748384613048,0.28598511211158695,0.005640049427108421
9079.0,0.6445750282388525,0.3504545034876996,0.004970468273447878
8804.0,0.7266320492548441,0.2714925630520096,0.0018753876931462958
8258.0,0.04019183406987473,0.931964295530827,0.02784387039929831
8529.0,0.5829261548660745,0.4101265253358944,0.006947319798031096
9441.0,0.6445909442514508,0.3504390902582469,0.004969965490302323
9112.0,0.5829630627083534,0.4100924728054384,0.00694446448620822
8150.0,0.01285535830696484,0.581178289643458,0.4059663520495772
8843.0,0.05536040589053086,0.9201094755246036,0.02453011858486534
8365.0,0.7083748384613048,0.28598511211158695,0.005640049427108421
8638.0,0.0520756026606103,0.9234660699663952,0.024458327372994387
9680.0,0.6710833745933188,0.3230610643883197,0.005855561018361505
9411.0,0.6710833745933188,0.3230610643883197,0.005855561018361505
8135.0,0.606505990398671,0.38779136503498796,0.005702644566341026
8873.0,0.7083748384613048,0.28598511211158695,0.005640049427108421
9146.0,0.6789939601817314,0.3145024183553847,0.006503621462883848
8604.0,0.013985527812401546,0.5596815560663966,0.42633291612120183
8335.0,0.7249645553234652,0.2650147537421189,0.01002069093441586
9535.0,0.6534285175511444,0.34257807499994936,0.00399340744890624
9260.0,0.012998356463538679,0.5777313461432604,0.4092702973932009
9738.0,0.6200736354028574,0.37353102718096665,0.006395337416175902
8774.0,0.07618135342203441,0.559053984426334,0.36476466215163156
9045.0,0.6445909470436333,0.3504390875542657,0.004969965402100986
8563.0,0.05801316880145961,0.9274989134014577,0.014487917797082651
8288.0,0.06998879169004467,0.9086329655656642,0.021378242744291176
9733.0,0.7266320492548441,0.2714925630520096,0.0018753876931462958
9251.0,0.052075602241018974,0.9234660700975756,0.024458327661405533
9520.0,0.7083748384613048,0.28598511211158695,0.005640049427108421
8303.0,0.7083748384415692,0.2859851121328599,0.005640049425570802
8572.0,0.5829263065437172,0.4101263853946306,0.0069473080616521245
9050.0,0.022454758627021586,0.6041040549015331,0.37344118647144536
8777.0,0.015937972383927763,0.6507770980087817,0.33328492960729045
8119.0,0.08091307031400298,0.9075235863667651,0.01156334331923199
9420.0,0.6247834693320121,0.3695932085905015,0.005623322077486386
9695.0,0.7083748384613048,0.28598511211158695,0.005640049427108421
8320.0,0.6710833745933188,0.3230610643883197,0.005855561018361505
8595.0,0.03690171959997158,0.9465810505282649,0.016517229871763652
9141.0,0.7266320492548441,0.2714925630520096,0.0018753876931462958
8870.0,0.06423950498222869,0.9155405437359592,0.02021995128181221
9725.0,0.08353703653892695,0.7504175439831646,0.1660454194779084
9454.0,0.008675923743513817,0.5649915314533589,0.4263325448031272
8625.0,0.6789939601817314,0.3145024183553847,0.006503621462883848
8354.0,0.05536040849536052,0.9201094757266222,0.02453011577801746
8836.0,0.6789939601817314,0.3145024183553847,0.006503621462883848
9111.0,0.01929004879517717,0.9450256015000987,0.03568434970472408
9767.0,0.07918506243573882,0.905566639581849,0.015248297982412154
9490.0,0.7266320492548441,0.2714925630520096,0.0018753876931462958
9217.0,0.028131158077199174,0.9447739244710701,0.02709491745173069
8542.0,0.025734725796547783,0.5905330862883403,0.383732187915112
8269.0,0.01794248641910718,0.9470486038474943,0.035008909733398576
8811.0,0.5501376007898061,0.4415952888616909,0.008267110348502896
8102.0,0.624939044050589,0.37219904518189223,0.0028619107675187743
9080.0,0.08091307032674136,0.9075235863538891,0.011563343319369465
9386.0,0.03540391451769667,0.5887338052325088,0.37586228024979457
9657.0,0.7091199868517805,0.2841063583964862,0.00677365475173334
9171.0,0.7303653289775076,0.26963467102249233,0.0
8896.0,0.025630441765019402,0.5884588754194287,0.3859106828155519
8693.0,0.6445909470433812,0.3504390875545099,0.004969965402108952
9285.0,0.008306664552818114,0.5315083590078404,0.46018497643934153
9558.0,0.6789939601817314,0.3145024183553847,0.006503621462883848
9020.0,0.012854598629088169,0.5811790691818518,0.40596633218906003
8751.0,0.7266320492548441,0.2714925630520096,0.0018753876931462958
8201.0,0.7083748319612226,0.28598511911810587,0.00564004892067148
8474.0,0.6789939601817314,0.3145024183553847,0.006503621462883848
9588.0,0.05800717679005914,0.9160187672392142,0.02597405597072673
9319.0,0.027545268579283633,0.5910337724551931,0.38142095896552325
9793.0,0.7304282114088644,0.2695717885911356,0.0
8085.0,0.02245438072835615,0.6041060152265169,0.373439604045127
8717.0,0.02245438072835615,0.6041060152265169,0.373439604045127
8990.0,0.034955824748046996,0.5123436901201738,0.4527004851317792
8504.0,0.705318745190244,0.28927341177227356,0.005407843037482427
8235.0,0.036902212285557366,0.9465784875235527,0.016519300190890086
9627.0,0.040380511260407065,0.6772975319499316,0.2823219567896613
9352.0,0.6445909463234061,0.350439088251742,0.00496996542485201
8930.0,0.6676943675982353,0.3281764030346821,0.004129229367082523
9201.0,0.016900568533829055,0.6328421324597118,0.35025729900645913
8663.0,0.5465308115181371,0.43523585275791626,0.018233335723946684
8388.0,0.05800717679014739,0.9160187672392751,0.02597405597057762
8302.0,0.052075595971223014,0.9234655000906581,0.024458903938118975
8573.0,0.005381612210783754,0.5368779611847015,0.4577404266045147
9051.0,0.6789939601817314,0.3145024183553847,0.006503621462883848
8776.0,0.7322495236724763,0.266717584816576,0.0010328915109476886
9250.0,0.7266320492548429,0.27149256305201086,0.001875387693146329
9521.0,0.03789182519255204,0.9253581244164956,0.03675005039095242
8321.0,0.008678513583029221,0.5649417743944537,0.426379712022517
8594.0,0.03540391454110232,0.5887338052420753,0.3758622802168224
9140.0,0.05100279580868896,0.9353585571806221,0.013638647010688815
8871.0,0.7091435034059013,0.2840832921839807,0.006773204410118108
8128.0,0.7266320492548441,0.2714925630520096,0.0018753876931462958
9421.0,0.0281311559308264,0.9447739261294715,0.02709491793970197
9694.0,0.7266320492441168,0.2714925630624276,0.001875387693455606
8624.0,0.08091307031400298,0.9075235863667651,0.01156334331923199
8355.0,0.6247832880134252,0.3695933836686615,0.005623328317913135
8145.0,0.7322493855754878,0.26671772077023176,0.0010328936542803474
8837.0,0.043810248709515345,0.9217648628245647,0.03442488846592008
9110.0,0.6200735989071012,0.3735310638639994,0.006395337228899369
9724.0,0.6445909264546864,0.35043910749283513,0.0049699660524785225
9455.0,0.06423950498228731,0.9155405437359571,0.020219951281755754
8543.0,0.06982905218172349,0.8886213395193009,0.041549608298975624
8268.0,0.052075602661911524,0.9234660700758583,0.024458327262230014
8810.0,0.5482928566028126,0.4401376212708161,0.011569522126371249
9081.0,0.5823776496322696,0.41371022459922147,0.003912125768508947
9766.0,0.644555882612401,0.35047304426206494,0.004971073125534121
9491.0,0.054198080481915406,0.921935701304924,0.023866218213160643
9216.0,0.021354290811398443,0.968197167381414,0.010448541807187683
9170.0,0.03835356009235394,0.793912589802107,0.16773385010553893
8179.0,0.5829261548660745,0.4101265253358944,0.006947319798031096
8897.0,0.02592393023950486,0.6743212304406497,0.29975483931984537
8423.0,0.6320503330329522,0.3638995416693086,0.004050125297739124
8692.0,0.05800717679014739,0.9160187672392751,0.02597405597057762
9387.0,0.7266320492548441,0.2714925630520096,0.0018753876931462958
9021.0,0.7091435034060646,0.2840832921838167,0.006773204410118642
8750.0,0.6445909469011447,0.35043908769225324,0.004969965406602011
8200.0,0.05146677345799301,0.6093767924360869,0.3391564341059201
8475.0,0.6090869260429359,0.38520263947438693,0.005710434482677185
9559.0,0.730283283635405,0.26971671636459504,0.0
8716.0,0.05201410426079539,0.9235086782367844,0.02447721750242037
8991.0,0.6065059898111254,0.3877913656114988,0.005702644577375927
8505.0,0.05146677345799301,0.6093767924360869,0.3391564341059201
8234.0,0.6249175002158254,0.3722212981194836,0.0028612016646909913
9589.0,0.03540391437237666,0.5887338051728841,0.3758622804547393
9318.0,0.6068558020324839,0.3874404898504369,0.005703708117079235
9792.0,0.5829261548660745,0.4101265253358944,0.006947319798031096
8931.0,0.03789198354436451,0.9253580844231118,0.0367499320325236
8162.0,0.05146677345799301,0.6093767924360869,0.3391564341059201
9200.0,0.022773549472698926,0.9548493984644418,0.0223770520628594
8662.0,0.6247832880134252,0.3695933836686615,0.005623328317913135
8389.0,0.05238235790585766,0.9195868984032436,0.028030743690898634
9626.0,0.019579234876583657,0.9448291956869813,0.03559156943643504
9693.0,0.04019132830442233,0.9319646707463043,0.0278440009492733
9422.0,0.708374810936924,0.2859851390462786,0.00564005001679731
8593.0,0.5549060967936121,0.445054388410872,3.95147955157293E-5
8322.0,0.7091435034060646,0.2840832921838167,0.006773204410118642
8868.0,0.06998794437204944,0.9086338296512751,0.02137822597667548
9143.0,0.5830826097696049,0.4099821672652854,0.0069352229651096645
9735.0,0.7083748384613048,0.28598511211158695,0.005640049427108421
9522.0,0.6890497017084599,0.30476252626340317,0.006187772028136805
9249.0,0.008675924049616018,0.5649915255717098,0.4263325503786742
8574.0,0.06423871564141502,0.9155405728758638,0.020220711482721226
8301.0,0.7266320492546001,0.2714925630522464,0.0018753876931533267
8118.0,0.7304282114090433,0.26957178859095654,0.0
8779.0,0.6710684231189056,0.32307604051578276,0.005855536365311642
9048.0,0.7304198865043333,0.2695801134956667,0.0
9765.0,0.036901719600450134,0.9465810505276386,0.016517229871911395
9219.0,0.606505990398671,0.38779136503498796,0.005702644566341026
8271.0,0.6710833745933028,0.3230610643883358,0.005855561018361479
8540.0,0.04008888762830567,0.9321781098117442,0.027733002559950076
9082.0,0.01929004879517717,0.9450256015000987,0.03568434970472408
8103.0,0.022454380728356153,0.6041060152265167,0.37343960404512705
8809.0,0.037108092253138436,0.9455465719128575,0.017345335834004053
9452.0,0.7266320492548441,0.2714925630520096,0.0018753876931462958
9727.0,0.7266320492548441,0.2714925630520096,0.0018753876931462958
8352.0,0.08091307031400298,0.9075235863667651,0.01156334331923199
8627.0,0.012854598773233597,0.5811790727681938,0.40596632845857256
9109.0,0.041035648027105555,0.7008745149364876,0.2580898370364069
8838.0,0.6445908233666413,0.3504392073244647,0.004969969308894037
9556.0,0.044647039808436303,0.9365213634745977,0.018831596716965982
9287.0,0.7266320492548441,0.2714925630520096,0.0018753876931462958
8749.0,0.06998794437210679,0.9086338296512229,0.021378225976670343
9022.0,0.6710829461241683,0.32306149356388636,0.005855560311945337
8472.0,0.6445909464447217,0.35043908813425845,0.004969965421019807
8203.0,0.034795942991051064,0.5116271296122971,0.45357692739665195
9659.0,0.052075602661911524,0.9234660700758583,0.024458327262230014
9384.0,0.5829261548660745,0.4101265253358944,0.006947319798031096
8898.0,0.005381612210783754,0.5368779611847015,0.4577404266045147
9169.0,0.06920473162444109,0.8709666059140214,0.05982866246153751
8695.0,0.5829261548660745,0.4101265253358944,0.006947319798031096
8420.0,0.6676943675982367,0.32817640303468076,0.004129229367082524
9354.0,0.5823765830752213,0.4137112944406635,0.003912122484115252
8928.0,0.051026065555490926,0.9353347700626103,0.013639164381898642
8390.0,0.6789939601817314,0.3145024183553847,0.006503621462883848
8661.0,0.5482911377280862,0.44013928670018904,0.011569575571724664
9317.0,0.0809130731160148,0.9075235790809186,0.011563347803066549
9590.0,0.6108303088769991,0.38752143286676966,0.0016482582562311221
9795.0,0.01285499678880584,0.5811908010836471,0.4059542021275472
8988.0,0.6710833745933147,0.3230610643883238,0.005855561018361495
8084.0,0.5823765828094613,0.4137112947024614,0.003912122488077376
8719.0,0.6710833745927081,0.3230610643889314,0.005855561018360493
8233.0,0.03690171959997158,0.9465810505282649,0.016517229871763652
8506.0,0.6789939601817314,0.3145024183553847,0.006503621462883848
8592.0,0.01929004879517717,0.9450256015000987,0.03568434970472408
8323.0,0.7266320492548441,0.2714925630520096,0.0018753876931462958
8129.0,0.6200735989151382,0.3735310638559211,0.006395337228940608
8869.0,0.05146677345799299,0.6093767924360868,0.33915643410592017
9142.0,0.6248999097955714,0.3722394673765279,0.0028606228279006536
9692.0,0.059288110800571094,0.7408426545415304,0.19986923465789844
9423.0,0.6445672907185713,0.3504619965689174,0.004970712712511297
8575.0,0.7249645639861525,0.2650147438414449,0.010020692172402628
8300.0,0.02453490833585624,0.5361561761065122,0.4393089155576316
8778.0,0.03479594299105135,0.5116271296122964,0.45357692739665223
9523.0,0.0401913282931108,0.9319646707170501,0.027844000989839104
9248.0,0.06423950498228725,0.9155405437359568,0.020219951281755865
8270.0,0.7266320492548441,0.2714925630520096,0.0018753876931462958
8541.0,0.013110516745255901,0.5804695575747024,0.4064199256800417
9083.0,0.7091434739519648,0.28408332173361006,0.006773204314425174
8808.0,0.051001656549401024,0.9353569671837733,0.013641376266825662
9764.0,0.008675923743513817,0.5649915314533589,0.4263325448031272
9218.0,0.05207560121931576,0.9234660701495391,0.0244583286311453
9489.0,0.7322495236724763,0.266717584816576,0.0010328915109476886
8353.0,0.6425874159963775,0.3523790528564774,0.00503353114714523
8626.0,0.05146677345799301,0.6093767924360869,0.3391564341059201
8839.0,0.013985527812401546,0.5596815560663966,0.42633291612120183
8144.0,0.6778993636254881,0.3167231824163721,0.005377453958139852
9453.0,0.6789939601746315,0.3145024183621967,0.006503621463171657
9726.0,0.06423950498228717,0.9155405437359557,0.020219951281757072
