9179.0,0.8736934978696185,0.12589559258391117,4.109095464703385E-4
8904.0,0.8052115952616683,0.1931904711521028,0.001597933586229012
8701.0,0.07199736034956583,0.8515414433239303,0.07646119632650383
9378.0,0.3049528796681338,0.6567061669426574,0.03834095338920893
9012.0,0.30047815484590507,0.6973003787591391,0.0022214663949557583
8743.0,0.037138923723665694,0.49610945075503526,0.46675162552129906
8193.0,0.21511791399797697,0.764923568229375,0.019958517772647955
8466.0,0.0021751730316799315,0.07319203021369107,0.9246327967546291
9293.0,0.47543925759749944,0.5203040506736726,0.004256691728827958
9566.0,0.7306140702826065,0.26778317527493734,0.0016027544424560977
8081.0,0.027558849150098663,0.8262631369420277,0.1461780139078737
8709.0,0.33151477991404826,0.6564589264840577,0.012026293601894195
8982.0,2.4353776274213142E-5,0.018922769877100714,0.9810528763466251
8496.0,0.9197287304135979,0.08006068313499354,2.1058645140851004E-4
8227.0,0.05550092760489668,0.8300389406221397,0.11446013177296371
9596.0,0.020150230337401355,0.833229555119006,0.14662021454359267
9327.0,0.5452683843993664,0.45292542470679453,0.0018061908938391516
9801.0,0.0017728679704464207,0.8900885808724809,0.10813855115707276
8938.0,0.0016707213583347154,0.7305031805808685,0.26782609806079677
8671.0,0.010840896870462979,0.8972619786105167,0.09189712451902023
8396.0,0.8846954712493424,0.11470649607852068,5.980326721367405E-4
9619.0,0.002400136998798258,0.44773368843753447,0.5498661745636673
9344.0,0.834541629531139,0.16282681207561145,0.002631558393249476
8295.0,0.3084607019662383,0.5837637491997294,0.10777554883403219
8564.0,0.01489191907411306,0.9655992313306636,0.019508849595223386
9042.0,0.2753834960668848,0.7194926205060866,0.005123883427028611
8769.0,0.030154246412296724,0.8132393085380631,0.1566064450496402
8115.0,0.7344741169251593,0.2598535153889605,0.005672367685880179
9741.0,0.004844617220875264,0.5608200463213222,0.43433533645780265
9259.0,0.03991710654893837,0.8901176646622717,0.06996522878878995
9528.0,0.017249567521745408,0.917069954959313,0.06568047751894168
8328.0,0.8037300296205258,0.1941307493052149,0.0021392210742592396
8603.0,0.20322949963485418,0.7205654336445919,0.07620506672055387
9149.0,0.018637267259208622,0.8888589583317573,0.09250377440903419
8878.0,0.7878257337496912,0.2107058292444395,0.001468437005869378
9687.0,0.2789997070991156,0.7099365501628112,0.011063742738073267
8633.0,0.6488958691129811,0.34360751170314546,0.007496619183873237
8362.0,0.04190222568994501,0.8882668760365422,0.06983089827351278
8844.0,0.7567793691569237,0.24131519410273913,0.0019054367403373
9119.0,0.8462322396055154,0.15283641677883905,9.31343615645643E-4
9446.0,0.20563276501389227,0.7789818644660891,0.015385370520018503
8534.0,0.791624931605633,0.20666768532066176,0.001707383073705267
8261.0,0.22440099991732937,0.7583336006861727,0.01726539939649797
8098.0,0.5744677837620008,0.4131617545498288,0.01237046168817048
8803.0,0.9128783021367229,0.08674627217160344,3.754256916734201E-4
9072.0,0.5940490532956528,0.3992427006126268,0.006708246091720351
9775.0,0.4781902992676512,0.505821710925635,0.015987989806713634
9498.0,0.3064256295346132,0.6409636844726747,0.05261068599271206
9225.0,0.46665102316835844,0.5302733493504435,0.003075627481198076
9379.0,0.37056998331862423,0.619155999621944,0.01027401705943178
9648.0,0.7086648445925592,0.28937324714264295,0.0019619082647978486
9178.0,0.0036071035391724215,0.9198803274522854,0.07651256900854221
8183.0,2.807936904327857E-5,0.017326727395776436,0.9826451932351803
8905.0,5.056842658654625E-4,0.09530803722608805,0.9041862785080466
8431.0,0.007622477289742075,0.5444237292744604,0.4479537934357975
8700.0,0.6587370545985264,0.3397388164494321,0.0015241289520416068
9292.0,0.07578217165023377,0.8904375092774939,0.03378031907227252
9567.0,0.015289999835545137,0.7516583453772528,0.2330516547872021
9013.0,0.6419870830074235,0.35251400361492014,0.005498913377656394
8742.0,0.0023550050399511217,0.8078354341015948,0.18980956085845405
8192.0,0.8654933813604189,0.1341715630476812,3.350555918999834E-4
8467.0,0.2013292384825383,0.7909192986314448,0.007751462886016832
9597.0,0.4962057271732261,0.5009578319246363,0.002836440902137786
9326.0,0.2700292518102885,0.7193452374678807,0.010625510721830824
9800.0,1.0159036947113281E-4,0.5396557382838398,0.46024267134668895
8708.0,0.7876333522125339,0.208804500290034,0.0035621474974320143
8983.0,0.8289740209967884,0.17012212572904323,9.038532741683368E-4
8497.0,0.004044599903934094,0.7973312904198279,0.19862410967623803
8226.0,0.012114683953936183,0.8895126499254756,0.0983726661205883
9618.0,0.9283391678108047,0.07122208971975594,4.3874246943928307E-4
9345.0,0.06240813546088003,0.8072055734798356,0.1303862910592845
8166.0,0.009432392807691165,0.25302216332014865,0.7375454438721601
8939.0,0.9471592750730651,0.052527415600664394,3.1330932627039043E-4
9208.0,0.5508364922304348,0.4331591075891078,0.01600440018045736
8670.0,0.14434201465586333,0.8229524508462778,0.03270553449785882
8397.0,0.4073697722121683,0.5704103712394891,0.022219856548342513
9740.0,0.9202011630976927,0.07933253706311365,4.662998391935468E-4
9258.0,0.8678484774118828,0.13127111841204783,8.804041760693011E-4
9529.0,0.17865982577607667,0.8143608908404139,0.0069792833835093685
8294.0,0.8782534480806289,0.1210652178945696,6.813340248015276E-4
8565.0,1.7653047758683468E-5,0.0033161829315593383,0.9966661640206819
9043.0,0.15886187228880366,0.7903841733962967,0.050753954314899624
8768.0,0.6338718525076631,0.36393391163134636,0.002194235860990462
9413.0,0.0011587563121870752,0.2665431338216755,0.7322981098661374
9686.0,0.8831902431444808,0.1156041659464304,0.0012055909090886489
8329.0,0.08609952606771666,0.9057348593381794,0.00816561459410395
8602.0,0.10649736771569636,0.8447979343578137,0.04870469792648991
9148.0,0.8338124967218058,0.16465384133594682,0.0015336619422473092
8879.0,0.005133726165494348,0.16349199817565185,0.8313742756588539
8132.0,0.8388919110615966,0.15637869055423298,0.004729398384170602
9716.0,0.011429507224476712,0.8815691142840892,0.10700137849143404
9447.0,0.08580393439830336,0.8707744185364192,0.04342164706527744
8632.0,0.5105706292900187,0.4856005275772444,0.0038288431327368967
8363.0,0.7925657214355595,0.20046279228770958,0.006971486276731089
8149.0,0.31796730631580633,0.6612967576340583,0.020735936050135472
8845.0,0.7859128337067576,0.21328971753410178,7.974487591407051E-4
9118.0,0.014196116939739371,0.8970261882626995,0.08877769479756116
9774.0,0.05984005774963569,0.7580828493426616,0.18207709290770271
9499.0,0.018461700051069993,0.9426304055356775,0.03890789441325267
9224.0,0.38481049148606966,0.6117893730307324,0.0034001354831979204
8535.0,0.7515653359312745,0.2475921973500583,8.424667186671221E-4
8260.0,0.030090103154042938,0.94340767880039,0.02650221804556713
8802.0,0.0024791697587845723,0.9228699589607878,0.07465087128042766
9073.0,0.0804987122708935,0.8961953660188003,0.02330592171030614
8741.0,0.5803619119456482,0.4143131190831456,0.005324968971206153
9014.0,0.055556404491784665,0.9262023531777074,0.018241242330507938
8464.0,0.020259621173505955,0.8913724609941198,0.0883679178323742
8195.0,0.06712160668784949,0.9124332518611309,0.02044514145101969
9564.0,2.6968697001508605E-6,0.00416583629255235,0.9958314668377475
9295.0,0.9104717170240507,0.089265314803816,2.6296817213323175E-4
8906.0,0.13136035258961187,0.8511502319284285,0.017489415481959546
9177.0,0.8149423187163696,0.18235307674591553,0.0027046045377149817
8703.0,0.007283076480688207,0.7599361136680385,0.23278080985127333
8428.0,0.017090271865748866,0.9234684009757399,0.0594413271585113
9651.0,0.8906217268440244,0.10856094482205052,8.173283339251184E-4
9376.0,0.07711275777349759,0.8428632134406235,0.08002402878587875
9211.0,0.6729159368150662,0.32447838262290996,0.0026056805620237613
8936.0,0.409532458806363,0.5645514501495454,0.025916091044091677
8398.0,0.00603653374908474,0.1532430592386006,0.8407204070123147
8669.0,0.6741042995479198,0.32293267648658586,0.0029630239654941924
9346.0,0.7340046609971459,0.2617559987282492,0.004239340274605052
9617.0,0.05166893955769631,0.5530780191424837,0.39525304129982003
8980.0,0.7563473458247026,0.2397154516949564,0.00393720248034105
8080.0,0.011929605701055397,0.8467710194395485,0.1412993748593961
8711.0,0.005197578589307131,0.5546449301523729,0.44015749125832004
8225.0,0.7004657961563312,0.29521377617008,0.00432042767358864
8498.0,0.6384997189141172,0.35381982003082096,0.0076804610550619224
9325.0,0.26374642556058575,0.7117619751954678,0.024491599243946477
9598.0,0.742901017232727,0.255855406736533,0.0012435760307401942
9803.0,0.023976775639155557,0.8207640738019462,0.1552591505588982
8601.0,0.9259802141030941,0.07378726187431792,2.3252402258805275E-4
8330.0,0.029859995287906105,0.8322214299046445,0.13791857480744932
8876.0,0.8167458649622772,0.18224919763409753,0.0010049374036252235
9151.0,0.73615772238985,0.2619054119074295,0.0019368657027205285
9685.0,0.0662016660792617,0.9171635299457649,0.01663480397497343
9414.0,0.06759277977912367,0.9019953230953214,0.030411897125554865
8566.0,0.010372061375622169,0.947199271346489,0.04242866727788881
8293.0,0.10518427963171784,0.8907498189413344,0.004065901426947779
8771.0,4.376125560524249E-4,0.22267162930183088,0.7768907581421167
8114.0,0.03552186163917878,0.8619165037559543,0.10256163460486688
9040.0,0.23110715839405446,0.7406439909818278,0.028248850624117874
9743.0,0.022425858562680888,0.9046413848372846,0.07293275660003445
9530.0,0.7099769659589384,0.28718540937379977,0.002837624667261774
8263.0,0.6281960799182416,0.36954153423454333,0.002262385847215164
8532.0,0.14974685056616482,0.8183993678915896,0.03185378154224559
9074.0,0.9304926251663692,0.06911109228794796,3.962825456828091E-4
8801.0,0.37764054348727755,0.6107738693408238,0.011585587171898724
8099.0,0.15465522839307685,0.8350991663352585,0.010245605271664699
9773.0,0.8368132425090583,0.1626544518201329,5.323056708087538E-4
9227.0,0.006930360500220286,0.6516702287286706,0.341399410771109
9496.0,0.08537772345673868,0.8572424471060314,0.05737982943722995
8360.0,0.02918407057726808,0.9492765422334971,0.021539387189234777
8635.0,0.026259738564674062,0.9595874762604063,0.014152785174919556
9117.0,0.7527749253304525,0.23860804546874384,0.008617029200803736
8846.0,0.034308695054058105,0.9091612067750596,0.05653009817088224
9444.0,0.05294290295834097,0.9108341915485827,0.03622290549307632
9719.0,0.468403141269315,0.513836009609027,0.017760849121657922
9565.0,0.5749774758076027,0.4192311777528907,0.0057913464395065554
9294.0,0.8846994446101261,0.11493569778417274,3.648576057010777E-4
8740.0,0.09594373249841823,0.759541679362245,0.1445145881393367
8465.0,0.12213206914176397,0.7917327879600348,0.08613514289820129
8194.0,0.7777370900233364,0.21886340083242445,0.0033995091442392154
9650.0,0.2646959076746167,0.7041603645079494,0.031143727817434068
9377.0,0.1331977932257482,0.8608392090258098,0.005962997748441884
8182.0,0.15206382652114148,0.8382452510523529,0.0096909224265055
8907.0,0.33098057108705714,0.635711441917765,0.03330798699517802
9176.0,0.6864796896057271,0.3077660893222357,0.005754221072037231
8702.0,0.8338124967218058,0.16465384133594682,0.0015336619422473092
8429.0,0.07698664853762159,0.8959044819200785,0.027108869542299834
9347.0,0.21081238873772307,0.7483428188179101,0.04084479244436694
9616.0,0.44176357656603404,0.550043822970147,0.008192600463818952
9210.0,0.10066311453353893,0.8692203369811984,0.030116548485262764
8937.0,0.050220157505462326,0.8280000982157254,0.1217797442788124
8167.0,0.7394841252605096,0.2571098600613178,0.0034060146781726
8399.0,0.4205585880895097,0.5746138311479939,0.004827580762496518
8668.0,0.2571068380915014,0.699784089702709,0.043109072205789446
9324.0,0.4905245951189023,0.5009318039221557,0.00854360095894189
9599.0,0.05001802079877206,0.9142874979999746,0.0356944812012534
8981.0,0.18784819019786075,0.79852522879486,0.013626581007279271
8710.0,0.6730786501374377,0.3146692521042955,0.012252097758266666
8224.0,0.378514203343733,0.6126152911765246,0.008870505479742484
8499.0,0.22390920412428303,0.7551843640747353,0.02090643180098167
9684.0,0.5483031573136038,0.4443400462388942,0.007356796447501913
9415.0,0.06435555109037785,0.909220803278337,0.02642364563128508
8600.0,0.004872112278877311,0.7642006763685932,0.23092721135252955
8331.0,0.7210488617276727,0.2739090203173154,0.005042117955012073
8877.0,0.9436278229715749,0.056075435166988416,2.967418614369002E-4
8133.0,0.9382110132983955,0.06123051408013427,5.584726214704561E-4
9150.0,0.19095838328201115,0.8018250122154513,0.007216604502537608
9742.0,0.9272965492037983,0.07205548580452191,6.479649916797847E-4
9531.0,0.658918018418977,0.3371759310458908,0.0039060505351323207
9256.0,0.03240600902069707,0.9223766079089539,0.04521738307034896
8567.0,0.02010521286920994,0.8755132075581838,0.1043815795726061
8292.0,0.5770356247713772,0.4143074555352232,0.008656919693399705
8770.0,0.8358095218776985,0.16298360551818344,0.001206872604118048
9041.0,0.7356238186697197,0.262317089025567,0.002059092304713407
9772.0,0.4919318089661685,0.49612478540637833,0.01194340562745312
9226.0,0.008114885033639878,0.9250721672468325,0.0668129477195275
9497.0,0.07893478787579902,0.8893246438229035,0.03174056830129742
8262.0,0.009340050095250076,0.8923712345804183,0.09828871532433156
8533.0,0.20758987378801552,0.7800913649641387,0.012318761247845651
9075.0,0.19024457178578985,0.7631816502651916,0.04657377794901869
8800.0,0.9136944252636342,0.08529476464238807,0.0010108100939777785
9445.0,0.01535883410465833,0.8712251889310629,0.11341597696427873
9718.0,0.1761253115055896,0.8176317387583943,0.0062429497360159975
8361.0,0.015403624981618574,0.6055121894607243,0.3790841855576572
8634.0,0.8935073451646849,0.10581337465224336,6.792801830717442E-4
9116.0,0.8435472667667855,0.15561041891667685,8.42314316537656E-4
8847.0,0.12524674801413385,0.8333020600612228,0.04145119192464348
8148.0,0.5971212579070041,0.3982119134933428,0.0046668285996529935
8500.0,0.005858592305866916,0.2888451934312686,0.7052962142628645
8231.0,0.885421130920888,0.11317554002677506,0.0014033290523369497
8705.0,0.8821857399485481,0.11741318910303163,4.0107094842031023E-4
8083.0,0.825968069197194,0.1731430764124946,8.888543903113314E-4
8978.0,0.2417404647134587,0.7403127526060777,0.01794678268046358
9805.0,0.019029825208153533,0.9182849855300642,0.06268518926178213
9592.0,0.684743831572123,0.31056495258496447,0.004691215842912652
9323.0,0.30557277501131236,0.6878211700026284,0.0066060549860592266
8667.0,0.7480574232392009,0.2501530458989922,0.0017895308618070963
8392.0,0.8448571106819039,0.15233782160132545,0.0028050677167704477
8942.0,0.02803383124708168,0.815878479572914,0.15608768918000432
9213.0,0.1813481639738276,0.7907102356786183,0.027941600347554163
9623.0,0.8775044211386466,0.12147287664159974,0.0010227022197536447
9348.0,0.834541629531139,0.16282681207561145,0.002631558393249476
8426.0,0.14336852586746912,0.7282672699236321,0.12836420420889888
8697.0,0.5644411381823392,0.43280596379827424,0.002752898019386509
9183.0,0.7503134095391131,0.24669505245976261,0.0029915380011241686
8908.0,0.9332799845996376,0.06633846065352958,3.815547468327342E-4
9653.0,0.6628928422974842,0.3256226660113712,0.011484491691144388
8197.0,5.669432422079854E-4,0.22779089921652945,0.7716421575412625
8470.0,0.030122818102868352,0.8117359853515604,0.15814119654557116
9008.0,0.2509113276638783,0.5440243239306564,0.20506434840546536
8739.0,0.9363396530843674,0.06345045664815158,2.0989026748097786E-4
9289.0,0.21681822758454436,0.7674370561001509,0.015744716315304733
9562.0,0.7965006052361564,0.20219467179951683,0.0013047229643265935
8840.0,0.03880833692329431,0.9542060401916249,0.00698562288508079
9115.0,0.009356624492711407,0.9067120463651792,0.08393132914210923
8637.0,0.001491677764860356,0.6216367858334262,0.3768715364017135
8366.0,0.26862600937432396,0.7099091525932447,0.021464838032431252
9442.0,0.143098377103356,0.8484413827910317,0.00846024010561235
8807.0,0.21276282779669456,0.7811540232470947,0.006083148956210784
8096.0,0.0857226183892099,0.6695752959789781,0.244702085631812
9076.0,8.479737575537346E-4,0.9352185037999349,0.06393352244251142
8530.0,0.012726440565852544,0.8925804213843227,0.09469313804982482
8257.0,0.0018084393095619154,0.3393972494000513,0.6587943112903869
9502.0,0.46975656786002373,0.5175513311163845,0.012692101023591649
9229.0,0.5687001438783033,0.4276930466496324,0.003606809472064234
9771.0,0.5059131282071568,0.48677626293739296,0.007310608855450269
9046.0,0.02420140132455448,0.6920795703669836,0.2837190283084619
8773.0,0.033909804915221387,0.7914194586775387,0.17467073640723982
8113.0,0.8658664648746033,0.1337445142707993,3.8902085459749207E-4
8291.0,0.001955828248604069,0.6468615051616327,0.3511826665897632
8560.0,0.40062964325409217,0.5816156964905367,0.017754660255371257
9263.0,0.027087217753508884,0.8728557262935439,0.10005705595294732
9532.0,0.27045748265019764,0.7156387864575171,0.013903730892285287
9737.0,0.00480307366225147,0.8960193218961947,0.09917760444155392
9145.0,0.11788523691300619,0.8783043863938692,0.003810376693124697
8874.0,0.07833877823857069,0.9164129187793429,0.005248302982086304
8332.0,0.8344070003507537,0.16381937624406023,0.0017736234051860637
8607.0,0.04342823430725796,0.9138036948941026,0.042768070798639375
9408.0,0.8092954474442786,0.18484765633794503,0.005856896217776405
9683.0,0.9080617251803571,0.09116856300398823,7.697118156546962E-4
9593.0,0.5773065034877449,0.4152642912445196,0.0074292052677355
9322.0,0.02529239137744006,0.8861514120215351,0.08855619660102473
8501.0,0.5211385760184833,0.4756266363716408,0.003234787609875852
8230.0,0.7664261513255098,0.23322352748149366,3.5032119299640863E-4
8704.0,0.770922232358581,0.22848922342995753,5.885442114613352E-4
8979.0,0.014047181625895388,0.6097382905484225,0.3762145278256822
9622.0,0.13963573011592365,0.8365180242153774,0.023846245668698994
9349.0,0.5808881080312274,0.4149555183996416,0.004156373569130903
8666.0,0.034934605764683914,0.9175051868854958,0.04756020734982033
8393.0,0.2924572890588633,0.7021668700538237,0.0053758408873130015
8164.0,0.1357739946296675,0.7686430283200182,0.0955829770503144
8943.0,0.00843389766273223,0.8426466747699636,0.14891942756730406
9212.0,0.08693184482412666,0.8882432082534796,0.024824946922393742
9383.0,0.5704809172185881,0.4272809363608995,0.0022381464205124945
9652.0,0.9009840819816204,0.09845257526024222,5.633427581372798E-4
8427.0,0.813514883512203,0.18491626328013389,0.0015688532076631619
8696.0,0.793213096962651,0.20429446481393607,0.0024924382234130615
9182.0,0.6019281545677271,0.3929093205930211,0.005162524839251899
8909.0,0.1088643825025968,0.8451193371346652,0.04601628036273799
8181.0,0.4699327297408801,0.4948126818507917,0.03525458840832838
9288.0,0.012784227357101823,0.9357268322877867,0.05148894035511141
9563.0,0.019977724742610777,0.8889053373677072,0.09111693788968198
8196.0,9.346411400846176E-4,0.9781336860228379,0.020931672837077562
8471.0,0.7782070817648136,0.22035860361684317,0.0014343146183431487
9009.0,0.6106502864298121,0.3875482762537401,0.0018014373164477254
8738.0,0.6295807254563733,0.3668939046720905,0.0035253698715360746
9712.0,0.06462720178340654,0.8368723922908332,0.0985004059257602
9443.0,0.04712676563142843,0.9217705468390602,0.031102687529511227
8151.0,0.21526355252145252,0.7705460259719603,0.014190421506587251
8841.0,0.19179620988034055,0.7803226343474629,0.02788115577219659
9114.0,0.8988245170630419,0.10087916231680683,2.9632062015128843E-4
8636.0,0.025015014107726302,0.960904961519611,0.01408002437266278
8367.0,0.021811102243121588,0.8209578071661681,0.15723109059071028
9503.0,0.8909738790875728,0.10870626733739643,3.198535750308897E-4
9228.0,0.8994489701514454,0.10030388938028208,2.4714046827236665E-4
9770.0,0.03628886428091901,0.32172538000356204,0.6419857557155191
8806.0,0.012461900525401552,0.8163284403304087,0.1712096591441897
9077.0,0.001588033576615436,0.9458391703978134,0.052572796025571245
8531.0,0.10497140505027916,0.8868932841051899,0.008135310844530959
8256.0,0.17764283958155913,0.8168994634159111,0.005457697002529773
9262.0,0.02424577205552873,0.8904770103081115,0.08527721763635977
9533.0,0.003765870734729839,0.8344189418592611,0.161815187406009
9736.0,0.3120511593465935,0.6825844382109281,0.005364402442478561
9047.0,0.09319184800862605,0.815722684216349,0.09108546777502487
8772.0,0.007082870617050904,0.9625037089037826,0.030413420479166533
8290.0,0.10618449474896374,0.8875157158737845,0.00629978937725176
8561.0,0.10757027592600706,0.8080954462913218,0.08433427778267122
9409.0,0.02518016417443559,0.8663944626553193,0.10842537317024505
9682.0,0.012787000336055652,0.7470902061084136,0.24012279355553082
9144.0,0.5453251182899979,0.45042663925182974,0.0042482424581723795
8875.0,0.01602942411278364,0.9012974451395339,0.08267313074768236
8134.0,0.00892004621342186,0.8746829860097355,0.11639696777684272
8333.0,0.035669469652069324,0.8925614664680215,0.07176906387990926
8606.0,0.5025634648188264,0.49396256839945724,0.0034739667817165164
8394.0,0.8006201146479369,0.1989563966197041,4.234887323590801E-4
8665.0,0.5249585029772674,0.45274173905394927,0.022299757968783206
9215.0,0.9197287304135979,0.08006068313499354,2.1058645140851004E-4
8940.0,0.2403764557382907,0.6932535375519085,0.06637000670980064
9350.0,0.885119924290034,0.11444535237396194,4.347233360039921E-4
9621.0,0.7507410897525753,0.24356282001962185,0.005696090227802766
8229.0,0.20001683332156003,0.7446193342478806,0.05536383243055931
8502.0,0.002016965290764579,0.9656986118000984,0.03228442290913701
8976.0,0.570340483349569,0.4233660525020426,0.006293464148388365
8082.0,0.3403654244975045,0.6488439836448523,0.010790591857643169
8707.0,0.014154814590162166,0.8854705648229031,0.10037462058693468
9807.0,0.0294619989517661,0.8664463781794678,0.10409162286876614
9321.0,0.811074580161372,0.1853002389805574,0.0036251808580705274
9594.0,0.02158279907996957,0.842219523507135,0.13619767741289537
8468.0,0.9116316940004989,0.08722762598288145,0.0011406800166197258
8199.0,0.015935031775198467,0.8822869390241633,0.10177802920063816
8737.0,0.44566751339996113,0.5477164877361658,0.006615998863873035
9010.0,0.0030615866954767906,0.5087619649256564,0.4881764483788669
9560.0,0.039025102367292716,0.9459468639829111,0.015028033649796217
9291.0,0.32727307422057667,0.6388567689211959,0.0338701568582275
8699.0,0.7679058874581681,0.22923400495726723,0.002860107584564654
8424.0,0.9098636283959695,0.0876251319151344,0.0025112396888962
8910.0,0.876106189126315,0.12198894277146768,0.001904868102217443
9181.0,0.059452280731064996,0.5922852788987001,0.34826244037023485
9380.0,0.3250196136189169,0.6686736874771931,0.006306698903889991
9078.0,0.07268412211642386,0.5002070648309785,0.4271088130525976
8805.0,0.6836864548788628,0.31193826624239424,0.004375278878743011
8097.0,0.5434546432686784,0.451105190556319,0.005440166175002539
8259.0,0.6422563383202197,0.3553080982487253,0.0024355634310550887
8528.0,0.4656114697960672,0.5264448208358811,0.007943709368051747
9231.0,0.897540149503377,0.10010431354974998,0.002355536946873158
9500.0,0.4111318727178077,0.5807303592777066,0.008137768004485686
9769.0,0.5138587335820469,0.4559684779874184,0.030172788430534687
8842.0,0.9015294642558177,0.09750662096155789,9.639147826244462E-4
8364.0,0.0014221890562804906,0.2572900030048939,0.7412878079388255
8639.0,0.41909962377061866,0.5632109919815178,0.017689384247863416
9440.0,0.007643111285495232,0.9651582462762042,0.027198642438300665
9715.0,0.008313478513179135,0.558165331872738,0.4335211896140829
8872.0,0.0033291769130311347,0.8592054122059487,0.13746541088102
9147.0,0.6491446240279023,0.3367738540016747,0.014081521970423049
8605.0,0.029027345365670403,0.8508755271867311,0.1200971274475985
8334.0,0.7769338297568962,0.22148305477058275,0.0015831154725210502
9681.0,0.037597944427023196,0.8353507153452284,0.12705134022774836
8775.0,0.6097629595965175,0.3875707288578287,0.0026663115456537706
8112.0,0.2823803892880465,0.6874122653032138,0.030207345408739646
8562.0,0.0858741597614405,0.898808258382576,0.015317581855983566
8289.0,0.1595327075724563,0.8183501325473931,0.02211715988015062
9534.0,0.5558200402128989,0.43834144466324504,0.0058385151238560876
9261.0,0.8771182183984445,0.12128555660798115,0.001596224993574373
9739.0,5.870768640069321E-4,0.3428451227331473,0.6565678004028458
9351.0,0.9240094813904373,0.07516759200240528,8.229266071574205E-4
9620.0,0.013569316623455157,0.9125866784527212,0.07384400492382362
8395.0,0.688527712111844,0.3088766769698817,0.0025956109182742656
8664.0,0.37692954507710397,0.6138583251833007,0.009212129739595374
9214.0,0.02404060756656145,0.8596088490723479,0.11635054336109049
8941.0,0.2019314887337193,0.7836571389079677,0.01441137235831304
8165.0,0.41585999269283525,0.5662219235153925,0.01791808379177242
9806.0,0.01035129665465829,0.7744320240219406,0.21521667932340105
9320.0,0.8342789978089407,0.16520960568700283,5.113965040564768E-4
9595.0,0.7429453956325057,0.25340689009699746,0.0036477142704969324
8228.0,0.1304825500570933,0.8590917179308137,0.010425732012092966
8503.0,0.022419854382980466,0.8166879241152316,0.16089222150178786
8977.0,0.8712941376896763,0.12777469809966235,9.311642106614145E-4
9290.0,0.9117625244876318,0.08601079503344582,0.0022266804789224546
8469.0,0.008422560970026883,0.7822628467698046,0.2093145922601685
8198.0,0.5727490850264246,0.4165944041421557,0.010656510831419861
8736.0,0.07874160485378573,0.9022881086091555,0.018970286537058713
9011.0,0.7751781702462078,0.2233908305320968,0.0014309992216953648
9654.0,0.018477583934168665,0.8758395218124665,0.10568289425336495
8698.0,0.007798929157689067,0.8070055267214661,0.18519554412084477
8425.0,0.9413083585020663,0.05848994328512255,2.0169821281117742E-4
8180.0,0.5287809493200036,0.46834264489047595,0.0028764057895204758
8911.0,0.02265751728159472,0.7649229009392929,0.21241958177911238
9180.0,0.3247851036525889,0.6547527651158948,0.020462131231516217
9230.0,0.1671853045087699,0.8016111838815639,0.031203511609666102
9501.0,0.5898038105846733,0.4077654049126355,0.002430784502691163
9768.0,0.050406869688828265,0.9282298828663309,0.021363247444840736
9079.0,0.39384683319845454,0.5983348663585326,0.007818300443012889
8804.0,0.6071220072727074,0.38823953236085385,0.004638460366438771
8258.0,0.045069613106138405,0.9506090966289239,0.004321290264937786
8529.0,0.39451930739132635,0.5950756607035915,0.010405031905082142
9441.0,0.879847098368593,0.11938344111532873,7.694605160784199E-4
9112.0,0.448101256788007,0.5420523925030661,0.009846350708926862
8150.0,0.26160455533132304,0.6924480504562879,0.04594739421238892
8843.0,0.07817304965727179,0.9098666977667541,0.011960252575974075
8365.0,0.8705825284232688,0.12892533454288033,4.921370338508347E-4
8638.0,0.8190036554702387,0.18035254409759116,6.438004321702736E-4
9680.0,0.7805822196895001,0.21795844801098338,0.0014593322995164711
9411.0,0.5256472307036479,0.467899112595698,0.006453656700654028
8135.0,0.24005697150810354,0.7469854385672068,0.012957589924689672
8873.0,0.9317563716361084,0.0678481575484083,3.9547081548355095E-4
9146.0,0.2881448489517943,0.7090241666499125,0.0028309843982930404
8604.0,0.04483688125642111,0.7446735648663324,0.21048955387724647
8335.0,0.6176635923617345,0.37587806453202777,0.006458343106237723
9535.0,0.5073965471157887,0.49004709081047915,0.0025563620737321484
9260.0,0.012001237877112707,0.9103044124153497,0.07769434970753768
9738.0,0.836065976580718,0.1608087600438405,0.003125263375441384
8774.0,0.005807822704335182,0.9431318185313209,0.051060358764343956
9045.0,0.6896434272365868,0.30878674941431683,0.001569823349096534
8563.0,0.04520516821285309,0.9455259644409091,0.009268867346237808
8288.0,0.050023270889382625,0.9215369736246358,0.028439755485981565
9733.0,0.6750190341578737,0.32209453146608225,0.002886434376044006
9251.0,0.025123320460096195,0.8637052983180842,0.11117138122181973
9520.0,0.5693275246055512,0.41341617118416996,0.01725630421027885
8303.0,0.8651813994489793,0.13425571427567573,5.628862753447761E-4
8572.0,0.3502449558877923,0.6465957585285012,0.0031592855837065553
9050.0,0.69987785935014,0.29593184055369864,0.004190300096161335
8777.0,0.5377482601526791,0.45672468884842565,0.005527050998895136
8119.0,0.0013616839638119754,0.13001991708579114,0.8686183989503968
9420.0,0.46265168118312056,0.5333938879369182,0.0039544308799612056
9695.0,0.23544832566550408,0.7328405119071852,0.03171116242731073
8320.0,0.48072274112429275,0.5181763499536635,0.0011009089220438298
8595.0,0.3843551754644548,0.6069800468445985,0.008664777690946736
9141.0,0.9413083585020663,0.05848994328512255,2.0169821281117742E-4
8870.0,0.05448509161155019,0.9141662553105122,0.031348653077937515
9725.0,0.07327682176730727,0.8365696485781874,0.09015352965450546
9454.0,8.68897062071488E-4,0.25843973495535755,0.740691367982571
8625.0,0.2016303434939497,0.7801825804904883,0.018187076015561934
8354.0,0.18923375104552043,0.7828764642553127,0.027889784699166874
8836.0,0.8810295268550087,0.11856574147461646,4.047316703748425E-4
9111.0,0.039918324351225005,0.8152435033675276,0.14483817228124737
9767.0,0.324310640072991,0.6648570626540956,0.010832297272913446
9490.0,0.1660024586630716,0.8280203897472336,0.005977151589694828
9217.0,0.004208363307959555,0.6497593326186712,0.34603230407336927
8542.0,0.008416774649213097,0.32572990901175747,0.6658533163390293
8269.0,0.8395038899203247,0.15970689680593134,7.89213273744109E-4
8811.0,0.6860928059302431,0.31278085214156426,0.0011263419281925967
8102.0,0.426087859107133,0.5590839841238396,0.014828156769027417
9080.0,0.18982433849924554,0.8040788474360931,0.006096814064661185
9386.0,0.002880383155020441,0.6935017461857221,0.3036178706592573
9657.0,0.10789600298616576,0.8439145783083191,0.04818941870551518
9171.0,0.7383647882261388,0.25789490759434686,0.0037403041795142414
8896.0,8.14549301140938E-4,0.37134362086409983,0.6278418298347591
8693.0,0.04016273335740102,0.9339272164392507,0.025910050203348394
9285.0,0.01706603263101066,0.8139708006907395,0.16896316667824998
9558.0,0.5341960394747816,0.4579833807302045,0.00782057979501407
9020.0,0.014705271070069616,0.4191201260282755,0.566174602901655
8751.0,0.7846947209602325,0.21321489737174237,0.002090381668025129
8201.0,0.41798156812484616,0.5771840178236395,0.004834414051514195
8474.0,0.33743440501333793,0.6378897178220022,0.024675877164659875
9588.0,0.007926200502389898,0.7047956151035918,0.2872781843940184
9319.0,0.008864108219224507,0.28486505126213807,0.7062708405186374
9793.0,0.46375619215429725,0.5314265659952655,0.004817241850437235
8085.0,0.5016310944540951,0.496506179048475,0.0018627264974298775
8717.0,0.4135663049431911,0.5758363475332667,0.010597347523542217
8990.0,0.9414286343554337,0.05800798215590741,5.633834886587566E-4
8504.0,0.5359626091229723,0.45875085617415984,0.005286534702867967
8235.0,0.141716545406244,0.7868752466153182,0.0714082079784378
9627.0,0.034094556653595925,0.9022643620848296,0.06364108126157451
9352.0,0.38958594548547176,0.5995364062316378,0.010877648282890397
8930.0,0.893345378697087,0.10594577736716566,7.088439357473621E-4
9201.0,9.470218256421541E-4,0.3786486537639699,0.620404324410388
8663.0,0.10384737199438267,0.8852673030166287,0.01088532498898854
8388.0,0.3026714175077318,0.6811937890751218,0.0161347934171462
8302.0,0.037627097181166,0.845840592634165,0.1165323101846691
8573.0,3.3723144759769525E-4,0.11281432985064994,0.8868484387017525
9051.0,0.8186741531321143,0.18084863985451313,4.772070133724074E-4
8776.0,0.6830966999669353,0.3152093455292916,0.0016939545037730622
9250.0,0.5703482085360128,0.4286027143383915,0.0010490771255956255
9521.0,0.011261469214190143,0.8748526830368946,0.11388584774891523
8321.0,0.18157431288808673,0.7957533029747422,0.022672384137171136
8594.0,0.05878996983601734,0.6406011829573496,0.3006088472066329
9140.0,0.25440008212833976,0.7013802999565751,0.044219617915085205
8871.0,0.08368581566862053,0.9130615626810763,0.0032526216503031514
8128.0,0.2590675009611937,0.7357252562231898,0.005207242815616441
9421.0,0.047186977761360056,0.8449814873077697,0.10783153493087022
9694.0,0.9259802141030941,0.07378726187431792,2.3252402258805275E-4
8624.0,0.027074381735443968,0.9610915908186034,0.011834027445952734
8355.0,0.7968570632142804,0.20189741708564485,0.0012455197000745847
8145.0,0.7719126749687064,0.22149080997774126,0.006596515053552402
8837.0,0.005288766964084746,0.8688063203308295,0.12590491270508583
9110.0,0.5087288339775601,0.4882277110599437,0.003043454962496191
9724.0,0.277988492145338,0.6889388236710053,0.03307268418365674
9455.0,0.9123105663173627,0.08733558844627452,3.5384523636288997E-4
8543.0,0.13152688556565167,0.8440144294910483,0.024458684943300047
8268.0,0.3668148255567756,0.5423046870700149,0.09088048737320947
8810.0,0.148526809426771,0.8470520703213016,0.0044211202519274535
9081.0,0.578655981830126,0.4192168337862002,0.0021271843836739492
9766.0,0.8459371401201214,0.15251620975360586,0.001546650126272677
9491.0,0.3716476977971653,0.6014388909650248,0.026913411237810072
9216.0,0.30611581345812416,0.6882489842247334,0.005635202317142501
9170.0,0.07085762351949247,0.8627933776564254,0.06634899882408225
8179.0,0.0029293307931085853,0.8061760037437357,0.19089466546315564
8897.0,0.06289710265599802,0.8682354142887617,0.06886748305524035
8423.0,0.6299113575617852,0.3672645276619181,0.0028241147762965925
8692.0,0.4241557649799892,0.5734444777124283,0.002399757307582525
9387.0,0.8415015943519185,0.15807834269076396,4.2006295731757516E-4
9021.0,0.9390710912219523,0.06073532922027484,1.9357955777288974E-4
8750.0,0.4736565456077444,0.523207903795988,0.0031355505962676203
8200.0,0.02446360120108023,0.844864429122232,0.13067196967668776
8475.0,0.08865537941113212,0.8967763626890949,0.014568257899772922
9559.0,0.861849869346085,0.13640700652797158,0.00174312412594353
8716.0,0.003769316677122463,0.75153113445871,0.2446995488641675
8991.0,0.8668001915884727,0.13149688236555038,0.0017029260459770449
8505.0,0.004529449466297864,0.20945005510160827,0.7860204954320938
8234.0,0.522393375945821,0.4630517020308491,0.014554922023329824
9589.0,0.008869858553157892,0.5188465743659754,0.47228356708086666
9318.0,0.5985730791888528,0.38911981245945265,0.012307108351694608
9792.0,0.14872414443080564,0.7835272039514676,0.0677486516177269
8931.0,0.020097236608217644,0.8965027940487992,0.08339996934298315
8162.0,0.0036129701218562257,0.943850540664934,0.052536489213209754
9200.0,0.025941968773330926,0.8024809645910667,0.17157706663560235
8662.0,0.9273868654476167,0.07162714872631132,9.859858260718244E-4
8389.0,0.022114547986225818,0.9384090678808223,0.03947638413295187
9626.0,0.32437367047130905,0.6316409647087486,0.043985364819942245
9693.0,0.7730752453599311,0.2262682341676718,6.56520472397076E-4
9422.0,0.9177832458723993,0.08199435451137957,2.2239961622106538E-4
8593.0,0.8341309458774786,0.165058450015137,8.106041073843006E-4
8322.0,0.9197287304135979,0.08006068313499354,2.1058645140851004E-4
8868.0,0.8512486155867701,0.14766786413215172,0.001083520281078242
9143.0,0.6224718723097701,0.37274340718106147,0.0047847205091684645
9735.0,0.30079243688460794,0.6898675217202581,0.009340041395133837
9522.0,0.33719323487219865,0.6538725522408998,0.008934212886901632
9249.0,1.1512071504225793E-5,0.005601925732587869,0.9943865621959078
8574.0,0.073960100703081,0.8942219668251139,0.03181793247180516
8301.0,0.9223861216292206,0.07725230774856479,3.6157062221442497E-4
8118.0,0.08913065715077229,0.8987821458334992,0.012087197015728347
8779.0,0.7873410553469128,0.21002060382176777,0.002638340831319403
9048.0,0.8105567581758778,0.1885890159704803,8.542258536419602E-4
9765.0,0.5870112779390105,0.3912112311083254,0.021777490952664052
9219.0,0.10859200298421982,0.8581399776927298,0.03326801932305054
8271.0,0.12203261722691987,0.8728847983490953,0.005082584423984864
8540.0,0.00475061703203512,0.936097103297147,0.05915227967081777
9082.0,0.013625205113238795,0.9031556972572755,0.08321909762948562
8103.0,0.16653545281191173,0.8143844527500296,0.01908009443805877
8809.0,0.2246934721839644,0.7373439655618762,0.037962562254159414
9452.0,0.7578026648877788,0.23938516200082793,0.0028121731113932473
9727.0,0.5727393987947575,0.42033927449796027,0.006921326707282102
8352.0,0.7018421089588164,0.2966040991684673,0.0015537918727164411
8627.0,0.0046209849441593304,0.8415265322215166,0.15385248283432415
9109.0,0.028903845151345593,0.8847321909403338,0.08636396390832055
8838.0,0.8280890963433407,0.17129456175010987,6.163419065494731E-4
9556.0,0.5133852859258915,0.48119640672116015,0.005418307352948145
9287.0,0.7481926536978779,0.2512843238958737,5.230224062483975E-4
8749.0,0.024658289126275924,0.8524781783089375,0.12286353256478652
9022.0,0.291695088473862,0.70058150015719,0.00772341136894776
8472.0,0.0827037560246439,0.7580030311650038,0.1592932128103523
8203.0,0.25773245884158574,0.6755223461125164,0.06674519504589801
9659.0,0.27173040068674126,0.7119572059035907,0.01631239340966802
9384.0,0.07244343607328428,0.6020370871185202,0.3255194768081955
8898.0,0.06017919888888134,0.8604667726869748,0.0793540284241438
9169.0,0.017821382999838552,0.8119752266466833,0.17020339035347815
8695.0,0.18881201188360458,0.8017033035474168,0.009484684568978472
8420.0,0.4080906968352124,0.5835852107716225,0.008324092393165146
9354.0,0.021242006103081214,0.9649300138763051,0.013827980020613879
8928.0,0.8038148294110044,0.1953471489883743,8.380216006213547E-4
8390.0,0.010544125209197834,0.8991462855073693,0.09030958928343283
8661.0,0.4056273918356547,0.5900079745769621,0.004364633587383267
9317.0,0.011223202529274978,0.9277144961971955,0.06106230127352954
9590.0,0.35476253389553486,0.6296680242093251,0.015569441895140037
9795.0,0.43889700483897454,0.5484337566875299,0.012669238473495659
8988.0,0.32024850170981733,0.6599494871752262,0.019802011114956514
8084.0,0.7055852555144256,0.28570400372018956,0.008710740765384922
8719.0,0.31594849306924255,0.6793062886291524,0.004745218301605109
8233.0,0.07146000018831447,0.8704759704833506,0.058064029328334946
8506.0,0.680389097994599,0.3090443776604211,0.01056652434497984
8592.0,0.37069537850807105,0.6163655618852902,0.0129390596066387
8323.0,0.5988099283589902,0.3955225588029621,0.005667512838047885
8129.0,0.34107475030636636,0.6511570585484558,0.007768191145177689
8869.0,0.07586601570944836,0.8911884268346952,0.03294555745585644
9142.0,0.8313306301827323,0.16108545127343918,0.0075839185438285155
9692.0,0.9191687822844959,0.07967955460837096,0.0011516631071331685
9423.0,0.13006319121308282,0.8479124569832963,0.022024351803620997
8575.0,0.9436278229715749,0.056075435166988416,2.967418614369002E-4
8300.0,0.0010422848255882528,0.10111111237362215,0.8978466028007897
8778.0,0.040805750421199924,0.8670091442257872,0.09218510535301291
9523.0,0.011523216140764913,0.9021962575936315,0.08628052626560356
9248.0,0.45587895761400554,0.5323472046257961,0.011773837760198275
8270.0,0.8464024171816532,0.1531591320617693,4.3845075657735773E-4
8541.0,0.11546935694822041,0.7904341117098542,0.0940965313419253
9083.0,0.2551366940063595,0.7387914294245316,0.00607187656910892
8808.0,0.2940752309755737,0.6730899776453779,0.03283479137904846
9764.0,0.5670424941947927,0.419644491236911,0.013313014568296385
9218.0,0.006086123604823227,0.4606997773339138,0.5332140990612629
9489.0,0.8815342708896734,0.11799122743324038,4.745016770862788E-4
8353.0,0.46834626675433105,0.5234182320452226,0.008235501200446346
