9179.0,0.992864030416668,0.007135955821702764,1.3761629183923808E-8
8904.0,0.31654475578087987,0.6834440104626408,1.1233756479236361E-5
8701.0,0.8107708074857432,0.18922446994890638,4.722565350565295E-6
9378.0,0.9597102307431021,0.04028814804100586,1.6212158920892481E-6
9012.0,0.35868279711074025,0.6405927889384949,7.244139507648177E-4
8743.0,2.300631663908734E-5,0.49376010585573255,0.5062168878276283
8193.0,2.1857112946510463E-8,0.001822749641970765,0.9981772285009163
8466.0,0.004579565626193433,0.14938828779237168,0.846032146581435
9293.0,0.9792638426588219,0.02073055323972895,5.604101449036408E-6
9566.0,0.6993707539878479,0.3005847908775561,4.4455134596038213E-5
8081.0,3.646097802487527E-10,2.9876832325326187E-4,0.999701231312137
8709.0,0.09308307770847442,0.8605302530752971,0.04638666921622859
8982.0,3.794602717921064E-31,4.802963173414335E-22,1.0
8496.0,0.7352422335830066,0.26475520405499603,2.5623619972896937E-6
8227.0,1.433588352552892E-16,0.9998818314905545,1.1816850944531719E-4
9596.0,8.919614595936773E-17,0.9999752306815799,2.47693184199716E-5
9327.0,0.7251969614253456,0.2744862320361251,3.1680653852933526E-4
9801.0,4.399493711855185E-23,1.16725834757489E-8,0.9999999883274165
8938.0,6.861647589959212E-8,0.0013701862427038078,0.9986297451408203
8671.0,6.608809286976778E-9,1.0790781440480817E-5,0.9999892026097502
8396.0,0.9778744655157288,0.022125442875918843,9.160835246789088E-8
9619.0,4.511966567601139E-10,5.110510621261816E-5,0.9999488944425908
9344.0,0.9452602287469435,0.05473772503123599,2.046221820588385E-6
8295.0,0.3160363493289739,0.6826499431196461,0.0013137075513800329
8564.0,1.3595466475525963E-7,0.039963856905311165,0.960036007140024
9042.0,0.793738346226614,0.2062213661912583,4.028758212765063E-5
8769.0,2.6280804122748186E-7,0.4769455020075927,0.5230542351843659
8115.0,0.9505380282113696,0.049459221527970276,2.7502606600774486E-6
9741.0,8.854188594147204E-8,0.06158787249183496,0.9384120389662791
9259.0,0.11532134792958641,0.8831041450117187,0.0015745070586949917
9528.0,0.021627022965625065,0.9491843771920107,0.02918859984236445
8328.0,0.36942744224549307,0.6305713295092029,1.2282453040010069E-6
8603.0,0.06512680358892683,0.8972758804731701,0.037597315937903074
9149.0,6.630743534772001E-15,0.9996529022169099,3.4709778308346124E-4
8878.0,0.9869306138394858,0.01306893692850848,4.4923200580364413E-7
9687.0,0.8111845208236799,0.18881115175550628,4.327420813842256E-6
8633.0,0.0647027321189709,0.831153205965095,0.10414406191593412
8362.0,4.009594196414439E-7,0.0029370817545352006,0.9970625172860451
8844.0,0.3786976800587151,0.6199268722977253,0.0013754476435596575
9119.0,0.9849901364981277,0.015009679035567373,1.8446630485781694E-7
9446.0,0.6837041153335314,0.31576267137092107,5.332132955476036E-4
8534.0,0.9931493235915856,0.006850373995476703,3.024129377841136E-7
8261.0,0.6789174613497665,0.3210751437768718,7.394873361746893E-6
8098.0,0.00456135429531229,0.9840661073555801,0.011372538349107609
8803.0,0.8744170309437981,0.12557181529072844,1.1153765473379915E-5
9072.0,0.29471592863519847,0.7051188603515611,1.6521101324047915E-4
9775.0,0.9731990629751152,0.026798073750815162,2.8632740697020756E-6
9498.0,0.14433372855710488,0.5835121657753446,0.27215410566755055
9225.0,0.5767366921853513,0.42322653496726903,3.677284737964691E-5
9379.0,0.004757430823876336,0.9888337823904698,0.006408786785653883
9648.0,0.9501136406372954,0.04979564406879359,9.071529391100885E-5
9178.0,0.021467392128157438,0.9783815057414251,1.5110213041742837E-4
8183.0,1.5415431990756008E-13,1.1513316840908638E-7,0.9999998848666775
8905.0,6.881159040796043E-12,4.3370592755681423E-10,0.9999999995594129
8431.0,1.488756524655492E-11,2.6660469734003328E-6,0.999997333938139
8700.0,0.7121402259330281,0.2877549812350784,1.0479283189349667E-4
9292.0,5.1346971886443444E-6,0.961075593382543,0.038919271920268256
9567.0,1.6762331903277042E-22,0.9998601902779587,1.39809722041364E-4
9013.0,1.955647633299075E-5,0.9999373666194603,4.307690420666275E-5
8742.0,2.6523898366764066E-7,0.9997906961319226,2.0903862909375516E-4
8192.0,0.7357182369411597,0.2641569952714991,1.2476778734114502E-4
8467.0,0.9904587142225096,0.009541285338870472,4.3861984805889944E-10
9597.0,6.815609259906618E-5,0.9957318187914312,0.004200025115969662
9326.0,0.36769534690182926,0.6282678771698095,0.004036775928361246
9800.0,3.234487614723852E-16,1.4618179826638792E-6,0.999998538182017
8708.0,0.6871043691010701,0.30562692395514446,0.007268706943785544
8983.0,0.4776403634519335,0.5222842030825569,7.543346550975701E-5
8497.0,3.0920450946854175E-9,0.006895914311830095,0.9931040825961248
8226.0,2.923777723196496E-5,0.3431967733605873,0.6567739888621806
9618.0,0.9885726712870304,0.011427282144057426,4.6568912225091095E-8
9345.0,6.86468411853013E-4,0.9992014732082998,1.1205837984713213E-4
8166.0,4.772891211444194E-13,2.726219568789169E-4,0.9997273780426438
8939.0,0.9913794120887759,0.008620006782346283,5.811288778984164E-7
9208.0,0.13981028616744412,0.8601876045098291,2.109322726806686E-6
8670.0,4.530818089436829E-4,0.4487043179004357,0.5508426002906206
8397.0,0.08423530813916026,0.9153553603924864,4.093314683533523E-4
9740.0,0.9856512263626197,0.014348162250203201,6.113871771110732E-7
9258.0,0.5737556208319964,0.4262222341033671,2.2145064636439537E-5
9529.0,0.9312609950548302,0.06873701054969263,1.994395477322736E-6
8294.0,0.9678668431374089,0.03213240677687642,7.500857146199047E-7
8565.0,1.100014795454047E-12,7.395890737899204E-7,0.9999992604098262
9043.0,0.0012416043762668578,0.9987572614083237,1.1342154094747886E-6
8768.0,0.48748036856342297,0.511354874695824,0.00116475674075303
9413.0,1.4991077693286918E-23,0.0012658393433204657,0.9987341606566795
9686.0,0.9140198683430719,0.08596574779669268,1.4383860235331255E-5
8329.0,8.834444770006399E-4,0.9990728084831951,4.3747039804165375E-5
8602.0,2.645680929879056E-6,0.965581934864969,0.03441541945410111
9148.0,0.9769038545488679,0.023096086767922384,5.868320977386773E-8
8879.0,1.9912895379404727E-12,3.125588128312715E-8,0.9999999687421275
8132.0,0.3723701568827344,0.6276079209422495,2.1922175016283233E-5
9716.0,3.491867170809064E-24,0.1304444562922986,0.8695555437077014
9447.0,0.0034999668800661703,0.9957740509064557,7.259822134781858E-4
8632.0,0.41709042977110805,0.5826539759239858,2.5559430490616536E-4
8363.0,0.1625321836460644,0.8300764894495433,0.00739132690439245
8149.0,0.059624860362234466,0.9265461290242522,0.013829010613513418
8845.0,0.9575322520333872,0.04236198721263581,1.0576075397696725E-4
9118.0,1.523697257913396E-6,0.004646365350059079,0.995352110952683
9774.0,2.5349637911005963E-7,0.003388930661766706,0.9966108158418543
9499.0,1.1847803192525705E-5,0.9996283412211018,3.598109757058313E-4
9224.0,0.30338830783308457,0.6965899950070401,2.1697159875511293E-5
8535.0,0.9223866458184006,0.07749573496413707,1.176192174623129E-4
8260.0,7.441745538133697E-5,0.5693940182438978,0.4305315643007209
8802.0,3.5329185647758165E-18,0.9279580967545077,0.07204190324549224
9073.0,0.009036877092961255,0.9909623890030665,7.339039722144299E-7
8741.0,0.9069291933065631,0.0930378985708158,3.29081226211291E-5
9014.0,0.017322372476945416,0.9074077776454568,0.07526984987759786
8464.0,3.179585179858502E-5,0.9795652446501042,0.020402959498097305
8195.0,0.10416524718254498,0.8956221510227901,2.1260179466491377E-4
9564.0,8.208394126560876E-18,4.925707075280466E-13,0.9999999999995074
9295.0,0.9805563438015242,0.01943938624349063,4.269954984999815E-6
8906.0,0.008359611775334029,0.9460877621318609,0.04555262609280507
9177.0,0.569887925555035,0.43008819750091454,2.387694405040085E-5
8703.0,2.3814475747130217E-21,0.07375314279277351,0.9262468572072264
8428.0,0.02040029687901987,0.9195051343905811,0.060094568730399
9651.0,0.9299392248528988,0.07005584286677091,4.932280330146112E-6
9376.0,0.014272455039336461,0.9207311969935099,0.06499634796715359
9211.0,0.9063768652725328,0.09362266742094638,4.673065208608529E-7
8936.0,0.002081026943201222,0.003842977621123817,0.9940759954356749
8398.0,2.606287807074735E-12,3.2342594750910856E-7,0.9999996765714462
8669.0,0.7109576946979953,0.2888471064685111,1.951988334936485E-4
9346.0,0.7939930950698063,0.2053964385174634,6.104664127303016E-4
9617.0,3.6018724021382705E-11,2.8967871410320908E-8,0.9999999709961099
8980.0,0.04582453823867715,0.9513188402191345,0.0028566215421884336
8080.0,0.005414236394886739,0.9197365358555593,0.0748492277495539
8711.0,2.99105785311971E-8,1.8155970670886076E-4,0.9998184103827126
8225.0,0.683604887783012,0.3163425727789755,5.253943801261131E-5
8498.0,0.3198632659742054,0.6800164372884611,1.2029673733344198E-4
9325.0,7.432143881073339E-4,0.8483679457910022,0.1508888398208905
9598.0,0.2731780825385138,0.5595380100723791,0.16728390738910712
9803.0,9.712406867493724E-4,0.6114271058367213,0.38760165347652925
8601.0,0.7340375950995264,0.2658451298505887,1.1727504988483707E-4
8330.0,8.478947312366248E-12,0.9990364268167028,9.635731748183176E-4
8876.0,0.9601170412094673,0.039878978818188866,3.979972343797862E-6
9151.0,0.8169121206923138,0.18306681507133307,2.106423635310977E-5
9685.0,4.182512164037254E-6,0.9133543138840492,0.08664150360378672
9414.0,0.0776291750683027,0.9222703865075302,1.0043842416703067E-4
8566.0,1.781483937528792E-7,0.07388546832411384,0.9261143535274924
8293.0,0.8369393124315079,0.16299449209230646,6.61954761856368E-5
8771.0,1.1368900403621833E-13,5.578584398908222E-5,0.9999442141558972
8114.0,0.8977347346373632,0.10222384355123082,4.1421811405929183E-5
9040.0,0.030761145144099583,0.9692037962973021,3.505855859817185E-5
9743.0,0.003645533379727987,0.96049878556138,0.03585568105889192
9530.0,0.9534610101465603,0.04653692541179179,2.0644416480183137E-6
8263.0,0.9295762337703556,0.07042037019022594,3.3960394185275633E-6
8532.0,3.34608564504163E-4,0.10564735516595679,0.894018036269539
9074.0,0.8405342389242563,0.15946089642467046,4.864651073244869E-6
8801.0,0.05166367033588347,0.9383817711900875,0.00995455847402902
8099.0,0.5163014055564122,0.027234761415746107,0.45646383302784166
9773.0,0.781457718588932,0.21854217336436205,1.0804670595976897E-7
9227.0,1.3229261835146224E-8,0.00289997769084153,0.9971000090798967
9496.0,0.03808004124937297,0.9331334324538404,0.02878652629678668
8360.0,0.862813523521924,0.1371588192522374,2.765722583857129E-5
8635.0,0.0020131654879849857,0.34118901840805405,0.6567978161039609
9117.0,0.9878800924356498,0.012115391444358537,4.516119991730796E-6
8846.0,2.1955694271068229E-4,0.969938164789405,0.029842278267884336
9444.0,0.6406809484894085,0.34010611235322985,0.019212939157361726
9719.0,0.0103628078224543,0.9071912412849412,0.0824459508926044
9565.0,0.30078726197744926,0.6990192181947205,1.9351982783018243E-4
9294.0,0.9042210144591317,0.09577589709223894,3.088448629360763E-6
8740.0,0.008260998742739507,0.01638158692736046,0.9753574143299
8465.0,0.4569034358654573,0.5430060751406445,9.048899389829933E-5
8194.0,0.8975017585813465,0.10233524239917943,1.6299901947388075E-4
9650.0,0.015923215851379662,0.9611490977138036,0.02292768643481674
9377.0,3.0499101323915187E-6,0.9557171034873183,0.04427984660254914
8182.0,0.9968463931145213,0.003153277859921583,3.290255571135922E-7
8907.0,0.029452105335476292,0.9666720136258571,0.003875881038666614
9176.0,0.9117850604445195,0.0882075306732558,7.4088822247377515E-6
8702.0,0.9681605616085517,0.03183883093497623,6.074564721298293E-7
8429.0,0.9068888291823393,0.0930929542739973,1.8216543663519175E-5
9347.0,0.015423713279858387,0.8362269313854791,0.14834935533466248
9616.0,0.9060700590554528,0.09379513818349243,1.348027610548769E-4
9210.0,2.1316137169382523E-6,0.6062236648856179,0.3937742035006652
8937.0,8.343666456758141E-18,0.99920384356581,7.961564341899991E-4
8167.0,0.8389354885254873,0.1610039117041167,6.059977039610178E-5
8399.0,0.012762770037186831,0.9831222686690384,0.004114961293774761
8668.0,9.789894830886565E-4,0.9914378089236272,0.007583201593284202
9324.0,0.9210948874141022,0.07890009837908966,5.014206808259544E-6
9599.0,0.03616991566107167,0.963713858225863,1.1622611306549812E-4
8981.0,6.123584977084549E-4,0.014687312413466063,0.9847003290888254
8710.0,0.5734193712142773,0.4264550607937713,1.2556799195131025E-4
8224.0,0.867372803589871,0.13258142647015653,4.576993997247312E-5
8499.0,0.016525086895535498,0.9566374034468627,0.02683750965760187
9684.0,0.30020806988860443,0.6990185022088851,7.734279025105334E-4
9415.0,7.545829185690318E-6,0.8392735934421319,0.16071886072868238
8600.0,8.885585494171393E-8,1.0726184649633791E-5,0.9999891849594955
8331.0,0.9587900532760432,0.04120987753944815,6.918450864515709E-8
8877.0,0.8180086800149805,0.18196865126298387,2.266872203549176E-5
8133.0,0.9702959277125446,0.029650163226541435,5.390906091392131E-5
9150.0,1.3883014311779918E-4,0.8419822154801885,0.1578789543766937
9742.0,0.9462832194256148,0.053713572118799055,3.208455586173151E-6
9531.0,0.6282379556333864,0.37163824789525907,1.2379647135451777E-4
9256.0,2.999903087576742E-9,5.826979190647781E-5,0.9999417272081904
8567.0,1.589153604458608E-5,0.01847379773832747,0.981510310725628
8292.0,0.7443353241412524,0.2556127794203862,5.1896438361359865E-5
8770.0,0.9371810053982532,0.06281380012520221,5.19447654459427E-6
9041.0,0.7649427047266436,0.23505346759356807,3.827679788375163E-6
9772.0,0.20313253969741446,0.7968673882332736,7.206931181032393E-8
9226.0,5.504526309713794E-7,0.012304476969224447,0.9876949725781445
9497.0,0.8601419973222618,0.13491008535163082,0.004947917326107434
8262.0,7.391383208842577E-16,0.2506415092583853,0.7493584907416139
8533.0,3.3646306686926816E-4,0.9996163516385126,4.7185294618152076E-5
9075.0,0.396592166064314,0.5679612382973223,0.03544659563836369
8800.0,0.9902526717660173,0.009747295272611936,3.2961370822788606E-8
9445.0,3.217460605871392E-19,0.5205253916196823,0.47947460838031786
9718.0,0.924479402970556,0.07550989662550191,1.0700403942292671E-5
8361.0,2.0303462083495427E-6,0.28826133950932,0.7117366301444716
8634.0,0.9961281596707736,0.003871662267195867,1.780620305025647E-7
9116.0,0.9866669319621891,0.01333305500664789,1.3031162844751737E-8
8847.0,0.16663738865794708,0.8332204395609529,1.4217178109995592E-4
8148.0,0.7076441648722483,0.29185033771852825,5.054974092233849E-4
8500.0,8.556624832410545E-19,0.9628745897769079,0.03712541022309212
8231.0,0.9249233235728213,0.07507074638881854,5.930038360230792E-6
8705.0,0.06206473285211124,0.9379143056427677,2.0961505121123437E-5
8083.0,0.9956024305351008,0.004397569365859028,9.904009650281729E-11
8978.0,0.22168075743088375,0.7761558940861957,0.002163348482920423
9805.0,0.13777699294217907,0.5516600890957787,0.3105629179620422
9592.0,0.661250900664696,0.14203406031802243,0.19671503901728155
9323.0,0.03450088700456824,0.9654246323253638,7.44806700679432E-5
8667.0,0.004481243699528162,0.9954839147892233,3.484151124866855E-5
8392.0,0.9848496537158944,0.015026040909233956,1.2430537487170755E-4
8942.0,3.199843608996155E-19,0.9691779879381511,0.030822012061848952
9213.0,0.9773473673079178,0.0226451999979307,7.432694151572411E-6
9623.0,0.977228243398754,0.02277129939645711,4.572047888426479E-7
9348.0,0.8853025795248282,0.11467580679283991,2.1613682331972145E-5
8426.0,4.6986566068906145E-7,0.21787305996583406,0.7821264701685052
8697.0,1.1240326458515088E-5,0.9998618440892424,1.269155842989996E-4
9183.0,0.025451058501325986,0.9669472207363818,0.007601720762292059
8908.0,0.9961164810564243,0.003883478495246984,4.044832877554112E-8
9653.0,0.6159752215475086,0.3816781245430119,0.0023466539094794975
8197.0,1.777429443538837E-10,7.076267806561526E-6,0.9999929235544505
8470.0,0.4374910180053867,0.5605470694442478,0.0019619125503655445
9008.0,4.5663257720093554E-4,0.9990502849692727,4.930824535263706E-4
8739.0,0.9932014468403338,0.006798386598316847,1.665613493619675E-7
9289.0,0.9610894831361292,0.038907982538795495,2.534325075352825E-6
9562.0,0.0023411232666871746,0.9428066734083577,0.05485220332495524
8840.0,3.0721865201466966E-6,0.010755913809613049,0.9892410140038669
9115.0,1.5001070849848033E-5,0.07693993376401204,0.9230450651651381
8637.0,7.919971161636397E-11,9.712950237783209E-6,0.9999902869705625
8366.0,5.882738176219368E-7,0.9999945466479205,4.86507826189373E-6
9442.0,0.026868255145419795,0.703909953787642,0.2692217910669382
8807.0,0.03679402075280898,0.9631737356238782,3.224362331292346E-5
8096.0,2.269206919642396E-4,0.9112982705932671,0.08847480871476864
9076.0,7.556276864958259E-10,0.008395803763816509,0.9916041954805559
8530.0,1.2763587851919889E-14,0.9999929210540854,7.07894590183434E-6
8257.0,1.4231884977955104E-16,1.2688544521657918E-13,0.9999999999998731
9502.0,0.00687932136994196,0.64376519149139,0.34935548713866804
9229.0,1.3611538224439198E-4,0.5712482130776265,0.42861567154012903
9771.0,0.5204351066523265,0.4787959953126725,7.688980350010293E-4
9046.0,2.002478237350005E-6,0.14830705648623094,0.8516909410355318
8773.0,3.107663960249217E-4,0.36040433887158657,0.6392848947323884
8113.0,0.6032590597846589,0.39651654173069906,2.243984846419685E-4
8291.0,5.7388381992337135E-6,0.9991799394601406,8.143217016602286E-4
8560.0,0.012934735096568518,0.9771971051278613,0.009868159775570257
9263.0,1.9613851916526083E-5,0.10246946879291673,0.8975109173551666
9532.0,0.004320828360668441,0.23509417238032015,0.7605849992590114
9737.0,2.839117824012082E-16,0.999850086879627,1.499131203726557E-4
9145.0,0.6940373840868306,0.30595354142311676,9.074490052609313E-6
8874.0,0.16173897028398151,0.8094870594466186,0.02877397026939994
8332.0,0.8831102281998944,0.11029867983994487,0.0065910919601606345
8607.0,0.7285913572200152,0.2544313765564647,0.01697726622352013
9408.0,0.686492873562181,0.31320933191611094,2.977945217080104E-4
9683.0,0.9646097285164853,0.03538902984609789,1.2416374168579231E-6
9593.0,0.9642752878090305,0.035722197451136244,2.5147398333596457E-6
9322.0,1.9430787954003564E-6,0.00491922393043724,0.9950788329907674
8501.0,0.2976627916932065,0.7022951803500485,4.202795674507502E-5
8230.0,0.4237461947179488,0.5762188833943926,3.492188765862293E-5
8704.0,0.13083230372410531,0.8670798340817416,0.00208786219415304
8979.0,9.85006054567019E-17,7.384034022195139E-11,0.9999999999261596
9622.0,0.12829308231256173,0.8716949902332322,1.1927454206048321E-5
9349.0,0.0023453213806141253,0.9869857526005131,0.010668926018872675
8666.0,0.810437448765507,0.18785680730457624,0.0017057439299167953
8393.0,0.12957649731053925,0.8704066979283538,1.6804761106954446E-5
8164.0,0.020568056539777578,0.9782887271584574,0.0011432163017649612
8943.0,0.2532437683679499,0.5616871092220723,0.18506912240997786
9212.0,0.0011558139501984415,0.6708975716684419,0.3279466143813597
9383.0,0.5730844337893507,0.42685476895633545,6.0797254313942654E-5
9652.0,0.057196279867653056,0.9426245833783601,1.7913675398677825E-4
8427.0,0.8936128669002391,0.10567323714455354,7.138959552074221E-4
8696.0,0.928106508904296,0.07189345332846508,3.776723894563539E-8
9182.0,0.2329100664514689,0.7660286609795844,0.0010612725689467162
8909.0,8.145637965128909E-4,0.9907600147751162,0.008425421428370754
8181.0,0.07398186036370025,0.8883571136530225,0.03766102598327731
9288.0,0.0024507240461669635,0.9773758505179265,0.020173425435906566
9563.0,1.951985832013196E-17,0.9999905048838024,9.495116197684898E-6
8196.0,7.833125027023591E-5,0.9534711520897491,0.046450516659980554
8471.0,0.9756451569095812,0.024354694380799374,1.487096193855029E-7
9009.0,0.012742467329705078,0.9868544649334405,4.03067736854421E-4
8738.0,0.022516427964044572,0.9759271832009275,0.0015563888350278857
9712.0,2.501292303944926E-16,0.9999797337770585,2.0266222941260978E-5
9443.0,0.00964434847155378,0.9891920738365413,0.0011635776919049936
8151.0,0.9704598563631852,0.029536574372264344,3.5692645504208888E-6
8841.0,0.03860061350083814,0.9537123092925439,0.007687077206617761
9114.0,0.9830776346412065,0.01692195617961614,4.091791773893489E-7
8636.0,0.01648074568491939,0.9769734435102914,0.006545810804789334
8367.0,0.1367637032435772,0.827928549550896,0.035307747205526784
9503.0,0.9631168226339087,0.03687711255817093,6.064807920444395E-6
9228.0,0.9947023377974851,0.005297455998963728,2.0620355125735007E-7
9770.0,7.817681165129837E-7,2.3321904472625986E-4,0.9997659991871573
8806.0,9.001575863792949E-7,0.39214310661593166,0.607855993226482
9077.0,0.13253943864095022,0.8238321856312093,0.04362837572784053
8531.0,0.0023424486945401446,0.2647076902684094,0.7329498610370505
8256.0,5.505042607331689E-4,0.9570988507590525,0.04235064498021426
9262.0,0.04185008737213498,0.3142018253666317,0.6439480872612334
9533.0,6.468086966390116E-10,2.9328404237321667E-5,0.999970670948954
9736.0,0.22248675562515732,0.7769809386783072,5.323056965352921E-4
9047.0,2.817010532767222E-9,1.874765994216186E-4,0.9998125205835678
8772.0,0.009338226899182338,0.9874753115100805,0.003186461590737142
8290.0,0.3521354971307145,0.6475809110710854,2.8359179820010955E-4
8561.0,2.544838650872033E-10,5.511151737142426E-4,0.9994488845718018
9409.0,2.1243831183426044E-11,0.730608920474762,0.2693910795039942
9682.0,0.6192424355074461,0.38021982203756316,5.37742454990855E-4
9144.0,0.9900970151515573,0.009902618028149044,3.6682029369307444E-7
8875.0,0.004655363730955926,0.055679111598467904,0.9396655246705762
8134.0,8.338133737805336E-8,0.999798509951781,2.0140666688171096E-4
8333.0,0.018486650293436536,0.5628232232577189,0.41869012644884446
8606.0,0.16199868516850843,0.8326788632538719,0.005322451577619497
8394.0,0.6611368182699212,0.3384944423478704,3.68739382208365E-4
8665.0,0.6491505322954794,0.3506568042326121,1.926634719086129E-4
9215.0,0.9966160260540908,0.0033839736627208107,2.831883483504555E-10
8940.0,0.17374883039485167,0.6999338069880074,0.12631736261714088
9350.0,0.9764021442966979,0.02359769436462172,1.6133868041297233E-7
9621.0,0.3658072512614824,0.6313975633480076,0.0027951853905100114
8229.0,0.767438120699713,0.23252405056187592,3.782873841118599E-5
8502.0,8.867212146678061E-13,0.12021334287889604,0.8797866571202173
8976.0,0.022879479037040882,0.6915921117972776,0.28552840916568156
8082.0,5.190273402947008E-5,0.999634183282791,3.1391398317955256E-4
8707.0,2.332978149528475E-9,0.9998418312445297,1.5816642249209944E-4
9807.0,4.999216709753035E-14,0.9999714041767677,2.859582318244819E-5
9321.0,0.8795083471225454,0.12046832370803923,2.332916941544502E-5
9594.0,9.402002751273682E-16,0.7336422354010028,0.2663577645989963
8468.0,0.7091508004321837,0.2908312215469318,1.797802088446501E-5
8199.0,5.425937427538218E-17,0.9998847141849815,1.1528581501848664E-4
8737.0,0.005631135844738203,0.2443392634006347,0.7500296007546271
9010.0,9.193077295973754E-14,0.21870591832268657,0.7812940816772214
9560.0,2.9693360639197184E-5,0.9985110793126705,0.0014592273266903323
9291.0,0.001347985741372543,0.6900959716611783,0.3085560425974491
8699.0,0.8582223080775148,0.14175354260996165,2.414931252366381E-5
8424.0,0.9657723413925619,0.03422623924779292,1.419359645315682E-6
8910.0,0.9913118437259154,0.008677643852115148,1.0512421969279395E-5
9181.0,3.0531744967846723E-6,0.007509679420237528,0.9924872674052657
9380.0,0.9223712500232759,0.0775984271671404,3.0322809583867625E-5
9078.0,1.476981655233299E-7,0.0638021931063637,0.9361976591954708
8805.0,0.24258536177759038,0.7532859733232333,0.004128664899176367
8097.0,0.2482995102442335,0.7486537964004221,0.0030466933553445945
8259.0,0.0061638078820922875,0.9883614625850167,0.005474729532891063
8528.0,0.05006723345515115,0.9497871587467616,1.4560779808741342E-4
9231.0,0.9067603436985523,0.09323482536589939,4.830935548254076E-6
9500.0,0.01178869361222054,0.9878485035774639,3.628028103155716E-4
9769.0,0.9878084177481399,0.012191471617946573,1.1063391367180756E-7
8842.0,0.2198294897670652,0.7672310970267895,0.012939413206145224
8364.0,1.5466789918284205E-8,0.09852987527645432,0.9014701092567556
8639.0,0.7711447093127448,0.2288187818629748,3.6508824280406846E-5
9440.0,6.14206983639786E-9,0.020674355786784452,0.9793256380711456
9715.0,1.9359981235749727E-4,0.34773019445475917,0.6520762057328834
8872.0,1.2782517439463806E-9,0.014277174680606177,0.985722824041142
9147.0,0.424910630648932,0.5747176982489456,3.7167110212241985E-4
8605.0,3.4770647884295523E-10,0.8574804424578734,0.14251955719442014
8334.0,0.922461453388129,0.07749009547213642,4.8451139734529795E-5
9681.0,2.7671213571484E-11,0.9938889684937929,0.0061110314785356714
8775.0,0.9034294812015449,0.09654555931729475,2.4959481160207827E-5
8112.0,0.139928667847339,0.7732141229114181,0.08685720924124274
8562.0,5.304833133795365E-4,0.6630874504510834,0.33638206623553707
8289.0,0.43051610956648323,0.5691263458888005,3.575445447161837E-4
9534.0,0.7858383400025171,0.21237377497456167,0.0017878850229212752
9261.0,0.843429988359259,0.15653514697958365,3.486466115742004E-5
9739.0,3.765211416473921E-19,1.118819360056626E-7,0.999999888118064
9351.0,0.5925604944724683,0.4073300255734886,1.0947995404327715E-4
9620.0,7.553072474606104E-8,0.8195807957663869,0.18041912870288848
8395.0,0.8894109585736377,0.11056017863819645,2.8862788165849957E-5
8664.0,0.9934352079986073,0.0065189018267458165,4.589017464697865E-5
9214.0,3.291277722090987E-14,0.9968892736774867,0.0031107263224804766
8941.0,0.020549680980455006,0.40626310521112136,0.5731872138084236
8165.0,0.06015626041455631,0.9380369616205549,0.0018067779648887458
9806.0,6.532176977972687E-6,0.7839077575235787,0.21608571029944335
9320.0,0.9766738219955546,0.02332615028814632,2.7716299048055214E-8
9595.0,0.002341751640930129,0.9216249978342534,0.07603325052481646
8228.0,9.279561621499077E-6,0.16099573677056667,0.8389949836678118
8503.0,0.7256011596598367,0.2735947706915303,8.040696486329499E-4
8977.0,0.9399323850439881,0.06005418201066635,1.3432945345426148E-5
9290.0,0.9596746183728291,0.04032326870456597,2.1129226049904805E-6
8469.0,1.2722915066514683E-7,0.9999153728279955,8.449994285376851E-5
8198.0,8.711442593057313E-4,0.997439183538954,0.0016896722017403745
8736.0,0.006633129304903887,0.9752990011313531,0.01806786956374297
9011.0,0.9822349931559542,0.01776499391243454,1.2931611256792665E-8
9654.0,0.6674702552771791,0.2610724110152827,0.07145733370753812
8698.0,1.1225775929624196E-7,0.02665451682236327,0.9733453709198775
8425.0,0.9887927598391388,0.01120697932357036,2.608372908431106E-7
8180.0,0.7997237403578813,0.20024233660616048,3.392303595812631E-5
8911.0,1.483134859623019E-6,0.9784743330762677,0.021524183788872588
9180.0,0.960601312046424,0.0393898170173419,8.870936234182343E-6
9230.0,0.09943804986047489,0.7822785430307415,0.11828340710878364
9501.0,0.31831300859857437,0.681667689713214,1.9301688211568582E-5
9768.0,2.34775189669849E-6,0.294278633674403,0.7057190185737003
9079.0,0.24622656096263698,0.7531580482403433,6.153907970196991E-4
8804.0,0.9847820591102889,0.015216801205641135,1.1396840699613176E-6
8258.0,0.4082334157756171,0.5869860991421068,0.004780485082276126
8529.0,0.15941444097518054,0.8398023704555695,7.831885692500698E-4
9441.0,0.7066913368282982,0.2932308534283045,7.7809743397311E-5
9112.0,0.005899063173507743,0.49021555342456735,0.503885383401925
8150.0,0.0800778103540393,0.9086324174603039,0.011289772185656957
8843.0,0.12551307901594266,0.8743793940078197,1.075269762376008E-4
8365.0,0.6463423795287302,0.35364354774044426,1.4072730825634361E-5
8638.0,0.6294864182363026,0.3702849721095337,2.2860965416364657E-4
9680.0,0.8280674156217556,0.17192281007991417,9.774298330322282E-6
9411.0,0.8946121733467183,0.10537036516701562,1.7461486265989166E-5
8135.0,0.20874426037355107,0.7910157204701708,2.4001915627825773E-4
8873.0,0.9198913451841354,0.08010417154746637,4.483268398172178E-6
9146.0,9.269300900558557E-4,0.9706820463950089,0.028391023514935235
8604.0,1.21505749263057E-7,1.822045695107633E-5,0.9999816580372998
8335.0,0.022759534726393908,0.9703777167057106,0.006862748567895555
9535.0,0.2838852097686795,0.7160329696089139,8.182062240644812E-5
9260.0,4.387942213481175E-6,0.024564872406332268,0.9754307396514542
9738.0,0.08030663893322403,0.9025230553447605,0.017170305722015458
8774.0,0.0010301511821012449,0.33873266516666073,0.660237183651238
9045.0,0.6989345303047728,0.3010408592568704,2.461043835675243E-5
8563.0,0.004377977448496059,0.9938196975989357,0.001802324952568166
8288.0,0.0022883071015489345,0.9322380636234182,0.06547362927503289
9733.0,0.6653518885898663,0.33464775848769035,3.5292244330172757E-7
9251.0,1.2743094655191497E-13,0.9622979214482688,0.03770207855160382
9520.0,0.9661988535000212,0.03379429742558951,6.849074389332156E-6
8303.0,0.9741796019957839,0.025820397987643625,1.6572454848144228E-11
8572.0,0.006909433068289229,0.9917116915199482,0.0013788754117625174
9050.0,0.8836857992348518,0.11482799777865026,0.00148620298649791
8777.0,0.10495512676225247,0.09186438892001253,0.803180484317735
8119.0,5.200621453398482E-13,6.469479709373482E-5,0.9999353052023862
9420.0,0.6327454207036328,0.36725404442385556,5.348725116824433E-7
9695.0,0.8557865835488986,0.12668952143079212,0.017523895020309366
8320.0,0.9831840425222178,0.016815957466622695,1.1159382937180293E-11
8595.0,0.30371454665358927,0.6962407007913207,4.475255508997672E-5
9141.0,0.9893115957884738,0.010687953626657492,4.505848685909965E-7
8870.0,2.009796583969169E-4,0.7243255130250413,0.2754735073165617
9725.0,0.9313243389646423,0.06855420722372008,1.2145381163765214E-4
9454.0,2.5995317580681826E-5,0.011633489594268385,0.9883405150881509
8625.0,0.15702556807587936,0.8416513164680893,0.0013231154560313276
8354.0,0.03280408020306993,0.08549462506219718,0.8817012947347328
8836.0,0.9466471659173507,0.053348988852642464,3.845230006836888E-6
9111.0,1.52418861781967E-13,0.9997678862432223,2.3211375662511463E-4
9767.0,0.05483110304254616,0.9450835414865455,8.53554709082694E-5
9490.0,2.4325674066924245E-5,0.9887664596875899,0.011209214638343217
9217.0,3.0915271076378643E-9,0.002086912046193691,0.9979130848622791
8542.0,4.219871414644359E-7,0.002286055238660505,0.997713522774198
8269.0,0.9702468363353338,0.02975214888444992,1.0147802162131887E-6
8811.0,0.027442593163205936,0.9705196728221408,0.002037734014653224
8102.0,6.863788800014372E-4,0.984357113489567,0.01495650763043165
9080.0,3.681849306786808E-4,0.9990945332786935,5.372817906279732E-4
9386.0,1.2972895277454095E-11,2.844957291374568E-4,0.9997155042578897
9657.0,0.06519863489851278,0.6253054928155922,0.3094958722858949
9171.0,0.13880939982867524,0.8559944551816625,0.005196144989662352
8896.0,1.994070166855902E-18,1.6001401376844235E-9,0.9999999983998599
8693.0,0.2075993387125114,0.7910790782144307,0.001321583073057777
9285.0,1.2130200313368534E-6,0.1735186183248304,0.8264801686551383
9558.0,0.6554406350587583,0.3445321685624307,2.719637881095917E-5
9020.0,7.217253328587992E-14,0.0027080461417550764,0.9972919538581728
8751.0,0.09856348118864496,0.8620456362652328,0.039390882546122254
8201.0,0.0010203546431203842,0.9989786287902364,1.016566643244314E-6
8474.0,0.11780785766430389,0.8608738009202002,0.021318341415495937
9588.0,1.37605170756386E-7,0.8992551812651514,0.10074468112967791
9319.0,2.523826816760639E-15,9.902315653755685E-9,0.9999999900976818
9793.0,0.5838431098481864,0.4158225570604908,3.343330913227327E-4
8085.0,0.01172982001591394,0.977917645563234,0.010352534420852
8717.0,0.9158519962366714,0.08413065617179735,1.734759153128698E-5
8990.0,0.9615391307505219,0.03845875594517932,2.113304298887474E-6
8504.0,0.6926108090387706,0.30714455699878973,2.44633962439647E-4
8235.0,0.04304987326264983,0.9566708634140285,2.7926332332170586E-4
9627.0,7.141918785644697E-4,0.8225547348942216,0.17673107322721388
9352.0,0.05193341694004684,0.9435735381290339,0.0044930449309193415
8930.0,0.6411051376763202,0.35835413210896744,5.407302147124864E-4
9201.0,4.0640272344164243E-22,3.7156305282086047E-4,0.9996284369471791
8663.0,1.82792345158045E-5,0.8777226558563235,0.1222590649091606
8388.0,3.530036153561183E-4,0.965291461969245,0.03435553441539889
8302.0,0.1954664041364115,0.8042408565789989,2.927392845896949E-4
8573.0,1.5950654878421117E-11,2.076507951434325E-8,0.9999999792189699
9051.0,0.9884970113698812,0.011502957355475326,3.1274643594194144E-8
8776.0,0.30560541493082616,0.6943945167559773,6.831319645187645E-8
9250.0,0.8508870777487645,0.14904459699696435,6.83252542711758E-5
9521.0,9.69160906004846E-11,0.26061378783731715,0.7393862120657667
8321.0,0.15538895154250476,0.8443537481255426,2.573003319526436E-4
8594.0,0.5459250338199153,0.4519532543776291,0.002121711802455627
9140.0,5.916287664568201E-6,0.9382499441242769,0.06174413958805852
8871.0,0.01489227482805486,0.9789656553609641,0.006142069810981048
8128.0,0.08385917884769956,0.9159863551289821,1.5446602331843444E-4
9421.0,7.255944321116556E-14,0.7547847442302865,0.24521525576964093
9694.0,0.9799672778192351,0.020027466378631138,5.255802133866049E-6
8624.0,4.637862565491207E-9,6.282668903945907E-4,0.9993717284717428
8355.0,0.24667504418019415,0.7531732365187646,1.5171930104136962E-4
8145.0,0.7242127184043888,0.2757567420359686,3.053955964245451E-5
8837.0,7.736461813011888E-20,0.03493162870306933,0.9650683712969307
9110.0,0.0984240070375511,0.5503644815595636,0.3512115114028852
9724.0,0.04302354734262481,0.9561419266965461,8.345259608292041E-4
9455.0,0.9804370669665243,0.019561742532558504,1.1905009171784357E-6
8543.0,0.7181409749525579,0.28185401452466785,5.010522774215318E-6
8268.0,0.06482141211661695,0.9351479341583826,3.065372500031E-5
8810.0,6.571534884996646E-4,0.996033248824639,0.003309597686861493
9081.0,2.9533400313727435E-5,0.8707587287070983,0.1292117378925879
9766.0,0.9992830930164404,7.169043233415426E-4,2.660218030313731E-9
9491.0,0.9849232874861317,0.015076390876105693,3.216377625369591E-7
9216.0,0.40568122147009256,0.5940839179578161,2.3486057209131116E-4
9170.0,0.001505097378031782,0.9263910377985098,0.07210386482345828
8179.0,2.0443062628226746E-15,3.299538470609273E-10,0.9999999996700442
8897.0,7.957934929516498E-4,0.05820295780144947,0.9410012487055989
8423.0,0.33840493813898354,0.660924481148562,6.705807124546272E-4
8692.0,0.3893450063522215,0.6106321323146272,2.286133315133029E-5
9387.0,0.9822855035894031,0.017714494064207158,2.346389687015581E-9
9021.0,0.9905489500518443,0.009450697885639887,3.520625157852524E-7
8750.0,0.7256174535381154,0.27438105431539545,1.4921464891940113E-6
8200.0,2.754889291581584E-5,0.11081875410168134,0.8891536970054028
8475.0,0.007262042908825241,0.9872753774959855,0.005462579595189234
9559.0,0.4675334360877818,0.5264122127768626,0.006054351135355735
8716.0,8.626932983673956E-13,0.1738801376138112,0.8261198623853261
8991.0,0.9823784098855671,0.01759532292845922,2.6267185973648124E-5
8505.0,6.909517395618608E-8,2.7493287846564383E-5,0.9999724376169795
8234.0,0.2425102110457533,0.7570616577624407,4.281311918061089E-4
9589.0,1.6034704148630102E-4,0.002086944394255558,0.9977527085642581
9318.0,0.23082304606525567,0.7691762503198442,7.036149002996485E-7
9792.0,0.006203501554029481,0.9803173897337346,0.013479108712235911
8931.0,4.312554546476158E-18,0.9991172028223363,8.827971776637147E-4
8162.0,0.07858501585496283,0.895060906282646,0.02635407786239111
9200.0,1.7484866083005813E-18,0.998293982243788,0.0017060177562120342
8662.0,0.9979517124516487,0.0020482828141989307,4.7341523643356895E-9
8389.0,3.0071770223534472E-5,0.019399860507848556,0.9805700677219279
9626.0,0.01401043863301212,0.981015593695682,0.00497396767130587
9693.0,0.0036654084669705354,0.3760865993616545,0.6202479921713749
9422.0,0.9804482529427874,0.019551124154080515,6.229031321558575E-7
8593.0,0.37914724062008626,0.6202065069746637,6.462524052500762E-4
8322.0,0.9869159592706724,0.013084017308189146,2.3421138384739033E-8
8868.0,0.9870019266130441,0.012998058881359293,1.4505596604414737E-8
9143.0,0.028551731134225312,0.9493351611815964,0.022113107684178377
9735.0,0.05845359712892787,0.9275694507370879,0.013976952133984276
9522.0,0.6026254907586401,0.39731804699747353,5.6462243886342385E-5
9249.0,1.6325800452625603E-5,3.607036898114806E-4,0.9996229705097358
8574.0,9.633094691542897E-8,0.0018680889836658744,0.9981318146853871
8301.0,0.8845820403622137,0.1153759410357298,4.20186020565737E-5
8118.0,0.00795665883247478,0.890284497570156,0.10175884359736913
8779.0,0.014867334276148508,0.9132311320702025,0.07190153365364896
9048.0,0.977085666856528,0.022913074083349933,1.2590601219825917E-6
9765.0,0.13334518075993224,0.7897974167464307,0.07685740249363715
9219.0,0.7571173604376199,0.24069902953237363,0.0021836100300064156
8271.0,0.7557459112343972,0.2442505651214273,3.5236441755785577E-6
8540.0,4.4186603295315045E-5,0.1929380188246406,0.8070177945720641
9082.0,4.0278225540226333E-19,0.9981484130477966,0.001851586952203332
8103.0,0.0013362844641460702,0.6689002653451871,0.3297634501906669
8809.0,1.9699265247882097E-4,0.9492553574066838,0.050547649940837366
9452.0,0.9641944165168559,0.035663554586882064,1.4202889626217604E-4
9727.0,0.054309279473631206,0.9456720435355103,1.8676990858525318E-5
8352.0,0.2667887771927783,0.7305982524941494,0.002612970313072237
8627.0,7.29118194177303E-19,0.49743656728625213,0.5025634327137479
9109.0,4.999258350979849E-6,0.30678816120869923,0.6932068395329498
8838.0,0.9946068783028155,0.005393112103967792,9.593216828839826E-9
9556.0,0.0021521942153168473,0.9838732616052109,0.0139745441794722
9287.0,0.9556919495656813,0.04430211454999291,5.935884325804861E-6
8749.0,3.819724409607607E-4,0.9787113141520227,0.02090671340701653
9022.0,0.5447784633942633,0.45519434128920344,2.71953165332657E-5
8472.0,3.081728248079977E-7,0.8592272668013224,0.14077242502585263
8203.0,0.009214107423370445,0.7230013124560112,0.2677845801206184
9659.0,0.005910501338239945,0.994068059592202,2.1439069558060506E-5
9384.0,1.1411286619742168E-8,8.833167535750425E-7,0.9999991052719598
8898.0,4.991694527437379E-7,0.9993293185070563,6.70182323491027E-4
9169.0,0.040344959359034115,0.7495327205738578,0.21012232006710826
8695.0,0.3058172087493314,0.5736328624389562,0.12054992881171255
8420.0,0.6959424825184862,0.3040394814836373,1.8035997876496226E-5
9354.0,9.882780837710363E-5,0.9991460957272288,7.550764643941018E-4
8928.0,0.9742161961469088,0.02578157002192053,2.233831170655638E-6
8390.0,1.3482989879232206E-5,0.628076635083657,0.3719098819264639
8661.0,0.5540350427584515,0.44544716822257485,5.177890189736144E-4
9317.0,2.2256355046998605E-5,0.8221841019277358,0.17779364171721712
9590.0,0.5446426155399654,0.4549668056271957,3.9057883283894114E-4
9795.0,0.9182687900174483,0.08170361266009898,2.7597322452715723E-5
8988.0,0.37611198163040116,0.6125870031723128,0.011301015197286046
8084.0,0.16004281638541581,0.7088904994895879,0.13106668412499634
8719.0,0.0022424693978452103,0.9646977795985124,0.03305975100364226
8233.0,1.270394942157452E-8,0.9999847273541197,1.525994193085247E-5
8506.0,0.8945612041845595,0.10442832465378263,0.0010104711616578704
8592.0,1.8819384179824563E-4,0.9997862267154526,2.5579442749166516E-5
8323.0,0.11995603437786673,0.8035846561957439,0.07645930942638936
8129.0,0.48281733481115613,0.516319180383975,8.634848048688928E-4
8869.0,7.048188089364485E-4,0.9892744699607302,0.010020711230333384
9142.0,0.8841652717515246,0.11579593172148478,3.879652699069429E-5
9692.0,0.9862728857747809,0.013727075862820386,3.8362398654831415E-8
9423.0,0.6830586526714982,0.31634077160586005,6.005757226418386E-4
8575.0,0.9907483701027078,0.009251615678823204,1.4218468924017526E-8
8300.0,2.2157251302725918E-24,2.4734823972834567E-12,0.9999999999975265
8778.0,4.024199057497089E-9,0.9999598177479058,4.017822789520676E-5
9523.0,1.1147184797236764E-10,0.3894377697252162,0.610562230163312
9248.0,0.7343012279878173,0.26555615822864026,1.426137835425583E-4
