9179.0,0.999782066906738,2.1793308607094753E-4,7.1909334060263346E-12
8904.0,0.9112834391735078,0.08871649635856504,6.446792708386623E-8
8701.0,7.33976124896587E-4,0.953243894870042,0.04602212900506153
9378.0,0.6957750816293254,0.3041967049380894,2.8213432585140305E-5
9012.0,0.9364759555623676,0.06352326465817874,7.79779453601104E-7
8743.0,2.52379350994904E-6,0.29215483611601845,0.7078426400904716
8193.0,7.274180802744481E-5,0.9982498931215525,0.001677365070420025
8466.0,3.312965894491955E-13,1.1953107805066262E-4,0.9998804689216181
9293.0,0.050839622972241164,0.9486536102587442,5.067667690146317E-4
9566.0,0.9977789684223872,0.0022209398874784374,9.169013442902432E-8
8081.0,2.3285537476947863E-8,0.21621929437068252,0.7837806823437801
8709.0,0.002976929265444509,0.9278288768128781,0.0691941939216774
8982.0,6.99847473568759E-20,2.6322085470430005E-8,0.9999999736779145
8496.0,0.3588380559939536,0.6411613514795569,5.925264897309536E-7
8227.0,1.3397276017889516E-12,0.9989070301158292,0.0010929698828311327
9596.0,4.9004164490782E-12,0.9998135798680646,1.8642012703496417E-4
9327.0,0.9842430047875113,0.015756965749760404,2.946272841811465E-8
9801.0,2.948227631426475E-16,0.04540363867540851,0.9545963613245912
8938.0,5.527384929526743E-10,3.9717202105038105E-4,0.9996028274262112
8671.0,1.8634477083870619E-10,0.027802549215740695,0.9721974505979145
8396.0,0.9991415645392467,8.584353401014755E-4,1.2065167393224356E-10
9619.0,1.8819747449927937E-13,0.0013351301748625998,0.9986648698249492
9344.0,0.9808324413274151,0.019167558176727238,4.958575937153872E-10
8295.0,0.20982111444605397,0.7890454628243669,0.0011334227295790142
8564.0,2.3217824836239548E-7,0.7062016657495728,0.2937981020721788
9042.0,0.006506237610657272,0.9934395457537606,5.421663558213267E-5
8769.0,1.2715131298494332E-8,0.9997796258153526,2.20361469516073E-4
8115.0,0.9999795265233541,2.0473474794850895E-5,1.8510050824735552E-12
9741.0,2.2894853106276588E-10,0.4023614176738927,0.5976385820971588
9259.0,1.4002434371518243E-7,0.8753363318870142,0.12466352808864199
9528.0,4.817688601584209E-7,0.998930253632626,0.0010692645985138783
8328.0,0.01046911758313649,0.9867075769867892,0.0028233054300741264
8603.0,3.8012237631352106E-6,0.9776934591357305,0.02230273964050635
9149.0,8.491287364487612E-12,0.9995282341965895,4.717657949191385E-4
8878.0,0.9946474074052891,0.0053525923336032255,2.611077397882931E-10
9687.0,1.6282104734352125E-4,0.2905484574793951,0.7092887214732614
8633.0,0.9486111866979541,0.05024647050410762,0.001142342797938329
8362.0,1.4649887641318898E-9,0.9038567268362766,0.09614327169873467
8844.0,0.8881059782279971,0.1118852164950548,8.805276947972084E-6
9119.0,0.9652309061280907,0.03476873487015419,3.590017550509544E-7
9446.0,0.19845681468658477,0.8014924308601372,5.075445327787424E-5
8534.0,0.6572309858500849,0.34276858148546424,4.3266445095507545E-7
8261.0,0.01347559478585941,0.9865066336600641,1.7771554076483957E-5
8098.0,0.17732768804077853,0.822281880877566,3.90431081655469E-4
8803.0,0.42625791847016625,0.5737381966371046,3.884892729236329E-6
9072.0,0.03961874672445183,0.959824705661955,5.565476135932608E-4
9775.0,0.007345699360443302,0.9926500123082527,4.288331304083249E-6
9498.0,0.11948967581972587,0.848832967521443,0.03167735665883121
9225.0,0.32759185947861647,0.6723327137196503,7.542680173310679E-5
9379.0,7.267038545252121E-4,0.9976294194344983,0.0016438767109764798
9648.0,0.9998926469882145,1.0735036639828303E-4,2.6453872208058705E-9
9178.0,0.03600460631123092,0.9639948771666873,5.165220818563633E-7
8183.0,3.845744915022086E-13,0.025034784367279236,0.9749652156323362
8905.0,1.886388076955013E-12,2.513317528569854E-7,0.9999997486663608
8431.0,6.363121043052292E-14,3.0006645762793477E-4,0.9996999335423083
8700.0,0.8699281875062153,0.13005536277131274,1.6449722471961164E-5
9292.0,1.2649154797530755E-4,0.9968766391594268,0.002996869292597879
9567.0,4.530751697790494E-21,0.9445660102142057,0.055433989785794294
9013.0,0.10799305141773435,0.8918872329358524,1.1971564641322388E-4
8742.0,9.786780907816595E-9,0.9998626545512534,1.373356619656969E-4
8192.0,0.07844490757521473,0.9211660549731547,3.8903745163055664E-4
8467.0,0.9997263465020159,2.736534930809998E-4,4.90321597804619E-12
9597.0,0.07112252615604016,0.92879424301114,8.323083281996303E-5
9326.0,0.03382761800327767,0.9660105726738716,1.6180932285062054E-4
9800.0,7.569127616957913E-17,1.596231569516604E-4,0.9998403768430483
8708.0,0.974554659558782,0.025417613181100463,2.772726011762199E-5
8983.0,0.006874921427855256,0.9925718941249855,5.531844471591807E-4
8497.0,1.1574259268355106E-5,0.46326602881796786,0.5367223969227638
8226.0,1.6691277853973233E-8,0.8949013997659309,0.10509858354279131
9618.0,0.9983377992733974,0.0016621969014460562,3.8251566075259545E-9
9345.0,9.339436158099087E-8,0.9999803676213681,1.9538984270304886E-5
8166.0,4.598653343502764E-6,0.5687675851960947,0.4312278161505619
8939.0,0.9999909165452187,9.083454049043304E-6,7.322501904747913E-13
9208.0,0.047001181304356834,0.9528214473568424,1.7737133880075116E-4
8670.0,1.1786033132753455E-6,0.9913677773024497,0.008631044094236933
8397.0,0.8217069790695336,0.17828167411488205,1.1346815584358805E-5
9740.0,0.9992231983838938,7.768003414369328E-4,1.2746692503729024E-9
9258.0,0.6750282677311175,0.32492001217431193,5.1720094570491974E-5
9529.0,0.009080319481208762,0.9903206012555374,5.990792632537456E-4
8294.0,0.9988537638352976,0.0011462342377389439,1.926963465240576E-9
8565.0,7.839821477634884E-13,2.4207724899311466E-5,0.9999757922743168
9043.0,0.007623266144294488,0.9923763005070753,4.3334863022352946E-7
8768.0,0.12487826426042745,0.8751071902868943,1.4545452678126268E-5
9413.0,5.594337932151258E-19,0.8844616736198795,0.11553832638012064
9686.0,0.8107107320160672,0.18928536591781714,3.902066115603802E-6
8329.0,5.4406876268079145E-6,0.9996468812013676,3.4767811100560437E-4
8602.0,1.5856637935041247E-5,0.7051426178188556,0.2948415255432093
9148.0,0.9989198018373849,0.0010801977788558684,3.837592020430156E-10
8879.0,5.1222054356088305E-11,7.00852534016077E-5,0.9999299146953763
8132.0,0.9988994395720795,0.0011004158771937907,1.4455072668042823E-7
9716.0,4.0609795176461045E-18,0.9739518815641662,0.026048118435833708
9447.0,2.8793658400281066E-5,0.996481032130218,0.003490174211381692
8632.0,0.9968580057688721,0.003141950798612999,4.343251486184754E-8
8363.0,0.15170301831058605,0.5984121196557938,0.24988486203362023
8149.0,3.524391947378786E-5,0.8990976909443461,0.1008670651361801
8845.0,0.991797771751631,0.008201996419464522,2.3182890465523658E-7
9118.0,5.7162247265040826E-8,0.09779406862642928,0.9022058742113234
9774.0,1.4498039919548814E-9,0.37690451435567446,0.6230954841945217
9499.0,1.126803578893161E-6,0.9994550081714092,5.438650250119103E-4
9224.0,0.07347466939762107,0.9263991565695383,1.2617403284065676E-4
8535.0,0.9493144897040573,0.05067615565912885,9.35463681391679E-6
8260.0,2.614232745101007E-6,0.9998322189273766,1.6516683987831732E-4
8802.0,1.5832333334065102E-16,0.9933088966362706,0.006691103363729231
9073.0,1.234162798288744E-4,0.9998562678698752,2.0315850295827097E-5
8741.0,0.7771347271967717,0.22285943350320472,5.839300023628275E-6
9014.0,0.015824724176914707,0.9705806068798121,0.013594668943273172
8464.0,3.8920070378396115E-4,0.9986415438915779,9.692554046382112E-4
8195.0,0.18547391449117348,0.8102545172980912,0.004271568210735321
9564.0,4.272634184848892E-23,1.185270424037297E-10,0.9999999998814729
9295.0,0.998371040902331,0.0016289581848199547,9.128490635779576E-10
8906.0,3.2934539827177313E-4,0.9992135307603348,4.571238413933608E-4
9177.0,0.9211422340739029,0.07885427372215405,3.4922039429861157E-6
8703.0,5.242517028286891E-19,0.030572732981231646,0.9694272670187684
8428.0,6.643003466821061E-10,0.18503741884765743,0.8149625804880423
9651.0,0.3487159141062441,0.650664742503501,6.193433902548864E-4
9376.0,0.0035237731330862152,0.9953178364745954,0.001158390392318386
9211.0,0.6129502549601578,0.38704914266232404,6.023775182295798E-7
8936.0,0.9366855590698209,0.06068117726836385,0.0026332636618151455
8398.0,1.3249733283664333E-8,1.557172529829986E-4,0.9998442694972838
8669.0,0.02870712579357734,0.9712769968044382,1.5877401984393283E-5
9346.0,0.17270114752872778,0.8272716452943005,2.720717697177567E-5
9617.0,2.5635270714080426E-7,1.7788264508033233E-4,0.9998218610022126
8980.0,0.4661717901761373,0.5338281085063892,1.0131747355907362E-7
8080.0,1.9495630464149713E-10,0.690478948738014,0.3095210510670297
8711.0,4.363454823421446E-8,0.09544155866170266,0.904558397703749
8225.0,0.7230126247558228,0.27698683575263305,5.394915442543265E-7
8498.0,0.929849531557347,0.07015032403186458,1.444107884485102E-7
9325.0,0.010977188871096196,0.9888671022535831,1.5570887532060003E-4
9598.0,0.9496663244924696,0.05033215716860901,1.5183389213249369E-6
9803.0,1.0388243571215472E-6,0.3531224768055993,0.6468764843700435
8601.0,0.8834835659339353,0.11650587556238379,1.0558503681106176E-5
8330.0,1.0088953444929963E-7,0.9999991136966158,7.854138498550399E-7
8876.0,0.9868243700384869,0.013175628001423278,1.9600897706490436E-9
9151.0,0.9945203025091217,0.005479666672442994,3.081843523870489E-8
9685.0,1.139113230605198E-5,0.9809898243520658,0.018998784515628087
9414.0,7.469583830852937E-8,0.9917260194530434,0.008273905851118271
8566.0,9.794621636292656E-12,0.2001295811578035,0.7998704188324018
8293.0,0.02617703775312798,0.9737581207570633,6.484148980867674E-5
8771.0,9.653459849355457E-14,9.220016573662659E-5,0.9999077998341669
8114.0,1.3178620314125585E-6,0.9958523544374165,0.004146327700552112
9040.0,5.197353059737244E-4,0.66804598147709,0.3314342832169363
9743.0,3.436778782237933E-4,0.790283867500466,0.20937245462131027
9530.0,0.997032629852927,0.0029673696267156504,5.203574153611066E-10
8263.0,0.9891541080319469,0.010845626413057176,2.6555499580638517E-7
8532.0,0.015188721653330533,0.9791113545517794,0.005699923794890052
9074.0,0.9953299415446673,0.00467005790919531,5.461375271473974E-10
8801.0,0.25434148590688027,0.17769836235538797,0.5679601517377317
8099.0,0.0063712757803272395,0.9791916644978969,0.014437059721776037
9773.0,0.9649148012996956,0.03508519505936207,3.640942342514653E-9
9227.0,4.999270583542841E-8,0.9213385544833994,0.07866139552389469
9496.0,2.204783424896461E-6,0.468689246723397,0.531308548493178
8360.0,0.03311271865441568,0.9622298827966396,0.004657398548944848
8635.0,0.082554396132685,0.9163904153476937,0.0010551885196212495
9117.0,0.08621060872138246,0.8989215723426337,0.01486781893598386
8846.0,1.2051101557383508E-6,0.9698473858213486,0.030151409068495644
9444.0,6.574911738800886E-7,0.3753692623194422,0.6246300801893838
9719.0,1.0993668397127751E-4,0.9990318975645393,8.581657514894276E-4
9565.0,0.9789021627914838,0.02109556436591182,2.2728426044082873E-6
9294.0,0.19320834170962567,0.8067897819928682,1.8762975061539393E-6
8740.0,5.549241373906513E-5,0.01357683111933145,0.9863676764669295
8465.0,1.998965826748517E-6,0.9940352592694162,0.005962741764757157
8194.0,0.154997412556051,0.845002343094658,2.443492910769805E-7
9650.0,5.603802091679044E-4,0.9586696461808928,0.04076997360993934
9377.0,0.002991685822135782,0.9880059853588281,0.009002328819036098
8182.0,0.04730807826666629,0.9526913421222817,5.796110520910666E-7
8907.0,9.589189403838011E-10,0.8190125911189283,0.18098740792215268
9176.0,0.7906634959395652,0.2083245782129822,0.0010119258474525982
8702.0,0.04356348916636145,0.9564346627376877,1.848095950886958E-6
8429.0,1.917860904762314E-5,0.9870816169568939,0.012899204434058488
9347.0,3.2500055013778004E-4,0.997645730827449,0.0020292686224131205
9616.0,0.033457707984208974,0.965980229942012,5.620620737789957E-4
9210.0,2.2066204192572506E-8,0.5915672905057727,0.40843268742802313
8937.0,4.89663900442803E-12,0.9994100599946789,5.899400004244083E-4
8167.0,0.9450499705327237,0.05453878690845045,4.112425588260033E-4
8399.0,0.7292805030863179,0.2707188302640015,6.666496807058531E-7
8668.0,0.002263806997533675,0.9966713891744604,0.0010648038280059535
9324.0,0.9552404775670617,0.04475747717906695,2.0452538713228167E-6
9599.0,2.486737959983257E-5,0.9999335491002934,4.158352010671934E-5
8981.0,2.3920991868079004E-5,0.3971708078647921,0.6028052711433398
8710.0,0.21425043103171074,0.7857418206323852,7.748335903986273E-6
8224.0,5.894915925187134E-6,0.9995971934158193,3.969116682554635E-4
8499.0,2.3324550674096948E-4,0.9994861043867798,2.8065010647929686E-4
9684.0,0.9983523736437158,0.0016475976213538486,2.8734930271885952E-8
9415.0,5.709551714051601E-8,0.9477403130745712,0.05225962982991164
8600.0,1.2471726596060386E-11,0.006663870645657416,0.9933361293418709
8331.0,0.9917355986507458,0.008264397260076056,4.089178116869243E-9
8877.0,0.9816956040295416,0.018304389626968877,6.343489432400969E-9
8133.0,0.9998974876741731,1.0251087460576384E-4,1.4512212085714406E-9
9150.0,0.18655193397608438,0.8130253255792278,4.227404446878037E-4
9742.0,0.9898532587983808,0.010146741129106575,7.251260386710982E-11
9531.0,0.1537349281766522,0.846245911355607,1.9160467740830086E-5
9256.0,0.01454774796165294,0.8494783276475789,0.13597392439076805
8567.0,1.1112031828604186E-8,0.37896699360563385,0.6210329952823344
8292.0,0.4250095371741815,0.5746416286772371,3.488341485813901E-4
8770.0,0.9980850504118781,0.0019149437707096418,5.817412187785367E-9
9041.0,0.6693660088535248,0.3306339393409674,5.180550772253065E-8
9772.0,0.8606671046958453,0.13933289139278351,3.911371244022665E-9
9226.0,1.3741486865848447E-8,0.9917500197169129,0.008249966541600366
9497.0,0.9611241332306315,0.03883602611998168,3.98406493867568E-5
8262.0,1.5426020106208337E-10,0.7080239299003492,0.2919760699453905
8533.0,0.001137788570564433,0.9963060773526066,0.002556134076829057
9075.0,0.12784921915915234,0.8719581982569699,1.9258258387777223E-4
8800.0,0.9988793172129182,0.0011206223884746586,6.039860704999633E-8
9445.0,1.6324707867585224E-15,0.673826151157455,0.3261738488425435
9718.0,3.133113906408308E-4,0.9996835592738349,3.1293355243650453E-6
8361.0,6.272422106169979E-12,0.2112628590269139,0.7887371409668136
8634.0,0.9994690721901641,5.308861043650994E-4,4.1705470905087235E-8
9116.0,0.17907499817766231,0.8209138733842516,1.1128438085991822E-5
8847.0,0.1767317771875089,0.8230495122582244,2.1871055426653252E-4
8148.0,0.8272371195075302,0.17276270387116027,1.7662130952859185E-7
8500.0,2.33688221485009E-16,0.7280615556091495,0.2719384443908502
8231.0,0.9962146722974871,0.0037852716805798266,5.602193311453535E-8
8705.0,0.623890207489174,0.37610978374413667,8.766689416094113E-9
8083.0,0.9994867712291732,5.132287539025088E-4,1.6924221238913253E-11
8978.0,0.023527875568394578,0.9592345327460186,0.017237591685586872
9805.0,1.3314137647891547E-11,1.5877546866304915E-4,0.9998412245180228
9592.0,0.14947068353840506,0.8482947838042579,0.002234532657337074
9323.0,0.058876720298358526,0.9411140804349649,9.199266676489755E-6
8667.0,0.2435385126665515,0.7564600257107266,1.4616227219607465E-6
8392.0,0.9681029655429346,0.03188761944755085,9.41500951448758E-6
8942.0,1.9371216017265846E-13,0.9991972935699903,8.027064298159677E-4
9213.0,0.012984371131941654,0.7265583023645988,0.26045732650345943
9623.0,0.9925225466511087,0.007477160829588929,2.925193024450811E-7
9348.0,0.9987187258924685,0.001281268485895505,5.621636036869882E-9
8426.0,9.546864729782903E-6,0.29848830095114137,0.7015021521841288
8697.0,0.01640186278843697,0.9823361278957808,0.0012620093157821755
9183.0,1.7704570960301537E-4,0.9997955560086708,2.7398281726209138E-5
8908.0,0.9999695979810254,3.0402009700876663E-5,9.273688717348494E-12
9653.0,0.0034508116806661903,0.9960970071907447,4.5218112858915025E-4
8197.0,4.383885177457608E-19,8.159923849864717E-7,0.999999184007615
8470.0,4.7005545836147834E-5,0.9236825416478308,0.07627045280633302
9008.0,1.0668657680235432E-5,0.9163968435794224,0.08359248776289738
8739.0,0.9999724322793321,2.756771992084752E-5,7.47037951342726E-13
9289.0,0.011838274678570085,0.988161050849031,6.744723988691876E-7
9562.0,0.978284562576712,0.021715079045916713,3.5837737109747385E-7
8840.0,9.415389568453714E-6,0.9974313570763677,0.0025592275340638178
9115.0,4.712950110853852E-10,0.43702345102121465,0.5629765485074902
8637.0,6.965846085588007E-11,0.024596789758576487,0.9754032101717651
8366.0,1.0983941335018591E-6,0.9999983813963992,5.202094672900976E-7
9442.0,0.28912096504662205,0.7055563200893047,0.005322714864073272
8807.0,0.8944267519999057,0.10557322068625807,2.7313836193627503E-8
8096.0,1.721674980622873E-6,0.7173068284262395,0.28269144989877987
9076.0,9.650589319529388E-7,0.8679429267532416,0.13205610818782648
8530.0,3.3644297047290466E-13,0.9999521937100573,4.780628960612493E-5
8257.0,8.75498560729261E-18,5.509887513380923E-9,0.9999999944901125
9502.0,0.8691881296774467,0.1308053855989462,6.484723606963136E-6
9229.0,9.168487128253575E-6,0.9996581725729888,3.326589398829889E-4
9771.0,0.9881296736419419,0.011870211828440348,1.1452961770452496E-7
9046.0,9.004381196108896E-10,0.3150048953431134,0.6849951037564485
8773.0,5.931526331819665E-7,0.2747800275110537,0.7252193793363132
8113.0,0.9971561963022815,0.0028438024149653753,1.2827531098100278E-9
8291.0,4.136761503370732E-10,0.9999829887891064,1.7010797217462196E-5
8560.0,0.8099262736336047,0.190042473188579,3.125317781625536E-5
9263.0,6.373679534780608E-5,0.9486515354320473,0.051284727772605
9532.0,0.0161953372207833,0.9793129114003812,0.004491751378835498
9737.0,8.152819202796757E-19,0.9974738960009659,0.002526103999034035
9145.0,0.982610144551823,0.017389852952792443,2.495384454778218E-9
8874.0,0.005873614362475514,0.9662036634979636,0.027922722139560947
8332.0,0.9822778431245861,0.017720213339284006,1.943536129775705E-6
8607.0,0.02665939630108757,0.5302592317101786,0.4430813719887337
9408.0,0.999660550114268,3.3944602157643343E-4,3.864155559395331E-9
9683.0,0.9870692414884163,0.012930436436510524,3.2207507320531724E-7
9593.0,0.08150182350149776,0.9140202196340061,0.004477956864496157
9322.0,8.56455872901174E-4,0.9970488592588872,0.0020946848682116743
8501.0,0.04342301111462577,0.8666130362472593,0.08996395263811499
8230.0,0.9952367333747373,0.004763171116322479,9.550894034973177E-8
8704.0,0.9169001923521239,0.08309952133143339,2.863164426615918E-7
8979.0,3.86857437711106E-9,5.7507819142960626E-5,0.9999424883122826
9622.0,0.39899475364376863,0.6010050774906114,1.6886561991237026E-7
9349.0,0.0012990563435000403,0.9981426993284704,5.582443280295279E-4
8666.0,0.06788948494531824,0.7815262575572609,0.15058425749742085
8393.0,0.20410758226871412,0.7740261453829667,0.02186627234831935
8164.0,1.5325589581550217E-5,0.9727400587645201,0.02724461564589829
8943.0,9.155874707077717E-7,0.808449812565764,0.19154927184676526
9212.0,1.560794700656237E-4,0.5597539486889758,0.44008997184095855
9383.0,0.5237195854835874,0.4762766330838602,3.7814325523795176E-6
9652.0,0.9952208318859936,0.004775834294288557,3.333819717702606E-6
8427.0,0.9736061878424132,0.026385287957992516,8.52419959441089E-6
8696.0,0.9998684710657577,1.3152890118038423E-4,3.306202189264476E-11
9182.0,0.9339343598970453,0.06606454706974618,1.0930332085820723E-6
8909.0,0.00933118259508043,0.9726104436369932,0.0180583737679262
8181.0,0.05158303599501254,0.945874604768548,0.0025423592364394224
9288.0,5.561542374706134E-6,0.9871330899328667,0.012861348524758577
9563.0,1.1233726194418911E-12,0.9999149920844694,8.500791440726011E-5
8196.0,3.862470645686168E-9,0.997302309483328,0.0026976866542013406
8471.0,0.9779819114352816,0.022017720275861397,3.682888569928857E-7
9009.0,6.66165837617718E-4,0.9930271341324075,0.006306700029974765
8738.0,1.7949796424430068E-4,0.9869591005435875,0.012861401492168132
9712.0,7.790231412479834E-11,0.9999983607412947,1.639180802980978E-6
9443.0,0.012591902752167202,0.9873906454469896,1.7451800843097105E-5
8151.0,0.21036923666258936,0.7231361438144949,0.06649461952291574
8841.0,0.0016393989792809175,0.997479855287235,8.807457334841074E-4
9114.0,0.9999824132870156,1.7586712760280997E-5,2.2417497228880718E-13
8636.0,1.8923397039687225E-5,0.8702509514713495,0.12973012513161078
8367.0,0.004328424160355742,0.9735984571845431,0.022073118655101257
9503.0,0.9923877722608951,0.0076121027179963385,1.2502110843010227E-7
9228.0,0.9991997779993773,8.001381816725529E-4,8.381895012129024E-8
9770.0,0.0036293579027135924,0.025485639223772578,0.9708850028735138
8806.0,4.270486582169506E-6,0.9772915141224179,0.022704215391000024
9077.0,5.970886227538807E-6,0.6869645669235733,0.31302946219019917
8531.0,7.3172388885584645E-6,0.679198766179922,0.32079391658118944
8256.0,3.669253866043354E-6,0.9923898126428609,0.007606518103273195
9262.0,4.13100259810154E-5,0.9999488378655609,9.852108458154858E-6
9533.0,6.208196509579558E-8,0.764467027778575,0.23553291013945987
9736.0,0.001735669318414295,0.9982433976086845,2.093307290106038E-5
9047.0,3.355356109720673E-5,0.33454303500355986,0.665423411435343
8772.0,1.1180825528630016E-6,0.9999635699359908,3.53119814563786E-5
8290.0,0.0023764332295309436,0.997436065572204,1.8750119826511227E-4
8561.0,2.213281058144296E-6,0.024663942327684568,0.9753338443912573
9409.0,1.1219322486835569E-10,0.9999997393876857,2.6050012092576497E-7
9682.0,1.75697541701015E-6,0.3603723338890682,0.6396259091355148
9144.0,0.9441529156067402,0.05584680152575233,2.828675075019375E-7
8875.0,5.1038625031088254E-8,0.953763980054316,0.046235968907059
8134.0,2.054868262347013E-7,0.986803831747384,0.013195962765789769
8333.0,9.00406698813037E-10,0.29494665283369464,0.7050533462658988
8606.0,0.2209882470618178,0.7769681823619059,0.002043570576276229
8394.0,0.21542522565595368,0.7845724517936162,2.322550430044392E-6
8665.0,0.992729859589262,0.007269645240721794,4.951700162128902E-7
9215.0,0.9975123082825273,0.0024876917095661786,7.906466086653803E-12
8940.0,0.34089138346660586,0.6570946505924462,0.0020139659409479497
9350.0,0.9949765157280563,0.005023471672800022,1.2599143521613068E-8
9621.0,0.9788763659510993,0.021122970832213473,6.632166872582676E-7
8229.0,0.12733297204538466,0.872233046855762,4.33981098853296E-4
8502.0,1.6893090804517647E-11,0.47603148703834763,0.5239685129447593
8976.0,4.498368606290539E-4,0.8915133719849045,0.10803679115446636
8082.0,0.028974779949375497,0.9700325593238164,9.92660726808218E-4
8707.0,1.2128459215069644E-10,0.9797025231650939,0.02029747671362163
9807.0,3.2275932345663625E-10,0.9999518746176125,4.812505962813204E-5
9321.0,0.8333353747914647,0.16666438757211346,2.3763642195771857E-7
9594.0,4.415288935645279E-11,0.9974074645122836,0.00259253544356358
8468.0,0.9984450941003589,0.00155486306543914,4.283420195378758E-8
8199.0,3.710161416261311E-17,0.999164361003308,8.356389966920259E-4
8737.0,0.08276042083615313,0.9171952674309685,4.431173287846663E-5
9010.0,7.499060696020703E-12,0.9145239338322578,0.08547606616024303
9560.0,8.530667310795146E-9,0.978656592682445,0.0213433987868876
9291.0,0.017753483858722295,0.7502214867164276,0.23202502942485
8699.0,0.9943232887508745,0.005676676529114242,3.4720011265823195E-8
8424.0,0.9983121809960678,0.001687345125999698,4.7387793261319417E-7
8910.0,0.988728453294443,0.010603487984111775,6.680587214450794E-4
9181.0,3.7173543165216783E-6,0.007933387449158733,0.9920628951965247
9380.0,0.8875437208971454,0.11233689702065114,1.1938208220345085E-4
9078.0,1.5196027751395054E-8,0.3833226358602155,0.6166773489437568
8805.0,0.09926341963199654,0.8983159490724656,0.002420631295537824
8097.0,0.9570095551657934,0.04297599061481001,1.4454219396604607E-5
8259.0,0.056748802274247084,0.9431369880472871,1.1420967846585266E-4
8528.0,0.45627597370926326,0.5437118027074027,1.222358333409801E-5
9231.0,0.9776073526447601,0.022224836932269218,1.6781042297062072E-4
9500.0,5.1622159058542E-6,0.9966606288440019,0.00333420894009223
9769.0,0.6555967108020488,0.3444025037477922,7.854501589487277E-7
8842.0,0.0037777009638822194,0.9941394949599582,0.0020828040761596087
8364.0,1.82729398140965E-11,0.9481502888361888,0.05184971114553837
8639.0,0.008776953419272903,0.9887915663911123,0.00243148018961482
9440.0,4.2497735484359045E-10,0.010449759512418423,0.9895502400626042
9715.0,3.405529993686022E-11,0.05026154842737917,0.9497384515385656
8872.0,4.18790965917996E-6,0.2063451509890278,0.7936506611013131
9147.0,0.9657601166487138,0.034185836770357914,5.404658092834378E-5
8605.0,2.0043580329317807E-7,0.9989903306859493,0.001009468878247375
8334.0,0.8566561680055361,0.1433420777100267,1.7542844372891316E-6
9681.0,1.2882526593337212E-8,0.48699917572929635,0.513000811388177
8775.0,0.33045177927257646,0.6694360814602142,1.1213926720932065E-4
8112.0,0.14241710808808639,0.8436630188585237,0.01391987305339005
8562.0,1.4266515863359803E-4,0.9995422938664253,3.1504097494104835E-4
8289.0,0.5729545742732621,0.4269068059526274,1.3861977411050097E-4
9534.0,0.9718065801381006,0.028193180510980284,2.3935091924281876E-7
9261.0,0.38596718088364224,0.6140017275145752,3.1091601782495184E-5
9739.0,3.0027579235395975E-18,0.12235499623835937,0.8776450037616407
9351.0,0.03738512472045448,0.9617464158602391,8.684594193065448E-4
9620.0,6.885142993726292E-7,0.9045343738028473,0.09546493768285332
8395.0,0.9966644953954387,0.0033354987822560534,5.822305271469005E-9
8664.0,0.007130493004160892,0.9928655013071345,4.005688704609793E-6
9214.0,1.4196778926275184E-10,0.9999598332801735,4.016657785872949E-5
8941.0,0.05920732335004652,0.6737871254502638,0.2670055511996896
8165.0,1.9439668053225753E-5,0.19206755639195142,0.8079130039399953
9806.0,2.2539844206279823E-7,0.9606574855798566,0.03934228902170127
9320.0,0.9538612423963017,0.046138533079185945,2.2452451253720736E-7
9595.0,0.15626427971349596,0.8437328668048633,2.8534816408945627E-6
8228.0,0.019874665768120487,0.9454430025540377,0.034682331677841766
8503.0,1.8903803870863688E-7,0.905661611650119,0.09433819931184219
8977.0,0.9907533284036628,0.009246641990539102,2.9605798042128933E-8
9290.0,0.996840160042277,0.0031582653247699947,1.5746329529441976E-6
8469.0,1.9778355838985194E-10,0.8855458361651029,0.1144541636371136
8198.0,0.006368478201423199,0.9685847853923468,0.02504673640622993
8736.0,5.845499252674765E-4,0.8893868286001495,0.11002862147458302
9011.0,0.9867056024117187,0.013293748675166483,6.489131148017908E-7
9654.0,2.39447991952947E-5,0.9996887260226218,2.8732917818295386E-4
8698.0,6.419420484264189E-9,0.969591779227849,0.030408214352730424
8425.0,0.9971662082985414,0.002833791430259317,2.711993592192111E-10
8180.0,0.8184900451641914,0.1814434638770646,6.649095874387254E-5
8911.0,5.444341042771165E-5,0.9985616657110157,0.0013838908785565565
9180.0,1.2675857475697222E-4,0.964361127758021,0.03551211366722195
9230.0,0.0028456483491340135,0.9959923214538534,0.001162030197012658
9501.0,8.170594915246575E-5,0.9999173151003475,9.789504999921521E-7
9768.0,0.0010685199345781464,0.9969411173909356,0.001990362674486299
9079.0,0.9791674423734013,0.02083200991220558,5.477143931904096E-7
8804.0,0.9937287202265804,0.006271067752505967,2.1202091355472502E-7
8258.0,1.9404480330306747E-10,0.9914843137858236,0.008515686020131596
8529.0,0.13554097997386552,0.6519924611512892,0.21246655887484536
9441.0,0.9946331600690066,0.0053668230383118656,1.689268162916011E-8
9112.0,0.26845388561768163,0.7255403691934452,0.006005745188873095
8150.0,0.25554909459196545,0.7398851886758515,0.004565716732183005
8843.0,2.775790616767708E-4,0.18786549226571517,0.8118569286726082
8365.0,0.6932820555343351,0.306717436398376,5.080672889869609E-7
8638.0,0.8636035790645582,0.1363435140545406,5.290688090130847E-5
9680.0,0.8822403236174733,0.11775729551349663,2.3808690301573097E-6
9411.0,0.7671741667754083,0.23277630037453192,4.95328500598084E-5
8135.0,0.15047573807862247,0.8492795868589329,2.446750624446812E-4
8873.0,0.9780390356503585,0.021960964131930754,2.1771068882629512E-10
9146.0,0.03267333883128934,0.9665064046937093,8.202564750012993E-4
8604.0,5.5367590802062824E-5,0.4891874518611294,0.5107571805480685
8335.0,0.43537993626136506,0.5645999611134472,2.010262518776678E-5
9535.0,0.5012660141588011,0.49873042545495627,3.5603862426160366E-6
9260.0,5.356539060449507E-9,0.012292341746597041,0.9877076528968639
9738.0,0.9901941025748817,0.009805090973764342,8.064513538333681E-7
8774.0,7.432875174057204E-9,0.021446375956453816,0.9785536166106711
9045.0,0.9347178664921724,0.06528074408362115,1.3894242065221775E-6
8563.0,1.9763204573519853E-4,0.9945349145180571,0.0052674534362076916
8288.0,1.3443434886871176E-6,0.26280344953240503,0.7371952061241064
9733.0,0.7376301291583447,0.2623628481280364,7.022713618917899E-6
9251.0,3.2512242210839346E-10,0.9998611432210959,1.388564537817137E-4
9520.0,0.2913318594095806,0.7082304793406037,4.376612498157093E-4
8303.0,0.9999522193416577,4.7780658337399955E-5,5.0168514344643256E-15
8572.0,0.10422334725376706,0.895684997914198,9.165483203503863E-5
9050.0,0.8538366664055183,0.14597157370206,1.9175989242171138E-4
8777.0,2.3578610763308618E-5,0.5953413580230855,0.4046350633661512
8119.0,8.776538215548325E-13,0.04755576415596127,0.9524442358431611
9420.0,6.393586525059964E-4,0.9993411319096377,1.9509437856267722E-5
9695.0,1.4203857087613115E-6,0.46334663707906115,0.5366519425352301
8320.0,0.056694802054113855,0.9433047655341362,4.3241174999487025E-7
8595.0,0.015018656538147926,0.9825879328487336,0.0023934106131184357
9141.0,0.9999855747665255,1.442523294159236E-5,5.329170250495721E-13
8870.0,6.521970412960583E-5,0.7088720034137369,0.2910627768821334
9725.0,2.5586865697307606E-4,0.9980506045184024,0.0016935268246243934
9454.0,1.8595196891683137E-11,0.8705663202085933,0.12943367977281145
8625.0,0.7859136450770806,0.21408412762665827,2.227296261204681E-6
8354.0,0.14425114191320415,0.8539480157653719,0.00180084232142386
8836.0,0.9988317637082337,0.0011682357684949327,5.23271327949546E-10
9111.0,6.407208880226394E-14,0.9999920963897644,7.903610171540781E-6
9767.0,0.3635172629115696,0.6364627391777642,1.999791066614239E-5
9490.0,4.578415370868293E-5,0.9550315539616043,0.044922661884686944
9217.0,2.694633089156703E-6,0.9870286845465364,0.012968620820374446
8542.0,3.9346668498426497E-7,0.4138457732394888,0.5861538332938262
8269.0,0.9960474683185369,0.003952527425603567,4.2558595154157904E-9
8811.0,0.06047577783795159,0.9389033093092167,6.209128528315293E-4
8102.0,0.7067022136750948,0.29313583693652623,1.6194938837902788E-4
9080.0,4.4114795338383674E-4,0.9995557808855979,3.071161018193464E-6
9386.0,1.8080930045217299E-10,0.6241192981596374,0.37588070165955334
9657.0,9.525511619264821E-6,0.9939314592221092,0.006059015266271553
9171.0,0.1521843041787363,0.8477711699670866,4.45258541771466E-5
8896.0,3.3881765511905213E-17,0.011944882709182467,0.9880551172908174
8693.0,2.749228656329625E-4,0.9997068035481931,1.8273586173839336E-5
9285.0,4.5810273342171555E-11,0.008114702481421352,0.9918852974727683
9558.0,0.9970397542710434,0.0029600610591434783,1.846698132047325E-7
9020.0,3.126713999836301E-11,0.00807843592375689,0.991921564044976
8751.0,0.6246871556652144,0.3752776844084091,3.515992637644854E-5
8201.0,0.3089799764589612,0.6910197585404967,2.650005421766431E-7
8474.0,0.14497528167017076,0.8550141652581986,1.0553071630695672E-5
9588.0,7.885154505310211E-13,0.7643875145821328,0.23561248541707855
9319.0,3.7418437422359074E-11,1.2176359342078134E-4,0.9998782363691607
9793.0,0.9837557574769479,0.0162441171895854,1.253334667231527E-7
8085.0,0.1306289867510102,0.6821065323942637,0.18726448085472608
8717.0,0.014888994885611625,0.5963696151902393,0.3887413899241491
8990.0,0.6915747209224665,0.30841767992713787,7.5991503956022664E-6
8504.0,0.8013609912956308,0.19843335373604093,2.0565496832830035E-4
8235.0,7.162770530340911E-4,0.9920172120991976,0.007266510847768371
9627.0,0.0027808298465147093,0.9761853012398032,0.021033868913682075
9352.0,0.817175485935459,0.18280703160887862,1.7482455662501427E-5
8930.0,0.9955001577060146,0.004499316178540839,5.261154444782728E-7
9201.0,6.641347081974709E-20,0.09129073096174432,0.9087092690382557
8663.0,0.020346946436241867,0.9793957230048883,2.5733055886971505E-4
8388.0,6.116776716435466E-6,0.9979145487603306,0.00207933446295304
8302.0,1.5423349669072873E-5,0.9999082507801619,7.632587016906826E-5
8573.0,1.6434380907581714E-12,8.09582070608494E-4,0.9991904179277481
9051.0,0.9992608899470212,7.391100025187638E-4,5.045995824175044E-11
8776.0,0.7175461565847094,0.28245384233379783,1.0814926665026068E-9
9250.0,0.9993106562591569,6.893422830612437E-4,1.457781881873799E-9
9521.0,2.608214389220067E-13,0.054950310198005406,0.9450496898017338
8321.0,0.013781674604888255,0.9858819038396592,3.364215554525317E-4
8594.0,9.924703163323252E-4,0.3299301292016767,0.669077400481991
9140.0,0.011629687050721491,0.9880396603049252,3.30652644353405E-4
8871.0,0.18760253139090208,0.7798030043605634,0.03259446424853451
8128.0,0.7633347133749082,0.2366635819862611,1.70463883065277E-6
9421.0,1.769708193641193E-12,0.9728237647334375,0.027176235264792792
9694.0,0.995908298404617,0.00409169193150889,9.663874053834437E-9
8624.0,8.781260610162303E-11,0.18647283630371217,0.8135271636084752
8355.0,0.9988223574719036,0.0011776425030367587,2.505962649742947E-11
8145.0,0.9989201401021852,0.0010798381968561786,2.170095869208798E-8
8837.0,2.8457731301297406E-14,0.5520618194271425,0.44793818057282897
9110.0,0.8522720984847281,0.14769921357008053,2.868794519128182E-5
9724.0,0.9277232932029594,0.0722761358968202,5.709002204256444E-7
9455.0,0.9999320880285064,6.791195998769823E-5,1.1505830012091587E-11
8543.0,0.0094783960781124,0.9902817311223134,2.398727995741479E-4
8268.0,4.6602449771541095E-5,0.9998513247513656,1.0207279886272706E-4
8810.0,1.8582231609286887E-7,0.998467757182565,0.0015320569951190362
9081.0,0.00909271425996046,0.9874470968504179,0.0034601888896216237
9766.0,0.9564657589012684,0.043500342941075784,3.3898157655750996E-5
9491.0,0.5570212820915627,0.43716195481276504,0.005816763095672347
9216.0,0.7298202810361589,0.270173927905557,5.791058284020928E-6
9170.0,3.022068801064851E-9,0.3483691901289843,0.6516308068489469
8179.0,5.979410280116444E-10,0.002131732279645734,0.9978682671224132
8897.0,2.2180005105590876E-6,0.027009807391789136,0.9729879746077004
8423.0,0.18667312554654913,0.8133185190762976,8.355377153376621E-6
8692.0,4.907670647759355E-4,0.9995053903582687,3.84257695542918E-6
9387.0,0.9978906431666538,0.002109356549964109,2.8338226024493226E-10
9021.0,0.999994483582049,5.516417889407857E-6,6.152194931990794E-14
8750.0,0.9885752658643385,0.011424712994238632,2.1141422848103143E-8
8200.0,8.235333605935872E-6,0.5243363360840524,0.47565542858234167
8475.0,0.0037136332339395696,0.9886127796217324,0.007673587144328062
9559.0,0.8962455630174452,0.10375357205911459,8.649234402136303E-7
8716.0,1.5302565610140946E-14,0.5430517838835281,0.45694821611645653
8991.0,0.999156575041201,8.434079858660807E-4,1.697293284024081E-8
8505.0,1.1446252906203743E-10,7.837445810915331E-4,0.999216255304446
8234.0,0.8196932713239145,0.18029678451412604,9.944161959468548E-6
9589.0,9.25878949482617E-13,1.4383225504879755E-4,0.9998561677440253
9318.0,0.9039292423611109,0.09607075175106741,5.88782155416975E-9
9792.0,3.4066086248865483E-4,0.7444152729309848,0.25524406620652645
8931.0,2.2615561349722006E-13,0.9982685540011551,0.0017314459986189103
8162.0,2.4868201637352505E-7,0.6931067546768831,0.3068929966411006
9200.0,8.407015900534653E-14,0.9999691976336167,3.0802366299169274E-5
8662.0,0.9997984001706465,2.0159982788805423E-4,1.4654479953852573E-12
8389.0,3.29814389396355E-5,0.4431889942041436,0.5567780243569167
9626.0,0.32508842301624474,0.6749056873335278,5.889650227278226E-6
9693.0,1.324979788371966E-4,0.9921704320894191,0.007697069931743663
9422.0,0.9574506333953322,0.04254933153891512,3.50657527360288E-8
8593.0,0.9854387533325835,0.014561191351776713,5.5315639804506366E-8
8322.0,0.9968871575977007,0.0031128423347073966,6.75918656849067E-11
8868.0,0.9994952337692057,5.047662018797112E-4,2.8914692399636323E-11
9143.0,0.017251511718738077,0.8455574409341493,0.13719104734711263
9735.0,0.16052414217346186,0.8394307810890451,4.5076737493010414E-5
9522.0,0.9909512981941506,0.009048685166247836,1.6639601499242838E-8
9249.0,1.7938719247326778E-13,1.906944304887672E-6,0.9999980930555158
8574.0,3.4231262529194236E-6,0.5109812862996563,0.48901529057409077
8301.0,0.9991540662057201,8.459271386512966E-4,6.655628564684996E-9
8118.0,2.7665872526858927E-5,0.999433807894892,5.385262325811678E-4
8779.0,0.7595030432037668,0.24044241385391793,5.454294231533436E-5
9048.0,0.9988901676757898,0.0011098316695531002,6.546571307184829E-10
9765.0,0.005089121675342349,0.9322503771654691,0.06266050115918866
9219.0,0.0444320376259283,0.9525505278359199,0.0030174345381518276
8271.0,0.017298453042026592,0.9826612418982518,4.030505972169433E-5
8540.0,1.494894830888453E-4,0.9638651851232254,0.03598532539368583
9082.0,5.535648448601978E-15,0.9690065842979719,0.030993415702022516
8103.0,0.02475137993583445,0.9728602599837657,0.0023883600803997706
8809.0,0.0030580742460617105,0.9713708444717257,0.02557108128221254
9452.0,0.4588953198675283,0.5410406003669603,6.407976551126857E-5
9727.0,0.08515350247605395,0.9140901952260124,7.563022979336555E-4
8352.0,0.9584514271548064,0.041547318608950286,1.2542362433320133E-6
8627.0,4.750455797439206E-19,0.2699202159914964,0.7300797840085036
9109.0,7.462243294069386E-6,0.9783800570804138,0.02161248067629223
8838.0,0.9747522299815783,0.02524774422605206,2.5792369666039254E-8
9556.0,0.8147003843055329,0.1852814104382483,1.8205256218763744E-5
9287.0,0.9848643055690767,0.015135084313752364,6.101171708793877E-7
8749.0,8.01064018369946E-6,0.8091730053354204,0.19081898402439584
9022.0,0.4126585610683891,0.5873095002400323,3.19386915787147E-5
8472.0,0.004992364525842515,0.9881917686948831,0.006815866779274212
8203.0,5.99910762378823E-6,0.07736690571069961,0.9226270951816766
9659.0,5.0997563134881784E-5,0.9755471364653658,0.02440186597149926
9384.0,7.238438222324754E-5,0.1523095615333073,0.8476180540844694
8898.0,3.407468525971839E-5,0.994418117480182,0.005547807834558104
9169.0,6.379783601441874E-8,0.04126834760980002,0.958731588592364
8695.0,0.22791374559423047,0.7664921854687726,0.005594068936996892
8420.0,0.00864952647865625,0.9908389291421801,5.115443791636792E-4
9354.0,2.1431260784445544E-4,0.998467484951324,0.001318202440831524
8928.0,0.9844402054115203,0.015559418649199267,3.759392804273425E-7
8390.0,0.0025937227664914794,0.9683382267381592,0.029068050495349322
8661.0,0.01505745290480862,0.9849371055206911,5.441574500248913E-6
9317.0,4.056585605843049E-9,0.8952660573464046,0.10473393859700986
9590.0,0.9338209335269514,0.06617573114430086,3.3353287477808588E-6
9795.0,0.6227431859452957,0.377249126091945,7.687962759300106E-6
8988.0,0.6961274637216712,0.3038407173746876,3.1818903641170815E-5
8084.0,0.6151734524817049,0.3837476701567825,0.0010788773615127353
8719.0,0.6980999913681443,0.3018495128370282,5.04957948275123E-5
8233.0,1.3645892315622743E-9,0.9999839728769063,1.6025758504380012E-5
8506.0,0.9453323402235512,0.054667320603674546,3.391727742821044E-7
8592.0,1.8504543631610496E-5,0.999974836906029,6.658550339390996E-6
8323.0,0.2468114385511715,0.7531513825473358,3.717890149264592E-5
8129.0,0.013257768160427539,0.9847758106796161,0.001966421159956445
8869.0,4.843875838519634E-5,0.9867637026292261,0.013187858612388744
9142.0,0.9990582498166889,9.410781856973968E-4,6.719976137637545E-7
9692.0,0.7808752136416086,0.21912473784317016,4.851522118346782E-8
9423.0,6.85813026936059E-4,0.909118040134258,0.09019614683880596
8575.0,0.9999950570742376,4.9429255905635924E-6,1.7183682262942627E-13
8300.0,3.790308371746347E-22,5.298751959706856E-7,0.9999994701248041
