9179.0,0.9999999998264255,1.735630674165152E-10,1.1400246163660366E-14
8904.0,0.9285840312820851,0.07141596871791488,2.018676352007502E-33
8701.0,1.3665761035597243E-15,0.9999999997351954,2.6480320103279687E-10
9378.0,1.3107963803553123E-21,1.0,1.9152182014247122E-17
9012.0,0.8309684344359943,0.1690315655640057,5.060104857785424E-23
8743.0,9.876476819219379E-29,4.304768647659237E-43,1.0
8193.0,0.012298884936804642,0.987701115063054,1.412386075548678E-13
8466.0,1.0573745667899635E-18,0.3382188508051761,0.6617811491948239
9293.0,0.7357166131532611,0.2642833868467389,4.056864170511889E-29
9566.0,0.9708345407893012,0.029165459210698706,3.2606043133979E-20
8081.0,0.9891980656756131,0.004896309386792634,0.005905624937594027
8709.0,3.0317102577989632E-5,0.010530991535046495,0.9894386913623756
8982.0,1.1379216175525616E-38,1.0,6.551459674774473E-24
8496.0,0.9990035932750769,9.96406724922982E-4,1.6304726477374085E-36
8227.0,0.045178776553503774,0.9548212234461575,3.387030271527289E-13
9596.0,0.0053899319323377935,0.994610068067275,3.8703937578580954E-13
9327.0,0.6365100936413867,0.3634899063586134,3.6343995847963923E-26
9801.0,1.3304622872559427E-32,2.9668032982458435E-28,1.0
8938.0,0.024815025661838536,0.975120711011356,6.426332680555926E-5
8671.0,1.67732971734929E-17,0.9999999992703232,7.296768505273031E-10
8396.0,0.9277437645019013,0.07225623549809872,2.091812465270582E-31
9619.0,2.6723992604927165E-26,3.706075674437644E-12,0.9999999999962939
9344.0,0.8586949777159733,0.14130502228402672,6.188337651933764E-38
8295.0,3.18481718895686E-20,2.252284649003653E-13,0.9999999999997748
8564.0,8.99230439083203E-5,0.9999100769305096,2.5582024689890272E-11
9042.0,1.665512176830746E-12,0.9999999999983344,1.591342015740946E-63
8769.0,0.025542250546470597,0.9744577494535295,1.3546227494555265E-27
8115.0,0.9699022016798541,0.030097798320146012,4.608488269076903E-19
9741.0,3.4691658337727896E-23,5.3068271159449267E-8,0.9999999469317288
9259.0,3.0034386342705043E-36,1.0,1.2801417428029792E-21
9528.0,0.004461380554820891,0.9953091479861172,2.2947145906164205E-4
8328.0,0.6738783022257291,0.3261216977740532,2.1769931157777124E-13
8603.0,2.832719293063589E-14,0.9999999999999716,3.148090838953613E-25
9149.0,0.09004564294474006,0.9099543570538862,1.3737186029984804E-12
8878.0,0.86364359223742,0.13635640776258,5.295091582522572E-32
9687.0,0.028708049685216782,0.9705127171962619,7.792331185213283E-4
8633.0,0.7513743834407196,0.24860651458410288,1.9101975177537973E-5
8362.0,9.429780514845113E-48,1.0,5.6506866221904E-25
8844.0,0.7521391597034548,0.24786084029654518,1.0883710555908909E-29
9119.0,1.163601056940645E-8,0.9999999883639842,5.233225625936371E-15
9446.0,0.039953938979447434,0.9600459345118262,1.2650872639286963E-7
8534.0,0.3551250542996667,0.6448749457003334,9.615788064629309E-35
8261.0,7.482764364910304E-51,1.4027231375191887E-8,0.9999999859727686
8098.0,0.9999999999982161,1.7827457255767483E-12,1.0797375470961075E-15
8803.0,0.9735770611744329,0.02642293882556717,3.040143198640345E-22
9072.0,0.9999998282685678,1.7173143229301278E-7,5.755437418979152E-28
9775.0,0.3039734707003007,0.6960265292996993,4.402418895652688E-30
9498.0,0.07551283395785106,0.9244812923057188,5.8737364300453065E-6
9225.0,0.22905414526087262,0.7709458547391274,6.661567558851284E-24
9379.0,2.20714445628599E-13,0.9999999999941336,5.6458007162761635E-12
9648.0,0.8271881121538007,0.17281188784619922,7.53367580109085E-21
9178.0,0.052066323395803346,0.9479336766041967,1.153963262692771E-29
8183.0,5.014381617328381E-74,1.3458942775871543E-10,0.9999999998654105
8905.0,4.0274916182326534E-29,6.402667678471026E-8,0.9999999359733233
8431.0,2.4828396857104636E-21,2.637646757636169E-17,1.0
8700.0,0.6543506903907789,0.3456493096092212,1.832374825727932E-19
9292.0,9.059175114145973E-4,0.9990940824478509,4.0734367746879714E-11
9567.0,0.02015504673156526,0.06275144059733571,0.917093512671099
9013.0,0.1447712258672039,0.8552287741327959,3.4814315595539467E-16
8742.0,3.275457562004295E-5,0.99996724542438,5.8005265731781165E-21
8192.0,0.7456248947464889,0.25437510474453223,5.08978968680632E-10
8467.0,1.2154732780386691E-16,0.9999999999999998,1.1774413923274989E-24
9597.0,0.9999999999138056,3.023850212242883E-19,8.619436658447931E-11
9326.0,1.8785052557447684E-13,0.9999999999998122,2.2055851844672886E-20
9800.0,5.642465681900089E-74,2.4369694550651023E-15,0.9999999999999976
8708.0,0.9800338723189127,0.019966127681087378,8.324416301834638E-17
8983.0,0.33696760181906804,0.6630323928274854,5.353446492087296E-9
8497.0,6.355157141336948E-32,1.0,4.0413381009792255E-33
8226.0,5.934600792636541E-17,1.0,1.1839734183592185E-31
9618.0,0.9999999999743654,2.5634525893774853E-11,8.578041303223666E-23
9345.0,0.019265963905035273,0.9807340360949647,3.862217092395492E-20
8166.0,6.7247976483956404E-12,1.4886924267761749E-36,0.9999999999932752
8939.0,0.9988484012550489,0.0011515987449511455,5.721483998634248E-41
9208.0,0.5572540713323331,0.44274592866766693,2.2893738954290156E-35
8670.0,4.641757149137518E-13,0.9999999999995359,6.824340400994201E-26
8397.0,0.9999999998207454,1.792545664511525E-10,1.231571627572491E-32
9740.0,0.9878034111270704,0.012196588872929614,2.935284894928959E-29
9258.0,0.9999644571741141,3.5542825885819734E-5,2.1277023555296324E-31
9529.0,0.8077733285358241,0.19222667146413802,3.779468880444296E-14
8294.0,0.9999999999296136,7.038640350535321E-11,1.688706299624035E-36
8565.0,3.582645142296729E-30,0.9888779425541331,0.011122057445866902
9043.0,0.14781706980151263,0.8521829301984873,4.3153437783128576E-21
8768.0,0.13979481360825807,0.8602051863917419,1.4055853511024111E-21
9413.0,2.5577698029412255E-5,0.9999744223019706,1.718671390263372E-18
9686.0,0.8749251888531,0.12507481114689997,4.3368189005869765E-38
8329.0,4.070087350874726E-33,1.0,1.1443223353084655E-27
8602.0,0.01197069060466539,0.9880293093949207,4.1369923810347143E-13
9148.0,0.8898898256610903,0.11011017433890967,3.602456594643888E-32
8879.0,1.4221573728814648E-11,1.7473310263281312E-14,0.999999999985761
8132.0,0.8315317321583743,0.16846826784162572,1.1009684249372114E-24
9716.0,3.609792444402964E-19,0.9999999999982392,1.7609101924758486E-12
9447.0,3.045699832941962E-57,1.0,1.138642597711889E-62
8632.0,0.7571133530934565,0.24288664690654355,5.9071360364386845E-25
8363.0,0.9230367670634891,0.07696322664113395,6.295376865330084E-9
8149.0,1.689118097849427E-19,4.134800745772461E-6,0.9999958651992543
8845.0,4.238580244167636E-14,0.9999999999999576,1.3608783826274984E-24
9118.0,0.003753444161717323,1.1047227730395282E-75,0.9962465558382828
9774.0,0.0015713033924135975,0.9984286966075865,4.0446621380313704E-20
9499.0,2.168996308606067E-14,0.9669404474221153,0.03305955257786299
9224.0,0.14864856174296884,0.8513514382570311,1.6385537206353763E-46
8535.0,0.9093390191371395,0.0906609808628605,7.329185238547893E-36
8260.0,1.3325367418651403E-9,5.86442237337874E-7,0.999999412225226
8802.0,0.012106433075216503,0.9878935669247723,1.1134902728939905E-14
9073.0,0.8178233493967874,0.18057250613358913,0.001604144469623527
8741.0,0.35947928560896153,0.6405207143910384,5.944292820096435E-17
9014.0,0.42313205979357293,0.5768679402064272,2.455673674727082E-19
8464.0,0.0030150244994144033,0.9969849755005856,2.822996234226285E-20
8195.0,0.480564920539008,0.5194071624528405,2.7917008151437062E-5
9564.0,1.4374964891275958E-46,0.9999999999988904,1.1096323829127206E-12
9295.0,0.9773641484507635,0.022635851549236398,1.8779925475625977E-29
8906.0,3.0162958128417795E-4,0.9996983704187158,4.700288640136657E-29
9177.0,0.9896958059685158,0.010304194031484323,2.4741367720809745E-32
8703.0,6.0067584708291725E-27,3.2424501551976995E-12,0.9999999999967575
8428.0,8.581322428750372E-13,3.439143527665096E-8,0.9999999656077067
9651.0,0.20067807612285452,0.04414096661446361,0.755180957262682
9376.0,0.12820146751710512,0.8717985324773466,5.5482812998842385E-12
9211.0,0.5686716333967299,0.4313283666032701,7.157722889013549E-19
8936.0,0.7065660474473884,0.2934339525525665,4.511807853951381E-14
8398.0,5.9276976509571744E-34,8.182661406538225E-19,1.0
8669.0,0.5141686890794,0.4858313109206,9.069175468209184E-23
9346.0,2.4566697898656823E-28,0.9998499294672571,1.5007053274280327E-4
9617.0,1.190235573690506E-31,0.9999999999998632,1.3687824277577762E-13
8980.0,0.8602751882376771,0.1397248117623229,9.265624940634141E-34
8080.0,4.202794254311844E-5,0.9999579720563316,1.1252829188937359E-12
8711.0,3.2070840816978725E-18,3.1969197381008247E-50,1.0
8225.0,0.47416204229361003,0.5258379577063899,3.076070506865686E-42
8498.0,0.8117067340189451,0.18829326598105484,5.779756262628852E-37
9325.0,0.035178430672997245,0.964821569326466,5.367234858222481E-13
9598.0,0.7802049144922635,0.21979508550770074,3.5758637714965726E-14
9803.0,3.904544840617603E-24,1.0,3.969736146290525E-24
8601.0,0.946609055549655,0.053390944450345035,5.08599741598399E-25
8330.0,0.07225455820250781,0.9277454417974675,2.4780684927556425E-14
8876.0,0.9461059599615115,0.05389404003848841,3.944104808955482E-35
9151.0,0.9182304598683607,0.08176954013163926,7.283204254376423E-30
9685.0,0.15014596930500496,0.8498269670230367,2.7063671958340487E-5
9414.0,1.3948818720479942E-20,1.0,1.1820220421611922E-24
8566.0,0.003115203841213009,0.996884796158787,4.523172243666045E-18
8293.0,0.878826568193862,0.1211734318061381,5.283431863415274E-37
8771.0,7.012411908941734E-13,0.029436490392954782,0.970563509606344
8114.0,7.961820586384134E-17,1.0,6.031190918672065E-33
9040.0,0.2549106536853653,0.7450893463020347,1.2599984422438363E-11
9743.0,2.139651054666362E-17,0.9999999999999991,8.878531848607166E-16
9530.0,0.6979948427684616,0.30200515723153837,2.711689188233594E-29
8263.0,0.9523340057992606,0.04766599420073939,1.6913883811198584E-28
8532.0,0.14740586562048422,0.8525941343795158,5.947900887426091E-19
9074.0,0.9999999990337434,9.662566788454892E-10,1.7824261615694055E-21
8801.0,0.04732403066797246,0.9526759693320277,6.1041013797616E-36
8099.0,0.4649007654044837,0.5350980067135066,1.2278820097613585E-6
9773.0,0.6752115498561093,0.3247884501438907,2.2691867576461687E-31
9227.0,2.766938514633224E-13,0.9997425455409182,2.574544588052858E-4
9496.0,0.05272872398641758,0.5104918821123635,0.4367793939012189
8360.0,0.007231107861895794,0.9927688921381042,4.9141618774100314E-26
8635.0,0.3071996599398227,0.6928003400601773,5.5926789082714955E-27
9117.0,0.07125156259543393,0.9287484374045264,3.9566354298969046E-14
8846.0,0.002378593635886686,0.9976214054975004,8.666128290583036E-10
9444.0,9.360650166675092E-33,0.999999999737238,2.627621288796735E-10
9719.0,0.215008252649432,0.7849917473505681,8.720123972075439E-47
9565.0,0.9262425718819898,0.07375742811799822,1.1883150575061112E-14
9294.0,0.9373502177907462,0.06264978220925388,2.11464940680926E-18
8740.0,1.6885393958017813E-64,3.382786717981511E-24,1.0
8465.0,1.925249990365718E-21,1.0,1.0488553225598262E-33
8194.0,0.6173624685590486,0.38263753144095136,2.0321194107088494E-18
9650.0,0.18477877884224,0.8152212211209735,3.678651049394401E-11
9377.0,6.655385599534035E-22,0.9999978812222542,2.1187777457252245E-6
8182.0,0.0125714857942353,0.9874285142057646,3.0841696254713896E-18
8907.0,3.293838109784183E-5,0.9999670616189021,1.1216947201570385E-24
9176.0,0.5000294486759774,0.49997055132402246,4.1562539252105776E-24
8702.0,0.30011835129134184,0.6998816487086581,2.0749338721268562E-31
8429.0,1.1993766208035205E-25,1.0,3.88934101055284E-38
9347.0,0.2025604519317806,0.7974395480682194,1.4403297485417914E-20
9616.0,5.336732557052004E-32,1.0,1.8347437416517943E-23
9210.0,1.828335763819218E-30,1.0,2.314230426595803E-26
8937.0,0.0177688438345275,0.9822311561654153,5.721534742397268E-14
8167.0,1.0698052224698559E-8,5.215452260842451E-10,0.9999999887804026
8399.0,0.43779242525665646,0.5622075747433436,6.894499095242344E-25
8668.0,8.043116193438911E-14,0.9999999999999196,3.946652316376204E-37
9324.0,0.8296938692278706,0.1703061307721294,5.678144179281265E-21
9599.0,0.01103505657293435,0.8343360244848198,0.15462891894224567
8981.0,1.247489141442457E-32,1.0185857220832448E-24,1.0
8710.0,1.373951242892575E-8,0.009405198543046467,0.9905947877174412
8224.0,3.351416121354117E-11,0.9999999999664859,1.704558647170998E-24
8499.0,0.017027039593909814,0.9829728765741388,8.38319515340494E-8
9684.0,1.0,9.082638876245011E-20,1.66364200318673E-41
9415.0,1.4040841954767668E-12,0.999999999998596,1.3508109637134814E-19
8600.0,3.6295886154635355E-4,0.9996370283541488,1.2784304869915736E-8
8331.0,0.3946983240122978,0.6053016759877022,7.310079467567549E-35
8877.0,1.0,2.337567954012902E-54,5.601483604722726E-33
8133.0,0.987776513989878,0.012223486010121928,1.3124533419988257E-32
9150.0,0.627432598422949,0.3725674015770492,1.8874485126596877E-15
9742.0,0.9185735092053221,0.0814264907946779,1.321733883519555E-40
9531.0,0.6973282151442135,0.3026717848557865,1.1200045501415687E-18
9256.0,7.474770982675525E-18,5.716936514481791E-23,1.0
8567.0,0.2509646790617524,0.7490353209382475,1.9079511324051593E-21
8292.0,7.307680411016482E-19,1.0,1.0395130230638258E-19
8770.0,0.9447926126372979,0.05520738736270222,3.3013751819561416E-20
9041.0,0.6280122053422699,0.37198779465773013,1.4536223648355056E-27
9772.0,0.7709060374835314,0.22909396251646855,9.888142114491054E-32
9226.0,0.004345141688154703,0.9956548583118451,2.4824010388448284E-16
9497.0,1.935425111632952E-40,0.999999999999978,2.192562482147617E-14
8262.0,3.4177284786474653E-19,0.9999999804149572,1.958504285532878E-8
8533.0,0.05962538199917628,0.9403746180008237,1.836925640324718E-23
9075.0,0.5145342477538367,0.4854657522461633,8.581530127846391E-52
8800.0,0.9691281292450852,0.030871870754914866,1.095042792634125E-24
9445.0,0.0014556124894019036,0.9985443875105982,1.8531894030265226E-18
9718.0,0.017178040290766982,0.9827258170422895,9.614266694351008E-5
8361.0,9.296101011883117E-36,2.639316443082283E-56,1.0
8634.0,0.6450261632714474,0.35497383672855265,1.636923575924616E-33
9116.0,0.43535565838472695,0.564644341615273,1.1633572439127553E-26
8847.0,0.999998145323515,1.7278166034917894E-9,1.8529486682028068E-6
8148.0,0.5281549774680222,0.4718450225319779,3.808206120482028E-21
8500.0,3.904806135592838E-10,2.7634802328886453E-7,0.9999997232614961
8231.0,0.9714764674517095,0.02852353254829062,1.3441220198320046E-24
8705.0,0.7910322093498444,0.20896779065015555,1.8054615672461E-48
8083.0,0.947630750216638,0.052369249783347824,1.4229766788719324E-14
8978.0,0.14752378224507603,0.8524762177410825,1.384147924475338E-11
9805.0,9.394519672729325E-49,1.7665092656403487E-8,0.9999999823349074
9592.0,0.9764925660150058,0.023507433984994122,6.428627822420639E-19
9323.0,0.3287219749348027,0.6712780250651835,1.3668937874678693E-14
8667.0,0.6243692376960909,0.3756307623039089,2.0560344695012966E-16
8392.0,0.6589713633608715,0.34102863663912847,1.4066577578004261E-18
8942.0,0.001589945010823501,0.9849151421811982,0.013494912807978252
9213.0,0.9999999673628923,3.263576660478199E-8,1.3412067125088001E-12
9623.0,0.9396999767001599,0.0603000232998401,6.014457810621908E-26
9348.0,0.9555823895809464,0.04441761041905352,6.197881219651528E-24
8426.0,0.01422191085176635,0.9857780891482336,5.49805380731315E-31
8697.0,6.86777657340674E-32,1.0,1.2743584210555285E-17
9183.0,0.2704940271575643,0.7295059728424244,1.1402352679047543E-14
8908.0,0.9816824529690437,0.018317547030956217,1.6292946175140464E-40
9653.0,0.18841276362647003,0.8115871498692154,8.650431448419489E-8
8197.0,6.601470542322292E-45,3.271643357526898E-22,1.0
8470.0,3.304984057543158E-53,7.995570870876053E-10,0.9999999992004429
9008.0,1.3621875021286538E-23,0.9999963868368716,3.6131631282606838E-6
8739.0,0.9915733895156479,0.008426610484352098,3.1429321859923753E-40
9289.0,7.386435816167222E-4,0.9992613564182833,1.0003620236183925E-13
9562.0,0.9169702776165835,0.08302972238341663,1.7330881591707055E-19
8840.0,0.005251898976800118,0.9947481010231998,1.5744030185789058E-19
9115.0,6.462652571790043E-17,3.942969461715824E-9,0.9999999960570305
8637.0,1.3277986969099087E-45,1.6422240087710685E-5,0.9999835777599123
8366.0,0.8927878783415277,0.10721212165847221,8.37555869561518E-38
9442.0,0.4762231560238149,0.5237768439761852,2.7516494037026856E-23
8807.0,0.8359626000583328,0.16403739994166722,2.851163968762438E-43
8096.0,1.7655643617345586E-11,0.07421573460489289,0.9257842653774514
9076.0,1.90193739552961E-5,0.9990986130097166,8.823676163281777E-4
8530.0,0.006077797578466277,0.9939222023795126,4.202115179674218E-11
8257.0,1.0,5.448536504704182E-67,1.5494499423404802E-20
9502.0,2.795842882602099E-13,0.9999999999997204,6.695919411916518E-22
9229.0,0.009926398368909016,0.9900736016310909,6.182474797753441E-25
9771.0,0.8078454463409597,0.1921545536590404,7.201871474801038E-37
9046.0,6.020967016546836E-47,0.9999999999967839,3.216194916829622E-12
8773.0,0.222579014437654,0.7774209855335462,2.879969701937418E-11
8113.0,0.9244856305171516,0.07551436948284845,4.315878018455458E-22
8291.0,0.012752498292579215,0.9872475017074208,2.2663360393871673E-21
8560.0,0.3022956137561319,0.6977043862438681,1.8909367213553973E-26
9263.0,0.12980745145196687,0.8701925462863691,2.2616640330040865E-9
9532.0,0.1508197070057108,0.8491802928314744,1.6281483168781718E-10
9737.0,0.9999960651476774,3.934615312174788E-6,2.3701059380841624E-10
9145.0,0.9392641529989726,0.06073584700102744,1.8836654541302846E-40
8874.0,0.12902221384005433,0.8709777861599457,7.295612217993102E-21
8332.0,0.911156540785327,0.08884345921321785,1.4550575965272764E-12
8607.0,2.9003481413228814E-13,0.9999999954688514,4.5308585067626645E-9
9408.0,0.9387561115788842,0.06124388842111573,6.253280509751794E-34
9683.0,0.8860633199069704,0.11393668009302955,8.568425886542011E-35
9593.0,0.9777501702710037,0.022249829728996254,1.0802387410434058E-59
9322.0,0.07411265843954673,0.9258873415604532,2.2080243971135915E-18
8501.0,0.9724363502741472,0.02756364972585285,3.6860559220193163E-31
8230.0,0.7666090144229812,0.23339098557701876,4.489133446512968E-23
8704.0,0.4739209937306802,0.5260790062693198,4.324347539346525E-26
8979.0,0.01163205923671017,0.9883663460016686,1.5947616212596442E-6
9622.0,0.30456159446415,0.69543840553585,1.1898942067904987E-22
9349.0,4.539706418906845E-12,0.9999999999954603,4.9404659273559775E-36
8666.0,2.2936005306387997E-35,1.0,1.7300873623013077E-25
8393.0,0.3838924209544762,0.6161075790192012,2.6322638420647795E-11
8164.0,0.028841772219402335,0.971158147583416,8.019718163286238E-8
8943.0,0.0018715661464846366,0.018387511543407647,0.9797409223101077
9212.0,6.742736003210501E-21,1.0,4.039599340898721E-18
9383.0,0.5741832541665454,0.42581674583345464,7.468069158677112E-22
9652.0,0.9671834580023861,0.03281654199761396,8.355269509639515E-28
8427.0,0.8565691056944856,0.1434308943055143,2.5233514669173465E-22
8696.0,0.954205579818336,0.04579442018166402,3.0847953211356028E-25
9182.0,0.9792170126860932,0.020782987313906914,1.106127158571507E-26
8909.0,0.09556971634018531,0.9044302836598146,4.676990358972057E-20
8181.0,0.46894354597105986,4.6817821532394E-9,0.5310564493471579
9288.0,1.3925070557776083E-26,1.0,1.447000309008699E-17
9563.0,0.963324379605225,0.036675620393061735,1.71310415021408E-12
8196.0,4.0178999376585006E-72,1.0,2.917288599269821E-28
8471.0,0.7938391853940403,0.20616081460595823,1.4561070917970128E-15
9009.0,2.2618558012043934E-19,0.9999999999999925,7.556584747686174E-15
8738.0,3.6455055277676354E-4,0.9994978251939917,1.3762425323165923E-4
9712.0,0.10637290883860732,0.8936270911613927,3.91191054903875E-21
9443.0,0.6490936218695935,0.3509063781304065,2.3119433395646196E-19
8151.0,0.7684759811751974,0.23152401882447207,3.3039000836104436E-13
8841.0,0.9086862950893528,0.09131370491064712,1.0420754829681412E-32
9114.0,0.9822644822052136,0.01773551779478631,3.5546857143946047E-42
8636.0,3.171429413888032E-4,0.9348719804224723,0.064810876636139
8367.0,7.989532713812104E-25,0.9999945902068382,5.409793161833659E-6
9503.0,0.9617722306036158,0.03822776939638416,6.696320743891663E-25
9228.0,0.9999999999914897,1.7632371152683165E-16,8.510035041674656E-12
9770.0,0.0010332727189826028,0.9989667272810174,1.4590544709873368E-28
8806.0,4.583012292133286E-5,4.911151952542942E-5,0.9999050583575533
9077.0,0.03710620583755586,0.9628715516034762,2.2242558968060286E-5
8531.0,3.6904109260733705E-15,0.9999998088981853,1.9110181099594876E-7
8256.0,0.19913248919810406,0.8008675108018958,1.094169945767787E-16
9262.0,0.02521182729650436,0.9747881727034956,1.5088428170315364E-20
9533.0,1.4707681583820139E-21,1.0,2.4918642008490008E-23
9736.0,0.8481970545909887,0.15180294540901132,6.793789082401573E-27
9047.0,0.019772920168902666,0.3408379048844942,0.639389174946603
8772.0,0.16668853866107694,0.8333114613389231,9.238387653892421E-26
8290.0,2.822594583625723E-4,0.9997177405416374,1.4541450575779554E-20
8561.0,0.04675951276537735,0.9532404854403741,1.794248662262858E-9
9409.0,0.017079737178103894,0.982920262821896,1.3544701378135518E-31
9682.0,1.5104491867336509E-22,0.9999999999999998,1.222096347782838E-16
9144.0,0.8702620463017688,0.12973795369823096,2.4986907038306965E-16
8875.0,0.061861879737186806,0.9381381202628127,4.5746876337505465E-16
8134.0,0.0487902859552908,0.951209714036562,8.147255970871822E-12
8333.0,6.073094956426039E-19,1.735795260017669E-4,0.9998264204739982
8606.0,0.9534222731295543,0.04657772687044358,2.0845611029963528E-15
8394.0,1.5270662906740437E-13,0.9999999999998472,4.525806286257465E-30
8665.0,0.9752416406906963,0.02475835930930358,5.723614323718261E-29
9215.0,0.7167872802920217,0.2832127197079784,5.250057598812539E-49
8940.0,2.2023568283747065E-30,4.326572013579623E-39,1.0
9350.0,0.8625726124802334,0.13742738751976663,2.6818806606819235E-37
9621.0,0.9431693152752517,0.056830684724748254,3.739930186800886E-32
8229.0,0.7891073932015708,0.2108926067984293,7.290212400638755E-30
8502.0,5.9066037975824625E-33,0.9999999999988742,1.1257609175346816E-12
8976.0,0.2958314223784076,0.7041685642915828,1.3330009560655056E-8
8082.0,0.9999999999999931,6.857717823651635E-15,1.421806542634445E-21
8707.0,6.6227455752465575E-15,1.7092305272767486E-13,0.9999999999998224
9807.0,0.022671389982399086,0.9773286100176009,3.7123494075693785E-28
9321.0,0.8495334102066119,0.15046658979338817,6.761179332543262E-24
9594.0,0.011255948053733823,0.9887440519462661,2.264371794691039E-19
8468.0,0.9753210395262527,0.02467896047374716,5.772088339787139E-28
8199.0,2.3845423392882345E-11,8.389682233870014E-8,0.9999999160793321
8737.0,0.26086838665055123,0.7391316133494488,6.429553977140629E-31
9010.0,7.401768278870091E-35,7.980731801307188E-9,0.9999999920192683
9560.0,0.025722897220083883,0.9742771027799124,3.5837430693137285E-15
9291.0,0.7955465945691228,0.20445340543086984,7.470095043104062E-15
8699.0,0.9563254344631573,0.043674565536842715,7.927391480289824E-31
8424.0,0.9465198953409568,0.05348010465904318,5.804641708639981E-28
8910.0,0.9402048546739185,0.059795145326081524,2.1365485168003707E-23
9181.0,3.4848958019724565E-35,0.9999995229827099,4.770172900929303E-7
9380.0,0.735059206450016,0.26494079354998396,1.684288386060277E-22
9078.0,4.542153036049658E-27,1.5888737115532032E-4,0.9998411126288447
8805.0,0.6554252618720124,0.3445747381279876,9.210222629576275E-29
8097.0,1.6228326800566088E-12,0.9999999999983771,1.0749262389749965E-26
8259.0,2.4403365066933695E-13,0.999999999999756,3.586716965915069E-24
8528.0,0.6736339819271425,0.3263660180728575,1.3065368072495086E-21
9231.0,0.4478834171715938,0.5521165828284063,7.222266876051564E-23
9500.0,5.4878228455096165E-12,0.9999999999788209,1.569126562255638E-11
9769.0,0.03658792441158672,0.9634120654053964,1.0183016853503787E-8
8842.0,0.928443355550149,0.07155664444985106,2.2399995842243985E-27
8364.0,9.323022622963615E-30,1.0,2.8326874867998157E-62
8639.0,4.2917168238911385E-14,4.254649376876216E-15,0.9999999999999529
9440.0,0.9999998651114099,1.309794988994776E-7,3.909091097486408E-9
9715.0,1.639747007736727E-14,0.9999938011472359,6.198852747745115E-6
8872.0,0.009346127515530796,0.9906538720620939,4.2237513601387743E-10
9147.0,0.6584792532877531,0.3415207467122469,2.052859369635105E-21
8605.0,5.3151737812851075E-22,1.0,5.657891517852642E-27
8334.0,0.5957766058862634,0.40422339411373664,7.180265156164764E-30
9681.0,1.2058768572021676E-5,6.774912789886522E-4,0.9993104499524392
8775.0,0.7524246842036696,0.24757531579633038,2.6206253983862363E-28
8112.0,0.21099855839958132,0.7890009920125605,4.495878581968618E-7
8562.0,0.26046911432253766,0.7395308856773772,8.512050662766631E-14
8289.0,0.3255048791606154,0.6744951156805913,5.158793410640533E-9
9534.0,0.8511190805858632,0.14888091941413692,5.506828968040952E-18
9261.0,0.9374409686056605,0.0625590313943395,4.373628202154175E-20
9739.0,8.851802256787943E-24,0.9999999998615816,1.3841841694028858E-10
9351.0,6.971779519387563E-21,1.0,6.459188125838304E-20
9620.0,1.1517254023858646E-10,1.5009335393544375E-5,0.9999849905494339
8395.0,0.9695235664991942,0.03047643350080575,6.475258771680729E-26
8664.0,0.04791815603778175,0.9520818439622183,3.768828922705985E-61
9214.0,0.03531821923632766,0.9646817807636723,1.5964456507853045E-17
8941.0,0.4211295155623594,0.5788693787693556,1.1056682849026313E-6
8165.0,2.1487483578681183E-18,0.9999905409127717,9.45908722826882E-6
9806.0,0.004318221615823672,0.9882804531077605,0.007401325276415868
9320.0,0.6421850833400113,0.35781491665998855,8.061828111310516E-17
9595.0,0.27426919601653726,0.7257308039834628,1.4899667300438398E-19
8228.0,2.8968574844601357E-44,1.6908066024003402E-13,0.999999999999831
8503.0,1.633865771895599E-25,1.0,4.1183071968580133E-29
8977.0,0.9609347324388615,0.03906526756113852,6.084664822479904E-26
9290.0,0.9693908706262361,0.03060912937376393,1.4389533577762792E-19
8469.0,1.1441381708807613E-33,2.5077940494304683E-19,1.0
8198.0,0.024923072440505217,0.9750769275152581,4.4236720240652884E-11
8736.0,2.3690711888545143E-27,1.0,2.0675842185597864E-27
9011.0,0.9921384334536137,0.007861566546386202,3.8473641743359246E-17
9654.0,0.006548335730731285,0.9934407559308861,1.0908338382687743E-5
8698.0,1.7473454017674829E-19,0.9987197891223387,0.001280210877661336
8425.0,0.8794696462852217,0.12053035371477826,9.36864641526464E-30
8180.0,3.462825517129817E-21,1.0,1.8976839974219107E-28
8911.0,0.09015228412697883,0.9098477157512509,1.2177017285711031E-10
9180.0,0.3653719893003827,0.6346275525642554,4.581353618989191E-7
9230.0,0.2179087267453032,0.7820912732546966,8.809727099766665E-17
9501.0,0.4644605301055551,0.535539469894445,7.382337721444779E-27
9768.0,0.023805542913305604,0.9761944570866944,7.374995761043359E-25
9079.0,0.8441743633742422,0.15582563662575782,8.190438295251022E-27
8804.0,0.9101649105384405,0.08983508946155956,7.200228643268226E-33
8258.0,5.690406236299868E-4,0.9994309593763702,7.583093383379145E-21
8529.0,0.6431554346417419,0.3568445604673625,4.8908956753188905E-9
9441.0,0.9832740020319998,0.01672599796800018,9.633680225005594E-28
9112.0,0.212212950457955,0.7877870495420449,1.006149717629808E-22
8150.0,0.06415106330953199,6.53348825271066E-17,0.9358489366904679
8843.0,6.39846855070094E-16,5.862518480256101E-11,0.9999999999413742
8365.0,0.9006449564776217,0.0993548781532343,1.6536914398378834E-7
8638.0,0.8360429430027754,0.16394609981081262,1.0957186412095633E-5
9680.0,0.9999999999982658,1.7341625176760782E-12,1.6600904648257982E-18
9411.0,0.9964026850491577,0.003597314950605018,2.3718345092300657E-13
8135.0,7.252097759766662E-8,0.9999988149710327,1.1125079895594433E-6
8873.0,0.8872670479129876,0.11273295208701228,1.2792420497117619E-49
9146.0,0.16353697540059126,0.8364630245994079,7.244381482272615E-16
8604.0,9.265444899211715E-24,4.266916819036017E-55,1.0
8335.0,6.747732552306689E-13,0.999999999999325,2.0796267763103023E-16
9535.0,0.8732290668864248,0.1267709331135752,8.839515293628242E-36
9260.0,2.3937066897361464E-24,1.0,1.0305394758359694E-29
9738.0,0.9063438065124744,0.09365619348752569,6.497596965063324E-24
8774.0,2.2604948613402334E-4,0.999773950513866,1.1074815047344459E-26
9045.0,0.7337535016927881,0.2662464983072119,1.0824397688791654E-22
8563.0,7.273866302708856E-4,0.9992726130192718,3.5045714871588204E-10
8288.0,0.005001976758924604,0.9949980232410754,4.2818688325321695E-34
9733.0,0.6354451258182963,0.3645548741817038,1.0361231594839224E-22
9251.0,8.674027453338086E-16,0.15215581427705227,0.8478441857229468
9520.0,0.8729495331173718,0.1270504668826281,7.545817724207445E-36
8303.0,0.9218369507277249,0.07816304927227512,3.8515949708575966E-41
8572.0,0.26977372051844783,0.7302262794815522,7.20934607257105E-19
9050.0,1.8620906693886318E-7,0.999999813790933,1.2727032541973737E-25
8777.0,0.9990433761558587,9.566238441411933E-4,9.267988622853633E-29
8119.0,2.426051619712154E-60,1.2265294004604093E-36,1.0
9420.0,0.6899990174751006,0.31000098252489944,1.2916330291596024E-17
9695.0,4.537687413000733E-4,0.9995462312587,6.032394613052549E-39
8320.0,0.9056485081837874,0.09435149181621119,1.427302344215819E-15
8595.0,4.960718101569989E-13,0.999999999999502,1.9326140280298196E-15
9141.0,0.9913872396543537,0.008612760345646148,1.4793940729599581E-37
8870.0,2.8077161365438687E-19,0.9967935679306975,0.00320643206930251
9725.0,0.38686499736926244,0.6131350026307376,4.072427490885065E-19
9454.0,1.1846484430714231E-15,0.9982018279266963,0.0017981720733026435
8625.0,0.8550554787528399,0.14494452124716004,1.6522420306392754E-20
8354.0,0.004573059652605029,0.995426940347395,6.328865906784435E-26
8836.0,0.9991931842650509,8.068157349491783E-4,2.266348988814823E-44
9111.0,5.417337146984718E-14,0.9999999999999458,9.221590516903552E-22
9767.0,4.872466565468868E-7,0.9999995078536255,4.899718024119775E-9
9490.0,0.8676917237023752,0.13230827629762482,1.6330804871577585E-23
9217.0,1.0580858902824764E-27,1.0,5.641494822316614E-30
8542.0,1.8427040808645103E-17,0.03918347824226666,0.9608165217577332
8269.0,0.9858958925068695,0.014104107491923484,1.20701214358765E-12
8811.0,0.509114904750369,0.49088509524952945,1.0149225706515579E-13
8102.0,0.9377148063438361,0.0622851936561638,4.938522661115057E-19
9080.0,0.0032654252572131568,0.9967345747427868,9.298764800067041E-27
9386.0,2.3911768122716933E-30,1.0,2.5204501950094424E-45
9657.0,1.2395751988382075E-14,0.9999999999999876,5.94606858308053E-21
9171.0,0.07146067959049925,0.9285393204095008,8.085967666537043E-18
8896.0,2.7070640003604E-14,2.0327735349290326E-23,0.9999999999999729
8693.0,2.7982480222414724E-12,0.9999999999972018,1.5290074025877926E-18
9285.0,8.492408610506514E-65,5.8473461773685495E-52,1.0
9558.0,0.9539412036152571,0.046058796384742924,7.186386233763118E-29
9020.0,2.1388542993912534E-15,0.9999999999635947,3.6403025060226064E-11
8751.0,0.9243419078401349,0.07565809215986506,2.41494203816361E-34
8201.0,0.7650611620105945,0.23493881436020794,2.362919767823096E-8
8474.0,0.542357072471872,0.45764292752812796,1.6237130210010294E-45
9588.0,8.278415333392822E-4,0.9991721584666607,3.1567065451369273E-24
9319.0,3.8376065590567754E-48,8.294320628345007E-14,0.999999999999917
9793.0,0.4899180030243929,0.5100819969755598,4.7299005597934983E-14
8085.0,9.722246467809086E-18,1.1145107354182903E-11,0.9999999999888549
8717.0,0.999999999411612,1.5544846908270756E-13,5.882325060260489E-10
8990.0,2.2089605233972273E-18,1.0,8.97177806373709E-41
8504.0,0.5473428966984771,0.45265710330152287,1.3188869455669928E-18
8235.0,7.793123471913668E-4,0.9992206876527749,3.3797100283738055E-14
9627.0,5.913316107025881E-4,0.9994083433368315,3.2505246592907646E-7
9352.0,0.9999999991153963,8.844562687007332E-10,1.475332704572077E-13
8930.0,0.9769170516321385,0.023082948367861428,1.1920732452899188E-28
9201.0,1.2191648814893244E-66,3.996202836095446E-38,1.0
8663.0,0.6377743092900069,0.36222569070999305,2.5931883008766785E-23
8388.0,0.17813343193515405,0.8218665680646966,1.493111730086163E-13
8302.0,4.7621596343179044E-21,1.4370088354847896E-19,1.0
8573.0,3.6168229559711187E-44,0.5582076299790981,0.4417923700209018
9051.0,0.9142731505590223,0.08572684944097764,1.0554912371147461E-39
8776.0,0.9619658065680298,0.03803419343189507,7.527558285096359E-14
9250.0,0.9300643639600409,0.06993563603995909,1.796769179969569E-31
9521.0,1.5706390771658775E-27,0.9999999997025693,2.9743078590811264E-10
8321.0,0.5207789207304118,0.4792210591210711,2.01485172307471E-8
8594.0,2.318062314683091E-15,0.996490795960055,0.003509204039942882
9140.0,4.903629918070967E-8,0.9999999509636899,1.0966119186859486E-14
8871.0,0.03919066141821462,0.9608093385817855,1.3224611120256747E-39
8128.0,0.9333328346468514,0.0666671653531487,9.478866858385438E-18
9421.0,2.525102999669682E-4,0.9997474897000331,5.227618671176492E-17
9694.0,0.854975704081466,0.145024295918534,6.22800631980881E-35
8624.0,8.186447467955516E-7,0.046683368477300986,0.9533158128779523
8355.0,0.9375616428802639,0.06243835711973607,1.6181735796480756E-26
8145.0,0.8333734090699695,0.16662659093003043,2.9852878581776727E-20
8837.0,5.343849748646202E-4,0.9994656150251328,2.6724472441314677E-15
9110.0,5.1197040345839554E-11,0.9999999999488027,1.7077008476075061E-16
9724.0,0.9087850160540316,0.09121498394596815,2.0554211879601711E-16
9455.0,8.935146837184338E-20,1.0,3.899584981780301E-58
8543.0,2.723595898019837E-19,0.9999999999922673,7.732661497930848E-12
8268.0,0.23243261734495455,0.7675673826394248,1.562059241405204E-11
8810.0,2.406731524802495E-22,0.999999999703125,2.9687500581541406E-10
9081.0,5.079481533736425E-4,0.011717777695648435,0.9877742741509778
9766.0,0.3555832587525513,0.6444167412474466,1.9912470089306524E-15
9491.0,0.5085447575893922,0.49145524241060773,6.733492259891083E-31
9216.0,1.897964840120276E-25,1.0,1.864332777183298E-31
9170.0,1.9252711220264576E-4,0.9975609770315815,0.0022464958562158593
8179.0,5.207806466123723E-38,6.167396128525944E-19,1.0
8897.0,1.397378461529624E-42,0.9996660836789059,3.339163210941875E-4
8423.0,0.6724056100428959,0.32759438995710416,1.8583362116079297E-19
8692.0,3.6746230050522166E-11,0.9999999999632538,5.950390511393791E-21
9387.0,0.9072952611364479,0.09270473886355213,6.453302394107961E-31
9021.0,0.9973931568045283,0.0026068431954717358,5.497581204831096E-43
8750.0,1.5026994244509191E-16,0.9999999999999998,5.653223494162366E-18
8200.0,1.3985475142895149E-14,0.9999997565637331,2.434362529294161E-7
8475.0,6.167083778330248E-12,0.9999999999938329,4.41525746781368E-17
9559.0,0.8943914518026378,0.10560854819736218,4.215610520882675E-25
8716.0,1.7141277675255393E-30,1.0,1.1631525336435003E-32
8991.0,0.9650956480547952,0.03490435194520493,2.6730552179178487E-19
8505.0,7.77047058387485E-54,7.055999343658466E-112,1.0
8234.0,0.9442120219671433,0.05578797803285668,1.3363509781633146E-36
9589.0,1.4239192585099454E-32,2.200025750177662E-14,0.999999999999978
9318.0,0.6232069259460323,0.37679307405396767,2.55610422223125E-37
9792.0,0.9711586842034914,0.028773510800541743,6.780499596695057E-5
8931.0,0.0017775362027639507,0.998222463797236,1.1929819674793585E-19
8162.0,1.0116865668685494E-31,0.9989417590519512,0.0010582409480487552
9200.0,0.07250793715061817,0.9274920628493819,2.1077869887287073E-27
8662.0,0.8593723745398816,0.14062762546011842,6.619429742076932E-32
8389.0,6.691059877024302E-4,0.9993308940122977,7.867405444394359E-26
9626.0,0.37663747464403385,0.6233625253559661,1.5635993175116661E-21
9693.0,0.11078404852198012,0.8884754669613227,7.404845166970541E-4
9422.0,0.4665503757188903,0.5334496242811098,1.3466113590161663E-31
8593.0,0.05421420002363794,0.945785799976362,1.5642772195580922E-22
8322.0,4.314070523766801E-12,0.9999999999956555,3.044839338119822E-14
8868.0,0.9911200884532942,0.0088799115467057,2.28222824495929E-58
9143.0,0.0012401589039637239,0.9987530489826694,6.792113367014951E-6
9735.0,0.8044879015676367,0.19551209843236325,7.860566627520658E-23
9522.0,0.795717912479093,0.204282087520907,8.564616099172735E-27
9249.0,1.8508765753239867E-29,4.931180081205661E-32,1.0
8574.0,1.3357938559698783E-18,0.9999999999712519,2.8748210971985337E-11
8301.0,0.9841056672623144,0.015894332737685507,5.261510274590544E-28
8118.0,0.09622376015721595,0.9037682063483747,8.033494409231692E-6
8779.0,0.8940337923200408,0.10596361134998648,2.5963299726899866E-6
9048.0,0.9914035185996528,0.00859648140034727,9.017897473556009E-30
9765.0,3.783353091071595E-8,0.9999999621664691,2.0773689678253567E-24
9219.0,0.9999999924174326,7.582563230023565E-9,4.293267867056973E-15
8271.0,0.28188122002074945,0.7181187799773777,1.8727246734800088E-12
8540.0,2.1911508869510444E-32,3.064351084009306E-22,1.0
9082.0,0.09712143184702297,0.4248207379164149,0.478057830236562
8103.0,0.8374661790510252,0.16253382094897237,2.4302749039607486E-15
8809.0,0.15765726449013967,0.8423427355088273,1.0329353522775166E-12
9452.0,0.4202068890732563,0.5797931109267437,1.5331949923126248E-34
9727.0,0.9994505463029943,1.0273499484291278E-8,5.494434235062398E-4
8352.0,3.970126058269447E-4,0.9996029873941731,8.684785099401345E-30
8627.0,1.278847004162548E-13,0.9999587926503422,4.1207349530044834E-5
9109.0,4.649074199853176E-16,0.9999999991459354,8.540641348402985E-10
8838.0,0.9507847143189168,0.04921528568108338,1.993154428199022E-34
9556.0,0.9466121053573775,0.05338789464262241,1.4240807305413294E-26
9287.0,0.9693670707652285,0.030632929234771438,2.5878574949070654E-32
8749.0,8.24126551298041E-35,2.9197456078731203E-10,0.9999999997080253
9022.0,1.385103376897246E-8,0.9999999861489663,6.753395005835641E-18
8472.0,0.1665921780453144,0.8334078219546855,2.5411981689028858E-21
8203.0,8.96919257085565E-19,1.0,6.32359620674846E-29
9659.0,4.7190240930066244E-24,1.0,8.204124061648755E-25
9384.0,0.18975126400239278,0.8102487359976072,4.2155173486587254E-21
8898.0,0.11216898135203295,0.887831018647967,1.5281076164719798E-18
9169.0,1.0054516344262257E-26,1.8222932423643425E-10,0.9999999998177707
8695.0,1.318807902824515E-10,0.9999999998681193,2.419743598970751E-35
8420.0,0.9998094215781506,1.9050588555592692E-4,7.253629336012699E-8
9354.0,3.461885187349379E-9,0.9999999965347959,3.3188983900822456E-12
8928.0,0.8722421387716431,0.12775786122835653,3.707288708656805E-16
8390.0,0.06965137847733191,0.9303330020975737,1.561942509439003E-5
8661.0,0.00795017864484987,0.9920498213550806,6.957079905647474E-14
9317.0,0.005653984644972282,0.9943460153550276,1.0167263262728042E-16
9590.0,0.9999999999992095,7.903796666432966E-13,9.247446181062598E-18
9795.0,1.165051423394482E-10,0.9999999998833724,1.2244340297704476E-13
8988.0,0.29948438358640267,0.7005156164135955,1.761452356376992E-15
8084.0,0.676778945285567,0.32322105471443296,1.3325741580412668E-23
8719.0,0.7783869010266171,0.2216130989733829,3.1160620743917334E-22
8233.0,0.27193502296240374,0.7280649770375962,7.476071875887947E-17
8506.0,0.8405014331495478,0.15949856685045216,1.5290068917861723E-19
8592.0,6.046164346101111E-13,0.9999999999993954,2.157534342985841E-25
8323.0,0.06386637537919311,0.9361336235093105,1.1114961721831745E-9
8129.0,0.45125649808281837,0.5487435019171816,2.6354356085316615E-21
8869.0,9.271448242298473E-12,0.9999999999893732,1.3553854636756078E-12
9142.0,1.0,4.551505582016305E-22,1.1080643581492797E-42
9692.0,6.210378668843061E-35,1.0,2.728659160744829E-35
9423.0,1.7091886845809948E-10,0.9999999974079412,2.4211399799187304E-9
8575.0,0.9243451960444938,0.07565480395550624,7.622561593049771E-20
8300.0,1.1179414320345572E-15,6.065030627608395E-9,0.9999999939349682
8778.0,2.4360487263303432E-36,1.0,2.3686277996374015E-17
9523.0,0.008303539248262508,0.9916964607495692,2.168264898770373E-12
9248.0,0.9540552315345583,0.04594476846544167,4.4183939777410124E-18
8270.0,0.7061918710000299,0.29380812899997005,1.232089003900966E-22
