9179.0,0.6161253661250321,0.38387446116339946,1.7271156835468442E-7
8904.0,0.36580500299738977,0.5531849805353668,0.08101001646724396
8701.0,0.6612309702692463,0.33876885654876165,1.7318199206814363E-7
9378.0,0.3616924481342125,0.6383073820260634,1.6983972438803325E-7
9012.0,0.4073678913441775,0.5926318906154584,2.180403643321479E-7
8743.0,0.2743635992258935,0.6978523359960724,0.02778406477803411
8193.0,0.6887190209107662,0.3112808143727884,1.6471644535974675E-7
8466.0,0.2940810944012017,0.616915783487397,0.08900312211140106
9293.0,0.542055901540956,0.4579439416490678,1.5680997568858302E-7
9566.0,0.8265429019238086,0.17345692432851453,1.737476767700955E-7
8081.0,0.3034964174958462,0.5949528757032452,0.10155070680090834
8709.0,0.44754384015575277,0.5246392203341268,0.02781693951012047
8982.0,0.11935851561926254,0.6153589106093263,0.26528257377141173
8496.0,0.5902295096577419,0.3814315408984865,0.028338949443770998
8227.0,0.023152011277992098,0.9768478956497021,9.307230582051226E-8
9596.0,0.02280861764533087,0.9051782302706718,0.07201315208399729
9327.0,0.6458471113928381,0.35415276209010554,1.2651705610673834E-7
9801.0,0.05766961485845388,0.7934222350713526,0.1489081500701939
8938.0,0.23653633654335043,0.6803139900972466,0.08314967335940296
8671.0,0.2466168695242729,0.6721932545050785,0.08118987597064815
8396.0,0.6721682793531081,0.3278315430851811,1.7756171084815094E-7
9619.0,0.22997398051670653,0.7108566006244691,0.059169418858824596
9344.0,0.6407319536057847,0.35926788958078065,1.5681343467640605E-7
8295.0,0.6170549545804502,0.3299745835224112,0.052970461897138714
8564.0,0.18313643117604975,0.6711485188896168,0.14571504993433376
9042.0,0.44139438477176945,0.5017779316014679,0.056827683626763055
8769.0,0.232525701787976,0.6790327258901111,0.08844157232191314
8115.0,0.6944605075103577,0.30553931971968024,1.7276996229738437E-7
9741.0,0.029038030937632228,0.9133147784318516,0.057647190630516
9259.0,0.05501162496563569,0.805567908744351,0.13942046629001323
9528.0,0.11890708598007593,0.730631074968513,0.15046183905141097
8328.0,0.39277453657812667,0.549856467701656,0.057368995720217544
8603.0,0.21644759956856569,0.7300245593815894,0.05352784104984507
9149.0,0.023733519731513116,0.9315688549779447,0.04469762529054195
8878.0,0.6164684467073007,0.38353133151144425,2.217812548398383E-7
9687.0,0.2613610307004245,0.5908200815367589,0.14781888776281665
8633.0,0.5925814501593447,0.3500672023898086,0.05735134745084677
8362.0,0.11885423893056694,0.758790828985162,0.1223549320842714
8844.0,0.6723947513475973,0.3276050950612854,1.5359111752497182E-7
9119.0,0.6468783264711375,0.35312152098770594,1.5254115670639755E-7
9446.0,0.6445568900946715,0.32582811731395694,0.029614992591371746
8534.0,0.5988043094145801,0.4011955486156962,1.4196972373181055E-7
8261.0,0.2747922841007593,0.6969165858573185,0.02829113004192231
8098.0,0.44434410242142425,0.5275712612172975,0.02808463636127773
8803.0,0.5497507688073008,0.42250961809725274,0.027739613095446772
9072.0,0.48871263887111627,0.5112871700142584,1.9111462550990525E-7
9775.0,0.6197813955934333,0.3503692892237278,0.029849315182838863
9498.0,0.48267909724277314,0.4655456581062711,0.0517752446509554
9225.0,0.5634956717069305,0.4365041597386089,1.6855446068772618E-7
9379.0,0.414659389647285,0.5539500423849795,0.03139056796773546
9648.0,0.38273583848988246,0.5355372266464647,0.08172693486365196
9178.0,0.5543995973831846,0.445600242415256,1.6020155918481087E-7
8183.0,0.13739721758451826,0.6646671847690389,0.19793559764644297
8905.0,0.258121757539897,0.5665953204902409,0.1752829219698619
8431.0,0.3770909071087395,0.5628594014548502,0.060049691436410216
8700.0,0.44384536257545987,0.4980411240568611,0.05811351336767915
9292.0,0.4185285704417024,0.5814712625408097,1.6701748744984028E-7
9567.0,0.023617381129571194,0.9527926212199864,0.023589997650442403
9013.0,0.6247653901191409,0.3502702436291525,0.024964366251706636
8742.0,0.2651776464554361,0.7348221784028216,1.7514174225973446E-7
8192.0,0.49949018120282385,0.5005096219633522,1.9683382438130578E-7
8467.0,0.7029348745982696,0.2970649909213021,1.3448042836698477E-7
9597.0,0.5351180411053489,0.378373795410141,0.08650816348451033
9326.0,0.7803826872766713,0.2196171102178058,2.025055230368881E-7
9800.0,0.028219456005609843,0.65401823995889,0.3177623040355003
8708.0,0.5735386889481459,0.342056887435032,0.08440442361682224
8983.0,0.5359082665866578,0.4640915630477541,1.703655875050303E-7
8497.0,0.23457174795807417,0.679165382943551,0.08626286909837472
8226.0,0.1744493913319298,0.7101815390026014,0.11536906966546892
9618.0,0.7395091253603426,0.2604906912210723,1.8341858511512397E-7
9345.0,0.10512937248764688,0.8455249025612391,0.049345724951113994
8166.0,0.17916594622349463,0.7919998606250535,0.02883419315145189
8939.0,0.9750156129908274,0.0249841831847833,2.038243892821571E-7
9208.0,0.5052602952317327,0.49473952852362746,1.7624463982401807E-7
8670.0,0.2355678793242887,0.7644319325993874,1.8807632375532792E-7
8397.0,0.2709485508936593,0.7290513036311232,1.4547521677164197E-7
9740.0,0.8921825649275628,0.10781726909626843,1.6597616870574235E-7
9258.0,0.5868262564227554,0.41317356487140194,1.7870584228857988E-7
9529.0,0.4769847522055338,0.5230150916406929,1.5615377341885997E-7
8294.0,0.7662119342305034,0.2337879253174168,1.404520794999612E-7
8565.0,0.16993843757656624,0.5843129457378539,0.24574861668558018
9043.0,0.4130064384234778,0.5869933932450608,1.6833146140901154E-7
8768.0,0.4469475748618758,0.5530522611574089,1.639807152968625E-7
9413.0,0.058688512496604194,0.8842057561536744,0.05710573134972138
9686.0,0.7316680025974767,0.26833181049967575,1.8690284744203104E-7
8329.0,0.13110762711422988,0.8372961019410676,0.031596270944702534
8602.0,0.31407167089280036,0.6570307015678777,0.028897627539321853
9148.0,0.8550799583057579,0.1449199021569006,1.3953734198566872E-7
8879.0,0.1486052763227104,0.4974334827847833,0.35396124089250625
8132.0,0.5628514867109498,0.4086000061705092,0.028548507118541212
9716.0,1.4417942423779218E-7,0.9698912405933358,0.03010861522723993
9447.0,0.2340583039667874,0.6743657073175658,0.09157598871564655
8632.0,0.4646324354008999,0.5353673703236335,1.9427546675188108E-7
8363.0,0.5002784779452059,0.49972132585155665,1.9620323792923497E-7
8149.0,0.5548469907325121,0.4451528112346501,1.9803283792157463E-7
8845.0,0.6536526047678066,0.3463471926566669,2.025755266492886E-7
9118.0,0.08569748571039447,0.8249436259022439,0.08935888838736171
9774.0,0.2557265193294111,0.6524184881676773,0.0918549925029118
9499.0,0.2592877897838375,0.6499068246810561,0.09080538553510667
9224.0,0.6569572481200482,0.3430426086727039,1.4320724795960504E-7
8535.0,0.354003507740545,0.6459962686068588,2.236525966806803E-7
8260.0,0.3784454628576969,0.5922614424941204,0.029293094648182715
8802.0,0.05923020520423945,0.861002677002457,0.0797671177933032
9073.0,0.3770742708936992,0.6229255666694805,1.6243682018850453E-7
8741.0,0.3581989520167627,0.6127307847070564,0.029070263276180664
9014.0,0.2284319342276844,0.7129196269574032,0.05864843881491213
8464.0,0.11486316508412647,0.7999923723223165,0.08514446259355687
8195.0,0.5039593376946151,0.4412649600323624,0.05477570227302278
9564.0,0.05715434558171656,0.5332361526830818,0.40960950173520216
9295.0,0.9453298146334602,0.05467001504613767,1.7032040211177903E-7
8906.0,0.47349905239303197,0.5265007528297666,1.947772011355273E-7
9177.0,0.42168569501189057,0.5210184890456534,0.05729581594245605
8703.0,0.025588549738674183,0.86963333405849,0.10477811620283607
8428.0,0.14562345975465033,0.6447535494791063,0.20962299076624372
9651.0,0.4682617417053403,0.47618387341951635,0.05555438487514315
9376.0,0.5273736065669901,0.4191117163315117,0.0535146771014984
9211.0,0.6027683570691452,0.3972314928068001,1.5012405513541086E-7
8936.0,0.5044177356054983,0.3601685348210909,0.135413729573411
8398.0,0.19991774126716402,0.7396119792527918,0.06047027948004437
8669.0,0.6286474659680057,0.37135236146165623,1.7257033765034488E-7
9346.0,0.2651166962340591,0.6778166823316634,0.05706662143427735
9617.0,0.1754008061701435,0.5308138080691149,0.2937853857607413
8980.0,0.5360323039054591,0.4352443351295167,0.028723360965023852
8080.0,0.1377926930410127,0.86220712810383,1.788551574863234E-7
8711.0,0.40735843273404476,0.5633419828724453,0.029299584393510016
8225.0,0.636664992313548,0.33744189296859367,0.025893114717858504
8498.0,0.5266144342291093,0.47338540359589265,1.6217499820444842E-7
9325.0,0.3027048430064211,0.6694865166615344,0.0278086403320443
9598.0,0.564926278763722,0.4061110980384286,0.028962623197849077
9803.0,0.29187236554023427,0.6791781460472552,0.02894948841251047
8601.0,0.5804914597170013,0.4195083341704627,2.0611253659576856E-7
8330.0,0.053488894573900034,0.9205442251817351,0.025966880244364773
8876.0,0.5331238036360105,0.436845530623255,0.030030665740734108
9151.0,0.8034966199983095,0.19650325201461166,1.2798707860752793E-7
9685.0,0.20759843034715675,0.7074960000892317,0.0849055695636113
9414.0,0.36002790085248454,0.6117249274581531,0.028247171689362232
8566.0,0.20504363418382573,0.6480758601197479,0.1468805056964261
8293.0,0.6012559770300473,0.39874384878079766,1.7418915525903332E-7
8771.0,0.11590707047007086,0.7096303243981695,0.17446260513175957
8114.0,0.3381296422548259,0.6347945568192552,0.02707580092591904
9040.0,0.2672941719636737,0.7327056253780494,2.0265827681261443E-7
9743.0,0.2932480089138437,0.5924361408753489,0.11431585021080756
9530.0,0.4732843703103685,0.49789414735301224,0.02882148233661889
8263.0,0.7168654116194363,0.28313441437674086,1.7400382317335815E-7
8532.0,0.3498029202184886,0.6501969143576052,1.6542390617640175E-7
9074.0,0.8911605828435107,0.10883919731022855,2.1984626072024526E-7
8801.0,0.35461302807912964,0.6169577872047357,0.028429184716134356
8099.0,0.2683268971968708,0.5028374105828858,0.22883569222024364
9773.0,0.6366161973162419,0.36338362903149296,1.736522654428652E-7
9227.0,0.295631468770347,0.6739870671491993,0.03038146408045309
9496.0,0.20655316163663073,0.7061770007373365,0.08726983762603259
8360.0,0.23257892374844255,0.625625858140592,0.14179521811096568
8635.0,0.613523435601561,0.38647639706932474,1.6732911398225272E-7
9117.0,0.6089277139954414,0.39107210461770864,1.8138684958579376E-7
8846.0,0.25732280704835364,0.7114668540319256,0.031210338919720765
9444.0,0.3231678153369317,0.5871404750338153,0.08969170962925323
9719.0,0.47164703755453413,0.4988581815926294,0.029494780852836522
9565.0,0.6431851520160922,0.35681468656236726,1.614215405672097E-7
9294.0,0.5421179116080501,0.45788191739352774,1.7099842179997008E-7
8740.0,0.2045550115654567,0.5359135964731818,0.2595313919613615
8465.0,0.057622765506732,0.7664773645430056,0.17589986995026238
8194.0,0.3939714108404283,0.5248193635190546,0.0812092256405167
9650.0,0.5596378411531661,0.41014861698780053,0.03021354185903273
9377.0,0.38657984670191536,0.6134199829687291,1.7032935509905537E-7
8182.0,0.5061249134712899,0.4356452645005346,0.05822982202817548
8907.0,0.2064364317200034,0.7035217538168711,0.09004181446312536
9176.0,0.5704153382675361,0.314892732826872,0.1146919289055921
8702.0,0.5277389628800571,0.472260848402039,1.8871790368516024E-7
8429.0,0.3885401770595222,0.5832762440320256,0.02818357890845232
9347.0,0.32985051482454797,0.5582351515014898,0.11191433367396275
9616.0,0.3802624506871927,0.5893534301808089,0.03038411913199871
9210.0,0.15723225416675207,0.7874848485137003,0.0552828973195475
8937.0,8.300925948416104E-8,0.949622745156327,0.05037717183441345
8167.0,0.6545129904789265,0.2899029812229878,0.05558402829808568
8399.0,0.2650347733601178,0.7349650663335487,1.6030633349178926E-7
8668.0,0.4809145543953994,0.48886272997125124,0.03022271563334968
9324.0,0.5932253334629818,0.4067744801497656,1.863872522564922E-7
9599.0,0.4414886459830913,0.5298195015385898,0.02869185247831888
8981.0,0.31946852812571896,0.6142545963020498,0.06627687557223144
8710.0,0.5790436390097593,0.4209561570817855,2.0390845568520872E-7
8224.0,0.26276506202596417,0.7084668127419949,0.02876812523204099
8499.0,0.35530168881034796,0.6446981389288589,1.7226079341221282E-7
9684.0,0.5580125942600209,0.4419872230381545,1.8270182432927838E-7
9415.0,0.4131831117013093,0.5578671316333467,0.028949756665343593
8600.0,0.3249809828917904,0.5090833977970088,0.16593561931120143
8331.0,0.530688670537854,0.4693111587600432,1.7070210287405903E-7
8877.0,0.6826435984839944,0.31735618199718946,2.1951881579570565E-7
8133.0,0.7089559499959686,0.29104383265372524,2.1735030569976274E-7
9150.0,0.596912398710773,0.37529759588481587,0.02779000540441136
9742.0,0.5559245871938705,0.4440752808535766,1.3195255325261501E-7
9531.0,0.4707607732467354,0.4723734483909373,0.0568657783623276
9256.0,0.34962514490086394,0.5905531159301926,0.05982173916894363
8567.0,0.2473735436478558,0.6169576936683061,0.13566876268383812
8292.0,0.3574201809139919,0.6425796337177757,1.8536823238522115E-7
8770.0,0.7086372664575256,0.23478584264979832,0.05657689089267665
9041.0,0.6592985554526163,0.34070129209009753,1.5245728640512877E-7
9772.0,0.5878825501105859,0.41211733747378726,1.1241562722502165E-7
9226.0,0.05705191751206818,0.8281502826981687,0.11479779978976312
9497.0,0.6764989084612897,0.3235008783384333,2.132002771288709E-7
8262.0,0.1454712538004722,0.7072077655289818,0.14732098067054641
8533.0,0.24811911006189002,0.7518807266216431,1.6331646684693369E-7
9075.0,0.5140902538318013,0.4859095853486859,1.608195128713589E-7
8800.0,0.7606227914299625,0.2393770519554949,1.566145428837452E-7
9445.0,0.05728952233997409,0.9140334196170259,0.028677058043000078
9718.0,0.4624110025414043,0.5375888563488624,1.4110973336244702E-7
8361.0,0.1726245552642809,0.7383342484866984,0.08904119624902097
8634.0,0.546993668920812,0.3680124339153868,0.08499389716380056
9116.0,0.4427411586792224,0.5572586604695507,1.8085122696015958E-7
8847.0,0.5946523505145356,0.40534748654292013,1.629425441589611E-7
8148.0,0.4190780791863151,0.5520896066934112,0.028832314120273546
8500.0,1.334239269277211E-7,0.9749243728356836,0.025075493740389265
8231.0,0.7423608634706023,0.25763900807560913,1.2845378868225141E-7
8705.0,0.5889995301395202,0.38156541126729454,0.029435058593184918
8083.0,0.7227210534266137,0.27727881203763677,1.3453574861931885E-7
8978.0,0.2958667610594611,0.6126736008478165,0.09145963809272235
9805.0,0.1952360125533981,0.6658237942854983,0.138940193161104
9592.0,0.43491484306411304,0.5650849752433815,1.8169250577133977E-7
9323.0,0.4486016924681626,0.5513981269434386,1.8058839931414638E-7
8667.0,0.5271608342031923,0.4728390022685166,1.6352829077207328E-7
8392.0,0.5412636115439147,0.4587361928971938,1.9555889185519878E-7
8942.0,0.05884109386963344,0.9139278133644583,0.02723109276590854
9213.0,0.4443834217425211,0.526998681931868,0.02861789632561087
9623.0,0.7075838855230997,0.2924159434365677,1.7104033240913877E-7
9348.0,0.7250294152734235,0.2749704136446428,1.7108193388266743E-7
8426.0,0.30067111203524677,0.6723474694789507,0.026981418485802225
8697.0,0.35346178258794886,0.5893680156991433,0.05717020171290818
9183.0,0.3133463570320984,0.6866534764451219,1.6652277963656708E-7
8908.0,0.7611542716070223,0.23884554749958328,1.8089339424804934E-7
9653.0,0.23891031550796593,0.64216120080264,0.11892848368939411
8197.0,0.1150737209000857,0.5285424935243064,0.35638378557560857
8470.0,0.17326617619530435,0.6871615915004838,0.1395722323042119
9008.0,0.42242604081957463,0.5500612980106153,0.027512661169810045
8739.0,0.8910202507193583,0.10897953443911926,2.1484152215311142E-7
9289.0,0.5296248521220158,0.4703749887564284,1.591215556964166E-7
9562.0,0.4192220098563483,0.49357096997573724,0.08720702016791414
8840.0,0.3381705695134793,0.6618292574614489,1.730250713451316E-7
9115.0,0.08902484577685908,0.735808354790299,0.17516679943284194
8637.0,0.23722752380167758,0.6214106338680452,0.14136184233027757
8366.0,0.05977702044873809,0.8537043017843522,0.08651867776691007
9442.0,0.5145251635159058,0.485474672436059,1.6404803560038702E-7
8807.0,0.32438396712867085,0.6756158202854907,2.1258583810641644E-7
8096.0,0.2464680494774388,0.7039051209624441,0.049626829560117394
9076.0,0.319965462436161,0.6166869897046858,0.06334754785915317
8530.0,0.02515496445860436,0.9142842264478735,0.06056080909352215
8257.0,0.17347195061854356,0.5616673757031614,0.2648606736782951
9502.0,0.3186483375399339,0.6813514728580842,1.8960198188301746E-7
9229.0,0.36687144153653817,0.6331283997720821,1.586913798818849E-7
9771.0,0.47719311982135804,0.5228066756210912,2.0455755091088966E-7
9046.0,0.06247707201312693,0.7329457262964589,0.2045772016904139
8773.0,0.41084622871513576,0.5313983034644861,0.05775546782037788
8113.0,0.7452051016288505,0.2547946862234201,2.121477294634274E-7
8291.0,0.16863208090219292,0.7111871033215343,0.12018081577627261
8560.0,0.6178763379299647,0.38212347283169573,1.892383397848227E-7
9263.0,0.41269500152914573,0.5316263900528894,0.055678608417964744
9532.0,0.4097472337996069,0.5123596069774676,0.0778931592229257
9737.0,1.6867977353883506E-7,0.9426105499450241,0.05738928137520229
9145.0,0.3933222811315618,0.5786140318005913,0.02806368706784639
8874.0,0.4728461705004505,0.38090143633845813,0.1462523931610911
8332.0,0.7143276185777616,0.28567220620654243,1.7521569625122363E-7
8607.0,0.2651776010836195,0.6773272952296503,0.057495103686729505
9408.0,0.7350503548283494,0.2649494557703146,1.8940133615806158E-7
9683.0,0.6528983351397608,0.3471014849383661,1.7992187267175962E-7
9593.0,0.42013301378316475,0.4986256731847554,0.08124131303207935
9322.0,0.31910430234141063,0.5874842274211386,0.09341147023745047
8501.0,0.7706110824522533,0.22938873276321767,1.8478452886043894E-7
8230.0,0.7275449761719198,0.2724548639946143,1.5983346587597812E-7
8704.0,0.5328463316795732,0.46715349420803126,1.741123949896193E-7
8979.0,0.27159401326697985,0.46510035576316167,0.263305630969859
9622.0,0.833797053499532,0.16620279034829916,1.5615216894130174E-7
9349.0,0.3859605991625751,0.6140391876862379,2.131511869569196E-7
8666.0,0.2540027069675826,0.6641109833817959,0.08188630965062169
8393.0,0.3860707740558681,0.585243193813881,0.02868603213025092
8164.0,0.3810975369363615,0.5044682106048789,0.11443425245875953
8943.0,0.22449873658496994,0.7484514985576525,0.02704976485737735
9212.0,0.4121944824796474,0.5287388719673534,0.05906664555299943
9383.0,0.5814241337334061,0.41857573541199083,1.3085460286495082E-7
9652.0,0.7143486350395633,0.28565117351664554,1.9144379054751747E-7
8427.0,0.5008893651888641,0.49911044768732415,1.8712381202265613E-7
8696.0,0.7407686416959313,0.25923118495841485,1.7334565406921608E-7
9182.0,0.8398821877532464,0.1601176508772007,1.6136955292104953E-7
8909.0,0.61095494960276,0.35589826420106363,0.03314678619617645
8181.0,0.669483705851418,0.3305161373774126,1.567711693810362E-7
9288.0,0.1772805693854557,0.7040955558123518,0.11862387480219266
9563.0,1.1996177630180761E-7,0.9999997600764474,1.1996177630180761E-7
8196.0,0.10909815427290437,0.8622909064034612,0.028610939323634527
8471.0,0.6227737339023233,0.37722610519672195,1.609009551845111E-7
9009.0,0.2636277398336154,0.6797264095371127,0.056645850629271424
8738.0,0.6057340473059887,0.3671912637716425,0.02707468892236892
9712.0,0.02541569246717251,0.9745841918890571,1.1564377043888195E-7
9443.0,0.23658849169279764,0.6197288526839356,0.14368265562326674
8151.0,0.25945797741847787,0.5574240951638021,0.18311792741772015
8841.0,0.38501232421888754,0.5849629147200343,0.030024761061078827
9114.0,0.7168422015869957,0.2831576310050428,1.6740796137378344E-7
8636.0,0.15676078450938385,0.7897572791435459,0.053481936347070436
8367.0,0.204338552443364,0.7386433848660453,0.05701806269059054
9503.0,0.6187704432187687,0.38122935754821896,1.9923301207815977E-7
9228.0,0.7596833782103926,0.2403164275244842,1.9426512303758618E-7
9770.0,0.17527331687613004,0.6748367970377016,0.149889886086168
8806.0,0.3588329365255494,0.61169206018295,0.029475003291500126
9077.0,0.20102291565952862,0.7110970366938052,0.08788004764666595
8531.0,0.3895319150947204,0.5509910216881138,0.059477063217165685
8256.0,0.28977032021061117,0.7102294886924742,1.9109691439985793E-7
9262.0,0.37850741530655824,0.5924694385914029,0.02902314610203823
9533.0,0.05656066510784598,0.8278537544294243,0.11558558046272972
9736.0,0.5616191458080503,0.43838065353744204,2.006545081555383E-7
9047.0,0.28629726737148187,0.5969872432124607,0.11671548941605757
8772.0,0.28683357694766715,0.6841480453647406,0.029018377687592595
8290.0,0.3868573313768004,0.6131424952808274,1.7334237216619754E-7
8561.0,0.20042652867779037,0.6254750268153316,0.17409844450687803
9409.0,0.02768258607839322,0.8927863407040038,0.07953107321760301
9682.0,0.17410950598929065,0.6767447569206511,0.14914573709005843
9144.0,0.46651744530628236,0.5334823730199626,1.8167375488652387E-7
8875.0,0.4112226678316348,0.44596695412055015,0.14281037804781524
8134.0,0.10102398091892106,0.8723068098628246,0.026669209218254518
8333.0,0.288495852828983,0.5919765813770231,0.11952756579399317
8606.0,0.2812171530808564,0.690313419734147,0.028469427184996732
8394.0,0.5544666941305019,0.44553306843083124,2.3743866716993066E-7
8665.0,0.711010632949699,0.28898917327614015,1.9377416091237767E-7
9215.0,0.6177902300346136,0.3822096107209383,1.5924444817778055E-7
8940.0,0.4716857725716209,0.47118064375453655,0.057133583673842615
9350.0,0.7471120026959247,0.252887859613322,1.3769075320002624E-7
9621.0,0.708283006456534,0.2917168129401366,1.80603329300737E-7
8229.0,0.4224356736884991,0.5044528582292875,0.07311146808221301
8502.0,0.0909444091894048,0.7380010812589295,0.1710545095516659
8976.0,0.4170967900374129,0.5556477489495134,0.02725546101307366
8082.0,0.3409911033822565,0.6054410349141627,0.053567861703580306
8707.0,0.03027510743654312,0.8845900162485567,0.08513487631490005
9807.0,0.028335946581684004,0.9716639394299176,1.1398839844176407E-7
9321.0,0.47049781310630173,0.5295020026635775,1.842301205268749E-7
9594.0,1.0801624287253417E-7,0.9748530896084371,0.025146802375319986
8468.0,0.6418289985853427,0.3581708651722527,1.3624240413120632E-7
8199.0,0.026982846213508365,0.9730170034357557,1.5035073577660752E-7
8737.0,0.26516987325105557,0.6757832798966072,0.059046846852336875
9010.0,0.057856875949552355,0.913221151202057,0.028921972848390702
9560.0,0.23956534310711708,0.703883306286626,0.05655135060625668
9291.0,0.4421841819406797,0.4409517284650893,0.11686408959423146
8699.0,0.6747325525058899,0.3252672666187544,1.8087535556922832E-7
8424.0,0.6359695855419116,0.36403024781571924,1.6664236897975105E-7
8910.0,0.5622362126042826,0.3851474639989674,0.0526163233967499
9181.0,0.29328445639067563,0.5878302359551071,0.11888530765421722
9380.0,0.5326834404524297,0.4673163875560268,1.7199154368748607E-7
9078.0,0.1753148111626481,0.6456095582425772,0.17907563059477483
8805.0,0.4707871314569324,0.5292126927575245,1.7578554292196814E-7
8097.0,0.7655269940990669,0.23447281498198033,1.9091895248437227E-7
8259.0,0.43823064702221853,0.5617691647569013,1.8822087992530487E-7
8528.0,0.5227870762275634,0.47721275795548296,1.6581695414867837E-7
9231.0,0.4432285967198944,0.5279633266936601,0.02880807658644557
9500.0,0.29949580189426456,0.6134808799428263,0.08702331816290819
9769.0,0.6197156903360134,0.3802841151327392,1.9453124744276438E-7
8842.0,0.5481935040175602,0.39924899775091127,0.05255749823152821
8364.0,0.08896192372735984,0.5627923166567255,0.3482457596159152
8639.0,0.39856717714976114,0.6014326389168451,1.8393339361102295E-7
9440.0,0.1462615767405936,0.7095457605164399,0.14419266274296644
9715.0,0.20410058612685877,0.738141200333464,0.05775821353967732
8872.0,0.20063859670730386,0.7233544796679088,0.07600692362478714
9147.0,0.5383741510208364,0.46162567091787987,1.780612837290837E-7
8605.0,0.14549276432927077,0.854507089818726,1.458520034678597E-7
8334.0,0.5895987455700412,0.38189208899200805,0.02850916543795065
9681.0,0.14558360244718752,0.651828460687647,0.20258793686516519
8775.0,0.36842451450069885,0.631575281196602,2.0430269837067717E-7
8112.0,0.6216436345512315,0.37835618495920975,1.8048955828802795E-7
8562.0,0.40791632578908926,0.5626913005358335,0.02939237367507716
8289.0,0.5521107541434888,0.4478890747317293,1.7112478208989364E-7
9534.0,0.4116382881774702,0.5883615049433198,2.0687920979386202E-7
9261.0,0.42149128354489845,0.5214828298290283,0.05702588662607312
9739.0,0.08986201106008371,0.6763852994745112,0.23375268946540542
9351.0,0.5010529341404936,0.4703036014143872,0.02864346444511973
9620.0,0.1766179730347789,0.707133348150028,0.11624867881519291
8395.0,0.7382899814317857,0.23460261100568758,0.02710740756252614
8664.0,0.5223562363529395,0.4776435648561378,1.9879092202397331E-7
9214.0,0.02783704411706273,0.9721628183997574,1.374831799602189E-7
8941.0,0.5287695524090744,0.3847689367790648,0.08646151081186072
8165.0,0.35106749061089554,0.5906156142752842,0.05831689511382048
9806.0,0.2913900944963157,0.6781680212403968,0.030441884263288012
9320.0,0.5448612160994626,0.455138608662822,1.7523771590122418E-7
9595.0,0.34999431116205604,0.6500055362826864,1.5255525735510703E-7
8228.0,0.20797463950739836,0.703687233155245,0.0883381273373563
8503.0,0.08683538439705137,0.7961035833145799,0.11706103228836873
8977.0,0.7628677934426796,0.2371320346212528,1.7193606762383168E-7
9290.0,0.7642790640168443,0.23572077159934346,1.6438381216467324E-7
8469.0,0.43625953714363386,0.5637402980689553,1.6478741078259982E-7
8198.0,0.23816834345337062,0.7007161055012643,0.06111555104536469
8736.0,0.32293257483477616,0.5911469367521921,0.08592048841303139
9011.0,0.4987951698520024,0.5012046683959929,1.617520051739801E-7
9654.0,0.15747358272561815,0.8425262450160365,1.7225834569932767E-7
8698.0,0.18032281930456445,0.8196770221075799,1.585878554405966E-7
8425.0,0.478909561880455,0.5210902144012955,2.237182496429672E-7
8180.0,0.32341300674627643,0.6765867502177372,2.430359861881575E-7
8911.0,0.23437158043515563,0.6464887370037401,0.11913968256110431
9180.0,0.38131030116251674,0.5617410904295574,0.05694860840792545
9230.0,0.433691796545137,0.5386078042449755,0.027700399209887483
9501.0,0.45746231158884826,0.5425374852241055,2.0318704645739455E-7
9768.0,0.5582236195409683,0.4136016123700025,0.02817476808902911
9079.0,0.46284010425242683,0.5371596984845527,1.9726302054925868E-7
8804.0,0.7631746861049191,0.2368251431165988,1.7077848199813144E-7
8258.0,0.23680530808602898,0.7047052843401369,0.058489407573834216
8529.0,0.28929226502842237,0.6844618593174014,0.02624587565417575
9441.0,0.7166302926634898,0.2833695348692143,1.7246729586104278E-7
9112.0,0.4103829812192592,0.5896168620661859,1.567145550924185E-7
8150.0,0.2641728625345498,0.7050132414950533,0.030813895970397017
8843.0,0.13723357105191084,0.8072260925697371,0.05554033637835199
8365.0,0.7081614741480519,0.2918383125316614,2.1332028647850097E-7
8638.0,0.5571303266521054,0.4428694862234582,1.8712443612951922E-7
9680.0,0.6191720430269648,0.3808277983355879,1.586374476348813E-7
9411.0,0.5015172200250426,0.40994495299787265,0.08853782697708515
8135.0,0.48928046438297706,0.5107193872905801,1.483264425921027E-7
8873.0,0.3616786637917605,0.63832111046665,2.257415903272173E-7
9146.0,0.5274530326704346,0.47254676026411657,2.0706544815541728E-7
8604.0,0.0888720877823585,0.5827817135815999,0.3283461986360413
8335.0,0.381526765628683,0.6184730485581827,1.8581313459307358E-7
9535.0,0.6969792600490113,0.30302055144929774,1.885016908186029E-7
9260.0,0.14751925461257803,0.708197720384864,0.14428302500255816
9738.0,0.715089305502491,0.2849105273455063,1.6715200264269418E-7
8774.0,0.23581083836711095,0.7641889769518859,1.8468100286581762E-7
9045.0,0.38040211248121725,0.6195977218852429,1.6563353973119972E-7
8563.0,0.5260292568846041,0.47397056807587457,1.750395213361255E-7
8288.0,0.3087934303316222,0.6373233310993219,0.05388323856905576
9733.0,0.5772243954769454,0.4227754685927672,1.3593028689456815E-7
9251.0,0.08641492930061218,0.885620927728026,0.027964142971361555
9520.0,0.5013550860144409,0.4698919803311032,0.028752933654455894
8303.0,0.8023085490597127,0.19769134963497623,1.0130531097545061E-7
8572.0,0.3118293394584553,0.635065323692351,0.0531053368491936
9050.0,0.6441513585598299,0.3558484523539182,1.8908625167089243E-7
8777.0,0.3582826910693803,0.5063757963814269,0.13534151254919286
8119.0,0.38311720742757804,0.46136890159213106,0.15551389098029078
9420.0,0.4019009880083832,0.5453335593907214,0.0527654526008952
9695.0,0.4407673452887541,0.5592324635545203,1.9115672547708313E-7
8320.0,0.4075941159769028,0.564676450001432,0.02772943402166526
8595.0,0.43306659972011063,0.5669332087204836,1.9155940653314341E-7
9141.0,0.8550406812015164,0.14495907291652846,2.4588195533473416E-7
8870.0,0.20362025541974724,0.7662879881111326,0.030091756469120108
9725.0,0.38296906017781523,0.5880145055012097,0.029016434320974893
9454.0,0.24463439292751443,0.6477688770372935,0.10759673003519223
8625.0,0.7036614852523377,0.2963383572975353,1.5745012686525409E-7
8354.0,0.3243822348451725,0.6756175622147091,2.0294011920326776E-7
8836.0,0.7094512405772371,0.2905485574386627,2.019840997540015E-7
9111.0,0.05652288867735488,0.9434769550588148,1.5626383022334712E-7
9767.0,0.3780045507761846,0.6219952726159113,1.7660790410190758E-7
9490.0,0.16845676687171063,0.8057759547195813,0.02576727840870784
9217.0,0.0888181047133665,0.7957600005909338,0.1154218946956997
8542.0,0.14431083856247728,0.7685679444466977,0.08712121699082512
8269.0,0.8313790755989152,0.16862078074152487,1.43659559901771E-7
8811.0,0.3969347837870483,0.5009748352710077,0.10209038094194393
8102.0,0.6339895453552009,0.3660102921887711,1.624560277685691E-7
9080.0,0.2654110798124938,0.7053000312479354,0.02928888893957125
9386.0,0.02860510101005848,0.7660710659157652,0.2053238330741759
9657.0,0.38117580074718416,0.6188240309350259,1.6831778973790042E-7
9171.0,0.6105592545395393,0.389440580142977,1.6531748396287016E-7
8896.0,0.1210847258525793,0.6374900078197635,0.24142526632765712
8693.0,0.44527994536162674,0.55471986288888,1.9174949341238815E-7
9285.0,0.35059000475586366,0.6494098110110199,1.842331169574485E-7
9558.0,0.36416837260486395,0.6358314431970559,1.8419808007711758E-7
9020.0,0.1460272056040035,0.677768114640276,0.1762046797557206
8751.0,0.3182543237120833,0.653678875060843,0.028066801227073734
8201.0,0.504544488753354,0.49545535709362726,1.5415301940142525E-7
8474.0,0.46315359905361686,0.5368462457126179,1.5523376567081528E-7
9588.0,0.02705377590153186,0.8608905822573245,0.11205564184114362
9319.0,0.10729931578018079,0.5788834769467841,0.31381720727303525
9793.0,0.22776130652833962,0.6914138313512412,0.08082486212041914
8085.0,0.4798498299084974,0.4628844564798249,0.05726571361167734
8717.0,0.4051050553763406,0.5660493319616829,0.02884561266197635
8990.0,0.7118712506550866,0.18257786795337452,0.1055508813915389
8504.0,0.5011297342351076,0.4741955812453795,0.0246746845195121
8235.0,0.29310901805943684,0.7068907974382129,1.8450235030185959E-7
9627.0,0.42801501500228767,0.5161943162643591,0.05579066873335343
9352.0,0.5903928375012667,0.4096070112176944,1.5128103870183667E-7
8930.0,0.7969935847917345,0.2030062289947173,1.8621354822350508E-7
9201.0,0.030881624481435437,0.8500850612755149,0.1190333142430498
8663.0,0.24309428714872416,0.727871921370824,0.02903379148045137
8388.0,0.3168768504097667,0.6831229626197743,1.869704592759165E-7
8302.0,0.20302516132131446,0.6731244877481504,0.12385035093053502
8573.0,0.20558028122932298,0.6172054429378208,0.17721427583285607
9051.0,0.810006174431425,0.18999372037053336,1.051980418157795E-7
8776.0,0.585874977530307,0.41412488647526546,1.3599442751871515E-7
9250.0,0.4103811192356171,0.5619733097150248,0.027645571049357432
9521.0,0.17670003438721513,0.6173267005862471,0.20597326502653782
8321.0,0.4725423569888446,0.4436864637421988,0.08377117926895658
8594.0,0.21050006170957536,0.7024130145057169,0.08708692378470752
9140.0,0.4738390341830855,0.49898770869096687,0.02717325712594738
8871.0,0.39600562989902516,0.6039941850479323,1.8505304255871958E-7
8128.0,0.720910565738991,0.2790892139914817,2.2026952724752466E-7
9421.0,1.6920023062368E-7,0.9718228007902989,0.028177030009470482
9694.0,0.7841490347907812,0.19239026564652933,0.023460699562689376
8624.0,0.23585770028180597,0.7081053502775848,0.05603694944060938
8355.0,0.5602349797000328,0.43976477395335534,2.4634661195635273E-7
8145.0,0.7135640814604128,0.2864357812353687,1.3730421838766045E-7
8837.0,0.029372445476806727,0.7339427620434682,0.23668479247972518
9110.0,0.3287721854085549,0.6712276467829803,1.6780846488337228E-7
9724.0,0.43868823527791995,0.5613115940757323,1.7064634778317529E-7
9455.0,0.5283235063494385,0.4716762613663036,2.3228425789563916E-7
8543.0,0.3919798256941392,0.5206643436778055,0.08735583062805502
8268.0,0.4776718406004034,0.4660769168937882,0.05625124250580772
8810.0,0.33072912506228996,0.6692706933552581,1.8158245189594797E-7
9081.0,0.43936843463893094,0.5320312693129087,0.028600296048160057
9766.0,0.5596403317853553,0.4118847888499851,0.028474879364659676
9491.0,0.47308459550916687,0.5269151934431673,2.1104766513459687E-7
9216.0,0.41424219315041716,0.5857575724126376,2.3443694515904172E-7
9170.0,0.3329960154005498,0.5507651491129671,0.11623883548648359
8179.0,0.11515011532178833,0.7113573552348789,0.1734925294433324
8897.0,0.24590263540325305,0.6723035550443137,0.08179380955243293
8423.0,0.5553640943685874,0.4184358656273029,0.026200040004109575
8692.0,0.39345319756983166,0.6065466247882118,1.7764195655513152E-7
9387.0,0.6982863330680094,0.3017135511779291,1.1575406174293866E-7
9021.0,0.9724483842651811,0.02755138392078118,2.3181403773962776E-7
8750.0,0.586141791925574,0.4138580795304833,1.2854394201087783E-7
8200.0,0.11936045541447637,0.6524383773459604,0.2282011672395633
8475.0,0.3182945010450209,0.6563642606263025,0.0253412383286769
9559.0,0.6975117438045602,0.3024881095002931,1.466951473288051E-7
8716.0,0.08599907290422798,0.856594600726026,0.05740632636974609
8991.0,0.8223216445436262,0.17767818978574268,1.6567063122543646E-7
8505.0,0.15737071640454753,0.6310564421790735,0.21157284141637914
8234.0,0.7237483336336077,0.2762515285540707,1.378123219027524E-7
9589.0,0.2077605655475457,0.6171449983225427,0.17509443612991168
9318.0,0.6396388319614348,0.3603610005553802,1.6748318514984865E-7
9792.0,0.5295339871254827,0.41566527797705694,0.05480073489746093
8931.0,0.02562195443830272,0.9129082180362363,0.06146982752546118
8162.0,0.09057776756900972,0.7618327285525399,0.14758950387845063
9200.0,0.029991502790894804,0.9437849933973019,0.026223503811803366
8662.0,0.7334184838864442,0.2665813646516145,1.514619412969927E-7
8389.0,0.20745882000916277,0.705333621656076,0.08720755833476046
9626.0,0.2954697109448793,0.7045301222205899,1.6683453081164035E-7
9693.0,0.473089487325343,0.5008972649240928,0.026013247750564197
9422.0,0.3167217493295409,0.5930991331365796,0.0901791175338798
8593.0,0.7989108130878846,0.20108898177477713,2.0513733800104204E-7
8322.0,0.7923454599059102,0.20765432232945472,2.177646348898874E-7
8868.0,0.6520080722466162,0.34799177753178295,1.5022160113855465E-7
9143.0,0.44087944348057306,0.5278745800654232,0.03124597645400345
9735.0,0.39268645296667865,0.5267406201613094,0.08057292687201274
9522.0,0.6194766152420069,0.3805232302497642,1.5450822882020474E-7
9249.0,0.1501411421089958,0.7924076545157255,0.057451203375279036
8574.0,0.27956555094590224,0.6352276369836151,0.08520681207048254
8301.0,0.8941538034423072,0.10584602333913394,1.7321855898304505E-7
8118.0,0.3865837515933916,0.6134160639332694,1.844733390541313E-7
8779.0,0.7218979968679297,0.27810184090907897,1.6222299137141532E-7
9048.0,0.5301419213364617,0.46985789094468666,1.8771885152284965E-7
9765.0,0.3266537993903034,0.5293302135971536,0.1440159870125428
9219.0,0.40444083863796515,0.5955589775183439,1.8384369109414721E-7
8271.0,0.5569576050630564,0.44304225186966517,1.430672786689876E-7
8540.0,0.15202325186515592,0.7962163559597405,0.05176039217510397
9082.0,0.026517931489912237,0.9468580301892948,0.02662403832079295
8103.0,0.25483425037750884,0.65887212163061,0.08629362799188081
8809.0,0.5337498076173353,0.3796314437109493,0.08661874867171532
9452.0,0.5374576196109291,0.46254220200516133,1.7838390938331452E-7
9727.0,0.6616737148860573,0.33832613247029736,1.5264364514527294E-7
8352.0,0.20947182679674248,0.7905279539702509,2.1923300620394318E-7
8627.0,0.027385881291786363,0.9190839246909062,0.05353019401730697
9109.0,0.23453755700365223,0.7362395920744009,0.02922285092194685
8838.0,0.6526440681322145,0.34735575713544403,1.747323412331823E-7
9556.0,0.5466483417834614,0.45335149958698506,1.586295540343251E-7
9287.0,0.6196954216087409,0.3803043839275644,1.9446369484009134E-7
8749.0,0.20419057860776216,0.738346345372139,0.05746307602009877
9022.0,0.40338527552720954,0.5966145491604693,1.7531232110314874E-7
8472.0,0.2322799506606978,0.6798661511581817,0.08785389818112034
8203.0,0.4690073692822044,0.5309924247119839,2.0600581207034043E-7
9659.0,0.23374158036470039,0.6507056722781529,0.11555274735714692
9384.0,0.2294960966614038,0.5270535416490698,0.24345036168952655
8898.0,0.14302182186287327,0.8569779704471754,2.0768995138508742E-7
9169.0,0.19625001835291778,0.6369324547870354,0.16681752686004667
8695.0,0.6607808190840915,0.33921904753028687,1.3338562143985505E-7
8420.0,0.7363754473418141,0.23855700443385428,0.025067548224331184
9354.0,0.2653264674167651,0.6165594890882069,0.11811404349502794
8928.0,0.3155471519269205,0.6076257957905101,0.07682705228256907
8390.0,0.3856228476506353,0.6143769632423012,1.8910706424408178E-7
8661.0,0.29083299158489445,0.6797868376778923,0.029380170737213388
9317.0,0.12006141843309902,0.7649760402668656,0.11496254130003548
9590.0,0.5550488905757845,0.44495095947952584,1.4994468976342465E-7
9795.0,0.5732173903904181,0.4267824546452585,1.549643234914163E-7
8988.0,0.4451976500308556,0.5548021796493554,1.7031978913722366E-7
8084.0,0.5071874048981795,0.4045880703594682,0.08822452474235196
8719.0,0.5222179094698428,0.4497767079680673,0.028005382562089478
8233.0,1.5759958750986721E-7,0.9999996848008249,1.5759958750986721E-7
8506.0,0.7135897809250417,0.2864100757239116,1.4335104682945988E-7
8592.0,0.18904139285882357,0.7095621252472297,0.10139648189394658
8323.0,0.5022185927344608,0.4415217797075689,0.05625962755797074
8129.0,0.5041475321389907,0.4958522845210234,1.8333998548393872E-7
8869.0,0.30653909619783265,0.6644905191997936,0.02897038460237333
9142.0,0.6568410165044453,0.34315880402086546,1.7947468949506479E-7
9692.0,0.7917243674129716,0.2082754591753869,1.7341164163817626E-7
9423.0,0.4528165352424158,0.5188464949301319,0.02833696982745208
8575.0,0.6828881261615761,0.31711163709392043,2.367445036056091E-7
8300.0,0.08647979174153549,0.6450584293792099,0.26846177887925443
8778.0,0.025892586386711287,0.9741072423817985,1.712314901961276E-7
9523.0,0.23017909981055729,0.7414397494235125,0.028381150765930084
9248.0,0.4111591197527643,0.5015989679610942,0.08724191228614074
8270.0,0.495791381537572,0.504208421138135,1.9732429315721755E-7
8541.0,0.3899275295488118,0.46913132429576204,0.1409411461554261
9083.0,0.34517625851825023,0.628756154514267,0.026067586967482632
8808.0,0.3263793100816664,0.5753181243240131,0.0983025655943206
9764.0,0.4491076490777363,0.5508921674960534,1.8342621082128694E-7
9218.0,0.058441885530309615,0.8547163704804108,0.08684174398927982
9489.0,0.6345056941047849,0.3654941237404335,1.8215478190792544E-7
8353.0,0.6224613494777281,0.37753847955930875,1.70962963007945E-7
8626.0,0.5073437100955598,0.49265608648633463,2.0341810534986766E-7
8839.0,0.08143595062823797,0.8033434540631749,0.11522059530858716
