9179.0,0.965819355319076,0.034169953959408424,1.0690721515644629E-5
8904.0,0.9323605466212086,0.06760251119463069,3.694218416070256E-5
8701.0,0.006250051773179351,0.861346055562,0.1324038926648207
9378.0,0.24385950519047225,0.7549938487462617,0.001146646063265912
9012.0,0.7125393669097083,0.28717706914050933,2.835639497823944E-4
8743.0,2.0435555777848418E-4,0.7496884492154814,0.2501071952267402
8193.0,0.2565609617352897,0.7167935503711997,0.02664548789351064
8466.0,1.44467505482268E-8,0.002122370910983872,0.9978776146422655
9293.0,0.5437318556021297,0.4552309407162711,0.0010372036815991586
9566.0,0.9434185688452724,0.05653099428017,5.0436874557517574E-5
8081.0,9.280289767770092E-4,0.7610445961352399,0.23802737488798303
8709.0,0.2453941447647449,0.7396308365798041,0.014975018655451023
8982.0,1.5267365837340084E-10,5.165162813861255E-4,0.9994834835659403
8496.0,0.9838917330181881,0.016103695147916347,4.571833895466638E-6
8227.0,1.6652300246380092E-6,0.9741986952366328,0.02579963953334256
9596.0,5.222883268658807E-8,0.9431769614878492,0.05682298628331801
9327.0,0.73527102816732,0.26405441808069585,6.745537519841348E-4
9801.0,2.464454062930682E-6,0.883075900880677,0.11692163466526005
8938.0,2.232001395128702E-6,0.09871532675993523,0.9012824412386696
8671.0,7.068230461565834E-4,0.6352747050666343,0.3640184718872092
8396.0,0.9878373801524517,0.01216106871177808,1.5511357699958136E-6
9619.0,1.3691799681070714E-5,0.22333310960371391,0.7766531985966051
9344.0,0.9722475397394694,0.027742128242358964,1.0332018171646386E-5
8295.0,0.2950314752152701,0.7044419278009992,5.265969837305366E-4
8564.0,0.005483315728771463,0.892322144744923,0.10219453952630558
9042.0,0.33184116843565625,0.6657090810790598,0.0024497504852839256
8769.0,1.3913287599330652E-4,0.9445081054415453,0.05535276168246141
8115.0,0.95193948536591,0.048042247769059535,1.826686503044866E-5
9741.0,9.21508170553639E-6,0.8398452056440251,0.16014557927426948
9259.0,0.0458821066115622,0.9415655849907483,0.012552308397689584
9528.0,0.0193817935820152,0.967453325268373,0.013164881149611774
8328.0,0.8928205481379865,0.10703143911517762,1.4801274683595405E-4
8603.0,0.009358334660019044,0.9784569896122038,0.012184675727776895
9149.0,1.1785866574382572E-6,0.9783350465475555,0.02166377486578706
8878.0,0.9754771824939403,0.0245217319640135,1.0855420463058764E-6
9687.0,0.5646110810615603,0.43307165329323816,0.002317265645201488
8633.0,0.8681274022528856,0.13156460686428553,3.0799088282891984E-4
8362.0,3.514833157309322E-4,0.783348482037023,0.21630003464724623
8844.0,0.8820660099078275,0.11780081007222157,1.3318001995102095E-4
9119.0,0.898881287683325,0.10100705437952621,1.116579371488568E-4
9446.0,0.38277454671809397,0.6131570500451409,0.004068403236765028
8534.0,0.955247195208816,0.04474950541438957,3.2993767944816136E-6
8261.0,0.056001658658469615,0.9428448677291966,0.0011534736123337652
8098.0,0.8663795015713006,0.13350234197083283,1.181564578665154E-4
8803.0,0.983558727051289,0.016436647645492863,4.625303218169299E-6
9072.0,0.1549778522224656,0.8446910933063826,3.310544711517643E-4
9775.0,0.37510694520428184,0.6235197049460179,0.0013733498497002315
9498.0,0.12373931717823915,0.8643991409812689,0.011861541840491976
9225.0,0.8414862695994451,0.15838637812696377,1.2735227359112093E-4
9379.0,0.42973545793479423,0.55973055762967,0.010533984435535902
9648.0,0.9156631367028435,0.08433080808227372,6.0552148827467845E-6
9178.0,0.04496799253870928,0.9461960695429241,0.008835937918366536
8183.0,6.133275576234262E-10,0.01958285377611167,0.9804171456105608
8905.0,1.459759500605772E-9,0.0018793511266664298,0.998120647413574
8431.0,4.2392691697017163E-7,0.03186708685582323,0.9681324892172599
8700.0,0.6804382625016449,0.318535123371932,0.0010266141264231856
9292.0,0.00827620468833716,0.9688955500853081,0.02282824522635452
9567.0,2.512293058905237E-9,0.6502869351664526,0.34971306232125426
9013.0,0.4764355839802943,0.5190691014640622,0.0044953145556435
8742.0,6.7724859170655955E-6,0.9879374540772607,0.012055773436822285
8192.0,0.8420641326551721,0.15782507268227028,1.1079466255767859E-4
8467.0,0.6043547461449154,0.39369711837480337,0.0019481354802812752
9597.0,0.46618481428480985,0.5331994524618432,6.157332533470374E-4
9326.0,0.6732109842306145,0.3255714360196706,0.0012175797497147474
9800.0,7.76865528555616E-11,0.044281313463358056,0.9557186864589554
8708.0,0.925556568770911,0.07434743917892103,9.59920501679417E-5
8983.0,0.7089625414173079,0.2900997501023817,9.37708480310353E-4
8497.0,2.44451199904141E-4,0.8466137046716238,0.15314184412847195
8226.0,7.43362174371596E-5,0.39995651046121644,0.5999691533213465
9618.0,0.9886204999344134,0.011378055989707474,1.4440758791747396E-6
9345.0,1.3728076342060841E-5,0.991362113241408,0.00862415868224977
8166.0,0.00119802712575526,0.6236078871420917,0.37519408573215307
8939.0,0.995639194070554,0.004360733186914201,7.274253184605722E-8
9208.0,0.053448694514822655,0.944131700639142,0.002419604846035377
8670.0,0.08870866348250692,0.8939219229980485,0.017369413519444595
8397.0,0.6407114030144185,0.3582224377239181,0.001066159261663273
9740.0,0.985710878576011,0.014286868733882904,2.2526901060396716E-6
9258.0,0.9107173169236523,0.08922983168607598,5.2851390271675565E-5
9529.0,0.13361733859666994,0.865290312591322,0.0010923488120079784
8294.0,0.9776084419705273,0.02238513533070586,6.422698766899513E-6
8565.0,1.701255101828868E-9,2.0136701900192274E-4,0.999798631279743
9043.0,0.19113508044711222,0.7969337524993605,0.01193116705352732
8768.0,0.4336487058512603,0.5637758578353846,0.00257543631335507
9413.0,8.01707823350375E-10,0.6176721621387827,0.38232783705950946
9686.0,0.9754291229377007,0.02456025743628874,1.0619626010496775E-5
8329.0,0.21279235636712923,0.7860734185754842,0.0011342250573865532
8602.0,0.03589692356022029,0.9140412447114508,0.05006183172832893
9148.0,0.9676403823115427,0.03234400623349098,1.5611454966463314E-5
8879.0,1.4703003026708592E-6,0.008658749103417657,0.9913397805962796
8132.0,0.9646767788452892,0.03526396938298486,5.9251771725998486E-5
9716.0,5.980677204647399E-9,0.8872964313254247,0.11270356269389817
9447.0,0.021790048007891926,0.9646159782507204,0.013593973741387788
8632.0,0.5469064401506745,0.4517014432000663,0.0013921166492591882
8363.0,0.6909703011034248,0.30832328650481894,7.064123917562977E-4
8149.0,0.08465730421851764,0.8279584899852538,0.08738420579622849
8845.0,0.8391938375435055,0.16051431404690558,2.918484095888254E-4
9118.0,2.8052615537299145E-4,0.807261680357316,0.19245779348731104
9774.0,0.024912653342094374,0.4494376336258406,0.5256497130320651
9499.0,0.0011167967537589773,0.9969812598267407,0.0019019434195002723
9224.0,0.6780009188616414,0.3215334122208137,4.656689175448048E-4
8535.0,0.8458268676631296,0.1539722227262733,2.0090961059707505E-4
8260.0,0.09575047869690446,0.8884101123813067,0.015839408921788856
8802.0,8.750062848291343E-10,0.8146780989572705,0.18532190016772324
9073.0,0.32235616916178567,0.6724517834370691,0.005192047401145388
8741.0,0.8288417131348422,0.1710117058912234,1.465809739342642E-4
9014.0,0.15490421829419648,0.8306886129665855,0.014407168739218044
8464.0,0.006074615770350554,0.9636359735911217,0.030289410638527685
8195.0,0.15106122117020365,0.838704107749301,0.01023467108049543
9564.0,9.06709944614053E-16,1.4749812727156398E-6,0.9999985250187264
9295.0,0.9878373801524517,0.01216106871177808,1.5511357699958136E-6
8906.0,0.3960406819552587,0.6013892987716891,0.002570019273052147
9177.0,0.9476618284467437,0.0523086176561892,2.9553897067181856E-5
8703.0,4.800785500793466E-11,0.22954513749391167,0.7704548624580805
8428.0,3.3469039036519135E-4,0.8871063163098751,0.11255899329975963
9651.0,0.9615686088472335,0.0383988398039375,3.2551348829081825E-5
9376.0,0.10195170320057675,0.8932493819905264,0.004798914808896907
9211.0,0.948187402602057,0.05181059434934455,2.0030485984020108E-6
8936.0,0.5952560638264163,0.38583044329692323,0.018913492876660488
8398.0,3.6891791216505126E-6,0.009134692646596991,0.9908616181742813
8669.0,0.710041664791686,0.2894580156411894,5.003195671248122E-4
9346.0,0.463582523918067,0.5340523540919057,0.0023651219900273223
9617.0,0.0033056201171786093,0.14276090043035033,0.853933479452471
8980.0,0.9407625496586237,0.059181359579941174,5.609076143515158E-5
8080.0,0.009933054348406448,0.9429490251425411,0.0471179205090525
8711.0,5.598189744457498E-4,0.5565960964661597,0.44284408455939456
8225.0,0.886493466702528,0.11320227933666549,3.042539608063935E-4
8498.0,0.8879423408083282,0.11199393840277386,6.372078889783423E-5
9325.0,0.07613468365610583,0.9224584564917777,0.0014068598521165183
9598.0,0.8927497581604694,0.10716447482740897,8.576701212167836E-5
9803.0,3.077796736006801E-4,0.8993061604562594,0.10038605987013983
8601.0,0.9668836470605007,0.03310438280135989,1.1970138139395644E-5
8330.0,2.3311480425641516E-4,0.9991713855174943,5.954996782493693E-4
8876.0,0.9632162969322683,0.036771726296388293,1.1976771343509639E-5
9151.0,0.9178176585477489,0.08213192949961298,5.041195263810785E-5
9685.0,0.04200008982215256,0.8437372636784559,0.11426264649939155
9414.0,0.008890266393508343,0.9417477221011349,0.04936201150535664
8566.0,0.0016523772680396042,0.96355866110401,0.03478896162795047
8293.0,0.26158425416425024,0.7371366718665323,0.0012790739692173656
8771.0,1.1683391816629666E-8,0.019599391942291298,0.9804005963743169
8114.0,4.2450060706201916E-4,0.8823563233782311,0.11721917601470688
9040.0,0.44497023711117334,0.5446622721495905,0.01036749073923609
9743.0,1.844077474636788E-4,0.8779560255251351,0.12185956672740121
9530.0,0.946950983680674,0.05304497547386149,4.040845464584461E-6
8263.0,0.9078105419125951,0.09211480209221502,7.465599518977642E-5
8532.0,0.24171733821957916,0.7516991414524563,0.0065835203279646405
9074.0,0.9926058946042303,0.007394001018455842,1.0437731398422771E-7
8801.0,0.02386122769837173,0.7892876213620692,0.18685115093955906
8099.0,0.21385840287355332,0.778349834542845,0.007791762583601662
9773.0,0.9552777770535312,0.04471864980604466,3.573140424254953E-6
9227.0,4.664637700557065E-4,0.6681116379545661,0.3314218982753782
9496.0,0.019208380820986373,0.9539869287157207,0.026804690463293018
8360.0,0.07537745962373683,0.9138870230892226,0.010735517287040482
8635.0,0.027053169256259658,0.9544050141438629,0.01854181659987752
9117.0,0.7375895125786193,0.2589333296482582,0.003477157773122401
8846.0,0.16100741940070004,0.8320903045764012,0.006902276022898744
9444.0,9.630974419683812E-5,0.8948209130595188,0.10508277719628445
9719.0,0.5407580213511738,0.4580825729412628,0.0011594057075633522
9565.0,0.8827127218812941,0.11720179717371565,8.54809449903441E-5
9294.0,0.9514294751768055,0.04854067322032992,2.985160286462003E-5
8740.0,0.0036718396868945726,0.6032015168199603,0.39312664349314513
8465.0,0.013520145299475149,0.975033860271154,0.011445994429370745
8194.0,0.8606411571898722,0.13898128159761866,3.7756121250905896E-4
9650.0,0.500720742039516,0.4945243796202083,0.0047548783402757006
9377.0,0.3674778827119989,0.6281842991134979,0.0043378181745031795
8182.0,0.137956220595268,0.8539908502455471,0.008052929159185117
8907.0,0.24580061883311558,0.7139681198298359,0.04023126133704846
9176.0,0.6543277581446618,0.34340259345287905,0.0022696484024591268
8702.0,0.9676403823115427,0.03234400623349098,1.5611454966463314E-5
8429.0,4.1581536749636227E-4,0.9341282259042331,0.06545595872827074
9347.0,0.6754406331742889,0.3239230919603803,6.362748653307977E-4
9616.0,0.24423769628655642,0.7505681137596987,0.0051941899537448506
9210.0,0.012807143468685908,0.9603634237367255,0.02682943279458878
8937.0,8.935458256484945E-7,0.9836392548324622,0.016359851621712336
8167.0,0.9201227494183731,0.07975537552999158,1.2187505163529137E-4
8399.0,0.7707733458547229,0.22885235228624917,3.7430185902802586E-4
8668.0,0.20921124167620864,0.782693719505449,0.008095038818342382
9324.0,0.5146284108891598,0.4842984159272449,0.00107317318359534
9599.0,0.19784722987708886,0.7930089146405016,0.009143855482409502
8981.0,0.06960224384954748,0.9129345131518571,0.017463242998595283
8710.0,0.8065289884789217,0.19293444973243812,5.365617886402659E-4
8224.0,0.5226916931743543,0.47686303497274396,4.452718529019394E-4
8499.0,0.6336517738703863,0.3652264407545995,0.0011217853750142485
9684.0,0.7104987932629662,0.2882105714666382,0.001290635270395648
9415.0,0.015059636431117891,0.9681540685725565,0.016786294996325758
8600.0,2.4372262941410472E-4,0.7692750548394232,0.23048122253116282
8331.0,0.9318166501757289,0.06815548854987853,2.7861274392572645E-5
8877.0,0.9928364358682615,0.007163362040820231,2.0209091821426466E-7
8133.0,0.9876933754132444,0.012300619403777064,6.005182978669819E-6
9150.0,0.5634479465657272,0.4342490948689957,0.002302958565276995
9742.0,0.9722475397394694,0.027742128242358964,1.0332018171646386E-5
9531.0,0.8458912133644595,0.15405234625904368,5.6440376496805596E-5
9256.0,0.05561855237815879,0.9085924823732492,0.035788965248591875
8567.0,0.0011180242360607966,0.9699150247477437,0.02896695101619542
8292.0,0.5891057715180494,0.4063532096516146,0.004541018830336009
8770.0,0.9603436689374973,0.03964258842838027,1.374263412229405E-5
9041.0,0.9072600308306186,0.09265829006547267,8.167910390880612E-5
9772.0,0.7645352312110532,0.23497392117579047,4.908476131564045E-4
9226.0,0.012765845971311718,0.9551132147778578,0.03212093925083037
9497.0,0.013020816906748198,0.9808118751884635,0.0061673079047884815
8262.0,6.831486655779032E-5,0.9527458176122577,0.04718586752118433
8533.0,0.5666808515335072,0.43104098052002476,0.0022781679464679563
9075.0,0.22114981215818633,0.772258327658308,0.006591860183505587
8800.0,0.9679429965650628,0.03203589332318167,2.1110111755544132E-5
9445.0,1.7214349085937232E-6,0.9524876676475461,0.04751061091754532
9718.0,0.22886880844317342,0.7655749902215935,0.005556201335233074
8361.0,4.509351175378354E-8,0.16703812221607778,0.8329618326904105
8634.0,0.9199196689587721,0.08005292538056083,2.7405660667137774E-5
9116.0,0.8518272846131368,0.14807928283827648,9.343254858662636E-5
8847.0,0.6553152530175335,0.34439326698203704,2.914800004294793E-4
8148.0,0.576468678128726,0.42344691109696553,8.441077430837413E-5
8500.0,2.3068810657212538E-8,0.7631408534640867,0.23685912346710264
8231.0,0.9756903984773163,0.02430133946630715,8.262056376601317E-6
8705.0,0.9709157051122924,0.029067417615877222,1.687727183035251E-5
8083.0,0.9788638410389752,0.021132951569019676,3.2073920051073213E-6
8978.0,0.3587669168695973,0.6353384768890036,0.005894606241399129
9805.0,8.013631482277352E-5,0.4824066130900662,0.517513250595111
9592.0,0.8668594188373631,0.13289968255304038,2.4089860959644138E-4
9323.0,0.646247043312965,0.35344070096967256,3.1225571736240754E-4
8667.0,0.8993002404729645,0.10065230033430463,4.7459192730835795E-5
8392.0,0.8569082377285455,0.14265213064575263,4.396316257018748E-4
8942.0,4.3726440410718125E-7,0.9541953464604054,0.04580421627519049
9213.0,0.3141733613644716,0.664546356896974,0.021280281738554407
9623.0,0.9750552553464574,0.02493983484580842,4.909807734247566E-6
9348.0,0.9722475397394694,0.027742128242358964,1.0332018171646386E-5
8426.0,0.10885597286300633,0.8635613920823224,0.027582635054671286
8697.0,0.303173402884402,0.6938583870202175,0.002968210095380456
9183.0,0.738587996852473,0.2610092571955109,4.0274595201612314E-4
8908.0,0.9865804949973793,0.01341647148184939,3.033520771456779E-6
9653.0,0.9129951354198605,0.0868964119475079,1.0845263263166049E-4
8197.0,2.531720937977454E-9,0.008006823284266076,0.991993174184013
8470.0,9.858421665268818E-5,0.6433400287729617,0.35656138701038564
9008.0,0.1485725437619855,0.7348040389451035,0.11662341729291112
8739.0,0.9950549825252756,0.004944972363225911,4.5111498479434736E-8
9289.0,0.5521351553108212,0.4472665232140114,5.983214751672734E-4
9562.0,0.7687616306092306,0.2310884440461211,1.499253446481942E-4
8840.0,0.006936965434380014,0.9569353586706556,0.03612767589496438
9115.0,0.0038732493862791194,0.9366954329124264,0.05943131770129451
8637.0,4.976004835272639E-7,0.31766453647215137,0.6823349659273651
8366.0,0.013740503020697006,0.9855618321136203,6.976648656826564E-4
9442.0,0.3593652085663795,0.6330274369257987,0.007607354507821929
8807.0,0.8486369532804495,0.1512331517276027,1.2989499194774294E-4
8096.0,0.015128608953891296,0.9199529730880707,0.06491841795803811
9076.0,0.0019613573874099613,0.9707903389896038,0.027248303622986286
8530.0,1.7780216094366672E-7,0.9892712223329273,0.01072859986491186
8257.0,1.2184001179279808E-9,7.879817225488251E-4,0.999212017059051
9502.0,0.20867912972993685,0.7900742656460045,0.001246604624058765
9229.0,0.7135679162517425,0.2841037900453582,0.0023282937028993927
9771.0,0.12256918981739431,0.8741626327797796,0.0032681774028260847
9046.0,1.3388373016442E-5,0.38527452384677907,0.6147120877802045
8773.0,0.001210595242101716,0.8726694687401381,0.12611993601776003
8113.0,0.9641268543675643,0.035870743199341,2.4024330946589294E-6
8291.0,3.8500254677281093E-7,0.5679948344223549,0.43200478057509833
8560.0,0.4630779407244762,0.5245026978829344,0.012419361392589331
9263.0,0.001815372669552231,0.705527081630866,0.29265754569958163
9532.0,0.10588991836587913,0.8843954220330152,0.009714659601105758
9737.0,6.194984421541206E-9,0.8291804370874063,0.17081955671760932
9145.0,0.5424705631777714,0.4561623411708611,0.0013670956513674541
8874.0,0.07580767891582942,0.9163871698813167,0.007805151202853897
8332.0,0.9200157263827946,0.07989152419503162,9.274942217378192E-5
8607.0,0.04401311499846929,0.9521922411800645,0.0037946438214660773
9408.0,0.9770150775385342,0.022972643711573176,1.2278749892617562E-5
9683.0,0.9725968488553033,0.0273876391883427,1.551195635390771E-5
9593.0,0.8970129900687043,0.10223678945856983,7.502204727260014E-4
9322.0,0.006161902998521795,0.9735521707078351,0.020285926293643102
8501.0,0.7151066768164486,0.28400982913935574,8.834940441956691E-4
8230.0,0.8350663289936534,0.16463725704783524,2.9641395851135984E-4
8704.0,0.6606982304953771,0.3386001059175522,7.016635870708067E-4
8979.0,2.9788915513069617E-6,0.018482790002993427,0.9815142311054552
9622.0,0.6217447387476708,0.37744345633261367,8.118049197155827E-4
9349.0,0.8488614998873018,0.1509314694503726,2.070306623256096E-4
8666.0,0.0016336028327304855,0.7964347305088821,0.2019316666583875
8393.0,0.316182889654766,0.6782728220997074,0.005544288245526521
8164.0,0.010819169370874335,0.9558143922425464,0.03336643838657934
8943.0,2.7043294604023094E-5,0.7989598328670863,0.20101312383830966
9212.0,0.06479068884466437,0.8886703250529501,0.04653898610238544
9383.0,0.8657286229100263,0.13416370881327366,1.0766827670014464E-4
9652.0,0.9625285021122251,0.03745413343309213,1.7364454682880466E-5
8427.0,0.8310371528532522,0.16865795705530323,3.0489009144457624E-4
8696.0,0.9307905636852376,0.06910500028082704,1.0443603393525501E-4
9182.0,0.8779396504856387,0.1219533385013429,1.0701101301845034E-4
8909.0,0.2004815657714725,0.792240999357676,0.007277434870851505
8181.0,0.31645651804051655,0.6786439563133059,0.004899525646177655
9288.0,0.006931144129014967,0.9649975717961674,0.028071284074817487
9563.0,1.9452823269622718E-7,0.9783783361052152,0.02162146936655215
8196.0,5.0540287020929885E-6,0.9916664979773151,0.008328447993982935
8471.0,0.8802316229252931,0.11969502418640825,7.335288829882427E-5
9009.0,0.4670688131341377,0.5322626674738239,6.685193920384237E-4
8738.0,0.3069182629243111,0.6853250279770652,0.007756709098623731
9712.0,1.8546610079001878E-6,0.9888929913133797,0.011105154025612383
9443.0,0.11267061825678824,0.882278328099929,0.005051053643282809
8151.0,0.13372751446671974,0.8610162807169609,0.005256204816319266
8841.0,0.07886004987416201,0.8973613122838145,0.023778637842023304
9114.0,0.9914057914127419,0.008593851314564607,3.5727269365037143E-7
8636.0,0.0235834529097219,0.9387784824268385,0.03763806466343959
8367.0,0.0023279713157054703,0.9327856089973031,0.06488641968699133
9503.0,0.9585475528388113,0.041431663635176544,2.0783526012000396E-5
9228.0,0.9706651914230652,0.02931594257541621,1.886600151855999E-5
9770.0,3.3594475224506704E-4,0.10706377248728846,0.8926002827604665
8806.0,0.002601243620962624,0.9190364252048351,0.07836233117420234
9077.0,3.666898525152977E-4,0.8618317163089463,0.13780159383853827
8531.0,0.20420789422980282,0.791393397468906,0.004398708301291185
8256.0,0.3097989994264672,0.6867678991855416,0.003433101387991007
9262.0,0.025586040314814953,0.969369820481364,0.005044139203821161
9533.0,1.716143547647961E-4,0.7108418430597656,0.2889865425854698
9736.0,0.501016373821382,0.4972519379173312,0.0017316882612868948
9047.0,0.008406115508694995,0.974596157948517,0.016997726542787917
8772.0,0.01007005276773463,0.9773521847972176,0.012577762435047823
8290.0,0.2601665160398681,0.7383614222432593,0.0014720617168726237
8561.0,0.04059739495107531,0.9250790165806647,0.03432358846826001
9409.0,1.5110806736926553E-5,0.9836087965801449,0.016376092613118114
9682.0,2.310908658995473E-5,0.5592420666477931,0.44073482426561694
9144.0,0.849394198077262,0.15054372530062202,6.207662211595073E-5
8875.0,0.018782469063325924,0.9673446948797805,0.013872836056893625
8134.0,1.2167498686471907E-4,0.9782294706082053,0.02164885440492985
8333.0,0.02352372056312559,0.932174249257437,0.04430203017943753
8606.0,0.7372126668935748,0.26224763653829175,5.396965681335383E-4
8394.0,0.890108668246423,0.10983403268201468,5.7299071562389425E-5
8665.0,0.6880181039164813,0.31021495472029725,0.0017669413632214687
9215.0,0.9815760722488298,0.01841992293653121,4.004814638949846E-6
8940.0,0.08029858719000808,0.9094573029664823,0.010244109843509668
9350.0,0.9709157051122924,0.029067417615877222,1.687727183035251E-5
9621.0,0.9223983473044504,0.07753308308739905,6.856960815057817E-5
8229.0,0.26454269308762984,0.7306417689533778,0.004815537958992183
8502.0,1.667616026644329E-6,0.8359499697956406,0.16404836258833272
8976.0,0.3883529583522352,0.6080208231907789,0.0036262184569859058
8082.0,0.5445878199338645,0.453557948011327,0.0018542320548085055
8707.0,4.547887123401076E-6,0.9593996011257874,0.040595850987089115
9807.0,2.1995615148610204E-6,0.9767772806541426,0.023220519784342367
9321.0,0.9358421981638526,0.06407733746627553,8.046436987178967E-5
9594.0,1.145596642550776E-6,0.9731381568554672,0.026860697547890198
8468.0,0.9585841085677018,0.04138143165056663,3.445978173172457E-5
8199.0,1.6885367995862582E-7,0.9165858248110695,0.08341400633525044
8737.0,0.5474586039967553,0.44951534304299606,0.0030260529602486
9010.0,7.450535684370208E-8,0.25822659386273983,0.7417733316319033
9560.0,0.16446544352516046,0.8272151561272507,0.008319400347588737
9291.0,0.2867138387360635,0.6949822642805618,0.01830389698337468
8699.0,0.9754130818185385,0.02458160371132375,5.3144701378221345E-6
8424.0,0.9883400106175344,0.01165274135959422,7.248022871349969E-6
8910.0,0.9465781447578553,0.053165304424169786,2.56550817974785E-4
9181.0,4.961792705862761E-4,0.7853835172621055,0.21412030346730812
9380.0,0.7964865558659763,0.20306159260045248,4.5185153357119506E-4
9078.0,4.975418620615069E-4,0.37039488811380267,0.6291075700241359
8805.0,0.8441514873915249,0.15542968769919902,4.188249092760212E-4
8097.0,0.8288220406874566,0.170729431148439,4.485281641045279E-4
8259.0,0.35081680803878806,0.6476501820531402,0.001533009908071698
8528.0,0.8438729880877142,0.15599088585205406,1.3612606023173565E-4
9231.0,0.9706544743124261,0.029317081822495067,2.8443865078961965E-5
9500.0,0.04193801401440658,0.9526491237914185,0.005412862194174751
9769.0,0.883465858693272,0.11625346546376035,2.8067584296753554E-4
8842.0,0.8867594604238771,0.11279040930669483,4.501302694280906E-4
8364.0,1.8880835994979228E-5,0.7699209156095251,0.23006020355447987
8639.0,0.4921403709106539,0.5062490491143434,0.0016105799750027055
9440.0,0.0015553637106139587,0.6141074180685656,0.3843372182208204
9715.0,2.7545131497464384E-5,0.49846145839655315,0.5015109964719493
8872.0,4.582992725411085E-4,0.824404637576526,0.17513706315093283
9147.0,0.7619557191055893,0.23645110956199233,0.0015931713324183288
8605.0,1.6959355764193198E-4,0.9920533870008531,0.007777019441505009
8334.0,0.6588833041536466,0.33961624407476043,0.0015004517715930242
9681.0,7.885552834985253E-5,0.9689338179111225,0.03098732656052764
8775.0,0.9001028081365356,0.09985249729580828,4.469456765621349E-5
8112.0,0.5771250741347053,0.4185713534595006,0.004303572405794243
8562.0,0.14555212839852874,0.8497471451104927,0.004700726490978611
8289.0,0.40530502365299,0.5932229966266195,0.0014719797203907056
9534.0,0.8221758163554262,0.1775760765978653,2.4810704670848383E-4
9261.0,0.9434706222203134,0.056509504649522826,1.98731301637234E-5
9739.0,3.7328504342745546E-8,0.518466017077708,0.48153394559378765
9351.0,0.8854545608581772,0.11437255443373841,1.7288470808430248E-4
9620.0,0.009833297020995852,0.9302696214098553,0.05989708156914896
8395.0,0.8575779919006328,0.14235454312513493,6.746497423229442E-5
8664.0,0.7936866169826878,0.20596430518084557,3.490778364667281E-4
9214.0,1.0401384866967193E-5,0.9987251025294663,0.0012644960856666733
8941.0,0.6028898253880827,0.3938547437252113,0.003255430886705999
8165.0,0.1221473378177378,0.8310946656760124,0.04675799650624975
9806.0,1.458347223603926E-4,0.6728221068556022,0.32703205842203753
9320.0,0.9576650948633159,0.0423240170780007,1.088805868346034E-5
9595.0,0.8372911411286005,0.16249091424235754,2.1794462904198994E-4
8228.0,0.08559777636711365,0.9052542757669486,0.00914794786593776
8503.0,0.003326896748136394,0.7371423607135144,0.2595307425383492
8977.0,0.9476310504940008,0.052351040640582214,1.7908865417004588E-5
9290.0,0.9563451991498005,0.043596652563752045,5.8148286447423025E-5
8469.0,5.320413416535525E-6,0.8389166012966521,0.1610780782899313
8198.0,0.14482013527544774,0.8483220841089817,0.006857780615570573
8736.0,9.175438488893216E-4,0.7272477725221721,0.2718346836289386
9011.0,0.8632814121455192,0.13650097661791874,2.1761123656188083E-4
9654.0,8.512385059878405E-4,0.9216003459149603,0.07754841557905184
8698.0,3.797163577371152E-4,0.9162636368075476,0.08335664683471514
8425.0,0.9950502052926989,0.004949697418387194,9.728891397542143E-8
8180.0,0.6560114599414963,0.34397157867285855,1.6961385644989235E-5
8911.0,0.017930555615700654,0.9504006567477689,0.031668787636530624
9180.0,0.11935268925077906,0.8763589167948245,0.004288393954396656
9230.0,0.0235788241078636,0.9596309646381537,0.016790211253982657
9501.0,0.7376235917732157,0.2618972231363707,4.79185090413543E-4
9768.0,0.04529532482451608,0.9496194779359015,0.005085197239582506
9079.0,0.8596464223566938,0.14021277437821783,1.4080326508827859E-4
8804.0,0.8538433973644691,0.145816071048806,3.405315867247122E-4
8258.0,0.005056612740208048,0.989748244607819,0.0051951426519730145
8529.0,0.23356369761814796,0.7256638052012985,0.04077249718055362
9441.0,0.9563485293566313,0.0436366118002938,1.4858843074741562E-5
9112.0,0.48573640731856904,0.5127599160769929,0.0015036766044380348
8150.0,0.16563566786942552,0.6844468494904712,0.14991748264010327
8843.0,0.0758864722810017,0.7935608537974587,0.13055267392153963
8365.0,0.9467903362521338,0.053178805533087715,3.0858214778500955E-5
8638.0,0.8466991093148085,0.15289834981981387,4.0254086537771383E-4
9680.0,0.8993040229327042,0.10055535333005218,1.4062373724364256E-4
9411.0,0.7422745712992211,0.2564231490555853,0.0013022796451934468
8135.0,0.5941668962942326,0.4038820966968461,0.001951007008921267
8873.0,0.985718943605447,0.014277552910266103,3.5034842868142925E-6
9146.0,0.34642404926711623,0.6518541406949138,0.001721810037969842
8604.0,0.005249148288335233,0.7069496969323443,0.28780115477932033
8335.0,0.7089171150481997,0.29046783302305046,6.150519287498621E-4
9535.0,0.7023164556169292,0.29705309906671434,6.304453163563878E-4
9260.0,0.012344672337155993,0.8755917950778209,0.11206353258502307
9738.0,0.8586440961477418,0.14119586694626138,1.6003690599687926E-4
8774.0,3.61330974839451E-4,0.8936853570709041,0.10595331195425645
9045.0,0.832215366762321,0.16753719244647275,2.474407912062223E-4
8563.0,0.03783638439040549,0.953474051456726,0.008689564152868326
8288.0,0.041679333943389005,0.8943635236943291,0.06395714236228175
9733.0,0.850682720940769,0.14897528852683123,3.41990532399772E-4
9251.0,5.209165512987743E-6,0.9787414940296236,0.02125329680486337
9520.0,0.844908279708567,0.15450559240519673,5.861278862362952E-4
8303.0,0.9901538651712168,0.009846089102468685,4.572631444100702E-8
8572.0,0.6893985438686527,0.3096511985733667,9.502575579805791E-4
9050.0,0.4823498625572078,0.5111845453488645,0.006465592093927736
8777.0,0.48517048164379845,0.5102001368977613,0.004629381458440293
8119.0,8.097156182976329E-7,0.02800421263657906,0.9719949776478026
9420.0,0.5695724690310048,0.4286840545726329,0.0017434763963623944
9695.0,0.29324843186240784,0.6905310960559841,0.016220472081608154
8320.0,0.6794375183963226,0.3201594224057228,4.0305919795457227E-4
8595.0,0.8725366303223131,0.12736642334446655,9.694633322025934E-5
9141.0,0.9950502052926989,0.004949697418387194,9.728891397542143E-8
8870.0,0.011324152373379833,0.9266584076414709,0.06201743998514944
9725.0,0.01303782652710296,0.759211422210773,0.2277507512621239
9454.0,7.466189271936991E-5,0.669616127390693,0.33030921071658753
8625.0,0.5926500041973134,0.40675704735666396,5.92948446022647E-4
8354.0,0.07579911529395272,0.852227624567178,0.07197326013886925
8836.0,0.8267277283434585,0.17317701904573427,9.525261080715715E-5
9111.0,9.936215570405014E-7,0.9700234527148587,0.029975553663584228
9767.0,0.0690931489645398,0.9191964822957066,0.011710368739753648
9490.0,0.29031927193433393,0.7038315334739129,0.005849194591753257
9217.0,0.00364748056490259,0.95948547311254,0.03686704632255745
8542.0,2.772717679147905E-4,0.6058827193622679,0.3938400088698173
8269.0,0.9027726754930981,0.09712260618491064,1.0471832199118202E-4
8811.0,0.8226783711892197,0.17718849894998712,1.331298607931594E-4
8102.0,0.8170760733052076,0.18270192728100818,2.2199941378419477E-4
9080.0,0.539210566002497,0.45982507040940257,9.643635881005062E-4
9386.0,4.226434761404028E-5,0.7264428574553913,0.27351487819699477
9657.0,0.08353158138539649,0.9119856645887703,0.004482754025833312
9171.0,0.8497328943901562,0.14994757964753452,3.1952596230942483E-4
8896.0,1.1712108974512828E-6,0.7513118317773011,0.2486869970118015
8693.0,0.17026555060688808,0.825963293286339,0.0037711561067729792
9285.0,2.197337927549456E-4,0.6382293883396168,0.3615508778676283
9558.0,0.8258553411479772,0.17351369579560494,6.309630564178222E-4
9020.0,1.6347197883729405E-6,0.3609995802561674,0.6389987850240442
8751.0,0.9427068900726637,0.05719954527651538,9.35646508209688E-5
8201.0,0.7102279088383583,0.28964683024893484,1.252609127067772E-4
8474.0,0.452105019858948,0.5444924798954336,0.0034025002456183765
9588.0,4.770721315768995E-7,0.8423216918072618,0.15767783112060663
9319.0,9.087822798229776E-4,0.1978451055345695,0.8012461121856076
9793.0,0.8292332955209047,0.17074585684578608,2.084763330908894E-5
8085.0,0.6945640672177453,0.3046614357403811,7.744970418735788E-4
8717.0,0.555718376702439,0.44158162245782734,0.002700000839733716
8990.0,0.87908803928319,0.1208565573704705,5.540334633945963E-5
8504.0,0.7812725578701155,0.21816106639794108,5.663757319435158E-4
8235.0,0.008158714458021882,0.9220886450197515,0.06975264052222666
9627.0,0.004967239487935776,0.7209578883363076,0.2740748721757567
9352.0,0.7339101291931449,0.26534112423782125,7.487465690339012E-4
8930.0,0.9754130818185385,0.02458160371132375,5.3144701378221345E-6
9201.0,1.4005843678621243E-10,0.1753927791493581,0.8246072207105835
8663.0,0.07176431651214614,0.9226469699628118,0.0055887135250419565
8388.0,0.2202687113074664,0.774819786103981,0.004911502588552792
8302.0,0.03374131041321257,0.9513337614101233,0.014924928176664194
8573.0,5.3627932641305784E-6,0.6018335620812629,0.39816107512547294
9051.0,0.9449639081272282,0.05499707418693436,3.90176858374109E-5
8776.0,0.8344485225822627,0.1654614947611782,8.998265655919787E-5
9250.0,0.8356228998996903,0.16392940205453646,4.4769804577330345E-4
9521.0,8.253261727055248E-6,0.6518924871018917,0.3480992596363813
8321.0,0.19087846119448532,0.8053991892137429,0.003722349591771671
8594.0,5.662179080692505E-4,0.5654684154834831,0.4339653666084477
9140.0,0.5004104599240541,0.49797868167468357,0.0016108584012623217
8871.0,0.4521081525383771,0.5473072021516775,5.846453099453647E-4
8128.0,0.7870806040164146,0.21258272666522376,3.3666931836175796E-4
9421.0,2.9630765007592256E-6,0.9826213679671987,0.01737566895630047
9694.0,0.9856556973975046,0.01433987726495029,4.42533754509294E-6
8624.0,0.005794516915587204,0.9167492315639727,0.07745625152043989
8355.0,0.9684911167750176,0.03150711351596247,1.769709019942368E-6
8145.0,0.9680801870257724,0.03189544169165523,2.4371282572415476E-5
8837.0,6.459779373727935E-8,0.7895680526800153,0.21043188272219085
9110.0,0.7327700797944262,0.26631345739604934,9.164628095245512E-4
9724.0,0.3735422891356966,0.6240269743894457,0.0024307364748577067
9455.0,0.9839437620049392,0.016055639628198063,5.983668628229095E-7
8543.0,0.30631826033497644,0.6914481873735139,0.0022335522915096946
8268.0,0.2922589702955824,0.6833176776751299,0.024423352029287686
8810.0,0.07237977295616536,0.925772340055783,0.0018478869880518547
9081.0,0.4545858043990667,0.5439434948737185,0.001470700727214839
9766.0,0.9082562898695067,0.09150682149635268,2.3688863414070673E-4
9491.0,0.4730978758355137,0.5165448143909583,0.010357309773527897
9216.0,0.205699288833037,0.7941336708310172,1.6704033594590328E-4
9170.0,0.001061259482251888,0.8765713824889787,0.12236735802876933
8179.0,3.413230550121616E-5,0.2599787018448168,0.739987165849682
8897.0,0.021950132615154272,0.9732633479666151,0.004786519418230614
8423.0,0.7578527638616084,0.2420417183630234,1.0551777536811753E-4
8692.0,0.6901160171931263,0.30968982056445316,1.9416224242036544E-4
9387.0,0.9475885336746921,0.05235844479321419,5.3021532093666504E-5
9021.0,0.9968315706501274,0.003168392670498654,3.667937396624978E-8
8750.0,0.73527102816732,0.26405441808069585,6.745537519841348E-4
8200.0,8.552271875084398E-5,0.9102692320565539,0.08964524522469526
8475.0,0.10994130640897402,0.8748551473980417,0.01520354619298429
9559.0,0.9503677924391007,0.04960622288893492,2.5984671964343994E-5
8716.0,3.820634442097164E-6,0.9160513383401585,0.08394484102539926
8991.0,0.8611741245663315,0.1385874018591911,2.3847357447741242E-4
8505.0,3.7848255321161803E-7,0.13738353669303316,0.8626160848244135
8234.0,0.7769074735112492,0.2225722065009611,5.203199877895462E-4
9589.0,5.514063754521807E-6,0.029082322002419864,0.9709121639338257
9318.0,0.927107021140885,0.07277747954409053,1.1549931502472354E-4
9792.0,0.2064350986652801,0.7892629940068416,0.004301907327878368
8931.0,1.3498666656582822E-7,0.9616843150241274,0.03831554998920605
8162.0,4.766023572175441E-5,0.5099187171526999,0.49003362261157846
9200.0,3.0828981199051265E-6,0.9891397401785874,0.010857176923292652
8662.0,0.9963842563981967,0.0036156793470486057,6.425475476083069E-8
8389.0,3.3825283715398955E-5,0.3910597306973359,0.6089064440189488
9626.0,0.1906060583058746,0.808509508427676,8.844332664494268E-4
9693.0,0.7108224998404891,0.28866030273539683,5.171974241141855E-4
9422.0,0.9909497228042013,0.009049881281317554,3.959144810445947E-7
8593.0,0.9069683182282876,0.09290534491730577,1.2633685440663619E-4
8322.0,0.9790220427575059,0.020974288231270795,3.6690112232473634E-6
8868.0,0.9769480289412976,0.023044445934863055,7.52512383927538E-6
9143.0,0.6450747516825214,0.35101108041342743,0.003914167904051128
9735.0,0.46612514782735087,0.5330882195883749,7.866325842741784E-4
9522.0,0.7964865558659763,0.20306159260045248,4.5185153357119506E-4
9249.0,3.280877666308809E-9,0.0013385706509997882,0.9986614260681225
8574.0,0.07243789052761214,0.9066606534315639,0.020901456040824044
8301.0,0.9668836470605007,0.03310438280135989,1.1970138139395644E-5
8118.0,0.2134963996712545,0.7844295191678083,0.002074081160937134
8779.0,0.8993040229327042,0.10055535333005218,1.4062373724364256E-4
9048.0,0.9069683182282876,0.09290534491730577,1.2633685440663619E-4
9765.0,0.3351726143836429,0.6610670191278392,0.0037603664885180093
9219.0,0.6754023414787066,0.3240361860982115,5.614724230819912E-4
8271.0,0.6788864343989635,0.32009891199928336,0.0010146536017532546
8540.0,0.013253908047123958,0.9666710861433085,0.02007500580956753
9082.0,3.354834149717379E-7,0.9511325933469853,0.04886707116959973
8103.0,0.3766021461814048,0.6199492069622732,0.003448646856321931
8809.0,0.7364897687603269,0.2626921932176739,8.180380219991545E-4
9452.0,0.9683264299232601,0.03163650903910091,3.7061037638970814E-5
9727.0,0.40807466246685836,0.5891474715107382,0.0027778660224034297
8352.0,0.8439197713964351,0.15602332472516706,5.690387839758056E-5
8627.0,1.0387583366585891E-10,0.2908615597510812,0.709138440145043
9109.0,0.0012466291005231714,0.9801308053244996,0.018622565574977386
8838.0,0.9453122297083817,0.05465429625670077,3.347403491755324E-5
9556.0,0.9035850087009301,0.09634970570815272,6.528559091738095E-5
9287.0,0.8356228998996903,0.16392940205453646,4.4769804577330345E-4
8749.0,0.0015747115271496062,0.9759285497746908,0.02249673869815969
9022.0,0.5525336701512662,0.44610243828440677,0.0013638915643270375
8472.0,0.19469806005446894,0.7911078933225583,0.014194046622972613
8203.0,0.10394953444749831,0.8879153005377279,0.008135165014773621
9659.0,0.010010467489587789,0.9475637789308679,0.042425753579544305
9384.0,0.10352281009041274,0.799145636737976,0.09733155317161123
8898.0,0.008374964458160022,0.970633546130479,0.020991489411360875
9169.0,4.810141830678444E-5,0.6567328915371828,0.34321900704451036
8695.0,0.5445218840208282,0.45347791894988926,0.0020001970292823964
8420.0,0.7708680726179049,0.22876066883878357,3.712585433115335E-4
9354.0,0.05305833573521843,0.9406010903627842,0.006340573901997381
8928.0,0.9587973090942636,0.041178380652177604,2.4310253558775738E-5
8390.0,0.003097819801799726,0.9781612225394559,0.018740957658744308
8661.0,0.49064928222545856,0.5067972153411153,0.002553502433426149
9317.0,0.001520325040467554,0.9402912740473425,0.058188400912190005
9590.0,0.5154903771673293,0.4837680581535725,7.415646790981785E-4
9795.0,0.31534502487096333,0.6834465127501211,0.0012084623789155912
8988.0,0.8209564911314909,0.1788308879993284,2.1262086918078456E-4
8084.0,0.6285413300138701,0.3653019775660951,0.006156692420034821
8719.0,0.4687844426711367,0.5293109118150843,0.0019046455137789614
8233.0,1.3466537097303502E-4,0.997200699918497,0.0026646347105301767
8506.0,0.8342273606749283,0.1655011306728468,2.715086522247839E-4
8592.0,0.4624463659561309,0.5356563649611128,0.0018972690827561843
8323.0,0.8328530479384455,0.16659117468244294,5.557773791116735E-4
8129.0,0.5160267435268988,0.4808074103619378,0.0031658461111633996
8869.0,0.23666440920020745,0.7578472212116525,0.0054883695881399715
9142.0,0.866265090696876,0.1324128747983073,0.0013220345048167736
9692.0,0.9371764884196617,0.06278996850031253,3.354308002575617E-5
9423.0,0.050475771651098525,0.933001768268198,0.016522460080703624
8575.0,0.998717494641388,0.0012824636866898484,4.167192219249487E-8
8300.0,4.2109431677358864E-10,0.003955183450571322,0.9960448161283344
8778.0,7.322661853197937E-4,0.9944546174338924,0.004813116380787808
9523.0,3.2414854331303793E-6,0.5984488630768404,0.4015478954377265
9248.0,0.7916746971093185,0.20729287296502255,0.0010324299256590699
8270.0,0.9307160374532181,0.06918066544312441,1.0329710365762102E-4
8541.0,0.004404625733225321,0.8482108255115158,0.14738454875525875
9083.0,0.33940852109892305,0.6584391731982379,0.0021523057028391256
