9179.0,0.9999992045776313,2.3740823723385043E-8,7.716815451343907E-7
8904.0,0.9441048784955562,0.05589507053453008,5.096991376167278E-8
8701.0,1.6673301317986886E-14,0.13442550091285677,0.8655744990871266
9378.0,6.3243394853339735E-9,0.9999999932236787,4.519817453637532E-10
9012.0,0.43449911061785185,0.5654756962054024,2.5193176745831804E-5
8743.0,0.001533213560871679,7.938917930238743E-6,0.9984588475211981
8193.0,6.9888746613954654E-9,0.9941527649961631,0.005847228014962292
8466.0,1.2190204586401357E-8,0.9988556291583093,0.0011443586514860884
9293.0,0.8360427890710201,0.16395713501137002,7.591760976226437E-8
9566.0,0.7825209491035106,0.21747905089648573,3.6796488744490445E-15
8081.0,0.7961166074309065,0.19933459400208967,0.004548798567003764
8709.0,0.0010435395821671977,0.19306853001374227,0.8058879304040906
8982.0,5.037958415315193E-12,0.006128877474065954,0.993871122520896
8496.0,0.48080004244526653,0.5191999575544823,2.510693618019189E-13
8227.0,1.5539064481610936E-5,0.9971401708736517,0.0028442900618667814
9596.0,0.005199310416339648,0.984745026144399,0.010055663439261382
9327.0,0.7268428686581903,0.27315713066710884,6.747009114553099E-10
9801.0,2.3470844954059157E-13,0.0679408981639337,0.9320591018358315
8938.0,3.253852625330107E-4,0.6945730867891456,0.3051015279483213
8671.0,3.9365196980865455E-17,0.9999999999996325,3.6757106111243474E-13
8396.0,0.959729828773552,0.04027017122620914,2.388938818859695E-13
9619.0,7.848958707579075E-16,3.547241035672532E-4,0.9996452758964319
9344.0,0.7539961779870115,0.24600382201298854,3.3162068554608415E-23
8295.0,1.068075646217926E-7,0.9999873084283419,1.2584764093542629E-5
8564.0,0.0013915643069502153,0.9985988777410751,9.557951974600361E-6
9042.0,0.21147809566453835,0.7884986942949872,2.3210040474437278E-5
8769.0,0.012000705130964563,0.987998914559595,3.8030944040379355E-7
8115.0,0.9884037776623197,0.01153988468981805,5.633764786218123E-5
9741.0,1.5953783895164463E-17,0.9666259951053837,0.03337400489461623
9259.0,7.197191831578926E-13,0.9999999999612115,3.806884429817762E-11
9528.0,2.5928640570950968E-9,0.5785136427240206,0.4214863546831153
8328.0,0.735191383065122,0.2648085671728346,4.976204342715581E-8
8603.0,2.749111678202024E-10,9.109942974599474E-6,0.9999908897821143
9149.0,0.03952981691883866,0.9600696609360774,4.0052214508393635E-4
8878.0,0.8929869291135903,0.10701307088640966,5.51687504903376E-20
9687.0,4.672354803622606E-11,0.9999975323599043,2.4675933719774253E-6
8633.0,0.8820114545276942,0.11798854547227272,3.31810592391116E-14
8362.0,1.5278986457926187E-8,0.9976338078807288,0.0023661768402846277
8844.0,0.7806120983580137,0.21938788231997497,1.9322011382294516E-8
9119.0,0.8028558838377448,0.19714410719846184,8.963793514883805E-9
9446.0,0.10698701574954424,0.8930129842497871,6.686680379824797E-13
8534.0,0.39097928717393005,0.6090207128260327,3.737844821383915E-14
8261.0,3.849107039788737E-9,0.9999999920433761,4.107517017588832E-9
8098.0,0.9999999876041273,1.2394652560946288E-8,1.2201000830711064E-12
8803.0,0.8338659705762258,0.16613396722120732,6.220256696338052E-8
9072.0,1.7138949009270176E-5,0.9999828305992043,3.0451786402282686E-8
9775.0,5.301936547551027E-6,0.9893109916010306,0.01068370646242167
9498.0,0.059830064410500754,0.9396349979029449,5.349376865543901E-4
9225.0,0.5760730242817519,0.4239109347554247,1.6040962823447112E-5
9379.0,0.004042993329748643,0.992604186597474,0.0033528200727774024
9648.0,1.1673741540656506E-7,0.9999992839556358,5.993069488786206E-7
9178.0,0.07317077214850691,0.9268288280420504,3.9980944277951883E-7
8183.0,8.18717166766658E-27,0.9484199797287506,0.05158002027124936
8905.0,5.443395847358973E-12,0.011406614881543759,0.9885933851130129
8431.0,0.001710145965115602,0.8572992009224153,0.14099065311246903
8700.0,0.5166772453327912,0.4833176656346153,5.089032593484173E-6
9292.0,7.579114161121698E-4,0.997063812091647,0.0021782764922408378
9567.0,6.605714893322089E-13,0.9999779123793842,2.208761995520477E-5
9013.0,0.13831017385675734,0.8616898261139493,2.9293361137295216E-11
8742.0,0.08903163026081551,4.513972691067486E-7,0.9109679183419154
8192.0,0.20974597262989253,0.7902531846036789,8.427664286221732E-7
8467.0,0.6156488917115213,0.37438078456428964,0.009970323724189113
9597.0,0.9999999233993205,7.496571562573755E-8,1.6349638792715533E-9
9326.0,0.9619814841776629,0.03801851582233702,2.4474580353704565E-45
9800.0,7.339237389471581E-26,0.9993483347823788,6.516652176210961E-4
8708.0,0.8979116007394814,0.10208839926046759,5.1129572782907745E-14
8983.0,0.9082150220567271,0.09178497794326572,7.182845711726564E-15
8497.0,2.8428916335235834E-9,0.9999308909697282,6.910618738000368E-5
8226.0,3.216655093660391E-6,0.9510899222652237,0.04890686107968264
9618.0,0.9618172936573388,0.038182706340646994,2.014175714383484E-12
9345.0,0.048206102895837155,0.9517705603377975,2.333676636522678E-5
8166.0,9.77968966158683E-23,4.3058564536984067E-10,0.9999999995694144
8939.0,0.9779569983159038,0.02204300168409614,1.4318245061936354E-19
9208.0,0.0362042394730159,0.9637957135904284,4.693655577958281E-8
8670.0,3.867496347477443E-9,0.9999904946889554,9.501443548119594E-6
8397.0,0.11887994679296798,0.8811200529920027,2.150291849947658E-10
9740.0,0.9792660845954718,0.020733791022186268,1.2438234210979175E-7
9258.0,0.9998785159343648,1.2148406563374222E-4,1.230054440736903E-15
9529.0,0.10780318568562683,0.8921914797100361,5.334604337030682E-6
8294.0,0.9833245470874528,0.016675378250132912,7.466241429176732E-8
8565.0,5.428005878899011E-14,0.03806565510154185,0.9619343448984038
9043.0,0.4678591462441166,0.5321399055846727,9.481712106951462E-7
8768.0,3.657045933284119E-9,0.9999999953595835,9.833705247490446E-10
9413.0,3.6743321449324984E-4,0.9995428095047674,8.975728073931641E-5
9686.0,0.9097590227763669,0.09024097711957613,1.0405708314097406E-10
8329.0,2.1707531011635788E-15,0.9999999999535847,4.641302074258687E-11
8602.0,0.0025077112123387197,0.4331333614748576,0.5643589273128038
9148.0,0.9099920624255552,0.09000749629501353,4.4127943130935067E-7
8879.0,0.0025497814441924694,0.0025570855589099033,0.9948931329968975
8132.0,0.9539339033420046,0.046065980858315564,1.1579967989741501E-7
9716.0,0.0014306453556401926,0.9985693528287846,1.8155750924475653E-9
9447.0,6.277465124870982E-9,0.8184364903999162,0.18156350332261872
8632.0,0.6371710740834017,0.3628164439253549,1.2481991243487226E-5
8363.0,0.30880963838842723,0.6910200176132536,1.7034399831919743E-4
8149.0,8.368904991481665E-8,4.101680853736947E-8,0.9999998752941415
8845.0,0.9999999993258715,5.427645550490775E-10,1.3136403900127402E-10
9118.0,0.15452303389704414,6.505273982730864E-47,0.8454769661029559
9774.0,5.9936388426931304E-15,0.9999999999057203,9.427377790238466E-11
9499.0,0.08478524302053679,0.8893436782247153,0.02587107875474797
9224.0,0.5137153406412514,0.48628464007015454,1.9288594221400987E-8
8535.0,0.962119328121872,0.037880671878128186,4.673870542789833E-23
8260.0,0.17797478306604403,0.5043785942328252,0.3176466227011309
8802.0,8.618392697137374E-4,0.9971616363978386,0.001976524332447552
9073.0,0.06185401427691103,0.9381459772869734,8.436115683413221E-9
8741.0,0.7172862000160858,0.28270889938742166,4.900596492532655E-6
9014.0,0.18933549689472404,0.8105847613024396,7.974180283633441E-5
8464.0,0.0012266962522211229,0.9987455976658017,2.77060819772209E-5
8195.0,0.6273916044415246,0.3726079929226067,4.026358686499188E-7
9564.0,1.4561211295069123E-15,0.9999960091876592,3.9908123391507684E-6
9295.0,0.9729920846001952,0.02700791539895802,8.469620215747875E-13
8906.0,2.1384144087785712E-10,0.9999999997861586,2.6747627886194535E-22
9177.0,0.9663888568707977,0.033610849023395346,2.941058068574358E-7
8703.0,6.938623556476065E-7,0.0582334781519665,0.9417658279856778
8428.0,5.844441927600122E-4,0.9972973113548217,0.002118244452418306
9651.0,0.782025273642894,0.2179745998090525,1.265480535650965E-7
9376.0,0.2115784651082737,0.7883713781186762,5.015677305021111E-5
9211.0,0.5334669858477942,0.4665293631076121,3.6510445937115697E-6
8936.0,0.9220815683153214,0.07791757016516657,8.615195119308542E-7
8398.0,0.12913915382154403,0.18581009789521596,0.68505074828324
8669.0,0.8263773968467726,0.17362260189177134,1.2614561016119365E-9
9346.0,3.109038795335077E-9,0.9997537978293025,2.4619906165866874E-4
9617.0,3.6465898736871065E-17,0.9999999959104233,4.08957675688334E-9
8980.0,0.7817955316152175,0.21820374759248523,7.207922971274196E-7
8080.0,0.0010344355701130323,0.9989655642990751,1.3081174280182814E-10
8711.0,0.009024506945245541,0.9717897074017082,0.01918578565304634
8225.0,0.338810503644066,0.6611894963223973,3.3536724209181036E-11
8498.0,0.7628670693993687,0.23713251934119212,4.112594393029486E-7
9325.0,0.05198886128392881,0.9479325535508752,7.858516519591036E-5
9598.0,0.8227586657557349,0.17724115387098222,1.8037328307229068E-7
9803.0,3.6715440855226094E-4,0.9996328455898802,1.5674281691417791E-12
8601.0,0.969071387198959,0.030928273770383347,3.3903065782224743E-7
8330.0,0.07659902234938283,0.9234009699268922,7.723724962329939E-9
8876.0,0.9574598908469062,0.042540105279774254,3.87331948015857E-9
9151.0,0.8213132903941892,0.17868478607674176,1.923529068974956E-6
9685.0,1.7023203072020047E-7,0.998567822005007,0.0014320077629623204
9414.0,0.0016661526097767746,0.9983330828841371,7.645060860908192E-7
8566.0,0.010406727324702266,0.9895932021957053,7.047959235831636E-8
8293.0,0.6230947605914254,0.3769052036662406,3.574233397002E-8
8771.0,2.0254721417955488E-17,0.9997786338836279,2.2136611637212238E-4
8114.0,3.2101136473332314E-4,0.9996789886352666,1.0584645595085807E-17
9040.0,0.6887470069425247,0.31112585750120486,1.2713555627054607E-4
9743.0,0.001071602697679185,0.9989283973023209,9.258811166593731E-17
9530.0,0.687032044996415,0.31296795500358493,9.452799893516052E-18
8263.0,0.9259468081709264,0.07405318593520595,5.893867511944747E-9
8532.0,0.8573881367097197,0.13976665313120776,0.002845210159072506
9074.0,0.999999999060275,9.397204604716337E-10,4.439886367784124E-15
8801.0,2.540689356740604E-4,0.0013048391114363546,0.9984410919528895
8099.0,0.3105683108571268,0.6894187727179647,1.291642490860177E-5
9773.0,0.7438736811214538,0.2561263188458845,3.266175823257549E-11
9227.0,0.02176281110593973,0.6206609722131108,0.35757621668094947
9496.0,0.04970918677462648,0.5414982323881049,0.4087925808372686
8360.0,1.5958775543578824E-4,0.005116543776134244,0.99472386846843
8635.0,0.07241956573773044,0.9273486587012539,2.3177556101570032E-4
9117.0,0.6644932437764787,0.3355067445937274,1.1629793884706429E-8
8846.0,0.10829014219394383,0.8845860872893528,0.007123770516703397
9444.0,4.247396148257949E-6,0.9090621190606626,0.0909336335431892
9719.0,0.11248067804059139,0.8727587481345692,0.014760573824839474
9565.0,0.8467085099436014,0.1532902681891451,1.2218672535803262E-6
9294.0,0.03677509179639832,0.9632228139971376,2.0942064639916817E-6
8740.0,3.2608843706530233E-29,0.01215831599846119,0.9878416840015388
8465.0,0.012093540190057511,0.431182628609194,0.5567238312007484
8194.0,0.5092136929628729,0.49078626246359225,4.457353473287426E-8
9650.0,0.19134332313635022,9.703923645633225E-13,0.8086566768626795
9377.0,3.1634093839079265E-8,0.7985036239558296,0.20149634441007652
8182.0,0.16718757359701164,0.8326361884531294,1.7623794985895043E-4
8907.0,0.007366160882351814,0.9926031175289459,3.0721588702145984E-5
9176.0,0.22819426798185038,0.7718046213862968,1.1106318528813083E-6
8702.0,0.6286838791846583,0.3713129465361199,3.1742792217126263E-6
8429.0,1.0296652932336476E-12,9.007677561958105E-14,0.9999999999988802
9347.0,0.0830003506410968,0.9169464400840753,5.320927482774294E-5
9616.0,1.5152260514808556E-8,0.9999862859683205,1.3698879418791657E-5
9210.0,1.950707994919999E-4,0.9896850151606099,0.010119914039898113
8937.0,0.029172863384840413,0.970820410931238,6.7256839215603735E-6
8167.0,0.9169286519193228,0.08307134674931163,1.3313653884093882E-9
8399.0,0.6474213427820816,0.35257865015220663,7.0657117391336295E-9
8668.0,0.09241280462485484,0.907320449454604,2.6674592054120455E-4
9324.0,0.6630211957127945,0.33621788054049806,7.60923746707452E-4
9599.0,0.034589026815902695,0.9654109463852888,2.679880847996396E-8
8981.0,3.2787985806643745E-4,0.978723726531018,0.020948393610915515
8710.0,0.03262140419250674,0.9673695927177903,9.00308970306046E-6
8224.0,0.19880386776419268,0.8011537175707544,4.2414665052979265E-5
8499.0,0.19647844502854955,0.8035141873594643,7.367611986082793E-6
9684.0,0.9999999752060342,2.4791754435212734E-8,2.2114470979284305E-12
9415.0,0.08895354918167256,0.9110463584133431,9.240498427088031E-8
8600.0,0.0037191494806313096,0.9939977580588203,0.002283092460548571
8331.0,0.8646595370976924,0.13534046290226562,4.201419242469569E-14
8877.0,0.9997534271985672,1.9541462886029601E-4,5.115817257246987E-5
8133.0,0.9999999999999958,3.744319120363689E-51,4.234492065841341E-15
9150.0,0.7165618035096364,0.28343788892769606,3.075626675937482E-7
9742.0,0.9439465781135754,0.05605338112047106,4.0765953501299077E-8
9531.0,0.7854838689023177,0.2145161213039668,9.793715477043581E-9
9256.0,1.719122106606262E-8,0.06762114640632652,0.9323788364024524
8567.0,0.19002464129189378,0.8088630387408391,0.0011123199672672167
8292.0,1.6276420750856647E-7,0.9999989035421392,9.336936533404826E-7
8770.0,0.8291214867239735,0.17087825618419805,2.570918286715841E-7
9041.0,0.7438442245186755,0.25615577076699375,4.71433075390421E-9
9772.0,0.42614836156138036,0.5738516384147876,2.383211019996903E-11
9226.0,0.0017393940559919106,0.19095345733071697,0.8073071486132911
9497.0,6.447002935457242E-8,0.9997893684837735,2.1056704619716878E-4
8262.0,0.0013412952471439804,0.9866232613177252,0.012035443435130872
8533.0,0.1933553205270679,0.805794868829738,8.498106431940454E-4
9075.0,0.12172828289200976,0.878156109628911,1.1560747907919041E-4
8800.0,0.9376212707674547,0.06237872842567921,8.068661876891606E-10
9445.0,0.0013399283991935391,0.9934399829583644,0.005220088642441971
9718.0,0.053663224696047306,0.9415736493213258,0.004763125982626893
8361.0,8.868615379338363E-9,3.6792637283042547E-51,0.9999999911313847
8634.0,0.41280831592991046,0.5871916840700895,5.939445997718329E-34
9116.0,0.6130703155701827,0.3869293681617827,3.1626803458858316E-7
8847.0,0.9999833381437132,3.4302972115028455E-6,1.3231559075092481E-5
8148.0,0.293238842923979,0.7067611570760206,4.136203288628695E-16
8500.0,1.890103514522013E-5,0.15594461499306422,0.8440364839717904
8231.0,0.9613754960423985,0.03862450161007021,2.3475314323540717E-9
8705.0,0.7999909122951432,0.20000908037680423,7.328052551602797E-9
8083.0,0.9258014625104606,0.07419853748953817,1.2516289255184542E-15
8978.0,0.638158546008063,0.3616930220107202,1.4843198121678174E-4
9805.0,2.128093930468188E-5,0.0347305588386177,0.9652481602220776
9592.0,0.9391785425865038,0.060821358792006196,9.862149007439113E-8
9323.0,0.3988782065470524,0.6011180153061109,3.7781468367213116E-6
8667.0,0.4082117613811238,0.5917875435145035,6.951043726251973E-7
8392.0,0.8736812445678156,0.12598463853944825,3.3411689273624693E-4
8942.0,0.0039593503392609235,0.9952441279958582,7.96521664880878E-4
9213.0,0.6213675563830059,0.3786324212300591,2.2386935107371587E-8
9623.0,0.9391813482094689,0.06081864550790554,6.28262547833715E-9
9348.0,0.8915590989615556,0.10844090103844435,5.370862117946393E-18
8426.0,0.5669361393027872,0.43238002239803236,6.838382991804996E-4
8697.0,0.8128662433353939,0.17215416523820112,0.014979591426404999
9183.0,0.2527267607408577,0.7472555085403703,1.77307187719957E-5
8908.0,0.9872008218140756,0.012799178102982011,8.29422840009954E-11
9653.0,0.23173371195512849,0.7682651306371435,1.1574077280234493E-6
8197.0,8.626113866649245E-18,7.926581432498504E-5,0.9999207341856751
8470.0,1.835790932708013E-18,0.001806758932700847,0.9981932410672992
9008.0,1.6759713193760122E-11,0.9999984676340004,1.5323492399573735E-6
8739.0,0.9271404742187785,0.07285952578122142,9.064787157912689E-32
9289.0,0.1784576704838466,0.8215373633547793,4.966161374081401E-6
9562.0,0.9625509413523597,0.037449058647640227,4.043496337876914E-22
8840.0,9.185247878435461E-4,0.999081474651197,5.60959555263296E-10
9115.0,2.8050696707567847E-11,0.9999999999523732,1.9576090926371242E-11
8637.0,2.5630863844983904E-15,8.240256797797727E-6,0.9999917597431995
8366.0,0.7847596295795564,0.2152403703575147,6.292905471014444E-11
9442.0,0.42894129346206367,0.5703794461633713,6.792603745650628E-4
8807.0,0.7121677443074269,0.2878311642400578,1.0914525152237286E-6
8096.0,0.9999997620615273,2.379384726566716E-7,1.2673697655011284E-22
9076.0,0.0014351581938324167,0.9940819827264926,0.004482859079674862
8530.0,0.009204891198150055,0.9897307896156369,0.0010643191862131957
8257.0,0.05036534294250485,3.693088074254569E-57,0.9496346570574952
9502.0,6.033331609029274E-8,0.009781708277315877,0.990218231389368
9229.0,0.44897728256337605,0.5510227174366235,4.3680131049491968E-16
9771.0,0.18711371999407966,0.8128853496849967,9.303209235887641E-7
9046.0,2.2854322580755055E-6,0.9999977145672693,4.727686115582006E-13
8773.0,0.007218611672718678,0.9926605707809997,1.2081754628153316E-4
8113.0,0.911710333358744,0.08828966664125601,5.045385016680821E-18
8291.0,3.672644653211643E-13,0.0010701858289643273,0.9989298141706684
8560.0,0.916767981561158,0.08323201417528994,4.263552006388591E-9
9263.0,0.0234653264108661,0.9760073876622535,5.272859268803884E-4
9532.0,0.20454673181294228,0.7948545533275354,5.987148595222999E-4
9737.0,1.834903831918638E-6,0.019567264552271403,0.9804309005438968
9145.0,0.9999999944369358,5.557844947496816E-9,5.2190671499100605E-12
8874.0,0.3983466615622927,0.6015167875433397,1.3655089436750124E-4
8332.0,0.8581352075881421,0.14186478984127973,2.570578233346793E-9
8607.0,7.1361797190606E-14,0.9999989013892131,1.0986107156372089E-6
9408.0,0.9805988143403123,0.01940104289797754,1.4276171023569623E-7
9683.0,0.9398541589133655,0.06014584108630226,3.32222374992157E-13
9593.0,0.9894612828593264,0.01053871712753595,1.3137724446128505E-11
9322.0,0.10547485997361633,0.8941628877851289,3.622522412547951E-4
8501.0,0.5799511567818442,0.4200488431483251,6.983068484223301E-11
8230.0,0.8291179673730026,0.17088198118183104,5.1445166411641285E-8
8704.0,0.5838081780457359,0.4099253299123748,0.0062664920418892545
8979.0,0.07560643473390659,0.7974440851981639,0.12694948006792947
9622.0,0.19601139972885287,0.8039797110996744,8.889171472706547E-6
9349.0,0.663550619832521,0.3354727985259273,9.765816415518104E-4
8666.0,3.4075655404027764E-14,0.8937660088169509,0.10623399118301499
8393.0,0.4700603565994444,0.5299396003896998,4.301085585416844E-8
8164.0,0.10984432130506015,0.8901531520931902,2.5266017496549004E-6
8943.0,4.686796369737237E-4,0.9995254995928778,5.820770148556457E-6
9212.0,0.014391675221727813,0.9856083212694792,3.5087931569644104E-9
9383.0,0.9994129084218504,5.866189312654106E-4,4.726468842812124E-7
9652.0,0.9782135633053838,0.02178640406156384,3.2633052255654656E-8
8427.0,0.8082471119455322,0.19175288792689482,1.2757297460376415E-10
8696.0,0.9258969304747717,0.07410242474315508,6.447820731888019E-7
9182.0,0.9411247747200527,0.058875224959902,3.2004506689580024E-10
8909.0,0.14749260119264915,0.8519360460066799,5.7135280067091E-4
8181.0,0.8160519688889509,0.18394683639074305,1.1947203060642031E-6
9288.0,0.26218938678347486,0.7376188649250697,1.9174829145547168E-4
9563.0,0.46849075232360066,0.5315092476678835,8.515860432991107E-12
8196.0,7.353965998358194E-13,0.9999999999992646,5.5241626233019455E-18
8471.0,0.7715789758956472,0.22842096985777827,5.42465746156241E-8
9009.0,0.4927547355915032,0.507244508062546,7.563459508091699E-7
8738.0,0.04721423205476406,0.9527848791112384,8.8883399746485E-7
9712.0,0.08087840497496833,0.919121595025027,4.6347677006109276E-15
9443.0,0.28912384805902225,0.7108761503793466,1.561631156461201E-9
8151.0,0.4990871369513336,0.5009128630461595,2.5069405994135594E-12
8841.0,0.006166916509740408,0.9856881773886478,0.00814490610161169
9114.0,0.9435336050912648,0.05646639490873085,4.384883205151139E-15
8636.0,0.006656546261503017,0.9401667436072506,0.05317671013124638
8367.0,2.2127288921130146E-14,0.999421849140448,5.78150859529743E-4
9503.0,0.9654037226394756,0.03459627675768624,6.028381513674915E-10
9228.0,0.9896958986149724,0.010304101385027357,3.26427963591367E-16
9770.0,0.3975298683045846,0.602470131607236,8.817945028400235E-11
8806.0,0.04253813717757715,0.9573472982206649,1.145646017580564E-4
9077.0,8.438384580892458E-4,0.17114015758355502,0.8280160039583557
8531.0,2.904182548298071E-6,0.39141699440307803,0.6085801014143737
8256.0,0.21551067915114944,0.7844893206530776,1.9577288632644485E-10
9262.0,0.002150942327081829,0.64374576413613,0.3541032935367882
9533.0,4.391561350060176E-11,0.017524551788842078,0.9824754481672423
9736.0,0.8593713063288786,0.14062869365384334,1.7277973524878443E-11
9047.0,0.023924926359235658,0.9760746566173841,4.170233800777078E-7
8772.0,0.006727612754193234,0.9929614755377411,3.109117080656935E-4
8290.0,3.003412523618966E-8,0.999649171781066,3.507981848088108E-4
8561.0,0.02067307237023481,0.9786168984086194,7.100292211456958E-4
9409.0,0.006485001436511656,0.9935139575441619,1.0410193262120978E-6
9682.0,2.4488740672799952E-6,0.007335804698757896,0.9926617464271748
9144.0,0.6369339754899218,0.36306566996608863,3.5454398963309854E-7
8875.0,5.003379412132381E-7,0.9622164409802221,0.03778305868183665
8134.0,9.843302824558851E-11,0.9999999780074005,2.189416641047737E-8
8333.0,0.5190663659555652,0.3267456969339704,0.15418793711046444
8606.0,0.8572228284107478,0.14275835422622915,1.8817363023073075E-5
8394.0,1.0831705109376032E-7,0.9999243859006839,7.550578226497337E-5
8665.0,0.9999999999835241,5.149724889744389E-14,1.642436538665645E-11
9215.0,0.8441723413565693,0.1558276586431795,2.5112016230995166E-13
8940.0,0.6750014950748384,1.8513829514050666E-7,0.32499831978686644
9350.0,0.9167074370369953,0.08329256196588534,9.971192362974E-10
9621.0,0.5406486810049272,0.4589995624152533,3.5175657981942094E-4
8229.0,0.9999979933650605,2.487631466456833E-10,2.0063861762386327E-6
8502.0,1.4345113493902627E-9,0.9999426333136286,5.736525186009974E-5
8976.0,0.06587127822164128,0.9341287214416808,3.366780404487644E-10
8082.0,0.9999835317408688,4.395385323104747E-8,1.6424305277852128E-5
8707.0,0.0016988890825065924,0.17825203152258293,0.8200490793949105
9807.0,0.017458274804989016,0.9825384071715847,3.3180234264963222E-6
9321.0,0.7894166090430704,0.21058339095234224,4.5873656961132544E-12
9594.0,0.011598237993033179,0.9613670879321671,0.02703467407479967
8468.0,0.9526674918061308,0.04733250805092548,1.4294393694549856E-10
8199.0,2.4025842667173958E-4,0.9997243593196369,3.5382253691533236E-5
8737.0,0.2105101023019462,0.7894898976286281,6.942561728824924E-11
9010.0,3.8881060985883323E-16,0.9999418063946522,5.8193605347380245E-5
9560.0,0.004604206424785548,0.9953955716469189,2.2192829559002847E-7
9291.0,0.5773487304407855,0.4226262497118027,2.5019847411877305E-5
8699.0,0.966829303805006,0.0331706961936474,1.3466832966275069E-12
8424.0,0.9404791785310472,0.05952081386465728,7.604295452181488E-9
8910.0,0.9307679027693739,0.06923208616739056,1.1063235551965483E-8
9181.0,9.332271399437492E-9,0.9860205246931911,0.013979465974537555
9380.0,0.45789234092055925,0.5420140141525904,9.364492685030587E-5
9078.0,5.626998183644396E-19,3.4514743440789915E-10,0.9999999996548525
8805.0,3.091867380545745E-6,0.8589465162407209,0.14105039189189847
8097.0,0.3721945883838806,0.6278054097344563,1.8816631664063942E-9
8259.0,0.01973024476892977,0.9802697315987411,2.3632329303841943E-8
8528.0,0.8894961238850324,0.11050387495394813,1.1610193762476067E-9
9231.0,0.5756716826310572,0.4243279326646616,3.847042813247747E-7
9500.0,1.1379479504734259E-8,0.9999999886192507,1.269837474852994E-12
9769.0,5.580179878966569E-7,0.9999711226541483,2.831932786360212E-5
8842.0,0.9087755662028167,0.09122443332348124,4.737019909220218E-10
8364.0,1.390997363513379E-9,0.9999999830347012,1.5574301516075265E-8
8639.0,0.350262861871778,0.6497364995056738,6.386225481418531E-7
9440.0,0.9939766555124601,0.005720811005725624,3.025334818142493E-4
9715.0,0.0016813977462598487,0.9978476394518969,4.7096280184319634E-4
8872.0,0.011052431243531294,0.9889452368452698,2.3319111988859213E-6
9147.0,0.8319754191766908,0.1679841824943147,4.039832899436269E-5
8605.0,0.06571626926696733,0.9322969387386241,0.001986791994408652
8334.0,0.5950841323859769,0.40491507454353076,7.930704923201342E-7
9681.0,0.05052815154592354,0.949022379484434,4.494689696425816E-4
8775.0,0.5613024382912961,0.43869754457242044,1.7136283383888748E-8
8112.0,0.7017429469745405,0.29823719861322573,1.9854412233748598E-5
8562.0,0.42232350529184615,0.5776763622733215,1.324348322276316E-7
8289.0,0.354180734679335,0.6458188909810114,3.7433965356425117E-7
9534.0,0.7537860374488132,0.24621392332679473,3.9224392042187945E-8
9261.0,0.959422502987667,0.04057631181712301,1.1851952100667169E-6
9739.0,4.0489433717751925E-16,2.1800960437470436E-4,0.9997819903956248
9351.0,8.392171057023209E-8,0.9999997970184761,1.1905981337955726E-7
9620.0,7.605234149213449E-7,7.849638914950873E-4,0.9992142755850901
8395.0,0.7333466037839694,0.26665339621603024,3.7904977721837316E-16
8664.0,0.09988771744671451,0.9001122726843798,9.868905836099949E-9
9214.0,0.05410532255037062,0.9458946768103208,6.393085016215459E-10
8941.0,0.4285574136672415,0.49467428105195876,0.07676830528079971
8165.0,0.08590036047303187,0.8816840108446187,0.03241562868234948
9806.0,0.0013971746340721465,0.9875397639587834,0.01106306140714444
9320.0,0.9394711663081202,0.06052854765252834,2.860393512678386E-7
9595.0,0.5480454592295935,0.4519544905347422,5.023566435138472E-8
8228.0,0.38127496461333377,0.6089817521399931,0.009743283246673283
8503.0,1.625086516488335E-11,0.9999909196051655,9.080378583564115E-6
8977.0,0.8734850060145993,0.12651498118773033,1.2797670383562059E-8
9290.0,0.9618733591044544,0.038126515999160095,1.248963854697977E-7
8469.0,3.6717306097587733E-8,6.35572574938154E-5,0.9999364060252002
8198.0,0.25015489624066856,0.7483049864277217,0.0015401173316098432
8736.0,0.05351223457673705,0.9452596251244246,0.0012281402988381898
9011.0,0.7593552422451553,0.2406446849349316,7.281991306008346E-8
9654.0,0.001363492278054349,0.9986017102666777,3.479745526791001E-5
8698.0,4.371538695852648E-8,0.9999999562845473,6.570952683364555E-14
8425.0,0.9535070627531335,0.04649293724686659,6.896546921767123E-19
8180.0,3.250181917963372E-7,0.9999996749818082,4.1351248777105986E-29
8911.0,9.667512948536201E-4,0.2722034810909802,0.7268297676141662
9180.0,0.78565007325323,0.21433688173580367,1.304501096630152E-5
9230.0,0.049413121475782903,0.9477871411040628,0.002799737420154152
9501.0,0.1447837084080557,0.8552162915919443,6.256854851209255E-23
9768.0,0.09388167517485552,0.9059673050067167,1.5101981842769322E-4
9079.0,0.8705738267681086,0.1294261510290101,2.220288144870396E-8
8804.0,0.7888771792706853,0.21112216594658953,6.547827251655071E-7
8258.0,0.0040864168807335935,0.9958822155299633,3.1367589303113726E-5
8529.0,0.5512967391395494,0.4484009395953718,3.023212650787603E-4
9441.0,0.9732593155958362,0.026740680619834364,3.784329475402338E-9
9112.0,0.7769058989680717,0.223017313223142,7.678780878632797E-5
8150.0,0.9980875327635991,0.001564739131796153,3.477281046046026E-4
8843.0,0.022886081219421803,0.9771139187797465,8.316442922245707E-13
8365.0,0.7905021267718179,0.20949787322818103,9.72928980441872E-16
8638.0,0.6380555106666931,0.3619378444477347,6.644885572187843E-6
9680.0,0.9999999499794486,4.4490071453394374E-9,4.557154414676399E-8
9411.0,0.6028144007432804,0.3971855770339572,2.2222762344929885E-8
8135.0,0.6834443308057255,0.311414093907205,0.005141575287069485
8873.0,0.5165780362463418,0.4834219635569475,1.9671080562844934E-10
9146.0,0.23078684639417507,0.7692131535552331,5.0591888911881536E-11
8604.0,0.9999999632148904,4.749785926786709E-24,3.678510960330582E-8
8335.0,0.7714046865886494,0.22859166721867996,3.6461926707462235E-6
9535.0,0.8944021329888509,0.10559782503547757,4.1975671722110704E-8
9260.0,4.1281213813143243E-4,0.8056584454176777,0.1939287424441909
9738.0,0.8330104315153019,0.1669889426236366,6.258610615633211E-7
8774.0,1.2579452835129593E-8,0.024072763575361315,0.9759272238451859
9045.0,0.47459853572899224,0.5254007006848429,7.635861648168557E-7
8563.0,0.37038589091499935,0.6296141090705211,1.4479609601640607E-11
8288.0,0.0067272137422266075,0.9932727855425502,7.152233777615535E-10
9733.0,0.6731444830750867,0.3268484254382948,7.0914866185119265E-6
9251.0,0.0032914655648174796,0.996689895199047,1.8639236135594208E-5
9520.0,0.4113435822661045,0.588656417717879,1.60164536924995E-11
8303.0,0.9000417119140327,0.09995828808596728,3.3482282025037735E-18
8572.0,0.5778552683967711,0.4201537606888811,0.0019909709143477302
9050.0,2.7027286311972453E-5,0.9996818866489228,2.910860647652838E-4
8777.0,5.0682067689690385E-8,0.9999999493179293,2.865469742140641E-15
8119.0,2.039463581663656E-19,0.9999998935102679,1.0648973208806724E-7
9420.0,0.556089741121587,0.4438868022696657,2.3456608747202817E-5
9695.0,0.5253265104101952,0.47467259512815424,8.94461650599848E-7
8320.0,0.6537133824705859,0.3462866125143488,5.015065294853905E-9
8595.0,2.1281034589047016E-10,0.999999998776316,1.0108736790554723E-9
9141.0,0.9958023774419319,0.004197622558068177,4.398862194971328E-23
8870.0,0.002923099187252627,0.7510675634638355,0.2460093373489117
9725.0,0.03868701780165632,0.9612184859339985,9.449626434521028E-5
9454.0,9.441745459191508E-16,0.999776956847679,2.2304315232010396E-4
8625.0,0.17064905414518075,0.8293509409823969,4.872422289641286E-9
8354.0,0.12485192087872293,0.8751480791207561,5.2091216116262E-13
8836.0,0.7629450687143124,0.23705448875548232,4.425302052101705E-7
9111.0,0.03915594425922698,0.9608424336390907,1.6221016823588786E-6
9767.0,3.372552519130442E-5,6.427209686970743E-4,0.9993235535061116
9490.0,0.8418696563552951,0.15812964432466908,6.993200358233517E-7
9217.0,8.03011013717076E-4,0.9991664156186714,3.057336761160945E-5
8542.0,0.011039845215139907,0.9889601135496562,4.123520383009454E-8
8269.0,4.49847688684577E-4,0.9995501522586635,5.265189639986898E-11
8811.0,0.8134365332753366,0.18656340940929117,5.731537209134173E-8
8102.0,0.8342258781996286,0.16577346379129365,6.580090777371933E-7
9080.0,0.06137885052016425,0.9386211494798358,8.14239075227994E-23
9386.0,0.005557341819086056,0.9516896320750906,0.042753026105823363
9657.0,0.029599631847352197,0.9704001782877457,1.8986490222065428E-7
9171.0,0.22006302915400833,0.779922408763844,1.456208214761987E-5
8896.0,8.092597332481845E-10,0.016904852781674275,0.9830951464090659
8693.0,0.07224302175642111,0.925797671551776,0.001959306691802896
9285.0,6.790909043325123E-21,5.31413098332572E-4,0.9994685869016673
9558.0,0.9171321795684636,0.08286728626858272,5.341629536294254E-7
9020.0,3.725583786339158E-14,0.9985940559163787,0.0014059440835840953
8751.0,0.6555202355634456,0.3444796492765895,1.1515996480023695E-7
8201.0,0.5838377935608973,0.4161621250488726,8.13902299622478E-8
8474.0,0.05318014105300603,0.9468165506292355,3.3083177585270883E-6
9588.0,3.914389441834962E-4,0.9996006112805914,7.949775225021958E-6
9319.0,0.0015299850562270336,0.3539677048727964,0.6445023100709766
9793.0,0.34071177346761516,0.6592882265323747,1.0072653625657247E-14
8085.0,8.741397283338462E-8,0.10451563543466195,0.8954842771513651
8717.0,2.457092083350755E-6,1.9661714529832153E-4,0.9998009257626184
8990.0,0.947059931098732,0.052939535255478586,5.336457892243956E-7
8504.0,0.42270445286826847,0.577294653873964,8.932577676077635E-7
8235.0,0.002441900127123099,0.8893316272769394,0.10822647259593755
9627.0,0.0012473653921022381,0.7651459252309183,0.23360670937697947
9352.0,0.8388783761426475,0.1611215914726243,3.2384728297739666E-8
8930.0,0.9313641671319836,0.0686358294942756,3.3737408456045957E-9
9201.0,5.289305955589878E-15,0.9991545341488428,8.454658511519373E-4
8663.0,0.15700905276235372,0.8422359157556528,7.550314819935229E-4
8388.0,4.5568752917238926E-4,0.9995443070189842,5.451843247551184E-9
8302.0,0.02764231411103611,0.4777664544687678,0.49459123142019606
8573.0,4.646393488826381E-16,0.9999895956134343,1.0404386565229937E-5
9051.0,0.9056511935927557,0.09434880627199599,1.3524838471758835E-10
8776.0,0.7393801787711752,0.26061980167905324,1.9549771639491104E-8
9250.0,0.915258253454769,0.08474171121367673,3.533155425485675E-8
9521.0,2.8090779542349355E-29,0.9999999999108153,8.918460371712066E-11
8321.0,2.2096898095825575E-8,0.9586484242509892,0.04135155365211289
8594.0,4.91768776803275E-11,0.02122705985223977,0.9787729400985833
9140.0,1.411199737022003E-4,0.9998588753484671,4.677830658276091E-9
8871.0,0.32970851263687095,0.670279465905123,1.2021458006055008E-5
8128.0,0.8863212505798095,0.11367669772598812,2.0516942023394393E-6
9421.0,0.0011583324230030416,0.9968463927737012,0.001995274803295713
9694.0,0.9143268384700066,0.08567315714006433,4.3899290216984724E-9
8624.0,4.686051382553333E-5,0.9999531393807116,1.0546297569107911E-10
8355.0,0.8648898800458741,0.13511011995410385,2.21349815427306E-14
8145.0,0.9544589310871493,0.04554064272640505,4.2618644562010165E-7
8837.0,0.0015740708615423257,0.9984240719947285,1.8571437290420898E-6
9110.0,0.8570924189046377,0.14290123654652692,6.3445488353788145E-6
9724.0,0.06469303658717858,0.9353056952009359,1.2682118855161878E-6
9455.0,0.9962987583109272,0.003701241689072927,5.472269396805892E-18
8543.0,0.01257761482999045,0.811693546049915,0.17572883912009454
8268.0,0.10602723107999351,0.8939294382398345,4.333068017188843E-5
8810.0,0.5459929912110578,0.45400700449483433,4.294107807454661E-9
9081.0,0.4590175756561133,0.54098040024644,2.0240974466660856E-6
9766.0,0.451058804533917,0.5489306156259087,1.0579840174227982E-5
9491.0,0.8293793985024445,0.1706206009668808,5.306747227993225E-10
9216.0,2.639796955803512E-8,0.9999999736020304,5.228585081672407E-27
9170.0,0.0011222874351820707,0.503739197711735,0.4951385148530829
8179.0,5.033971606527233E-16,1.2340208590388102E-8,0.9999999876597908
8897.0,6.060538518031494E-9,0.037940488688063614,0.9620595052513978
8423.0,0.6469802646040254,0.3530197297233409,5.672633726149184E-9
8692.0,1.4167473033495344E-7,0.9999998583252697,4.022605151980296E-20
9387.0,0.8694523982417552,0.13054759647069356,5.287551240537363E-9
9021.0,0.9960552366534696,0.00394476334653029,2.210550727550753E-20
8750.0,0.7187098812623216,0.2812901184196136,3.1806481182627185E-10
8200.0,1.0673943295887068E-9,0.8524182128039162,0.14758178612868944
8475.0,0.42217565266787177,0.5778243473309245,1.203870151244032E-12
9559.0,0.8402814939334323,0.15971799542338952,5.106431781504706E-7
8716.0,2.16605874642849E-9,0.9999999970389049,7.95036408220512E-10
8991.0,0.8651000261667073,0.13489369822567734,6.275607615455925E-6
8505.0,6.002830403564148E-26,3.9232574891295625E-12,0.9999999999960767
8234.0,0.9044072921522581,0.09559257125458473,1.3659315720526512E-7
9589.0,8.077558950835531E-6,0.09590575141100464,0.9040861710300445
9318.0,0.6539370530097702,0.3460629469902252,4.573792405006563E-15
9792.0,0.10951677469836588,0.11095705730330939,0.7795261679983247
8931.0,0.007549613724399701,0.9924480274321889,2.3588434112759576E-6
8162.0,5.833429068650989E-11,0.9783944641182861,0.021605535823379606
9200.0,0.05803004305195928,0.9419596565283447,1.0300419695999847E-5
8662.0,0.9723689127564321,0.02763108724356728,7.373227543833355E-16
8389.0,2.0130779881555984E-5,0.9995679143897507,4.119548303677734E-4
9626.0,0.3203795696855325,0.6796199376207059,4.926937615899243E-7
9693.0,1.637275665889758E-7,0.999999836260815,1.1618238161385214E-11
9422.0,0.9331444008393276,0.06685559916067055,1.94272229872709E-15
8593.0,0.7923273726700467,0.20767262700907554,3.208775736634271E-10
8322.0,0.31400615393092857,0.6859900792245159,3.7668445555530782E-6
8868.0,0.9575740356600372,0.04242596433995685,5.9724931256434884E-15
9143.0,0.9999642323757957,3.576762420427957E-5,1.2572108250382219E-23
9735.0,0.7561839176806245,0.24381608231902638,3.4906814150147726E-13
9522.0,0.6144718610770271,0.38552455162863486,3.5872943380005607E-6
9249.0,9.87154325434643E-21,2.0476180687532946E-4,0.9997952381931248
8574.0,0.4394528209017259,0.5602610063255259,2.8617277274818105E-4
8301.0,0.9292846143483016,0.07071506598539752,3.196663009989109E-7
8118.0,0.2817630894965154,0.7182360522481918,8.582552927722762E-7
8779.0,0.9828356975396526,0.017164298293844645,4.166502715477235E-9
9048.0,0.8960622482867133,0.10393775169920771,1.407881840448949E-11
9765.0,1.1283122393379725E-7,0.9999998684050784,1.8763697637393303E-8
9219.0,0.9999995735960348,2.5504784357121065E-7,1.7135612180375523E-7
8271.0,0.2563096466676619,0.7433814501079179,3.0890322442022136E-4
8540.0,0.007382525516981587,0.9926174744385797,4.4438726553528843E-11
9082.0,0.005275763582919709,0.9725072406578633,0.022216995759217
8103.0,2.2046409807856987E-7,0.9999997793857098,1.5019198792831028E-10
8809.0,0.06861956040573748,0.9213911278065866,0.009989311787675844
9452.0,0.9316455115813187,0.06835448558900133,2.8296798475232616E-9
9727.0,0.35016082054335956,0.646834489522179,0.003004689934461498
8352.0,0.0728671372189716,0.9249833573292277,0.0021495054518008475
8627.0,6.400664799702719E-12,0.929846477774057,0.07015352221954227
9109.0,1.6689194693644393E-4,0.984614932419201,0.015218175633862562
8838.0,0.8874614178653571,0.11253858205372257,8.092018964376722E-11
9556.0,2.2173032209875305E-8,0.9999999778269664,1.2868020594045318E-15
9287.0,0.7115547218504117,0.2884450939579721,1.8419161616313023E-7
8749.0,3.296427527619574E-6,0.9999966462685063,5.730396615236926E-8
9022.0,0.533922447610056,0.4660696655158005,7.88687414345646E-6
8472.0,0.5073507569080924,0.4926491182027261,1.2488918151905107E-7
8203.0,4.348424145911018E-5,0.04499171740443205,0.954964798354109
9659.0,3.1005377611938657E-15,0.9999999995299405,4.700565426268136E-10
9384.0,0.7679091805810527,0.23208875783119515,2.0615877521210528E-6
8898.0,2.5038048470618654E-10,0.003980088783628194,0.9960199109659913
9169.0,3.7896149803383345E-4,0.9996045637678578,1.6474734108374518E-5
8695.0,0.4852090897798099,0.5147675224028989,2.3387817291100155E-5
8420.0,2.7725402520853266E-9,2.0296910755981305E-16,0.9999999972274596
9354.0,0.0538537750125341,0.9461024853850911,4.373960237478012E-5
8928.0,0.8435254806230397,0.15647414972758403,3.6964937644599344E-7
8390.0,0.17308307434052622,0.825585262703128,0.0013316629563456751
8661.0,0.31327430815033985,0.6867236802394966,2.01161016367903E-6
9317.0,0.0011229235468766668,0.9988511428380833,2.5933615040234993E-5
9590.0,0.9999974697902285,4.523417116036514E-8,2.484975600218988E-6
9795.0,7.927951416765974E-7,0.9999856027887959,1.3604416062308196E-5
8988.0,0.311920125404689,0.6763165579727235,0.011763316622587507
8084.0,0.12932663516183535,0.8706733519236843,1.2914480377455373E-8
8719.0,0.618240405776935,0.38175920491787707,3.893051878972785E-7
8233.0,0.017706827241527504,0.9819696461645078,3.2352659396467115E-4
8506.0,0.6990514666956438,0.3009483123538102,2.209505460961876E-7
8592.0,0.09493875652589348,0.9050607435115766,4.9996252991361E-7
8323.0,0.5943120988420596,0.4056535277079289,3.43734500115248E-5
8129.0,0.36806679532909486,0.6319326393872824,5.65283622882262E-7
8869.0,1.0665866862456756E-6,0.9999841419542802,1.4791459033466638E-5
9142.0,0.9999999997469735,2.530264230255813E-10,4.2699997971034106E-19
9692.0,0.9029123185968763,0.09708767758742973,3.8156939457343165E-9
9423.0,0.6323626839731601,0.36757594214543177,6.137388140814682E-5
8575.0,0.8544472556601878,0.1455527440998353,2.399770211365427E-10
8300.0,1.1943048234690452E-7,0.011736076821453247,0.9882638037480644
