11477.0,0.9999999996985941,3.0140584787562226E-10,8.607985855436699E-21,6.684585523602169E-31
11718.0,0.9999999999996295,3.7054875676974585E-13,3.752589144123883E-23,1.7410992480691183E-29
12256.0,4.715457057281449E-6,0.8269941323218556,0.1730011513549867,8.661003525277739E-10
12527.0,0.9999998360896822,1.6391031780722513E-7,7.467102307089229E-17,1.1567899426709681E-29
12019.0,0.11943599788678205,0.8805445478264293,1.945428674995806E-5,3.871716377054412E-14
11180.0,0.9999997039024432,2.960975561957575E-7,5.426586003596455E-16,1.0774533597885356E-21
11322.0,0.4608695512496169,0.5391292725296244,1.1762126897073193E-6,8.06908168927125E-12
11561.0,0.21881285257124378,0.7811848238512206,2.3235775356537638E-6,1.2451751426845246E-16
12047.0,0.9267927493743768,0.07320725054573961,7.988373186132929E-11,4.764038730451239E-20
12288.0,0.999967410319374,3.258968062356766E-5,2.50690468360404E-15,7.95588109012991E-22
12563.0,0.9998221872861539,1.778127132142613E-4,6.318684260552024E-13,1.173013002790118E-22
11804.0,1.7350130398846846E-5,0.9999207190810409,6.193078640745151E-5,2.153052099693445E-12
11075.0,0.3342832675625806,0.6657163228815782,4.095556921591718E-7,1.490152780727462E-13
11531.0,0.9741936603405043,0.02580633949622441,1.6327121875792666E-10,1.3603558688660436E-16
11288.0,7.528899487374432E-15,0.0016319890347376953,0.9983658968312403,2.1141340143350745E-6
11838.0,3.5530235050026424E-7,0.9005677611988877,0.09942750384254838,4.379656213400164E-6
12593.0,0.9995540777540994,4.4592224585612015E-4,4.444324293824843E-14,6.498537803187717E-22
12322.0,0.9997261049804297,2.7389501844899696E-4,1.1213900043875513E-12,8.790343053651855E-23
12077.0,0.9999990017558948,9.982440860659217E-7,1.9114028853846627E-14,1.3772792999764983E-22
11105.0,7.419695060151847E-10,0.9999292408805787,7.075837618215273E-5,1.2696001044871384E-12
11748.0,0.9999819082559369,1.8091744055165794E-5,7.850608068990804E-15,8.09863811920634E-23
11511.0,0.9989988257213187,0.001001174276187919,2.4933604852278307E-12,2.5937516339907376E-25
11985.0,4.306498828604105E-9,0.9668111812588334,0.0331801989440537,8.615490614046088E-6
12493.0,1.0590038951450614E-15,4.5670662862287394E-4,0.9987219755389222,8.213178324538662E-4
12226.0,0.11974170325712971,0.8802582960621537,6.807168124431049E-10,7.529479551314306E-18
11150.0,0.9961610025882798,0.00383899741171089,9.294186087998172E-15,3.1969614538815173E-21
12390.0,0.9985930759463656,0.0014069240522661837,1.3682900281964858E-12,3.390610465697497E-24
12137.0,0.9989174813537752,0.0010825186461388171,8.606696520018273E-14,1.7551534297030013E-20
11898.0,0.2962477666841746,0.7037522318449999,1.4708254203972997E-9,4.0510792960808805E-17
12661.0,0.9999999973899356,2.610064288344457E-9,2.1477133124401712E-17,6.739866998097562E-27
11356.0,0.9999961081825243,3.8918174756596774E-6,1.0271943099963166E-16,9.844255008646093E-28
11599.0,3.361412361025884E-10,0.9059781626284581,0.09401690883014423,4.928205256671043E-6
11045.0,0.9943968944141188,0.005603097110882388,8.474998734735992E-9,6.788248475360684E-17
12425.0,0.9999999985566556,1.4433445436738692E-9,3.363703267388616E-19,9.386914246048513E-29
12166.0,0.004504854724022109,0.9954951295561576,1.571982029759935E-8,6.605020065732145E-18
11925.0,1.0487596446437375E-22,1.4503380541784455E-5,0.9960085888945858,0.0039769077248723896
12698.0,0.9997922184194021,2.077815777044787E-4,2.8934706744040666E-12,1.1603480989725645E-22
11443.0,0.9171537926583173,0.0828462071362381,2.0544459063346623E-10,9.020044270565187E-22
11680.0,0.9999999990448718,9.551281947394748E-10,1.319120664531718E-19,3.000750481859289E-29
11210.0,0.9963769529191876,0.003623047039157436,4.165500236324855E-11,1.663224398344802E-18
10969.0,0.5266386961639866,0.47336130021553635,3.620476933705021E-9,1.8205888131146982E-18
12728.0,0.9999999995277338,4.722663097499066E-10,6.243830270461599E-20,2.20558553784471E-31
11959.0,2.0657474478782323E-17,0.9999999999836009,1.5850267596005433E-11,5.488058264360151E-13
12196.0,9.338858783203843E-4,0.9990661137793231,3.4235638030507284E-10,1.1491868415721046E-16
12459.0,0.9782689471746715,0.021731052793969582,3.1359048707568605E-11,2.618324847089936E-19
11650.0,0.9999758683394944,2.4131660502231037E-5,3.4353100699006794E-15,9.189577309728132E-27
11409.0,0.7456545347912334,0.25434536500727384,1.002014920573536E-7,7.15133391300734E-16
11003.0,2.6247969470509476E-8,0.999999915420418,5.833158928666863E-8,2.3278990049932477E-14
11240.0,0.9999226565950048,7.734340315508067E-5,1.8401771747068096E-12,5.755452846093037E-23
12631.0,0.854840389238285,0.14515961072991043,3.1804482464372674E-11,5.3130640909545065E-18
11864.0,0.16353286701104391,0.8364666812465339,4.5173096021652187E-7,1.1462099409242309E-11
12107.0,4.382024534441475E-4,0.5441359380718319,0.4554254468780753,4.1259664862209545E-7
12356.0,0.9710844059691676,0.02891558995604869,4.074783759751857E-9,1.3839330417890936E-18
11629.0,0.9818974963163594,0.018102503610753516,7.288710508658232E-11,3.395875759229932E-20
11390.0,0.9999932310854602,6.7689145230702995E-6,1.66920637029923E-14,5.524843122672009E-24
11015.0,9.193854624882835E-9,0.9999981465247761,1.844051411605479E-6,2.299576441831421E-10
11181.0,0.9999999996364743,3.635256576521963E-10,1.1691948953388205E-20,4.1817736342798705E-32
11476.0,2.2817531699514967E-28,7.793970544090161E-14,0.0015336897240850612,0.998466310275837
11719.0,0.9999999995277338,4.722663097499066E-10,6.243830270461599E-20,2.20558553784471E-31
12526.0,0.9999999996504964,3.495036243095114E-10,1.015133866150298E-20,1.462146905653382E-32
12257.0,4.1080943159072956E-4,0.9995797305537193,9.460014688189175E-6,1.8972198982953593E-15
12018.0,3.775912489981748E-7,0.9999988815927766,7.408154751610842E-7,4.992023766335281E-13
11074.0,0.999997477365639,2.522634360917505E-6,3.406142800225725E-17,7.125496743105579E-26
11323.0,0.9999833412942668,1.665869785496757E-5,7.878258117059605E-12,5.162660097904385E-22
11560.0,2.5139189768566417E-6,0.9999973373861233,1.4869489808899942E-7,2.0115801235094187E-15
12289.0,1.1536424958818665E-11,0.9999995824490444,4.006752284097629E-7,1.6864190746486896E-8
12046.0,0.9999930197948516,6.980205147998445E-6,5.060809408030419E-16,1.4923081718488237E-24
11805.0,0.9884437701599988,0.011556223468826487,6.371174683779295E-9,3.0675953006169113E-17
12562.0,0.9999999999999981,1.9511716080574523E-15,5.57243919521399E-26,4.3273126839485286E-36
11104.0,0.9972943696964801,0.002705630292080643,1.1439286087365588E-11,1.5816681366659779E-19
11530.0,0.9999867590053259,1.3240994673409063E-5,7.669015405620556E-16,3.9192714062652873E-28
11289.0,0.999998291412957,1.7085870429068284E-6,1.7724223369615271E-16,5.264581805940898E-29
12592.0,0.047146919012536696,0.9528525527208116,5.282664986438536E-7,1.530998239374795E-13
11839.0,5.469724783829634E-20,0.003198813524801818,0.9968005549496166,6.315255815713187E-7
12076.0,0.9999999999999962,3.7180651823850785E-15,9.942163040346556E-25,5.696004030766915E-37
12323.0,0.999999998313419,1.6865810122440065E-9,1.587079810967832E-18,7.497577126314828E-29
11151.0,0.9999999929377459,7.062254080538412E-9,2.508914675627236E-18,4.933398574712118E-27
11749.0,0.9999999996985941,3.0140584787562226E-10,8.607985855436699E-21,6.684585523602169E-31
11510.0,0.9999935475416035,6.452458393696493E-6,2.7564113603334053E-15,9.051139078238991E-26
11984.0,3.490781624917502E-12,0.04581693251350396,0.9541181541671062,6.491331589905752E-5
12227.0,0.9999883758131869,1.1624186719504161E-5,9.373632356348883E-14,2.1786644421547024E-20
12492.0,0.9999999905741596,9.425840474981428E-9,8.408618628735227E-20,3.1152674943404175E-28
11044.0,0.08919473307538497,0.9108046346398462,6.322847671387289E-7,1.7582450991480941E-15
12136.0,0.9996222398317762,3.777601670578757E-4,1.1658146904363984E-12,2.1384386570222284E-22
12391.0,0.962208222544555,0.03779177745349933,1.9457136952264416E-12,5.565184758282909E-18
12660.0,0.9999999996125937,3.8740627373399295E-10,3.337279934393134E-20,2.591934889657053E-29
11899.0,0.999721580310353,2.7841958966220927E-4,9.998475908005963E-11,2.0800770777449746E-22
11357.0,0.9999606660640792,3.9333935884707775E-5,3.619203331717174E-14,3.425376847053401E-20
11598.0,5.27079731675402E-4,0.9987643894806002,7.084350920445403E-4,9.569567982801446E-8
11211.0,5.01729282405084E-12,0.9981608903928672,0.001839108428534631,1.1735809878125447E-9
10968.0,0.4478605103951826,0.5521394895942795,1.0537776817520134E-11,1.047606695799107E-19
12167.0,0.9999718765869409,2.8123411163939296E-5,1.8951497037531885E-12,5.04803982230158E-22
12424.0,0.9999929279885599,7.072011439703662E-6,3.5852132652986444E-16,3.2457729312004717E-24
12699.0,6.328791056270536E-26,8.034517594037906E-12,0.9999999794541974,2.0537768023208005E-8
11924.0,0.005939289749818373,0.9940597823189116,9.279312636333923E-7,6.489070321680485E-15
11442.0,0.9999999996985941,3.0140584787562226E-10,8.607985855436699E-21,6.684585523602169E-31
11681.0,0.9999969339185,3.0660814940565625E-6,5.835780633868374E-15,2.797655485349658E-25
11002.0,0.9999445873895535,5.541261034478275E-5,1.0162855700027993E-13,1.4654745874495357E-21
11241.0,0.9999999999663989,3.360108012612996E-11,1.1796230078636124E-19,1.317182768989043E-31
11958.0,0.9999999441814295,5.581856756794878E-8,2.9540757191649892E-15,4.25691324586569E-25
12729.0,1.0362305725465292E-14,0.09573079205808012,0.885753561345745,0.01851564659616449
12458.0,0.9999999995998969,4.001030584189389E-10,1.6415821291533945E-21,1.2534974658827278E-31
12197.0,0.999999146690143,8.533098565995143E-7,4.1810848114108772E-16,6.597303101402743E-27
11651.0,0.9999983960486722,1.6039513277242123E-6,3.851747701752251E-18,2.9709174053348423E-25
11408.0,0.9320048212857448,0.06799432625029592,8.524639585914844E-7,6.333645782880524E-16
11014.0,0.9999999996985941,3.0140584787562226E-10,8.607985855436699E-21,6.684585523602169E-31
11865.0,0.8406276100242374,0.1593723848805623,5.095200343185354E-9,2.450736808662205E-18
12630.0,0.9999999999995848,4.1522679375784636E-13,1.4206388688087414E-23,1.825111947747693E-33
12357.0,0.999999998597521,1.40247906517657E-9,1.7029264670773682E-19,6.63064126648933E-30
12106.0,0.9999936362668133,6.363733185163703E-6,1.4992574858175347E-15,1.0613696044360528E-27
11628.0,0.999999999929105,7.089504926138564E-11,4.3827140919964796E-20,7.79211869077346E-31
11391.0,0.954540938255491,0.04545790943331194,1.1523111922359782E-6,4.745798953649601E-15
11563.0,0.9999999985524081,1.4475919628896519E-9,2.9461936457635516E-19,9.235308406911536E-30
11320.0,2.89217408036697E-26,3.6683836341114027E-9,0.03277658314768028,0.9672234131839361
12561.0,1.3920872312829754E-41,1.7060650642043689E-16,6.958013660783189E-6,0.999993041986339
11806.0,8.018771834144461E-4,0.9991957917815114,2.3305765646015724E-6,4.5850961349404066E-10
12045.0,2.6405513962066424E-32,4.2169450650026414E-9,4.638644569261025E-4,0.9995361313261288
12290.0,9.019058184349072E-23,3.685381872719418E-9,0.9442800976183893,0.05571989869622887
11073.0,0.9999968384232323,3.161576755386854E-6,1.232177849106351E-14,2.1656781043142503E-27
11716.0,0.9999999999999947,5.3829669547964034E-15,3.4694047947860944E-25,1.4745757833830191E-36
11479.0,0.9962831791612483,0.0037168208386648993,8.684823546461269E-14,2.4563742370201476E-24
12017.0,3.546500996321829E-5,0.9999645349458003,4.423639124100712E-11,3.62899581181186E-18
12258.0,3.342968794819636E-38,1.4014278050581683E-10,0.23702392916256695,0.7629760706972901
12525.0,0.9998493087482635,1.5069125173581218E-4,6.297741008895968E-16,1.2730288077589678E-27
11182.0,3.640575443055886E-4,0.9996359202956991,2.2159995259891006E-8,5.998938450152511E-19
11509.0,0.9989493944675567,0.0010506055294312677,3.012060658809441E-12,3.5156311128618784E-21
11750.0,0.9999999751639813,2.4836018789299702E-8,1.8693569413044974E-17,1.0929990058574503E-28
12495.0,1.2056384402321473E-24,8.6401034629362E-5,0.6445824179865804,0.3553311809787903
12224.0,0.9999920848020502,7.915197940283823E-6,9.502547472139551E-15,3.075115501816287E-23
11987.0,0.989916837264205,0.010083154772054915,7.963740009519425E-9,9.842486640669976E-20
11148.0,4.0977096127011387E-7,0.3535851396047136,0.6363407191365625,0.0100737314877626
11290.0,5.20712005465759E-5,0.9999479233901474,5.409305880850937E-9,8.803415943022035E-17
11529.0,2.326736953637793E-9,0.9999531062322279,4.689075111389852E-5,6.899213356112743E-10
12320.0,0.0028333880895692744,0.9971664219632346,1.8994719070477694E-7,5.415739036301221E-15
12079.0,0.999999805385304,1.9461469601443782E-7,2.527521401044358E-17,4.8420605352294286E-29
11836.0,0.9999705267763874,2.9473223603543546E-5,8.858475488700309E-15,1.418589631641146E-25
12595.0,0.9873238787701015,0.012676114833007993,6.396890037059726E-9,2.9018022701693755E-16
11107.0,0.999999999799235,2.0076497610493891E-10,9.536547669339698E-21,7.6655982869070845E-31
11927.0,6.725013086341282E-5,0.9996929494921726,2.3978483032496337E-4,1.5546639069598207E-8
12696.0,0.9791673504150396,0.02083264958430912,6.513909766405498E-13,5.105113191960351E-21
12427.0,0.9999999992426305,7.573695394381978E-10,9.882472065227015E-21,7.6317204410054E-31
12164.0,0.9999959833652035,4.01663479265553E-6,3.822352647253799E-15,3.425084280420676E-24
11682.0,4.309317590797483E-26,2.2738258197419376E-4,0.2698536862742373,0.7299189311437885
11441.0,1.4498279947154832E-13,0.9531679211717397,0.04683080613465173,1.2726934637850996E-6
10971.0,2.6817595265816545E-17,0.002237296503859772,0.9451351553669546,0.05262754812918561
11208.0,6.705368305458095E-25,2.0279053615303566E-7,0.011968832378010892,0.9880309648314529
11896.0,0.8990222767248003,0.10097772266820162,6.069981055338824E-10,3.47652057230042E-20
12663.0,0.999994220832948,5.77916705150695E-6,5.286831423156475E-16,3.0336101955275277E-26
12388.0,6.280796391341422E-8,0.999996826999081,3.1101929549960243E-6,1.3736039583040255E-16
12139.0,0.9951135955220324,0.004886404328534093,1.494335044356474E-10,1.8157740775588513E-18
11597.0,0.01281542653663734,0.987184570411544,3.051815843459524E-9,2.927053707946711E-15
11358.0,0.9940024990080706,0.005997500991899229,3.024096247881076E-14,4.0603769424698654E-23
11047.0,0.9732074659468265,0.026792534044089406,9.084160293202191E-12,3.40087488871985E-18
12105.0,0.3818399968846667,0.6181583639329526,1.6391823805896907E-6,5.617201923665962E-17
12358.0,0.845911654533218,0.15399503399472772,9.331147167734116E-5,3.7687957615196847E-13
12629.0,0.9999999985566556,1.4433445436738692E-9,3.363703267388616E-19,9.386914246048513E-29
11866.0,0.99999996443356,3.5566439919517395E-8,2.509119778289386E-17,2.069121525696194E-27
11388.0,0.9999999999994958,5.041302458494722E-13,6.665103193486509E-23,2.3543969927147998E-34
11631.0,5.430663078309747E-4,0.999456932607946,1.0842222053875341E-9,8.079461527841362E-16
11013.0,0.9999999841480266,1.585197318535544E-8,2.2491894296226633E-16,2.9339757233683755E-23
12198.0,0.01810306619432537,0.9818969316002584,2.205416188501039E-9,1.1858394457270353E-16
12457.0,0.5619430164783146,0.43805579434283226,1.189178853129769E-6,1.1000434118699095E-16
12730.0,0.9999999989654625,1.0345375233275707E-9,3.4208651392913504E-18,8.683132320297092E-31
11957.0,0.9999998736256024,1.2637439770292046E-7,4.966067515259951E-18,1.7761769474155724E-29
11411.0,0.9999987128391188,1.2871608803090083E-6,8.592797699806629E-16,5.217369057430387E-25
11648.0,0.9999973398562104,2.6601437862793E-6,3.269732489898903E-15,4.4543988870155076E-26
11242.0,0.013244368185186253,0.9867556190664712,1.2742108043161127E-8,6.234467785901503E-12
11001.0,3.645398013927903E-4,0.9909195502146612,0.008715909983704098,2.4196162166640977E-13
11072.0,0.997038256450252,0.002961743549178517,5.696104556566688E-13,1.6908037077171363E-21
11562.0,5.653961398294649E-6,0.9995859876900545,4.0835834849453124E-4,5.282961884190717E-14
11321.0,7.714466034325105E-16,0.09228682303250371,0.9076953666418075,1.7810325687930357E-5
11807.0,0.999999999643501,3.5649900840940405E-10,4.0276526517191895E-20,1.7120795743922842E-31
12560.0,0.9999998476141894,1.5238581069261312E-7,2.1200916774575015E-18,3.6322898425975594E-29
12291.0,0.9996943234618036,3.0567653782797373E-4,3.682580242879483E-13,6.486828770888846E-22
12044.0,0.999999999799235,2.0076497610493891E-10,9.536547669339698E-21,7.6655982869070845E-31
11183.0,0.9999999984200633,1.57993670813998E-9,1.4328006670608386E-19,5.9414262771214244E-30
11717.0,0.9999985614618377,1.4385381604621677E-6,1.9384558150519117E-15,2.174137995553658E-25
11478.0,0.008088010747623714,0.9919119891371109,1.1524313995694848E-10,2.238179400034839E-14
12016.0,1.2640225670237847E-9,0.9995787816982727,4.21216874609205E-4,1.6309538941697658E-10
12524.0,0.980716714731722,0.01928327208766831,1.3180609855348917E-8,7.933127763745087E-18
12259.0,0.994610384506494,0.005389614657248978,8.362569578698784E-10,2.913451833641101E-20
11149.0,0.006923441739283676,0.9930281759542529,4.8382306461274244E-5,2.0821993362231465E-15
11508.0,0.9998421489313865,1.578510682345584E-4,3.789545574393679E-13,7.705301711319571E-23
11751.0,0.9999227179912039,7.728183226365663E-5,1.7653232689632469E-10,1.4825872457582986E-19
12225.0,3.679528753997128E-12,0.9999999984070822,1.5892374925321175E-9,8.641470308459591E-16
12494.0,6.901244618665998E-6,0.997628202318612,0.002364896283790295,1.5297888075437796E-10
11986.0,0.007848217085806153,0.9921514410230244,3.418911689179765E-7,5.165782079829637E-16
11106.0,0.0010992951977008246,0.9988993685689787,1.3362323248791776E-6,9.957292412361262E-13
11291.0,0.9999999993028542,6.971458401153767E-10,9.090436134005357E-19,5.0659221782419356E-30
11528.0,0.9999811751223744,1.882487762507171E-5,5.661802931367847E-16,3.8396443423258733E-26
12078.0,0.9947576588768243,0.005242339645334522,1.4778411693819707E-9,5.567198350549207E-17
12321.0,8.591227830345744E-4,0.9989259769618876,2.1490007724751803E-4,1.7783033213046565E-10
12594.0,0.9999999819834431,1.8016556885866926E-8,8.909443522882643E-20,5.900600112654059E-29
11837.0,3.8763342498792083E-10,0.9809651723087067,0.0189517430258649,8.308427779499441E-5
10970.0,1.301406519241388E-4,0.9998698586734697,6.746061360195201E-10,4.779125051754951E-17
11209.0,0.9999999885777938,1.142220602061927E-8,8.87040862701363E-17,9.707320818982463E-26
12697.0,0.999999999643501,3.5649900840940405E-10,4.0276526517191895E-20,1.7120795743922842E-31
11926.0,0.9917274859154491,0.008272514084550629,1.867013927924428E-16,1.0419864904887618E-25
12165.0,0.9435822793472578,0.0564177191280004,1.5247418835791567E-9,1.1761080322703308E-19
12426.0,0.6217814542534059,0.3782185454562172,2.903769239137828E-10,4.728579335555747E-20
11683.0,0.9999982856154849,1.7143844928410956E-6,2.229088851314956E-14,2.8128191372355874E-29
11440.0,0.9999958552581873,4.144741805674678E-6,6.968044696245071E-15,3.4686025942007104E-25
11046.0,7.303349686677429E-19,0.002174025325110588,0.9347860123201149,0.06303996235477433
12662.0,0.002075278859474779,0.9979244149396028,3.0619906151937393E-7,1.8608341375665717E-12
11897.0,1.0178899343801159E-4,0.9998950900225648,3.1190028460800722E-6,1.9811510597052103E-9
12138.0,3.59522227551133E-12,0.0058483906268046075,0.03327879959893291,0.9608728097706672
12389.0,0.9999999999999416,5.827415980612849E-14,2.390929469701887E-25,1.8256924086529233E-35
11596.0,0.9928630669095528,0.007136799469292217,1.3362115102094794E-7,3.970117834175835E-15
11359.0,2.3309273488931784E-8,0.1408040974504745,0.8591892623101123,6.616930139727559E-6
11012.0,2.004884516502537E-7,0.9999996142220438,1.8527845693570585E-7,1.1047666761370874E-11
12359.0,0.08371871790073811,0.9162769223938269,4.359705069251064E-6,3.657695510494739E-13
12104.0,0.9999999999733037,2.669632934106549E-11,4.6463583938550405E-22,1.1662177594193176E-31
11867.0,0.9998353337386897,1.6466626130610026E-4,4.037756629577213E-15,5.443983198664535E-28
12628.0,0.999999999999991,8.988538640075609E-15,3.877662524603823E-25,2.373417300360925E-36
11389.0,0.999999999643501,3.5649900840940405E-10,4.0276526517191895E-20,1.7120795743922842E-31
11630.0,4.5722184584334296E-4,0.8929728658169884,0.10656991226590841,7.125997606616116E-11
11243.0,1.6674203875544125E-8,0.9205233344187999,0.0794438241399934,3.2824767002858934E-5
11000.0,0.9999997458098494,2.5419007706868007E-7,7.355165698347849E-14,8.578288856271634E-21
12456.0,0.9988809100791773,0.0011190899203612225,4.614627413897572E-13,1.2029272279204313E-20
12199.0,0.9980639955214264,0.0019360044744797377,4.093847805737648E-12,1.8658328497852983E-24
11956.0,0.999999999999825,1.7491125180951471E-13,9.267724765967542E-23,2.6054282673061107E-36
12731.0,8.707054651090273E-4,0.9991276302358529,1.6642989541192012E-6,8.39168051993088E-14
11410.0,3.2226850946628306E-17,1.6562066541473942E-5,0.9998868722970936,9.6565636364719E-5
11649.0,0.994231226014898,0.005768773984571806,5.302352758971215E-13,2.0517112997202515E-22
11834.0,0.0941657981256071,0.9058338261514326,3.7572296024170574E-7,1.3164764894295537E-18
12597.0,0.9998665600582117,1.3343946767564635E-4,4.74112697328387E-10,3.426911092010106E-18
12326.0,2.1338726138006475E-14,0.056069959183176005,0.22665943692681043,0.7172706038899922
12073.0,0.9969377715498,0.003062228439381719,1.0818441478548607E-11,7.575296981689983E-20
11535.0,0.9123067433510317,0.0875588297151307,1.3442691532398448E-4,1.8513659253962005E-11
11292.0,0.9999999994704597,5.295403118644423E-10,1.1083216372398474E-19,1.4574808940408917E-27
11109.0,0.00942086022048688,0.9902569965492718,3.221432302405293E-4,6.84636186828714E-16
11989.0,7.340593254237753E-8,0.8900253627935485,0.10997455943659337,4.363925585935674E-9
12489.0,0.9999832202547593,1.677974523857629E-5,2.215563606201264E-15,1.819447192652472E-26
12230.0,0.9999999997805946,2.19405384347407E-10,6.6834632133127415E-18,8.611723266693147E-31
11744.0,0.9999858822505352,1.4117749446799112E-5,1.8015615235582353E-14,3.401323110703936E-25
11507.0,0.617600654751839,0.3823993451959685,5.2192616856887926E-11,1.1825591151068161E-20
11146.0,0.9984956689405742,0.0015043310577541546,1.6717540751198915E-12,2.6972875559678923E-19
12260.0,0.999999999723485,2.7651501534247073E-10,7.394053710148323E-20,4.2361566155973915E-32
12523.0,0.3086705737680401,0.6913289521468148,4.740851407910242E-7,4.291138962401386E-15
12023.0,0.002934395720429722,0.9970630395515988,2.5647279657017222E-6,5.8269827514557365E-15
11473.0,0.9997610148617447,2.3898513823826214E-4,1.6876914176641633E-14,4.0174027925925505E-22
11714.0,0.9502775551372584,0.04972244486233929,4.022134746297944E-13,1.196729541243444E-20
11176.0,0.3275102511932488,0.6724895096620694,2.391445388362434E-7,1.4293659129764228E-13
12043.0,0.8982392720863113,0.10176067622308732,5.169059955965657E-8,1.7997154079780162E-15
12292.0,0.999970184534036,2.9815465952732786E-5,1.1282141715040676E-14,3.104253504455948E-25
12567.0,6.66124784091992E-11,0.9999999999315612,1.8080037253798028E-12,1.8300787476643768E-14
11800.0,0.009635938027441277,0.9903625160210281,1.5459515306757504E-6,2.1597468851053858E-18
11326.0,0.9999848312103347,1.516878958379175E-5,8.14615717211677E-14,7.676179945917949E-22
11565.0,2.715672973099E-5,0.9999713976792604,1.3302373868404075E-6,1.1535362184308353E-7
11079.0,0.9999998663436265,1.3365637297884595E-7,4.621803001001922E-16,7.47854669952081E-27
11654.0,0.9247392645933654,0.07526073336127347,2.045361181840011E-9,1.6919397291881679E-18
11413.0,0.9819414363709883,0.018058278612481982,2.8501649199836785E-7,3.7694389149698076E-14
12732.0,0.44565865940956784,0.5543390562054472,2.2843834582937654E-6,1.5268391315558786E-12
11955.0,0.9999986202127351,1.3783148928615314E-6,1.472371981087099E-9,1.0960470269939181E-20
12192.0,0.9999985707057372,1.4292942618560732E-6,1.1538718186494731E-15,3.2114895812302624E-27
12463.0,0.999999999643501,3.5649900840940405E-10,4.0276526517191895E-20,1.7120795743922842E-31
11007.0,0.01826373549610647,0.9817357839416662,4.805594199067186E-7,2.8074525002623915E-12
11244.0,0.9999808228747665,1.917712509119823E-5,1.4224011135364114E-13,1.3087709654121947E-21
11625.0,3.3262292484822487E-6,0.999990586060003,6.0877107269889045E-6,2.1503104744441466E-14
11386.0,7.998645417387918E-14,0.5836461836084321,6.521815440775166E-6,0.41634729457604713
12627.0,0.9999999999999695,3.060388584528788E-14,3.0543043871105445E-24,1.542251685944725E-35
11868.0,1.0148164915902923E-22,1.322893640691335E-11,0.7516552155793587,0.24834478440741245
12111.0,0.19191399057209485,0.8080860092874175,1.4048768867266995E-10,1.689378182657813E-20
12352.0,8.91674162984021E-6,0.9999898947515806,1.188504971904115E-6,1.817613523976284E-12
11011.0,0.9999999976899968,2.3100032361751297E-9,5.8706463191520195E-18,2.3084632539735095E-28
11352.0,0.9999999996985941,3.0140584787562226E-10,8.607985855436699E-21,6.684585523602169E-31
11595.0,0.9999320842107815,6.791545851282313E-5,3.3070567176263403E-10,1.5826388257425827E-22
12386.0,0.04359039652967553,0.9564091563071158,4.471632030662783E-7,5.620508373415827E-15
12141.0,0.01391163342088266,0.9860883665791159,1.3507090133772778E-15,9.338901119467938E-21
11902.0,0.9999998148939135,1.8510608297568944E-7,3.5465178522524167E-15,2.4394322551377876E-24
12657.0,6.813300736098421E-4,0.9993068584555136,1.1811470869415198E-5,7.132487731304726E-15
11041.0,4.441390985939413E-5,0.9999555860901386,1.880383769262146E-15,2.383802140741402E-21
11447.0,5.007580791622045E-6,0.9983183504299873,0.001669975461612088,6.66652760897371E-6
11684.0,8.712299295034383E-6,0.9986614465287661,0.001329840734934224,4.370047321861619E-10
12429.0,0.9999994871699268,5.128300721942934E-7,1.0406894301388733E-15,1.2982877768281656E-24
12162.0,0.9999999999999897,1.0310203449951708E-14,1.552068958941293E-24,8.519664182447024E-36
11921.0,0.9999999995277338,4.722663097499066E-10,6.243830270461599E-20,2.20558553784471E-31
12702.0,1.0920218999927514E-10,0.9481879768662624,0.0518119480430534,7.498148185023639E-8
11214.0,3.466454770006485E-8,0.9995645400088821,4.354253049739524E-4,2.1596190785011458E-11
10973.0,0.990240814197896,0.009759172112731486,1.3689372600424655E-8,1.0606708591817325E-17
11108.0,0.011503611164622875,0.9884585573110076,3.78315208699422E-5,3.4995985174347726E-12
12596.0,0.9999999997105837,2.894163170664571E-10,2.036016500941786E-20,1.92305049902515E-32
11835.0,0.9999092721727549,9.07274086043527E-5,4.1429521835281163E-10,4.34535449863023E-12
12072.0,1.228343226999864E-7,0.9994564029847535,5.434740313231264E-4,1.4960066192377235E-10
12327.0,0.9795896038160555,0.020410396014479307,1.6946523118732937E-10,5.072533272776574E-22
11534.0,0.7175004511333356,0.2824995484977738,3.6888995658036094E-10,6.401493760417015E-16
11293.0,0.1586511759978499,0.841347696175097,1.1278270272027396E-6,2.601327477407824E-14
11147.0,0.9997031515967654,2.96848250209763E-4,1.5302485387020994E-10,2.5533041175456284E-17
11988.0,5.236261936624467E-6,0.9999734890460595,2.1274681746637923E-5,1.025721526876647E-11
12231.0,7.433907953168585E-8,0.9999999256568882,4.026089263844431E-12,6.2194456427577304E-15
12488.0,0.8884337913265566,0.11156618338827726,2.528516621409743E-8,2.1815707218690447E-17
11745.0,4.316175084139386E-4,0.9991954995631888,3.7288284346230515E-4,8.493496124653742E-11
11506.0,0.9999999991409407,8.590593652363542E-10,4.453700506468776E-21,4.187688127220732E-31
11177.0,0.5556794277526771,0.44432057108164097,1.1656813060630888E-9,4.669075280176108E-16
12522.0,0.9999999999999968,3.1227852885357713E-15,1.849740222482555E-26,1.7392582094107953E-36
12261.0,3.959908236063393E-7,0.9961989862414465,0.0038006177433770566,2.435272134355517E-11
12022.0,0.9999749843448855,2.5015655073663154E-5,4.0813786140100547E-14,9.021346754851164E-27
11472.0,0.9999317445657495,6.82554342482489E-5,2.25283557946291E-15,5.2997124154311935E-27
11715.0,0.9135607133460161,0.08643906021628903,2.264376949400988E-7,5.4215630750552914E-17
11078.0,0.007682856772019597,0.9923171373036563,5.924323819967765E-9,1.139225758185185E-16
12293.0,0.9999777666159769,2.223338402272013E-5,3.2697069519447343E-16,3.4360939497015278E-28
12042.0,0.008256881689778586,0.9229365784497529,0.06880652851148425,1.1348984199958907E-8
11801.0,0.9507209197475857,0.0492790802044995,4.7914860549115326E-11,2.429166900287124E-22
12566.0,0.14234791673302802,0.8576490497542939,3.0335123699170124E-6,3.082660773999519E-13
11327.0,0.6135532036109853,0.3864467963872166,1.7981946907968011E-12,2.123493587334054E-22
11564.0,5.43680517573707E-17,8.267752310697954E-8,0.9986515713210704,0.0013483460014064308
11006.0,0.0015803172407161616,0.9976733029598807,7.463797987276361E-4,6.755614147230592E-13
11245.0,6.982621665440112E-17,0.010314612033593384,0.9896791648787113,6.2230876953422705E-6
11655.0,0.9107668916799588,0.08923310831920206,8.390558987847951E-13,1.9391381223325703E-21
11412.0,0.21405802474018745,0.7859419632819777,1.197783257937645E-8,2.129058565878312E-15
11954.0,0.9429071785514355,0.057092816491861514,4.956702649819204E-9,3.334622756042706E-16
12733.0,0.9999977587570217,2.241240664581786E-6,2.3136588147462164E-12,6.20203439330355E-23
12462.0,5.253034107698525E-5,0.9999450759892634,2.3936684084959812E-6,1.2512150179172589E-12
12193.0,0.5452569627540848,0.4547287838691475,1.4253376743484947E-5,2.4344122359898028E-14
11010.0,0.9999976583940324,2.3416059654262953E-6,2.077885518428898E-15,2.9804061907667057E-25
11624.0,0.9999919428855384,8.057114151526369E-6,3.1015014359690103E-13,6.453286038755473E-25
11387.0,3.027165493704739E-5,0.999969718825253,9.519809366818602E-9,6.291292289097451E-16
11869.0,4.343162474374664E-6,0.9999940343477329,1.6224897367446118E-6,5.585556780353506E-14
12626.0,0.9994636868199408,5.363131707501815E-4,9.309017528420097E-12,1.2386203375659336E-22
12353.0,1.9186760138516494E-4,0.9998079277765037,2.0462210753226199E-7,3.5398821531269703E-15
12110.0,0.8528645613599753,0.14713543862514478,1.487973262235237E-11,1.2557250081080447E-21
11040.0,0.9999932553282272,6.744671766433552E-6,6.360197591053187E-15,2.1497795113004114E-27
11353.0,0.9989319999530217,0.0010680000461253038,8.528975406555059E-13,1.265726177157145E-21
11594.0,0.005910154035730988,0.9939165925686441,1.7325060052344644E-4,2.795101356045994E-9
12140.0,9.309314484215709E-14,2.253337761442081E-4,0.9959701531163164,0.0038045131074465103
12387.0,2.8508730453186693E-18,0.13568560891017095,0.3410479748137036,0.5232664162761255
12656.0,7.40939153661628E-11,0.7087135609516141,0.2864695246344855,0.004816914339806427
11903.0,9.720721310820126E-23,8.149391430488974E-9,8.476174272052966E-4,0.9991523744234032
11215.0,7.402118457949496E-14,0.9998840298662858,1.1370359626495486E-4,2.2665373751927504E-6
10972.0,0.9995965142456475,4.034857543507718E-4,1.642695139785926E-15,3.3074558466635093E-26
11446.0,0.9999999953150125,4.684987378968068E-9,4.020907439260585E-18,1.4894472392034946E-29
11685.0,0.9997455895055504,2.5441048546318506E-4,8.986437906976987E-12,1.4177980941020264E-23
12163.0,5.597572553027639E-9,0.9946707867202024,0.005303911397962543,2.5296284262444214E-5
12428.0,0.0028066133615754535,0.9971933865454953,9.292915967583663E-11,1.2550804819611081E-21
12703.0,0.9999999995440603,4.559397616545888E-10,3.4303425282082496E-19,2.226594975598551E-31
11920.0,0.9998109847159481,1.8901528234244934E-4,1.7095129778050167E-12,1.9123872215351314E-23
12491.0,0.9875036671523099,0.012496302438376952,3.040931320802089E-8,2.0346521043444766E-17
12228.0,4.996571312835958E-21,0.006017604805990713,0.8431717418183188,0.15081065337569052
11991.0,0.5013090107861283,0.4986909891335276,8.024215646106235E-11,1.0197489894765103E-13
12760.0,0.05981354686280431,0.9401863599823178,9.315461763683957E-8,2.601949520400465E-13
11505.0,0.0012530799869270122,0.9987399463237399,6.9736543956117286E-6,3.493735905603436E-11
11746.0,0.9892759121089398,0.010724087286305495,6.047546104767755E-10,7.955231422260808E-17
11144.0,0.08344161671340643,0.9165583793383845,3.948209111022369E-9,6.674258380605928E-17
12324.0,0.9993225052772424,6.774947072242465E-4,1.5533272635245008E-11,5.098265745465232E-21
12075.0,0.9997545823629823,2.454176368374415E-4,1.8034500485267415E-13,2.567254490709663E-24
11832.0,0.9999295731116351,7.042681840700497E-5,6.995800803530643E-11,2.3974462408922507E-19
12599.0,0.07869447520442206,0.9213054590881468,6.566877636341906E-8,3.865492541338047E-11
11294.0,0.9999922030484856,7.796949229015546E-6,2.2853589693596873E-12,2.398880020899365E-21
11533.0,0.9954725806698901,0.004527419256531236,7.357836405820195E-11,2.757330209437726E-16
11111.0,0.999999762862981,2.3713701906585502E-7,1.9098852137522305E-18,1.8338967889385432E-28
12565.0,6.711654449198599E-19,0.8884726854638484,0.11040553218649694,0.0011217823496547008
11802.0,1.7991853374391202E-4,0.9998200814656718,5.844933821990288E-13,9.63890798635876E-20
12041.0,0.9997911488985823,2.0885110113543092E-4,2.8215062651174974E-13,1.4324769582563638E-22
12294.0,0.9999995364738314,4.6345661269636637E-7,6.955583533782888E-11,2.450219788560127E-19
11567.0,0.6800210830730902,0.31996844653802814,1.0470388859682174E-5,2.1947498613765427E-14
11324.0,0.9999588490538469,4.1150944371217766E-5,1.7817883624251463E-12,2.2845027185238226E-22
11077.0,0.8823958083430843,0.1176036675275067,5.241294090582661E-7,1.855102285525761E-17
12021.0,7.068991411554266E-21,0.0013544374618081416,0.10974614878872782,0.888899413749464
12262.0,3.66121002803328E-26,8.371304369508294E-7,0.9999987990962764,3.637732866390841E-7
12521.0,8.454109527313218E-4,0.9991545796276299,9.419631130724511E-9,7.59116677733456E-15
11712.0,0.9999999849030761,1.509692391604649E-8,1.1890023788026248E-18,3.013832562198357E-29
11475.0,0.9998640194911094,1.3598050871813205E-4,1.7253683965194887E-13,1.9419174428601E-23
11178.0,0.9997338258657519,2.66174133947168E-4,3.0100691861719887E-13,1.6885676523222361E-22
11384.0,0.9999998652053852,1.3479461474798164E-7,1.0119878282096644E-17,1.065680150467648E-27
11627.0,1.128629854092736E-7,0.9999991997830753,6.849489085416917E-7,2.4050307739701222E-9
12109.0,0.9999993201074592,6.798925290413827E-7,1.174924335365036E-14,6.256494928031958E-26
12354.0,0.01264477165774079,0.9873551273410466,1.0097274584370762E-7,2.8466677636266717E-11
12625.0,2.8656859574670216E-5,0.9999713430127161,1.2770878705497956E-10,3.3481309004562707E-16
11870.0,0.9999997873602442,2.1263975389446966E-7,1.954389597432062E-15,7.372922921741293E-26
11009.0,0.9999999995277338,4.722663097499066E-10,6.243830270461599E-20,2.20558553784471E-31
11415.0,0.8458003086426997,0.15419969135692552,3.747602396427898E-13,5.558359176099207E-22
11652.0,0.9999999948911561,5.108843963908663E-9,1.8721837025347722E-18,1.5344227967242493E-27
12194.0,0.9957194625962921,0.004280537398611403,5.096437501127959E-12,3.2912247121527515E-25
12461.0,2.4246154446989753E-11,0.9996153685854403,1.2940950860895987E-5,3.716904394525811E-4
12734.0,0.13467418055967903,0.8653258151916676,4.2486533746390776E-9,3.495166030434494E-19
11953.0,1.4686866103355512E-9,0.9996698759391279,3.3012248965213543E-4,1.0253335960627709E-10
11246.0,0.9999999997022808,2.9771921177746134E-10,1.5774741097268977E-19,1.3362311959128344E-32
11005.0,0.6904858718812257,0.3095141122699531,1.584681777468435E-8,2.0033670821294185E-12
11686.0,0.9999999994383048,5.616953171878837E-10,3.620212501813971E-20,1.5386724817749186E-31
11445.0,0.9999946988141962,5.301185715689069E-6,8.810492470080315E-14,3.093284046878046E-22
11923.0,0.9584547618431817,0.041545238084067536,7.275076263437888E-11,6.534341326832371E-22
12700.0,0.9999997264311056,2.7356889454352044E-7,4.164189877214603E-17,1.770098058004351E-28
12431.0,0.9999998156240028,1.843759973014272E-7,1.452898357494447E-17,6.17514778586213E-29
12160.0,0.9999691988270621,3.0801172224408866E-5,7.135646250874655E-13,1.940748901924467E-26
10975.0,8.384693754749527E-15,0.11709133503838348,0.004223553158834214,0.878685111802774
11212.0,1.5673665842917631E-9,0.12809044471835068,0.8718741376373979,3.5416076884985474E-5
11593.0,0.9999999985330379,1.4669619531290785E-9,1.2808524670192744E-16,4.222160104002645E-27
11354.0,0.2757975421003438,0.72420245351927,4.380386141346809E-9,3.0390887925384025E-18
11900.0,0.9969552667609307,0.0030447332385392274,5.301698633387208E-13,5.694841766777797E-19
12659.0,0.9999988909699566,1.1090300391324744E-6,4.2698617027727025E-15,1.2680677695205001E-25
12384.0,7.806159689014908E-6,0.9999913595529607,8.342873482034441E-7,2.0598829905839974E-15
12143.0,0.20437147447413073,0.7956170288095326,1.1496716198604054E-5,1.3802241153550428E-13
11043.0,0.007669689428686096,0.9923302474465059,6.31248079630795E-8,1.3579388250849677E-17
11145.0,0.999999999643501,3.5649900840940405E-10,4.0276526517191895E-20,1.7120795743922842E-31
12229.0,0.9948949829048634,0.0051050170788547265,1.628173463984892E-11,1.3176389961014638E-21
12490.0,0.999990701453296,9.29854669340922E-6,1.0513339045528224E-14,1.4142445496925926E-23
12761.0,6.419656389088888E-17,5.665944250307672E-6,0.995115585124521,0.004878748931228521
11990.0,0.9999999999998871,1.1293947945431438E-13,7.279122737142356E-24,3.093792378621707E-35
11504.0,2.092558421189326E-6,0.9999973369752324,5.703988312293527E-7,6.751519539868043E-11
11747.0,0.014456278313388443,0.9855436729692445,4.871736710836758E-8,6.327402173764655E-17
11110.0,0.004111440572408383,0.9958885036019687,5.582557012525343E-8,5.283231977740739E-14
12074.0,0.9999999997856687,2.143313131738291E-10,2.387633550421286E-21,5.691665772852818E-31
12325.0,0.0015846997402982517,0.9984152986397824,1.6199193997983687E-9,6.435419284178716E-17
12598.0,0.9999968222845996,3.1777153946792148E-6,5.742965185343931E-15,7.464612012500535E-24
11833.0,5.002349674024524E-6,0.999994997643671,6.655044135632323E-12,8.438340500955417E-19
11295.0,3.294502105902798E-5,0.9999670520030097,2.975886295437589E-9,4.4693413433476784E-14
11532.0,0.9880005631916291,0.011999436730636843,7.773411375686809E-11,3.7839183493617936E-21
11076.0,0.6850959388899583,0.31490392538309464,1.3572692329678652E-7,2.3706587384442072E-14
11803.0,1.3418434038409297E-5,0.9999865789134592,2.6525024085487342E-9,5.045106171582947E-17
12564.0,0.9999999996985941,3.0140584787562226E-10,8.607985855436699E-21,6.684585523602169E-31
12295.0,0.9999999996116239,3.8837614716779156E-10,2.0578225816700725E-19,5.7851406453850336E-33
12040.0,0.979868062800603,0.020131937153932324,4.5464634837897516E-11,9.043391427077438E-22
11566.0,1.0251699320736491E-4,0.9998974422927951,4.0712319313401436E-8,1.678161697660157E-12
11325.0,0.9999965090608031,3.4909390946293684E-6,1.0227554564914884E-13,1.6110775991074464E-20
11179.0,0.04866604639621219,0.9513339220455443,3.1558243425754446E-8,4.446215273557764E-17
12020.0,3.684947735977137E-5,0.9999631500672452,4.5539495181827476E-10,4.1629078399754316E-17
12520.0,0.998719741412351,0.0012802584414592303,1.46189694119207E-10,6.305084718703047E-19
12263.0,6.31433999541629E-4,0.999368396271763,1.694324176152523E-7,2.9627775071259174E-10
11713.0,0.9999959792696751,4.020729167380673E-6,1.1575593604704524E-12,2.4883785622412628E-23
11474.0,0.9998883369616353,1.1166303833286586E-4,3.1869354628327336E-14,5.306229170481921E-23
11008.0,0.7775059909409251,0.22249400904566224,1.341270293643711E-11,1.2537761342958251E-18
11385.0,0.9999999960465742,3.953425781510024E-9,1.221556580713706E-17,4.2066155022822025E-30
11626.0,0.9999999985524081,1.4475919628896519E-9,2.9461936457635516E-19,9.235308406911536E-30
12355.0,0.9999992528434747,7.471565253235351E-7,1.8127688388919892E-17,3.473002620685654E-28
12108.0,0.15641574963483437,0.8435284978257547,5.575251773172657E-5,2.167907835406784E-11
11871.0,0.9999999999999801,1.989581015734845E-14,1.3459760272166396E-23,8.974255175354018E-37
12624.0,0.999349594168427,6.504058312437125E-4,3.2945177930423446E-13,1.5287854968595268E-20
11247.0,0.9999999999898213,1.0178724039401794E-11,5.609994775692761E-18,7.454035523869588E-30
11004.0,0.9733093232227934,0.026690676773490293,3.716444079425994E-12,4.6495344487479154E-20
