11477.0,0.9999999798107528,2.0189246894638252E-8,3.1199401499627493E-16,2.231158811584688E-24
11718.0,0.9999999999843678,1.5632126482914573E-11,1.836518811188643E-20,1.4156763260191058E-25
12256.0,7.8045085223211E-7,0.9474895895332196,0.0524643354245719,4.529459135634215E-5
12527.0,0.9998953224649538,1.0467746145258497E-4,7.359364718579611E-11,3.0374264142503636E-20
12019.0,0.4197160618533644,0.5799560360973974,3.279016211267617E-4,4.2811161036294454E-10
11180.0,0.9999966807527289,3.3192469322834294E-6,3.38845877618565E-13,1.0057882289397428E-17
11322.0,2.5079176804980837E-4,0.9997448768387089,4.314160590228559E-6,1.7232651143968457E-8
11561.0,0.6057025981222776,0.3942968916818048,5.101958580255795E-7,5.96919086172945E-14
12047.0,0.006815815553162776,0.9931836195836636,5.648627644829651E-7,4.0936035043168764E-13
12288.0,0.9997232113909719,2.7678860895858E-4,6.951157836696477E-14,7.192827527884472E-19
12563.0,0.9771134664121611,0.022886529716780166,3.871058640441559E-9,1.4207197115200908E-18
11804.0,1.192593421885539E-4,0.9998796448200352,1.0957853923825E-6,5.238392537373384E-11
11075.0,0.11066629714147506,0.8890766610089647,2.5703718730959156E-4,4.662250623084865E-9
11531.0,0.8563706399811086,0.14362935968785326,3.310371848258073E-10,7.882507262566739E-16
11288.0,2.297733234282375E-9,0.9765502928834534,0.02343123062911524,1.847418969804087E-5
11838.0,3.068896666869202E-11,0.0367368597855893,0.9622906022787742,9.725379049474937E-4
12593.0,0.9999538478082887,4.615219133108007E-5,3.8030936827642866E-13,7.342398348960205E-19
12322.0,0.9991543097021991,8.456902744669615E-4,2.3333846352187767E-11,2.925921961028655E-18
12077.0,0.999999031257113,9.687427479051958E-7,1.3907585366404302E-13,4.840110984851845E-20
11105.0,8.768626006978963E-7,0.9999958914479714,3.231353133599062E-6,3.362944055593833E-10
11748.0,0.9982289942241087,0.0017710042454797206,1.530411397149443E-9,1.401517588676797E-16
11511.0,0.9870386986038853,0.012961300174687135,1.2214276035985546E-9,2.004347941618482E-18
11985.0,5.660589539059546E-8,0.5662628064517057,0.4333001799653942,4.3695697700471694E-4
12493.0,5.796389297790666E-13,7.464707393202389E-5,0.9989708210006553,9.545319248332044E-4
12226.0,0.8510755518133518,0.14892444752224207,6.644056808476466E-10,4.404239567241028E-16
11150.0,0.968160232872061,0.031839767127151836,7.872036265139974E-13,2.0566418987657898E-17
12390.0,0.9923835323787618,0.007616467608972989,1.2265236212608205E-11,4.324281785889602E-20
12137.0,0.9998235513701078,1.7644862987965264E-4,1.2450550299141268E-14,4.835807783522585E-19
11898.0,0.0038660483693968586,0.9961336555604675,2.9606686589434894E-7,3.2696394764792618E-12
12661.0,0.9999999980601043,1.9398956251146925E-9,2.7346808270575068E-17,7.2382131583407975E-25
11356.0,0.9999802247645933,1.9775235365776442E-5,4.097382400658153E-14,2.8484751736769096E-22
11599.0,1.0994779641626218E-6,0.9884099267334191,0.011587848174145078,1.1256144716742735E-6
11045.0,0.999949197943972,5.080205554803582E-5,4.79928358316877E-13,1.511849156108102E-19
12425.0,0.9999999406858401,5.9314158016872944E-8,1.7731041743330372E-15,4.009909270201178E-23
12166.0,0.6995148190031429,0.3004851731380312,7.858825772384597E-9,3.3024376582735136E-19
11925.0,9.185823286418316E-14,0.2397321172762553,0.7556799868891354,0.0045878958345175426
12698.0,0.2709617937816774,0.7271287249909559,0.0019094812269742191,3.923580942615388E-13
11443.0,0.4506273839572619,0.5493726158545843,1.8815377070029476E-10,5.237243525098806E-18
11680.0,0.9999999467747526,5.322524648244443E-8,8.738754455157845E-16,1.6889330121474573E-23
11210.0,0.6747690105488889,0.32523098215353813,7.29756923889159E-9,3.850804955570365E-15
10969.0,0.7391803482746534,0.26081965102017474,7.051705426988285E-10,1.4546447129603905E-15
12728.0,0.9999999789897952,2.1010204857217737E-8,6.135203123293418E-17,1.681099711776296E-24
11959.0,9.654337899052483E-12,0.9999999999901145,5.062796804783836E-15,2.2621852914380599E-13
12196.0,1.1506363058237312E-5,0.9999884313198087,6.231658249296488E-8,5.504802650792642E-13
12459.0,0.9412601616417271,0.05873983047278932,7.885483288513237E-9,3.323057936612699E-16
11650.0,0.5757026347479567,0.4242929282213016,4.4370307279115695E-6,1.3789398693079809E-14
11409.0,0.9820210578583178,0.01797883990662029,1.0223505687384181E-7,4.816893843160806E-15
11003.0,3.014861842420256E-10,0.999986303896528,1.3692599767144E-5,3.2022188294283612E-9
11240.0,0.9970748182777114,0.0029251726201291253,9.102159482255997E-9,2.308978290687746E-18
12631.0,0.19714508583597343,0.8028542597291348,6.544348626401945E-7,2.909693630370731E-14
11864.0,9.639987447335444E-5,0.9935005829836057,0.006401069754386716,1.947387534278827E-6
12107.0,2.102428503899499E-5,0.12685457330204084,0.8730846987378696,3.970367505046483E-5
12356.0,0.9998889096334503,1.1109034792311036E-4,1.862656940010194E-11,8.838909703289815E-20
11629.0,0.9907454285289781,0.009254528734647884,4.273637389056801E-8,1.9850747430270135E-16
11390.0,0.9999642026244642,3.579737484850657E-5,6.874797659171972E-13,2.988071780414752E-19
11015.0,4.693681011537168E-6,0.9999951033051186,2.029698653188894E-7,4.400441520326291E-11
11181.0,0.9999999803320259,1.966797402111561E-8,7.446024611537666E-17,2.3631876189757204E-25
11476.0,9.649399565239091E-29,7.143625945766899E-15,2.3308579172505407E-4,0.9997669142082677
11719.0,0.9999999789897952,2.1010204857217737E-8,6.135203123293418E-17,1.681099711776296E-24
12526.0,0.9999999777603326,2.223966730886928E-8,6.925196762276128E-17,6.351536644453718E-26
12257.0,4.356216370193747E-4,0.985676499404243,0.013887878929464841,2.927282172387138E-11
12018.0,0.0015572770802284067,0.9983192601069134,1.2346273672042565E-4,7.613783301575493E-11
11074.0,0.9998921811077229,1.0781888866982083E-4,3.607256843463141E-12,1.8721374427125225E-19
11323.0,0.999999651455386,3.4854460749130897E-7,6.532260001220994E-15,1.5383395799081802E-23
11560.0,2.3218902449528748E-5,0.9999765636336929,2.174537022957138E-7,1.0155359145113143E-11
12289.0,1.787842883112559E-4,0.9998208475012531,3.649091701608797E-7,3.3012654969992976E-9
12046.0,0.7124465381285986,0.287552194729298,1.2671419513741714E-6,1.5207455704200495E-13
11805.0,0.9996399473863811,3.600522324562454E-4,3.8116233114274877E-10,4.007543741091991E-16
12562.0,0.9999999999997603,2.39704940968651E-13,3.704274227639269E-21,2.64903289366692E-29
11104.0,0.977770529657153,0.022229274782841188,1.9555967125746187E-7,3.344740926837668E-13
11530.0,0.9986150501659977,0.001384949722777487,1.1122484122374531E-10,1.355149506609209E-21
11289.0,0.9999900464582817,9.953541714026087E-6,4.3248011511341005E-15,9.399089569692845E-25
12592.0,0.0019354046570887048,0.9980644841680162,1.1116478125987047E-7,1.0113961179579709E-11
11839.0,2.7996841916756334E-10,0.9508949577592186,0.049057195297403586,4.784666340942892E-5
12076.0,0.999999999999436,5.64036297549649E-13,1.0251691138500435E-20,7.930922755150086E-31
12323.0,0.9999998678713994,1.321285996811686E-7,9.172076633256981E-16,1.7619755350927275E-24
11151.0,0.9999995646513209,4.3534866099465226E-7,1.8201348473913393E-14,2.2789923876137086E-20
11749.0,0.9999999798107528,2.0189246894638252E-8,3.1199401499627493E-16,2.231158811584688E-24
11510.0,0.9997016315178175,2.9836846538874287E-4,1.6793665741803146E-11,4.858344218507768E-19
11984.0,8.181601207984766E-16,0.0012162895734806807,0.9936296492106532,0.005154061215865236
12227.0,0.9990684502156298,9.315482445785992E-4,1.5397905062437889E-9,9.96537119236037E-16
12492.0,0.9999937337078014,6.266292193460911E-6,5.02577905015888E-15,1.297698749524796E-21
11044.0,0.9879712690986665,0.012028720873272121,1.0028050980661942E-8,1.0545118163403818E-14
12136.0,0.9639068282190727,0.03609317041274676,1.368180352425542E-9,9.362237953391453E-17
12391.0,0.0011453818069532857,0.9988545784182213,3.9774333892731605E-8,4.915356852473779E-13
12660.0,0.9999999837529103,1.624708973089667E-8,7.018361247295867E-17,1.146290002018765E-24
11899.0,0.9993726006432269,6.273993389539145E-4,1.7819297336671357E-11,9.742659254356461E-18
11357.0,0.9999476809330956,5.231906605712785E-5,8.471696847192999E-13,1.392170192473591E-16
11598.0,0.0011767010370639535,0.9988209351508947,2.3638038273099757E-6,8.214017864613668E-12
11211.0,4.2668476803103075E-14,0.9992822812767611,7.177172632410925E-4,1.4599551003841889E-9
10968.0,0.8965305810974633,0.10346941825885839,6.436782410567889E-10,6.647361615843602E-17
12167.0,0.9972180620453369,0.0027819239935756293,1.3961087084134115E-8,3.234438173846791E-16
12424.0,0.9996345476014699,3.6545239852924763E-4,8.524281862710293E-16,1.137545505599614E-21
12699.0,6.327912892775944E-17,7.35048242634702E-7,0.9999992605968961,4.354861225025101E-9
11924.0,0.15045529866178178,0.8495384432383931,6.258091468901469E-6,8.356179301295309E-12
11442.0,0.9999999798107528,2.0189246894638252E-8,3.1199401499627493E-16,2.231158811584688E-24
11681.0,0.9998123563644402,1.8764363207384845E-4,3.4858934757199595E-12,3.327192528286227E-22
11002.0,0.9993933305403597,6.06669147328085E-4,3.123122240912168E-10,3.437739980423707E-17
11241.0,0.9999999985051534,1.4948463944318159E-9,1.1591005179070835E-16,1.0039581678205164E-24
11958.0,0.024792584413069824,0.9751395601308754,6.785545484608364E-5,1.2086677019343215E-12
12729.0,2.9136166413774774E-9,0.9878541314807989,0.012053912013550617,9.195359203381534E-5
12458.0,0.9999999815270619,1.8472937958309193E-8,1.611091832679758E-16,3.052034999358864E-25
12197.0,0.9999629222270116,3.7077772324843745E-5,6.636634200206515E-13,4.047621821004815E-21
11651.0,0.9981499893827503,0.0018500105912122534,2.6036602086533132E-11,8.230743710081912E-16
11408.0,0.9063866922660039,0.09361285589195777,4.5184200049881437E-7,3.7815725437043794E-14
11014.0,0.9999999798107528,2.0189246894638252E-8,3.1199401499627493E-16,2.231158811584688E-24
11865.0,0.31773244863259054,0.6822674935180583,5.7849350337916856E-8,7.68504789085325E-16
12630.0,0.9999999999821738,1.7826094876512652E-11,2.754751052009143E-19,1.9700015987440593E-27
12357.0,0.999999913512308,8.648769102698118E-8,7.9790217088372E-16,9.53031482808812E-24
12106.0,0.9999559851125799,4.401488539937502E-5,2.020684232391962E-12,1.8958918765251684E-23
11628.0,0.9999999951681222,4.831877719914149E-9,2.2946864819108495E-16,5.509022874526614E-25
11391.0,0.5637792035589165,0.4362191959674476,1.6004688701741865E-6,4.765730175587583E-12
11563.0,0.9999999187336359,8.12663638016078E-8,2.167480149489386E-16,2.1681272819122675E-23
11320.0,4.688612942673163E-16,0.005210201993134237,0.21666931580920668,0.7781204821976587
12561.0,2.1360099280018187E-29,2.066825161187539E-12,9.091530151516453E-5,0.999909084696418
11806.0,0.04937036347095125,0.9506255007195785,4.134839833916128E-6,9.696362826279825E-10
12045.0,2.4647274691056552E-23,1.5678680810816463E-6,0.10933572134977315,0.8906627107821458
12290.0,8.972171399341684E-20,9.823344928365586E-7,0.9616575879417162,0.038341429723790996
11073.0,0.999988288275005,1.1711724871593774E-5,1.234202846387263E-13,3.7577871629395285E-24
11716.0,0.9999999999992975,7.026105212571271E-13,5.7512913943876205E-21,1.9480616927533132E-29
11479.0,0.705093519923951,0.294906480069169,6.880136982183114E-12,1.2869401135507337E-19
12017.0,0.027111132447419427,0.9728888673916599,1.609183310052319E-10,2.2960642739285925E-15
12258.0,2.1342758130867452E-23,5.930190950990914E-6,0.06318185516291645,0.9368122146461325
12525.0,0.9928798247540547,0.007120175245750927,1.9446134580744883E-13,1.2186836471602293E-22
11182.0,0.09496620091960421,0.905033611364156,1.8771334451032902E-7,2.8952702413632442E-12
11509.0,0.9981626835183125,0.0018373158315755731,6.501119407320835E-10,1.0936484738280776E-17
11750.0,0.9999989570432161,1.042956780738872E-6,3.163689023658843E-15,3.2402941136028733E-23
12495.0,1.535106479424661E-29,2.3230962003092716E-10,0.9954906244538981,0.004509375313792353
12224.0,0.9999942753325362,5.724667463710695E-6,1.1187029311965803E-16,7.076617212507868E-23
11987.0,0.9943935434420611,0.005606383132321181,7.342561723190595E-8,4.009619542627189E-16
11148.0,6.7438321334985065E-12,0.06886589814721145,0.9196780681688091,0.011456033677235659
11290.0,0.22461460386409954,0.775384969981384,4.261432426926676E-7,1.1273928587210602E-11
11529.0,4.385226903533025E-5,0.844916319988316,0.1550362422942373,3.5854484115631456E-6
12320.0,0.046866917287278924,0.9531319556548079,1.1270556691254507E-6,2.2440461946643972E-12
12079.0,0.9998932991494547,1.0670085037561066E-4,1.6974564088673175E-13,8.500550450335292E-23
11836.0,0.9997783305833864,2.2166941585923666E-4,7.544045151341964E-13,1.881306798043124E-19
12595.0,0.9188626153088634,0.08113608326288481,1.3014266110635406E-6,1.64058941168983E-12
11107.0,0.9999999837529103,1.624708973089667E-8,7.018361247295867E-17,1.146290002018765E-24
11927.0,5.481175689659194E-6,0.9967473319599112,0.003246933461697671,2.5340270135881256E-7
12696.0,0.996821284441597,0.003178715511711646,4.669135260036273E-11,7.7100199910873775E-19
12427.0,0.9999999569924058,4.300759076811171E-8,3.397198894718497E-15,1.1851273594502449E-23
12164.0,0.9999899127693181,1.0087230665477641E-5,1.6415999836141623E-14,1.6151608054584654E-20
11682.0,9.773063348934869E-19,0.004911969634460019,0.9945336390649455,5.543913005945201E-4
11441.0,6.033557430056593E-8,0.12063351208340543,0.8792846061454651,8.182143555525164E-5
10971.0,6.398945087324646E-16,0.020820693324218778,0.940666400438058,0.03851290623772249
11208.0,7.654362269373154E-31,2.109149262622558E-12,2.3506656692668697E-4,0.9997649334309642
11896.0,0.7923283182043427,0.2076716611434595,2.065219745943254E-8,3.2273260106455886E-16
12663.0,0.9996694591201863,3.3054087632102306E-4,3.492626137352305E-12,1.2807745180259152E-19
12388.0,9.263969991525277E-6,0.999978164814274,1.2571213115810317E-5,2.618708735380214E-12
12139.0,0.9971041501174208,0.0028958492823636726,6.001977750814647E-10,1.7619065407298493E-14
11597.0,0.9855738953306629,0.014426104649794252,1.9542861001742173E-11,5.553787131617658E-18
11358.0,0.02655366041747337,0.9734463395800302,2.4963118916204453E-12,9.221553625662583E-20
11047.0,0.9999742632807685,2.573671911568811E-5,1.158814981736784E-13,3.1467364383786546E-21
12105.0,3.426059129536997E-5,0.9996783691662366,2.8737024176838483E-4,6.995040217774031E-13
12358.0,0.05157030083939944,0.9484225858156974,7.113344901409857E-6,1.862220138552784E-15
12629.0,0.9999999406858401,5.9314158016872944E-8,1.7731041743330372E-15,4.009909270201178E-23
11866.0,0.999998979823633,1.0201763471970682E-6,1.9737538431889457E-14,1.1697704282548581E-22
11388.0,0.9999999999711674,2.8832625175549445E-11,8.41943299610475E-20,2.306998822799143E-27
11631.0,3.921111000636156E-4,0.9996078879968237,9.02247037895234E-10,8.656529513597279E-13
11013.0,0.9999998993387641,1.0066122704206898E-7,8.908920730054496E-15,3.168153388099368E-20
12198.0,0.12011173910923473,0.8798882413625284,1.9527596454980318E-8,6.404753143714272E-13
12457.0,0.9999808704859405,1.9129508485894147E-5,5.573639198757974E-12,4.662959770247855E-23
12730.0,0.9999999753615806,2.4638415164899992E-8,4.117199096181271E-15,1.168340749755242E-25
11957.0,0.9999941329337381,5.867066234903542E-6,2.7138604477711253E-14,8.613134853010131E-23
11411.0,0.9999682163280055,3.1783671953691125E-5,4.086581236161782E-14,5.0366202644760235E-20
11648.0,0.9999846433235752,1.535667618716016E-5,2.3769501300037605E-13,4.371160307425239E-21
11242.0,0.03158827900315426,0.9684117189868441,2.0098382985897894E-9,1.6339931652387608E-13
11001.0,0.0031292990318047805,0.9876027053671745,0.009267995592198557,8.822221541936304E-12
11072.0,0.9998068311495217,1.9316885031425533E-4,1.640760732720138E-13,7.833969658166269E-19
11562.0,1.3233966366884195E-4,0.9982851403915021,0.0015825199389498616,5.879175603349538E-12
11321.0,1.1532378288828622E-10,0.983581451350742,0.01641829622607826,2.5230785570000874E-7
11807.0,0.9999999753170227,2.468297717029964E-8,1.8151565601138425E-16,8.133327819406945E-25
12560.0,0.9999994354051511,5.645948484763983E-7,4.020276169363219E-16,2.227644706038267E-23
12291.0,0.9995853548588243,4.146450999124898E-4,4.126326169586251E-11,4.223432571304008E-18
12044.0,0.9999999858901969,1.4109803076044668E-8,6.095103600466334E-17,9.954968221641617E-25
11183.0,0.9999999100469901,8.995300935576312E-8,6.166955765386963E-16,8.13886739232879E-24
11717.0,0.9999834751250084,1.652487490096677E-5,9.057715894056662E-14,9.48793105093001E-22
11478.0,0.017582659701907918,0.9824172935250148,4.664228953874333E-8,1.3078770995883627E-10
12016.0,5.680346680065321E-6,0.9999829082938807,8.912177852304697E-6,2.499181586912477E-6
12524.0,0.986029160048289,0.013970679768869494,1.6018281976303304E-7,2.1751368544846968E-14
12259.0,0.9766989606054174,0.023301025801452085,1.35931304165105E-8,1.3670840008380649E-17
11149.0,8.302416725028596E-7,0.9944314144936888,0.005567755261120037,3.518670788931427E-12
11508.0,0.9812989200441365,0.018701076565807672,3.3900551566181193E-9,7.185666399853602E-16
11751.0,0.9999559552321409,4.40430660948479E-5,1.7017642406412066E-9,6.421450160554605E-17
12225.0,7.594215705722813E-8,0.9999997012586013,2.2279200610427187E-7,7.235641276839915E-12
12494.0,1.3587206011185372E-4,0.9991817576477202,6.821074573342473E-4,2.62834833734789E-7
11986.0,0.709750762144233,0.29024901248753576,2.2536823107275976E-7,2.9212228668656827E-17
11106.0,0.025076833798316336,0.9736768181571627,0.0012463458073638052,2.2371570908971533E-9
11291.0,0.9999999312520533,6.874793537112205E-8,1.1295707194294882E-14,2.845096350536403E-23
11528.0,0.9998725825495278,1.274174502657708E-4,2.0627696530302648E-13,1.798819196922654E-21
12078.0,0.9479319466412061,0.052067643536413674,4.09822368924525E-7,1.145553067962996E-14
12321.0,1.0264686265800641E-4,0.9987045395777296,0.001191645992905512,1.1675667067325568E-6
12594.0,0.9999999061644117,9.383558825508577E-8,4.791639241870082E-17,3.4266388464410303E-25
11837.0,1.5101905561752E-7,0.9984341441532665,0.0015656491230186902,5.570465931376611E-8
10970.0,8.839605806761008E-4,0.9991160307729144,8.646405196818358E-9,4.418428823729919E-15
11209.0,0.9999995295935632,4.7040622549928506E-7,2.1129229654818264E-13,2.3013472118455367E-21
12697.0,0.9999999753170227,2.468297717029964E-8,1.8151565601138425E-16,8.133327819406945E-25
11926.0,0.9256448083487812,0.07435519165093825,2.8065788578185315E-13,2.699354249817172E-20
12165.0,0.2536968994215549,0.7463030938087368,6.769708216349833E-9,2.279590803320894E-16
12426.0,0.9404551224854178,0.05954487751361115,9.710570340340801E-13,1.0862736245293562E-20
11683.0,0.9999352057102628,6.47942074945808E-5,8.224255792956302E-11,4.8311371004707303E-23
11440.0,0.9997636420699394,2.3635790040168165E-4,2.9658938189707293E-11,1.5542294658131477E-18
11046.0,7.162719848089463E-13,0.16719077358899348,0.827223015441509,0.005586210968781183
12662.0,0.0022463102570523586,0.9971222788643443,6.314107363478647E-4,1.4225533860588174E-10
11897.0,0.014831724500465654,0.9851658992775832,2.376182834685281E-6,3.9116549314948826E-11
12138.0,1.1951790628249222E-13,0.0016270274810934588,0.9494419896837557,0.04893098283503117
12389.0,0.9999999999923068,7.693186614146778E-12,6.709506711550495E-20,1.2710417182131985E-28
11596.0,0.9576030745261271,0.04239692100342825,4.466701995652687E-9,3.742596151597988E-12
11359.0,3.847663373790582E-10,0.1425734518326017,0.8574217525498277,4.795232804210139E-6
11012.0,0.019167156258290702,0.9808327838339443,5.990746879873509E-8,2.9621569653625734E-13
12359.0,0.9950464745213496,0.004953523081157119,2.3974850840258613E-9,8.153422904614034E-15
12104.0,0.9999999798107528,2.0189246894638252E-8,3.1199401499627493E-16,2.231158811584688E-24
11867.0,0.9974516361185335,0.002548363709889086,1.7157758779901974E-10,3.092591949404598E-20
12628.0,0.9999999999994089,5.911676327558166E-13,2.238079396646765E-21,7.10312119066186E-30
11389.0,0.9999999753170227,2.468297717029964E-8,1.8151565601138425E-16,8.133327819406945E-25
11630.0,3.649727266928007E-5,0.9994144231211893,5.490773696819723E-4,2.2364594511867066E-9
11243.0,1.220706404703279E-5,0.7683035946809651,0.23112175090803427,5.624473469534471E-4
11000.0,0.9999992770693227,7.229304413483166E-7,2.3588216788961745E-13,2.3266674385304543E-18
12456.0,0.827102698078028,0.17289730188497535,3.699670550757757E-11,2.645563847026804E-17
12199.0,0.9996860976409272,3.139023537334492E-4,5.339338659050367E-12,3.610682994926149E-20
11956.0,0.9999999999882372,1.1762728279218795E-11,4.0214544630029617E-19,2.997584500010917E-30
12731.0,0.029532042924582603,0.9704627854994543,5.1713874032835564E-6,1.8855990658637973E-10
11410.0,1.609646784771964E-13,0.0046040975244255435,0.9953909637053683,4.9387700452882975E-6
11649.0,0.9873941291810975,0.01260587080438164,1.4520856424231783E-11,6.844144991298133E-18
11834.0,7.034316801577369E-4,0.9992936506571887,2.9176626498540802E-6,3.5953739026517125E-15
12597.0,0.9995576336473679,4.4236618346568527E-4,1.6916567817205302E-10,7.121877048779046E-16
12326.0,4.3095770126871506E-10,0.9670882438315608,0.03245175161893848,4.600041185430397E-4
12073.0,0.9977797353188175,0.0022202646524146713,2.8767793593299796E-11,3.0365698597026092E-18
11535.0,0.9975449517975,0.0024537748731499943,1.2733286955036004E-6,6.544825996257402E-13
11292.0,0.9999999566614658,4.3338533420274596E-8,8.412821830725161E-16,6.954864258518277E-22
11109.0,0.10546424711959147,0.8945085141930778,2.7238687304874254E-5,2.5765601030132956E-14
11989.0,1.3275294201284216E-6,0.9610730387228751,0.03892467604714615,9.577005585472376E-7
12489.0,0.9998965105495737,1.0348944948337942E-4,9.429009112527183E-13,1.8069791750914914E-22
12230.0,0.9999996645026749,3.3549653840797177E-7,7.867625776038904E-13,7.116552109971814E-24
11744.0,0.9999551455685372,4.4854428943646554E-5,2.519210220972858E-12,6.048053554367839E-21
11507.0,0.989699773644187,0.010300226326887495,2.892548676195261E-11,6.470748898569225E-20
11146.0,0.8064068028455876,0.19359319159944105,5.554947705795764E-9,2.3599338027959308E-14
12260.0,0.9999999827884571,1.7211542496898923E-8,3.1282989846916844E-16,2.420117546209385E-26
12523.0,0.9843089219169703,0.01569107767733003,4.05699597324569E-10,1.6902790594357143E-16
12023.0,0.22271353852033196,0.7772716695772615,1.4791896988989229E-5,5.4176799970035374E-12
11473.0,0.9976810195849292,0.002318980411499143,3.571475497622519E-12,3.240666804934124E-16
11714.0,0.9962034013808782,0.003796598618077276,1.0445854957257065E-12,1.8666416679780032E-17
11176.0,0.992432994726528,0.0075669778735989604,2.7399825042904605E-8,4.804789023515468E-14
12043.0,0.7717989002593887,0.2282010769684581,2.277206511456799E-8,8.813544217443453E-14
12292.0,0.9993658330751702,6.341669137039372E-4,1.1125803593765041E-11,3.260708756337818E-19
12567.0,8.810406614797109E-8,0.9999999118958554,7.809575639644924E-14,4.741838343269373E-16
11800.0,0.9947749431076087,0.005223963325282707,1.093567107934635E-6,5.70666283498972E-16
11326.0,0.9998984885239243,1.0151146893208511E-4,7.143667003278082E-12,3.649191314786333E-18
11565.0,3.9600645116232513E-11,0.9995935977041587,4.0488587605462864E-4,1.516380186003293E-6
11079.0,0.9999633039396607,3.669605831299078E-5,2.0262301189817174E-12,1.0643670225050426E-20
11654.0,0.03301261055545521,0.9669830622911347,4.327153187691571E-6,2.2224153257158127E-13
11413.0,0.9891546952676393,0.010845246009688236,5.872241624492693E-8,2.5601889353117606E-13
12732.0,0.46947841200930923,0.5304477116447016,7.387506633154001E-5,1.2796575323406187E-9
11955.0,0.9999999634152843,3.6399162184135135E-8,1.855535211313364E-10,4.947518175592965E-19
12192.0,0.9999874203676397,1.2579632231332592E-5,1.2896316870722087E-13,6.129808732139774E-22
12463.0,0.9999999753170227,2.468297717029964E-8,1.8151565601138425E-16,8.133327819406945E-25
11007.0,0.0027989269114924204,0.9971998286975596,1.2443605605662758E-6,3.038734281597986E-11
11244.0,0.9995552359813479,4.4476400708590115E-4,1.1566267219804818E-11,1.087347946294166E-17
11625.0,8.724392435257544E-5,0.9999126473954015,1.0867899410761348E-7,1.251708184216274E-12
11386.0,1.3297920115008932E-10,0.9968326964458747,0.0031634866386478877,3.8167824981337485E-6
12627.0,0.9999999999988325,1.1676527763788042E-12,9.557943072649526E-21,3.2374403389672084E-29
11868.0,3.6240141933431465E-20,1.0597579451525312E-6,0.7845058698546742,0.21549307038738066
12111.0,0.9996952550947101,3.0474490521955835E-4,7.037401088310174E-14,7.418669756586147E-21
12352.0,0.0033137229467831847,0.99668441679603,1.8602568881043946E-6,2.987715268748231E-13
11011.0,0.9999999540405288,4.595947034748549E-8,9.042165769669858E-16,2.3827932683102054E-24
11352.0,0.9999999798107528,2.0189246894638252E-8,3.1199401499627493E-16,2.231158811584688E-24
11595.0,0.9996735827136193,3.264172713100862E-4,1.5070556468348287E-11,1.944235658711375E-20
12386.0,0.20953420112400153,0.7881305585514974,0.0023352376160791027,2.708421985189723E-9
12141.0,0.005907947032750019,0.994092052967227,2.296148006792103E-14,5.886525814411267E-17
11902.0,0.9999966562551372,3.34372113395874E-6,2.3728934372141284E-11,3.7836269062314225E-18
12657.0,0.4885925773155694,0.5114051212312314,2.3014511454015534E-6,2.0536896664047805E-12
11041.0,2.3013694421043218E-4,0.999769863055758,3.155307688666007E-14,1.1921326537311742E-17
11447.0,1.3276199634928301E-6,0.9932920341020925,0.0067061734044255444,4.648735182996228E-7
11684.0,5.180589960712905E-4,0.9994570704357504,2.4870547942996204E-5,2.0235492356634657E-11
12429.0,0.9999783869907205,2.1613005360823396E-5,3.918588115936441E-12,4.384989587351758E-19
12162.0,0.9999999999992466,7.533375708237989E-13,5.539954213085896E-21,2.4823348415029385E-29
11921.0,0.9999999789897952,2.1010204857217737E-8,6.135203123293418E-17,1.681099711776296E-24
12702.0,1.0268822355568842E-5,0.7794931997317315,0.2204965021346333,2.931127948857258E-8
11214.0,1.4407882008763805E-9,0.9911655306891215,0.008798693522748046,3.577434734224461E-5
10973.0,0.9985146295784594,0.0014853704215042575,3.6291207888139403E-14,4.59902782222498E-19
11108.0,0.0020475814678029432,0.9979303542224521,2.2064165903170997E-5,1.4384168999910385E-10
12596.0,0.9999999774794482,2.2520551493899614E-8,1.7568070498963422E-16,6.650077519629357E-26
11835.0,0.9999993977160105,6.022834228076952E-7,5.664219624520401E-13,3.04392591468654E-16
12072.0,3.314195683909364E-5,0.9999266866828233,4.0170250636929685E-5,1.1097007236794784E-9
12327.0,0.9668548504215622,0.033145148028616525,1.5498213064182819E-9,7.665932722141561E-18
11534.0,0.09379495429968199,0.9062010623598861,3.982333752608555E-6,1.0066794005866016E-9
11293.0,0.8271983685074342,0.17279878811295585,2.843347631594963E-6,3.197842607421547E-11
11147.0,0.9772281944662967,0.022771799741173437,5.791396910598255E-9,1.1330018762622477E-12
11988.0,0.0012622997540860494,0.9987192272641001,1.8472936899799782E-5,4.491393623343115E-11
12231.0,1.8669548624427037E-5,0.9999813304283128,2.3017838916465125E-11,4.482081031162417E-14
12488.0,0.9430957167774036,0.05690423941754287,4.3804870948818996E-8,1.8278081641727774E-13
11745.0,0.29522138269058673,0.7043971001388095,3.815171068309817E-4,6.377276569916642E-11
11506.0,0.9999999788939599,2.110603984983551E-8,1.611091828437589E-16,3.0520349913225447E-25
11177.0,0.871166812117657,0.128833181627231,6.255111359617885E-9,5.2714161841331015E-16
12522.0,0.9999999999998576,1.4236977420914473E-13,1.241658370566026E-21,2.3521842314296426E-30
12261.0,2.9947803872891915E-4,0.9954737364905094,0.004218943665777791,7.841804983764027E-6
12022.0,0.9969692302920635,0.0030307687348182697,9.731180962114725E-10,5.492773997292537E-18
11472.0,0.9996827121741341,3.172878258623109E-4,3.72946419393666E-15,1.883392826736767E-24
11715.0,0.911192019262261,0.08879858265386568,9.39808343557496E-6,4.3784953076583154E-13
11078.0,0.10098541500613145,0.8990144866250444,9.836881310692986E-8,1.0992043609774411E-14
12293.0,0.9999825752120811,1.742478776882266E-5,1.4996981860424472E-13,1.0641403600122962E-21
12042.0,6.439199187824546E-4,0.9009279796685644,0.098427934762689,1.656499641381411E-7
11801.0,0.9681947402047623,0.03180520027096367,5.9524274227677955E-8,1.52972123389807E-19
12566.0,0.12690008617016219,0.8730778987291743,2.2015099615505588E-5,1.0479602624349927E-12
11327.0,0.9996477061407024,3.5229385925954004E-4,3.798095493235762E-14,2.1333334830064717E-22
11564.0,1.16728958834542E-12,6.183134683451483E-5,0.886875196962702,0.11306297168929608
11006.0,0.018707701653273956,0.9797103045385382,0.0015819930166653146,7.915223992876879E-10
11245.0,4.946446210839728E-12,0.6745198865417894,0.3189770982375809,0.006503015215683289
11655.0,5.959667638404964E-4,0.9994040254581777,7.77770080769183E-9,2.8099566032627354E-13
11412.0,0.9769159076683864,0.023084091877379108,4.532415371071067E-10,9.929943158333527E-13
11954.0,0.9614594699378961,0.03853975000734215,7.800540238207852E-7,7.379043594287463E-13
12733.0,0.9999973381959707,2.661803377783557E-6,6.514801697970114E-13,2.6598282391523806E-20
12462.0,0.01752844678006645,0.9824711819195721,3.709245548408714E-7,3.7580656654566604E-10
12193.0,0.981392759645868,0.01860670526895039,5.350851816034159E-7,5.877606410638768E-17
11010.0,0.9997072540394006,2.927459017666219E-4,5.883259799379813E-11,4.374168997652138E-18
11624.0,0.999938013005211,6.198664716534036E-5,3.4762361641640945E-10,8.611057710796593E-19
11387.0,1.1730285779741064E-5,0.9999882341349204,3.5579227669616517E-8,7.223801798827023E-14
11869.0,0.004322371649953607,0.9956678766712094,9.751668862812328E-6,9.974295531147643E-12
12626.0,0.9521846736425179,0.04781527483527162,5.15222105406384E-8,3.618646010293596E-17
12353.0,0.0011254422264447823,0.9988726387095719,1.919060519767405E-6,3.4635331430545716E-12
12110.0,0.009135063759527502,0.9908648057007996,1.3053967293288014E-7,6.911520662886137E-17
11040.0,0.9999633985653239,3.6601422272469694E-5,1.2403524130728465E-11,3.542443705165692E-21
11353.0,0.975159060235706,0.024840938802000768,9.622931524399437E-10,1.732517564081687E-16
11594.0,0.020304716056543635,0.979276111511526,4.1912564161532625E-4,4.679031510303382E-8
12140.0,6.2646234864962054E-6,0.002186143507894066,0.8875460494999686,0.11026154236865092
12387.0,3.4667234933642676E-19,2.257521994015287E-4,0.03203007727240086,0.9677441705281976
12656.0,4.111675902166387E-11,0.2581172956495507,0.7418124802425317,7.02240668008405E-5
11903.0,1.6842778384641098E-10,7.638969062498693E-4,0.002409226426234243,0.9968268764990881
11215.0,1.9094791776480554E-6,0.9993644563983547,6.336340676651867E-4,5.4802402317735516E-11
10972.0,0.9987893026237228,0.0012106973762151213,6.204839814501043E-14,9.758605748440739E-22
11446.0,0.9999998411610457,1.5883895374966728E-7,5.110541173921661E-16,2.4970609589151197E-23
11685.0,0.999190455154237,8.095448348209401E-4,1.0941965081045174E-11,3.053019390338062E-19
12163.0,0.0010811660658615388,0.9976670349947576,0.001251733632900261,6.530648066133971E-8
12428.0,0.02812038952073895,0.9718796104783591,9.019708713312091E-13,4.376990920199607E-21
12703.0,0.999999964250568,3.574942917121784E-8,2.87581968432282E-15,1.330372373783861E-25
11920.0,0.9999184142486538,8.158575085687506E-5,4.892409844133666E-13,2.955514000414421E-22
12491.0,0.3233904345851324,0.6765998700808084,9.695324185176553E-6,9.874058921858118E-12
12228.0,5.543722045383261E-18,0.001102959489609436,0.05960982675344766,0.939287213756943
11991.0,0.7648227787714779,0.23517722120814286,1.56039259606343E-11,4.7754278547561326E-12
12760.0,0.008467343136086367,0.9915325897948511,6.706506164044187E-8,4.000665818750244E-12
11505.0,1.88197440584221E-5,0.9999807081351331,4.702461798605192E-7,1.874628673123848E-9
11746.0,0.9790390063085112,0.0209609868891608,6.802317893836458E-9,1.0292059175200537E-14
11144.0,0.7606051629132106,0.23939425860362062,5.784830462058441E-7,1.2272675016664467E-13
12324.0,0.999863423035788,1.3657696412011698E-4,9.193712248691534E-14,4.984129850451367E-23
12075.0,0.9997372334830491,2.627665155306684E-4,1.4201849112391418E-12,2.08413009253388E-19
11832.0,0.9931875500078158,0.0068124499412392115,5.094496732038141E-11,4.106363296192243E-17
12599.0,0.5859801741215812,0.41401978061196865,3.945669354062877E-8,5.8097565176871304E-9
11294.0,0.9999997715129479,2.284869527834329E-7,9.933630864282447E-14,2.603034490073502E-21
11533.0,0.9983756353121315,0.0016243646703239761,1.7533807073046624E-11,1.0648379973856457E-14
11111.0,0.9999581731488889,4.182685108509949E-5,2.5935030838758298E-14,1.9024977960972096E-22
12565.0,4.429674254197699E-15,0.9874156668644875,0.010800450808295961,0.0017838823272122695
11802.0,0.01888965467184273,0.9811103453263548,1.8025054232243752E-12,1.2362955430049561E-17
12041.0,0.9999617313626455,3.8268637351736655E-5,2.7466997302364235E-15,1.941153008419138E-20
12294.0,0.9999995349122891,4.6505658753455547E-7,3.1123416030026416E-11,7.537275259024893E-18
11567.0,0.9793703485790137,0.02062964587508995,5.545881390012882E-9,1.4989175957780175E-14
11324.0,0.9971208642966981,0.002879135681805745,2.1493096147196582E-11,3.082427040936418E-15
11077.0,0.9997584905380658,2.4150862471212012E-4,8.372221375737888E-10,8.556091177040319E-19
12021.0,1.6932947720131453E-20,0.004087395535576045,0.05810382171186838,0.9378087827525556
12262.0,5.825712226091448E-19,7.178619606133112E-6,0.999968566877009,2.425450338493276E-5
12521.0,0.029486681358597163,0.9705133131075201,5.533311550204705E-9,5.712355219788492E-13
11712.0,0.9999999811095128,1.8890487067759948E-8,1.5463004384592623E-16,5.237586557672368E-25
11475.0,0.9992453678976292,7.54632092514035E-4,9.856845537122543E-12,5.105810818967742E-20
11178.0,0.999777478153393,2.225218461687815E-4,4.382836090891069E-13,1.45668229981454E-21
11384.0,0.9999942628206866,5.7371792842108076E-6,2.926813842373462E-14,4.780286062612516E-22
11627.0,0.02742461400686859,0.9725742199071116,1.1655148558243027E-6,5.711640619045402E-10
12109.0,0.9999705983540816,2.9401645460703557E-5,4.577271978272663E-13,1.8432181954112615E-21
12354.0,0.0034991747603583937,0.9964804930640639,2.0159735448683766E-5,1.7244012894976557E-7
12625.0,3.717859833325985E-4,0.9996282140158381,8.124411766543121E-13,1.6795833369620756E-14
11870.0,0.9999996107064791,3.892935208406217E-7,5.991445505387291E-18,1.238768491675609E-25
11009.0,0.9999999789897952,2.1010204857217737E-8,6.135203123293418E-17,1.681099711776296E-24
11415.0,0.9523937011615857,0.04760629883666157,1.7527214734645545E-12,1.5847508377375661E-18
11652.0,0.999996321666708,3.6783318492910344E-6,1.4426184924214026E-12,7.578636275558437E-20
12194.0,0.45510726646701954,0.5448927261907889,7.342191484227171E-9,3.7533263515582185E-18
12461.0,1.1762679633918112E-8,0.9997425402682254,5.249403551212657E-6,2.521985655438116E-4
12734.0,0.8485683075433448,0.1514314722138057,2.2024284922564524E-7,3.103726213552323E-16
11953.0,8.145994103034195E-8,0.9999745680432935,2.5028741260133663E-5,3.217555052370171E-7
11246.0,0.9999999571452355,4.285476407933895E-8,3.8194159059112726E-16,1.1629005801739094E-26
11005.0,0.9911324663329527,0.008867531436013409,2.2310148874753672E-9,1.884038249277975E-14
11686.0,0.9999999775682895,2.24317104283543E-8,1.8361709545305326E-16,6.219428042470237E-25
11445.0,0.9894018464573584,0.010598151292498038,2.250143471527306E-9,8.125811960628004E-18
11923.0,0.4104075825014961,0.5895924030263346,1.4472167501877828E-8,1.864736676338377E-15
12700.0,0.9999841871651124,1.5812834656135958E-5,2.315082523254278E-13,2.8090465993582734E-22
12431.0,0.9999927767887998,7.223211127901116E-6,7.229006613145253E-14,2.448589350466755E-22
12160.0,0.9999528986164126,4.710138211511997E-5,1.4722856801033438E-12,3.1066174531936813E-24
10975.0,1.2320570245178166E-16,0.0012126025948055764,0.9703270901132093,0.028460307291985017
11212.0,2.8256415505147773E-5,0.9729361209616137,0.02702969890989841,5.923712982814225E-6
11593.0,0.9999999602121473,3.978785062036837E-8,2.0967827333775814E-15,6.86316753424577E-23
11354.0,0.9484432432394331,0.05155675666768851,9.28784284685792E-11,1.4180736018094767E-18
11900.0,0.993995434265839,0.006004565732048447,2.1124473208451623E-12,3.59542816370401E-17
12659.0,0.9999972867536377,2.7132463094631173E-6,5.282585078393733E-14,8.526190815279751E-23
12384.0,0.0011720491680306615,0.9988278844320803,6.639988904361077E-8,1.0990928156255875E-16
12143.0,0.38029167328151975,0.6197082711792686,5.232893711552838E-8,3.210274541242044E-9
11043.0,0.058302817444184966,0.9416971627001403,1.9855670292841882E-8,4.405187657768095E-15
11145.0,0.9999999753170227,2.468297717029964E-8,1.8151565601138425E-16,8.133327819406945E-25
12229.0,0.9711878566145812,0.0288121427794234,6.059953974260255E-10,4.854476532855558E-18
12490.0,0.9945409313948043,0.00545906410493333,4.500262304613997E-9,5.001865142657875E-17
12761.0,3.4895670659342726E-15,0.24325615322006858,0.5272635418337365,0.2294803049461915
11990.0,0.9999999999917818,8.218172367373623E-12,6.727070344677202E-20,2.278574870282301E-28
11504.0,1.2304470869622588E-5,0.9999870668934915,5.764737052795578E-7,5.2161933568882835E-8
11747.0,0.11304397092478345,0.8869559319527938,9.712238651626723E-8,3.6321619250808495E-14
11110.0,0.12680447333906614,0.8731763525895481,1.9174047407835825E-5,2.3977959027380074E-11
12074.0,0.9999999143896313,8.561036341941497E-8,5.1763766539900606E-15,1.6658639368709824E-23
12325.0,0.047387685647154155,0.9526123135685167,7.843162949497462E-10,1.2787738705556435E-14
12598.0,0.9999928208183598,7.179181574309015E-6,6.571248153409106E-14,4.480481605790172E-21
11833.0,0.0038432230986581756,0.996156776891046,1.028801315044422E-11,7.917570234187488E-15
11295.0,0.00576673139287658,0.9942332669304843,1.6711256010783005E-9,5.513439082509159E-12
11532.0,0.14862836610713856,0.8513697853235672,1.8485681208025827E-6,1.1733521043347815E-12
11076.0,0.2727449889910633,0.7272548781340179,1.3287392654655783E-7,9.922959756769864E-13
11803.0,0.02156036896290475,0.9784396308333615,2.0372283075861899E-10,1.0749687611989354E-14
12564.0,0.9999999798107528,2.0189246894638252E-8,3.1199401499627493E-16,2.231158811584688E-24
12295.0,0.9999999784397419,2.156025741300886E-8,7.371044483805379E-16,5.494362524012411E-27
12040.0,0.9981266889371201,0.0018733109833147155,7.95650937020207E-11,6.314558137036305E-18
11566.0,0.2204573257765256,0.7795424638239815,2.1039948662421086E-7,6.264429676349169E-15
11325.0,0.9999932837634614,6.71623251977048E-6,4.018827819351965E-12,1.9899402467591345E-18
11179.0,0.9477006078602161,0.052299383839760356,8.300016563424543E-9,6.956858025603308E-15
12020.0,9.919944865672429E-6,0.9999900798631652,1.9151166001315274E-10,4.574003588029465E-13
12520.0,0.9819619612479615,0.01803797392105203,6.483095051404523E-8,3.608083925442537E-14
12263.0,0.025918244115581853,0.9740339955570446,4.776032732165333E-5,5.189542156930708E-14
11713.0,0.9999945452762523,5.4546893575426736E-6,3.4390122986461765E-11,1.55331791864223E-19
11474.0,0.8239291542774931,0.17607076492050203,8.080200202176571E-8,2.8947384815767575E-15
11008.0,0.998739343487138,0.0012606562659326585,2.469293896163423E-10,1.8442456525238193E-18
11385.0,0.9999999784397419,2.156025741300886E-8,7.371044483805379E-16,5.494362524012411E-27
11626.0,0.9999999187336359,8.12663638016078E-8,2.167480149489386E-16,2.1681272819122675E-23
12355.0,0.9999885280515569,1.1471948409181846E-5,3.3889036600579154E-14,6.055758486013002E-23
12108.0,0.02931997769516443,0.970008537289028,6.714786094572858E-4,6.4063502506006E-9
11871.0,0.9999999999991427,8.572942003452046E-13,2.9309268277289055E-20,2.1847072770048824E-31
12624.0,0.9970834665676581,0.002916533423586435,8.755291366124999E-12,1.363219744080259E-16
11247.0,0.9999999997463428,2.53650488891672E-10,6.649912815356668E-15,1.6403655957266561E-24
11004.0,0.9993867342803787,6.132656991603312E-4,2.0460924124045992E-11,2.7595209802271548E-18
11414.0,1.046324055341261E-12,5.503788398214018E-6,0.003759197549571791,0.9962352986609837
