11477.0,0.9626891251683829,0.037093988778685805,2.166266097209492E-4,2.594432103805882E-7
11718.0,0.8905017214016838,0.10872439899720113,7.72273493312498E-4,1.6061078026145265E-6
12256.0,0.8917202730474737,0.10747025590795632,8.091821721202962E-4,2.888724497032541E-7
12527.0,0.9610197237073482,0.03875490090361309,2.2535109658485762E-4,2.4292453816003565E-8
12019.0,0.8527046040573644,0.14599308814396492,0.0012924614932400315,9.846305430641628E-6
11180.0,0.9526119643272739,0.047101548111702966,2.859216640699094E-4,5.658969532541472E-7
11322.0,0.2150548051849555,0.784396421426315,5.486089071553671E-4,1.644815741014516E-7
11561.0,0.956127949254696,0.04359293714772017,2.790384781966238E-4,7.511938716758989E-8
12047.0,0.210050644782464,0.7878363983188729,0.002112707359824481,2.4953883884119887E-7
12288.0,0.9751765078410659,0.024694326975164556,1.2887629298625068E-4,2.888907833729906E-7
12563.0,0.9480281669001249,0.051635569979518466,3.360457671122221E-4,2.1735324466230211E-7
11804.0,0.15512483176774378,0.7235046762230828,0.12134112016701834,2.937184215492482E-5
11075.0,0.954742419977142,0.044983067470437836,2.739299299538107E-4,5.826224663496318E-7
11531.0,0.9508940653345963,0.04879218002620701,3.130682659942117E-4,6.863732026488662E-7
11288.0,0.017955189574015023,0.5240948717326968,0.4577496708914405,2.0026780184774783E-4
11838.0,0.3857894421216354,0.4546687756402541,0.1588617154911749,6.800667469355392E-4
12593.0,0.9727921711725623,0.027067966341503668,1.397516920035908E-4,1.1079393011454586E-7
12322.0,0.9422396278241714,0.05738227092891257,3.778632321001338E-4,2.3801481582928977E-7
12077.0,0.924257702260813,0.0752304010962212,5.09988374553417E-4,1.9082684124282795E-6
11105.0,0.1469198397678592,0.7957927433839496,0.05727293513971623,1.4481708475136404E-5
11748.0,0.9617122113453362,0.038063667421927745,2.2394958998943465E-4,1.716427467018584E-7
11511.0,0.1795145336795075,0.8200937454208287,3.9157533372611745E-4,1.4556593764345626E-7
11985.0,0.7572358372930654,0.18051467729328088,0.06222185214492608,2.7633268727689936E-5
12493.0,0.014842266754962745,0.4016336507578676,0.583496253614481,2.7828872688616685E-5
12226.0,0.9384909449090787,0.061087162671497705,4.2169776772412376E-4,1.9465169957713263E-7
11150.0,0.8658204670547145,0.13324645470028046,9.322301547567129E-4,8.480902483889808E-7
12390.0,0.9454876929277327,0.05416541597318806,3.4672402595735017E-4,1.6707312190572645E-7
12137.0,0.9590992033797461,0.04065317093793616,2.4730881695331143E-4,3.16865364315279E-7
11898.0,0.9344515381831843,0.06509569234144354,4.5014203452491114E-4,2.627440847246302E-6
12661.0,0.9727921711725623,0.027067966341503668,1.397516920035908E-4,1.1079393011454586E-7
11356.0,0.9499824095670175,0.049706342038235096,3.109451792088229E-4,3.0321553853131634E-7
11599.0,0.1879901739197838,0.4450337154853869,0.3661971189480985,7.789916467308903E-4
11045.0,0.9576304721554919,0.04210921169269901,2.600598053208808E-4,2.5634648836134596E-7
12425.0,0.956760898603276,0.04297965347603362,2.593583887655998E-4,8.953192458911812E-8
12166.0,0.9247480450082699,0.07469276126473463,5.589635387359393E-4,2.3018825940601914E-7
11925.0,0.068289010046888,0.3584014004378049,0.5732434844143361,6.610510097096467E-5
12698.0,0.963173947356622,0.036618213918082954,2.074424198179431E-4,3.9630547727503407E-7
11443.0,0.876623973110423,0.12248114236771561,8.926501947714641E-4,2.2343270900055597E-6
11680.0,0.9670950095204447,0.032722732386597723,1.8205319644448936E-4,2.0489651321656477E-7
11210.0,0.9402144399727478,0.05939156988564319,3.938345032705109E-4,1.556383385232544E-7
10969.0,0.9576260378805398,0.04212233585395488,2.5149960707700935E-4,1.2665842830215538E-7
12728.0,0.9595201962921439,0.04024304585635378,2.3664524296639476E-4,1.1260853583791212E-7
11959.0,0.05891586957049933,0.9410002155520133,7.873480695225016E-5,5.180070535130133E-6
12196.0,0.884814839954619,0.1142976196578399,8.873367213096274E-4,2.036662314810506E-7
12459.0,0.936302173419491,0.06327032789638311,4.260689501479904E-4,1.4297339781079703E-6
11650.0,0.9670950095204447,0.032722732386597723,1.8205319644448936E-4,2.0489651321656477E-7
11409.0,0.9424515202332427,0.05717440198309328,3.7369439809138927E-4,3.8338557267553146E-7
11003.0,0.13763504639934868,0.8226572028496943,0.03878381321698952,9.239375339675925E-4
11240.0,0.953539905546856,0.0461742126698917,2.858719096995102E-4,9.873552934573426E-9
12631.0,0.9648332891742601,0.03496315857845537,2.0336956000042075E-4,1.826872841072335E-7
11864.0,0.06199163570092273,0.9343453961410357,0.0036552746822201073,7.693475821475348E-6
12107.0,0.5783864646653382,0.3869823559336688,0.034249967915401115,3.8121148559195923E-4
12356.0,0.91973925412517,0.07971671967644975,5.424886065713027E-4,1.5375918088604735E-6
11629.0,0.8932842526507193,0.1054653992564612,0.001248843796107497,1.5042967120283067E-6
11390.0,0.9624026713939725,0.03737353873237716,2.2367682552212076E-4,1.1304812835503179E-7
11015.0,0.09321766447576399,0.8978593437439183,0.008837275351676232,8.571642864154148E-5
11181.0,0.9670950095204447,0.032722732386597723,1.8205319644448936E-4,2.0489651321656477E-7
11476.0,1.261787081113362E-4,0.005632369114835742,0.052494656656314885,0.941746795520738
11719.0,0.9595201962921439,0.04024304585635378,2.3664524296639476E-4,1.1260853583791212E-7
12526.0,0.9592575828881208,0.04050466457696033,2.3770095968659617E-4,5.157523212641345E-8
12257.0,0.3048580071666451,0.6936247584791927,0.0015014020031881214,1.5832350973899568E-5
12018.0,0.9398012049480521,0.05980116044248706,3.971757124326321E-4,4.588970281484996E-7
11074.0,0.9690363285742455,0.030793446628122546,1.7006539960221376E-4,1.5939802991011428E-7
11323.0,0.964491108698738,0.035299658897276084,2.0853890844485854E-4,6.934955411995848E-7
11560.0,0.03876476455847891,0.9598661377081422,0.0013659388205600619,3.1589128188139106E-6
12289.0,0.8619289020420774,0.13677487278962347,0.001287306730600261,8.918437698921976E-6
12046.0,0.9694430038841846,0.030389485876205147,1.674080541992439E-4,1.0218541086429969E-7
11805.0,0.9558048424617647,0.043928344475586384,2.66580564473813E-4,2.324981752363448E-7
12562.0,0.9626891251683829,0.037093988778685805,2.166266097209492E-4,2.594432103805882E-7
11104.0,0.9548312482917573,0.04489644958567478,2.721606485302645E-4,1.4147403765117356E-7
11530.0,0.9499824095670175,0.049706342038235096,3.109451792088229E-4,3.0321553853131634E-7
11289.0,0.9688651058128828,0.030965051986423114,1.6973843222848164E-4,1.037684656396668E-7
12592.0,0.9377650410553874,0.06183365693807305,4.011930687563492E-4,1.0893778325918025E-7
11839.0,0.13325613339433,0.43623043403744033,0.43047483898134153,3.859358688809222E-5
12076.0,0.9688651058128828,0.030965051986423114,1.6973843222848164E-4,1.037684656396668E-7
12323.0,0.9491967269623083,0.05048022242540772,3.228108671434523E-4,2.397451404002284E-7
11151.0,0.9592575828881208,0.04050466457696033,2.3770095968659617E-4,5.157523212641345E-8
11749.0,0.9626891251683829,0.037093988778685805,2.166266097209492E-4,2.594432103805882E-7
11510.0,0.9671568998675064,0.03266055759283355,1.8247944946019333E-4,6.30901996929789E-8
11984.0,0.029836150772748656,0.7320003684013009,0.23765009931052147,5.133815154288381E-4
12227.0,0.9601726864847299,0.03959358767504223,2.3352592912779732E-4,1.9991110023167504E-7
12492.0,0.9621934968685828,0.037589575081433395,2.1668878349465496E-4,2.392664893276259E-7
11044.0,0.9256641291919103,0.07382952156213608,5.055820015568878E-4,7.672443967134213E-7
12136.0,0.9410951452666574,0.0585128194587919,3.9177725722478287E-4,2.5801732593998117E-7
12391.0,0.9600569330706781,0.039704689776004,2.3824460282637495E-4,1.3255049159721197E-7
12660.0,0.9727921711725623,0.027067966341503668,1.397516920035908E-4,1.1079393011454586E-7
11899.0,0.9390613033796206,0.060521657278093006,4.1684327809384425E-4,1.9606419274269726E-7
11357.0,0.9257689106266247,0.07371348063215082,5.169546818327558E-4,6.540593916211943E-7
11598.0,0.9826772379702841,0.0172389760295467,8.361815022328607E-5,1.6784994583618317E-7
11211.0,0.6383392998635576,0.3581411495984149,0.0034798634995184988,3.9687038508993176E-5
10968.0,0.9710364062053417,0.028806650584994816,1.5622356336890617E-4,7.196462943373719E-7
12167.0,0.8610085558831481,0.1379583868203832,0.001028684846839218,4.372449629483535E-6
12424.0,0.9666219930083765,0.03318937082726141,1.8853966070023957E-4,9.650366182206065E-8
12699.0,0.5271822514606238,0.43595246847409796,0.03241285404804479,0.004452426017233483
11924.0,0.9611907921626051,0.0385730602185441,2.3599889710963513E-4,1.4872174135190168E-7
11442.0,0.9626891251683829,0.037093988778685805,2.166266097209492E-4,2.594432103805882E-7
11681.0,0.9775492632745686,0.0223328151489215,1.1784275277717447E-4,7.88237326175756E-8
11002.0,0.9394128526837471,0.06018490847656303,4.015905893027665E-4,6.482503870205856E-7
11241.0,0.9595201962921439,0.04024304585635378,2.3664524296639476E-4,1.1260853583791212E-7
11958.0,0.9578420477462551,0.04190725233137149,2.5058982093159566E-4,1.1010144172963292E-7
12729.0,0.10861063654672452,0.8766484072280064,0.01467385581337644,6.710041189269365E-5
12458.0,0.9621934968685828,0.037589575081433395,2.1668878349465496E-4,2.392664893276259E-7
12197.0,0.9595201962921439,0.04024304585635378,2.3664524296639476E-4,1.1260853583791212E-7
11651.0,0.9727921711725623,0.027067966341503668,1.397516920035908E-4,1.1079393011454586E-7
11408.0,0.9187247612023143,0.08067382025034267,6.006072234556688E-4,8.113238873452794E-7
11014.0,0.9626891251683829,0.037093988778685805,2.166266097209492E-4,2.594432103805882E-7
11865.0,0.9456061794350556,0.05404768311167061,3.4468221194829097E-4,1.4552413256186237E-6
12630.0,0.9626891251683829,0.037093988778685805,2.166266097209492E-4,2.594432103805882E-7
12357.0,0.962090020268805,0.037689273675633995,2.2059288973245455E-4,1.13165828563961E-7
12106.0,0.9634053065104577,0.036384769453281875,2.0989528794466004E-4,2.8748315703111665E-8
11628.0,0.9688651058128828,0.030965051986423114,1.6973843222848164E-4,1.037684656396668E-7
11391.0,0.9544499326416711,0.04524420574846409,3.058094640454816E-4,5.2145819375536684E-8
11563.0,0.9595201962921439,0.04024304585635378,2.3664524296639476E-4,1.1260853583791212E-7
11320.0,1.776380638586252E-5,0.0032117077585768227,0.09275754559542583,0.9040129828396115
12561.0,4.611316119701261E-7,4.409632103049416E-4,0.05017648904184721,0.949382086616236
11806.0,0.011924933567055283,0.9836911294164498,0.004368764020916787,1.517299557816046E-5
12045.0,1.822877112316714E-4,0.006506303660755412,0.024127687709889354,0.9691837209181235
12290.0,0.04203269805422153,0.16586617262584816,0.7777413964224662,0.01435973289746426
11073.0,0.9610197237073482,0.03875490090361309,2.2535109658485762E-4,2.4292453816003565E-8
11716.0,0.956760898603276,0.04297965347603362,2.593583887655998E-4,8.953192458911812E-8
11479.0,0.9595201962921439,0.04024304585635378,2.3664524296639476E-4,1.1260853583791212E-7
12017.0,0.18417048449703902,0.8152298296715331,5.963515988079858E-4,3.3342326199014417E-6
12258.0,1.710937751973228E-5,0.01286367692222286,0.2163363641711682,0.7707828495290892
12525.0,0.9592575828881208,0.04050466457696033,2.3770095968659617E-4,5.157523212641345E-8
11182.0,0.9567831127927275,0.042953857298256244,2.629805310908969E-4,4.9377925325065324E-8
11509.0,0.9596547209105906,0.040106444911471,2.384979528380459E-4,3.3622510048623063E-7
11750.0,0.9592575828881208,0.04050466457696033,2.3770095968659617E-4,5.157523212641345E-8
12495.0,3.827414554340848E-6,0.01460615952539187,0.6501001601398058,0.335289852920248
12224.0,0.9595201962921439,0.04024304585635378,2.3664524296639476E-4,1.1260853583791212E-7
11987.0,0.957271404010158,0.042363205894261215,3.6534678844360083E-4,4.330713704174731E-8
11148.0,0.0015056194816142586,0.08575346239587565,0.3018251905665935,0.6109157275559166
11290.0,0.965437115384676,0.034365066543963006,1.977888540613878E-4,2.9217299623764557E-8
11529.0,0.05364665979464475,0.9069518712730533,0.03903976521772067,3.6170371458112014E-4
12320.0,0.9249340435802591,0.07455346773603085,5.120260450805102E-4,4.626386293884985E-7
12079.0,0.9592575828881208,0.04050466457696033,2.3770095968659617E-4,5.157523212641345E-8
11836.0,0.9595201962921439,0.04024304585635378,2.3664524296639476E-4,1.1260853583791212E-7
12595.0,0.9201141351336685,0.07926418248389583,6.210339526894758E-4,6.484297464060428E-7
11107.0,0.9727921711725623,0.027067966341503668,1.397516920035908E-4,1.1079393011454586E-7
11927.0,0.6621689326774457,0.3347520038875547,0.0030281793982692823,5.088403673015581E-5
12696.0,0.9497044577869014,0.04997314737949997,3.2204457611320636E-4,3.5025748550181514E-7
12427.0,0.9626891251683829,0.037093988778685805,2.166266097209492E-4,2.594432103805882E-7
12164.0,0.946714848364594,0.05294362001430241,3.41316036627331E-4,2.1558447622426684E-7
11682.0,2.2724407987806877E-5,0.005290137553671038,0.533638186767917,0.4610489512704241
11441.0,0.05785364789499619,0.938941283055981,0.0031817651374650233,2.3303911557892842E-5
10971.0,0.003992709500376745,0.22957061682811689,0.7664198954577428,1.6778213763487198E-5
11208.0,0.04556787382965321,0.5770544905188484,0.29973351520369346,0.0776441204478049
11896.0,0.8659915033838095,0.13307555081371988,9.327621110998926E-4,1.8369137068802627E-7
12663.0,0.9606499196720456,0.03911790107387715,2.3208869417161803E-4,9.055990549464935E-8
12388.0,0.7001363016481663,0.2980151818942079,0.0018101510398678242,3.836541775791791E-5
12139.0,0.941823571791722,0.05779027067427671,3.858985014275417E-4,2.5903257346449474E-7
11597.0,0.8762444837561102,0.12281887134824379,9.338789232866359E-4,2.7659723593224808E-6
11358.0,0.962279581769937,0.03749362589559961,2.2646176649960076E-4,3.3056796365897517E-7
11047.0,0.9775346039270851,0.02228246815639792,1.8251976303339154E-4,4.081534836240275E-7
12105.0,0.7899610729731321,0.20846314194586887,0.0015681842254165654,7.600855582513808E-6
12358.0,0.9621934968685828,0.037589575081433395,2.1668878349465496E-4,2.392664893276259E-7
12629.0,0.956760898603276,0.04297965347603362,2.593583887655998E-4,8.953192458911812E-8
11866.0,0.9490012941308706,0.05067666535470633,3.2184860344179844E-4,1.9191098141177084E-7
11388.0,0.9595201962921439,0.04024304585635378,2.3664524296639476E-4,1.1260853583791212E-7
11631.0,0.8430274920141231,0.1552015225770395,0.0017668898999750051,4.0955088624866765E-6
11013.0,0.9590480848038954,0.040711679561498314,2.4002746093271512E-4,2.081736735738684E-7
12198.0,0.155159873575755,0.8444878265801724,3.5197412455301684E-4,3.2571951952796827E-7
12457.0,0.9524537027928941,0.047243120519224295,3.031579780282308E-4,1.8709853436585282E-8
12730.0,0.9610197237073482,0.03875490090361309,2.2535109658485762E-4,2.4292453816003565E-8
11957.0,0.9670950095204447,0.032722732386597723,1.8205319644448936E-4,2.0489651321656477E-7
11411.0,0.9688651058128828,0.030965051986423114,1.6973843222848164E-4,1.037684656396668E-7
11648.0,0.9661395519206649,0.03366968787485701,1.9065631809296496E-4,1.038863851603947E-7
11242.0,0.937312590513315,0.0622576514272596,4.287502842627489E-4,1.0077751628540983E-6
11001.0,0.9039515161934293,0.09453442455813925,0.001513815509479781,2.4373895154344913E-7
11072.0,0.9885950359665147,0.011357407333811282,4.7469101407574994E-5,8.759826636460622E-8
11562.0,0.036514505260158425,0.7753189289981738,0.18816278913275158,3.776608916155972E-6
11321.0,0.6673815200533394,0.31977701242578144,0.012662960108456418,1.7850741242272095E-4
11807.0,0.962090020268805,0.037689273675633995,2.2059288973245455E-4,1.13165828563961E-7
12560.0,0.9595201962921439,0.04024304585635378,2.3664524296639476E-4,1.1260853583791212E-7
12291.0,0.8361700722291623,0.16271136167358993,0.0011172579973323276,1.3080999153883985E-6
12044.0,0.9727921711725623,0.027067966341503668,1.397516920035908E-4,1.1079393011454586E-7
11183.0,0.956760898603276,0.04297965347603362,2.593583887655998E-4,8.953192458911812E-8
11717.0,0.9614334765817139,0.03834267413559779,2.2366250939747005E-4,1.867732908101804E-7
11478.0,0.9768432007330741,0.023042917488585623,1.1348575844829525E-4,3.9601989201668036E-7
12016.0,0.22574639844015024,0.7502939296409706,0.023901846989460122,5.7824929418918455E-5
12524.0,0.9259392122749485,0.07353440361269624,5.259003341372883E-4,4.837782179233104E-7
12259.0,0.97667690101122,0.023207592640744873,1.1542307792792317E-4,8.327010720347575E-8
11149.0,0.9347451437622395,0.06480908441837152,4.456695694310407E-4,1.0224995817751824E-7
11508.0,0.9545846124646528,0.04513496087824272,2.803734111985363E-4,5.324590591033925E-8
11751.0,0.9602734419448793,0.03943790874850734,2.886218622744585E-4,2.7444338900963475E-8
12225.0,0.9461583466329833,0.05346305758570623,3.7675795944188735E-4,1.8378218686394484E-6
12494.0,0.18533850488526513,0.7214635905201027,0.09317935728717092,1.8547307461183365E-5
11986.0,0.9553395627793052,0.04439160141486761,2.6863436908077545E-4,2.0143674640850772E-7
11106.0,0.754830843286828,0.22381114220401552,0.021292861313151536,6.515319600504431E-5
11291.0,0.962090020268805,0.037689273675633995,2.2059288973245455E-4,1.13165828563961E-7
11528.0,0.9670950095204447,0.032722732386597723,1.8205319644448936E-4,2.0489651321656477E-7
12078.0,0.959397058781599,0.040341825263407,2.608503737134714E-4,2.6558128040161555E-7
12321.0,0.9085090500608559,0.09066793001301635,8.090425846369856E-4,1.3977341490906855E-5
12594.0,0.9626891251683829,0.037093988778685805,2.166266097209492E-4,2.594432103805882E-7
11837.0,0.19929014553383417,0.8002390805368678,4.6900884461278486E-4,1.7650846854851638E-6
10970.0,0.015409421197888743,0.9815923493625314,0.002991776171020896,6.4532685588661126E-6
11209.0,0.9688651058128828,0.030965051986423114,1.6973843222848164E-4,1.037684656396668E-7
12697.0,0.962090020268805,0.037689273675633995,2.2059288973245455E-4,1.13165828563961E-7
11926.0,0.9531929469140612,0.04652194314619194,2.8498913257992857E-4,1.2080716673608897E-7
12165.0,0.9436586877094211,0.05596667477815301,3.741785403590972E-4,4.589720669674053E-7
12426.0,0.948802640315193,0.05087226546111941,3.248523188903965E-4,2.4190479742690487E-7
11683.0,0.962090020268805,0.037689273675633995,2.2059288973245455E-4,1.13165828563961E-7
11440.0,0.9518884868085491,0.047811470786372025,2.998589071565301E-4,1.8349792238472446E-7
11046.0,0.02188765853804536,0.8178536838477531,0.15953562732703644,7.230302871649762E-4
12662.0,0.9085440831346941,0.09058089900362772,8.730740172962048E-4,1.9438443820094052E-6
11897.0,0.9004896791282553,0.09879480878931161,7.126296366797191E-4,2.882445753300481E-6
12138.0,0.07750971801657658,0.3607315796443484,0.5617360161131405,2.268622593469294E-5
12389.0,0.9621934968685828,0.037589575081433395,2.1668878349465496E-4,2.392664893276259E-7
11596.0,0.8482162724971641,0.15068225042333816,0.001099010169421498,2.4669100762042545E-6
11359.0,0.22989948588135883,0.2875734355007168,0.48250937847927367,1.7700138650560976E-5
11012.0,0.12097164117631343,0.878592868197224,4.3408594896170074E-4,1.4046775006207873E-6
12359.0,0.927336139044685,0.07161201512133224,0.0010461610308632292,5.6848031194300845E-6
12104.0,0.9626891251683829,0.037093988778685805,2.166266097209492E-4,2.594432103805882E-7
11867.0,0.9555749435205011,0.0441573017346571,2.6763384509872855E-4,1.2089974297296776E-7
12628.0,0.9670950095204447,0.032722732386597723,1.8205319644448936E-4,2.0489651321656477E-7
11389.0,0.962090020268805,0.037689273675633995,2.2059288973245455E-4,1.13165828563961E-7
11630.0,0.6625037966894557,0.33555127408020513,0.0019427655526678077,2.1636776710831567E-6
11243.0,0.6156599989331492,0.3578769405561076,0.02643533696614685,2.7723544596273455E-5
11000.0,0.9727921711725623,0.027067966341503668,1.397516920035908E-4,1.1079393011454586E-7
12456.0,0.915152274995685,0.08421968163627416,6.26912920646816E-4,1.1304473939686754E-6
12199.0,0.9654066702766932,0.0343996961006657,1.934411912189468E-4,1.9243142212349032E-7
11956.0,0.9610197237073482,0.03875490090361309,2.2535109658485762E-4,2.4292453816003565E-8
12731.0,0.4407724948800298,0.556993087256502,0.002231904053904549,2.513809563659768E-6
11410.0,2.4219240499720143E-4,0.0918389224880756,0.9048707241305478,0.0030481609763794147
11649.0,0.949600281110171,0.05008129488236571,3.182135498677987E-4,2.1045759525311934E-7
11834.0,0.9143067580834615,0.08433753605767416,0.0013545195317913932,1.18632707283961E-6
12597.0,0.9630623818029569,0.036726077078315586,2.1148784135219552E-4,5.3277375404378993E-8
12326.0,0.08917173162348793,0.7371739244576634,0.17296918671977177,6.851571990770023E-4
12073.0,0.9457673889781091,0.05388018496957105,3.522311737499602E-4,1.9487856991787095E-7
11535.0,0.9345936654655501,0.06497769964801155,4.282776332929091E-4,3.5725314525306255E-7
11292.0,0.9727921711725623,0.027067966341503668,1.397516920035908E-4,1.1079393011454586E-7
11109.0,0.8487806352136337,0.14956590258614652,0.001653142128087832,3.200721318777878E-7
11989.0,0.5425230293700825,0.45177826634409846,0.005478624811953231,2.2007947386587422E-4
12489.0,0.9562124572308732,0.043519977590958436,2.6742772730463767E-4,1.374508636302918E-7
12230.0,0.9610197237073482,0.03875490090361309,2.2535109658485762E-4,2.4292453816003565E-8
11744.0,0.9666219930083765,0.03318937082726141,1.8853966070023957E-4,9.650366182206065E-8
11507.0,0.9137102419419616,0.08566475352002294,6.2498435109299E-4,2.0186922713195573E-8
11146.0,0.948602315896882,0.05101759502584044,3.7974907719694624E-4,3.40000080675232E-7
12260.0,0.9688651058128828,0.030965051986423114,1.6973843222848164E-4,1.037684656396668E-7
12523.0,0.9432265011853515,0.05639907779894211,3.7430729414740543E-4,1.1372155890724368E-7
12023.0,0.039183127489999345,0.9588446605300612,0.0019716140507117686,5.979292276957167E-7
11473.0,0.9559207480386775,0.043813837093372554,2.652223423857157E-4,1.925255642338511E-7
11714.0,0.37663822118729307,0.622120008691098,0.0012405851076615485,1.1850139475719319E-6
11176.0,0.9142196319487533,0.08515852202983779,6.215990154614314E-4,2.470059473685864E-7
12043.0,0.9643380738065063,0.035425939592473754,2.3588472679264818E-4,1.0187422734675115E-7
12292.0,0.9701371652141021,0.029702465858538717,1.6017872786911646E-4,1.9019949020274567E-7
12567.0,0.11437930413610471,0.8739991204990084,0.01148319070908457,1.3838465580230167E-4
11800.0,0.9298525758676358,0.06967528791284115,4.7134175251048504E-4,7.944670126072752E-7
11326.0,0.9590161453519532,0.04074268831995788,2.3985269490947966E-4,1.3136331796230994E-6
11565.0,0.23582149873531885,0.4166040726828949,0.28170015257144565,0.06587427601034049
11079.0,0.9572981002533921,0.042444227476982684,2.5754690437987675E-4,1.253652452372859E-7
11654.0,0.9279895051133761,0.07149621634341688,5.140766954250233E-4,2.0184778178307526E-7
11413.0,0.9406483355585852,0.05786198122705098,0.0014889936571360059,6.895572278434113E-7
12732.0,0.793800018631702,0.20292891456798925,0.003263524229453988,7.542570854971208E-6
11955.0,0.9670950095204447,0.032722732386597723,1.8205319644448936E-4,2.0489651321656477E-7
12192.0,0.9670950095204447,0.032722732386597723,1.8205319644448936E-4,2.0489651321656477E-7
12463.0,0.962090020268805,0.037689273675633995,2.2059288973245455E-4,1.13165828563961E-7
11007.0,0.8950660898330183,0.10412230688831726,7.920892948172048E-4,1.951398384728072E-5
11244.0,0.9429767126649828,0.05665488524420226,3.6755562205547016E-4,8.464687594001113E-7
11625.0,0.8903607178860344,0.1088379403195341,7.701661393349722E-4,3.117565509635107E-5
11386.0,0.012744613540702283,0.9134185047747959,0.07382774638081531,9.13530368650117E-6
12627.0,0.956760898603276,0.04297965347603362,2.593583887655998E-4,8.953192458911812E-8
11868.0,6.7818662506749E-4,0.008810924135211751,0.34899233927389567,0.6415185499658249
12111.0,0.9613623910067405,0.03841465873233351,2.229009840527584E-4,4.927687322072311E-8
12352.0,0.9381857080842584,0.06141264648291915,4.013311892809702E-4,3.1424354158734595E-7
11011.0,0.962090020268805,0.037689273675633995,2.2059288973245455E-4,1.13165828563961E-7
11352.0,0.9626891251683829,0.037093988778685805,2.166266097209492E-4,2.594432103805882E-7
11595.0,0.9532697651513314,0.046443406725959605,2.8670270000954616E-4,1.2542269928054707E-7
12386.0,0.7706377115945292,0.2261920533767926,0.0031692073410015164,1.0276876766078667E-6
12141.0,0.272627934190923,0.7266027052265971,7.662539462629705E-4,3.106636217000455E-6
11902.0,0.9634650693699228,0.036318470028321094,2.164331126616339E-4,2.7489094487195417E-8
12657.0,0.8930490158140117,0.10593073442662726,0.0010150854869430705,5.164272418003392E-6
11041.0,0.9073990840579268,0.09195074334843259,6.476355342775586E-4,2.5370593631355726E-6
11447.0,0.07709286248965348,0.8937766864253687,0.029107087552111558,2.3363532866330196E-5
11684.0,0.9508382780046583,0.048060347439896095,0.0010309463648552684,7.042819059041404E-5
12429.0,0.9727921711725623,0.027067966341503668,1.397516920035908E-4,1.1079393011454586E-7
12162.0,0.962090020268805,0.037689273675633995,2.2059288973245455E-4,1.13165828563961E-7
11921.0,0.9595201962921439,0.04024304585635378,2.3664524296639476E-4,1.1260853583791212E-7
12702.0,0.7641225651047098,0.22140288995342736,0.014370979245912732,1.0356569595022627E-4
11214.0,0.8952855890867022,0.09913317986002343,0.005578993386513885,2.237666760478359E-6
10973.0,0.9622923219473598,0.03748104379663018,2.2629547774468222E-4,3.3877826536186267E-7
11108.0,0.13668156013394062,0.8623725965549991,9.402294223244793E-4,5.613888735708568E-6
12596.0,0.9592575828881208,0.04050466457696033,2.3770095968659617E-4,5.157523212641345E-8
11835.0,0.962090020268805,0.037689273675633995,2.2059288973245455E-4,1.13165828563961E-7
12072.0,0.9110274832426164,0.08833313765213621,6.376185929446919E-4,1.7605123025627887E-6
12327.0,0.9499824095670175,0.049706342038235096,3.109451792088229E-4,3.0321553853131634E-7
11534.0,0.980583248227089,0.0193154061110883,1.0107371812107946E-4,2.719437014134626E-7
11293.0,0.8806092699804227,0.11851584418120203,8.737692519421685E-4,1.116586433237323E-6
11147.0,0.9482845060231744,0.05139036064341068,3.2490093335706566E-4,2.3240005786957444E-7
11988.0,0.6319280781898594,0.2781649099582919,0.08933010098892007,5.769108629286404E-4
12231.0,0.9447022316164254,0.054941972162543484,3.486808038966314E-4,7.115417134321427E-6
12488.0,0.8793843279712127,0.11976669918379582,8.480766852313752E-4,8.961597600033076E-7
11745.0,0.9453349992581109,0.05429995256729264,3.6359094147469313E-4,1.4572331216962655E-6
11506.0,0.9621934968685828,0.037589575081433395,2.1668878349465496E-4,2.392664893276259E-7
11177.0,0.9592575828881208,0.04050466457696033,2.3770095968659617E-4,5.157523212641345E-8
12522.0,0.9621934968685828,0.037589575081433395,2.1668878349465496E-4,2.392664893276259E-7
12261.0,0.08283092061480275,0.9165115587960717,6.567499873058599E-4,7.70601819814914E-7
12022.0,0.3977491218958325,0.6010371678683357,0.0012120028028572045,1.7074329745165636E-6
11472.0,0.94003272916512,0.059569383699669916,3.976120969545083E-4,2.750382556125667E-7
11715.0,0.957271404010158,0.042363205894261215,3.6534678844360083E-4,4.330713704174731E-8
11078.0,0.8934631269851009,0.10577045720833239,7.662367218862256E-4,1.7908468058268833E-7
12293.0,0.9670950095204447,0.032722732386597723,1.8205319644448936E-4,2.0489651321656477E-7
12042.0,0.9444606571289016,0.055154879170866165,3.843254834366542E-4,1.382167958135684E-7
11801.0,0.9567126366850417,0.04302205463163536,2.6499131381638245E-4,3.1736950638943234E-7
12566.0,0.9666472407375961,0.03315925844656922,1.9346006329943314E-4,4.0752535195464514E-8
11327.0,0.9675936835080098,0.032224930994305824,1.811321192400505E-4,2.533784442598082E-7
11564.0,4.93607624580906E-4,0.02533944054307357,0.6384201691378416,0.33574678269450386
11006.0,0.2635774543867549,0.7181807880276769,0.018240498025601487,1.2595599667390701E-6
11245.0,0.03288727745775221,0.874054855738224,0.09292345999839105,1.3440680563284483E-4
11655.0,0.9381741987391548,0.06141050662475981,4.1293807036063817E-4,2.3565657246477335E-6
11412.0,0.8270105428008018,0.1717590711713193,0.0012269368236750345,3.449204203844687E-6
11954.0,0.9527902184081055,0.0467100950060549,4.994884023049958E-4,1.9818353464726285E-7
12733.0,0.9667556309781606,0.033051097981015964,1.9298005244557508E-4,2.9098837780718023E-7
12462.0,0.7938028553026452,0.20470196293446413,0.001488034960682562,7.146802208028402E-6
12193.0,0.9476313953177645,0.05201812702956807,3.503813244471693E-4,9.632822032558972E-8
11010.0,0.956760898603276,0.04297965347603362,2.593583887655998E-4,8.953192458911812E-8
11624.0,0.9409315368408623,0.058669617933030216,3.987607557654976E-4,8.447034214909438E-8
11387.0,0.768905086879601,0.2293291535183154,0.0017656122826371936,1.4731944652401095E-7
11869.0,0.05594480863617933,0.9439746744861562,7.977717333181184E-5,7.397043326265995E-7
12626.0,0.9621934968685828,0.037589575081433395,2.1668878349465496E-4,2.392664893276259E-7
12353.0,0.9286022247670007,0.07071524936932569,6.822276835817953E-4,2.981800917225697E-7
12110.0,0.9124270609795162,0.08690274526206215,6.695894318875795E-4,6.043265340654001E-7
11040.0,0.9578420477462551,0.04190725233137149,2.5058982093159566E-4,1.1010144172963292E-7
11353.0,0.9589073157881532,0.040848713155248684,2.4376411877384253E-4,2.0693782406679047E-7
11594.0,0.30297790592884977,0.6935035499080887,0.003436360627459062,8.218353560226379E-5
12140.0,0.11245788634005033,0.6013459180390931,0.28618710883526793,9.086785588555444E-6
12387.0,0.18096183316087694,0.3148353094555511,0.5018273765303023,0.002375480853269649
12656.0,0.04367669415682698,0.397721019973862,0.5585847046069412,1.758126236981959E-5
11903.0,0.01065224391776536,0.8804503580100141,0.10888754527573132,9.852796489099892E-6
11215.0,0.9381946557077323,0.06131454410726098,4.906381999221332E-4,1.6198508468668685E-7
10972.0,0.9457673889781091,0.05388018496957105,3.522311737499602E-4,1.9487856991787095E-7
11446.0,0.9595201962921439,0.04024304585635378,2.3664524296639476E-4,1.1260853583791212E-7
11685.0,0.9595201962921439,0.04024304585635378,2.3664524296639476E-4,1.1260853583791212E-7
12163.0,0.9175207636999665,0.08185589769111119,6.225892889241462E-4,7.493199982000674E-7
12428.0,0.04524829352088541,0.9543326490533298,4.189258511185724E-4,1.3157466619163003E-7
12703.0,0.9688651058128828,0.030965051986423114,1.6973843222848164E-4,1.037684656396668E-7
11920.0,0.9592575828881208,0.04050466457696033,2.3770095968659617E-4,5.157523212641345E-8
12491.0,0.8768447525243389,0.12224497007761985,9.088681774534231E-4,1.4092205877698636E-6
12228.0,0.5845563802088333,0.20665902648914206,0.10589968147652391,0.10288491182550075
11991.0,0.9480770030524527,0.05158886473650153,3.3404323820450616E-4,8.897284124052742E-8
12760.0,0.9049340388660418,0.09431110733541656,7.528454534852347E-4,2.0083450564306107E-6
11505.0,0.08652414772955579,0.9033809895828344,0.01004205577037636,5.2806917233408207E-5
11746.0,0.9223591085668388,0.07708201828887908,5.585474227363222E-4,3.25721545642231E-7
11144.0,0.9435872834158773,0.05605454695152596,3.5671425605289314E-4,1.455376543921337E-6
12324.0,0.9402144399727478,0.05939156988564319,3.938345032705109E-4,1.556383385232544E-7
12075.0,0.9344359226464609,0.0650739191072334,4.888519539514143E-4,1.306292354327392E-6
11832.0,0.9443383365731256,0.05530092255521921,3.6028732385554496E-4,4.5354779971458764E-7
12599.0,0.9179928372999396,0.08137564508390356,6.269614499115225E-4,4.55616624534422E-6
11294.0,0.956760898603276,0.04297965347603362,2.593583887655998E-4,8.953192458911812E-8
11533.0,0.9683807574657326,0.03142857119975495,1.905576867782263E-4,1.1364773410514543E-7
11111.0,0.9621934968685828,0.037589575081433395,2.1668878349465496E-4,2.392664893276259E-7
12565.0,1.824361831309585E-5,0.01800423783547079,0.28174725158950953,0.7002302669567066
11802.0,0.9460718559782866,0.05358046344923845,3.4576778331350084E-4,1.9127891615423193E-6
12041.0,0.9667556309781606,0.033051097981015964,1.9298005244557508E-4,2.9098837780718023E-7
12294.0,0.9734686202561866,0.02638965018294113,1.4148920650310388E-4,2.4035436921061217E-7
11567.0,0.8810837439715924,0.11806773528303843,8.470273267303308E-4,1.493418638830936E-6
11324.0,0.9595201962921439,0.04024304585635378,2.3664524296639476E-4,1.1260853583791212E-7
11077.0,0.9545252799927644,0.04519788206378434,2.7622087334739547E-4,6.170701041091121E-7
12021.0,0.04251738832260304,0.7445686530968714,0.2117963911277936,0.0011175674527319054
12262.0,0.1638541654166694,0.1562334735470616,0.6798582962959683,5.406474030075819E-5
12521.0,0.9506026741938878,0.04904385648360546,3.5262325392018115E-4,8.460685865028755E-7
11712.0,0.956760898603276,0.04297965347603362,2.593583887655998E-4,8.953192458911812E-8
11475.0,0.9419583006461322,0.057656065727611006,3.8473542836164583E-4,8.98197895150831E-7
11178.0,0.9525872994714553,0.04712205173688704,2.9025045794892887E-4,3.9833370885591123E-7
11384.0,0.9727921711725623,0.027067966341503668,1.397516920035908E-4,1.1079393011454586E-7
11627.0,0.8126416981884532,0.18609589601861198,0.0012509213159967445,1.1484476938031068E-5
12109.0,0.956760898603276,0.04297965347603362,2.593583887655998E-4,8.953192458911812E-8
12354.0,0.8801715108952861,0.11734222802470742,0.0024774993174991764,8.761762507311213E-6
12625.0,0.9205918695329395,0.07881078861730434,5.959303168435101E-4,1.4115329127770398E-6
11870.0,0.9670950095204447,0.032722732386597723,1.8205319644448936E-4,2.0489651321656477E-7
11009.0,0.9595201962921439,0.04024304585635378,2.3664524296639476E-4,1.1260853583791212E-7
11415.0,0.9546900039386204,0.0450319836979262,2.778225689873954E-4,1.89794465862221E-7
11652.0,0.9550406509179803,0.044690355452040205,2.6881505964268857E-4,1.7857033693168697E-7
12194.0,0.8362533819440761,0.16261101735589442,0.0011336489410156325,1.951759013943861E-6
12461.0,0.18253392516306324,0.37473757575193667,0.44243452993426535,2.939691507346936E-4
12734.0,0.11470468302849245,0.8847510508667227,5.44220888090363E-4,4.5216694582455214E-8
11953.0,0.0070782603230334605,0.9859404706511585,0.006978114755138271,3.1542706696561505E-6
11246.0,0.9610197237073482,0.03875490090361309,2.2535109658485762E-4,2.4292453816003565E-8
11005.0,0.8972998544984954,0.1019822132034565,7.152658729836943E-4,2.666425064522733E-6
11686.0,0.956760898603276,0.04297965347603362,2.593583887655998E-4,8.953192458911812E-8
11445.0,0.946262544350912,0.05339399053901116,3.4328799723119254E-4,1.771128457262247E-7
11923.0,0.9307332556978797,0.06880374519161732,4.629377014681011E-4,6.140903502085748E-8
12700.0,0.9592575828881208,0.04050466457696033,2.3770095968659617E-4,5.157523212641345E-8
12431.0,0.956760898603276,0.04297965347603362,2.593583887655998E-4,8.953192458911812E-8
12160.0,0.9610197237073482,0.03875490090361309,2.2535109658485762E-4,2.4292453816003565E-8
10975.0,0.12640561691861846,0.22496035727020494,0.6485550308036845,7.89950074923117E-5
11212.0,0.22771787262725038,0.6995930917302943,0.072543521959599,1.4551368285636377E-4
11593.0,0.9672754346752669,0.032543797513962164,1.8070815172721263E-4,5.96590438359475E-8
11354.0,0.9141963678698993,0.08519818087378275,5.99071030556962E-4,6.380225760889416E-6
11900.0,0.9588892573489523,0.040864039725897895,2.464963337012391E-4,2.0659144847735737E-7
12659.0,0.9550594142236132,0.044671192355754744,2.691892398843465E-4,2.0418074778509674E-7
12384.0,0.916796473093259,0.08261735417516589,5.85911142428E-4,2.6158914714744353E-7
12143.0,0.16487054391542902,0.8346963832228105,4.326830071831635E-4,3.89854577494778E-7
11043.0,0.90295435812918,0.09633440255004558,7.103876577528824E-4,8.516630214191107E-7
11145.0,0.962090020268805,0.037689273675633995,2.2059288973245455E-4,1.13165828563961E-7
12229.0,0.9600969235327426,0.039662585027596106,2.4016063288686637E-4,3.3080677467509223E-7
12490.0,0.9666219930083765,0.03318937082726141,1.8853966070023957E-4,9.650366182206065E-8
12761.0,0.3937353650763264,0.553452230681009,0.05265183877653396,1.6056546613065541E-4
11990.0,0.956760898603276,0.04297965347603362,2.593583887655998E-4,8.953192458911812E-8
11504.0,0.7380287299538031,0.2600525483552859,0.0019106348095746426,8.086881336288973E-6
11747.0,0.9351437240716527,0.06433739148327072,5.175895138873661E-4,1.2949311892692345E-6
11110.0,0.9490482685033277,0.050337710387882185,6.133638522790554E-4,6.572565111073744E-7
12074.0,0.9621934968685828,0.037589575081433395,2.1668878349465496E-4,2.392664893276259E-7
12325.0,0.24506235697948395,0.7542652367287073,6.721537957948429E-4,2.524960137862812E-7
12598.0,0.9471902032217813,0.05246724006307044,3.421013919005716E-4,4.5532324745881123E-7
11833.0,0.19448111667666632,0.804953952771528,5.646700431734695E-4,2.605086321539328E-7
11295.0,0.9656980379564609,0.034109496475028415,1.9160739980598462E-4,8.58168704842036E-7
11532.0,0.9535377713949729,0.04612129602539957,3.408613810860577E-4,7.119854168365398E-8
11076.0,0.8938163482118042,0.10542348800400468,7.592783254687999E-4,8.854587224485095E-7
11803.0,0.08035960497275987,0.9194769677548514,1.6322047154624554E-4,2.0680084233211326E-7
12564.0,0.9626891251683829,0.037093988778685805,2.166266097209492E-4,2.594432103805882E-7
12295.0,0.9610197237073482,0.03875490090361309,2.2535109658485762E-4,2.4292453816003565E-8
12040.0,0.8840992860091903,0.1150595565661531,8.408125852852474E-4,3.448393713615885E-7
11566.0,0.10261895482060741,0.8969562902249217,4.246273081196052E-4,1.2764635120728668E-7
11325.0,0.962090020268805,0.037689273675633995,2.2059288973245455E-4,1.13165828563961E-7
11179.0,0.06815082937284161,0.9316336464368628,2.150749766432113E-4,4.492136523487276E-7
12020.0,0.18624460364620152,0.8128597263104577,8.938056635413502E-4,1.8643797993819765E-6
12520.0,0.9491070602996081,0.05057250473291438,3.203569926027444E-4,7.797487472547324E-8
12263.0,0.9399845700283276,0.05812573240896366,0.0016633496466079325,2.263479161008334E-4
11713.0,0.9200849199238144,0.07936054033763536,5.535111871089328E-4,1.0285514414384197E-6
11474.0,0.912845515145242,0.08590607360546855,0.0012479943942810886,4.168550084999944E-7
11008.0,0.9444673823019225,0.05517468600334849,3.5775691218906905E-4,1.7478254002927646E-7
11385.0,0.9610197237073482,0.03875490090361309,2.2535109658485762E-4,2.4292453816003565E-8
11626.0,0.9595201962921439,0.04024304585635378,2.3664524296639476E-4,1.1260853583791212E-7
12355.0,0.962090020268805,0.037689273675633995,2.2059288973245455E-4,1.13165828563961E-7
12108.0,0.7743431502130763,0.22413038327062756,0.001513037849858492,1.3428666437631017E-5
11871.0,0.9610197237073482,0.03875490090361309,2.2535109658485762E-4,2.4292453816003565E-8
12624.0,0.8988671234843861,0.10027346728337731,8.588713720689907E-4,5.378601676214673E-7
11247.0,0.9670950095204447,0.032722732386597723,1.8205319644448936E-4,2.0489651321656477E-7
11004.0,0.9258367142845552,0.07364471815455649,5.180551598488081E-4,5.124010394819298E-7
11414.0,0.718869852038988,0.2783213561740634,0.0027220157145106372,8.677607243789962E-5
11653.0,0.9359814333918246,0.06355666163858989,4.52426655385503E-4,9.478314200112588E-6
12460.0,0.9751765078410659,0.024694326975164556,1.2887629298625068E-4,2.888907833729906E-7
12195.0,0.9035865615856987,0.09572730693460185,6.856101591120181E-4,5.213205874154512E-7
11952.0,0.9621934968685828,0.037589575081433395,2.1668878349465496E-4,2.392664893276259E-7
12735.0,0.025732316777861367,0.8192068184615393,0.15501761501829214,4.3249742307026325E-5
10974.0,0.9632230794346917,0.03655895545122177,2.1745826033456344E-4,5.068537518947239E-7
11213.0,0.7779635773771394,0.21897337272976278,0.003061642949680941,1.406943416938041E-6
11687.0,0.8976049890575968,0.10166371675853834,7.292423097283189E-4,2.0518741366644575E-6
11444.0,0.9367737399230612,0.06280269382735276,4.2353498463525065E-4,3.126495075565649E-8
12701.0,0.97048763361087,0.029298557011533537,2.132448774745503E-4,5.64500122086996E-7
11922.0,0.7410289550663053,0.2572650087389598,0.0016911932140855853,1.4842980649508667E-5
