11477.0,0.9989209049020796,0.0010790883784210323,1.4598334618442442E-11,6.704901160371113E-9
11718.0,0.9999944449447818,1.2833064038996118E-18,2.7601405480910563E-17,5.55505521815953E-6
12256.0,4.107134381407772E-7,5.521525884365077E-4,0.9994474359993474,6.987779346219558E-10
12527.0,0.9992634287137487,7.365711839861772E-4,6.781605413834813E-16,1.0226451227516618E-10
12019.0,0.9950364244941674,0.004963528380948987,4.621833472598674E-8,9.065489380973E-10
11180.0,1.2452356504496175E-9,0.9999575705904344,1.4375463701823565E-9,4.242672678344206E-5
11322.0,0.9998052843721266,1.9458129578745663E-4,1.110963147388162E-10,1.3422098954302952E-7
11561.0,0.9879929535962103,0.012007046403789476,5.257712232867442E-19,1.4727373411203072E-16
12047.0,0.47020554493231403,0.5297944550562523,1.9742445878004569E-16,1.143337551095761E-11
12288.0,0.9978592396469023,0.002140757632914004,1.7089186891537177E-15,2.7201819580721105E-9
12563.0,0.9856725085112267,0.014327490905010815,2.2581108460815805E-13,5.835367083885846E-10
11804.0,0.49739696771794695,0.5026030271272446,5.1476486491733245E-9,7.159798102193755E-12
11075.0,0.519965402914119,0.4800344123460668,1.8423788974864057E-7,5.019244383949964E-10
11531.0,0.997958456759296,0.002041542878639987,6.784063820568055E-14,3.619963699952213E-10
11288.0,4.4078176246420867E-7,0.9993745026966588,6.195619303613054E-4,5.494591217285181E-6
11838.0,0.004506478127376314,0.986072915940906,6.979418126732988E-10,0.009420605233776008
12593.0,0.9580074825471049,0.04199251736994947,1.544698504737807E-15,8.294411264591801E-11
12322.0,0.9703470084174032,0.02965299149850517,1.211405128080765E-14,8.407976935697342E-11
12077.0,0.9951103993578754,0.004889590327583667,5.761219703963379E-13,1.031396489449923E-8
11105.0,4.774136514592596E-13,0.9999999999995224,2.7584283779652803E-24,2.701164415319336E-16
11748.0,0.9997288245088405,2.7117327121714904E-4,1.8812235149986294E-11,2.201130213067994E-9
11511.0,0.9020595729043733,0.09794042630935153,9.719646665657913E-11,6.890785517601897E-10
11985.0,3.895859100086224E-5,0.9998004123222938,6.846374291869919E-6,1.537827124132856E-4
12493.0,2.1206438909734427E-17,0.9999999981365355,1.8634454903594048E-9,1.9012364645190976E-14
12226.0,2.1150800465005017E-9,0.9999999978848859,5.460223633239026E-25,3.391927772239834E-14
11150.0,0.9915402150181107,0.008459784981257512,1.794889467856275E-20,6.317905812796534E-13
12390.0,0.9908176735067526,0.009182326450272124,8.612164324609078E-17,4.297518538926862E-11
12137.0,0.9902419874630829,0.009758011936806161,7.205711022843219E-19,6.001110530014607E-10
11898.0,0.8983392073889347,0.1016607909060289,4.533303265937056E-15,1.7050317404517005E-9
12661.0,0.999999999743191,1.9876015007243123E-15,4.4796495461045E-11,2.1201072469192557E-10
11356.0,0.9866431100744275,0.01335688880994506,8.315935492546847E-12,1.107311436504733E-9
11599.0,0.005035261801586328,0.9949647380825718,1.1328064632204043E-10,2.5611312267720922E-12
11045.0,0.9998185534769105,1.814464832027096E-4,2.52599751500873E-12,3.7360976584380344E-11
12425.0,0.9962098785151203,0.0037901064525793916,1.5954548073387633E-10,1.4872754634682612E-8
12166.0,0.9825360156706191,0.017463984329215282,1.6066441798868446E-19,1.6565453553806474E-13
11925.0,6.83309084345335E-4,0.005670101454996477,0.39438562631295954,0.5992609631476986
12698.0,0.9997537562223862,2.4624373963941893E-4,1.0663132900144371E-17,3.7974408601181826E-11
11443.0,0.9842257696544524,0.01577423034534325,2.5559782762920168E-17,2.0432162153223694E-13
11680.0,0.9970827000546885,0.0029172015690887123,4.119100359450092E-9,9.425712235612259E-8
11210.0,0.998076844169871,0.0019231551293497362,1.2065086749218229E-15,7.007782783121638E-10
10969.0,0.8081729168675398,0.19181650499610953,1.4336550969039186E-8,1.0563799799758266E-5
12728.0,0.9982081504173888,0.0017918381884851474,9.788682496508923E-12,1.1384337479419657E-8
11959.0,0.9540156169796475,0.045984383020352106,5.7721828172922905E-24,1.5430911271659988E-16
12196.0,0.9999999972082689,2.791690461744465E-9,3.469961873907783E-19,4.063615725028159E-14
12459.0,0.9952141739152154,0.004785826041172378,7.244328850270793E-18,4.361234281721563E-11
11650.0,0.898391273016271,0.10160872201541808,8.39889324091981E-11,4.884322144684879E-9
11409.0,0.9997581165630332,2.3882545648738056E-19,3.16441064530956E-14,2.4188343693505707E-4
11003.0,0.9204886741800113,0.07951132581986994,4.999233947868592E-14,6.867906504592915E-14
11240.0,0.9988730238901409,0.0011269755905924978,1.1873566570315845E-13,5.191481620978151E-10
12631.0,0.9967519783796012,0.0032480214721659554,3.6449392761287826E-13,1.4786848249975204E-10
11864.0,3.76040730510353E-9,5.873746643761741E-5,0.9968785275636772,0.003062731209477834
12107.0,0.9960224983423873,0.003977470469024465,3.1164943696244896E-8,2.3644597771914675E-11
12356.0,2.1165560530251895E-12,0.8957405696861692,0.0014777082090954405,0.10278172210261881
11629.0,0.998798243091169,0.0012017520205324568,3.387740790261296E-13,4.887959634507095E-9
11390.0,0.9999945061716511,4.572557818182142E-6,2.0808644840444577E-9,9.191896661151339E-7
11015.0,2.3507173257048322E-26,0.988309968631568,0.011690010034988369,2.1333443477196497E-8
11181.0,0.9984916212687899,0.0015083512909671143,1.1279593426361326E-10,2.7327447158112342E-8
11476.0,2.711392960302309E-23,2.739495379773507E-6,6.497140697706733E-5,0.9999322890976432
11719.0,0.9982081504173888,0.0017918381884851474,9.788682496508923E-12,1.1384337479419657E-8
12526.0,0.9979830871265372,0.0020169039793577585,3.473832844103354E-12,8.890631226839635E-9
12257.0,0.0040024978023229275,0.9959975021974021,9.030310260353728E-22,2.7495725300526323E-13
12018.0,3.8863357980462985E-5,0.9999611364714137,8.161706210811639E-13,1.6978954058413764E-10
11074.0,0.9949148650457724,0.0050851335160435815,1.2975815052543624E-12,1.4368864320627533E-9
11323.0,0.9999573416939782,4.237811249491085E-5,8.235193621086535E-12,2.8018529158827745E-7
11560.0,5.275009254632713E-4,0.999472499068199,6.757948200191426E-18,6.337548583768316E-12
12289.0,0.9999999994184672,5.815314661304391E-10,1.103654957771606E-26,1.3521305623949429E-15
12046.0,0.9831992389846672,0.01680076095915076,1.465726920925415E-14,5.616746158417903E-11
11805.0,0.9999999999999982,1.565638177160572E-27,1.771197854827402E-15,9.270660412208443E-17
12562.0,0.9999999816199904,2.2875449466419607E-19,2.0792695142803674E-9,1.6300739917273185E-8
11104.0,0.8967937276236463,0.10320626958737847,6.219230958983268E-12,2.78275595437568E-9
11530.0,0.9930204719206942,0.006979527876003917,4.447184251114277E-15,2.032972354387023E-10
11289.0,0.99795662130431,0.00204337722659604,2.466240268611347E-13,1.4688472247597705E-9
12592.0,0.9982027306759974,0.001797269323999125,1.5190434113313718E-16,3.4122296641992978E-15
11839.0,5.499529687511916E-5,0.8400455302993857,0.15989947288107167,1.522667449605903E-9
12076.0,0.9999999815793957,2.4331780091978528E-17,1.800880178367525E-9,1.661972414949673E-8
12323.0,0.9974604928246424,0.002539472539973197,2.0696337309219515E-10,3.442842097526684E-8
11151.0,0.9915487566158704,0.008451229989538359,6.33829499957516E-11,1.3331208342325966E-8
11749.0,0.9989209049020796,0.0010790883784210323,1.4598334618442442E-11,6.704901160371113E-9
11510.0,0.9924271236986205,0.007572875199870205,1.1824106005979417E-11,1.0896850469469012E-9
11984.0,1.6069399781698457E-16,0.9999999994132047,1.1274880939326697E-13,5.866821831298934E-10
12227.0,0.9880396304273239,0.011960340567308603,2.0558028561956514E-9,2.6949564691622958E-8
12492.0,0.9991877492700157,8.122346396422925E-4,2.1289477789988963E-11,1.606905240777191E-8
11044.0,0.8589607863357306,0.14088836957165204,1.4188735943405163E-4,8.956733183396886E-6
12136.0,0.9771775002904202,0.022822303010468472,2.5246604290539663E-12,1.9669658675426191E-7
12391.0,0.8589043750786272,0.14109524621750735,4.320500272960445E-14,3.787038221324139E-7
12660.0,0.9993652465609997,6.347128076841678E-4,6.341046988089599E-12,4.0624975005981585E-8
11899.0,7.30007422147425E-6,0.9999807875240798,1.1902288107694803E-5,1.0113591065770648E-8
11357.0,0.9999999918778005,2.4091835099699207E-9,1.6733721032809239E-16,5.713015811185477E-9
11598.0,0.9999998366377507,1.5575667085997625E-7,1.5037369728325844E-15,7.605576838401426E-9
11211.0,0.9906993971266554,0.00930060287334308,1.3268302770002713E-15,2.5181990338978327E-16
10968.0,0.38352061655364744,0.6164793834463307,1.0544835001408253E-19,2.196199501665747E-14
12167.0,0.9861519241187583,0.01384796826082274,1.432835726785992E-10,1.0747713540741543E-7
12424.0,3.6646721645508976E-5,0.9999628420066217,2.1265922864357995E-14,5.112717114877415E-7
12699.0,0.9999971243827401,3.262684241725708E-15,1.3797657706236E-12,2.8756158767333828E-6
11924.0,0.9999921898720292,7.810127970748893E-6,3.765209671407981E-21,1.0300183616359206E-17
11442.0,0.9989209049020796,0.0010790883784210323,1.4598334618442442E-11,6.704901160371113E-9
11681.0,0.9991400008834609,8.599692331461503E-4,2.2010093919538884E-13,2.988317274413753E-8
11002.0,0.9999026600483466,9.733973008455893E-5,2.76637743089557E-13,2.212920502595583E-10
11241.0,0.9959691949324212,0.00403078810716059,9.933519921845782E-11,1.686108299512423E-8
11958.0,0.9999999999994964,3.1406554323742774E-31,2.6475826141372838E-21,5.035807042544664E-13
12729.0,0.001714812057902924,0.9982851878240282,2.954298819899636E-21,1.1806897780846339E-10
12458.0,0.999100743521932,8.992178855434594E-4,1.7645490033320167E-10,3.841606960198606E-8
12197.0,0.998109862300911,0.0018901345286073022,1.381287308603095E-12,3.1691002301756896E-9
11651.0,0.9999405944307482,5.940556925153808E-5,1.0150934084252746E-21,1.4716352876140965E-16
11408.0,0.8282345603828781,0.17176543600004848,2.4134650618266752E-9,1.2036083358491336E-9
11014.0,0.9989209049020796,0.0010790883784210323,1.4598334618442442E-11,6.704901160371113E-9
11865.0,0.9981295097632108,0.0018704902367053917,5.699633455213147E-19,8.386741858496262E-14
12630.0,0.9999999958205184,7.994711421254027E-15,2.3057257942886164E-11,4.1564164067827475E-9
12357.0,0.9988663151838867,0.0011335306354983206,3.703970303129551E-10,1.5381021793518146E-7
12106.0,0.9970379291141462,0.0029620672395538282,3.478622375543482E-14,3.646265146192772E-9
11628.0,0.9999994657012435,5.18280615642521E-7,6.689704264470102E-11,1.5951243657313677E-8
11391.0,0.3074043222153443,0.6925899902146819,1.2921899184035942E-7,5.558350981942002E-6
11563.0,0.9979879553622137,0.002011998461005917,2.494116862266525E-12,4.61742860148145E-8
11320.0,0.04986705989883112,0.9467471892394924,1.5421235287011741E-6,0.00338420873814768
12561.0,8.337162567861539E-29,0.9180174192975704,0.08193969747743007,4.288322499939807E-5
11806.0,0.39000792221196656,0.6099875711529092,4.0132382515799353E-11,4.506594991884635E-6
12045.0,7.471280562225088E-35,1.0,2.5202284815370598E-24,8.021608879493191E-20
12290.0,3.4510844942697276E-22,0.9822689433946535,0.017731056605200753,1.457322250857422E-13
11073.0,0.9999999992647284,6.523174881408734E-10,1.0658549453069619E-12,8.188824324878013E-11
11716.0,0.9999999753888559,2.1386702419744201E-19,9.337647029564712E-10,2.367737950050363E-8
11479.0,0.9999998679959775,1.302654285352094E-7,1.2736784043407452E-16,1.7385937297104355E-9
12017.0,0.01773059265274776,0.9822694073466669,1.1339435837757007E-19,5.854835785155069E-13
12258.0,2.077334229605301E-9,0.01769113498373156,0.9823088629359648,2.969416872190742E-12
12525.0,0.8526852413220881,0.14731475819609582,2.078231691806238E-18,4.818160701543327E-10
11182.0,0.7754028057116495,0.22459719198066708,8.348203484540501E-11,2.2242013759263404E-9
11509.0,0.9593733142820662,0.04062668519677652,2.9140217159299146E-14,5.211281023872371E-10
11750.0,0.8327685171049978,0.16723148039593597,3.376884821201548E-13,2.4987287213577316E-9
12495.0,3.99206185498122E-23,0.8682782569094166,0.12577314125448527,0.005948601836098113
12224.0,0.9998497478424321,1.50247902928408E-4,1.6670554612256923E-12,4.252972348188679E-9
11987.0,0.99718334314754,0.0028166567446240936,1.9619474876913583E-11,8.821640661155218E-11
11148.0,3.194679541331387E-5,0.0028968980039115466,2.041407377369285E-10,0.9970711549965344
11290.0,0.21701732088006664,0.782686721043154,1.0454651939671877E-8,2.95947622127387E-4
11529.0,9.774925858834776E-14,0.9999999999999023,1.7994704920470264E-23,2.1638951461233657E-17
12320.0,0.9991866563485414,8.133436504211712E-4,9.955860179259193E-22,1.037350988610908E-12
12079.0,0.9975243810645984,0.002475616099127109,1.0279807725977716E-11,2.825994550317608E-9
11836.0,0.9435889988672296,0.056410991230132004,8.13109773319303E-9,1.771540747926705E-9
12595.0,0.9843706636161803,0.015626342195404826,2.1980347968970182E-11,2.9941664345396164E-6
11107.0,0.9986100475642372,0.001389926188166215,6.500050630236258E-11,2.618259600204788E-8
11927.0,0.954483900392793,3.113922604616856E-5,0.045484957501201094,2.8799597269080616E-9
12696.0,0.9936311984293857,0.006368801438732576,3.812727158434411E-14,1.3184353864057396E-10
12427.0,0.9994937966827971,5.062010685486662E-4,1.6672402989405632E-12,2.246987047235523E-9
12164.0,0.999496436019527,5.035447127973854E-4,6.757182807577145E-13,1.926699975211265E-8
11682.0,2.9803163795169756E-9,1.9960744930658166E-5,2.170102542163098E-21,0.9999800362747531
11441.0,0.1294141597943658,0.870585840205633,1.539441309288531E-20,1.1945295370409555E-15
10971.0,2.8979249540381664E-4,0.9997101674865282,5.125290945562778E-13,4.001755557324312E-8
11208.0,0.9999999999833091,8.449488557606931E-17,1.6689810547403356E-11,1.0357675399561217E-15
11896.0,0.9619506407432556,0.03804935921433589,3.6622947079536185E-17,4.240834861885775E-11
12663.0,0.9900762819802419,0.009923717899796304,2.0375004544167752E-14,1.1994128645881957E-10
12388.0,0.9363807319648895,0.06361925984964069,3.044153857817976E-12,8.182425733431808E-9
12139.0,0.9951443195973626,0.004855680272050182,7.476599438752331E-13,1.2983945940642991E-10
11597.0,0.9624128805637581,0.03758711681771087,3.9994421154998345E-14,2.6184911037998424E-9
11358.0,0.995005495597875,0.004994504386795617,7.699637950370184E-18,1.532941158542465E-11
11047.0,0.9999999999992051,3.354817853449967E-20,5.516425434922464E-13,2.433596150494384E-13
12105.0,6.194013681604596E-15,0.9999999965976796,1.249767967441548E-12,3.4010644373904943E-9
12358.0,1.0,8.216533092767028E-30,3.884770631698259E-18,9.180575369795983E-17
12629.0,0.9962098785151203,0.0037901064525793916,1.5954548073387633E-10,1.4872754634682612E-8
11866.0,0.9959711507189165,0.004028845179761755,8.882559758611787E-14,4.101232948349311E-9
11388.0,0.9999999946633038,8.46194535363325E-11,4.015634079775989E-11,5.211920317390474E-9
11631.0,0.9537474987406239,0.04625250123957849,1.804691544245808E-11,1.750521118357254E-12
11013.0,0.9982437110486144,0.0017562884453457659,1.030645864088534E-15,5.060386093889121E-10
12198.0,0.8026438033505183,0.19735617785083337,7.839099816132161E-9,1.095954829862736E-8
12457.0,0.057594681077680634,0.9424053175647266,3.8337798433488736E-16,1.3575924485547904E-9
12730.0,0.999999868489347,5.098861205691932E-10,4.708609146655755E-10,1.3052990611724749E-7
11957.0,0.9972083346199545,0.002791660675191564,9.282229692242828E-12,4.6955719048917935E-9
11411.0,0.9965712584647268,0.0034287081755711678,5.555038908719433E-10,3.2804198081770586E-8
11648.0,0.9936150234837703,0.00638497361235641,2.5288103845920722E-12,2.9013443303190906E-9
11242.0,0.999999789939973,3.998137940937579E-14,2.840131950111907E-20,2.1005998705674678E-7
11001.0,0.6112464169848096,0.3887528870458901,6.959557781554198E-7,1.3522054103679833E-11
11072.0,0.9975881428414038,0.00241185707065119,5.915329940641173E-17,8.794508307210497E-11
11562.0,1.8331896516977714E-16,0.9999999958803654,4.11961700302754E-9,1.7350574886722364E-14
11321.0,0.014453893205355733,0.9855461039663272,2.3747725912182607E-9,4.53544554084655E-10
11807.0,0.9986296883160032,0.0013702967170650445,3.672061051567476E-11,1.4930211214332092E-8
12560.0,0.999833853789887,1.6613980403029548E-4,4.224168670441767E-14,6.406040659160743E-9
12291.0,0.9892868578659058,0.010713142090505407,1.0755960373359356E-16,4.3589003352105714E-11
12044.0,0.9986100475642372,0.001389926188166215,6.500050630236258E-11,2.618259600204788E-8
11183.0,0.9981874484500418,0.0018125327118569425,1.1579997239564139E-12,1.8836943103779162E-8
11717.0,0.9999999904070683,3.7443524134274905E-10,5.391278557321314E-14,9.218442682800957E-9
11478.0,0.9565926318394395,0.043407363441972165,4.610468935270367E-20,4.718588277619493E-9
12016.0,0.8451018011020501,0.15483392260294887,6.427553456272917E-5,7.604382570537399E-10
12524.0,0.964759351130136,0.03524062270377034,2.5163773878747452E-8,1.0023198394699127E-9
12259.0,0.8966687030090221,0.10333129692677452,5.1896180580667004E-12,5.901368523836574E-11
11149.0,0.9996061095658925,3.938903959964891E-4,1.9849349488748816E-15,3.8108983801876814E-11
11508.0,0.994567824292532,0.0054321757041945855,2.9663838919492063E-15,3.2706962466376756E-12
11751.0,0.997104586919572,0.002895408683427216,3.301126657025509E-9,1.095874134054317E-9
12225.0,0.9921294918232086,0.007870508176755624,2.8630679031881385E-19,3.5625860048384786E-14
12494.0,0.9999999999226261,2.2491768468419034E-24,7.349613032816649E-11,3.877750983329205E-12
11986.0,0.9958965456185472,0.004103436843240177,2.9146679894623924E-11,1.7509065824462754E-8
11106.0,0.8845676763607816,0.11543232363794156,2.090613433294521E-19,1.2769807060533084E-12
11291.0,0.999781601501196,2.1839468151747829E-4,7.872211061604002E-11,3.73856463144638E-9
11528.0,0.9979771922358247,0.0020228073129062068,3.2523538744221394E-12,4.4801670765985946E-10
12078.0,2.4763679424903353E-12,0.9999999999975158,1.9354251662693074E-26,7.718289734282503E-15
12321.0,0.9012486776600778,0.0019492388974949417,0.0967946381137515,7.445328675982689E-6
12594.0,0.9903016991088623,0.009698284317620511,8.974322283629396E-11,1.6483773964965435E-8
11837.0,0.9999999117370539,4.875361274944564E-42,6.746050775085494E-29,8.826294612398879E-8
10970.0,0.9562108633161179,0.043789135870602736,1.4653018593082573E-12,8.118141853294242E-10
11209.0,0.9999999977841993,2.158322845243345E-9,3.16467958149151E-12,5.4313117214499856E-11
12697.0,0.9986296883160032,0.0013702967170650445,3.672061051567476E-11,1.4930211214332092E-8
11926.0,0.03459785583110585,0.9654020204310884,4.348803173413688E-11,1.2369431768929636E-7
12165.0,0.999999999706819,4.8878485387023155E-23,1.2648123912623425E-11,2.805328368928962E-10
12426.0,0.9866536672037513,0.013346332339883296,1.0481404086884353E-17,4.563654896692782E-10
11683.0,0.9999957220352599,4.256948722244188E-6,2.100325049158459E-8,1.276731622871286E-11
11440.0,0.9717428915174433,0.02825710530555002,1.1304827615416664E-9,2.0465237273415047E-9
11046.0,6.130425554920636E-5,4.151670649982324E-20,1.1402333891591458E-14,0.9999386957444393
12662.0,0.15007599413566686,0.8499235939545778,2.1940288479845067E-8,3.8996946671875665E-7
11897.0,0.010846525954327025,0.9891523911400608,6.92145133560152E-19,1.0829056121763633E-6
12138.0,4.9486850197147154E-8,0.9999948032344751,2.0982266355086258E-16,5.1472786744430314E-6
12389.0,0.9999999922166743,1.5302198925405734E-18,1.0862849964852752E-10,7.674697345382057E-9
11596.0,0.9998362870983313,1.6371290166673327E-4,6.595200775707273E-17,2.0400473621454435E-15
11359.0,7.296550003327E-11,1.008395035197444E-9,0.9999998275056139,1.7141302553760274E-7
11012.0,0.2819541887230819,0.7118930287270111,9.05331359025487E-17,0.006152782549906942
12359.0,0.9997679317235685,2.3206743817212114E-4,5.594705444270229E-12,8.326646274086725E-10
12104.0,0.9999999877053173,4.4596394863437465E-13,4.558048075892732E-9,7.736188669034958E-9
11867.0,0.9999999999878788,1.2068418566719776E-11,1.5660008216084666E-19,5.27426347120621E-14
12628.0,0.9999999612754131,9.250419462502828E-19,9.470229999443494E-10,3.7777563895120376E-8
11389.0,0.9986296883160032,0.0013702967170650445,3.672061051567476E-11,1.4930211214332092E-8
11630.0,0.0012248501217506718,0.9987751498780999,1.4957353161927473E-13,1.253778049151866E-18
11243.0,0.8414797085442687,0.14738657441026226,0.011072155101981907,6.156194348719675E-5
11000.0,0.9999662499289421,3.3676478685027645E-5,3.350806013736525E-9,7.024156687132255E-8
12456.0,0.9691516938176872,0.030848298795590836,1.2509490007637717E-15,7.386720681963049E-9
12199.0,0.9855258301855675,0.014474169426980725,9.572501698168173E-12,3.7787917023368945E-10
11956.0,0.9999999970865696,9.067355527504558E-19,4.839252320788039E-10,2.429505067962626E-9
12731.0,0.009814518058736985,0.9901854799128106,1.7140628941202553E-9,3.14389357324358E-10
11410.0,4.314019780149856E-11,0.9999991570373645,8.429164201514083E-7,3.0750334125425756E-12
11649.0,1.0,7.520206588916143E-23,3.5441669797154894E-28,3.605409311209947E-21
11834.0,0.9412531615556092,0.05866530876609443,8.145508950717524E-5,7.458878910542213E-8
12597.0,0.9999289347449235,7.106330994883322E-5,1.6364824044164078E-12,1.9434912260944417E-9
12326.0,2.471286466410618E-9,2.8697834424300846E-4,1.305008272462772E-6,0.9997117141761981
12073.0,0.9648044810742398,0.03519551127769917,2.2077823098171004E-15,7.648058898805375E-9
11535.0,0.9999097704265618,9.022957338641992E-5,2.569961950417591E-19,5.179542310497052E-14
11292.0,0.9983938139237054,0.0016061748270253242,5.846613012502266E-11,1.1190803191442032E-8
11109.0,0.9902181107915164,0.0097818892084819,1.4197048173003633E-15,1.4323996429538085E-16
11989.0,0.5968195046676501,0.4031803615579709,1.3279476692003513E-7,9.796120818168307E-10
12489.0,0.9690852368863704,0.03091476302258066,1.7757567908650298E-15,9.104719578582443E-11
12230.0,0.9999999999747826,2.9919827307264136E-19,8.047072088537196E-12,1.7170247161868797E-11
11744.0,0.9965130817864063,0.0034869118545120745,9.746782301917045E-12,6.349334796375008E-9
11507.0,0.966989911806309,0.03301008804923255,4.8463019250827416E-15,1.444534632788104E-10
11146.0,0.9923524182804084,0.007647581672916497,7.722393357410708E-15,4.666739444449632E-11
12260.0,0.9987461856641446,0.0012538000421201628,6.1958956440073E-11,1.423177623585292E-8
12523.0,0.9999999999952474,5.941747059598689E-13,1.7832392779081053E-15,4.1566060263815464E-12
12023.0,0.09789107459485177,0.9021089254047815,7.629524191008241E-20,3.6679075883956143E-13
11473.0,0.9746668235865773,0.025333124223137625,1.5540402080922753E-9,5.063624495008029E-8
11714.0,0.9762007713858561,0.02379922855342542,5.329287722571175E-20,6.071839510857126E-11
11176.0,0.9892662683666129,0.010733731596528184,1.3809040495407134E-17,3.685885891728313E-11
12043.0,0.7764151619050225,0.22358467593328843,7.67323031267862E-13,1.6216092182024878E-7
12292.0,0.9961858953803537,0.0038141042886772596,4.5428525281016124E-17,3.309689618031393E-10
12567.0,0.062252886170471644,0.9377471138282896,4.043089052548768E-21,1.2387740137353654E-12
11800.0,4.043695040864908E-8,0.9999999584885155,1.1117696956559424E-11,1.0634165294372005E-9
11326.0,0.9886514265540481,0.011348572215759663,8.295344175643405E-14,1.2301090819938467E-9
11565.0,0.024735586494184388,0.9752644114930373,2.4120382633030455E-13,2.0125370184981255E-9
11079.0,0.999738567291299,2.610510859904375E-4,1.9909012607918617E-7,1.825325845394415E-7
11654.0,0.8690929879025784,0.13090701209385727,7.557146378234511E-15,3.556844104193414E-12
11413.0,0.9940793773379196,0.005920200089276315,4.224511736941044E-7,1.2163041388178288E-10
12732.0,0.9037626578994495,0.09623734200371506,8.570955768619E-11,1.1125772605038983E-11
11955.0,0.9888356857215961,0.01116176103700654,2.4164718756877385E-6,1.367695214679047E-7
12192.0,0.9995870391875288,4.1295859078015223E-4,4.081927207752066E-12,2.2176092596166193E-9
12463.0,0.9986296883160032,0.0013702967170650445,3.672061051567476E-11,1.4930211214332092E-8
11007.0,0.9953165408269505,0.004683452045664515,2.951695608521096E-16,7.1273846001896726E-9
11244.0,0.9915671542105563,0.008432827333554885,2.8802817633998124E-14,1.845586007358404E-8
11625.0,0.9376994836873923,0.06230051628629319,1.0928744497494052E-17,2.6314453998111117E-11
11386.0,1.3597195746960973E-7,0.9999998640280424,1.4868756769819845E-30,1.7948904068872538E-16
12627.0,0.9999999875468005,3.2163475651754576E-15,1.89455609929909E-10,1.2263740822781004E-8
11868.0,3.624971306728474E-20,4.436882972395401E-15,0.9999998849112802,1.150887154000025E-7
12111.0,0.4101877057024804,0.5898122942559635,1.4020452194792085E-13,4.141582713963287E-11
12352.0,1.7285605653657673E-9,0.9999999982686711,2.7657826385679466E-12,2.54513437165967E-15
11011.0,0.9999999959333932,1.1099553184455994E-9,2.3833059600921745E-12,2.9542684351563493E-9
11352.0,0.9989209049020796,0.0010790883784210323,1.4598334618442442E-11,6.704901160371113E-9
11595.0,0.9992928365365131,7.071634550871785E-4,1.0537260593713264E-12,7.3459722771391E-12
12386.0,0.7803096227553517,0.21969037721094326,3.4251999349591533E-13,3.3362572046333146E-11
12141.0,0.5411639763637165,0.45883588490678084,2.439112285796122E-10,1.384855913588449E-7
11902.0,0.9889751771692288,0.011024640219901322,9.74783094627028E-8,8.513256042164217E-8
12657.0,6.202071655407715E-14,0.999999999999938,4.9212475270746E-26,6.6001743664660216E-18
11041.0,0.02856468286376156,0.9714352834109479,1.0565529804060349E-14,3.372528001291748E-8
11447.0,0.999926561663391,7.341703444709828E-5,1.0054155474100062E-15,2.1302160645779887E-8
11684.0,1.6664631453439808E-11,0.9999999999833353,6.596402184549046E-41,1.5782474635459852E-19
12429.0,0.998317373194121,0.0016826267666936667,2.7839706677812278E-14,3.9157574292464923E-11
12162.0,0.9999999967281294,1.2526854560198694E-20,2.7950756920732108E-11,3.2439198497705054E-9
11921.0,0.9982081504173888,0.0017918381884851474,9.788682496508923E-12,1.1384337479419657E-8
12702.0,0.6456526532641488,0.35434734546384405,8.902384986016605E-12,1.2631047951676787E-9
11214.0,3.8199995724162673E-4,0.9996180000427579,1.6310764334462458E-16,1.4036268840645594E-16
10973.0,0.9999977042916662,6.477776295909556E-8,1.68581190270545E-7,2.062349380456384E-6
11108.0,0.01219049225900162,0.9874175841841455,3.7393592283749234E-4,1.79876340153519E-5
12596.0,0.9998090443023804,1.9094438102539295E-4,1.2133161222694082E-11,1.1304461231243098E-8
11835.0,0.9999999969143709,3.806856881273016E-34,8.747388288849773E-24,3.0856291098296175E-9
12072.0,0.9161254541684932,0.08387414328913778,7.211689184732087E-8,3.304254770380998E-7
12327.0,0.9906404860213297,0.00935949746501805,3.178520647464348E-11,1.6481867069522276E-8
11534.0,0.9875626925439206,0.01243729502229026,6.727080993333877E-11,1.2366518362773992E-8
11293.0,0.9999999997511329,1.1238949044140389E-12,9.33503910280394E-19,2.477432169089336E-10
11147.0,0.9997568405729546,2.431593880392995E-4,5.129007694843876E-15,3.900114767719519E-11
11988.0,0.999804631655665,1.9536834399412148E-4,1.432043646502896E-13,1.9764229210477347E-13
12231.0,0.0384208538653674,0.9615791460464761,6.076015821155059E-16,8.815587905124593E-11
12488.0,0.9999410212952217,5.897856453373208E-5,1.0639094937121983E-12,1.3918062033092937E-10
11745.0,0.9936653828285646,0.006317001130911883,1.2249573514267692E-6,1.6391083172321243E-5
11506.0,5.135447455070747E-10,0.9999999994864495,2.749165385707955E-30,5.853364658787227E-15
11177.0,0.9999999893206267,1.975430113472173E-26,5.8952273768062606E-27,1.0679373367595599E-8
12522.0,0.999999985595253,1.6620006309267912E-20,2.2377648001991514E-9,1.216698218467176E-8
12261.0,0.9601659471656345,0.039834052695593425,6.019042011757201E-11,7.858178862690699E-11
12022.0,0.7810234142459037,0.21897657973122478,3.9450305029559495E-9,2.077840947539049E-9
11472.0,0.9840604993800108,0.015939500540464006,1.2237092385876288E-16,7.952500353432998E-11
11715.0,0.9976339481433324,0.0023660518391364384,6.759231723155691E-13,1.6855188938288684E-11
11078.0,0.023135601044871817,0.9768643982534437,8.583693283828541E-16,7.01683469347397E-10
12293.0,0.9088523470650007,0.09113178775601417,1.2785948431151075E-5,3.079230554044613E-6
12042.0,0.26148732889095294,0.7384468371388908,5.862877448681681E-5,7.205195669661267E-6
11801.0,0.6773076635935308,0.3226923345492524,1.254461923934959E-9,6.027548299711683E-10
12566.0,0.9991215053076798,8.784936089987742E-4,2.987634627061507E-10,7.845580730420667E-10
11327.0,0.9998363451823101,1.636548052190525E-4,6.602125590517357E-17,1.2470887362479722E-11
11564.0,4.698419686253591E-6,7.36436238081406E-22,0.9999933750788327,1.9265014810221566E-6
11006.0,0.9844477854033653,0.015552214593493536,2.0604402613978798E-12,1.0807671439414047E-12
11245.0,4.978835852172141E-14,1.578089985831997E-9,0.999999895248377,1.0317348337016651E-7
11655.0,0.0010054123671830808,0.9989945867824642,5.1708555872052535E-23,8.503527066784416E-10
11412.0,0.9991514416518638,8.48558346352988E-4,9.248850962611265E-20,1.7832278695838803E-12
11954.0,0.9902160812770242,0.009783918638257703,7.773812360825746E-11,6.97983222225574E-12
12733.0,0.9999802175915942,1.9778975999321892E-5,5.484776834493735E-13,3.431858048018136E-9
12462.0,0.4630509091800388,0.5369490854783567,7.590509169874392E-19,5.341604430721607E-9
12193.0,0.9995334711606726,4.665111122284271E-4,1.3984761766327307E-10,1.7587251234240226E-8
11010.0,0.9923900614185711,0.007609936129572182,4.960906770089856E-12,2.4468958790092876E-9
11624.0,0.9983545740783395,0.0016454258772876599,6.96319494690529E-12,3.740979393508695E-11
11387.0,0.7780550059823494,0.22194499401764844,6.2256006476307045E-16,1.3804305272276885E-15
11869.0,0.6718861753224473,0.31975168780706054,0.008355752156651748,6.3847138405259925E-6
12626.0,0.998685298951036,0.0013146594845982694,1.3059189489239167E-9,4.02584469112446E-8
12353.0,0.976122324070526,0.023877675924131956,1.759304003743773E-16,5.341931040361612E-12
12110.0,0.9280711116741536,0.07192888622679043,1.6204072047448071E-12,2.0974356344285094E-9
11040.0,0.9990177749267565,9.822250398979146E-4,9.797110204626948E-14,3.324749737993206E-11
11353.0,0.9661076979760136,0.03389230198861306,1.622882959124338E-16,3.537314889087288E-11
11594.0,0.04427938442176785,0.9557134115175846,1.2278797202689173E-9,7.2028327679607825E-6
12140.0,2.1207976200133095E-19,0.8436567894060465,5.655975044721248E-21,0.1563432105939535
12387.0,3.3202043040219317E-6,0.9999966797956961,9.968177117579956E-19,6.668490210499827E-17
12656.0,3.767048539599088E-5,0.9999616025282908,3.1767840562592657E-15,7.269863102901952E-7
11903.0,2.638182765526316E-13,3.4200208796388644E-47,0.9999619015144693,3.809848526697026E-5
11215.0,0.9998669522265733,1.3304777128173888E-4,1.0654423040103151E-24,2.1450561622363232E-12
10972.0,0.7738170561157875,0.22618293997972722,4.138072689355376E-13,3.9040714958187395E-9
11446.0,0.9983069126670076,0.0016930758415975554,5.508572862565057E-13,1.1490843979007926E-8
11685.0,0.989539070651944,0.010460915676487208,3.5013488803932463E-9,1.0170219903697191E-8
12163.0,0.29108464936671713,0.7089153505443381,6.105549178384014E-19,8.894479818130416E-11
12428.0,0.9374411520084996,0.06255884799067188,1.0627116407217414E-17,8.285371871888295E-13
12703.0,0.9992495945984281,7.503978590474902E-4,7.069568442765774E-11,7.471828726849158E-9
11920.0,0.9237896805476096,0.07621031881367306,4.7963948840307966E-14,6.386693940229499E-10
12491.0,0.8396351175875928,0.16036486093579028,2.9435929834871786E-17,2.1476616992940587E-8
12228.0,6.868771646516361E-7,0.9999993131215645,5.920383756048283E-22,1.2707936637303467E-12
11991.0,0.9982151538420083,0.001784846061941911,6.459933136238341E-33,9.604978048340846E-11
12760.0,0.9836975108529081,0.016302486568360645,4.2896072758064386E-13,2.5783022017617458E-9
11505.0,0.6871638311235214,0.31283606063910585,5.6415721879009924E-8,5.1821650898985766E-8
11746.0,0.978734692853972,0.021265307080475467,6.994742092014227E-18,6.555261952581566E-11
11144.0,0.980035727401709,0.019964272507358126,1.228783236673671E-14,9.092071471707298E-11
12324.0,0.9999999632325824,8.923802362381167E-9,1.6199933021253147E-10,2.7681615919916452E-8
12075.0,0.9994760417967975,5.239581876517297E-4,9.691300759740934E-15,1.554107155543355E-11
11832.0,0.9983267372673115,0.0016730654165676936,6.00605335847217E-8,1.3725558726092101E-7
12599.0,0.9999999717423528,1.0214468595570134E-10,4.7147660739313993E-20,2.815550245101244E-8
11294.0,0.999999999999527,2.3685034669183057E-16,1.8098596995339932E-16,4.725938170602104E-13
11533.0,0.9966972256919341,0.0033027628070610767,3.174055586837409E-11,1.1469264362756039E-8
11111.0,0.9979269849065882,0.0020730061527836807,4.628672389544917E-11,8.894341305607091E-9
12565.0,0.7546108004614537,0.08736790513161385,0.15801904664190386,2.24776502861971E-6
11802.0,0.9828875221812553,0.017111991164312498,3.2422309021794737E-21,4.866544322197944E-7
12041.0,0.9964048878375187,0.0035950711035586075,1.0059472419724832E-10,4.095832814252052E-8
12294.0,0.9999774920977814,1.823251222162952E-21,2.1504435818046256E-5,1.0034664005979266E-6
11567.0,0.9812446839222839,0.01875531607480381,4.459769196926957E-14,2.867795674271021E-12
11324.0,0.9999999999979121,2.0831608841632793E-12,5.324901240120914E-25,4.7348544298960494E-15
11077.0,0.9927001325375587,0.0072998673582636954,1.3192132115227756E-13,1.0404565839738394E-10
12021.0,1.7052477177640106E-7,0.04104235682286616,0.03709077091406706,0.921866701738295
12262.0,1.9417076621190844E-11,0.9999688855265089,3.111400917953907E-5,4.4489481823819E-10
12521.0,0.9999999999998515,1.0291728590653273E-13,2.1461412182161912E-31,4.565591918571637E-14
11712.0,0.9994191250872184,5.808696078774973E-4,9.287396096746042E-14,5.304811058449454E-9
11475.0,0.999986783154457,1.3216582763925943E-5,2.2668289226434908E-11,2.4011065305304476E-10
11178.0,0.980420029126771,0.019579970743602227,9.651907321110934E-16,1.296259475190925E-10
11384.0,0.9973719193625337,0.002628076491473788,1.2832441884581864E-12,4.144709415824172E-9
11627.0,0.7479247356757157,0.25207515463544583,1.237973080125211E-12,1.0968760052703297E-7
12109.0,0.9994812564473425,5.187434450352017E-4,1.7702841269261493E-11,8.991946045982737E-11
12354.0,0.9689026578239737,0.03109734189360882,2.6217646106670225E-10,2.0241077942728042E-11
12625.0,0.581647249447385,0.41835275046191567,2.0700998266041683E-15,9.069731415370994E-11
11870.0,0.997415878237126,0.002583557331641467,4.716045350399623E-9,5.597151871874788E-7
11009.0,0.9982081504173888,0.0017918381884851474,9.788682496508923E-12,1.1384337479419657E-8
11415.0,0.9843545687227084,0.015645431272940984,1.8120971524652696E-16,4.350501651689861E-12
11652.0,0.9962992144234656,0.003700777794690337,2.6971012466462732E-11,7.754873058468787E-9
12194.0,0.967413430692227,0.03258462207613941,1.4208313351672581E-11,1.947217425392735E-6
12461.0,0.19233750827635146,0.8076503240670632,3.1044244533870247E-9,1.2164552161027435E-5
12734.0,0.08232164622351458,0.9176783537543602,9.46127812036619E-17,2.2125155635673496E-11
11953.0,6.506897318753247E-7,0.9999978070940025,3.904927942090856E-11,1.5421772162462714E-6
11246.0,0.9999999999978217,4.623720684399162E-26,9.38189984408317E-13,1.2402291410940755E-12
11005.0,0.9999999980343495,2.2752261296752892E-17,1.371847216259856E-23,1.9656505414974133E-9
11686.0,0.9976094012176957,0.0023905865943934057,1.935620329907701E-11,1.2168554772267433E-8
11445.0,0.9886842738124314,0.011315337627130105,9.914223274794194E-12,3.8855052422630223E-7
11923.0,0.9981819563000912,0.0018180436885622067,3.2243954141753735E-15,1.1343459705613257E-11
12700.0,0.9999999986045178,6.547843853168393E-11,3.524778964143877E-11,1.2947557556280894E-9
12431.0,0.9936070861696347,0.006392909380145068,1.0645602745177705E-11,4.439574594959417E-9
12160.0,0.9809300982762067,0.019069900025394167,6.803372367116241E-13,1.697718724258509E-9
10975.0,0.9999999984055239,9.036782487217862E-19,6.704742544521713E-26,1.594476211189753E-9
11212.0,0.9646928881096086,0.03162266820203579,4.2144233433309075E-5,0.0036422994549222994
11593.0,0.9999999815716017,3.4432528378199965E-14,1.4844795257465948E-12,1.8426879305243435E-8
11354.0,0.9996035003782363,3.964996172559686E-4,4.135977557725637E-16,4.507252827526856E-12
11900.0,0.8315135691958944,0.16848614266838033,2.868648097880283E-10,2.8784886057412456E-7
12659.0,0.9751197153725842,0.02488028433893034,2.43347559895046E-10,4.513802860331525E-11
12384.0,0.9129300987835597,0.08706990097357196,1.1874369039636922E-11,2.3099377849701462E-10
12143.0,0.999683816217615,3.161823821479397E-4,3.124927766381877E-12,1.397111883798267E-9
11043.0,0.9982398862111891,0.0017601132153461643,3.55287828681789E-17,5.734647001618188E-10
11145.0,0.9986296883160032,0.0013702967170650445,3.672061051567476E-11,1.4930211214332092E-8
12229.0,0.9283682351704285,0.07163176110695062,5.021620613481678E-12,3.7175993489364966E-9
12490.0,0.9999418882564755,5.811167372893095E-5,5.330563061949388E-18,6.979562110566702E-11
12761.0,2.5072678868256838E-6,1.365940298245514E-4,3.716952027028708E-4,0.9994892034995858
11990.0,0.9999999460299898,9.66134457015382E-24,2.2755249826731332E-8,3.121476044045058E-8
11504.0,0.0012502083698765606,0.9987497909725633,7.604969968799998E-13,6.567995106296319E-10
11747.0,0.9359921658744031,0.06400783412551982,1.2540136593336683E-20,7.71843845751886E-14
11110.0,0.9364081077356189,0.06359187972704529,3.216596783077021E-11,1.2505169882528281E-8
12074.0,0.9999979462341988,6.798821216324795E-9,1.660304525533366E-11,2.046950376751134E-6
12325.0,1.8223699895000315E-5,0.9999817763001045,1.2461184177531101E-23,3.5496831575038307E-16
12598.0,0.9980708081791766,0.0019291900709882059,1.5878859428415568E-15,1.7498337379370267E-9
11833.0,0.047625917184100766,0.9523740737131053,3.2076868207146267E-12,9.099586005538433E-9
11295.0,0.7452598467319402,0.25474015315148507,6.412035535796845E-18,1.165746579160202E-10
11532.0,0.9394964915772351,0.06050350828288193,3.361436162059099E-13,1.395467615460717E-10
11076.0,0.9601764880081691,0.03982351199058977,1.583063885719753E-15,1.2395434119133663E-12
11803.0,0.09172299288332471,0.9082770071140047,1.2924373506824682E-16,2.6703643827442507E-12
12564.0,0.9989209049020796,0.0010790883784210323,1.4598334618442442E-11,6.704901160371113E-9
12295.0,0.9986815852750328,0.0013183999071191513,1.7165815037778888E-11,1.4800682364600767E-8
12040.0,0.8913845666931853,0.10861543330142026,4.933556433847318E-17,5.394587060945448E-12
11566.0,0.4601000413485655,0.5398999586365949,6.80584304680497E-22,1.4839463978861378E-11
11325.0,0.9999976208495367,2.366831459131391E-6,1.9999316018024434E-13,1.2318804182397229E-8
11179.0,0.9826363424207875,0.017363657576830532,2.9924932758396522E-16,2.3817310403581505E-12
12020.0,0.5940158179792836,0.40598418198680075,6.471753865878284E-19,3.3915615513542106E-11
12520.0,0.9999999999868243,1.2979962525119353E-11,2.6700629599615013E-16,1.9532046364025356E-13
12263.0,0.9999999862783251,8.897863243357112E-12,9.02968677213373E-22,1.3712777203337042E-8
11713.0,0.9992584828893486,7.399991829748044E-4,1.516949689665523E-6,9.779870404119805E-10
11474.0,0.6330210643250437,0.36697893566377165,5.264550560848117E-16,1.1184183407438097E-11
11008.0,0.8806178732350974,0.1193820992899701,1.2647501228628359E-18,2.7474932499679017E-8
11385.0,0.9984074508242269,0.0015925479002919917,3.117149811817431E-13,1.2751694398656587E-9
11626.0,0.9979879553622137,0.002011998461005917,2.494116862266525E-12,4.61742860148145E-8
12355.0,0.9956855500776742,0.004314445446352204,5.191788076157234E-15,4.475968322511628E-9
12108.0,0.99984469937267,1.5530062733014265E-4,1.4455224406098285E-37,1.829894903568851E-22
11871.0,0.9999999930188992,4.94899057843788E-19,2.5199147050075123E-11,6.9559016124832296E-9
12624.0,0.9725100435729771,0.027489956161154926,6.185049937779065E-17,2.6586800186850305E-10
11247.0,0.999951436108116,4.85330424082684E-5,8.688566061601818E-10,2.998061923870932E-8
11004.0,0.7886276931251459,0.2113723065477873,9.220873667074686E-14,3.2697464646728474E-10
11414.0,8.708514888449468E-9,0.998868107768038,0.0011311742170519773,7.09306395111699E-7
