11477.0,0.9999999806655053,1.9334494280823227E-8,4.789299607931343E-16,1.1719727684900078E-23
11718.0,0.9999999999770955,2.290448858983035E-11,5.475914486494055E-20,1.816493129596353E-24
12256.0,8.565961870502981E-7,0.9442010342505622,0.05571171243755079,8.639671569992983E-5
12527.0,0.9998900711289622,1.0992868990184166E-4,1.8113602816022524E-10,6.117668815558898E-19
12019.0,0.3954477233166779,0.6041067937458722,4.454821375739571E-4,7.998759873791572E-10
11180.0,0.9999968477645446,3.1522351008248783E-6,3.545225716501158E-13,2.0289970027923773E-17
11322.0,8.606997925441577E-4,0.9991154568950311,2.3158225917167444E-5,6.850865075002937E-7
11561.0,0.6384415469542403,0.3615561294797837,2.3235658455358256E-6,1.305456978585858E-13
12047.0,0.009852167080608577,0.9901457502370367,2.0826784163024683E-6,3.938336809353001E-12
12288.0,0.9997232699233201,2.767300765954549E-4,8.45562870939414E-14,2.6252735517428575E-18
12563.0,0.9733546960054498,0.02664529963226346,4.362286784253478E-9,9.660682675694783E-18
11804.0,1.5761846382603774E-4,0.9998361417105115,6.239711805977319E-6,1.1385645878884657E-10
11075.0,0.1369780571804093,0.8627215054826995,3.004235836768482E-4,1.3753214338595266E-8
11531.0,0.8558150768499883,0.14418492283602566,3.1398420541881964E-10,1.834777045203674E-15
11288.0,5.254431442507379E-9,0.9529051239934989,0.047003859860409704,9.101089165994442E-5
11838.0,3.43252598152056E-10,0.24773146524400544,0.7373741271023267,0.01489440731041507
12593.0,0.9999520990215075,4.7900978112180556E-5,3.802503010165074E-13,5.376664330134858E-18
12322.0,0.9991663062428866,8.33693733391799E-4,2.3721570714328366E-11,1.04155700532944E-17
12077.0,0.9999989178073275,1.0821924743656233E-6,1.9811474511886372E-13,2.678298150230489E-19
11105.0,1.8343874674181322E-6,0.9999457376369131,5.2427088154378015E-5,8.874650231642745E-10
11748.0,0.9981871087180401,0.0018128896597685669,1.6221910153532665E-9,4.645148305993238E-16
11511.0,0.9863842538472859,0.01361574447276118,1.6799530183415713E-9,1.6597085875875233E-17
11985.0,8.159018798540312E-8,0.6979458156128628,0.3015407561326571,5.133466642921294E-4
12493.0,5.413932993889064E-12,6.023708724321894E-4,0.9666377490278356,0.032759880094318336
12226.0,0.8506936838294391,0.1493063154989407,6.716178454338599E-10,2.382691947339636E-15
11150.0,0.9625122137275782,0.03748778627142412,9.976516499338417E-13,6.707319263846907E-17
12390.0,0.992982347780152,0.007017652208114303,1.1733749083970956E-11,2.511150658731454E-19
12137.0,0.9998183588077864,1.816411921761809E-4,3.7569313334710857E-14,3.7002873041354694E-18
11898.0,0.006648603951814838,0.9933509483690528,4.476669429971426E-7,1.2189299282998472E-11
12661.0,0.9999999979834108,2.0165891382094793E-9,5.786621701532242E-17,1.0460743442146288E-23
11356.0,0.9999803291558277,1.9670844088893545E-5,8.341045426435081E-14,1.828680324181915E-21
11599.0,1.9004237797669416E-6,0.9731209085354061,0.02687494499250375,2.246048310257097E-6
11045.0,0.99988619396354,1.1380603449346569E-4,1.9665064356603263E-12,9.739916268580415E-19
12425.0,0.9999999408689558,5.9131041834122205E-8,2.2938327173208922E-15,1.309465035098358E-22
12166.0,0.701564406676745,0.2984355817028057,1.1620449263974293E-8,2.8125337940289344E-18
11925.0,2.2527291657299068E-13,0.38741227338003403,0.6000489685073704,0.012538758112370289
12698.0,0.3152074142764535,0.6820999265213019,0.0026926591999303718,2.314284358012006E-12
11443.0,0.45804376853418854,0.5419562313174255,1.4838591197661453E-10,1.574681802025979E-17
11680.0,0.9999999467562701,5.3243728396120016E-8,1.4995935283051995E-15,8.751911789808186E-23
11210.0,0.6826064783203384,0.3173935129038398,8.775803677767702E-9,1.8185061973322367E-14
10969.0,0.7395403375647489,0.26045966170679724,7.284482634254985E-10,5.492250131577873E-15
12728.0,0.9999999787756857,2.122431413072908E-8,2.0966668887221676E-16,1.158348887046448E-23
11959.0,5.752896395488469E-11,0.9999999991420004,3.173797030729806E-13,8.001532030473773E-10
12196.0,3.391936183245886E-5,0.9999652343591502,8.462549433193424E-7,2.407389284863829E-11
12459.0,0.9418190836206058,0.058180908680201565,7.699192139324252E-9,6.055150349375867E-16
11650.0,0.6068184206938376,0.3931759909246685,5.588381202260592E-6,2.9158832234813965E-13
11409.0,0.9791168299242766,0.02088306551233826,1.0456336741694244E-7,1.771315872047934E-14
11003.0,7.067144600172111E-10,0.9999793727198449,2.060044898766333E-5,2.61244528424983E-8
11240.0,0.9969502662620847,0.003049724851863364,8.886051911439548E-9,2.526158882463801E-17
12631.0,0.2629720558644501,0.7370273747045674,5.694307496090118E-7,2.328640139712905E-13
11864.0,1.4328620338954583E-4,0.9870942487527024,0.012756055466093404,6.40957781473368E-6
12107.0,4.611634692962121E-5,0.29483237387014855,0.7050304021592336,9.110762368825249E-5
12356.0,0.9998950839950034,1.0491597552940045E-4,2.9467208944939014E-11,2.357268196434777E-19
11629.0,0.9909537085328709,0.009046216235290864,7.523182641486318E-8,1.1730012010260847E-14
11390.0,0.9999661063396791,3.389365756189543E-5,2.759060771572502E-12,1.2576600972553624E-18
11015.0,6.788048128959963E-6,0.9999927538083963,4.5770137198737664E-7,4.4210279063959143E-10
11181.0,0.9999999802958068,1.9704192995157732E-8,1.3815811342425853E-16,1.5252519745178918E-24
11476.0,1.0279582503866937E-27,2.377468054700584E-13,0.006701555988484361,0.9932984440112779
11719.0,0.9999999787756857,2.122431413072908E-8,2.0966668887221676E-16,1.158348887046448E-23
12526.0,0.9999999786375049,2.136249496659984E-8,1.0194532290745555E-16,6.63938007901555E-25
12257.0,6.268817849849903E-4,0.9783428116338199,0.02103030623262263,3.485724901073446E-10
12018.0,0.003042437762513294,0.996649126637058,3.084353589593885E-4,2.414694154801576E-10
11074.0,0.9998945646148788,1.0543538160286339E-4,3.5182667547381906E-12,8.149676712129826E-19
11323.0,0.9999996639118456,3.360881474110092E-7,7.0293003758158344E-15,8.312332972682929E-23
11560.0,3.353391043532971E-5,0.9999660386462073,4.2742182181122435E-7,2.1535710178829084E-11
12289.0,2.2806100962047938E-4,0.9997708134395659,1.1149952476738125E-6,1.055556609580743E-8
12046.0,0.7023239994622179,0.2976744066991221,1.5938380881169867E-6,5.720472967692054E-13
11805.0,0.9991779263399433,8.220731768523101E-4,4.832034375446868E-10,1.0062905613587383E-15
12562.0,0.9999999999997287,2.712147677304718E-13,7.829137070719504E-21,1.5823614211278825E-28
11104.0,0.9776970619783966,0.02230271099107074,2.2702909891156672E-7,1.4338506345774477E-12
11530.0,0.9987229859212765,0.001277013804224046,2.7449947561840154E-10,4.9482025944090174E-20
11289.0,0.9999897595777628,1.0240422231936008E-5,5.321628776790723E-15,5.865623379906955E-23
12592.0,0.0030796928658998303,0.9969201476632804,1.593926599376811E-7,7.815980683768177E-11
11839.0,5.780056774687042E-10,0.9158047255928947,0.08391935947870292,2.7591435039670925E-4
12076.0,0.9999999999993725,6.275360842637861E-13,1.3320029564087578E-20,3.1974466567225376E-29
12323.0,0.9999998698170703,1.3018292805655803E-7,1.5826395406766528E-15,4.471038427541717E-23
11151.0,0.9999995874296687,4.1257031104594805E-7,2.0327132123499143E-14,9.70666904961243E-20
11749.0,0.9999999806655053,1.9334494280823227E-8,4.789299607931343E-16,1.1719727684900078E-23
11510.0,0.9997073318948277,2.926680863450411E-4,1.882719681580205E-11,2.472384964879273E-18
11984.0,1.0090722917153954E-14,0.011759558827643709,0.9318587308561529,0.05638171031619341
12227.0,0.9989417349937358,0.0010582635514218798,1.4548400949639848E-9,2.2620341240852115E-15
12492.0,0.9999942336257841,5.766374210804402E-6,5.054540321002238E-15,8.561839510379106E-21
11044.0,0.9878372980658505,0.012162691485460116,1.0448618957186256E-8,7.048027673523498E-14
12136.0,0.9649794128211491,0.035020585421345875,1.7575044361094746E-9,6.144416466684363E-16
12391.0,0.0030432848879565974,0.996956652083188,6.302123850021416E-8,7.616835117663892E-12
12660.0,0.9999999841449104,1.5855089408051618E-8,1.32428414719555E-16,1.406343060624311E-23
11899.0,0.999237862167513,7.621377884374879E-4,4.404953689679399E-11,3.81931940798516E-17
11357.0,0.9999527174938116,4.728250199535257E-5,4.192839790543326E-12,2.740350170899835E-16
11598.0,0.0017315080127077971,0.9982633935923921,5.098327655477179E-6,6.724464861890846E-11
11211.0,2.351037825139744E-13,0.9984744992127513,0.0015254325158053693,6.827120831057236E-8
10968.0,0.904555488116165,0.09544451104152987,8.423049486667716E-10,2.0707537853047172E-16
12167.0,0.9975774196764506,0.0024225669836850307,1.333986333229818E-8,1.0567560189797196E-15
12424.0,0.9994812465626471,5.187534373488748E-4,4.021807670384292E-15,1.4149862247143468E-19
12699.0,1.6307556122613544E-14,2.8341747621980654E-4,0.9997163208962828,2.616274810003642E-7
11924.0,0.2309863521708956,0.7689657690003149,4.787879068013897E-5,3.8109179179096754E-11
11442.0,0.9999999806655053,1.9334494280823227E-8,4.789299607931343E-16,1.1719727684900078E-23
11681.0,0.99981467979361,1.8532019944390667E-4,6.946057373958983E-12,3.8309069633494526E-21
11002.0,0.9994056647627656,5.943348595098718E-4,3.777243125431374E-10,1.1645894289182188E-16
11241.0,0.9999999983620924,1.6379071547567078E-9,3.750462019979524E-16,8.29666542347828E-24
11958.0,0.0438186056389544,0.9560466442894454,1.3475006455087012E-4,7.049299644072473E-12
12729.0,4.6245786986517094E-9,0.9727380817208783,0.027066814680609348,1.9509897393357492E-4
12458.0,0.9999999822496883,1.7750311556997894E-8,1.9959338375421255E-16,1.7569600473245087E-24
12197.0,0.9999627820286312,3.721796888734166E-5,2.4813098919016017E-12,2.6096554537805373E-20
11651.0,0.9978150296076025,0.0021849703065643868,8.582404569882524E-11,9.109500642825504E-15
11408.0,0.9017726918210822,0.09822682726814262,4.809105265819439E-7,2.4860869957438316E-13
11014.0,0.9999999806655053,1.9334494280823227E-8,4.789299607931343E-16,1.1719727684900078E-23
11865.0,0.35069619927519,0.6493037553577113,4.5367096686689024E-8,1.9914011854254877E-15
12630.0,0.9999999999828846,1.7115466931141536E-11,4.491160457335755E-19,9.827928311484775E-27
12357.0,0.9999999203289142,7.967108485069876E-8,1.0611285532041485E-15,3.960694172622011E-23
12106.0,0.999957599068888,4.2400928475552986E-5,2.6363609122162496E-12,4.915791003861045E-22
11628.0,0.9999999951073231,4.892676652730961E-9,2.497531643650583E-16,2.1683202238772635E-23
11391.0,0.5877170202381563,0.41228079120328137,2.188529559469913E-6,2.900273400725325E-11
11563.0,0.9999999148786733,8.512132608666304E-8,6.280332869504681E-16,1.6158627358767252E-22
11320.0,2.3556545766556915E-15,0.022638689800823408,0.3202271090681744,0.6571342011309999
12561.0,9.078529545799222E-28,7.765939115784087E-11,0.014667238036389862,0.9853327618859508
11806.0,0.06279172944435789,0.9372035262215154,4.740493413559532E-6,3.840713265781074E-9
12045.0,2.6155296116176795E-22,3.523988931731404E-5,0.2675413081606053,0.7324234519500774
12290.0,1.1614898944176978E-18,7.88884145968205E-6,0.822011972617917,0.1779801385406234
11073.0,0.9999891198014538,1.088019840878785E-5,1.3741266627913878E-13,9.230432404734834E-23
11716.0,0.9999999999992246,7.753539326458685E-13,7.839665487279926E-21,7.143390868617292E-29
11479.0,0.704781124547494,0.29521887542988545,2.2620519131457247E-11,3.4372179563498002E-18
12017.0,0.02857166284957711,0.9714283369404043,2.1000679803048278E-10,1.1843314637225427E-14
12258.0,7.794111325485287E-23,2.502484864981109E-5,0.1786927969033558,0.8212821782479944
12525.0,0.9921914903394399,0.007808509660218309,3.4177293988763856E-13,5.007493627219465E-21
11182.0,0.10072475805372373,0.899274928603971,3.1333202239999023E-7,1.0282769216546812E-11
11509.0,0.998214953453314,0.001785045755599934,7.910860394591283E-10,2.7173680674337758E-17
11750.0,0.9999989269156329,1.073084363283825E-6,3.8216766822581735E-15,2.694727285910448E-22
12495.0,3.200336609750924E-28,6.363221409939266E-9,0.9429624338247268,0.057037559812051816
12224.0,0.9999937701871032,6.2298128962211055E-6,5.694937574265499E-16,6.38401858894267E-22
11987.0,0.994463870959834,0.005536002835133205,1.2620503092353796E-7,1.945929283127598E-15
11148.0,3.320065371278114E-11,0.2068741614723938,0.6725263855969927,0.12059945289741279
11290.0,0.30182057849792304,0.6981780222172469,1.399113883497634E-6,1.7094669673367337E-10
11529.0,5.692772431330413E-5,0.8358620017567385,0.16405094308090895,3.0127438039282355E-5
12320.0,0.07045188125958336,0.9295467972033449,1.3215346115300784E-6,2.460352056458234E-12
12079.0,0.9998854061040957,1.1459389561142926E-4,2.9282976863780257E-13,1.2450645770607787E-21
11836.0,0.9997535819644571,2.4641803083405995E-4,4.7087191029909256E-12,1.0105537041772997E-18
12595.0,0.9144905377558213,0.08550801009864135,1.4521292979151438E-6,1.6239494879216502E-11
11107.0,0.9999999841449104,1.5855089408051618E-8,1.32428414719555E-16,1.406343060624311E-23
11927.0,1.4549676023272544E-5,0.9926195023179845,0.007359589011758257,6.358994234019727E-6
12696.0,0.9970033837146398,0.002996616229951237,5.5408957033426993E-11,2.419833896746885E-18
12427.0,0.9999999585095641,4.1490430039669254E-8,5.772629780094451E-15,5.38333909474853E-23
12164.0,0.9999887013006793,1.1298699259840602E-5,6.079905226638756E-14,9.566967332487657E-20
11682.0,9.476903720429605E-18,0.09498052748945601,0.8998581817600632,0.005161290750480823
11441.0,1.7648258327025378E-7,0.3127517582587072,0.6869177176022228,3.303476564868634E-4
10971.0,3.3615691430887487E-15,0.07444279882022953,0.790995716599582,0.134561484580185
11208.0,2.6607360547986E-29,6.100013649933734E-10,0.006485915142249326,0.9935140842477493
11896.0,0.7986443332817912,0.20135559017779292,7.654041371777921E-8,2.1292693844691354E-15
12663.0,0.9996855651311252,3.144348652379462E-4,3.6368615077622947E-12,9.134865426688196E-19
12388.0,1.6878784314413925E-5,0.9999613142428081,2.1806965643871818E-5,7.233753262276391E-12
12139.0,0.9969617393604453,0.003038258633544756,2.005949989107116E-9,5.997071421833751E-14
11597.0,0.9839258005487151,0.016074199409619027,4.166584649229327E-11,2.1563417742789447E-17
11358.0,0.04461498665316993,0.9553850133422322,4.597727607808206E-12,6.724707892334062E-18
11047.0,0.9999715782434552,2.842175566387897E-5,8.809145302186215E-13,5.228077001606052E-20
12105.0,6.251498919845152E-5,0.9993826364372265,5.548485580469227E-4,1.5528100253831847E-11
12358.0,0.07981705744694606,0.9201772083940866,5.734158955204992E-6,1.2283089648892775E-14
12629.0,0.9999999408689558,5.9131041834122205E-8,2.2938327173208922E-15,1.309465035098358E-22
11866.0,0.9999989865784826,1.0134214955033216E-6,2.193313320914619E-14,4.73274740800017E-21
11388.0,0.9999999999712392,2.876081090063551E-11,2.893964209053312E-19,1.6848758802835798E-26
11631.0,7.485099547133528E-4,0.9992514857162144,4.3249802454433715E-9,4.091972261885157E-12
11013.0,0.9999998813979257,1.186020587782526E-7,1.5540518581298898E-14,1.324959490700838E-19
12198.0,0.1376347066351186,0.8623652626941826,3.0667546594172775E-8,3.152285558746167E-12
12457.0,0.9999812568573627,1.874313352412046E-5,9.113167800311364E-12,1.038655815653767E-21
12730.0,0.9999999744375978,2.5562397150164252E-8,4.961548213818875E-15,3.7062215033875876E-24
11957.0,0.9999941819170338,5.818082916198423E-6,5.004660397461381E-14,5.503080558652501E-22
11411.0,0.9999681896221487,3.181037773189991E-5,1.1938064416576096E-13,1.336819596719874E-18
11648.0,0.9999845712354231,1.54287636804908E-5,8.964761604155595E-13,2.675055113192992E-20
11242.0,0.04550363392213469,0.9544963618896531,4.187443805552052E-9,7.683485260260394E-13
11001.0,0.004576821283128352,0.9807781607651053,0.014645017908697138,4.306911446925726E-11
11072.0,0.9997958156267039,2.0418437287081197E-4,4.253844489543413E-13,2.9556220087588295E-17
11562.0,1.7823084697235592E-4,0.997667384490491,0.002154384645728368,1.680815580730531E-11
11321.0,4.6022129950258387E-10,0.9212970385649553,0.07870127327240799,1.6877024156156773E-6
11807.0,0.9999999770099538,2.2990045937600824E-8,2.469941824088922E-16,3.583627418097783E-24
12560.0,0.9999994169716583,5.830283401431474E-7,1.5477222813708478E-15,1.7783833196715471E-22
12291.0,0.9995967930463143,4.0320690017691215E-4,5.350871006277284E-11,1.3393526713702164E-17
12044.0,0.9999999862156005,1.3784399375443826E-8,1.1515419018366242E-16,1.2254147607806395E-23
11183.0,0.999999911203015,8.879698414939408E-8,8.766860734497022E-16,3.6121380224899587E-23
11717.0,0.9999804211578109,1.9578841874259336E-5,3.1497909309478876E-13,4.631391143946811E-20
11478.0,0.05619530655354617,0.9438035120531647,1.1798830345044873E-6,1.5102547665980644E-9
12016.0,7.50263419431929E-6,0.9998867125615963,9.958157437894535E-5,6.203229830326051E-6
12524.0,0.98515474515435,0.014845029172134197,2.256734617009145E-7,5.4085595066891206E-14
12259.0,0.9758826350771374,0.02411734936182406,1.5561037962083E-8,5.49370094522796E-16
11149.0,1.153091928556655E-6,0.9942451448824775,0.005753701937755953,8.783801399908674E-11
11508.0,0.9789490206720463,0.021050975242796324,4.085154039390427E-9,3.4161324074430925E-15
11751.0,0.999955750383759,4.4246774429604804E-5,2.8418112414032005E-9,3.0562332351097245E-16
12225.0,1.3491190199226315E-7,0.9999994941476512,3.7091752795146016E-7,2.2918658504798847E-11
12494.0,2.0122089614779592E-4,0.9990012799491511,7.968937106734595E-4,6.054440276679629E-7
11986.0,0.7162540127954844,0.2837458215112522,1.6569326325688135E-7,2.395806628943602E-16
11106.0,0.027213400666527367,0.9709210055476021,0.0018655888737677618,4.912102728072163E-9
11291.0,0.9999999337402702,6.625971406846965E-8,1.5816431975722494E-14,1.2712796958590942E-22
11528.0,0.9998666297335259,1.3337026615233024E-4,3.2166409956842983E-13,1.301620369923497E-20
12078.0,0.9479071300390818,0.0520922158493549,6.541115306833931E-7,3.2532007800739755E-14
12321.0,2.807378004083522E-4,0.9795414442116648,0.02017312124501874,4.696742908175561E-6
12594.0,0.9999998945333993,1.0546660047845343E-7,7.872795371331696E-17,1.8477255448531525E-24
11837.0,6.312914692343873E-7,0.989600132806429,0.010398981502554187,2.543995475878329E-7
10970.0,0.001056929345493059,0.9989430548017064,1.5852748546760395E-8,5.1802966899939097E-14
11209.0,0.9999995467394682,4.532603008888448E-7,2.3091011414600964E-13,6.795649954522465E-20
12697.0,0.9999999770099538,2.2990045937600824E-8,2.469941824088922E-16,3.583627418097783E-24
11926.0,0.9077140614515246,0.09228593854815308,3.225136664887031E-13,3.7536974362528477E-19
12165.0,0.37283443521374526,0.6271655462137358,1.8572507184570185E-8,1.1686724318241878E-14
12426.0,0.9322321428276866,0.06776785716962501,2.6884206210751107E-12,3.624450480251169E-19
11683.0,0.9999359523531886,6.404754969897761E-5,9.711262871424255E-11,2.283863745481672E-22
11440.0,0.9997719843687202,2.2801560492252598E-4,2.6357336308491103E-11,2.6354525618409885E-18
11046.0,2.1779520669603012E-12,0.3553112021434602,0.6296666441552151,0.015022153699146785
12662.0,0.002570693308911479,0.9967125287881862,7.167774912692823E-4,4.116330717620709E-10
11897.0,0.020360442454091847,0.9796360347800726,3.5226170842080305E-6,1.487513851935921E-10
12138.0,4.586314285686634E-13,0.01196237274407893,0.8752543837009181,0.11278324355454437
12389.0,0.9999999999927356,7.264448041297035E-12,7.757111928882794E-20,5.990069911861424E-28
11596.0,0.9515985038048655,0.048401489604452994,6.575357980338944E-9,1.5323363284339705E-11
11359.0,9.980039976444983E-10,0.28440238273777185,0.7155397565684573,5.78596957669313E-5
11012.0,0.028700620931426207,0.9712991614916465,2.1755115871292217E-7,2.5768578962316426E-11
12359.0,0.9947205956640292,0.0052794016593444145,2.676605050998555E-9,2.1248393115425995E-14
12104.0,0.9999999806655053,1.9334494280823227E-8,4.789299607931343E-16,1.1719727684900078E-23
11867.0,0.9970460836343843,0.0029539161427694026,2.2284640772234825E-10,1.3171007121885943E-19
12628.0,0.9999999999993038,6.961542811424634E-13,3.82536296907132E-21,4.305323669594696E-29
11389.0,0.9999999770099538,2.2990045937600824E-8,2.469941824088922E-16,3.583627418097783E-24
11630.0,8.969020396003745E-5,0.9989253436289742,9.84816279941711E-4,1.4988712392041913E-7
11243.0,1.4440886451984139E-5,0.8050350722200452,0.19449711386698512,4.5337302651769925E-4
11000.0,0.9999992909481203,7.09051637625263E-7,2.4202451830668566E-13,5.029422897202399E-18
12456.0,0.8246571081809442,0.17534289174870282,7.035272148990544E-11,3.1536220032595004E-16
12199.0,0.9996809605639356,3.1903942666499545E-4,9.399295762807116E-12,2.0100370040066523E-19
11956.0,0.9999999999879811,1.2018964844671604E-11,6.275093169003415E-19,9.027873622816755E-29
12731.0,0.03917083691428931,0.960823589268853,5.573205476608224E-6,6.113810651018443E-10
11410.0,8.987499800731349E-13,0.015666860266190408,0.9842010740974871,1.3206563542373653E-4
11649.0,0.9874879770315532,0.01251202295424133,1.420539017568385E-11,3.34628194162466E-17
11834.0,0.0011611943540932306,0.9988358467711353,2.958874744200457E-6,2.7305873680163898E-14
12597.0,0.9994374994728813,5.62500104776158E-4,4.2233957904014644E-10,3.006458804333464E-15
12326.0,6.757177880525158E-10,0.9455324536503916,0.053545992513661635,9.215531602289155E-4
12073.0,0.997758894497286,0.00224110546960964,3.3104280596441304E-11,1.0067387235929445E-17
11535.0,0.9953923722707304,0.0046058678146240085,1.7599117809005905E-6,2.864665551921032E-12
11292.0,0.9999999573621252,4.263787332530357E-8,1.4057234095508935E-15,3.2971995739184896E-21
11109.0,0.12706886918759064,0.8728991891729169,3.1941639434643315E-5,5.778569896922918E-14
11989.0,2.006749272724603E-6,0.9502751281260292,0.049719441797661336,3.4233270366793472E-6
12489.0,0.9998982456085744,1.0175439034145473E-4,1.0841650976244522E-12,8.155273663077561E-21
12230.0,0.9999996125222256,3.8747676296599087E-7,1.0113711816490125E-12,1.6574166196549822E-22
11744.0,0.9999560262945377,4.397370269214734E-5,2.7701181401313004E-12,2.4395569032328563E-19
11507.0,0.9900925613507369,0.009907438623927576,2.5335552054486485E-11,8.036466844208853E-19
11146.0,0.8163835908273306,0.1836163954297872,1.3742810598935975E-8,7.157811711017667E-14
12260.0,0.999999983009293,1.699070648503927E-8,3.824227053819898E-16,1.0286707232821137E-24
12523.0,0.9841511276960009,0.01584887171889243,5.851061223121473E-10,5.387762595651401E-16
12023.0,0.2401485841247645,0.7598316883588766,1.972749846970378E-5,1.7889140489132757E-11
11473.0,0.9973135121831588,0.0026864878093684147,7.471584125998444E-12,1.1197476196290653E-15
11714.0,0.9960264543849634,0.003973545613260392,1.7748629945830336E-12,1.424660581148619E-15
11176.0,0.9925124669933504,0.007487506795947352,2.6210571614212552E-8,1.3061944119311236E-13
12043.0,0.7549879826095245,0.24501197144183312,4.5944786086566314E-8,3.8561960119450856E-12
12292.0,0.9993694729816504,6.305269888946351E-4,2.9454961858537686E-11,2.3306750922038665E-18
12567.0,3.4565015207526173E-7,0.9999996543463461,2.504087319503949E-12,9.978024986955867E-13
11800.0,0.9944742100378751,0.005524461911821267,1.3280503000590593E-6,3.5201250621452173E-15
11326.0,0.9998986575655466,1.0134242029915815E-4,1.4154211036770183E-11,1.567193586900036E-17
11565.0,1.5450297604822822E-10,0.9989546290443778,0.0010262893041122756,1.9081497006961146E-5
11079.0,0.999964542797006,3.545719983215276E-5,3.161772621436953E-12,5.837496128501534E-20
11654.0,0.04298688442513364,0.9570023090477904,1.0806524995705574E-5,2.0802579738350586E-12
11413.0,0.9892371232223208,0.010762805244819948,7.153226445467265E-8,5.946578922633677E-13
12732.0,0.4861493795725509,0.5137682348275243,8.238412130216733E-5,1.4786226836655632E-9
11955.0,0.9999999253441431,7.439900322400382E-8,2.568537976972331E-10,3.406897020222236E-18
12192.0,0.999987453458063,1.254654171617785E-5,2.209004469015639E-13,3.5503104944175555E-21
12463.0,0.9999999770099538,2.2990045937600824E-8,2.469941824088922E-16,3.583627418097783E-24
11007.0,0.005611666875576831,0.9943866034659427,1.729487804589068E-6,1.7067597703741687E-10
11244.0,0.9994452573267543,5.547426596414493E-4,1.360414798134549E-11,4.757386309633434E-17
11625.0,1.3265508416551535E-4,0.9998672034548286,1.4145369652892755E-7,7.309329302478586E-12
11386.0,2.4084897945991693E-10,0.9903521837383109,0.009400588904018391,2.472271168217089E-4
12627.0,0.9999999999986823,1.3177031266751123E-12,1.3266661745424283E-20,1.2310153446951923E-28
11868.0,1.7978516899973308E-19,8.122239359185326E-6,0.6776593942914069,0.322332483469234
12111.0,0.999670428533015,3.295714668812206E-4,1.0371735816497727E-13,5.62088310049164E-20
12352.0,0.004559500296933191,0.9954378590175287,2.6406850346928887E-6,5.034929709907284E-13
11011.0,0.9999999580190321,4.198096680604232E-8,1.2040069479218443E-15,1.0007931418810392E-23
11352.0,0.9999999806655053,1.9334494280823227E-8,4.789299607931343E-16,1.1719727684900078E-23
11595.0,0.9995624938743113,4.37506075972701E-4,4.971598100677288E-11,1.3638075328676406E-19
12386.0,0.21046865885272714,0.7871438295690606,0.0023875064592075407,5.119004736923512E-9
12141.0,0.013475511825039026,0.9865244881748485,8.505288276857967E-14,2.722805779804138E-14
11902.0,0.9999967333697565,3.2665932856162007E-6,3.695787100367229E-11,2.1840727803754472E-17
12657.0,0.5108183944027366,0.4891788297780989,2.775812890214258E-6,6.274239122995218E-12
11041.0,0.001126714269308306,0.9988732857299337,7.575045462297012E-13,5.281491966420965E-16
11447.0,1.7769179249583317E-6,0.9930724385210606,0.0069249178179869465,8.667430272921547E-7
11684.0,0.00114430959364835,0.998818252194761,3.743812277232785E-5,8.881826884305637E-11
12429.0,0.9999749238172785,2.5076177471313807E-5,5.250206618875911E-12,5.964190569575527E-18
12162.0,0.999999999999162,8.379551690159055E-13,8.67760664536106E-21,1.180879402536612E-28
11921.0,0.9999999787756857,2.122431413072908E-8,2.0966668887221676E-16,1.158348887046448E-23
12702.0,1.1600783759993616E-5,0.833863640359845,0.16612473175949108,2.7096903984216868E-8
11214.0,2.647219923412549E-9,0.9817878773804452,0.017863487526439126,3.4863244589572787E-4
10973.0,0.9982453584661626,0.001754641533619929,2.1755262265382159E-13,2.43926731800504E-18
11108.0,0.002332460027831518,0.9976424649973202,2.507442838776007E-5,5.464604977009732E-10
12596.0,0.9999999801050856,1.9894914061634057E-8,2.60973389921968E-16,7.527852341101547E-25
11835.0,0.9999983188668742,1.6811325165532869E-6,6.037549633548872E-13,5.37864906601737E-15
12072.0,5.335369586221504E-5,0.9998856088126218,6.103219437791166E-5,5.297138100537541E-9
12327.0,0.9613544307385837,0.03864556731144357,1.9499725524846413E-9,8.944341739302274E-17
11534.0,0.10475195052503715,0.8952441620636715,3.884283546126184E-6,3.127745223601126E-9
11293.0,0.8277787735031698,0.172218481804971,2.7446205086573427E-6,7.135052943059858E-11
11147.0,0.97575724392202,0.0242427397348053,1.6339655361988985E-8,3.5192738571345556E-12
11988.0,0.002045701401895434,0.9979286443451482,2.56541497842952E-5,1.0317201729336294E-10
12231.0,1.4183787528864218E-4,0.9998581603388429,1.778338564436625E-9,7.529864705033814E-12
12488.0,0.9400499499161312,0.05994984536250469,2.0472087111684034E-7,4.929301210330287E-13
11745.0,0.3524332098134186,0.6471369623225671,4.2982769471579436E-4,1.6929852801664396E-10
11506.0,0.9999999796206683,2.0379331511067645E-8,1.9959338314309133E-16,1.7569600422124355E-24
11177.0,0.871163197133424,0.12883677401387003,2.8852701476264568E-8,4.433875462568866E-15
12522.0,0.9999999999998223,1.7777003010036493E-13,1.7576643867807496E-21,1.450233591482415E-29
12261.0,4.07172695541344E-4,0.9941833196554289,0.005386837476147634,2.2670172882045436E-5
12022.0,0.9966765878917657,0.0033234098016052815,2.306628992346141E-9,5.2409642029186155E-17
11472.0,0.9996163761598518,3.836238401435218E-4,4.75507820460302E-15,1.132980686236483E-22
11715.0,0.9117277050486684,0.08826138703645309,1.0907913763932766E-5,1.1145185764271816E-12
11078.0,0.11802453233582634,0.8819753579000539,1.0976393028407455E-7,1.89462342775989E-13
12293.0,0.9999793866570303,2.0613342760090693E-5,2.0955286096308039E-13,1.13106160780056E-20
12042.0,0.0011971832983155915,0.8795744291496035,0.11922777164365035,6.159084306466803E-7
11801.0,0.9726563720049017,0.027343556454129846,7.154096841483306E-8,7.738716471104297E-18
12566.0,0.1866304693821962,0.8133319009311704,3.762960983037512E-5,7.680297007281846E-11
11327.0,0.9995729660840688,4.270339158785092E-4,5.277435490377315E-14,1.852152215059747E-21
11564.0,7.053685329415904E-12,0.0010317642001353064,0.6834214534462066,0.31554678234660444
11006.0,0.019326289182311676,0.9790123823968699,0.0016613256377863393,2.7830319900056E-9
11245.0,1.7463905384054154E-11,0.6905198319720343,0.28016157832176114,0.029318589688740782
11655.0,0.0011732761909428741,0.998826703130984,2.0676882771018168E-8,1.1904822410757815E-12
11412.0,0.9731265657426266,0.026873433432868316,8.225695589645411E-10,1.9355546654192876E-12
11954.0,0.9615609156676121,0.03843806465981485,1.0196709246763759E-6,1.6483334083663311E-12
12733.0,0.9999966383205261,3.3616774978865364E-6,1.976086513769741E-12,1.9390915957434288E-19
12462.0,0.027097866165642946,0.9729008311268398,1.3012699875349405E-6,1.43752963511019E-9
12193.0,0.9809804445754235,0.019018955408885593,6.000156902032298E-7,5.917170355109079E-16
11010.0,0.9997124565974115,2.8754333202503005E-4,7.056363413164188E-11,1.3889018972962115E-17
11624.0,0.999941723643765,5.827596461645406E-5,3.916185744135461E-10,1.931516613102048E-18
11387.0,3.93643140669949E-5,0.9999602953619309,3.403221863776342E-7,1.8157883037458265E-12
11869.0,0.0052841550652738606,0.994706393335994,9.451535154308747E-6,6.357799089984155E-11
12626.0,0.9518661403491434,0.04813379069849713,6.895235911427757E-8,2.507554314421547E-16
12353.0,0.0016073888748569724,0.998390015887619,2.595231986624835E-6,5.537421542746115E-12
12110.0,0.019610684805365826,0.9803890564727764,2.5872185693037547E-7,8.906159436267547E-16
11040.0,0.9999620743084336,3.79256733139623E-5,1.825234625247995E-11,9.486689658332157E-21
11353.0,0.9740107855919364,0.025989212657520258,1.7505424530945493E-9,8.649847215414361E-16
11594.0,0.023178314808061082,0.9763116368783407,5.099399462861581E-4,1.083673122038989E-7
12140.0,8.024147739131672E-5,0.028824719080860265,0.6711629085810907,0.2999321308606578
12387.0,2.0042772119963795E-17,0.011084797949369613,0.18437151257809864,0.8045436894725316
12656.0,1.9476485002785743E-10,0.41461405873483176,0.5849830333934706,4.0290767693278146E-4
11903.0,1.5355647427794356E-8,0.036251271334653,0.11147426389488876,0.8522744494148108
11215.0,3.728084691345362E-6,0.9990531273129974,9.431442885541848E-4,3.1375706823462714E-10
10972.0,0.9984818358666374,0.0015181641332698476,9.286108121092978E-14,3.579204754985243E-21
11446.0,0.9999998394355631,1.605644350799044E-7,1.741503630007553E-15,1.6252876036139637E-22
11685.0,0.999128728966282,8.712710054525677E-4,2.826533724992895E-11,9.134310370170244E-18
12163.0,0.0016557996854822115,0.9943264746442775,0.004017616278327789,1.0939191257072351E-7
12428.0,0.03362776077643178,0.9663722392218922,1.6760465470108715E-12,7.253380653985174E-20
12703.0,0.9999999647656138,3.523438234208322E-8,3.901017181260241E-15,5.1520679094273276E-24
11920.0,0.9999224161537613,7.758384560172713E-5,6.369715484375715E-13,3.187142585324678E-21
12491.0,0.3185880152088331,0.6813912998402653,2.0684934915580913E-5,1.5985972476094903E-11
12228.0,2.738936348802626E-17,0.005552023481093698,0.12275230382090126,0.8716956726980051
11991.0,0.7349000929778511,0.2650999069125018,5.6124248715143036E-11,5.352287054848364E-11
12760.0,0.011514055888315932,0.9884858359550074,1.0814628295560568E-7,1.0393612675883624E-11
11505.0,4.6398104343828864E-5,0.9999528774441404,6.956864411842678E-7,2.876507458722672E-8
11746.0,0.9738901901657074,0.026109800596282387,9.23796260070212E-9,4.7551184624343716E-14
11144.0,0.7754443656717214,0.22455498338129,6.509462011497874E-7,7.874294608979918E-13
12324.0,0.9998537501415942,1.4624985825223563E-4,1.5362167458240636E-13,5.7767836145761225E-22
12075.0,0.9997516104589467,2.483895397982447E-4,1.2551102569720839E-12,4.387107318761931E-19
11832.0,0.9929997288454796,0.007000271089263566,6.525670297224949E-11,2.04786030294722E-16
12599.0,0.5921032298424258,0.4078966956219422,6.941994828833414E-8,5.1156837950119895E-9
11294.0,0.9999997340012485,2.6599850993634597E-7,2.4151335668226666E-13,9.766350592687593E-21
11533.0,0.9980363723691835,0.0019636276095543756,2.1193902698784956E-11,6.817529726826347E-14
11111.0,0.9999585450008714,4.145499909881264E-5,2.965206043496854E-14,2.238620094617028E-21
12565.0,1.0992505080605523E-14,0.9645788450639716,0.027504709985607015,0.007916444950410372
11802.0,0.04173861642228331,0.9582613835637208,1.3995656956764037E-11,1.8826549544250866E-16
12041.0,0.9999618008826929,3.819911729810948E-5,8.927460207173825E-15,1.2136758462185751E-19
12294.0,0.9999994409643861,5.589869850158963E-7,4.8628788078263E-11,3.898507949140042E-17
11567.0,0.9791168895759985,0.02088310478120701,5.642754659819023E-9,3.984135570509211E-14
11324.0,0.9963629516826997,0.0036370481404472176,1.7683379568738567E-10,1.9339851385690626E-14
11077.0,0.9996637753741774,3.3622327089662124E-4,1.3549259958815883E-9,7.953771879757103E-18
12021.0,1.1976926800279106E-19,0.023191605109029633,0.25121438178850475,0.7255940131024656
12262.0,7.436442084318348E-17,0.0011927561165945946,0.9942629512495891,0.004544292633816246
12521.0,0.03604176167023886,0.9639582315823928,6.731603519914964E-9,1.576460970654096E-11
11712.0,0.9999999811829444,1.881705537408098E-8,2.1151486620985048E-16,2.0820888448050227E-24
11475.0,0.9992742857973796,7.257141940503813E-4,8.569962997193803E-12,2.6190171620232634E-19
11178.0,0.999769547383919,2.30452615519711E-4,5.612742471089834E-13,6.075968417985643E-21
11384.0,0.9999944471946459,5.552805298725074E-6,5.538811802380097E-14,5.7824191258091E-21
11627.0,0.03152100416415248,0.9684778874407148,1.1058450312252661E-6,2.550101469901914E-9
12109.0,0.9999710567193574,2.894327994578875E-5,6.967167909765973E-13,6.593497055702243E-21
12354.0,0.005757290003766551,0.9942011132141366,4.133975777822916E-5,2.570243186589289E-7
12625.0,9.054241720849617E-4,0.9990945758254377,2.0579684340149664E-12,4.194112513454159E-13
11870.0,0.999999584495864,4.1550413600823645E-7,1.674310530080658E-17,8.12169764650608E-25
11009.0,0.9999999787756857,2.122431413072908E-8,2.0966668887221676E-16,1.158348887046448E-23
11415.0,0.946837513682839,0.05316248631429698,2.8640341879613566E-12,7.082433187364062E-18
11652.0,0.9999961969761899,3.80302221016229E-6,1.5998146132754823E-12,5.38721776411238E-19
12194.0,0.498685915440659,0.5013140589814438,2.5577896811074538E-8,3.7302318742000035E-16
12461.0,8.462468158585526E-8,0.9979386351943477,1.4023327824987157E-4,0.0019210469027208445
12734.0,0.8451927798319887,0.15480697035301327,2.4981499526042806E-7,2.8247281803661695E-15
11953.0,1.6927207296350874E-7,0.9999087651892508,8.951826820013161E-5,1.5472704760972547E-6
11246.0,0.9999999601813359,3.9818663754766954E-8,4.237202041436382E-16,2.832851185635339E-25
11005.0,0.9910819595121422,0.008918037238588545,3.249216051630498E-9,5.331970343183396E-14
11686.0,0.9999999776157089,2.2384290742889575E-8,2.516853894108482E-16,2.4774827285973162E-24
11445.0,0.9882478009595794,0.011752196152580817,2.887839672628386E-9,2.131067231703668E-17
11923.0,0.48207332306333434,0.5179264479228476,2.290138080358147E-7,1.0105866422111524E-14
12700.0,0.9999848771712907,1.5122828343181072E-5,3.6626567701704245E-13,2.5287246092330066E-21
12431.0,0.9999928574062754,7.1425936256002136E-6,9.911121610598735E-14,9.776469905141688E-22
12160.0,0.9999544629870745,4.553701090064352E-5,2.02494661554339E-12,1.3098762026710842E-22
10975.0,2.159304630228539E-15,0.027728237669051164,0.8573888969372295,0.11488286539371717
11212.0,6.231297293163517E-5,0.9659466645678557,0.033955391650287665,3.563080892489582E-5
11593.0,0.9999999505090209,4.9490974902067346E-8,4.195595126742013E-15,1.988274128541259E-21
11354.0,0.9481878051480975,0.05181219474848783,1.0341456909395292E-10,8.5382622075436E-18
11900.0,0.9932759066201312,0.006724093373637841,6.23075901618677E-12,1.1583358866047907E-16
12659.0,0.9999977326749743,2.2673249585147334E-6,6.716714183772566E-14,4.613129539979393E-22
12384.0,0.0019102932269023042,0.998089539045585,1.6772751234066215E-7,4.655247926337943E-16
12143.0,0.36141312338849607,0.6385865334631472,3.249503328917132E-7,1.81980236942979E-8
11043.0,0.08511064954460049,0.9148889165032248,4.3395214358391056E-7,3.100918453159229E-14
11145.0,0.9999999770099538,2.2990045937600824E-8,2.469941824088922E-16,3.583627418097783E-24
12229.0,0.9674246814960463,0.03257531761277623,8.911774898219223E-10,2.7377224867938384E-17
12490.0,0.994405696321057,0.005594297455725879,6.223215340757882E-9,1.7141619833553203E-15
12761.0,6.7625785787237964E-15,0.3448613481502521,0.3684081985246938,0.2867304533250473
11990.0,0.9999999999899729,1.0027002994871346E-11,1.0043457497975848E-19,8.581463060005068E-28
11504.0,1.7748191410955015E-5,0.9999804682449652,1.5899660104992888E-6,1.93597613380751E-7
11747.0,0.15989447393537684,0.8401053496622725,1.7640188929674837E-7,4.614505015394817E-13
11110.0,0.14216455188520805,0.8578048028250156,3.064523750379305E-5,5.227269336956055E-11
12074.0,0.9999999198115829,8.018841124703006E-8,5.870677414440471E-15,9.130381094838751E-23
12325.0,0.06737724469130169,0.9326227534250119,1.8835407034907813E-9,1.457396550291417E-13
12598.0,0.9999900576702424,9.942329468444169E-6,2.892615260937467E-13,2.9861406441730704E-20
11833.0,0.004972610168439072,0.9950273897687987,6.263921918959848E-11,1.2301841619219097E-13
11295.0,0.010121007883479513,0.9898789788458299,1.3241917244369234E-8,2.8773229211467965E-11
11532.0,0.1703356190550115,0.8296623400241728,2.040917761367941E-6,3.0542600049240365E-12
11076.0,0.2874377636561783,0.712562086879591,1.4945864380206126E-7,5.5869978433876974E-12
11803.0,0.026476979496284723,0.9735230202395206,2.6415675120320187E-10,3.794982999151849E-14
12564.0,0.9999999806655053,1.9334494280823227E-8,4.789299607931343E-16,1.1719727684900078E-23
12295.0,0.9999999796106542,2.038934483572997E-8,1.0173666110681362E-15,1.4807239185798526E-25
12040.0,0.9981440477463691,0.0018559521660829643,8.754801342738478E-11,2.2619225408569566E-17
11566.0,0.25105010682315465,0.7489496733017497,2.1987501852557641E-7,7.710928139850216E-14
11325.0,0.9999930620126111,6.9379825237693995E-6,4.8651771557975E-12,4.056566019868071E-18
11179.0,0.9427137663969224,0.05728622455394377,9.049118864900719E-9,1.501089972845867E-14
12020.0,2.8356996678078198E-5,0.9999716416745369,1.3218988082427336E-9,6.88614005750422E-12
12520.0,0.9795740382965872,0.02042588599212669,7.571109562261064E-8,1.90515281866617E-13
12263.0,0.03487640019600257,0.9650494229227751,7.417688097245861E-5,2.4980297678799195E-13
11713.0,0.9999945585848853,5.441367693490027E-6,4.7421251225775233E-11,5.570430158619638E-19
11474.0,0.8325184985539908,0.16748138209350813,1.1935248470044953E-7,1.6329142242859212E-14
11008.0,0.9987516515413856,0.0012483480653400461,3.932743797107123E-10,6.4496312895503216E-18
11385.0,0.9999999796106542,2.038934483572997E-8,1.0173666110681362E-15,1.4807239185798526E-25
11626.0,0.9999999148786733,8.512132608666304E-8,6.280332869504681E-16,1.6158627358767252E-22
12355.0,0.9999892997278614,1.0700272101006961E-5,3.7511831410454516E-14,1.6950509626557539E-22
12108.0,0.051321365938805104,0.9472029458112862,0.001475646109153641,4.21407551894898E-8
11871.0,0.9999999999991683,8.315739334456841E-13,4.1107509533681784E-20,6.426008110772749E-30
12624.0,0.9962575948293729,0.003742405160108297,1.0518193217172158E-11,5.010473023886441E-16
11247.0,0.999999999620347,3.7964371694146274E-10,9.196206956732847E-15,1.7326551319203818E-23
11004.0,0.9993956209249647,6.043790540492686E-4,2.0986071434483383E-11,1.1560314990790223E-17
11414.0,1.1525144650459864E-10,0.0011985736192067949,0.08784690950108211,0.9109545167644596
