11477.0,0.9984113262811869,0.00158867370480134,3.895074673702889E-15,1.400787042591879E-11
11718.0,0.9999999999999982,1.142273807983179E-41,1.2475863323593179E-27,1.8468189583842816E-15
12256.0,0.002751087437725895,0.9971927858661199,9.427718367564184E-11,5.6126601876886774E-5
12527.0,0.9989192524203134,0.0010806609541860648,6.891708744589792E-22,8.66255005119891E-8
12019.0,0.9467459806665385,0.05325401932932138,4.139149617831171E-12,7.655721512448807E-16
11180.0,0.9921946494468784,0.007805350553120189,8.230203555681762E-26,1.4079332278610271E-15
11322.0,0.9891408215676815,4.312080004465491E-9,8.149125849539913E-26,0.010859174120238646
11561.0,0.9157150067553985,0.08428499324460126,6.459055762620285E-22,1.4556439784581176E-16
12047.0,0.49245697090014984,0.5075430290940719,5.6228372819152044E-12,1.5524046849397906E-13
12288.0,0.9932203029018108,0.006779697058355617,1.4225631729247685E-19,3.983362027123457E-11
12563.0,0.9640234430507912,0.03597655694920887,1.5859039721955835E-26,1.6086094988648018E-19
11804.0,0.20381517076760675,0.7961791686226014,5.655725126014648E-6,4.884665885144501E-9
11075.0,0.9535391362510449,0.046460863748953855,3.3605730704450717E-18,1.2761825130988112E-15
11531.0,0.990959088728928,0.009040911271072097,8.253250180027789E-26,7.803819338256357E-20
11288.0,5.086217811921786E-4,0.9994913774579317,4.114531148067847E-15,7.608717766859889E-10
11838.0,1.642014966048606E-20,0.9999999971378404,4.795733994996688E-34,2.8621596248440163E-9
12593.0,0.9838974354512469,0.016102564548753164,3.440419748770397E-33,3.4183036007590656E-18
12322.0,0.9392780257903135,0.06072197420968612,5.864907095150735E-22,3.539957423674379E-16
12077.0,0.9975337062053078,0.002466293617332417,5.695874854422255E-17,1.7735969453760093E-10
11105.0,0.6108704427488224,0.38912955725117765,1.9415151015557953E-35,2.610116166449489E-20
11748.0,0.9810095408022472,0.01899045919775177,1.1322307748208394E-16,5.648547250251049E-16
11511.0,0.8331437362914093,0.1668562637083011,2.037577975375018E-14,2.6932164734185046E-13
11985.0,0.025123555824379112,0.9748581366537595,4.475772220190493E-14,1.8307521816539695E-5
12493.0,3.729093622852766E-24,3.6042159041171546E-8,0.9999892603394009,1.070361844006323E-5
12226.0,1.7323506624130354E-23,1.0,3.454233730448803E-26,3.731051594083559E-21
11150.0,1.0,1.2467386742125603E-19,3.092273337793178E-36,4.606315475045488E-27
12390.0,0.9961736254186715,0.0038263745812799803,8.953033746587094E-25,4.854644028920624E-14
12137.0,0.9384297004557847,0.061570299544211254,3.2122025699016603E-21,3.863127320377331E-15
11898.0,0.970808001667423,0.02919199833177876,1.4094873722274192E-13,6.573378646773465E-13
12661.0,1.0,1.3289775637434342E-33,4.049711738897177E-19,4.934908741999987E-18
11356.0,0.9733753808143959,0.026624619185594348,2.15909727606465E-21,9.76496407048181E-15
11599.0,9.15578380305253E-5,0.006943989347515271,0.9929644528143244,1.298283153202118E-13
11045.0,0.9969638398214392,0.00303616017856069,5.93253639311455E-23,1.354472425094675E-19
12425.0,0.9956850468293973,0.004314953169627596,2.694894516644306E-17,9.752329266603312E-13
12166.0,0.9254986044578037,0.0745013955421942,2.276417420405625E-17,1.9980013838888325E-15
11925.0,0.015935706745507743,0.9840575156192058,4.669825289633918E-6,2.1078099968230003E-6
12698.0,0.9971478559561893,0.0028521437274211026,3.1605864830349633E-10,3.310119024551948E-13
11443.0,0.8450538874979338,0.1549461125020623,9.796378071699797E-32,3.947280772083897E-15
11680.0,0.9968963410895273,0.003103658892946617,5.023617760172913E-13,1.702381072534765E-11
11210.0,0.9697167511989485,0.030283248801051595,2.565116548699636E-24,4.8393713187328744E-21
10969.0,0.7486124505402733,0.25138754945972674,2.3860111145515746E-36,2.4697139635228834E-17
12728.0,0.9978197937266732,0.002180206271790411,7.277581683850009E-16,1.535594384898224E-12
11959.0,0.020376369883129252,0.9796232951973918,1.301802694396407E-33,3.3491947893181665E-7
12196.0,0.9999999999966174,3.312212213938474E-12,5.194862746193784E-18,7.04608888054444E-14
12459.0,0.9703058906510559,0.029694109348944002,2.743872978639123E-26,8.294419177164792E-20
11650.0,0.8245095290511598,0.17525993781205515,2.3053034862747932E-4,2.7881576747388555E-9
11409.0,0.9827518129070413,0.017248187092958705,6.624045436002988E-17,8.403951119322491E-17
11003.0,0.9999999999999902,8.798565242421864E-15,3.3027394995005215E-22,8.325896192993085E-16
11240.0,0.9939035410667899,0.006096458933209465,1.783607217137251E-18,5.551425467122756E-16
12631.0,0.9987358370489181,0.0012641629510818937,1.8472385874743382E-31,1.8681493007716787E-21
11864.0,0.41332685161667854,0.5852374588590726,0.0014356842153857039,5.30886311507939E-9
12107.0,0.9802773559879104,0.019722644010900497,9.460628817716187E-13,2.4311339453995597E-13
12356.0,1.7618875144389925E-22,1.0,8.957116444225423E-18,1.847860267428219E-21
11629.0,0.8199735356526946,0.18002646433959157,8.31522371309451E-14,7.63054278125006E-12
11390.0,0.9999850126270173,1.4987361025535458E-5,9.431545162500929E-12,2.5255578121393266E-12
11015.0,0.011508374480674073,0.9884916255193259,2.5376660731089518E-17,1.0647952172401532E-16
11181.0,0.9977246349224771,0.0022753650668720584,1.9483102035656642E-14,1.0631153377708575E-11
11476.0,2.5721877490353196E-5,0.9999736956969152,3.4728851243237875E-18,5.824255942468398E-7
11719.0,0.9978197937266732,0.002180206271790411,7.277581683850009E-16,1.535594384898224E-12
12526.0,0.9982903581320669,0.0017096418646049003,1.553532361896976E-16,3.3280248481693634E-12
12257.0,0.002069877104526662,0.9979284202425351,1.7026529377975642E-6,3.5401505325852416E-16
12018.0,1.324874189890237E-19,0.9999907357997564,9.264200243749933E-6,1.4970166912371633E-18
11074.0,0.9901202386636507,0.00987976133634922,5.2566468857328034E-21,1.0102042685442659E-16
11323.0,0.9969366915608415,0.0030633084362174765,1.8806685932719208E-13,2.752841513363738E-12
11560.0,0.08938139321738718,0.910618606655558,1.7631737828870249E-19,1.2705481031082673E-10
12289.0,0.8147393338643373,0.1852606661356548,3.146155033325472E-16,7.579762302577326E-15
12046.0,0.9761627163707992,0.0238372835931532,3.572848303068559E-11,3.1906214689312334E-13
11805.0,1.0,8.484747296549887E-77,9.578316990668162E-38,4.322079603328011E-46
12562.0,1.0,2.147256459860263E-36,2.01743182812341E-20,1.0663430922342808E-18
11104.0,0.9431355602925976,0.05686443970671742,2.6465733746872725E-14,6.587063216691393E-13
11530.0,0.6401014876080516,0.35989851238467885,6.807169984611167E-12,4.622535123885489E-13
11289.0,0.9940205620859414,0.00597943791400951,2.8501487245885716E-18,4.9084241189330206E-14
12592.0,0.9976353226369448,0.0023646773630552906,6.392860969379628E-33,1.1570341501972239E-20
11839.0,8.919948808843188E-5,0.02672223523293153,0.9731885608616478,4.41733222045248E-9
12076.0,0.9999999999985192,1.608449926959603E-32,1.4808567133578852E-12,2.1398264372840063E-17
12323.0,0.9986944974926226,0.0013055025068316058,1.8053816930825393E-15,5.438706285615839E-13
11151.0,0.9968908550496872,0.0031091449434923098,1.8149482502536117E-17,6.820603073594777E-12
11749.0,0.9984113262811869,0.00158867370480134,3.895074673702889E-15,1.400787042591879E-11
11510.0,0.9737079172771781,0.026292082722811624,2.995995056487268E-19,1.0393674241024363E-14
11984.0,9.595529431128188E-7,0.9958870916687962,0.004100457621105395,1.1491157155555976E-5
12227.0,0.9787335222183413,0.021266477780231902,4.975846950295672E-16,1.4262204509510414E-12
12492.0,0.9952395822833484,0.004760417708964989,1.2727733256465983E-19,7.686540950210815E-12
11044.0,0.9728312840246679,0.027164023939081572,3.093391089130094E-10,4.691726911603167E-6
12136.0,0.919310154920511,0.08068984507947694,2.5971532622617663E-20,1.2118862245596412E-14
12391.0,0.7191243475220165,0.2808756487576558,3.7653142754160704E-21,3.72032769088019E-9
12660.0,0.9985037972725844,0.001496202724356178,6.514129356247164E-17,3.0594938057284993E-12
11899.0,0.9954542291299273,0.004545770869107371,1.2693431083861556E-23,9.652256557661135E-13
11357.0,0.9999999999991176,4.061239801731421E-18,1.7506559751286637E-24,8.824460028148051E-13
11598.0,0.9813988169904961,0.01850056913817754,3.3127861288683065E-6,9.730108519744202E-5
11211.0,0.5820540241626614,0.4179459758373384,8.644314240073145E-21,2.660697179707252E-16
10968.0,0.9861159887472724,0.013884011252719613,8.087083807819634E-15,5.888370853674959E-17
12167.0,0.9898435885128369,0.010156331141173636,2.506588951693118E-10,8.009533054098505E-8
12424.0,0.9960312146960322,0.003968785303965553,6.710465836095445E-38,2.277719352038013E-15
12699.0,0.9999999999995419,1.0018718097585063E-28,4.581515352165273E-13,3.6035863595620834E-26
11924.0,0.9424049475251361,0.05759505247486385,1.3886771827039183E-21,3.887023425520929E-20
11442.0,0.9984113262811869,0.00158867370480134,3.895074673702889E-15,1.400787042591879E-11
11681.0,0.9923242000459094,0.007675799954047783,4.208721257440619E-14,7.575747863391372E-16
11002.0,0.9942674413312953,0.0057325586686999075,3.882717725811501E-20,4.896872147412119E-15
11241.0,0.9973188549352346,0.002681145055909059,6.353648180647187E-13,8.22109464206294E-12
11958.0,0.9923931239170098,0.007606875687495522,3.8633662330255393E-10,9.158068598109242E-12
12729.0,1.2090964034239504E-5,0.0012257128890145225,1.738523372087369E-14,0.9987621961469338
12458.0,0.9984770689457464,0.0015229310456187494,1.5930801740675712E-15,8.633355946984011E-12
12197.0,0.9834217207926836,0.016578279207316086,2.0948848606552754E-16,7.443501844717122E-17
11651.0,1.0,3.0533647877139074E-17,2.3578273473749493E-21,8.232875475212882E-20
11408.0,0.9076469674203432,0.09235303251258282,1.480778407983179E-13,6.692583033312548E-11
11014.0,0.9984113262811869,0.00158867370480134,3.895074673702889E-15,1.400787042591879E-11
11865.0,0.9950845345821262,0.004915465417873855,6.255335731813598E-26,9.816778685090585E-20
12630.0,0.9999999999999951,3.1708437127398E-26,3.3098087251296164E-15,1.5347556949683222E-15
12357.0,0.9932186950900721,0.006781304078271373,2.1685518721868338E-18,8.316563954675016E-10
12106.0,0.9870572548130855,0.01294274518691347,6.311944503864296E-19,1.1138150773948538E-15
11628.0,0.9999999999868887,1.2951430198368596E-11,2.1538289676085815E-17,1.5990404136598014E-13
11391.0,0.09476060095770036,0.9052393990379521,4.346128174157199E-12,1.3243999147979644E-15
11563.0,0.995243945804342,0.004756052857687529,1.222747707828539E-15,1.3379691059323338E-9
11320.0,2.2309774773190646E-4,0.031179387539438552,2.1598919205831526E-19,0.9685975147128295
12561.0,1.4099784066170428E-31,3.7959374311050453E-10,0.999868415574401,1.3158404600535176E-4
11806.0,0.42871744453055555,0.5712825554477716,1.4809904155484627E-18,2.1672924576488812E-11
12045.0,3.966943999618955E-31,0.34679736679930806,1.7684759939837213E-27,0.6532026332006919
12290.0,2.831932577067631E-42,5.554958301742154E-22,1.0,6.974317404344531E-24
11073.0,0.9999999999999978,3.138372547048199E-16,5.250638276647428E-17,2.0174295242131864E-15
11716.0,1.0,3.5442333475672813E-41,1.3417650086603219E-18,4.8395559495366257E-23
11479.0,0.9955128320819628,0.004487167912634018,6.786802741670377E-20,5.4031224306512316E-12
12017.0,0.11184769668656434,0.8881523033134355,1.344732314500169E-23,1.955399059744343E-18
12258.0,2.8263727579844128E-5,0.0014161719499210723,0.9884994020188211,0.010056162303677835
12525.0,1.0,9.158821769158138E-29,1.3137257866330702E-35,1.002953123893542E-25
11182.0,0.8780622196225784,0.12193778036809223,7.724083760659075E-15,9.321699290380226E-12
11509.0,0.9496378745643282,0.05036212543567153,4.925483301039711E-18,1.0950236960095355E-16
11750.0,0.9973899070153014,0.0026100929546855407,5.573839632988827E-16,3.001259381545877E-11
12495.0,1.881436880636887E-18,2.093817573973578E-14,0.002227773465633204,0.9977722265343458
12224.0,0.9988427269608237,0.0011572730391551358,9.60804093692445E-19,2.1334850869537486E-14
11987.0,0.9951346632351487,0.004865336764600999,2.2471245167210371E-13,2.5689790506543865E-14
11148.0,5.009575663006742E-8,4.833949757744968E-7,2.1342687584947418E-4,0.999786039633418
11290.0,0.9296332687771434,0.07036620264116013,3.7692161246508485E-14,5.285816586222716E-7
11529.0,3.527836327807382E-23,1.0,1.225060526676463E-18,4.843169951922964E-18
12320.0,0.9469225737816342,0.0530774262183656,6.397779216617071E-26,1.7638575202575348E-16
12079.0,0.9999999999999989,1.0624722035588056E-15,2.1416089993484452E-23,1.9138586031241717E-21
11836.0,0.9552258630285859,0.04477412193614557,1.503526777900247E-8,8.336505044489041E-16
12595.0,0.712497834207409,0.28750066909737987,6.122365666284081E-16,1.4966952103722797E-6
11107.0,0.9985037972725844,0.001496202724356178,6.514129356247164E-17,3.0594938057284993E-12
11927.0,0.9999999999964129,3.446039404159048E-12,9.147034837581229E-20,1.409187816740128E-13
12696.0,0.9768305228604359,0.02316947713955561,1.521165934051677E-16,8.326008085590526E-15
12427.0,0.9982855406550263,0.0017144593412227623,5.847557038183731E-14,3.692409410595799E-12
12164.0,0.9980796020312126,0.001920397968787165,3.216549048170944E-17,1.3200510314609177E-16
11682.0,0.007618621514813943,0.9923666599612624,1.4718523923459865E-5,1.9442957368971755E-18
11441.0,0.008057163889996492,0.9919428361100036,3.060396492089774E-31,1.0675485009033934E-17
10971.0,2.242181480019356E-4,0.999772383149496,3.398576429983691E-6,1.2607194936261646E-10
11208.0,0.9999965042636847,1.4579899304580791E-28,3.4957362390508598E-6,7.610090075576896E-14
11896.0,0.3757618186096434,0.6242381813903379,2.3552301321583618E-17,1.8751066892318242E-14
12663.0,0.9769914867562711,0.023008513243699433,2.695546433664268E-19,2.947687666985145E-14
12388.0,0.8441958029838007,0.155804197016181,1.5572050543401872E-23,1.8350704242808886E-14
12139.0,0.9999999995955104,4.501082166723726E-20,4.044896513628733E-10,4.215768853014937E-20
11597.0,1.0,2.524114748444718E-28,1.1878142175724654E-22,8.685151355927448E-25
11358.0,0.8769400474412425,0.12305995255866042,6.265916129649576E-26,9.69748366076637E-14
11047.0,1.0,3.6166838889784803E-22,5.31148957184399E-25,4.787461726111396E-26
12105.0,0.13826139168210036,0.8617386057853056,1.3173005715812574E-16,2.532593848000829E-9
12358.0,0.9545238111038185,0.04547597644471477,2.124514645302798E-7,2.4158604346446175E-15
12629.0,0.9956850468293973,0.004314953169627596,2.694894516644306E-17,9.752329266603312E-13
11866.0,0.9847840502060423,0.01521594979268678,1.0435134521716113E-19,1.2707950340482393E-12
11388.0,1.0,3.5032433509777005E-25,5.4464187268818036E-18,1.7051185535981783E-17
11631.0,0.8599722270763034,0.14002777292369661,4.044919771270768E-31,3.6705547528907773E-22
11013.0,0.9980517396804375,0.0019482603150736343,2.1059909797765934E-17,4.48904477783883E-12
12198.0,0.5007158648369319,0.49928410664577,2.6153106263641357E-8,2.3641919051203874E-9
12457.0,0.9926883101521901,0.007311689847762989,1.6842678220106746E-18,4.7056339632983555E-14
12730.0,0.9999999999677289,1.7739702849109244E-14,5.3782542793208764E-18,3.2253216316308755E-11
11957.0,0.9999999999998339,1.4765460085988814E-13,1.3773480773265176E-15,1.7095112278242153E-14
11411.0,0.9326199627495082,0.06738003724897247,1.204042981879719E-27,1.519296273600486E-12
11648.0,0.9886715246239635,0.011328475376035988,1.484752235792259E-17,4.937000073215192E-16
11242.0,0.9314222827651975,0.06857771722732603,1.020222995459978E-31,7.476480697737086E-12
11001.0,0.9728741063615592,0.02712589362937822,9.059615827625059E-12,2.8340975459745612E-15
11072.0,0.9862473531462355,0.013752646853743514,2.1055131506968308E-14,4.090811332425894E-18
11562.0,1.540821359402869E-4,0.905618584153639,0.09422733371042077,5.3974844022373316E-17
11321.0,0.043299610793782584,0.9567001079826122,2.8122360522330904E-7,1.4674270603039647E-18
11807.0,0.9967720614276739,0.0032279385622081646,7.710266610384373E-18,1.0118044199981592E-11
12560.0,0.9979232238157978,0.002076776184115541,2.851795299367185E-14,5.802302437590669E-14
12291.0,0.9422688341758338,0.05773116582416582,5.549932552150975E-23,4.3158433804598233E-16
12044.0,0.9999999999999984,9.678701358574701E-20,5.231259578265203E-20,1.5070909279967398E-15
11183.0,0.9930086291007767,0.006991369557116491,1.735617724940094E-15,1.3421050010753777E-9
11717.0,0.9999999999993372,6.628159362716924E-13,1.9339328215306667E-21,8.45665307582824E-18
11478.0,0.9913761413263045,0.008623858673695601,1.086495684289974E-34,1.1508376871826786E-19
12016.0,0.0022998899116840935,0.001309252964310545,1.2061011978939301E-15,0.9963908571240042
12524.0,0.9910438964043575,0.008956103595484577,8.414256994710377E-14,7.364869986029458E-14
12259.0,0.9999999999999933,2.456604676016719E-16,9.890054275825036E-25,6.447516266432659E-15
11149.0,0.9956698684753751,0.004330030492849018,9.904100017700674E-8,1.9907757306653074E-9
11508.0,0.9919930844963708,0.008006915503629105,1.360579641183432E-26,8.300169224646687E-23
11751.0,0.998762503297132,0.0012374966659233903,1.9772904636346358E-11,1.7171610034806516E-11
12225.0,0.9085204171818588,0.09147958281813955,1.9146978717589202E-22,1.7112349860474644E-15
12494.0,0.9999999874159181,1.6013717849814397E-14,1.7807221929855157E-20,1.2584065810345184E-8
11986.0,0.92206937938718,0.07793062061280946,6.629392147107757E-15,3.9149217019420815E-15
11106.0,0.9884624436611126,0.011537556338751292,1.3617403571722348E-13,1.0163330147748985E-19
11291.0,0.9980182033426067,0.001981796657249963,7.758049411237355E-16,1.4251707318446998E-13
11528.0,0.9823393890903651,0.017660610909633324,2.5629123971584507E-24,1.6005822512901306E-15
12078.0,0.9996218588001216,3.7814119749570184E-4,5.030760074766526E-13,1.8795853392964406E-12
12321.0,0.99999998273006,8.675613785863506E-13,1.7269070791131204E-8,1.8315441376689596E-15
12594.0,0.9942702712936743,0.005729728706307946,3.0697903264655958E-18,1.7655101356555113E-14
11837.0,0.9999965627769571,5.87937533853734E-10,7.184675591858156E-13,3.4366343869749534E-6
10970.0,0.10828638657929306,0.8917136134207068,7.290783248033879E-21,1.0211460837614594E-16
11209.0,0.9993171597571349,6.828374799589425E-4,3.5057779983539446E-12,2.7594006079991996E-9
12697.0,0.9967720614276739,0.0032279385622081646,7.710266610384373E-18,1.0118044199981592E-11
11926.0,0.7709269401801949,0.22907305981980505,1.9000316068742986E-24,7.79659020126778E-18
12165.0,0.9999976740956342,4.369489629940424E-14,1.6238166362192727E-7,2.16352265850815E-6
12426.0,0.9755637357089001,0.0244362642805865,7.348985894024184E-28,1.0513370746727683E-11
11683.0,0.9874988506098183,0.012501149390181161,3.592195036744366E-16,8.064860003249368E-18
11440.0,0.7267816133924282,0.2732183866074655,3.522291116887562E-23,1.063369168354411E-13
11046.0,9.790796356712497E-26,0.9917334357559744,3.6338066297132375E-19,0.008266564244025503
12662.0,0.8232893021445051,0.16644617602896095,0.010264515904486364,5.922047535527893E-9
11897.0,0.7686419326620175,0.23135806733796166,9.99723500911934E-22,2.080730247284848E-14
12138.0,0.001800041034886069,0.8463015713603245,1.3331535207870488E-10,0.151898387471474
12389.0,1.0,8.307967652441813E-74,7.335469524821534E-28,1.5213312981654884E-34
11596.0,0.9948703186914599,0.0051296812874005214,3.252913504518422E-22,2.1139584681335248E-11
11359.0,0.7534540221485524,0.24639980966707944,1.4616682356178643E-4,1.360806262170471E-9
11012.0,0.3285166525783603,0.6714833474216112,7.038714784430282E-20,2.8428607309786425E-14
12359.0,0.9812329949876617,0.01876700501232553,2.4943887282791162E-15,1.0531650174307974E-14
12104.0,0.9984113262811869,0.00158867370480134,3.895074673702889E-15,1.400787042591879E-11
11867.0,0.9999999999998888,3.4049325443220835E-18,1.112378369968753E-13,1.618057351236867E-23
12628.0,0.9999999999426108,1.7647806864812133E-44,5.738913441263397E-11,2.908471413197533E-17
11389.0,0.9967720614276739,0.0032279385622081646,7.710266610384373E-18,1.0118044199981592E-11
11630.0,0.7836860714194762,0.21631392800117422,5.793416289097488E-10,7.830269253969048E-15
11243.0,0.004236478535364328,0.9957635149771908,6.487441645077799E-9,3.079733656176666E-15
11000.0,0.9986203904201074,0.001379609578708818,2.968612610931593E-17,1.1836271520123576E-12
12456.0,0.8688119995145858,0.13118800048541393,1.7666889592725656E-29,3.738558025408392E-16
12199.0,0.945202493329852,0.054797506670136734,8.225946823540292E-18,1.1390489286067107E-14
11956.0,1.0,7.069923453030442E-32,2.2378288859119917E-19,5.634347600042945E-17
12731.0,0.2898846898602348,0.710115307776677,2.802016695503718E-11,2.335068043795695E-9
11410.0,4.791954803614887E-9,3.3113512581163646E-23,0.9999999952080378,7.271008593460646E-15
11649.0,1.0,2.8998888078843976E-17,5.201972422613547E-25,9.261377157017045E-25
11834.0,0.5926010319411819,0.407398968058818,5.065665156646948E-22,1.545733715725587E-16
12597.0,0.9524255348053721,0.04757446519435331,9.62279339660166E-21,2.7479322704895286E-13
12326.0,0.011558337344104379,0.9881367579797528,1.2356293054958951E-8,3.048923198498241E-4
12073.0,0.9808355786057666,0.019164421394232047,1.1535882975025656E-20,1.2665229153717797E-15
11535.0,0.9979437040469914,0.0020562959530084344,1.5406731868814912E-24,3.183635601806236E-16
11292.0,0.998308811249996,0.001691188748485702,1.0528943759254285E-16,1.5181442114757715E-12
11109.0,0.8241022472402002,0.17589775275979985,9.892523086204732E-19,5.789997288036972E-18
11989.0,0.8021638701114506,0.19759586647183866,2.4026246518545882E-4,9.515252548683122E-10
12489.0,0.9620488847285474,0.037951115271452604,3.891861732132398E-20,9.329469298321818E-17
12230.0,0.999969656455315,3.0343543687419918E-5,1.139942661683759E-14,9.862510647709411E-13
11744.0,0.9730532485607896,0.026946751439169393,7.597153820502212E-19,4.105851355457027E-14
11507.0,0.9719560021810203,0.028043997818976922,4.63404708406284E-24,2.8462345328635853E-15
11146.0,0.9686451450245909,0.031354854970520804,4.602041397714737E-16,4.887921417865203E-12
12260.0,0.9985001177540694,0.0014998822444461154,4.3851066245209827E-16,1.4838975021535445E-12
12523.0,1.0,9.878242743138274E-17,1.6968264592598636E-24,3.1396150739336364E-25
12023.0,0.10363482234975548,0.8963651776502446,3.8906723485148094E-35,1.0486156574063084E-27
11473.0,0.9924947404496716,0.007505259550250854,2.617167905114547E-16,7.737848278512344E-14
11714.0,0.7459290450323467,0.25407095496720555,2.529371067770237E-19,4.478816084131032E-13
11176.0,0.9749886577165974,0.025011342283333782,2.2941863596686134E-16,6.861446481114307E-14
12043.0,0.9465196393220358,0.053480360353284774,3.9810460577963167E-19,3.2467948587377863E-10
12292.0,0.997261483085644,0.0027385169143489575,8.68237463673284E-21,7.169636262717937E-15
12567.0,0.08531832264882523,0.9146816773510784,4.0212490554575216E-19,9.629093172260621E-14
11800.0,0.975306559991021,0.02141768443216789,0.0032754736658228427,2.819109881177625E-7
11326.0,0.9864909708400867,0.013509029159861217,9.56940633218652E-19,5.214563534242598E-14
11565.0,0.08809180329345541,0.9119028208195962,5.437487121219477E-18,5.375886948289772E-6
11079.0,0.9936013797727167,0.006398620226393468,1.2219473186847273E-17,8.89758377333741E-13
11654.0,0.8959901159505859,0.1040098840406582,8.75075086005498E-12,5.088149389150214E-15
11413.0,0.978838124035531,0.02116187596293266,1.4663460659115302E-12,6.971517217202009E-14
12732.0,0.8972283829648298,0.10277161703509353,2.969501847461366E-15,7.379907007107036E-14
11955.0,0.9966721137372099,0.003327886252527072,1.0000333406796817E-11,2.6264356062760314E-13
12192.0,0.995890077524234,0.00410992247570409,1.9015801946006165E-19,6.191145761397421E-14
12463.0,0.9967720614276739,0.0032279385622081646,7.710266610384373E-18,1.0118044199981592E-11
11007.0,0.9888341068215764,0.011165893177276547,1.4564705663860034E-37,1.1472163573857601E-12
11244.0,0.9825161255276931,0.017483874472307034,1.2187756718460554E-34,1.5140554174857235E-18
11625.0,0.8759399453755776,0.12406005462127118,5.091775309863956E-33,3.151173624930236E-12
11386.0,2.43116567643766E-4,0.9997568834323559,6.892532702178175E-39,2.355172482184291E-16
12627.0,1.0,3.362319743330513E-32,2.986310261045392E-18,3.7272962575886563E-20
11868.0,9.271334425656755E-8,0.006373848820581507,0.013561950330962571,0.9800641081351117
12111.0,0.9964249066654165,0.003575093334579494,9.781034793927301E-21,4.0028108330948014E-15
12352.0,0.9773343137614537,0.022665686238546277,7.222652045911798E-40,2.1026802210120718E-23
11011.0,0.9975149512292422,0.002485048770601495,1.9119758879655388E-16,1.5612649791376743E-13
11352.0,0.9984113262811869,0.00158867370480134,3.895074673702889E-15,1.400787042591879E-11
11595.0,1.0,1.0053026407208306E-19,8.624738115727065E-29,1.5946242748018007E-28
12386.0,0.9911600152724306,0.008839970565316662,1.4161951147105367E-8,3.0140357026606495E-13
12141.0,0.07308228006168718,0.9269177199382521,2.2416317029693164E-30,6.081530710042094E-14
11902.0,0.995640955573252,0.004359038448064635,7.725405385140812E-10,5.206142825724514E-9
12657.0,0.9360071293422891,0.06399287065767727,2.7607670057890332E-14,6.092125696690961E-15
11041.0,0.21865407031910122,0.7813459296808989,5.020262901434312E-35,4.920826986542252E-17
11447.0,0.02322861132703471,0.9767668929242935,1.5603189171435987E-9,4.494188352774085E-6
11684.0,1.0156334481871167E-29,1.0,1.3142404289802122E-53,1.2734951754460988E-38
12429.0,0.9942968109273543,0.005703189072644401,4.06743054455992E-23,1.222750314296673E-15
12162.0,1.0,2.336907334121326E-64,1.2448634948914349E-23,2.2151981539928195E-29
11921.0,0.9978197937266732,0.002180206271790411,7.277581683850009E-16,1.535594384898224E-12
12702.0,0.9933443525585026,0.006655609634005883,3.780744935016049E-8,4.202802713461288E-14
11214.0,2.2581598010722548E-5,0.9999774144731111,8.105688523573568E-10,3.1183092606457234E-9
10973.0,0.9999780369461693,2.1963053830279867E-5,1.2538472691854068E-24,4.4347685696839757E-16
11108.0,0.1945140742203526,0.8054859257639259,1.5684905233285246E-11,3.668747254860648E-14
12596.0,0.9996402062652935,3.5979373253348706E-4,1.2263805510607824E-12,9.465842705066566E-13
11835.0,1.0,2.490708245640504E-61,4.4613535170265586E-32,4.14997143552183E-28
12072.0,0.4259839473255653,0.5740160519472715,1.4670785535543216E-14,7.271485438718341E-10
12327.0,0.9416398181551143,0.05836018184379484,3.049840877923713E-17,1.090793307823262E-12
11534.0,0.894972187763751,0.10502779958335569,1.416330623597798E-15,1.2652891997265183E-8
11293.0,0.24632220188540369,0.7536777981122755,6.539331503812515E-13,1.6668582372674262E-12
11147.0,0.9752716942316547,0.024728093541295577,1.3594513434828459E-14,2.1222703621347103E-7
11988.0,0.9848213777155964,0.015178622284403644,7.174244085549561E-21,5.01318747358332E-19
12231.0,0.10636480345696976,0.8936351965430293,9.1319187302378E-16,4.3985802702815755E-17
12488.0,0.32911922328080206,0.6708807631039886,1.361275517628702E-8,2.4542641104486418E-12
11745.0,0.9806000014734076,0.01939999852650119,1.3618439307044962E-14,7.747047575617544E-14
11506.0,2.8250847068482377E-28,1.0,4.44239785471877E-47,6.180751451861246E-37
11177.0,1.4673602348772164E-16,0.9999999999999838,1.5970115571370914E-14,2.4218483172449233E-18
12522.0,1.0,5.922207231181771E-63,1.2669121460148027E-28,2.0906548969701806E-30
12261.0,0.2431659185838768,0.7568017311368614,1.009582079499279E-23,3.235027926177652E-5
12022.0,0.7569604639087868,0.24303953609002982,7.522588629920757E-13,4.31096443952263E-13
11472.0,0.9932082032592617,0.0067917967407382,5.595340893464287E-37,3.3069372962258394E-19
11715.0,0.9937236105476522,0.006276389452346276,1.5103688615017268E-15,1.6068062550566566E-17
11078.0,0.21971142751628206,0.7802885717653338,3.8806599826756784E-20,7.183840415066846E-10
12293.0,0.9963919727300219,0.0036080249262392984,1.6002846621819644E-10,2.1837103178025574E-9
12042.0,0.9869354666244574,0.012674273497108281,2.0205233067082082E-21,3.902598784343699E-4
11801.0,0.7620854323446692,0.23791456765491636,8.92011883773447E-14,3.253084585942851E-13
12566.0,0.992016805201353,0.007983194798638368,4.1208421718780124E-19,8.613062446868793E-15
11327.0,0.9934739797149748,0.006526020285020768,7.751547736655267E-24,4.3447279275480565E-15
11564.0,3.914543790358626E-9,7.459495222475989E-17,2.080768229066516E-15,0.999999996085454
11006.0,0.7886164115111125,0.211383588478861,9.997605995545814E-12,2.8825192833196305E-14
11245.0,7.489999921875661E-56,0.9999999999406113,5.938865260382909E-11,1.0370020010552825E-38
11655.0,0.498249269417965,0.5017507305813332,1.6137094532118983E-21,7.017638626144109E-13
11412.0,0.99797121400368,0.0020287859963200117,8.625483369033883E-22,1.2056270382194512E-19
11954.0,0.9868763922529724,0.01312360774595722,1.0494263252910793E-12,2.1015375657396123E-14
12733.0,0.9999999999999996,2.248749905906237E-17,7.184398192200589E-20,4.2676178620768203E-16
12462.0,0.4970895840390677,0.5029104159609303,6.52323347013146E-27,1.92800633620122E-15
12193.0,0.9928965760789125,0.007103423921082314,3.273001746693171E-15,2.0383101059809006E-15
11010.0,0.9507235123693997,0.04927648763060018,5.196268076833994E-19,3.14139582067441E-16
11624.0,0.9977339018996471,0.0022660981002947046,7.929581466380085E-15,5.0300170209766576E-14
11387.0,0.02239747777279741,0.9776025222272025,3.1477280682763625E-30,4.8668499095143E-29
11869.0,0.9549639170454747,0.028404921483175277,0.016631150792802755,1.0678547227114488E-8
12626.0,1.0,2.001498373019649E-18,4.727605228474345E-17,5.981203442060097E-18
12353.0,0.8246577855265087,0.1753422144734911,9.078889643467413E-20,2.511137637844721E-16
12110.0,0.9657635906620563,0.034236409337943696,4.2063963066273677E-26,8.084619766337422E-21
11040.0,0.9965718542286777,0.0034281457712184815,6.727809904383549E-16,1.0332281472069163E-13
11353.0,0.9273459559651429,0.07265404403485584,5.1482280881150935E-24,1.3280425221552178E-15
11594.0,0.16791756057645324,0.8320822165632585,1.6017181936316711E-7,6.268846877074948E-8
12140.0,6.258329644688791E-21,2.9327953475769985E-12,2.82034211906601E-13,0.9999999999967852
12387.0,2.5824589296338367E-6,0.7372478884838374,0.2627495290572292,3.725514349049626E-15
12656.0,0.035387939012660366,0.9646120586312572,1.7554163543217392E-13,2.355906898938987E-9
11903.0,1.1244515289058629E-47,7.780247974070789E-46,1.0,2.9858339344750223E-24
11215.0,0.5721726417295951,0.4278273582703822,1.414081319582794E-15,2.129664412610405E-14
10972.0,0.7692439454878344,0.23075605451189576,1.9665467256977056E-18,2.699050228791462E-13
11446.0,0.9918924052063846,0.008107594623224565,3.284048641701748E-15,1.7038767069011692E-10
11685.0,0.9999999999999407,5.815185065235044E-14,1.2830654024654517E-27,1.1563091439381915E-15
12163.0,0.4197176339731749,0.580282366026825,4.261416145886642E-30,1.5981355260066525E-18
12428.0,0.6332162421513207,0.3667837578486792,5.146104145889193E-23,1.5798533654279946E-16
12703.0,0.998824214874635,0.001175785125290267,3.799482401876154E-15,7.08940452197567E-14
11920.0,0.9999999999999998,2.2902324004427657E-16,4.6458484733527177E-17,3.8891998110613475E-18
12491.0,0.023531969190950998,0.9764680308012736,1.3698511327022292E-18,7.775303873204865E-12
12228.0,2.7960055906814327E-5,0.9990232796135177,1.9264972551285448E-16,9.487603305752692E-4
11991.0,0.9667414877114219,0.03325851228817033,9.466226896708183E-31,4.0792170839182134E-13
12760.0,0.7137107218136203,0.28628927818637967,2.592739459719884E-23,6.785056185540702E-20
11505.0,0.945390724979223,0.05460927498589306,6.4481764252595275E-31,3.4883974673604644E-11
11746.0,0.9676578317784885,0.032342168221267883,5.519050176766212E-23,2.4363064129303423E-13
11144.0,0.9522916412937823,0.04770835870619743,1.9376714951442528E-14,8.796806695957209E-16
12324.0,0.9999999999999993,6.870696891928931E-16,1.5826394203573246E-22,1.1368398265981545E-21
12075.0,0.9912668106757314,0.008733189324253505,4.89099584768958E-18,1.5277507734090403E-14
11832.0,0.9739552594164516,0.02604474057823096,1.1224044642415355E-18,5.317511251350823E-12
12599.0,0.9999999999754812,2.4518755485874646E-11,2.034665653085059E-22,2.436613029479978E-18
11294.0,0.9999999999989966,9.540297099084005E-13,1.4877349589911483E-20,4.923763267499468E-14
11533.0,0.9844785478172394,0.01552145218239575,1.3065096645473928E-21,3.6473634166247147E-13
11111.0,0.9915103830526792,0.008489616947259984,9.667372572432263E-21,6.0660416278908E-14
12565.0,0.9999998804800218,1.5444391286597814E-17,9.434639532041146E-8,2.5173582867183375E-8
11802.0,0.9716507510697416,0.02834924890927839,1.246905018420405E-28,2.0979899752423003E-11
12041.0,0.9957775233491222,0.004222476650375651,2.5806740561443223E-18,5.021666693190021E-13
12294.0,1.0,2.4225199443016593E-82,1.9366204088703047E-33,1.022903643798613E-40
11567.0,0.9690220178180778,0.030977982181922038,5.08081611604577E-25,6.316709677211733E-19
11324.0,0.9806865609309771,0.019313439069020947,9.004256068980076E-23,1.9523442234950846E-15
11077.0,0.985959308212637,0.014040691787362983,2.98568275158409E-23,4.928078546366792E-19
12021.0,0.0032780374129280105,0.9967219625865795,4.602465969157298E-13,3.219638008806914E-14
12262.0,3.4775992857001164E-14,1.3401173931340742E-12,0.9999999999887772,9.847981622713358E-12
12521.0,1.0,1.547252514234462E-19,1.9504166126613808E-35,1.0321686610861354E-29
11712.0,1.0,4.4599580589081356E-18,1.7045074905897968E-20,3.174421615921119E-19
11475.0,0.9924306813635544,0.007569318636402702,6.967376233367367E-19,4.307279472832207E-14
11178.0,0.9421736081151345,0.0578263918848654,2.4617952957042207E-22,3.164808993192699E-18
11384.0,0.9875051617739483,0.012494838225977835,1.7152297806923788E-18,7.394860975427753E-14
11627.0,0.9465977678137619,0.05340223214850115,1.04472569411781E-25,3.773700728303532E-11
12109.0,0.9928105640592884,0.007189435940711411,1.5278175692711317E-19,1.4637651422099262E-16
12354.0,0.9129310331150923,0.08706896688305468,1.1676023616062282E-13,1.7362147736290833E-12
12625.0,0.14032681307484235,0.8596731869251573,1.1856753828525229E-32,3.2861115493400017E-16
11870.0,0.9987248795036969,0.0012751204962505645,1.7029319833176185E-18,5.255380290650475E-14
11009.0,0.9978197937266732,0.002180206271790411,7.277581683850009E-16,1.535594384898224E-12
11415.0,0.986769549074649,0.01323045092535087,3.9800962836631896E-17,2.981517843996877E-16
11652.0,0.9984686499102686,0.0015313500891964993,1.713095927958917E-16,5.348448846399661E-13
12194.0,0.9705793838079942,0.029420616157910126,4.137840045933563E-13,3.3681876104054226E-11
12461.0,0.5834277435383531,0.41657225646099366,5.364363451965552E-29,6.531663214532581E-13
12734.0,0.3144154887522207,0.6855845112472335,6.615974589413416E-16,5.451638454292356E-13
11953.0,7.531566821065847E-5,0.9999246832800142,1.0868767487916366E-13,1.0516663429023261E-9
11246.0,0.9999999999999805,4.737311249933739E-16,6.070563460503297E-20,1.9024028657325365E-14
11005.0,0.9851981442137823,0.014801855756246533,3.368755473666275E-21,2.997107601472092E-11
11686.0,0.9967542688406276,0.003245731158250961,6.80099732116866E-18,1.1215234109936387E-12
11445.0,0.9012172533335636,0.09878274665338735,1.2562995684837189E-14,1.3036320735323964E-11
11923.0,0.9087459389335579,0.09125406106644178,9.925593838315268E-26,2.629416720902555E-16
12700.0,0.9871683271783587,0.012831672821631609,2.7369334786054385E-16,9.378082259405185E-15
12431.0,0.9855743533213257,0.014425646678670396,2.968742111936992E-19,3.86367956489769E-15
12160.0,0.9811781156824743,0.018821884317271012,1.1132243543405243E-18,2.5463740247808986E-13
10975.0,0.9949229463196051,0.005077053678897742,6.087764786112428E-26,1.4971192981597493E-12
11212.0,0.41413047068586306,0.5844338125388194,2.8118437240869266E-9,0.001435713963473798
11593.0,3.082806260536085E-5,1.672521103982001E-18,0.9999691460993992,2.5837995345456996E-8
11354.0,0.9910756567403795,0.008924343259620432,8.838318012432835E-21,7.48542565180724E-18
11900.0,0.992248922787627,0.007751077212370996,4.487772989931202E-20,2.003437155184932E-15
12659.0,1.0,3.818930373303349E-36,9.074662277741429E-25,3.646879852643788E-24
12384.0,0.9927223946612631,0.007277605338736864,2.705215305509788E-21,8.747316360994784E-22
12143.0,0.9204661496269737,0.07953383330226392,5.574152710513987E-13,1.7070204884187424E-8
11043.0,0.6343478625521534,0.36565213744783664,1.3389831397688925E-27,1.0032579983359172E-14
11145.0,0.9967720614276739,0.0032279385622081646,7.710266610384373E-18,1.0118044199981592E-11
12229.0,0.8935302004756097,0.1064697995243892,2.3328402312812818E-18,1.1499371360399236E-15
12490.0,0.9295634691762349,0.07043653081577292,2.0123107415708595E-15,7.990222455191E-12
12761.0,3.0802246599014083E-19,0.9682508453509261,0.011605371213574828,0.020143783435499284
11990.0,0.9999999999999929,2.884440883822943E-51,7.116564748645728E-15,7.735680002698772E-20
11504.0,0.02561225475622529,0.9743877451639315,2.192083290474557E-11,5.7922470754675844E-11
11747.0,0.9064202419041767,0.09357975809582335,5.49250693041079E-27,6.409729583527857E-21
11110.0,0.930175192984572,0.06982480701535865,1.3912879823154306E-16,6.923577031538742E-14
12074.0,0.9999999999999993,6.807165038414613E-16,2.9535850912334267E-25,1.561657091744445E-18
12325.0,1.3040056766775236E-17,0.9942641830167906,0.005735816983209458,3.5153156630251577E-22
12598.0,0.989330261747931,0.010669738248533893,1.0105694872973835E-17,3.535083209340351E-12
11833.0,0.18877557010005086,0.8112244296290941,1.2013341013109198E-15,2.708538196568251E-10
11295.0,0.9999355013561135,6.449864388648915E-5,1.699391425528813E-22,2.1623427278911088E-17
11532.0,0.9620277408472111,0.037972259064586726,5.082825241145308E-12,8.31191969827891E-11
11076.0,0.9600554817073006,0.03994451829268761,2.368459839693799E-22,1.1760447232348972E-14
11803.0,0.66410527910073,0.33589472089926997,8.217702785266533E-21,8.763037725397758E-18
12564.0,0.9984113262811869,0.00158867370480134,3.895074673702889E-15,1.400787042591879E-11
12295.0,0.997636108643783,0.0023638913383487344,1.2492717981259876E-17,1.786820652564307E-11
12040.0,0.9659446364146027,0.03405536358539719,1.1577769558310274E-20,3.016030551305812E-16
11566.0,0.6851055535666801,0.3148944464332393,4.8996765826941026E-15,7.578994700295704E-14
11325.0,0.9987994413075493,0.001200558692238239,5.3890372878715684E-17,2.1245982118940852E-13
11179.0,0.7942857906711596,0.20571420932830126,1.4441866429831588E-23,5.391041065820413E-13
12020.0,0.2284595691306747,0.7715404308693253,1.8845136464816597E-21,6.789936252094982E-17
12520.0,1.0,5.880863977000705E-17,6.525565060126436E-19,6.931864438754282E-22
12263.0,0.9999999999989886,7.413660624409782E-13,3.141978426111319E-17,2.7010202718061267E-13
11713.0,0.9960840525407069,0.003915947459137928,3.240962769542554E-15,1.5197241299881234E-13
11474.0,0.7158528464882103,0.284147153511789,1.3407418527768782E-20,7.009804981867382E-16
11008.0,0.9553690804958644,0.044630919504112354,2.2111153361229873E-14,1.0404933129605327E-15
11385.0,0.997636108643783,0.0023638913383487344,1.2492717981259876E-17,1.786820652564307E-11
11626.0,0.995243945804342,0.004756052857687529,1.222747707828539E-15,1.3379691059323338E-9
12355.0,0.9910693366674284,0.00893066333256211,2.4843556799081355E-23,9.567183246510634E-15
12108.0,0.9559428574634098,0.044057142536588045,1.4114252156606512E-23,2.0219710311211597E-15
11871.0,0.9999999999999989,1.4510212147227624E-36,1.0565171943805897E-15,1.9805306121441134E-17
12624.0,0.902317647165987,0.09768235283400836,1.0655959919389398E-24,4.700772960472904E-15
11247.0,0.9999980238359539,1.642728186929654E-14,1.9761312189427917E-6,3.28106148193235E-11
11004.0,0.9849431027306946,0.015056897269286005,1.3174272852587963E-21,1.9160373609418506E-14
11414.0,2.4779715536416804E-5,0.0010405654533755717,5.030404743233903E-16,0.9989346548310875
11653.0,0.9971499054077686,0.0028500945922313383,1.022052489281761E-31,1.3370389416986384E-16
12460.0,0.9963742092962837,0.0036257907037161386,5.706382739412856E-28,3.2081947488670335E-16
12195.0,0.990446258029294,0.0095537419707061,4.1754114984309176E-21,6.552031897134038E-18
