11477.0,0.986218745556093,0.013724833706883693,5.636649137301277E-5,5.4245650351876375E-8
11718.0,0.9405185359529498,0.05906986720220853,4.082292636561049E-4,3.367581185624416E-6
12256.0,0.44220943773943605,0.5441965120348345,0.013586215076579434,7.835149149815518E-6
12527.0,0.9719769108097952,0.02786919073991369,1.538441676146658E-4,5.42826764990875E-8
12019.0,0.927154380160551,0.07223441508873153,6.10178089334714E-4,1.0266613828554405E-6
11180.0,0.9764469707952069,0.02343800692221409,1.1465134204963662E-4,3.709405293698174E-7
11322.0,0.3944842461649536,0.6041185957253167,0.0013970154753564382,1.4263437327451894E-7
11561.0,0.9851741271553668,0.014761656030927741,6.421100667906511E-5,5.8070265157209006E-9
12047.0,0.4947719509441005,0.5022634217138848,0.0029630948238240236,1.5325181904873278E-6
12288.0,0.9923555625782237,0.007618937712477328,2.547995475998866E-5,1.975453881449367E-8
12563.0,0.9823654746810483,0.017550957719028603,8.35556772651272E-5,1.1922658081620977E-8
11804.0,0.14929618884596937,0.8222278446517404,0.028473313109977135,2.6533923132389533E-6
11075.0,0.9519606174698977,0.047745150314180945,2.9401847574229127E-4,2.1374017905346434E-7
11531.0,0.946428158148116,0.05322746107914447,3.4291904232643165E-4,1.4617304129286424E-6
11288.0,0.009565111300595633,0.919346365088221,0.0710672711348812,2.1252476302091222E-5
11838.0,0.16130371384666745,0.5558373279440523,0.28204389730325047,8.150609060299664E-4
12593.0,0.9611938014321766,0.03858292250082915,2.2282636332928118E-4,4.4970366501763874E-7
12322.0,0.9728018158944398,0.02705672444291291,1.4134080194764625E-4,1.1886069972582856E-7
12077.0,0.9499965815905705,0.049692527849860044,3.100817319743272E-4,8.088275951505716E-7
11105.0,0.20509692523913356,0.7927378175337241,0.002164204195328564,1.053031813855752E-6
11748.0,0.9789388090206793,0.020959976382569363,1.0116943144545845E-4,4.5165305847003456E-8
11511.0,0.6035918885819269,0.3941582864115287,0.002248906385048426,9.186214958278425E-7
11985.0,0.4743103955084981,0.28436797788638085,0.24118249623717644,1.3913036794464817E-4
12493.0,0.004265194647476644,0.282057605208491,0.7136703879081011,6.812235931154581E-6
12226.0,0.9404984591762167,0.05912214597114606,3.791421211811607E-4,2.527314559751537E-7
11150.0,0.901502198452966,0.09780589202040278,6.911519576584932E-4,7.575689728983498E-7
12390.0,0.9510817325915719,0.048614344084058944,3.0374320070111543E-4,1.8012366789483265E-7
12137.0,0.9768092668790646,0.023076424006814613,1.1418568494511017E-4,1.2342917569843593E-7
11898.0,0.9797376430069463,0.02016566697200734,9.648586046903603E-5,2.0416057743320637E-7
12661.0,0.9905387153725693,0.009426450996664431,3.4704363352921405E-5,1.2926741338890309E-7
11356.0,0.9834838496798103,0.01644296668073492,7.310994452862948E-5,7.369492605294488E-8
11599.0,0.1156999723259564,0.6244841468926373,0.25970323757530567,1.126432061007613E-4
11045.0,0.9927299773182643,0.007246330578347732,2.3685310837732565E-5,6.792550095398982E-9
12425.0,0.9842402504420051,0.01569066494538863,6.90193857158841E-5,6.522689030125204E-8
12166.0,0.9188667606385502,0.08053491670500383,5.980559846958518E-4,2.6667174990873415E-7
11925.0,0.013960291007368668,0.45407186455894494,0.5318921668451986,7.567758848800973E-5
12698.0,0.9864169555822581,0.013521605111965927,6.102909551104497E-5,4.1021026487557893E-7
11443.0,0.819996739701933,0.17880742112593456,0.0011904332328649488,5.40593926756634E-6
11680.0,0.9843266361442342,0.015605234424690891,6.804392786675198E-5,8.550320812117462E-8
11210.0,0.9712300679882669,0.028616747055584237,1.531347087975493E-4,5.024735121191985E-8
10969.0,0.9242180312184777,0.07527647059424926,5.049578611163799E-4,5.403261569103149E-7
12728.0,0.9819338311255763,0.017984512196378314,8.158172158596558E-5,7.495645951111729E-8
11959.0,0.0517994311611742,0.9481375784008579,5.9161431992412916E-5,3.829005975422685E-6
12196.0,0.34708239141386094,0.6518401331499419,0.001077366199728468,1.0923646879276673E-7
12459.0,0.956424323127151,0.04331169061483138,2.636410304904334E-4,3.452275272734897E-7
11650.0,0.9806209696445949,0.019286061077275936,9.28774312106452E-5,9.184691832810375E-8
11409.0,0.9592413855205321,0.04052156433816416,2.3687739244703348E-4,1.7274885676066776E-7
11003.0,0.09554343645728156,0.8030780821800219,0.10101704359749875,3.614377651977837E-4
11240.0,0.9647492444049728,0.03505120839471025,1.9953392789099747E-4,1.327242591704472E-8
12631.0,0.9816555242527153,0.018260111692070428,8.42915185507132E-5,7.253666358713013E-8
11864.0,0.07018293368522677,0.8736303465464401,0.05618136041408834,5.359354244640993E-6
12107.0,0.7317804724933047,0.24004461348489162,0.028115162708002545,5.97513138011645E-5
12356.0,0.9742042762299158,0.02566410637727142,1.313290203126751E-4,2.8837250015400096E-7
11629.0,0.7598692963742996,0.2384175562029863,0.001711568166499858,1.5792562142730055E-6
11390.0,0.9874950454637335,0.012455241976920826,4.968151460670277E-5,3.104473900573106E-8
11015.0,0.07938939220355998,0.900945623904158,0.019629240316304294,3.574357597764176E-5
11181.0,0.9843266361442342,0.015605234424690891,6.804392786675198E-5,8.550320812117462E-8
11476.0,8.375787514588715E-5,0.013372455403807557,0.05093777900769387,0.9356060077133526
11719.0,0.9819338311255763,0.017984512196378314,8.158172158596558E-5,7.495645951111729E-8
12526.0,0.9861117136594281,0.013830557641243588,5.770663799539465E-5,2.2061332901341012E-8
12257.0,0.2595751144656637,0.7389885965395229,0.001413904092858273,2.238490195506986E-5
12018.0,0.9140899774576131,0.08529845587332449,6.112221121230527E-4,3.445569394348568E-7
11074.0,0.9833182090247542,0.01660837629891342,7.336958676914505E-5,4.508956335028575E-8
11323.0,0.9748736074907628,0.02499467845042205,1.314243396563838E-4,2.897191586407766E-7
11560.0,0.01922499156314407,0.980550729645819,2.2367700002146238E-4,6.01791015436521E-7
12289.0,0.7012333299444033,0.29600002654602176,0.0027036815214080577,6.296198816676088E-5
12046.0,0.9896865716374306,0.01027401287308121,3.9315608300023605E-5,9.988118817121524E-8
11805.0,0.9255420143629504,0.07395485345921618,4.994305799770525E-4,3.7015978562059824E-6
12562.0,0.9789633153245386,0.020932106174844235,1.0419319213002831E-4,3.8530848714852095E-7
11104.0,0.9760882479153602,0.023792988377786522,1.1873684471693043E-4,2.6862136247919833E-8
11530.0,0.9547446355942932,0.0449789675608379,2.7630301813026155E-4,9.382673836847152E-8
11289.0,0.9912046494738536,0.008764483868905893,3.084768243572376E-5,1.8974804791885375E-8
12592.0,0.9656905419768061,0.03411247342023376,1.968938462027714E-4,9.075675727648122E-8
11839.0,0.026313455930894854,0.7721449658425894,0.20153479237617156,6.785850344107276E-6
12076.0,0.9817735123947103,0.018139967488739063,8.618672557002616E-5,3.3339098046057205E-7
12323.0,0.9857327293468806,0.014206970971508864,6.0218770948942176E-5,8.091066178509888E-8
11151.0,0.9811304565797032,0.018781792443378135,8.772181820485002E-5,2.915871377485856E-8
11749.0,0.986218745556093,0.013724833706883693,5.636649137301277E-5,5.4245650351876375E-8
11510.0,0.9841147936756118,0.015816427059636633,6.875420753045223E-5,2.505722094694544E-8
11984.0,0.0013480115233229328,0.9389053971186624,0.05972437641825073,2.2214939763950457E-5
12227.0,0.9840767743352862,0.015855076175585646,6.81310807605646E-5,1.840836744700975E-8
12492.0,0.9822261207815157,0.017693935161983126,7.984623917271024E-5,9.781732846764332E-8
11044.0,0.9736046259167136,0.02625802410143746,1.3682519682930714E-4,5.247850194765551E-7
12136.0,0.9383506851160526,0.061249632590297906,3.9926485174710425E-4,4.1744190219015045E-7
12391.0,0.9617279419129992,0.03804039000883335,2.3101243660726258E-4,6.556415604733119E-7
12660.0,0.9889084321325118,0.011049773535894477,4.1744675432408306E-5,4.965616126532004E-8
11899.0,0.9064780178499725,0.09286169964025971,6.589378056803147E-4,1.3447040874695264E-6
11357.0,0.9649925528591797,0.034805801057932455,2.0117536620514837E-4,4.707166827607345E-7
11598.0,0.977152030168125,0.022699079747470277,1.4879400223933393E-4,9.60821654157371E-8
11211.0,0.41581462096945215,0.5789324127160185,0.0051517879612392415,1.0117835328995308E-4
10968.0,0.9943420519704314,0.005640919470922643,1.6988822078191088E-5,3.9736567754543585E-8
12167.0,0.9155994680536366,0.08379691890065179,6.006010698596733E-4,3.011975851868806E-6
12424.0,0.987276515140165,0.012672765199296627,5.070452831920443E-5,1.5132219100184863E-8
12699.0,0.05682387474183737,0.8634437346663812,0.07907126926310235,6.611213286789849E-4
11924.0,0.9596377252594155,0.0401246507566483,2.3743079356876976E-4,1.9319036747754988E-7
11442.0,0.986218745556093,0.013724833706883693,5.636649137301277E-5,5.4245650351876375E-8
11681.0,0.9945147391680166,0.005468620851043599,1.6634847971679186E-5,5.132967950383442E-9
11002.0,0.976975408377155,0.02291151591715671,1.1304126155079883E-4,3.444413771965996E-8
11241.0,0.9819338311255763,0.017984512196378314,8.158172158596558E-5,7.495645951111729E-8
11958.0,0.9812192956197976,0.0186915725103353,8.892121346448262E-5,2.1065640238470538E-7
12729.0,0.05294574693430995,0.9442818184591794,0.002708074043083399,6.436056342726867E-5
12458.0,0.9844324249991435,0.015500746128864923,6.676066072768894E-5,6.821126387170724E-8
12197.0,0.9840147819227661,0.015915681957978465,6.9519593191726E-5,1.6526063689286285E-8
11651.0,0.9839319980598075,0.015998605362840666,6.929304286645415E-5,1.0353448555393864E-7
11408.0,0.9189715610093263,0.08041420022058746,6.130610593850208E-4,1.1777107012095184E-6
11014.0,0.986218745556093,0.013724833706883693,5.636649137301277E-5,5.4245650351876375E-8
11865.0,0.9410057234828254,0.05861789880394829,3.71852386760313E-4,4.525326465984078E-6
12630.0,0.9827481660103131,0.017174186468231968,7.746045760179094E-5,1.8706385328914926E-7
12357.0,0.9859579281984875,0.013984029563669322,5.79954298232066E-5,4.6808020017896375E-8
12106.0,0.9661141197285832,0.03369714358153511,1.8870644690383495E-4,3.0242978143310485E-8
11628.0,0.9855443524489241,0.014395167761446415,6.03942972306269E-5,8.549239885483723E-8
11391.0,0.9206972995310616,0.07860875412797998,6.93890064886535E-4,5.6276071941513126E-8
11563.0,0.9819338311255763,0.017984512196378314,8.158172158596558E-5,7.495645951111729E-8
11320.0,0.03732290704407306,0.206681727192438,0.744954455538316,0.01104091022517314
12561.0,1.0000135751947556E-5,0.003851254719275658,0.1076604561714185,0.8884782889735539
11806.0,0.014752505201864448,0.9849366719901647,3.092231133877097E-4,1.5996945832764792E-6
12045.0,0.015032406243763398,0.18486665258721213,0.3665722218209627,0.43352871934806175
12290.0,0.008406184832445774,0.6967496600931978,0.29478217463098266,6.198044337364745E-5
11073.0,0.9845797254172461,0.015353611982200949,6.665581616130436E-5,6.78439150496917E-9
11716.0,0.975483066503365,0.02438583072730415,1.3062964028959676E-4,4.7312904127330997E-7
11479.0,0.9835696816238835,0.016358514736235355,7.176150302761206E-5,4.213685366575717E-8
12017.0,0.07503789962041202,0.9248532755260036,1.0871372198847131E-4,1.1113159595794534E-7
12258.0,8.127675120311044E-4,0.03889100037028216,0.40490764577055244,0.5553885863471342
12525.0,0.9787312268985786,0.02116610349262357,1.0263733284227687E-4,3.227595554126962E-8
11182.0,0.9446290335442468,0.05500379404747911,3.6708055131912034E-4,9.185695492544998E-8
11509.0,0.9842806475109575,0.015651330917017033,6.799972038614219E-5,2.1851639329572847E-8
11750.0,0.9674497829793957,0.03237118927084746,1.7881985706329892E-4,2.0789269368377353E-7
12495.0,5.8367823482768575E-6,0.011340230696508533,0.5525456191025668,0.4361083134185765
12224.0,0.9794372317301124,0.020464197806806014,9.851110030170857E-5,5.9362779845655525E-8
11987.0,0.9796280181153654,0.020250115565850976,1.218615692697637E-4,4.749513906396293E-9
11148.0,0.00523233602424294,0.40165074245115473,0.5930580672911068,5.8854233495558286E-5
11290.0,0.9427140494755276,0.0569060470230602,3.798606959652977E-4,4.280544676289967E-8
11529.0,0.04905454283029203,0.8896542241899593,0.061247806209239905,4.342677050869043E-5
12320.0,0.932707776734439,0.06683780969217838,4.541385506656258E-4,2.7502271705488916E-7
12079.0,0.9906165294739877,0.009349929573987418,3.353526535686216E-5,5.6866679835867936E-9
11836.0,0.9713989595186624,0.02844878477184737,1.5218077381632018E-4,7.493567403438967E-8
12595.0,0.8081054471134876,0.19054878936154607,0.0013366737902401594,9.089734726130588E-6
11107.0,0.9889084321325118,0.011049773535894477,4.1744675432408306E-5,4.965616126532004E-8
11927.0,0.6372660149220156,0.3596329240864418,0.003010993597673889,9.006739386857909E-5
12696.0,0.9631333379585731,0.03665972108778715,2.0671775966735377E-4,2.2319397251864858E-7
12427.0,0.9892911055158887,0.010669193336722472,3.9677480299157054E-5,2.366708972955803E-8
12164.0,0.9785832335015193,0.02131334986632578,1.033373731785923E-4,7.925897644794316E-8
11682.0,0.0013722626465055988,0.09357062124281902,0.9041508637698035,9.062523408717893E-4
11441.0,0.02914440787975012,0.9634477749632763,0.007402788922806999,5.028234166523277E-6
10971.0,0.005666872358699563,0.5827982691550376,0.4114848436212905,5.0014864972412535E-5
11208.0,0.009549690785726551,0.3615899265279692,0.626387987646444,0.0024723950398601656
11896.0,0.7591348217056556,0.2393692866588922,0.0014957337201736691,1.5791527844166923E-7
12663.0,0.9771576914909043,0.022729832933822722,1.1241612992656201E-4,5.94453463674086E-8
12388.0,0.6851317816678147,0.31286181377468775,0.001974272637458901,3.213192003847461E-5
12139.0,0.9760949082517907,0.023786258534854953,1.1869598017138431E-4,1.372331829113528E-7
11597.0,0.8951171755599807,0.10413621175913645,7.457301651370156E-4,8.825157460870222E-7
11358.0,0.9747239079634487,0.025137884392000095,1.377236658642476E-4,4.839786869797312E-7
11047.0,0.9924643746782525,0.007505664592479669,2.9924846527741995E-5,3.588273998304977E-8
12105.0,0.33726875717872995,0.6605994473936655,0.0020925595161374235,3.923591146716672E-5
12358.0,0.9817890470260904,0.018127473434325678,8.340522250623478E-5,7.431707768457141E-8
12629.0,0.9842402504420051,0.01569066494538863,6.90193857158841E-5,6.522689030125204E-8
11866.0,0.966998031332735,0.032816568851715765,1.8514092283339838E-4,2.5889271563605616E-7
11388.0,0.9804286965584191,0.019477796433840806,9.327929464282576E-5,2.277130973762665E-7
11631.0,0.8831450496544291,0.11595443520532432,8.996124904765349E-4,9.026497700878363E-7
11013.0,0.9835217843913765,0.01640555737327035,7.253823514123164E-5,1.2000021190933528E-7
12198.0,0.1676804073913637,0.8319653639929447,3.537502261137802E-4,4.783895779372043E-7
12457.0,0.9841204722795696,0.01580994575273676,6.957800916977685E-5,3.958523906655456E-9
12730.0,0.9851373852094404,0.014799687774706308,6.291450843550422E-5,1.2507417995638416E-8
11957.0,0.9878902989931762,0.012061760664183758,4.790277776830282E-5,3.756487166210673E-8
11411.0,0.9897345512624047,0.010227518420004298,3.7897401264238335E-5,3.291632683401499E-8
11648.0,0.9849970666789857,0.014938519194001387,6.438737802918915E-5,2.6748983685494677E-8
11242.0,0.9695519782199481,0.03027369870747599,1.7385647901555586E-4,4.665935602662294E-7
11001.0,0.8526695601927653,0.14478680772232827,0.002543188827429616,4.4325747684046856E-7
11072.0,0.9957432131189843,0.004244943400301488,1.1821820325902508E-5,2.1660388256466202E-8
11562.0,0.03885410308264636,0.9208411548676926,0.04030231155338971,2.4304962714288333E-6
11321.0,0.20878316360775406,0.711062598437049,0.080091886637153,6.235131804391102E-5
11807.0,0.9859579281984875,0.013984029563669322,5.79954298232066E-5,4.6808020017896375E-8
12560.0,0.985632129295821,0.014307709342436524,6.012429074442457E-5,3.707099787653771E-8
12291.0,0.8788407926760902,0.1203194110431101,8.393226617504366E-4,4.736190493925852E-7
12044.0,0.9889084321325118,0.011049773535894477,4.1744675432408306E-5,4.965616126532004E-8
11183.0,0.9769039104403046,0.022979454288383917,1.1640144526487135E-4,2.3382604658816327E-7
11717.0,0.9878486048165832,0.012103899658342715,4.7441080940745854E-5,5.444413338149572E-8
11478.0,0.9875095170931093,0.012441169926610967,4.9210364786827235E-5,1.0261549291944775E-7
12016.0,0.24741677015997388,0.6943377930353237,0.05820190804323951,4.3528761463074846E-5
12524.0,0.964837414190215,0.03495419197305687,2.0831756039764514E-4,7.627633043325197E-8
12259.0,0.9786777242834022,0.02121759599728601,1.0442202349416744E-4,2.576958177451244E-7
11149.0,0.979270862320639,0.020605153779400663,1.2374122195913938E-4,2.42678001054702E-7
11508.0,0.9759121283015878,0.023968630403836365,1.1921050035632222E-4,3.079421957043203E-8
11751.0,0.9843305746373613,0.01555766044961498,1.1175643694625377E-4,8.476077335845057E-9
12225.0,0.8239255732687789,0.17441228569275827,0.001650073313842791,1.2067724619887842E-5
12494.0,0.22342090119588265,0.7570435367820914,0.019509687044347246,2.587497767868324E-5
11986.0,0.9747267561650466,0.025142747898595528,1.3044291224294913E-4,5.3024114839143857E-8
11106.0,0.8992728311414901,0.09703563853882465,0.0036890962524314284,2.4340672536999264E-6
11291.0,0.9887051523290779,0.011251758678439023,4.3067319544680836E-5,2.1672938406848084E-8
11528.0,0.9873042962788242,0.012644554016905722,5.110946566327823E-5,4.023860675001943E-8
12078.0,0.9807989691701061,0.01911111280166707,8.986860444256055E-5,4.942378446390669E-8
12321.0,0.7746299715937364,0.22306158811194102,0.002300670448590272,7.7698457325182E-6
12594.0,0.986218745556093,0.013724833706883693,5.636649137301277E-5,5.4245650351876375E-8
11837.0,0.05714721287331157,0.9427316003162861,1.1794978682231136E-4,3.237023580148583E-6
10970.0,0.005062563092313267,0.9947237912789915,2.1266554379056296E-4,9.800849047479136E-7
11209.0,0.983381388967856,0.016545748568660784,7.279648752361139E-5,6.597595970978194E-8
12697.0,0.9859579281984875,0.013984029563669322,5.79954298232066E-5,4.6808020017896375E-8
11926.0,0.9821273912635196,0.017791718738799474,8.080215895792492E-5,8.783872306509911E-8
12165.0,0.9239436872613223,0.07549855603261219,5.550871419754785E-4,2.669564090201057E-6
12426.0,0.9854647562847965,0.014474665877174959,6.052770281290246E-5,5.013521578013636E-8
11683.0,0.9870998784321908,0.012848164733587037,5.193092187908664E-5,2.5912343038726602E-8
11440.0,0.9789541011977679,0.02094567406338474,1.0018085106798111E-4,4.388777930209182E-8
11046.0,0.013427104892253676,0.6090279537265129,0.37743201997085496,1.129214103784855E-4
12662.0,0.8484616314447946,0.1488843238765467,0.002652264375667499,1.7803029912287358E-6
11897.0,0.9023942221306775,0.09691543949177558,6.842046161751412E-4,6.133761371756851E-6
12138.0,0.016051290143486645,0.4281165100606411,0.5557099935752196,1.2220622065277727E-4
12389.0,0.9754749085486248,0.024398329492338878,1.2645362437174252E-4,3.083346645186707E-7
11596.0,0.9222480341283198,0.07720652024338519,5.447424188458823E-4,7.032094491479247E-7
11359.0,0.053179751275140186,0.40256834462816604,0.5442255890911368,2.6315005556930463E-5
11012.0,0.17624711049582903,0.8233236942929775,4.284860395245916E-4,7.091716690566898E-7
12359.0,0.9840889699018812,0.01581295425689336,9.791281881706917E-5,1.6302240815549994E-7
12104.0,0.986218745556093,0.013724833706883693,5.636649137301277E-5,5.4245650351876375E-8
11867.0,0.9763040936717557,0.023576806042617766,1.1906097014342015E-4,3.931548289583901E-8
12628.0,0.9760440591632727,0.023832974800681864,1.224125543145935E-4,5.534817308098301E-7
11389.0,0.9859579281984875,0.013984029563669322,5.79954298232066E-5,4.6808020017896375E-8
11630.0,0.4385351735441852,0.5599762947875626,0.0014843690863074225,4.162581944694677E-6
11243.0,0.15903690140618953,0.8261220377229975,0.014825618855365713,1.5442015447263584E-5
11000.0,0.9929744036152285,0.00700297601255571,2.258750031650477E-5,3.287189919816446E-8
12456.0,0.9282204721535977,0.07126509340697589,5.12945039593955E-4,1.4893998326024587E-6
12199.0,0.9742647137973792,0.02560208295471316,1.3307537494753E-4,1.2787296020493646E-7
11956.0,0.9820849161801252,0.017831458257312405,8.356804281717535E-5,5.751974510255605E-8
12731.0,0.3149083822111361,0.6839984010233452,0.0010907629194990304,2.453846019754959E-6
11410.0,5.8993890281398E-4,0.08382824175885878,0.9155806826546934,1.136683633991415E-6
11649.0,0.9797639577621744,0.020140932990694808,9.506702195145929E-5,4.222517948371577E-8
11834.0,0.927376228457536,0.07149321202362767,0.0011300003057800776,5.592130565571326E-7
12597.0,0.975264452621281,0.024611101662490757,1.243938378700644E-4,5.187835838669288E-8
12326.0,0.021005355080597966,0.8278920084507351,0.1508516658225095,2.509706461574793E-4
12073.0,0.9830185764263161,0.016904652358455854,7.668442434606915E-5,8.67908822323493E-8
11535.0,0.9395727824388339,0.06003405132087439,3.927988736377088E-4,3.673666537411077E-7
11292.0,0.9888882853302325,0.011069673574469136,4.1986631630051845E-5,5.446366827478433E-8
11109.0,0.8544948625713704,0.14444558936686971,0.0010594228028306127,1.2525892917186712E-7
11989.0,0.3346000290014941,0.6425161827787784,0.022585175769798068,2.986124499294768E-4
12489.0,0.9700986832747872,0.029740765494447076,1.6027423600706737E-4,2.769947587809152E-7
12230.0,0.9908774992451893,0.009089364706157113,3.312877908458479E-5,7.269568909245025E-9
11744.0,0.9869492331840259,0.012998296886927203,5.244672181268768E-5,2.3207234311638508E-8
11507.0,0.9365662169819741,0.06300894383540377,4.248131898319914E-4,2.5992790160203655E-8
11146.0,0.9702256471403409,0.029611721641103605,1.6260102262050794E-4,3.019593499141722E-8
12260.0,0.9895725503629099,0.010388387027010362,3.9023232892050285E-5,3.937718787714238E-8
12523.0,0.9023616396253977,0.09694144630957237,6.965179911924312E-4,3.9607383761095917E-7
12023.0,0.02329941960705036,0.9765590644260489,1.4145208345542725E-4,6.388344524208308E-8
11473.0,0.9618980520283282,0.037881522912221556,2.199165915098113E-4,5.084679403517429E-7
11714.0,0.402647572910344,0.5960523136885834,0.001299494947970401,6.184531023018961E-7
11176.0,0.9299100244769202,0.06961729695006345,4.7251576317464074E-4,1.6280984186199713E-7
12043.0,0.9465014590491194,0.053133733425602125,3.6369122854851814E-4,1.1162967298885398E-6
12292.0,0.9880168596240818,0.011936102439784185,4.695330120379357E-5,8.46349303261293E-8
12567.0,0.04392553518175234,0.95579188556468,2.792472531425663E-4,3.332000425136439E-6
11800.0,0.9878700244980403,0.01207894742974819,5.0989967961985524E-5,3.810424945135565E-8
11326.0,0.9886207948016091,0.011335870743742572,4.3255010077448335E-5,7.944457101066638E-8
11565.0,0.12949420666398345,0.8134691715498478,0.056376710875265044,6.599109109038223E-4
11079.0,0.9863821712153974,0.01356207443698269,5.573460957544923E-5,1.973804458734202E-8
11654.0,0.9016531710287773,0.09764673009103966,6.99927959854161E-4,1.7092032886239865E-7
11413.0,0.9565476552074504,0.0431793146539304,2.729882580106435E-4,4.1880608456292655E-8
12732.0,0.8938289845366348,0.10512747001322592,0.0010427897618149632,7.556883242644748E-7
11955.0,0.9912340149619159,0.008735196404691642,3.075785988488341E-5,3.0773507621742446E-8
12192.0,0.9922846572373482,0.00768938653837057,2.5920827881451272E-5,3.5396400007607206E-8
12463.0,0.9859579281984875,0.013984029563669322,5.79954298232066E-5,4.6808020017896375E-8
11007.0,0.919822476591043,0.07951999798627958,6.374389592026873E-4,2.0086463474657674E-5
11244.0,0.96667679222647,0.03313695199438736,1.860299795231374E-4,2.257996195479167E-7
11625.0,0.9198309432801296,0.07953819675380537,6.129234160260869E-4,1.7936550038912325E-5
11386.0,0.017604082967259488,0.9321030659397794,0.05021896430668275,7.388678627831893E-5
12627.0,0.975483066503365,0.02438583072730415,1.3062964028959676E-4,4.7312904127330997E-7
11868.0,0.0013011147936834093,0.18416110349615106,0.8003320853592529,0.01420569635091253
12111.0,0.9849816128758155,0.014953433828949881,6.492569911773943E-5,2.7596117022981627E-8
12352.0,0.9427370563013059,0.0568936829517978,3.686431563473257E-4,6.175905490722917E-7
11011.0,0.9859860053749233,0.013955915204288205,5.803159372128609E-5,4.7827066985187624E-8
11352.0,0.986218745556093,0.013724833706883693,5.636649137301277E-5,5.4245650351876375E-8
11595.0,0.9803865206546378,0.019521107387277022,9.23299183149836E-5,4.203977023481781E-8
12386.0,0.7302217959734131,0.267653993723772,0.002123153258755874,1.0570440589285185E-6
12141.0,0.2351268670581727,0.7643075653342386,5.627178873592426E-4,2.8497202292694395E-6
11902.0,0.977995472319902,0.021886158215850222,1.1835449625800612E-4,1.496798977284236E-8
12657.0,0.9260706138261884,0.07335362479296753,5.748383949498337E-4,9.229858942569201E-7
11041.0,0.8750894038558407,0.12404671327864611,8.588420169805299E-4,5.040848532528846E-6
11447.0,0.01984654477877945,0.9647809559966548,0.01536746996587918,5.029258686646708E-6
11684.0,0.9122226765501974,0.08618833636714064,0.001553171054273058,3.5816028388929185E-5
12429.0,0.9875310754406574,0.012420026968912444,4.885128662101875E-5,4.6303809115993033E-8
12162.0,0.9747757646373718,0.025093193172618898,1.3065286432638635E-4,3.8932568286726567E-7
11921.0,0.9819338311255763,0.017984512196378314,8.158172158596558E-5,7.495645951111729E-8
12702.0,0.7489748900556038,0.22272511132503464,0.028144166733130173,1.5583188623136934E-4
11214.0,0.14275459618250438,0.7257290126179631,0.13150262935164642,1.3761847886142938E-5
10973.0,0.9897975178700467,0.010162861717109995,3.958482973624568E-5,3.5583107107749175E-8
11108.0,0.055869863858273555,0.9435414844747188,5.877390665413306E-4,9.126004663392715E-7
12596.0,0.9861117136594281,0.013830557641243588,5.770663799539465E-5,2.2061332901341012E-8
11835.0,0.966509192530606,0.03330235399504545,1.8737165922234122E-4,1.0818151262174602E-6
12072.0,0.8469013264967281,0.15194562785717466,0.0011516219130383012,1.4237330588239986E-6
12327.0,0.986329593782955,0.013613556795920162,5.681118567599664E-5,3.8235448845833286E-8
11534.0,0.9910504871247515,0.008917377633844445,3.209189381214718E-5,4.334759202091468E-8
11293.0,0.7708764323925471,0.2275991698170913,0.0015236535673820632,7.442229794443684E-7
11147.0,0.9559779025650312,0.04375603129706196,2.657340918939174E-4,3.3204601296428327E-7
11988.0,0.6760836842846868,0.18031581717974177,0.14349851980306477,1.0197873250670172E-4
12231.0,0.9362747795439319,0.06329480102583375,4.2922584563049985E-4,1.193584603773636E-6
12488.0,0.9083440537417773,0.09101429537417391,6.412479742316687E-4,4.029098170820287E-7
11745.0,0.9698245515414299,0.0300084397179937,1.669096563234775E-4,9.908425288245047E-8
11506.0,0.9844324249991435,0.015500746128864923,6.676066072768894E-5,6.821126387170724E-8
11177.0,0.9779926218375578,0.021898333866348648,1.0899971953300183E-4,4.457656069833185E-8
12522.0,0.9756434450607093,0.024226085889738822,1.299950586948803E-4,4.739908569730561E-7
12261.0,0.07551432863600765,0.9234568343634729,0.001027187146502761,1.6498540167423144E-6
12022.0,0.6227638526815961,0.3752000167525587,0.00203488449742773,1.2460684176331536E-6
11472.0,0.9744474720866475,0.025421415252225375,1.3092542053116002E-4,1.8724059599760082E-7
11715.0,0.9830604665558631,0.016853394577215745,8.613646573121513E-5,2.4011898378700436E-9
11078.0,0.5262069937537308,0.471835606339704,0.0019566964086049645,7.034979601490963E-7
12293.0,0.9717055592726543,0.028145342696512088,1.4885136792108103E-4,2.466629124377181E-7
12042.0,0.9800678758843728,0.019746244731762456,1.857250021590574E-4,1.543817058155377E-7
11801.0,0.9128816151337936,0.08652232802531307,5.956303657992314E-4,4.264750941439264E-7
12566.0,0.9892795054077456,0.010678840368364355,4.163557699331634E-5,1.8646896641271387E-8
11327.0,0.9850536277868914,0.01488276145728896,6.354767008205886E-5,6.308573740287292E-8
11564.0,0.0055248501141262835,0.026193877775048686,0.9669579120266164,0.0013233600842086825
11006.0,0.34447113020921477,0.6404789241297719,0.015049560871241312,3.8478977223315944E-7
11245.0,0.007031354773143063,0.9142181148757802,0.07865319161194348,9.733873913309428E-5
11655.0,0.9268633515024535,0.07262453241784023,5.033986529794117E-4,8.717426726901309E-6
11412.0,0.87438358611896,0.12470580826165971,9.028326513180817E-4,7.77296806205295E-6
11954.0,0.983933688740788,0.015991512584552937,7.479028137062342E-5,8.393288554852014E-9
12733.0,0.9879693263599416,0.011983102522365403,4.752688909621658E-5,4.4228596886980684E-8
12462.0,0.10158038688635772,0.898264090540687,1.5428498459415987E-4,1.237588361029129E-6
12193.0,0.9780169027642196,0.02187373455915552,1.093515217711939E-4,1.1154853701213983E-8
11010.0,0.9723711317297228,0.02748235858560514,1.4645986773289754E-4,4.98169391797416E-8
11624.0,0.9452460084824726,0.054388110393565614,3.65827114124793E-4,5.4009837095846916E-8
11387.0,0.8409234677606103,0.15791261845041796,0.0011636168007354859,2.969882361651644E-7
11869.0,0.09979797884545456,0.9000261643986385,1.751350394915237E-4,7.217164155874961E-7
12626.0,0.9881358496386372,0.011816529072779596,4.755441498852136E-5,6.687359475309661E-8
12353.0,0.9492974348754695,0.05015743249770277,5.44850467648917E-4,2.8215917903998236E-7
12110.0,0.918731655984926,0.08064663741916592,6.210673181961592E-4,6.392777120876421E-7
11040.0,0.9870964791743553,0.012851373344026331,5.211329073840583E-5,3.419088008049776E-8
11353.0,0.9615656822015424,0.03820863892277152,2.2543275009177135E-4,2.4612559415935014E-7
11594.0,0.18738416620996348,0.811655961951358,9.428817845812711E-4,1.69900540971655E-5
12140.0,0.09204481583539306,0.8664290998512327,0.04150646787616919,1.961643720502373E-5
12387.0,0.017503018805234274,0.6227877514434812,0.3596618561009178,4.737365036665359E-5
12656.0,0.043850885336452566,0.5538186462945665,0.40231597859271945,1.448977626168413E-5
11903.0,0.030525284335081778,0.7304278231630454,0.2389776334688305,6.925903304235319E-5
11215.0,0.9375855045416741,0.06167242166659333,7.386794732331443E-4,3.3943184994092644E-6
10972.0,0.9879474988471637,0.012004584691331662,4.788253550165061E-5,3.39260026719741E-8
11446.0,0.9819338311255763,0.017984512196378314,8.158172158596558E-5,7.495645951111729E-8
11685.0,0.9656732302182941,0.034131798434957956,1.9478916554659014E-4,1.8218120142078172E-7
12163.0,0.8683292938396342,0.13058670737206574,0.001079776728410534,4.222059889771099E-6
12428.0,0.06392467775258741,0.9359761587650968,9.914316568597593E-5,2.03166299697972E-8
12703.0,0.9907939786260482,0.009173172786185766,3.2825625167420895E-5,2.2962598682522264E-8
11920.0,0.990898590613096,0.009068650556811001,3.275202259588987E-5,6.807497056676909E-9
12491.0,0.3135727734245855,0.6854830170626524,9.427934737485054E-4,1.4160390136149546E-6
12228.0,0.020697628046483747,0.7237466495959967,0.2548323986655896,7.233236919300351E-4
11991.0,0.919062778664183,0.08037846598557452,5.58090347157581E-4,6.650030851504592E-7
12760.0,0.8783345352442596,0.12076319696123643,8.983959369591889E-4,3.871857544850691E-6
11505.0,0.04224972068835238,0.9573577856939135,3.9115864531666123E-4,1.3349724175783079E-6
11746.0,0.901809200044387,0.09750360195763585,6.864585933720347E-4,7.394046051526538E-7
11144.0,0.9487981170137954,0.05087546968884867,3.25770937147934E-4,6.423602080114767E-7
12324.0,0.9861820716829113,0.013760240240582741,5.7680305514073936E-5,7.770991781134594E-9
12075.0,0.9639056390873683,0.03589044817155525,2.0376153367292614E-4,1.5120740364657494E-7
11832.0,0.9799950315167789,0.019910053778351245,9.474324901835105E-5,1.7145585148087872E-7
12599.0,0.920180947597682,0.07927478378458042,5.42674982039176E-4,1.5936356984511755E-6
11294.0,0.9862631914114227,0.013679491429285229,5.72795107727871E-5,3.7648519072298144E-8
11533.0,0.9793979363129387,0.020503381563370605,9.858376925343546E-5,9.835443717889285E-8
11111.0,0.9765756184615187,0.02330758037370702,1.1670157026852497E-4,9.959450570572815E-8
12565.0,0.010057479463757409,0.339135731985403,0.6505604468717772,2.463416790623553E-4
11802.0,0.9764726046497685,0.02341159577831038,1.1430768798221279E-4,1.491883938983729E-6
12041.0,0.9819837928066794,0.017934574648838204,8.151099942147388E-5,1.2154506115348616E-7
12294.0,0.9903039409054435,0.009657594981089195,3.8302671246081424E-5,1.614422212671098E-7
11567.0,0.9115677611606702,0.08782517106028276,6.049724279722666E-4,2.0953510747736164E-6
11324.0,0.9701354595584964,0.029703337688690625,1.609855732749701E-4,2.1717953779138654E-7
11077.0,0.978191077171783,0.021702321487770106,1.0651040125363027E-4,9.093919305754115E-8
12021.0,0.008215393827385375,0.5686718702564638,0.42297622256856404,1.365133475868127E-4
12262.0,0.009498072204205966,0.5508873354851285,0.4396066964436891,7.895866976338709E-6
12521.0,0.9617456734161406,0.03802656390746488,2.257834327355407E-4,1.979243658787119E-6
11712.0,0.9843564592858239,0.015575109421539479,6.83682676369037E-5,6.302499975233967E-8
11475.0,0.9710304360992797,0.028813865942102036,1.5551573545967233E-4,1.8222315851375854E-7
11178.0,0.9687603467388477,0.031068638211869618,1.7085223587552423E-4,1.6281340715488896E-7
11384.0,0.9901359299419873,0.009828445962950474,3.559784673959204E-5,2.624832240923681E-8
11627.0,0.7441818527679255,0.25418380263212614,0.001620878629544237,1.346597040410449E-5
12109.0,0.9895812602994957,0.010379881654825838,3.88355359015936E-5,2.2509776787044505E-8
12354.0,0.9720928704418063,0.02758581853965442,3.204520468897021E-4,8.589716493929706E-7
12625.0,0.8850712974797668,0.11406503047119831,8.620244409842723E-4,1.6476080504160663E-6
11870.0,0.9862850605126809,0.013658125039025578,5.67566852132632E-5,5.776308028997027E-8
11009.0,0.9819338311255763,0.017984512196378314,8.158172158596558E-5,7.495645951111729E-8
11415.0,0.9765882682823134,0.023295518464600876,1.1610903324498636E-4,1.0421984061625738E-7
11652.0,0.982043508227037,0.01787477927917346,8.161365624078477E-5,9.883754888835152E-8
12194.0,0.6522570792850348,0.3455570631414717,0.002175752420613723,1.010515287965618E-5
12461.0,0.11198833057144963,0.45128280362345075,0.436177384179113,5.514816259865048E-4
12734.0,0.03922900201208121,0.9606727935697179,9.819975735242046E-5,4.660848399663116E-9
11953.0,0.0035624965677466406,0.9901350388762364,0.006295960768289851,6.503787726908719E-6
11246.0,0.9851373852094404,0.014799687774706308,6.291450843550422E-5,1.2507417995638416E-8
11005.0,0.9064889309668113,0.0928679882532365,6.41304283332778E-4,1.7764966196101288E-6
11686.0,0.9843564592858239,0.015575109421539479,6.83682676369037E-5,6.302499975233967E-8
11445.0,0.9530309729962834,0.04668216228229515,2.8660462486974415E-4,2.6009655160453333E-7
11923.0,0.9769162399264575,0.022969476653889206,1.1426913848876787E-4,1.428116427113163E-8
12700.0,0.9906165294739877,0.009349929573987418,3.353526535686216E-5,5.6866679835867936E-9
12431.0,0.9861409175981747,0.013801727256645838,5.732322557391396E-5,3.1919605621730925E-8
12160.0,0.9878425499012309,0.012109758169235145,4.768761246440771E-5,4.317069335460959E-9
10975.0,0.08918144496581877,0.12826974206390332,0.7822139209388285,3.3489203144949323E-4
11212.0,0.1267730583681463,0.7805081165313557,0.09264541718842755,7.340791207060684E-5
11593.0,0.9687981861379643,0.0310261393164953,1.740892311936918E-4,1.5853143464951416E-6
11354.0,0.9313699392147622,0.06816093647063796,4.678156263978983E-4,1.3086882019669952E-6
11900.0,0.9659347311275648,0.033873315787872414,1.9175514873742225E-4,1.9793582525068237E-7
12659.0,0.9862788446276967,0.013664920179689729,5.616205331971869E-5,7.313929391432299E-8
12384.0,0.9372748055683476,0.062298682603077304,4.25821367692773E-4,6.904608824136968E-7
12143.0,0.17665792819202875,0.8228955671800579,4.453432744922909E-4,1.1613534211926654E-6
11043.0,0.8692061405158127,0.12984903389720195,9.441058828487514E-4,7.197041367508589E-7
11145.0,0.9859579281984875,0.013984029563669322,5.79954298232066E-5,4.6808020017896375E-8
12229.0,0.9907319049842899,0.009234396663596647,3.3684461030852524E-5,1.3891082742532706E-8
12490.0,0.9746781048571777,0.025191317326205193,1.3041445694511616E-4,1.633596721415294E-7
12761.0,0.04575395725436056,0.8618915152418636,0.09203022189173107,3.2430561204474127E-4
11990.0,0.9798031430826593,0.020097809766734167,9.881507712042782E-5,2.3207348614627023E-7
11504.0,0.060885194705215584,0.939041488735056,7.297567169169906E-5,3.408880366886318E-7
11747.0,0.9026470088966502,0.09665889747986808,6.920161571338521E-4,2.0774663478364764E-6
11110.0,0.9227289638470829,0.07670344229447346,5.674523065079037E-4,1.4155193585135265E-7
12074.0,0.9521130029260995,0.047589545853972626,2.9645140888806987E-4,9.998110398383217E-7
12325.0,0.17765293338193794,0.8219621974939377,3.841205383310274E-4,7.485857935392696E-7
12598.0,0.9677254276027938,0.032099760441710076,1.7470395815406256E-4,1.0799734203235816E-7
11833.0,0.10182389314540118,0.8979149081427149,2.6103074775593837E-4,1.6796412808481168E-7
11295.0,0.972397836138443,0.027455831845662724,1.455837163904805E-4,7.482995036733583E-7
11532.0,0.9864830606846453,0.013454891328764379,6.19757512906116E-5,7.223529974053457E-8
11076.0,0.966800110724987,0.03301041540986307,1.8929503683138933E-4,1.7882831864380368E-7
11803.0,0.015589934084898022,0.9844024107385934,7.635812271208047E-6,1.936423727809892E-8
12564.0,0.986218745556093,0.013724833706883693,5.636649137301277E-5,5.4245650351876375E-8
12295.0,0.9851373852094404,0.014799687774706308,6.291450843550422E-5,1.2507417995638416E-8
12040.0,0.9491306558951648,0.05054385774766781,3.252811431089836E-4,2.05214058627603E-7
11566.0,0.07689387560396284,0.9228784754113389,2.2758184347032267E-4,6.714122792794567E-8
11325.0,0.9878605598457074,0.012091917687499837,4.7457913781770116E-5,6.455301080626434E-8
11179.0,0.018375830206539972,0.9816145529029956,9.601565391650842E-6,1.5325072803171483E-8
12020.0,0.11119784028337097,0.8883730157788429,4.2735906274815025E-4,1.7848750379901328E-6
12520.0,0.9724086378494308,0.027447473538410403,1.438251683301275E-4,6.344382873306697E-8
12263.0,0.9867757907625639,0.013111231177009247,1.0870004316417156E-4,4.278017262704153E-6
11713.0,0.9444861325900001,0.05516186782864456,3.514294403143523E-4,5.701410409146432E-7
11474.0,0.9557982238657468,0.0437662409457384,4.3406553107162334E-4,1.4696574431999288E-6
11008.0,0.9627433396488997,0.03704010556478329,2.1634915735612413E-4,2.0562896107324809E-7
11385.0,0.9851373852094404,0.014799687774706308,6.291450843550422E-5,1.2507417995638416E-8
11626.0,0.9819338311255763,0.017984512196378314,8.158172158596558E-5,7.495645951111729E-8
12355.0,0.9870998784321908,0.012848164733587037,5.193092187908664E-5,2.5912343038726602E-8
12108.0,0.6883556305179822,0.30975946690310946,0.0018580418517420891,2.6860727166239874E-5
11871.0,0.980474660127537,0.01942805910238004,9.716192073448102E-5,1.1884934857111518E-7
12624.0,0.9310641047610072,0.0684654641541733,4.698979663360972E-4,5.331184834216567E-7
11247.0,0.9914513626035394,0.008518769492957927,2.9827409345657195E-5,4.049415709907354E-8
11004.0,0.9500705804898758,0.04961849621880514,3.106599260311107E-4,2.633652878017668E-7
11414.0,0.5190845597178197,0.4779628220219524,0.0027970103553721843,1.556079048558047E-4
11653.0,0.9355431851229393,0.06402740206019206,4.262474040683378E-4,3.165412800184132E-6
12460.0,0.9948505899647623,0.005134316768056708,1.508508081725296E-5,8.186363838501917E-9
12195.0,0.9637276248363729,0.0360643606423127,2.0767427712941683E-4,3.402441850456861E-7
11952.0,0.9891496851825526,0.010808640597239084,4.164714981648042E-5,2.707039168716788E-8
12735.0,0.008271305628207527,0.9105632614040575,0.0811287945553762,3.6638412358939845E-5
10974.0,0.9766961137404336,0.02318518065290651,1.1859359842192364E-4,1.1200823805017031E-7
11213.0,0.6685694489679789,0.3286435836055106,0.0027839744484569034,2.9929780538186504E-6
11687.0,0.9349771426914653,0.0646005403089867,4.2054830176630945E-4,1.7686977818537035E-6
11444.0,0.9746332036787307,0.025236367416425744,1.3042000254602206E-4,8.902297701905187E-9
12701.0,0.9907585255039548,0.009204668164472152,3.678287609734274E-5,2.345547564886029E-8
