11477.0,0.9959041118756804,0.004084480815906815,1.1404716389988577E-5,2.5920227156298357E-9
11718.0,0.9855265245655345,0.014394986124418255,7.823519722940621E-5,2.541128179373592E-7
12256.0,0.1819153626230139,0.6740492809074753,0.14402546367065594,9.892798854816395E-6
12527.0,0.9956761459318524,0.004311745650345613,1.210642250659262E-5,1.9952954272608605E-9
12019.0,0.9092395886974266,0.09009290963087432,6.670646110112314E-4,4.370606879294733E-7
11180.0,0.9804670503453812,0.019439306983274843,9.3528576193119E-5,1.1409515085772513E-7
11322.0,0.9778255746299578,0.02205347973592275,1.2081974606522586E-4,1.2588805415865296E-7
11561.0,0.963901899228782,0.03588800204353836,2.100308602678026E-4,6.786741204537068E-8
12047.0,0.8200266436504167,0.178756809704551,0.0012165185094658237,2.813556638824225E-8
12288.0,0.9782906415932644,0.02160477961380148,1.0455780905673545E-4,2.0983877196514736E-8
12563.0,0.9797055168172218,0.020197208470694686,9.726180556323807E-5,1.2906520382883344E-8
11804.0,0.13346715535596038,0.8043715517760164,0.06216026294906467,1.0299189585276338E-6
11075.0,0.8148626111985682,0.18371623868964237,0.0014173964781284932,3.7536336610397953E-6
11531.0,0.9230629337281228,0.07640598393432005,5.30467742369258E-4,6.145951878500589E-7
11288.0,0.0035121388903924097,0.7425235066729142,0.2539138703223389,5.04841143544198E-5
11838.0,0.31396216841101215,0.673499112049213,0.012351070116802037,1.8764942297278846E-4
12593.0,0.9493492713608126,0.0503136141425688,3.370269582422404E-4,8.753837662090011E-8
12322.0,0.9366588238585679,0.06292768952448785,4.134756883198813E-4,1.0928624442802619E-8
12077.0,0.9456634448725064,0.053984665718793186,3.51475455592165E-4,4.13953108146546E-7
11105.0,0.23922055979289333,0.7538195311571378,0.006954734636404933,5.174413563727079E-6
11748.0,0.991864138982722,0.008107365275641326,2.847493807590176E-5,2.0803560824139603E-8
11511.0,0.9263403307991406,0.07314937213941317,5.10288407984537E-4,8.653461516639103E-9
11985.0,0.3289759562219731,0.24224548453583603,0.42765334944854816,0.0011252097936427215
12493.0,0.03619110614197628,0.6570171284006112,0.30676726351380534,2.45019436070364E-5
12226.0,0.8512567877452615,0.14773083674569754,0.0010107342051344094,1.6413039065662672E-6
11150.0,0.9200958461782088,0.07936156310410675,5.425357816037892E-4,5.493608064710201E-8
12390.0,0.9355729808386717,0.06399256766318027,4.3443474076816554E-4,1.6757379845333198E-8
12137.0,0.9468474311850535,0.05281299430165644,3.3943075861175257E-4,1.4375467806254423E-7
11898.0,0.9618451174290471,0.037931059841223136,2.226361885414567E-4,1.1865411881888575E-6
12661.0,0.9852556784651729,0.014675521387339255,6.873164904114684E-5,6.849844684182081E-8
11356.0,0.9862576724778331,0.013685457364966316,5.686646120068337E-5,3.6959998601019325E-9
11599.0,0.024638775206753373,0.6840759403588033,0.29114147702157367,1.4380741286982402E-4
11045.0,0.9827895764619237,0.01710997194033845,1.0043729105920888E-4,1.4306678515650223E-8
12425.0,0.993822369826248,0.006158026411755859,1.9601344461557298E-5,2.4175346437205203E-9
12166.0,0.9351204879493477,0.06444861125708366,4.301132767790775E-4,7.875167896248846E-7
11925.0,0.01933591470978257,0.15038120207167174,0.8267103156842239,0.0035725675343218416
12698.0,0.9657147261574814,0.0340912150075119,1.9400413618227976E-4,5.469882424715597E-8
11443.0,0.849935228850886,0.14900478416888352,0.0010595548625553434,4.3211767514438536E-7
11680.0,0.9937279008239777,0.00625227646427986,1.9817051088895498E-5,5.660653455325377E-9
11210.0,0.970589184305822,0.02923739797942696,1.7341562842687635E-4,2.0863241571145606E-9
10969.0,0.8869754008321964,0.11216858290912514,8.541921440209584E-4,1.8241146577344338E-6
12728.0,0.9931825901801831,0.006795630025312564,2.177766826091566E-5,2.126243540257384E-9
11959.0,0.42624699185220005,0.5717775476725943,0.0019216595377119557,5.380093749369703E-5
12196.0,0.090060777252293,0.9098086377679137,1.303676201999874E-4,2.1735959319369972E-7
12459.0,0.958371589054156,0.04137991076342428,2.480196958650776E-4,4.804865545576315E-7
11650.0,0.8994245692227905,0.09986592940374343,7.091694592832748E-4,3.3191418280678685E-7
11409.0,0.9720082806950059,0.027840261316356626,1.513616038303174E-4,9.638480709447142E-8
11003.0,0.22188821335259304,0.7774994417172038,6.100696106527576E-4,2.2753195504668562E-6
11240.0,0.9725404642733082,0.0273151677567051,1.443035138208067E-4,6.445616595089923E-8
12631.0,0.9751142756581046,0.024758860381142802,1.2673573835420078E-4,1.2822239841596238E-7
11864.0,0.6575503153829806,0.3334611501234512,0.008986812443889745,1.7220496784511403E-6
12107.0,0.6771361901865878,0.11897686916587497,0.20387787194202722,9.068705510098883E-6
12356.0,0.21798877318537907,0.7814961065174927,5.150585401942356E-4,6.175693391280644E-8
11629.0,0.9447042802947642,0.05494099455770504,3.54274926652101E-4,4.5022087888741733E-7
11390.0,0.983866384125525,0.01606191849138947,7.169155118045711E-5,5.831905239881289E-9
11015.0,0.034565986290055764,0.9494092814049546,0.015968077548415754,5.665475657380541E-5
11181.0,0.9950022974189381,0.004983277307108825,1.4421937480266913E-5,3.3364727659827414E-9
11476.0,1.4121833613647516E-5,0.0045586269674762255,0.18467429067279376,0.8107529605261163
11719.0,0.9931825901801831,0.006795630025312564,2.177766826091566E-5,2.126243540257384E-9
12526.0,0.9937779681053381,0.006202264280562073,1.9766710078741574E-5,9.040210702848378E-10
12257.0,0.06527844431783061,0.9329806028334177,0.0017403941328013402,5.587159503305371E-7
12018.0,0.014732988695562256,0.985246309177733,2.067543147764715E-5,2.6695227014989685E-8
11074.0,0.987848702807785,0.012103289824540764,4.799613798980637E-5,1.1229684427300405E-8
11323.0,0.9837682124248364,0.01615875588951813,7.298576414855077E-5,4.5921497084061086E-8
11560.0,0.13394451337596813,0.8656923708594096,3.612954499365134E-4,1.8203146855615292E-6
12289.0,0.7447130703511297,0.2531306344314815,0.0019561999639792333,2.0009525340953488E-4
12046.0,0.9852171920829795,0.014721508051294813,6.129378268777081E-5,6.0830378853529006E-9
11805.0,0.9679676855587986,0.03182544415543466,2.0562446666438398E-4,1.245819102496868E-6
12562.0,0.9943239025093263,0.005655648638943027,2.0426490476510312E-5,2.2361254038776913E-8
11104.0,0.9596302646943858,0.04012556441018285,2.4406814723802435E-4,1.027481933776044E-7
11530.0,0.9894354594806332,0.010524856627126471,3.9673749017987985E-5,1.0143222362191459E-8
11289.0,0.9848431773396233,0.015091799990932462,6.501823148155833E-5,4.4379625799244476E-9
12592.0,0.9432881510854642,0.05633557032333891,3.7623632793476686E-4,4.226326198228107E-8
11839.0,0.0035695029388068235,0.8098342990741101,0.1865960255931306,1.7239395262699379E-7
12076.0,0.9938166445824139,0.006162492331432551,2.0839451252850016E-5,2.36349005171208E-8
12323.0,0.9936631452838907,0.006316660742776204,2.0185252527285365E-5,8.72080580597844E-9
11151.0,0.9888372977783544,0.011118319619633903,4.43798454196913E-5,2.756591991095016E-9
11749.0,0.9959041118756804,0.004084480815906815,1.1404716389988577E-5,2.5920227156298357E-9
11510.0,0.9847137763945936,0.015220520101168165,6.569965834881449E-5,3.845889273457198E-9
11984.0,9.639962614578007E-4,0.9613432826386922,0.03768182014480644,1.0900955043535249E-5
12227.0,0.9873963544520169,0.012549100830873046,5.453763084651265E-5,7.0862636547747225E-9
12492.0,0.9890551118760594,0.010903153852137982,4.1705675215781326E-5,2.8596586708620797E-8
11044.0,0.8938122828255904,0.10543206570800345,7.545581050987359E-4,1.0933613074837343E-6
12136.0,0.8577994891666367,0.14119844249471908,0.0010018791449974164,1.891936467637541E-7
12391.0,0.919692556972042,0.07975593315350314,5.51237233137008E-4,2.726413177328067E-7
12660.0,0.9947877739762888,0.005196910845319907,1.5310466893395477E-5,4.711498033682727E-9
11899.0,0.9632277444265807,0.036520145797733515,2.5208086190110367E-4,2.891378476165217E-8
11357.0,0.8850029966661608,0.11416608677146527,8.293305389833753E-4,1.5860233903186753E-6
11598.0,0.9843238679330215,0.015157039861901842,5.189760054437524E-4,1.1619963287864686E-7
11211.0,0.2666301476057812,0.7261854748186067,0.007152394730428547,3.198284518350415E-5
10968.0,0.9716579026115214,0.028192507862203838,1.4900078029263402E-4,5.887459821021438E-7
12167.0,0.9422098477297155,0.057381177326066776,4.0878080938604004E-4,1.9413483164141417E-7
12424.0,0.962379419127009,0.03739922709069411,2.2134447477385256E-4,9.307522975001607E-9
12699.0,0.32656380710447985,0.39348003800339376,0.18925604056701542,0.09070011432511108
11924.0,0.9638104328862825,0.03596908878620125,2.2038139973795055E-4,9.692777812612487E-8
11442.0,0.9959041118756804,0.004084480815906815,1.1404716389988577E-5,2.5920227156298357E-9
11681.0,0.9867754263737915,0.013170033547033937,5.453427611915774E-5,5.803055456412387E-9
11002.0,0.9744068521384637,0.025458028385982632,1.350991313133479E-4,2.0344240193468278E-8
11241.0,0.9931825901801831,0.006795630025312564,2.177766826091566E-5,2.126243540257384E-9
11958.0,0.9792135835846725,0.0206793959106521,1.0697490044825902E-4,4.560422726760972E-8
12729.0,0.011700796961694062,0.9693252214745737,0.0189696376847229,4.343879009328336E-6
12458.0,0.994577556797835,0.005406031255718383,1.6404570234408748E-5,7.376212358697556E-9
12197.0,0.9890951246216456,0.010863685450613678,4.118828810774783E-5,1.6396329985658398E-9
11651.0,0.9838420290141902,0.01608818114396656,6.966240223477313E-5,1.2743960841091709E-7
11408.0,0.9399869315142163,0.05957821115413548,4.348343243983083E-4,2.3007249861828583E-8
11014.0,0.9959041118756804,0.004084480815906815,1.1404716389988577E-5,2.5920227156298357E-9
11865.0,0.9862714748383505,0.013670882388823295,5.757620823245089E-5,6.656459375455641E-8
12630.0,0.9953737517019917,0.004610826178068049,1.5413284167254838E-5,8.835773092733046E-9
12357.0,0.9950294664789033,0.0049561549351330204,1.4377180806964291E-5,1.4051565056041067E-9
12106.0,0.9887897722391983,0.011167278471669826,4.2925826515348776E-5,2.3462616433028025E-8
11628.0,0.9940747062347359,0.005906937285158661,1.8348243917660536E-5,8.236187882515756E-9
11391.0,0.6353040066367799,0.3279002459655926,0.036791929384401796,3.818013225649706E-6
11563.0,0.9931825901801831,0.006795630025312564,2.177766826091566E-5,2.126243540257384E-9
11320.0,0.029787673910574963,0.161422472500835,0.8009176216406885,0.007872231947901572
12561.0,1.4188690760518324E-6,0.0012957993686524864,0.09683573198226328,0.9018670497800082
11806.0,0.05204093277124156,0.9477690466753496,1.8823085813444198E-4,1.7896952744190412E-6
12045.0,8.118641242005307E-5,0.009942041579968466,0.006940423601529552,0.983036348406082
12290.0,3.52187697315304E-4,0.14616568844222166,0.23641813249997243,0.6170639913604906
11073.0,0.9796337223414845,0.020269778231650673,9.648903844186615E-5,1.0388422861422086E-8
11716.0,0.9921394112536059,0.007832204932601802,2.8373147892264296E-5,1.0665900062333754E-8
11479.0,0.9811323853114342,0.018779858150854072,8.774806833686106E-5,8.469374852757005E-9
12017.0,0.49597538274511477,0.5021605123381851,0.0018617709317087611,2.333984991317706E-6
12258.0,6.162130185547594E-6,0.002564849293256406,0.7196486300402046,0.2777803585363534
12525.0,0.9819129974769003,0.01800592247114924,8.107000176126237E-5,1.0050189347595E-8
11182.0,0.5636270745325599,0.4340066512431022,0.00236448820954224,1.7860147956728803E-6
11509.0,0.934082053814791,0.06548591510503808,4.319825509514909E-4,4.8529219447898414E-8
11750.0,0.9840622609835442,0.015868593446121196,6.909255935796173E-5,5.301097661752959E-8
12495.0,1.0962884911562982E-6,0.050365636351004966,0.10611635296117833,0.8435169143993255
12224.0,0.9758614297358216,0.02401219026282177,1.2637236944258297E-4,7.631914109120895E-9
11987.0,0.989917404750321,0.009993759127870852,8.883483514706878E-5,1.2866608847270506E-9
11148.0,0.002018597464746212,0.5592518526988864,0.4387251690730577,4.380763309764408E-6
11290.0,0.41222837606899204,0.5863137765265445,0.0014576225061336233,2.2489832988593305E-7
11529.0,0.4134339782675413,0.5749355582824771,0.01161983476261736,1.0628687364174085E-5
12320.0,0.8040900781168461,0.19458008921061834,0.0013209493092779766,8.883363257707413E-6
12079.0,0.9925491855619933,0.00742509214541698,2.572192650307514E-5,3.66086737984913E-10
11836.0,0.9832887354149571,0.01663707790345594,7.417845248757E-5,8.229099449385527E-9
12595.0,0.8504980617980294,0.14822620559807964,0.0012666944472667732,9.038156624167942E-6
11107.0,0.9947877739762888,0.005196910845319907,1.5310466893395477E-5,4.711498033682727E-9
11927.0,0.5338398477580845,0.46402835230713,0.002128041693825594,3.7582409599207836E-6
12696.0,0.9691911851625253,0.03064360671402775,1.6488423475666296E-4,3.2388869010139523E-7
12427.0,0.9959932510009283,0.003995522942481132,1.122198426646633E-5,4.0723241689509865E-9
12164.0,0.9715192920643209,0.02832965413955425,1.5101816966563036E-4,3.5626459240696854E-8
11682.0,0.0052026711639803404,0.7708334472421325,0.20674768562217416,0.017216195971712814
11441.0,0.02023062946186928,0.9440023841947511,0.03573304510833165,3.3941235047984385E-5
10971.0,0.0042855410554355905,0.6781325203904571,0.31749896070949374,8.297784461356751E-5
11208.0,0.005303665996344321,0.6069731363262816,0.3876381699549957,8.502772237829238E-5
11896.0,0.7594242174406788,0.2390846363300391,0.0014906944932865213,4.5173599556097E-7
12663.0,0.9878836320070516,0.012068812530476812,4.7553645180372645E-5,1.8172910169114923E-9
12388.0,0.7684196624632067,0.23002761541221337,0.0015200264767508639,3.269564782884884E-5
12139.0,0.9643905662535251,0.035406359254074926,2.0302460472582402E-4,4.988767410413939E-8
11597.0,0.9136331843085084,0.08578004949598217,5.866244973672545E-4,1.4169814227800795E-7
11358.0,0.9535885358144865,0.04612526979248731,2.8610431299369533E-4,9.008003235170628E-8
11047.0,0.9767817733037527,0.023102123492710423,1.159018406702109E-4,2.0136286673870227E-7
12105.0,0.926233342692346,0.07322275588174176,5.436433624927302E-4,2.580634193853773E-7
12358.0,0.9730584803152028,0.026800668922955476,1.3993868999735451E-4,9.120718442903181E-7
12629.0,0.993822369826248,0.006158026411755859,1.9601344461557298E-5,2.4175346437205203E-9
11866.0,0.9823891987008918,0.017531182769390606,7.950612531886323E-5,1.1240439858805255E-7
11388.0,0.9913495411728236,0.008620166432707412,3.0282821046075877E-5,9.573422940113346E-9
11631.0,0.81375580930708,0.18168744027805184,0.004556005955789779,7.444590781866358E-7
11013.0,0.9822624377793077,0.017658563280424325,7.890525249397232E-5,9.368777406246673E-8
12198.0,0.5334752248087457,0.4643145378948734,0.0022086742546436307,1.5630417372930414E-6
12457.0,0.08359243225520936,0.8999790917155285,0.01642844379032875,3.2238933526142195E-8
12730.0,0.9961241892003504,0.0038651712956061395,1.0638748142366587E-5,7.55900995900632E-10
11957.0,0.9927861932115347,0.007190270544167572,2.353320967464285E-5,3.0346230505051457E-9
11411.0,0.9850851954133344,0.014852085452084062,6.264623043446355E-5,7.290414709190916E-8
11648.0,0.9917613362144789,0.008210367875045935,2.8294785375625554E-5,1.125099396189495E-9
11242.0,0.8427484354687285,0.1561424871448384,0.00110804362391365,1.0337625196910654E-6
11001.0,0.9425097460823441,0.057016937105319694,4.7326063099216177E-4,5.6181343967037054E-8
11072.0,0.9906133848381746,0.00934723520695371,3.935541287910874E-5,2.454199264500327E-8
11562.0,0.21832322801109694,0.7805489222092424,0.0011275843262889599,2.6545337147561687E-7
11321.0,0.13652967379922756,0.601213578547602,0.2619972572970835,2.594903560870028E-4
11807.0,0.9950294664789033,0.0049561549351330204,1.4377180806964291E-5,1.4051565056041067E-9
12560.0,0.9940134239057863,0.005967908327327174,1.8664304864544382E-5,3.4620218794292442E-9
12291.0,0.9297697777328874,0.06976422247105457,4.658219431873519E-4,1.7785287078321352E-7
12044.0,0.9947877739762888,0.005196910845319907,1.5310466893395477E-5,4.711498033682727E-9
11183.0,0.9946120899721104,0.005371735717916963,1.6173105569262607E-5,1.2044033317581474E-9
11717.0,0.9849186822340951,0.01501677841162348,6.453255676294675E-5,6.797518563224753E-9
11478.0,0.9203420583460232,0.0791083754184667,5.486814886984514E-4,8.847468118197922E-7
12016.0,0.06687163994558523,0.7122903216489443,0.2208009694416416,3.7068963828823784E-5
12524.0,0.970709628912776,0.028996708081306114,2.9364890553031103E-4,1.4100387608694153E-8
12259.0,0.9702295832562033,0.02960317886584185,1.6721030636848567E-4,2.757158635694802E-8
11149.0,0.950727776846851,0.048963421037620074,3.082213073389497E-4,5.808081899864024E-7
11508.0,0.9643385104467442,0.035447299068320816,2.1418577891224152E-4,4.706022671302564E-9
11751.0,0.9880664858478372,0.01154200929351765,3.914887769917973E-4,1.608165325244281E-8
12225.0,0.8191313192773347,0.17946355203770056,0.001387624433466963,1.750425149769776E-5
12494.0,0.09735581245114362,0.8150778561427827,0.08756032961818012,6.0017878932651085E-6
11986.0,0.9512710254160692,0.04842529454855432,3.029680490199328E-4,7.119863565717691E-7
11106.0,0.5050141634446956,0.49187117456964696,0.0031076263155855916,7.035670071930021E-6
11291.0,0.9956103602246366,0.004377281079449008,1.2358117053139733E-5,5.788613431005886E-10
11528.0,0.9851080666597101,0.014828440785739146,6.347459021905627E-5,1.7964331928834066E-8
12078.0,0.9780566941901521,0.021826105871147174,1.1719500133659054E-4,4.9373640243561E-9
12321.0,0.5276075083724708,0.4681156329047358,0.004263142538891637,1.3716183901833078E-5
12594.0,0.9929428830473284,0.007034213584585194,2.2886228145014247E-5,1.7139941429276312E-8
11837.0,0.14597664323375786,0.853699970418439,2.999362985922946E-4,2.345004921082472E-5
10970.0,0.0927357632627144,0.9071213034840951,1.4133671282085734E-4,1.5965403696264367E-6
11209.0,0.994956387728424,0.005028599462134537,1.5008744795467629E-5,4.064645865208889E-9
12697.0,0.9950294664789033,0.0049561549351330204,1.4377180806964291E-5,1.4051565056041067E-9
11926.0,0.9786187258080634,0.02127784025810308,1.0337968011582321E-4,5.4253717720909056E-8
12165.0,0.9788844029178752,0.021014291551339926,1.0123770326954494E-4,6.782751557131679E-8
12426.0,0.9495786819316488,0.05009656563207612,3.24654787275247E-4,9.764899956910939E-8
11683.0,0.9907698961932833,0.009197381934525928,3.271791918211757E-5,3.9530085167649006E-9
11440.0,0.9838372469859806,0.01609280577445567,6.994369420696438E-5,3.545356658544419E-9
11046.0,0.032616764333251815,0.5028252898722574,0.4640108232311235,5.471225633674228E-4
12662.0,0.8623067655704741,0.1356671928770741,0.002024578458944598,1.4630935071526098E-6
11897.0,0.6565631351536287,0.3415331384998574,0.0018850190827037956,1.870726380989761E-5
12138.0,0.04206494141598008,0.15363245061330025,0.7897205452094155,0.014582062761304127
12389.0,0.9922902822104309,0.007681994644692426,2.7689713353355948E-5,3.34315232687903E-8
11596.0,0.8470290735798586,0.15186531555467406,0.0011051427349773062,4.681304900735607E-7
11359.0,0.08914574347589836,0.6455978391089835,0.2652399399106766,1.6477504441579882E-5
11012.0,0.04625261094669763,0.9536071483069848,1.3978628977751723E-4,4.5445654026478896E-7
12359.0,0.9522457349120019,0.04723019234369432,5.225098149306646E-4,1.562929373108791E-6
12104.0,0.9959041118756804,0.004084480815906815,1.1404716389988577E-5,2.5920227156298357E-9
11867.0,0.9843379473828768,0.015594830441910804,6.721400617217178E-5,8.169040242583867E-9
12628.0,0.9939109409671386,0.006069587283658325,1.9455232304335456E-5,1.651689884075584E-8
11389.0,0.9950294664789033,0.0049561549351330204,1.4377180806964291E-5,1.4051565056041067E-9
11630.0,0.8234924979785564,0.1752709245501368,0.0012249535302310943,1.1623941075991498E-5
11243.0,0.2211659814829648,0.6327147780518174,0.14534640573520702,7.728347300107759E-4
11000.0,0.9862468117238659,0.013672484512078871,8.063797560049691E-5,6.57884545582971E-8
12456.0,0.9334464984270908,0.06608065586767047,4.7053666315337783E-4,2.3090420854007105E-6
12199.0,0.9823652751464322,0.017554955009986023,7.975609116336969E-5,1.375241826474471E-8
11956.0,0.9943489872272454,0.005632460601230887,1.854741109097841E-5,4.760432807303146E-9
12731.0,0.010015881529629475,0.9896135487632093,3.694641205540007E-4,1.105586607119463E-6
11410.0,6.082139009840291E-4,0.06681449575396943,0.9325772123052815,7.803976511016742E-8
11649.0,0.9684325608760597,0.03139171096884041,1.757220079048233E-4,6.1471949025726455E-9
11834.0,0.9483659120864575,0.050985640396570144,6.483683125946404E-4,7.920437772951594E-8
12597.0,0.9655479200200662,0.03425654165508427,1.955150200546261E-4,2.3304794736258845E-8
12326.0,0.004800074586981857,0.9818940572154006,0.013218593727315344,8.727447030221866E-5
12073.0,0.8826394104569547,0.11652032335793042,8.388207624279096E-4,1.4454226869597983E-6
11535.0,0.9668127262470039,0.03299824836481859,1.8898157578660696E-4,4.3812390823280735E-8
11292.0,0.9943316940280147,0.005650767201188628,1.7530424042407206E-5,8.34675446236213E-9
11109.0,0.9264693929469027,0.07300187140708017,5.287311193766906E-4,4.52664034565841E-9
11989.0,0.21781127241408055,0.6604583276938203,0.1216727843732977,5.7615518801475795E-5
12489.0,0.98042640899249,0.0194820564749728,9.147243755079752E-5,6.209498633451371E-8
12230.0,0.9957369227838363,0.004251049564810111,1.2026699000562015E-5,9.523529122710608E-10
11744.0,0.9812628609783342,0.018651714913613688,8.540505187542518E-5,1.9056176795871954E-8
11507.0,0.9656748305866436,0.0341273152709723,1.978228118840451E-4,3.1330500233038905E-8
11146.0,0.9421417057270637,0.05746820061975745,3.900279737037959E-4,6.56794751166533E-8
12260.0,0.9958052657577277,0.004183161627992425,1.156982817786236E-5,2.7861019334745662E-9
12523.0,0.8626892915076185,0.1363601141880624,9.424773017656013E-4,8.11700255358928E-6
12023.0,0.14737027880903325,0.8523212937423164,3.0832459816586044E-4,1.0285048475324097E-7
11473.0,0.950389843928663,0.04930618212405134,3.0392648015730843E-4,4.746712843057831E-8
11714.0,0.6584899414918874,0.3396138400353403,0.001894800497145809,1.4179756264237552E-6
11176.0,0.9195634262227332,0.0798820243441621,5.536769508761377E-4,8.724822284858433E-7
12043.0,0.8759723106429438,0.12308610739776284,9.34660623590386E-4,6.921335702803693E-6
12292.0,0.9852667709307735,0.014671424927477065,6.178651188703796E-5,1.7629862348299596E-8
12567.0,0.5431775195397529,0.4545251505240776,0.0022060432882788127,9.128664789061299E-5
11800.0,0.9177790102836467,0.08164723727363679,5.727245304160361E-4,1.0279123003391442E-6
11326.0,0.9733904023073756,0.026468011102817348,1.4156530921384847E-4,2.1280593118435267E-8
11565.0,0.6105046113664001,0.30046586025257743,0.0867031326498179,0.002326395731204661
11079.0,0.9798262674543963,0.02007089195647055,1.0280314190544792E-4,3.744722787096174E-8
11654.0,0.9518992626330771,0.047686309662598236,4.14413202287868E-4,1.450203683869927E-8
11413.0,0.9194095343408559,0.07828279013712935,0.0023076039570908598,7.15649237573143E-8
12732.0,0.8819376008054207,0.11660206016607022,0.001460198659552708,1.403689561764498E-7
11955.0,0.984845653433095,0.015088003543619572,6.631060373053045E-5,3.241955488281165E-8
12192.0,0.9893057170874425,0.010654124419861723,4.015292318111343E-5,5.569514566617594E-9
12463.0,0.9950294664789033,0.0049561549351330204,1.4377180806964291E-5,1.4051565056041067E-9
11007.0,0.8575696005698732,0.1414338712310936,9.866521732957562E-4,9.87602573748305E-6
11244.0,0.9845789675473982,0.015354633197505095,6.636439680930749E-5,3.485828736412466E-8
11625.0,0.47163889482332866,0.5266539845956394,0.001595775647472701,1.1134493355942346E-4
11386.0,0.011843049951463538,0.9701092566830382,0.017993247376725655,5.4445988772759956E-5
12627.0,0.9931829148960332,0.006792708875812779,2.437051626249748E-5,5.711891384538033E-9
11868.0,2.648667761144007E-4,0.012475322852824168,0.5324007236626421,0.4548590867084194
12111.0,0.9597729480133346,0.0399516493281437,2.753678943624972E-4,3.4764159326670446E-8
12352.0,0.9488487310966698,0.050795317659160046,3.5563985758002743E-4,3.1138658994525764E-7
11011.0,0.99388682844097,0.006093961547639732,1.9207619534852704E-5,2.3918556058816093E-9
11352.0,0.9959041118756804,0.004084480815906815,1.1404716389988577E-5,2.5920227156298357E-9
11595.0,0.9905405838114005,0.009423151191235137,3.6262596177837816E-5,2.401186438167474E-9
12386.0,0.4664088977075352,0.5318807847028005,0.001709661240284746,6.563493794032069E-7
12141.0,0.7259285950695407,0.27242613420587447,0.0016433619386019682,1.9087859827895876E-6
11902.0,0.9907463585787014,0.009170241295476882,8.339029492036999E-5,9.830901550885336E-9
12657.0,0.9130292602744746,0.08635540653420953,6.129402132614299E-4,2.3929780542430705E-6
11041.0,0.40827157937497804,0.5904011733264128,0.0013187515536939194,8.495744915225684E-6
11447.0,0.43393920252468016,0.5426893267679587,0.022813332498783194,5.581382085780583E-4
11684.0,0.845107326533385,0.15284906242106716,0.002017858123594254,2.57529219534537E-5
12429.0,0.9797011267466478,0.020203263765375387,9.556503721300276E-5,4.4450763758128375E-8
12162.0,0.9941094059272069,0.0058721293473136624,1.845918953868786E-5,5.535940555017378E-9
11921.0,0.9931825901801831,0.006795630025312564,2.177766826091566E-5,2.126243540257384E-9
12702.0,0.45899804192304205,0.39106879897646246,0.14975110487138163,1.8205422911377476E-4
11214.0,0.16677097737763072,0.8162014543660083,0.0170231350424145,4.4332139466013025E-6
10973.0,0.9928136411791821,0.007137985638510654,4.836882304247053E-5,4.359264811959754E-9
11108.0,0.36727293326988597,0.6248149777673181,0.007900873812041869,1.1215150754075198E-5
12596.0,0.9937779681053381,0.006202264280562073,1.9766710078741574E-5,9.040210702848378E-10
11835.0,0.9351278376324367,0.06437309120165528,4.782772142836215E-4,2.0793951624587137E-5
12072.0,0.4251239042467602,0.5728234967934471,0.00203150560839971,2.1093351392970812E-5
12327.0,0.9742127199708437,0.025651945466777095,1.3531403865098664E-4,2.0523728320569504E-8
11534.0,0.9753536861959042,0.024512037754881495,1.3369561365853208E-4,5.804355557329598E-7
11293.0,0.5490725488056892,0.4479357605203885,0.0029882953747452576,3.3952991767844583E-6
11147.0,0.9823737013842986,0.017545409215186204,8.085762681526984E-5,3.177370001953355E-8
11988.0,0.4750718722841934,0.40305821161145616,0.12184609785119155,2.381825315866768E-5
12231.0,0.8971062758873616,0.10217236906119909,7.183140673052711E-4,3.0409841340595274E-6
12488.0,0.8419501410130987,0.15458782822204437,0.0034616559446926393,3.7482016428787476E-7
11745.0,0.8485978767707568,0.15013944954934275,0.0012532638356010078,9.40984429951705E-6
11506.0,0.9951032891983204,0.004882211850477463,1.4494813978129522E-5,4.137224273865888E-9
11177.0,0.8670176292682785,0.13206427096484652,9.162213016132012E-4,1.8784652618720195E-6
12522.0,0.9921521619404715,0.007814121260546546,3.3648568914777715E-5,6.823006731195531E-8
12261.0,0.7532642059524847,0.23021347090784924,0.016489734594698897,3.258854496719788E-5
12022.0,0.9573815059659384,0.04236346574119244,2.549963774859522E-4,3.19153832843505E-8
11472.0,0.9751552681303383,0.024719223074183845,1.2546817782709062E-4,4.06176509681025E-8
11715.0,0.9853389493995776,0.014533982533510579,1.2706659439731843E-4,1.4725146562200863E-9
11078.0,0.10331640836476137,0.8965248497447493,1.5821931805900594E-4,5.225724303758956E-7
12293.0,0.9868873532798054,0.01305943272003743,5.312462215115186E-5,8.937800595104857E-8
12042.0,0.8444010165992544,0.1542037769641606,0.0013946592637368866,5.47172848078792E-7
11801.0,0.9732150180054758,0.026646387744168224,1.385758754193574E-4,1.8374936812970282E-8
12566.0,0.9724539702156793,0.027399887627095977,1.4520018725745784E-4,9.419699672693689E-7
11327.0,0.9750566482643754,0.024816216343534748,1.2710328557308397E-4,3.210651693800564E-8
11564.0,0.02446394662689233,0.08270768808202683,0.8838176619477655,0.009010703343315331
11006.0,0.9094698705234465,0.07737650973916156,0.01315339278101916,2.2695637293356073E-7
11245.0,0.05053588095955888,0.2749243012212214,0.6581847533055564,0.016355064513663396
11655.0,0.966074998568487,0.03373057262707482,1.9396035768706686E-4,4.6844675109466245E-7
11412.0,0.9549648476156372,0.04475677503598798,2.7735371694843783E-4,1.0236314264226774E-6
11954.0,0.9835810196006656,0.016324269207985055,9.47020251156853E-5,9.166233683050099E-9
12733.0,0.979868674852717,0.020035351615394867,9.596668677765854E-5,6.845110644364663E-9
12462.0,0.22847723216345603,0.7709220999849734,5.857133589862482E-4,1.4954492584431865E-5
12193.0,0.9762838454977101,0.02359334189577458,1.227008556318206E-4,1.1175088360131653E-7
11010.0,0.9898936820713902,0.010068486483878245,3.783033691873196E-5,1.1078127075771475E-9
11624.0,0.9729932863603576,0.026805063733277488,2.0163714284841884E-4,1.2763516465197627E-8
11387.0,0.5469795041351654,0.4508546114420749,0.0021178617153897036,4.8022707370022476E-5
11869.0,0.023324303014939676,0.9755761401253179,0.0010994197633614048,1.3709638076711883E-7
12626.0,0.9775764910539639,0.022306592286762923,1.1689303948321668E-4,2.3619789869475464E-8
12353.0,0.9178450743390488,0.08138028137705168,7.745329997414862E-4,1.1128415802678368E-7
12110.0,0.9707035708529861,0.029136336846386307,1.6005316506017173E-4,3.913556738374161E-8
11040.0,0.9783542171168753,0.02153989317453218,1.0585567283057189E-4,3.40357619021398E-8
11353.0,0.9519384787732569,0.04776808999771711,2.933054905196506E-4,1.2573850640985798E-7
11594.0,0.4932705357122567,0.5042895514830872,0.002418610843304741,2.1301961351295965E-5
12140.0,0.031542181676716255,0.7990884800580312,0.16909061933209724,2.7871893315523614E-4
12387.0,0.008289374214016116,0.7161192352597201,0.2755899258292379,1.4646970260697165E-6
12656.0,0.01260579658548222,0.6407480724471043,0.3466453739158609,7.570515524722905E-7
11903.0,0.002237948724540962,0.05805063304120856,0.9397046213482096,6.796886040964686E-6
11215.0,0.8032549407306305,0.19390374859548887,0.0027736606425882524,6.76500312923505E-5
10972.0,0.9539001986887391,0.045813456917384615,2.8632488775354165E-4,1.950612263847765E-8
11446.0,0.9855400791327121,0.01439995082576677,5.996474567002657E-5,5.295851116267138E-9
11685.0,0.9797274220063183,0.02017509502856296,9.747634844530126E-5,6.616673448193364E-9
12163.0,0.7449243431169936,0.2511700053406019,0.0038968518290942926,8.799713310125222E-6
12428.0,0.11739755272892584,0.8824099928303523,1.9243253454945307E-4,2.1906172627444218E-8
12703.0,0.9957496496526396,0.004238334070478061,1.201485918839566E-5,1.4176939169148028E-9
11920.0,0.9638582304356085,0.0359347327508113,2.0698508959967102E-4,5.1723980746365564E-8
12491.0,0.4749511271229757,0.5233898836963877,0.0016553425803586643,3.6466002779378827E-6
12228.0,0.048490074749451925,0.13924399188061534,0.7951603089907269,0.017105624379205778
11991.0,0.9879430467574212,0.012009212190067684,4.6654601388385635E-5,1.086451122888213E-6
12760.0,0.8003870948709392,0.19824805508426632,0.0013470806434498744,1.7769401344638234E-5
11505.0,0.04330530599822426,0.9566344844430548,6.0139246536791166E-5,7.03121841961786E-8
11746.0,0.9069043477551145,0.09245780443822757,6.376698627825825E-4,1.7794387548170728E-7
11144.0,0.9733511783921114,0.02650890990621285,1.398640355996522E-4,4.766607604259816E-8
12324.0,0.9623462794444276,0.0374345053124653,2.1917547965746853E-4,3.976344971206207E-8
12075.0,0.9771872134369055,0.022700388781166,1.123921234298569E-4,5.658498892933601E-9
11832.0,0.9594487479389404,0.04029708996265652,2.541281941935828E-4,3.390420932177644E-8
12599.0,0.9528188047498256,0.04689017633325736,2.8519866423113447E-4,5.8202526857963475E-6
11294.0,0.9796732840872455,0.02022596581095942,1.0073177715754944E-4,1.832463761165692E-8
11533.0,0.9351254900920793,0.06421139403308515,6.622297467886374E-4,8.86128046813122E-7
11111.0,0.9916399276412241,0.008330649963653304,2.9409106814040637E-5,1.3288308662881146E-8
12565.0,0.0016738037776274704,0.022404304283153837,0.9759154474563017,6.444482917033113E-6
11802.0,0.9269750699953605,0.07252939496040928,4.821328863547927E-4,1.3402157875334159E-5
12041.0,0.9786404180131735,0.02125663161478002,1.0289066839830704E-4,5.970364831722215E-8
12294.0,0.9733637477392166,0.02618436986878447,4.516427495262417E-4,2.396424724892756E-7
11567.0,0.8960058536655559,0.10327587025949242,7.176685294093352E-4,6.075455426452964E-7
11324.0,0.9780232397545794,0.021868968990012498,1.0768741979176987E-4,1.0383561617912817E-7
11077.0,0.9587933296118997,0.04095983053095843,2.465143231113296E-4,3.25534030623107E-7
12021.0,0.006011960839158874,0.5904451255595186,0.4034452129169615,9.770068436101002E-5
12262.0,0.005524113686226715,0.7249015576124199,0.269570521199201,3.8075021525527853E-6
12521.0,0.9112743754825683,0.08809821424098321,6.098060349921653E-4,1.7604241456415896E-5
11712.0,0.9942346983515995,0.005747527493085937,1.7771312184309328E-5,2.843130128956207E-9
11475.0,0.9882064726666899,0.011731116239788293,6.225938417814406E-5,1.517093437976528E-7
11178.0,0.9557440341871645,0.04398241263998378,2.734604463554495E-4,9.272649617019958E-8
11384.0,0.9922482947578892,0.007725908936155508,2.5793074931867675E-5,3.2310233773215536E-9
11627.0,0.8979170853903267,0.10125820660226606,8.132890443709727E-4,1.1418963036306545E-5
12109.0,0.9910425039003201,0.008925805226241524,3.16884103994989E-5,2.4630388924099026E-9
12354.0,0.9115765203609946,0.08623272651647594,0.002189513976409846,1.2391461195331577E-6
12625.0,0.7927943548580944,0.2058195367691513,0.0013805765953205946,5.5317774338228865E-6
11870.0,0.9863089652365534,0.013630747976756381,6.0274880497937364E-5,1.1906192300049283E-8
11009.0,0.9931825901801831,0.006795630025312564,2.177766826091566E-5,2.126243540257384E-9
11415.0,0.9127897706695967,0.08659529534053467,6.144141388949934E-4,5.198509735759524E-7
11652.0,0.9894278337348333,0.010532672069617723,3.948627966860222E-5,7.91588017833677E-9
12194.0,0.9464792713099986,0.05317706674619691,3.4347761145241704E-4,1.843323520209527E-7
12461.0,0.07972720763818752,0.6369534797687698,0.2820290989751761,0.001290213617866519
12734.0,0.2715244645262053,0.7277829034479479,6.912772695511957E-4,1.3547562955222914E-6
11953.0,0.0023951440536259688,0.9946981480332061,0.0028930974435211424,1.3610469646876575E-5
11246.0,0.9957369227838363,0.004251049564810111,1.2026699000562015E-5,9.523529122710608E-10
11005.0,0.7237419196066774,0.27451285995303115,0.0017372238052153065,7.996635076262962E-6
11686.0,0.9946120899721104,0.005371735717916963,1.6173105569262607E-5,1.2044033317581474E-9
11445.0,0.959383157996881,0.04037798076118031,2.388452725597354E-4,1.5969379051455604E-8
11923.0,0.9808217409530132,0.019089479672066936,8.87693802937196E-5,9.99462598340383E-9
12700.0,0.9930630108848837,0.006913348786573428,2.3639993554703146E-5,3.3498809356624163E-10
12431.0,0.9919792723223998,0.007993269123296473,2.745742789065882E-5,1.1264132875306773E-9
12160.0,0.990133577803222,0.009830030176926456,3.639097852741832E-5,1.0413241645463563E-9
10975.0,0.6201042306675103,0.1880977694743134,0.19090176591547384,8.962339427024584E-4
11212.0,0.600526823833194,0.1863095991102542,0.11821959586623328,0.0949439811903185
11593.0,0.9544778971295091,0.04522479582682163,2.9553553565580073E-4,1.7715080135487379E-6
11354.0,0.9173000839347863,0.08209176249872584,6.077875051566145E-4,3.6606133125420337E-7
11900.0,0.960999356528919,0.03877358602530011,2.270046314102592E-4,5.2814370819323506E-8
12659.0,0.9547633126557726,0.04494941409342359,2.8723159712230634E-4,4.165368137174928E-8
12384.0,0.9017334092328427,0.09757106676433819,6.948408871709974E-4,6.831156479868061E-7
12143.0,0.5315398863239301,0.4649578110708841,0.00350184487680209,4.577283834718881E-7
11043.0,0.7727604097481783,0.22567584477608962,0.0015624240033079361,1.3214724242401306E-6
11145.0,0.9950294664789033,0.0049561549351330204,1.4377180806964291E-5,1.4051565056041067E-9
12229.0,0.9774821634752031,0.022406267371670834,1.1156335089723349E-4,5.802228927380822E-9
12490.0,0.9880046582328348,0.011948169633829029,4.7166580633308634E-5,5.5527028359863334E-9
12761.0,0.34281688782538045,0.44975200451670283,0.20583286553949998,0.0015982421184167841
11990.0,0.9934973951816017,0.006481156314964429,2.144367555467941E-5,4.827879132443386E-9
11504.0,0.04781209019618832,0.9507044628918108,0.0014803339365719482,3.1129754290585344E-6
11747.0,0.8208853254365504,0.17787375852157478,0.0012399055253603448,1.0105165145635334E-6
11110.0,0.8527587016764775,0.1462111642996723,0.001002601194416945,2.7532829433232786E-5
12074.0,0.981512691005316,0.0183990642741212,8.79904987735647E-5,2.542217890868233E-7
12325.0,0.3427899724250529,0.6561782271595195,0.0010308154566227147,9.849588050654022E-7
12598.0,0.9729754732209246,0.026883056448265687,1.413214159985789E-4,1.4891481096101323E-7
11833.0,0.0743417276576467,0.9242130283648538,0.0014417352246484522,3.5087528512172885E-6
11295.0,0.8334743299500188,0.1652950833145314,0.0012290704312944004,1.5163041556061164E-6
11532.0,0.9597211502895371,0.04004456282173347,2.341768289427701E-4,1.10059786814872E-7
11076.0,0.9412540664465494,0.058317100165875616,4.285782836741916E-4,2.551039006824628E-7
11803.0,0.03317176943419404,0.9668004522512762,2.7537894034711237E-5,2.4042049513397295E-7
12564.0,0.9959041118756804,0.004084480815906815,1.1404716389988577E-5,2.5920227156298357E-9
12295.0,0.9957369227838363,0.004251049564810111,1.2026699000562015E-5,9.523529122710608E-10
12040.0,0.9054218206152621,0.09392253323538961,6.555664274094436E-4,7.972193864822078E-8
11566.0,0.41592868287103313,0.5827263578803417,0.0013378030172694387,7.156231355519344E-6
11325.0,0.989266672617178,0.01069263271857255,4.055756291406704E-5,1.3710133518336329E-7
11179.0,0.29893114496351636,0.7002168657837132,8.513906954450179E-4,5.98557325294473E-7
12020.0,0.43939982582769194,0.5590797282472116,0.001517523208986689,2.9227161099212066E-6
12520.0,0.9585619297182966,0.04119031035804974,2.4761999830408895E-4,1.3992534966668894E-7
12263.0,0.9333385483519046,0.06583715424873739,8.096586316667009E-4,1.4638767691424952E-5
11713.0,0.99183091590489,0.008141088719805055,2.798053413794963E-5,1.4841167026497504E-8
11474.0,0.9784105183867762,0.021483620598183713,1.0583718709744544E-4,2.3827942758912465E-8
11008.0,0.8731919815840692,0.12589426303505438,9.113685547776967E-4,2.386826098617804E-6
11385.0,0.9934119077412116,0.006567037838818932,2.1049851591184144E-5,4.568378199888709E-9
11626.0,0.9931825901801831,0.006795630025312564,2.177766826091566E-5,2.126243540257384E-9
12355.0,0.9855450140134284,0.014394848496843669,6.0115834219629556E-5,2.1655508198258064E-8
12108.0,0.9293871469240047,0.07010529737407302,5.068732854752772E-4,6.82416446804148E-7
11871.0,0.9943088624779839,0.005671393373343413,1.973619262869394E-5,7.956043966518564E-9
12624.0,0.9473814829023084,0.052286825050177566,3.3163888607515665E-4,5.316143896813769E-8
11247.0,0.9962520248532758,0.003737604245815518,1.0367908117986593E-5,2.9927907962888106E-9
11004.0,0.9635908400703238,0.03619762994762885,2.1151627135317588E-4,1.3710694332048658E-8
11414.0,0.24632951352558702,0.6855329578037874,0.06789253256680458,2.449961038210249E-4
11653.0,0.8265603139379899,0.17223194812991802,0.001173243155604148,3.449477648815523E-5
12460.0,0.9929189529907919,0.007056712486862612,2.433240252792208E-5,2.119817631228752E-9
12195.0,0.9543484760831681,0.04535924540092238,2.917934244528961E-4,4.850914566345801E-7
11952.0,0.9938490714557355,0.006130118265812118,2.079499181437441E-5,1.5286638220126956E-8
12735.0,0.007468721645087877,0.9693317257270369,0.02319089251821064,8.660109664657887E-6
10974.0,0.9700676478436168,0.0297589067204735,1.7338993283339105E-4,5.5503076477706566E-8
11213.0,0.8665849189332276,0.12217829726052228,0.010907714877864082,3.290689283859329E-4
11687.0,0.887100174749509,0.11208751295311727,8.110110009201693E-4,1.301296453717179E-6
11444.0,0.9830738901195135,0.016850936655549705,7.516454354354531E-5,8.681393225648116E-9
12701.0,0.9598558971608144,0.03990433996367993,2.3969827147639466E-4,6.460402926250554E-8
