11477.0,0.9999999816397046,1.8360294896410092E-8,4.036099673568081E-16,2.4369446710782813E-23
11718.0,0.9999999999988674,1.1324987948468667E-12,2.668123639541938E-16,5.307258326552038E-22
12256.0,1.7337964339355567E-4,0.9431773626583312,0.05664905855591705,1.9914235814459956E-7
12527.0,0.9999997086013289,2.913986497386555E-7,2.1333077561257167E-14,1.2621179235479298E-22
12019.0,0.7973066366975966,0.2026925390226671,8.242778880985446E-7,1.8483202679849907E-12
11180.0,0.9999933519676123,6.648030492023611E-6,1.895767605228539E-12,2.937841078777172E-17
11322.0,0.6494590681519442,0.35052996511263007,1.0966184348917655E-5,5.510767668414287E-10
11561.0,0.510543457691454,0.4894451452411646,1.1397003861273761E-5,6.352017193878472E-11
12047.0,0.9531851770249152,0.04681477837509916,4.4599975576842524E-8,9.888005625436083E-15
12288.0,0.9997933653158478,2.0663465089860859E-4,3.325360803643493E-11,3.419015703247446E-17
12563.0,0.9954444329050773,0.004555565981780912,1.1131414595597919E-9,1.4527171591086377E-16
11804.0,0.0013830586109272003,0.9249635096681421,0.07365177652386931,1.655197061277871E-6
11075.0,0.9532485920862519,0.0467511805000638,2.274094152138857E-7,4.268980994650871E-12
11531.0,0.9239612987691698,0.07603867070502371,3.052494035271838E-8,8.66116576132211E-13
11288.0,6.940998593534612E-9,0.8620300777943206,0.13758709857683402,3.8281668784691063E-4
11838.0,0.002011977634957876,0.9855588657831309,0.012420926743318718,8.229838592460391E-6
12593.0,0.999941744252578,5.825572868984804E-5,1.8732207733182574E-11,7.497107147566464E-18
12322.0,0.9956561111327804,0.004343888019343873,8.478755743572644E-10,1.0512728792341393E-16
12077.0,0.9998810409440655,1.189590400871584E-4,1.5847404292836047E-11,2.998255780228197E-17
11105.0,0.0012169932800339914,0.9879728324763494,0.010809537342540058,6.36901076636423E-7
11748.0,0.9998047548721565,1.9524508361462865E-4,4.422885070300091E-11,6.87091594503368E-17
11511.0,0.9990612933389394,9.387063997665539E-4,2.612938609322859E-10,3.601461592302975E-19
11985.0,2.9430576493447575E-6,0.7712709420037084,0.22688927802556644,0.0018368369130758652
12493.0,2.962094861010107E-7,0.22442657171719796,0.7713593458438494,0.004213786229466547
12226.0,0.5187749889224963,0.48122484774052093,1.6333596225462408E-7,1.020421919057831E-12
11150.0,0.996197973194756,0.0038020265759270973,2.2931667196903197E-10,2.0329507479896091E-16
12390.0,0.9998685009112683,1.3149895825984823E-4,1.3047172514997402E-10,2.3971493467012745E-18
12137.0,0.9967359710929691,0.003264027955958592,9.510708270513551E-10,1.6133540300597465E-15
11898.0,0.5839992812122495,0.4159995014537793,1.2171985466876698E-6,1.3542440050300128E-10
12661.0,0.9999999999145008,8.549032824655346E-11,8.86501127871956E-15,3.058808266601263E-21
11356.0,0.9999905541352893,9.445864366507442E-6,3.441411187366843E-13,4.820504644206224E-21
11599.0,2.2601855374188996E-5,0.8776880121457591,0.11691158749008264,0.00537779850878409
11045.0,0.9589711247843079,0.04102793415370584,9.410616742961124E-7,3.118744042493354E-13
12425.0,0.9999998693350582,1.3066493440008668E-7,7.274397161107052E-15,6.131494045554569E-22
12166.0,0.4041967860034353,0.5958013286310142,1.8853369531192598E-6,2.859746277203908E-11
11925.0,2.6908188310975035E-12,0.006071072073367589,0.8840985686743802,0.1098303592495614
12698.0,0.9993051140234311,6.948859039145376E-4,7.265443207431775E-11,9.66862773217922E-18
11443.0,0.976247859090357,0.023752139106267917,1.8033736309200738E-9,1.4972908949177504E-15
11680.0,0.9999998958234027,1.0417659369299514E-7,3.673991833400098E-15,4.10413420435273E-22
11210.0,0.9977414629093699,0.002258531814004192,5.27660484778699E-9,2.1003759116198464E-14
10969.0,0.9952421680048367,0.00475782416292608,7.83221698101865E-9,2.002167236790431E-14
12728.0,0.9999999639054642,3.609453507910408E-8,5.939510454924572E-16,1.3042082151005386E-23
11959.0,2.618497050447141E-6,0.9999513977326311,4.594154174201077E-5,4.222857650251124E-8
12196.0,0.011778237407973421,0.9882213440108142,4.185775428160707E-7,3.669465929266719E-12
12459.0,0.913084103974689,0.08691587530466971,2.0720019076305465E-8,6.222631773578684E-13
11650.0,0.9998122835472056,1.877164498714343E-4,2.9227958119813877E-12,1.8906919422791125E-19
11409.0,0.8461985600646871,0.15380079648756298,6.434471899143742E-7,5.600156841812971E-13
11003.0,8.212181979101908E-5,0.9998928086812598,2.5065099136178604E-5,4.3998128360715734E-9
11240.0,0.9997502124595287,2.4978749947768053E-4,4.099368663160441E-11,6.992683774499682E-18
12631.0,0.9941682565255947,0.005831742320865871,1.1535257228365214E-9,1.3619441884860184E-14
11864.0,0.5491854897476406,0.4507545951599153,5.991402945480118E-5,1.062989346040343E-9
12107.0,0.005544443616456329,0.577107007504747,0.41733459901444986,1.3949864346837191E-5
12356.0,0.9820224722272068,0.017977470607382185,5.7165393973495415E-8,1.6980824983480707E-14
11629.0,0.9942398565112955,0.005760128095491669,1.539320822695869E-8,4.733125585482849E-15
11390.0,0.9999796436105913,2.0356385430603096E-5,3.9779784358927124E-12,8.236064163808402E-20
11015.0,3.167213886705188E-7,0.8832627820919752,0.11607226901913205,6.646321675040125E-4
11181.0,0.9999999684762925,3.152370727666992E-8,2.290449480158687E-16,5.193030561707706E-24
11476.0,1.166544570995217E-23,4.12101130772883E-8,0.009348391766622456,0.9906515670232644
11719.0,0.9999999639054642,3.609453507910408E-8,5.939510454924572E-16,1.3042082151005386E-23
12526.0,0.9999999694515946,3.0548405104197245E-8,1.7843640860296636E-16,7.0544674757456E-24
12257.0,0.19227224096971346,0.8070684135987657,6.593427074538651E-4,2.7240669657479534E-9
12018.0,0.016170222804392266,0.9834534147766207,3.7630174839414966E-4,6.067059285758816E-8
11074.0,0.9999606291417754,3.937085784645304E-5,3.7809837221887696E-13,1.5128934782966526E-19
11323.0,0.99995166901368,4.833097314402857E-5,1.3175923703243796E-11,5.3631842543863036E-17
11560.0,0.005815260202137644,0.9941360470699349,4.869206634617051E-5,6.615813266967589E-10
12289.0,1.6752153676957E-4,0.999637603792968,1.7048019317648008E-4,2.439447708603963E-5
12046.0,0.9999035748010004,9.642519478431967E-5,4.2153586338338E-12,9.021945422148266E-19
11805.0,0.9999988624399923,1.1328470740234595E-6,4.712650021738606E-9,2.8374510504998926E-13
12562.0,0.9999999999999756,2.4361826082563734E-14,2.191596293212483E-19,2.8861486876749564E-26
11104.0,0.9914491899976142,0.008550798454375669,1.1547999930090237E-8,1.0241261119796566E-14
11530.0,0.999868093756731,1.3190624239488302E-4,8.741426160737145E-13,1.013551524663199E-20
11289.0,0.9999920791277797,7.920871674010542E-6,5.461470331662722E-13,7.615443114914424E-21
12592.0,0.5349776931571483,0.46501940372700085,2.9031024452399963E-6,1.3405704315085022E-11
11839.0,2.192643835258301E-11,0.13523940496688328,0.8643942435801143,3.663514310759501E-4
12076.0,0.9999999999999603,3.9690086009004036E-14,2.548325925267023E-19,1.1809328385956532E-26
12323.0,0.9999997642674604,2.3573252579524557E-7,1.3759063405354123E-14,2.4983590713039E-21
11151.0,0.9999991925670291,8.074329303322053E-7,4.061243131677654E-14,2.3865604425881566E-20
11749.0,0.9999999816397046,1.8360294896410092E-8,4.036099673568081E-16,2.4369446710782813E-23
11510.0,0.9999065274720734,9.347252234971236E-5,5.5767522659298944E-12,2.0494786611641692E-19
11984.0,1.6721195435490914E-10,0.4335921956610161,0.5016915525687641,0.06471625160300787
12227.0,0.9999313211474674,6.867879054674022E-5,6.198570247050077E-11,3.7944219819773976E-17
12492.0,0.9999993550059562,6.449940401769004E-7,3.5478145996635977E-15,3.58367523859104E-21
11044.0,0.9771270396428535,0.022872915512461383,4.484458898601578E-8,9.617924279310614E-14
12136.0,0.9991779413978444,8.220584481586338E-4,1.539969802514497E-10,6.31066036441148E-17
12391.0,0.997904989066234,0.002095010608092723,3.2567296478895763E-10,1.7639899270946286E-16
12660.0,0.9999999816352337,1.836476612505908E-8,2.5152038008015864E-16,1.5453303726811207E-23
11899.0,0.9995677503616709,4.322468976364417E-4,2.740692680585011E-9,1.0242532675970285E-16
11357.0,0.999542208456282,4.5779148532838987E-4,5.83888484933363E-11,9.16369285265246E-16
11598.0,0.17811931213753654,0.8171625319191349,0.004718132164999987,2.3778328627969668E-8
11211.0,1.6739678070116897E-6,0.9965694888851574,0.003428669070449709,1.680765860559609E-7
10968.0,0.9951262272374319,0.0048737721109580025,6.516072494071384E-10,2.7923499144986234E-15
12167.0,0.999868101871865,1.3189785632088786E-4,2.718137565155452E-10,1.8500566068524665E-16
12424.0,0.9996148725954841,3.8512730197426783E-4,1.0254149595267552E-10,1.045976282969017E-17
12699.0,5.837167241642955E-11,0.050833295957048885,0.5037283343678091,0.4454383696167704
11924.0,0.5058185170701249,0.4941710268816786,1.0456029517716987E-5,1.86787061302809E-11
11442.0,0.9999999816397046,1.8360294896410092E-8,4.036099673568081E-16,2.4369446710782813E-23
11681.0,0.999950265133599,4.9734856392824353E-5,1.0008198984954974E-11,4.9093138805263086E-18
11002.0,0.9989702539931787,0.0010297457849498515,2.2187116851405983E-10,2.9728333975865877E-16
11241.0,0.9999999639054642,3.609453507910408E-8,5.939510454924572E-16,1.3042082151005386E-23
11958.0,0.9999998478818244,1.5210741140975106E-7,1.0764090698415414E-11,3.1287687366869866E-18
12729.0,1.9546292058616892E-8,0.9315522768844805,0.06836145473329935,8.624883592801044E-5
12458.0,0.9999999709459968,2.9054003125474935E-8,1.1898535171792319E-16,1.9190290672255665E-23
12197.0,0.99998652019552,1.3479802949386721E-5,1.53054829224741E-12,1.4429765681314515E-19
11651.0,0.9999850885570553,1.4911441902860285E-5,1.041916341576519E-12,1.6688754801488065E-18
11408.0,0.4255987728255947,0.5743921338349579,9.093321749918242E-6,1.7697365966937425E-11
11014.0,0.9999999816397046,1.8360294896410092E-8,4.036099673568081E-16,2.4369446710782813E-23
11865.0,0.969456620902533,0.030543313890448766,6.520694828905086E-8,6.998725792420392E-14
12630.0,0.9999999999937172,6.2826605632847655E-12,9.237528357322469E-18,1.5666617377119235E-24
12357.0,0.9999999713585527,2.864144685738111E-8,4.023053664770969E-16,1.5090497157908778E-23
12106.0,0.9999315936016704,6.840639719146054E-5,1.1380284791038168E-12,6.213108937083839E-20
11628.0,0.9999999975674507,2.43254882527127E-9,4.440985607523071E-16,4.6515702577694815E-23
11391.0,0.8492652197372448,0.1506819203722167,5.285986484485363E-5,2.569357893003634E-11
11563.0,0.9999999639054642,3.609453507910408E-8,5.939510454924572E-16,1.3042082151005386E-23
11320.0,2.114631860592227E-15,4.774638848520594E-4,0.7126544989770477,0.2868680371380982
12561.0,9.26934958975037E-27,3.7251042522613083E-9,0.03956370171052678,0.9604362945643691
11806.0,0.01653138865724217,0.98344420560789,2.4387863063476344E-5,1.7871804144168243E-8
12045.0,6.697399368215628E-20,2.1292275796772194E-6,0.006357574527366381,0.993640296245054
12290.0,3.767502456118039E-14,0.0018532658482220048,0.5929102287350684,0.40523650541667194
11073.0,0.9999269980694763,7.300192400266955E-5,6.521034900315394E-12,1.0299798941654386E-19
11716.0,0.9999999999999349,6.50007744623712E-14,2.9553416849851036E-19,1.0896209737037353E-26
11479.0,0.9998944649372934,1.0553499626812068E-4,6.643854911784309E-11,8.228843291393559E-18
12017.0,0.015242683476956898,0.9847535157614774,3.8007547001037722E-6,6.865657962347271E-12
12258.0,8.366401111600151E-23,6.285124368881534E-8,0.3955872520703026,0.6044126850784537
12525.0,0.9999730752650967,2.692473465600711E-5,2.473525736455567E-13,5.699774883466781E-20
11182.0,0.18376740519707224,0.8162309571102091,1.6376863941952013E-6,6.324492794067414E-12
11509.0,0.9867664624648246,0.013233535899947444,1.6352272120248783E-9,7.081376458205707E-16
11750.0,0.9999992035374776,7.964625185209445E-7,4.060434804693667E-15,3.2977721772134172E-21
12495.0,2.452129328716362E-16,0.0021799052809241817,0.19397636512795507,0.8038437295911205
12224.0,0.9999680067968885,3.199316639878312E-5,3.671279810606756E-11,1.7154092440606738E-17
11987.0,0.9938561225304153,0.006141999847274931,1.8776222782843263E-6,3.164077524407956E-14
11148.0,4.665182083360273E-6,0.864777343999861,0.1351030033770014,1.1498744105446398E-4
11290.0,0.5308319209918222,0.4691543260568512,1.3752951143495514E-5,1.8315244194005663E-13
11529.0,3.1733048243584647E-5,0.9988299084541632,0.0011382584298155905,1.0006777768953513E-7
12320.0,0.3026173735508342,0.6973586903750355,2.3935395731641114E-5,6.783986932026535E-10
12079.0,0.9999976625893326,2.3374105446267506E-6,1.2279835848791264E-13,4.686864211127029E-21
11836.0,0.9997475640200632,2.524359011465498E-4,7.879032246175978E-11,2.2059612592226115E-18
12595.0,0.8095885385615802,0.19041035581146956,1.1056202906566015E-6,6.659526634436312E-12
11107.0,0.9999999816352337,1.836476612505908E-8,2.5152038008015864E-16,1.5453303726811207E-23
11927.0,0.002320269020370613,0.9975788642235217,1.0085678473393227E-4,9.971373809404639E-9
12696.0,0.997085808409963,0.0029141914538944845,1.361391485599809E-10,3.2260685949461794E-15
12427.0,0.99999995619759,4.3802409484139924E-8,4.636445660252382E-16,2.8115042761944413E-23
12164.0,0.9997755485456828,2.2445134030371785E-4,1.14013307008353E-10,3.608560649484976E-17
11682.0,3.308817438094216E-16,7.888369881494975E-4,0.35609480724853354,0.6431163557633167
11441.0,3.272904336070525E-6,0.914204400102742,0.08575160657709395,4.0720415828119316E-5
10971.0,4.3131986879741155E-11,0.00868684207911292,0.918460834124598,0.07285232375315705
11208.0,4.546794037243448E-16,0.0018208444270322195,0.06337766040199147,0.9348014951709758
11896.0,0.9020580463875152,0.09794191983151523,3.378095110697408E-8,1.845025184124686E-14
12663.0,0.9999120567179389,8.794328048944453E-5,1.571826053901471E-12,2.4086879955162585E-19
12388.0,0.03561288876092322,0.9643856582905717,1.4527823025260655E-6,1.6620267229429256E-10
12139.0,0.9987217226756883,0.0012782764626330595,8.61678441220611E-10,2.374840441091865E-16
11597.0,0.8890595050507502,0.11094023864656012,2.563010160688164E-7,1.6735661723448931E-12
11358.0,0.9981777491740428,0.0018222504919710861,3.339859559043794E-10,1.8590159888860777E-16
11047.0,0.9955139966616309,0.004485948468240626,5.486871909126584E-8,1.409513788763151E-12
12105.0,0.11616181269408289,0.8837612239672754,7.696315730754007E-5,1.8133410290579114E-10
12358.0,0.9641155370516699,0.03588439327432815,6.967042457235459E-8,3.5773674096193753E-12
12629.0,0.9999998693350582,1.3066493440008668E-7,7.274397161107052E-15,6.131494045554569E-22
11866.0,0.9999969813718904,3.0186280091041288E-6,1.0054249884528825E-13,4.857276250102656E-20
11388.0,0.9999999999946001,5.399996165401361E-12,4.652664745545815E-18,1.6948440023498226E-25
11631.0,0.2537632877173346,0.7455479135575144,6.88796457829667E-4,2.2673213874724448E-9
11013.0,0.9999972000014686,2.799998348563629E-6,1.8266018647056962E-13,1.2007435959552897E-18
12198.0,0.3459185567896379,0.6540797803180632,1.6628847451215713E-6,7.553812992103146E-12
12457.0,0.8709395172673443,0.12904063137914124,1.9851353235659307E-5,2.786084741769709E-13
12730.0,0.9999999184930293,8.150696729908388E-8,3.6201444950246555E-15,1.1685701518589635E-23
11957.0,0.9999986442899232,1.3557100587091252E-6,1.8009338874132828E-14,3.2314693225487497E-22
11411.0,0.9999914945717173,8.505428218434398E-6,6.42658845005835E-14,8.861092237079536E-21
11648.0,0.9999765858832328,2.3414108153946343E-5,8.613205177235612E-12,6.735806452257144E-19
11242.0,0.17457539324035462,0.8254129364885489,1.166766193632487E-5,2.6091602018384418E-9
11001.0,0.06751604066614394,0.9319892795616075,4.946703393359875E-4,9.432912474405518E-9
11072.0,0.9963757181448867,0.003624146842868591,1.3501215636201074E-7,8.837411171550791E-14
11562.0,6.757074019605646E-4,0.9989933740424672,3.309135329441194E-4,5.022628146232891E-9
11321.0,3.6258115243907397E-9,0.1862325682568169,0.8095738489955354,0.004193579121836179
11807.0,0.9999999713585527,2.864144685738111E-8,4.023053664770969E-16,1.5090497157908778E-23
12560.0,0.9999995775007151,4.2249927262140665E-7,1.2110333979656468E-14,4.765863941428987E-22
12291.0,0.9969464376192052,0.003053562257634035,1.231607569426829E-10,7.797111606186771E-17
12044.0,0.9999999816352337,1.836476612505908E-8,2.5152038008015864E-16,1.5453303726811207E-23
11183.0,0.9999999595525563,4.0447443397125194E-8,5.327315027918457E-16,8.200138523570914E-24
11717.0,0.9998254007627569,1.7459920364593285E-4,3.359714813674807E-11,5.016133069446523E-18
11478.0,0.9643778057427478,0.03562202283625139,1.7142028738942005E-7,7.13509211111377E-13
12016.0,4.233061793709774E-6,0.9776513036389354,0.02233960247250556,4.8608267654098E-6
12524.0,0.9720897232083721,0.02790406633314756,6.2104575059439585E-6,9.74600837102106E-13
12259.0,0.9876127922466159,0.01238717696728456,3.0786080821454505E-8,1.8873712306300894E-14
11149.0,0.0946541490624615,0.9052391680622264,1.0668279240304668E-4,8.290911282056718E-11
11508.0,0.9993523220701159,6.476775450744772E-4,3.8480943935621166E-10,1.5252042616049334E-16
11751.0,0.9995220571930007,4.7761118629776613E-4,3.316206603839984E-7,4.110394220295216E-14
12225.0,6.80783313661633E-4,0.9992980560237539,2.1126666466562914E-5,3.399611799639291E-8
12494.0,4.491833851343486E-4,0.9845077794974033,0.015041829680204828,1.2074372573189196E-6
11986.0,0.14044440457945803,0.8595540571999355,1.5381438017323202E-6,7.680482328036963E-11
11106.0,0.019398433593236397,0.9803468518626629,2.547042171587537E-4,1.0326941812293608E-8
11291.0,0.9999999482269706,5.17730257712539E-8,3.5400537613317358E-15,1.4184923996313942E-22
11528.0,0.9999637321255346,3.626787241851072E-5,2.0469674129514227E-12,4.778039329934817E-19
12078.0,0.9701395095364689,0.029860318265034616,1.7219814389720515E-7,3.52655089126227E-13
12321.0,1.8706368097869697E-4,0.9929903895275717,0.0068222597463289784,2.870451206976298E-7
12594.0,0.9999998230719063,1.769280836415673E-7,9.900243684025123E-15,5.056718890758885E-21
11837.0,3.886178580807392E-5,0.9893585215081323,0.010509293406227941,9.332329983176861E-5
10970.0,0.014136857711517773,0.985863043385938,9.890182595278147E-8,7.181996048027207E-13
11209.0,0.9999983894650556,1.6105346461767904E-6,2.98224285120894E-13,1.5008054754876932E-19
12697.0,0.9999999713585527,2.864144685738111E-8,4.023053664770969E-16,1.5090497157908778E-23
11926.0,0.9999462014134928,5.3798586298673364E-5,2.0849785435216577E-13,9.090621960873544E-20
12165.0,0.9977257213856024,0.0022742774435814423,1.170815821549916E-9,1.2450253883310473E-16
12426.0,0.9958424331510091,0.004157560247209777,6.6017783820532345E-9,2.5785966993846344E-15
11683.0,0.9999972858925005,2.71410745540208E-6,4.428896829387693E-14,3.183165965114425E-21
11440.0,0.9999680620886308,3.193790956236195E-5,1.8069965504294417E-12,1.9364606332857851E-19
11046.0,2.6794412628751442E-12,0.004546164822984478,0.9638234655942881,0.031630369580048015
12662.0,0.04273464645581107,0.9567997333926528,4.655957804875591E-4,2.4371048556702676E-8
11897.0,0.019280150047738556,0.9807138719875771,5.97286107952296E-6,5.103604996214778E-9
12138.0,2.424981920102401E-8,0.08947120391821156,0.8874244076763071,0.023104364155662065
12389.0,0.9999999999968963,3.1037426460818496E-12,6.614936884143443E-19,1.81468614596832E-25
11596.0,0.9959911877841753,0.00400868706313252,1.251525721413038E-7,1.1999647791909989E-13
11359.0,2.570462290815576E-7,0.23158804887034518,0.7681179455865609,2.93748496864894E-4
11012.0,0.013608302866634642,0.9862856029260808,1.0609231772568125E-4,1.8895587236798775E-9
12359.0,0.2922340331284232,0.7077082695288697,5.7696660636407996E-5,6.820708527059836E-10
12104.0,0.9999999816397046,1.8360294896410092E-8,4.036099673568081E-16,2.4369446710782813E-23
11867.0,0.9991942298569854,8.057701217961418E-4,2.1218522700920884E-11,3.889903291025515E-19
12628.0,0.9999999999998761,1.239493391470219E-13,4.785435440702006E-19,3.7740180634632583E-26
11389.0,0.9999999713585527,2.864144685738111E-8,4.023053664770969E-16,1.5090497157908778E-23
11630.0,0.020236762297374866,0.9796022524755491,1.6096895515433095E-4,1.627192179084383E-8
11243.0,2.665198453909625E-6,0.9837882424525379,0.015987518500555128,2.215738484530457E-4
11000.0,0.9999542174437857,4.578214699018938E-5,4.0922149063090805E-10,2.6373572881189722E-15
12456.0,0.9970197484041552,0.0029802493359479174,2.2598947934314245E-9,2.0666805152541487E-15
12199.0,0.9999216461776145,7.835381244887372E-5,9.936614574961683E-12,4.827348899185992E-19
11956.0,0.9999999999948141,5.185858459882453E-12,8.83064421464267E-18,2.1510267290785244E-26
12731.0,0.03832895597089416,0.9615584418098995,1.1259999121917825E-4,2.227986904392968E-9
11410.0,2.7697464619852097E-9,0.0048517376398573364,0.9945650890573433,5.831705330529064E-4
11649.0,0.9966968734957755,0.003303125700301965,8.03921831839752E-10,7.636319550424027E-16
11834.0,0.9167901062991362,0.08320837475567855,1.5189449917057574E-6,1.9388083744737978E-13
12597.0,0.9920188743096365,0.007981105690457367,1.999984916886129E-8,5.706394278378598E-14
12326.0,3.1521718544147673E-10,0.8482749810314575,0.06611576456040591,0.08560925409291938
12073.0,0.9900606840185424,0.009939313811118103,2.1703298884572515E-9,9.61583292650234E-15
11535.0,0.4311752860568246,0.5688215550653638,3.1587939742616875E-6,8.383723209952113E-11
11292.0,0.9999999392378848,6.076211095529832E-8,4.141173340419237E-15,6.078909036256187E-21
11109.0,0.4041149006476543,0.595584276262899,3.008230591046308E-4,3.0342033382226454E-11
11989.0,0.002288317167802978,0.9753339452356387,0.02237677004433467,9.675522238855874E-7
12489.0,0.999510666128643,4.893338663880807E-4,4.968862965916917E-12,2.0711778953655062E-18
12230.0,0.9999999657953319,3.420466693502016E-8,1.1354765256223865E-15,1.62422169473283E-24
11744.0,0.9999697011025381,3.0298895728255867E-5,1.7335862866221923E-12,1.1900237293908923E-19
11507.0,0.9845585383766713,0.015441422952766582,3.8670555736573144E-8,6.515277869950355E-15
11146.0,0.9975386098305347,0.002461380907510398,9.261949680865892E-9,5.341292225089848E-15
12260.0,0.9999999766633417,2.3336657893958363E-8,3.924055845132898E-16,8.918409374765687E-24
12523.0,0.15781268576561852,0.8421868416019137,4.726076784934021E-7,2.4789208252969985E-11
12023.0,0.16519173569149823,0.8347874582836473,2.080581798593832E-5,2.0686863033753653E-10
11473.0,0.9980784152777896,0.0019215845715605479,1.506499175362656E-10,4.9136123659805875E-17
11714.0,0.9613565718107844,0.03864341741933133,1.076985400568268E-8,3.020891225185203E-14
11176.0,0.9210786881051498,0.07892066013511682,6.517427976533991E-7,1.6935808571774587E-11
12043.0,0.4302244070549399,0.569773887584307,1.7053157972723702E-6,4.4955793136772066E-11
12292.0,0.9999601228911479,3.9877106735427874E-5,2.1167630253538783E-12,2.912564825478759E-19
12567.0,2.313474416682636E-4,0.9997674013902031,1.2485539696303727E-6,2.614158867722728E-9
11800.0,0.964975962363898,0.0350240182326695,1.9403423242879456E-8,9.18353002903073E-15
11326.0,0.9998832015898416,1.1679832899486269E-4,8.116326833413421E-11,1.5460524459491562E-16
11565.0,0.012017060991910668,0.9877768886023172,1.8839201139529197E-4,1.7658394376880646E-5
11079.0,0.9999961911673578,3.8088320890690596E-6,5.530482475642804E-13,1.2001331948933931E-19
11654.0,0.9722508585185662,0.02774751684691753,1.624634287687384E-6,2.2864177820338863E-13
11413.0,0.8761015549931518,0.12363552370752362,2.629206709321191E-4,6.283926621744077E-10
12732.0,0.406360472367194,0.5930073217906665,6.321956350191218E-4,1.0207120403721357E-8
11955.0,0.9993215466506141,6.78451820422455E-4,1.5289630392393776E-9,3.6201792642453093E-16
12192.0,0.9999842522303818,1.57477681928616E-5,1.4252980340632001E-12,3.439558649568191E-20
12463.0,0.9999999713585527,2.864144685738111E-8,4.023053664770969E-16,1.5090497157908778E-23
11007.0,0.11238933696709108,0.8876094448006159,1.217683584044729E-6,5.487091230264915E-10
11244.0,0.9998994476111179,1.0055238229392923E-4,6.588295467675255E-12,2.9403284286118685E-17
11625.0,7.191949452671928E-4,0.9992423580683194,3.840572252275805E-5,4.1263890869668814E-8
11386.0,1.0196612131263498E-7,0.9964089174806879,0.003432180046823576,1.5880050636720415E-4
12627.0,0.9999999999998483,1.515639566261248E-13,1.1435222116550532E-18,4.99633044350942E-26
11868.0,4.326291718385519E-17,8.176443002226714E-6,0.8212654913971509,0.17872633215984693
12111.0,0.9967204196644515,0.0032795776310806926,2.7044677276345413E-9,1.2520106886076687E-16
12352.0,0.33999119394411115,0.6598785386753176,1.302527244637613E-4,1.4656107328827737E-8
11011.0,0.9999997335072295,2.6649274439903315E-7,2.618801942159534E-14,3.3834583234518062E-21
11352.0,0.9999999816397046,1.8360294896410092E-8,4.036099673568081E-16,2.4369446710782813E-23
11595.0,0.9997447167681216,2.5528285126142584E-4,3.806170384734065E-10,2.5519401901266442E-17
12386.0,0.029617586618955128,0.9703695431700519,1.2870186168023308E-5,2.4825132334760046E-11
12141.0,0.9978172732879343,0.002182726627142573,8.492311819818607E-11,6.220722635334822E-17
11902.0,0.9999937541651666,6.2458201026311275E-6,1.473070309619956E-11,2.2709753663986593E-17
12657.0,0.2766381493964819,0.7233567104288461,5.139961882207688E-6,2.1278979682638942E-10
11041.0,0.7300447605901477,0.2699552354858363,3.924002809175487E-9,1.3215474945753759E-14
11447.0,1.043148288237681E-4,0.9989769111048451,8.995268723047759E-4,1.9247194026290816E-5
11684.0,5.784361037552216E-4,0.995618456580484,0.003801822972449038,1.2843433115593662E-6
12429.0,0.9999923209059188,7.679093858561216E-6,2.2266609513960286E-13,6.3950362885211E-20
12162.0,0.999999999999873,1.2705158800857424E-13,9.227590258184986E-19,1.003623348458049E-25
11921.0,0.9999999639054642,3.609453507910408E-8,5.939510454924572E-16,1.3042082151005386E-23
12702.0,7.348484682465463E-6,0.9442890870842892,0.05560003724586236,1.0352718516578169E-4
11214.0,1.0351639612993707E-4,0.9962975045224133,0.003598925318617315,5.3762839575406086E-8
10973.0,0.9939404200291646,0.006058703381505575,8.765892660107044E-7,6.368260156361404E-14
11108.0,0.007655355899910426,0.9920810579238977,2.635821392101271E-4,4.036981808683342E-9
12596.0,0.9999999694116795,3.058832025682984E-8,1.7943135331438136E-16,7.07782328338712E-24
11835.0,0.999999230609937,7.671470049124632E-7,2.2424328431097705E-9,6.252395650872254E-13
12072.0,1.6475395117730712E-4,0.9987707138016073,0.0010640697050853234,4.625421299693137E-7
12327.0,0.998894730494442,0.0011052691629948898,3.4256312230000867E-10,7.099800831531979E-17
11534.0,0.9845875785140494,0.01541241151025841,9.97510080829903E-9,5.913435026359296E-13
11293.0,0.6393609615128023,0.36059980968997707,3.922823267354034E-5,5.645471094053085E-10
11147.0,0.9817371933772807,0.01826275752593156,4.909617212034989E-8,6.157052439306657E-13
11988.0,0.0027469463340867206,0.9863452798338087,0.010907656323553663,1.1750855105130699E-7
12231.0,0.0933797594966482,0.9066190204370254,1.219824272539644E-6,2.420538594526464E-10
12488.0,0.8883273211539242,0.11167205567557842,6.231704360174127E-7,6.133774036056499E-14
11745.0,0.05826180343233328,0.9410586251719587,6.793919571369837E-4,1.7943857097887095E-7
11506.0,0.9999999316421166,6.835788283613364E-8,4.303098258003782E-16,8.5768981762805E-23
11177.0,0.7916424192067444,0.2083575434609976,3.732659510973634E-8,5.662842844681521E-12
12522.0,0.999999999999936,6.39223440250405E-14,1.549948715844032E-19,6.91020318953594E-26
12261.0,0.002624335064287477,0.9946846000088264,0.0026910488070678563,1.6119818333838978E-8
12022.0,0.9999839783847666,1.6021614291817827E-5,9.413728349591208E-13,1.753674764058922E-20
11472.0,0.9996275307512834,3.7246923791577514E-4,1.0800717446596578E-11,1.5795224875020229E-18
11715.0,0.9451015333859591,0.05486994855774795,2.851805487621591E-5,1.416589106043007E-12
11078.0,0.7305585518388347,0.26944139970702363,4.845401102514672E-8,1.3052076554869963E-13
12293.0,0.9999981320327137,1.8679672760949929E-6,1.0274816854083814E-14,8.221438578865535E-22
12042.0,0.19111915379058256,0.8086124526933192,2.683721377873903E-4,2.1378310866509746E-8
11801.0,0.9995315730454984,4.6842688816706597E-4,6.633459256018254E-11,1.8013008201800308E-17
12566.0,0.9271335130197976,0.07286472600397563,1.7608583810753642E-6,1.178454756371109E-10
11327.0,0.9977922980022983,0.002207701921730195,7.597138660939449E-11,2.932953757961304E-17
11564.0,1.4318055492995213E-10,0.006048351691708274,0.9528831585892894,0.041068489575821855
11006.0,0.018397492979749117,0.9691277999103576,0.012474699852098746,7.257794468568259E-9
11245.0,5.290132128652127E-9,0.974052446976944,0.025673672150897553,2.738755820262276E-4
11655.0,0.9994462170859053,5.537828460627579E-4,6.803195265071071E-11,8.849173078794311E-17
11412.0,0.2784188150514139,0.721574514142544,6.67062678125251E-6,1.7926090478200866E-10
11954.0,0.949038474054449,0.05095208474952808,9.441182002305437E-6,1.40206499590594E-11
12733.0,0.9999423385530893,5.7661387801606016E-5,5.910904714421041E-11,4.107076999638614E-18
12462.0,0.014667194353930274,0.9853274184685936,5.384963282140997E-6,2.2141940768476086E-9
12193.0,0.6903971609868792,0.30956490756917665,3.7930929035158975E-5,5.149089633745638E-10
11010.0,0.9999766272917298,2.3372704068036666E-5,4.202179767037558E-12,5.688042822729546E-19
11624.0,0.9997896065996456,2.10391480199793E-4,1.9201545475630556E-9,2.0339188159322263E-16
11387.0,0.06095740290185827,0.9390419501076746,6.469587263472611E-7,3.174069131112967E-11
11869.0,0.06422787391282836,0.935734892735213,3.723266050695705E-5,6.914515757447473E-10
12626.0,0.9997857577793013,2.1424201362709111E-4,2.0707143139638748E-10,6.500329879301082E-17
12353.0,0.2511593540361161,0.7486908212202812,1.4981918029889486E-4,5.56330381747109E-9
12110.0,0.9959285190769515,0.004071474045622661,6.877424085093073E-9,1.756145496766286E-15
11040.0,0.9999839203144815,1.6079684429262363E-5,1.0891563302847031E-12,2.988762436131484E-20
11353.0,0.9706207009341506,0.029379296655051984,2.4107916879093746E-9,5.524507039406816E-15
11594.0,4.774801891887203E-4,0.9985337956108226,9.882435237418882E-4,4.806762468011227E-7
12140.0,5.867491080503036E-8,0.721021471152901,0.2747893475390484,0.004189122633139849
12387.0,1.0190641201697082E-9,0.11539953303725771,0.8438342638834258,0.04076620206025231
12656.0,1.0125394822068606E-6,0.5968865314857562,0.4025673969115681,5.450590631934125E-4
11903.0,1.9072734754117976E-10,0.003685170613046691,0.9862387187522859,0.01007611044394026
11215.0,5.0873386813096716E-5,0.9969205799298597,0.00302134476280126,7.201920525818227E-6
10972.0,0.9998765642673362,1.2343573014761948E-4,2.5164436712545616E-12,1.0089776529573319E-19
11446.0,0.9999994945799547,5.054200312543877E-7,1.4094466489883132E-14,6.357263830573932E-22
11685.0,0.9998739716267188,1.2602832607242723E-4,4.7208774692254E-11,5.3541744490089514E-18
12163.0,2.562383476244638E-4,0.9806252941762942,0.019090429390144187,2.8038085937226497E-5
12428.0,0.46076075620983065,0.539233999264182,5.244523272178427E-6,2.715144231375964E-12
12703.0,0.9999999565018051,4.349819234889718E-8,2.7137623136939936E-15,6.97357644178161E-23
11920.0,0.999676144109458,3.2385588252600953E-4,8.015791372620056E-12,6.783415098303787E-18
12491.0,0.05221446813926862,0.9477847638285244,7.680282212623667E-7,3.986005448455443E-12
12228.0,1.227359943802749E-11,0.016935004509127775,0.44850514132986113,0.5345598541487375
11991.0,0.5677633510686148,0.43223646926949755,1.7964059483211757E-7,2.129288561656515E-11
12760.0,0.5638745029992267,0.4361236887824763,1.8078454637636306E-6,3.728331839789839E-10
11505.0,0.22650258670436457,0.773488197187493,9.21542342804303E-6,6.84714462419298E-10
11746.0,0.971273227620796,0.02872677124623791,1.132957553837886E-9,8.631386510894529E-15
11144.0,0.9258007848052279,0.07419906591194757,1.4928257413773517E-7,2.506335784018374E-13
12324.0,0.9940210492732054,0.005978937663084696,1.3063666363798037E-8,4.341763475358506E-14
12075.0,0.9994726468763079,5.273530468437476E-4,7.684850289043361E-11,1.9521304622622283E-17
11832.0,0.995626044844049,0.0043739346178067965,2.0538132730980243E-8,1.1185212167722939E-14
12599.0,0.10474253218440652,0.8952467769860836,1.068730066180899E-5,3.528848188853808E-9
11294.0,0.9999909595680907,9.040417955810362E-6,1.3953525551927452E-11,4.3153564875862635E-18
11533.0,0.9949519208093349,0.005047999593732794,7.959067126022031E-8,6.261009016990851E-12
11111.0,0.9999965694051782,3.4305947794334298E-6,4.248975601864948E-14,7.186905008186843E-21
12565.0,2.318982138873082E-11,0.0023080081520719525,0.986778140885563,0.010913850939175242
11802.0,0.921739189426455,0.07826080536525755,5.20827152925609E-9,1.578819865673786E-14
12041.0,0.9999809741723443,1.902582680458235E-5,8.509721161593706E-13,2.4126772993489096E-19
12294.0,0.9999999814713739,1.5904920674223688E-8,2.623698196990965E-9,7.299574192430342E-15
11567.0,0.8142536738195257,0.18574607449867134,2.5166478192161457E-7,1.702115914729893E-11
11324.0,0.999590385972447,4.096135369730442E-4,4.905791349704036E-10,7.802695868086413E-16
11077.0,0.966583144334656,0.03341681102137297,4.4643901120205156E-8,6.999885436796658E-14
12021.0,1.1855298333751736E-12,0.04118018501284038,0.5237500812119663,0.43506973377400776
12262.0,8.617972743708365E-14,0.023243012303558654,0.9664490422840986,0.010307945412256738
12521.0,0.023479747870828262,0.9765193785586447,8.730973478215056E-7,4.731791852214635E-10
11712.0,0.9999999074268401,9.257315814332524E-8,1.7463051401916684E-15,5.690750995731572E-23
11475.0,0.999883352830964,1.1664714622756646E-4,2.2808483510139916E-11,5.786765496757344E-17
11178.0,0.999689458111664,3.10541860359774E-4,2.7976269175923566E-11,1.2226982221046003E-17
11384.0,0.999997806070357,2.193929576499294E-6,6.631579777510251E-14,4.040916869105843E-21
11627.0,0.01199729057199086,0.9875549782248,4.4730320006156836E-4,4.2800314744562896E-7
12109.0,0.9999792170317781,2.078296661191506E-5,1.6100887990779919E-12,6.483766490525863E-20
12354.0,0.15942000811306065,0.8401114730241815,4.685068119214363E-4,1.205083641939704E-8
12625.0,0.7032492711630852,0.2967503793190934,3.494535011141018E-7,6.432035478400329E-11
11870.0,0.9999942309785816,5.769020282662594E-6,1.1356835498392126E-12,1.1783507748229226E-19
11009.0,0.9999999639054642,3.609453507910408E-8,5.939510454924572E-16,1.3042082151005386E-23
11415.0,0.9353865067201026,0.06461347608842619,1.719145791754872E-8,1.3277078537614698E-14
11652.0,0.9999994525856971,5.474142824188776E-7,2.0421767371070177E-14,2.996119779527525E-21
12194.0,0.9997504957377383,2.495042341741427E-4,2.8087619722197207E-11,4.158896611209222E-18
12461.0,2.1229015140107385E-7,0.9245791847792921,0.05863416366269529,0.016786439267861247
12734.0,0.5804798143958236,0.41952002885401113,1.5675014746011587E-7,1.7633744425591668E-14
11953.0,7.421227857979913E-8,0.9984831680678667,0.0015153757890597971,1.3819307950050096E-6
11246.0,0.9999999657953319,3.420466693502016E-8,1.1354765256223865E-15,1.62422169473283E-24
11005.0,0.730035544317993,0.269964309457449,1.46207376728002E-7,1.7181343292050687E-11
11686.0,0.9999999595525563,4.0447443397125194E-8,5.327315027918457E-16,8.200138523570914E-24
11445.0,0.999874141303289,1.2585867086641148E-4,2.5844508454013242E-11,3.571699506030459E-18
11923.0,0.9989169572525768,0.001083042594499627,1.529235620490269E-10,3.2564010342057085E-18
12700.0,0.9999945766422851,5.423357369821324E-6,3.450287729063012E-13,2.917929889995862E-20
12431.0,0.9999983796043572,1.6203956024685148E-6,4.011586845337496E-14,4.621921339787002E-22
12160.0,0.9994937138945243,5.062857541875082E-4,3.512881061888601E-10,1.3087502081036706E-18
10975.0,1.3544334821855975E-7,0.05518584420934759,0.9240534350655211,0.02076058528178312
11212.0,6.482383108380239E-5,0.7180144172474106,0.279899509981933,0.002021248939572666
11593.0,0.9999999970336784,2.965842817483989E-9,4.786317807950067E-13,7.345001778896646E-19
11354.0,0.9098429378508672,0.09015613268675922,9.294571493768364E-7,5.224274705036152E-12
11900.0,0.9953047111550174,0.004695287886086186,9.588934508576937E-10,2.9946409616343584E-15
12659.0,0.9999854565265123,1.4543468468306871E-5,5.019373064424983E-12,4.762498133794797E-19
12384.0,0.09651739820127014,0.9034758488451413,6.752574133228598E-6,3.7945518153074336E-10
12143.0,0.19789552603111712,0.8020488954244399,5.557843543511118E-5,1.0900789940355466E-10
11043.0,0.5496188240212567,0.45038024008799654,9.358903113461984E-7,4.354620326774473E-13
11145.0,0.9999999713585527,2.864144685738111E-8,4.023053664770969E-16,1.5090497157908778E-23
12229.0,0.9976171045097553,0.0023828917423567688,3.747885041774642E-9,2.8675865937533047E-15
12490.0,0.9999021351406151,9.78648541306585E-5,5.254206524297914E-12,2.321160308681042E-18
12761.0,1.397361034899679E-13,7.064080661274233E-4,0.9221900280536959,0.07710356388003703
11990.0,0.9999999999951024,4.8977001433007E-12,3.2098154533531576E-18,8.882688079726977E-26
11504.0,0.005538479148380325,0.9942514096267046,2.1004651859785954E-4,6.470631716959263E-8
11747.0,0.8634818142253986,0.1365178152875253,3.7048662626447637E-7,4.497742853353326E-13
11110.0,0.035340690844910636,0.9646508183248002,8.48244509625098E-6,8.385193014459073E-9
12074.0,0.9999999953932652,4.606734493531364E-9,2.8661447044568104E-16,2.115837403800741E-22
12325.0,0.4684749782854325,0.5315246635683333,3.581458717557308E-7,3.624719758303209E-13
12598.0,0.9990826151433913,9.173847682227158E-4,8.838615904132064E-11,4.684587750940041E-17
11833.0,0.06710397612970843,0.9328753551413571,2.0668662867373505E-5,6.606716489719652E-11
11295.0,0.07094228952702328,0.929006407517969,5.129728707238733E-5,5.667935451840511E-9
11532.0,0.9991941300473139,8.058698445958149E-4,1.080903339160453E-10,4.593899654548381E-17
11076.0,0.7974770118953654,0.2025209733235034,2.0147605202989888E-6,2.061085822497147E-11
11803.0,0.021557099566834402,0.9784419621190671,9.38179688449575E-7,1.3441005743888896E-10
12564.0,0.9999999816397046,1.8360294896410092E-8,4.036099673568081E-16,2.4369446710782813E-23
12295.0,0.9999999657953319,3.420466693502016E-8,1.1354765256223865E-15,1.62422169473283E-24
12040.0,0.9958691369810574,0.0041308627618436055,2.570990462072505E-10,3.2763293446177815E-17
11566.0,0.013907321999460768,0.9860709004620364,2.177363476829188E-5,3.903734597713304E-9
11325.0,0.9999612827138159,3.871725575063404E-5,3.043170671640229E-11,1.5889595068475085E-15
11179.0,0.9151743534660001,0.08482541146639538,2.350672816633362E-7,3.229606316545126E-13
12020.0,0.0659156548255406,0.9340822940240603,2.051123845073671E-6,2.655402736134119E-11
12520.0,0.9923104428741701,0.00768955387341494,3.2523814344312866E-9,3.3532903425778067E-14
12263.0,0.26096755428894786,0.7389979394171903,3.45051132213807E-5,1.1806406088193465E-9
11713.0,0.9999865022147885,1.3497783379210169E-5,1.8323629203329983E-12,1.3059047891355464E-18
11474.0,0.9994980995882303,5.019003346695234E-4,7.710028917878196E-11,5.037177167648278E-17
11008.0,0.9810042578635896,0.018995740679117353,1.4572722811205285E-9,2.0933675428676138E-14
11385.0,0.9999998920486804,1.0795131673972173E-7,2.781090438352247E-15,2.658527632893863E-23
11626.0,0.9999999639054642,3.609453507910408E-8,5.939510454924572E-16,1.3042082151005386E-23
12355.0,0.9999915951564597,8.404843444785424E-6,9.55690187819673E-14,4.7953187456935905E-20
12108.0,0.08023928775851542,0.9196681155409844,9.259481989965837E-5,1.88060049547402E-9
11871.0,0.9999999999998512,1.48814581376345E-13,2.413185685272866E-18,1.7272387195725675E-26
12624.0,0.9964548379605594,0.0035451616774231014,3.6201745796811387E-10,6.046901117565288E-17
11247.0,0.9999997204894562,2.7951046532664384E-7,7.861340528141968E-14,1.0852171950493789E-20
11004.0,0.9984775246980132,0.001522474876133768,4.258529065602527E-10,2.860033271904088E-16
11414.0,1.0523752399843024E-5,0.877913869128999,0.12149647131668609,5.791358019148138E-4
11653.0,0.017414913019742476,0.9825826454723741,2.4405943223697696E-6,9.135611031625665E-10
12460.0,0.9992296048347745,7.703898643206844E-4,5.300902885621104E-9,1.9032684225258756E-15
