11477.0,0.9931972789115647,0.0034013605442176874,0.0017006802721088437,0.0017006802721088437
11718.0,0.9987892652341934,0.0010562242473388045,7.725525923392399E-5,7.725525923392399E-5
12256.0,0.7291686568480857,0.27053360729839837,2.7184037502328134E-4,2.5895478492539365E-5
12527.0,0.9964631174858385,0.0034613877500551237,3.774738205324634E-5,3.774738205324634E-5
12019.0,0.8295465896170474,0.17044704510029285,5.882952593046756E-6,4.823300665810026E-7
11180.0,0.9999040791485551,4.294963497529592E-6,4.5812943973648985E-5,4.5812943973648985E-5
11322.0,0.9852991345566847,0.009089848098538442,0.0028055086723884084,0.0028055086723884084
11561.0,0.972407500570141,0.027592110497259528,1.9446629963796961E-7,1.9446629963796961E-7
12047.0,0.923092741106313,0.06292412091301666,0.006991568990335184,0.006991568990335184
12288.0,0.9878857689365818,0.012099315043258757,7.458010079787951E-6,7.458010079787951E-6
12563.0,0.9938945532741394,0.006105042265505812,2.022301773376096E-7,2.022301773376096E-7
11804.0,0.0027269895603068196,0.9956414995388055,5.541816918776243E-4,0.0010773292090101017
11075.0,0.9237624027829332,0.0741443754667337,0.0010466108751664854,0.0010466108751664854
11531.0,0.9661594638586769,0.024956938429034674,0.004441798856144112,0.004441798856144112
11288.0,0.9222332595088443,0.008043074287418423,0.03486183310186863,0.03486183310186863
11838.0,0.01565781309115637,0.9841713941998844,3.7445417311397534E-7,1.7041825478609368E-4
12593.0,0.993046346204309,0.0027136209934403646,0.002120016401125284,0.002120016401125284
12322.0,0.9449581453283463,0.05464306159547009,1.9939653809176923E-4,1.9939653809176923E-4
12077.0,0.9987892652341934,0.0010562242473388045,7.725525923392399E-5,7.725525923392399E-5
11105.0,0.6868131868131868,0.14835164835164835,0.0824175824175824,0.0824175824175824
11748.0,0.9956468544691895,3.7312675978374844E-4,0.0019900093855133253,0.0019900093855133253
11511.0,0.712393653399808,0.28729813259911513,1.5410700053847498E-4,1.5410700053847498E-4
11985.0,0.6,0.2,0.1,0.1
12493.0,0.00593228539166984,0.9940103447635033,5.657548597356018E-5,7.943588531048497E-7
12226.0,0.6935371463022818,0.3064498922883285,8.687699569226902E-6,4.27370982041941E-6
11150.0,0.9303706045157663,0.050810639947954386,0.009409377768139703,0.009409377768139703
12390.0,0.8922385846909294,0.10685651729466684,6.380717304508301E-7,9.04259942673386E-4
12137.0,0.9704085300107824,0.01868934946687432,0.005451060261171678,0.005451060261171678
11898.0,0.9993782174227992,6.210227241047001E-4,7.588122013409306E-7,1.0408946520451724E-9
12661.0,0.9792494223771238,0.01997096718728067,3.8980521779773505E-4,3.8980521779773505E-4
11356.0,0.9867278576500061,0.013271083431882236,1.0109414250941729E-6,4.797668655354236E-8
11599.0,0.015069977369143978,0.6362656926152561,0.33754162087650796,0.011122709139091969
11045.0,0.9884029693397777,0.005867272428887191,0.0028648791156675735,0.0028648791156675735
12425.0,0.99768489017381,0.0023070022100586366,4.0538080657124445E-6,4.0538080657124445E-6
12166.0,0.9077954735959765,0.04191114836546521,0.025146689019279127,0.025146689019279127
11925.0,0.009978608426821661,0.358577580382559,0.6289071437229995,0.002536667467619864
12698.0,0.969706014027757,0.01298313684524698,0.008655424563497986,0.008655424563497986
11443.0,0.929593442637473,0.0694134077965394,4.965747829938029E-4,4.965747829938029E-4
11680.0,0.9987892652341934,0.0010562242473388045,7.725525923392399E-5,7.725525923392399E-5
11210.0,0.94666890243643,0.05331235032764924,9.373617960448498E-6,9.373617960448498E-6
10969.0,0.8765679436474918,0.12171820872241321,4.1193370337594344E-4,0.0013019139267190314
12728.0,0.9996400160166939,8.235370734639469E-5,1.388151379797665E-4,1.388151379797665E-4
11959.0,0.5936529194155681,0.25607868535736633,0.07513419761353282,0.07513419761353282
12196.0,0.021416082903954147,0.9243744572454118,0.027104729925316966,0.027104729925316966
12459.0,0.9,0.03333333333333333,0.03333333333333333,0.03333333333333333
11650.0,0.9987892652341934,0.0010562242473388045,7.725525923392399E-5,7.725525923392399E-5
11409.0,0.9217663323487846,0.07823189458225932,1.0979379572665874E-6,6.751309988322655E-7
11003.0,0.43590307633004205,0.5637439066387111,3.529039104411229E-4,1.1312080567123124E-7
11240.0,0.7000000000000001,0.10000000000000002,0.10000000000000002,0.10000000000000002
12631.0,0.9934043596384771,0.0029700684829372633,0.0018127859392927628,0.0018127859392927628
11864.0,0.8178960601231204,0.17880941053660854,4.5001159622589515E-4,0.0028445177440451644
12107.0,0.8107416784329148,0.15981879399683643,0.029439226842992154,3.007272566415396E-7
12356.0,0.03843929667143565,0.9609824167858912,7.524692362493342E-6,5.70761850310606E-4
11629.0,0.6341749853200235,0.22196124486200824,0.08220786846741045,0.06165590135055784
11390.0,0.967011909233124,0.027790842330956907,0.0025986242179596064,0.0025986242179596064
11015.0,0.22907488986784144,0.6475770925110134,0.0616740088105727,0.0616740088105727
11181.0,0.9987892652341934,0.0010562242473388045,7.725525923392399E-5,7.725525923392399E-5
11476.0,0.011589768992160847,0.006744461537527323,0.1953567645756824,0.7863090048946294
11719.0,0.9996400160166939,8.235370734639469E-5,1.388151379797665E-4,1.388151379797665E-4
12526.0,0.9990941188352338,7.186537672793578E-4,9.361369874336686E-5,9.361369874336686E-5
12257.0,0.6868131868131868,0.14835164835164835,0.0824175824175824,0.0824175824175824
12018.0,0.09784667851505839,0.889221204596654,0.006846414823211083,0.006085702065076518
11074.0,0.9604413592409592,0.02864591227378823,0.00545636424262633,0.00545636424262633
11323.0,0.9488565276464451,0.04962462552343929,0.0012396178728484803,2.7922895726711255E-4
11560.0,0.9761473199422366,0.021821997633661654,0.0020300238511209035,6.585729809264212E-7
12289.0,0.9217663323487846,0.07823189458225932,1.0979379572665874E-6,6.751309988322655E-7
12046.0,0.9943858214252803,0.004515794184620988,5.491921950493675E-4,5.491921950493675E-4
11805.0,0.9,0.03333333333333333,0.03333333333333333,0.03333333333333333
12562.0,0.9931972789115647,0.0034013605442176874,0.0017006802721088437,0.0017006802721088437
11104.0,0.9714178390607098,0.0024222170287534193,0.013079971955268466,0.013079971955268466
11530.0,0.9608500407303208,0.013466931346273683,0.01284151396170281,0.01284151396170281
11289.0,0.9901415864583415,0.008709263642095214,5.745749497816661E-4,5.745749497816661E-4
12592.0,0.3076923076923076,0.5274725274725275,0.0824175824175824,0.0824175824175824
11839.0,0.04280523423847591,0.01902454855043374,0.8337831195406721,0.10438709767041829
12076.0,0.9995135641949425,7.680565343013813E-5,2.048150758137017E-4,2.048150758137017E-4
12323.0,0.9995135641949425,7.680565343013813E-5,2.048150758137017E-4,2.048150758137017E-4
11151.0,0.992474562678652,0.00745595749680876,3.473991226957386E-5,3.473991226957386E-5
11749.0,0.9931972789115647,0.0034013605442176874,0.0017006802721088437,0.0017006802721088437
11510.0,0.9838205173001758,0.01617814842701909,1.2738205497362648E-6,6.045225541575253E-8
11984.0,0.22013917507178607,0.6726376556719259,0.068946308532157,0.03827686072413105
12227.0,0.9348305717102452,0.0648340604067673,1.6768394149376195E-4,1.6768394149376195E-4
12492.0,0.9604413592409592,0.02864591227378823,0.00545636424262633,0.00545636424262633
11044.0,0.9217663323487846,0.07823189458225932,1.0979379572665874E-6,6.751309988322655E-7
12136.0,0.94666890243643,0.05331235032764924,9.373617960448498E-6,9.373617960448498E-6
12391.0,0.8220657458599614,0.17786469949712116,3.4346604950183906E-5,3.5208037967133525E-5
12660.0,0.9999040791485551,4.294963497529592E-6,4.5812943973648985E-5,4.5812943973648985E-5
11899.0,0.99768489017381,0.0023070022100586366,4.0538080657124445E-6,4.0538080657124445E-6
11357.0,0.9318181818181819,0.02272727272727273,0.02272727272727273,0.02272727272727273
11598.0,0.9940339354160682,0.005808844627513655,8.71625824260096E-5,7.005737399209878E-5
11211.0,0.6329311745952366,0.2646496218040883,0.05120960180033757,0.05120960180033757
10968.0,0.9904151605821808,0.002614047113950686,0.0034853961519342477,0.0034853961519342477
12167.0,0.9605263157894737,0.013157894736842105,0.013157894736842105,0.013157894736842105
12424.0,0.9768238964909877,0.023152199740201267,1.1951884405484582E-5,1.1951884405484582E-5
12699.0,0.1527093596059113,0.6896551724137929,0.07881773399014777,0.07881773399014777
11924.0,0.9217663323487846,0.07823189458225932,1.0979379572665874E-6,6.751309988322655E-7
11442.0,0.9931972789115647,0.0034013605442176874,0.0017006802721088437,0.0017006802721088437
11681.0,0.9875957030090806,0.00763341353287344,0.00238544172902295,0.00238544172902295
11002.0,0.9537790058718247,0.010048042201777248,0.01808647596319905,0.01808647596319905
11241.0,0.9996400160166939,8.235370734639469E-5,1.388151379797665E-4,1.388151379797665E-4
11958.0,0.92,0.04,0.02,0.02
12729.0,0.6145598194130926,0.24887133182844248,0.0682844243792325,0.0682844243792325
12458.0,0.9998705668844999,1.227418524481827E-4,2.3880033945902283E-6,4.303259657200881E-6
12197.0,0.9981374358736597,0.0012571310129770924,3.0271655668160903E-4,3.0271655668160903E-4
11651.0,0.9232111692844676,0.03490401396160558,0.020942408376963345,0.020942408376963345
11408.0,0.8181818181818182,0.09090909090909091,0.045454545454545456,0.045454545454545456
11014.0,0.9931972789115647,0.0034013605442176874,0.0017006802721088437,0.0017006802721088437
11865.0,0.9,0.03333333333333333,0.03333333333333333,0.03333333333333333
12630.0,0.9931972789115647,0.0034013605442176874,0.0017006802721088437,0.0017006802721088437
12357.0,0.9992531528484054,3.7785152333634194E-4,1.8449781412907318E-4,1.8449781412907318E-4
12106.0,0.9964631174858385,0.0034613877500551237,3.774738205324634E-5,3.774738205324634E-5
11628.0,0.9768238964909877,0.023152199740201267,1.1951884405484582E-5,1.1951884405484582E-5
11391.0,0.9964631174858385,0.0034613877500551237,3.774738205324634E-5,3.774738205324634E-5
11563.0,0.9996400160166939,8.235370734639469E-5,1.388151379797665E-4,1.388151379797665E-4
11320.0,0.06627050309016869,0.758619326085592,0.08755508541211968,0.08755508541211968
12561.0,0.2493414541922602,0.3325312794059254,0.07828495172956182,0.33984231467225257
11806.0,0.19756550115841626,0.601107309291453,0.016318434921673234,0.18500875462845753
12045.0,0.8214717114737197,0.17820993079272301,4.6566221388229597E-7,3.178920713436474E-4
12290.0,1.8576629809736213E-5,0.028111727985130654,0.006966236178651082,0.9649034592064085
11073.0,0.9964631174858385,0.0034613877500551237,3.774738205324634E-5,3.774738205324634E-5
11716.0,0.9819277108433736,0.00602409638554217,0.00602409638554217,0.00602409638554217
11479.0,0.9084146010366732,0.08873637530470962,0.0014245118293086053,0.0014245118293086053
12017.0,0.07215686274509803,0.8857516339869279,0.021045751633986923,0.021045751633986923
12258.0,0.08264214167431774,0.692742210844259,0.2244267803761032,1.888671053200532E-4
12525.0,0.9875957030090806,0.00763341353287344,0.00238544172902295,0.00238544172902295
11182.0,0.9567103512385395,0.006835207699177949,0.0182272205311412,0.0182272205311412
11509.0,0.9878857689365818,0.012099315043258757,7.458010079787951E-6,7.458010079787951E-6
11750.0,0.9990941188352338,7.186537672793578E-4,9.361369874336686E-5,9.361369874336686E-5
12495.0,0.004818626422395222,0.0012864179670139591,0.9938477311536583,4.722445693245682E-5
12224.0,0.9339081489927948,0.05617351826997845,0.004959166368613384,0.004959166368613384
11987.0,0.9964631174858385,0.0034613877500551237,3.774738205324634E-5,3.774738205324634E-5
11148.0,0.18463209340211784,0.7645940809122996,0.025386912842791196,0.025386912842791196
11290.0,0.7645940809122996,0.18463209340211784,0.025386912842791196,0.025386912842791196
11529.0,0.5321456280492519,0.4653743226858975,0.00247785903311808,2.190231732538814E-6
12320.0,0.9053800755512815,0.07700004182992239,0.008809941309398033,0.008809941309398033
12079.0,0.9875957030090806,0.00763341353287344,0.00238544172902295,0.00238544172902295
11836.0,0.9743919224300573,0.012955865331828709,0.006326106119056986,0.006326106119056986
12595.0,0.9547161364053188,0.045280644962025794,3.020516374084253E-6,1.9811628134389584E-7
11107.0,0.9999040791485551,4.294963497529592E-6,4.5812943973648985E-5,4.5812943973648985E-5
11927.0,0.9142798974804569,0.08429325896279694,7.134217783730609E-4,7.134217783730609E-4
12696.0,0.9662564891367045,0.006056527590847914,0.013843491636223802,0.013843491636223802
12427.0,0.969706014027757,0.01298313684524698,0.008655424563497986,0.008655424563497986
12164.0,0.9545583525882687,0.0286999878389882,0.00837082978637156,0.00837082978637156
11682.0,0.10464849594754366,0.8096125482245964,0.0047259505810448325,0.08101300524681522
11441.0,0.024741073006008932,0.7471553866084463,0.05980375696939892,0.16829978341614582
10971.0,0.010244881400653902,0.853073054472525,0.12588910265123515,0.010792961475586001
11208.0,0.07922360863537334,0.24262230144583086,0.5989304812834224,0.07922360863537334
11896.0,0.8756222378008475,0.1243686072582556,4.577470448425716E-6,4.577470448425716E-6
12663.0,0.94666890243643,0.05331235032764924,9.373617960448498E-6,9.373617960448498E-6
12388.0,0.8796327293771946,0.11880164397346532,7.828133246700045E-4,7.828133246700045E-4
12139.0,0.9217663323487846,0.07823189458225932,1.0979379572665874E-6,6.751309988322655E-7
11597.0,0.94666890243643,0.05331235032764924,9.373617960448498E-6,9.373617960448498E-6
11358.0,0.9973859896558019,0.002612270449050197,8.699475739788185E-7,8.699475739788185E-7
11047.0,0.998789780670106,5.500996954062416E-4,3.3005981724374496E-4,3.3005981724374496E-4
12105.0,0.4477080840178149,0.5519944196615755,8.599072640998974E-5,2.1150559419959015E-4
12358.0,0.9993977101019611,1.513202903519948E-4,2.2548480384349033E-4,2.2548480384349033E-4
12629.0,0.99768489017381,0.0023070022100586366,4.0538080657124445E-6,4.0538080657124445E-6
11866.0,0.8569324060980538,0.14290080992648296,8.339198773161143E-5,8.339198773161143E-5
11388.0,0.9996400160166939,8.235370734639469E-5,1.388151379797665E-4,1.388151379797665E-4
11631.0,0.006299204673601389,0.9880419182482182,0.005352925679057377,3.059513991230782E-4
11013.0,0.993046346204309,0.0027136209934403646,0.002120016401125284,0.002120016401125284
12198.0,0.3672572226146546,0.5826169412341697,0.02506291807558788,0.02506291807558788
12457.0,0.8651468585074071,0.12960351188776223,0.0026248148024153764,0.0026248148024153764
12730.0,0.9964631174858385,0.0034613877500551237,3.774738205324634E-5,3.774738205324634E-5
11957.0,0.9957504492958001,0.004249260279990309,2.6524821035066263E-7,2.517599918451529E-8
11411.0,0.9901415864583415,0.008709263642095214,5.745749497816661E-4,5.745749497816661E-4
11648.0,0.9981374358736597,0.0012571310129770924,3.0271655668160903E-4,3.0271655668160903E-4
11242.0,0.9878857689365818,0.012099315043258757,7.458010079787951E-6,7.458010079787951E-6
11001.0,0.9197080291970802,0.034410844629822725,0.022940563086548484,0.022940563086548484
11072.0,0.9973859896558019,0.002612270449050197,8.699475739788185E-7,8.699475739788185E-7
11562.0,0.5906032657998186,0.13063199274266707,0.15119443604475352,0.1275703054127608
11321.0,0.012823595345923049,0.9866306119690955,5.457916434557328E-4,1.0415255722332596E-9
11807.0,0.9992531528484054,3.7785152333634194E-4,1.8449781412907318E-4,1.8449781412907318E-4
12560.0,0.9741753472222223,0.011067708333333332,0.007378472222222222,0.007378472222222222
12291.0,0.17365049861497497,0.7763295809800019,0.02500996020251156,0.02500996020251156
12044.0,0.9999040791485551,4.294963497529592E-6,4.5812943973648985E-5,4.5812943973648985E-5
11183.0,0.99768489017381,0.0023070022100586366,4.0538080657124445E-6,4.0538080657124445E-6
11717.0,0.9973859896558019,0.002612270449050197,8.699475739788185E-7,8.699475739788185E-7
11478.0,0.998789780670106,5.500996954062416E-4,3.3005981724374496E-4,3.3005981724374496E-4
12016.0,0.9242775201035149,0.033999651906710844,0.04172281206597757,1.5923796647766933E-8
12524.0,0.9633844293022015,0.02032089994235168,0.01628636801125138,8.302744195474341E-6
12259.0,0.9768238964909877,0.023152199740201267,1.1951884405484582E-5,1.1951884405484582E-5
11149.0,0.8830607682065968,0.07754917476825683,0.019695028512573164,0.019695028512573164
11508.0,0.94666890243643,0.05331235032764924,9.373617960448498E-6,9.373617960448498E-6
11751.0,0.9964631174858385,0.0034613877500551237,3.774738205324634E-5,3.774738205324634E-5
12225.0,0.85,0.05,0.05,0.05
12494.0,0.9554560014073006,0.036494367770696874,7.477160705488488E-4,0.0073019147514535995
11986.0,0.8768501575891784,0.0628494913088776,0.030150175550972047,0.030150175550972047
11106.0,0.9110650265066802,0.08837290450294198,5.611519230037076E-4,9.170673740390654E-7
11291.0,0.9992531528484054,3.7785152333634194E-4,1.8449781412907318E-4,1.8449781412907318E-4
11528.0,0.9896429854786554,0.010354601415760367,2.1663616635992975E-6,2.467439206652722E-7
12078.0,0.9913829430528124,0.0013605879390296322,0.003628234504079019,0.003628234504079019
12321.0,0.07640460758919036,0.9228510215753482,7.416209895680662E-4,2.7498458933264175E-6
12594.0,0.9931972789115647,0.0034013605442176874,0.0017006802721088437,0.0017006802721088437
11837.0,0.003315449652301375,0.9956885510694352,1.2279443156671757E-4,8.732048466966582E-4
10970.0,0.6106578469510029,0.2081210781752822,0.09061053743685756,0.09061053743685756
11209.0,0.9861794662106906,0.003769236487993458,0.005025648650657944,0.005025648650657944
12697.0,0.9992531528484054,3.7785152333634194E-4,1.8449781412907318E-4,1.8449781412907318E-4
11926.0,0.9783634049562028,0.005900889557399252,0.007867852743199004,0.007867852743199004
12165.0,0.9901415864583415,0.008709263642095214,5.745749497816661E-4,5.745749497816661E-4
12426.0,0.9232730062697379,0.07384431903603896,0.0014413373471116335,0.0014413373471116335
11683.0,0.9783634049562028,0.005900889557399252,0.007867852743199004,0.007867852743199004
11440.0,0.9948213843240925,0.005150931203011112,2.641274799319565E-6,2.5043198097252175E-5
11046.0,0.04395008138903962,0.08790016277807924,0.10851871947911015,0.759631036353771
12662.0,0.2761896050299373,0.7190059965655394,8.368952059492253E-4,0.003967503198574106
11897.0,0.9878857689365818,0.012099315043258757,7.458010079787951E-6,7.458010079787951E-6
12138.0,0.026382090251006192,2.9016957566731883E-6,0.05711407757859836,0.9165009304746388
12389.0,0.9571428571428573,0.014285714285714287,0.014285714285714287,0.014285714285714287
11596.0,0.01139693435069563,0.84732362034105,0.07063972265412713,0.07063972265412713
11359.0,0.43877027896249,0.5168317382421829,0.04439194791156633,6.034883760715374E-6
11012.0,0.18624810001591086,0.8016894052916606,0.006031247346214339,0.006031247346214339
12359.0,0.9633667684256434,0.015699956389010034,0.010466637592673356,0.010466637592673356
12104.0,0.9931972789115647,0.0034013605442176874,0.0017006802721088437,0.0017006802721088437
11867.0,0.9968537273571286,4.967798909796812E-4,0.0013247463759458167,0.0013247463759458167
12628.0,0.9987892652341934,0.0010562242473388045,7.725525923392399E-5,7.725525923392399E-5
11389.0,0.9992531528484054,3.7785152333634194E-4,1.8449781412907318E-4,1.8449781412907318E-4
11630.0,0.9845586967761984,0.006953339710278367,0.004243981756761697,0.004243981756761697
11243.0,0.9584439921453316,1.3077704556392522E-4,0.006540825917227008,0.034884404891877385
11000.0,0.993046346204309,0.0027136209934403646,0.002120016401125284,0.002120016401125284
12456.0,0.2674589252980506,0.6650415558423499,0.03374975942979972,0.03374975942979972
12199.0,0.9957504492958001,0.004249260279990309,2.6524821035066263E-7,2.517599918451529E-8
11956.0,0.9964631174858385,0.0034613877500551237,3.774738205324634E-5,3.774738205324634E-5
12731.0,5.4192059379749536E-5,0.6591329893455454,0.33990640152434326,9.064170707315818E-4
11410.0,0.4235723330002065,0.41624320788939784,0.15753421278740423,0.0026502463229914736
11649.0,0.94666890243643,0.05331235032764924,9.373617960448498E-6,9.373617960448498E-6
11834.0,0.5143624281083347,0.4855663896955779,3.559109804367003E-5,3.559109804367003E-5
12597.0,0.9723362922867462,0.015530502575861735,0.0060666025686959895,0.0060666025686959895
12326.0,0.01876359403241124,0.8412982875348468,0.048034800722972774,0.09190331770976934
12073.0,0.9887939845934546,0.0017693708536650795,0.0047183222764402115,0.0047183222764402115
11535.0,0.9680082008496474,0.004276978496036439,0.013857410327158063,0.013857410327158063
11292.0,0.9999040791485551,4.294963497529592E-6,4.5812943973648985E-5,4.5812943973648985E-5
11109.0,0.765829437592684,0.22367417521722102,0.005248193595047509,0.005248193595047509
11989.0,0.8316248220466793,0.16677362368117293,1.974518965661522E-4,0.0014041023755815266
12489.0,0.9279342090975232,0.06858520513542338,0.0017402928835267538,0.0017402928835267538
12230.0,0.9964631174858385,0.0034613877500551237,3.774738205324634E-5,3.774738205324634E-5
11744.0,0.9368910292305971,0.013719341471609362,0.024694814648896855,0.024694814648896855
11507.0,0.9108373984681877,0.059128883121096605,0.015016859205357867,0.015016859205357867
11146.0,0.8379354724351714,0.16161534966925092,4.4494156873845896E-4,4.236326839282493E-6
12260.0,0.9995135641949425,7.680565343013813E-5,2.048150758137017E-4,2.048150758137017E-4
12523.0,0.9936443357086225,0.0015686190008123093,0.0023935226452824537,0.0023935226452824537
12023.0,0.0421216848673947,0.9017160686427458,0.0280811232449298,0.0280811232449298
11473.0,0.9944050843986572,0.0019303212856384955,0.0018322971578521661,0.0018322971578521661
11714.0,0.24477353847918726,0.7393735239150067,0.007926468802903089,0.007926468802903089
11176.0,0.8619713117353998,0.13666915112830055,0.0013545281109121055,5.009025387628443E-6
12043.0,0.9634533121045081,0.018490023915505666,0.009028331989992998,0.009028331989992998
12292.0,0.9689040029972045,0.019135998155566446,0.005979999423614514,0.005979999423614514
12567.0,0.5936529194155681,0.25607868535736633,0.07513419761353282,0.07513419761353282
11800.0,0.9565217391304348,0.021739130434782608,0.010869565217391304,0.010869565217391304
11326.0,0.998789780670106,5.500996954062416E-4,3.3005981724374496E-4,3.3005981724374496E-4
11565.0,0.31878877683397144,0.6811631280193999,4.809514662861674E-6,4.3285631965755066E-5
11079.0,0.9901738177919014,0.009546790139575954,1.9261668729602112E-4,8.677538122667509E-5
11654.0,0.9892802237404024,0.010636604284647928,2.6769258162604508E-5,5.640271678705147E-5
11413.0,0.6666666666666666,0.16666666666666666,0.08333333333333333,0.08333333333333333
12732.0,0.6646476267564302,0.2878865695841688,0.023732901829700462,0.023732901829700462
11955.0,0.9867278576500061,0.013271083431882236,1.0109414250941729E-6,4.797668655354236E-8
12192.0,0.9537037037037037,0.027777777777777776,0.009259259259259259,0.009259259259259259
12463.0,0.9992531528484054,3.7785152333634194E-4,1.8449781412907318E-4,1.8449781412907318E-4
11007.0,0.94666890243643,0.05331235032764924,9.373617960448498E-6,9.373617960448498E-6
11244.0,0.9845586967761984,0.006953339710278367,0.004243981756761697,0.004243981756761697
11625.0,0.9988100084642879,1.3783685741836767E-5,5.881039249850354E-4,5.881039249850354E-4
11386.0,0.001529464368735292,0.9968693776202451,7.16936422844668E-5,0.001529464368735292
12627.0,0.9819277108433736,0.00602409638554217,0.00602409638554217,0.00602409638554217
11868.0,0.7151277041846664,0.21294870185283976,0.04404889965167093,0.027874694310823008
12111.0,0.90625,0.03125,0.03125,0.03125
12352.0,0.8617916823721574,0.1130795326045986,0.012564392511622067,0.012564392511622067
11011.0,0.9878857689365818,0.012099315043258757,7.458010079787951E-6,7.458010079787951E-6
11352.0,0.9931972789115647,0.0034013605442176874,0.0017006802721088437,0.0017006802721088437
11595.0,0.9741753472222223,0.011067708333333332,0.007378472222222222,0.007378472222222222
12386.0,0.8976530573070605,0.1022393212594137,1.0739473211718439E-4,2.267014086604003E-7
12141.0,0.9466131137373163,0.05338338317955528,3.24631360267482E-6,2.567695257509146E-7
11902.0,0.9990941188352338,7.186537672793578E-4,9.361369874336686E-5,9.361369874336686E-5
12657.0,0.21231692938951205,0.7727914388861079,0.008318773583964005,0.006572858140416005
11041.0,0.2095806100127718,0.790261210028728,8.530744967213692E-5,7.287250882807285E-5
11447.0,0.18352466481633833,0.8163157034300393,2.7575542852209855E-6,1.5687419933701607E-4
11684.0,0.9934043596384771,0.0029700684829372633,0.0018127859392927628,0.0018127859392927628
12429.0,0.9786702961978924,0.010791312595532718,0.005269195603287459,0.005269195603287459
12162.0,0.9992531528484054,3.7785152333634194E-4,1.8449781412907318E-4,1.8449781412907318E-4
11921.0,0.9996400160166939,8.235370734639469E-5,1.388151379797665E-4,1.388151379797665E-4
12702.0,0.07142857142857142,0.7142857142857143,0.14285714285714285,0.07142857142857142
11214.0,0.0024898255977324384,0.5526128310378735,0.0014938953586394633,0.44340344800575454
10973.0,0.9285714285714286,0.023809523809523808,0.023809523809523808,0.023809523809523808
11108.0,0.9964745863903076,0.0032908763960631396,5.63724460058179E-5,1.7816476762332569E-4
12596.0,0.9990941188352338,7.186537672793578E-4,9.361369874336686E-5,9.361369874336686E-5
11835.0,0.7857142857142858,0.07142857142857144,0.07142857142857144,0.07142857142857144
12072.0,0.08333333333333333,0.75,0.08333333333333333,0.08333333333333333
12327.0,0.9507217523611831,0.049273400813762844,4.734481872310869E-6,1.1234318188124877E-7
11534.0,0.9940724735015517,0.005831326314633621,9.618112064477154E-5,1.9063169880546905E-8
11293.0,0.3579378068739771,0.21783960720130927,0.21211129296235678,0.21211129296235678
11147.0,0.9999624784572246,3.4348853659033137E-9,1.8759053944986632E-5,1.8759053944986632E-5
11988.0,0.012594685216552411,0.9592161582770522,0.009624116657610243,0.018565039848785186
12231.0,0.362450049460636,0.5827293805584427,0.0274102849904606,0.0274102849904606
12488.0,0.9347826086956522,0.021739130434782608,0.021739130434782608,0.021739130434782608
11745.0,0.9820838545887319,2.3791803807308943E-4,0.008839113686597498,0.008839113686597498
11506.0,0.9998705668844999,1.227418524481827E-4,2.3880033945902283E-6,4.303259657200881E-6
11177.0,0.9914317176227366,0.003858364623710466,0.0023549588767764074,0.0023549588767764074
12522.0,0.9634146341463414,0.012195121951219513,0.012195121951219513,0.012195121951219513
12261.0,0.8524335458057857,0.1444047687801922,0.003140291412869054,2.139400115313252E-5
12022.0,0.8835410096457192,0.093918540608291,0.01127022487299492,0.01127022487299492
11472.0,0.9901415864583415,0.008709263642095214,5.745749497816661E-4,5.745749497816661E-4
11715.0,0.9616125288612027,0.0383715873325832,1.5586846032163024E-5,2.969601819875595E-7
11078.0,0.7597337799187425,0.21346408844105774,0.013401065820099888,0.013401065820099888
12293.0,0.9987892652341934,0.0010562242473388045,7.725525923392399E-5,7.725525923392399E-5
12042.0,0.23150441850783463,0.6395247557493747,0.0644854128713953,0.0644854128713953
11801.0,0.81510967598263,0.040585680881861715,0.07215232156775417,0.07215232156775417
12566.0,0.8831070868678875,0.07854221984729882,0.019175346642406936,0.019175346642406936
11327.0,0.9867278576500061,0.013271083431882236,1.0109414250941729E-6,4.797668655354236E-8
11564.0,0.9769017019798542,0.009899270580062522,0.006599513720041682,0.006599513720041682
11006.0,0.8943957088643613,0.03030484000820667,0.07529945112432877,3.1031800712432524E-12
11245.0,0.2851957924744949,0.4561232166189339,0.16555583418020564,0.09312515672636568
11655.0,0.9537037037037037,0.027777777777777776,0.009259259259259259,0.009259259259259259
11412.0,0.9944050843986572,0.0019303212856384955,0.0018322971578521661,0.0018322971578521661
11954.0,0.9943858214252803,0.004515794184620988,5.491921950493675E-4,5.491921950493675E-4
12733.0,0.9084146010366732,0.08873637530470962,0.0014245118293086053,0.0014245118293086053
12462.0,0.5906032657998186,0.13063199274266707,0.15119443604475352,0.1275703054127608
12193.0,0.8646205386817454,0.11942639877338677,0.007976531272433996,0.007976531272433996
11010.0,0.9913918774045751,0.008189733465230956,2.091945650969374E-4,2.091945650969374E-4
11624.0,0.9624558967934242,0.03661541745824257,8.525479892350784E-4,7.61377590980687E-5
11387.0,0.9103829512772035,0.011048677239796814,0.03928418574149979,0.03928418574149979
11869.0,0.04980699788320259,0.02179056157390114,0.8785954426596937,0.04980699788320259
12626.0,0.9164590942596295,0.08320136964590122,2.7711484978982696E-4,6.242124467941093E-5
12353.0,0.8756891111339724,0.12416671062778464,1.4413922255427172E-4,3.901568866303543E-8
12110.0,0.9927389031308806,2.1739810985387363E-4,0.0035218493796327533,0.0035218493796327533
11040.0,0.92,0.04,0.02,0.02
11353.0,0.9117647058823529,0.029411764705882353,0.029411764705882353,0.029411764705882353
11594.0,0.9858222612266954,0.004971414894535447,0.004603161939384673,0.004603161939384673
12140.0,0.08426966292134833,0.15168539325842698,0.5393258426966293,0.22471910112359553
12387.0,6.778544038501215E-4,0.4990312768258568,0.49056412228084434,0.009726746489448814
12656.0,0.0970390617128342,0.7215062380145328,0.12365739000635481,0.05779731026627816
11903.0,0.9339081489927948,0.05617351826997845,0.004959166368613384,0.004959166368613384
11215.0,0.9887939845934546,0.0017693708536650795,0.0047183222764402115,0.0047183222764402115
10972.0,0.9858271840416831,0.014164955858761602,3.930049777677937E-6,3.930049777677937E-6
11446.0,0.9922352466410242,0.0063398875483774856,7.124329052991544E-4,7.124329052991544E-4
11685.0,0.9084146010366732,0.08873637530470962,0.0014245118293086053,0.0014245118293086053
12163.0,0.8356802995908841,0.03607017813858645,0.06412476113526479,0.06412476113526479
12428.0,0.001529464368735292,0.9968693776202451,7.16936422844668E-5,0.001529464368735292
12703.0,0.9973859896558019,0.002612270449050197,8.699475739788185E-7,8.699475739788185E-7
11920.0,0.9912429032487929,7.506082929606156E-4,0.004003244229123282,0.004003244229123282
12491.0,0.13128137874701923,0.8327446559279567,0.017986982662512113,0.017986982662512113
12228.0,0.05703768824450092,0.9310627770861752,0.011869449324263362,3.0085345060485574E-5
11991.0,0.9996540943549966,2.5316343864609694E-7,1.7282624078240216E-4,1.7282624078240216E-4
12760.0,0.9817938065840215,0.004965325477085022,0.006620433969446697,0.006620433969446697
11505.0,2.1478748155230327E-4,0.993983278122221,0.0039917090373002544,0.0018102253589264083
11746.0,0.9375366225243172,0.03843900152349701,0.012012187976092815,0.012012187976092815
11144.0,0.9507217523611831,0.049273400813762844,4.734481872310869E-6,1.1234318188124877E-7
12324.0,0.9985336541405161,1.2568678795576275E-4,6.70329535764068E-4,6.70329535764068E-4
12075.0,0.9985860794523586,2.874811883581243E-4,3.342182714356913E-4,7.922210878475647E-4
11832.0,0.9890672425041606,0.010775230846774205,1.490390366649048E-4,8.487612400270914E-6
12599.0,0.040585680881861715,0.81510967598263,0.07215232156775415,0.07215232156775415
11294.0,0.99768489017381,0.0023070022100586366,4.0538080657124445E-6,4.0538080657124445E-6
11533.0,0.993046346204309,0.0027136209934403646,0.002120016401125284,0.002120016401125284
11111.0,0.9565217391304348,0.021739130434782608,0.010869565217391304,0.010869565217391304
12565.0,0.41940074921041787,0.3965054445271028,0.18352928715175523,5.64519110724189E-4
11802.0,0.9792494223771238,0.01997096718728067,3.8980521779773505E-4,3.8980521779773505E-4
12041.0,0.9689040029972045,0.019135998155566446,0.005979999423614514,0.005979999423614514
12294.0,0.7857142857142858,0.07142857142857144,0.07142857142857144,0.07142857142857144
11567.0,0.23398328690807796,0.6434540389972144,0.06128133704735376,0.06128133704735376
11324.0,0.9285714285714286,0.023809523809523808,0.023809523809523808,0.023809523809523808
11077.0,0.9867278576500061,0.013271083431882236,1.0109414250941729E-6,4.797668655354236E-8
12021.0,0.06205618201639586,0.05083642430783151,0.30508828031106,0.5820191133647126
12262.0,0.10000000000000002,0.7000000000000001,0.10000000000000002,0.10000000000000002
12521.0,0.8681506849315068,0.05993150684931506,0.03595890410958904,0.03595890410958904
11712.0,0.99768489017381,0.0023070022100586366,4.0538080657124445E-6,4.0538080657124445E-6
11475.0,0.9117647058823529,0.029411764705882353,0.029411764705882353,0.029411764705882353
11178.0,0.9684788665127757,0.008596672769243014,0.011462230358990686,0.011462230358990686
11384.0,0.9792494223771238,0.01997096718728067,3.8980521779773505E-4,3.8980521779773505E-4
11627.0,0.7307692307692308,0.19230769230769235,0.03846153846153847,0.03846153846153847
12109.0,0.9858271840416831,0.014164955858761602,3.930049777677937E-6,3.930049777677937E-6
12354.0,0.8345006275636714,0.16185422559832544,0.001312252861681115,0.0023328939763219824
12625.0,0.9941317523501101,1.7569603742185035E-4,0.002846275806233976,0.002846275806233976
11870.0,0.9987892652341934,0.0010562242473388045,7.725525923392399E-5,7.725525923392399E-5
11009.0,0.9996400160166939,8.235370734639469E-5,1.388151379797665E-4,1.388151379797665E-4
11415.0,0.929593442637473,0.0694134077965394,4.965747829938029E-4,4.965747829938029E-4
11652.0,0.9999040791485551,4.294963497529592E-6,4.5812943973648985E-5,4.5812943973648985E-5
12194.0,0.9901415864583415,0.008709263642095214,5.745749497816661E-4,5.745749497816661E-4
12461.0,0.9237624027829332,0.0741443754667337,0.0010466108751664854,0.0010466108751664854
12734.0,0.6038178008351399,0.39617599426077516,3.1024520423827664E-6,3.1024520423827664E-6
11953.0,0.8646260562305504,4.2849618827533326E-4,0.0674727237905871,0.0674727237905871
11246.0,0.9964631174858385,0.0034613877500551237,3.774738205324634E-5,3.774738205324634E-5
11005.0,0.10471204188481675,0.7696335078534031,0.06282722513089005,0.06282722513089005
11686.0,0.99768489017381,0.0023070022100586366,4.0538080657124445E-6,4.0538080657124445E-6
11445.0,0.9878857689365818,0.012099315043258757,7.458010079787951E-6,7.458010079787951E-6
11923.0,0.9938945532741394,0.006105042265505812,2.022301773376096E-7,2.022301773376096E-7
12700.0,0.9875957030090806,0.00763341353287344,0.00238544172902295,0.00238544172902295
12431.0,0.9858271840416831,0.014164955858761602,3.930049777677937E-6,3.930049777677937E-6
12160.0,0.9964631174858385,0.0034613877500551237,3.774738205324634E-5,3.774738205324634E-5
10975.0,1.5148600433050028E-4,0.6945067867195687,0.21160227469165369,0.09373945258444706
11212.0,0.9964631174858385,0.0034613877500551237,3.774738205324634E-5,3.774738205324634E-5
11593.0,0.9,0.03333333333333333,0.03333333333333333,0.03333333333333333
11354.0,0.8643245732815885,0.13562082469539813,5.309030520157797E-5,1.5117178118113428E-6
11900.0,0.9307692307692308,0.018881118881118885,0.02517482517482518,0.02517482517482518
12659.0,0.8803106165464317,0.11244444239214171,0.0036224705307133093,0.0036224705307133093
12384.0,0.6357160440636038,0.318077266447615,0.023103344744390693,0.023103344744390693
12143.0,0.785410533202486,0.04710500490677134,0.08374223094537127,0.08374223094537127
11043.0,0.9997827562081099,2.17240599826359E-4,1.6722230653876377E-18,3.1920637233141217E-9
11145.0,0.9992531528484054,3.7785152333634194E-4,1.8449781412907318E-4,1.8449781412907318E-4
12229.0,0.976914248237416,0.006296114117068371,0.008394818822757829,0.008394818822757829
12490.0,0.9768238964909877,0.023152199740201267,1.1951884405484582E-5,1.1951884405484582E-5
12761.0,0.0016082853861871195,0.9793262141367846,0.013228024280149915,0.005837476196878364
11990.0,0.9819277108433736,0.00602409638554217,0.00602409638554217,0.00602409638554217
11504.0,0.8476744186046512,0.0941860465116279,0.029069767441860465,0.029069767441860465
11747.0,0.8295465896170474,0.17044704510029285,5.882952593046756E-6,4.823300665810026E-7
11110.0,0.7644725428168727,0.23507775313425752,4.494271874891677E-4,2.768613806657756E-7
12074.0,0.9998705668844999,1.227418524481827E-4,2.3880033945902283E-6,4.303259657200881E-6
12325.0,0.9890204573364434,0.0072871437651464135,0.0018461994492050791,0.0018461994492050791
12598.0,0.967011909233124,0.027790842330956907,0.0025986242179596064,0.0025986242179596064
11833.0,0.03991206738414136,0.9599258710977687,1.6203648422448332E-4,2.503386539875631E-8
11295.0,0.9217663323487846,0.07823189458225932,1.0979379572665874E-6,6.751309988322655E-7
11532.0,0.9348305717102452,0.0648340604067673,1.6768394149376195E-4,1.6768394149376195E-4
11076.0,0.06825378713632653,0.8449675263251842,0.0433893432692446,0.0433893432692446
11803.0,0.2916666666666667,0.5833333333333334,0.08333333333333333,0.041666666666666664
12564.0,0.9931972789115647,0.0034013605442176874,0.0017006802721088437,0.0017006802721088437
12295.0,0.9964631174858385,0.0034613877500551237,3.774738205324634E-5,3.774738205324634E-5
12040.0,0.9938675858064939,9.682759252904093E-4,0.002582069134107758,0.002582069134107758
11566.0,0.043797964357685334,0.9560463103391192,7.786265159767882E-5,7.786265159767882E-5
11325.0,0.9992531528484054,3.7785152333634194E-4,1.8449781412907318E-4,1.8449781412907318E-4
11179.0,0.9,0.03333333333333333,0.03333333333333333,0.03333333333333333
12020.0,0.8461538461538461,0.06993006993006992,0.04195804195804195,0.04195804195804195
12520.0,0.94666890243643,0.05331235032764924,9.373617960448498E-6,9.373617960448498E-6
12263.0,0.9622641509433962,0.018867924528301886,0.009433962264150943,0.009433962264150943
11713.0,0.9992531528484054,3.7785152333634194E-4,1.8449781412907318E-4,1.8449781412907318E-4
11474.0,0.9887939845934546,0.0017693708536650795,0.0047183222764402115,0.0047183222764402115
11008.0,0.9858271840416831,0.014164955858761602,3.930049777677937E-6,3.930049777677937E-6
11385.0,0.9,0.03333333333333333,0.03333333333333333,0.03333333333333333
11626.0,0.9996400160166939,8.235370734639469E-5,1.388151379797665E-4,1.388151379797665E-4
12355.0,0.9783634049562028,0.005900889557399252,0.007867852743199004,0.007867852743199004
12108.0,0.9905614690000348,0.004775225169942823,0.0023316529150111437,0.0023316529150111437
11871.0,0.9964631174858385,0.0034613877500551237,3.774738205324634E-5,3.774738205324634E-5
12624.0,0.9507217523611831,0.049273400813762844,4.734481872310869E-6,1.1234318188124877E-7
11247.0,0.9987892652341934,0.0010562242473388045,7.725525923392399E-5,7.725525923392399E-5
11004.0,0.9449581453283463,0.05464306159547009,1.9939653809176923E-4,1.9939653809176923E-4
11414.0,0.9624558967934242,0.03661541745824257,8.525479892350784E-4,7.61377590980687E-5
11653.0,0.6567294499189223,0.1995759012099289,0.07184732443557441,0.07184732443557441
12460.0,0.9878857689365818,0.012099315043258757,7.458010079787951E-6,7.458010079787951E-6
12195.0,0.9598219387018007,0.04015570090680793,4.7682343596538215E-6,1.7592157031789936E-5
11952.0,0.9565217391304348,0.021739130434782608,0.010869565217391304,0.010869565217391304
12735.0,0.9104620830444647,0.08516958940479585,0.0021841637753696706,0.0021841637753696706
10974.0,0.9237624027829332,0.0741443754667337,0.0010466108751664854,0.0010466108751664854
11213.0,0.004100764018416834,0.6272467384356769,0.18432624877295314,0.18432624877295314
11687.0,0.9786702961978924,0.010791312595532718,0.005269195603287459,0.005269195603287459
11444.0,0.9108373984681877,0.059128883121096605,0.015016859205357867,0.015016859205357867
12701.0,0.94666890243643,0.05331235032764924,9.373617960448498E-6,9.373617960448498E-6
11922.0,0.9142798974804569,0.08429325896279694,7.134217783730609E-4,7.134217783730609E-4
12161.0,0.9605263157894737,0.013157894736842105,0.013157894736842105,0.013157894736842105
12430.0,0.9992531528484054,3.7785152333634194E-4,1.8449781412907318E-4,1.8449781412907318E-4
11042.0,0.9044959411914437,0.09474610270892624,3.7897804981497146E-4,3.7897804981497146E-4
11592.0,0.005655529024135068,0.9613208468152633,0.030310100863723884,0.0027135232968778
11355.0,0.94666890243643,0.05331235032764924,9.373617960448498E-6,9.373617960448498E-6
