11477.0,0.9999988071245759,1.192874778767374E-6,6.452635119819639E-13,9.780077286815591E-18
11718.0,0.9999999999885818,1.1412804340682407E-11,5.40249053405967E-15,3.48927082594156E-19
12256.0,3.845178850764083E-5,0.6231729482807106,0.37384645878413586,0.0029421411466459316
12527.0,0.999962225122145,3.777447913641469E-5,3.987177929970939E-10,5.733829689520518E-16
12019.0,0.7327729164936272,0.26719622270374244,3.0857626444468035E-5,3.176185730176201E-9
11180.0,0.9998905580639352,1.0944175579805923E-4,1.799571320887385E-10,3.093882714477747E-13
11322.0,0.1569238742510281,0.8423149263577887,7.611117700675142E-4,8.76211155266608E-8
11561.0,0.9758095897646002,0.024188595262431355,1.81493189553961E-6,4.10731212338217E-11
12047.0,0.15637944128979686,0.8434429418558453,1.7761093069656493E-4,5.9236611236655126E-9
12288.0,0.9994060446516709,5.939550319681271E-4,3.163492295669195E-10,1.1753134667474452E-14
12563.0,0.8960724188947965,0.10392274253245007,4.838554006137661E-6,1.874708963109454E-11
11804.0,0.002272146960203924,0.9913477842569228,0.006376054647626696,4.014135246670563E-6
11075.0,0.4657116212822524,0.5341636728268161,1.2466552326311777E-4,4.036766849361368E-8
11531.0,0.9676465502710389,0.03235331728757673,1.3239936080290918E-7,4.202358833613182E-11
11288.0,1.4001565378885341E-5,0.9920728422362907,0.007634851243164913,2.783049551655434E-4
11838.0,4.7754748685871834E-5,0.24879808674217727,0.7452985219043579,0.0058556366047790975
12593.0,0.9998475964047748,1.52403478807471E-4,1.1635709781043959E-10,6.051836801943337E-14
12322.0,0.9872680581508855,0.012731935649069817,6.19951131349757E-9,5.336848987744808E-13
12077.0,0.9998397952201439,1.602046761330878E-4,1.0370411547757665E-10,1.8938671049782868E-14
11105.0,0.10921021418089684,0.8895931429534231,0.0011954837220012548,1.1591436789202264E-6
11748.0,0.9761638763572892,0.023835883267273972,2.403647946651558E-7,1.0642016610161134E-11
11511.0,0.9803236720638204,0.0196761831912592,1.4474459235799045E-7,3.279302116605089E-13
11985.0,6.711840709359932E-6,0.598169848645883,0.3941780037647089,0.007645435748698725
12493.0,8.118572667024385E-7,0.10921238760785326,0.8895079524177608,0.0012788481171192038
12226.0,0.9300475957694009,0.06995206596024121,3.382264027654687E-7,4.395518194139371E-11
11150.0,0.9852080952541439,0.01479189336420413,1.1380931567707694E-8,7.204496636972246E-13
12390.0,0.9987489060665788,0.0012510882381755108,5.6952078161483175E-9,3.794996314272706E-14
12137.0,0.9991373741738243,8.626254603299154E-4,3.6578294724002613E-10,6.278465585037307E-14
11898.0,0.2844153159694907,0.7153054417033463,2.791685926832386E-4,7.373447982485113E-8
12661.0,0.9999999997977047,2.022465184508205E-10,4.8900795409619875E-14,6.437252656223154E-18
11356.0,0.9997783475107316,2.2165246615703905E-4,2.311077081078852E-11,5.172856883605838E-16
11599.0,3.3319250942998946E-4,0.5632648749346991,0.4352610512648844,0.0011408812909865374
11045.0,0.9994712615915324,5.287369099058474E-4,1.498558467982867E-9,3.1536002242587127E-15
12425.0,0.9999944077865432,5.592208550871658E-6,4.905549412215652E-12,1.2459503049329058E-16
12166.0,0.7351024730065415,0.26489672789987445,7.990837835018238E-7,9.800487880487483E-12
11925.0,9.374120530815193E-8,0.37676435419995113,0.39114070587957417,0.2320948461792694
12698.0,0.8098238716427425,0.18999659999258986,1.7952616174197203E-4,2.20292561242408E-9
11443.0,0.9364491069766422,0.0635508580708343,3.4945722640379095E-8,6.80091337208825E-12
11680.0,0.999994364378155,5.635618011053598E-6,3.833599556427647E-12,1.2073744457045026E-16
11210.0,0.9902473295290023,0.009752510823136044,1.5961235104706085E-7,3.551075695424759E-11
10969.0,0.977964099977594,0.022035850126515717,4.9887810594011125E-8,8.079721095019647E-12
12728.0,0.9999981693657071,1.8306340460624568E-6,2.4693304559190664E-13,9.582004583732194E-18
11959.0,0.00204607140766169,0.9979511033092545,2.809010973922311E-6,1.6272110051461494E-8
12196.0,0.09618984178358761,0.9037648979268748,4.52578392869909E-5,2.4502506993733157E-9
12459.0,0.9560805585452541,0.04391937735045444,6.410012590798577E-8,4.165497667773981E-12
11650.0,0.7461655195534665,0.25378615044456054,4.8329876634837154E-5,1.2533791435822967E-10
11409.0,0.9659194823262556,0.03408038021219709,1.3745552151162115E-7,6.025739682395646E-12
11003.0,3.677383763619978E-6,0.6938978219439713,0.3058981078425559,2.0039282970920106E-4
11240.0,0.9948322434983286,0.005167717258598127,3.9242335507260046E-8,7.377650564485834E-13
12631.0,0.9531175225387855,0.046880854985565885,1.6223367404041056E-6,1.38908281212588E-10
11864.0,0.018728480382290056,0.8849669851726575,0.09613116074737704,1.733736976753192E-4
12107.0,0.005395711217212022,0.7617223634636909,0.23235678664828321,5.251386708138063E-4
12356.0,0.998562424309216,0.0014375731069140348,2.5838370142449037E-9,3.2832340799975715E-14
11629.0,0.9832480276628512,0.016750772293804263,1.1999989486054053E-6,4.439592175285701E-11
11390.0,0.9998780969687221,1.2190283289009904E-4,1.9838618526401562E-10,1.5040875201580157E-15
11015.0,0.001363216981276843,0.9821075893379371,0.01649683964978044,3.2354031005681315E-5
11181.0,0.9999983386737554,1.6613260149695669E-6,2.2967007545081627E-13,2.7299430597617762E-18
11476.0,6.12516398821727E-22,6.974253349465069E-9,5.692458738151885E-4,0.9994307471519314
11719.0,0.9999981693657071,1.8306340460624568E-6,2.4693304559190664E-13,9.582004583732194E-18
12526.0,0.9999982195879364,1.780411734498366E-6,3.2905213311781806E-13,4.027562498462844E-18
12257.0,0.0035776826156102073,0.9844661131207663,0.011954582361471499,1.6219021519123745E-6
12018.0,0.5385461012834696,0.45959748644282156,0.0018558328820140737,5.79391694718221E-7
11074.0,0.9984775496136951,0.0015224494044577548,9.81808966255025E-10,3.815427479767113E-14
11323.0,0.9999966772954924,3.322703382062262E-6,1.1255631033319533E-12,1.9767731411809516E-17
11560.0,0.007096436532727396,0.9913476704816458,0.0015460828205557321,9.810165071230542E-6
12289.0,0.38874280623008256,0.6111110386617616,1.3893915913651438E-4,7.2159490193192356E-6
12046.0,0.8548433538129493,0.14514741945978857,9.2265131544783E-6,2.1410755115284148E-10
11805.0,0.9999967414018082,3.2499856781076813E-6,8.606960199853974E-9,5.553638396395737E-12
12562.0,0.9999999999978946,2.1050452678664904E-12,4.575928593714321E-16,1.5037367509315218E-20
11104.0,0.6905319942413102,0.3094116398232897,5.634984507953309E-5,1.6090320561913058E-8
11530.0,0.9979185249819527,0.0020814696467941515,5.371249673573343E-9,3.463282368228962E-15
11289.0,0.999936270705265,6.372926777683764E-5,2.6957880571619974E-11,2.11662920701226E-16
12592.0,0.6454693119380187,0.3545198581986763,1.0828157846581312E-5,1.705458247671118E-9
11839.0,2.6317423578761015E-7,0.7916945431563761,0.20554700575809465,0.002758187911293355
12076.0,0.9999999999971305,2.8692423544975572E-12,3.019831149134803E-16,6.124034277094435E-21
12323.0,0.9999954406403015,4.559353228428773E-6,6.469586859775317E-12,1.5537517692366791E-16
11151.0,0.9999531340356754,4.686588382594785E-5,8.04838015330187E-11,1.464261843391442E-14
11749.0,0.9999988071245759,1.192874778767374E-6,6.452635119819639E-13,9.780077286815591E-18
11510.0,0.9954097437026014,0.004590250588746094,5.708543807031011E-9,1.0883704230002903E-13
11984.0,1.851682457754603E-10,0.07780481714407879,0.40869869222858846,0.5134964904421645
12227.0,0.9943958072413542,0.005604160500274664,3.225749348251131E-8,8.777852337068364E-13
12492.0,0.9999741216105783,2.587838061646367E-5,8.804383030531031E-12,8.637326241991332E-16
11044.0,0.9937345687111534,0.00626538965274933,4.16071607194071E-8,2.8936454379330777E-11
12136.0,0.9869187465655052,0.013081231170093167,2.2262802589967833E-8,1.599079950496531E-12
12391.0,0.6851600408750423,0.31480400193599095,3.5956923333696345E-5,2.656330629925886E-10
12660.0,0.9999987807954563,1.219204340939274E-6,2.028108122590848E-13,1.1626710337238944E-17
11899.0,0.9971911621079439,0.0028087137910017134,1.24093943815803E-7,7.110753395487998E-12
11357.0,0.9998287870369326,1.7121276332366078E-4,1.9968186707185087E-10,6.194161995070678E-14
11598.0,0.0999210506695393,0.893212444761095,0.006866250680421681,2.5388894397975876E-7
11211.0,7.492463335476057E-5,0.8362031484621512,0.1637138830919744,8.043812519691466E-6
10968.0,0.9977313744239105,0.00226862212609891,3.44994289527892E-9,4.764047848150247E-14
12167.0,0.9989646367440229,0.0010353345176746704,2.8730206921276116E-8,8.095624434235284E-12
12424.0,0.9985635960856213,0.0014364000098707785,3.904432108588978E-9,7.577473086361368E-14
12699.0,8.630798181953853E-7,0.7859692558123642,0.20028982655420074,0.013740054553616729
11924.0,0.8839114978184578,0.11608740382934418,1.098236925012119E-6,1.1527319915517085E-10
11442.0,0.9999988071245759,1.192874778767374E-6,6.452635119819639E-13,9.780077286815591E-18
11681.0,0.9997986177898501,2.0138196534518775E-4,2.448019477214242E-10,2.6801180031252427E-15
11002.0,0.9845699677637608,0.015429870283955706,1.619457818010617E-7,6.501814968551911E-12
11241.0,0.9999981693657071,1.8306340460624568E-6,2.4693304559190664E-13,9.582004583732194E-18
11958.0,0.7696551601573729,0.23013500811828116,2.0983076972751603E-4,9.546183648131877E-10
12729.0,1.3012637929681669E-4,0.9992379271602047,6.175639849012269E-4,1.438247559728947E-5
12458.0,0.9999988055686619,1.1944310539330136E-6,2.8410225808067904E-13,4.450157748909863E-18
12197.0,0.9994758290646389,5.241703390901183E-4,5.962665679554863E-10,4.4298954790852145E-15
11651.0,0.9953032382219227,0.004696758279197442,3.4969530646830115E-9,1.926847427164203E-12
11408.0,0.7949102678136393,0.20508549120715083,4.240773411978E-6,2.0579791049570088E-10
11014.0,0.9999988071245759,1.192874778767374E-6,6.452635119819639E-13,9.780077286815591E-18
11865.0,0.9481360463457399,0.05186375782522956,1.9581495478666512E-7,1.4075748396366278E-11
12630.0,0.9999999998157019,1.8429290864102167E-10,5.388699221108263E-15,1.3648128021341869E-19
12357.0,0.999997628365314,2.3716342338614578E-6,4.5211981833166657E-13,1.006529888866764E-17
12106.0,0.9993721532642289,6.278458627429044E-4,8.730270106781445E-10,1.2404043776456446E-15
11628.0,0.9999998562223262,1.437772058271048E-7,4.678756702974521E-13,2.146246525082109E-17
11391.0,0.9274582502593809,0.07239462613166969,1.470761987343971E-4,4.7410215230825397E-8
11563.0,0.9999973027484231,2.6972512172066235E-6,3.5976613087476457E-13,2.8414179745536646E-17
11320.0,8.489377401576567E-11,0.025212556255092278,0.5055268588727259,0.469260584787288
12561.0,1.9045684866374087E-18,6.540897261718699E-6,0.07233461792640494,0.9276588411763333
11806.0,0.12294861946679686,0.8770337494313006,1.7618134004483863E-5,1.2967898150984542E-8
12045.0,1.246942977803286E-13,6.961689823562647E-4,0.12131929840690603,0.877984532610613
12290.0,1.071429483990225E-10,0.004782356897996557,0.49981151607865004,0.49540612691621044
11073.0,0.9999296094983458,7.039041567257538E-5,8.598160858155446E-11,8.981991990869677E-17
11716.0,0.9999999999963614,3.638374463325928E-12,2.5421211186377333E-16,5.234600451632076E-21
11479.0,0.9985311205347008,0.0014688786483486255,8.168985831168784E-10,5.2185258568328224E-14
12017.0,0.1370769925976909,0.862908207865113,1.4799110619229583E-5,4.265768044868529E-10
12258.0,2.6570839623347813E-14,4.1657748955059576E-5,0.26082719143074007,0.7391311508202782
12525.0,0.999727683075566,2.7231681090558995E-4,1.135275063665732E-10,9.155563331375224E-16
11182.0,0.8271750244959774,0.17281872349433466,6.250198865342333E-6,1.8108227304675458E-9
11509.0,0.9664115489231798,0.03358824583557667,2.052399143270061E-7,1.3290507167284844E-12
11750.0,0.9999836132700691,1.638672655852379E-5,3.3722119612675935E-12,2.1074931281930454E-16
12495.0,1.4271017168604614E-18,5.360310822145207E-6,0.1852129113298216,0.8147817283593562
12224.0,0.9997511882248722,2.488115721602785E-4,2.0295446836351675E-10,1.3059738487591327E-14
11987.0,0.9684808848019215,0.03150468132125442,1.4433753671728752E-5,1.2315222888745605E-10
11148.0,1.8587525553397406E-7,0.48071063302605516,0.49239386535378726,0.026895315744902032
11290.0,0.5531287057552112,0.44673319095893216,1.3809568838856322E-4,7.597468160219924E-9
11529.0,5.230212048359353E-5,0.8743321716439577,0.1252034243454113,4.1210189014724417E-4
12320.0,0.7053943202740566,0.29454699328526557,5.8675962854101344E-5,1.0477823777856098E-8
12079.0,0.999753383785996,2.466157044738279E-4,5.095265606975358E-10,3.46703478201873E-15
11836.0,0.9971392925892684,0.002860703603639249,3.807033555866366E-9,5.898875027743972E-14
12595.0,0.4496226068501781,0.5503693971936118,7.98574731474057E-6,1.0208895326203228E-8
11107.0,0.9999987807954563,1.219204340939274E-6,2.028108122590848E-13,1.1626710337238944E-17
11927.0,0.005340966291543773,0.9940664803794752,5.917313912384947E-4,8.219377423672915E-7
12696.0,0.998498620256658,0.0015013774836580575,2.259500969243651E-9,1.830053420626692E-13
12427.0,0.999996693694055,3.3062982610175204E-6,7.684026887568468E-12,6.891632036064762E-17
12164.0,0.9994329086966919,5.670909186734036E-4,3.846185331127751E-10,1.622137751632452E-14
11682.0,1.9252552737047625E-11,0.016810881213740338,0.9693784831959609,0.013810635571046158
11441.0,3.988135485495605E-5,0.6494283960535512,0.34850077277674557,0.0020309498148482126
10971.0,3.9055309139698924E-9,0.024321044426411274,0.3235067857286938,0.652172165939364
11208.0,3.7146212218382437E-20,2.534153408980122E-7,6.906779184108541E-4,0.9993090686662482
11896.0,0.8030461443061775,0.1969510428892167,2.812754616100754E-6,4.998977769728276E-11
12663.0,0.9949487343738208,0.005051262622258724,3.0037778111525204E-9,1.4264874794210162E-13
12388.0,0.04059525635197834,0.9593269485747351,7.768935799199726E-5,1.0571529444146559E-7
12139.0,0.995496167786954,0.004503830750012808,1.4627439004206611E-9,2.892336706322329E-13
11597.0,0.9983299317050023,0.0016700673614774152,9.334902074974264E-10,3.0189969236218865E-14
11358.0,0.9397982738312382,0.060200599341912735,1.1268095112708517E-6,1.7337729743970255E-11
11047.0,0.9996806263626482,3.1937291239193875E-4,7.249483528851463E-10,1.1577476849391316E-14
12105.0,0.01868502017171561,0.9773764811566937,0.003938108430253618,3.9024133719605796E-7
12358.0,0.9912748140559576,0.008725174070743457,1.187310113727667E-8,1.975888187848166E-13
12629.0,0.9999944077865432,5.592208550871658E-6,4.905549412215652E-12,1.2459503049329058E-16
11866.0,0.9998850556805323,1.1494429824630964E-4,2.121954440881185E-11,1.9393638190614895E-15
11388.0,0.9999999996952873,3.047104456048223E-10,2.1520741161030077E-15,1.3853701574936802E-19
11631.0,0.21055707698737824,0.7881111502230378,0.0013310339207276275,7.388688563912729E-7
11013.0,0.9999959501670964,4.049829458000148E-6,3.4447126161488274E-12,9.129451062565944E-16
12198.0,0.3549181010331306,0.645056486917014,2.5404072407653745E-5,7.977447667205304E-9
12457.0,0.9998186565783412,1.8134260165921277E-4,8.19998889314481E-10,6.257465643880053E-16
12730.0,0.9999982902181831,1.7097806804861022E-6,1.1363988670840728E-12,1.5480161282191975E-18
11957.0,0.9999295930210166,7.040696118763914E-5,1.7795601349834455E-11,1.6740327492284117E-16
11411.0,0.9997854332505934,2.145667203270694E-4,2.907898210118829E-11,5.297139530086548E-16
11648.0,0.9997853009925813,2.1469880496419327E-4,2.0244999293376318E-10,4.542022180523389E-15
11242.0,0.8594132621383317,0.1405829017940274,3.834210910521802E-6,1.8567304305403434E-9
11001.0,0.7701049631029458,0.2297992798628099,9.574968065126633E-5,7.3535929255428494E-9
11072.0,0.9980689024729585,0.001931074607003758,2.2919716784321088E-8,3.2084701247679515E-13
11562.0,0.0038853431238084642,0.9945277397547936,0.0015864670648851604,4.5005651284669005E-7
11321.0,2.1319067715838024E-5,0.5368061890618046,0.4625519445444588,6.20547326020825E-4
11807.0,0.9999982074068752,1.7925928138718373E-6,3.111864699484792E-13,4.271053061684319E-18
12560.0,0.9999946838022882,5.3161949503288975E-6,2.7615258720414588E-12,7.979881903924062E-17
12291.0,0.9943189694068019,0.005681023189380473,7.403499195807693E-9,3.184431385690337E-13
12044.0,0.9999987807954563,1.219204340939274E-6,2.028108122590848E-13,1.1626710337238944E-17
11183.0,0.9999972466601218,2.7533393437643783E-6,5.344120630788893E-13,1.075800639543964E-17
11717.0,0.9986565947297708,0.001343404718489275,5.517256436841163E-10,1.438783090904077E-14
11478.0,0.996219317450667,0.0037806083849315757,7.415735627150641E-8,7.045077390176353E-12
12016.0,4.712647567379804E-4,0.9188335766261434,0.08056348339196484,1.3167522515388614E-4
12524.0,0.8984926300171937,0.1014139080430273,9.345778084298663E-5,4.1589359727861785E-9
12259.0,0.9788600986063405,0.02113958644858727,3.148912858339069E-7,5.3786538136785366E-11
11149.0,0.009444780151743092,0.9643753501464343,0.026179786627464095,8.307435870292482E-8
11508.0,0.9859641787083084,0.01403579961428272,2.16749801272965E-8,2.4285178779790536E-12
11751.0,0.9974238033957397,0.0025734441387702043,2.75237270030818E-6,9.279001079658398E-11
12225.0,0.030399563208957633,0.9693363264799062,2.6357608317345864E-4,5.342279627000246E-7
12494.0,0.00797723143762401,0.9865592676745273,0.005452874342729376,1.0626545119396479E-5
11986.0,0.9302685889221669,0.06972983396502605,1.5770803189035314E-6,3.248823314475937E-11
11106.0,0.03873879238447724,0.945710399809467,0.015549047140996282,1.7606650594520476E-6
11291.0,0.9999948019910238,5.198003999311262E-6,4.9769902689952055E-12,3.872721083377453E-17
11528.0,0.9993963321820344,6.036677474081338E-4,7.055697695511734E-11,4.877863223800127E-16
12078.0,0.9833224218791237,0.0166771145702474,4.635257057331489E-7,2.492323518742436E-11
12321.0,0.02537894249463638,0.9428510400185218,0.031762237210665636,7.780276176008959E-6
12594.0,0.9999988071245759,1.192874778767374E-6,6.452635119819639E-13,9.780077286815591E-18
11837.0,4.496534576400428E-4,0.9991789405069728,3.7072790783124426E-4,6.781275559027387E-7
10970.0,0.03302654242243362,0.9669665679362147,6.886910837871855E-6,2.7305137531170373E-9
11209.0,0.9999615672627861,3.8432648228875614E-5,8.897744858310012E-11,7.760212607830198E-15
12697.0,0.9999982074068752,1.7925928138718373E-6,3.111864699484792E-13,4.271053061684319E-18
11926.0,0.9997521529403708,2.478469938414204E-4,6.578647836037088E-11,1.3117564705386572E-15
12165.0,0.9608711821342708,0.03912846698023416,3.508817039729505E-7,3.790859191490275E-12
12426.0,0.998962527700051,0.0010374703927538641,1.907130780987866E-9,6.425729481092669E-14
11683.0,0.9999241745803719,7.582539318626634E-5,2.6441585360001047E-11,2.3653002283793087E-16
11440.0,0.9982042910978339,0.00179570755588001,1.3462335351977799E-9,5.259321582797855E-14
11046.0,8.357542736570803E-8,0.15689442943158124,0.7952326639550751,0.04787282303791627
12662.0,0.02801707444524908,0.956994606855605,0.014981655403777286,6.663295368640561E-6
11897.0,0.9374883222156444,0.06251157989463596,9.781545151708253E-8,7.426799389084051E-11
12138.0,3.879822515876777E-9,0.01606060618657628,0.9277702199480756,0.056169169985525624
12389.0,0.9999999998333842,1.6661391068361533E-10,2.018005740610599E-15,5.336930518118504E-20
11596.0,0.9781369766580615,0.021857271126215834,5.751676062874526E-6,5.396596513718434E-10
11359.0,5.534110356089806E-7,0.21670681448884171,0.7830145170517385,2.7811504838418436E-4
11012.0,0.6494773817964914,0.3504838802552157,3.873150818403663E-5,6.440108749475291E-9
12359.0,0.9647072252994083,0.03529250630346243,2.6834616001806386E-7,5.096925160738481E-11
12104.0,0.9999988071245759,1.192874778767374E-6,6.452635119819639E-13,9.780077286815591E-18
11867.0,0.9953418432466049,0.004658138592106729,1.8161257406891754E-8,3.086767095645211E-14
12628.0,0.9999999999962421,3.757583356775824E-12,1.9293835257684911E-16,4.629086238903827E-21
11389.0,0.9999982074068752,1.7925928138718373E-6,3.111864699484792E-13,4.271053061684319E-18
11630.0,0.447286646810522,0.5525728913401275,1.4035468667216214E-4,1.0716267824111729E-7
11243.0,7.407942553162949E-4,0.8357328468265219,0.16251372909136425,0.0010126298267975114
11000.0,0.9999353604757917,6.463919357476252E-5,3.303752181408172E-10,2.5832557418334513E-13
12456.0,0.9931306922663251,0.006869286209260955,2.1522838590980388E-8,1.5754111572624342E-12
12199.0,0.9991203122163401,8.796868789496194E-4,9.046874286738934E-10,2.2906718284003372E-14
11956.0,0.999999999718939,2.810513599010781E-10,9.581904385494176E-15,2.2227093377368307E-20
12731.0,0.10989273048585854,0.8899691900449365,1.3786732376029742E-4,2.1214544487188158E-7
11410.0,2.293460191558269E-6,0.07270196088543195,0.9252046286854392,0.0020911169689373887
11649.0,0.9863149216258388,0.013685049197222335,2.9175296484901954E-8,1.642326118363195E-12
11834.0,0.3701717932974941,0.6293708054066655,4.573162133279162E-4,8.508251245163197E-8
12597.0,0.9980393596310341,0.0019606399995441264,3.6933565470400176E-10,8.606552474836243E-14
12326.0,5.80804456960204E-7,0.4789586101895379,0.4443923261213017,0.07664848288470344
12073.0,0.9957130858630391,0.0042869099235735165,4.213089715255603E-9,2.9766682670279735E-13
11535.0,0.9627825064424048,0.037217435047129814,5.8503847810867764E-8,6.6175285534925564E-12
11292.0,0.9999959501670964,4.049829458000148E-6,3.4447126161488274E-12,9.129451062565944E-16
11109.0,0.8257032569096574,0.17427452786896605,2.2214871013546612E-5,3.503628659213627E-10
11989.0,0.0024592655623349416,0.9332098109446907,0.06367835802151486,6.525654714597097E-4
12489.0,0.998245879885444,0.0017541197920038208,3.225458571924278E-10,6.42880033425301E-15
12230.0,0.9999956670193342,4.3329688550074785E-6,1.1810688193320966E-11,5.756907368616349E-18
11744.0,0.9994641284239224,5.358712078172533E-4,3.6824980380548213E-10,1.0511081558803106E-14
11507.0,0.9944268846962612,0.005573100952899341,1.4350779513530059E-8,6.010300867007561E-14
11146.0,0.9547696432485911,0.04521868171638118,1.1672614890075976E-5,2.420137412296495E-9
12260.0,0.9999986720359628,1.3279636701301502E-6,3.6698457293909473E-13,3.652826146050523E-18
12523.0,0.9068713185774642,0.09312859482489827,8.658794588084999E-8,9.691599291041306E-12
12023.0,0.24177141479854267,0.7580642007951468,1.6436779154525697E-4,1.6614765338100802E-8
11473.0,0.9666964345185843,0.03330354887363726,1.660220007362714E-8,5.578472524086805E-12
11714.0,0.977685509717876,0.022314352269841412,1.380059631926468E-7,6.319168428902314E-12
11176.0,0.9584882784456549,0.04150828889727217,3.4316589386839736E-6,9.981342056414037E-10
12043.0,0.9632297663631412,0.03676995193556126,2.816045283934971E-7,9.676918558784695E-11
12292.0,0.9995762563786563,4.237432982102924E-4,3.231214378490977E-10,1.1929735991386661E-14
12567.0,0.04515776599308239,0.9548403821640666,1.8485722767169748E-6,3.270574364382756E-9
11800.0,0.9938353123595182,0.006164556829793716,1.3080975222599053E-7,9.358938322482228E-13
11326.0,0.9994170042925328,5.829930403604665E-4,2.6667347607755472E-9,3.7211570089091626E-13
11565.0,3.8897704436660987E-4,0.9813019185394294,0.01787965749766666,4.294469185371425E-4
11079.0,0.9997919159253992,2.0808379187683653E-4,2.827217059640023E-10,2.527486317379053E-15
11654.0,0.40808585355281607,0.5912491040823744,6.648371607941039E-4,2.0520401537744015E-7
11413.0,0.8898503544327462,0.11013146757037635,1.8173707255463627E-5,4.289622066500144E-9
12732.0,0.16174397498944737,0.835319737328021,0.0029335595809980154,2.7281015334969874E-6
11955.0,0.9998045803343069,1.9541929603182978E-4,3.696550512183421E-10,6.120907654749581E-15
12192.0,0.999881811069069,1.1818885747913522E-4,7.345080229635727E-11,1.1903890387237636E-15
12463.0,0.9999982074068752,1.7925928138718373E-6,3.111864699484792E-13,4.271053061684319E-18
11007.0,0.34670282517771855,0.6532750333804904,2.212381682422165E-5,1.7624966759793996E-8
11244.0,0.9994006422992957,5.993573272024339E-4,3.7348066054376794E-10,2.1391055132083873E-14
11625.0,0.011015958886301674,0.9888289075159992,1.5502801636979986E-4,1.0558132942468306E-7
11386.0,7.902729044339707E-7,0.9960232257955433,0.003895938193250961,8.004573830152458E-5
12627.0,0.9999999999963571,3.642681986287583E-12,2.544533198599559E-16,5.239088360202836E-21
11868.0,4.596450365469116E-15,8.65713788061425E-5,0.20779635252806597,0.7921170760931233
12111.0,0.9995320796566756,4.6791967380314036E-4,6.695157072243267E-10,5.788943858364045E-15
12352.0,0.635415686338244,0.3645778825594202,6.429051625803744E-6,2.0507100917341288E-9
11011.0,0.9999972936631211,2.7063356700721725E-6,1.2086983022182449E-12,9.609971619240903E-18
11352.0,0.9999988071245759,1.192874778767374E-6,6.452635119819639E-13,9.780077286815591E-18
11595.0,0.9995975768517946,4.0242222724718195E-4,9.209266762292045E-10,3.162373680850457E-14
12386.0,0.0910340096666988,0.8879245146351369,0.021039145618150127,2.3300800142641575E-6
12141.0,0.993252526374003,0.006747471049262473,2.576470588667671E-9,2.639162122320181E-13
11902.0,0.9998592297716913,1.407466608924553E-4,2.3564749599885646E-8,2.666675773423673E-12
12657.0,0.9493600078887694,0.05063805416621831,1.9378313119261086E-6,1.1370030394926322E-10
11041.0,0.9391525702390917,0.06084740705339671,2.270503427920984E-8,2.4771795717904963E-12
11447.0,7.806976802764953E-4,0.9693681453776731,0.028308358918690532,0.0015427980233598264
11684.0,0.04346488848018382,0.9562097290077156,3.2527416510918703E-4,1.0834699155495639E-7
12429.0,0.9998424695585992,1.5753037658891515E-4,6.480751323336714E-11,4.389646336196036E-15
12162.0,0.9999999999958826,4.1171555190634795E-12,2.6270156970485417E-16,7.999300171747296E-21
11921.0,0.9999981693657071,1.8306340460624568E-6,2.4693304559190664E-13,9.582004583732194E-18
12702.0,0.0013027321600484131,0.7239152664238254,0.2741133794079094,6.686220082167226E-4
11214.0,4.276437876380987E-7,0.9126838922359466,0.08423488483683358,0.003080795283432116
10973.0,0.9987326327736026,0.0012673609663814741,6.2599484627065096E-9,6.746664935705627E-14
11108.0,0.010408335374856309,0.9891930197080623,3.977515102573311E-4,8.934068239113128E-7
12596.0,0.9999978196650817,2.180334233550151E-6,6.848892588062277E-13,5.210166124944905E-18
11835.0,0.999999993622297,6.373932346599774E-9,3.769860200084392E-12,7.667417661379254E-16
12072.0,0.09870052624042525,0.9005443129403405,7.546112653867705E-4,5.495538474554476E-7
12327.0,0.9983239598760771,0.0016760370411195045,3.082730651740358E-9,7.267525757804786E-14
11534.0,0.6226613083998908,0.3773235629099155,1.5109843576248542E-5,1.8846617447238912E-8
11293.0,0.8403409599933893,0.1595933648292095,6.560982163638847E-5,6.535576478153672E-8
11147.0,0.8974978673570432,0.10250048085219894,1.649110919967884E-6,2.6798380758450927E-9
11988.0,0.026412170127516513,0.8969212161449331,0.07665259805264099,1.4015674909377914E-5
12231.0,0.5423095241116045,0.45768664506763396,3.8305970054539345E-6,2.23756007935281E-10
12488.0,0.802334222932543,0.1976626292356696,3.147114770954221E-6,7.170164753602152E-10
11745.0,0.6666085734310209,0.33293510268802745,4.5621960554306085E-4,1.0427540846209828E-7
11506.0,0.9999988055686619,1.1944310539330136E-6,2.8410225808067904E-13,4.450157748909863E-18
11177.0,0.9844165234173984,0.015583397503824536,7.907472641072034E-8,4.050757527284331E-12
12522.0,0.9999999999983256,1.67412889557017E-12,1.478248219420934E-16,5.1170076729261796E-21
12261.0,0.03474884497399332,0.9562030068563128,0.009044444736089877,3.703433603977077E-6
12022.0,0.9966249090509606,0.003375082720214909,8.228392819933387E-9,4.3168712782749156E-13
11472.0,0.9994253054252263,5.746944924364876E-4,8.233558052623042E-11,1.5074155720172697E-15
11715.0,0.7488967499352143,0.25082601962107903,2.772251285730106E-4,5.315133692004907E-9
11078.0,0.5573356109213786,0.4426529290359873,1.1458631436331564E-5,1.4111977243539363E-9
12293.0,0.9999743824995081,2.561749510208912E-5,5.389712274282232E-12,5.927801517835956E-17
12042.0,0.19000117165898073,0.8046448311244335,0.005353679210431538,3.180061542132371E-7
11801.0,0.9947402112650016,0.005259752425900227,3.6308866289905286E-8,2.31966657303706E-13
12566.0,0.9684871313010809,0.031511739669129554,1.1289793641126588E-6,5.042560077549187E-11
11327.0,0.999827195753184,1.7280418602657328E-4,6.078882101846129E-11,4.698550639307069E-16
11564.0,1.2698914522953983E-8,0.013016072582117571,0.9720251342197068,0.014958780499261146
11006.0,0.015865316077407474,0.9693798630050782,0.014753937387905595,8.835296087699275E-7
11245.0,9.176559912574877E-8,0.9765901578249913,0.014401628360547428,0.009008122048862147
11655.0,0.897400752311281,0.10259803336658964,1.2127845594587743E-6,1.5375698414560585E-9
11412.0,0.9764661536705127,0.023533818582742855,2.77255193031122E-8,2.1224981221492044E-11
11954.0,0.768039390388159,0.2318356810569627,1.2492083330880717E-4,7.721569467234156E-9
12733.0,0.9999260582040007,7.394177789343958E-5,1.8105373466183523E-11,5.454673823938281E-16
12462.0,0.0620580371248865,0.9379392887029491,2.6538340375312625E-6,2.0338126778165688E-8
12193.0,0.987273740539964,0.012725491507260227,7.679462610377517E-7,6.514764954773886E-12
11010.0,0.9953964922831101,0.004603491783012413,1.593305239618766E-8,8.251591836036441E-13
11624.0,0.9988145290116531,0.0011850635679563823,4.0741799332519183E-7,2.397154844157716E-12
11387.0,0.3318328569389208,0.6680851327394125,8.200076577688633E-5,9.555889816989012E-9
11869.0,0.09965257716368135,0.8998705015605394,4.7682533811834577E-4,9.593766069822532E-8
12626.0,0.9875790463440257,0.012420458425823039,4.95229224364806E-7,9.269263453922242E-13
12353.0,0.5025211756285008,0.4962641176643198,0.001213407083651571,1.2996235278393179E-6
12110.0,0.7680462930452303,0.23184183554475477,1.1187130470330558E-4,1.0531160561090804E-10
11040.0,0.9999408943448346,5.910547184056548E-5,1.8332358292135498E-10,1.2442203774785576E-15
11353.0,0.9803422891608816,0.019657693272083398,1.756585299113597E-8,1.1819884341776376E-12
11594.0,0.00723128211635085,0.988441757684012,0.004309263930208176,1.769626942880058E-5
12140.0,4.8481283665740394E-4,0.9914029436846257,0.007874905953932152,2.373375247849435E-4
12387.0,1.736118013401792E-8,0.05327001317661121,0.5890149214533656,0.35771504800884296
12656.0,5.301739904027756E-6,0.26243392293214846,0.7371381703162782,4.2260501166928934E-4
11903.0,3.098311946497739E-5,0.6438673657227643,0.3518065972903098,0.004295053867460934
11215.0,0.08806413295566524,0.9067920071310422,0.005138542040747087,5.31787254556056E-6
10972.0,0.9997858183819297,2.1418158113517094E-4,3.693481783404603E-11,3.812821088080408E-16
11446.0,0.9999979793468589,2.0206528643327947E-6,2.76821178166443E-13,1.1555883774878159E-17
11685.0,0.9997429057295203,2.570942044847733E-4,6.59913888352852E-11,3.5798883950768755E-15
12163.0,0.08694016976688268,0.9119494018900423,0.0011097785274671952,6.498156078565209E-7
12428.0,0.8522575403183338,0.1477415460378677,9.136347947014269E-7,9.003878120950959E-12
12703.0,0.9999964371941505,3.5628019549132088E-6,3.894517603544291E-12,2.6357032436695986E-17
11920.0,0.9995526290174043,4.4737074621403793E-4,2.3638046386541153E-10,1.322458673361646E-15
12491.0,0.06050453156434482,0.9394585097189172,3.6951364533286734E-5,7.352204637049106E-9
12228.0,2.4765145998267975E-12,8.272081282356654E-4,0.03379803828755551,0.9653747535817323
11991.0,0.7709526863720132,0.22904529866719361,2.0146382803283478E-6,3.2251293494742564E-10
12760.0,0.40302361990149044,0.5969749059176507,1.4715544335099399E-6,2.6264254211642123E-9
11505.0,0.11064109177224563,0.8893013833591493,5.745900748974063E-5,6.586111543707745E-8
11746.0,0.9860594946143975,0.013940502007259459,3.3777862916815267E-9,5.568139637657315E-13
11144.0,0.979086358335857,0.02091353661152518,1.0504987934543384E-7,2.7384954926029466E-12
12324.0,0.9995074341023553,4.925651929566159E-4,7.046847689362381E-10,3.2896230522007825E-15
12075.0,0.9993370672776509,6.629320704139911E-4,6.519076773541203E-10,2.7263988831246077E-14
11832.0,0.9914135448080214,0.008586411421890835,4.3759156514931504E-8,1.0931399761890256E-11
12599.0,0.12965237415866057,0.8702700751331224,7.735323943332156E-5,1.9746878368971853E-7
11294.0,0.999995288476247,4.711520275033977E-6,3.4780323533252374E-12,2.6825771144604162E-17
11533.0,0.9970108769803817,0.0029887536670847995,3.680201285802127E-7,1.33240506742597E-9
11111.0,0.9995892808853177,4.1071868312512485E-4,4.315490121474177E-10,7.994261042145473E-15
12565.0,1.7483990156760356E-7,0.15624009299693162,0.8103288735617639,0.033430858601402956
11802.0,0.9922742620603078,0.007725735980742391,1.958565530229642E-9,3.843066323267297E-13
12041.0,0.9997122091712203,2.8779077865443624E-4,5.0119447408952396E-11,5.777400106925759E-15
12294.0,0.9999999964452713,3.540411655234094E-9,1.431609571282836E-11,8.535784246107333E-16
11567.0,0.9198982496803041,0.0801012175745774,5.324121903575142E-7,3.329282562317147E-10
11324.0,0.9965247411189578,0.0034752407665472555,1.810962312851539E-8,4.872083088783053E-12
11077.0,0.9983411054984187,0.0016588928479623654,1.653600992426177E-9,1.8107339517953143E-14
12021.0,1.6971863059688707E-11,0.009992942904113181,0.5460519044897034,0.44395515258921164
12262.0,1.7284691376302068E-9,0.05848092911365992,0.9230494342427137,0.018469634915157292
12521.0,0.7250176101417809,0.27498224059153564,1.491207872788059E-7,1.458961819529777E-10
11712.0,0.9999983126580175,1.6873416370845543E-6,3.454103080801113E-13,2.982386200572766E-18
11475.0,0.9997784950831098,2.2150484419163462E-4,7.269720983583865E-11,1.3755334845419488E-15
11178.0,0.9994387191936726,5.612807074159229E-4,9.890960532608071E-11,1.9149238780882264E-15
11384.0,0.9999389667099925,6.103327421666192E-5,1.5790178749107478E-11,6.74798272269749E-16
11627.0,0.31664565018353175,0.6833402877332069,1.4051674378977606E-5,1.04088825243304E-8
12109.0,0.9998315013925739,1.6849850742784876E-4,9.999732359522366E-11,7.810229203932137E-16
12354.0,0.23458253536889545,0.754338424129018,0.011071889721314026,7.150780772463689E-6
12625.0,0.9053630510006175,0.09463692428074573,2.456084383387407E-8,1.577928365951717E-10
11870.0,0.9999850943386555,1.4905656724209756E-5,4.620030720303898E-12,1.349855612318281E-16
11009.0,0.9999981693657071,1.8306340460624568E-6,2.4693304559190664E-13,9.582004583732194E-18
11415.0,0.9377844201280929,0.06221516997539098,4.0988406574824476E-7,1.2450376469813975E-11
11652.0,0.9998703725338286,1.2962692479586346E-4,5.413528291582283E-10,2.2867401843320608E-14
12194.0,0.6777172048099127,0.32226439631213294,1.839737274730246E-5,1.5052070694815838E-9
12461.0,1.1770841343928521E-4,0.972501173925796,0.022515308571143592,0.00486580908962111
12734.0,0.5630526047769933,0.4369316359440213,1.575898813056165E-5,2.9085471865038097E-10
11953.0,1.5165950609730605E-6,0.9995260987241749,3.733429968465415E-4,9.904168391760487E-5
11246.0,0.9999982902181831,1.7097806804861022E-6,1.1363988670840728E-12,1.5480161282191975E-18
11005.0,0.9770110714195458,0.022988871426887717,5.712415735627708E-8,2.940913666218031E-11
11686.0,0.9999983126580175,1.6873416370845543E-6,3.454103080801113E-13,2.982386200572766E-18
11445.0,0.9944415740808206,0.005558399468746161,2.6450148203334652E-8,2.8504748607048084E-13
11923.0,0.9844852758677491,0.015514536863824136,1.872678748943275E-7,5.518490386149326E-13
12700.0,0.9997986177898501,2.0138196534518775E-4,2.448019477214242E-10,2.6801180031252427E-15
12431.0,0.9999339076316146,6.609234295430047E-5,2.5430872335523952E-11,1.643551763490916E-16
12160.0,0.999826889059209,1.7311070006059012E-4,2.407304497324489E-10,1.0510518713610289E-16
10975.0,1.4536816805698233E-9,0.0022094102340784066,0.9876071138884985,0.010183474423741238
11212.0,0.002846138872700672,0.8773243676134739,0.11940141411688003,4.2807939694530756E-4
11593.0,0.9999999119924257,8.798165939511462E-8,2.5910628344062682E-11,4.469991486526835E-15
11354.0,0.99327362107,0.006726331685017605,4.7241829394275224E-8,3.15327865440082E-12
11900.0,0.9837233595815319,0.016276617222952167,2.3190744299220285E-8,4.771585231802328E-12
12659.0,0.9999901378213287,9.862176586225353E-6,2.084967780850612E-12,3.1362074733056294E-17
12384.0,0.7794336464833136,0.22056403583328907,2.317402273012842E-6,2.8112435582105216E-10
12143.0,0.3601771589220565,0.6398037466578058,1.9065204309919543E-5,2.9215827803770984E-8
11043.0,0.8889094651639683,0.11108956188726694,9.729260792357704E-7,2.268558189548565E-11
11145.0,0.9999982074068752,1.7925928138718373E-6,3.111864699484792E-13,4.271053061684319E-18
12229.0,0.9938977967271625,0.0061021359852371,6.728481130968414E-8,2.789000270563109E-12
12490.0,0.990394951431455,0.009604969015815673,7.954129074450201E-8,1.1438811228601382E-11
12761.0,8.772731559850247E-11,0.04674455346418461,0.19075460665566082,0.7625008397924272
11990.0,0.9999999997396298,2.6036755841864846E-10,2.621182294935439E-15,4.0506898348373047E-20
11504.0,0.0010015743350649184,0.9969200252405083,0.0019447546162805875,1.3364580814639466E-4
11747.0,0.8797175356154339,0.12028228550057586,1.7883668904446217E-7,4.730131364788749E-11
11110.0,0.2279788662248647,0.7710156432992309,0.0010046221328898967,8.683430144002353E-7
12074.0,0.9999997134630285,2.865348516678427E-7,2.119762398995608E-12,9.382912625784635E-17
12325.0,0.3785743960668911,0.6214238628357707,1.7405429238313568E-6,5.54414481176282E-10
12598.0,0.9980206996925215,0.001979299544314944,7.631579912253508E-10,5.6457104069337615E-15
11833.0,0.18592153272538336,0.8140256862387897,5.276426325242588E-5,1.6772574413384604E-8
11295.0,0.18944739342368924,0.8102948702166081,2.5715847869420017E-4,5.778810084569961E-7
11532.0,0.8713327700711803,0.1286615624752014,5.667100047741792E-6,3.535706736187279E-10
11076.0,0.5774701275254261,0.42251731775316687,1.2552604782651294E-5,2.116624327587576E-9
11803.0,0.3141883063511373,0.6858112136728526,4.792101606115745E-7,7.658495580891977E-10
12564.0,0.9999988071245759,1.192874778767374E-6,6.452635119819639E-13,9.780077286815591E-18
12295.0,0.9999982902181831,1.7097806804861022E-6,1.1363988670840728E-12,1.5480161282191975E-18
12040.0,0.989910241694338,0.010089751793852266,6.511475014374533E-9,3.347803438961992E-13
11566.0,0.3866135435626521,0.6133419518258972,4.450088793141351E-5,3.7235193003121128E-9
11325.0,0.9998878766825089,1.1212279728577476E-4,5.201093390393099E-10,9.58831179650768E-14
11179.0,0.9175934236403764,0.0824065419705472,3.438053684907704E-8,8.539329481713637E-12
12020.0,0.019692770635349396,0.9801850899477235,1.2152080805397272E-4,6.186088729596317E-7
12520.0,0.9113549972660705,0.08864473406712241,2.6863466054596547E-7,3.214651324324649E-11
12263.0,0.6101566887721975,0.389820679439921,2.263066912143634E-5,1.1187599847841263E-9
11713.0,0.9999479819024581,5.201800320516568E-5,9.433451571232321E-11,2.2718560571441544E-15
11474.0,0.9678715840097533,0.032127924225431224,4.917580153749138E-7,6.799983631880816E-12
11008.0,0.9986354001428922,0.0013645923412285775,7.515780451356637E-9,9.887993281416219E-14
11385.0,0.9999982902181831,1.7097806804861022E-6,1.1363988670840728E-12,1.5480161282191975E-18
11626.0,0.9999973027484231,2.6972512172066235E-6,3.5976613087476457E-13,2.8414179745536646E-17
12355.0,0.9999271996224024,7.280035441155209E-5,2.318576987392559E-11,2.4403841212061205E-16
12108.0,0.15350104514073076,0.8464419169370577,5.7006265601025984E-5,3.165661035940977E-8
11871.0,0.9999999999963396,3.659510138235462E-12,8.880213213568786E-16,2.6822587463795758E-21
12624.0,0.9959016929244267,0.004098304882563018,2.192943122485236E-9,6.723614058271946E-14
11247.0,0.9999920694437076,7.930545925275188E-6,1.0366946698562217E-11,1.4503750957690083E-16
11004.0,0.9986334499251085,0.0013665484599151068,1.614866013761335E-9,1.1046251909314806E-13
11414.0,3.385504298851498E-4,0.737004612496869,0.2452332443663708,0.017423592706875053
11653.0,0.9657631585776676,0.034236707469179686,1.339437872176958E-7,9.36554135581366E-12
12460.0,0.9997889279955159,2.1107163370817853E-4,3.7077379011062644E-10,2.212487691235196E-15
12195.0,0.5580309958751442,0.44193120801482416,3.778219346189731E-5,1.3916569843534466E-8
