11477.0,0.9897914403856991,0.01017097150722419,3.7569516964299174E-5,1.8590112297680954E-8
11718.0,0.9821189640670593,0.017774805095601254,1.0539982653216068E-4,8.310108071620613E-7
12256.0,0.17310645448535408,0.4775704039463216,0.34879399717684395,5.291443914802513E-4
12527.0,0.9790210689763551,0.020829411133038475,1.495068995087958E-4,1.2991097656434483E-8
12019.0,0.946490269922893,0.052621951211871014,8.876634402181537E-4,1.154250179946934E-7
11180.0,0.9632240123253532,0.036563801132278195,2.1063975704650918E-4,1.5467853220854752E-6
11322.0,0.32757464817654824,0.6687227607831903,0.0037023688838195173,2.2215644200639273E-7
11561.0,0.9460499745990582,0.053597357388490155,3.5266238479655715E-4,5.627655280472651E-9
12047.0,0.4895575886141733,0.5081934364418786,0.0022485662234733995,4.0872047471713896E-7
12288.0,0.94884609801291,0.05083234419625339,3.2147081068483287E-4,8.698015195365594E-8
12563.0,0.944848452253809,0.0547683186265272,3.83228557705765E-4,5.619580923547237E-10
11804.0,0.17165463565437122,0.8213677335442953,0.006976186582422048,1.4442189114578996E-6
11075.0,0.8859830896177563,0.11314587181105476,8.689533435238191E-4,2.0852276649846054E-6
11531.0,0.8983515409497,0.10094535695704855,7.004876698008573E-4,2.6144234506027373E-6
11288.0,0.0140817720597273,0.9428819286731597,0.04298850972151192,4.7789545601003714E-5
11838.0,0.5961270445161929,0.29259100250381065,0.10714522543688901,0.004136727543107466
12593.0,0.950842526398204,0.048848863899206715,3.0680602637912427E-4,1.8036762099705765E-6
12322.0,0.9285831252916605,0.07094103590468659,4.7547059193748386E-4,3.682117153821565E-7
12077.0,0.943290292789125,0.056336584660183604,3.707620307200488E-4,2.3605199714451885E-6
11105.0,0.2860236363384022,0.7118904408929093,0.0020839902063611694,1.9325623273159168E-6
11748.0,0.9340160288276683,0.06554470639657461,4.391699253883628E-4,9.485036871186723E-8
11511.0,0.8172798500943104,0.1812734837085653,0.0014465878450057906,7.835211849382993E-8
11985.0,0.4270794596573447,0.4227817658556515,0.1470602708413101,0.0030785036456937045
12493.0,0.017424864198817776,0.23252146246279531,0.749904958584104,1.4871475428279964E-4
12226.0,0.9117665714879847,0.08762982647369089,6.034840074077073E-4,1.1803091667142938E-7
11150.0,0.9149732487446695,0.08444069486268402,5.858501579538E-4,2.0623469278263604E-7
12390.0,0.9530736164627099,0.04663028839689275,2.960751819944054E-4,1.9958403056085296E-8
12137.0,0.9448866969730078,0.054766524697055535,3.467465673043929E-4,3.176263218435726E-8
11898.0,0.9258466023008531,0.07364434570735061,5.090158451724953E-4,3.614662372700796E-8
12661.0,0.9809739239228793,0.018930047384550095,9.56731168962316E-5,3.555756745282166E-7
11356.0,0.9650451520850881,0.03475471294283104,1.9964753417905294E-4,4.874379017953034E-7
11599.0,0.20214997974743815,0.4535589681268926,0.3442493068881346,4.174523753484076E-5
11045.0,0.9871120741072359,0.012834142481826108,5.3781811030288635E-5,1.599907701104816E-9
12425.0,0.9830166769166863,0.016903849152586584,7.942837002320896E-5,4.556070406206463E-8
12166.0,0.9021757436480731,0.0971300840180448,6.941568030887547E-4,1.5530793438664985E-8
11925.0,0.011120918314200584,0.8389785732332522,0.1491809261874137,7.195822651336146E-4
12698.0,0.9637438780466185,0.03584962209686526,4.059178023754119E-4,5.820541405403387E-7
11443.0,0.8768122374805369,0.12231454451363702,8.708320189181964E-4,2.3859869077613375E-6
11680.0,0.9820751635420036,0.017841454550970266,8.319955169996825E-5,1.823553261693988E-7
11210.0,0.9366945121768563,0.0628584828844304,4.468905330438609E-4,1.1440566937301681E-7
10969.0,0.8102613897934093,0.1884201881491606,0.0013171172058326346,1.3048515973742235E-6
12728.0,0.9850584014163064,0.01487796223563213,6.36299542678971E-5,6.393793670892235E-9
11959.0,0.10781230564656574,0.8920008766949813,1.8590329515618865E-4,9.143632968342874E-7
12196.0,0.1369529202345453,0.8622309003824211,8.161744101558599E-4,4.972877678410725E-9
12459.0,0.9093945095951684,0.08997212939019344,6.331448653431295E-4,2.1614929498372976E-7
11650.0,0.5900829229991037,0.40476136460895634,0.0051540071313678475,1.7052605721067765E-6
11409.0,0.9544486945688129,0.045269462860306135,2.81829005057809E-4,1.3565823200085938E-8
11003.0,0.19046304628119923,0.7524650829367954,0.05702060020142862,5.1270580576866214E-5
11240.0,0.9314445155961698,0.06809259266530326,4.6287806446436707E-4,1.3674062548785776E-8
12631.0,0.9481599391645277,0.051504374341965885,3.356289109630269E-4,5.758254356842533E-8
11864.0,0.08567604377520471,0.3688661046055742,0.5453220252322012,1.3582638702004166E-4
12107.0,0.8173412236798636,0.14444684407780603,0.038202227842907006,9.704399423448163E-6
12356.0,0.9624260419485795,0.037354589733507616,2.193116364935043E-4,5.6681419486684274E-8
11629.0,0.9121269395389787,0.08716693857251624,7.053159368642389E-4,8.059516405880683E-7
11390.0,0.9778000637783415,0.022091925583752392,1.0799042285435086E-4,2.0215051783359726E-8
11015.0,0.12363885010607752,0.8658244541661105,0.01051795086312977,1.8744864682227064E-5
11181.0,0.9860808934022095,0.013861434039921036,5.7572274647843514E-5,1.0028322167308649E-7
11476.0,3.118675070375569E-5,0.0016000914412214286,0.019698993345629,0.9786697284624458
11719.0,0.9850584014163064,0.01487796223563213,6.36299542678971E-5,6.393793670892235E-9
12526.0,0.9865642312882139,0.013378014815135812,5.774680163342741E-5,7.095016924919614E-9
12257.0,0.279824531921675,0.7080277592257738,0.012098185868361552,4.952298418979919E-5
12018.0,0.8958230064230722,0.10307257003570985,0.0011037161825753984,7.07358642463119E-7
11074.0,0.952783352567287,0.04692755853042009,2.890361547311224E-4,5.2747561666752644E-8
11323.0,0.9804267303691153,0.01948123712446204,9.199285286313161E-5,3.9653559285986626E-8
11560.0,0.1535550798685958,0.845845316626725,5.799514575989339E-4,1.965204708039116E-5
12289.0,0.9001601846727496,0.09735198266210265,0.002374543655737974,1.132890094098929E-4
12046.0,0.9406618414033462,0.05893641914389523,4.014411460949065E-4,2.9830666359425046E-7
11805.0,0.8960512984836692,0.10317194566505775,7.695642058015142E-4,7.191645471578882E-6
12562.0,0.9861658399707566,0.013772611677442176,6.139728710028184E-5,1.5106470086930277E-7
11104.0,0.9313873351265756,0.06814911030585685,4.6322845236292944E-4,3.261152048292404E-7
11530.0,0.9741872183283604,0.025638973348248596,1.7379278844250245E-4,1.553494866775955E-8
11289.0,0.9830125014239731,0.016912165140323523,7.533246116342521E-5,9.745400559466203E-10
12592.0,0.9440370361942131,0.055539937486949326,4.229793980760265E-4,4.6920761718962115E-8
11839.0,0.028479403163991657,0.7239639514764257,0.24755476805564033,1.87730394223773E-6
12076.0,0.9847865364383459,0.015141807075526833,7.164587002041407E-5,1.0616106792390148E-8
12323.0,0.9845789489837317,0.015353242974684317,6.780541750876013E-5,2.6240751451178952E-9
11151.0,0.9678435608745082,0.03196831212681101,1.880850133051863E-4,4.198537564489411E-8
11749.0,0.9897914403856991,0.01017097150722419,3.7569516964299174E-5,1.8590112297680954E-8
11510.0,0.9511137940421941,0.04857995403369293,3.059079470913376E-4,3.439770217920242E-7
11984.0,1.1265764468021999E-4,0.8908857530918347,0.07168315722352192,0.03731843203996329
12227.0,0.9467142697514593,0.05294523864319597,3.404627489531007E-4,2.8856391428071866E-8
12492.0,0.968702542142984,0.031125300342591988,1.72052404557291E-4,1.0510986664140548E-7
11044.0,0.9663730425836036,0.03343910260527599,1.8747432164545262E-4,3.8048947518941784E-7
12136.0,0.8819968322908953,0.1171657845332636,8.369531402048206E-4,4.300356362898884E-7
12391.0,0.8996298772267985,0.09959062614083382,7.76870604829869E-4,2.62602753764153E-6
12660.0,0.9863391345937352,0.013604031934326218,5.6784851579116716E-5,4.8620359177932036E-8
11899.0,0.9647613567511772,0.035022467008086096,2.156713826532926E-4,5.048580833271142E-7
11357.0,0.952573923532565,0.04713186589680872,2.939374030999091E-4,2.7316752640805916E-7
11598.0,0.6336178944390536,0.3586485729410279,0.0077303257434872446,3.2068764313007716E-6
11211.0,0.679506343383999,0.24789892718455797,0.07236676579222512,2.2796363921794116E-4
10968.0,0.9798885533691354,0.02001352398480727,9.788566819947141E-5,3.6977857797391694E-8
12167.0,0.9565863550979663,0.04312118581115925,2.9197961211199547E-4,4.794787624927611E-7
12424.0,0.9614826188145306,0.03829359567896006,2.2378397030715377E-4,1.5362023134918543E-9
12699.0,0.12640564602110999,0.7773156960813058,0.09574100339288441,5.376545046996869E-4
11924.0,0.9497019118272405,0.04997322943343433,3.2479539987896914E-4,6.333944618143619E-8
11442.0,0.9897914403856991,0.01017097150722419,3.7569516964299174E-5,1.8590112297680954E-8
11681.0,0.9798370310763581,0.020061834475416363,1.0112973983411136E-4,4.708391500410098E-9
11002.0,0.9472609668783942,0.05239702549050155,3.419964609427501E-4,1.1170161487104701E-8
11241.0,0.9850584014163064,0.01487796223563213,6.36299542678971E-5,6.393793670892235E-9
11958.0,0.9539416133515526,0.04561538823567523,4.428106417464819E-4,1.877710258363694E-7
12729.0,0.053814398571277414,0.9436774981063139,0.002450495702711084,5.7607619697542385E-5
12458.0,0.9856923975731644,0.014247338895049881,6.02453504452733E-5,1.8181340461500242E-8
12197.0,0.9820314111654886,0.017887436764180732,8.115156772216398E-5,5.026085464620546E-10
11651.0,0.9506458083220064,0.04904780291078756,3.059538988771388E-4,4.348683287987458E-7
11408.0,0.9253998261207871,0.07399926608720721,6.008428817151747E-4,6.491029041864955E-8
11014.0,0.9897914403856991,0.01017097150722419,3.7569516964299174E-5,1.8590112297680954E-8
11865.0,0.9360195277761095,0.06355428549508865,4.2240227885170393E-4,3.7844499501112127E-6
12630.0,0.9881551171298114,0.011796690250788522,4.812146568116406E-5,7.115371883316511E-8
12357.0,0.9847816137553466,0.015153513236469412,6.48520747326756E-5,2.0933451257574316E-8
12106.0,0.967930607416974,0.03189170722056732,1.7768362290312295E-4,1.7395556353124537E-9
11628.0,0.9751346020261948,0.024738804926367947,1.265849128861515E-4,8.13455104247943E-9
11391.0,0.8783895165158182,0.11934291844047186,0.0022661151923016004,1.4498514082596658E-6
11563.0,0.9850584014163064,0.01487796223563213,6.36299542678971E-5,6.393793670892235E-9
11320.0,0.0039079938481997615,0.1085820970582924,0.5613392067189266,0.32617070237458107
12561.0,1.5927118111045493E-6,4.872387369599429E-4,0.04743644461096519,0.9520747239402638
11806.0,0.19382835628307546,0.8054020099803565,7.693227424853113E-4,3.109940827359534E-7
12045.0,6.15032546285453E-4,0.026091195914464904,0.12708142076549278,0.846212350773757
12290.0,0.006946911411531233,0.47791383947125576,0.23241597209162967,0.2827232770255832
11073.0,0.9757676074822165,0.02411125120094522,1.2114022327314926E-4,1.0935652022928259E-9
11716.0,0.9819428685846028,0.01796232136865006,9.464038572579889E-5,1.6966102148440218E-7
11479.0,0.9666765252772024,0.03313791744472783,1.8555115488791223E-4,6.123181892646781E-9
12017.0,0.14092651738613327,0.8587607936438724,3.1266920574715056E-4,1.9764247258457195E-8
12258.0,7.701592470290563E-5,0.0034696485491506764,0.3028005342586462,0.6936528012675002
12525.0,0.9676036481900362,0.032217311390835786,1.7902192529631601E-4,1.849383158403405E-8
11182.0,0.8954336713148514,0.10376313378231235,8.031227740089536E-4,7.21288274874026E-8
11509.0,0.9485866073617586,0.051089195130061674,3.24192329618326E-4,5.178561567013005E-9
11750.0,0.9787293813689386,0.02116482753334188,1.056506069847055E-4,1.4049073472402979E-7
12495.0,9.678908680073575E-6,0.0021473934146325033,0.21754217693485273,0.7803007507418347
12224.0,0.9769080588732008,0.02297802461987683,1.1391050586067399E-4,6.001061597658402E-9
11987.0,0.9747616306181868,0.02509738714007083,1.4098125998726266E-4,9.817550434483706E-10
11148.0,0.003806299563032913,0.11720264472633296,0.878909960963918,8.10947467160786E-5
11290.0,0.6495875635733012,0.34801444119939545,0.0023978668147598505,1.2841254344754027E-7
11529.0,0.20310395698132547,0.7118877090989395,0.08495879336109903,4.954055863618965E-5
12320.0,0.899173376680111,0.09998099423992049,8.447376601624946E-4,8.914198061784617E-7
12079.0,0.9798370310763581,0.020061834475416363,1.0112973983411136E-4,4.708391500410098E-9
11836.0,0.9702145141097043,0.029624775661591343,1.6070737956441696E-4,2.849139887687185E-9
12595.0,0.6643730256828164,0.33341380565267703,0.001946090106000396,2.670785585062578E-4
11107.0,0.9863391345937352,0.013604031934326218,5.6784851579116716E-5,4.8620359177932036E-8
11927.0,0.6846410324535753,0.3132641109399537,0.0020878376779321158,7.018928538943603E-6
12696.0,0.9523723486650019,0.047334866610711,2.925885848683112E-4,1.9613941870545985E-7
12427.0,0.9917207950442597,0.008249377335121806,2.9823074442308355E-5,4.546176171361188E-9
12164.0,0.9680809939343187,0.03174337026898489,1.7562612355687964E-4,9.673139635970027E-9
11682.0,0.010027702913117394,0.17697681936149903,0.8048478443587579,0.008147633366625644
11441.0,0.0920721064614895,0.7407789470732663,0.167071307545991,7.763891925312092E-5
10971.0,0.022311387989502815,0.24306867514023686,0.6075015492900466,0.12711838758021368
11208.0,2.258077401216658E-4,0.015151702504554799,0.10079415765516338,0.8838283321001601
11896.0,0.1911238722518791,0.8083321209292107,5.439997983101581E-4,7.020599887662055E-9
12663.0,0.945962760050829,0.05369298272218937,3.441861710961096E-4,7.105588541908697E-8
12388.0,0.8212116560554263,0.17746969231764848,0.0013088636818338142,9.787945091295476E-6
12139.0,0.9269981147272601,0.07250757864692747,4.937562531837016E-4,5.503726286552645E-7
11597.0,0.9516415173462599,0.04805706507261997,3.013896509322625E-4,2.7930187976835793E-8
11358.0,0.948670666610533,0.05094229088196186,3.870280313794917E-4,1.4476125367652244E-8
11047.0,0.981115668139747,0.018793467116858583,9.084746621479631E-5,1.7277179572415516E-8
12105.0,0.7681545626514061,0.2284022290085564,0.003408132754814489,3.507558522292421E-5
12358.0,0.9583352676845102,0.04140592083245305,2.587176483999009E-4,9.383463673833364E-8
12629.0,0.9830166769166863,0.016903849152586584,7.942837002320896E-5,4.556070406206463E-8
11866.0,0.9438893183536786,0.05574459437635932,3.6604179706036053E-4,4.5472901546505834E-8
11388.0,0.9839301839437101,0.015999631210467245,7.015936596024955E-5,2.547986226199268E-8
11631.0,0.8958386529359009,0.10272379329367447,0.0014366089009964752,9.448694280093254E-7
11013.0,0.9841212023983134,0.015806326352050464,7.234260690188588E-5,1.2864273438780393E-7
12198.0,0.2123987014362505,0.7869261111166241,6.745268889074327E-4,6.605582179898542E-7
12457.0,0.9829416573469734,0.016981879142686195,7.646332436929438E-5,1.8597107107179978E-10
12730.0,0.9868369846664864,0.013108754529680517,5.425967282217744E-5,1.1310110099196143E-9
11957.0,0.9783186676785852,0.021575414015022006,1.058014139599213E-4,1.1689243274301155E-7
11411.0,0.9701185656770751,0.029720968802650093,1.6046124336117898E-4,4.276913651582185E-9
11648.0,0.9761036554270448,0.0237774995357866,1.1884288135180875E-4,2.1558168206510536E-9
11242.0,0.9151507978585729,0.08425681102021297,5.918220493191159E-4,5.690718950473135E-7
11001.0,0.9092114625254735,0.08870748619496188,0.0020809285710420744,1.2270852234619108E-7
11072.0,0.983924648046575,0.01600530424333863,7.004632545026853E-5,1.3846363276703106E-9
11562.0,0.10375240937062934,0.865276664934369,0.03096933912580597,1.5865691956661852E-6
11321.0,0.19784431715165188,0.2686880062940342,0.5334378344854908,2.98420688232349E-5
11807.0,0.9847816137553466,0.015153513236469412,6.48520747326756E-5,2.0933451257574316E-8
12560.0,0.9880433442041644,0.011909740311767173,4.691369913115867E-5,1.7849374421446595E-9
12291.0,0.9299941023786348,0.06954128757193372,4.645301262821399E-4,7.992314941329979E-8
12044.0,0.9863391345937352,0.013604031934326218,5.6784851579116716E-5,4.8620359177932036E-8
11183.0,0.9869207514598073,0.013025062761245043,5.416164213520808E-5,2.413681237566402E-8
11717.0,0.9691143958237137,0.030716842773907887,1.6875646839377686E-4,4.93398464156274E-9
11478.0,0.9737746682550263,0.026078522359701598,1.4674406951695228E-4,6.531575496700288E-8
12016.0,0.20314486386986352,0.5238018952034523,0.27302610009835626,2.7140828327879796E-5
12524.0,0.9640488646162683,0.03569538705579623,2.55534203011965E-4,2.141249236760051E-7
12259.0,0.93732728200201,0.06224500207856035,4.2763938673303454E-4,7.653269671253888E-8
11149.0,0.9455948894003665,0.05299914551742014,0.0014047933020461302,1.171780167441855E-6
11508.0,0.9390702950171579,0.06053047370718464,3.9915032403567793E-4,8.095162169037989E-8
11751.0,0.9796324365236171,0.02020240890259793,1.651477429763885E-4,6.830808637882426E-9
12225.0,0.742826261518364,0.25395646194925536,0.0032095544514882494,7.722080892415806E-6
12494.0,0.26109478649464174,0.7271157685250123,0.011679927380779366,1.0951759956682798E-4
11986.0,0.9149853553490137,0.08441938185261041,5.952523324809551E-4,1.0465894811903922E-8
11106.0,0.9365516784119494,0.06225422354378886,0.0011940482768179252,4.97674436938666E-8
11291.0,0.9876380304757727,0.012312757420003591,4.920644314497952E-5,5.661078837261852E-9
11528.0,0.9740556516068827,0.025810247353610385,1.3400610769525144E-4,9.493181175074435E-8
12078.0,0.9506302335675365,0.04905573608980215,3.1400890864109645E-4,2.1434020367955736E-8
12321.0,0.8699303535953479,0.12376612190919702,0.0063016822727059805,1.84222274904374E-6
12594.0,0.9897914403856991,0.01017097150722419,3.7569516964299174E-5,1.8590112297680954E-8
11837.0,0.11329131552631852,0.88261814914192,0.004078463549151117,1.2071782610290651E-5
10970.0,0.11451195052372808,0.885003720075462,4.831651963927579E-4,1.1642044171764019E-6
11209.0,0.9640623980276506,0.035728503424403805,2.0908631161698312E-4,1.223632841841833E-8
12697.0,0.9847816137553466,0.015153513236469412,6.48520747326756E-5,2.0933451257574316E-8
11926.0,0.9681527379961966,0.03167092832411043,1.7616880986366862E-4,1.6486982936513156E-7
12165.0,0.9437045767510615,0.055885242054022455,4.1005962651933E-4,1.2156839653885973E-7
12426.0,0.9679518373553079,0.0318709910170059,1.7715532732311338E-4,1.630036295382802E-8
11683.0,0.9782174331234011,0.0216777026053362,1.0484460952930285E-4,1.9661733456968953E-8
11440.0,0.9397995032687363,0.059805611278268445,3.947582456358209E-4,1.2720735929462293E-7
11046.0,0.043964401327299084,0.3908021945661617,0.5641003749459466,0.0011330291605925926
12662.0,0.8146793417941024,0.17186128859635863,0.013458453031153561,9.165783854479877E-7
11897.0,0.8900813068676519,0.10915247837275241,7.519427509245656E-4,1.4272008671096784E-5
12138.0,0.011689496971228501,0.047208511099541724,0.3981258641965317,0.5429761277326981
12389.0,0.9817464292174737,0.01816463981193122,8.885759507089819E-5,7.337552432591515E-8
11596.0,0.9577228606679383,0.04202155008095534,2.555057270868766E-4,8.352401936479985E-8
11359.0,0.14462926996537123,0.2847788773584532,0.5704987390583277,9.31136178477702E-5
11012.0,0.4984598996883574,0.4993156624478829,0.0022243563205060378,8.154325381262754E-8
12359.0,0.9395488791716299,0.06000172878963759,4.4925646446214315E-4,1.3557427059249464E-7
12104.0,0.9897914403856991,0.01017097150722419,3.7569516964299174E-5,1.8590112297680954E-8
11867.0,0.9784059093633865,0.02148868037780476,1.05408814090801E-4,1.4447180015182054E-9
12628.0,0.9815497951128724,0.018359831208888535,8.9832113542445E-5,5.415646963167051E-7
11389.0,0.9847816137553466,0.015153513236469412,6.48520747326756E-5,2.0933451257574316E-8
11630.0,0.8305942792960255,0.16809452440454378,0.0013077219504328877,3.474348997651261E-6
11243.0,0.2768212335107047,0.5185476256591319,0.2045512177685533,7.992306161023072E-5
11000.0,0.979450974404001,0.02044796672881744,1.0071204484486496E-4,3.468223367048707E-7
12456.0,0.9037344400911008,0.09549814167712933,7.665256740316708E-4,8.925577379657093E-7
12199.0,0.9664755874549646,0.03333468755933274,1.894374956293363E-4,2.874900732746677E-7
11956.0,0.9844714837205617,0.015458439670256677,7.006969505017602E-5,6.914131542746627E-9
12731.0,0.2876455599403958,0.7111841723261381,0.0011640718789336065,6.195854532464875E-6
11410.0,0.0012591228558620972,0.017337958393964733,0.9808630598811752,5.398588689980436E-4
11649.0,0.9512924303118346,0.04840153444829282,3.0599501507344866E-4,4.0224799254107465E-8
11834.0,0.7970306426176912,0.1939802667308436,0.008986908163274517,2.1824881907567867E-6
12597.0,0.9270929874832652,0.07241498980193718,4.919804130166756E-4,4.230178104246163E-8
12326.0,0.01632527078614706,0.6309362006942864,0.14375635653891067,0.20898217198065594
12073.0,0.9375333869466631,0.06204700220207971,4.19444131463095E-4,1.6671979396379582E-7
11535.0,0.9432396094308472,0.05639145549827729,3.6885527065617295E-4,7.980021949334562E-8
11292.0,0.9841212023983134,0.015806326352050464,7.234260690188588E-5,1.2864273438780393E-7
11109.0,0.9110480125052917,0.08827262476424849,6.793544966972444E-4,8.233762676965849E-9
11989.0,0.5689027786446954,0.37733282271884744,0.05339754455594261,3.668540805145266E-4
12489.0,0.9619929063285022,0.03778592096501057,2.211608229800852E-4,1.1883507112354911E-8
12230.0,0.989893808223799,0.010065551304942856,4.0639284021377064E-5,1.1872367087878834E-9
11744.0,0.9570785165201492,0.042667688480142976,2.5379030279082805E-4,4.696916810789897E-9
11507.0,0.944315601886489,0.05533295942465754,3.514359914726635E-4,2.697380698410834E-9
11146.0,0.9388568162144708,0.06073072084962609,4.124561401769407E-4,6.795726147612544E-9
12260.0,0.9885780622910315,0.011377539192740652,4.439740997671756E-5,1.1062511221974562E-9
12523.0,0.8631653774999417,0.1358773853194812,9.568400815340133E-4,3.9709904303940863E-7
12023.0,0.20877451666387323,0.7860028575360398,0.005222430608359918,1.9519172681298572E-7
11473.0,0.9232732660344506,0.07619885457836392,5.274431540911763E-4,4.3623309433257143E-7
11714.0,0.4031087126237673,0.5955636713517612,0.0013275907895931702,2.5234878301169345E-8
11176.0,0.9388644760803437,0.06072964451943998,4.056485428100022E-4,2.308574062448099E-7
12043.0,0.9304378837837934,0.06906518904681658,4.955951289967483E-4,1.332040393300852E-6
12292.0,0.9770036287902253,0.02288322225132151,1.1312060710294504E-4,2.8351350057089024E-8
12567.0,0.11779560292349484,0.8819638812334235,2.4007461375242126E-4,4.412293292695774E-7
11800.0,0.9790102548128963,0.02086364957744942,1.2608897259845913E-4,6.637055879869238E-9
11326.0,0.9811577820736909,0.018750503654941162,9.165026058391862E-5,6.401078395471758E-8
11565.0,0.5567905970188887,0.43145887961610146,0.011327946080391381,4.2257728461848085E-4
11079.0,0.9793163424549258,0.020584604506499075,9.904657656128942E-5,6.4620135583186274E-9
11654.0,0.9076618280718944,0.09153578714778783,8.019498516216692E-4,4.3492869600831487E-7
11413.0,0.928295007480693,0.07121247405799035,4.922413297947738E-4,2.771315219120635E-7
12732.0,0.8852839066606171,0.1138209071334207,8.94198924149502E-4,9.8728181262994E-7
11955.0,0.980600297565989,0.019308810422867546,9.073690733277568E-5,1.5510381066663146E-7
12192.0,0.9831683496149152,0.016757375385367777,7.40737918434148E-5,2.0120787369527678E-7
12463.0,0.9847816137553466,0.015153513236469412,6.48520747326756E-5,2.0933451257574316E-8
11007.0,0.9230725706568516,0.0763509335568613,5.746724311719625E-4,1.8233551151736105E-6
11244.0,0.94884609801291,0.05083234419625339,3.2147081068483287E-4,8.698015195365594E-8
11625.0,0.8879131506102567,0.1109852838771814,0.0010907704269435628,1.0795085618272284E-5
11386.0,0.05458533731418202,0.9337403275318736,0.01162928893846656,4.504621547783114E-5
12627.0,0.9819428685846028,0.01796232136865006,9.464038572579889E-5,1.6966102148440218E-7
11868.0,4.8520973344714835E-5,0.0089349981924697,0.5780031800405832,0.4130133007936023
12111.0,0.9763394285377803,0.023528494003993553,1.3206853977285838E-4,8.918453187052352E-9
12352.0,0.9086127739770825,0.09075042293289186,6.362141937247869E-4,5.888963007858266E-7
11011.0,0.9836216136669615,0.01630578877226147,7.258178800828325E-5,1.577276870531765E-8
11352.0,0.9897914403856991,0.01017097150722419,3.7569516964299174E-5,1.8590112297680954E-8
11595.0,0.9760075903664208,0.023873001724716673,1.1940166796718602E-4,6.240895404376068E-9
12386.0,0.908304317232081,0.0901283635109174,0.001566981654778683,3.3760222303210707E-7
12141.0,0.5030694941160029,0.49503384262541517,0.0018842111130153215,1.2452145566714348E-5
11902.0,0.9714788092015209,0.028249106847456875,2.720225969940508E-4,6.135402799498586E-8
12657.0,0.9073537166868346,0.09194723446974945,6.988770541951275E-4,1.7178922079493278E-7
11041.0,0.8977837508781706,0.10150373916852805,7.046662488451366E-4,7.843704456396714E-6
11447.0,0.040815875812307896,0.8313070753161591,0.1273359139612764,5.411349102563742E-4
11684.0,0.8425000899622245,0.15560943473346125,0.001887667767171658,2.807537142746611E-6
12429.0,0.974527529733857,0.025341774517512673,1.3062495995841517E-4,7.078867189574189E-8
12162.0,0.9768437656161166,0.023037799307405234,1.1826484482780848E-4,1.7023165045725947E-7
11921.0,0.9850584014163064,0.01487796223563213,6.36299542678971E-5,6.393793670892235E-9
12702.0,0.8583372033896568,0.11493598720740254,0.026667072901619522,5.973650132122061E-5
11214.0,0.021258191677311862,0.8794969259719376,0.09924204919204804,2.8331587024283803E-6
10973.0,0.9759069558584622,0.023972100153041534,1.2094249515332356E-4,1.4933428853226545E-9
11108.0,0.12081419616702886,0.8726777254951736,0.006504356898417945,3.721439379397179E-6
12596.0,0.9865642312882139,0.013378014815135812,5.774680163342741E-5,7.095016924919614E-9
11835.0,0.9487290934951504,0.050945238024553155,3.245287930714113E-4,1.1396872248827207E-6
12072.0,0.29106481800956274,0.7073049371062929,0.0016299686015436446,2.762826006425504E-7
12327.0,0.955083566475603,0.044641914683499,2.7412669936645464E-4,3.9214153144050257E-7
11534.0,0.9277909550741961,0.07169669793240337,5.109327752036876E-4,1.4142181969858139E-6
11293.0,0.8144479808553227,0.18378058347517184,0.0017713317568489155,1.0391265661745704E-7
11147.0,0.9318868516976073,0.06765050934047769,4.624153017298107E-4,2.2366018516331077E-7
11988.0,0.8430670245059557,0.12341700436008086,0.0335043297253986,1.164140856482376E-5
12231.0,0.8600474325863318,0.13892873720118243,0.001023719067801275,1.1114468457396114E-7
12488.0,0.29191622705566284,0.7072451067856226,8.386006227322683E-4,6.553598233447023E-8
11745.0,0.9170408890028693,0.0823029494591069,6.560058092698674E-4,1.5572875397516268E-7
11506.0,0.9856923975731644,0.014247338895049881,6.02453504452733E-5,1.8181340461500242E-8
11177.0,0.971684513923947,0.028129443428438164,1.860146133101852E-4,2.8034304751491938E-8
12522.0,0.9831529130203207,0.016759679137699792,8.729288175967224E-5,1.149602198011742E-7
12261.0,0.4707936879610568,0.5000165730984985,0.029117218788806007,7.25201516387084E-5
12022.0,0.687512152926254,0.31053557839060025,0.0019515005070355276,7.681761103322236E-7
11472.0,0.9652149163352729,0.034587875238694075,1.9720257540565764E-4,5.850627307475478E-9
11715.0,0.9532460200711547,0.0464547440481001,2.9923441899973985E-4,1.461745497676816E-9
11078.0,0.12683845647801345,0.872825068320988,3.363088663579864E-4,1.6633464047610097E-7
12293.0,0.9819570369514112,0.017957901240121213,8.490468932954883E-5,1.571191380169638E-7
12042.0,0.9348930053372974,0.06392139810057759,0.0011852237754794283,3.7278664552335614E-7
11801.0,0.9196116923053256,0.07982117276970813,5.671310465941763E-4,3.878372099234647E-9
12566.0,0.9607287530012625,0.03901429230575181,2.569532713881644E-4,1.4215974609689232E-9
11327.0,0.9743538733476027,0.02551333016876196,1.326684046698002E-4,1.2807896554162068E-7
11564.0,0.0011297692656823245,0.009004057650236682,0.9542257785382888,0.03564039454579209
11006.0,0.3877730507481559,0.5947622315885608,0.01745547476513597,9.242898147495396E-6
11245.0,0.10346412521546947,0.6585341727419819,0.21620632858716926,0.021795373455379533
11655.0,0.9265994920701184,0.07287445447545476,4.9316389798976E-4,3.2889556437087944E-5
11412.0,0.9538171445916515,0.045901292009054635,2.8107838748207885E-4,4.850118118635396E-7
11954.0,0.9571501923704718,0.04258477663110707,2.6497852348659925E-4,5.2474934665990935E-8
12733.0,0.9703691324416114,0.029472316785499497,1.5854275795838495E-4,8.01493082109479E-9
12462.0,0.06526155773726308,0.9346473714136369,9.056693536755185E-5,5.039137324789249E-7
12193.0,0.95472394935568,0.04498809418664507,2.879549386336684E-4,1.5190412815792723E-9
11010.0,0.9453589721665484,0.05428704764385812,3.5387789764160064E-4,1.0229195197210903E-7
11624.0,0.9799037938945907,0.019933465127928384,1.6273522320544627E-4,5.754275421983519E-9
11387.0,0.8367474330945402,0.161553141942391,0.0016991068382612574,3.181248074610423E-7
11869.0,0.2882751225649438,0.7103727330779459,0.0013509798369348847,1.1645201754235468E-6
12626.0,0.9839749786999059,0.015926583703736164,9.843164151892435E-5,5.954839071633351E-9
12353.0,0.9228351983065385,0.07641443807231187,7.501627404062301E-4,2.0088074318441665E-7
12110.0,0.8683156858722865,0.13060173876803358,0.0010825388822667448,3.6477413244433193E-8
11040.0,0.9884861668480419,0.011468125489078017,4.570531214811394E-5,2.3507320305777174E-9
11353.0,0.9395474448022959,0.06005220452546322,4.002385704876902E-4,1.1210175332765816E-7
11594.0,0.7085109528014629,0.2883632282045073,0.0030762125660426156,4.9606427987163293E-5
12140.0,0.21979452133102942,0.7782734775417979,0.0016397301786952568,2.9227094847744954E-4
12387.0,0.0075635578897431015,0.37770541636741944,0.6140304433947015,7.00582348136013E-4
12656.0,0.10699636510231057,0.4367352325104102,0.45626607481954917,2.327567730149563E-6
11903.0,0.030629742911329947,0.14839791236534156,0.8205498296610474,4.2251506228102115E-4
11215.0,0.8912786454574813,0.09165609363519349,0.017036209998451818,2.9050908873502553E-5
10972.0,0.9629256896236286,0.036859810860734234,2.1443966928814715E-4,5.984634910259802E-8
11446.0,0.9850584014163064,0.01487796223563213,6.36299542678971E-5,6.393793670892235E-9
11685.0,0.9549321342720951,0.04479058822262196,2.772262980366299E-4,5.120724628429524E-8
12163.0,0.8772456178356625,0.12126712122967813,0.001485496129580795,1.764805078464741E-6
12428.0,0.3701763797589467,0.6286456148037487,0.0011779832352127953,2.2202091883517785E-8
12703.0,0.9904847919045547,0.0094798905555454,3.531719822040138E-5,3.416795217314373E-10
11920.0,0.9844720825972963,0.015452422561932497,7.549251776335475E-5,2.3230077554542055E-9
12491.0,0.5819956460973478,0.4154759802585951,0.0025282342491157557,1.393949414225338E-7
12228.0,3.3593417211747026E-4,0.05561313079197184,0.07419743209025596,0.8698535029456548
11991.0,0.8657436703475385,0.13329504838653294,9.59802413659293E-4,1.4788522693964223E-6
12760.0,0.8953014775839582,0.10396658668366227,7.305870385477025E-4,1.3486938319911764E-6
11505.0,0.28535718749145794,0.7134158346641515,0.001226569375532587,4.0846885798387656E-7
11746.0,0.9256397085825274,0.0738607043023999,4.992602421492568E-4,3.268729235384445E-7
11144.0,0.933198045771827,0.06636084669481333,4.406705470512509E-4,4.3698630824297484E-7
12324.0,0.9851899858138392,0.014735047935696806,7.496509703858145E-5,1.1534255353209373E-9
12075.0,0.9531176788062811,0.04660224775061296,2.799701056434099E-4,1.033374627818208E-7
11832.0,0.9256914133453671,0.0737985099031707,5.039197951447659E-4,6.156956317451294E-6
12599.0,0.7735955706859226,0.22492731108896197,0.0014767625812248087,3.5564389069803673E-7
11294.0,0.9892899394023438,0.01066784844478446,4.220166420524481E-5,1.0488666670694382E-8
11533.0,0.9305186105632657,0.0689779243933678,4.97689952702017E-4,5.775090664474893E-6
11111.0,0.965376898344868,0.03442773898258274,1.9524326212644216E-4,1.194104226794423E-7
12565.0,0.17661964187723514,0.29580875803399526,0.5194261438708021,0.008145456217967586
11802.0,0.9619555437171714,0.03782296579324682,2.1918858211868422E-4,2.3019074630793386E-6
12041.0,0.9599511754687421,0.03981466629344275,2.3412599442250862E-4,3.224339260848567E-8
12294.0,0.9637642577487686,0.036002881401362506,2.3245664601215374E-4,4.042038567660728E-7
11567.0,0.9428091968983378,0.05681506406516309,3.7463101682873274E-4,1.108019670327431E-6
11324.0,0.9637093774324826,0.036081956749629815,2.0860660505235602E-4,5.9212835178381684E-8
11077.0,0.9676997844812082,0.03211951044515098,1.8060588842652508E-4,9.918521412755326E-8
12021.0,0.00392625849148706,0.20037894944239312,0.711823993948414,0.0838707981177058
12262.0,0.010718661911359083,0.4286313626153669,0.5605587405875956,9.123488567832956E-5
12521.0,0.8956503563256544,0.10360282108107889,7.452699480992679E-4,1.552645167545612E-6
11712.0,0.9869207514598073,0.013025062761245043,5.416164213520808E-5,2.413681237566402E-8
11475.0,0.9631291837214127,0.03665745103654095,2.1330616728183803E-4,5.9074764597278224E-8
11178.0,0.953549857090285,0.04616348360713625,2.865939363056049E-4,6.536627340348571E-8
11384.0,0.9783729915815469,0.021522442696987564,1.0450978332423905E-4,5.593814137915918E-8
11627.0,0.9182991780335736,0.08114287275877008,5.531233097211741E-4,4.825897934793978E-6
12109.0,0.976162207901218,0.02371654707676672,1.2121929713801074E-4,2.5724877380377272E-8
12354.0,0.9315416074221604,0.06693847906531382,0.001517362602005365,2.550910520379364E-6
12625.0,0.8659756676189513,0.1330827114639326,9.393218079452863E-4,2.2991091707003406E-6
11870.0,0.9723588239547785,0.027494213883861012,1.4663920794438895E-4,3.229534159274236E-7
11009.0,0.9850584014163064,0.01487796223563213,6.36299542678971E-5,6.393793670892235E-9
11415.0,0.93837914006907,0.061224186528005146,3.9642218343584047E-4,2.5121948889896426E-7
11652.0,0.9793545075569245,0.02053580734337076,1.0964286966765243E-4,4.22300368245301E-8
12194.0,0.8040814039742319,0.1928792529511142,0.0030379835846951917,1.359489958763734E-6
12461.0,0.5765596149022134,0.41628469874099977,0.005579167933589203,0.001576518423197621
12734.0,0.1762408967107454,0.8232609697144271,4.981206971924601E-4,1.287763483781253E-8
11953.0,0.009173638486436764,0.9851929084378679,0.005542423772941086,9.102930275435739E-5
11246.0,0.9868369846664864,0.013108754529680517,5.425967282217744E-5,1.1310110099196143E-9
11005.0,0.8894021239981537,0.10983058549880972,7.664459665163963E-4,8.445365204553445E-7
11686.0,0.9869207514598073,0.013025062761245043,5.416164213520808E-5,2.413681237566402E-8
11445.0,0.9538512004009502,0.045852460034778046,2.963132599571908E-4,2.6304314462789414E-8
11923.0,0.9268475367134282,0.07262749492679121,5.249580417716323E-4,1.031800919906882E-8
12700.0,0.9798370310763581,0.020061834475416363,1.0112973983411136E-4,4.708391500410098E-9
12431.0,0.9768255969166126,0.023057873048508034,1.1649895338780044E-4,3.108149168674258E-8
12160.0,0.9835224782046638,0.016404430656803196,7.309077720394188E-5,3.6132907538534524E-10
10975.0,0.4082166997217434,0.095082615438715,0.49516145391737765,0.001539230922163833
11212.0,0.44224793141792523,0.28425412531902516,0.27317990735002684,3.180359130226513E-4
11593.0,0.9439046597745401,0.05568658676374541,4.081529786165474E-4,6.004830978340712E-7
11354.0,0.9223488498682667,0.07710678906403515,5.435377209214917E-4,8.23346776737408E-7
11900.0,0.9134847313528093,0.08591735004462545,5.97709940033539E-4,2.086625316436021E-7
12659.0,0.9764152319816912,0.02346573177677085,1.1899076686144439E-4,4.54746764015201E-8
12384.0,0.9345929238587425,0.06497330387270103,4.3370891464018113E-4,6.335391631746666E-8
12143.0,0.18295560303910002,0.8164068994202638,6.367370314798793E-4,7.605091562325673E-7
11043.0,0.8614758736683089,0.13749686664926425,0.0010271235585918503,1.3612383490483438E-7
11145.0,0.9847816137553466,0.015153513236469412,6.48520747326756E-5,2.0933451257574316E-8
12229.0,0.9526136993208534,0.04709101886713968,2.950860234653219E-4,1.9578854140944285E-7
12490.0,0.943217600304106,0.05641101854181378,3.7131396261295074E-4,6.719146734942022E-8
12761.0,0.009507700304403071,0.6922358614111934,0.1336957495232947,0.16456068876110883
11990.0,0.9847783371555865,0.015151370312732273,7.021149920108183E-5,8.10324802308971E-8
11504.0,0.04838662879207026,0.9300416829186019,0.021422383678153904,1.4930461117383212E-4
11747.0,0.8769870692965989,0.12216843201927881,8.43665465384987E-4,8.332187374772658E-7
11110.0,0.87994939524753,0.11884494672383333,0.001204886662913438,7.713657230885675E-7
12074.0,0.9638347696069265,0.03594408840566218,2.206923569150583E-4,4.4963049600114406E-7
12325.0,0.18033821354252438,0.819241482577736,4.201497090232806E-4,1.5417071624365656E-7
12598.0,0.9580855827938346,0.04166773376364791,2.466334946349582E-4,4.994788258618537E-8
11833.0,0.13959621491876273,0.8568939668324521,0.0035057257937077613,4.0924550774489255E-6
11295.0,0.9164679383507911,0.08288861153040808,6.416978704054539E-4,1.7522483954732443E-6
11532.0,0.9229565598001845,0.07628351328766615,7.595909755972186E-4,3.359365519827096E-7
11076.0,0.9311441960122109,0.06829557284910168,5.599976725585034E-4,2.334661289761917E-7
11803.0,0.09269126493431361,0.9071775480554732,1.3030582040038407E-4,8.811898128869983E-7
12564.0,0.9897914403856991,0.01017097150722419,3.7569516964299174E-5,1.8590112297680954E-8
12295.0,0.9868369846664864,0.013108754529680517,5.425967282217744E-5,1.1310110099196143E-9
12040.0,0.9449341324166546,0.05470820109218968,3.576255886297001E-4,4.090252595708252E-8
11566.0,0.1866511785683343,0.8128808195452101,4.679920708775514E-4,9.815578136923114E-9
11325.0,0.9669789850999604,0.03283388883815284,1.8673490299967748E-4,3.911588870262859E-7
11179.0,0.1332835063163439,0.8664810305625376,2.352147459120982E-4,2.483752063092163E-7
12020.0,0.17685046718107383,0.8225877437736914,5.546928646313922E-4,7.096180603548752E-6
12520.0,0.9358310193779611,0.06374084807869837,4.2805567883004913E-4,7.686451057643241E-8
12263.0,0.9787368615179173,0.021152512334912502,1.1055650267350313E-4,6.964449652795451E-8
11713.0,0.9652269507583443,0.0345737344981704,1.9926231277600712E-4,5.243070926443126E-8
11474.0,0.9676724240603092,0.03213154520296006,1.960090335107282E-4,2.1703220047742277E-8
11008.0,0.9616054315198019,0.038156480144183,2.3791835981320307E-4,1.6997620186303766E-7
11385.0,0.9868369846664864,0.013108754529680517,5.425967282217744E-5,1.1310110099196143E-9
11626.0,0.9850584014163064,0.01487796223563213,6.36299542678971E-5,6.393793670892235E-9
12355.0,0.9782174331234011,0.0216777026053362,1.0484460952930285E-4,1.9661733456968953E-8
12108.0,0.8118071352561885,0.18682946518941443,0.0013242715222112095,3.912803218608026E-5
11871.0,0.9814631105842543,0.0184426454677639,9.422482842467283E-5,1.9119557298083513E-8
12624.0,0.8998897683132614,0.09940485824879397,7.037823801562302E-4,1.5910577883003232E-6
11247.0,0.9900539476136319,0.00990868933352589,3.730559446729388E-5,5.745837503547137E-8
11004.0,0.9614398812872412,0.03833399708186295,2.2604320847794277E-4,7.842241810357841E-8
11414.0,0.4573875945442755,0.35678534235939324,0.18478184587688817,0.0010452172194429904
11653.0,0.93468388407588,0.06488513791046377,4.3094861224855996E-4,2.9401407829364717E-8
12460.0,0.9822510809437173,0.01766822051858717,8.069343632088321E-5,5.1013744439180105E-9
12195.0,0.9581052111726167,0.04163786451825544,2.5655333128653463E-4,3.7097784133566413E-7
11952.0,0.9758666904627847,0.0240006574387391,1.326290033952128E-4,2.3095080654946235E-8
12735.0,0.051623311026832354,0.874030221624419,0.07367082217946519,6.756451692832589E-4
10974.0,0.9592328012486975,0.0404622810875635,3.0419817558008264E-4,7.194881589741666E-7
11213.0,0.8568129529674454,0.14117410076431014,0.0020066491732639363,6.297094980568758E-6
11687.0,0.8941012820076197,0.10515113879942409,7.45453182244995E-4,2.126010711113449E-6
11444.0,0.9531689574209526,0.046545000546888614,2.860401179986793E-4,1.914160001597354E-9
12701.0,0.9453020010363709,0.05430452774021504,3.934358065458519E-4,3.541686802942618E-8
11922.0,0.7668906986677955,0.2316187870221452,0.0014878395227505901,2.6747873087222857E-6
