11477.0,0.999980169225675,1.983077414020395E-5,1.8476630716585917E-13,2.5263464215483395E-21
11718.0,0.9999717896188265,2.821038087240056E-5,3.0116436160916924E-13,7.913142564762266E-22
12256.0,0.9252741680611846,0.07470414464300769,2.1687295402761826E-5,4.049143334867214E-13
12527.0,0.9999768308493833,2.3169149990668443E-5,6.260852433657267E-13,2.4455507595598437E-23
12019.0,1.435252914775152E-4,0.9998564510857377,2.3622784669498428E-8,1.3574914749943227E-17
11180.0,0.9994873758809093,5.126241189281389E-4,1.6263706993000308E-13,9.496923313739825E-20
11322.0,4.0049949413549203E-4,0.9995958238193525,3.676686303418976E-6,2.085369071847087E-13
11561.0,0.531798441865427,0.4682011242284354,4.3390613752540714E-7,3.3785503566345465E-19
12047.0,7.451239158849435E-8,0.9999510611276862,4.8864359922165624E-5,1.2976335076022957E-16
12288.0,0.9902927174421614,0.00970728240704882,1.5078970423234939E-10,1.51714953328557E-17
12563.0,0.0578448787773151,0.9421551028531916,1.8369493248183842E-8,3.5955870459647254E-17
11804.0,2.11039537779172E-6,0.9889782192460452,0.011019670271906359,8.667050255446679E-11
11075.0,0.9668312930157809,0.03316870694664001,3.757923150635111E-11,2.0069145679007582E-18
11531.0,0.2021470844003611,0.7978529138380355,1.7613579605279627E-9,2.455172569656617E-13
11288.0,1.353036042879721E-13,2.5879962937406756E-8,0.9999654773388027,3.449678109902219E-5
11838.0,4.78361225480069E-10,5.7579796781971375E-6,0.9991407567070256,8.534848349349232E-4
12593.0,0.9998940753425375,1.0592465737195393E-4,9.054115375795946E-14,2.2453385442839798E-21
12322.0,0.09837790440195053,0.9016220926197301,2.9783192826917886E-9,1.6407233072414982E-19
12077.0,0.987665350729232,0.012334649252071788,1.869623120946659E-11,6.102384642568955E-20
11105.0,7.082222333476784E-10,0.9715211717832531,0.02847882750145421,7.070356146355151E-12
11748.0,0.9998050990891304,1.9490090984125292E-4,1.0283705406164877E-12,1.321432079245988E-20
11511.0,0.006325147172569535,0.9936748285599145,2.426751581227753E-8,4.253294062175766E-20
11985.0,4.195900678227043E-5,0.9982031726585133,9.235864577353043E-6,0.0017456324701268103
12493.0,5.061914237344602E-21,3.625664909448604E-8,0.9999957145449105,4.249198440410925E-6
12226.0,0.007722496844136447,0.9922772079426548,2.9521320867318637E-7,3.597956623891703E-17
11150.0,0.7559162762718318,0.24408371936776727,4.360398095296441E-9,2.960042737763244E-15
12390.0,0.9996598746106301,3.4012536865233814E-4,2.0717444038337112E-11,2.287565839984341E-19
12137.0,0.9951383733847424,0.004861626477434068,1.3782350136879622E-10,1.552409753560397E-17
11898.0,0.20406305780244705,0.7959368898130618,5.238448004526081E-8,1.1178280153741411E-14
12661.0,0.9999883145832659,1.1685413941717215E-5,2.7924233344146505E-12,2.8323313547964585E-20
11356.0,0.9996261042948879,3.738957000270193E-4,5.085187927483691E-12,1.719751183834623E-21
11599.0,3.9228815491991206E-6,0.8473792311619385,0.15180594455297697,8.109014035353348E-4
11045.0,0.9832224116730388,0.016777588259364158,6.75971924373973E-11,3.652543728787146E-20
12425.0,0.9999755876903351,2.441230936604307E-5,2.9881086443956007E-13,3.4092290905349627E-22
12166.0,0.0022889895354375233,0.9977022926336956,8.717830866453834E-6,4.57510040541972E-16
11925.0,1.8531503543238682E-16,2.749165452992143E-5,0.9957096292289328,0.004262879116537066
12698.0,0.9983416709378722,0.0016583290612397362,8.881474433869408E-13,4.970912943940899E-20
11443.0,1.8415560134357243E-4,0.9998158394524452,4.946211167539177E-9,1.3396258812929542E-18
11680.0,0.9999781691368212,2.1830862963579623E-5,2.1530158590616426E-13,3.4778224812816264E-22
11210.0,0.969711793329762,0.030288206565516465,1.0472151322961658E-10,1.4376118423416386E-20
10969.0,0.999887174033638,1.1282596444215562E-4,1.919926014401517E-12,1.7234784300473726E-20
12728.0,0.9999745939928166,2.5406006986762945E-5,1.9658066328584946E-13,1.320407923952537E-21
11959.0,1.5683773856071E-15,0.9999999999665907,2.1461957985971428E-13,3.319299895569581E-11
12196.0,3.9674657151018804E-4,0.99960325333676,9.172975550940801E-11,2.2059988548241442E-16
12459.0,0.2807461340981604,0.7192538649407033,9.61112318376716E-10,2.39897499576876E-14
11650.0,0.9999295642450399,7.043575470890293E-5,2.5120342259487497E-13,3.857195733483937E-21
11409.0,0.44515605394721813,0.5548439423670704,3.6857114364719145E-9,1.6813894491951788E-17
11003.0,9.434320568202915E-15,0.9999418080968504,5.819190297931638E-5,1.609669584824848E-13
11240.0,0.9998170700460839,1.8292994486145318E-4,9.054639793059052E-12,1.4566166215271388E-22
12631.0,0.18699507471638013,0.8130048876502912,3.763332852384725E-8,6.635603299092656E-19
11864.0,0.0034659087570430226,0.9965218938612458,1.2197377194991462E-5,4.516172516816205E-12
12107.0,4.6426675125343053E-5,0.011583049210629038,0.9883705138131161,1.0301129444317666E-8
12356.0,0.9949174970906249,0.005082502907875169,1.4999662936046012E-12,2.309539450277578E-18
11629.0,0.8930180636887883,0.10698163324396232,3.030672395832733E-7,9.886413514027278E-15
11390.0,0.9993445724097059,6.554272918089666E-4,2.984851747914358E-10,2.1817452387149375E-19
11015.0,2.055539970525224E-15,0.9999969504350539,3.049515994117065E-6,4.894994456910219E-11
11181.0,0.9999781691368212,2.1830862963579623E-5,2.1530158590616426E-13,3.4778224812816264E-22
11476.0,6.951490539538057E-19,2.7747997051221565E-8,0.7011093807533263,0.2988905914986767
11719.0,0.9999745939928166,2.5406006986762945E-5,1.9658066328584946E-13,1.320407923952537E-21
12526.0,0.9999760022896099,2.3997710191159246E-5,1.988877065454135E-13,6.354026790140343E-22
12257.0,3.727821662972047E-5,0.9999612753345406,1.4464487341803365E-6,9.540073950122835E-14
12018.0,0.015866341510600044,0.9841323902839125,1.2682054120964147E-6,7.55164027886014E-14
11074.0,0.9999316241496072,6.837585009590118E-5,2.9695262654272957E-13,2.9502623305257167E-21
11323.0,0.9991905982755869,8.094017048935339E-4,1.9519678429300346E-11,7.890612989701788E-19
11560.0,5.115637111428981E-6,0.9999920559236625,2.8284392165659182E-6,9.6050069610055E-15
12289.0,6.99364297674263E-5,0.9999300632611872,3.087149206569016E-10,3.305587248513231E-13
12046.0,0.9644475462132998,0.03555244655625662,7.230443660613077E-9,1.157468388410459E-18
11805.0,0.9987693898402181,0.001230608526517648,1.6332641829496725E-9,1.498305162900555E-18
12562.0,0.9999861106575689,1.3889342301619138E-5,1.294090925492396E-13,1.769436229431763E-21
11104.0,0.9978320576251555,0.0021679422009513974,1.7389311353275218E-10,6.285627418607906E-18
11530.0,0.999269737677901,7.30262309092861E-4,1.3006260142106429E-11,4.300118009179421E-21
11289.0,0.9998425089786052,1.5749102122376035E-4,1.7106516642619426E-13,5.772092322120088E-23
12592.0,0.002806599564094131,0.9971933962972134,4.13869250523307E-9,6.93326300341797E-22
11839.0,9.17518998965528E-18,3.6965742142320254E-6,0.9999962840463035,1.9379482197743758E-8
12076.0,0.9999871046595414,1.2895340254992453E-5,2.0355229875551065E-13,6.868275320700651E-23
12323.0,0.9996190918087668,3.809081835058523E-4,7.727406866882512E-12,4.3603575700761036E-21
11151.0,0.9999760022896099,2.3997710191159246E-5,1.988877065454135E-13,6.354026790140343E-22
11749.0,0.999980169225675,1.983077414020395E-5,1.8476630716585917E-13,2.5263464215483395E-21
11510.0,0.9986252010095813,0.0013747988754371034,1.1498166931814178E-10,1.2026922511240288E-19
11984.0,1.5542976228182888E-11,0.7910366129383408,0.20896062804753535,2.7589985808413296E-6
12227.0,0.9999224379732857,7.756202461047779E-5,2.1036134840174563E-12,1.816783884896363E-20
12492.0,0.999969199503865,3.0800496023761144E-5,1.1121691315632904E-13,1.1969532602322327E-21
11044.0,0.9895082850468914,0.010491621850279496,9.310282909146021E-8,4.97229576287404E-17
12136.0,0.891299446588668,0.10870055235583544,1.055496474800267E-9,1.8097626951833688E-16
12391.0,0.9406004896392728,0.05939951035530344,5.42380537000514E-12,8.114862291552425E-19
12660.0,0.9999828586862078,1.7141313663748313E-5,1.284254070917972E-13,9.853550639738239E-22
11899.0,0.9913479835723455,0.00865201637149628,5.615818910978178E-11,1.810717200843586E-19
11357.0,0.7539246235453106,0.2460753763967051,5.7984168549985434E-11,2.2324276129402124E-17
11598.0,0.8497872067149669,0.15021116558118747,1.6277036814800888E-6,1.642115546502903E-13
11211.0,3.9574843879992777E-13,0.9999996684184466,3.3158051080209426E-7,6.46649571928533E-13
10968.0,0.996074706473384,0.003925293513450987,1.3165066693991005E-11,6.050231241110587E-19
12167.0,0.9956481949126837,0.004351751514732171,5.3572583412405495E-8,6.839500690653313E-16
12424.0,0.9998555386354282,1.4446135026947697E-4,1.4302327441548073E-11,7.892260037238624E-21
12699.0,4.220356477974642E-15,0.999999939636662,1.8939380049721556E-8,4.1423953581892414E-8
11924.0,0.8608577137580062,0.13914228550933114,7.324413216035778E-10,2.212529987547662E-13
11442.0,0.999980169225675,1.983077414020395E-5,1.8476630716585917E-13,2.5263464215483395E-21
11681.0,0.9999492843057706,5.071569199818975E-5,2.2312485868173747E-12,4.685428426493444E-20
11002.0,0.9998822806523439,1.1771934705289246E-4,6.033935423095022E-13,1.0779733548839269E-20
11241.0,0.9999745939928166,2.5406006986762945E-5,1.9658066328584946E-13,1.320407923952537E-21
11958.0,0.9998631921740467,1.3680782258966502E-4,3.3636145492164635E-12,1.7291732101734695E-21
12729.0,6.400278135906731E-11,0.009150925071164204,0.980162738907116,0.01068633595771691
12458.0,0.999969199503865,3.0800496023761144E-5,1.1121691315632904E-13,1.1969532602322327E-21
12197.0,0.9999481774413602,5.182255847802319E-5,1.6178166826984672E-13,3.2613037078213463E-21
11651.0,0.9998968618549506,1.0313814434613865E-4,7.031940138035315E-13,1.578280273917785E-17
11408.0,2.695032056562257E-4,0.9997304148212041,8.197313956713015E-8,3.3354391422351755E-17
11014.0,0.999980169225675,1.983077414020395E-5,1.8476630716585917E-13,2.5263464215483395E-21
11865.0,0.8765665782853672,0.12343342137029364,3.4433564048359164E-10,3.4289114679037446E-15
12630.0,0.999980169225675,1.983077414020395E-5,1.8476630716585917E-13,2.5263464215483395E-21
12357.0,0.9999762474352065,2.37525646321307E-5,1.6140456668717156E-13,1.893388128228681E-21
12106.0,0.9999247389753433,7.52610232946868E-5,1.3619425337359867E-12,5.433941190810232E-23
11628.0,0.9999813057647512,1.8694234953781156E-5,2.9508756055076314E-13,9.956864265192637E-23
11391.0,0.9926843937318379,0.007315601275799939,4.9923620482755E-9,1.296162824046878E-17
11563.0,0.9999745939928166,2.5406006986762945E-5,1.9658066328584946E-13,1.320407923952537E-21
11320.0,6.704129721578438E-24,9.812045062622128E-6,0.06507252568091593,0.9349176622740214
12561.0,4.400912967705603E-52,2.402308756548244E-30,1.977832517500897E-11,0.9999999999802216
11806.0,3.0092028999049516E-11,0.9999998701319249,1.2959075196223298E-7,2.472311316259215E-10
12045.0,9.283885175296205E-33,2.585068015093384E-19,9.23384646585744E-8,0.9999999076615353
12290.0,2.496501473544753E-16,1.4368904696061396E-11,0.9999825707865772,1.7429199053685968E-5
11073.0,0.9998721326856612,1.2786731390041365E-4,4.3839605047510386E-13,5.159685373189835E-23
11716.0,0.9999806746545131,1.9325345250441374E-5,2.3654554893973746E-13,2.6988241146935614E-22
11479.0,0.9990115473213818,9.884526785508918E-4,6.730658240295653E-14,1.236701778426502E-20
12017.0,5.157915245562734E-9,0.9999998400604144,1.547816694116369E-7,9.961516318811226E-16
12258.0,1.5218716270231581E-37,9.523442975534654E-17,0.1133642123933515,0.8866357876066484
12525.0,0.9999580953213221,4.190467851046735E-5,1.6746367421654727E-13,5.350097755309525E-22
11182.0,0.3718025462144427,0.6281974531973413,5.882159270945699E-10,7.51821249202759E-18
11509.0,0.627074028297231,0.3729258519825289,1.197202388250332E-7,1.3634362117862655E-15
11750.0,0.9999720092103724,2.7990789437919313E-5,1.8973860053920918E-13,1.869713517199809E-20
12495.0,2.1173966840616983E-29,1.567120956169364E-12,0.944445923457631,0.05555407654080182
12224.0,0.9999745939928166,2.5406006986762945E-5,1.9658066328584946E-13,1.320407923952537E-21
11987.0,0.8289244109627033,0.17107521224346145,3.767938323345999E-7,2.9118932341723475E-15
11148.0,8.841885692024988E-18,4.3966503546870626E-8,0.9999995101672289,4.458662676338767E-7
11290.0,0.06623701992581808,0.9337629800608885,1.3293513344162558E-11,1.9527164283682282E-20
11529.0,4.180362397064775E-11,0.9942733695950141,0.005726385779820497,2.445833616921201E-7
12320.0,0.7922657471009805,0.20773425186766623,1.0313531098064535E-9,3.525304945464818E-17
12079.0,0.9999513739731268,4.8626026720978096E-5,1.5220386734079964E-13,1.3228626931133493E-21
11836.0,0.9999010552970795,9.894470213345235E-5,7.870018226177682E-13,5.014384342917156E-21
12595.0,0.9778032870139025,0.0221967099564666,3.029628391093282E-9,2.4627139853918728E-15
11107.0,0.9999828586862078,1.7141313663748313E-5,1.284254070917972E-13,9.853550639738239E-22
11927.0,0.9218185404279824,0.0781599516837299,2.1507839197979428E-5,4.9089787135398844E-11
12696.0,0.008264231626844953,0.9917357683483838,2.477135609402868E-11,2.059658569400741E-20
12427.0,0.999980169225675,1.983077414020395E-5,1.8476630716585917E-13,2.5263464215483395E-21
12164.0,0.9998865047859292,1.134952136078095E-4,4.631166091991586E-13,1.171127525093937E-19
11682.0,6.872542108048205E-38,1.4738752756624768E-13,7.324855490397768E-5,0.9999267514449486
11441.0,5.577681872706895E-8,0.9999844006134034,1.1006264037849452E-5,4.537345740069817E-6
10971.0,2.6269197534486257E-13,2.608016035200894E-6,0.9999819821701951,1.5409813507102642E-5
11208.0,1.6918193853442063E-20,1.4951727393837458E-8,0.9999628262511531,3.7158797119658406E-5
11896.0,0.3107913529205301,0.6892086046195282,4.24599415895179E-8,7.089292192064906E-17
12663.0,0.9995525034514804,4.474965439891234E-4,4.530348211212412E-12,2.766466893525072E-20
12388.0,6.143999230842118E-5,0.9999385556756185,4.33201725235786E-9,5.569912513806877E-14
12139.0,0.9043830125403092,0.09561615291581554,8.345438752793202E-7,1.479627239504312E-17
11597.0,0.0018410578028516301,0.998158941426528,7.705250424386563E-10,9.52879493195369E-14
11358.0,0.0260836488747295,0.9739163510738845,5.1375970319967873E-11,9.955551309662939E-15
11047.0,0.24286391604156227,0.7571360322017914,5.1755970456205176E-8,6.760300429130765E-13
12105.0,0.006587439762539584,0.9934124144949487,1.4574251149993918E-7,1.8410977183302095E-16
12358.0,0.9998511896534656,1.488101548389071E-4,1.9165879362266E-10,3.6634622841643044E-14
12629.0,0.9999755876903351,2.441230936604307E-5,2.9881086443956007E-13,3.4092290905349627E-22
11866.0,0.9999470426962128,5.295730277493108E-5,1.0122872242905257E-12,4.433645111965997E-22
11388.0,0.9999782674246066,2.173257522515552E-5,1.6815724150971847E-13,1.1294913266040224E-21
11631.0,1.4140164509050015E-4,0.9998573295268736,1.2688280358908455E-6,2.2315097509565832E-17
11013.0,0.999400039596103,5.999604038184273E-4,7.840272479207957E-14,1.4970944573935896E-21
12198.0,5.073501817909175E-8,0.9999999492617883,3.1935822462065565E-12,3.128907863726391E-22
12457.0,0.9984287054203141,0.0015712944625093257,1.1717651998869276E-10,1.6634635033582733E-19
12730.0,0.9999801820899007,1.9817909563850263E-5,5.355267990962316E-13,2.091820537494135E-23
11957.0,0.9999781691368212,2.1830862963579623E-5,2.1530158590616426E-13,3.4778224812816264E-22
11411.0,0.999951336481929,4.8663518047407494E-5,2.35127408786836E-14,2.9694366258422925E-20
11648.0,0.9998888114970248,1.1118850238743358E-4,5.878830946256498E-13,1.5315091033913912E-20
11242.0,0.014057456306321565,0.9859423551275338,1.8856614411262006E-7,4.747536166586082E-16
11001.0,1.0712013735539954E-8,0.0292507860033032,0.9707492032846831,9.083153511569524E-19
11072.0,0.9962817769415707,0.0037182228878293957,1.7059993025952834E-10,9.063852573202964E-20
11562.0,4.1543228680959965E-8,0.2799087696153245,0.7200911888386531,2.7938181680000273E-12
11321.0,4.513760446698388E-12,0.024490041111063145,0.0019995611030840226,0.9735103977813391
11807.0,0.9999762474352065,2.37525646321307E-5,1.6140456668717156E-13,1.893388128228681E-21
12560.0,0.9999745939928166,2.5406006986762945E-5,1.9658066328584946E-13,1.320407923952537E-21
12291.0,0.4433113314238261,0.5566886652767565,3.299416563896195E-9,7.8518736194367875E-16
12044.0,0.9999828586862078,1.7141313663748313E-5,1.284254070917972E-13,9.853550639738239E-22
11183.0,0.9999755876903351,2.441230936604307E-5,2.9881086443956007E-13,3.4092290905349627E-22
11717.0,0.9995981307670854,4.018692269004953E-4,6.014165589713328E-12,3.725135537899724E-21
11478.0,0.9987249055183757,0.0012750944782687788,3.3552309526587905E-12,2.9153855904441834E-16
12016.0,7.276408294384829E-5,0.879122484956774,0.12080474425805779,6.702224320942404E-9
12524.0,0.7061160355677232,0.2938838160579542,1.4837431626491592E-7,6.202536418074909E-15
12259.0,0.9998517541473118,1.4824584990297097E-4,2.7852945765250225E-12,1.1050882712384175E-21
11149.0,0.0019843436158590664,0.9980038536491053,1.180273503563692E-5,6.247987911041468E-18
11508.0,0.9978788738532031,0.002121126106330695,4.0466346383008186E-11,1.2544010469710567E-19
11751.0,0.9977223130583842,0.002277659587392684,2.73542232294939E-8,2.369222092850358E-18
12225.0,3.069173434508507E-5,0.9999693081843282,8.130886024186825E-11,1.783243038729781E-14
12494.0,7.4137900037915655E-9,0.2821080322209268,0.71789196034814,1.714328843069905E-11
11986.0,0.7441555657439292,0.25584443399718215,2.5888867504577733E-10,9.91970797017142E-18
11106.0,1.3452854758456775E-6,0.5276850133339743,0.4723136413573163,2.3233606993874005E-11
11291.0,0.9999665836743763,3.341632508164587E-5,5.420875071939294E-13,9.176867244070311E-21
11528.0,0.9998330057862891,1.669942135833753E-4,1.275484485006312E-13,2.0603232427717394E-22
12078.0,2.0922449180692764E-4,0.999790775409376,9.88172499674342E-11,1.8336914158787552E-20
12321.0,5.068870326356391E-6,0.9999938088387195,1.1221955306522017E-6,9.542346365196035E-11
12594.0,0.999868220943948,1.3177905585881632E-4,1.932290179383785E-13,5.31696631838167E-21
11837.0,3.2756429636034527E-6,0.9997198768443492,4.095124017956346E-5,2.3589627250760465E-4
10970.0,2.4901756225796895E-10,0.9999999997188559,3.212597563019198E-11,5.915980471779776E-16
11209.0,0.99996153544277,3.846455683364255E-5,3.963977336350217E-13,8.25713821534482E-23
12697.0,0.9999762474352065,2.37525646321307E-5,1.6140456668717156E-13,1.893388128228681E-21
11926.0,0.9562751024028376,0.04372489759693502,2.2739072790738755E-13,1.7794320783582E-20
12165.0,0.94745616036497,0.05254383544499501,4.1900349616630235E-9,9.976621757722572E-19
12426.0,0.8209006278562175,0.17909937213827093,5.511469985937739E-12,1.0209556179561895E-22
11683.0,0.9999762474352065,2.37525646321307E-5,1.6140456668717156E-13,1.893388128228681E-21
11440.0,0.9992524831872703,7.475167861215453E-4,2.660816865564089E-11,3.0255533213433225E-19
11046.0,2.2496623060495916E-15,0.9998090331615049,1.9092161938491088E-4,4.521910780660004E-8
12662.0,0.0025517636588644303,0.9974432371321824,4.998682116889774E-6,5.268363739463063E-10
11897.0,0.2180994703103411,0.7818970706301265,3.348822924953686E-6,1.1023660741763531E-7
12138.0,3.5262369318341E-11,9.832397872912367E-5,0.9997998957763707,1.017802096376939E-4
12389.0,0.9999760023330226,2.3997666890730536E-5,8.665270950448071E-14,9.325851635852786E-22
11596.0,0.99588190204388,0.004118085943131296,1.2012920086599877E-8,6.847985670870396E-14
11359.0,1.8004088485758238E-14,0.0014453455312267677,0.9985546544664076,2.3477059969989782E-12
11012.0,5.243714381237803E-4,0.9994755791902928,4.937156120808445E-8,2.2002492413003258E-14
12359.0,0.010189091624090162,0.9898108370908126,7.128509364796048E-8,3.478443049642826E-15
12104.0,0.999980169225675,1.983077414020395E-5,1.8476630716585917E-13,2.5263464215483395E-21
11867.0,0.9981765363717077,0.0018234636034762317,2.4816089908517785E-11,7.36772449357465E-20
12628.0,0.9999827213917294,1.727860810036687E-5,1.7040607750899905E-13,2.7526136642862874E-22
11389.0,0.9999762474352065,2.37525646321307E-5,1.6140456668717156E-13,1.893388128228681E-21
11630.0,0.6440836775390361,0.3469053539060692,0.009010916657207466,5.189768737427947E-8
11243.0,2.2590235246584822E-4,0.9997315583770732,4.253909168327641E-5,1.787775338244541E-10
11000.0,0.9999804154396306,1.958456024098542E-5,1.2842509331148218E-13,9.853526564671665E-22
12456.0,0.947455119862992,0.052544880136974385,3.351744896033408E-14,3.377827638799606E-17
12199.0,0.9999404802328764,5.9519766396387444E-5,7.272185241865967E-13,2.0224566052800684E-19
11956.0,0.9999768308493833,2.3169149990668443E-5,6.260852433657267E-13,2.4455507595598437E-23
12731.0,0.001152818429919427,0.99866528113183,1.8190043722770378E-4,1.0229205519774168E-12
11410.0,5.461091457479659E-17,2.0087966920178394E-6,0.9999760912724396,2.1899930868325498E-5
11649.0,0.954530655029246,0.045469344741768516,2.2898561934065463E-10,1.7218014624850398E-17
11834.0,0.012849452373406994,0.9871427783744612,7.76925213093229E-6,7.990559662872264E-16
12597.0,0.9923254399846609,0.007674559910709051,1.0462996172021815E-10,2.585826552655182E-18
12326.0,3.219544904543917E-8,0.9342561874716915,0.0657027958708048,4.09844620546823E-5
12073.0,0.8366884005341391,0.1633115994654202,4.4078016326744403E-13,9.217513590532013E-18
11535.0,0.5829133908080067,0.41708655902696196,5.016501727408797E-8,1.4022224009331876E-14
11292.0,0.9999828586862078,1.7141313663748313E-5,1.284254070917972E-13,9.853550639738239E-22
11109.0,0.0026737178529004624,0.2624008882275907,0.7349253939191752,3.3357737019757594E-13
11989.0,0.13506844861814352,0.047704912332753965,0.8172266390080606,4.104200713616315E-11
12489.0,0.996307935935978,0.0036920638867009867,1.7732106728613112E-10,1.880977162473185E-21
12230.0,0.9999768308493833,2.3169149990668443E-5,6.260852433657267E-13,2.4455507595598437E-23
11744.0,0.9999050676525708,9.49323446063172E-5,2.8228500755300352E-12,1.098270100355494E-21
11507.0,0.028494446668991914,0.9715054832516767,7.007932899022557E-8,2.302139751400797E-15
11146.0,0.9892558897416484,0.01074410650897209,3.749373578561172E-9,6.089936539652503E-15
12260.0,0.9999813057647512,1.8694234953781156E-5,2.9508756055076314E-13,9.956864265192637E-23
12523.0,0.9464278266385894,0.05357217333670298,2.4707531692202813E-11,1.8416604517885031E-19
12023.0,7.705488040362797E-5,0.9999197524756233,3.1926439723451854E-6,8.593337454532997E-16
11473.0,0.9980373961944485,0.0019626037935595894,1.1991318597791911E-11,3.8804688353576217E-16
11714.0,0.019412678072620794,0.9805873218908879,3.6491353937112135E-11,5.455382423295596E-17
11176.0,0.8937311314554977,0.10623904973122238,2.9818813239815965E-5,3.9939789206377024E-14
12043.0,0.9106585077431357,0.08934149201009467,2.467694336792754E-10,1.0932609748196502E-16
12292.0,0.9951296138444082,0.004870386071215129,8.437666820628582E-11,2.8552261492008645E-18
12567.0,8.579214635023543E-15,0.9999999999923711,4.3015168943932994E-14,7.577169257080348E-12
11800.0,0.9974696744018022,0.0025303255635418585,3.465592963476444E-11,2.6823598103706505E-20
11326.0,0.7963041412255718,0.2036958583787349,3.956932230517237E-10,6.671099665368079E-18
11565.0,1.0049078977651793E-7,0.7805461758030916,0.21048823557746196,0.00896548812865679
11079.0,0.9998471943086716,1.5280569072477149E-4,6.035262956451125E-13,1.5439806374987019E-21
11654.0,0.9593868541789757,0.04061313604120353,9.779820308952087E-9,3.349783089214935E-16
11413.0,0.9614429139202512,0.03855322639422373,3.8596855224833105E-6,2.6292572891073216E-15
12732.0,0.011440758396053864,0.9544306939500798,0.03412853317561325,1.4478253149172734E-8
11955.0,0.9999986139880924,1.3860115537296276E-6,3.538056435783266E-13,1.6820185068989127E-22
12192.0,0.9999781691368212,2.1830862963579623E-5,2.1530158590616426E-13,3.4778224812816264E-22
12463.0,0.9999762474352065,2.37525646321307E-5,1.6140456668717156E-13,1.893388128228681E-21
11007.0,5.181513389358555E-10,0.9999751955732475,2.4803908043938743E-5,5.57321522406058E-13
11244.0,0.946578765812493,0.05342123412304287,6.446415267671824E-11,1.5034437806951602E-17
11625.0,5.301563550114074E-8,0.9999999469843645,3.274053320263031E-17,8.818576668752594E-21
11386.0,2.1549019209193414E-21,8.759243514814324E-4,5.837960912516113E-5,0.9990656960393933
12627.0,0.9999806746545131,1.9325345250441374E-5,2.3654554893973746E-13,2.6988241146935614E-22
11868.0,4.032263945996477E-19,2.6281707067503497E-11,0.48660373995478845,0.5133962600189298
12111.0,0.9996716766238523,3.283233753221837E-4,8.255645098004071E-13,7.296730376338842E-21
12352.0,0.015339468047064847,0.9846605316286172,3.24317789894203E-10,2.5013098488420653E-18
11011.0,0.9999762474352065,2.37525646321307E-5,1.6140456668717156E-13,1.893388128228681E-21
11352.0,0.999980169225675,1.983077414020395E-5,1.8476630716585917E-13,2.5263464215483395E-21
11595.0,0.9999121508553034,8.784914367775157E-5,1.0188322314129652E-12,7.414621950356507E-21
12386.0,2.0937886156491796E-4,0.9996669858086926,1.2363532974150716E-4,9.058365576097504E-16
12141.0,8.631516076245119E-7,0.999999136848232,1.6028544902770542E-13,5.415204255570302E-19
11902.0,0.9997866786829575,2.1332130114722498E-4,1.589546530541988E-11,7.595977398991977E-20
12657.0,1.4195008715144207E-6,0.9999828536785978,1.57268205286205E-5,2.157789588197706E-15
11041.0,1.082947471087481E-4,0.9998917052528912,1.9439015746428002E-16,2.1865267824821115E-18
11447.0,5.722316463262758E-8,0.8543729030373372,0.14562703858530165,1.1541965805866415E-9
11684.0,0.0029396926806425036,0.997016997124839,4.330818596365648E-5,2.00855473839039E-9
12429.0,0.9999812306982164,1.8769291258973163E-5,1.0524496375222878E-11,6.224709519501294E-20
12162.0,0.9999796818021021,2.0318197759889567E-5,1.3806719215755926E-13,1.619624449880996E-21
11921.0,0.9999745939928166,2.5406006986762945E-5,1.9658066328584946E-13,1.320407923952537E-21
12702.0,2.7822561699013982E-8,0.9989772092746709,0.0010227628894323667,1.3334957655626505E-11
11214.0,3.1284559053474174E-7,0.9683467729026113,0.03165291419913879,5.2659530678762783E-11
10973.0,0.9998444830263605,1.5551695888810782E-4,1.4081848343290026E-11,6.695134503173748E-13
11108.0,1.3258213895615442E-5,0.9999867413269662,4.5902017905085663E-10,1.1796655214768705E-13
12596.0,0.9999760022896099,2.3997710191159246E-5,1.988877065454135E-13,6.354026790140343E-22
11835.0,0.9993141300243035,6.858696599795284E-4,3.122707128356788E-10,3.446366006295967E-12
12072.0,0.10219167129685146,0.8978082450606955,8.36424529975858E-8,6.896706762877685E-17
12327.0,0.99795912188622,0.0020408779213564156,1.9242345753267706E-10,1.3856884640775742E-19
11534.0,0.9995655422520023,4.3445768822319384E-4,5.977438127550105E-11,1.4880894672408296E-16
11293.0,0.9974085623641479,0.0025914366828592586,9.529925407728993E-10,2.581016776967357E-16
11147.0,0.9986630224614513,0.0013369775141541947,2.4394622185197172E-11,1.3632178449554905E-17
11988.0,2.898502004050474E-4,0.9995993522843755,1.1079750970526317E-4,5.5141882179356665E-12
12231.0,1.4504188434953933E-7,0.9999998549574252,9.61351024577694E-14,5.944086547713147E-13
12488.0,0.625289349475997,0.37471061518439613,3.5339606873250573E-8,2.0158289466100022E-19
11745.0,0.003821000759287242,0.9961789979281277,1.3125602556533063E-9,2.474304579362774E-14
11506.0,0.999969199503865,3.0800496023761144E-5,1.1121691315632904E-13,1.1969532602322327E-21
11177.0,0.017496374947229505,0.9825036250396934,1.3077205258261751E-11,5.8068069632668855E-18
12522.0,0.9999837642628545,1.62357370867044E-5,5.862530785893814E-14,6.3094498293833455E-22
12261.0,1.4626884152791827E-5,0.9999853709954128,2.1204267395265237E-9,7.441897386214763E-15
12022.0,0.9952810497455055,0.004718950222829334,3.1665207451792374E-11,6.537959828249174E-19
11472.0,0.70522541643581,0.29477458355425357,9.936313869978022E-12,1.3604941527901914E-20
11715.0,0.1265578465140234,0.8734406308950495,1.5225909233072822E-6,3.824748406987564E-15
11078.0,0.004150578487886295,0.9958494213107952,2.013185065193218E-10,7.599579918726215E-18
12293.0,0.9999781691368212,2.1830862963579623E-5,2.1530158590616426E-13,3.4778224812816264E-22
12042.0,0.11268387049145967,0.8873160921024914,3.7363404473440336E-8,4.264461568150999E-11
11801.0,0.9966868116907445,0.0033131878828445535,4.2641081241271707E-10,1.4883996906758105E-16
12566.0,0.9546216399559889,0.045378157822562167,2.0222144888997474E-7,9.786985724218627E-18
11327.0,0.9259405192749799,0.07405938189815035,9.88268696663757E-8,9.628746709489176E-17
11564.0,2.604872988569725E-9,0.008933334334363907,0.11188426797708599,0.8791823950836771
11006.0,9.100857603676812E-4,0.999078282069998,1.1632169327536623E-5,3.068628029011873E-13
11245.0,1.125754121122885E-11,1.0885276031000401E-4,0.9998911055303116,4.1698120878159786E-8
11655.0,0.9937953018468627,0.006204695571860178,2.5812770967261865E-9,2.80407830043686E-17
11412.0,0.09087542118907471,0.9091238668679488,7.114778191839739E-7,4.6515725549421436E-10
11954.0,0.8342981022157998,0.16569619796269766,5.699821486421912E-6,1.6048308266410183E-14
12733.0,0.9999409995252746,5.9000471527717626E-5,3.1978083897361515E-12,3.748122797260559E-20
12462.0,5.291049811510827E-4,0.9994708703857468,1.5893994858367345E-8,8.73910723811051E-9
12193.0,0.188996028793597,0.8109833242799985,2.0646926403500412E-5,8.579665571947669E-16
11010.0,0.9999755876903351,2.441230936604307E-5,2.9881086443956007E-13,3.4092290905349627E-22
11624.0,0.9539254579291224,0.04607417256191101,3.695089666196455E-7,5.880373439416231E-17
11387.0,5.87097565015971E-5,0.9999412250237684,6.521970340959532E-8,2.6640412793873055E-14
11869.0,5.976252401881798E-7,0.9999992790628225,1.2331192853045983E-7,8.956627813561575E-15
12626.0,0.9999390450995911,6.095490031222214E-5,9.676173950246815E-14,3.1446944473148596E-21
12353.0,7.699117480954307E-6,0.9997794531788112,2.128477037057476E-4,2.1008063083352347E-15
12110.0,0.32892865855509307,0.671062357374156,8.984070748277812E-6,2.666582200867375E-15
11040.0,0.997566163750402,0.002433836213610126,3.598782044690347E-11,5.024636960654151E-22
11353.0,0.8049616249804225,0.19503837501009927,9.478183189336379E-12,3.753035066893637E-20
11594.0,3.387692982515318E-5,0.9986049941820031,0.0013611288700631405,1.8108398702557667E-11
12140.0,3.251532317255594E-9,0.006358621923351098,0.9936411757968674,1.9902824927880762E-7
12387.0,3.129740558008824E-18,1.4715713191222828E-6,0.9997699972460379,2.285311826430046E-4
12656.0,1.8768588528428063E-15,8.160465120731048E-6,0.999991839520552,1.4325212058340925E-11
11903.0,8.095702066317456E-12,2.9678031706246934E-4,0.9997014550911345,1.7645837072573624E-6
11215.0,3.91757816765049E-6,0.9999934184338459,2.6638269984723917E-6,1.609880728720646E-10
10972.0,0.9962424228863284,0.003757577108923757,4.747836801214552E-12,6.48663049835321E-21
11446.0,0.9999745939928166,2.5406006986762945E-5,1.9658066328584946E-13,1.320407923952537E-21
11685.0,0.9999288697275489,7.113027231128441E-5,1.3979323541813955E-13,9.389738170364632E-22
12163.0,4.0880329697629843E-4,0.9995908301821007,3.658183117114447E-7,7.026113138745206E-10
12428.0,1.5775351278819402E-4,0.9998420023872494,2.440999623156611E-7,2.6437625574642284E-19
12703.0,0.9999813057647512,1.8694234953781156E-5,2.9508756055076314E-13,9.956864265192637E-23
11920.0,0.9918987582514417,0.008101241748264284,2.9409993569384996E-13,7.790443226584809E-20
12491.0,0.9304198246428353,0.069579970560608,2.0479642203948907E-7,1.345616962172064E-13
12228.0,5.51405058904176E-10,0.9999870248368268,1.0597960450799308E-5,2.376651317313692E-6
11991.0,0.005286307898373055,0.9947136916748054,4.268214202335301E-10,6.647890738075483E-18
12760.0,2.399714834255632E-4,0.9997031123073575,5.691620920213183E-5,1.472127252909611E-14
11505.0,9.049290764553787E-6,0.9999909288068742,2.1685781788949823E-8,2.1657946925894712E-10
11746.0,0.12641454214899175,0.8735854450178099,1.2833196454170681E-8,1.9573098939744562E-15
11144.0,0.5210742737802259,0.478925720887372,5.3322090773573525E-9,1.9293556335844853E-13
12324.0,0.9982749834934822,0.0017250164820792413,2.4438571135078908E-11,1.846984020364585E-19
12075.0,0.975321197100761,0.024678802102403325,7.968355462044154E-10,1.0472820920668014E-18
11832.0,0.9990971284679424,9.02871414139698E-4,1.1791801629251385E-10,5.943020602896877E-19
12599.0,0.033287637126236586,0.9667123595028579,3.37079356817524E-9,1.119040171031864E-13
11294.0,0.999982047051716,1.795294424098201E-5,4.043002867953537E-12,3.218202167110612E-20
11533.0,0.9988793977722431,0.0011206022242591293,3.4977229737273772E-12,2.5100928937134074E-20
11111.0,0.999969199503865,3.0800496023761144E-5,1.1121691315632904E-13,1.1969532602322327E-21
12565.0,2.6662356700618568E-27,1.8031688127421358E-7,0.9999997664965481,5.3186570444814925E-8
11802.0,7.271814170744717E-5,0.9999272818580812,2.1121193544961495E-13,8.541373222013578E-18
12041.0,0.999836358949871,1.636410441320474E-4,5.996840755704524E-12,2.4320026872431964E-19
12294.0,0.9998162481968083,1.8375146179618352E-4,3.4139470855966167E-10,9.69346473604646E-16
11567.0,0.14256428730548815,0.8574349588109564,7.538835222152429E-7,3.3015880086057276E-14
11324.0,0.9997336573224361,2.6634267734806867E-4,2.1590906237178976E-13,2.697604501024335E-21
11077.0,0.9729774103214617,0.0270225880021978,1.6763405296190723E-9,3.2786228006997915E-17
12021.0,1.45631852098257E-19,0.44603921995628704,6.459901315258073E-8,0.5539607154446998
12262.0,1.7221393980379008E-17,3.433710262795987E-9,0.9999942343827044,5.762183585312432E-6
12521.0,6.338756051813486E-6,0.9999936599896405,1.2543076056697387E-9,2.441701256336164E-18
11712.0,0.9999755876903351,2.441230936604307E-5,2.9881086443956007E-13,3.4092290905349627E-22
11475.0,0.9996917016395656,3.0829834881807136E-4,1.161639760460311E-11,2.1937579672962297E-19
11178.0,0.9918351535127476,0.0081648464820101,5.242269308386591E-12,4.800856041923536E-20
11384.0,0.9999828586862078,1.7141313663748313E-5,1.284254070917972E-13,9.853550639738239E-22
11627.0,0.006815638456783155,0.9931843287319738,3.281124052346116E-8,2.4467003650117986E-15
12109.0,0.9999654083277033,3.459113412989926E-5,5.381668192032934E-10,2.5231779900405973E-18
12354.0,2.3664484174767274E-5,0.9997949892710379,1.8134624464677526E-4,1.4060324190993603E-13
12625.0,6.846834747278191E-7,0.9999993121028556,3.2136695925287554E-9,2.833940302996485E-21
11870.0,0.9999781691368212,2.1830862963579623E-5,2.1530158590616426E-13,3.4778224812816264E-22
11009.0,0.9999745939928166,2.5406006986762945E-5,1.9658066328584946E-13,1.320407923952537E-21
11415.0,0.4877961889322034,0.5122038096163829,1.4514137542593641E-9,1.7844926614617225E-17
11652.0,0.9989263541668821,0.0010736458118117032,2.1306199393900433E-11,3.5583936997716967E-20
12194.0,0.9907027078950934,0.00929729155291121,5.519954024448461E-10,4.687456695240005E-19
12461.0,2.0375437457994575E-16,0.7177367925400325,0.0067735544239594745,0.2754896530360079
12734.0,6.83656925140301E-5,0.9999315226979076,1.1160957817690063E-7,4.186122096958185E-20
11953.0,1.935043373019138E-10,0.9989867206029912,0.0010132792033611256,1.4323503968321556E-13
11246.0,0.9999768308493833,2.3169149990668443E-5,6.260852433657267E-13,2.4455507595598437E-23
11005.0,0.7814029351902566,0.21859706480401456,5.728561507305891E-12,2.153308638370058E-16
11686.0,0.9999755876903351,2.441230936604307E-5,2.9881086443956007E-13,3.4092290905349627E-22
11445.0,0.9991976015595974,8.023983990671774E-4,4.1335409075261024E-11,1.8439942125336964E-21
11923.0,0.9932802912680564,0.006719708510963594,2.2097990233587367E-10,4.2428373368152855E-21
12700.0,0.9999577562198269,4.224378004099092E-5,1.3222685723896567E-13,1.1492347699509745E-21
12431.0,0.9999755876903351,2.441230936604307E-5,2.9881086443956007E-13,3.4092290905349627E-22
12160.0,0.9999768308493833,2.3169149990668443E-5,6.260852433657267E-13,2.4455507595598437E-23
10975.0,9.973403171918284E-15,0.9945255529308843,0.0054744072219390085,3.9847166698716465E-8
11212.0,0.0016776046162447192,0.9189944006817625,0.07932798794140389,6.760588793602589E-9
11593.0,0.9997050091155202,2.949908731032784E-4,1.1376580447439762E-11,3.2293203220894398E-22
11354.0,6.911237312498945E-6,0.9999930398072108,4.895547693103909E-8,2.6025910010703136E-17
11900.0,0.8948081216445142,0.10519169239686559,1.8595862011300463E-7,1.0285914397981685E-16
12659.0,0.999323163070839,6.768369198850489E-4,9.2760224918949E-12,2.518279157754415E-19
12384.0,1.381421462380719E-4,0.9998294440395958,3.2413814165964996E-5,5.4016425955073186E-17
12143.0,3.858410461101408E-9,0.9999999855297766,1.0611795845564738E-8,1.7032413058315718E-14
11043.0,0.007641196351831748,0.9923575131280264,1.2905201371132789E-6,4.715429874790213E-15
11145.0,0.9999762474352065,2.37525646321307E-5,1.6140456668717156E-13,1.893388128228681E-21
12229.0,0.8871177503282694,0.11288224175133701,7.920393710127808E-9,1.4912737336580977E-19
12490.0,0.9999321483502193,6.785164677513716E-5,3.005647826138926E-12,1.1693901735206576E-21
12761.0,6.4066042649809774E-12,2.394679006092999E-4,0.9997605100877408,2.2005243238279535E-8
11990.0,0.9999787930984784,2.1206901262142692E-5,2.5957611806442466E-13,2.9615872721802346E-22
11504.0,0.01131287490234892,0.9882664719610172,4.2065297170856223E-4,1.6492521232623005E-10
11747.0,3.843917418785977E-4,0.9993388698872001,2.767383709210208E-4,3.7690548416933895E-16
11110.0,0.0021194465019505134,0.9978805531776765,3.2037286190548005E-10,4.0019694271703275E-17
12074.0,0.999969199503865,3.0800496023761144E-5,1.1121691315632904E-13,1.1969532602322327E-21
12325.0,0.012796217232929966,0.9872037827577856,9.284380942773876E-12,1.5677070478031297E-18
12598.0,0.9858708725153095,0.014129127478218999,6.471446765563268E-12,3.7713738292287345E-20
11833.0,0.008777995309740199,0.9912220046024867,8.777316857804485E-11,1.6500890572410257E-18
11295.0,0.39432469294467376,0.6056745559491673,7.511032083111652E-7,2.9505767744862323E-12
11532.0,0.6852953369783199,0.31470464906465273,1.395702714881024E-8,1.765892249070529E-18
11076.0,0.10380577087703756,0.8961928229888603,1.406134102173906E-6,1.1699720328417888E-18
11803.0,0.002611435082245512,0.9973885602704916,4.64726264081041E-9,3.062436598451686E-16
12564.0,0.999980169225675,1.983077414020395E-5,1.8476630716585917E-13,2.5263464215483395E-21
12295.0,0.9999768308493833,2.3169149990668443E-5,6.260852433657267E-13,2.4455507595598437E-23
12040.0,0.6761807054332912,0.32381929422096856,3.457401818582437E-10,3.9702609527760754E-18
11566.0,1.2237216680726838E-9,0.9999999961950174,2.581240821547965E-9,1.9971201816648963E-14
11325.0,0.9999468887477074,5.311125026480853E-5,2.0277444970690295E-12,3.0786716497610505E-20
11179.0,1.2228985195209427E-4,0.9998766383085392,1.0718394916216682E-6,1.698753822910224E-14
12020.0,1.803677622179402E-8,0.999999797103572,1.84859646101453E-7,5.818087578573423E-15
12520.0,0.2063689054814162,0.7936302736349929,8.208835066148995E-7,8.426495481662158E-14
12263.0,8.922870177562674E-5,0.6950263282091363,0.30488444306226686,2.6821057103548838E-11
11713.0,0.9990701161624763,9.298833395612748E-4,4.979622713507402E-10,9.216167715397721E-18
11474.0,0.01369121348271656,0.9863087624831891,2.403409375880858E-8,5.780703784275185E-16
11008.0,0.9972540877814347,0.0027459121941605254,2.4404827139022813E-11,8.210831990775713E-18
11385.0,0.9999768308493833,2.3169149990668443E-5,6.260852433657267E-13,2.4455507595598437E-23
11626.0,0.9999745939928166,2.5406006986762945E-5,1.9658066328584946E-13,1.320407923952537E-21
12355.0,0.9997150469071932,2.849530897704559E-4,3.0363371036144573E-12,1.2002956321966573E-19
12108.0,0.017597317936836707,0.9822884948838351,1.1418245419432473E-4,4.725133761869949E-9
11871.0,0.9999907276921188,9.27230763057229E-6,2.5055968741998953E-13,9.787108710484203E-24
12624.0,0.19480850491073007,0.8051908825961469,6.12493122859756E-7,6.8717212621965455E-18
11247.0,0.999999905315933,9.468360730060631E-8,4.596540389878603E-13,5.657321595285124E-23
11004.0,0.9055218177480221,0.09447816908131042,1.3170667396187606E-8,4.0294325612403404E-18
