11477.0,0.9999999997040083,2.959916727875969E-10,4.897027239837237E-20,1.965705174939224E-29
11718.0,0.9999999999993748,6.251131998279181E-13,1.4640306506880844E-22,3.0060105404757143E-28
12256.0,6.985929540575399E-6,0.8520538657710091,0.1479391432904024,5.0090479756615E-9
12527.0,0.9999998337243194,1.6627568038056423E-7,1.2488590817991428E-16,6.529515288576892E-28
12019.0,0.11945841599665141,0.880510254581139,3.1329422014600665E-5,1.950724058558806E-13
11180.0,0.999999710029091,2.8997090823374267E-7,7.489220759607227E-16,2.760609846657553E-20
11322.0,0.4966541270876054,0.503340802250279,5.070642697143618E-6,1.9418477401550847E-11
11561.0,0.2500999933023772,0.7498962426542661,3.7640433554774476E-6,1.152219187361846E-15
12047.0,0.9205182720371429,0.07948172781026182,1.5259531256590298E-10,3.848475292930789E-19
12288.0,0.99996735489917,3.264510082687947E-5,3.122903187734705E-15,1.8524634339130324E-21
12563.0,0.9998241641523626,1.7583584705018146E-4,5.872502051872959E-13,6.936392614339579E-22
11804.0,1.970690135216915E-5,0.9998931062365289,8.718685932889027E-5,2.7899389072264585E-12
11075.0,0.37105192151819233,0.6289470803702817,9.98110227216512E-7,1.2989053412513062E-12
11531.0,0.9757009220986577,0.024299077761205143,1.401369163685744E-10,2.4895057593214036E-16
11288.0,3.390873017614336E-13,0.07228584576786874,0.9265179124961719,0.001196241735620277
11838.0,7.276772632464089E-7,0.8249575923347857,0.1750256036430574,1.6076344893791657E-5
12593.0,0.9995216680742558,4.7833192561904866E-4,1.250135362710773E-13,2.6180553253193978E-21
12322.0,0.9997291845213258,2.708154773814617E-4,1.2928134699691832E-12,3.0839593008769294E-22
12077.0,0.9999988173977299,1.18260224353505E-6,2.655192091427146E-14,9.313528123807296E-22
11105.0,1.2960672860883228E-9,0.9999071665506901,9.283214942557075E-5,3.817085167620824E-12
11748.0,0.9999819643656745,1.8035634310672698E-5,1.4796146445441935E-14,6.766378107274769E-22
11511.0,0.9988680127023204,0.0011319872942752562,3.404369706115086E-12,2.6237382678685556E-24
11985.0,7.61653207736903E-9,0.9452617692387745,0.054667948631750014,7.027451294343859E-5
12493.0,3.5468966511646824E-14,0.02679335301245619,0.9019350040303752,0.07127164295713322
12226.0,0.13225609814865172,0.8677439011518661,6.99482262288718E-10,1.1510055762301538E-17
11150.0,0.9956181474283035,0.004381852571684372,1.203635022616175E-14,7.212787448395583E-21
12390.0,0.998557640431448,0.0014423595668381205,1.7138094199106584E-12,1.5580388384735752E-23
12137.0,0.9988603710485997,0.0011396289512186951,1.8164109559128945E-13,2.929385388150136E-19
11898.0,0.31716898574325303,0.6828310120171395,2.2396074683273113E-9,1.9857980726472406E-16
12661.0,0.9999999971220581,2.8779419759013244E-9,5.153827178868753E-17,7.203832014328321E-26
11356.0,0.9999958531423715,4.14685762810625E-6,4.417759723111606E-16,1.3357026211564046E-26
11599.0,6.915970098012296E-10,0.9165827415565262,0.08339585539091027,2.140236096649624E-5
11045.0,0.9898572078400804,0.01014276274999723,2.9409921606880887E-8,7.135758582782997E-16
12425.0,0.9999999985438945,1.4561054091826619E-9,7.226837117631237E-19,5.334870275711502E-28
12166.0,0.0069540131993038965,0.9930459664552512,2.0345444829855454E-8,1.3525136593572541E-16
11925.0,2.8089929045966056E-21,3.290400619716587E-4,0.928351306077083,0.07131965386094527
12698.0,0.999764832803841,2.351671911651806E-4,4.993768050459972E-12,9.098327294817257E-22
11443.0,0.8861971114928813,0.11380288834973738,1.57381380238335E-10,1.2272187037584075E-20
11680.0,0.9999999990271609,9.72839173955313E-10,4.476742342730769E-19,4.464511901040228E-28
11210.0,0.9960913176143444,0.003908682340580133,4.507542899874836E-11,3.166117925803856E-18
10969.0,0.5648218190549393,0.43517816757549643,1.3369563840036198E-8,2.353844459343305E-16
12728.0,0.9999999994971577,5.028423516696078E-10,1.9546540690256422E-19,6.246459111626748E-30
11959.0,1.6906731770918165E-16,0.9999999981086063,5.518911756199511E-10,1.339502323557434E-9
12196.0,0.002372189213299952,0.9976278051595634,5.627134389067311E-9,2.2081024075121915E-15
12459.0,0.9777131098169637,0.022286890150752095,3.228416298263681E-11,2.8480768612249303E-18
11650.0,0.9999742473688862,2.575263110919301E-5,4.627700239753395E-15,1.3010868691193654E-25
11409.0,0.7381838414374081,0.26181606588123546,9.268135337693623E-8,3.0050755733779654E-15
11003.0,3.607727653402956E-8,0.999999886403117,7.751926263335329E-8,3.43932469396222E-13
11240.0,0.9999196786770936,8.032132118093582E-5,1.7254249020140726E-12,6.69347608111435E-22
12631.0,0.8505247623759733,0.14947523757794295,4.6083744387117793E-11,4.1501764669617595E-17
11864.0,0.1811487991300779,0.8188505018195877,6.990100286942546E-7,4.030553065354623E-11
12107.0,6.30220910477141E-4,0.6975091725860006,0.3018591802973027,1.4262062195911543E-6
12356.0,0.9718581022144125,0.02814188710478509,1.0680802475213873E-8,4.3422020121935575E-18
11629.0,0.9787161202263249,0.02128387958634834,1.8732678048681499E-10,3.18051632937841E-19
11390.0,0.9999924951501705,7.504849800830304E-6,2.862513931873762E-14,6.638802991938412E-23
11015.0,1.4220561744149144E-8,0.999995185443325,4.799331037880498E-6,1.005075338586557E-9
11181.0,0.999999999628919,3.710811235273404E-10,4.13884542911015E-20,6.987635796911271E-31
11476.0,5.603335827942045E-27,2.447743653940202E-12,0.021752644856015815,0.9782473551415365
11719.0,0.9999999994971577,5.028423516696078E-10,1.9546540690256422E-19,6.246459111626748E-30
12526.0,0.999999999653963,3.4603699524373407E-10,2.1774317086485872E-20,1.566836706367338E-30
12257.0,7.574812716789677E-4,0.9992279758702947,1.4542858015926218E-5,1.0447040984052296E-14
12018.0,9.07285865255076E-7,0.9999970437568136,2.048949619451985E-6,7.701715129799049E-12
11074.0,0.9999975131245321,2.486875467660392E-6,7.155605826648906E-17,6.451154172459676E-25
11323.0,0.9999759173497677,2.4082639238930826E-5,1.0993309750171297E-11,7.286159647534477E-21
11560.0,4.5572973441161325E-6,0.9999951802782766,2.62424193757307E-7,1.8544292303624332E-13
12289.0,4.304506814368977E-11,0.9999937422066651,6.130345550591957E-6,1.2740473924377685E-7
12046.0,0.9999931358283867,6.864171611481063E-6,1.894718069571116E-15,1.3143646156774072E-23
11805.0,0.9776522978063262,0.022347688830061094,1.3363610437579673E-8,2.254840658864186E-15
12562.0,0.9999999999999978,2.2752174666132048E-15,3.278417463683418E-25,1.3295573447440659E-34
11104.0,0.9971328821836447,0.0028671178035249087,1.2830353402710242E-11,7.348693802694595E-19
11530.0,0.9999867462812714,1.3253718727305034E-5,1.4646317091220796E-15,9.914360462877897E-27
11289.0,0.9999981354342405,1.8645657591189502E-6,2.497096914759971E-16,7.157840531652536E-28
12592.0,0.04743831537463178,0.9525611728438885,5.117809451830833E-7,5.344310149724608E-13
11839.0,2.9560159171860183E-18,0.1341703465227126,0.8648704312791143,9.592221981730917E-4
12076.0,0.9999999999999958,4.2164993583280116E-15,1.9310543006453747E-24,1.1378812160104463E-35
12323.0,0.9999999982779039,1.7220960963130332E-9,2.9945164489301505E-18,1.533001188735035E-27
11151.0,0.9999999932692173,6.730782713684125E-9,3.482815130943419E-18,7.420806479238045E-26
11749.0,0.9999999997040083,2.959916727875969E-10,4.897027239837237E-20,1.965705174939224E-29
11510.0,0.9999935882231767,6.411776818386057E-6,4.807882433944115E-15,1.0042727011237173E-24
11984.0,2.6579865805321344E-11,0.27347100690983933,0.7246413394989838,0.0018876535645969766
12227.0,0.9999868524759897,1.3147523722202128E-5,2.880540107041632E-13,1.0412789363999369E-19
12492.0,0.9999999907997212,9.200278750087718E-9,1.8735242413191127E-19,2.6419307068862664E-27
11044.0,0.15421688468780104,0.8457811289365456,1.986375621955579E-6,3.134392206531968E-14
12136.0,0.9995897272442537,4.102727538695E-4,1.8767971712065705E-12,4.358139576409796E-21
12391.0,0.9459870317848622,0.054012968212866996,2.2708331402297272E-12,5.04768803979533E-17
12660.0,0.9999999996078576,3.921424807386846E-10,1.0430522309283213E-19,7.647390251269632E-28
11899.0,0.999706158121753,2.9384177885369604E-4,9.939333609352182E-11,1.0515325407194623E-21
11357.0,0.9999594227806518,4.057721930677294E-5,4.151058912225129E-14,1.151117671490509E-19
11598.0,0.001156162057965216,0.9970100378230902,0.0018334158991300201,3.842198146087212E-7
11211.0,2.2666876977435613E-11,0.9954781628413216,0.004521821137857019,1.5998154516915503E-8
10968.0,0.48374843796472183,0.5162515619873921,4.7885967486635253E-11,6.068967621726763E-19
12167.0,0.9999719155846699,2.8084413340478473E-5,1.9894991410054104E-12,2.2584365547216772E-21
12424.0,0.9999916365269017,8.363473097085944E-6,1.0955316804156768E-15,5.312957184707476E-23
12699.0,6.262741515444493E-23,3.466245840270486E-8,0.9999859441843232,1.4021153218363447E-5
11924.0,0.014021755460432519,0.9859738081106932,4.4364288442675206E-6,2.998867903997545E-14
11442.0,0.9999999997040083,2.959916727875969E-10,4.897027239837237E-20,1.965705174939224E-29
11681.0,0.9999970515842053,2.9484157843786344E-6,1.0360987216244025E-14,3.987913953536976E-24
11002.0,0.9999454003238797,5.459967598880313E-5,1.3142006782502068E-13,7.565746442740266E-21
11241.0,0.9999999999618129,3.818715988746836E-11,3.24386014358604E-19,5.076740841525173E-30
11958.0,0.9999999412725568,5.8727438941304195E-8,4.226662602936556E-15,9.32771002527951E-24
12729.0,5.283441194546809E-14,0.34615485852703304,0.6168970386831313,0.03694810278978274
12458.0,0.9999999996094107,3.905893316552047E-10,4.433296900587199E-21,2.0555383362557425E-30
12197.0,0.9999991174296322,8.825703664640829E-7,1.2788637941870443E-15,1.9539484969667227E-25
11651.0,0.9999979901624624,2.009837537508545E-6,1.8013689825051855E-17,1.6001324450976196E-23
11408.0,0.921342318305161,0.07865681972555928,8.619692748579736E-7,5.000717224341947E-15
11014.0,0.9999999997040083,2.959916727875969E-10,4.897027239837237E-20,1.965705174939224E-29
11865.0,0.7945864508701154,0.20541354224694428,6.88294039700518E-9,1.5317404578204493E-17
12630.0,0.9999999999995864,4.1352738041202727E-13,7.931016095791788E-23,7.291448853301523E-32
12357.0,0.9999999988177234,1.1822766348867128E-9,3.7365756910697807E-19,3.2711057883834204E-28
12106.0,0.9999936978754828,6.30212451529227E-6,1.9943976271345948E-15,6.317458710901174E-26
11628.0,0.9999999999260484,7.395154578182193E-11,7.52589532553841E-20,9.536161126044853E-30
11391.0,0.9426502921903157,0.05734796855004332,1.7392595859101753E-6,5.498501663019543E-14
11563.0,0.9999999983340192,1.6659809077708965E-9,5.7852993991467585E-19,2.3607093598782417E-28
11320.0,8.68108717396973E-25,2.166453459826456E-7,0.16021424118734715,0.8397855421673068
12561.0,2.0348913805475732E-39,1.6560799856700534E-14,0.01900605726738149,0.980993942732602
11806.0,9.016323576214831E-4,0.9990952240705079,3.1425331833344782E-6,1.0386873116514794E-9
12045.0,4.344238389602568E-30,1.795232857680604E-5,0.07461449344904496,0.9253675542223783
12290.0,1.3691310384832896E-21,7.586479928738999E-8,0.8308182498427504,0.16918167429245037
11073.0,0.9999969896996939,3.010300286542717E-6,1.9620404398710464E-14,8.510224098424693E-26
11716.0,0.9999999999999934,6.597381501852893E-15,8.814576132243236E-25,1.1978699922868465E-35
11479.0,0.9952744602125564,0.004725539787221927,2.2175844458298228E-13,2.5630985659260755E-22
12017.0,5.974754001917329E-5,0.9999402523660753,9.390563994410843E-11,6.579706984029716E-17
12258.0,4.276691803503964E-37,2.5519756551068505E-9,0.4470039596484987,0.5529960377995257
12525.0,0.9998440177975536,1.5598220244480353E-4,1.5966328618083425E-15,1.8389873143040677E-25
11182.0,4.452412781918572E-4,0.9995547135725797,4.514922836274854E-8,2.500612255061289E-17
11509.0,0.9989525245889085,0.0010474754071064026,3.985106349267522E-12,1.0626756363592728E-20
11750.0,0.9999999729714717,2.702852827955017E-8,3.484429953160647E-17,3.886805575867795E-26
12495.0,1.092010249765898E-23,0.0011780403129564119,0.6223163150144525,0.3765056446725912
12224.0,0.9999906079799602,9.39202001826294E-6,2.1414305225073617E-14,1.6770846891769978E-22
11987.0,0.9886923939362988,0.011307592174492188,1.3889208925062638E-8,1.84655783062818E-18
11148.0,1.0674810311924531E-6,0.45782649340781706,0.4995681497602184,0.04260428935093336
11290.0,7.42426024952049E-5,0.9999257120203676,4.5377135999496486E-8,1.329917484533815E-15
11529.0,3.2125397989709035E-9,0.9998657043242436,1.342854674308795E-4,6.995785836262191E-9
12320.0,0.00549665853770887,0.9945030939403969,2.475218013598776E-7,9.285360360378404E-14
12079.0,0.9999998097838068,1.9021619329631963E-7,5.4013188809964806E-17,4.4573185446013824E-27
11836.0,0.999967473040439,3.252695950227329E-5,5.877113116477435E-14,1.0442869550886073E-23
12595.0,0.9847417060596821,0.015258284747404744,9.192911564846675E-9,1.5429537102101011E-15
11107.0,0.9999999997959711,2.0402889454845687E-10,3.142829657697751E-20,2.4581304039788203E-29
11927.0,1.1956810927496349E-4,0.9985840795672312,0.0012962988480055499,5.34754883633313E-8
12696.0,0.981921635251554,0.0180783647465336,1.912429491092011E-12,2.588396301774236E-20
12427.0,0.9999999992527016,7.472983660909722E-10,5.1105985899957393E-20,1.714232851665516E-29
12164.0,0.9999954687470072,4.531252981531562E-6,1.1392554124807752E-14,3.660999726776062E-23
11682.0,1.1211383072884656E-24,0.026795523385743862,0.42328908190960934,0.5499153947046467
11441.0,4.3289946162306914E-13,0.9265931480359331,0.07340126176041926,5.590203214960105E-6
10971.0,2.0535480076484144E-16,0.019201777725320335,0.8456678836200942,0.1351303386545853
11208.0,2.012165355626638E-23,1.638653812450337E-5,0.17451669155788047,0.825466921903995
11896.0,0.8876783450228165,0.1123216543325648,6.446187830430543E-10,1.184995018987677E-18
12663.0,0.9999944768795959,5.523120403456565E-6,6.992010580827419E-16,6.813445692948931E-25
12388.0,2.000554752106565E-7,0.9999926826992087,7.117245312845921E-6,3.1046741896246E-15
12139.0,0.9943371972186972,0.0056628023931191394,3.8818373413874636E-10,4.34470696751806E-18
11597.0,0.017842789443603638,0.9821572072735069,3.2828843158850068E-9,5.0819395636317854E-15
11358.0,0.9934682142094998,0.0065317857904652644,3.49269234282232E-14,3.633244753638453E-22
11047.0,0.9707406235224552,0.029259376434550007,4.299484010423689E-11,2.8691807682762985E-17
12105.0,0.40914399627270703,0.5908513267203772,4.677006915376086E-6,4.84692560289273E-16
12358.0,0.7588524722089657,0.24083390957511713,3.136182122633287E-4,3.6538303392652E-12
12629.0,0.9999999985438945,1.4561054091826619E-9,7.226837117631237E-19,5.334870275711502E-28
11866.0,0.9999999644319089,3.55680912185808E-8,3.9354597208478633E-17,2.229627680628587E-26
11388.0,0.9999999999994607,5.393191629850968E-13,1.9989148636563815E-22,6.453050676726687E-33
11631.0,9.448818169582411E-4,0.9990551130769212,5.106082219068078E-9,3.842719288010729E-14
11013.0,0.9999999808837552,1.911624432227758E-8,4.295108616763178E-16,2.921540892939906E-22
12198.0,0.02454998404385526,0.975450012592584,3.3635603013002105E-9,5.774207485165088E-16
12457.0,0.5717159774947554,0.4282798117549526,4.210750290416371E-6,1.5985994327662982E-15
12730.0,0.9999999988784748,1.1215251440911071E-9,4.522554994262835E-18,7.870189434427301E-29
11957.0,0.9999998723287356,1.276712644654825E-7,1.7382060094359052E-17,2.99456475049215E-28
11411.0,0.99999864017108,1.359828918714974E-6,1.3118401218643594E-15,7.051641453427994E-24
11648.0,0.9999972310965376,2.768903452575374E-6,9.791110472192688E-15,1.364116263265948E-24
11242.0,0.016900282910840232,0.9830996949318218,2.2143600523207855E-8,1.3737554481690827E-11
11001.0,5.889009070445665E-4,0.9892194215777687,0.010191677513520793,1.6661332293574864E-12
11072.0,0.9963406422864531,0.0036593577122113,1.3354771808237539E-12,2.4304406589784785E-20
11562.0,5.046044656446803E-6,0.999320926176495,6.740277786663127E-4,1.8211660335817963E-13
11321.0,2.5003158165294068E-15,0.26851399515497126,0.7311663560638765,3.1964878114976235E-4
11807.0,0.9999999996657531,3.3424684586190055E-10,9.192221679006822E-20,7.72975346635213E-30
12560.0,0.9999998257496543,1.742503456822259E-7,5.398541575073019E-18,8.690045765856244E-28
12291.0,0.9997052682465446,2.947317528843238E-4,5.711988035984447E-13,2.0936344671532385E-21
12044.0,0.9999999997959711,2.0402889454845687E-10,3.142829657697751E-20,2.4581304039788203E-29
11183.0,0.9999999985396721,1.460327917873383E-9,2.428395688358016E-19,4.4085609477589604E-29
11717.0,0.999998334238692,1.665761303031381E-6,5.033968094603449E-15,3.2157430902875228E-24
11478.0,0.02166120108150932,0.9783387985985975,3.196108176981793E-10,2.824354800514286E-13
12016.0,2.426859873070279E-9,0.9948214750653086,0.0051785215254198345,9.824118033304974E-10
12524.0,0.9772384591875327,0.02276152183474759,1.8977719558575704E-8,8.728040484049276E-17
12259.0,0.994591947827593,0.005408051148210384,1.0241966758382204E-9,1.8809565170972723E-19
11149.0,0.009681122414205792,0.9902670782811462,5.1799304619073425E-5,2.879540526267034E-14
11508.0,0.9998439887948014,1.5601120465062984E-4,5.480410633340992E-13,9.586141417396442E-22
11751.0,0.9999120262533755,8.797343915112092E-5,3.074734892857474E-10,1.9043041720353743E-18
12225.0,1.0461804478912122E-11,0.9999999789377735,2.1051762954857785E-8,1.9140893025349134E-15
12494.0,8.968677169682797E-6,0.9973774177199164,0.002613612514485521,1.0884284177334754E-9
11986.0,0.011415012698426317,0.988584142694931,8.446066405691393E-7,2.1224705957162437E-15
11106.0,0.0015221272863327865,0.9984717112388671,6.161466124672513E-6,8.675447712251456E-12
11291.0,0.9999999993303966,6.696034535366911E-10,1.879613794858904E-18,1.7654688763330684E-28
11528.0,0.9999795194159614,2.048058403654339E-5,2.0403812961179378E-15,3.618054710047534E-25
12078.0,0.9944795081276578,0.005520490293318042,1.5790240505879224E-9,1.4960760661270552E-16
12321.0,0.001577071598316325,0.997587379454593,8.35547814220571E-4,1.1328701995341955E-9
12594.0,0.9999999813960007,1.860399933670105E-8,4.537447536691791E-19,1.2475999067942003E-27
11837.0,1.6325637994028268E-9,0.90911716598389,0.0906699941465036,2.1283823704271404E-4
10970.0,2.1891268889463506E-4,0.9997810853006399,2.0104652838084968E-9,1.6494222556834763E-16
11209.0,0.9999999881714672,1.1828532729302623E-8,1.7638989935815374E-16,7.206848411166873E-25
12697.0,0.9999999996657531,3.3424684586190055E-10,9.192221679006822E-20,7.72975346635213E-30
11926.0,0.9873928358236915,0.012607164176308094,3.672909301447289E-16,8.695926031540067E-24
12165.0,0.9397276496553431,0.06027234826631663,2.078340389511269E-9,2.7293542927745843E-18
12426.0,0.6162427659166925,0.38375723380039284,2.829147438049284E-10,5.267546254096645E-19
11683.0,0.9999982878136774,1.7121862725370628E-6,4.9995290486463526E-14,1.1999048161413178E-27
11440.0,0.9999960157311358,3.9842688553808314E-6,8.745169721094009E-15,2.112433435499625E-24
11046.0,5.7023358373721315E-18,0.01474321149113283,0.8090164431075088,0.17624034540135838
12662.0,0.002892546952276527,0.9971063004875304,1.1525551186289391E-6,5.074539740385515E-12
11897.0,1.251654489094137E-4,0.9998665757002513,8.254805208874633E-6,4.0456303945331E-9
12138.0,5.985834558822635E-11,0.07451196489680365,0.2002703266451234,0.7252177083982145
12389.0,0.9999999999999362,6.386855816669443E-14,6.897451459805999E-25,3.062244398281942E-34
11596.0,0.9842663932675777,0.015733441158424143,1.6557396595522074E-7,3.232651198276279E-14
11359.0,6.271990849225666E-8,0.26146164236945396,0.7382309844645882,3.07310446049381E-4
11012.0,3.5193120912421187E-7,0.9999987650233328,8.827950414299489E-7,2.504166723443252E-10
12359.0,0.10788598485525419,0.892109225612597,4.789529497910321E-6,2.6510856826510076E-12
12104.0,0.9999999999693118,3.068812995467658E-11,2.5049431938856583E-21,3.8419646642030135E-30
11867.0,0.9998533742805003,1.4662571949180104E-4,7.924161763982037E-15,2.1629931969055217E-26
12628.0,0.9999999999999882,1.1743594599826074E-14,1.7696038910749076E-24,3.4504739204925814E-35
11389.0,0.9999999996657531,3.3424684586190055E-10,9.192221679006822E-20,7.72975346635213E-30
11630.0,6.701572358466929E-4,0.8656668046754779,0.13366303312416844,4.964506956258076E-9
11243.0,2.2019800688677005E-8,0.9275898596332313,0.07226708667714839,1.4303166981956012E-4
11000.0,0.9999997459502467,2.540496663045279E-7,8.697181971037079E-14,1.8904454399930063E-20
12456.0,0.9985258336710574,0.0014741663275204204,1.4222400556508103E-12,6.199660919333535E-19
12199.0,0.997635347341619,0.0023646526441165757,1.4264381953622648E-11,2.7369176792473884E-23
11956.0,0.9999999999998123,1.8771259064711006E-13,1.6716688519357447E-22,3.54628663404377E-34
12731.0,0.0014789448592389307,0.9985190399992979,2.0151407725846468E-6,6.904699159043089E-13
11410.0,1.0836479000600534E-15,5.250900702528518E-4,0.9852113575354244,0.014263552394321737
11649.0,0.9941574798491243,0.005842520150211961,6.637431532235038E-13,2.049818978298542E-21
11834.0,0.12246891377776832,0.877530662572967,4.236492646918684E-7,5.9904656992429175E-18
12597.0,0.9998561880923256,1.4381102729417732E-4,8.803802661731414E-10,2.0413438822055327E-17
12326.0,1.061752798061601E-13,0.2754288163478227,0.24277917591250234,0.4817920077395688
12073.0,0.9969204836600758,0.0030795163273424743,1.2581758262081964E-11,2.588700016240673E-19
11535.0,0.8590962744171643,0.14072610387046414,1.7762165397186726E-4,5.839972233032549E-11
11292.0,0.9999999994592297,5.407703282750311E-10,3.307123954284311E-19,4.874823428420945E-26
11109.0,0.015125312070704023,0.98444552366781,4.291642614842894E-4,1.677100159642478E-15
11989.0,1.566939663065704E-7,0.8347509645758563,0.16524885305060213,2.5679575247486658E-8
12489.0,0.9999830144441374,1.6985555859154892E-5,3.363066951266749E-15,3.1193695607509954E-25
12230.0,0.9999999997012885,2.987114085189477E-10,9.604973993070271E-18,9.680679543440878E-29
11744.0,0.9999843489459334,1.5651054040606208E-5,2.6162802455687164E-14,4.952577880829511E-24
11507.0,0.6445275354466048,0.35547246449264897,6.074635487971471E-11,1.2994486379136017E-19
11146.0,0.9984673250069414,0.0015326749912641024,1.7944777469813933E-12,1.4623488198387419E-18
12260.0,0.9999999997179099,2.820902263291893E-10,1.341385333619695E-19,7.884364646223763E-31
12523.0,0.3299832380349105,0.670016255861762,5.061033049827188E-7,2.2587090844215557E-14
12023.0,0.0028575741222617414,0.997140486743085,1.9391346307584026E-6,2.2493858280884178E-14
11473.0,0.9997152341026854,2.847658972847099E-4,2.998666990742167E-14,1.6491712865747494E-21
11714.0,0.944283221844454,0.05571677815512487,4.210809835801303E-13,1.0616318143228863E-19
11176.0,0.36734032178910264,0.6326594351800492,2.4303048108044857E-7,3.671270486111484E-13
12043.0,0.8761645585501618,0.12383528214559612,1.5930422617408034E-7,1.579277879261636E-14
12292.0,0.9999702190908883,2.9780909091313363E-5,2.0420278239227712E-14,6.418160838168445E-24
12567.0,3.6537510745056025E-10,0.9999999995564098,4.816254421271044E-11,3.0052463624157716E-11
11800.0,0.014907058909689477,0.9850912943938133,1.6466964971432114E-6,1.8254845270774796E-17
11326.0,0.9999841626930849,1.5837306744759487E-5,1.7027907060872987E-13,1.0808104776257219E-20
11565.0,7.481161552581645E-5,0.999914134815241,7.180184215655598E-6,3.87338501755683E-6
11079.0,0.9999998648530335,1.3514696579145395E-7,6.701870069736247E-16,6.975942374531862E-26
11654.0,0.9185368140089166,0.08146318290891846,3.082164930197959E-9,5.415699370078535E-18
11413.0,0.9813890791445508,0.018610562730707075,3.5812462393199186E-7,1.182165996486297E-13
12732.0,0.49043306410906795,0.5095630503401111,3.8855421277997485E-6,8.693178082415134E-12
11955.0,0.999997481984778,2.516004765991865E-6,2.0104559403181426E-9,5.063479017010899E-19
12192.0,0.9999985601376652,1.4398623327626127E-6,2.0515748063469814E-15,4.546902319272777E-26
12463.0,0.9999999996657531,3.3424684586190055E-10,9.192221679006822E-20,7.72975346635213E-30
11007.0,0.025070887512866392,0.9749287024645814,4.1001084263272857E-7,1.1709468580192954E-11
11244.0,0.9999793569135328,2.0643086255208033E-5,2.1204959058413282E-13,3.634514077637645E-20
11625.0,7.610684681778989E-6,0.9999781399122454,1.4249402893990048E-5,1.788864110997388E-13
11386.0,2.4815951696204153E-13,0.759566054578604,1.1132131663565357E-4,0.24032262410451216
12627.0,0.999999999999966,3.393774605977183E-14,7.367057447511767E-24,9.554619084342988E-35
11868.0,6.164688716907243E-22,1.7012347572790669E-10,0.6768470706661976,0.32315292916367894
12111.0,0.25155770965621116,0.7484422901392044,2.045844688895247E-10,3.422719666709392E-19
12352.0,1.7646289167907244E-5,0.9999786945650382,3.6591410541824677E-6,4.739725079562459E-12
11011.0,0.9999999978697518,2.130248191863593E-9,8.544524054154959E-18,1.1073942790397054E-27
11352.0,0.9999999997040083,2.959916727875969E-10,4.897027239837237E-20,1.965705174939224E-29
11595.0,0.9999201826236902,7.981677606663166E-5,6.002432609491752E-10,1.4875481338217445E-21
12386.0,0.04368697778004149,0.9563125008605116,5.213594348846376E-7,1.2078499445466236E-14
12141.0,0.031918316560847274,0.9680816834391367,1.5996183654978838E-14,9.695449640519773E-19
11902.0,0.9999998155503951,1.8444959631701124E-7,8.554935895431918E-15,2.3185396705696228E-22
12657.0,0.0010644123823238772,0.9989164756021529,1.9112015448773512E-5,7.444587086178971E-14
11041.0,2.556951801119837E-4,0.9997443048198766,1.1357797419932802E-14,2.872628235553472E-19
11447.0,6.406891800660364E-6,0.9917521724043563,0.008219961966379596,2.145873746357456E-5
11684.0,1.2745727962927694E-5,0.9981956364267834,0.0017916149694694656,2.8757841120811844E-9
12429.0,0.9999994431853593,5.568146384685907E-7,2.3266049553247577E-15,3.6814298251685357E-23
12162.0,0.9999999999999878,1.2219198800116983E-14,4.3464887838305785E-24,3.5539955167023874E-34
11921.0,0.9999999994971577,5.028423516696078E-10,1.9546540690256422E-19,6.246459111626748E-30
12702.0,1.633028444105957E-10,0.9203754787770038,0.07962424116476748,2.7989492585464145E-7
11214.0,4.299933777544415E-8,0.9989945072876264,0.001005449625377891,8.765793149051738E-11
10973.0,0.9857210129458923,0.014278950869656193,3.618445133994284E-8,1.674305892380247E-16
11108.0,0.013530697105185277,0.9864268056304937,4.249725710797442E-5,7.213135297583035E-12
12596.0,0.9999999997273974,2.7260251087403583E-10,4.1265544422681536E-20,2.095892380245894E-30
11835.0,0.9998516631125203,1.4833650594765158E-4,3.4761052072644376E-10,3.3921450440459E-11
12072.0,1.3774819155049177E-7,0.9991723272146932,8.275347857967591E-4,2.5131848917541116E-10
12327.0,0.9776818108522903,0.022318188889203124,2.5850659288030724E-10,3.613474281470666E-21
11534.0,0.6727044216385807,0.32729557756874766,7.926622849746376E-10,9.267178071890364E-15
11293.0,0.1695255109473956,0.8304716738482847,2.815204033659094E-6,2.8602253502584243E-13
11147.0,0.9995771768804199,4.2282293098855697E-4,1.8859160915373546E-10,6.531379074433272E-17
11988.0,1.1697816263246331E-5,0.9999392828706068,4.901924426815584E-5,6.886162841011993E-11
12231.0,5.61097995392421E-7,0.9999994384806153,4.1840511313868125E-10,2.984081816850523E-12
12488.0,0.8732195163197656,0.1267803855268141,9.815341941436977E-8,8.383054910712295E-16
11745.0,8.242376740896009E-4,0.9987763661373337,3.993958337002774E-4,3.5487646519701156E-10
11506.0,0.999999999157101,8.428989931152384E-10,1.2235938847718465E-20,5.9138503397665714E-30
11177.0,0.5878691596994122,0.41213083756751445,2.7330657215769023E-9,7.718630668534599E-15
12522.0,0.9999999999999961,3.8097290046103475E-15,5.489790777737665E-26,2.9703097577184433E-35
12261.0,7.676225028168663E-7,0.9942954910063038,0.005703740856689552,5.14503649103121E-10
12022.0,0.9999730625427011,2.6937457162165186E-5,1.366787522085393E-13,5.33469721426936E-25
11472.0,0.9999268859345862,7.311406541103431E-5,2.7218900181563143E-15,6.674412372292266E-26
11715.0,0.9067968422913352,0.09320288606515882,2.7164350577362407E-7,3.524819209561945E-16
11078.0,0.012806963724338415,0.9871930255693208,1.070633834265184E-8,2.627236979128309E-15
12293.0,0.9999755204926166,2.4479507382371324E-5,1.0631600997496397E-15,1.2239722524512587E-26
12042.0,0.015209933146064567,0.9050652648633428,0.07972476482009758,3.71704951178334E-8
11801.0,0.9523161828522648,0.04768381705266759,9.506744435232679E-11,1.059204470868391E-21
12566.0,0.2703765315865417,0.7296099794326477,1.3488972185370207E-5,8.625274086134476E-12
11327.0,0.6052689497245125,0.3947310502731115,2.3760907312454687E-12,4.683381952149341E-20
11564.0,1.7974287573951205E-15,8.437148713369954E-6,0.9698287873483032,0.030162775502981506
11006.0,0.0018061828866779517,0.9973084886754918,8.853284338622408E-4,3.967985754729609E-12
11245.0,3.679259426566214E-15,0.18250138789149906,0.81503372499199,0.002464887116507122
11655.0,0.90772986676736,0.09227013323034904,2.290879994589349E-12,1.258063580834877E-19
11412.0,0.25268948387718393,0.7473105033938983,1.2728901891263172E-8,1.5929595392201143E-14
11954.0,0.937468245689989,0.06253174218566523,1.2124343799277051E-8,1.8857306298678187E-15
12733.0,0.9999975281400205,2.471854673807997E-6,5.305683635099555E-12,7.583104019860546E-22
12462.0,6.305468374036684E-5,0.9999311377775166,5.807534312992958E-6,4.4300269491287766E-12
12193.0,0.5510114231055246,0.44897504265901605,1.353423536050088E-5,9.888250845014603E-14
11010.0,0.9999976834982925,2.3165017034321174E-6,4.0070495531132376E-15,1.656651076414019E-24
11624.0,0.9999926882853954,7.311714269982228E-6,3.346743561248823E-13,4.829895238495909E-24
11387.0,6.818477956866081E-5,0.9999317911646937,2.40557343069741E-8,3.445945622543147E-15
11869.0,6.710728913737618E-6,0.9999905237555479,2.7655153799442465E-6,1.5842267378906766E-13
12626.0,0.9994256270932792,5.743728952532647E-4,1.1467544250711685E-11,9.245113697195112E-22
12353.0,2.8031992443863E-4,0.9997193533413774,3.267341745324841E-7,9.578783706015252E-15
12110.0,0.8692207814730408,0.13077921851374655,1.3212479636740447E-11,8.839925471631041E-21
11040.0,0.9999937542932595,6.2457067314805185E-6,8.939235253834373E-15,2.084196847962305E-26
11353.0,0.9986802947032766,0.0013197052955143452,1.2090256996546714E-12,1.2323704427748874E-20
11594.0,0.00554200582942337,0.9942940969825549,1.6388986220647298E-4,7.32581522962615E-9
12140.0,8.663196701257726E-12,0.0244945588671346,0.83740834969731,0.1380970914268922
12387.0,7.561805630961838E-18,0.30009641988715385,0.3970484048402497,0.3028551752725964
12656.0,2.544389978347458E-10,0.6651513202818661,0.30999274300772933,0.024855936455965726
11903.0,1.2740643864820204E-20,1.1809314763496252E-6,0.048089049182710494,0.9519097698858131
11215.0,1.3837374406537635E-12,0.9992050921984733,7.755575094069791E-4,1.935029073588672E-5
10972.0,0.9995064303348958,4.935696651017486E-4,2.394940224948999E-15,2.4793617108862604E-25
11446.0,0.9999999952121028,4.787897161877502E-9,1.1520922830127367E-17,2.4274198623791816E-28
11685.0,0.9997116373974966,2.883625719909665E-4,3.0512368188032374E-11,4.930770980377314E-22
12163.0,9.867452008085421E-9,0.9747796726111352,0.02520166154864484,1.8655972767925863E-5
12428.0,0.00394610473142275,0.9960538951712398,9.733741044829555E-11,1.5665976812147293E-20
12703.0,0.9999999995367403,4.6325963935810553E-10,6.513305919805004E-19,3.913285701088537E-30
11920.0,0.999804685099013,1.953148980900883E-4,2.8968129056193203E-12,1.5783658525649464E-21
12491.0,0.9863973873991447,0.013602574051866228,3.854898895470093E-8,6.624190903343324E-17
12228.0,7.426871697997294E-20,0.05706198987045016,0.5238829346538743,0.4190550754756757
11991.0,0.517497076124244,0.482502923799513,7.579936160172985E-11,4.436284938809769E-13
12760.0,0.07459741479078227,0.9254024295901967,1.5561816740547013E-7,8.536551144736168E-13
11505.0,0.0025385106728992475,0.9974543719595965,7.117286528211715E-6,8.097596034608646E-11
11746.0,0.9837896711031624,0.016210327682834293,1.214003000063028E-9,2.822645642562844E-16
11144.0,0.13451081368807005,0.8654891811537729,5.158154444674026E-9,2.593805781203413E-15
12324.0,0.9992965852202782,7.034147574376518E-4,2.2284218489469808E-11,6.905220269357976E-20
12075.0,0.9997522345660333,2.477654337827305E-4,1.8404853660374334E-13,1.0930075482753207E-23
11832.0,0.9998995178734149,1.004820447055009E-4,8.187951964606446E-11,1.0478245113184976E-18
12599.0,0.09080006286147277,0.909199800430929,1.3653294310056777E-7,1.7465530271929063E-10
11294.0,0.999991461415808,8.538576122965819E-6,8.069087509125252E-12,1.3412784902045412E-20
11533.0,0.9931308582827029,0.006869141625303425,9.199267203919517E-11,9.466025825570003E-16
11111.0,0.9999997696166543,2.3038334573912777E-7,5.139683992806873E-18,3.0898905747871104E-27
12565.0,2.056760696020759E-18,0.8268320701623192,0.1645637546147492,0.008604175222931566
11802.0,4.8311130832862683E-4,0.9995168886900285,1.6428882211328845E-12,1.036593347762015E-18
12041.0,0.9997410998417504,2.5890015753111685E-4,7.185318658332075E-13,3.8016535014888946E-21
12294.0,0.9999994952803948,5.046297575498434E-7,8.984767386772895E-11,2.5142851657114692E-18
11567.0,0.6609936307547394,0.33898637367359574,1.9995571483338876E-5,1.8160677986078846E-13
11324.0,0.9999546098411659,4.5390147831222535E-5,1.1002965883975467E-11,2.783767322051615E-21
11077.0,0.8720915484120889,0.12790779080624207,6.607816686245012E-7,3.0990465221582806E-16
12021.0,6.981065121804206E-20,0.017297086370539276,0.28532103165857803,0.6973818819708827
12262.0,1.2972979857367236E-22,0.0025246486644495084,0.991411564765865,0.006063786569685483
12521.0,0.0012864491802930464,0.9987135393155993,1.1503969096908456E-8,1.3855686956619056E-13
11712.0,0.9999999841235188,1.5876481342226017E-8,2.010334937085625E-18,1.6926060545223666E-28
11475.0,0.9998223497596976,1.7765023992984033E-4,3.7263103223190775E-13,1.0549276848943416E-21
11178.0,0.9997428883830577,2.57111616602711E-4,3.395800510955591E-13,1.9614338893369387E-21
11384.0,0.999999864276636,1.357233639754011E-7,3.446953417438955E-17,3.46992627166013E-26
11627.0,2.7208030466722636E-7,0.9999978439506532,1.8716046451337023E-6,1.2364396975762715E-8
12109.0,0.9999992341760767,7.65823903766917E-7,1.9537165149063334E-14,3.1218719890779936E-25
12354.0,0.019092207206827125,0.980907537296667,2.5539579006208873E-7,1.0071594429689572E-10
12625.0,8.251286854643268E-5,0.999917486862437,2.6901024489315007E-10,6.336614101913034E-15
11870.0,0.9999997807871666,2.192128301557547E-7,3.2769801112641944E-15,5.173848282265879E-25
11009.0,0.9999999994971577,5.028423516696078E-10,1.9546540690256422E-19,6.246459111626748E-30
11415.0,0.829936552775929,0.17006344722336247,7.084410121358101E-13,2.607811071351665E-21
11652.0,0.9999999948193183,5.1806816229870014E-9,3.0728277732686783E-18,7.7760843202333E-27
12194.0,0.9956333035523894,0.004366696441361184,6.249336472481856E-12,6.195131377666152E-24
12461.0,9.615359410057572E-11,0.9965321487569101,3.575956610822553E-4,0.0031102554858540715
12734.0,0.1629571067602291,0.8370428869913215,6.248449382501424E-9,1.3650424703001506E-17
11953.0,2.9266838783515246E-9,0.9980214881675571,0.001978503872341308,5.033417817197217E-9
11246.0,0.999999999707663,2.923369771440854E-10,2.589080738631687E-19,1.2061433356546972E-30
11005.0,0.6842517093411651,0.315748271252382,1.9402739126928927E-8,3.713890517547395E-12
11686.0,0.9999999994323175,5.676824855616512E-10,8.021547631819685E-20,1.0800922000674328E-30
11445.0,0.9999942945794201,5.705420336367402E-6,2.4347900816448264E-13,1.4154949688112163E-21
11923.0,0.9497757256513633,0.05022427428422535,6.44113994983105E-11,6.237080259758718E-21
12700.0,0.9999997332292593,2.6677074066036683E-7,9.366700761521156E-17,1.756075519857989E-26
12431.0,0.9999998156466389,1.8435336114092862E-7,3.2351474052154075E-17,4.375699847693148E-28
12160.0,0.9999705332820527,2.94667168405598E-5,1.10673894198158E-12,9.44284758091017E-25
10975.0,7.59659875591454E-14,0.3891876538234466,0.07078495069430957,0.5400273954821678
11212.0,5.926649975340158E-9,0.31859281587120925,0.6803197736295523,0.0010874045725884562
11593.0,0.9999999982068088,1.7931910810789257E-9,1.4154075917362249E-16,1.666180500522872E-25
11354.0,0.32530504968297735,0.6746949455830319,4.7339907737568124E-9,1.6322619729454226E-17
11900.0,0.9958348638245821,0.004165136174633163,7.849246065472792E-13,3.1836781783689982E-18
12659.0,0.9999990283859488,9.7161404391317E-7,7.22999156280031E-15,6.009549784310257E-25
12384.0,1.141827297110693E-5,0.9999876128406296,9.68886395647162E-7,3.633159221644892E-15
12143.0,0.21607624668566142,0.7839035228549067,2.0230458615070238E-5,8.168782004809798E-13
11043.0,0.010926170519453432,0.989073637132264,1.9234828247307233E-7,1.4565572735081328E-16
11145.0,0.9999999996657531,3.3424684586190055E-10,9.192221679006822E-20,7.72975346635213E-30
12229.0,0.9946074087988166,0.005392591178716791,2.2466632408309313E-11,5.8733371142207936E-21
12490.0,0.9999904099714572,9.590028521567987E-6,2.126891020642667E-14,1.167396320841914E-22
12761.0,1.4163134011865477E-15,9.248677618377751E-5,0.9665700880558711,0.0333374251679437
11990.0,0.999999999999858,1.4199370461015003E-13,1.8455761653538365E-23,2.388811939801785E-34
11504.0,4.7421197862928365E-6,0.9999926489695199,2.6087605132013445E-6,1.5018078957102966E-10
11747.0,0.027579277054499512,0.9724205982408337,1.247046666006762E-7,2.6915181094371096E-16
11110.0,0.004960841461534102,0.9950390179526153,1.405856678138421E-7,1.8290335716091258E-13
12074.0,0.9999999997877205,2.1227941237684747E-10,7.205400551495683E-21,8.342762235033796E-30
12325.0,0.0035426556242077584,0.9964573359218794,8.453912446402492E-9,4.72069496179053E-16
12598.0,0.9999956584180231,4.341581946326824E-6,3.0557730814781413E-14,1.0834734851451157E-22
11833.0,8.3062538438314E-6,0.9999916936803261,6.583003045156569E-11,1.2053007061675908E-17
11295.0,9.810706410017557E-5,0.9999018892904433,3.645355254544575E-9,1.0123035508518232E-13
11532.0,0.9858300064793901,0.014169993452669371,6.794052212267952E-11,1.5189699393722546E-20
11076.0,0.6778661652632397,0.3221336931119627,1.4162467257856122E-7,1.2508696262614925E-13
11803.0,1.778631214533677E-5,0.9999822079176863,5.770168049259307E-9,2.762810966235005E-16
12564.0,0.9999999997040083,2.959916727875969E-10,4.897027239837237E-20,1.965705174939224E-29
12295.0,0.9999999996183841,3.8161586186654793E-10,3.3335713130823632E-19,6.035820944129166E-31
12040.0,0.9788360162055028,0.021163983755384964,3.9112303255476386E-11,2.272468095300801E-21
11566.0,1.3422098397156766E-4,0.9998657321468469,4.686161254981284E-8,7.568803300208235E-12
11325.0,0.9999958791121571,4.120887662976502E-6,1.7996841252614392E-13,7.698754610419867E-20
11179.0,0.06126249555862227,0.9387374334439766,7.099740048558046E-8,5.593845827092212E-16
12020.0,9.414558060787631E-5,0.999905853199307,1.2200797369877553E-9,5.421699946895116E-15
12520.0,0.9986865742808368,0.0013134255078047089,2.113584120088422E-10,7.990054243758306E-18
12263.0,0.001309446260235416,0.9986891778853516,1.373654544523872E-6,2.199868581872196E-9
11713.0,0.9999959829235066,4.017073951382243E-6,2.5419858379417166E-12,3.864655241853382E-22
11474.0,0.9998754360746142,1.2456392531925626E-4,6.650362263398505E-14,2.585451329256813E-21
11008.0,0.8072700152170771,0.1927299847307203,5.2202583752520805E-11,3.550601474033926E-18
11385.0,0.9999999956963034,4.3036967268401895E-9,2.3889375390161258E-17,3.561233623155872E-28
11626.0,0.9999999983340192,1.6659809077708965E-9,5.7852993991467585E-19,2.3607093598782417E-28
12355.0,0.999999310585043,6.894149570325548E-7,3.20383796260523E-17,7.736191261712715E-27
12108.0,0.180640114804995,0.8191723815628962,1.875034068594106E-4,2.2524944712395495E-10
11871.0,0.9999999999999798,2.022304185746195E-14,2.332325845892045E-23,1.5058109444150829E-34
12624.0,0.9992005513132678,7.994486864405387E-4,2.917144187856587E-13,9.42561384862935E-20
11247.0,0.9999999999840522,1.594788543107105E-11,8.97520826833667E-18,7.551837685089208E-28
11004.0,0.970903720574664,0.029096279419736963,5.59904395855674E-12,2.660961144315471E-19
11414.0,2.0560584704913544E-9,0.24841080104352567,0.15127640667754685,0.600312790222869
