11477.0,0.9999063109563237,9.368889757984286E-5,1.460838269139434E-10,1.2622215911216814E-14
11718.0,0.9981627422536395,0.001837255400989899,2.3452869279807786E-9,8.362286599105496E-14
12256.0,0.8672290589420406,0.13273657330155006,3.436694319839454E-5,8.13211056966524E-10
12527.0,0.9999030429998764,9.69568256213199E-5,1.7450131825467572E-10,8.735685049540199E-16
12019.0,0.17294604519969603,0.8270506545233584,3.299985508939976E-6,2.914365515468234E-10
11180.0,0.9995496587945949,4.5034098542787995E-4,2.1993317172507852E-10,4.3876761917062415E-14
11322.0,0.2406835417349866,0.7593065192493109,9.938078812592481E-6,9.368898736297003E-10
11561.0,0.9976758316628636,0.002324050735169862,1.1760150867373466E-7,4.579889171933872E-13
12047.0,0.010851653694416338,0.9882023308477709,9.460150657187882E-4,3.9209412618085364E-10
12288.0,0.9993490954385501,6.509003573195766E-4,4.20338603756349E-9,7.441836068481913E-13
12563.0,0.7942148289124515,0.20577621464684645,8.95606699913289E-6,3.7370290432474054E-10
11804.0,0.08736412320168124,0.9079256390852758,0.004708243657993969,1.994055049238498E-6
11075.0,0.9985153854832202,0.001484608750398603,5.765314271485258E-9,1.0668487629280863E-12
11531.0,0.9832782168516973,0.016721379994315718,4.0305552865451553E-7,9.84584469220089E-11
11288.0,6.518525561205842E-6,0.84065180321699,0.15378080227608373,0.0055608759813650975
11838.0,0.0014990346816636314,0.5094352356791895,0.48885896914013577,2.0676049901127363E-4
12593.0,0.9999284516407599,7.154827173778913E-5,8.749892637102436E-11,3.4121334708895312E-15
12322.0,0.7759804756444056,0.2240182088038068,1.3155011443177535E-6,5.064301583000116E-11
12077.0,0.9981727865270722,0.001827212941862472,5.310428202223795E-10,2.2545187236870697E-14
11105.0,0.014045207394233483,0.9724971360641126,0.013449664702760915,7.991838893046939E-6
11748.0,0.9991834633411216,8.165357737023089E-4,8.850773860992163E-10,9.879788746798088E-14
11511.0,0.9691278731046006,0.030872037029671083,8.986311662452192E-8,2.611660031008421E-12
11985.0,0.0018703296283973298,0.9125867377135031,0.08515141643465579,3.915162234436498E-4
12493.0,2.986762047139158E-10,0.06368099960845129,0.9348179471366216,0.0015010529562510184
12226.0,0.6186888143286128,0.3812642356981747,4.694888700370657E-5,1.0862087913124816E-9
11150.0,0.9264775506831603,0.07352203469957672,4.145879192603517E-7,2.934375833572395E-11
12390.0,0.9996209064474659,3.790919127307611E-4,1.6397042849013697E-9,9.903336496811818E-14
12137.0,0.9984470543056684,0.0015529391647324505,6.528768294745945E-9,8.307037761411154E-13
11898.0,0.7104557733667473,0.28950133071213185,4.284496972612847E-5,5.09513947657305E-8
12661.0,0.9999284516407599,7.154827173778913E-5,8.749892637102436E-11,3.4121334708895312E-15
11356.0,0.9995313265047135,4.686728444748423E-4,6.507911265273855E-10,2.041508026330706E-14
11599.0,3.0455188202920054E-5,0.7640090900322345,0.2159926920379918,0.01996776274157072
11045.0,0.9997667303021799,2.3326845601551505E-4,1.2417584718499939E-9,4.613157203647399E-14
12425.0,0.9999049645258646,9.503534714359909E-5,1.2698766177815928E-10,3.9602971861871684E-15
12166.0,0.6997583851482827,0.3002202233337036,2.139127210649957E-5,2.4590701269281193E-10
11925.0,2.09584000147836E-5,0.823004979987673,0.1153098961158262,0.06166416549648584
12698.0,0.9992256807684056,7.743176738701232E-4,1.5575386168269065E-9,1.8569942120811496E-13
11443.0,0.08949013214618609,0.9104978603496997,1.2006290036037721E-5,1.2140781091987226E-9
11680.0,0.9999151798868435,8.482003714049499E-5,7.601378966429253E-11,2.145252945837764E-15
11210.0,0.9993929989685064,6.069999205613072E-4,1.1108872173332875E-9,4.497071047473683E-14
10969.0,0.9995178779808808,4.821201337612376E-4,1.885263488348183E-9,9.463070260039359E-14
12728.0,0.9999078921110741,9.210777134263091E-5,1.175780875990034E-10,5.138244636000076E-15
11959.0,0.0027198940124575125,0.9972723689427544,7.605766139387996E-6,1.3127864862579264E-7
12196.0,0.1529114887781344,0.8470591125669726,2.9398242352420808E-5,4.125406131498354E-10
12459.0,0.9379447390487062,0.06205442854571367,8.321562461486145E-7,2.493340448329847E-10
11650.0,0.9998229071776776,1.7709270166733023E-4,1.2064875336174998E-10,6.298366381695102E-15
11409.0,0.8199333910606723,0.18006613454958212,4.743769902533708E-7,1.2755253484766264E-11
11003.0,1.4415896537357175E-6,0.9792975411534418,0.020589188805497233,1.1182845140719125E-4
11240.0,0.9994601129611097,5.39883072533705E-4,3.966346816724624E-9,9.753173175677468E-15
12631.0,0.9973737944483075,0.0026261978433136145,7.707895280371542E-9,4.834623592069599E-13
11864.0,0.001765433825386233,0.9977035199206884,5.308332920875107E-4,2.1296183796302878E-7
12107.0,0.0034679051074975402,0.9561879511084137,0.040137083133361166,2.0706065072760495E-4
12356.0,0.991313293534153,0.008686698746454766,7.713625763269447E-9,5.766414478198267E-12
11629.0,0.9239575280050533,0.07602619646299276,1.627338002370677E-5,2.1519304093951614E-9
11390.0,0.9997249015812182,2.750969231105369E-4,1.4956544677367364E-9,1.6846618650092682E-14
11015.0,4.361084593688081E-5,0.9964482446877401,0.003505305530126387,2.838936196728046E-6
11181.0,0.9999151798868435,8.482003714049499E-5,7.601378966429253E-11,2.145252945837764E-15
11476.0,2.0114380736359077E-20,4.342042277107772E-7,0.15170550804278832,0.8482940577529839
11719.0,0.9999078921110741,9.210777134263091E-5,1.175780875990034E-10,5.138244636000076E-15
12526.0,0.9998885757569346,1.1142408910887204E-4,1.539529801799467E-10,3.4870723730764333E-15
12257.0,0.24161484994377153,0.7580801990011623,3.0486095544183633E-4,9.009962444442578E-8
12018.0,0.9500476844736279,0.049949915262207566,2.399507839415252E-6,7.563252201066588E-10
11074.0,0.9997311203762616,2.688793995781284E-4,2.2414271177687636E-10,1.7632497370653025E-14
11323.0,0.9997251967699229,2.748027893408445E-4,4.406428885436635E-10,9.325063474733781E-14
11560.0,0.0013399603832295506,0.9983790907109075,2.808766486770034E-4,7.225718622711943E-8
12289.0,0.6271242462305269,0.37285815001725453,1.759809086230074E-5,5.661356317332191E-9
12046.0,0.96140674479918,0.03859229428866267,9.608977265628748E-7,1.4430729135229155E-11
11805.0,0.9954601682784425,0.004539813427755118,1.8291653721183883E-8,2.148730732483624E-12
12562.0,0.9999063109563237,9.368889757984286E-5,1.460838269139434E-10,1.2622215911216814E-14
11104.0,0.9888513048200912,0.011148501327205492,1.9383388538954732E-7,1.881789232622493E-11
11530.0,0.9995313265047135,4.686728444748423E-4,6.507911265273855E-10,2.041508026330706E-14
11289.0,0.9999159086259941,8.409125145185655E-5,1.2255207967256373E-10,1.8939316723416126E-15
12592.0,0.9692762910264806,0.0307236180662019,9.090522669370339E-8,2.090978379197034E-12
11839.0,1.1538760611696446E-5,0.920311297020652,0.07958289753335401,9.426668538233724E-5
12076.0,0.9999159086259941,8.409125145185655E-5,1.2255207967256373E-10,1.8939316723416126E-15
12323.0,0.999719714168433,2.8028533288332086E-4,4.986725183175529E-10,1.1334280449527474E-14
11151.0,0.9998885757569346,1.1142408910887204E-4,1.539529801799467E-10,3.4870723730764333E-15
11749.0,0.9999063109563237,9.368889757984286E-5,1.460838269139434E-10,1.2622215911216814E-14
11510.0,0.9901485802995721,0.009851318784646339,1.0091368584682615E-7,2.095813459308995E-12
11984.0,9.27811740894258E-10,0.9723608492143269,0.026928521187784143,7.106286700773228E-4
12227.0,0.9994798588705038,5.201387475961902E-4,2.3817630610713278E-9,1.3685786271896834E-13
12492.0,0.999894255926875,1.0574400466382894E-4,6.845510011598731E-11,6.001477580406841E-15
11044.0,0.9916974678402224,0.008301979115829571,5.530382851592729E-7,5.662856543991802E-12
12136.0,0.9853664481730172,0.014633493158753523,5.8660491323864025E-8,7.738052367791785E-12
12391.0,0.9960339480496228,0.003966040862312175,1.1087756699901956E-8,3.0833958320087406E-13
12660.0,0.9999284516407599,7.154827173778913E-5,8.749892637102436E-11,3.4121334708895312E-15
11899.0,0.9977624946952488,0.0022374933928629203,1.191115901564842E-8,7.292270727951904E-13
11357.0,0.9962918191455036,0.003708176877933632,3.97617869511582E-9,3.8395345370451173E-13
11598.0,0.9910907126768722,0.008908684331206689,6.027642456490989E-7,2.2767556602397407E-10
11211.0,2.2779461781199986E-5,0.9997799757369886,1.9723714381167273E-4,7.65741844596075E-9
10968.0,0.9996736397858034,3.263591218521632E-4,1.0921243373154834E-9,2.2019363294118658E-13
12167.0,0.990347578523396,0.009652076926628941,3.445029120177871E-7,4.7063012243612746E-11
12424.0,0.9995734112225834,4.265869578817479E-4,1.8195037424340957E-9,3.123974026768309E-14
12699.0,4.802857487776223E-5,0.9992959014900122,5.542048008916053E-4,1.0186513421820262E-4
11924.0,0.9820734875982933,0.01792633967014018,1.7272639905331104E-7,5.167447478064135E-12
11442.0,0.9999063109563237,9.368889757984286E-5,1.460838269139434E-10,1.2622215911216814E-14
11681.0,0.9998679912663043,1.320080444916131E-4,6.891711526240745E-10,3.2895270403282056E-14
11002.0,0.9994259231334234,5.740763075265113E-4,5.589704702402104E-10,7.974240981422981E-14
11241.0,0.9999078921110741,9.210777134263091E-5,1.175780875990034E-10,5.138244636000076E-15
11958.0,0.9997090578044379,2.90941836647615E-4,3.5891014382269123E-10,4.352546018025136E-15
12729.0,3.311806637743136E-6,0.9841497697534951,0.015749178356174294,9.774008369281885E-5
12458.0,0.999894255926875,1.0574400466382894E-4,6.845510011598731E-11,6.001477580406841E-15
12197.0,0.9998922555916978,1.077442932778437E-4,1.1501773906744718E-10,6.4030217420350964E-15
11651.0,0.9999249600457687,7.503982397415008E-5,1.3025127493877698E-10,5.673438474565267E-15
11408.0,0.4227995527160845,0.5771940540355099,6.392771450558783E-6,4.769548700608983E-10
11014.0,0.9999063109563237,9.368889757984286E-5,1.460838269139434E-10,1.2622215911216814E-14
11865.0,0.9738788745669174,0.026121042290031777,8.304559212023345E-8,9.745877152264283E-11
12630.0,0.9999063109563237,9.368889757984286E-5,1.460838269139434E-10,1.2622215911216814E-14
12357.0,0.9999058012840438,9.419860619884032E-5,1.0975058258671418E-10,6.91898326334179E-15
12106.0,0.9997367777935207,2.6322173271473096E-4,4.737622561031762E-10,2.442322503601051E-15
11628.0,0.9999159086259941,8.409125145185655E-5,1.2255207967256373E-10,1.8939316723416126E-15
11391.0,0.9891834351503114,0.010815365327175468,1.1994836873251782E-6,3.882584234793761E-11
11563.0,0.9999078921110741,9.210777134263091E-5,1.175780875990034E-10,5.138244636000076E-15
11320.0,2.1050607443976142E-18,1.1635905374922995E-4,0.029345530508143293,0.9705381104381074
12561.0,5.395431035691394E-37,1.2157273565234952E-13,5.490424503968545E-4,0.9994509575494815
11806.0,9.373729898754855E-6,0.99953121264893,4.518986340449775E-4,7.514987126340715E-6
12045.0,2.61674276080068E-24,7.941864741578208E-10,2.203486647974215E-4,0.9997796505410161
12290.0,2.0576062141761825E-12,0.005239907212905234,0.9002552246997361,0.09450486808530119
11073.0,0.9999030429998764,9.69568256213199E-5,1.7450131825467572E-10,8.735685049540199E-16
11716.0,0.9999049645258646,9.503534714359909E-5,1.2698766177815928E-10,3.9602971861871684E-15
11479.0,0.9999078921110741,9.210777134263091E-5,1.175780875990034E-10,5.138244636000076E-15
12017.0,0.008695799505226559,0.9912763849357137,2.7793745514032265E-5,2.181354589069668E-8
12258.0,3.828549354611327E-24,1.3664590528536881E-8,3.3396274948902595E-4,0.9996660235859205
12525.0,0.9998885757569346,1.1142408910887204E-4,1.539529801799467E-10,3.4870723730764333E-15
11182.0,0.9974224850182711,0.0025774996787774978,1.5302769718165455E-8,1.816762316331494E-13
11509.0,0.7787872079566737,0.22120662528478902,6.165674914907388E-6,1.0836226308911996E-9
11750.0,0.9998885757569346,1.1142408910887204E-4,1.539529801799467E-10,3.4870723730764333E-15
12495.0,2.158499238550463E-20,0.0016412797939153079,0.9870613230845788,0.011297397121505794
12224.0,0.9999078921110741,9.210777134263091E-5,1.175780875990034E-10,5.138244636000076E-15
11987.0,0.9807912992049588,0.019199835428267854,8.865220828049786E-6,1.4594543073214057E-10
11148.0,2.8474934417100205E-12,0.025013903412423735,0.9701482580367616,0.004837838547967162
11290.0,0.9961178650324518,0.0038820695102725383,6.545676986844025E-8,5.058005466973244E-13
11529.0,1.2537510795716226E-6,0.9858747511030558,0.009794498445709423,0.004329496700155119
12320.0,0.980932329997729,0.019065790144177076,1.8795255405649586E-6,3.3255338319249056E-10
12079.0,0.9998739561379313,1.2604371192130148E-4,1.501433437925428E-10,3.983143368392575E-15
11836.0,0.9998377935343652,1.6220617305918487E-4,2.925689036216906E-10,6.577598122340275E-15
12595.0,0.9631254333325897,0.03686790165843129,6.664054123294381E-6,9.548557387646682E-10
11107.0,0.9999284516407599,7.154827173778913E-5,8.749892637102436E-11,3.4121334708895312E-15
11927.0,0.1717486729684217,0.8282184911783804,3.268229100189712E-5,1.5356219606711797E-7
12696.0,0.991177003429702,0.008822966309263831,3.0259082807347025E-8,1.9512054629708026E-12
12427.0,0.9999063109563237,9.368889757984286E-5,1.460838269139434E-10,1.2622215911216814E-14
12164.0,0.9996709399398672,3.2905953909878166E-4,5.210068821252193E-10,2.7145631626239515E-14
11682.0,4.435626379207732E-24,1.922217613922387E-6,0.5887568418758563,0.4112412359065297
11441.0,4.6584197659031585E-5,0.997867501860234,0.002081168802154032,4.745139952992062E-6
10971.0,1.875939651022851E-9,0.09923838582729255,0.880063807048332,0.0206978052484359
11208.0,1.3369782914060565E-10,0.027180950092615643,0.9253924124425318,0.04742663733115455
11896.0,0.9130609221102539,0.08693882683447869,2.510532415331256E-7,2.025715222687957E-12
12663.0,0.9972803031872254,0.0027196918649242878,4.947581016337607E-9,2.693965578920197E-13
12388.0,0.0042506582445146065,0.9957366114034395,1.264664220190051E-5,8.370984409772569E-8
12139.0,0.9973313405753199,0.002668644251547601,1.5172104709293788E-8,1.0276921710421719E-12
11597.0,0.6502543723700643,0.3497332044714386,1.241836130157234E-5,4.797195499302188E-9
11358.0,0.9969136774833736,0.0030863162402654395,6.2758137082877744E-9,5.474759476420172E-13
11047.0,0.9971619931421443,0.0028378377815702874,1.6905988768765099E-7,1.6397796267607404E-11
12105.0,0.8131120877858945,0.1868751029347618,1.2809186092202576E-5,9.325146031845053E-11
12358.0,0.9997941474494318,2.0585228197367482E-4,2.685451908016051E-10,4.918626314535191E-14
12629.0,0.9999049645258646,9.503534714359909E-5,1.2698766177815928E-10,3.9602971861871684E-15
11866.0,0.9997459175227127,2.5408199789163686E-4,4.793850197945477E-10,1.0563122241728641E-14
11388.0,0.9999078921110741,9.210777134263091E-5,1.175780875990034E-10,5.138244636000076E-15
11631.0,0.4865295935975391,0.5133773550931995,9.303691449230554E-5,1.4394769039803233E-8
11013.0,0.9997656649729034,2.3433470096819172E-4,3.2610392849458213E-10,2.4441037785086197E-14
12198.0,0.49814175295848206,0.5018574462443989,8.007745950111681E-7,2.2523961315674913E-11
12457.0,0.999473739273577,5.262578410283474E-4,2.885376727573596E-9,1.8014978679868352E-14
12730.0,0.9999030429998764,9.69568256213199E-5,1.7450131825467572E-10,8.735685049540199E-16
11957.0,0.9999151798868435,8.482003714049499E-5,7.601378966429253E-11,2.145252945837764E-15
11411.0,0.9999159086259941,8.409125145185655E-5,1.2255207967256373E-10,1.8939316723416126E-15
11648.0,0.9998363190768212,1.6368065984747495E-4,2.6331295094418495E-10,1.8523648126251517E-14
11242.0,0.3425991847827878,0.657351952006767,4.885089477349399E-5,1.2315671682305704E-8
11001.0,0.44659186386888927,0.5531394194262421,2.6871504448075647E-4,1.6603877685040042E-9
11072.0,0.9995982282906795,4.017672619128888E-4,4.447280827470742E-9,1.2680659705044688E-13
11562.0,4.318700829032663E-6,0.9695016177024783,0.03048956133765551,4.50225903726157E-6
11321.0,5.504877349999172E-4,0.993373329210758,0.005792970414316559,2.832126399255185E-4
11807.0,0.9999058012840438,9.419860619884032E-5,1.0975058258671418E-10,6.91898326334179E-15
12560.0,0.9999078921110741,9.210777134263091E-5,1.175780875990034E-10,5.138244636000076E-15
12291.0,0.8708764205624752,0.12912326297005855,3.1644949562859906E-7,1.7970665693405655E-11
12044.0,0.9999284516407599,7.154827173778913E-5,8.749892637102436E-11,3.4121334708895312E-15
11183.0,0.9999049645258646,9.503534714359909E-5,1.2698766177815928E-10,3.9602971861871684E-15
11717.0,0.999727229955211,2.7276964152433394E-4,4.03255227710062E-10,9.250554951552672E-15
11478.0,0.9996729565518409,3.270428850368297E-4,5.630353406588212E-10,8.711139173611287E-14
12016.0,1.4216079614503505E-4,0.933259951717234,0.06645415043149551,1.437370551255145E-4
12524.0,0.9406872625891691,0.05930554431179792,7.192424560694695E-6,6.744723640590272E-10
12259.0,0.9996299342579663,3.7006488310961714E-4,8.589086441294801E-10,1.5355059358632213E-14
11149.0,0.9207569774296024,0.07923986443313329,3.158131682747899E-6,5.5813839777250965E-12
11508.0,0.9990586402007224,9.413562836688215E-4,3.5155386742485064E-9,7.018710318132994E-14
11751.0,0.998283381970891,0.0017164314410940444,1.8658556814328314E-7,2.4469000710980182E-12
12225.0,0.7927738681281326,0.20722255736551598,3.5720647478831604E-6,2.441603530961883E-9
12494.0,5.413670085127557E-4,0.9704358905891706,0.029014966302062923,7.776100253772607E-6
11986.0,0.9965501771660411,0.0034498057839958815,1.704856236725175E-8,1.4005960694221061E-12
11106.0,0.021729487045061294,0.9343667524087043,0.043888235301369705,1.552524486476043E-5
11291.0,0.9999058012840438,9.419860619884032E-5,1.0975058258671418E-10,6.91898326334179E-15
11528.0,0.9999151798868435,8.482003714049499E-5,7.601378966429253E-11,2.145252945837764E-15
12078.0,0.9630099065725892,0.03698926293864109,8.304605186243758E-7,2.8251108188975233E-11
12321.0,0.0702914157601564,0.9295617918335798,1.4656065865200406E-4,2.317476118782745E-7
12594.0,0.9999063109563237,9.368889757984286E-5,1.460838269139434E-10,1.2622215911216814E-14
11837.0,0.4224525435036281,0.5775455511143532,1.9014078742863618E-6,3.974144368056725E-9
10970.0,2.5964800523621178E-5,0.999958564780526,1.546717327290224E-5,3.2456774385328166E-9
11209.0,0.9999159086259941,8.409125145185655E-5,1.2255207967256373E-10,1.8939316723416126E-15
12697.0,0.9999058012840438,9.419860619884032E-5,1.0975058258671418E-10,6.91898326334179E-15
11926.0,0.9997369604221253,2.630393547159996E-4,2.231470694505342E-10,1.172299660279243E-14
12165.0,0.9812614594013518,0.018738333012668633,2.0758293653928607E-7,3.042907405820289E-12
12426.0,0.9993252614521144,6.747372456239265E-4,1.3022425978959665E-9,1.9137155595351652E-14
11683.0,0.9999058012840438,9.419860619884032E-5,1.0975058258671418E-10,6.91898326334179E-15
11440.0,0.995255079490054,0.004744885370887418,3.5136624232090705E-8,2.4344869292013225E-12
11046.0,7.489855240026369E-10,0.2905581921578553,0.5144762820208578,0.1949655250723014
12662.0,0.04929149117239206,0.949842300874508,8.65908394127136E-4,2.9955897276396283E-7
11897.0,0.9681574532863224,0.03184179656649082,7.491421262871185E-7,1.0050604031378486E-9
12138.0,6.553779585516907E-6,0.30836254652532213,0.691588798055636,4.21016394562436E-5
12389.0,0.999894255926875,1.0574400466382894E-4,6.845510011598731E-11,6.001477580406841E-15
11596.0,0.985532161555053,0.01446706592650171,7.723561281834855E-7,1.6231712718826601E-10
11359.0,7.221543249697948E-8,0.09650359058113811,0.903494786756251,1.5504471785687033E-6
11012.0,0.3742941236701329,0.6257023007734288,3.5748182665133994E-6,7.381717384545709E-10
12359.0,0.617026956522537,0.3829594782053054,1.3564624655508657E-5,6.475019365956192E-10
12104.0,0.9999063109563237,9.368889757984286E-5,1.460838269139434E-10,1.2622215911216814E-14
11867.0,0.9982560827727036,0.0017439130564483104,4.170689497468135E-9,1.5846333254047543E-13
12628.0,0.9999151798868435,8.482003714049499E-5,7.601378966429253E-11,2.145252945837764E-15
11389.0,0.9999058012840438,9.419860619884032E-5,1.0975058258671418E-10,6.91898326334179E-15
11630.0,0.4132914744078333,0.5866025931186754,1.0592764287920644E-4,4.830612219806049E-9
11243.0,0.006454177490655386,0.978071717149357,0.015436784070714069,3.7321289273329124E-5
11000.0,0.9999284516407599,7.154827173778913E-5,8.749892637102436E-11,3.4121334708895312E-15
12456.0,0.9915906113471562,0.008409197224010118,1.914138382736502E-7,1.499568533698164E-11
12199.0,0.999747855912503,2.5214373941178725E-4,3.480289968788432E-10,5.606925469327221E-14
11956.0,0.9999030429998764,9.69568256213199E-5,1.7450131825467572E-10,8.735685049540199E-16
12731.0,0.13972524734724923,0.8595121089309794,7.622730651754678E-4,3.7065659592273074E-7
11410.0,3.625706055744848E-14,6.377035090278847E-4,0.9902021560677411,0.009160140423194697
11649.0,0.9851574200342447,0.01484254413442512,3.5827801843400606E-8,3.5285030364690905E-12
11834.0,0.7321415055578381,0.2678209984135765,3.7492297619859916E-5,3.730965564791276E-9
12597.0,0.9990105902813031,9.89400973800525E-4,8.744642755408803E-9,2.5356918291486277E-13
12326.0,5.184312385596637E-9,0.870720445735366,0.12202359940920181,0.007255949671119717
12073.0,0.998134939101592,0.0018650589934901373,1.9048334618972074E-9,8.438309855510885E-14
11535.0,0.9929956044987686,0.00700438853442152,6.9660959136174866E-9,7.141048257190623E-13
11292.0,0.9999284516407599,7.154827173778913E-5,8.749892637102436E-11,3.4121334708895312E-15
11109.0,0.961006707256631,0.03894387758484385,4.941514211365815E-5,1.6411603447507328E-11
11989.0,0.08883723686235913,0.9100719609168404,0.001088451177024381,2.3510437760602613E-6
12489.0,0.9970375947218851,0.0029623932409689442,1.2037066210304224E-8,7.973237318082776E-14
12230.0,0.9999030429998764,9.69568256213199E-5,1.7450131825467572E-10,8.735685049540199E-16
11744.0,0.9995734112225834,4.265869578817479E-4,1.8195037424340957E-9,3.123974026768309E-14
11507.0,0.6975831242305743,0.3023942163654549,2.2659353724239716E-5,5.024663449316554E-11
11146.0,0.9880203904932184,0.011978630134891937,9.793087417382563E-7,6.314785006149198E-11
12260.0,0.9999159086259941,8.409125145185655E-5,1.2255207967256373E-10,1.8939316723416126E-15
12523.0,0.998535067095061,0.0014649277486405037,5.156237338240101E-9,6.115733775628878E-14
12023.0,0.004791247971849688,0.9950866212230347,1.2212700063820553E-4,3.804477410002948E-9
11473.0,0.9936066995910552,0.006393274209331569,2.6198072281181663E-8,1.5409351942447192E-12
11714.0,0.9537901621002409,0.04620970414583169,1.3374348699889613E-7,1.0440233391753813E-11
11176.0,0.8899003739073198,0.1100963671696602,3.258460478097485E-6,4.6254166694421737E-10
12043.0,0.994285650781977,0.005714316885472052,3.233201202759995E-8,5.391428554195346E-13
12292.0,0.9996361041905008,3.6389497046880056E-4,8.389533160722879E-10,7.727399952386544E-14
12567.0,2.0416832641390322E-4,0.9996781948045735,1.1679302902291424E-4,8.438399895152753E-7
11800.0,0.9980330623009855,0.0019669362551529603,1.4437421288274152E-9,1.1920085209660846E-13
11326.0,0.9928526064060124,0.007147363459266739,3.0123821012253984E-8,1.0899813023792653E-11
11565.0,6.517452580964326E-7,0.4906746088461464,0.503336676879222,0.0059880625293734936
11079.0,0.9997122322386779,2.8776755586675407E-4,2.0544803566051562E-10,7.379693711611276E-15
11654.0,0.9159042888422047,0.08408915681213693,6.553751669781355E-6,5.939886002919662E-10
11413.0,0.9691586205715401,0.03082096247943328,2.0414616993118134E-5,2.332033234905678E-9
12732.0,0.027170648450115416,0.9646791624830169,0.00813261309967883,1.757596718879842E-5
11955.0,0.9999151798868435,8.482003714049499E-5,7.601378966429253E-11,2.145252945837764E-15
12192.0,0.9999151798868435,8.482003714049499E-5,7.601378966429253E-11,2.145252945837764E-15
12463.0,0.9999058012840438,9.419860619884032E-5,1.0975058258671418E-10,6.91898326334179E-15
11007.0,0.006437910304066812,0.9935382438453274,2.3681459573206916E-5,1.6439103261161453E-7
11244.0,0.9984941540408648,0.001505845214785676,7.441678613829795E-10,1.8185693378839086E-13
11625.0,0.14102405308756585,0.8589756469038052,2.992034591769891E-7,8.051699056017424E-10
11386.0,1.9467311719246144E-8,0.9873335242187303,0.01250788122342881,1.5857509052906598E-4
12627.0,0.9999049645258646,9.503534714359909E-5,1.2698766177815928E-10,3.9602971861871684E-15
11868.0,2.5969970846085307E-18,1.9516080860217965E-8,0.8938509303238836,0.10614905016003534
12111.0,0.9996992739877999,3.007255776255293E-4,4.3456459811649234E-10,9.780461218276485E-15
12352.0,0.9756234554137405,0.02437632781390207,2.167554560690823E-7,1.6901336690871303E-11
11011.0,0.9999058012840438,9.419860619884032E-5,1.0975058258671418E-10,6.91898326334179E-15
11352.0,0.9999063109563237,9.368889757984286E-5,1.460838269139434E-10,1.2622215911216814E-14
11595.0,0.9995522143524833,4.4778473020257577E-4,9.172706381062786E-10,4.344917534336037E-14
12386.0,0.28811252477386295,0.7114603723427256,4.270957763304655E-4,7.10708103351858E-9
12141.0,0.7249072866178006,0.2750907083994969,2.0044664259345383E-6,5.162766887662084E-10
11902.0,0.9994515452378093,5.484444937908047E-4,1.0268056154118688E-8,3.4367505707555117E-13
12657.0,0.20479757931335885,0.7951633548275008,3.90605755498152E-5,5.283590570951817E-9
11041.0,0.8823427933551323,0.11765704565440263,1.6097715888766678E-7,1.3306079816526727E-11
11447.0,5.471887800620673E-5,0.9985012030177184,0.0014266860436459312,1.739206062949371E-5
11684.0,0.11780936702964058,0.8734373348520091,0.00871137107790834,4.192704044218452E-5
12429.0,0.9999284516407599,7.154827173778913E-5,8.749892637102436E-11,3.4121334708895312E-15
12162.0,0.9999058012840438,9.419860619884032E-5,1.0975058258671418E-10,6.91898326334179E-15
11921.0,0.9999078921110741,9.210777134263091E-5,1.175780875990034E-10,5.138244636000076E-15
12702.0,1.5568778893180598E-4,0.9846772968794842,0.015122940437150192,4.4074894433707124E-5
11214.0,0.028899024214395677,0.9592525597306851,0.011847988516972288,4.2753794705935334E-7
10973.0,0.9991998234593757,8.001670946850162E-4,9.445200584538976E-9,7.385774238473677E-13
11108.0,0.006243668079703492,0.9937313775822672,2.489768571582291E-5,5.6652313479371005E-8
12596.0,0.9998885757569346,1.1142408910887204E-4,1.539529801799467E-10,3.4870723730764333E-15
11835.0,0.9998952548384042,1.0474504849326056E-4,1.1309508955785552E-10,7.508636901802222E-15
12072.0,0.9732160245772249,0.026783951931407184,2.3486514250204732E-8,4.853468525669831E-12
12327.0,0.9995202435125637,4.7975583483921556E-4,6.525700494632721E-10,2.6818154784225528E-14
11534.0,0.999282624759437,7.173589771977578E-4,1.625741674335735E-8,5.948618288634725E-12
11293.0,0.980056878223952,0.01994215733820513,9.642543365112117E-7,1.8350637886499888E-10
11147.0,0.9989530385216348,0.001046956996297434,4.481159723068097E-9,9.080441514702442E-13
11988.0,0.0102302865489275,0.9858981013352566,0.003869448954162137,2.163161653663735E-6
12231.0,0.5180754155871798,0.481923987330266,5.959542024471846E-7,1.128351753463194E-9
12488.0,0.9925629197876632,0.007437062287571291,1.7924715167517384E-8,5.024897831426477E-14
11745.0,0.9537903384482935,0.046208679843286665,9.803709554440892E-7,1.3374644171567737E-9
11506.0,0.999894255926875,1.0574400466382894E-4,6.845510011598731E-11,6.001477580406841E-15
11177.0,0.9997627749317964,2.3722478975318312E-4,2.7844552707957986E-10,4.875309443925252E-15
12522.0,0.999894255926875,1.0574400466382894E-4,6.845510011598731E-11,6.001477580406841E-15
12261.0,0.09675578355148233,0.9032264963286547,1.7715287396076283E-5,4.832466695345944E-9
12022.0,0.9973041974607042,0.0026957982311679105,4.307754535409448E-9,3.733584745991087E-13
11472.0,0.9875378789665524,0.012462099213881509,2.18194489593939E-8,1.1694096991658728E-13
11715.0,0.9574379146521427,0.04254318098864645,1.890412040564012E-5,2.3880519763168895E-10
11078.0,0.8643679284175355,0.13563142896371436,6.425833406992716E-7,3.540934934543607E-11
12293.0,0.9999151798868435,8.482003714049499E-5,7.601378966429253E-11,2.145252945837764E-15
12042.0,0.9074473122401829,0.09254808727462381,4.600143151969385E-6,3.4204118415729636E-10
11801.0,0.998341068184171,0.0016589239228489577,7.892427986663648E-9,5.521540489846652E-13
12566.0,0.9976223197315928,0.002377467953049681,2.1231491173788002E-7,4.458254782089773E-13
11327.0,0.9997731441166181,2.2685549772769533E-4,3.8564103529037863E-10,1.3062567489135621E-14
11564.0,6.843151233503474E-11,0.01781302063792885,0.7775204279795775,0.2046665513140621
11006.0,0.08719533493138275,0.9041869187990668,0.008617094850008014,6.514195425526196E-7
11245.0,3.7782677530992257E-7,0.5673521840086699,0.43120565857734294,0.00144177958721192
11655.0,0.9939819675609542,0.006017991422104141,4.101172061741414E-8,5.221089699633458E-12
11412.0,0.68666940088473,0.3133255628267376,5.035801372688027E-6,4.871596760205311E-10
11954.0,0.983996354971244,0.015997169301394686,6.474899770239024E-6,8.27591232833312E-10
12733.0,0.9998679656629357,1.3203367421904956E-4,6.627908600433158E-10,5.434707383458162E-14
12462.0,0.5014736411429251,0.4985172841721397,9.071912959212298E-6,2.7719758487030727E-9
12193.0,0.9340903049048364,0.06590728476657141,2.4102823073615153E-6,4.628497699653547E-11
11010.0,0.9999049645258646,9.503534714359909E-5,1.2698766177815928E-10,3.9602971861871684E-15
11624.0,0.996035145734274,0.003964729485518188,1.247764164666142E-7,3.79109250398781E-12
11387.0,0.8920214213462199,0.10796401513083369,1.4563422739810804E-5,1.002064222892471E-10
11869.0,0.011839112835331072,0.9881269560213791,3.390619177191877E-5,2.4951517811331662E-8
12626.0,0.9998737531687701,1.2624676398502116E-4,6.72367704249763E-11,7.988299867895309E-15
12353.0,0.19840224195449743,0.8005658644194653,0.0010316594606028827,2.341654341995626E-7
12110.0,0.97441191809658,0.025582621784046397,5.460102039929427E-6,1.7333629654311995E-11
11040.0,0.9997059515536828,2.9404808087492176E-4,3.654379324792755E-10,4.383855073608446E-15
11353.0,0.9970076100655119,0.002992383354536697,6.579615536495338E-9,3.3579451259645813E-13
11594.0,6.314894844442036E-4,0.9981353262035831,0.0012191964169510309,1.3987895021671689E-5
12140.0,9.344544528300708E-6,0.8750020869961582,0.12493869257939505,4.9875879918412784E-5
12387.0,1.368577433270967E-7,0.38530747693910555,0.4023917279033526,0.21230065829979866
12656.0,3.7597161608205117E-8,0.028325144924138335,0.9716143993870828,6.041809161725754E-5
11903.0,8.515328234750269E-9,0.9094084618167314,0.0886490451894342,0.0019424844785060492
11215.0,0.9739442696161317,0.026053051692504756,2.6785751316099067E-6,1.1623209519826502E-10
10972.0,0.9980943277283368,0.001905670364445086,1.907133507383408E-9,8.448940822609765E-14
11446.0,0.9999078921110741,9.210777134263091E-5,1.175780875990034E-10,5.138244636000076E-15
11685.0,0.9999078921110741,9.210777134263091E-5,1.175780875990034E-10,5.138244636000076E-15
12163.0,0.17202890747458344,0.8279528547298541,1.82367231475207E-5,1.0724149458865685E-9
12428.0,0.010442470440567009,0.9895157634153584,4.1764991815479784E-5,1.1522589974216627E-9
12703.0,0.9999159086259941,8.409125145185655E-5,1.2255207967256373E-10,1.8939316723416126E-15
11920.0,0.9998656249196058,1.3437487734870024E-4,2.030381878977604E-10,7.119918766507042E-15
12491.0,0.9009412394150874,0.09905720537298511,1.5549443478673325E-6,2.675796094213438E-10
12228.0,5.115604534485148E-4,0.9338224980115301,0.058045513425562384,0.007620428109458885
11991.0,0.9532371054233352,0.04676222263531999,6.719242358240377E-7,1.7108927782432485E-11
12760.0,0.808069687041083,0.19192942153603573,8.913454443488052E-7,7.743690867748728E-11
11505.0,3.8340072271383625E-4,0.9994879375126259,1.2809207218188257E-4,5.696924782708271E-7
11746.0,0.9301294430610498,0.06986943871939892,1.1181680575908315E-6,5.149372719618969E-11
11144.0,0.9543913731394581,0.0456083587142791,2.6800209285351797E-7,1.4416999816575261E-10
12324.0,0.9993847363606105,6.15262511345875E-4,1.1279973100852811E-9,4.62117195332798E-14
12075.0,0.9959051243177078,0.0040948297207176396,4.5955327749440205E-8,6.246847583352076E-12
11832.0,0.9934979676735124,0.006501945445377126,8.687607909246912E-8,5.031473694335779E-12
12599.0,0.599165343053324,0.40074728084484756,8.725512535116354E-5,1.2097647747834142E-7
11294.0,0.9999049645258646,9.503534714359909E-5,1.2698766177815928E-10,3.9602971861871684E-15
11533.0,0.9991832932880361,8.166909033623384E-4,1.580723771120402E-8,1.363829067958439E-12
11111.0,0.999894255926875,1.0574400466382894E-4,6.845510011598731E-11,6.001477580406841E-15
12565.0,8.160129243673265E-18,0.0011051385849077846,0.9893973165888319,0.009497544826260357
11802.0,0.9228251461351813,0.07717459178208139,2.620546993865584E-7,2.803806098699917E-11
12041.0,0.9998679656629357,1.3203367421904956E-4,6.627908600433158E-10,5.434707383458162E-14
12294.0,0.9987418490616569,0.0012581309995716736,1.9936632247115378E-8,2.139208146462553E-12
11567.0,0.931256608032619,0.0687430501542118,3.4174196193693253E-7,7.120719653103146E-11
11324.0,0.9999078921110741,9.210777134263091E-5,1.175780875990034E-10,5.138244636000076E-15
11077.0,0.9993137045031253,6.862930025685768E-4,2.494157080287966E-9,1.491604575109286E-13
12021.0,1.915174935080466E-12,0.023554724973093476,0.021644893258079022,0.9548003817669123
12262.0,5.243515358220338E-6,0.3576113232237236,0.634380987894775,0.008002445366143248
12521.0,0.7713842848481135,0.2286097495542942,5.965523536173828E-6,7.405629164842392E-11
11712.0,0.9999049645258646,9.503534714359909E-5,1.2698766177815928E-10,3.9602971861871684E-15
11475.0,0.9997590232625416,2.409761825018066E-4,5.548763155201846E-10,8.003675438885012E-14
11178.0,0.9983056418460103,0.00169435622583847,1.92790653394764E-9,2.447644259607639E-13
11384.0,0.9999284516407599,7.154827173778913E-5,8.749892637102436E-11,3.4121334708895312E-15
11627.0,0.6067625604278477,0.39323621217051985,1.2257834609485241E-6,1.6181714536815043E-9
12109.0,0.9999049645258646,9.503534714359909E-5,1.2698766177815928E-10,3.9602971861871684E-15
12354.0,0.036726280068654305,0.9562559510110696,0.007016971483347509,7.974369285639988E-7
12625.0,0.7560205416300416,0.24397873943507153,7.188745639095187E-7,6.032304785683421E-11
11870.0,0.9999151798868435,8.482003714049499E-5,7.601378966429253E-11,2.145252945837764E-15
11009.0,0.9999078921110741,9.210777134263091E-5,1.175780875990034E-10,5.138244636000076E-15
11415.0,0.9777839575019196,0.02221587406227674,1.68431912427155E-7,3.891287623022434E-12
11652.0,0.9997630840301717,2.3691561108697554E-4,3.5872505160179254E-10,1.611786801978789E-14
12194.0,0.9942351537017254,0.005764784225827184,6.207008250024034E-8,2.3648827324207317E-12
12461.0,7.83277213826342E-8,0.8038975068361152,0.17187485977419284,0.024227555061970583
12734.0,0.22380805219569846,0.7761849062886046,7.041502266991859E-6,1.3429764619784073E-11
11953.0,9.568579778984077E-10,0.999778452582861,2.2148743723228833E-4,5.902304875024227E-8
11246.0,0.9999030429998764,9.69568256213199E-5,1.7450131825467572E-10,8.735685049540199E-16
11005.0,0.9708133499023858,0.02918659123793429,5.884372059913358E-8,1.5959202420436163E-11
11686.0,0.9999049645258646,9.503534714359909E-5,1.2698766177815928E-10,3.9602971861871684E-15
11445.0,0.9990822659460776,9.177324856763349E-4,1.5682242327206618E-9,2.180425011021425E-14
11923.0,0.9977814848312843,0.002218508280010659,6.8886586158564965E-9,4.6444776581136967E-14
12700.0,0.9998739561379313,1.2604371192130148E-4,1.501433437925428E-10,3.983143368392575E-15
12431.0,0.9999049645258646,9.503534714359909E-5,1.2698766177815928E-10,3.9602971861871684E-15
12160.0,0.9999030429998764,9.69568256213199E-5,1.7450131825467572E-10,8.735685049540199E-16
10975.0,2.1068256505953023E-7,0.47819509502903673,0.5217171116088205,8.758267957774071E-5
11212.0,1.8993164696214714E-4,0.9837557305308994,0.015998943799421884,5.539402271666208E-5
11593.0,0.9997960865044524,2.0391315443935216E-4,3.411051906820931E-10,3.0098996556293847E-15
11354.0,0.9256835585233121,0.07431558469492984,8.564217620059027E-7,3.599960098670599E-10
11900.0,0.9814301802042613,0.01856952683517314,2.9294558774683304E-7,1.4977691645914096E-11
12659.0,0.9996502925672012,3.4970716025572307E-4,2.72524602780317E-10,1.870261186319722E-14
12384.0,0.6744086598121406,0.32558966059228805,1.6794775784802765E-6,1.179929381940367E-10
12143.0,0.014108877708929896,0.985876506143537,1.4613141615216177E-5,3.005917886830957E-9
11043.0,0.5981813116127775,0.40180639040627036,1.2295969673207498E-5,2.0112789019225784E-9
11145.0,0.9999058012840438,9.419860619884032E-5,1.0975058258671418E-10,6.91898326334179E-15
12229.0,0.9981358709911928,0.0018641219479519108,7.060324354904401E-9,5.310039665896305E-13
12490.0,0.9995734112225834,4.265869578817479E-4,1.8195037424340957E-9,3.123974026768309E-14
12761.0,6.41092572543655E-7,0.8549432345014129,0.14361497868282852,0.0014411457231860503
11990.0,0.9999049645258646,9.503534714359909E-5,1.2698766177815928E-10,3.9602971861871684E-15
11504.0,0.13297236758472872,0.866333111100425,6.941542798571468E-4,3.6703498918026483E-7
11747.0,0.37125688259443834,0.6287279255284984,1.5191269164617848E-5,6.078987394552375E-10
11110.0,0.8848977396664434,0.11506519365257711,3.706005415478019E-5,6.626824842051316E-9
12074.0,0.999894255926875,1.0574400466382894E-4,6.845510011598731E-11,6.001477580406841E-15
12325.0,0.8687143558194712,0.13128203671477198,3.6074074529035037E-6,5.830395438500136E-11
12598.0,0.9969398590560751,0.003060137087219883,3.856495439429537E-9,2.0958880073647078E-13
11833.0,0.9295180083762484,0.07048112060365681,8.710022470012576E-7,1.7847707168152625E-11
11295.0,0.4758384118579633,0.5241442845021473,1.7297693885184686E-5,5.946004318216096E-9
11532.0,0.9955015765700503,0.004498202927977417,2.2050156566534714E-7,4.064036186594082E-13
11076.0,0.972551933012453,0.027448036983088935,3.000365244381415E-8,8.056717938475864E-13
11803.0,0.020834470514909158,0.9791553287665782,1.0199422816464691E-5,1.2956960758345102E-9
12564.0,0.9999063109563237,9.368889757984286E-5,1.460838269139434E-10,1.2622215911216814E-14
12295.0,0.9999030429998764,9.69568256213199E-5,1.7450131825467572E-10,8.735685049540199E-16
12040.0,0.9914385054068657,0.008561471730687399,2.2862204011027703E-8,2.4285706891766766E-13
11566.0,0.011773854979279443,0.988109011003939,1.1713007040235698E-4,3.946379088038473E-9
11325.0,0.9999058012840438,9.419860619884032E-5,1.0975058258671418E-10,6.91898326334179E-15
11179.0,0.16338439568852806,0.8366006256583972,1.4971353528807524E-5,7.299545690802246E-9
12020.0,0.007569346516211825,0.9923535419009567,7.708492093531398E-5,2.666189607500814E-8
12520.0,0.9794895828463775,0.020510216464648505,2.0068234432914268E-7,6.629598082679726E-12
12263.0,0.8361283174057493,0.16372025532192888,1.5098601144496236E-4,4.4126087679665415E-7
11713.0,0.9987745951737363,0.0012253968740626457,7.951472569108195E-9,7.284384553823034E-13
11474.0,0.9802227489930334,0.01977250838765876,4.742611366240581E-6,7.941492729801646E-12
11008.0,0.9994611778453039,5.388211960496019E-4,9.585939929718981E-10,5.267133599094432E-14
11385.0,0.9999030429998764,9.69568256213199E-5,1.7450131825467572E-10,8.735685049540199E-16
11626.0,0.9999078921110741,9.210777134263091E-5,1.175780875990034E-10,5.138244636000076E-15
12355.0,0.9999044463909794,9.555349684797384E-5,1.1216540931047736E-10,7.30699142827398E-15
12108.0,0.3297143980034295,0.6702589042225201,2.6678872094782407E-5,1.8901955613205265E-8
11871.0,0.9999030429998764,9.69568256213199E-5,1.7450131825467572E-10,8.735685049540199E-16
12624.0,0.8471723457524031,0.15282150341903103,6.1508125853640716E-6,1.5980250517921603E-11
11247.0,0.9999151798868435,8.482003714049499E-5,7.601378966429253E-11,2.145252945837764E-15
11004.0,0.9839585135589424,0.016041385684858533,1.0074490941168894E-7,1.1289577896263243E-11
11414.0,0.0048569087140108895,0.9845140657629599,0.010410837928374814,2.181875946543191E-4
11653.0,0.35487913025308476,0.6451120048741056,8.838711453150368E-6,2.6161356505360664E-8
12460.0,0.999241156466716,7.58825663661378E-4,1.786873919882918E-8,8.834431490584721E-13
12195.0,0.9657216442978933,0.03427766013759948,6.955472778305309E-7,1.7229577195120697E-11
