11477.0,0.9949324324324326,0.0016891891891891895,0.0016891891891891895,0.0016891891891891895
11718.0,0.9967734766248582,0.003111693367907924,5.741500361696774E-5,5.741500361696774E-5
12256.0,0.003032043692025405,0.40250501832150815,0.5846534249070592,0.00980951307940723
12527.0,0.9990690544849626,7.385378210023082E-4,9.620384701749907E-5,9.620384701749907E-5
12019.0,0.8056242988866813,0.1943756558613185,5.518536632583779E-10,4.470014672392861E-8
11180.0,0.9732142857142858,0.00892857142857143,0.00892857142857143,0.00892857142857143
11322.0,0.1452145214521452,0.77007700770077,0.04235423542354235,0.04235423542354235
11561.0,0.9116161616161615,0.03787878787878788,0.025252525252525252,0.025252525252525252
12047.0,0.7653985507246376,0.171195652173913,0.03170289855072463,0.03170289855072463
12288.0,0.9685394021877918,0.03145964414820543,1.5635072829807514E-7,7.973132744738087E-7
12563.0,0.9199327217608971,0.05904853649034306,0.010509370874379908,0.010509370874379908
11804.0,0.11228682388698147,0.7294422243485112,0.13688298530984408,0.02138796645466314
11075.0,0.9901952460091705,0.009802383553343556,2.2933128012491178E-6,7.712468462585879E-8
11531.0,0.9685394021877918,0.03145964414820543,1.5635072829807514E-7,7.973132744738087E-7
11288.0,0.0061755458629500935,0.4905114050486241,0.45836328198086795,0.044949767107557784
11838.0,1.2548604875344644E-4,0.9671147944178732,0.03008268382663325,0.002677035706740191
12593.0,0.9732142857142858,0.00892857142857143,0.00892857142857143,0.00892857142857143
12322.0,0.9912013716803186,0.008787295761275132,5.6662792030290646E-6,5.6662792030290646E-6
12077.0,0.9933270946150929,0.006651816343554556,1.0544520676275539E-5,1.0544520676275539E-5
11105.0,0.3764172033691152,0.6214454421382642,0.0021341054475977365,3.2490450228198624E-6
11748.0,0.984693244059173,0.012130714362326881,0.0015880207892500643,0.0015880207892500643
11511.0,0.6711743966328035,0.326393668294336,0.0012159675364302137,0.0012159675364302137
11985.0,0.7042253521126759,0.12676056338028166,0.08450704225352111,0.08450704225352111
12493.0,0.02554891915753535,0.7676407708581182,0.2047537917994443,0.002056518184902086
12226.0,0.8780628719358217,0.12193707528087677,5.278330146688615E-9,4.750497132019754E-8
11150.0,0.9214261572901357,0.0785711066268023,2.9872420076039133E-7,2.4373588612265774E-6
12390.0,0.9895330979038988,0.010432062342978311,1.7419876561525686E-5,1.7419876561525686E-5
12137.0,0.9742987570261975,0.020526783073918902,0.0025872299499418616,0.0025872299499418616
11898.0,0.9684162814602395,0.030397101134885772,5.93308702437327E-4,5.93308702437327E-4
12661.0,0.9925286862935649,0.007471311699341076,2.4476754615764702E-11,1.982617123876941E-9
11356.0,0.9759600888619916,0.0238796882479409,8.011144503374233E-5,8.011144503374233E-5
11599.0,0.08474835294602177,0.66239784283331,0.2484371752113433,0.004416629009324856
11045.0,0.9987837208027387,0.0012111340553545393,4.5803093921427E-6,5.648325144719056E-7
12425.0,0.9976254852007758,0.0022411173569025426,6.669872116086035E-5,6.669872116086035E-5
12166.0,0.9865428414661394,0.013447239840868071,4.959346496291376E-6,4.959346496291376E-6
11925.0,0.01144943911422992,0.9388482747955309,0.04458163526249292,0.00512065082774619
12698.0,0.9858607097238146,0.01412707359751938,1.2051548950075441E-5,1.651297158714899E-7
11443.0,0.5393053828319782,0.4605452899389044,1.4343136128317093E-4,5.895867834217967E-6
11680.0,0.9967734766248582,0.003111693367907924,5.741500361696774E-5,5.741500361696774E-5
11210.0,0.8941831683168315,0.05012376237623763,0.027846534653465344,0.027846534653465344
10969.0,0.9021925643469972,0.06177311725452814,0.01801715919923737,0.01801715919923737
12728.0,0.9996683384423929,3.133643886427544E-4,9.148584482172384E-6,9.148584482172384E-6
11959.0,0.2536207685739779,0.6761619733058666,0.04617025191462282,0.02404700620553272
12196.0,1.5540999463671377E-4,0.9998440840187575,5.052840299977705E-7,7.025757939689155E-10
12459.0,0.8431268490385149,0.1568551847422284,4.083530182519814E-6,1.3882689074230498E-5
11650.0,0.23586267301727296,0.7637975285185523,5.919070021108037E-5,2.806077639636402E-4
11409.0,0.9625202793673063,0.03747971613145746,5.4893123371639386E-11,4.44634299310279E-9
11003.0,0.35285209972634957,0.625463301324537,0.02159684099066961,8.775795844381336E-5
11240.0,0.9865428414661394,0.013447239840868071,4.959346496291376E-6,4.959346496291376E-6
12631.0,0.8779710599174634,0.015044663845792195,0.05349213811837225,0.05349213811837225
11864.0,0.007333306873072154,0.6928391000768604,0.2993749197862976,4.5267326376988604E-4
12107.0,0.0034086083804018546,0.7782800539530049,0.21773072240684163,5.806152597515776E-4
12356.0,0.9974352179039152,2.1983846537869636E-4,0.0011724718153530472,0.0011724718153530472
11629.0,0.6392531286215352,0.36072533656207795,1.7308397168841263E-5,4.226419217937429E-6
11390.0,0.9933482287423467,0.0066499860579824375,1.714714861155403E-6,7.048480962808696E-8
11015.0,0.6329501548715013,0.3615364924299762,0.005433966527144116,7.938617137826262E-5
11181.0,0.9967734766248582,0.003111693367907924,5.741500361696774E-5,5.741500361696774E-5
11476.0,0.1410151591031364,0.26254299378071566,0.5807734961046883,0.015668351011459598
11719.0,0.9996683384423929,3.133643886427544E-4,9.148584482172384E-6,9.148584482172384E-6
12526.0,0.9963494341378979,0.003617700180927355,1.643284058741361E-5,1.643284058741361E-5
12257.0,0.034365401188290866,0.9625729835297315,0.003020232212532584,4.138306944505294E-5
12018.0,0.9758922979579592,0.024086500069526433,2.119709902647528E-5,4.873487942221484E-9
11074.0,0.984693244059173,0.012130714362326881,0.0015880207892500643,0.0015880207892500643
11323.0,0.9993512667799926,5.768379434648404E-4,3.594763827122038E-5,3.594763827122038E-5
11560.0,0.08541392904073587,0.7095926412614979,0.15374507227332457,0.05124835742444153
12289.0,0.9178250156119541,0.08169962319054358,4.753363844584324E-4,2.481304390788973E-8
12046.0,0.9351123720180092,0.06485047701100535,3.6982062201837965E-5,1.689087836766698E-7
11805.0,0.8431268490385149,0.1568551847422284,4.083530182519814E-6,1.3882689074230498E-5
12562.0,0.9949324324324326,0.0016891891891891895,0.0016891891891891895,0.0016891891891891895
11104.0,0.9358460703322274,0.06412610969247168,2.6219391777722908E-5,1.6005835232895987E-6
11530.0,0.9759600888619916,0.0238796882479409,8.011144503374233E-5,8.011144503374233E-5
11289.0,0.9988420652305597,2.6517590139852015E-5,5.657085896501764E-4,5.657085896501764E-4
12592.0,0.942785415823953,0.05720611879468759,8.434745796759343E-6,3.063556257347999E-8
11839.0,0.007745021009976117,0.9919020447436444,3.529092404843329E-4,2.500589523731705E-8
12076.0,0.996781620075659,0.0013793056818604398,9.195371212402932E-4,9.195371212402932E-4
12323.0,0.9999853406650265,1.4658272944275647E-5,1.0596172780634513E-9,2.4120266498301055E-12
11151.0,0.9955986461881667,0.004389892952941482,1.1391898658262737E-5,6.896023357535302E-8
11749.0,0.9949324324324326,0.0016891891891891895,0.0016891891891891895,0.0016891891891891895
11510.0,0.9489243396597346,0.05107248541574114,1.587462262231491E-6,1.587462262231491E-6
11984.0,0.031882332936575414,0.18593776568610787,0.6801564359802754,0.10202346539704132
12227.0,0.8643687973535376,0.10585849962650733,0.014886351509977592,0.014886351509977592
12492.0,0.9906715513888126,0.00911823971185247,1.0510444966746254E-4,1.0510444966746254E-4
11044.0,0.9625202793673063,0.03747971613145746,5.4893123371639386E-11,4.44634299310279E-9
12136.0,0.4999996334456105,0.4999996334456105,1.1172032597684283E-10,7.329970587340659E-7
12391.0,0.9991469439215347,1.953563538469932E-5,4.1676022154025214E-4,4.1676022154025214E-4
12660.0,0.9990831657578109,7.273430641314317E-4,9.474558902883939E-5,9.474558902883939E-5
11899.0,0.03897568632419616,0.5805216084451428,0.38049676472062843,5.940510032646877E-6
11357.0,0.9615384615384616,0.019230769230769232,0.009615384615384616,0.009615384615384616
11598.0,0.8259546519725145,0.17323063092836857,8.146546658929645E-4,6.243322394171359E-8
11211.0,0.7159962477217402,0.28398785647179825,7.613309449861352E-6,8.28249701168952E-6
10968.0,0.9933482287423467,0.0066499860579824375,1.714714861155403E-6,7.048480962808696E-8
12167.0,0.6832390277257863,0.31625650618656564,4.5401947888326557E-4,5.0446608764807286E-5
12424.0,0.9963060426230856,5.832564279338323E-4,0.0015553504744902197,0.0015553504744902197
12699.0,0.8391121790628099,0.15494101399331595,0.0029734034719370605,0.0029734034719370605
11924.0,0.909827189376358,0.090172805905248,5.754138960371322E-11,4.660852557900771E-9
11442.0,0.9949324324324326,0.0016891891891891895,0.0016891891891891895,0.0016891891891891895
11681.0,0.9963494341378979,0.003617700180927355,1.643284058741361E-5,1.643284058741361E-5
11002.0,0.9906715513888126,0.00911823971185247,1.0510444966746254E-4,1.0510444966746254E-4
11241.0,0.9996683384423929,3.133643886427544E-4,9.148584482172384E-6,9.148584482172384E-6
11958.0,0.9933052232511264,0.003387080726702861,0.0016538480110853807,0.0016538480110853807
12729.0,0.177115673540825,0.7893222880228957,0.03264291966784159,9.191187684375661E-4
12458.0,0.9993512667799926,5.768379434648404E-4,3.594763827122038E-5,3.594763827122038E-5
12197.0,0.9594594594594594,0.02702702702702703,0.006756756756756757,0.006756756756756757
11651.0,0.9812006882110798,0.018799309588549466,2.683378840997646E-11,2.173536861208093E-9
11408.0,0.9727922346829596,0.027207217051039016,5.449670731183056E-7,3.298928280568636E-9
11014.0,0.9949324324324326,0.0016891891891891895,0.0016891891891891895,0.0016891891891891895
11865.0,0.9895330979038988,0.010432062342978311,1.7419876561525686E-5,1.7419876561525686E-5
12630.0,0.9949324324324326,0.0016891891891891895,0.0016891891891891895,0.0016891891891891895
12357.0,0.9230769230769231,0.038461538461538464,0.019230769230769232,0.019230769230769232
12106.0,0.9910609064741669,0.002597511853136551,0.003170790836348328,0.003170790836348328
11628.0,0.90625,0.03125,0.03125,0.03125
11391.0,0.6888445867234667,0.3064325398738461,0.004716251293461749,6.622109225286522E-6
11563.0,0.9996683384423929,3.133643886427544E-4,9.148584482172384E-6,9.148584482172384E-6
11320.0,0.25658821388154845,0.27550949679007614,0.42716468995938506,0.04073759936899044
12561.0,2.8395617588699935E-7,0.46309820888584025,0.21684750349839357,0.32005400365959025
11806.0,0.13778940145782068,0.8619924101554739,2.1739877975339948E-4,7.896069521256126E-7
12045.0,0.6811635971615831,0.3178763453420721,7.200431222584506E-4,2.400143740861502E-4
12290.0,0.006810168058680258,0.6219802773017694,0.34800895747457844,0.023200597164971887
11073.0,0.9917782912888693,0.005452291040013056,0.0013847088355588713,0.0013847088355588713
11716.0,0.9736842105263158,0.008771929824561403,0.008771929824561403,0.008771929824561403
11479.0,0.012881819068995803,0.7614911681467746,0.11281350639211477,0.11281350639211477
12017.0,0.19029536221366958,0.8093337913050812,3.691604088149237E-4,1.6860724340951432E-6
12258.0,1.3844273296582714E-6,0.0740682689942352,0.02917472095582047,0.8967556256226147
12525.0,0.9963494341378979,0.003617700180927355,1.643284058741361E-5,1.643284058741361E-5
11182.0,0.9193548387096775,0.048387096774193554,0.01612903225806452,0.01612903225806452
11509.0,0.8687383752399281,0.13125389764931972,4.599646824539784E-6,3.127463927642837E-6
11750.0,0.9963494341378979,0.003617700180927355,1.643284058741361E-5,1.643284058741361E-5
12495.0,0.02008663220722239,0.805400718397803,0.14091572295497906,0.03359692643999557
12224.0,0.9624169849019335,0.005296935013821448,0.01614304004212251,0.01614304004212251
11987.0,0.948101686203333,0.05171744227847244,1.8086768062045458E-4,3.8375740678065906E-9
11148.0,9.640044532515218E-4,0.5134854779460695,0.45873650570358976,0.02681401189708923
11290.0,0.7411170196482367,0.257338118001832,0.0015447246936030933,1.3765632811838842E-7
11529.0,0.35285209972634957,0.625463301324537,0.02159684099066961,8.775795844381336E-5
12320.0,0.04024895211785874,0.6914717321778934,0.26802370837738043,2.556073268674664E-4
12079.0,0.9963494341378979,0.003617700180927355,1.643284058741361E-5,1.643284058741361E-5
11836.0,0.9944118766894787,0.005523619112937283,3.22520987920286E-5,3.22520987920286E-5
12595.0,0.5915449147819923,0.4084547111930585,3.740249492190855E-8,3.366224542971769E-7
11107.0,0.9990831657578109,7.273430641314317E-4,9.474558902883939E-5,9.474558902883939E-5
11927.0,0.7965639944741864,0.20337452631611136,3.073960485113331E-5,3.073960485113331E-5
12696.0,0.9686124189726004,0.03138209761744407,5.409292107850502E-6,7.411784763398855E-8
12427.0,0.9919798381204743,0.0021873168762343203,0.0029164225016457606,0.0029164225016457606
12164.0,0.9375,0.03125,0.015625,0.015625
11682.0,0.16666666666666666,0.6666666666666666,0.08333333333333333,0.08333333333333333
11441.0,0.01705579871561639,0.9031753884808944,0.044316007113049526,0.03545280569043962
10971.0,0.34546358073025,0.09273467382471755,0.28756161696308563,0.27424012848194673
11208.0,0.0068362663225089515,0.2595778206998088,0.7326245630260795,9.613499516028212E-4
11896.0,0.8158164692716592,0.12822904038049054,0.02797724517392521,0.02797724517392521
12663.0,0.9727922346829596,0.027207217051039016,5.449670731183056E-7,3.298928280568636E-9
12388.0,0.7358035762547309,0.2641123993231528,4.2012211058227255E-5,4.2012211058227255E-5
12139.0,0.909827189376358,0.090172805905248,5.754138960371322E-11,4.660852557900771E-9
11597.0,0.9235133742224535,0.07213896494387538,0.0021738304168355304,0.0021738304168355304
11358.0,0.9961125869567821,0.0038862382507762285,5.873962209039797E-7,5.873962209039797E-7
11047.0,0.9972624803218324,0.0027375138832236526,5.794943990642555E-10,5.215449591578299E-9
12105.0,0.1861719812076758,0.8133200860238518,7.740517654259369E-8,5.078553632959572E-4
12358.0,0.9925868229802172,0.007262318248915298,7.54293854337393E-5,7.54293854337393E-5
12629.0,0.9976254852007758,0.0022411173569025426,6.669872116086035E-5,6.669872116086035E-5
11866.0,0.90625,0.03125,0.03125,0.03125
11388.0,0.9996683384423929,3.133643886427544E-4,9.148584482172384E-6,9.148584482172384E-6
11631.0,0.06441717791411043,0.8640081799591002,0.035787321063394675,0.035787321063394675
11013.0,0.9990831657578109,7.273430641314317E-4,9.474558902883939E-5,9.474558902883939E-5
12198.0,0.9726955845786515,0.010620529336450956,0.008341943042448749,0.008341943042448749
12457.0,0.9934621063930371,0.00565098533398175,4.4345413649061577E-4,4.4345413649061577E-4
12730.0,0.9990690544849626,7.385378210023082E-4,9.620384701749907E-5,9.620384701749907E-5
11957.0,0.9759600888619916,0.0238796882479409,8.011144503374233E-5,8.011144503374233E-5
11411.0,0.9920083412524197,0.006429959450707001,7.808496484366822E-4,7.808496484366822E-4
11648.0,0.9594594594594594,0.02702702702702703,0.006756756756756757,0.006756756756756757
11242.0,0.9021925643469972,0.06177311725452814,0.01801715919923737,0.01801715919923737
11001.0,0.4749127347849833,0.15579512264621373,0.1846460712844015,0.1846460712844015
11072.0,0.9961125869567821,0.0038862382507762285,5.873962209039797E-7,5.873962209039797E-7
11562.0,0.6,0.2,0.1,0.1
11321.0,0.02961725130671362,0.8665959393742535,0.10192271727168024,0.0018640920473525237
11807.0,0.9986177342632656,0.001367047399161662,7.609168786323333E-6,7.609168786323333E-6
12560.0,0.9594594594594594,0.02702702702702703,0.006756756756756757,0.006756756756756757
12291.0,0.8431268490385149,0.1568551847422284,4.083530182519814E-6,1.3882689074230498E-5
12044.0,0.9990831657578109,7.273430641314317E-4,9.474558902883939E-5,9.474558902883939E-5
11183.0,0.9976254852007758,0.0022411173569025426,6.669872116086035E-5,6.669872116086035E-5
11717.0,0.9963060426230856,5.832564279338323E-4,0.0015553504744902197,0.0015553504744902197
11478.0,0.9925286862935649,0.007471311699341076,2.4476754615764702E-11,1.982617123876941E-9
12016.0,0.12395036341310021,0.8703383037752866,0.005708060222876306,3.2725887367272087E-6
12524.0,0.9901952460091705,0.009802383553343556,2.2933128012491178E-6,7.712468462585879E-8
12259.0,0.985298093495856,0.01470182614432599,8.016671235001021E-8,1.931058077524329E-10
11149.0,0.9142857142857144,0.05714285714285715,0.014285714285714287,0.014285714285714287
11508.0,0.9727922346829596,0.027207217051039016,5.449670731183056E-7,3.298928280568636E-9
11751.0,0.9939762127222938,0.005858061356439193,1.656895941046513E-4,3.632716232342825E-8
12225.0,0.2793579330093187,0.7141511614052183,0.006285443222510268,2.054623629526873E-4
12494.0,0.18913147291433335,0.7068159900302265,0.1023099205475905,0.0017426165078495174
11986.0,0.9865428414661394,0.013447239840868071,4.959346496291376E-6,4.959346496291376E-6
11106.0,0.8916998994152862,0.10470573339423492,0.00359246181487141,1.9053756075515878E-6
11291.0,0.9986177342632656,0.001367047399161662,7.609168786323333E-6,7.609168786323333E-6
11528.0,0.9759600888619916,0.0238796882479409,8.011144503374233E-5,8.011144503374233E-5
12078.0,0.9228769897948356,0.06570735841074514,0.008561738845814447,0.002853912948604816
12321.0,0.8639533585924939,0.13516951780534056,8.757902650499457E-4,1.3333371155102207E-6
12594.0,0.9949324324324326,0.0016891891891891895,0.0016891891891891895,0.0016891891891891895
11837.0,0.0010265193554105185,0.9692275750859851,0.009238674198694667,0.02050723135990969
10970.0,0.13100589474503002,0.8689929398179367,1.5964890866798234E-9,1.1638405441895913E-6
11209.0,0.9999971683066907,2.8294210337865395E-6,2.26711494450928E-9,5.160676196577682E-12
12697.0,0.9986177342632656,0.001367047399161662,7.609168786323333E-6,7.609168786323333E-6
11926.0,0.9634533121045081,0.018490023915505666,0.009028331989992998,0.009028331989992998
12165.0,0.9350414055965371,0.06441907672628469,2.6975883858910505E-4,2.6975883858910505E-4
12426.0,0.9684162814602395,0.030397101134885772,5.93308702437327E-4,5.93308702437327E-4
11683.0,0.9895330979038988,0.010432062342978311,1.7419876561525686E-5,1.7419876561525686E-5
11440.0,0.9685394021877918,0.03145964414820543,1.5635072829807514E-7,7.973132744738087E-7
11046.0,0.018331623319938904,0.6179627337400683,0.21094211527383538,0.15276352766615753
12662.0,0.15581524763494717,0.6844741235392321,0.0798553144129104,0.0798553144129104
11897.0,0.9685394021877918,0.03145964414820543,1.5635072829807514E-7,7.973132744738087E-7
12138.0,0.46004996165726736,0.0796897200500482,0.46004996165726736,2.1035663541713184E-4
12389.0,0.9993512667799926,5.768379434648404E-4,3.594763827122038E-5,3.594763827122038E-5
11596.0,0.9775049225491598,0.022251395904157263,2.4365240428140026E-4,2.9142401665222135E-8
11359.0,0.23611109188009533,0.699838505696261,0.06390876700058033,1.4163542306334364E-4
11012.0,3.6311990070110834E-6,0.9999963674375255,1.363467453847377E-9,3.8571026092967084E-17
12359.0,0.8056242988866813,0.1943756558613185,5.518536632583779E-10,4.470014672392861E-8
12104.0,0.9949324324324326,0.0016891891891891895,0.0016891891891891895,0.0016891891891891895
11867.0,0.6,0.3,0.05,0.05
12628.0,0.9967734766248582,0.003111693367907924,5.741500361696774E-5,5.741500361696774E-5
11389.0,0.9986177342632656,0.001367047399161662,7.609168786323333E-6,7.609168786323333E-6
11630.0,0.9309736474125683,0.06650763949758232,7.305343048099658E-4,0.00178817878503936
11243.0,0.37698933943865565,0.4330045051061234,0.18914861497297078,8.575404822501274E-4
11000.0,0.9732142857142858,0.00892857142857143,0.00892857142857143,0.00892857142857143
12456.0,0.8676474865626115,0.13235166146674426,1.1670830742806037E-9,8.508035611505602E-7
12199.0,0.9759600888619916,0.0238796882479409,8.011144503374233E-5,8.011144503374233E-5
11956.0,0.9990690544849626,7.385378210023082E-4,9.620384701749907E-5,9.620384701749907E-5
12731.0,0.03897568632419616,0.5805216084451428,0.38049676472062843,5.940510032646877E-6
11410.0,0.014047790905491962,0.8859197363390068,0.09770267319774752,0.0023297995577536753
11649.0,0.9727922346829596,0.027207217051039016,5.449670731183056E-7,3.298928280568636E-9
11834.0,0.99491588086694,8.027556525883931E-4,0.002140681740235715,0.002140681740235715
12597.0,0.6835443037974683,0.23206751054852318,0.04219409282700422,0.04219409282700422
12326.0,0.0625,0.8125,0.0625,0.0625
12073.0,0.9759267390791544,0.023919342567109075,7.695917686826467E-5,7.695917686826467E-5
11535.0,0.9817938065840215,0.004965325477085022,0.006620433969446697,0.006620433969446697
11292.0,0.9990831657578109,7.273430641314317E-4,9.474558902883939E-5,9.474558902883939E-5
11109.0,0.6049235781038985,0.3949552402595926,1.1168897205678045E-4,9.492664451961457E-6
11989.0,0.5201383026268886,0.44534470239108276,0.030628867976054977,0.0038881270059736885
12489.0,0.9350414055965371,0.06441907672628469,2.6975883858910505E-4,2.6975883858910505E-4
12230.0,0.9990690544849626,7.385378210023082E-4,9.620384701749907E-5,9.620384701749907E-5
11744.0,0.9684162814602395,0.030397101134885772,5.93308702437327E-4,5.93308702437327E-4
11507.0,0.9865428414661394,0.013447239840868071,4.959346496291376E-6,4.959346496291376E-6
11146.0,0.9782988020008648,0.021699831382057447,6.833085388726163E-7,6.833085388726163E-7
12260.0,0.996781620075659,0.0013793056818604398,9.195371212402932E-4,9.195371212402932E-4
12523.0,0.9784364529730125,0.00841504274223897,0.006574252142374194,0.006574252142374194
12023.0,0.00945928338762215,0.9653159609120523,0.012612377850162866,0.012612377850162866
11473.0,0.9311197277201849,0.0680565908761849,6.722535605484208E-4,1.5142784308175552E-4
11714.0,0.25645921964185775,0.7434379156980157,1.028642552046643E-4,4.049219859509575E-10
11176.0,0.9490159579265637,0.05098118357839099,2.8583042748189215E-6,1.9077051533785716E-10
12043.0,0.9925286862935649,0.007471311699341076,2.4476754615764702E-11,1.982617123876941E-9
12292.0,0.9681420748494841,0.019604877015702054,0.006126524067406892,0.006126524067406892
12567.0,0.09722647497519532,0.8720104606771844,0.015381532173810197,0.015381532173810197
11800.0,0.9794359816566139,0.016738154465546835,0.0019129319389196383,0.0019129319389196383
11326.0,0.9820046420444923,0.017995336447107768,2.622975569285572E-10,2.1246102111213133E-8
11565.0,0.6178032795896954,0.38193269530302776,9.42946811703144E-6,2.545956391598489E-4
11079.0,0.9794359816566139,0.016738154465546835,0.0019129319389196383,0.0019129319389196383
11654.0,0.11297071129707112,0.13947001394700137,0.697350069735007,0.050209205020920494
11413.0,0.9317615161546965,0.06810449868217903,1.3337599274923091E-4,6.091703751939851E-7
12732.0,0.27690972877376285,0.7168956376198187,0.006194264384494637,3.6922192400956714E-7
11955.0,0.9967680025946744,0.0014553937304545629,8.88301837435646E-4,8.88301837435646E-4
12192.0,0.953125,0.015625,0.015625,0.015625
12463.0,0.9986177342632656,0.001367047399161662,7.609168786323333E-6,7.609168786323333E-6
11007.0,0.8587662337662337,0.10227272727272727,0.01948051948051948,0.01948051948051948
11244.0,0.9021925643469972,0.06177311725452814,0.01801715919923737,0.01801715919923737
11625.0,0.978627204718653,7.021115374088954E-5,0.010651292063803096,0.010651292063803096
11386.0,0.003691415654563545,0.9872963390950373,0.004506122625199638,0.004506122625199638
12627.0,0.9736842105263158,0.008771929824561403,0.008771929824561403,0.008771929824561403
11868.0,0.15234375,0.68359375,0.08203125,0.08203125
12111.0,0.9963494341378979,0.003617700180927355,1.643284058741361E-5,1.643284058741361E-5
12352.0,0.8431268490385149,0.1568551847422284,4.083530182519814E-6,1.3882689074230498E-5
11011.0,0.9986177342632656,0.001367047399161662,7.609168786323333E-6,7.609168786323333E-6
11352.0,0.9949324324324326,0.0016891891891891895,0.0016891891891891895,0.0016891891891891895
11595.0,0.9977901244405342,3.489277199156381E-4,9.304739197750349E-4,9.304739197750349E-4
12386.0,0.9352551023465046,0.06270607252387608,0.0020387394041542074,8.572546524706671E-8
12141.0,0.6712916877519092,0.3258787082913502,0.0014148019783702765,0.0014148019783702765
11902.0,0.8416462832874878,0.13666142675189416,0.010846144980309062,0.010846144980309062
12657.0,0.9962126392852808,0.003004589510790349,3.9138560196438964E-4,3.9138560196438964E-4
11041.0,0.9489243396597346,0.05107248541574114,1.587462262231491E-6,1.587462262231491E-6
11447.0,0.014047790905491962,0.8859197363390068,0.09770267319774752,0.0023297995577536753
11684.0,0.944936086529007,0.02359882005899705,0.01573254670599803,0.01573254670599803
12429.0,0.9895762009924468,0.0016458630011926074,0.004388968003180287,0.004388968003180287
12162.0,0.9986177342632656,0.001367047399161662,7.609168786323333E-6,7.609168786323333E-6
11921.0,0.9996683384423929,3.133643886427544E-4,9.148584482172384E-6,9.148584482172384E-6
12702.0,0.9031470831340496,0.09645393115007773,2.992392869046167E-4,9.974642896820556E-5
11214.0,0.02629408389450454,0.9091235962780887,0.06387973913558907,7.025806918176847E-4
10973.0,0.9977901244405342,3.489277199156381E-4,9.304739197750349E-4,9.304739197750349E-4
11108.0,0.004599223999242925,0.9463423866754993,0.024529194662628935,0.024529194662628935
12596.0,0.9963494341378979,0.003617700180927355,1.643284058741361E-5,1.643284058741361E-5
11835.0,0.9655172413793104,0.017241379310344827,0.008620689655172414,0.008620689655172414
12072.0,0.7909709187528948,0.11173554524845265,0.04864676799932633,0.04864676799932633
12327.0,0.8025004880195874,0.19744795964396458,2.5776168224030363E-5,2.5776168224030363E-5
11534.0,0.9999363667328839,4.575067345983186E-5,5.08340816220354E-6,1.27991854941809E-5
11293.0,0.9684162814602395,0.030397101134885772,5.93308702437327E-4,5.93308702437327E-4
11147.0,0.9905912022408574,0.009349516205548929,5.328070595650558E-5,6.000847637225531E-6
11988.0,0.46965882548148374,0.44927272057086975,0.01412160165539649,0.06694685229225003
12231.0,0.9901964155137475,0.004959916261819462,0.0024218341122165333,0.0024218341122165333
12488.0,0.8798944126704794,0.07391113066432028,0.023097228332600087,0.023097228332600087
11745.0,0.9197146969065753,0.07733666451034073,0.002943530085889463,5.108497194741283E-6
11506.0,0.9993512667799926,5.768379434648404E-4,3.594763827122038E-5,3.594763827122038E-5
11177.0,0.9774956722446624,0.009644711895144669,0.006429807930096447,0.006429807930096447
12522.0,0.9993512667799926,5.768379434648404E-4,3.594763827122038E-5,3.594763827122038E-5
12261.0,0.6620948247035364,0.024522030544575423,1.1212633993861647E-5,0.3133719321178943
12022.0,0.871406684251805,0.128593254355182,7.486952806758239E-10,6.064431773474173E-8
11472.0,0.9615307550697493,0.0025271766742500355,0.01797103412800025,0.01797103412800025
11715.0,0.8332670388452758,0.1643315032491978,0.002401444695531023,1.3209995407936888E-8
11078.0,0.0022821321030481257,0.9855464966806953,0.006085685608128335,0.006085685608128335
12293.0,0.9930024279749353,0.001104879793431279,0.0029463461158167445,0.0029463461158167445
12042.0,0.9338167658392101,0.06617619696972604,2.2520460232184964E-6,4.785145040532579E-6
11801.0,0.9782988020008648,0.021699831382057447,6.833085388726163E-7,6.833085388726163E-7
12566.0,0.9648382559774965,0.015069318866787218,0.010046212577858146,0.010046212577858146
11327.0,0.9759600888619916,0.0238796882479409,8.011144503374233E-5,8.011144503374233E-5
11564.0,1.4690195961074537E-4,0.29211324750154327,0.2921397780592098,0.4156000724796362
11006.0,0.8215127416876438,0.1748822845908292,0.003604779790342926,1.939311841335054E-7
11245.0,0.011810863940121303,4.374394051896779E-4,0.9566799791498255,0.031071717504863535
11655.0,0.953125,0.015625,0.015625,0.015625
11412.0,0.7768781845811997,0.1986029346035476,0.012259440407626394,0.012259440407626394
11954.0,0.9317615161546965,0.06810449868217903,1.3337599274923091E-4,6.091703751939851E-7
12733.0,0.9944118766894787,0.005523619112937283,3.22520987920286E-5,3.22520987920286E-5
12462.0,0.7349379410053081,0.26450522143939476,5.348520095225909E-4,2.1985545774646993E-5
12193.0,0.8303677342823251,0.13364966389877422,0.017991300909450378,0.017991300909450378
11010.0,0.9912013716803186,0.008787295761275132,5.6662792030290646E-6,5.6662792030290646E-6
11624.0,0.9988563398813806,9.712646063336913E-4,1.6654057035900055E-4,5.854941926683613E-6
11387.0,0.8125,0.0625,0.0625,0.0625
11869.0,0.5624954439791678,0.38283230603500645,0.027336124992912856,0.027336124992912856
12626.0,0.9966954739301558,0.0028220424700502603,2.4124179989692558E-4,2.4124179989692558E-4
12353.0,0.8785833117196209,0.1161512429931081,0.00525620367719045,9.241610080554021E-6
12110.0,0.4563758389261744,0.28780102645084876,0.12791156731148834,0.12791156731148834
11040.0,0.9756144764853881,0.010450938649119411,0.0069672924327462745,0.0069672924327462745
11353.0,0.9794359816566139,0.016738154465546835,0.0019129319389196383,0.0019129319389196383
11594.0,0.9031470831340496,0.09645393115007773,2.992392869046167E-4,9.974642896820556E-5
12140.0,0.8165020462697371,0.18330236598882488,4.2881599828064567E-7,1.9515892543972498E-4
12387.0,0.05047967907694645,0.8637995809050777,0.08569765831743768,2.308170053815567E-5
12656.0,0.28571428571428575,0.5714285714285715,0.07142857142857144,0.07142857142857144
11903.0,0.16666666666666666,0.6666666666666666,0.08333333333333333,0.08333333333333333
11215.0,0.9321401938851602,0.029082774049216997,0.01938851603281133,0.01938851603281133
10972.0,0.9759267390791544,0.023919342567109075,7.695917686826467E-5,7.695917686826467E-5
11446.0,0.9996683384423929,3.133643886427544E-4,9.148584482172384E-6,9.148584482172384E-6
11685.0,0.4448156376932093,0.5388243065292079,0.008180027888791443,0.008180027888791443
12163.0,0.891304347826087,0.06521739130434784,0.02173913043478261,0.02173913043478261
12428.0,0.0022821321030481257,0.9855464966806953,0.006085685608128335,0.006085685608128335
12703.0,0.9961125869567821,0.0038862382507762285,5.873962209039797E-7,5.873962209039797E-7
11920.0,0.9285714285714286,0.023809523809523808,0.023809523809523808,0.023809523809523808
12491.0,0.9566032154678837,0.04324124522675469,1.269445338617834E-4,2.859477149965077E-5
12228.0,0.9368559115608021,0.007494847292486415,0.01517706576728499,0.04047217537942664
11991.0,0.9953890119513142,7.2805074452932E-4,0.0019414686520781866,0.0019414686520781866
12760.0,0.9906715513888126,0.00911823971185247,1.0510444966746254E-4,1.0510444966746254E-4
11505.0,0.40360218348879184,0.5961794294225109,2.1791220564774721E-4,4.748830496500431E-7
11746.0,0.9251671360922555,0.07483142709548686,1.3172075986473361E-6,1.1960465905839066E-7
11144.0,0.8025004880195874,0.19744795964396458,2.5776168224030363E-5,2.5776168224030363E-5
12324.0,0.9774956722446624,0.009644711895144669,0.006429807930096447,0.006429807930096447
12075.0,0.9686124189726004,0.03138209761744407,5.409292107850502E-6,7.411784763398855E-8
11832.0,0.9489243396597346,0.05107248541574114,1.587462262231491E-6,1.587462262231491E-6
12599.0,0.9782988020008648,0.021699831382057447,6.833085388726163E-7,6.833085388726163E-7
11294.0,0.8333333333333334,0.05555555555555555,0.05555555555555555,0.05555555555555555
11533.0,0.9067285735541597,0.09269532202686734,5.715812998998147E-4,4.523119073097224E-6
11111.0,0.9925868229802172,0.007262318248915298,7.54293854337393E-5,7.54293854337393E-5
12565.0,0.012143340627882925,0.9867486532470456,0.0011079985084588473,7.616612585958381E-9
11802.0,0.754679511063517,0.24531927883196047,1.657677428170142E-9,1.2084468451360334E-6
12041.0,0.9375,0.03125,0.015625,0.015625
12294.0,0.9655172413793104,0.017241379310344827,0.008620689655172414,0.008620689655172414
11567.0,0.9370179948586118,0.02699228791773779,0.017994858611825194,0.017994858611825194
11324.0,0.9977901244405342,3.489277199156381E-4,9.304739197750349E-4,9.304739197750349E-4
11077.0,0.9759600888619916,0.0238796882479409,8.011144503374233E-5,8.011144503374233E-5
12021.0,0.18835527275710764,0.006976121213226209,0.00232537373774207,0.8023432322919241
12262.0,0.1111111111111111,0.7222222222222222,0.1111111111111111,0.05555555555555555
12521.0,0.9684162814602395,0.030397101134885772,5.93308702437327E-4,5.93308702437327E-4
11712.0,0.9976254852007758,0.0022411173569025426,6.669872116086035E-5,6.669872116086035E-5
11475.0,0.9959057713376817,3.509338853415644E-4,0.0018716473884883432,0.0018716473884883432
11178.0,0.8667801047846575,0.13075074911016452,0.0012345730525891209,0.0012345730525891209
11384.0,0.9925286862935649,0.007471311699341076,2.4476754615764702E-11,1.982617123876941E-9
11627.0,0.8025004880195874,0.19744795964396458,2.5776168224030363E-5,2.5776168224030363E-5
12109.0,0.9759267390791544,0.023919342567109075,7.695917686826467E-5,7.695917686826467E-5
12354.0,0.9758922979579592,0.024086500069526433,2.119709902647528E-5,4.873487942221484E-9
12625.0,0.9906715513888126,0.00911823971185247,1.0510444966746254E-4,1.0510444966746254E-4
11870.0,0.9933270946150929,0.006651816343554556,1.0544520676275539E-5,1.0544520676275539E-5
11009.0,0.9996683384423929,3.133643886427544E-4,9.148584482172384E-6,9.148584482172384E-6
11415.0,0.9686124189726004,0.03138209761744407,5.409292107850502E-6,7.411784763398855E-8
11652.0,0.9732142857142858,0.00892857142857143,0.00892857142857143,0.00892857142857143
12194.0,0.9467040863796591,0.0532342258249071,3.0843897716909E-5,3.0843897716909E-5
12461.0,0.9074738119654154,0.09249664652044058,2.9214022509713134E-5,3.274916344435785E-7
12734.0,0.8752038382295213,0.12424589578205185,9.079600919468603E-6,5.411863875072359E-4
11953.0,0.986051640880419,0.001195573638821237,0.00637639274037993,0.00637639274037993
11246.0,0.9990690544849626,7.385378210023082E-4,9.620384701749907E-5,9.620384701749907E-5
11005.0,0.9214261572901357,0.0785711066268023,2.9872420076039133E-7,2.4373588612265774E-6
11686.0,0.9976254852007758,0.0022411173569025426,6.669872116086035E-5,6.669872116086035E-5
11445.0,0.6,0.3,0.05,0.05
11923.0,0.9116161616161615,0.03787878787878788,0.025252525252525252,0.025252525252525252
12700.0,0.9963494341378979,0.003617700180927355,1.643284058741361E-5,1.643284058741361E-5
12431.0,0.9759267390791544,0.023919342567109075,7.695917686826467E-5,7.695917686826467E-5
12160.0,0.9320652173913044,0.0485248447204969,0.00970496894409938,0.00970496894409938
10975.0,0.788782195968658,0.14566588400565872,0.06544627324574954,1.056467799337329E-4
11212.0,0.06747452635734963,0.74913083921723,0.183147201872338,2.474325530821988E-4
11593.0,0.9920083412524197,0.006429959450707001,7.808496484366822E-4,7.808496484366822E-4
11354.0,0.9489243396597346,0.05107248541574114,1.587462262231491E-6,1.587462262231491E-6
11900.0,0.9791575965769675,0.019858781131840385,4.918111455959866E-4,4.918111455959866E-4
12659.0,0.9974352179039152,2.1983846537869636E-4,0.0011724718153530472,0.0011724718153530472
12384.0,0.9137426900584794,0.007309941520467832,0.03947368421052629,0.03947368421052629
12143.0,0.7909709187528948,0.11173554524845265,0.04864676799932633,0.04864676799932633
11043.0,0.9116161616161615,0.03787878787878788,0.025252525252525252,0.025252525252525252
11145.0,0.9986177342632656,0.001367047399161662,7.609168786323333E-6,7.609168786323333E-6
12229.0,0.8025004880195874,0.19744795964396458,2.5776168224030363E-5,2.5776168224030363E-5
12490.0,0.9782988020008648,0.021699831382057447,6.833085388726163E-7,6.833085388726163E-7
12761.0,5.746423362126466E-5,0.6819916466552642,0.1322347852519575,0.18571610385915704
11990.0,0.9976254852007758,0.0022411173569025426,6.669872116086035E-5,6.669872116086035E-5
11504.0,0.09597560933241071,0.9040209174658457,3.473042760440826E-6,1.5898328065982787E-10
11747.0,0.909827189376358,0.090172805905248,5.754138960371322E-11,4.660852557900771E-9
11110.0,0.8785833117196209,0.1161512429931081,0.00525620367719045,9.241610080554021E-6
12074.0,0.741057613029302,0.21087208600624757,0.024035150482225237,0.024035150482225237
12325.0,0.33979582611967674,0.6602041124862046,7.487087640952895E-10,6.064540989171845E-8
12598.0,0.9929574203756245,0.006997717531937661,3.9937142079550606E-5,4.924950358224955E-6
11833.0,0.07142857142857142,0.7142857142857143,0.14285714285714285,0.07142857142857142
11295.0,0.9134141337290803,0.08658582000517329,5.642164186215109E-10,4.5701529908342376E-8
11532.0,0.7147994844680214,0.28517036053994316,2.6844583832053323E-5,3.310408203389363E-6
11076.0,0.8056242988866813,0.1943756558613185,5.518536632583779E-10,4.470014672392861E-8
11803.0,0.19029536221366958,0.8093337913050812,3.691604088149237E-4,1.6860724340951432E-6
12564.0,0.9949324324324326,0.0016891891891891895,0.0016891891891891895,0.0016891891891891895
12295.0,0.9990690544849626,7.385378210023082E-4,9.620384701749907E-5,9.620384701749907E-5
12040.0,0.9901964155137475,0.004959916261819462,0.0024218341122165333,0.0024218341122165333
11566.0,0.27795253074063486,0.550471832999714,0.08578781812982555,0.08578781812982555
11325.0,0.9983685273869655,0.0016302390957315188,9.317410871666897E-8,1.1403431941874322E-6
11179.0,0.4126602897866507,0.5872692520913353,1.601438030651027E-5,5.444374170746892E-5
12020.0,0.058281589079269225,0.4615692093110571,0.2400746008048368,0.2400746008048368
12520.0,0.9727922346829596,0.027207217051039016,5.449670731183056E-7,3.298928280568636E-9
12263.0,0.9933482287423467,0.0066499860579824375,1.714714861155403E-6,7.048480962808696E-8
11713.0,0.9983685273869655,0.0016302390957315188,9.317410871666897E-8,1.1403431941874322E-6
11474.0,0.23112223140647922,0.7348321060277739,0.017022831282873425,0.017022831282873425
11008.0,0.9759267390791544,0.023919342567109075,7.695917686826467E-5,7.695917686826467E-5
11385.0,0.9990690544849626,7.385378210023082E-4,9.620384701749907E-5,9.620384701749907E-5
11626.0,0.9996683384423929,3.133643886427544E-4,9.148584482172384E-6,9.148584482172384E-6
12355.0,0.9895330979038988,0.010432062342978311,1.7419876561525686E-5,1.7419876561525686E-5
12108.0,0.9351123720180092,0.06485047701100535,3.6982062201837965E-5,1.689087836766698E-7
11871.0,0.9990690544849626,7.385378210023082E-4,9.620384701749907E-5,9.620384701749907E-5
12624.0,0.9489243396597346,0.05107248541574114,1.587462262231491E-6,1.587462262231491E-6
11247.0,0.9967680025946744,0.0014553937304545629,8.88301837435646E-4,8.88301837435646E-4
11004.0,0.9912013716803186,0.008787295761275132,5.6662792030290646E-6,5.6662792030290646E-6
11414.0,0.14516129032258063,0.592741935483871,0.1975806451612903,0.06451612903225806
11653.0,0.9782988020008648,0.021699831382057447,6.833085388726163E-7,6.833085388726163E-7
12460.0,0.9933052232511264,0.003387080726702861,0.0016538480110853807,0.0016538480110853807
12195.0,0.9625202793673063,0.03747971613145746,5.4893123371639386E-11,4.44634299310279E-9
11952.0,0.9794359816566139,0.016738154465546835,0.0019129319389196383,0.0019129319389196383
12735.0,0.007635912231351718,0.4936222164481381,0.14449395305136783,0.3542479182691424
10974.0,0.9901952460091705,0.009802383553343556,2.2933128012491178E-6,7.712468462585879E-8
11213.0,0.22936337147075025,0.7578510806781115,0.012201648265430793,5.838995857074471E-4
11687.0,0.9031470831340496,0.09645393115007773,2.992392869046167E-4,9.974642896820556E-5
11444.0,0.9865428414661394,0.013447239840868071,4.959346496291376E-6,4.959346496291376E-6
12701.0,0.942785415823953,0.05720611879468759,8.434745796759343E-6,3.063556257347999E-8
11922.0,0.9396553344233336,0.04001804138242093,0.010163312097122776,0.010163312097122776
12161.0,0.9615384615384616,0.019230769230769232,0.009615384615384616,0.009615384615384616
12430.0,0.9655172413793104,0.017241379310344827,0.008620689655172414,0.008620689655172414
11042.0,0.9905912022408574,0.009349516205548929,5.328070595650558E-5,6.000847637225531E-6
11592.0,0.2238190854259167,0.7235044568039163,0.0018211367743421658,0.05085532099582487
11355.0,0.5208254784367987,0.462372480735195,0.008401020414003185,0.008401020414003185
12658.0,0.9758922979579592,0.024086500069526433,2.119709902647528E-5,4.873487942221484E-9
11901.0,0.8900511113752525,0.07131819802686319,0.019315345298942112,0.019315345298942112
