11477.0,0.7760263795446196,0.1806637974350656,0.024439113792906954,0.018870709227443862
11718.0,0.9999995344466528,1.5518444909257986E-7,1.5518444909257986E-7,1.5518444909257986E-7
12256.0,0.19051157492890775,0.48362058771218214,0.16518563494053834,0.16068220241837225
12527.0,0.7341388446411261,0.1961444595368172,0.035221117333874244,0.03449557848818273
12019.0,0.661036142541102,0.33896365120483757,1.03127030119814E-7,1.03127030119814E-7
11180.0,0.8671864944605692,0.13281322932126757,1.3810908184252015E-7,1.3810908184252015E-7
11322.0,0.5045852543870389,0.49541452877420267,1.0841937949907214E-7,1.0841937949907214E-7
11561.0,0.4788230514954043,0.4495373207325739,0.036130668678592236,0.03550895909342962
12047.0,0.5991036525734953,0.3651639870117266,0.03573226203685987,9.837791805048826E-8
12288.0,0.8404315936980262,0.15956817241886584,1.1694155392976298E-7,1.1694155392976298E-7
12563.0,0.7484362958736419,0.2515635161138628,9.400624762257774E-8,9.400624762257774E-8
11804.0,0.655271393920261,0.24322069668592777,0.1015078129263469,9.646746458250144E-8
11075.0,0.6232616796213013,0.35947666571510223,0.01726150832999074,1.463336061193203E-7
11531.0,0.8244761568474069,0.17552363955095224,1.0180082055617611E-7,1.0180082055617611E-7
11288.0,0.16266432145466875,0.5760263998068185,0.11663702350359449,0.14467225523491767
11838.0,0.3240127682724791,0.4696911759281333,0.13868152379230064,0.0676145320070867
12593.0,0.7895810001066466,0.21041864977244412,1.7506045457551107E-7,1.7506045457551107E-7
12322.0,0.8671623534659466,0.13283749946615855,7.35339475737454E-8,7.35339475737454E-8
12077.0,0.78959776291576,0.21040200099536052,1.1804443953018611E-7,1.1804443953018611E-7
11105.0,0.3345419195315441,0.6654578575571123,1.1145567156511779E-7,1.1145567156511779E-7
11748.0,0.9432566610274913,0.05674315743447853,9.076901519946515E-8,9.076901519946515E-8
11511.0,0.7028485966473961,0.2971512056378595,9.885737224051198E-8,9.885737224051198E-8
11985.0,0.5536018190592342,0.3251918336707692,0.051064921519214095,0.07014142575078185
12493.0,0.1057266835853141,0.3132468567695058,0.32366210545472507,0.25736435419045495
12226.0,0.6781463156584779,0.321853497197293,9.357211456748292E-8,9.357211456748292E-8
11150.0,0.7435236924944512,0.25647607915977116,1.1417288911976493E-7,1.1417288911976493E-7
12390.0,0.8429091197399928,0.1570905809037711,1.4967811800687945E-7,1.4967811800687945E-7
12137.0,0.7577047824533228,0.2422950288185937,9.436404195538504E-8,9.436404195538504E-8
11898.0,0.5535781683996961,0.41366061550895583,1.2882607589128147E-7,0.0327610872652725
12661.0,0.9999996272555698,1.2424814341139644E-7,1.2424814341139644E-7,1.2424814341139644E-7
11356.0,0.710413577622534,0.2895862002942285,1.110416186721636E-7,1.110416186721636E-7
11599.0,0.12739905387611367,0.3378797964023345,0.25406626291053813,0.28065488681101364
11045.0,0.7547183498802841,0.2452813984800996,1.2581980815751826E-7,1.2581980815751826E-7
12425.0,0.9973143448435423,0.0026856121026283142,2.1526914692992115E-8,2.1526914692992115E-8
12166.0,0.7465454869358161,0.2534542710000295,1.210320770979076E-7,1.210320770979076E-7
11925.0,0.10588141337473449,0.565505177256191,0.144305181975716,0.1843082273933586
12698.0,0.7872678875643413,0.21273181651173204,1.4796196341351707E-7,1.4796196341351707E-7
11443.0,0.7775760321099308,0.2224237764993483,9.569536028441106E-8,9.569536028441106E-8
11680.0,0.997664429037698,0.002335533520684164,1.872080886632413E-8,1.872080886632413E-8
11210.0,0.8146202146188308,0.18537953674413377,1.2431851774552593E-7,1.2431851774552593E-7
10969.0,0.5397339643493345,0.32959589508888254,0.0813592451244071,0.04931089543737574
12728.0,0.7758513829442163,0.1801857598740683,0.024767806245569877,0.019195050936181478
11959.0,0.3721899613089553,0.5917896016316158,1.0466416955391474E-7,0.0360203323952593
12196.0,0.42074060939976465,0.5792591725638161,1.0901820967402919E-7,1.0901820967402919E-7
12459.0,0.7487972476502978,0.2512024931547473,1.295974775544274E-7,1.295974775544274E-7
11650.0,0.5781663478071561,0.3872404992428416,0.0345930104922203,1.4245778190152326E-7
11409.0,0.7851047279109329,0.21489506953055731,1.0127925496602211E-7,1.0127925496602211E-7
11003.0,0.3071640092844202,0.5876333387111097,0.0340270638988234,0.07117558810564709
11240.0,0.9294952185889677,0.07050445762219408,1.6189441915464237E-7,1.6189441915464237E-7
12631.0,0.8353095334404605,0.1646902190779246,1.2374080724578422E-7,1.2374080724578422E-7
11864.0,0.2730371438707568,0.447939125314369,0.2450570171026567,0.033966713712217794
12107.0,0.4254820473401229,0.30619399135975767,0.2480419339601978,0.02028202733992143
12356.0,0.5905797667875955,0.28924851698657866,0.08627608686416774,0.03389562936165845
11629.0,0.3764219443696349,0.5320902606980215,0.05596834800888663,0.03551944692345702
11390.0,0.7453808922498617,0.20424089475575588,0.05037807097299004,1.4202139260623397E-7
11015.0,0.44447907985984925,0.40961901564609277,0.0753265968474741,0.07057530764658407
11181.0,0.7741336531677971,0.1810024765900868,0.025061885564952407,0.019801984677199846
11476.0,0.06964527634413972,0.24557259992361483,0.2871157563455988,0.39766636738664674
11719.0,0.9682992208682314,0.031700342414374014,2.1835869728196916E-7,2.1835869728196916E-7
12526.0,0.7755417854270281,0.18049535739125655,0.025077403762758122,0.018885453418993232
12257.0,0.5769995003270249,0.3518942087078472,0.07110616198232818,1.2898279973162725E-7
12018.0,0.34748733245294344,0.5857544790074043,0.033509966508126196,0.03324822203152635
11074.0,0.9429522695014996,0.05704753032925459,1.0008462291183214E-7,1.0008462291183214E-7
11323.0,0.7792579084598472,0.2207417585105715,1.6651479063959327E-7,1.6651479063959327E-7
11560.0,0.5061342378103296,0.4577884983370433,0.03607716015917352,1.0369345339319566E-7
12289.0,0.6469333576821253,0.24853958310828625,0.01748041596263767,0.0870466432469506
12046.0,0.8193675713085685,0.15240192437174063,0.028230414148091007,9.017159960987255E-8
11805.0,0.8597759244014853,0.14022379251365447,1.4154243028382916E-7,1.4154243028382916E-7
12562.0,0.9999999485044041,1.7165198619622523E-8,1.7165198619622523E-8,1.7165198619622523E-8
11104.0,0.9002484075603028,0.09975140156173225,9.543898251618626E-8,9.543898251618626E-8
11530.0,0.7619426536591528,0.23805713603626671,1.05152290438991E-7,1.05152290438991E-7
11289.0,0.866837558814375,0.1331621858499142,1.2766785564090574E-7,1.2766785564090574E-7
12592.0,0.7102724557901768,0.28972731899825566,1.126057836815986E-7,1.126057836815986E-7
11839.0,0.2082425266145925,0.4164542835786603,0.17307139049444184,0.20223179931230534
12076.0,0.9999999309444523,2.301851591122289E-8,2.301851591122289E-8,2.301851591122289E-8
12323.0,0.9667139547550124,0.03328572007875734,1.6258311512793563E-7,1.6258311512793563E-7
11151.0,0.9999997290280644,9.032397854893194E-8,9.032397854893194E-8,9.032397854893194E-8
11749.0,0.7758513829442163,0.18080495490844478,0.02445820872838163,0.018885453418993232
11510.0,0.9548180665112299,0.045181877844093075,2.7822338486384514E-8,2.7822338486384514E-8
11984.0,0.12422528566079168,0.3726128648701522,0.09645056805049933,0.40671128141855667
12227.0,0.7183663456470131,0.2816333868737346,1.3373962599522842E-7,1.3373962599522842E-7
12492.0,0.8541723681559147,0.14582733402044137,1.4891182189482397E-7,1.4891182189482397E-7
11044.0,0.4961391833971569,0.4692615599799235,0.017299628311459765,0.017299628311459765
12136.0,0.6509269426140922,0.31555267037311474,1.2717863041849924E-7,0.033520259834162736
12391.0,0.6234235755687331,0.3765761902921063,1.1706958055725669E-7,1.1706958055725669E-7
12660.0,0.773684200323899,0.1820433449771978,0.025387001279946367,0.018885453418993232
11899.0,0.7197238722578583,0.26175810550214507,0.01851784672908836,1.755109083015832E-7
11357.0,0.8991555595259908,0.10084424300389408,9.873505752586499E-8,9.873505752586499E-8
11598.0,0.5357256442562265,0.28730671028167176,0.10792323170245677,0.06904441375964489
11211.0,0.6415319306918854,0.28859585853912745,0.034273323242466264,0.03559888752652126
10968.0,0.6987534935893053,0.26602700363187926,1.8779218098148808E-7,0.0352193149866347
12167.0,0.5914844343331812,0.3070018319988128,0.033806244345918446,0.0677074893220871
12424.0,0.739092471985754,0.2609072765336176,1.2574031410743E-7,1.2574031410743E-7
12699.0,0.431598314499537,0.49682925134617106,0.0715723234114522,1.1074283971784649E-7
11924.0,0.5337229995839661,0.4662767758449971,1.1228551858961962E-7,1.1228551858961962E-7
11442.0,0.999999415479996,1.9484000135290184E-7,1.9484000135290184E-7,1.9484000135290184E-7
11681.0,0.8252348111628572,0.1747649289369137,1.2995011460452295E-7,1.2995011460452295E-7
11002.0,0.6528542761381034,0.347145468361563,1.2775016694066146E-7,1.2775016694066146E-7
11241.0,0.9708133350627439,0.02918639113855057,1.3689935280368884E-7,1.3689935280368884E-7
11958.0,0.8534653592801046,0.14653434352435915,1.485977681620975E-7,1.485977681620975E-7
12729.0,0.40561284846689044,0.4912551065930972,0.06863870897447545,0.034493335965536706
12458.0,0.7732054353640763,0.18193069439380788,0.025371291499526084,0.019492578742626165
12197.0,0.9332267698119171,0.06677301072161534,1.0973323374869502E-7,1.0973323374869502E-7
11651.0,0.8492637124661021,0.1507360156013353,1.3596628128210644E-7,1.3596628128210644E-7
11408.0,0.7394268312738792,0.260572964569486,1.0207831745626064E-7,1.0207831745626064E-7
11014.0,0.7758513829442163,0.18080495490844478,0.02445820872838163,0.018885453418993232
11865.0,0.650970339804659,0.2975066542912359,0.05152283743809481,1.6846601058642196E-7
12630.0,0.999999785936724,7.135442534558703E-8,7.135442534558703E-8,7.135442534558703E-8
12357.0,0.9999998478087605,5.073041316728449E-8,5.073041316728449E-8,5.073041316728449E-8
12106.0,0.8475010966766485,0.1524986585931061,1.2236512237623802E-7,1.2236512237623802E-7
11628.0,0.9880308027900756,0.011968971010183843,1.130998703216921E-7,1.130998703216921E-7
11391.0,0.5210871957567154,0.30608432576195865,0.17282835707031532,1.2141101081339934E-7
11563.0,0.9999994411212568,1.8629291438087717E-7,1.8629291438087717E-7,1.8629291438087717E-7
11320.0,0.07408171560395384,0.338595166956893,0.24376377810492272,0.34355933933423033
12561.0,1.028445057959915E-7,0.18197848006752132,0.241919974434327,0.5761014426536457
11806.0,0.3460091114456353,0.5803439100678237,0.03298553154372477,0.04066144694281627
12045.0,0.09007844033770904,0.2694083614356719,0.14069704267139202,0.4998161555552272
12290.0,1.1098685006997687E-7,0.33704627262337383,0.28774222779527014,0.37521138859450587
11073.0,0.7197652146564731,0.28023445013119097,1.676061681809019E-7,1.676061681809019E-7
11716.0,0.9999999160338193,2.798872689945084E-8,2.798872689945084E-8,2.798872689945084E-8
11479.0,0.7387274917810797,0.26127224236273294,1.3292809345965347E-7,1.3292809345965347E-7
12017.0,0.3090310954964379,0.6909687236488055,9.042737833938E-8,9.042737833938E-8
12258.0,0.06738015737775917,0.29724264581111526,0.3324157761592461,0.3029614206518797
12525.0,0.9657330307001778,0.03426668169413288,1.4380284461140275E-7,1.4380284461140275E-7
11182.0,0.6072254556359677,0.35840072825250024,0.034373692206124226,1.239054076841957E-7
11509.0,0.8130393316912812,0.1869605144683439,7.69201875278445E-8,7.69201875278445E-8
11750.0,0.9999995666920823,1.444359725820561E-7,1.444359725820561E-7,1.444359725820561E-7
12495.0,0.06937005875476912,0.26539977896807343,0.3767796248503839,0.2884505374267735
12224.0,0.9021436613583568,0.0978560474261517,1.4560774583797006E-7,1.4560774583797006E-7
11987.0,0.8723526623461966,0.10849249839694328,0.019154779547919464,5.970894072466837E-8
11148.0,0.25186952794796846,0.5814471563045643,0.06345746604452814,0.1032258497029386
11290.0,0.48716001584559804,0.35525692499182404,0.12375687087960326,0.033826188282974526
11529.0,0.406538993914955,0.4288519975683753,0.1646088989040423,1.0961262670255873E-7
12320.0,0.6280782966010915,0.3372515124711003,0.01733509546390405,0.01733509546390405
12079.0,0.9171190549354904,0.08288063175872686,1.5665289139456374E-7,1.5665289139456374E-7
11836.0,0.771722130817915,0.21073342926743963,0.017544278623953417,1.6129069157949153E-7
12595.0,0.6111317979957207,0.30298966766323093,0.05155245106149346,0.03432608327955494
11107.0,0.773684200323899,0.1820433449771978,0.025387001279946367,0.018885453418993232
11927.0,0.643711206312608,0.32078467501660274,0.035503981063927326,1.376068617244281E-7
12696.0,0.6467672198473866,0.35323255116259816,1.144950075140747E-7,1.144950075140747E-7
12427.0,0.9999996188631493,1.270456169336251E-7,1.270456169336251E-7,1.270456169336251E-7
12164.0,0.964630277205642,0.035369461900311094,1.3044702350778493E-7,1.3044702350778493E-7
11682.0,0.1768395908233001,0.46547510000898557,0.13992232486576894,0.21776298430194596
11441.0,0.30832184697578713,0.5663370795170038,0.05271246632309925,0.0726286071841094
10971.0,0.05327203793453808,0.44423718208206947,0.17427664023811362,0.32821413974527874
11208.0,0.10203983590425719,0.34981876412422175,0.186071856999802,0.36206954297171884
11896.0,0.4792181189577613,0.5207816644758664,1.0828318629480576E-7,1.0828318629480576E-7
12663.0,0.974524010223952,0.025475943245171145,2.326543835639897E-8,2.326543835639897E-8
12388.0,0.7162073417779724,0.28379242557576406,1.163231316609709E-7,1.163231316609709E-7
12139.0,0.5166771156452098,0.41246289878090714,0.07085984920673816,1.3636714542305547E-7
11597.0,0.7272997656796545,0.2726999889753168,1.226725143553643E-7,1.226725143553643E-7
11358.0,0.875931733941587,0.12406804399467443,1.110318691239703E-7,1.110318691239703E-7
11047.0,0.8658380654350696,0.13416169810174275,1.1823159380521325E-7,1.1823159380521325E-7
12105.0,0.6043891041465106,0.3422968236401394,0.053313941507717545,1.3070563203092792E-7
12358.0,0.6818514094796949,0.3007786208293715,0.017369813253316428,1.5643761706047066E-7
12629.0,0.9999997036190484,9.879365055153116E-8,9.879365055153116E-8,9.879365055153116E-8
11866.0,0.9349307874785941,0.06506891399132164,1.49265041960016E-7,1.49265041960016E-7
11388.0,0.9999998173834034,6.087219888070937E-8,6.087219888070937E-8,6.087219888070937E-8
11631.0,0.3912668758362833,0.5340996546769217,0.07463335946437878,1.1002241590575504E-7
11013.0,0.9255035128406147,0.07449622970740642,1.287259893713109E-7,1.287259893713109E-7
12198.0,0.45665400545277607,0.5433458060221686,9.426252773934448E-8,9.426252773934448E-8
12457.0,0.7927995394154471,0.17077406102451756,0.03642627627009041,1.2328994448573273E-7
12730.0,0.9530434273759538,0.01608934879037845,0.030867040614980155,1.832186875951502E-7
11957.0,0.9999996177832193,1.274055935800595E-7,1.274055935800595E-7,1.274055935800595E-7
11411.0,0.9154668225337947,0.08453288224968106,1.4760826218102982E-7,1.4760826218102982E-7
11648.0,0.9165126055106627,0.08348712720563352,1.3364185186152233E-7,1.3364185186152233E-7
11242.0,0.8049393792526294,0.16125038706723158,0.03381012181171395,1.1186842508597306E-7
11001.0,0.6850330871373354,0.2821312634086083,0.03283554898298466,1.0047107171908407E-7
11072.0,0.9666567536122309,0.03334299951017857,1.234387953682101E-7,1.234387953682101E-7
11562.0,0.38061923834744765,0.5654174227105708,0.05396324806491928,9.087706272395051E-8
11321.0,0.3277082186897542,0.3557168417985018,0.1448191978048523,0.17175574170689173
11807.0,0.7753712769060916,0.18038366472093945,0.025061885564952407,0.019183172808052484
12560.0,0.9278395396067912,0.07216008428607687,1.8805356601603869E-7,1.8805356601603869E-7
12291.0,0.6007547495515022,0.39924504827373825,1.0108737955971893E-7,1.0108737955971893E-7
12044.0,0.7740709724412712,0.18173223417498635,0.02534361507247508,0.018853178311303655
11183.0,0.9928927465052836,0.007107179301173591,3.709677149441938E-8,3.709677149441938E-8
11717.0,0.8069791506618131,0.19302059996987994,1.246841536820404E-7,1.246841536820404E-7
11478.0,0.7883333170273049,0.21166639809582888,1.4243843320810753E-7,1.4243843320810753E-7
12016.0,0.27250274127321517,0.47724075920739056,0.11092361883316042,0.13933288068623367
12524.0,0.8664826044425623,0.0946014776817433,0.038915847404456076,7.047123843774999E-8
12259.0,0.6859309873328383,0.3140687635290149,1.245690733859607E-7,1.245690733859607E-7
11149.0,0.6226233326318231,0.30527731148240767,0.03409399644616413,0.038005359439605584
11508.0,0.7417701656042481,0.22219615842708756,0.03603352631691241,1.4965175163627195E-7
11751.0,0.8815085149477487,0.09352901107079803,0.024962368321533444,1.0565991977919868E-7
12225.0,0.7136632406957649,0.28633652207000226,1.1861711627080379E-7,1.1861711627080379E-7
12494.0,0.4590838824100722,0.45725525254885496,0.05019823732297658,0.03346262771809648
11986.0,0.6806709611851395,0.31932879193364555,1.234406074174689E-7,1.234406074174689E-7
11106.0,0.3181123338239153,0.5704767672998509,0.11141079655738141,1.0231885231769138E-7
11291.0,0.9795372305729599,0.02046262979993447,6.98135528163816E-8,6.98135528163816E-8
11528.0,0.7667744390369404,0.2332252795767979,1.4069313123486855E-7,1.4069313123486855E-7
12078.0,0.5796515989742308,0.42034819313515664,1.0394530637289324E-7,1.0394530637289324E-7
12321.0,0.5424763595103951,0.42320983501132886,0.0343136920371142,1.1344116215449763E-7
12594.0,0.8801323791798534,0.1198672656704065,1.7757487019883712E-7,1.7757487019883712E-7
11837.0,0.28500063095088657,0.5736473975008997,0.10657615043058766,0.03477582111762597
10970.0,0.6683287705735201,0.33167104159923594,9.391362213839797E-8,9.391362213839797E-8
11209.0,0.9840169805201708,0.015982919592622758,4.994360322072852E-8,4.994360322072852E-8
12697.0,0.7753712769060916,0.18038366472093945,0.025061885564952407,0.019183172808052484
11926.0,0.6116897636610111,0.3883099698182009,1.3326039384803868E-7,1.3326039384803868E-7
12165.0,0.8925753029424541,0.10742434296127393,1.7704813593996585E-7,1.7704813593996585E-7
12426.0,0.7116061804419084,0.2710804023949795,0.01731328416259511,1.3300051692686414E-7
11683.0,0.793275948744631,0.17296582079594824,0.033758056218664484,1.7424075638806176E-7
11440.0,0.9309955916828939,0.0690041646529453,1.218320804123066E-7,1.218320804123066E-7
11046.0,0.2704823365249856,0.5527035666985124,0.14219103375902603,0.03462306301747606
12662.0,0.537849336855602,0.38810065489323264,0.07404990178508618,1.0646607911877268E-7
11897.0,0.7582902393193398,0.24170951431875717,1.23180951796659E-7,1.23180951796659E-7
12138.0,0.3404207773400411,0.3429175405971773,0.14049661310880002,0.1761650689539819
12389.0,0.9999997891848288,7.02717237475097E-8,7.02717237475097E-8,7.02717237475097E-8
11596.0,0.27041233519060753,0.484298976715614,0.12333737168819363,0.1219513164055847
11359.0,0.2332815290728831,0.4079721589876312,0.2856633986255986,0.0730829133138875
11012.0,0.6122447178531245,0.3877550497341183,1.1620637859944365E-7,1.1620637859944365E-7
12359.0,0.756629623312106,0.24337013774341879,1.1947223753010044E-7,1.1947223753010044E-7
12104.0,0.9999994694885292,1.7683715690102645E-7,1.7683715690102645E-7,1.7683715690102645E-7
11867.0,0.8815689157751491,0.11843085691288258,1.1365598418506839E-7,1.1365598418506839E-7
12628.0,0.999999951909729,1.603009033783469E-8,1.603009033783469E-8,1.603009033783469E-8
11389.0,0.7753712769060916,0.18038366472093945,0.025061885564952407,0.019183172808052484
11630.0,0.43618665187913347,0.36891054237428156,0.08870913017038465,0.10619367557620044
11243.0,0.1813478311632556,0.5026954424129506,0.13990920551885871,0.17604752090493492
11000.0,0.8229625038206689,0.14184282760467468,0.01759733428732836,0.01759733428732836
12456.0,0.7919182496457384,0.20808151218559032,1.1908433567486358E-7,1.1908433567486358E-7
12199.0,0.9659165530892686,0.0340831728568214,1.3702695500848846E-7,1.3702695500848846E-7
11956.0,0.9999998312071764,5.626427453677901E-8,5.626427453677901E-8,5.626427453677901E-8
12731.0,0.14669224402841866,0.6951934571230919,0.08802115043145133,0.07009314841703847
11410.0,0.12392740779929877,0.24370811957363264,0.37614425297306003,0.25622021965400843
11649.0,0.8547682126579852,0.1452315429427443,1.2219963520302863E-7,1.2219963520302863E-7
11834.0,0.6973844387338942,0.30261536239406994,9.943601801535618E-8,9.943601801535618E-8
12597.0,0.712682039529377,0.2528657605025514,0.03445208337119036,1.1659688097334997E-7
12326.0,0.479583845279238,0.33997315808512674,0.035956210799419665,0.14448678583621594
12073.0,0.8781791971092924,0.12182057092772337,1.1598149201004796E-7,1.1598149201004796E-7
11535.0,0.8226316054371126,0.17736814011162608,1.2722563073363362E-7,1.2722563073363362E-7
11292.0,0.997640460435916,0.002359501714803695,1.8924640113081794E-8,1.8924640113081794E-8
11109.0,0.5166343305015612,0.44861949856476024,0.03474605612358738,1.1481009078554431E-7
11989.0,0.19874556375830188,0.3462541139821592,0.23196670386095225,0.22303361839858665
12489.0,0.8525513948166149,0.1474484422846276,8.144937878633501E-8,8.144937878633501E-8
12230.0,0.9999994046249903,1.984583366045385E-7,1.984583366045385E-7,1.984583366045385E-7
11744.0,0.9302957009071983,0.06970401784095605,1.406259229076985E-7,1.406259229076985E-7
11507.0,0.8106301469945985,0.18936963497915588,1.0901312315598537E-7,1.0901312315598537E-7
11146.0,0.7943105079472746,0.20568925828085768,1.1688593384472574E-7,1.1688593384472574E-7
12260.0,0.7753712769060916,0.18038366472093945,0.024752479630378726,0.019492578742626165
12523.0,0.7868166472629406,0.21318309450163847,1.2911771010131624E-7,1.2911771010131624E-7
12023.0,0.4938065260000788,0.5061932801236442,9.69381385596436E-8,9.69381385596436E-8
11473.0,0.9667759165492831,0.03322389308639886,9.518215902449636E-8,9.518215902449636E-8
11714.0,0.45898571386933634,0.5410140440118232,1.2105942017047667E-7,1.2105942017047667E-7
11176.0,0.5121844708804433,0.45111540374388115,1.1519822352281467E-7,0.0367000101774517
12043.0,0.7875069847480378,0.21249272718233783,1.4403481207894592E-7,1.4403481207894592E-7
12292.0,0.8890081983345058,0.11099154536519108,1.281501515115107E-7,1.281501515115107E-7
12567.0,0.5826558820985673,0.41734392144771865,9.82268571291676E-8,9.82268571291676E-8
11800.0,0.7860138950231808,0.19603572204094874,0.017950248605952623,1.3432991771732277E-7
11326.0,0.7555797750827007,0.24442004216144594,9.137792658164718E-8,9.137792658164718E-8
11565.0,0.35513240799050255,0.2983900800271228,0.26056774715536546,0.08590976482700989
11079.0,0.6242792604080397,0.3757204946454057,1.2247327730754007E-7,1.2247327730754007E-7
11654.0,0.5872607563132884,0.4127390378788703,1.0290392070476637E-7,1.0290392070476637E-7
11413.0,0.45163504089126094,0.25323313886118537,0.1930297057589101,0.10210211448864387
12732.0,0.5838580806144362,0.31130467692789526,0.10483712805864051,1.1439902843672173E-7
11955.0,0.8077135939479686,0.17477888052934726,0.017507367868773847,1.5765391040208684E-7
12192.0,0.8448278084270543,0.1551719229758626,1.3429854162207837E-7,1.3429854162207837E-7
12463.0,0.7753712769060916,0.18038366472093945,0.025061885564952407,0.019183172808052484
11007.0,0.6820626388622816,0.28424309730367187,0.03369416960580664,9.422823991839919E-8
11244.0,0.737851861724604,0.26214790450419984,1.1688559801020124E-7,1.1688559801020124E-7
11625.0,0.6783344009502392,0.3216653793017261,1.0987401738281707E-7,1.0987401738281707E-7
11386.0,0.2975107019989868,0.5802634085303805,0.01765080945672028,0.10457508001391211
12627.0,0.9999999099065862,3.0031137959169025E-8,3.0031137959169025E-8,3.0031137959169025E-8
11868.0,9.23106422867436E-8,0.32548348528351145,0.23608462145148168,0.4384318009543647
12111.0,0.9632690859064723,0.03673061578952626,1.491520007602995E-7,1.491520007602995E-7
12352.0,0.5927438217987303,0.4072559211936603,1.2850380490377351E-7,1.2850380490377351E-7
11011.0,0.9487736825873062,0.05122598978671828,1.6381298775946977E-7,1.6381298775946977E-7
11352.0,0.7758513829442163,0.18080495490844478,0.02445820872838163,0.018885453418993232
11595.0,0.9999996158749865,1.2804167117936505E-7,1.2804167117936505E-7,1.2804167117936505E-7
12386.0,0.7795194952072108,0.18327444980870472,0.037205947576319225,1.0740776564090032E-7
12141.0,0.6652481599076902,0.334751594305412,1.2289344882154752E-7,1.2289344882154752E-7
11902.0,0.8990101360581305,0.03123051927128927,0.06975920785416416,1.3681641615282658E-7
12657.0,0.7130023648258612,0.28699741937492457,1.07899607034897E-7,1.07899607034897E-7
11041.0,0.6413432986729264,0.3586565026983092,9.931438233021136E-8,9.931438233021136E-8
11447.0,0.43217469926087415,0.44448351189677293,0.05249321319834286,0.07084857564401068
11684.0,0.5738692477699272,0.391757060819553,1.2090756139398396E-7,0.03437357050295854
12429.0,0.7546650320262974,0.22853834425373326,0.01679649219233671,1.3152763288247553E-7
12162.0,0.9999999508134532,1.639551561919213E-8,1.639551561919213E-8,1.639551561919213E-8
11921.0,0.8476215509698941,0.1523780285363491,2.1024687843961857E-7,2.1024687843961857E-7
12702.0,0.5270058154167904,0.388314891008439,0.08467918993176375,1.0364300710874571E-7
11214.0,0.3089543094310637,0.5760717133292477,0.08156153315627261,0.033412444083416225
10973.0,0.8401441123192208,0.1598556188181625,1.3443130844295916E-7,1.3443130844295916E-7
11108.0,0.524447740644959,0.4052983906835143,9.470988003576638E-8,0.07025377396164675
12596.0,0.9999994819012931,1.726995689763929E-7,1.726995689763929E-7,1.726995689763929E-7
11835.0,0.8622037605509294,0.10319980525738769,1.4009382600691548E-7,0.034596294097857104
12072.0,0.4806028945058037,0.4302774929080265,0.0539092039343298,0.03521040865184028
12327.0,0.874531846849115,0.12546790720707185,1.2297190675462504E-7,1.2297190675462504E-7
11534.0,0.5699167686151982,0.3286979245985909,0.05069161512023609,0.05069369166597509
11293.0,0.212329580640825,0.508439725219289,0.20980270101601453,0.06942799312387171
11147.0,0.7628516065495455,0.23714812900859503,1.3222092990945502E-7,1.3222092990945502E-7
11988.0,0.386821149865767,0.46660949116093414,0.14656925060073986,1.0837255872224711E-7
12231.0,0.624768699498835,0.3752311050198243,9.774067036866027E-8,9.774067036866027E-8
12488.0,0.6694578577044574,0.29688284607263876,0.03365919232270565,1.0390019805387626E-7
11745.0,0.7119818703812022,0.2536967182153679,0.034321320711950556,9.069147948666272E-8
11506.0,0.9802069845544241,0.019792785076431844,1.1518457191826985E-7,1.1518457191826985E-7
11177.0,0.7451527926755277,0.2548469680808165,1.1962182802607432E-7,1.1962182802607432E-7
12522.0,0.9999999565020182,1.4499327248561219E-8,1.4499327248561219E-8,1.4499327248561219E-8
12261.0,0.5385683684044061,0.3389333349278452,0.053895598643184904,0.06860269802456331
12022.0,0.720830279948449,0.27916949180435346,1.1412359868889119E-7,1.1412359868889119E-7
11472.0,0.9445745234652779,0.05542527539184759,1.0057143732675151E-7,1.0057143732675151E-7
11715.0,0.8810518192118625,0.07907238026382796,0.03987573720809762,6.331621183567553E-8
11078.0,0.49641203975992254,0.5035877585422767,1.0084890007045673E-7,1.0084890007045673E-7
12293.0,0.9648958698124839,0.03510380355941193,1.633140521032268E-7,1.633140521032268E-7
12042.0,0.6434210428232581,0.2802506708774953,0.03737505346962146,0.038953232829625005
11801.0,0.6829924070285165,0.31700736456184114,1.1420482119038081E-7,1.1420482119038081E-7
12566.0,0.8723008580248053,0.1276988862637992,1.2785569766881983E-7,1.2785569766881983E-7
11327.0,0.8458084858169203,0.15419128616047834,1.1401130078028653E-7,1.1401130078028653E-7
11564.0,0.08903912482530048,0.3355487807755971,0.19892784305545277,0.37648425134364977
11006.0,0.5381146054019766,0.25981436868472213,0.1327990942955954,0.0692719316177059
11245.0,0.2830503364734753,0.5256176573877214,0.05201984539797325,0.13931216074082967
11655.0,0.5272522897484728,0.2748570454989409,0.01689091068455511,0.18099975406803126
11412.0,0.7333833234253525,0.21509701188143387,0.05151954319755707,1.214956564764854E-7
11954.0,0.924530347641585,0.061340069376372486,0.014129540614017659,4.236802502819838E-8
12733.0,0.7768459098840491,0.22315383043870052,1.2983862511487518E-7,1.2983862511487518E-7
12462.0,0.4463897678703087,0.5536099904957869,1.2081695222062924E-7,1.2081695222062924E-7
12193.0,0.7138427702237591,0.25014619486203504,0.036010920738899554,1.141753062031323E-7
11010.0,0.9458311812561556,0.05416859760032234,1.1057176092071431E-7,1.1057176092071431E-7
11624.0,0.7177193114379206,0.2822803979311152,1.4531548213065174E-7,1.4531548213065174E-7
11387.0,0.7342707303066984,0.2657290468662482,1.1141352672954417E-7,1.1141352672954417E-7
11869.0,0.5126297491315395,0.4524262765308794,0.034943861722794844,1.1261478688249917E-7
12626.0,0.8764776596899047,0.12352199594334105,1.7218337714836242E-7,1.7218337714836242E-7
12353.0,0.6645526043584697,0.28448504497743315,0.050962243748709155,1.0691538769553137E-7
12110.0,0.6906126538073226,0.2735792360209072,0.03580798034156038,1.2983020953723828E-7
11040.0,0.8623998180231749,0.12061155477523279,0.01698846930942225,1.578921698740162E-7
11353.0,0.913524251132165,0.08647555203633098,9.841575201616136E-8,9.841575201616136E-8
11594.0,0.49250535495221004,0.381344442371998,0.09131175524735716,0.0348384474284345
12140.0,0.30602057382955655,0.5656634777703633,0.05585270041781401,0.072463247982266
12387.0,0.10295990850006304,0.3041420355173872,0.25724045687073016,0.33565759911181997
12656.0,0.13873745545274843,0.4690596357975632,0.25084146100064497,0.1413614477490433
11903.0,0.27801428931455,0.33409561226722023,0.23147422613562543,0.1564158722826036
11215.0,0.5566207911581554,0.40900858586853983,1.1260535605525065E-7,0.03437051036794879
10972.0,0.6422168400441,0.3577829332286574,1.1336362126712216E-7,1.1336362126712216E-7
11446.0,0.9173230242709336,0.0826766850016082,1.4536372908099546E-7,1.4536372908099546E-7
11685.0,0.8007281134802771,0.19927160469300478,1.409133590519096E-7,1.409133590519096E-7
12163.0,0.578314375859386,0.26484643622735066,0.12258031403365865,0.0342588738796045
12428.0,0.44445613003576917,0.4856961174590032,0.06984763518479922,1.1732042864224373E-7
12703.0,0.9999995233214064,1.5889286450331916E-7,1.5889286450331916E-7,1.5889286450331916E-7
11920.0,0.9641196992165328,0.03588005576947384,1.225069965503733E-7,1.225069965503733E-7
12491.0,0.5418842343863794,0.4581155539413191,1.0583615066123832E-7,1.0583615066123832E-7
12228.0,0.14408447854943163,0.3235775726421146,0.20923974924321767,0.3230981995652364
11991.0,0.8203497274313895,0.179650042420427,1.1507409175970052E-7,1.1507409175970052E-7
12760.0,0.5850117691182241,0.36207767898453197,0.017350343788379036,0.03556020810886469
11505.0,0.5212579846865646,0.47874178789018257,1.1371162648362889E-7,1.1371162648362889E-7
11746.0,0.7438123680880524,0.25618741215175156,1.0988009818169013E-7,1.0988009818169013E-7
11144.0,0.819968178197521,0.18003157994614938,1.209281649281776E-7,1.209281649281776E-7
12324.0,0.7865436186053159,0.21345613300309507,1.2419579448476606E-7,1.2419579448476606E-7
12075.0,0.8600516766321472,0.13994808151628346,1.2092578481343424E-7,1.2092578481343424E-7
11832.0,0.8485099412821329,0.15148982764801922,1.1553492359280295E-7,1.1553492359280295E-7
12599.0,0.6561621074987566,0.2735525800904252,0.03495339036450773,0.03533192204631004
11294.0,0.966928186287008,1.6930256966274281E-7,1.6930256966274281E-7,0.03307147510785268
11533.0,0.6128476262750006,0.35163901353897253,0.03551322563698068,1.3454904619701876E-7
11111.0,0.9999995986140954,1.3379530148678184E-7,1.3379530148678184E-7,1.3379530148678184E-7
12565.0,0.12859672136132894,0.42627044468386494,0.28461784901595916,0.16051498493884706
11802.0,0.7295883626556849,0.2704114485630628,9.439062609581943E-8,9.439062609581943E-8
12041.0,0.9494166429278904,0.05058307590472783,1.405836908418613E-7,1.405836908418613E-7
12294.0,0.9671427294197353,0.03285701408506589,1.2824759947647567E-7,1.2824759947647567E-7
11567.0,0.7235163047141562,0.26024895943639176,0.016234606311361553,1.295380908199897E-7
11324.0,0.8364706661715186,0.16352909804766394,1.1789040868721844E-7,1.1789040868721844E-7
11077.0,0.8073079474514091,0.1926917742377678,1.3915541161486983E-7,1.3915541161486983E-7
12021.0,0.2109807602473025,0.358559600213637,0.10720251529680679,0.32325712424225367
12262.0,0.08569293599939391,0.41836751880908823,0.2753832776760132,0.22055626751550472
12521.0,0.7228728819380171,0.24288241534797897,1.1963837127197479E-7,0.034244583075632766
11712.0,0.9345960648803047,0.0654035518874658,1.916161147010697E-7,1.916161147010697E-7
11475.0,0.9289257903130143,0.07107389412749636,1.577797446666675E-7,1.577797446666675E-7
11178.0,0.8221367545123167,0.1778629971809347,1.241533741901558E-7,1.241533741901558E-7
11384.0,0.8643066749058466,0.13569305882415297,1.331350001499306E-7,1.331350001499306E-7
11627.0,0.4790990654520483,0.48688138197438885,0.034019433797709664,1.1877585305372844E-7
12109.0,0.93004477853926,0.06995493676516762,1.4234778614289522E-7,1.4234778614289522E-7
12354.0,0.6100835956108085,0.3020184387856887,0.08789785818733352,1.0741616928552952E-7
12625.0,0.7481792291880192,0.2518205532713307,1.0877032519739208E-7,1.0877032519739208E-7
11870.0,0.8620366804148526,0.13796298008469188,1.6975022783252322E-7,1.6975022783252322E-7
11009.0,0.7758513829442163,0.1801857598740683,0.024767806245569877,0.019195050936181478
11415.0,0.7597785695895125,0.20760024470899605,0.0326210818168885,1.0388460345212298E-7
11652.0,0.887492121461608,0.1125075906867904,1.4392580060806299E-7,1.4392580060806299E-7
12194.0,0.8184636560424435,0.1815361324123362,1.05772610172822E-7,1.05772610172822E-7
12461.0,0.47062895208140076,0.3355681079938504,0.12493318651758216,0.06886975340716722
12734.0,0.3726484441396782,0.6273513837920898,8.603411613004036E-8,8.603411613004036E-8
11953.0,0.2916494289768983,0.5674353030211312,0.03473914135488289,0.10617612664708795
11246.0,0.9821155069630326,0.017884057583758984,2.177266042142219E-7,2.177266042142219E-7
11005.0,0.7939874213145109,0.20601236814076823,1.0527236045732439E-7,1.0527236045732439E-7
11686.0,0.7747524650369444,0.18038366472093945,0.025680697434099765,0.019183172808052484
11445.0,0.9162060772883083,0.08379368499258204,1.1885955489101919E-7,1.1885955489101919E-7
11923.0,0.7248700917083438,0.2751295913654372,1.5846310951571837E-7,1.5846310951571837E-7
12700.0,0.9344703869204745,0.0655293352355667,1.3892197938514708E-7,1.3892197938514708E-7
12431.0,0.999999613201652,1.2893278268566363E-7,1.2893278268566363E-7,1.2893278268566363E-7
12160.0,0.8290043125746407,0.17099544014446638,1.2364044655963506E-7,1.2364044655963506E-7
10975.0,0.48566391042745977,0.40621593531819944,0.10812004061249415,1.1364184657454808E-7
11212.0,0.3209283593666547,0.3565458777656735,0.14753260748789224,0.174993155379779
11593.0,0.9135801417246416,0.08641956285157178,1.477118933629271E-7,1.477118933629271E-7
11354.0,0.7460649313643799,0.23560498884748615,0.018329957047213588,1.2274092071142877E-7
11900.0,0.6946142154345318,0.30538558240299796,1.0108123502681366E-7,1.0108123502681366E-7
12659.0,0.7972496361481575,0.18629529492763813,0.01645488555958186,1.8336462243992446E-7
12384.0,0.6430080454900603,0.35699169030326916,1.321033352153121E-7,1.321033352153121E-7
12143.0,0.4445534517982491,0.5214802885459385,0.033966157349661213,1.0230615093461018E-7
11043.0,0.6893378884659144,0.2767440721203189,0.033917927369185384,1.1204458140638413E-7
11145.0,0.7753712769060916,0.18038366472093945,0.025061885564952407,0.019183172808052484
12229.0,0.7835896059188735,0.21641020864411725,9.271850459105107E-8,9.271850459105107E-8
12490.0,0.6772880509988489,0.3227116890682646,1.2996644334332882E-7,1.2996644334332882E-7
12761.0,0.08791870003615605,0.38985227303578696,0.14282524399482532,0.3794037829332314
11990.0,0.9999997783636715,7.387877617933492E-8,7.387877617933492E-8,7.387877617933492E-8
11504.0,0.2805109182050983,0.49973649710201695,0.14475135529732333,0.07500122939556146
11747.0,0.8103458644203749,0.18965391632201153,1.0962880674100531E-7,1.0962880674100531E-7
11110.0,0.5981211392543534,0.33539397115988584,0.06648480313836748,8.644739327541184E-8
12074.0,0.9999994649337814,1.7835540619761218E-7,1.7835540619761218E-7,1.7835540619761218E-7
12325.0,0.7010951149309952,0.2989046441844374,1.20442283824379E-7,1.20442283824379E-7
12598.0,0.8018153189446297,0.1981844565183469,1.1226851165682414E-7,1.1226851165682414E-7
11833.0,0.41543631325703356,0.5845634621272509,1.1230785783865971E-7,1.1230785783865971E-7
11295.0,0.607831440232754,0.35816481207291734,0.0340036318629868,1.1583134148232153E-7
11532.0,0.6767718783776261,0.3232278856002699,1.1801105188391891E-7,1.1801105188391891E-7
11076.0,0.7087165096281791,0.29128329157337973,9.939922052491751E-8,9.939922052491751E-8
11803.0,0.6752966267535292,0.32470314429543545,1.1447551779784966E-7,1.1447551779784966E-7
12564.0,0.7758513829442163,0.18080495490844478,0.02445820872838163,0.018885453418993232
12295.0,0.7755417854270281,0.1801857598740683,0.025077403762758122,0.019195050936181478
12040.0,0.8035591610045871,0.1964405845668641,1.2721427437299872E-7,1.2721427437299872E-7
11566.0,0.5323917296069612,0.4676080303832382,1.200049003157573E-7,1.200049003157573E-7
11325.0,0.9675638047093612,0.0324359077142946,1.4378817210648875E-7,1.4378817210648875E-7
11179.0,0.4999381534459843,0.500061566107244,1.4022338603166833E-7,1.4022338603166833E-7
12020.0,0.5398981202352103,0.4601016656462703,1.0705925971871723E-7,1.0705925971871723E-7
12520.0,0.7440205192924078,0.23917792508965963,0.016801438180174207,1.1743775911670566E-7
12263.0,0.6342393830186939,0.2922284511796461,0.03466914854124834,0.038863017260411616
11713.0,0.7526991030975497,0.14070657032881684,0.05443074728783353,0.052163579285800364
11474.0,0.8582713588079666,0.1417283650873533,1.3805234015746773E-7,1.3805234015746773E-7
11008.0,0.8222689437517368,0.1777308614386191,9.740482213591109E-8,9.740482213591109E-8
11385.0,0.8632527458196114,0.1367469493432256,1.5241858137862063E-7,1.5241858137862063E-7
11626.0,0.9999998464607508,5.117974972815437E-8,5.117974972815437E-8,5.117974972815437E-8
12355.0,0.8056288082368521,0.19437096585366162,1.1295474318737781E-7,1.1295474318737781E-7
12108.0,0.6094957573621604,0.3214683570580729,0.0690357652151892,1.2036457749207138E-7
11871.0,0.9999998903246875,3.655843750002876E-8,3.655843750002876E-8,3.655843750002876E-8
12624.0,0.7547097808289152,0.24528999606161364,1.1155473530331968E-7,1.1155473530331968E-7
11247.0,0.9999997122515671,9.591614426408541E-8,9.591614426408541E-8,9.591614426408541E-8
11004.0,0.6476532419250827,0.35234655526462894,1.0140514399117204E-7,1.0140514399117204E-7
11414.0,0.35378595471698804,0.28287914575525314,0.1074862848113448,0.2558486147164142
11653.0,0.7599857154185903,0.24001405188887645,1.1634626660976175E-7,1.1634626660976175E-7
12460.0,0.9044898063578444,0.09550991797361326,1.3783427137176977E-7,1.3783427137176977E-7
12195.0,0.8790231808047324,0.12097655615132005,1.315219737679253E-7,1.315219737679253E-7
11952.0,0.9632450251089574,0.036754697581221775,1.386549105295708E-7,1.386549105295708E-7
12735.0,0.2649199584857226,0.34811012857844364,0.19710834259199764,0.1898615703438364
10974.0,0.5242131574745577,0.40141511784759293,0.04111984571645176,0.03325187896139791
11213.0,0.5204526452530779,0.3920138907660634,0.08753334536187007,1.1861898907156465E-7
11687.0,0.6938149595612014,0.2731655378358341,0.033019385728321235,1.168746434387965E-7
11444.0,0.7844223616656538,0.21557743671821172,1.0080806705068207E-7,1.0080806705068207E-7
12701.0,0.8329386035207345,0.16706120167097116,9.740414742017475E-8,9.740414742017475E-8
11922.0,0.669804167231783,0.3301956377835771,9.749231979783118E-8,9.749231979783118E-8
12161.0,0.9522223330365133,0.04777739639943985,1.3528202355936485E-7,1.3528202355936485E-7
12430.0,0.9999995354274627,1.5485751247267837E-7,1.5485751247267837E-7,1.5485751247267837E-7
11042.0,0.9126098584867124,0.08738991039150663,1.1556089052968767E-7,1.1556089052968767E-7
11592.0,0.15628683589068898,0.3368176172254751,0.2548337284542728,0.25206181842956316
