15572.0,0.9999999995866504,4.13145054243564E-10,2.0445671229875014E-13,1.1046758861543816E-20
15277.0,0.9999999570186675,4.298116237439058E-8,1.7014426059491044E-13,5.014627377643017E-19
15038.0,1.7993997431958146E-5,0.023693584594215784,0.9732689025437237,0.003019518864628627
14230.0,0.9999999996378609,3.6208216451757584E-10,5.679552781998478E-14,1.0752587529273163E-21
14488.0,0.9734803266740742,0.026513731558924686,4.036961593971504E-6,1.9048054070750238E-6
14731.0,0.9999999953321007,4.565785244595536E-9,1.0211406435320585E-10,1.209561365012599E-17
15419.0,0.004726319809119862,0.17447210902718374,0.636115820538044,0.18468575062565223
15656.0,0.999920371745572,7.962733162846541E-5,9.226229819805008E-10,1.7669855763246656E-13
15170.0,0.9992800912451911,7.198893628252615E-4,1.9387291033747765E-8,4.692727688812409E-12
14929.0,0.9999999951233376,4.876633415417328E-9,2.894386297802388E-14,1.253395186149348E-18
14201.0,0.9999969694353584,3.03036866094719E-6,1.9597714680133137E-10,3.4388289387475702E-15
14455.0,1.2856423609583237E-22,2.6484691195725207E-5,0.3852694463812653,0.6147040689275389
14692.0,0.22977419732844329,0.763303726982926,0.006678233415122093,2.4384227350863534E-4
15626.0,0.9999274091683991,7.258413742433394E-5,6.69310964507302E-9,1.0669561835389594E-12
15385.0,0.9999994602391716,5.278599168156885E-7,1.1900905221478881E-8,6.185875309701273E-15
14963.0,0.2648316417259985,0.6441865297212017,0.004838937637474654,0.08614289091532522
15200.0,0.9998207049702885,1.792945711495401E-4,4.5855874780119954E-10,3.1459119145735658E-15
14662.0,0.9970510820873976,0.002946304745362454,2.612592403203165E-6,5.748367630145342E-10
14421.0,0.9457678915260158,0.05422952844180077,2.555515022236862E-6,2.4517161285261836E-8
14171.0,1.989356773053513E-8,0.0474508488309647,0.9503909824146781,0.002158148860789443
15606.0,0.9998126787835436,1.8731566811117426E-4,5.547256017094348E-9,1.089211092881546E-12
15004.0,0.999995379642468,4.620307064424923E-6,5.046727076831783E-11,2.863558212176635E-16
15247.0,0.9999959614165753,4.038261782368271E-6,3.2163221488605876E-10,9.939568896584081E-15
13991.0,0.9999999362196835,6.256646304411601E-8,1.2138527900610384E-9,5.408347545446076E-16
14761.0,2.336877594947294E-5,0.9982290514445036,0.0017351987492747417,1.2381030272131355E-5
14522.0,2.4488368416785418E-5,0.9999754679603722,4.367114061331716E-8,7.043693448137225E-14
14260.0,0.9999999283437453,7.141921675885327E-8,2.370377596115573E-10,2.2311061816676326E-16
15453.0,1.806953913072577E-4,0.9237755565885124,0.04799350979282177,0.02805023822735857
15694.0,0.09875042143168818,0.8872741025514341,0.013926458076182896,4.90179406946831E-5
14353.0,0.9999999983714521,1.6121589032096792E-9,1.6388957379672576E-11,2.5324895110194747E-18
14111.0,0.9999995874568789,3.6987015539628807E-7,4.267296042128211E-8,5.292699593055739E-15
14594.0,0.9999999992412134,7.556460401849353E-10,3.1405937153324362E-12,2.0085374824565337E-19
15140.0,0.9999975585972379,2.434704755426695E-6,6.697879367624088E-9,1.2734000573545695E-13
14903.0,0.9999999997616031,2.3822016062859887E-10,1.7682692868690306E-13,2.9638623176809025E-20
15538.0,0.9999846998752026,1.5298903741486484E-5,1.2210559172206026E-9,1.831771320338334E-16
14590.0,0.8197428028047884,0.1801674371146941,8.966417378292567E-5,9.590673451395173E-8
14320.0,0.9966966992548076,0.0033032232396408468,7.73757645143045E-8,1.297870868965221E-10
14051.0,5.784506883082235E-6,0.9771855067041928,0.02273268662914472,7.602215977934827E-5
14829.0,0.9634629356595189,0.036536956429082855,1.0749783795006318E-7,4.1356019231414575E-10
15307.0,0.999999996317452,3.6797340652554134E-9,2.8139558192787207E-12,1.5348422387313687E-19
15064.0,2.225125329521434E-5,0.9920668733715188,0.007910456370335028,4.190048509446077E-7
15747.0,4.933878859054612E-16,0.5275121575201335,0.18359299014310568,0.2888948523367603
15504.0,0.9999999996415846,3.581516193832132E-10,2.6370879886363287E-13,4.393133592405142E-20
14799.0,0.8622995968364423,0.13768794475609475,1.244226313525486E-5,1.6144327600682445E-8
14017.0,0.9999967412337645,3.2549979962902525E-6,3.768239014753371E-9,1.120952379093759E-16
14290.0,0.9998673979345607,1.3054575125214E-4,2.055767698182544E-6,5.464891303877989E-10
14556.0,0.9999999995519617,4.478810433532719E-10,1.571193556197415E-13,4.5579056244945274E-20
15098.0,0.9999066798630352,9.331831243372038E-5,1.8220856069787259E-9,2.445356707180166E-12
15337.0,0.9999999968163705,3.1770551731827254E-9,6.574383989046966E-12,5.706923976706079E-19
15724.0,0.3423178471283895,0.6550827419205016,0.0025968424114867915,2.5685396221041347E-6
15487.0,0.9999999994351642,5.64475974705919E-10,3.598062763058746E-13,7.995751615245861E-21
14624.0,0.9999999995434179,4.5639114292533434E-10,1.9103256404861495E-13,1.0693613845320908E-19
14141.0,0.0702909266947494,0.46339555213153616,0.4662580324048387,5.5488768875666614E-5
14387.0,0.9999999996427436,3.5665033794154023E-10,6.061028051095087E-13,4.2197207667843094E-21
14869.0,8.329992685583202E-6,0.780495167469997,0.21947690887177815,1.959366553928476E-5
15110.0,0.9999999992412134,7.556460401849353E-10,3.1405937153324362E-12,2.0085374824565337E-19
15276.0,0.9976971887313987,0.00230279139079087,1.9860664141513315E-8,1.714645624688879E-11
15039.0,0.9999998686459993,1.3135300499612193E-7,9.956149620108294E-13,2.6084732289574485E-18
14489.0,0.9775525336486942,0.02244571125686884,1.7537286606916158E-6,1.3657763198774937E-9
14231.0,0.011489576707057162,0.988504220297077,6.202995549262559E-6,3.166025229237569E-13
14730.0,0.99999999958578,4.141209921809195E-10,9.911009398463121E-14,1.3396045291809516E-20
15573.0,0.9999923982627543,7.6013430512369125E-6,3.941256322276273E-10,6.876271631603611E-14
15171.0,0.06109694590755806,0.8958371575558968,0.042987040422092095,7.885611445309172E-5
14928.0,0.9999999991490981,8.50333983780226E-10,5.680463531973338E-13,1.0892036432960436E-19
14454.0,0.9999989920287734,8.319672905243506E-7,1.760039228083236E-7,1.3218000690810154E-14
14200.0,0.9999994442128646,5.557465999183039E-7,4.053440628252142E-11,9.515687786933101E-16
14693.0,0.0031979555131084656,0.3364737308980637,0.6013570036668986,0.058971309921929276
15418.0,0.9999999996081297,3.90445458663473E-10,1.4247306083669554E-12,8.587177744305104E-20
15657.0,0.9999990987366375,9.012384020615054E-7,2.496034514564023E-11,6.179863554535023E-17
14962.0,0.9999534922103166,4.650695216130597E-5,8.367616031683645E-10,7.606217415394182E-13
15201.0,0.9999998414986802,1.5849604760614538E-7,5.272200033464738E-12,6.648313525660781E-17
14663.0,3.103685642222341E-16,5.645257501467535E-4,0.3642940525519102,0.6351414216979427
14170.0,0.9999988646824433,1.1323725868317675E-6,2.944951770762869E-9,1.810918760820323E-14
14420.0,6.3552221814351E-10,0.945275220072986,0.053893837085573874,8.309422059178504E-4
15627.0,3.8125166680967935E-8,0.0010765222574032475,0.9988211924408245,1.022471766056649E-4
15384.0,4.264838448066032E-7,0.9998418199538722,1.5775341375608048E-4,1.485270305103537E-10
15005.0,0.12539284845947044,0.8746055430731556,1.608310722437073E-6,1.5665157459105243E-10
15246.0,1.485078185200229E-4,0.9997801486602681,7.131592091593604E-5,2.760029585696849E-8
14760.0,0.7423585641881782,0.25763512978708974,6.303164890751043E-6,2.859841289084193E-9
13990.0,0.0069716201520512834,0.9385075969148533,0.04647301108011145,0.008047771852983856
14261.0,5.1363416711885705E-37,7.894914447566139E-15,0.1949930614617703,0.8050069385382219
14523.0,0.9999998886276316,1.1126253526951138E-7,1.0983312281328092E-10,2.9019006065625987E-18
15607.0,3.826293922022191E-11,0.6815103965121402,0.3182799161287701,2.0968732082689848E-4
14110.0,5.9762653021082545E-9,0.8163726564747625,0.18362531316774214,2.0243812299368456E-6
14352.0,5.5793138383445E-10,0.9999433735253401,5.662575212465103E-5,1.64603770004618E-10
14595.0,0.9929526472233051,0.007046866510897471,4.859928752921566E-7,2.729221805630736E-10
15141.0,0.9999999990487619,9.507511057951879E-10,4.869855179847374E-13,4.98929874674047E-21
14902.0,0.01507101169556186,0.8243141489611602,0.15339902181329954,0.0072158175299784685
15452.0,0.9961847216443226,0.003812528656775001,2.729315925281685E-6,2.038297708563604E-8
15695.0,0.9999952588562714,4.741061817135307E-6,8.190810999856929E-11,3.4576127888923976E-15
14321.0,0.9999944845616586,5.515407336621544E-6,3.099930034674351E-11,5.368203709018882E-15
14591.0,0.9999992055180094,7.934294943450944E-7,1.0524717274595257E-9,2.4566913149933687E-14
14828.0,0.002489974057537084,0.9917040633576398,0.005684679163115243,1.2128342170781057E-4
14050.0,1.4701451698151567E-4,0.9783750133828865,0.021477971845916034,2.542158642152528E-10
15306.0,1.934201828523263E-16,0.004857788788213364,0.40444827112478704,0.5906939400869995
15065.0,0.9967539662657786,0.003245774222298419,2.5944916270772455E-7,6.276028892428016E-11
15539.0,0.9999999632000077,3.6746854492066146E-8,5.313785364475944E-11,2.5173510054138104E-19
14016.0,0.9997840982831437,1.742001781421195E-4,4.170151211297589E-5,2.6601119025281978E-11
14798.0,0.9999999994345288,5.651749836518959E-10,2.9626819074419476E-13,1.1916456386870453E-19
14557.0,1.0033343650321519E-10,0.6524491126533492,0.0011403668436650845,0.3464105204026523
14291.0,0.008024773198582682,0.9884219747029993,0.0035529486493843187,3.034490336855764E-7
15099.0,0.9865542649378743,0.013443036412582344,2.6973751460079655E-6,1.2743972706203707E-9
15336.0,0.9999999990842167,9.147057621576409E-10,1.077433506079253E-12,1.1750150252701916E-20
15746.0,0.9999999978287302,2.1698346215394667E-9,1.4351101980317185E-12,7.365258875824694E-20
15505.0,0.6589990085663878,0.34097055361988055,3.0089899515657533E-5,3.4791421595112963E-7
14625.0,0.9998303495586068,1.6952055492931725E-4,1.2942972643264783E-7,4.567373614814506E-10
14386.0,0.0023975659398216545,0.996594357750108,7.232537937115777E-4,2.8482251635881465E-4
14140.0,4.873297060792421E-11,0.999981574683439,1.8256093626197343E-5,1.6917420176066014E-7
14868.0,0.9999999663983573,3.3465162313610495E-8,1.364802116826714E-10,9.296517595560267E-17
15111.0,0.006582620895690134,0.9934067133257034,1.0662459507986871E-5,3.31909853791781E-9
15725.0,0.8957020963070401,0.10418042853769689,1.1724843016964666E-4,2.2672509324254143E-7
15486.0,4.534747555551973E-7,0.6163295488872192,0.38216371097303237,0.0015062866649928337
15658.0,2.5931031857420005E-8,0.502460022289349,0.39210338555847546,0.10543656622114364
15417.0,0.9180102390626923,0.08197667894871567,1.3076895820813511E-5,5.092771148266852E-9
14931.0,0.999999998803936,1.1946586449980495E-9,1.4053641348256982E-12,1.5409089974588777E-20
15168.0,3.211470994533537E-8,0.023149462796662242,0.6315914296599485,0.34525907542867934
14694.0,0.9999973265372237,2.6734032769234083E-6,5.949783771081452E-11,1.4622583211313016E-15
14203.0,0.007759211090531816,0.9919975898222211,2.4319898092313785E-4,1.0632387324614247E-10
14453.0,0.9907896051607941,0.009202842620185477,7.490661423945762E-6,6.15575965858382E-8
15574.0,0.999605742040064,3.942550970349151E-4,2.8628466926910475E-9,5.426633259125572E-14
15036.0,0.9873233966340723,0.012676483093055796,1.2026038062993075E-7,1.2491224021971267E-11
15279.0,0.9723314814504854,0.02766850749768114,1.1046468596066342E-8,5.364820820688828E-12
14729.0,0.9999999996958343,3.040139964124552E-10,1.5179645091089566E-13,8.099551361616701E-21
13959.0,0.9997006297417731,2.9937015414786605E-4,1.0389433734177214E-10,1.8470720452008512E-13
14228.0,1.3231266721168854E-5,0.9999836017002925,3.1669446299234405E-6,8.835634021125068E-11
14490.0,0.004012468485350007,0.9959537678176278,3.3754462433774645E-5,9.234588439473928E-9
15604.0,0.9996220577853175,3.7775768324529877E-4,1.819003204319562E-7,2.6311167764565787E-9
15245.0,1.7105086586745549E-9,0.7369571461401038,0.03749192328092214,0.2255509288684653
15006.0,0.5525196445158231,0.44747906916251534,1.2849843292318907E-6,1.337332088407123E-9
14520.0,0.9999997965316169,2.034670353588983E-7,1.3477056593420167E-12,1.3677592521693055E-18
14262.0,4.000436202059114E-13,0.0024732507750029665,0.51418405354727,0.483342695677327
13989.0,0.8742000381585463,0.12309251563614247,0.0027070324385510833,4.137667602956143E-7
14763.0,0.2479087594668264,0.7517856908042077,1.33170886354553E-5,2.922326403305321E-4
15387.0,0.9999999996295321,3.701051618591121E-10,3.626492615232905E-13,4.0036533876631553E-20
15624.0,0.999999999661673,3.3818869599737713E-10,1.3842642503854986E-13,2.8131826432273173E-21
15202.0,0.9999994717513068,5.281444941486567E-7,1.0419862717455765E-10,4.56286721493602E-16
14961.0,0.9999999994953831,5.028691567045035E-10,1.7478259640276987E-12,1.5948012711294959E-19
14423.0,0.9999999995866504,4.13145054243564E-10,2.0445671229875014E-13,1.1046758861543816E-20
14169.0,0.9999004408309201,9.955897686843944E-5,1.8925618838455926E-10,2.9551180794139405E-12
14660.0,0.9999999997299976,2.697737168729028E-10,2.286086643902589E-13,2.5499981350925017E-20
15536.0,0.040645588987937985,0.956829969027605,0.002524408187181043,3.37972760028693E-8
14049.0,0.9999999148635268,8.513398583025936E-8,2.4873409087948483E-12,5.596700145139689E-19
14831.0,0.9999379645284832,6.203473007616406E-5,7.414036722538132E-10,3.698226117977909E-14
14588.0,1.9546478232381688E-9,0.3192336091762343,0.27149869329961573,0.4092676955695021
14322.0,0.9999785677619909,2.1413560854473723E-5,1.8658972430132906E-8,1.8182211950205223E-11
15066.0,0.9541754252102597,0.0458223490568028,2.1474604813875158E-6,7.827245609716732E-8
15305.0,0.9999999989557742,1.0435761746805464E-9,6.497881413049885E-13,1.7206740505858786E-20
15692.0,2.084795263557202E-8,0.9549638313526515,0.04486657510536691,1.6957269402896719E-4
15455.0,0.9964477281693385,0.00354926029222957,3.0075796905681533E-6,3.958741388368792E-9
14592.0,0.9999999812158148,1.8779215299672066E-8,4.96975855024719E-12,1.2595372346477974E-20
14355.0,0.9999999997843108,2.1560048234669284E-10,8.864129087393651E-14,4.716771193375182E-21
14109.0,0.997629194598101,0.0023706558325753855,1.493472039417914E-7,2.2211975160362592E-10
14901.0,0.9999071683611791,9.282876582882295E-5,2.871791271434764E-9,1.2006576803660522E-12
15142.0,0.05321399096152152,0.9350315969926503,0.011744680217968918,9.731827859330057E-6
15485.0,4.235189753070541E-6,0.975950441615727,0.02367175405772594,3.7356913679393E-4
15726.0,8.620122880528827E-6,0.9491011234929176,0.05088982193767196,4.344465298089835E-7
14143.0,1.3880924162410103E-24,2.5510854204357873E-5,0.01505662105337934,0.9849178680924163
14385.0,0.9999648275476798,3.51716127521168E-5,8.392770357951708E-10,2.910797527201194E-13
14626.0,0.9997913017474671,2.0851890085840297E-4,1.7872022184667678E-7,6.314526487801073E-10
15108.0,0.9999975077104324,2.4921581850367204E-6,1.3137865650711576E-10,3.9790624917363025E-15
14871.0,0.9995736408876897,4.263445536778286E-4,1.455499027344172E-8,3.642125416161994E-12
15506.0,0.9999999944101675,5.5857678140173364E-9,4.064656324814559E-12,1.6089622628412155E-18
15745.0,0.9982070047035705,0.0017929660768179353,2.921793558448272E-8,1.6759848648882775E-12
14288.0,0.4831704579914718,0.5168292624580496,2.795029578940488E-7,4.752082376307864E-11
14558.0,0.5683025549977565,0.43158368218871945,8.250786230364944E-5,3.1254951220532716E-5
14797.0,0.9999134156812324,8.655422035940101E-5,3.009827866577346E-8,1.29536916362301E-13
14019.0,0.9999946786995305,5.320569696187722E-6,7.307226126527259E-10,5.0705581213691236E-14
15339.0,2.5906012345930223E-13,0.004690695758168087,0.6695336256397572,0.32577567860181583
15096.0,0.9999989775006732,1.0224305179789975E-6,6.88073032655066E-11,1.588633112862637E-15
14930.0,0.9999999997390444,2.6078632722527095E-10,1.6919029185345335E-13,2.800406573167875E-20
15169.0,0.9999999999441216,5.585430259359858E-11,2.4014344780695908E-14,3.223415103965663E-21
14695.0,0.9999992888209102,7.111725973967712E-7,6.49237178529334E-12,1.1934466774026946E-16
14452.0,0.9784207106959283,0.02146585176057513,1.080212636987974E-4,5.416279797784685E-6
14202.0,0.9999986973561577,1.302605929075423E-6,3.791183771470848E-11,1.3817061430835055E-15
15659.0,0.9999999939166853,6.039382606173658E-9,4.393209491876634E-11,5.513253199148281E-19
15416.0,0.9999997632974355,2.3665489406400065E-7,4.767008576755643E-11,4.162747461001479E-16
15037.0,0.002674656034616526,0.9969874569508108,3.378797517208488E-4,7.262851661239398E-9
15278.0,0.9999948496179029,5.150374406063782E-6,7.68974801312012E-12,1.3485044191679883E-15
14728.0,0.9987975029430585,0.0011994336385407938,3.0632594173976557E-6,1.589833597322922E-10
14491.0,0.9999999619694332,3.792856213251731E-8,1.0200469106385886E-10,3.0516739570917993E-18
14229.0,0.9999999992412134,7.556460401849353E-10,3.1405937153324362E-12,2.0085374824565337E-19
15575.0,0.9999999924434405,7.556012176150157E-9,5.473141414502236E-13,6.760317331649046E-18
15244.0,0.9999983410169296,1.6589383705207588E-6,4.469929779940579E-11,5.351871372889459E-16
15007.0,0.999997988886025,2.0111055812345963E-6,8.39361019330172E-12,1.181200123756433E-16
14263.0,0.9999987689771946,1.2063223672621047E-6,2.4700426411627658E-8,1.1584607060747506E-14
14521.0,0.9553893527069318,0.04461059301078267,5.427949626818761E-8,2.78911318052801E-12
14762.0,0.9999463224560446,5.367682511867298E-5,7.186651369222814E-10,1.7147379837041148E-13
13988.0,4.774742774361108E-4,0.9983458774951501,4.3939358085841464E-4,7.372546465554147E-4
15605.0,0.9330340684691575,0.06692042064718245,4.5340732791129686E-5,1.7015086877089294E-7
15203.0,0.9999999992559743,7.438293730609409E-10,1.9632586943374555E-13,2.884207429986541E-20
14960.0,0.9999994152275384,5.847595052505443E-7,1.2955697903245654E-11,5.081131156740544E-16
14168.0,0.9999998849355493,1.1432828499758192E-7,7.361658132423665E-10,4.499708785709649E-17
14422.0,0.9999998329918586,1.670068450350195E-7,1.2964120255163442E-12,6.530505761978452E-18
14661.0,0.9999999995866504,4.13145054243564E-10,2.0445671229875014E-13,1.1046758861543816E-20
15386.0,0.9999999992602049,7.393211187739075E-10,4.739449936641685E-13,1.0488252174857241E-20
15625.0,0.8231318995375955,0.17684280230567054,2.5298133847413344E-5,2.288653697332087E-11
14830.0,4.910782908317776E-4,0.9929532412940987,0.006555418642767585,2.617723020041042E-7
14048.0,0.9999999995866504,4.13145054243564E-10,2.0445671229875016E-13,3.1328168902830644E-20
14323.0,0.00185616090575973,0.9972140162994375,9.294942669492612E-4,3.2852785344510897E-7
14589.0,0.9999995132711761,4.804413123731846E-7,6.28746940004751E-9,4.2009830214191596E-14
15067.0,0.06899564637375442,0.92642208122637,1.168539258946485E-4,0.004465418473980789
15304.0,0.999999979601427,2.039103324659625E-8,7.539850519421451E-12,4.4218483756241946E-18
15537.0,0.008579576379302777,0.9854313354358838,0.005984932187331932,4.1559974813232966E-6
14593.0,0.8878992110659574,0.11196234672907712,1.3843862456684795E-4,3.5803986294488802E-9
14108.0,0.999276933238065,7.230580033031673E-4,8.755166809865512E-9,3.4652350752215465E-12
14354.0,0.9999881994243157,1.1799107343855798E-5,1.4683051086029414E-9,3.5352655983987156E-14
14900.0,0.3416480933848079,0.657885797449395,4.6515238822113285E-4,9.567775758425576E-7
15143.0,0.9999689631509469,3.1034936474443674E-5,1.9123219839485107E-9,2.5669098730577674E-13
15693.0,0.9999999917730698,8.225497693879265E-9,1.432648173330468E-12,2.455050431734566E-19
15454.0,0.0010368720509870133,0.959509528190175,0.03940790937764374,4.569038119434067E-5
14384.0,0.8041539160348206,0.1958086982766763,3.7385197956083067E-5,4.90547038863818E-10
14142.0,0.9999272175146282,7.277299289032996E-5,9.492346896906228E-9,1.3461047872056955E-13
14627.0,8.06295552066439E-4,0.9991930927353079,6.067860783558764E-7,4.9265472985073514E-9
15109.0,0.9910880200197859,0.008910875788127973,1.1027585580791606E-6,1.4335280868003803E-9
14870.0,0.7340532889310629,0.2659217328982142,2.4978032724073943E-5,1.3799896114360838E-10
15484.0,0.9999999990842167,9.147057621576409E-10,1.077433506079253E-12,1.1750150252701916E-20
15727.0,0.9999999995864879,4.1309336213029556E-10,4.188466253376372E-13,4.599628622507641E-21
14559.0,0.3576608001547221,0.6406391692844536,0.0016922934355133828,7.737125310818707E-6
14289.0,0.9999999998256563,1.7427882188888364E-10,6.478854062476189E-14,7.428466265025081E-21
14018.0,0.9925159965584082,0.0074801597460164345,3.8049572742660567E-6,3.873830112440359E-8
14796.0,0.9999999990487619,9.507511057951879E-10,4.869855179847374E-13,4.98929874674047E-21
15338.0,0.9587877986545685,0.0411888490152035,2.3301970916684103E-5,5.0359311384599734E-8
15097.0,0.9999999666437697,3.335548262102649E-8,7.478020903592095E-13,8.01438253099429E-20
15507.0,0.9998845992869999,1.1540013060963379E-4,5.823399385632869E-10,5.043951642496267E-14
15744.0,8.681674973394862E-17,1.1306195633209909E-4,0.9042365675561893,0.09565037048747847
15630.0,0.9999999974503792,2.548779573568825E-9,8.413392650715143E-13,9.981113029160622E-21
15389.0,1.938934719031256E-11,0.9726210144811741,0.0272629668239765,1.1601867546018738E-4
14658.0,0.9999987730171901,1.2267496775973922E-6,2.33131167499936E-10,1.0847079979489522E-15
14417.0,0.997451589813056,0.0025481962576339246,2.1389336020770977E-7,3.594980213551509E-11
14175.0,0.9999205541056361,7.943255814622815E-5,1.3333270596051857E-8,2.9470213458994788E-12
14967.0,0.9999999997591955,2.407284020592114E-10,7.607240660105326E-14,1.0543978558845771E-21
15204.0,0.9999998126810028,1.8731530771332438E-7,3.689317753541469E-12,1.7847326387162887E-16
15602.0,5.315523403918895E-9,0.003245737489041306,0.9967123511360305,4.190605940479018E-5
13987.0,0.9999999992559743,7.438293730609409E-10,1.9632586943374555E-13,2.884207429986541E-20
14765.0,0.8828190272775784,0.1171400733447453,3.97159367652968E-5,1.183440911038719E-6
14526.0,0.9999246895659567,7.530538816117513E-5,5.0447035050313646E-9,1.178595137148477E-12
14256.0,0.9999996940734687,3.0516252731375167E-7,7.640039139791431E-10,5.311468204615052E-17
15000.0,0.9999887624044976,1.1183820522215835E-5,5.377497720190127E-8,3.0002959898536913E-15
15243.0,0.29435776213696613,0.7053808677632425,2.6127107069900827E-4,9.902909245668508E-8
15568.0,0.9999999995866504,4.13145054243564E-10,2.0445671229875014E-13,1.1046758861543816E-20
14226.0,0.12322720776032398,0.8675545524201055,0.009204511184203276,1.3728635367181842E-5
14492.0,0.9974625281205841,0.0025371071899610164,3.646310487695292E-7,5.840605742795232E-11
14735.0,0.9999019141239179,8.213200891639158E-5,1.5953724145907756E-5,1.4301980502862877E-10
15273.0,0.7281245310960694,0.2718689250834024,6.531271459571673E-6,1.2549068559402345E-8
15034.0,0.6183859923557226,0.3567410725630137,0.02486716719725479,5.767884008888347E-6
15423.0,0.9695451189498833,0.030449822906548175,5.00012904293476E-6,5.801452552920225E-8
15660.0,0.9999999511578457,4.875544720234179E-8,8.67071536484053E-11,2.844871427563495E-17
14205.0,0.9999999992559743,7.438293730609409E-10,1.9632586943374555E-13,2.884207429986541E-20
14451.0,0.9999999992412134,7.556460401849353E-10,3.1405937153324362E-12,2.0085374824565337E-19
14688.0,0.9999999985171004,1.475960854284596E-9,6.938747689364133E-12,3.2126199921560552E-18
15174.0,1.3172165355267959E-8,0.9996949567016361,3.0495184206491967E-4,7.828413370840217E-8
14933.0,7.442028345787196E-34,9.854951012444416E-10,0.0065115827022818274,0.9934884163122232
15751.0,0.999999237619679,7.623759309697592E-7,4.389814387231208E-12,1.2482996508403472E-16
15508.0,3.5318905828526006E-12,0.5343366983987212,0.3649452556009791,0.10071804599676777
15102.0,2.749965305178421E-4,0.9977635303719736,0.0019332985958875656,2.8174501620799163E-5
15341.0,0.9999987107072594,1.2861767386820019E-6,3.115978655519497E-9,2.3250000824725383E-14
14795.0,0.7644292356286608,0.23555419442874637,1.655949511649107E-5,1.0447476542174537E-8
14021.0,0.6468259122938637,0.35317200655534386,2.0533407551677253E-6,2.7810037317257432E-8
14294.0,2.481660939860007E-5,0.42570408489312267,0.40328334535801114,0.17098775313946762
14552.0,0.9999999987691224,1.2272611443944806E-9,3.6164274394941546E-12,1.1431718175701161E-18
15720.0,0.9999999869031292,1.3083157324650858E-8,1.3713496442507984E-11,2.9736658690746484E-19
15483.0,0.9999999994489052,5.51004928643006E-10,8.990182696612735E-14,2.6397427475730264E-21
14865.0,1.9512983345101702E-5,0.552454303119423,0.42818530968852697,0.019340874208704766
15106.0,0.9999783358487799,2.1664143911853098E-5,7.302963141936357E-12,5.263047962370527E-15
14628.0,0.9999446930564302,5.530678325248036E-5,1.6031486744511575E-10,2.425422851276013E-15
14137.0,1.2456743041138638E-5,0.99969786821838,2.861192499359181E-4,3.5557886429385875E-6
14391.0,0.9999998961228843,1.0387525394792237E-7,1.861809508985922E-12,2.5435705866126173E-17
15449.0,0.9999999994345288,5.651749836518959E-10,2.9626819074419476E-13,1.1916456386870453E-19
15690.0,0.9999999992559743,7.438293730609409E-10,1.9632586943374555E-13,2.884207429986541E-20
15136.0,0.9999996757567652,3.242403073446337E-7,2.926814530645389E-12,5.147877405578115E-16
14899.0,0.9994415146207756,5.584656352137975E-4,1.953956279036534E-8,2.0444767488735647E-10
14357.0,0.08734306647432294,0.6917398637024313,0.21785107626382924,0.0030659935594164788
14107.0,5.664394434673053E-10,0.008900713927081723,0.7108365202945995,0.2802627652118792
14598.0,5.07820200645042E-5,0.9999289185466429,2.0182154161539624E-5,1.1727913099521622E-7
15542.0,4.9141507165782896E-9,5.195353327746062E-4,0.9128120439191797,0.08666841583389501
15311.0,8.787093666119882E-22,6.615396959442331E-8,0.20854448822411473,0.7914554456219156
15068.0,6.373512304087037E-34,2.3807484440689843E-11,0.05706893563062088,0.9429310643455716
14586.0,0.486871296257547,0.4711414109981733,0.04193360228777564,5.3690456504093325E-5
14324.0,0.930839834440238,0.06906120633761775,9.886779712178678E-5,9.142502244399752E-8
14055.0,0.9999964598587249,3.539566441049932E-6,5.748221744177465E-10,1.1996248146686613E-14
14825.0,0.6810575450235884,0.2363260492462082,0.08225103682551119,3.653689046924009E-4
14659.0,0.0013188552571544556,0.9871061677086311,0.011574378460076968,5.985741374550738E-7
14174.0,0.9999999991201856,8.789103869597442E-10,9.041482172236049E-13,9.923807172649682E-21
14416.0,0.9999894560755798,1.054362989520438E-5,2.9452203705345555E-10,2.987655835947071E-15
14966.0,0.5576158871320049,0.44103851296218755,0.0013455878056741993,1.2100133419450221E-8
15205.0,0.9999966449000104,3.3550844277508255E-6,1.5561804465008086E-11,1.2092597709961514E-16
15631.0,0.9365494208621048,0.06345054344388142,3.551208188618259E-8,1.8193177114382213E-10
15388.0,0.999987412897428,1.0790881266222725E-5,1.7962208669118413E-6,4.389316004190769E-13
14764.0,1.705959231993886E-14,0.24890383788890355,0.7006242162373912,0.05047194587368815
13986.0,5.4659199907275256E-5,0.9953239071014353,0.0045914052798585025,3.002841879888944E-5
14257.0,1.3987436249237876E-16,1.560577407723284E-5,7.295590584120646E-7,0.9999836646668642
14527.0,0.9973137383306607,0.0026861720831015214,8.9566503669303E-8,1.9734118474147118E-11
15001.0,0.9999999204708274,7.948721382825442E-8,4.195861710548993E-11,3.7990667503354735E-17
15242.0,0.9957117876301623,0.004288088818404507,1.2353681802959753E-7,1.4615100885444193E-11
15603.0,0.9999938505666768,6.14936321446758E-6,7.010888597030563E-11,2.82785144339182E-17
14493.0,0.9999999969665988,3.0202801274003407E-9,1.3121076486016061E-11,4.412475721169561E-19
14227.0,0.8821620864835668,0.11783076102043782,6.856444334165408E-6,2.9605166119212835E-7
14734.0,0.9999999998864643,1.1304007436721322E-10,4.957175667863828E-13,2.8213651150136814E-20
15272.0,0.9998820876788777,1.179114140154196E-4,8.892884975497187E-10,1.781839683291616E-11
15035.0,1.7737543981075872E-5,0.9982117840322177,0.0016312436364766315,1.392347873246549E-4
15569.0,0.9998952385460754,1.0473508839409947E-4,2.634152893754881E-8,2.4001590571972046E-11
14450.0,0.9999999991210525,8.787932254511207E-10,1.5422972263990748E-13,1.5940197913973623E-20
14204.0,0.5973990139871713,0.402593531466934,7.453694261965614E-6,8.516326485921256E-10
14689.0,0.027656262567581948,0.9710875017625747,0.0012557482104956891,4.874593476092048E-7
15175.0,0.9999215982014457,7.840134482640109E-5,4.532532108272483E-10,4.748316762804455E-13
14932.0,0.9999999997781021,2.2165458022858463E-10,2.4339965708694523E-13,3.6606851619965116E-20
15422.0,0.9999999595863771,3.973290055536274E-8,6.807219308119521E-10,3.66320273891297E-16
15661.0,4.70495009702831E-6,0.9996843234781732,3.1058143112969107E-4,3.90140600134132E-7
15103.0,0.999999999496784,5.029250447063627E-10,2.910321622729703E-13,4.23833880209877E-20
15340.0,0.0033111525375925563,0.7159726644909176,0.28070373031535717,1.2452656132824146E-5
14020.0,0.03285470220731158,0.9665082936585135,4.756581519849363E-4,1.6134598219002706E-4
14794.0,0.9999999836565762,1.6107368002660188E-8,2.360543536780549E-10,1.382071103818057E-15
14553.0,0.9981338235914043,0.0018660631681581784,1.1323165073836377E-7,8.786901742897644E-12
14295.0,0.9999971946901421,2.796796106173169E-6,8.512657054487479E-9,1.0947186486175797E-12
15750.0,0.9999999993887804,6.108459604139295E-10,3.7375996856117103E-13,2.9365070456920508E-21
15509.0,0.9999993748929762,6.12971109628537E-7,1.2135913869217988E-8,2.806850856024333E-16
14864.0,0.9363010519990864,0.06369838894510974,5.554524193600033E-7,3.603384431037748E-9
15107.0,0.9999999993887804,6.108459604139295E-10,3.7375996856117103E-13,2.9365070456920508E-21
14629.0,0.9999991318250372,8.681672345920106E-7,7.728293316723623E-12,2.5676591291316118E-17
14390.0,0.8996872065756506,0.0993196265620197,9.924835293385493E-4,6.833329910777512E-7
14136.0,0.9999999994526919,5.46955757797752E-10,3.5228152694735044E-13,7.786245866925681E-21
15721.0,0.9999998923597485,1.0763667842577716E-7,3.572726203348185E-12,3.2685861300730275E-16
15482.0,0.9997409549020975,2.590383261529159E-4,6.75402763111003E-9,1.772206992185266E-11
15137.0,0.9999986474780416,1.3524838691233422E-6,3.8079294947810945E-11,1.0115842823732479E-14
14898.0,0.9999999984292148,1.5699842756988232E-9,8.009108480326973E-13,1.3191311571009488E-20
14106.0,0.9638659191193544,0.03613377621686536,3.046598485021461E-7,3.931670701115686E-12
14356.0,0.999992742487125,7.257448555715501E-6,6.431105301831211E-11,8.278039881789607E-15
14599.0,0.4498054893024928,0.5477300293002981,0.0024638373732005217,6.44024008517238E-7
15448.0,0.9999999997232591,2.7661807185438064E-10,1.2281880955072382E-13,4.4166984741441134E-20
15691.0,0.9999998818349787,1.1816440537623381E-7,6.160974791663997E-13,3.800960513864784E-17
15310.0,0.9993333817303675,6.665895656839824E-4,2.867748098342373E-8,2.646761181180148E-11
15069.0,0.9999194495816195,8.055038755419318E-5,3.082497548239746E-11,1.4063153654757247E-15
14325.0,0.9999897037492667,1.0296216532813568E-5,3.4199083362781153E-11,1.3451351940151431E-15
14587.0,0.9999978806568826,2.1192415548023563E-6,1.0154556698546841E-10,1.7213634757173712E-14
14824.0,0.9999999965142493,3.4847331777897704E-9,1.0174869742431403E-12,2.6371476470523907E-20
14054.0,0.010468094430369517,0.10598238056800592,0.8712550390276536,0.012294485973971064
15543.0,0.9999908113051127,8.994020948685265E-6,1.946737111782021E-7,2.2734755160861225E-13
15600.0,0.999743338275685,2.565912178220078E-4,6.765710998834461E-8,2.8493830411357056E-9
14524.0,0.9999999999191155,8.086129287375183E-11,2.3195223329374306E-14,3.2577420514929766E-21
14258.0,0.9999934885064563,6.511139896269685E-6,3.536326621198548E-10,1.4566841774395644E-14
13985.0,0.9998836193388909,1.1634734603207175E-4,3.3311150477928806E-8,3.926468668482451E-12
14767.0,0.9999606706685009,3.9329159220331034E-5,1.7122738199867782E-10,1.0512480103975277E-12
15241.0,0.625415088455104,0.3745813722467942,3.539223828571743E-6,7.427317496061088E-11
15002.0,2.32075465632608E-9,0.6624954104599905,0.33372181821728353,0.003782769001971327
15391.0,0.9999930774808266,6.922177404932886E-6,3.414781711613227E-10,2.902692686772311E-13
15628.0,0.9999998741978452,1.2577199359856157E-7,3.0161200388806E-11,1.6955485523604091E-18
14419.0,0.9187600612180076,0.08118240592757911,5.748033194522907E-5,5.2522468133134596E-8
14173.0,0.9999220138614591,7.798575293962678E-5,3.841046803227032E-10,1.4966208483389095E-12
14656.0,2.382685703589141E-10,0.24585866724229277,0.7031269421973941,0.05101439032204454
15206.0,0.9999999995251118,4.724897205224561E-10,2.398552888260108E-12,2.9018835231534376E-18
14965.0,0.7317258333163724,0.267977823898623,2.963382694711426E-4,4.515533292447006E-9
15662.0,0.9999999839329707,1.5657583466063967E-8,4.094455977202987E-10,1.676466019508461E-16
15421.0,2.452897631632828E-8,0.8206212712796871,0.0024627100345516258,0.17691599415678483
14690.0,0.9999911895769084,8.810400823497847E-6,2.2264483679491526E-11,3.628976402442137E-15
14207.0,0.998727656432014,0.0012719240698627018,4.192651023413318E-7,2.330208893435654E-10
14449.0,0.999999998803936,1.1946586449980495E-9,1.4053641348256982E-12,1.5409089974588777E-20
14935.0,0.9981063140992785,0.0018820622728899004,1.1601668053692924E-5,2.1959778043156376E-8
15172.0,0.7778901171596256,0.2220339805708443,7.588941567370832E-5,1.2853856294871779E-8
15570.0,0.9951868529546161,0.0048129491304199044,1.6147623807947705E-7,3.643872584043154E-8
14733.0,0.9983703596099098,0.0016275696468226947,2.0627811192485802E-6,7.962148270116249E-9
14224.0,0.7397472637221113,7.766756473061785E-4,0.25947581125606334,2.493745190794935E-7
14494.0,0.9999999986743687,1.3244958042231206E-9,1.1353816649142723E-12,7.361748892277443E-20
15032.0,0.9999999991529512,8.454605837823159E-10,1.5881782600525723E-12,3.7101280089391744E-20
15275.0,0.9998628544635385,3.2181811782617766E-5,1.0496332500116584E-4,3.996779256226507E-10
15481.0,0.9999751789097947,2.482047796025573E-5,6.121001232038087E-10,1.4489711791402756E-13
15722.0,0.9999999625213972,3.7478385631215835E-8,2.1708879234840074E-13,8.039637545985063E-18
15104.0,0.9998854395493088,1.145595126114066E-4,9.380657712136206E-10,1.4058109610685757E-14
14867.0,0.9998926309292063,1.0625001708514654E-4,1.1189988198019349E-6,5.4888544929048335E-11
14139.0,8.261718074856875E-9,0.07921699625172005,0.0028529935347939048,0.917930001951768
14389.0,0.9726797204774938,0.027292001906022368,2.8275806026157622E-5,1.8104575623303105E-9
14630.0,0.9999998667133534,1.332858995330115E-7,7.471343386205018E-13,3.1649229968254707E-18
15510.0,0.9960858475418006,0.0038595778007982705,5.443660847855085E-5,1.380489225877504E-7
15749.0,0.9999954770415294,4.52282278648027E-6,1.3568243308599043E-10,1.8175991761219838E-15
15343.0,7.457793425257813E-17,0.02085070979147174,0.4486308378077517,0.5305184524007764
15100.0,0.9999999766234278,2.3355344368956316E-8,2.1227895746209835E-11,5.75366196227593E-19
14292.0,0.9999980111115261,1.988873104712212E-6,1.5368823696707747E-11,4.593106468880539E-16
14554.0,0.9999999952621677,4.7155610360535915E-9,2.2271267189443998E-11,4.755628816449356E-18
14793.0,0.9999956150784783,4.384778149643085E-6,1.4335665553178578E-10,1.5278415325193453E-14
14023.0,3.0261748803911073E-7,0.007791593335010366,0.9855296138679266,0.006678490179574996
15540.0,0.9999936725391895,6.150929983641446E-6,1.7653062862737476E-7,1.9821025895291809E-13
15070.0,0.9999609757022138,3.90174424142857E-5,6.855006168955456E-9,3.6558422707573665E-13
15309.0,0.9999999997473799,2.524944448688489E-10,1.2556917155274052E-13,6.5075015350745165E-21
14053.0,0.9995360278511296,4.6396117990685714E-4,1.096189591160633E-8,7.0675665593124215E-12
14827.0,0.9999999922017789,7.744909140743198E-9,5.331182444211489E-11,7.865006584253662E-18
14584.0,0.9999999990487619,9.507511057951879E-10,4.869855179847374E-13,4.98929874674047E-21
14326.0,0.9999998293908683,1.706059529067377E-7,3.1787243625441513E-12,6.44151583763461E-17
15688.0,1.0929602967749804E-14,6.055145224898444E-8,0.9996584928046444,3.414466438925099E-4
15451.0,0.9999999995659492,4.3383206861891935E-10,2.187375527089566E-13,2.257138772789378E-21
14897.0,0.019897790390570907,0.9799954384465059,1.067629605700288E-4,8.20235308828846E-9
15138.0,0.9987972732696976,0.0011951948910367879,7.518385545316752E-6,1.3453720205281799E-8
14596.0,0.9999999987080149,1.291509121090828E-9,4.760334947400786E-13,9.145008543685341E-20
14359.0,0.9999997132582075,2.8673678237882507E-7,5.0100404570140075E-12,5.544287614587843E-17
14105.0,0.9999668363854178,3.3163422145483304E-5,1.9243312918964464E-10,3.588420189031698E-15
14259.0,0.04223244840534559,0.9576449176074325,1.2003914679025917E-4,2.594840431494767E-6
14525.0,0.9999998764641816,1.2353168569107774E-7,4.132593469620993E-12,5.1893164994405615E-17
14766.0,0.9999999999096483,9.005934770761774E-11,2.924763615767252E-13,1.290668303719159E-20
13984.0,0.9972718788167575,0.0027273145573110166,8.064489269506151E-7,1.7700452659492528E-10
15240.0,0.9999155733389767,8.422760480198041E-5,1.9895135255051914E-7,1.048687483816799E-10
15003.0,0.9987836251743438,0.0012163310236307607,4.379945417698531E-8,2.571189961188183E-12
15601.0,0.03680622440057826,0.9629488907980931,2.4487459507576087E-4,1.0206252810552416E-8
14172.0,0.9999460585629789,5.3941039559163526E-5,3.9742777657460613E-10,3.415454356966756E-14
14418.0,0.9999999994345288,5.651749836518959E-10,2.9626819074419476E-13,1.1916456386870453E-19
14657.0,0.9921413967003009,0.007654535096477776,2.0388565928533371E-4,1.825439358926609E-7
15207.0,0.9999999992927556,7.057002027490019E-10,1.544176282621882E-12,6.507264273243611E-19
14964.0,2.3727958232114805E-11,0.6643579885149681,0.22835565825138343,0.10728635320992047
15390.0,0.9999997303938997,2.695958289695257E-7,1.027117051568396E-11,1.1230229931532583E-16
15629.0,0.0032631840842215166,0.6459969802642629,0.028993197167543082,0.32174663848397256
14691.0,0.9997833655376411,2.1663418605289515E-4,2.7603464187813314E-10,2.713693406499109E-13
14448.0,0.7244854008653244,0.275379895835479,1.2981457152607073E-4,4.888727670696226E-6
14206.0,0.999999984396259,1.557883576133149E-8,2.490518406823858E-11,2.936233839744805E-18
14934.0,0.9887679723739896,0.008399733773323528,0.002824554354024131,7.739498662755214E-6
15173.0,0.9999999998695462,1.3043883632683234E-10,1.4981632716304476E-14,9.369465105864374E-23
15663.0,2.6877376625488857E-4,0.9988063593017306,9.24860125331397E-4,6.806683087554012E-9
15420.0,0.9481665770100643,0.05183309867856329,3.2430391522538835E-7,7.457110879671785E-12
14732.0,0.9765254768895433,0.022232391934416444,0.0012420992817452315,3.1894295106145086E-8
14495.0,0.23647121732026302,0.7045147155647216,0.05893983820011431,7.422891490112075E-5
14225.0,0.9999991699754267,8.300217473499886E-7,2.8258973645100356E-12,1.64109139475396E-16
15033.0,0.998053581283938,0.0019459513570464796,4.6432565804667914E-7,3.0333575534553485E-9
15274.0,0.9886336980457772,0.011365951941008277,3.4999652539116525E-7,1.668925040252538E-11
15571.0,1.0035421501822117E-4,0.9965887868803361,0.0033083665937073156,2.4923109383034897E-6
15105.0,0.048325389892282536,0.9473652415303103,0.003524628902088768,7.847396753183638E-4
14866.0,0.9999999964221818,3.5678388523069906E-9,9.979302013796831E-12,1.6792067791428044E-17
14388.0,5.27544954808661E-4,0.9991732175421008,2.992199796341247E-4,1.7523456401028762E-8
14138.0,0.9999843646292972,1.563533094736642E-5,3.974861553526045E-11,6.8092691300985205E-15
14631.0,0.9999999808635056,1.9135545356801608E-8,9.489772461785006E-13,5.512697327390139E-18
15480.0,4.125716770730998E-15,0.03044782206292755,0.5351047908671991,0.4344473870698692
15723.0,0.9999999975777228,2.413271237460645E-9,9.005817902974339E-12,2.821052023464954E-18
15342.0,0.9999999996295321,3.701051618591121E-10,3.626492615232905E-13,4.0036533876631553E-20
15101.0,4.3367561220844657E-13,2.8865516031650743E-4,0.7529675432552061,0.2467438015840438
14555.0,0.9999999997973293,2.0174758852504613E-10,9.231833106291133E-13,7.180018731709975E-20
14293.0,0.9999999996295321,3.701051618591121E-10,3.626492615232905E-13,4.0036533876631553E-20
