15572.0,0.9999532610299812,4.673884301572955E-5,1.2700276564371566E-10,5.221028013854216E-16
15277.0,0.9999864112957477,1.3588660608957435E-5,4.364337647352957E-11,5.107080358086776E-17
15038.0,1.395627456259993E-7,5.934984398976558E-5,0.99992462905752,1.5881535744669398E-5
14230.0,0.9999573578968677,4.26415956970327E-5,5.074350034527194E-10,3.3161400739325716E-16
14488.0,0.9997784056743451,2.2158580870127936E-4,8.5019847055621E-9,1.4968914439326862E-11
14731.0,0.9999480863150231,5.1910320513762194E-5,3.3644569630010157E-9,6.18844883692424E-15
15419.0,0.7751211489034101,0.2142344147814327,0.010636968229953333,7.4680852037525984E-6
15656.0,0.9994888255592348,5.111642203304438E-4,1.0217829746714168E-8,2.6051152191058427E-12
15170.0,0.999850501097715,1.4887841788652946E-4,6.204755710072974E-7,8.827421232532426E-12
14929.0,0.9999460561185728,5.394364981502634E-5,2.3160561254022102E-10,6.659842603624546E-15
14201.0,0.999609238571229,3.907364308773462E-4,2.4997838957025745E-8,5.460534993589103E-14
14455.0,4.722472864542167E-27,7.479734735648883E-14,0.009118799038501973,0.9908812009614233
14692.0,4.774174228301231E-8,0.9874758430070198,0.012493955239998602,3.0154011239402922E-5
15626.0,0.9931615234097934,0.006820287627506241,1.8188952076860353E-5,1.0623411714605083E-11
15385.0,0.999962071616349,3.7927700788274996E-5,6.828572602566439E-10,5.576778401200604E-15
14963.0,0.9780100375813043,0.021989797649685047,1.6473717440310925E-7,3.183616979416819E-11
15200.0,0.9065381667263469,0.0934613520716103,4.812009455759909E-7,1.0972188614532066E-12
14662.0,0.9998925730470946,1.0740270621310361E-4,2.4246667638854376E-8,2.4772891910043845E-14
14421.0,0.003779377788777,0.9727917861350341,0.023428567084817335,2.689913716006095E-7
14171.0,1.1606300051061057E-4,0.9889994467554954,0.010831547501588335,5.294274240567607E-5
15606.0,0.9513376683345853,0.04866226281532559,6.884996396743918E-8,1.2510401038394632E-13
15004.0,0.9958576619363064,0.004142262598717532,7.546441104959742E-8,5.648721665704851E-13
15247.0,0.9998082687595522,1.9172493795356402E-4,6.3024740937747865E-9,2.007443516439216E-14
13991.0,0.9988011475740571,0.0011984302139926306,4.221430093423189E-7,6.894091667795584E-11
14761.0,6.966064888212359E-6,0.9824032144934667,0.017588443558898735,1.3758827462643614E-6
14522.0,0.1568140123379764,0.8431406597918149,4.532770020419341E-5,1.7000448540783652E-10
14260.0,0.9999615208865404,3.847885807175949E-5,2.553840740730357E-10,3.731889959383462E-15
15453.0,2.7897051963157124E-6,0.028190886707151815,0.07619090100009791,0.895615422587554
15694.0,0.6133484324438206,0.38664816740344804,3.399640823301724E-6,5.119081160661083E-10
14353.0,0.9999480863150231,5.1910320513762194E-5,3.3644569630010157E-9,6.18844883692424E-15
14111.0,0.9996658209619408,3.337739587426898E-4,4.0507921907348826E-7,9.747427067750728E-14
14594.0,0.9999480863150231,5.1910320513762194E-5,3.3644569630010157E-9,6.18844883692424E-15
15140.0,0.9998082448560777,1.915111270352603E-4,2.4401450807685307E-7,2.379001679440274E-12
14903.0,0.9999615208865404,3.847885807175949E-5,2.553840740730357E-10,3.731889959383462E-15
15538.0,0.9999963161403973,3.6832407584703515E-6,6.188440889763365E-10,1.235140819611786E-16
14590.0,0.9942716928083507,0.005728306550066964,6.023016969151254E-10,3.928051239431962E-11
14320.0,0.9996058125052838,3.9418622491003773E-4,1.2697501164733388E-9,5.614159051107356E-14
14051.0,0.45162278893501484,0.5483438625492608,3.33439844566998E-5,4.531267484574836E-9
14829.0,0.09659406089837841,0.9009429506383296,0.002447246987686228,1.574147560587626E-5
15307.0,0.9999532610299812,4.673884301572955E-5,1.2700276564371566E-10,5.221028013854216E-16
15064.0,0.4143174444438764,0.5467392749173499,0.03894328025319506,3.8557870911260443E-10
15747.0,2.2584525698964397E-9,0.014261415256000828,0.5803119339483319,0.40542664853721466
15504.0,0.9999615208865404,3.847885807175949E-5,2.553840740730357E-10,3.731889959383462E-15
14799.0,0.9962427729744857,0.003751618863208038,5.608112341086311E-6,4.9965168964108374E-11
14017.0,0.9999550473898892,4.4951466782448506E-5,1.14331918684918E-9,9.159871108439297E-15
14290.0,0.7089700942360133,0.2909914909485098,3.834805201269159E-5,6.67634642327785E-8
14556.0,0.9999586306335171,4.1369184525254156E-5,1.819543989193726E-10,3.3322987517169644E-15
15098.0,0.9998702815568774,1.2971781402467317E-4,6.290892306486121E-10,8.614467858309939E-15
15337.0,0.9999480863150231,5.1910320513762194E-5,3.3644569630010157E-9,6.18844883692424E-15
15724.0,0.009536154396991901,0.04255282418964857,0.9479102838175448,7.375958146496144E-7
15487.0,0.9999387917268148,6.120798283574599E-5,2.9034901034776035E-10,3.543599408623209E-16
14624.0,0.9999460561185728,5.394364981502634E-5,2.3160561254022102E-10,6.659842603624546E-15
14141.0,1.0654744407379105E-5,0.9506212527507973,0.04930749071738356,6.0601787411656404E-5
14387.0,0.9999246796924705,7.53194043816212E-5,9.031476527832052E-10,3.579595500114846E-16
14869.0,2.9617164594878043E-4,0.8028604037321903,0.19683835111917,5.073502690913475E-6
15110.0,0.9999480863150231,5.1910320513762194E-5,3.3644569630010157E-9,6.18844883692424E-15
15276.0,0.9988454283691781,0.0011545712138473238,4.1683790947850846E-10,1.3673368881819755E-13
15039.0,0.9999950593731834,4.9399605503130265E-6,6.662663250347944E-10,1.788903300818575E-17
14489.0,0.9652082713025337,0.03477090383468498,2.082484494464173E-5,1.783646040048232E-11
14231.0,0.8368404987376291,0.16315850338504959,9.978769069734932E-7,4.14352011398147E-13
14730.0,0.9999586306335171,4.1369184525254156E-5,1.819543989193726E-10,3.3322987517169644E-15
15573.0,0.9987903321198424,0.0012096658989425558,1.981201874768399E-9,1.3366716905824206E-14
15171.0,0.3873642217496119,0.2568119020967997,0.3558194629948371,4.41315875137429E-6
14928.0,0.9999335455231836,6.645420469637676E-5,2.721193498847707E-10,5.791426960382629E-16
14454.0,0.9999209270835426,7.906994789173805E-5,2.968565015751931E-9,6.972486609225176E-16
14200.0,0.9997213778712916,2.7838514000027084E-4,2.3698860988739686E-7,9.8264441776096E-14
14693.0,0.6629952194660648,0.1252574785102567,0.21174453112358202,2.770900096443597E-6
15418.0,0.9999480863150231,5.1910320513762194E-5,3.3644569630010157E-9,6.18844883692424E-15
15657.0,0.999747315257999,2.526826625304325E-4,2.079469408215751E-9,1.1275683047767435E-15
14962.0,0.9869171618597217,0.01308275044734615,8.76873211506746E-8,5.611091253774386E-12
15201.0,0.9999335455231836,6.645420469637676E-5,2.721193498847707E-10,5.791426960382629E-16
14663.0,6.754838970884725E-19,0.0024784921706536983,0.9670156875875529,0.030505820241793415
14170.0,0.9994570032130904,5.429702333505399E-4,2.6553551022058584E-8,8.101431201288831E-15
14420.0,6.980683589340917E-4,0.9746449353427671,0.024648889362562237,8.106935736611865E-6
15627.0,0.1258575011819304,0.10897344067701545,0.765168657014816,4.0112623812930006E-7
15384.0,0.12275037823676807,0.8772472660162907,2.3557468841277952E-6,5.705373549235557E-14
15005.0,2.3366123606184824E-5,0.9999093394951494,6.72670147159434E-5,2.736652852225158E-8
15246.0,1.0596791504680204E-9,0.9999006420356645,9.906706396013738E-5,2.8984069618065375E-7
14760.0,1.1663524766182167E-4,0.9998833502909308,1.443456284514952E-8,2.684458023626807E-11
13990.0,0.9927122563277831,3.9826603771081404E-5,0.003110370195002485,0.004137546873443147
14261.0,3.127164375622291E-55,5.943774306317348E-41,0.9872139746950721,0.012786025304927898
14523.0,0.9999469759044128,5.3023802844704776E-5,2.927366235924371E-10,5.95734258583266E-15
15607.0,5.008633484706875E-10,0.26684484153424326,0.7331549383032087,2.1966168471680247E-7
14110.0,2.4112486951787644E-12,3.416789584817348E-5,0.9991586412452816,8.071908564589041E-4
14352.0,8.261638693716618E-4,0.9990615639203992,1.1227220966168402E-4,5.673809988514388E-13
14595.0,0.9999182602520242,8.04966825800422E-5,1.2430638461280715E-6,1.5495556041236264E-12
15141.0,0.9999573578968677,4.26415956970327E-5,5.074350034527194E-10,3.3161400739325716E-16
14902.0,0.25654840217557756,0.74295392348168,4.976703280215467E-4,4.0147210524780316E-9
15452.0,0.9101102143841413,0.08578599172468351,0.0038757692439877383,2.280246471873422E-4
15695.0,0.9999480863150231,5.1910320513762194E-5,3.3644569630010157E-9,6.18844883692424E-15
14321.0,0.9984101074532706,0.0015898913573018536,1.1894022550095139E-9,2.526333678631214E-14
14591.0,0.999989580864216,1.0266399825309467E-5,1.5273595212172198E-7,6.569396707956538E-15
14828.0,0.9500152388588736,0.049978286943679534,6.474143622835588E-6,5.3823853083392914E-11
14050.0,0.7885320824739106,0.21146772572326844,1.8989266976443446E-7,1.9101513159497024E-9
15306.0,2.3986693512898597E-26,2.1011142018917325E-16,6.765034626619224E-8,0.9999999323496536
15065.0,0.9999932490022047,5.9820903606579935E-6,7.689072515382359E-7,1.830449462700634E-13
15539.0,0.9997592581461348,2.4074010223264921E-4,1.751632182332135E-9,4.2047887106294253E-16
14016.0,0.9927521914107786,0.007238846391908652,8.919679737886685E-6,4.251757473450727E-8
14798.0,0.9999460561185728,5.394364981502634E-5,2.3160561254022102E-10,6.659842603624546E-15
14557.0,5.1165471214294515E-8,4.494948000423491E-5,0.0014960195849569968,0.9984589797695675
14291.0,0.0015814553035367299,0.9895620858196666,0.008856013726039984,4.451507564054594E-7
15099.0,0.9997911239747743,2.088758474740056E-4,1.777496471787723E-10,2.1477981189245233E-15
15336.0,0.9999246796924705,7.53194043816212E-5,9.031476527832052E-10,3.579595500114846E-16
15746.0,0.9999387917268148,6.120798283574599E-5,2.9034901034776035E-10,3.543599408623209E-16
15505.0,0.382799233398425,0.617198375465638,2.388912580178733E-6,2.2233567702333335E-9
14625.0,0.9783200726983845,0.021283895846082986,3.956929392941929E-4,3.385162383142564E-7
14386.0,0.9466965277649247,0.05330002897412238,3.4021123473073667E-6,4.114860548478765E-8
14140.0,0.05872389562798994,0.9412754260101167,5.084160016306604E-7,1.6994589165289493E-7
14868.0,0.9999460561185728,5.394364981502634E-5,2.3160561254022102E-10,6.659842603624546E-15
15111.0,0.9262719407634181,0.07372803705159989,2.214257398966E-8,4.2408037235784095E-11
15725.0,0.994875412457795,0.005121765707431408,2.8218333035705144E-6,1.4700720772112927E-12
15486.0,0.611192186368105,0.38720571458173836,0.001479915780390698,1.2218326976608826E-4
15658.0,9.60348998063704E-10,9.992126365228479E-5,0.9997544083237243,1.45669452274426E-4
15417.0,0.5104315431919012,0.48955560034186785,1.2856421269213524E-5,4.496187648981351E-11
14931.0,0.9999246796924705,7.53194043816212E-5,9.031476527832052E-10,3.579595500114846E-16
15168.0,0.0037670831593760415,0.8003178286183282,0.19575545649106532,1.5963173123063003E-4
14694.0,0.9998421008365191,1.5789880728879423E-4,3.56190691952601E-10,1.2951660750752321E-15
14203.0,0.22687288331154204,0.7731206726932215,6.443978145991001E-6,1.7090535743869383E-11
14453.0,0.7246702653077483,0.27531513087873144,1.4603804738042448E-5,8.782341684065773E-12
15574.0,0.9929511532575411,0.007048816295736701,3.0446355461003125E-8,3.6687132227620863E-13
15036.0,0.32385500202815704,0.6761325685487208,1.2429421687542058E-5,1.4346266178289552E-12
15279.0,0.9093715033634462,0.09062840015195117,9.648418422681706E-8,4.183291528594481E-13
14729.0,0.9999532610299812,4.673884301572955E-5,1.2700276564371566E-10,5.221028013854216E-16
13959.0,0.995215463740665,0.004784445985905238,9.027335168143678E-8,7.804399736241922E-14
14228.0,0.0031036643004603076,0.9968143540674445,8.19816317619706E-5,3.331797707914071E-13
14490.0,0.0038124950268733485,0.9961800997669576,7.405068512662979E-6,1.3765633250128763E-10
15604.0,0.9984697510593402,0.0015280726848139177,2.1761963814861625E-6,5.94644401285059E-11
15245.0,3.5973974971346715E-5,0.9710012573446154,0.028962764855585715,3.824827532437955E-9
15006.0,0.001987120983602477,0.9979935037173003,1.9374741947193954E-5,5.571499440464016E-10
14520.0,0.9999573578968677,4.26415956970327E-5,5.074350034527194E-10,3.3161400739325716E-16
14262.0,1.0428960139585219E-13,7.267408600932352E-12,0.9948346538310555,0.005165346161572684
13989.0,0.7315338447432449,0.2684636417252553,2.513076132997666E-6,4.553668092216645E-10
14763.0,1.3373485365639014E-5,0.9999751649287592,4.492507536841728E-6,6.969078338451697E-6
15387.0,0.9999660217102778,3.39780465644632E-5,2.431486662237023E-10,8.899358409421183E-15
15624.0,0.9999335455231836,6.645420469637676E-5,2.721193498847707E-10,5.791426960382629E-16
15202.0,0.9999246796924705,7.53194043816212E-5,9.031476527832052E-10,3.579595500114846E-16
14961.0,0.9999480863150231,5.1910320513762194E-5,3.3644569630010157E-9,6.18844883692424E-15
14423.0,0.9999532610299812,4.673884301572955E-5,1.2700276564371566E-10,5.221028013854216E-16
14169.0,0.9865215562506701,0.013478259641103158,1.8410804779097817E-7,1.7905077540997987E-13
14660.0,0.9999660217102778,3.39780465644632E-5,2.431486662237023E-10,8.899358409421183E-15
15536.0,0.9090380492711866,0.0909426036500188,1.9346078257638607E-5,1.0005368803382448E-9
14049.0,0.999904103377168,9.589646179063143E-5,1.610134717035841E-10,2.7888083984407252E-14
14831.0,0.9994509427638009,5.49054055949051E-4,3.1802461330780106E-9,3.92759919856978E-15
14588.0,1.614697316628899E-6,0.008083369981790808,0.986226937134852,0.005688078186040591
14322.0,0.7405213826984597,0.25942109969660315,5.751198694060863E-5,5.617996341412167E-9
15066.0,0.43286768459139996,0.5670486173905496,8.369585895694946E-5,2.159093691821215E-9
15305.0,0.9999387917268148,6.120798283574599E-5,2.9034901034776035E-10,3.543599408623209E-16
15692.0,3.5866872979339515E-11,1.8222673659415534E-4,0.9998177562319581,1.6995580923517518E-8
15455.0,0.9457150204117327,0.05427975630628226,5.222836684557364E-6,4.453004549142828E-10
14592.0,0.9999335455231836,6.645420469637676E-5,2.721193498847707E-10,5.791426960382629E-16
14355.0,0.9999532610299812,4.673884301572955E-5,1.2700276564371566E-10,5.221028013854216E-16
14109.0,0.3480523250633581,0.6519330563532086,1.461752113511897E-5,1.0622980823648619E-9
14901.0,0.9998856730109394,1.1431687171478499E-4,1.0117144522269674E-8,2.0125598020048847E-13
15142.0,0.06799128958592696,0.9320026294643446,6.0809399080209615E-6,9.82047317822513E-12
15485.0,0.5623581296279874,0.08366750944406706,0.3539727289344494,1.6319934960972304E-6
15726.0,6.519579088281288E-4,0.004158789253232409,0.9951892470200336,5.817905734040934E-9
14143.0,3.5753702455079065E-35,1.452932330336491E-17,1.7131314717719448E-10,0.9999999998286868
14385.0,0.9996484310319499,3.515660556644597E-4,2.9119502068447977E-9,4.3545532363317706E-13
14626.0,0.9995691060078753,4.282858516992639E-4,2.608139883731135E-6,5.417259591895141E-13
15108.0,0.9990651457159792,9.347819648848566E-4,7.231900324914111E-8,1.3267876366269443E-13
14871.0,0.9714920928909636,0.028507661590378812,2.4551618415803884E-7,2.473491279878234E-12
15506.0,0.9999460561185728,5.394364981502634E-5,2.3160561254022102E-10,6.659842603624546E-15
15745.0,0.9826570873580484,0.006011238421451916,0.011331274620062408,3.9960043741212356E-7
14288.0,0.9987734456672805,0.0012264415314145259,1.1280100213045232E-7,3.028193283351633E-13
14558.0,0.9005865579783942,0.0993102116546691,1.0306586852959144E-4,1.6449840718791094E-7
14797.0,0.9999807552092276,1.9243923022420823E-5,8.677499834549183E-10,3.1119283227694E-17
14019.0,0.9992251521919122,7.748376193617769E-4,1.0188722224299155E-8,3.757855927934477E-15
15339.0,1.687109048986406E-13,0.001168128042076437,0.8266823506560229,0.1721495213017318
15096.0,0.999378028662056,6.219501436123175E-4,2.1193230278970778E-8,1.101218476676114E-12
14930.0,0.9999615208865404,3.847885807175949E-5,2.553840740730357E-10,3.731889959383462E-15
15169.0,0.9999532610299812,4.673884301572955E-5,1.2700276564371566E-10,5.221028013854216E-16
14695.0,0.9991195664824094,8.804281978290764E-4,5.319478562106159E-9,2.8286020433024763E-13
14452.0,0.9996096791350826,2.8537897927830014E-4,2.148898821353323E-6,1.0279298681767798E-4
14202.0,0.9996058125052838,3.9418622491003773E-4,1.2697501164733388E-9,5.614159051107356E-14
15659.0,0.9998896303109629,1.1036847113027613E-4,1.2179065727981276E-9,3.5280849526169384E-16
15416.0,0.9999597302286164,4.026949723710339E-5,2.690122215282897E-10,5.1341850813422005E-12
15037.0,0.0016711493468617973,0.9983285342437996,3.1628628188407427E-7,1.2305670721191709E-10
15278.0,0.9997748121981848,2.2518580878205566E-4,1.9930321086267447E-9,9.28324089303721E-16
14728.0,0.9999987884861025,1.2113937170898763E-6,1.201738393562132E-10,6.610035646101022E-15
14491.0,0.9999521373725707,4.785484167683151E-5,7.785740216072559E-9,1.216380837262211E-14
14229.0,0.9999480863150231,5.1910320513762194E-5,3.3644569630010157E-9,6.18844883692424E-15
15575.0,0.9999586306335171,4.1369184525254156E-5,1.819543989193726E-10,3.3322987517169644E-15
15244.0,0.9999780341808292,2.1965029158737037E-5,7.899904016331801E-10,2.1681256333957745E-14
15007.0,0.999740277920564,2.5972092873683994E-4,1.1506684784039775E-9,3.064328004852275E-14
14263.0,0.9999246796924705,7.53194043816212E-5,9.031476527832052E-10,3.579595500114846E-16
14521.0,0.9999539857299508,4.6014051774574615E-5,2.182743782079991E-10,2.6639558943529614E-16
14762.0,0.9967922988168326,0.003207688234354428,1.2946945052047272E-8,1.867966537740874E-12
13988.0,2.006966862471641E-4,0.9994900920662129,9.529215218353115E-6,2.9968203232163154E-4
15605.0,0.7875933754683935,0.20784545987999029,0.004555975103656044,5.18954796018871E-6
15203.0,0.9999586306335171,4.1369184525254156E-5,1.819543989193726E-10,3.3322987517169644E-15
14960.0,0.9995324079016378,4.675908663891996E-4,1.2319611508354645E-9,1.174270052408836E-14
14168.0,0.9999480863150231,5.1910320513762194E-5,3.3644569630010157E-9,6.18844883692424E-15
14422.0,0.9999532610299812,4.673884301572955E-5,1.2700276564371566E-10,5.221028013854216E-16
14661.0,0.9999532610299812,4.673884301572955E-5,1.2700276564371566E-10,5.221028013854216E-16
15386.0,0.9999387917268148,6.120798283574599E-5,2.9034901034776035E-10,3.543599408623209E-16
15625.0,0.00105911312913599,0.9971972193774478,0.0017436674456853824,4.7730754222509E-11
14830.0,2.909243861043308E-4,0.9935654178869285,0.006135567794902128,8.089932064817737E-6
14048.0,0.9999532610299812,4.673884301572955E-5,1.2700276564371566E-10,5.221028013854216E-16
14323.0,0.02312173337871076,0.9757562098488934,0.0011220341084213787,2.2663974483988785E-8
14589.0,0.9999967775091099,3.2222696285888467E-6,2.21245841625256E-10,1.5639159104683474E-14
15067.0,0.01583077765148345,0.9841692087104771,1.3324931070225675E-8,3.131084888686871E-10
15304.0,0.9999460561185728,5.394364981502634E-5,2.3160561254022102E-10,6.659842603624546E-15
15537.0,0.15485071967213607,0.8450672068343764,2.59421200490344E-5,5.613137343841107E-5
14593.0,0.34779178292462787,0.650115061809262,0.0020927275218286046,4.27744281502385E-7
14108.0,0.9999334686363185,6.653105593223865E-5,3.0752564833512994E-10,2.2368916624624028E-13
14354.0,0.999857493645858,1.4250567101125157E-4,6.831286111372389E-10,2.187271022810916E-15
14900.0,0.9434009453302602,0.05658690031728034,1.2153982480132185E-5,3.6997942501147627E-10
15143.0,0.9483024570947902,0.05169748457653215,5.821265189477252E-8,1.1602570124770822E-10
15693.0,0.9999586306335171,4.1369184525254156E-5,1.819543989193726E-10,3.3322987517169644E-15
15454.0,0.20249427012663593,0.7975042091431617,1.5207297406293565E-6,4.617695730565667E-13
14384.0,0.9999944305020039,5.569423530948949E-6,7.444077765109562E-11,2.4333888855607076E-14
14142.0,0.9937808468843217,0.006160882252861485,5.8270838847651554E-5,2.396906569473369E-11
14627.0,0.6098125344868965,0.3901648674466593,2.259803895610564E-5,2.748816886667572E-11
15109.0,0.9958531746967593,0.004145848762365523,9.765344447000315E-7,6.430576372444411E-12
14870.0,0.9976648705007561,0.0023351201291987866,9.369889878468391E-9,1.5518927980001197E-13
15484.0,0.9999246796924705,7.53194043816212E-5,9.031476527832052E-10,3.579595500114846E-16
15727.0,0.9999246796924705,7.53194043816212E-5,9.031476527832052E-10,3.579595500114846E-16
14559.0,1.520830442916848E-8,0.17466402936915937,0.8242205249009616,0.0011154305215745302
14289.0,0.9999586306335171,4.1369184525254156E-5,1.819543989193726E-10,3.3322987517169644E-15
14018.0,0.9552340670573097,0.04346564824684917,0.0012312661691906263,6.901852665048336E-5
14796.0,0.9999573578968677,4.26415956970327E-5,5.074350034527194E-10,3.3161400739325716E-16
15338.0,0.9979602376202804,0.002037600779173749,2.1615840645412934E-6,1.6481330335475873E-11
15097.0,0.9999573578968677,4.26415956970327E-5,5.074350034527194E-10,3.3161400739325716E-16
15507.0,0.6420880369246974,0.35790938121253135,2.5818616813031667E-6,1.0898423521360345E-12
15744.0,1.050092720687044E-33,5.975346781127563E-18,4.061880894836847E-12,0.999999999995938
15630.0,0.9999573578968677,4.26415956970327E-5,5.074350034527194E-10,3.3161400739325716E-16
15389.0,2.446899745838154E-4,0.18668615661081217,0.7957239447236029,0.01734520869100117
14658.0,0.9999257608727327,7.423823708069607E-5,8.901834808262804E-10,3.101559778853702E-15
14417.0,0.9997584438446242,2.4155479318122033E-4,1.35988414431253E-9,2.310599398648029E-12
14175.0,0.9999939656329094,6.033256422078159E-6,1.1106651959433327E-9,3.2005026187002512E-15
14967.0,0.9999660217102778,3.39780465644632E-5,2.431486662237023E-10,8.899358409421183E-15
15204.0,0.9998968028472511,1.0319665207559295E-4,5.004702164299411E-10,2.0306632333959515E-13
15602.0,4.838309670203785E-6,0.754286936936686,0.22225014345314895,0.023458081300494926
13987.0,0.9999586306335171,4.1369184525254156E-5,1.819543989193726E-10,3.3322987517169644E-15
14765.0,0.1462286431079886,0.8537688711244126,2.485761036084327E-6,6.562610137016202E-12
14526.0,0.8056937346735774,0.19430613308777842,1.3223823348051993E-7,4.105453627032634E-13
14256.0,0.9999387917268148,6.120798283574599E-5,2.9034901034776035E-10,3.543599408623209E-16
15000.0,0.9996598826197783,3.3938012620673486E-4,7.372540064545204E-7,8.328198152605901E-15
15243.0,4.2152879484847074E-4,0.9995394416058065,3.902687151799329E-5,2.727826941428247E-9
15568.0,0.9999532610299812,4.673884301572955E-5,1.2700276564371566E-10,5.221028013854216E-16
14226.0,0.19619341752623465,0.7934547631369924,0.010346576150544011,5.243186228949504E-6
14492.0,0.975080213576812,0.02491973356196545,5.286108670430847E-8,1.358627841253993E-13
14735.0,0.4180828236557354,0.5769142344800232,0.00500287365430621,6.820993508853703E-8
15273.0,0.9956995388195851,0.004300400240000185,6.091674937801056E-8,2.3665302287502034E-11
15034.0,0.0170849480705836,0.006628073600612954,0.9734559518625515,0.0028310264662519224
15423.0,0.008403582655940404,0.9904302807076762,0.0011642804876940904,1.8561486891322562E-6
15660.0,0.999843487600081,1.5651054026135513E-4,1.8596564149285575E-9,1.1473774015773396E-15
14205.0,0.9999586306335171,4.1369184525254156E-5,1.819543989193726E-10,3.3322987517169644E-15
14451.0,0.9999480863150231,5.1910320513762194E-5,3.3644569630010157E-9,6.18844883692424E-15
14688.0,0.9999660217102778,3.39780465644632E-5,2.431486662237023E-10,8.899358409421183E-15
15174.0,2.3173907428936927E-6,0.99999376508463,3.913388735242564E-6,4.135891953051622E-9
14933.0,3.898210517083903E-30,7.818482388940951E-19,4.1161075545811625E-5,0.9999588389244541
15751.0,0.9999615208865404,3.847885807175949E-5,2.553840740730357E-10,3.731889959383462E-15
15508.0,3.4359781029259454E-7,0.0012127574978845225,0.9822777280613989,0.01650917084290623
15102.0,0.001687313562005343,0.998284843699776,2.7465452726965145E-5,3.7728549178149416E-7
15341.0,0.9999573578968677,4.26415956970327E-5,5.074350034527194E-10,3.3161400739325716E-16
14795.0,0.9997673337094484,2.3266255149100525E-4,3.7353824559196034E-9,3.677946025027879E-12
14021.0,0.9995131952674845,4.86804091909083E-4,6.379281811128276E-10,2.6782905800571624E-12
14294.0,3.118110702592172E-15,8.221856312468676E-7,1.0491897210019243E-8,0.9999991673224684
14552.0,0.9999480863150231,5.1910320513762194E-5,3.3644569630010157E-9,6.18844883692424E-15
15720.0,0.9988729391976595,0.0011270500061513937,1.0796168551966474E-8,2.061715930023044E-14
15483.0,0.9999335455231836,6.645420469637676E-5,2.721193498847707E-10,5.791426960382629E-16
14865.0,6.520789030207042E-6,0.016750398593160642,0.8735562946776199,0.10968678594018912
15106.0,0.9998678341410449,1.321628012008263E-4,3.0577517043853822E-9,2.5539060336498354E-15
14628.0,0.9999235393115775,7.645399123447703E-5,6.697187814982666E-9,8.979551007078818E-17
14137.0,0.04147777835894726,0.9585158463580755,6.375277027882358E-6,5.949279762713268E-12
14391.0,0.9999532610299812,4.673884301572955E-5,1.2700276564371566E-10,5.221028013854216E-16
15449.0,0.9999460561185728,5.394364981502634E-5,2.3160561254022102E-10,6.659842603624546E-15
15690.0,0.9999586306335171,4.1369184525254156E-5,1.819543989193726E-10,3.3322987517169644E-15
15136.0,0.9999966677971134,3.3319520908891014E-6,2.507955037969003E-10,1.6787752190465523E-16
14899.0,0.9744414942492213,0.025558482812231206,2.2934848431842385E-8,3.6990965974685296E-12
14357.0,5.852820644458059E-12,0.0566975694671288,0.9431826053264643,1.1982520055415016E-4
14107.0,1.8048862397806091E-9,0.012572633467471563,0.3713441191829832,0.616083245544659
14598.0,0.011872473144733128,0.9881264688918707,1.0551258468886083E-6,2.8375491705468328E-9
15542.0,8.18593400473057E-9,1.7185864813377594E-8,0.9990826016375877,9.173729906135038E-4
15311.0,1.1832163911700846E-20,1.38554742494626E-15,0.004661535420819831,0.9953384645791788
15068.0,4.985437233171852E-48,4.972476579717213E-22,0.8215988819909651,0.1784011180090349
14586.0,0.1455932122414579,0.5005588819803182,0.3422295664109599,0.011618339367264046
14324.0,0.9904659991492701,0.00906707865574328,4.6692218082513686E-4,1.4161390356398672E-11
14055.0,0.999696827189394,3.031694232906474E-4,3.3850240854985267E-9,2.2911597585803295E-12
14825.0,0.3614951973366494,0.6364592018432996,0.0020455204036988,8.041635207097673E-8
14659.0,0.1608816536555233,0.8298935201795941,0.009224820627607771,5.537274908783609E-9
14174.0,0.9999246796924705,7.53194043816212E-5,9.031476527832052E-10,3.579595500114846E-16
14416.0,0.9998448618477435,1.5513687028999E-4,1.2807739930808947E-9,1.1925693758853376E-12
14966.0,0.5923956477944241,0.4067633122119223,8.410323499872084E-4,7.643666404415515E-9
15205.0,0.9999248115137949,7.518837396862221E-5,1.1222987522859854E-10,6.59292550280003E-15
15631.0,0.556397927576446,0.44360138741834887,6.849915829091455E-7,1.3622253500483782E-11
15388.0,0.998576541074957,0.001422702658529852,7.551351436508831E-7,1.1313694369650485E-9
14764.0,7.54239008926552E-21,1.3410233240174345E-5,0.9999819549139771,4.634852782668519E-6
13986.0,1.1200836473472276E-12,8.09876474523123E-6,0.016969963413660177,0.9830219378204745
14257.0,6.909979510490165E-22,2.290312917756276E-20,3.441428401952373E-13,0.9999999999996558
14527.0,0.814089207126861,0.1858977499806525,1.3042883793460495E-5,8.693097817811584E-12
15001.0,0.999972195978067,2.7803822960102325E-5,1.989656013874391E-10,7.28223693509302E-15
15242.0,0.9996642606960103,3.357374612227621E-4,1.8404892188687984E-9,2.2777084523050494E-12
15603.0,0.9998381288698087,1.618697454059421E-4,1.3847835793163113E-9,1.7836853942220877E-15
14493.0,0.9999246796924705,7.53194043816212E-5,9.031476527832052E-10,3.579595500114846E-16
14227.0,0.9985944081028795,0.001405426329311095,1.655654210632287E-7,2.388345667855589E-12
14734.0,0.9999480863150231,5.1910320513762194E-5,3.3644569630010157E-9,6.18844883692424E-15
15272.0,0.999415129464546,5.848682418469422E-4,2.29348273855067E-9,1.2429328856285423E-13
15035.0,2.417886126155889E-12,0.24783062873851086,0.5015718249939489,0.2505975462651223
15569.0,0.93821795856504,0.06177623777038966,5.803201813757074E-6,4.627565877348385E-10
14450.0,0.9999660217102778,3.39780465644632E-5,2.431486662237023E-10,8.899358409421183E-15
14204.0,0.9998260262154994,1.7397322661468056E-4,5.578683834478961E-10,1.7472498688370564E-14
14689.0,0.6954830400050015,0.3045129901265905,3.9698682879065715E-6,1.2012074580452375E-13
15175.0,0.6317630499176446,0.36823458496157346,2.3651111603651418E-6,9.62152538420826E-12
14932.0,0.9999615208865404,3.847885807175949E-5,2.553840740730357E-10,3.731889959383462E-15
15422.0,0.998514037215624,0.0014859115398510017,5.1243372811923806E-8,1.1521447587720578E-12
15661.0,8.375366983048517E-5,0.9998543971597711,6.184591000710671E-5,3.2603913716438265E-9
15103.0,0.9999615208865404,3.847885807175949E-5,2.553840740730357E-10,3.731889959383462E-15
15340.0,9.084950097004885E-4,0.9990185596021836,7.290184232881005E-5,4.3545787363557413E-8
14020.0,0.9994410772773041,5.5830240232578E-4,6.203096370027691E-7,1.0732944439034149E-11
14794.0,0.9999002161364806,9.977311597484338E-5,1.0747389122535434E-8,1.5538736440620157E-13
14553.0,0.9980086060079791,0.0019913863857991838,7.602480557203752E-9,3.741249920947174E-12
14295.0,0.998167154623615,0.001806936406849412,2.5907213235776023E-5,1.7562997128221363E-9
15750.0,0.9999573578968677,4.26415956970327E-5,5.074350034527194E-10,3.3161400739325716E-16
15509.0,0.9999335455231836,6.645420469637676E-5,2.721193498847707E-10,5.791426960382629E-16
14864.0,0.9971870999250767,0.002812823086466125,7.698833445746171E-8,1.225347356707989E-13
15107.0,0.9999573578968677,4.26415956970327E-5,5.074350034527194E-10,3.3161400739325716E-16
14629.0,0.9993358903255684,6.641070863599743E-4,2.588063220129559E-9,8.34284896354026E-15
14390.0,0.9846639941048864,0.01518497954601712,1.5100623990409997E-4,2.010919243215649E-8
14136.0,0.9999387917268148,6.120798283574599E-5,2.9034901034776035E-10,3.543599408623209E-16
15721.0,0.9999249209192557,7.507581223795139E-5,3.268500313063512E-9,6.011949976861184E-15
15482.0,0.9708647705083462,0.02913520846206442,2.1014738142227124E-8,1.4851356075758768E-11
15137.0,0.9509311106022655,0.049068542633909695,3.4675999244366494E-7,3.832294132038939E-12
14898.0,0.9999573578968677,4.26415956970327E-5,5.074350034527194E-10,3.3161400739325716E-16
14106.0,0.999783907578744,2.1608596050539771E-4,6.4607489705393985E-9,1.6163216710169057E-15
14356.0,0.9998024485988527,1.9754917663650814E-4,2.2244927380530044E-9,1.8049427028350552E-14
14599.0,0.3403676591906125,0.10225111378330037,0.5573638151804096,1.7411845677554812E-5
15448.0,0.9999460561185728,5.394364981502634E-5,2.3160561254022102E-10,6.659842603624546E-15
15691.0,0.9999902654822422,9.734040658201739E-6,4.770993057701033E-10,2.967302917189302E-16
15310.0,0.5849960190610294,0.4149835694547251,2.0411471949757498E-5,1.2295722424835065E-11
15069.0,0.9999086482263462,9.135100216288684E-5,7.71476359644922E-10,1.4570137269118066E-14
14325.0,0.9950194069009666,0.004980559138516698,3.3959546620395335E-8,9.701045625740925E-13
14587.0,0.9987215266526724,0.0012784377487268968,3.559639270034377E-8,2.208109078846378E-12
14824.0,0.9999387917268148,6.120798283574599E-5,2.9034901034776035E-10,3.543599408623209E-16
14054.0,0.09273786354303674,1.6606604036935392E-4,0.9070959474206691,1.2299592480110165E-7
15543.0,0.9984284739364784,0.0015713204894344333,2.0551553895279694E-7,5.8548417607165E-11
15600.0,0.9981172303008926,0.001882180995736006,5.885926831430866E-7,1.1068825133554335E-10
14524.0,0.9999615208865404,3.847885807175949E-5,2.553840740730357E-10,3.731889959383462E-15
14258.0,0.6339421451030947,0.3660486729836642,9.181893917301657E-6,1.932390287232676E-11
13985.0,0.9898433926096065,0.010063679463256361,9.291076734533323E-5,1.7159792013440844E-8
14767.0,0.9999954124929621,4.587491074654245E-6,1.596302856321562E-11,4.560769233382098E-16
15241.0,1.2915740993092676E-6,0.9999911006846949,7.6072391270304245E-6,5.020787563229364E-10
15002.0,3.1519878943436684E-5,4.520418618502851E-4,0.06071489304104864,0.9388015452181577
15391.0,0.9998923174143204,1.0768206344939864E-4,5.222230035201821E-10,7.151089320121415E-15
15628.0,0.9999532610299812,4.673884301572955E-5,1.2700276564371566E-10,5.221028013854216E-16
14419.0,0.999799579934779,1.986938610301864E-4,1.726201037841238E-6,3.1528960276442603E-12
14173.0,0.9070886605745538,0.09291032972303678,1.0096885984941565E-6,1.3810881778230615E-11
14656.0,9.015932926742452E-21,1.4575222090113465E-10,0.9999992127589782,7.870952696136391E-7
15206.0,0.9999460561185728,5.394364981502634E-5,2.3160561254022102E-10,6.659842603624546E-15
14965.0,7.770909736340084E-5,0.0031269737383684505,0.9967953163703679,7.939002225117394E-10
15662.0,0.9999413969645738,5.851048684135472E-5,9.25484039475496E-8,1.8073420853789947E-13
15421.0,1.0032508653490682E-8,5.4949019069874855E-5,0.08473379646391334,0.9152112444845082
14690.0,0.9999977141958837,2.2828427885886538E-6,2.9613245667015976E-9,3.2202583181484325E-15
14207.0,0.9991660400430126,8.339047649260683E-4,5.519175062601193E-8,3.1082800384541793E-13
14449.0,0.9999246796924705,7.53194043816212E-5,9.031476527832052E-10,3.579595500114846E-16
14935.0,0.9999994385962628,5.613256580685811E-7,7.773796803335594E-11,3.410870109990945E-13
15172.0,0.9997537726623977,2.462246492574635E-4,2.6883435648036152E-9,1.2804716591070587E-15
15570.0,0.9878553286680286,0.012144532645017327,1.3862812899119941E-7,5.882516346682933E-11
14733.0,0.9997560797409779,2.4366387018796777E-4,2.5634675470063973E-7,4.2079378919451364E-11
14224.0,0.01397607919188998,0.24619324983680227,0.7397714790877351,5.919188357254661E-5
14494.0,0.9999480863150231,5.1910320513762194E-5,3.3644569630010157E-9,6.18844883692424E-15
15032.0,0.9999387917268148,6.120798283574599E-5,2.9034901034776035E-10,3.543599408623209E-16
15275.0,0.9246159457931961,0.02063471824481619,0.054744441811033495,4.894150954304296E-6
15481.0,0.9987501913185372,0.0012497982813529632,1.040007922251154E-8,3.0663108901079494E-14
15722.0,0.9999387917268148,6.120798283574599E-5,2.9034901034776035E-10,3.543599408623209E-16
15104.0,0.9999518492840966,4.814492095242332E-5,5.794941323710107E-9,9.682097766651598E-15
14867.0,0.9998779573343939,1.2204199032979212E-4,6.752478630020184E-10,2.8458844440774673E-14
14139.0,0.008985267542899163,0.008829990170510626,0.9821288083763089,5.5933910281222586E-5
14389.0,0.998821245190145,0.0011781230430608764,6.317529039599517E-7,1.3890078716073242E-11
14630.0,0.9999941124790337,5.88706396190783E-6,4.570041793510446E-10,1.8102550003484414E-16
15510.0,0.9985632755516476,1.733967172501254E-4,0.0012566141085455158,6.713622556665597E-6
15749.0,0.9999335455231836,6.645420469637676E-5,2.721193498847707E-10,5.791426960382629E-16
15343.0,2.1434058702946594E-21,1.2283625370173843E-10,0.9170072921413985,0.08299270773576523
15100.0,0.9999573578968677,4.26415956970327E-5,5.074350034527194E-10,3.3161400739325716E-16
14292.0,0.9995416072416626,4.583830936460779E-4,9.664680277168281E-9,1.098159787842992E-14
14554.0,0.9999615208865404,3.847885807175949E-5,2.553840740730357E-10,3.731889959383462E-15
14793.0,0.9997239562077767,2.7603985731278175E-4,3.934899864615066E-9,1.052381578041777E-14
14023.0,3.194606854281019E-13,3.080256329266567E-6,0.9946128545691971,0.005384065174154036
15540.0,0.9999573578968677,4.26415956970327E-5,5.074350034527194E-10,3.3161400739325716E-16
15070.0,0.9961208027068179,0.0038789470716464264,2.5020301398643453E-7,1.8521608359484402E-11
15309.0,0.9999532610299812,4.673884301572955E-5,1.2700276564371566E-10,5.221028013854216E-16
14053.0,0.9998307959019255,1.6920394044275832E-4,1.5762948359987468E-10,2.3034164886136985E-15
14827.0,0.9999660217102778,3.39780465644632E-5,2.431486662237023E-10,8.899358409421183E-15
14584.0,0.9999573578968677,4.26415956970327E-5,5.074350034527194E-10,3.3161400739325716E-16
14326.0,0.9989211094905999,0.001078876351377074,1.4157466172441155E-8,5.569469474012899E-13
15688.0,1.748825991312941E-11,2.1284438654484823E-11,0.9987687767358957,0.0012312232253315328
15451.0,0.9999573578968677,4.26415956970327E-5,5.074350034527194E-10,3.3161400739325716E-16
14897.0,0.33389260295643797,0.6661018017247162,5.595316464380096E-6,2.3815834062450686E-12
15138.0,0.9114299711672139,8.966051949867456E-4,0.08578026355382101,0.0018931600839783521
14596.0,0.9999615208865404,3.847885807175949E-5,2.553840740730357E-10,3.731889959383462E-15
14359.0,0.9999326682874741,6.733152540395814E-5,1.871218422140717E-10,2.283751023005285E-16
14105.0,0.996992257025831,0.0030077416704551723,1.3036847889329848E-9,2.8915263849813574E-14
14259.0,0.8999362886649567,0.10004498517329305,1.8710739053393735E-5,1.5422696943947272E-8
14525.0,0.9999980439581801,1.9557530342460767E-6,2.8878364816094825E-10,1.975971459767263E-15
14766.0,0.9999939428068945,6.056729789844847E-6,4.633142395627586E-10,1.4792911124340041E-15
13984.0,0.2236918650529967,0.7762093537889981,9.8654497074393E-5,1.2666093085819659E-7
15240.0,0.9998489486102551,1.5079110809403175E-4,2.6008888507838747E-7,1.9276596036678746E-10
15003.0,0.9991638387258328,8.360839902874893E-4,7.728387003935409E-8,9.761198160028815E-15
15601.0,3.648142816045422E-5,0.9999612605156317,2.257254170935352E-6,8.020369405851851E-10
14172.0,0.9023514082695465,0.09764783249555734,7.592221523454977E-7,1.2743877271950045E-11
14418.0,0.9999460561185728,5.394364981502634E-5,2.3160561254022102E-10,6.659842603624546E-15
14657.0,0.9989972817828131,9.274479665711579E-4,7.526170423714951E-5,8.546378607668185E-9
15207.0,0.9999460561185728,5.394364981502634E-5,2.3160561254022102E-10,6.659842603624546E-15
14964.0,1.165660130492628E-17,5.370101395502331E-4,0.2403537614865744,0.7591092283738754
15390.0,0.9990667886614116,9.330243432070144E-4,1.869953603015466E-7,2.1119178979737952E-14
15629.0,0.015390121774162682,0.9823630415918289,0.002244112013260853,2.724620747671015E-6
14691.0,0.9991372417643493,8.623049750098875E-4,4.5326054441555657E-7,9.654163037290062E-14
14448.0,0.01690971463730358,0.9793427870825018,0.0033019327942343047,4.4556548596025173E-4
14206.0,0.9999573578968677,4.26415956970327E-5,5.074350034527194E-10,3.3161400739325716E-16
14934.0,0.9943180262356387,0.005681878339317033,9.542265955824045E-8,2.3846903570890536E-12
15173.0,0.9999977907422486,2.2092411689625083E-6,1.6582346618835274E-11,8.000304413789062E-18
15663.0,0.9356430791618707,0.06435685510324007,6.571492808589938E-8,1.996107351632971E-11
15420.0,0.9999811521346935,1.8845865427103858E-5,1.9998660092362412E-9,1.3397994104076604E-14
14732.0,0.8683811537010093,0.12964244032101593,0.001973659113759436,2.746864215397708E-6
14495.0,0.15375114414645308,0.8249498553378444,0.019629041536641686,0.0016699589790609684
14225.0,0.9998260262154994,1.7397322661468056E-4,5.578683834478961E-10,1.7472498688370564E-14
15033.0,0.960980684147161,0.039009250114655086,1.0038306011565022E-5,2.7432172324417135E-8
15274.0,0.9980285558684775,0.0019714190329537255,2.5090508749092084E-8,8.059954325598282E-12
15571.0,3.5841656786158655E-8,0.9678732970769739,0.03212551416645878,1.1529149104929294E-6
15105.0,0.011383110791639827,0.9886001462356864,1.673353578742981E-5,9.436886194998228E-9
14866.0,0.9999460561185728,5.394364981502634E-5,2.3160561254022102E-10,6.659842603624546E-15
14388.0,0.39812851230990814,0.6018597576513205,1.1727096943439656E-5,2.9418277476950146E-9
14138.0,0.9991432102837522,8.567451042039292E-4,4.4611814879885864E-8,2.2872520779871797E-13
14631.0,0.9997718350613426,2.2816344766792717E-4,1.490985675562508E-9,3.9999521724405694E-15
15480.0,1.3596520965880442E-9,1.4966552945163712E-5,0.32889482636087974,0.671090205726523
15723.0,0.9999615208865404,3.847885807175949E-5,2.553840740730357E-10,3.731889959383462E-15
15342.0,0.9999660217102778,3.39780465644632E-5,2.431486662237023E-10,8.899358409421183E-15
15101.0,4.3837563034794483E-26,2.3915620027958215E-12,5.8557857124040724E-5,0.9999414421404844
14555.0,0.9999660217102778,3.39780465644632E-5,2.431486662237023E-10,8.899358409421183E-15
14293.0,0.9999660217102778,3.39780465644632E-5,2.431486662237023E-10,8.899358409421183E-15
14022.0,0.9973047306686765,0.0026940115677623203,1.257747794652452E-6,1.5766487135439767E-11
