15572.0,0.8430160529772569,0.08899876831623825,0.03924598846770101,0.028739190238817526
15277.0,0.9999986844001125,4.3853329582347705E-7,4.3853329582347705E-7,4.3853329582347705E-7
15038.0,0.0826256369931667,0.22882641529109501,0.37162770230654474,0.31692024540919306
14230.0,0.9999985726525717,4.7578247603987347E-7,4.7578247603987347E-7,4.7578247603987347E-7
14488.0,0.9999986869097791,4.376967402856527E-7,4.376967402856527E-7,4.376967402856527E-7
14731.0,0.9999999130189106,2.899369649066333E-8,2.899369649066333E-8,2.899369649066333E-8
15419.0,0.4481298472689432,0.1334981681996028,0.2848738163318514,0.1334981681996028
15656.0,0.9223247333960543,0.07767447061961624,3.979921647484911E-7,3.979921647484911E-7
15170.0,0.9233430663742407,0.07665617320735803,3.8020920060492335E-7,3.8020920060492335E-7
14929.0,0.9999989886058345,3.371313885136579E-7,3.371313885136579E-7,3.371313885136579E-7
14201.0,0.9569977417968568,0.04300113471290469,5.617451194061267E-7,5.617451194061267E-7
14455.0,3.875993704485873E-7,0.18760862339824075,0.31158785553320245,0.5008031334691865
14692.0,0.6201455918175866,0.2986080435322995,0.04062318232505706,0.04062318232505706
15626.0,0.9088916236488794,0.0911074364779994,4.699365604748846E-7,4.699365604748846E-7
15385.0,0.9999994887886932,1.704037689680346E-7,1.704037689680346E-7,1.704037689680346E-7
14963.0,0.8647481604903607,0.0450839465032131,5.312650125596137E-7,0.09016736174141365
15200.0,0.9999987912890181,4.029036606245889E-7,4.029036606245889E-7,4.029036606245889E-7
14662.0,0.9999992210992061,2.5963359800434494E-7,2.5963359800434494E-7,2.5963359800434494E-7
14421.0,0.1337925057012734,0.7269474841356984,2.9836307139576365E-7,0.13925971179995705
14171.0,0.04158456645595304,0.4073996216549474,0.2713237212820077,0.2796920906070921
15606.0,0.8235856263648551,0.17641359579662094,3.8891926195064703E-7,3.8891926195064703E-7
15004.0,0.9999989508177299,3.497274234002402E-7,3.497274234002402E-7,3.497274234002402E-7
15247.0,0.9999986187990374,4.6040032090659595E-7,4.6040032090659595E-7,4.6040032090659595E-7
13991.0,0.9999997150374895,9.498750346125245E-8,9.498750346125245E-8,9.498750346125245E-8
14761.0,0.5447175702913138,0.4552815817377427,4.239854717601904E-7,4.239854717601904E-7
14522.0,0.9164911227254199,0.08350796079419552,4.582401923114456E-7,4.582401923114456E-7
14260.0,0.9999989271252975,3.5762490083069186E-7,3.5762490083069186E-7,3.5762490083069186E-7
15453.0,0.9999992453981966,2.515339344272445E-7,2.515339344272445E-7,2.515339344272445E-7
15694.0,0.8258656162055524,0.17413360349800072,3.901482233437394E-7,3.901482233437394E-7
14353.0,0.9999987175566862,4.274811046007701E-7,4.274811046007701E-7,4.274811046007701E-7
14111.0,0.6295511840248016,0.12547821914978047,0.0404705083663931,0.20450008845902456
14594.0,0.8416821111688962,0.09029066609943935,0.03927025933546101,0.02875696339621714
15140.0,0.6986236370407187,0.14573254474287342,0.1556433916978617,4.2651854618341594E-7
14903.0,0.999998713839026,4.2872032466788474E-7,4.2872032466788474E-7,4.2872032466788474E-7
15538.0,0.9999988041872481,3.986042505997634E-7,3.986042505997634E-7,3.986042505997634E-7
14590.0,0.8359729517870647,0.08081457358797757,0.08321203116441327,4.434605442442605E-7
14320.0,0.9179840688388957,0.08201520513305098,3.630140266769934E-7,3.630140266769934E-7
14051.0,0.7346050086316239,0.0911303036745683,0.17426417882084833,5.08872959211981E-7
14829.0,0.6393228562025627,0.27360594173739733,0.04353560103002004,0.04353560103002004
15307.0,0.9999998960823948,3.463920170114321E-8,3.463920170114321E-8,3.463920170114321E-8
15064.0,0.11832410398201304,0.7164936625068955,0.12382715718969094,0.041355076321400584
15747.0,0.09115333267897807,0.09816013874675211,0.22617928756698905,0.5845072410072809
15504.0,0.843325076454577,0.08868974483891813,0.03924598846770101,0.028739190238817526
14799.0,0.8244753516988466,4.880947922359085E-7,4.880947922359085E-7,0.1755236721115687
14017.0,0.9999995540709632,1.4864301224734255E-7,1.4864301224734255E-7,1.4864301224734255E-7
14290.0,0.9056940547869974,0.09430501777386438,4.637195690562494E-7,4.637195690562494E-7
14556.0,0.9999983949653243,5.3501155854853E-7,5.3501155854853E-7,5.3501155854853E-7
15098.0,0.999998425622732,5.247924226829471E-7,5.247924226829471E-7,5.247924226829471E-7
15337.0,0.9999999366573172,2.111422759573341E-8,2.111422759573341E-8,2.111422759573341E-8
15724.0,0.9587082770303329,4.6301351671336613E-7,4.6301351671336613E-7,0.0412907969426337
15487.0,0.8430160529772569,0.08899876831623825,0.03986403542234122,0.02812114328417732
14624.0,0.9999991608436214,2.797187928663686E-7,2.797187928663686E-7,2.797187928663686E-7
14141.0,0.9999992638471297,2.4538429013892414E-7,2.4538429013892414E-7,2.4538429013892414E-7
14387.0,0.9999997972882868,6.757057106255298E-8,6.757057106255298E-8,6.757057106255298E-8
14869.0,0.7753142941823404,0.22468471334681459,4.96235422525948E-7,4.96235422525948E-7
15110.0,0.8416821111688962,0.09029066609943935,0.03927025933546101,0.02875696339621714
15276.0,0.9125416114418115,0.08745745712017733,4.6571900560474225E-7,4.6571900560474225E-7
15039.0,0.9999993005808923,2.3313970256057446E-7,2.3313970256057446E-7,2.3313970256057446E-7
14489.0,0.9999986615614851,4.4614617166497506E-7,4.4614617166497506E-7,4.4614617166497506E-7
14231.0,0.6679885717918949,0.249774960543595,0.08223603842375526,4.292407545505979E-7
14730.0,0.9999999442684042,1.857719858456493E-8,1.857719858456493E-8,1.857719858456493E-8
15573.0,0.9999990565508352,3.144830549297178E-7,3.144830549297178E-7,3.144830549297178E-7
15171.0,0.999999082585107,3.0580496431612885E-7,3.0580496431612885E-7,3.0580496431612885E-7
14928.0,0.9999984747993996,5.08400200105977E-7,5.08400200105977E-7,5.08400200105977E-7
14454.0,0.9999989730056857,3.423314380643981E-7,3.423314380643981E-7,3.423314380643981E-7
14200.0,0.9999985922810726,4.6923964251230587E-7,4.6923964251230587E-7,4.6923964251230587E-7
14693.0,0.8715540600152674,0.12844503427620538,4.528542635720697E-7,4.528542635720697E-7
15418.0,0.9999999354389916,2.152033613972341E-8,2.152033613972341E-8,2.152033613972341E-8
15657.0,0.9999990135444617,3.288185127867562E-7,3.288185127867562E-7,3.288185127867562E-7
14962.0,0.9999990715054722,3.09498175959192E-7,3.09498175959192E-7,3.09498175959192E-7
15201.0,0.9999989090553998,3.6364820007994306E-7,3.6364820007994306E-7,3.6364820007994306E-7
14663.0,0.07295015403835843,0.14683432134345206,0.4304377144089905,0.3497778102091987
14170.0,0.9999986780465624,4.4065114584783174E-7,4.4065114584783174E-7,4.4065114584783174E-7
14420.0,0.7721216852179092,0.13940765950191206,0.04423532764008927,0.04423532764008927
15627.0,0.1636888196644603,0.16877624138258965,0.4637122798421741,0.20382265911077604
15384.0,0.5548470888567509,0.35527719852462863,0.08987527198908289,4.4062953744757645E-7
15005.0,0.3013277663841473,0.6172398401223765,0.04071619674673824,0.04071619674673824
15246.0,0.3332393473085612,0.5861035197763373,0.08065676343440133,3.694806999588908E-7
14760.0,0.9999984692417165,5.102527611315458E-7,5.102527611315458E-7,5.102527611315458E-7
13990.0,0.999999587048852,1.3765038264872022E-7,1.3765038264872022E-7,1.3765038264872022E-7
14261.0,3.769344373312773E-7,0.048435884240393405,0.3315930041299523,0.6199707346952168
14523.0,0.9999998929469172,3.5684360934592867E-8,3.5684360934592867E-8,3.5684360934592867E-8
15607.0,0.2423420973627586,0.42175579731186685,0.21535506979356953,0.12054703553180458
14110.0,0.17909969085200592,0.452809414321397,0.17274898013569764,0.1953419146908996
14352.0,0.45368041295250794,0.36291229100528805,0.18340686934447945,4.2669772447298974E-7
14595.0,0.9999984655548975,5.114817008135396E-7,5.114817008135396E-7,5.114817008135396E-7
15141.0,0.9999999460595969,1.7980134386750852E-8,1.7980134386750852E-8,1.7980134386750852E-8
14902.0,0.6784731102658581,0.23237554395086882,0.044575672891636546,0.044575672891636546
15452.0,0.9999998105016246,6.316612511667731E-8,6.316612511667731E-8,6.316612511667731E-8
15695.0,0.9118830899418324,0.08811590042264324,5.048177621426842E-7,5.048177621426842E-7
14321.0,0.9999987257134724,4.2476217589011797E-7,4.2476217589011797E-7,4.2476217589011797E-7
14591.0,0.9999996202624787,1.2657917381626204E-7,1.2657917381626204E-7,1.2657917381626204E-7
14828.0,0.28225539726507526,0.4516294434991432,0.08813806070504521,0.17797709853073632
14050.0,0.7768652827271427,0.13993050572895296,0.08320382945798545,3.8208591906823853E-7
15306.0,0.7217181356440473,0.09762003296909565,0.1348595256940912,0.04580230569276601
15065.0,0.8827273251141771,0.1172718177837133,4.285510548831166E-7,4.285510548831166E-7
15539.0,0.9999995120011453,1.6266628488037167E-7,1.6266628488037167E-7,1.6266628488037167E-7
14016.0,0.9999995885258197,1.3715806014280972E-7,1.3715806014280972E-7,1.3715806014280972E-7
14798.0,0.9999997906027366,6.979908780569792E-8,6.979908780569792E-8,6.979908780569792E-8
14557.0,0.3041443525286607,0.3380775878378563,0.1320561956877655,0.2257218639457177
14291.0,0.3982230003741684,0.6017763563260173,3.2164990709733785E-7,3.2164990709733785E-7
15099.0,0.8565209775307346,0.14347801438582797,5.040417187308606E-7,5.040417187308606E-7
15336.0,0.9999999374443062,2.08518979291197E-8,2.08518979291197E-8,2.08518979291197E-8
15746.0,0.9999996912695663,1.0291014455462679E-7,1.0291014455462679E-7,1.0291014455462679E-7
15505.0,0.9158799317108411,0.08411916843986646,4.499246461701308E-7,4.499246461701308E-7
14625.0,0.9999998062291738,6.459027537697649E-8,6.459027537697649E-8,6.459027537697649E-8
14386.0,0.7754316197918666,0.046795985917299894,0.1777719035569976,4.907338357705845E-7
14140.0,0.6308420476912293,0.08980448469644177,0.1818985890092933,0.0974548786030359
14868.0,0.999999405472572,1.98175809293977E-7,1.98175809293977E-7,1.98175809293977E-7
15111.0,0.6317028801587937,0.27724741558518584,0.09104919325934398,5.109966767226016E-7
15725.0,0.9565333783696975,0.043465839143784685,3.912432588494263E-7,3.912432588494263E-7
15486.0,0.11572015653314258,0.5739678150673825,0.09249413491044078,0.21781789348903452
15658.0,0.7284925574876225,4.359294482721841E-7,0.18142228790013706,0.0900847186827921
15417.0,0.8135362558422725,0.09733223152180176,0.08913098097830334,5.31657622192418E-7
14931.0,0.9999986818586514,4.3938044958181846E-7,4.3938044958181846E-7,4.3938044958181846E-7
15168.0,0.08793428965138989,0.40490819543371986,0.1802314944785711,0.3269260204363196
14694.0,0.999998618271844,4.605760519911067E-7,4.605760519911067E-7,4.605760519911067E-7
14203.0,0.7249037053833943,0.22576522521427178,0.04933056082064369,5.085816901790978E-7
14453.0,0.9999987647015157,4.117661614049985E-7,4.117661614049985E-7,4.117661614049985E-7
15574.0,0.7560130408005294,0.24398597599370592,4.916028822351311E-7,4.916028822351311E-7
15036.0,0.5032108892159437,0.42152872007566666,0.0752601337551659,2.5695322355616827E-7
15279.0,0.8978093339905048,0.10218974742654488,4.5929147522806096E-7,4.5929147522806096E-7
14729.0,0.9999999382501675,2.0583277498732763E-8,2.0583277498732763E-8,2.0583277498732763E-8
13959.0,0.9999983560572251,5.479809250147657E-7,5.479809250147657E-7,5.479809250147657E-7
14228.0,0.13303803130096722,0.8669613378012528,3.154488900223028E-7,3.154488900223028E-7
14490.0,0.11882154010708047,0.8811778245527353,3.1767009207818477E-7,3.1767009207818477E-7
15604.0,0.9999994855551888,1.7148160373544836E-7,1.7148160373544836E-7,1.7148160373544836E-7
15245.0,0.1076508257606705,0.25861017306835543,0.3618099515092883,0.27192904966168624
15006.0,0.6454055013710472,0.354593610350766,4.4413909342356766E-7,4.4413909342356766E-7
14520.0,0.9999991311689012,2.896103662891473E-7,2.896103662891473E-7,2.896103662891473E-7
14262.0,0.19682647291446778,0.3932480564949754,0.1614824123711005,0.24844305821945592
13989.0,0.6775934397795833,0.22905600742172932,0.09335006094131308,4.918573737339649E-7
14763.0,0.6732307070557211,0.3267684845848782,4.041797004141813E-7,4.041797004141813E-7
15387.0,0.8432281841011379,0.08874459316719759,0.03988868850835771,0.02813853422332044
15624.0,0.8419913257553446,0.0893630223400943,0.04050711768125441,0.02813853422332044
15202.0,0.9999984925850443,5.024716518737585E-7,5.024716518737585E-7,5.024716518737585E-7
14961.0,0.9999999562381987,1.4587267080443674E-8,1.4587267080443674E-8,1.4587267080443674E-8
14423.0,0.8430160529772569,0.08899876831623825,0.03924598846770101,0.028739190238817526
14169.0,0.9999990114059905,3.295313365341147E-7,3.295313365341147E-7,3.295313365341147E-7
14660.0,0.999999926754693,2.441510234428161E-8,2.441510234428161E-8,2.441510234428161E-8
15536.0,0.914402534561173,4.291052844581563E-7,0.08559660722825824,4.291052844581563E-7
14049.0,0.999998880568319,3.731438936355979E-7,3.731438936355979E-7,3.731438936355979E-7
14831.0,0.9183236754181275,0.08167547280280306,4.258895347116342E-7,4.258895347116342E-7
14588.0,0.31258500667022243,0.4152293634309645,0.04304867300769902,0.22913695689111405
14322.0,0.9999995341685558,1.5527714802059942E-7,1.5527714802059942E-7,1.5527714802059942E-7
15066.0,0.9999986894635919,4.368454693338325E-7,4.368454693338325E-7,4.368454693338325E-7
15305.0,0.9999999463801548,1.7873281724301252E-8,1.7873281724301252E-8,1.7873281724301252E-8
15692.0,0.3974797487289781,0.3174203112683794,0.19247199140988341,0.0926279485927591
15455.0,0.9999991696591449,2.767802849555051E-7,2.767802849555051E-7,2.767802849555051E-7
14592.0,0.9609529544822554,0.03904589958170277,5.729680208199688E-7,5.729680208199688E-7
14355.0,0.999999944302849,1.8565717004092137E-8,1.8565717004092137E-8,1.8565717004092137E-8
14109.0,0.9999991558392618,2.813869127401009E-7,2.813869127401009E-7,2.813869127401009E-7
14901.0,0.9303955715669534,0.0696036616716615,3.833806925504197E-7,3.833806925504197E-7
15142.0,0.8137356492742366,0.1862634288929191,4.609164221492273E-7,4.609164221492273E-7
15485.0,0.7401924326481666,0.17655673398218066,4.482812173398961E-7,0.08325038508843527
15726.0,4.265546825412807E-7,0.610995564879648,0.29182936731899184,0.09717464124667749
14143.0,0.18520793372645783,0.2564271229186862,0.34310447281540424,0.2152604705394516
14385.0,0.9999987560502617,4.146499127386317E-7,4.146499127386317E-7,4.146499127386317E-7
14626.0,0.9999986961693497,4.3461021676520553E-7,4.3461021676520553E-7,4.3461021676520553E-7
15108.0,0.7100838849901833,0.06997732137500556,0.182143278813301,0.03779551482150971
14871.0,0.8238795066534655,0.17611975349464135,3.699259466735823E-7,3.699259466735823E-7
15506.0,0.9999999261002045,2.4633265181614066E-8,2.4633265181614066E-8,2.4633265181614066E-8
15745.0,0.927497401112737,0.07250185095116064,3.739680511401359E-7,3.739680511401359E-7
14288.0,0.87446012393722,0.1255390645102752,4.057762524909576E-7,4.057762524909576E-7
14558.0,0.9999992470426748,2.50985775067349E-7,2.50985775067349E-7,2.50985775067349E-7
14797.0,0.865319776640935,0.13467917885462205,5.222522213165612E-7,5.222522213165612E-7
14019.0,0.999998748323995,4.172253349355255E-7,4.172253349355255E-7,4.172253349355255E-7
15339.0,0.17901725353092326,3.7210705378757067E-7,0.3614544376214668,0.4595279367405562
15096.0,0.9999988056310333,3.981229889180097E-7,3.981229889180097E-7,3.981229889180097E-7
14930.0,0.9999997990177576,6.699408078734916E-8,6.699408078734916E-8,6.699408078734916E-8
15169.0,0.9999986225875016,4.5913749948240983E-7,4.5913749948240983E-7,4.5913749948240983E-7
14695.0,0.9549039042179436,0.04509541349614974,3.4114295333840694E-7,3.4114295333840694E-7
14452.0,0.9089584159712785,0.09104052773655824,5.281460816775435E-7,5.281460816775435E-7
14202.0,0.9999986166193031,4.611268989277345E-7,4.611268989277345E-7,4.611268989277345E-7
15659.0,0.6852935308560014,0.23662417088770882,6.586521824757039E-7,0.07808163960410706
15416.0,0.9999998686039335,4.379868881313607E-8,4.379868881313607E-8,4.379868881313607E-8
15037.0,0.465329983686168,0.4493022933859609,4.3732481642321054E-7,0.08536728560305455
15278.0,0.9134851974718599,0.08651373222746872,5.351503357196355E-7,5.351503357196355E-7
14728.0,0.9999983985834411,5.338055196427717E-7,5.338055196427717E-7,5.338055196427717E-7
14491.0,0.9999995390721903,1.5364260322473463E-7,1.5364260322473463E-7,1.5364260322473463E-7
14229.0,0.8416821111688962,0.09029066609943935,0.03927025933546101,0.02875696339621714
15575.0,0.9999990255632071,3.2481226430805303E-7,3.2481226430805303E-7,3.2481226430805303E-7
15244.0,0.9999991235297783,2.9215674058175723E-7,2.9215674058175723E-7,2.9215674058175723E-7
15007.0,0.9790177794949072,0.02098174877348126,2.3586580573166286E-7,2.3586580573166286E-7
14263.0,0.8876436655516494,0.11235535028607699,4.920811369730079E-7,4.920811369730079E-7
14521.0,0.9999987344282095,4.2185726349203955E-7,4.2185726349203955E-7,4.2185726349203955E-7
14762.0,0.9999989156449688,3.614516770888659E-7,3.614516770888659E-7,3.614516770888659E-7
13988.0,0.7333538341598185,0.1774304702002431,4.457808896309647E-7,0.08921524985904856
15605.0,0.9999992285455754,2.5715147481338964E-7,2.5715147481338964E-7,2.5715147481338964E-7
15203.0,0.999999663051025,1.1231632500263567E-7,1.1231632500263567E-7,1.1231632500263567E-7
14960.0,0.9261966339851186,0.07380269214701465,3.36933933401635E-7,3.36933933401635E-7
14168.0,0.8416821111688962,0.09029066609943935,0.03927025933546101,0.02875696339621714
14422.0,0.9999990734076,3.0886413332013746E-7,3.0886413332013746E-7,3.0886413332013746E-7
14661.0,0.8430160529772569,0.08899876831623825,0.03924598846770101,0.028739190238817526
15386.0,0.8430160529772569,0.08899876831623825,0.03986403542234122,0.02812114328417732
15625.0,0.9202783966917505,3.8573651493653084E-7,0.07972083183521954,3.8573651493653084E-7
14830.0,0.2119180857669434,0.7880810947050031,4.097640266696663E-7,4.097640266696663E-7
14048.0,0.9999998960823948,3.463920170114321E-8,3.463920170114321E-8,3.463920170114321E-8
14323.0,0.16695601314710556,0.7083610620440961,0.12468253491182221,3.898969760840425E-7
14589.0,0.8700066971420455,0.12999230399605297,4.994309506604747E-7,4.994309506604747E-7
15067.0,0.9999985412559921,4.86248002617633E-7,4.86248002617633E-7,4.86248002617633E-7
15304.0,0.9999985893651722,4.702116092411231E-7,4.702116092411231E-7,4.702116092411231E-7
15537.0,0.878663842647335,0.12133530598538099,4.2568364195937007E-7,4.2568364195937007E-7
14593.0,0.6294294461724618,0.14496711793004236,0.15786229838886087,0.06774113750863578
14108.0,0.8685573145405667,0.1314416628042712,5.113275809454703E-7,5.113275809454703E-7
14354.0,0.9999986698064152,4.43397861589641E-7,4.43397861589641E-7,4.43397861589641E-7
14900.0,0.9999995686143196,1.4379522682524485E-7,1.4379522682524485E-7,1.4379522682524485E-7
15143.0,0.9999989567234946,3.4775883516842546E-7,3.4775883516842546E-7,3.4775883516842546E-7
15693.0,0.9999992317134333,2.560955222493293E-7,2.560955222493293E-7,2.560955222493293E-7
15454.0,0.9559272965073419,0.04407169712092183,5.031858681420797E-7,5.031858681420797E-7
14384.0,0.9999985356906277,4.881031240600204E-7,4.881031240600204E-7,4.881031240600204E-7
14142.0,0.9601536066306087,0.0398455362626635,4.285533638508895E-7,4.285533638508895E-7
14627.0,0.7635284888729281,0.23647049910172957,5.060126712775637E-7,5.060126712775637E-7
15109.0,0.884977158930278,0.11502193936800681,4.5085085757254205E-7,4.5085085757254205E-7
14870.0,0.39105266612783546,0.5258896058748747,4.373547472880353E-7,0.0830572906425424
15484.0,0.8419913257553446,0.09059988068588772,0.038342615576115964,0.029066177982665486
15727.0,0.9999999442684042,1.857719858456493E-8,1.857719858456493E-8,1.857719858456493E-8
14559.0,0.7040074270615633,0.041231685250724584,0.2547605929302857,2.9475742661804776E-7
14289.0,0.9999998008523963,6.638253458258009E-8,6.638253458258009E-8,6.638253458258009E-8
14018.0,0.9999998096037754,6.346540818618809E-8,6.346540818618809E-8,6.346540818618809E-8
14796.0,0.9999999460595969,1.7980134386750852E-8,1.7980134386750852E-8,1.7980134386750852E-8
15338.0,0.9142036851642906,0.08579532351957055,4.956580694358631E-7,4.956580694358631E-7
15097.0,0.9239430367922226,0.07605671865781966,1.2227497898819178E-7,1.2227497898819178E-7
15507.0,0.7852518049843571,0.21474763290582252,2.810549101182898E-7,2.810549101182898E-7
15744.0,0.6722279868803054,2.583966395738664E-7,0.1695499357228045,0.15822181900025006
15630.0,0.9999999366573172,2.111422759573341E-8,2.111422759573341E-8,2.111422759573341E-8
15389.0,0.2248666695633125,0.4075766528889496,0.09892879397482611,0.26862788357291223
14658.0,0.9999986949540679,4.350153106593824E-7,4.350153106593824E-7,4.350153106593824E-7
14417.0,0.9570527880910639,0.04294620182422428,5.050423557974529E-7,5.050423557974529E-7
14175.0,0.9999984136451787,5.287849404174101E-7,5.287849404174101E-7,5.287849404174101E-7
14967.0,0.999999328674747,2.23775084368372E-7,2.23775084368372E-7,2.23775084368372E-7
15204.0,0.9999989358976114,3.547007962021377E-7,3.547007962021377E-7,3.547007962021377E-7
15602.0,0.16863111783215498,0.17355019932005133,0.21479221665488454,0.44302646619290936
13987.0,0.8429189695146896,0.08905380775364594,0.03957947392190936,0.02844774880976879
14765.0,0.9176992761643055,0.08229989479371241,4.1452099103945276E-7,4.1452099103945276E-7
14526.0,0.9999992826962636,2.391012454588646E-7,2.391012454588646E-7,2.391012454588646E-7
14256.0,0.8521681216677888,0.14783063797366305,6.201792741482382E-7,6.201792741482382E-7
15000.0,0.9999988578516762,3.8071610790782646E-7,3.8071610790782646E-7,3.8071610790782646E-7
15243.0,0.6091446776499537,0.15963128440924362,0.2312236375889726,4.003518297366822E-7
15568.0,0.8430160529772569,0.08899876831623825,0.03924598846770101,0.028739190238817526
14226.0,0.9999987939968787,4.0200104035438634E-7,4.0200104035438634E-7,4.0200104035438634E-7
14492.0,0.9999990104663545,3.2984454850682696E-7,3.2984454850682696E-7,3.2984454850682696E-7
14735.0,0.9128918236591613,0.08710726921421345,4.5356331249818184E-7,4.5356331249818184E-7
15273.0,0.9025434404431674,0.0974555286347279,5.154610523707285E-7,5.154610523707285E-7
15034.0,0.5729295330479529,0.07672685099094086,0.09667238016133106,0.2536712357997751
15423.0,0.7269987841578254,0.08645902378404006,0.09457249975041279,0.09196969230772198
15660.0,0.9999993069071067,2.310309644434708E-7,2.310309644434708E-7,2.310309644434708E-7
14205.0,0.8429189695146896,0.08905380775364594,0.03957947392190936,0.02844774880976879
14451.0,0.8416821111688962,0.09029066609943935,0.03927025933546101,0.02875696339621714
14688.0,0.8818234011581154,0.03980003033876194,0.0783759371982177,6.31304904941174E-7
15174.0,0.16692409189894183,0.5748247836926049,0.08159529678866663,0.17665582761978635
14933.0,4.3993141816480705E-7,0.04777905887532785,0.3199051468125416,0.6323153543807122
15751.0,0.9999983415622126,5.528125958108511E-7,5.528125958108511E-7,5.528125958108511E-7
15508.0,0.5292861211976636,0.39147058184701844,4.3483596092562824E-7,0.0792428621193574
15102.0,0.6900835178188804,0.13177894814224317,4.543203712843466E-7,0.17813707971850495
15341.0,0.9999983184084804,5.605305064828605E-7,5.605305064828605E-7,5.605305064828605E-7
14795.0,0.9546459688614423,0.045353014040433834,5.085490620452329E-7,5.085490620452329E-7
14021.0,0.9545241629886282,0.04547473017112067,5.534201256116423E-7,5.534201256116423E-7
14294.0,0.8745723212224981,0.12542686532788908,4.067248064790048E-7,4.067248064790048E-7
14552.0,0.9999995229111067,1.5902963108474011E-7,1.5902963108474011E-7,1.5902963108474011E-7
15720.0,0.9999983245539601,5.584820133425199E-7,5.584820133425199E-7,5.584820133425199E-7
15483.0,0.9999998336333908,5.5455536389206525E-8,5.5455536389206525E-8,5.5455536389206525E-8
14865.0,0.7194721870501167,0.18532395045604022,0.09520338430897052,4.781848726699755E-7
15106.0,0.9999984979143173,5.006952275467493E-7,5.006952275467493E-7,5.006952275467493E-7
14628.0,0.9999987034019274,4.321993574898529E-7,4.321993574898529E-7,4.321993574898529E-7
14137.0,0.24815719309980025,0.6678135475386283,4.238300603019075E-7,0.08402883553151107
14391.0,0.9999983854738336,5.381753888158571E-7,5.381753888158571E-7,5.381753888158571E-7
15449.0,0.8432281841011379,0.0893630223400943,0.03957947392190936,0.02782931963687209
15690.0,0.8429189695146896,0.08905380775364594,0.03957947392190936,0.02844774880976879
15136.0,0.9999986618819335,4.4603935551596E-7,4.4603935551596E-7,4.4603935551596E-7
14899.0,0.9999987933468377,4.0221772077732266E-7,4.0221772077732266E-7,4.0221772077732266E-7
14357.0,0.6711692794085026,0.1616266288654752,0.12382900448608983,0.04337508723993262
14107.0,0.9008457562241182,2.842437273982868E-7,0.0495769797660772,0.0495769797660772
14598.0,0.46685753375527633,0.5331416726535395,3.967955918954631E-7,3.967955918954631E-7
15542.0,0.9999992637268811,2.454243729883861E-7,2.454243729883861E-7,2.454243729883861E-7
15311.0,0.08421494643840571,0.13915935833916854,0.26561471042381213,0.5110109847986137
15068.0,3.585453376059665E-7,0.08777346474052167,0.3133899041510062,0.5988362725631341
14586.0,0.6784391265610619,0.15995837416588737,0.039757162555606324,0.12184533671744448
14324.0,0.9999985549782036,4.816739321831013E-7,4.816739321831013E-7,4.816739321831013E-7
14055.0,0.9999986854590963,4.3818030124185433E-7,4.3818030124185433E-7,4.3818030124185433E-7
14825.0,0.9999985411838314,4.862720562482687E-7,4.862720562482687E-7,4.862720562482687E-7
14659.0,0.08697185960948468,0.8255752236442326,4.150474212517079E-7,0.08745250169886133
14174.0,0.9999999135438509,2.881871637969389E-8,2.881871637969389E-8,2.881871637969389E-8
14416.0,0.7913539447026486,0.20864535641977303,3.4943878934865913E-7,3.4943878934865913E-7
14966.0,0.4727524100523626,0.26828045764826697,0.17170948833343117,0.08725764396593884
15205.0,0.9999989577568964,3.474143678523357E-7,3.474143678523357E-7,3.474143678523357E-7
15631.0,0.8503648719284363,0.0792874310465688,0.07034741478544079,2.822395541454475E-7
15388.0,0.9999998366984235,5.4433858808210705E-8,5.4433858808210705E-8,5.4433858808210705E-8
14764.0,0.3674077326090357,0.27733613947582725,0.3100857117057734,0.04517041620936392
13986.0,0.7710189008445654,3.473053323671288E-7,0.15439494636725193,0.07458580548285043
14257.0,0.8287834986465465,2.689651326024523E-7,2.689651326024523E-7,0.17121596342318807
14527.0,0.8908784285808962,0.10912088659928339,3.4240991031287316E-7,3.4240991031287316E-7
15001.0,0.9999991407918831,2.8640270563376555E-7,2.8640270563376555E-7,2.8640270563376555E-7
15242.0,0.9682327912510031,0.03176672842086635,2.4016406525850914E-7,2.4016406525850914E-7
15603.0,0.9999984676598499,5.10780050029708E-7,5.10780050029708E-7,5.10780050029708E-7
14493.0,0.9999989849459469,3.383513510180894E-7,3.383513510180894E-7,3.383513510180894E-7
14227.0,0.9616599944771566,0.03833906352274489,4.7100004929857926E-7,4.7100004929857926E-7
14734.0,0.9999991306391215,2.8978695952768896E-7,2.8978695952768896E-7,2.8978695952768896E-7
15272.0,0.9551601874579624,0.04483883255861265,4.899917125595785E-7,4.899917125595785E-7
15035.0,0.5648027819342035,0.34328747298920503,4.1043815491016437E-7,0.09190933463843648
15569.0,0.999999874263327,4.1912224306260065E-8,4.1912224306260065E-8,4.1912224306260065E-8
14450.0,0.9999998611506016,4.6283132794669695E-8,4.6283132794669695E-8,4.6283132794669695E-8
14204.0,0.7171440818496544,0.2828549280453247,4.950525103178111E-7,4.950525103178111E-7
14689.0,0.8144355418903415,0.18556353919883173,4.594554134428164E-7,4.594554134428164E-7
15175.0,0.9999986892362929,4.3692123572968236E-7,4.3692123572968236E-7,4.3692123572968236E-7
14932.0,0.9999991193563526,2.935478824336412E-7,2.935478824336412E-7,2.935478824336412E-7
15422.0,0.999999257484743,2.4750508568246586E-7,2.4750508568246586E-7,2.4750508568246586E-7
15661.0,0.5333870844436838,0.29834301179601885,0.08969211635869942,0.07857778740159786
15103.0,0.999998328699312,5.571002293247978E-7,5.571002293247978E-7,5.571002293247978E-7
15340.0,0.5836742652331907,0.13061068720914457,0.16432374105170106,0.1213913065059639
14020.0,0.7071888282382686,0.03972159626468989,0.08756528717473885,0.1655242883223028
14794.0,0.9246539738111692,0.07534504085599107,4.926664199160646E-7,4.926664199160646E-7
14553.0,0.7313727247027384,0.26862629792526904,4.886859961818574E-7,4.886859961818574E-7
14295.0,0.9999993562426759,2.1458577472196577E-7,2.1458577472196577E-7,2.1458577472196577E-7
15750.0,0.9999997907109186,6.976302713114538E-8,6.976302713114538E-8,6.976302713114538E-8
15509.0,0.741919058255854,0.07777621925093207,0.18030416952734152,5.529658722126288E-7
14864.0,0.6254571575803173,0.37454208451298376,3.789533493300021E-7,3.789533493300021E-7
15107.0,0.8435373986875863,0.08905380775364594,0.03957947392190936,0.02782931963687209
14629.0,0.9999988978452146,3.673849284428047E-7,3.673849284428047E-7,3.673849284428047E-7
14390.0,0.8386641947715546,3.596882191113704E-7,0.0794444879560168,0.0818909575842095
14136.0,0.8430160529772569,0.08899876831623825,0.03986403542234122,0.02812114328417732
15721.0,0.4481246097187412,0.3661724805502059,0.037048410842324464,0.14865449888872836
15482.0,0.9111741757998948,0.08882481571272659,5.042436893001229E-7,5.042436893001229E-7
15137.0,0.999998827926736,3.90691088019724E-7,3.90691088019724E-7,3.90691088019724E-7
14898.0,0.9999987344297789,4.2185674037498866E-7,4.2185674037498866E-7,4.2185674037498866E-7
14106.0,0.7926019372508141,0.12711358318680152,0.08028406073599441,4.1882638994446644E-7
14356.0,0.9999986536654335,4.487781888054455E-7,4.487781888054455E-7,4.487781888054455E-7
14599.0,0.9249856533775015,0.07501386724828671,2.3968710582267676E-7,2.3968710582267676E-7
15448.0,0.9999991134019559,2.955326813649308E-7,2.955326813649308E-7,2.955326813649308E-7
15691.0,0.9999995910751879,1.3630827068876246E-7,1.3630827068876246E-7,1.3630827068876246E-7
15310.0,0.9999992139823581,2.620058805924894E-7,2.620058805924894E-7,2.620058805924894E-7
15069.0,0.9079875051959034,0.09201147472229379,5.100409014942082E-7,5.100409014942082E-7
14325.0,0.9999992250724787,2.58309173705025E-7,2.58309173705025E-7,2.58309173705025E-7
14587.0,0.9238016395695197,0.07619751965899232,4.203857440254361E-7,4.203857440254361E-7
14824.0,0.9999999272141832,2.4261938920137683E-8,2.4261938920137683E-8,2.4261938920137683E-8
14054.0,0.9169500589766018,2.8141610642799855E-7,0.0830493781911856,2.8141610642799855E-7
15543.0,0.9999998312244164,5.6258527852978496E-8,5.6258527852978496E-8,5.6258527852978496E-8
15600.0,0.999998424331409,5.252228637017061E-7,5.252228637017061E-7,5.252228637017061E-7
14524.0,0.9999987525319041,4.158226986369705E-7,4.158226986369705E-7,4.158226986369705E-7
14258.0,0.9145548910804532,0.08544427552706185,4.166962425234503E-7,4.166962425234503E-7
13985.0,0.9999992741961307,2.4193462313114107E-7,2.4193462313114107E-7,2.4193462313114107E-7
14767.0,0.9145639220302915,0.08543503835349084,5.198081088240774E-7,5.198081088240774E-7
15241.0,0.18081738692992996,0.734895473204345,0.0842868013421772,3.38523547659802E-7
15002.0,0.08594669463764415,0.26586404493745003,0.2622061262395845,0.38598313418532154
15391.0,0.9999988423019169,3.8589936103532656E-7,3.8589936103532656E-7,3.8589936103532656E-7
15628.0,0.9185519989725437,0.08144700030781189,5.003598221052968E-7,5.003598221052968E-7
14419.0,0.8633420117955922,0.04512365684772888,0.09153379878579392,5.325708850098633E-7
14173.0,0.9310349413732077,0.06896453818135534,2.6022271851993704E-7,2.6022271851993704E-7
14656.0,0.1898678948528643,0.3655812078685031,0.3596232102171611,0.08492768706147169
15206.0,0.9999994498868366,1.8337105441533476E-7,1.8337105441533476E-7,1.8337105441533476E-7
14965.0,0.6804844539417395,0.31951481296196294,3.66548148908813E-7,3.66548148908813E-7
15662.0,0.9999988793695381,3.735434872608702E-7,3.735434872608702E-7,3.735434872608702E-7
15421.0,0.09073792275920965,0.28355518292194737,0.31440092355350674,0.31130597076533595
14690.0,0.9999988951951536,3.6826828212721907E-7,3.6826828212721907E-7,3.6826828212721907E-7
14207.0,0.999998721255016,4.262483279574095E-7,4.262483279574095E-7,4.262483279574095E-7
14449.0,0.8419913257553446,0.09059988068588772,0.038342615576115964,0.029066177982665486
14935.0,0.9999985839883156,4.720038947983699E-7,4.720038947983699E-7,4.720038947983699E-7
15172.0,0.9999986721997899,4.426000700161115E-7,4.426000700161115E-7,4.426000700161115E-7
15570.0,0.9999985036107916,4.987964027005664E-7,4.987964027005664E-7,4.987964027005664E-7
14733.0,0.9999996570520987,1.1431596707840326E-7,1.1431596707840326E-7,1.1431596707840326E-7
14224.0,0.36219051388993023,0.3265327483139346,0.26912893633341173,0.04214780146272361
14494.0,0.9999998624834726,4.583884246947813E-8,4.583884246947813E-8,4.583884246947813E-8
15032.0,0.9999988516375314,3.827874895049592E-7,3.827874895049592E-7,3.827874895049592E-7
15275.0,0.9999992987885694,2.3373714352654764E-7,2.3373714352654764E-7,2.3373714352654764E-7
15481.0,0.8739573497442045,0.12604213875845144,2.557486719210031E-7,2.557486719210031E-7
15722.0,0.9999989539593053,3.486802315674063E-7,3.486802315674063E-7,3.486802315674063E-7
15104.0,0.9999986954364013,4.348545328995518E-7,4.348545328995518E-7,4.348545328995518E-7
14867.0,0.9999985590042361,4.803319213563819E-7,4.803319213563819E-7,4.803319213563819E-7
14139.0,0.3363624337759113,0.1614298476077709,0.2134372377759617,0.2887704808403561
14389.0,0.40803154585067536,0.2174837100740243,0.23495851322575892,0.1395262308495412
14630.0,0.9999988277524896,3.9074917013886267E-7,3.9074917013886267E-7,3.9074917013886267E-7
15510.0,0.9999995201459694,1.599513435478074E-7,1.599513435478074E-7,1.599513435478074E-7
15749.0,0.955829547086509,5.696686023619982E-7,5.696686023619982E-7,0.0441693135762864
15343.0,0.17562531598284958,0.09799995251414406,0.4504368818989262,0.27593784960407974
15100.0,0.9195259549858272,0.08047263575729488,7.046284389295632E-7,7.046284389295632E-7
14292.0,0.9999985392695263,4.869101578723001E-7,4.869101578723001E-7,4.869101578723001E-7
14554.0,0.843325076454577,0.08868974483891813,0.03924598846770101,0.028739190238817526
14793.0,0.9999986147467979,4.6175106739811265E-7,4.6175106739811265E-7,4.6175106739811265E-7
14023.0,0.33462206719001486,0.1182624223255661,0.18372685634653776,0.3633886541378808
15540.0,0.9198845622550744,0.08011433972150517,5.490117101894334E-7,5.490117101894334E-7
15070.0,0.9999988943503254,3.685498914758809E-7,3.685498914758809E-7,3.685498914758809E-7
15309.0,0.999999927540917,2.4153027659113314E-8,2.4153027659113314E-8,2.4153027659113314E-8
14053.0,0.8379309636420013,0.16206808026769426,4.780451522184441E-7,4.780451522184441E-7
14827.0,0.8432281841011379,0.08874459316719759,0.03988868850835771,0.02813853422332044
14584.0,0.9999999460595969,1.7980134386750852E-8,1.7980134386750852E-8,1.7980134386750852E-8
14326.0,0.9999990106041992,3.297986003041012E-7,3.297986003041012E-7,3.297986003041012E-7
15688.0,5.000814165441965E-7,0.08937063854369304,0.41123023285177657,0.49939862852311373
15451.0,0.9999999460595969,1.7980134386750852E-8,1.7980134386750852E-8,1.7980134386750852E-8
14897.0,0.4513769913401069,0.3666952069888859,0.18192735611272723,4.4555827995447477E-7
15138.0,0.9999995950941027,1.3496863239348745E-7,1.3496863239348745E-7,1.3496863239348745E-7
14596.0,0.9999999366964659,2.110117801241227E-8,2.110117801241227E-8,2.110117801241227E-8
14359.0,0.9999987097841225,4.3007195914976416E-7,4.3007195914976416E-7,4.3007195914976416E-7
14105.0,0.9999990059826616,3.3133911279262507E-7,3.3133911279262507E-7,3.3133911279262507E-7
14259.0,0.9999987229232316,4.256922561601655E-7,4.256922561601655E-7,4.256922561601655E-7
14525.0,0.9999992315074893,2.5616417025210816E-7,2.5616417025210816E-7,2.5616417025210816E-7
14766.0,0.9999991752035218,2.749321594501896E-7,2.749321594501896E-7,2.749321594501896E-7
13984.0,0.6624435578836979,0.2588771638970982,0.07867892782873778,3.503904660171784E-7
15240.0,0.9999992204749437,2.5984168545532034E-7,2.5984168545532034E-7,2.5984168545532034E-7
15003.0,0.9999986108901185,4.63036627135698E-7,4.63036627135698E-7,4.63036627135698E-7
15601.0,0.11489830434240784,0.8094098369848528,3.1895231510532994E-7,0.0756915397204243
14172.0,0.9999995337777228,1.5540742573652656E-7,1.5540742573652656E-7,1.5540742573652656E-7
14418.0,0.8432281841011379,0.0893630223400943,0.03957947392190936,0.02782931963687209
14657.0,0.9102837020070946,0.0897152002933435,5.488497808848815E-7,5.488497808848815E-7
15207.0,0.9999998767236988,4.1092100372684346E-8,4.1092100372684346E-8,4.1092100372684346E-8
14964.0,0.35141157800387357,0.37058727004594255,0.1900274377872696,0.08797371416291441
15390.0,0.999999078570927,3.07143024361888E-7,3.07143024361888E-7,3.07143024361888E-7
15629.0,0.8755154919259123,0.031704725188752676,0.09277948898151393,2.939038211052491E-7
14691.0,0.9999986908692083,4.3637693056013026E-7,4.3637693056013026E-7,4.3637693056013026E-7
14448.0,0.9999992854103785,2.3819654053539216E-7,2.3819654053539216E-7,2.3819654053539216E-7
14206.0,0.999998448061459,5.173128469546364E-7,5.173128469546364E-7,5.173128469546364E-7
14934.0,0.8763180869609049,0.040203497537748344,0.0834779878551417,4.2764620493945487E-7
15173.0,0.9999988718051307,3.760649564064931E-7,3.760649564064931E-7,3.760649564064931E-7
15663.0,0.7053037194551601,0.29469546256694223,4.0898894887726573E-7,4.0898894887726573E-7
15420.0,0.8878958184158586,0.11210320270843306,4.894378541718375E-7,4.894378541718375E-7
14732.0,0.8354687197903163,3.669239375404502E-7,0.12346100308835857,0.041069910197387705
14495.0,0.8677673278578544,1.6717335141660719E-7,0.10031445272143089,0.03191805224736343
14225.0,0.999999687519268,1.0416024396191196E-7,1.0416024396191196E-7,1.0416024396191196E-7
15033.0,0.999999756514365,8.116187828975383E-8,8.116187828975383E-8,8.116187828975383E-8
15274.0,0.957556488608197,0.04244261400289341,4.486944548905209E-7,4.486944548905209E-7
15571.0,0.4403543163561422,0.40134680216312263,0.1582985574900544,3.239906807522954E-7
15105.0,0.9999988632835958,3.7890546809530113E-7,3.7890546809530113E-7,3.7890546809530113E-7
14866.0,0.9999996630313551,1.1232288160757611E-7,1.1232288160757611E-7,1.1232288160757611E-7
14388.0,0.6245992536909932,0.2216716445675725,0.1537287347601425,3.6698129178657903E-7
14138.0,0.9999987635117729,4.1216274240617903E-7,4.1216274240617903E-7,4.1216274240617903E-7
14631.0,0.9999991070383492,2.9765388363094317E-7,2.9765388363094317E-7,2.9765388363094317E-7
15480.0,0.18530390149729525,0.19941362570851506,0.5186129792265728,0.09666949356761742
15723.0,0.9999999127668501,2.9077716614737708E-8,2.9077716614737708E-8,2.9077716614737708E-8
15342.0,0.8432281841011379,0.08874459316719759,0.03988868850835771,0.02813853422332044
15101.0,0.08049576468163304,0.0792090518825887,0.17478835095971706,0.6655068324760611
14555.0,0.9999993088137117,2.3039542946377062E-7,2.3039542946377062E-7,2.3039542946377062E-7
14293.0,0.8432281841011379,0.08874459316719759,0.03988868850835771,0.02813853422332044
14022.0,0.9407948827422686,0.059204603437595454,2.569100678190002E-7,2.569100678190002E-7
14792.0,0.9999992206530891,2.597823036323089E-7,2.597823036323089E-7,2.597823036323089E-7
15511.0,0.9999991720417005,2.759860998472114E-7,2.759860998472114E-7,2.759860998472114E-7
15748.0,0.6440883836781877,0.355910945354395,3.354837086294544E-7,3.354837086294544E-7
15071.0,0.9999992968292634,2.343902455582816E-7,2.343902455582816E-7,2.343902455582816E-7
15308.0,0.843325076454577,0.08868974483891813,0.03924598846770101,0.028739190238817526
14826.0,0.6776228854545,0.32237611957677625,4.974843617187231E-7,4.974843617187231E-7
14052.0,0.8634938423144112,0.04590082468754358,5.446910547829444E-7,0.09060478830699027
14327.0,0.9999994789077211,1.7369742627187987E-7,1.7369742627187987E-7,1.7369742627187987E-7
14585.0,0.8432281841011379,0.0893630223400943,0.03957947392190936,0.02782931963687209
15541.0,0.9999992492782961,2.5024056794064283E-7,2.5024056794064283E-7,2.5024056794064283E-7
