15572.0,0.9968525131015725,0.003070188476081758,7.723216769796881E-5,6.625464770364603E-8
15277.0,0.9963098948300861,0.0036568327945830127,3.3207446615334114E-5,6.492871532667582E-8
15038.0,0.13776859900323127,0.41332377525269076,0.35989985463812885,0.08900777110594905
14230.0,0.9963257033768176,0.0035954639171538326,7.866732216783758E-5,1.653838606771282E-7
14488.0,0.9947317102499715,0.005214703777802295,4.825899501954068E-5,5.326977206583735E-6
14731.0,0.994778907144232,0.004970725593265516,2.491944850059653E-4,1.172777496522942E-6
15419.0,0.844047489496131,0.0906852125670651,0.05299895373963887,0.01226834419716523
15656.0,0.990948346658535,0.00895094569636964,9.284169220038703E-5,7.865952895017517E-6
15170.0,0.9881164419348353,0.01172962004050857,1.5180736040482933E-4,2.1306642512640107E-6
14929.0,0.9959662875884236,0.003986579305423603,4.666249180158463E-5,4.706143510391782E-7
14201.0,0.9868850432367618,0.012931477205001417,1.8253056874982588E-4,9.489894867785455E-7
14455.0,0.10621953375604766,0.08127329961142851,0.3297135430116901,0.48279362362083383
14692.0,0.11227157517638868,0.8866872753285131,0.0010211221496019157,2.0027345496322977E-5
15626.0,0.9913654784558381,0.008523632982063701,1.1028936050899309E-4,5.99201589098085E-7
15385.0,0.9894738049803339,0.00950098177984657,0.0010213701545906267,3.843085228888347E-6
14963.0,0.9890520369120038,0.010661614385073013,2.684654504633851E-4,1.7883252459790223E-5
15200.0,0.9821274743257167,0.017652417933160962,2.1433546810541347E-4,5.772273016969535E-6
14662.0,0.9937336398566117,0.006179285105622844,8.687031490238237E-5,2.0472286320244263E-7
14421.0,0.3145357736309575,0.6836022418768531,0.0013591833529855853,5.028011392036704E-4
14171.0,8.119594391333201E-4,0.08143364175528979,0.6099850578985077,0.3077693409070692
15606.0,0.989290057704884,0.01058984585787934,1.0998730632875937E-4,1.0109130907845845E-5
15004.0,0.993974451106094,0.005968246900607342,5.496249238311911E-5,2.3395009156065165E-6
15247.0,0.9946447377051674,0.005301510196482231,5.343834869638134E-5,3.1374965399486606E-7
13991.0,0.9932660989522918,0.006090322409814326,6.42135723967534E-4,1.4429139262905364E-6
14761.0,0.21442269847845466,0.7670116191990621,0.016278709948671533,0.002286972373811735
14522.0,0.6078565004865804,0.3895086545817263,0.002620434444483828,1.4410487209578763E-5
14260.0,0.991591294941124,0.008012524202902382,3.878125931452405E-4,8.36826282848838E-6
15453.0,0.9132446469038659,0.07926559497444778,0.006107568944263411,0.0013821891774228713
15694.0,0.9684325462899891,0.031046821480389286,5.171201034203684E-4,3.5121262014219896E-6
14353.0,0.9961439360363733,0.0037878312341989933,6.807085447279732E-5,1.6187495467188004E-7
14111.0,0.9846443810196952,0.013274564719950185,0.002062016600514276,1.9037659840339883E-5
14594.0,0.9961439360363733,0.0037878312341989933,6.807085447279732E-5,1.6187495467188004E-7
15140.0,0.9921092350923908,0.007768958758569849,1.2008756554530583E-4,1.7185834942208882E-6
14903.0,0.9966150597072913,0.003328905069211668,5.595421061056357E-5,8.101288644177017E-8
15538.0,0.9943461874431373,0.005594074039644402,5.9234676148378304E-5,5.0384107003637E-7
14590.0,0.9931382791164697,0.006772394870299627,6.0037985011758365E-5,2.928802821878293E-5
14320.0,0.9822776031102591,0.01741958774431017,2.865494943117553E-4,1.6259651119064825E-5
14051.0,0.6554073437102963,0.30920822703690415,0.03163273946104948,0.0037516897917500387
14829.0,0.9899760399664175,0.009905445861179201,9.415581622043574E-5,2.4358356182870524E-5
15307.0,0.9966995130978467,0.003179827562660012,1.2060447683555838E-4,5.486265765284944E-8
15064.0,0.12952256259215494,0.8688255729973827,0.0014246217704915575,2.2724263997079717E-4
15747.0,0.06264062889757782,0.16916771029896266,0.19964444115870855,0.5685472196447511
15504.0,0.9966150597072913,0.003328905069211668,5.595421061056357E-5,8.101288644177017E-8
14799.0,0.9864258514555784,0.013355444935388122,1.8948149675657833E-4,2.9222112276969097E-5
14017.0,0.9839219289733695,0.015586165591109839,4.903284816226982E-4,1.5769538978565685E-6
14290.0,0.9936093609786864,0.006302430324307434,7.040824952067796E-5,1.7800447485550258E-5
14556.0,0.9966704180634192,0.0032645680054890027,6.491702343107152E-5,9.690766069512355E-8
15098.0,0.9928714290182868,0.007056583633258272,6.989365260335675E-5,2.0936958515293823E-6
15337.0,0.9953660314062357,0.0045761172833322546,5.7755010897896096E-5,9.629953406390824E-8
15724.0,0.9543837548399154,0.044672037724245314,9.250497291595098E-4,1.9157706679772235E-5
15487.0,0.9964505223533191,0.0034987251616435495,5.068948989352383E-5,6.299514386277784E-8
14624.0,0.9962923637235884,0.003624839654416931,8.256486911569149E-5,2.3175287898618895E-7
14141.0,0.9841233946025765,0.015601946319439113,2.737483132694306E-4,9.107647149933572E-7
14387.0,0.9963753041357858,0.0035566802022310067,6.795457530741791E-5,6.108667582026007E-8
14869.0,0.9701858667887051,0.02887718876537934,9.193269368448504E-4,1.7617509070578414E-5
15110.0,0.9961439360363733,0.0037878312341989933,6.807085447279732E-5,1.6187495467188004E-7
15276.0,0.9902960657217844,0.009594659615548111,1.069233381715577E-4,2.3513244958691903E-6
15039.0,0.9951929154018214,0.004759715384404843,4.726715232737907E-5,1.0206144624566051E-7
14489.0,0.9834329960523297,0.01634904088692554,2.1665186672297935E-4,1.3111940217406092E-6
14231.0,0.985299781314646,0.014460661111852803,2.3833305498458437E-4,1.2245185165363503E-6
14730.0,0.9966704180634192,0.0032645680054890027,6.491702343107152E-5,9.690766069512355E-8
15573.0,0.9940873356306514,0.0058517190082975,6.068952444492999E-5,2.5583660622595654E-7
15171.0,0.9324948236620814,0.047614598714550746,0.0188231965727769,0.00106738105059104
14928.0,0.9964312623419812,0.0035080145256652638,6.0184514761529285E-5,5.38617592016253E-7
14454.0,0.9880465514997961,0.0051978414997164366,0.006706578877201083,4.902812328633538E-5
14200.0,0.9953106177831847,0.004637891326079619,5.1048535739472075E-5,4.4235499610098677E-7
14693.0,0.9809975989176198,0.018456806001507998,4.5130789885657475E-4,9.428718201560334E-5
15418.0,0.9961439360363733,0.0037878312341989933,6.807085447279732E-5,1.6187495467188004E-7
15657.0,0.99353578337997,0.006394751308346194,6.93879707911478E-5,7.734089259701019E-8
14962.0,0.9857845980935176,0.01403489531163418,1.7971625953098225E-4,7.903353172236104E-7
15201.0,0.9948494290712803,0.005096056993244203,5.417137635222308E-5,3.425591234557314E-7
14663.0,0.0019841429788789726,0.108335048486206,0.67429446752332,0.21538634101159504
14170.0,0.9951390486538031,0.004768609488646876,9.201185558574053E-5,3.300019643093675E-7
14420.0,0.7255717696342222,0.1492276966880162,0.10410569045653952,0.021094843221222064
15627.0,0.005087465907588916,0.01749403305051051,0.8617293863488114,0.11568911469308918
15384.0,0.9094527301616904,0.08895035352858623,0.0015698161183824112,2.7100191341160677E-5
15005.0,0.23077666103276426,0.7662882355950016,0.002883802647598831,5.130072463523974E-5
15246.0,0.09686534598070924,0.8943448846092639,0.00845726209367929,3.325073163476991E-4
14760.0,0.9937380582635632,0.006181600724741373,2.2368928245208125E-5,5.7972083450307963E-5
13990.0,0.6958584357817159,0.29786389760407544,0.006114743959361049,1.6292265484758428E-4
14261.0,1.8711363469139708E-4,0.0020726136941360365,0.07000656407373752,0.9277337085974351
14523.0,0.9900423330263083,0.009739558913297912,2.1790769885180202E-4,2.0036154206545022E-7
15607.0,0.03231433659098126,0.9495017046038485,0.017615245062035195,5.687137431349326E-4
14110.0,0.3634495619638476,0.34599423054576783,0.26148293276941953,0.02907327472096514
14352.0,0.020015018630420968,0.9717069362006218,0.006655282058759364,0.0016227631101980715
14595.0,0.992700412644612,0.007216777596063196,8.242894070952905E-5,3.808186151800444E-7
15141.0,0.9963257033768176,0.0035954639171538326,7.866732216783758E-5,1.653838606771282E-7
14902.0,0.4010190173928627,0.5921891351859375,0.0058675823794426575,9.242650417571576E-4
15452.0,0.9946012228291965,0.005285654905264831,1.1230717543580646E-4,8.150901029804189E-7
15695.0,0.994936896157679,0.00501147337926966,5.026922926951321E-5,1.3612337817273934E-6
14321.0,0.9932828565593835,0.006648316939998508,6.859696830392847E-5,2.295323141719145E-7
14591.0,0.9939876165375616,0.0059499733981995635,6.190055182867112E-5,5.095124102597541E-7
14828.0,0.5995595289451532,0.38698344853052125,0.012573544651214099,8.834778731113691E-4
14050.0,0.8657256153022096,0.1325840470217617,0.0016890341072766668,1.3035687521046787E-6
15306.0,0.034334671973038244,0.10789382886708675,0.5436287391929611,0.31414275996691393
15065.0,0.9947492376261887,0.0051937435599639925,5.688520706185629E-5,1.3360678531429E-7
15539.0,0.9904635508924395,0.009413135539822546,1.2323832669615804E-4,7.524104164178548E-8
14016.0,0.956385800008851,0.029440746731183277,0.013927889873028346,2.455633869373158E-4
14798.0,0.9962923637235884,0.003624839654416931,8.256486911569149E-5,2.3175287898618895E-7
14557.0,0.29551531479384147,0.39671607711702106,0.1294210274268528,0.17834758066228465
14291.0,0.04569354034165537,0.9477381383675042,0.006106387081312734,4.619342095276777E-4
15099.0,0.9318414489902258,0.06589234534109015,0.0016468960140722908,6.193096546117483E-4
15336.0,0.9963753041357858,0.0035566802022310067,6.795457530741791E-5,6.108667582026007E-8
15746.0,0.9963327429972207,0.0036164869065464294,5.065874351557492E-5,1.1135271726497186E-7
15505.0,0.9669091170756156,0.032564794918366675,5.016921071774737E-4,2.4395898840412957E-5
14625.0,0.9938813473283525,0.006024781584758747,9.358632343894285E-5,2.8476344970074684E-7
14386.0,0.9277204091872996,0.07024777444021386,0.0016336834147174693,3.9813295776905725E-4
14140.0,0.6965898561531538,0.2897007848578089,0.013323752835701806,3.8560615333554823E-4
14868.0,0.9943672875818916,0.005175627204105475,4.559028681089031E-4,1.1823458939424394E-6
15111.0,0.9625925332862837,0.03678588970237555,6.11346986099641E-4,1.0230025240976095E-5
15725.0,0.9828883053398272,0.016892613763358013,2.1757211463633365E-4,1.508782178521205E-6
15486.0,0.001353558769236481,0.1485503425545718,0.5350163644847449,0.315079734191447
15658.0,0.860797175233609,0.1313598339751524,0.003601960847253252,0.004241029943985294
15417.0,0.9793631740281229,0.02030199920093865,3.214374340245223E-4,1.3389336913921503E-5
14931.0,0.9963753041357858,0.0035566802022310067,6.795457530741791E-5,6.108667582026007E-8
15168.0,0.05067596107099421,0.09310571954845075,0.3747139143141375,0.4815044050664175
14694.0,0.9954737123539308,0.004483826944215716,4.23626527147537E-5,9.804913894672261E-8
14203.0,0.9492467526641637,0.04891020788415138,0.0017140388682299532,1.2900058345496906E-4
14453.0,0.9846743661912141,0.015105028493176057,2.1766211899494026E-4,2.943196614998455E-6
15574.0,0.9803185146962199,0.01931862441388959,3.6181552142784164E-4,1.0453684625952904E-6
15036.0,0.272650404827762,0.7261813363574405,0.0011500776570255616,1.818115777211659E-5
15279.0,0.903651898677644,0.09496809422716583,0.001117788910113846,2.6221818507620825E-4
14729.0,0.9968525131015725,0.003070188476081758,7.723216769796881E-5,6.625464770364603E-8
13959.0,0.986262678028881,0.013572578822739802,1.6154978475630996E-4,3.1933636228285094E-6
14228.0,0.03880113571734871,0.9607651345719455,4.2050070745085287E-4,1.322900325494962E-5
14490.0,0.013417354893612043,0.9864214718300022,1.5682003416386573E-4,4.35324222196592E-6
15604.0,0.9930964301914,0.006822056839891949,7.716704668845263E-5,4.3459220193650624E-6
15245.0,0.3565302884963379,0.3639165160128014,0.06477600498562908,0.21477719050523156
15006.0,0.22467344149145496,0.7737605883494538,0.0014348772752212462,1.3109288387014848E-4
14520.0,0.9953078208216757,0.0046392102862976275,5.27540168096576E-5,2.1487521699808143E-7
14262.0,0.07070354555694139,0.08555043250160714,0.12194935823135997,0.7217966637100915
13989.0,0.9153476106272236,0.08148700789925799,0.002805860405483692,3.5952106803464467E-4
14763.0,0.9649317893871617,0.034431377107849465,4.635489461834536E-4,1.7328455880517626E-4
15387.0,0.9964648106188049,0.0034674856246893547,6.767479659580233E-5,2.895990998664975E-8
15624.0,0.9961730949243913,0.0037537863770278693,7.280785528614983E-5,3.108432947864291E-7
15202.0,0.9951941579410312,0.004758989691467018,4.665891557029359E-5,1.9345193159008309E-7
14961.0,0.9961439360363733,0.0037878312341989933,6.807085447279732E-5,1.6187495467188004E-7
14423.0,0.9968525131015725,0.003070188476081758,7.723216769796881E-5,6.625464770364603E-8
14169.0,0.9898032197485164,0.010087161448191771,1.0897821443486217E-4,6.405888568818834E-7
14660.0,0.9964648106188049,0.0034674856246893547,6.767479659580233E-5,2.895990998664975E-8
15536.0,0.8810682279399289,0.11462512463359144,0.0042538288314025695,5.2818595077213114E-5
14049.0,0.9958780534509164,0.004065983511934364,5.5940628814516634E-5,2.240833481574477E-8
14831.0,0.9946725467597268,0.005275980931453385,5.114856159864153E-5,3.237472212984379E-7
14588.0,0.031559348032194325,0.254026566769203,0.42726361934363305,0.28715046585496956
14322.0,0.9892716972926049,0.010597591638558538,1.255316291603026E-4,5.179439676199602E-6
15066.0,0.9872207795304158,0.01261263011962501,1.3612497776084638E-4,3.0465372198292352E-5
15305.0,0.9964505223533191,0.0034987251616435495,5.068948989352383E-5,6.299514386277784E-8
15692.0,0.040148642329936764,0.3875272583651622,0.4766318385638024,0.0956922607410986
15455.0,0.9937337293808741,0.006178848929555598,8.725047535420167E-5,1.712142159882524E-7
14592.0,0.9961730949243913,0.0037537863770278693,7.280785528614983E-5,3.108432947864291E-7
14355.0,0.9968525131015725,0.003070188476081758,7.723216769796881E-5,6.625464770364603E-8
14109.0,0.9917324101202709,0.008174852633746026,9.246337545123839E-5,2.7387053186161305E-7
14901.0,0.9904152806959666,0.009460554270041985,1.2043332561280381E-4,3.7317083782999296E-6
15142.0,0.3793401207512533,0.617082361289384,0.0033625753330646406,2.149426262979419E-4
15485.0,0.4398783159414001,0.2532284117705677,0.22711078034902132,0.07978249193901087
15726.0,0.15448045527616325,0.8010315885864475,0.04342366478150398,0.0010642913558853704
14143.0,0.0013805893757122011,0.1173822672844489,0.29394128970786587,0.587295853631973
14385.0,0.994787608766358,0.005144078730292933,5.706107647009452E-5,1.1251426879131232E-5
14626.0,0.9940092779041243,0.005925854113286173,6.297003190772828E-5,1.8979506819547849E-6
15108.0,0.9882907090348558,0.011558258522016196,1.4977492896656153E-4,1.2575141612783404E-6
14871.0,0.9953172609479787,0.004625793078889171,5.551000705826494E-5,1.435966073844187E-6
15506.0,0.9957632108694715,0.004138998992772334,9.76076446639192E-5,1.824930923386376E-7
15745.0,0.9917438527360815,0.008157849020314141,9.64506785067813E-5,1.8475650974884509E-6
14288.0,0.9905745811475852,0.00928337032060096,1.129051092990056E-4,2.9143422514824026E-5
14558.0,0.9900092882305104,0.009823899700240956,1.656909520836884E-4,1.1211171651358061E-6
14797.0,0.9755943019735966,0.024021422758478964,3.835343889807591E-4,7.408789436451412E-7
14019.0,0.9939370872660913,0.006001718128983462,6.0605250504043676E-5,5.893544211836052E-7
15339.0,0.0013333433850153946,0.006239406939865864,0.7180312420288948,0.27439600764622385
15096.0,0.9952340771105104,0.004707381519265685,5.838281195816825E-5,1.5855826562417396E-7
14930.0,0.9966150597072913,0.003328905069211668,5.595421061056357E-5,8.101288644177017E-8
15169.0,0.9968525131015725,0.003070188476081758,7.723216769796881E-5,6.625464770364603E-8
14695.0,0.9956748729326993,0.004281005343045183,4.410061833742489E-5,2.1105918193293518E-8
14452.0,0.9961347666368889,0.0038189558609501646,2.561521191577974E-5,2.0662290244912942E-5
14202.0,0.9932337662140818,0.006687005431324753,7.823189122844605E-5,9.96463364921532E-7
15659.0,0.9963753041357858,0.0035566802022310067,6.795457530741791E-5,6.108667582026007E-8
15416.0,0.991451474676114,0.008383566909728003,1.6469813103594274E-4,2.6028312202949114E-7
15037.0,0.912391392807259,0.08621130724729167,0.0013949594227386757,2.34052271077689E-6
15278.0,0.9951941579410312,0.004758989691467018,4.665891557029359E-5,1.9345193159008309E-7
14728.0,0.9941193605467216,0.0058189082917365804,6.053816912995078E-5,1.1929924117373773E-6
14491.0,0.9914311888913934,0.008373468154096892,1.949127729432729E-4,4.301815665573885E-7
14229.0,0.9961439360363733,0.0037878312341989933,6.807085447279732E-5,1.6187495467188004E-7
15575.0,0.9965885605749277,0.0033533518570193423,5.796261838019929E-5,1.2494967279509905E-7
15244.0,0.9956260476049876,0.004314751922361933,5.905287636922147E-5,1.4759628112320524E-7
15007.0,0.9947531898642595,0.005131117961042563,1.1234324621199993E-4,3.348928485773998E-6
14263.0,0.9954230017918856,0.004503453028003897,7.144767702270038E-5,2.0975030878435585E-6
14521.0,0.9936349647333188,0.006282059629309827,8.240113309220655E-5,5.745042791625833E-7
14762.0,0.9947115704441116,0.005237672664874617,5.0694598083931934E-5,6.229292972272401E-8
13988.0,0.4543719636995579,0.51961754552508,0.023114821694510856,0.0028956690808510824
15605.0,0.9598313655494137,0.03953264437631726,6.357504871371798E-4,2.3958713193214077E-7
15203.0,0.9966704180634192,0.0032645680054890027,6.491702343107152E-5,9.690766069512355E-8
14960.0,0.9927352520347449,0.007182261074183601,8.177913073622331E-5,7.0776033520681E-7
14168.0,0.9858188008828604,0.013829626770131956,3.510908690941467E-4,4.814779136518924E-7
14422.0,0.9958451962027944,0.004108034362041288,4.668649950905042E-5,8.293565529440925E-8
14661.0,0.9968525131015725,0.003070188476081758,7.723216769796881E-5,6.625464770364603E-8
15386.0,0.9964505223533191,0.0034987251616435495,5.068948989352383E-5,6.299514386277784E-8
15625.0,0.9820217456991851,0.017667832843454197,3.0997999140998416E-4,4.4146595068389273E-7
14830.0,0.11188101371739653,0.8811278161428037,0.006108072692036614,8.830974477630557E-4
14048.0,0.9968525131015725,0.003070188476081758,7.723216769796881E-5,6.625464770364603E-8
14323.0,0.04729536944558495,0.95134549598427,0.0012938029722270364,6.533159791801622E-5
14589.0,0.9948530912167123,0.005083993693314964,6.19777008398918E-5,9.37389132752678E-7
15067.0,0.9659509980377557,0.033527612853197615,5.039794590920987E-4,1.740964995474746E-5
15304.0,0.9958830859779256,0.004007175542197801,1.0929867074705906E-4,4.398091296362553E-7
15537.0,0.9064797988086768,0.09119731008961683,0.002275508912464436,4.7382189241995936E-5
14593.0,0.6725681876624253,0.21357532016811073,0.10936730765018918,0.004489184519274818
14108.0,0.9851796068083635,0.014581303253932875,2.3289163945949983E-4,6.198298244275386E-6
14354.0,0.995153302502742,0.004798927489174735,4.507979992199885E-5,2.69020816110876E-6
14900.0,0.9767999377406117,0.022550901779155804,6.431780459567949E-4,5.982434275817346E-6
15143.0,0.9926040864121269,0.007306664586629617,8.907428639818378E-5,1.7471484527702372E-7
15693.0,0.995840907106276,0.004105776573183164,5.328900836822854E-5,2.7312172519991606E-8
15454.0,0.9891710128512214,0.010382968035520848,1.8851377828851931E-4,2.575053349691656E-4
14384.0,0.9799039829095741,0.01978457455198012,3.1050210189396027E-4,9.40436551700963E-7
14142.0,0.988382973860067,0.011477118274850037,1.321182917265985E-4,7.789573356278587E-6
14627.0,0.9841688154714954,0.015569135396462291,2.4073377739194409E-4,2.131535465020929E-5
15109.0,0.9610608876041411,0.03804412545598318,8.703329097731274E-4,2.465403010273665E-5
14870.0,0.3337565699122477,0.6642606499090814,0.001940925302830105,4.1854875840836355E-5
15484.0,0.9963753041357858,0.0035566802022310067,6.795457530741791E-5,6.108667582026007E-8
15727.0,0.9963753041357858,0.0035566802022310067,6.795457530741791E-5,6.108667582026007E-8
14559.0,0.6970620654007659,0.2993548636532745,0.003550464684771738,3.2606261187953426E-5
14289.0,0.9966704180634192,0.0032645680054890027,6.491702343107152E-5,9.690766069512355E-8
14018.0,0.9870893368671783,0.012707099572831239,2.026228041937331E-4,9.407557967568933E-7
14796.0,0.9963257033768176,0.0035954639171538326,7.866732216783758E-5,1.653838606771282E-7
15338.0,0.9746060654323686,0.02476545112108887,6.129509024965719E-4,1.5532544046034297E-5
15097.0,0.9828088218391398,0.016639535491165838,5.494716367179493E-4,2.171032976390133E-6
15507.0,0.9802393405571701,0.01950104428949866,2.573335445644853E-4,2.2816087666868875E-6
15744.0,6.111519472500648E-5,0.035721115463417066,0.9053822256759811,0.05883554366587699
15630.0,0.9957208519645359,0.004207138999541592,7.191103188418146E-5,9.800403839473756E-8
15389.0,0.10363945172797054,0.5483353302654793,0.30519300387090503,0.0428322141356452
14658.0,0.9947299239618732,0.005215599937425638,5.436889946004034E-5,1.0720124108867807E-7
14417.0,0.9952106509620251,0.004725392080802007,6.260539621017386E-5,1.3515609626807872E-6
14175.0,0.9953910446733175,0.004553354632217106,5.538165373757322E-5,2.1904072780887943E-7
14967.0,0.9967798395622703,0.0031688624083467767,5.126656860790664E-5,3.146077497390091E-8
15204.0,0.9957632993204135,0.004197183405468971,3.931206689018258E-5,2.0520722744993495E-7
15602.0,0.3322369923180652,0.13609061868681382,0.2943303293254346,0.23734205966968636
13987.0,0.9966704180634192,0.0032645680054890027,6.491702343107152E-5,9.690766069512355E-8
14765.0,0.97924784716962,0.020428668148720797,3.097270929826187E-4,1.3757588676826834E-5
14526.0,0.9914184593490674,0.008479670661570085,1.0081936474256341E-4,1.0506246200536918E-6
14256.0,0.9947766672820498,0.00503813701149449,1.8426019568242098E-4,9.355107733185213E-7
15000.0,0.7667435736772167,0.21911800101000678,0.014021770028570166,1.1665528420625284E-4
15243.0,0.2056189598689334,0.7894307385403501,0.004465503773048987,4.847978176676957E-4
15568.0,0.9968525131015725,0.003070188476081758,7.723216769796881E-5,6.625464770364603E-8
14226.0,0.9422703346391159,0.05162875676152458,0.005683374198051397,4.175344013082199E-4
14492.0,0.9875373805403634,0.012313270595829168,1.470798829673657E-4,2.268980840024416E-6
14735.0,0.9739192891484718,0.01383206363230381,0.011612609026147818,6.360381930765845E-4
15273.0,0.9937087451772544,0.006215448256857894,7.540072512511585E-5,4.0584076233735247E-7
15034.0,0.9388647624057902,0.027595981385804793,0.03272733286921015,8.119233391948899E-4
15423.0,0.9877436704520065,0.011990557849509267,2.6159646642255006E-4,4.175232061785732E-6
15660.0,0.9953627977998388,0.004574204690293965,6.290475750138202E-5,9.275236571928347E-8
14205.0,0.9966704180634192,0.0032645680054890027,6.491702343107152E-5,9.690766069512355E-8
14451.0,0.9961439360363733,0.0037878312341989933,6.807085447279732E-5,1.6187495467188004E-7
14688.0,0.9968262917451917,0.0030666293685982127,1.0693427768672237E-4,1.4460852348197648E-7
15174.0,0.010582820223287858,0.9636274231309914,0.023454408181835144,0.0023353484638856834
14933.0,0.0010704009063817821,0.007201596145249511,0.07466554613071513,0.9170624568176536
15751.0,0.9930070105226526,0.006916112498665343,7.662016646125245E-5,2.568122209074697E-7
15508.0,0.1023567722212389,0.8773575427169277,0.014520746668609178,0.005764938393224344
15102.0,0.7272685903736457,0.2587229476684283,0.007500465548406397,0.00650799640951972
15341.0,0.9959010298860286,0.00404705381033346,4.740753224182039E-5,4.508771395991336E-6
14795.0,0.990521448081657,0.00931455079133565,1.52401510582242E-4,1.1599616425141517E-5
14021.0,0.9926301318188745,0.007180763462255545,1.845348845198018E-4,4.569834350219023E-6
14294.0,0.8547714986293864,0.140160453346665,0.004656295800119108,4.117522238295876E-4
14552.0,0.9961439360363733,0.0037878312341989933,6.807085447279732E-5,1.6187495467188004E-7
15720.0,0.9950362692960057,0.004887609442903496,7.58918098185798E-5,2.294512722796125E-7
15483.0,0.9961730949243913,0.0037537863770278693,7.280785528614983E-5,3.108432947864291E-7
14865.0,0.9902383226961747,0.009041669519621771,6.614235379711809E-4,5.858424623241063E-5
15106.0,0.9948165742601707,0.005132021288592694,5.0747286211647346E-5,6.571650249692575E-7
14628.0,0.987063298389299,0.012762829572204452,1.713687328803291E-4,2.5033056162679473E-6
14137.0,0.2255751827912453,0.7459920793127267,0.021499657830533037,0.006933080065495063
14391.0,0.9959979292307178,0.00395879130915753,4.313481097764208E-5,1.4464914703098229E-7
15449.0,0.9962923637235884,0.003624839654416931,8.256486911569149E-5,2.3175287898618895E-7
15690.0,0.9966704180634192,0.0032645680054890027,6.491702343107152E-5,9.690766069512355E-8
15136.0,0.9958866391478884,0.004073172656582934,3.985057604951377E-5,3.376194790682582E-7
14899.0,0.9841309877615783,0.015634747503677982,2.2990101197604387E-4,4.3637227677325416E-6
14357.0,0.42643183587875283,0.5577428933320133,0.014643206422191935,0.0011820643670420173
14107.0,0.03923993008411646,0.12218979071324336,0.6362206618090217,0.20234961739361837
14598.0,0.1015128198686275,0.892399312843609,0.00490013088092711,0.0011877364068363667
15542.0,0.0289973833807091,0.007882518661379057,0.9406213292340272,0.022498768723884666
15311.0,0.00840871700753164,0.07310340802025093,0.28508246782524604,0.6334054071469715
15068.0,4.760830612702133E-5,0.0031827462971604496,0.10122870250025642,0.895540942896456
14586.0,0.9648806431725807,0.031454738329982246,0.003483148000210039,1.8147049722709157E-4
14324.0,0.9814646133802245,0.018283803818250115,2.3792542537171907E-4,1.3657376153645917E-5
14055.0,0.9935513588993549,0.006355322616827783,9.30134360054158E-5,3.050478119372585E-7
14825.0,0.9801663503873608,0.01933709108341799,4.853748872664461E-4,1.1183641954575343E-5
14659.0,0.11186670184050368,0.8714158220921924,0.012395347718852931,0.004322128348451168
14174.0,0.9963753041357858,0.0035566802022310067,6.795457530741791E-5,6.108667582026007E-8
14416.0,0.9843424906545277,0.015466814233568268,1.8981907639668608E-4,8.760355072463276E-7
14966.0,0.9562445505475392,0.04080845151680342,0.0028641405567653303,8.285737889189327E-5
15205.0,0.994231231249748,0.005704572685047025,6.076523536972416E-5,3.430829835543026E-6
15631.0,0.9009100381394652,0.09696804139842252,0.0017619537424997207,3.599667196125299E-4
15388.0,0.9565793671912413,0.03543242573471472,0.007824372983787745,1.6383409025642583E-4
14764.0,0.17730362467485652,0.6575333169480916,0.154628190197238,0.01053486817981374
13986.0,0.8006958129545518,0.1445796871453561,0.03268350566924288,0.022040994230849164
14257.0,0.017265167539361904,0.04062793469464115,0.03638309345179205,0.905723804314205
14527.0,0.9677845390343408,0.031572406288823386,6.291438344328847E-4,1.3910842402738361E-5
15001.0,0.995628580684459,0.004327750476024623,4.362695071162014E-5,4.188880465857304E-8
15242.0,0.9298832386209165,0.06901134643937948,0.0011023854889385249,3.0294507655245823E-6
15603.0,0.9951929154018214,0.004759715384404843,4.726715232737907E-5,1.0206144624566051E-7
14493.0,0.9963753041357858,0.0035566802022310067,6.795457530741791E-5,6.108667582026007E-8
14227.0,0.9877206237061935,0.012095664875991091,1.810201379844612E-4,2.6912798309842936E-6
14734.0,0.9961439360363733,0.0037878312341989933,6.807085447279732E-5,1.6187495467188004E-7
15272.0,0.9851903520585159,0.014628619608381478,1.6262158475881665E-4,1.8406748343826295E-5
15035.0,0.04776779617476481,0.9399220822109735,0.0047916280196910275,0.007518493594570828
15569.0,0.9937337293808741,0.006178848929555598,8.725047535420167E-5,1.712142159882524E-7
14450.0,0.9964648106188049,0.0034674856246893547,6.767479659580233E-5,2.895990998664975E-8
14204.0,0.9908357098814288,0.00902480342744029,1.358762286151149E-4,3.610462515740674E-6
14689.0,0.9943406694321523,0.005533557333108626,1.1935607719016118E-4,6.417157548891252E-6
15175.0,0.993545708186806,0.006375372922398607,7.664983349227783E-5,2.2690573031052483E-6
14932.0,0.9966150597072913,0.003328905069211668,5.595421061056357E-5,8.101288644177017E-8
15422.0,0.9931190197005159,0.0063771824811984885,5.003729620807171E-4,3.4248562051141532E-6
15661.0,0.07141871785559799,0.9081255968950357,0.017471593366025377,0.002984091883341021
15103.0,0.9964032584315945,0.003507184849798056,8.945876435685245E-5,9.795425059560528E-8
15340.0,0.973818159953578,0.02153204161877179,0.004464302245156397,1.8549618249363061E-4
14020.0,0.9751431479643873,0.024327875436846128,2.195908706359302E-4,3.0938572813077065E-4
14794.0,0.9948713785647748,0.0049274030655334766,2.0028108453274836E-4,9.372851589459153E-7
14553.0,0.9919427907272798,0.007969771553785088,8.695150029601976E-5,4.862186390290376E-7
14295.0,0.9940900173302037,0.005844509521327511,6.529938778179683E-5,1.7376068683111907E-7
15750.0,0.9963257033768176,0.0035954639171538326,7.866732216783758E-5,1.653838606771282E-7
15509.0,0.9826891472792125,0.015953427444662865,0.0013535246254844796,3.900650640165755E-6
14864.0,0.9389833638494232,0.060016888619307644,9.589127807577565E-4,4.083475051157746E-5
15107.0,0.9963257033768176,0.0035954639171538326,7.866732216783758E-5,1.653838606771282E-7
14629.0,0.9918731701275396,0.008040591174858055,8.582381607431709E-5,4.148815280047023E-7
14390.0,0.94599714377126,0.01791106668045886,0.035286948892648065,8.048406556331553E-4
14136.0,0.9964505223533191,0.0034987251616435495,5.068948989352383E-5,6.299514386277784E-8
15721.0,0.9941213497160879,0.005762729747239086,1.151030903656823E-4,8.174463073592421E-7
15482.0,0.9934912892545625,0.00644078082235927,4.764615590868483E-5,2.0283767169565927E-5
15137.0,0.9948010220552326,0.005139866400375129,5.8868486252488056E-5,2.4305813984027567E-7
14898.0,0.9951950647314112,0.004729652595788318,7.498105688137563E-5,3.0161591921428847E-7
14106.0,0.9925878332010718,0.007332165725019851,7.632281603856951E-5,3.6782578698877574E-6
14356.0,0.9953589141425657,0.004592704718266656,4.534900252909215E-5,3.032136638688339E-6
14599.0,0.9634908713599367,0.03498239203794902,0.0015118971815059952,1.483942060817817E-5
15448.0,0.9962923637235884,0.003624839654416931,8.256486911569149E-5,2.3175287898618895E-7
15691.0,0.9946653079830827,0.0052758907959514845,5.8370368055875604E-5,4.3085290994459477E-7
15310.0,0.9759729451212573,0.0237156385160689,3.103784154403054E-4,1.0379472335358696E-6
15069.0,0.9904577296743694,0.009432739208451427,1.0876671903769863E-4,7.643981414396687E-7
14325.0,0.9918235203441834,0.008092885960219384,8.325866901326339E-5,3.350265839606525E-7
14587.0,0.9939441394557063,0.005992900000427315,5.96942494748883E-5,3.266294391322292E-6
14824.0,0.9962234300487259,0.0037357801743793232,4.075787630320582E-5,3.190059157559729E-8
14054.0,0.9941540257922733,0.0057288230701535965,1.1450200228279388E-4,2.6491352903325706E-6
15543.0,0.9695706276255077,0.02464689191738442,0.005727036798053901,5.544365905395017E-5
15600.0,0.9941362517328914,0.005808435143920231,5.398162079969402E-5,1.3315023886177063E-6
14524.0,0.9966150597072913,0.003328905069211668,5.595421061056357E-5,8.101288644177017E-8
14258.0,0.9934486394179562,0.006477541867479954,7.217217607447893E-5,1.6465384893163202E-6
13985.0,0.9880907936683552,0.0117083739048061,2.002261545085881E-4,6.062723302338345E-7
14767.0,0.9903808011791548,0.009513283481774338,1.0583236269864273E-4,8.297637222341014E-8
15241.0,0.4278934755467255,0.5698957917509445,0.002185197027029192,2.5535675300878302E-5
15002.0,0.36989622218893903,0.3237412358918208,0.05093316784965509,0.25542937406958505
15391.0,0.9951357768257593,0.004818127244101407,4.5476865742731285E-5,6.190643965994166E-7
15628.0,0.9969029731854515,0.0029829426673590636,1.1382986292219489E-4,2.542842674081365E-7
14419.0,0.9429726223121248,0.055475103043625656,0.0014623032577163009,8.997138653320984E-5
14173.0,0.9918417939037403,0.008034295228366496,1.2327979458992276E-4,6.310733034158221E-7
14656.0,0.06342288245850011,0.3384143170708333,0.5884722950405843,0.009690505430082236
15206.0,0.9965898065331573,0.0033026001615831914,1.0646153204581765E-4,1.1317732134661146E-6
14965.0,0.9902995282883411,0.00954449708774457,1.5248288250868623E-4,3.4917414055412224E-6
15662.0,0.9936524617395183,0.005965492044706113,3.788319246001111E-4,3.214291175383674E-6
15421.0,0.03353796111829453,0.6461619625135212,0.12783028269345295,0.19246979367473127
14690.0,0.9952846941057918,0.0046733439980659154,4.0961731153592074E-5,1.0001649887099843E-6
14207.0,0.994353365664992,0.005588493200543387,5.793578085031288E-5,2.0535361430810106E-7
14449.0,0.9963753041357858,0.0035566802022310067,6.795457530741791E-5,6.108667582026007E-8
14935.0,0.9927725620343916,0.007066902137516971,1.590858403402461E-4,1.449987751232805E-6
15172.0,0.9918878131876293,0.008009156112953096,8.417638263695252E-5,1.8854316780567455E-5
15570.0,0.9952945135771684,0.004637663894583416,4.617332468727586E-5,2.1649203561102635E-5
14733.0,0.9930608928508886,0.0068484462745504295,8.978004534399384E-5,8.80829217318127E-7
14224.0,0.04461410825868512,0.011525765191188867,0.930735431708055,0.01312469484207105
14494.0,0.9961439360363733,0.0037878312341989933,6.807085447279732E-5,1.6187495467188004E-7
15032.0,0.9959210130995096,0.004023695764618055,5.5225281952354246E-5,6.585392001220652E-8
15275.0,0.9782816598979532,0.010139560421419922,0.01134010445164502,2.3867522898187422E-4
15481.0,0.9949354808661744,0.005015413110258098,4.886551798523976E-5,2.405055821163134E-7
15722.0,0.9951929154018214,0.004759715384404843,4.726715232737907E-5,1.0206144624566051E-7
15104.0,0.9544351657971679,0.04484244920564596,7.186995816468754E-4,3.6854155391242297E-6
14867.0,0.995902429832535,0.003980963049239099,1.1639886201191165E-4,2.082562141027313E-7
14139.0,0.013951852025393287,0.02901844116140158,0.0029154793663178284,0.9541142274468875
14389.0,0.8001169731231994,0.12891340971729948,0.05166346737424489,0.01930614978525631
14630.0,0.9955896647177849,0.004363552220450558,4.665534209045579E-5,1.277196741538985E-7
15510.0,0.9895072749419019,0.010329647934680301,1.622849536738429E-4,7.921697438906471E-7
15749.0,0.992930775022903,0.006932930077598125,1.3558972223205628E-4,7.051772669123544E-7
15343.0,0.39907779613846034,0.27179858142352753,0.06082861339018906,0.2682950090478231
15100.0,0.9953297332782317,0.004540799027728705,1.2868036191002766E-4,7.873321294291142E-7
14292.0,0.9947371813887524,0.00520452917686542,5.717968966601145E-5,1.1097447162122342E-6
14554.0,0.9941487789582922,0.0053932218967757415,4.561085986848471E-4,1.8905462472432461E-6
14793.0,0.9936884992302221,0.006227737607613212,8.365716352425652E-5,1.0599864035258919E-7
14023.0,0.29851284867122796,0.21350521503928202,0.4506692110133449,0.03731272527614519
15540.0,0.9951960682054946,0.004329771017854831,4.7131815788282306E-4,2.842618767628923E-6
15070.0,0.984973209780806,0.01482115336735492,2.0551364710897296E-4,1.232047300087165E-7
15309.0,0.9968525131015725,0.003070188476081758,7.723216769796881E-5,6.625464770364603E-8
14053.0,0.9918748478224992,0.008016837184841162,1.0096349376674407E-4,7.351498892636303E-6
14827.0,0.9932368862142109,0.006122113175196932,6.395034486753581E-4,1.4971619168743124E-6
14584.0,0.9963257033768176,0.0035954639171538326,7.866732216783758E-5,1.653838606771282E-7
14326.0,0.9963993264583851,0.003567464981018533,3.315745908758247E-5,5.110150887859813E-8
15688.0,0.008695589115573528,0.0106228005984202,0.8993727670048427,0.08130884328116356
15451.0,0.9963257033768176,0.0035954639171538326,7.866732216783758E-5,1.653838606771282E-7
14897.0,0.8830172702293141,0.11398960078031543,0.0028917262944530312,1.0140269591750837E-4
15138.0,0.9815644119719316,0.01812682133395115,3.068455322062658E-4,1.921161911141241E-6
14596.0,0.9962919282849025,0.00366478699234923,4.325533637143112E-5,2.9386376825491738E-8
14359.0,0.9959840905633154,0.003971791963363129,4.397816880647708E-5,1.3930451496282172E-7
14105.0,0.9895018346465069,0.01038274175932379,1.152329702502554E-4,1.906239191694347E-7
14259.0,0.9750840702905148,0.024229120055002943,6.84100957024105E-4,2.708697458305535E-6
14525.0,0.9948494290712803,0.005096056993244203,5.417137635222308E-5,3.425591234557314E-7
14766.0,0.9964505223533191,0.0034987251616435495,5.068948989352383E-5,6.299514386277784E-8
13984.0,0.9547690041367214,0.04451634397207379,7.100719298651216E-4,4.579961339871366E-6
15240.0,0.9917058939743816,0.00820185572527141,9.168507785222163E-5,5.652224947193017E-7
15003.0,0.9643554347172638,0.0346799908935409,9.531374204101256E-4,1.1436968784975985E-5
15601.0,0.044187740247902695,0.9554881009180946,3.014878373095876E-4,2.2670996693288765E-5
14172.0,0.9915496334243639,0.008319537391071623,1.3078532732494004E-4,4.385723978195506E-8
14418.0,0.9962923637235884,0.003624839654416931,8.256486911569149E-5,2.3175287898618895E-7
14657.0,0.9837547638508866,0.0159832629831023,2.589122130162912E-4,3.0609529950522825E-6
15207.0,0.9962923637235884,0.003624839654416931,8.256486911569149E-5,2.3175287898618895E-7
14964.0,0.3014934003062058,0.6571814826640072,0.022826215465853193,0.0184989015639337
15390.0,0.994660649578363,0.0052475444053354465,9.116456644708094E-5,6.414498544553584E-7
15629.0,0.9956522867421923,0.004263595104890063,7.749400933654988E-5,6.62414358104504E-6
14691.0,0.9843255145523616,0.015480496752803776,1.9276917071410864E-4,1.2195241206005315E-6
14448.0,0.9115242293866301,0.08571479584061784,0.0027008318040094145,6.014296874272971E-5
14206.0,0.9956621242598948,0.004280038142334566,5.7601029527009696E-5,2.3656824378727304E-7
14934.0,0.6400338612239483,0.2013583350159641,0.13010477209183446,0.028503031668253118
15173.0,0.9962234300487259,0.0037357801743793232,4.075787630320582E-5,3.190059157559729E-8
15663.0,0.952706202195002,0.046083744443946216,5.12412341598396E-4,6.976410194534111E-4
15420.0,0.9606472090975597,0.03854362477104223,7.904396350017539E-4,1.872649639645201E-5
14732.0,0.9247612101999687,0.05939445053997939,0.014808478465847283,0.0010358607942045253
14495.0,0.7896380402516823,0.16806544042309596,0.040847321826617274,0.0014491974986044433
14225.0,0.9935643459302578,0.006369008038385295,6.638144809891744E-5,2.645832580751915E-7
15033.0,0.9925617772970521,0.007338016376400614,9.962576731909994E-5,5.805592282496612E-7
15274.0,0.9003712647658071,0.0979958047551454,0.0016239872522693518,8.943226778276312E-6
15571.0,0.31076537310666613,0.6778284190456664,0.010584910915080143,8.212969325874981E-4
15105.0,0.9779025626425392,0.02173753695391404,3.5759630806808543E-4,2.3040954787040656E-6
14866.0,0.9963361886627519,0.0035916695591473027,7.166471461145951E-5,4.770634891289205E-7
14388.0,0.4999566724785455,0.4751308917044554,0.024183746820604955,7.286889963941032E-4
14138.0,0.9949781314869736,0.004974071782417433,4.70499919804437E-5,7.467386286024171E-7
14631.0,0.9961593137679221,0.0037854492165475453,5.455691074759477E-5,6.801047825882536E-7
15480.0,0.042342818164944805,0.39712447428014663,0.5084609178107773,0.05207178974413129
15723.0,0.9959195792140416,0.003918005297295488,1.6194676357641965E-4,4.68725086492256E-7
15342.0,0.9964648106188049,0.0034674856246893547,6.767479659580233E-5,2.895990998664975E-8
15101.0,4.4124782828007487E-4,0.002339491545050693,0.06757231342834402,0.9296469471983252
14555.0,0.9964648106188049,0.0034674856246893547,6.767479659580233E-5,2.895990998664975E-8
14293.0,0.9964648106188049,0.0034674856246893547,6.767479659580233E-5,2.895990998664975E-8
14022.0,0.986647849246328,0.013177656687503298,1.734844725849033E-4,1.0095935838290938E-6
14792.0,0.9956958227330296,0.004204966555069227,9.862887425268649E-5,5.818376484739408E-7
15511.0,0.9951131326144125,0.0036235369847055082,0.0012552541176148843,8.07628326705598E-6
15748.0,0.0483629019232286,0.9491023953746678,0.002506084369085628,2.861833301794778E-5
15071.0,0.9950210691304,0.004880138606556393,9.833189379717675E-5,4.6036924657159547E-7
15308.0,0.9966150597072913,0.003328905069211668,5.595421061056357E-5,8.101288644177017E-8
14826.0,0.985838116474904,0.013950258724084659,1.5686924696813447E-4,5.475555404320507E-5
14052.0,0.9902694391258988,0.009260098202897039,4.4296358626433314E-4,2.749908493989623E-5
