15572.0,0.9991271342979666,8.328783989297411E-4,3.427483123167659E-6,3.655981998045502E-5
15277.0,0.9959337771986233,0.004064492815048262,8.959754116403783E-7,8.340109169164623E-7
15038.0,0.13888888888888887,0.6944444444444444,0.08333333333333331,0.08333333333333331
14230.0,0.9999518141881887,4.677962019278198E-5,8.902920356473216E-8,1.3171624149148867E-6
14488.0,0.9997450959475949,2.525542874789923E-4,1.1748824630838628E-6,1.1748824630838628E-6
14731.0,0.9952718676122932,0.0023640661938534283,0.0011820330969267141,0.0011820330969267141
15419.0,0.3697880097057606,0.06485958284820202,0.3992047151842279,0.1661476922618094
15656.0,0.991888934188786,0.0034761710619488012,0.002317447374632534,0.002317447374632534
15170.0,0.9974845732354016,0.0025154224322860587,9.08368775937085E-11,4.24147547835962E-9
14929.0,0.9968360068051658,0.0031549985220856954,4.497336374330695E-6,4.497336374330695E-6
14201.0,0.9166666666666666,0.027777777777777776,0.027777777777777776,0.027777777777777776
14455.0,0.007570075298429448,0.09958197936418822,0.020631534023129682,0.8722164113142526
14692.0,0.9247717707442056,0.07444275328505016,3.4366960314529176E-6,7.820392747128417E-4
15626.0,0.9998303907016336,7.915653366893698E-5,3.505585617462795E-5,5.539690852286885E-5
15385.0,0.9998162020049643,1.570914029487052E-4,2.3227971130567246E-6,2.4383794974024273E-5
14963.0,0.9993827070605804,6.170709014592169E-4,2.1257932245186097E-7,9.458638065637611E-9
15200.0,0.991888934188786,0.0034761710619488012,0.002317447374632534,0.002317447374632534
14662.0,0.9809794131466526,0.001661334680595405,0.008679626086375994,0.008679626086375994
14421.0,0.6248826951527752,0.2123959824799737,0.15502132962960016,0.007699992737650878
14171.0,8.90121564695513E-5,3.2967465359093073E-6,1.4818626953179174E-4,0.9997595048274628
15606.0,0.9965915093546156,9.295883578320708E-4,0.0012394511437760942,0.0012394511437760942
15004.0,0.9997450959475949,2.525542874789923E-4,1.1748824630838628E-6,1.1748824630838628E-6
15247.0,0.9949666430977757,0.005026035610338924,1.4642583770737814E-6,5.857033508295126E-6
13991.0,0.9577905210422138,0.04080930353372173,6.92936108068886E-4,7.072393159955806E-4
14761.0,0.15317184410287435,0.7928433213319467,0.05389859681028236,8.623775489645174E-5
14522.0,0.9037433155080214,0.03008021390374332,0.018048128342245992,0.04812834224598932
14260.0,0.9998470906476487,1.4282698148377018E-4,5.498205591686632E-7,9.532550308380294E-6
15453.0,0.9684788665127757,0.008596672769243014,0.011462230358990686,0.011462230358990686
15694.0,0.8962119227923286,0.10378776457100707,2.517585485036257E-7,6.087811578812333E-8
14353.0,0.9952718676122932,0.0023640661938534283,0.0011820330969267141,0.0011820330969267141
14111.0,0.9999680406566966,5.996604013657318E-6,5.996604013657318E-6,1.9966135276078145E-5
14594.0,0.9952718676122932,0.0023640661938534283,0.0011820330969267141,0.0011820330969267141
15140.0,0.9952718676122932,0.0023640661938534283,0.0011820330969267141,0.0011820330969267141
14903.0,0.9998470906476487,1.4282698148377018E-4,5.498205591686632E-7,9.532550308380294E-6
15538.0,0.997329400215424,0.0020287048808648508,3.209474518555721E-4,3.209474518555721E-4
14590.0,0.9987334002093584,1.9998944062761626E-4,5.333051750069767E-4,5.333051750069767E-4
14320.0,0.9968360068051658,0.0031549985220856954,4.497336374330695E-6,4.497336374330695E-6
14051.0,0.9684788665127757,0.008596672769243014,0.011462230358990686,0.011462230358990686
14829.0,0.9665184813546025,0.032486282731803325,4.456280210123914E-5,9.506731114931016E-4
15307.0,0.9991271342979666,8.328783989297411E-4,3.427483123167659E-6,3.655981998045502E-5
15064.0,0.20052585275390958,0.7531482124843697,0.043113712838371565,0.003212221923349168
15747.0,0.01721153797150515,0.2371965076698054,0.11024416595742514,0.6353477884012644
15504.0,0.9998470906476487,1.4282698148377018E-4,5.498205591686632E-7,9.532550308380294E-6
14799.0,0.9819232003422826,0.005501634678435731,0.006287582489640836,0.006287582489640836
14017.0,0.9999518141881887,4.677962019278198E-5,8.902920356473216E-8,1.3171624149148867E-6
14290.0,0.9389948006932409,0.038128249566724434,0.011438474870017331,0.011438474870017331
14556.0,0.9991250990540204,8.348204052607345E-4,3.4354749187684544E-6,3.664506580019685E-5
15098.0,0.9987334002093584,1.9998944062761626E-4,5.333051750069767E-4,5.333051750069767E-4
15337.0,0.9952718676122932,0.0023640661938534283,0.0011820330969267141,0.0011820330969267141
15724.0,0.9991162690322625,7.013384431052346E-4,9.119626231616004E-5,9.119626231616004E-5
15487.0,0.9950980392156863,0.0029411764705882353,9.80392156862745E-4,9.80392156862745E-4
14624.0,0.9994214400143795,5.68602719863637E-4,5.42998219186137E-7,9.414267537720286E-6
14141.0,0.9685405943729868,0.023897946114288967,0.003780729756362122,0.003780729756362122
14387.0,0.9935760171306209,0.004282655246252677,0.0010706638115631692,0.0010706638115631692
14869.0,0.9685806715796967,0.031094307876301814,8.784339027067665E-6,3.162362049744359E-4
15110.0,0.9952718676122932,0.0023640661938534283,0.0011820330969267141,0.0011820330969267141
15276.0,0.9800666404327016,0.011190658002693789,0.00437135078230226,0.00437135078230226
15039.0,0.9950980392156863,0.0029411764705882353,9.80392156862745E-4,9.80392156862745E-4
14489.0,0.9999859514565628,9.332978279852478E-6,3.4566586221675845E-7,4.3698992951847E-6
14231.0,0.9303181125178098,0.0696696202605622,5.119315786107076E-6,7.147905841979361E-6
14730.0,0.9991250990540204,8.348204052607345E-4,3.4354749187684544E-6,3.664506580019685E-5
15573.0,0.99927432443316,7.256601692694221E-4,1.3157470031742114E-8,2.2401006476222358E-9
15171.0,0.9949666430977757,0.005026035610338924,1.4642583770737814E-6,5.857033508295126E-6
14928.0,0.99498997995992,0.0030060120240480966,0.0010020040080160322,0.0010020040080160322
14454.0,0.9999995938198737,3.3880187748754507E-8,3.3880187748754507E-8,3.3841975069385406E-7
14200.0,0.9998303907016336,7.915653366893698E-5,3.505585617462795E-5,5.539690852286885E-5
14693.0,0.9554651071974505,0.03928691852794467,0.0026239871373024263,0.0026239871373024263
15418.0,0.9952718676122932,0.0023640661938534283,0.0011820330969267141,0.0011820330969267141
15657.0,0.9985753414754207,0.0014149915196663605,4.6475985158289505E-6,5.019406397095267E-6
14962.0,0.9999859514565628,9.332978279852478E-6,3.4566586221675845E-7,4.3698992951847E-6
15201.0,0.99498997995992,0.0030060120240480966,0.0010020040080160322,0.0010020040080160322
14663.0,0.007112662859319657,0.021337988577958964,0.8398333696864314,0.13171597887628989
14170.0,0.9990093656521563,5.67313307403996E-4,3.738083436854054E-4,4.9512696754323816E-5
14420.0,0.23329922824633592,0.5601917025321956,0.20166901291159042,0.004840056309878167
15627.0,0.5936529194155681,0.25607868535736633,0.07513419761353282,0.07513419761353282
15384.0,0.993380364456719,0.006233489904981729,3.2214181093833993E-4,6.400382736093598E-5
15005.0,0.3894538453367133,0.6040889089238831,0.0063954084173289336,6.183732207461733E-5
15246.0,0.39061116031886634,0.35429583702391504,0.1275465013286094,0.1275465013286094
14760.0,0.9954197659452589,0.0045729713681127125,1.9197413157029927E-9,7.26076688691549E-6
13990.0,0.9077088046194545,0.09061712354569984,0.0016701312844074312,3.940550438150299E-6
14261.0,0.00944646465231102,0.012498180341103117,0.04069182942385172,0.9373635255827342
14523.0,0.99930279627749,2.3980740205739522E-4,2.2869816022624506E-4,2.2869816022624506E-4
15607.0,0.09243660946211785,0.8543512047734462,0.03912660717973242,0.014085578584703672
14110.0,0.8416438356164383,0.09315068493150686,0.03726027397260274,0.02794520547945205
14352.0,0.0014478932130696778,0.7382252765764107,0.13016341510525983,0.13016341510525983
14595.0,0.9975277180703912,2.119098796807586E-4,0.0011301860249640458,0.0011301860249640458
15141.0,0.9999518141881887,4.677962019278198E-5,8.902920356473216E-8,1.3171624149148867E-6
14902.0,0.8928571428571429,0.03571428571428571,0.03571428571428571,0.03571428571428571
15452.0,0.9999859514565628,9.332978279852478E-6,3.4566586221675845E-7,4.3698992951847E-6
15695.0,0.9949666430977757,0.005026035610338924,1.4642583770737814E-6,5.857033508295126E-6
14321.0,0.99889159784761,0.0011083843513109994,1.7774002225718198E-8,2.707690343802404E-11
14591.0,0.9986463694260903,6.061032420490887E-5,6.465101248523612E-4,6.465101248523612E-4
14828.0,0.7700000000000001,0.11000000000000001,0.06000000000000001,0.06000000000000001
14050.0,0.9998215729743416,1.4504511151155106E-4,5.814914077195924E-6,2.7567000069669567E-5
15306.0,2.9319515280486455E-6,0.999986747447838,1.0284403701467058E-5,3.619693244504501E-8
15065.0,0.9605263157894737,0.013157894736842105,0.013157894736842105,0.013157894736842105
15539.0,0.9959337771986233,0.004064492815048262,8.959754116403783E-7,8.340109169164623E-7
14016.0,0.9577905210422138,0.04080930353372173,6.92936108068886E-4,7.072393159955806E-4
14798.0,0.9994214400143795,5.68602719863637E-4,5.42998219186137E-7,9.414267537720286E-6
14557.0,0.7493668575600628,0.1889388304547217,0.03084715599260763,0.03084715599260763
14291.0,0.8531432839955118,0.13845150213601096,0.005081449736754464,0.00332376413172293
15099.0,0.9,0.03333333333333333,0.03333333333333333,0.03333333333333333
15336.0,0.9935760171306209,0.004282655246252677,0.0010706638115631692,0.0010706638115631692
15746.0,0.9950980392156863,0.0029411764705882353,9.80392156862745E-4,9.80392156862745E-4
15505.0,0.9800666404327016,0.011190658002693789,0.00437135078230226,0.00437135078230226
14625.0,0.9974845732354016,0.0025154224322860587,9.08368775937085E-11,4.24147547835962E-9
14386.0,0.9871962226398492,0.012724279673575626,7.013570065417749E-5,9.361985921062389E-6
14140.0,0.9999841514371254,2.6304851049158288E-6,9.689269677354879E-7,1.2249150801989374E-5
14868.0,0.9994214400143795,5.68602719863637E-4,5.42998219186137E-7,9.414267537720286E-6
15111.0,0.90625,0.03125,0.03125,0.03125
15725.0,0.9558823529411766,0.014705882352941178,0.014705882352941178,0.014705882352941178
15486.0,8.90121564695513E-5,3.2967465359093073E-6,1.4818626953179174E-4,0.9997595048274628
15658.0,0.9937925097635893,0.0012477222591339402,4.626649232534363E-4,0.004497103054023401
15417.0,0.9983109440831845,0.001688982411119743,3.019128471264457E-9,7.048656732875467E-8
14931.0,0.9935760171306209,0.004282655246252677,0.0010706638115631692,0.0010706638115631692
15168.0,1.0584319495394515E-4,0.986696713391789,0.013185683058262275,1.1760354994882795E-5
14694.0,0.9997068533490947,2.9293896187932035E-4,2.0768480275193449E-7,4.223098164306372E-12
14203.0,0.15168539325842698,0.5393258426966292,0.22471910112359547,0.08426966292134831
14453.0,0.9988005012887233,0.001188815414623548,8.785605800152733E-6,1.8976908528329903E-6
15574.0,0.989992960842053,8.577462135383234E-4,0.004574646472204392,0.004574646472204392
15036.0,0.9411759277334579,0.05882349548334112,5.767807256317305E-7,2.475274339049136E-12
15279.0,0.991888934188786,0.0034761710619488012,0.002317447374632534,0.002317447374632534
14729.0,0.9991271342979666,8.328783989297411E-4,3.427483123167659E-6,3.655981998045502E-5
13959.0,0.999098096714777,6.442166323020247E-4,1.2884332646040497E-4,1.2884332646040497E-4
14228.0,0.0012336794839820768,0.9836160979272036,0.005146135390222174,0.010004087198591903
14490.0,0.010391571742545347,0.9780622374324044,0.0057730954125251935,0.0057730954125251935
15604.0,0.9999994414465442,5.5786128717886E-7,1.9171035406736245E-10,5.004583146929242E-10
15245.0,0.009092617484859589,0.7107596865075093,2.7433376013881795E-6,0.28014495267002965
15006.0,0.002860093060813335,0.9954975878769228,0.0016166578269160338,2.5661235347873545E-5
14520.0,0.997329400215424,0.0020287048808648508,3.209474518555721E-4,3.209474518555721E-4
14262.0,0.013216029281053625,0.31717182047889586,0.5506678867105679,0.11894426352948265
13989.0,0.22777356012390823,0.025426968142261558,0.6865281398410621,0.060271331892768135
14763.0,0.9456521739130435,0.03260869565217391,0.010869565217391304,0.010869565217391304
15387.0,0.9997250964528505,2.7000593388443086E-4,2.1831723555597444E-7,4.67929602957764E-6
15624.0,0.99498997995992,0.0030060120240480966,0.0010020040080160322,0.0010020040080160322
15202.0,0.9999254417286201,7.233447037587443E-5,1.0691350981287491E-6,1.1546659059790492E-6
14961.0,0.9952718676122932,0.0023640661938534283,0.0011820330969267141,0.0011820330969267141
14423.0,0.9991271342979666,8.328783989297411E-4,3.427483123167659E-6,3.655981998045502E-5
14169.0,0.9997828996724707,2.170911130312375E-4,9.200481964102985E-9,1.4016008244042626E-11
14660.0,0.9997250964528505,2.7000593388443086E-4,2.1831723555597444E-7,4.67929602957764E-6
15536.0,0.09722425303238337,0.8830385678842718,0.0024333508458918283,0.017303828237453002
14049.0,0.9991250990540204,8.348204052607345E-4,3.4354749187684544E-6,3.664506580019685E-5
14831.0,0.9959337771986233,0.004064492815048262,8.959754116403783E-7,8.340109169164623E-7
14588.0,0.12361393236906122,0.7678158967902639,0.10439439503911041,0.004175775801564417
14322.0,0.9999981763847049,5.0773923510411796E-9,1.8128662986103916E-6,5.671604054061308E-9
15066.0,0.90625,0.03125,0.03125,0.03125
15305.0,0.9950980392156863,0.0029411764705882353,9.80392156862745E-4,9.80392156862745E-4
15692.0,0.10895297535779618,0.19369417841385986,0.3443452060690842,0.3530076401592597
15455.0,0.9991162690322625,7.013384431052346E-4,9.119626231616004E-5,9.119626231616004E-5
14592.0,0.99498997995992,0.0030060120240480966,0.0010020040080160322,0.0010020040080160322
14355.0,0.9991271342979666,8.328783989297411E-4,3.427483123167659E-6,3.655981998045502E-5
14109.0,0.9991162690322625,7.013384431052346E-4,9.119626231616004E-5,9.119626231616004E-5
14901.0,0.9949666430977757,0.005026035610338924,1.4642583770737814E-6,5.857033508295126E-6
15142.0,0.3894538453367133,0.6040889089238831,0.0063954084173289336,6.183732207461733E-5
15485.0,0.9936320697738313,0.006336824232093963,2.058964079912642E-5,1.0516353275476642E-5
15726.0,0.38528600176710104,0.5980026635842571,0.016702506783821312,8.827864820496698E-6
14143.0,0.0987293430746066,0.26870178011184925,0.04043953892335887,0.5921293378901852
14385.0,0.9975815355397933,0.002414228198072426,1.4911701354439842E-6,2.745091998717963E-6
14626.0,0.9605263157894737,0.013157894736842105,0.013157894736842105,0.013157894736842105
15108.0,0.9285714285714286,0.023809523809523808,0.023809523809523808,0.023809523809523808
14871.0,0.99889159784761,0.0011083843513109994,1.7774002225718198E-8,2.707690343802404E-11
15506.0,0.9994214400143795,5.68602719863637E-4,5.42998219186137E-7,9.414267537720286E-6
15745.0,0.9999995455288747,2.6113589498399426E-7,1.9321582655840682E-7,1.1940370141014826E-10
14288.0,0.8553557474439553,0.14181308326657607,0.001213358266915103,0.0016178110225534704
14558.0,0.9999432020924224,5.255950878884666E-5,3.784284632796958E-6,4.54114155935635E-7
14797.0,0.997329400215424,0.0020287048808648508,3.209474518555721E-4,3.209474518555721E-4
14019.0,0.9997828996724707,2.170911130312375E-4,9.200481964102985E-9,1.4016008244042626E-11
15339.0,0.01037259364451088,0.6891748233953859,0.21633970547242454,0.08411287748767865
15096.0,0.9838709677419355,0.005376344086021506,0.005376344086021506,0.005376344086021506
14930.0,0.9998470906476487,1.4282698148377018E-4,5.498205591686632E-7,9.532550308380294E-6
15169.0,0.9991271342979666,8.328783989297411E-4,3.427483123167659E-6,3.655981998045502E-5
14695.0,0.9963060426230856,5.832564279338323E-4,0.0015553504744902197,0.0015553504744902197
14452.0,0.9993827070605804,6.170709014592169E-4,2.1257932245186097E-7,9.458638065637611E-9
14202.0,0.9999986791860669,6.563863946789648E-8,4.435610987022193E-8,1.210819183610779E-6
15659.0,0.9935760171306209,0.004282655246252677,0.0010706638115631692,0.0010706638115631692
15416.0,0.9986940608937087,0.0011978654409140013,1.8825735259264487E-5,8.924793011799462E-5
15037.0,0.9993827070605804,6.170709014592169E-4,2.1257932245186097E-7,9.458638065637611E-9
15278.0,0.9999254417286201,7.233447037587443E-5,1.0691350981287491E-6,1.1546659059790492E-6
14728.0,0.9999806174411736,3.426530904838189E-6,7.978013960733516E-6,7.978013960733516E-6
14491.0,0.9999518141881887,4.677962019278198E-5,8.902920356473216E-8,1.3171624149148867E-6
14229.0,0.9952718676122932,0.0023640661938534283,0.0011820330969267141,0.0011820330969267141
15575.0,0.9991250990540204,8.348204052607345E-4,3.4354749187684544E-6,3.664506580019685E-5
15244.0,0.9975277180703912,2.119098796807586E-4,0.0011301860249640458,0.0011301860249640458
15007.0,0.8854166666666666,0.05208333333333333,0.031249999999999997,0.031249999999999997
14263.0,0.9935760171306209,0.004282655246252677,0.0010706638115631692,0.0010706638115631692
14521.0,0.9950980392156863,0.0029411764705882353,9.80392156862745E-4,9.80392156862745E-4
14762.0,0.9961094033800159,0.002778997585702987,5.557995171405974E-4,5.557995171405974E-4
13988.0,0.12496523136457191,0.8747566195520035,2.606381998007953E-4,1.751088362386452E-5
15605.0,0.9215206187651549,0.026822067004314148,0.0248352472262168,0.026822067004314148
15203.0,0.9991250990540204,8.348204052607345E-4,3.4354749187684544E-6,3.664506580019685E-5
14960.0,0.9838709677419355,0.005376344086021506,0.005376344086021506,0.005376344086021506
14168.0,0.9583333333333334,0.020833333333333332,0.010416666666666666,0.010416666666666666
14422.0,0.9999358628865281,6.409974650715946E-5,3.736569827092807E-8,1.2663341249581182E-12
14661.0,0.9991271342979666,8.328783989297411E-4,3.427483123167659E-6,3.655981998045502E-5
15386.0,0.9950980392156863,0.0029411764705882353,9.80392156862745E-4,9.80392156862745E-4
15625.0,0.9999254417286201,7.233447037587443E-5,1.0691350981287491E-6,1.1546659059790492E-6
14830.0,0.295554958856009,0.7040315371773163,2.8952159008328643E-4,1.2398237659145888E-4
14048.0,0.9991271342979666,8.328783989297411E-4,3.427483123167659E-6,3.655981998045502E-5
14323.0,0.9059629032779413,0.09401596887902422,2.5805976035991913E-6,1.8547245430808852E-5
14589.0,0.9904151605821808,0.002614047113950686,0.0034853961519342477,0.0034853961519342477
15067.0,0.9965915093546156,9.295883578320708E-4,0.0012394511437760942,0.0012394511437760942
15304.0,0.9994214400143795,5.68602719863637E-4,5.42998219186137E-7,9.414267537720286E-6
15537.0,0.4180893185655126,0.27908455662470005,0.10901740493152345,0.1938087198782639
14593.0,0.994012862815513,0.0028595282075161575,2.6808076945463973E-4,0.0028595282075161575
14108.0,0.9851325353691387,0.014864724764792708,1.7124162929041189E-6,1.0274497757424713E-6
14354.0,0.9996125906000922,1.1089745612748796E-4,1.3825597189014017E-4,1.3825597189014017E-4
14900.0,0.8210543195713677,0.12483660712022555,0.027054536654203383,0.027054536654203383
15143.0,0.9778833746315861,0.022066297832248803,2.5163768082447697E-5,2.5163768082447697E-5
15693.0,0.9991250990540204,8.348204052607345E-4,3.4354749187684544E-6,3.664506580019685E-5
15454.0,0.9387007034835521,0.008195093117172196,0.026552101699637915,0.026552101699637915
14384.0,0.20279318741636027,0.6827395642177646,0.05723362418293761,0.05723362418293761
14142.0,0.9965915093546156,9.295883578320708E-4,0.0012394511437760942,0.0012394511437760942
14627.0,0.9621527820210439,0.026891444353468817,0.00796783536399076,0.0029879382614965352
15109.0,0.9955322110452013,0.00395936666143652,1.0250449462947092E-5,4.981718438992289E-4
14870.0,0.21627523416227726,0.7829399864884412,6.807802854479366E-4,1.039990638336166E-4
15484.0,0.9935760171306209,0.004282655246252677,0.0010706638115631692,0.0010706638115631692
15727.0,0.9935760171306209,0.004282655246252677,0.0010706638115631692,0.0010706638115631692
14559.0,0.99764676205434,0.0017577288020717027,5.859096006905676E-4,9.599542897714264E-6
14289.0,0.9991250990540204,8.348204052607345E-4,3.4354749187684544E-6,3.664506580019685E-5
14018.0,0.9868183177479196,0.002081318250328492,0.005550182000875979,0.005550182000875979
14796.0,0.9999518141881887,4.677962019278198E-5,8.902920356473216E-8,1.3171624149148867E-6
15338.0,0.9988662662024435,4.488472486749511E-4,3.42443274440728E-4,3.42443274440728E-4
15097.0,0.9999518141881887,4.677962019278198E-5,8.902920356473216E-8,1.3171624149148867E-6
15507.0,0.9974845732354016,0.0025154224322860587,9.08368775937085E-11,4.24147547835962E-9
15744.0,0.0610840920420482,0.8934966089654774,0.025372160126830613,0.020047138865643938
15630.0,0.9999518141881887,4.677962019278198E-5,8.902920356473216E-8,1.3171624149148867E-6
15389.0,1.6074167219270043E-4,0.9809030644695391,0.0016847788899731204,0.01725141496829522
14658.0,0.9999254417286201,7.233447037587443E-5,1.0691350981287491E-6,1.1546659059790492E-6
14417.0,0.9975493483717424,2.7679576011853297E-5,0.0012114860261229648,0.0012114860261229648
14175.0,0.9950980392156863,0.0029411764705882353,9.80392156862745E-4,9.80392156862745E-4
14967.0,0.9997250964528505,2.7000593388443086E-4,2.1831723555597444E-7,4.67929602957764E-6
15204.0,0.9997828996724707,2.170911130312375E-4,9.200481964102985E-9,1.4016008244042626E-11
15602.0,0.9952718676122932,0.0023640661938534283,0.0011820330969267141,0.0011820330969267141
13987.0,0.9991250990540204,8.348204052607345E-4,3.4354749187684544E-6,3.664506580019685E-5
14765.0,0.9943347436709484,8.945141572186871E-4,0.0023853710859164986,0.0023853710859164986
14526.0,0.9604658453966841,0.03953411592194207,3.5796072944179005E-8,2.885300865198433E-9
14256.0,0.9950980392156863,0.0029411764705882353,9.80392156862745E-4,9.80392156862745E-4
15000.0,0.40063732202681934,7.097169968508495E-4,0.5919237924135957,0.00672916856273398
15243.0,0.21627523416227726,0.7829399864884412,6.807802854479366E-4,1.039990638336166E-4
15568.0,0.9991271342979666,8.328783989297411E-4,3.427483123167659E-6,3.655981998045502E-5
14226.0,0.2097733391273055,0.033536235524971224,0.45486430562298213,0.301826119724741
14492.0,0.9959337771986233,0.004064492815048262,8.959754116403783E-7,8.340109169164623E-7
14735.0,0.891859739389994,0.09464913533429328,0.009965170219526153,0.003525955056186513
15273.0,0.9961094033800159,0.002778997585702987,5.557995171405974E-4,5.557995171405974E-4
15034.0,0.9999768285684643,8.236845491577621E-6,2.745615163859207E-6,1.2188970880365599E-5
15423.0,0.9993827070605804,6.170709014592169E-4,2.1257932245186097E-7,9.458638065637611E-9
15660.0,0.9935760171306209,0.004282655246252677,0.0010706638115631692,0.0010706638115631692
14205.0,0.9991250990540204,8.348204052607345E-4,3.4354749187684544E-6,3.664506580019685E-5
14451.0,0.9952718676122932,0.0023640661938534283,0.0011820330969267141,0.0011820330969267141
14688.0,0.9997250964528505,2.7000593388443086E-4,2.1831723555597444E-7,4.67929602957764E-6
15174.0,0.2997409069216312,0.6695199026957498,0.01572515541480672,0.015014034967812454
14933.0,0.7659990938671049,0.03436475837447232,0.10309427512341696,0.09654187263500591
15751.0,0.9997828996724707,2.170911130312375E-4,9.200481964102985E-9,1.4016008244042626E-11
15508.0,0.9189536365766318,0.009992017408360462,0.03552717300750387,0.03552717300750387
15102.0,0.9994949474645574,1.1566088597922443E-5,2.4674322342234546E-4,2.4674322342234546E-4
15341.0,0.9999140602694395,8.447526175043612E-5,3.661172025339941E-7,1.0983516076019821E-6
14795.0,0.8305590133100158,0.1681657996009596,0.0012155804682192196,5.960662080529982E-5
14021.0,0.9868247699418593,0.01115412379494272,3.1912204155758043E-4,0.001701984221640429
14294.0,0.680999279365842,0.22214748979101606,0.03459043958683641,0.06226279125630555
14552.0,0.9952718676122932,0.0023640661938534283,0.0011820330969267141,0.0011820330969267141
15720.0,0.9935760171306209,0.004282655246252677,0.0010706638115631692,0.0010706638115631692
15483.0,0.99498997995992,0.0030060120240480966,0.0010020040080160322,0.0010020040080160322
14865.0,0.9542420842903402,0.03919357911207396,0.006421476001722197,1.428605958635096E-4
15106.0,0.9999999442379683,7.693032313851798E-10,5.4935439499934495E-8,5.7289031117609366E-11
14628.0,0.9988005012887233,0.001188815414623548,8.785605800152733E-6,1.8976908528329903E-6
14137.0,0.011293787196778125,0.9886822312146224,1.0492673670176572E-7,2.38766618628018E-5
14391.0,0.9838709677419355,0.005376344086021506,0.005376344086021506,0.005376344086021506
15449.0,0.9994214400143795,5.68602719863637E-4,5.42998219186137E-7,9.414267537720286E-6
15690.0,0.9991250990540204,8.348204052607345E-4,3.4354749187684544E-6,3.664506580019685E-5
15136.0,0.9823529411764707,0.005882352941176471,0.005882352941176471,0.005882352941176471
14899.0,0.9778833746315861,0.022066297832248803,2.5163768082447697E-5,2.5163768082447697E-5
14357.0,0.3845531623731469,0.6134945293240462,0.0010973968255505533,8.549114772562725E-4
14107.0,0.13681802921344524,0.7600536027638385,0.09224067236879849,0.010887695653917753
14598.0,0.9016712537109335,0.09200727078682995,4.306182222231996E-5,0.006278413680014252
15542.0,0.002724320687036077,0.1525270871692263,0.7529064725215172,0.09184211962222033
15311.0,0.005188744128333014,0.14626352267995585,0.026515196382003003,0.8220325368097082
15068.0,0.053121863079702875,0.08394566017533293,0.7935488188449442,0.06938365790002007
14586.0,0.9993770868040147,9.111358303049911E-7,3.1100103007743695E-4,3.1100103007743695E-4
14324.0,0.9994949474645574,1.1566088597922443E-5,2.4674322342234546E-4,2.4674322342234546E-4
14055.0,0.9415931614617036,0.035044103122977906,0.0100126008922794,0.0133501345230392
14825.0,0.99491588086694,8.027556525883931E-4,0.002140681740235715,0.002140681740235715
14659.0,0.007059090227992916,0.0023530300759976386,0.011751880739260877,0.9788359989567486
14174.0,0.9935760171306209,0.004282655246252677,0.0010706638115631692,0.0010706638115631692
14416.0,0.9950980392156863,0.0029411764705882353,9.80392156862745E-4,9.80392156862745E-4
14966.0,0.9961094033800159,0.002778997585702987,5.557995171405974E-4,5.557995171405974E-4
15205.0,0.997329400215424,0.0020287048808648508,3.209474518555721E-4,3.209474518555721E-4
15631.0,0.9594018535815034,0.026922981309108213,0.006837582554694148,0.006837582554694148
15388.0,0.9583333333333334,0.020833333333333332,0.010416666666666666,0.010416666666666666
14764.0,0.1698355682100629,0.8233876099242817,0.006604236765048385,1.7258510060705302E-4
13986.0,0.996194932398058,0.003141059988468514,2.973168418537821E-5,6.342759292880684E-4
14257.0,0.9991721442513398,2.83526982360416E-5,7.995011035988472E-4,1.946825287814136E-9
14527.0,0.7871737417183948,0.18583744547202383,0.0045583435898460915,0.022430469219735155
15001.0,0.9997250964528505,2.7000593388443086E-4,2.1831723555597444E-7,4.67929602957764E-6
15242.0,0.7902726700479555,0.20942341537303766,2.9765920444322383E-4,6.255374563483771E-6
15603.0,0.9950980392156863,0.0029411764705882353,9.80392156862745E-4,9.80392156862745E-4
14493.0,0.9935760171306209,0.004282655246252677,0.0010706638115631692,0.0010706638115631692
14227.0,0.9998215729743416,1.4504511151155106E-4,5.814914077195924E-6,2.7567000069669567E-5
14734.0,0.9952718676122932,0.0023640661938534283,0.0011820330969267141,0.0011820330969267141
15272.0,0.9968360068051658,0.0031549985220856954,4.497336374330695E-6,4.497336374330695E-6
15035.0,0.10219390063173184,0.8901996229348978,0.005504316108714447,0.0021021603246557884
15569.0,0.9991162690322625,7.013384431052346E-4,9.119626231616004E-5,9.119626231616004E-5
14450.0,0.9997250964528505,2.7000593388443086E-4,2.1831723555597444E-7,4.67929602957764E-6
14204.0,0.9966577848813084,9.115132141886382E-4,0.0012153509522515175,0.0012153509522515175
14689.0,0.9389948006932409,0.038128249566724434,0.011438474870017331,0.011438474870017331
15175.0,0.90625,0.03125,0.03125,0.03125
14932.0,0.9998470906476487,1.4282698148377018E-4,5.498205591686632E-7,9.532550308380294E-6
15422.0,0.9970573747989597,0.0024782554450658817,1.3356258688511458E-4,3.3080716908929966E-4
15661.0,0.007197347644108931,0.8400404295454084,0.03428736447124116,0.11847485833924166
15103.0,0.9998470906476487,1.4282698148377018E-4,5.498205591686632E-7,9.532550308380294E-6
15340.0,0.43467543138866066,0.3286770747740345,0.11832374691865243,0.11832374691865243
14020.0,0.9626693929123489,0.03731558864222365,1.5015695971324828E-5,2.7494560494369193E-9
14794.0,0.9935760171306209,0.004282655246252677,0.0010706638115631692,0.0010706638115631692
14553.0,0.8028312005644046,0.10539568551648189,0.04588655695955673,0.04588655695955673
14295.0,0.9949666430977757,0.005026035610338924,1.4642583770737814E-6,5.857033508295126E-6
15750.0,0.9999518141881887,4.677962019278198E-5,8.902920356473216E-8,1.3171624149148867E-6
15509.0,0.9999950763958815,4.80629845135461E-6,1.1708859154278825E-7,2.1707555957716022E-10
14864.0,0.991091577320922,0.008908323239023465,9.937337224794902E-8,6.668227772035268E-11
15107.0,0.9999518141881887,4.677962019278198E-5,8.902920356473216E-8,1.3171624149148867E-6
14629.0,0.9997450959475949,2.525542874789923E-4,1.1748824630838628E-6,1.1748824630838628E-6
14390.0,0.9858970953832014,0.0011951614082032845,0.006453871604297738,0.006453871604297738
14136.0,0.9950980392156863,0.0029411764705882353,9.80392156862745E-4,9.80392156862745E-4
15721.0,0.9952718676122932,0.0023640661938534283,0.0011820330969267141,0.0011820330969267141
15482.0,0.9966577848813084,9.115132141886382E-4,0.0012153509522515175,0.0012153509522515175
15137.0,0.99932208817881,6.776698935954408E-4,2.4185390651812285E-7,7.368801679820303E-11
14898.0,0.9989153389057028,0.0010207063028187927,6.4752320803352E-6,5.747955939783757E-5
14106.0,0.99889159784761,0.0011083843513109994,1.7774002225718198E-8,2.707690343802404E-11
14356.0,0.9621527820210439,0.026891444353468817,0.00796783536399076,0.0029879382614965352
14599.0,0.8635288843200655,0.13603168324407083,2.998677791715882E-4,1.3956465669226448E-4
15448.0,0.9994214400143795,5.68602719863637E-4,5.42998219186137E-7,9.414267537720286E-6
15691.0,0.9968360068051658,0.0031549985220856954,4.497336374330695E-6,4.497336374330695E-6
15310.0,0.9997828996724707,2.170911130312375E-4,9.200481964102985E-9,1.4016008244042626E-11
15069.0,0.9991162690322625,7.013384431052346E-4,9.119626231616004E-5,9.119626231616004E-5
14325.0,0.9999979251969926,1.8108454291993643E-6,4.575682480230155E-9,2.593818957841061E-7
14587.0,0.9991091673352102,8.905838243513319E-4,2.4876464485415784E-7,7.579357965606645E-11
14824.0,0.9959337771986233,0.004064492815048262,8.959754116403783E-7,8.340109169164623E-7
14054.0,0.8951884833962896,0.034539903347629096,0.03513580662804067,0.03513580662804067
15543.0,0.9938490141554253,0.005943771423909652,5.959926052001163E-5,1.4761516014510516E-4
15600.0,0.9993827070605804,6.170709014592169E-4,2.1257932245186097E-7,9.458638065637611E-9
14524.0,0.9998470906476487,1.4282698148377018E-4,5.498205591686632E-7,9.532550308380294E-6
14258.0,0.984375,0.005208333333333333,0.005208333333333333,0.005208333333333333
13985.0,0.9988005012887233,0.001188815414623548,8.785605800152733E-6,1.8976908528329903E-6
14767.0,0.9963060426230856,5.832564279338323E-4,0.0015553504744902197,0.0015553504744902197
15241.0,0.7636732837683917,0.022547071866619875,0.10688982218249424,0.10688982218249424
15002.0,0.054615153122196045,0.27307576561098024,0.44323652606578445,0.22907255520103925
15391.0,0.90625,0.03125,0.03125,0.03125
15628.0,0.9991271342979666,8.328783989297411E-4,3.427483123167659E-6,3.655981998045502E-5
14419.0,0.9823529411764707,0.005882352941176471,0.005882352941176471,0.005882352941176471
14173.0,0.9995434544202174,8.181458398758863E-5,2.454437519627659E-4,1.292872438322388E-4
14656.0,3.4906573832631502E-6,0.005805661359843274,0.9866646093409543,0.007526238641819134
15206.0,0.9994214400143795,5.68602719863637E-4,5.42998219186137E-7,9.414267537720286E-6
14965.0,0.8636363636363638,0.04545454545454546,0.04545454545454546,0.04545454545454546
15662.0,0.9952718676122932,0.0023640661938534283,0.0011820330969267141,0.0011820330969267141
15421.0,0.051142967841921745,0.136381247578458,0.6265013560635413,0.18597442851607907
14690.0,0.9997828996724707,2.170911130312375E-4,9.200481964102985E-9,1.4016008244042626E-11
14207.0,0.999994916544551,1.6797384438987572E-6,2.7588590772955355E-7,3.1278310973803025E-6
14449.0,0.9935760171306209,0.004282655246252677,0.0010706638115631692,0.0010706638115631692
14935.0,0.9999693567609316,2.82011435622754E-5,1.9794234787248833E-7,2.2441531583083324E-6
15172.0,0.9944053523845106,2.447828319854332E-5,0.0027850846661453734,0.0027850846661453734
15570.0,0.9965915093546156,9.295883578320708E-4,0.0012394511437760942,0.0012394511437760942
14733.0,0.9999843493835471,1.5575400338212338E-5,5.352523256596316E-9,6.986359138979104E-8
14224.0,0.6826954994538026,0.10844584195882695,0.10041281662854347,0.10844584195882695
14494.0,0.9952718676122932,0.0023640661938534283,0.0011820330969267141,0.0011820330969267141
15032.0,0.9950980392156863,0.0029411764705882353,9.80392156862745E-4,9.80392156862745E-4
15275.0,0.7352480237291671,0.12083374571413714,0.12925959691493238,0.014658633641763511
15481.0,0.9999366963099592,6.329559880781865E-5,5.355738914772826E-9,2.7354941753699066E-9
15722.0,0.9950980392156863,0.0029411764705882353,9.80392156862745E-4,9.80392156862745E-4
15104.0,0.9997450959475949,2.525542874789923E-4,1.1748824630838628E-6,1.1748824630838628E-6
14867.0,0.9997250964528505,2.7000593388443086E-4,2.1831723555597444E-7,4.67929602957764E-6
14139.0,0.206032582075587,0.0813955879804788,0.6751275649452835,0.03744426499865083
14389.0,0.8752735229759299,0.07877461706783369,0.02297592997811816,0.02297592997811816
14630.0,0.9991162690322625,7.013384431052346E-4,9.119626231616004E-5,9.119626231616004E-5
15510.0,0.984375,0.005208333333333333,0.005208333333333333,0.005208333333333333
15749.0,0.9665882500452846,0.03284306273421541,2.843436102500091E-4,2.843436102500091E-4
15343.0,0.85,0.05,0.05,0.05
15100.0,0.9999518141881887,4.677962019278198E-5,8.902920356473216E-8,1.3171624149148867E-6
14292.0,0.9621527820210439,0.026891444353468817,0.00796783536399076,0.0029879382614965352
14554.0,0.9956390303558664,0.0036727738084076458,1.9793971274086267E-4,4.902561229850784E-4
14793.0,0.9999366963099592,6.329559880781865E-5,5.355738914772826E-9,2.7354941753699066E-9
14023.0,0.6031660659476713,0.24630281370296261,0.002749432127588602,0.1477816882217776
15540.0,0.9999518141881887,4.677962019278198E-5,8.902920356473216E-8,1.3171624149148867E-6
15070.0,0.9961094033800159,0.002778997585702987,5.557995171405974E-4,5.557995171405974E-4
15309.0,0.9991271342979666,8.328783989297411E-4,3.427483123167659E-6,3.655981998045502E-5
14053.0,0.9954650814959725,0.004534439106223057,4.792517861001224E-7,1.460183718887681E-10
14827.0,0.9761337926001445,0.02351896271326595,1.026896416079165E-4,2.445550449815112E-4
14584.0,0.9999518141881887,4.677962019278198E-5,8.902920356473216E-8,1.3171624149148867E-6
14326.0,0.9997250964528505,2.7000593388443086E-4,2.1831723555597444E-7,4.67929602957764E-6
15688.0,9.875280426419122E-6,0.06636636637234831,0.8281372598763652,0.10548649847086
15451.0,0.9999518141881887,4.677962019278198E-5,8.902920356473216E-8,1.3171624149148867E-6
14897.0,0.8305590133100158,0.1681657996009596,0.0012155804682192196,5.960662080529982E-5
15138.0,0.9999448055922774,1.1998784287545316E-5,2.159781171758157E-5,2.159781171758157E-5
14596.0,0.9998470906476487,1.4282698148377018E-4,5.498205591686632E-7,9.532550308380294E-6
14359.0,0.9950980392156863,0.0029411764705882353,9.80392156862745E-4,9.80392156862745E-4
14105.0,0.9997828996724707,2.170911130312375E-4,9.200481964102985E-9,1.4016008244042626E-11
14259.0,0.9991091673352102,8.905838243513319E-4,2.4876464485415784E-7,7.579357965606645E-11
14525.0,0.99498997995992,0.0030060120240480966,0.0010020040080160322,0.0010020040080160322
14766.0,0.9950980392156863,0.0029411764705882353,9.80392156862745E-4,9.80392156862745E-4
13984.0,0.9968360068051658,0.0031549985220856954,4.497336374330695E-6,4.497336374330695E-6
15240.0,0.9706422018348625,0.00638213003589948,0.011487834064619066,0.011487834064619066
15003.0,0.9994811372955296,5.188208262833072E-4,4.1875821925728776E-8,2.3653058272288076E-12
15601.0,0.011293787196778125,0.9886822312146224,1.0492673670176572E-7,2.38766618628018E-5
14172.0,0.99927432443316,7.256601692694221E-4,1.3157470031742114E-8,2.2401006476222358E-9
14418.0,0.9994214400143795,5.68602719863637E-4,5.42998219186137E-7,9.414267537720286E-6
14657.0,0.9783778770722904,0.021503423489407546,2.3739887660438383E-5,9.495955064175353E-5
15207.0,0.9994214400143795,5.68602719863637E-4,5.42998219186137E-7,9.414267537720286E-6
14964.0,0.9422731989928937,0.02848782854519366,7.511439167189733E-4,0.02848782854519366
15390.0,0.9995434544202174,8.181458398758863E-5,2.454437519627659E-4,1.292872438322388E-4
15629.0,0.6413407081338777,0.16033005930468555,0.19292034676231995,0.005408885799116838
14691.0,0.9685806715796967,0.031094307876301814,8.784339027067665E-6,3.162362049744359E-4
14448.0,0.8779583095527951,0.11631216991554702,0.0055003307743232924,2.2918975733461744E-4
14206.0,0.9999903048060871,9.458347565068792E-6,5.921158696076448E-8,1.7763476088229346E-7
14934.0,0.9197080291970802,0.034410844629822725,0.022940563086548484,0.022940563086548484
15173.0,0.9959337771986233,0.004064492815048262,8.959754116403783E-7,8.340109169164623E-7
15663.0,0.987027612061375,0.012972055905261931,2.687374456159145E-7,6.329591747309097E-8
15420.0,0.7080540483030109,0.10510054261091607,0.0934227045430365,0.0934227045430365
14732.0,0.8752735229759299,0.07877461706783369,0.02297592997811816,0.02297592997811816
14495.0,0.99764676205434,0.0017577288020717027,5.859096006905676E-4,9.599542897714264E-6
14225.0,0.9968360068051658,0.0031549985220856954,4.497336374330695E-6,4.497336374330695E-6
15033.0,0.9987334002093584,1.9998944062761626E-4,5.333051750069767E-4,5.333051750069767E-4
15274.0,0.12686948671372789,0.7051241611103256,0.028780578004503087,0.1392257741714435
15571.0,0.033498759305210915,0.9044665012406947,0.03101736972704714,0.03101736972704714
15105.0,0.984375,0.005208333333333333,0.005208333333333333,0.005208333333333333
14866.0,0.9994214400143795,5.68602719863637E-4,5.42998219186137E-7,9.414267537720286E-6
14388.0,0.2198736849265594,0.7797330489364583,2.052696483612877E-5,3.7273917214613255E-4
14138.0,0.9838966223089954,0.006705324101643482,0.0013425790841944244,0.008055474505166546
14631.0,0.99498997995992,0.0030060120240480966,0.0010020040080160322,0.0010020040080160322
15480.0,0.011672828061171113,0.03226696883338522,0.9532809583289743,0.002779244776469312
15723.0,0.9998470906476487,1.4282698148377018E-4,5.498205591686632E-7,9.532550308380294E-6
15342.0,0.9997250964528505,2.7000593388443086E-4,2.1831723555597444E-7,4.67929602957764E-6
15101.0,2.8970303334057405E-5,1.0455984306056159E-4,0.1941358288494918,0.8057306410041136
14555.0,0.9997250964528505,2.7000593388443086E-4,2.1831723555597444E-7,4.67929602957764E-6
14293.0,0.9997250964528505,2.7000593388443086E-4,2.1831723555597444E-7,4.67929602957764E-6
14022.0,0.997329400215424,0.0020287048808648508,3.209474518555721E-4,3.209474518555721E-4
14792.0,0.9952718676122932,0.0023640661938534283,0.0011820330969267141,0.0011820330969267141
15511.0,0.9999995938198737,3.3880187748754507E-8,3.3880187748754507E-8,3.3841975069385406E-7
15748.0,0.21627523416227726,0.7829399864884412,6.807802854479366E-4,1.039990638336166E-4
15071.0,0.9994214400143795,5.68602719863637E-4,5.42998219186137E-7,9.414267537720286E-6
15308.0,0.9998470906476487,1.4282698148377018E-4,5.498205591686632E-7,9.532550308380294E-6
14826.0,0.9999429522698567,2.8513423144202362E-5,2.8513423144202362E-5,2.0883854841945085E-8
14052.0,0.9976009422201301,0.0023782358493615193,2.7397276984644685E-7,2.0547957738483523E-5
14327.0,0.991888934188786,0.0034761710619488012,0.002317447374632534,0.002317447374632534
14585.0,0.9994214400143795,5.68602719863637E-4,5.42998219186137E-7,9.414267537720286E-6
15541.0,0.9949666430977757,0.005026035610338924,1.4642583770737814E-6,5.857033508295126E-6
