15572.0,0.9938007866399678,0.006049634122888993,1.039663373702543E-4,4.5612899772820246E-5
15277.0,0.9934329686743412,0.006223711763610584,2.2434874063668585E-4,1.1897082141156096E-4
15038.0,0.502881000517848,0.4151526516062776,0.06743112075907168,0.014535227116802607
14230.0,0.9934711184434781,0.0061664007893293005,1.7394289325408835E-4,1.885378739385836E-4
14488.0,0.9302174763278154,0.06949756586354577,1.7374814264411548E-4,1.1120966599464287E-4
14731.0,0.9727091966642393,0.02164360889495618,0.0025285127406807426,0.0031186817001237427
15419.0,0.9518688200692097,0.04089148583919193,0.0071524141698507656,8.727992174758199E-5
15656.0,0.9920259977942958,0.0076269383173362985,2.4585624559311423E-4,1.0120764277485347E-4
15170.0,0.9923787394383222,0.007258435578812225,2.553041744456126E-4,1.0752080842000822E-4
14929.0,0.9931515662926459,0.006476742589594874,2.5290114186122034E-4,1.1878997589808957E-4
14201.0,0.9915420029657082,0.008119941547360475,2.3688182512376324E-4,1.0117366180758625E-4
14455.0,0.15292841625180384,0.1369498606592661,0.3709462239555325,0.3391754991333975
14692.0,0.2826717334301857,0.6847567979633399,0.019496006615239106,0.013075461991235207
15626.0,0.9923787394383222,0.007258435578812225,2.553041744456126E-4,1.0752080842000822E-4
15385.0,0.9482619380406757,0.04590376768020806,0.0027600161981220263,0.0030742780809942583
14963.0,0.9923747511764658,0.007309234293841956,3.117023261561868E-4,4.3122035360069E-6
15200.0,0.976015007649616,0.020013376582408038,0.0032593961695944074,7.12219598381536E-4
14662.0,0.9922220298461292,0.007414734029891718,2.2395152437983156E-4,1.3928459959926172E-4
14421.0,0.22122426705277118,0.7582012821881043,0.010892953932781453,0.009681496826343068
14171.0,0.0018525641025641023,0.07426790119390446,0.3976544271734319,0.5262251075300995
15606.0,0.9920259977942958,0.0076269383173362985,2.4585624559311423E-4,1.0120764277485347E-4
15004.0,0.9929513487788342,0.006633703512533412,2.668246586573818E-4,1.4812304997522454E-4
15247.0,0.9926746222213317,0.006987322291736883,2.3688182512376327E-4,1.0117366180758626E-4
13991.0,0.9496120990750883,0.047119473179723814,0.0025209133981472735,7.475143470406556E-4
14761.0,0.14117898711725665,0.8103073788360303,0.04088809085779708,0.007625543188916011
14522.0,0.6104155509400943,0.36082460041397196,2.5112983449158006E-4,0.02850871881144236
14260.0,0.9178427330584907,0.06793451896393746,0.01172772009763973,0.0024950278799320516
15453.0,0.7202427790912684,0.1941596428987952,0.05651438971429044,0.029083188295645917
15694.0,0.9831500663337323,0.01627744626513027,5.066788447099271E-4,6.580855642755318E-5
14353.0,0.9929941198765762,0.0066563698827696175,2.483365788465582E-4,1.0117366180758623E-4
14111.0,0.9570718454210323,0.03321337501757662,0.006216418671250651,0.0034983608901403523
14594.0,0.9929941198765762,0.0066563698827696175,2.483365788465582E-4,1.0117366180758623E-4
15140.0,0.9923954259541666,0.0072844532244929995,2.1894715953263354E-4,1.0117366180758619E-4
14903.0,0.9941975051065098,0.0054374801202741845,2.619983065185327E-4,1.0301646669751443E-4
15538.0,0.9921723026135151,0.006729966664412036,2.8491459035114735E-4,8.128161317217482E-4
14590.0,0.9910582209113205,0.008501016714131714,3.0952508660556875E-4,1.3123728794221988E-4
14320.0,0.9918444436851765,0.007749342849727726,2.2440975823745352E-4,1.8180370685827647E-4
14051.0,0.8428264744286132,0.13032845775782134,0.026796481338236887,4.858647532855908E-5
14829.0,0.9842899118262192,0.014858757436458401,6.618333486013059E-4,1.8949738872119204E-4
15307.0,0.9902631473769202,0.009220103951394911,4.711357719119176E-4,4.561289977282023E-5
15064.0,0.41592420761696614,0.5184197394290707,0.05168740793693268,0.013968645017030365
15747.0,0.08848539306305336,0.45727257648277325,0.14961164598439605,0.30463038446977725
15504.0,0.9941975051065098,0.0054374801202741845,2.619983065185327E-4,1.0301646669751443E-4
14799.0,0.9941305258867277,0.0056644605199456495,2.0501359332662853E-4,0.0
14017.0,0.9735380281780758,0.023383949054102335,2.1699175672875297E-4,0.0028610310110931897
14290.0,0.9906924493494168,0.008810541156766877,3.715358946348437E-4,1.2547359918141298E-4
14556.0,0.9931417802656648,0.006268404201387514,3.935201532370707E-4,1.962953797106902E-4
15098.0,0.9923958441744722,0.007278152565418534,2.157041677563119E-4,1.1029909235288488E-4
15337.0,0.9928094152034302,0.006841074555915627,2.4833657884655824E-4,1.0117366180758625E-4
15724.0,0.9823742241123784,0.01702563972979988,4.121810616805605E-4,1.8795509614104883E-4
15487.0,0.9934595467474309,0.006197133690520881,2.2434874063668585E-4,1.1897082141156096E-4
14624.0,0.9934808504271825,0.006141886603989079,2.648343160855641E-4,1.1242865274287328E-4
14141.0,0.8363209923589046,0.16351733132188198,1.6167631921351047E-4,0.0
14387.0,0.9930951932175358,0.006586735733131599,2.175432479055631E-4,1.005278014270012E-4
14869.0,0.9596546124572142,0.033305573219766155,0.002868666318262231,0.004171148004757382
15110.0,0.9929941198765762,0.0066563698827696175,2.483365788465582E-4,1.0117366180758623E-4
15276.0,0.990830375518911,0.00881327310806411,2.4376872176989616E-4,1.1258265125501071E-4
15039.0,0.9934329686743412,0.006223711763610584,2.2434874063668585E-4,1.1897082141156096E-4
14489.0,0.9716591055146176,0.023984567286678582,0.0016696182146098903,0.0026867089840939976
14231.0,0.9602962940602268,0.0384395908962169,0.001169636077827274,9.447896572902386E-5
14730.0,0.9931417802656648,0.006268404201387514,3.935201532370707E-4,1.962953797106902E-4
15573.0,0.993227873431825,0.006598434422390361,1.2155608880381126E-4,5.213605698090897E-5
15171.0,0.9540587789418895,0.0372994695808819,0.005472940126100964,0.003168811351127591
14928.0,0.9934831731636444,0.006147725170213654,2.9802384568429377E-4,7.107782045766505E-5
14454.0,0.9610058784045407,0.030148907251459675,0.006216418671250651,0.002628795672749048
14200.0,0.9928816141944435,0.006827296834168673,1.8356816296785075E-4,1.075208084200082E-4
14693.0,0.9171751502882569,0.06873065286387173,0.009194746652243518,0.0048994501956278235
15418.0,0.9929941198765762,0.0066563698827696175,2.483365788465582E-4,1.0117366180758623E-4
15657.0,0.9928816141944435,0.006827296834168673,1.8356816296785075E-4,1.075208084200082E-4
14962.0,0.9924541830616433,0.007183922365337594,2.3504658652865395E-4,1.2684798649038878E-4
15201.0,0.9929320067514006,0.006721074858005513,2.6961779477839223E-4,7.730059581547463E-5
14663.0,0.016114411807910806,0.0933732197463911,0.6664225551261967,0.2240898133195014
14170.0,0.9934711184434781,0.0061664007893293005,1.7394289325408835E-4,1.885378739385836E-4
14420.0,0.9293723722901364,0.05122464687183994,0.01303518932207925,0.006367791515944521
15627.0,0.0032838714964849285,0.04939436325338289,0.5962937985968657,0.3510279666532664
15384.0,0.8965034150194483,0.10107788373244635,0.0011048435255351012,0.0013138577225702446
15005.0,0.42922194659522256,0.5526224715768168,0.014895831079772805,0.0032597507481879127
15246.0,0.1913462155995452,0.7565375569689095,0.04681106970624354,0.005305157725301862
14760.0,0.9924253527073726,0.007222874807865082,2.442516763423364E-4,1.075208084200082E-4
13990.0,0.5181253449740483,0.4786693038324698,0.0031858861172693815,1.9465076212549273E-5
14261.0,0.01311599999477939,0.17119684148269154,0.2830807683561408,0.5326063901663882
14523.0,0.9934153339508817,0.006241346487070127,2.2434874063668585E-4,1.1897082141156096E-4
15607.0,0.2376952653171871,0.6828632257977005,0.048187725831859186,0.03125378305325317
14110.0,0.36930020732068736,0.46667883214135814,0.14423778323042208,0.019783177307532304
14352.0,0.132292655905842,0.628249411896101,0.19506250030608274,0.04439543189197432
14595.0,0.9857738398128898,0.013622060612481215,4.078041949183726E-4,1.962953797106902E-4
15141.0,0.9934711184434781,0.0061664007893293005,1.7394289325408835E-4,1.885378739385836E-4
14902.0,0.6174166963370482,0.37780345824744743,0.0019896835435019235,0.002790161872002365
15452.0,0.9924541830616433,0.007183922365337594,2.3504658652865395E-4,1.2684798649038878E-4
15695.0,0.9926382720956959,0.00702367241737272,2.3688182512376322E-4,1.0117366180758623E-4
14321.0,0.9924324429685167,0.007224229468897645,2.1785396340422183E-4,1.2547359918141298E-4
14591.0,0.9932013253989573,0.00642008117954191,1.7363518631417787E-4,2.04958235186531E-4
14828.0,0.9644377595931685,0.030256641947775907,0.005243791848574447,6.180661048099163E-5
14050.0,0.9726989645116112,0.024645328769390077,0.0022841504093905544,3.715563096083156E-4
15306.0,0.03616913647166962,0.13932295311336976,0.6533014028154484,0.1712065075995123
15065.0,0.9935898901041567,0.006070962215313625,2.2434874063668585E-4,1.1479893989299608E-4
15539.0,0.9934153339508817,0.006241346487070127,2.2434874063668585E-4,1.1897082141156096E-4
14016.0,0.9496120990750883,0.047119473179723814,0.0025209133981472735,7.475143470406556E-4
14798.0,0.9934808504271825,0.006141886603989079,2.648343160855641E-4,1.1242865274287328E-4
14557.0,0.30228877434379725,0.43878649835005784,0.19234547819506145,0.06657924911108358
14291.0,0.15386288408397847,0.6085636058491668,0.20352521175376384,0.03404829831309092
15099.0,0.8659476574803661,0.11814775656288902,0.01476625210741999,0.0011383338493249782
15336.0,0.9930951932175358,0.006586735733131599,2.175432479055631E-4,1.005278014270012E-4
15746.0,0.9931615129320507,0.006482945299910769,2.0741871806332246E-4,1.481230499752245E-4
15505.0,0.9911818980796895,0.008150679371822487,3.81420938425118E-4,2.8600161006289487E-4
14625.0,0.9923787394383222,0.007258435578812225,2.553041744456126E-4,1.0752080842000822E-4
14386.0,0.973921383384738,0.025364641513862418,7.096628978634831E-4,4.3122035360069E-6
14140.0,0.41406095225514833,0.5196099008140783,0.058840629142291295,0.007488517788482031
14868.0,0.9813080668650482,0.016184187656340766,0.0015456693678889057,9.620761107219755E-4
15111.0,0.9916800763083686,0.00771581896922745,4.1635120346538123E-4,1.8775351893846073E-4
15725.0,0.9918994416669676,0.007734009507876801,2.653751633479753E-4,1.0117366180758623E-4
15486.0,0.0015192307692307692,0.08672338875623106,0.4643779573860228,0.44737942308851536
15658.0,0.9495096584578113,0.034552798032641226,0.008420170083530328,0.007517373426017191
15417.0,0.9919039017837613,0.007744325731476352,2.442516763423364E-4,1.075208084200082E-4
14931.0,0.9930951932175358,0.006586735733131599,2.175432479055631E-4,1.005278014270012E-4
15168.0,0.07151360368379818,0.5158692059717602,0.14924828301014526,0.26336890733429635
14694.0,0.9935930668999462,0.006261771624739759,9.302541833305515E-5,5.2136056980908954E-5
14203.0,0.9148198626465838,0.0627497476261192,0.017550105740541184,0.004880283986755983
14453.0,0.9921131997076048,0.007463291796155199,3.1598768782009824E-4,1.0752080842000822E-4
15574.0,0.9925607159062744,0.00704430198859747,1.9002386994141783E-4,2.0495823518653096E-4
15036.0,0.488195048189298,0.42528034496230444,0.08539753266098828,0.0011270741874092403
15279.0,0.8959801251195966,0.0947371650757857,0.008063676341612144,0.0012190334630055035
14729.0,0.9938007866399678,0.006049634122888993,1.039663373702543E-4,4.5612899772820246E-5
13959.0,0.9930082230107155,0.006379130406108436,4.1635120346538123E-4,1.962953797106902E-4
14228.0,0.15745833012029564,0.8265641802834408,0.009275700066817367,0.006701789529446174
14490.0,0.1639881713934836,0.8249764886799401,0.006129875327294134,0.004905464599281909
15604.0,0.9922601907346282,0.007426077341624654,2.125582619395246E-4,1.0117366180758625E-4
15245.0,0.26309207945541696,0.361367838124216,0.12770150753926265,0.2478385748811044
15006.0,0.2649455496082203,0.6904739099338091,0.032753977930154485,0.011826562527816336
14520.0,0.9934711184434781,0.0061664007893293005,1.7394289325408835E-4,1.885378739385836E-4
14262.0,0.2149997714574877,0.06890020194258577,0.5386072788046865,0.17749274779524013
13989.0,0.8450012684409826,0.1337125234252452,0.021066427913991926,2.1978021978021983E-4
14763.0,0.9907140909663701,0.008900102501419623,2.84632870402528E-4,1.0117366180758623E-4
15387.0,0.9940952817393395,0.005606340319551298,2.9406573757316805E-4,4.3122035360069E-6
15624.0,0.9934831731636444,0.006147725170213654,2.9802384568429377E-4,7.107782045766505E-5
15202.0,0.9928816141944435,0.006827296834168673,1.8356816296785075E-4,1.075208084200082E-4
14961.0,0.9929941198765762,0.0066563698827696175,2.483365788465582E-4,1.0117366180758623E-4
14423.0,0.9938007866399678,0.006049634122888993,1.039663373702543E-4,4.5612899772820246E-5
14169.0,0.9927851329202193,0.00684479584110759,2.540084575594578E-4,1.160627811136918E-4
14660.0,0.9940952817393395,0.005606340319551298,2.9406573757316805E-4,4.3122035360069E-6
15536.0,0.782107664509109,0.20070453334976213,0.017187802141128958,0.0
14049.0,0.989867712156562,0.00947277559567777,4.6321686804945655E-4,1.9629537971069017E-4
14831.0,0.993134934858961,0.006509523373000472,2.0741871806332246E-4,1.481230499752245E-4
14588.0,0.08897748486019795,0.266814074858474,0.49274438375209134,0.1514640565292366
14322.0,0.9912379874886282,0.008164113211047971,3.335299819937396E-4,2.6436931833008454E-4
15066.0,0.9638640389282922,0.02863097952045742,0.0044121897386297584,0.0030927918126205144
15305.0,0.9934595467474309,0.006197133690520881,2.2434874063668585E-4,1.1897082141156096E-4
15692.0,0.014898313976245844,0.056991898887777455,0.6208756827728906,0.3072341043630861
15455.0,0.9930010030381949,0.006409181428857385,3.935201532370707E-4,1.962953797106902E-4
14592.0,0.9915905982333523,0.007530376878718081,8.07947067471922E-4,7.107782045766503E-5
14355.0,0.9938007866399678,0.006049634122888993,1.039663373702543E-4,4.5612899772820246E-5
14109.0,0.9930082230107155,0.006379130406108436,4.1635120346538123E-4,1.962953797106902E-4
14901.0,0.981593648418198,0.018068296094870644,2.3688182512376322E-4,1.0117366180758623E-4
15142.0,0.37192709434110444,0.5796995103079892,0.03608816021100163,0.01228523513990461
15485.0,0.7331153196973922,0.25046896045252964,0.0064745815284638665,0.00994113832161432
15726.0,0.3475444236009389,0.5667403760971772,0.054614287809960915,0.031100912491923132
14143.0,0.0886645844197466,0.26965758609649104,0.4302979817915998,0.21137984769216253
14385.0,0.9926616075340832,0.006454459285910131,5.699907414723644E-4,3.1394243853421957E-4
14626.0,0.9928182117949698,0.006585282581569988,4.4838257348500915E-4,1.4812304997522448E-4
15108.0,0.9924455739513972,0.0072163705616713585,2.3688182512376322E-4,1.0117366180758623E-4
14871.0,0.9920190544506174,0.007613892868819296,2.125935741354159E-4,1.5445910642778978E-4
15506.0,0.9908058948172328,0.0087338034585818,3.6100695180234455E-4,9.929477238303736E-5
15745.0,0.9909616514962752,0.008514969610682823,2.5900957471188863E-4,2.6436931833008454E-4
14288.0,0.9821899529963224,0.01695081049625118,6.969442401644104E-4,1.6229226726199145E-4
14558.0,0.9925280502791339,0.0065651854906310534,5.928217917006752E-4,3.139424385342196E-4
14797.0,0.9695168935919203,0.03000483720267151,2.8632878666601274E-4,1.919404187420967E-4
14019.0,0.9928570070374357,0.006772921723891212,2.5400845755945784E-4,1.1606278111369181E-4
15339.0,0.03582356232806006,0.07056145379778385,0.5317374248708939,0.3618775590032622
15096.0,0.9937133054301879,0.0061415330944981725,9.302541833305517E-5,5.213605698090896E-5
14930.0,0.9941975051065098,0.0054374801202741845,2.619983065185327E-4,1.0301646669751443E-4
15169.0,0.9938007866399678,0.006049634122888993,1.039663373702543E-4,4.5612899772820246E-5
14695.0,0.9933944073058492,0.006326156565105747,2.751239255090718E-4,4.3122035360069E-6
14452.0,0.9933140014283617,0.0063570968891148985,3.2458947898736205E-4,4.3122035360069E-6
14202.0,0.9915527165719736,0.007725399009119571,3.9519242371149226E-4,3.266919951954045E-4
15659.0,0.9177380753567287,0.06010389205764306,0.022061657608121624,9.637497750673549E-5
15416.0,0.9899362505209319,0.009404237231307941,4.6321686804945655E-4,1.9629537971069017E-4
15037.0,0.774364895568132,0.18761665851972015,0.021011488205966405,0.01700695770618151
15278.0,0.9928816141944435,0.006827296834168673,1.8356816296785075E-4,1.075208084200082E-4
14728.0,0.9915819684654327,0.008185325176448604,9.302541833305517E-5,1.3968093978575444E-4
14491.0,0.9928042546444352,0.006838001679797914,1.692058018282238E-4,1.8853787393858357E-4
14229.0,0.9929941198765762,0.0066563698827696175,2.483365788465582E-4,1.0117366180758623E-4
15575.0,0.9931417802656648,0.006268404201387514,3.935201532370707E-4,1.962953797106902E-4
15244.0,0.9931417802656648,0.006268404201387514,3.935201532370707E-4,1.962953797106902E-4
15007.0,0.8981926728213464,0.08709442556195247,0.012954288803426101,0.0017586128132750258
14263.0,0.9924400881407318,0.0072418408099356344,2.175432479055631E-4,1.005278014270012E-4
14521.0,0.9934329686743412,0.006223711763610584,2.2434874063668585E-4,1.1897082141156096E-4
14762.0,0.9936086366078309,0.006134342901438903,2.5270828719409466E-4,4.312203536006899E-6
13988.0,0.46741833985239606,0.4546779236592023,0.030017222675121673,0.0478865138132799
15605.0,0.983996808964757,0.014967256088374894,2.387978034747844E-4,7.971371433931796E-4
15203.0,0.9931417802656648,0.006268404201387514,3.935201532370707E-4,1.962953797106902E-4
14960.0,0.9930462851953138,0.006744116016172526,1.3950941016826362E-4,7.008937834536137E-5
14168.0,0.9896289894711746,0.009518725868139533,7.557384861526899E-4,9.654617453317625E-5
14422.0,0.9937464959869243,0.00610834253776179,9.302541833305517E-5,5.213605698090896E-5
14661.0,0.9938007866399678,0.006049634122888993,1.039663373702543E-4,4.5612899772820246E-5
15386.0,0.9934595467474309,0.006197133690520881,2.2434874063668585E-4,1.1897082141156096E-4
15625.0,0.9882112144579113,0.011474471815423179,2.2006941295721563E-4,9.424431370834693E-5
14830.0,0.2246211070988647,0.7402384860249983,0.025505805739802958,0.009634601136334072
14048.0,0.9938007866399678,0.006049634122888993,1.039663373702543E-4,4.5612899772820246E-5
14323.0,0.19719109187258416,0.7626971718173321,0.024092395945828987,0.016019340364254724
14589.0,0.9923249695760965,0.007505759144608555,1.1713522231397922E-4,5.2136056980908954E-5
15067.0,0.8214232947472739,0.036092168398415024,0.07885199716487101,0.06363253968943999
15304.0,0.9924856558089331,0.006825928949806562,4.168329649449079E-4,2.715822763153794E-4
15537.0,0.9829017995148501,0.01440491765522543,0.0010305591705667566,0.0016627236593577208
14593.0,0.13015114182156912,0.594170723872204,0.24779991633899934,0.027878217967227524
14108.0,0.9886920825239066,0.01056301410071571,4.4708803148669205E-4,2.9781534389106124E-4
14354.0,0.9927766639481735,0.006815129078031934,3.3090637797898156E-4,7.730059581547462E-5
14900.0,0.6450661031666113,0.3315648347510757,0.01698826272640192,0.006380799355911028
15143.0,0.9925912249340964,0.007040673168241543,2.3504658652865397E-4,1.3305531113346763E-4
15693.0,0.9930732419012949,0.006336942565757344,3.935201532370707E-4,1.962953797106902E-4
15454.0,0.8626696776793814,0.1368435389120266,2.269338167096109E-4,2.5984959188237616E-4
14384.0,0.9500328413548442,0.04744402148159679,0.0018496014520545734,6.735357115045502E-4
14142.0,0.9920118571073605,0.007584182164592982,3.027530852715253E-4,1.0120764277485345E-4
14627.0,0.9794746683555783,0.020119038406140214,3.0749633958650056E-4,9.879689869499567E-5
15109.0,0.9869561515763443,0.011750095891156907,0.0011905833341744306,1.0316919832427278E-4
14870.0,0.4969336597157827,0.416213160320354,0.05081238441852506,0.03604079554533831
15484.0,0.9930951932175358,0.006586735733131599,2.175432479055631E-4,1.005278014270012E-4
15727.0,0.9930951932175358,0.006586735733131599,2.175432479055631E-4,1.005278014270012E-4
14559.0,0.9633516337820508,0.034671700238653985,0.0017458906090968217,2.3077537019840731E-4
14289.0,0.9931417802656648,0.006268404201387514,3.935201532370707E-4,1.962953797106902E-4
14018.0,0.9873763053918434,0.012178761279780735,3.312192222454345E-4,1.1371410613055285E-4
14796.0,0.9934711184434781,0.0061664007893293005,1.7394289325408835E-4,1.885378739385836E-4
15338.0,0.989104689140642,0.009774193077281957,0.0010510284037306011,7.008937834536139E-5
15097.0,0.7346709769224685,0.25618866369304594,0.0010401493175512435,0.00810021006693418
15507.0,0.9920835114654184,0.007553663551715966,2.553041744456126E-4,1.0752080842000822E-4
15744.0,8.095238095238095E-4,0.07724931489137997,0.637192322663432,0.2847488386356642
15630.0,0.9932652686721052,0.00635613790639404,1.7363518631417787E-4,2.04958235186531E-4
15389.0,0.3641498142812265,0.5945282633675557,0.01738064599919356,0.02394127635202419
14658.0,0.9928816141944435,0.006827296834168673,1.8356816296785075E-4,1.075208084200082E-4
14417.0,0.9923493949797038,0.007243462093918338,2.2533921951958192E-4,1.818037068582764E-4
14175.0,0.9934329686743412,0.006223711763610584,2.2434874063668585E-4,1.1897082141156096E-4
14967.0,0.993936138220821,0.005754323123784104,3.0522645185888236E-4,4.3122035360069E-6
15204.0,0.9932716818599523,0.006398246901374409,2.140084575594578E-4,1.160627811136918E-4
15602.0,0.652295030672953,0.34212414852061956,0.005188626793543747,3.92194012883668E-4
13987.0,0.9931417802656648,0.006268404201387514,3.935201532370707E-4,1.962953797106902E-4
14765.0,0.9919748228911949,0.0076781132204370725,2.4585624559311423E-4,1.0120764277485347E-4
14526.0,0.9830006167852963,0.01685422173938981,9.302541833305517E-5,5.213605698090896E-5
14256.0,0.980406165297211,0.01570810143592708,0.00205316369833792,0.0018325695685239452
15000.0,0.5540089181891789,0.43471856752115423,0.007329732808917679,0.003942781480749138
15243.0,0.39201639538000793,0.3342441361068892,0.2558643480513988,0.017875120461704048
15568.0,0.9938007866399678,0.006049634122888993,1.039663373702543E-4,4.5612899772820246E-5
14226.0,0.9543895243903171,0.03900955575415484,0.004024795006250145,0.0025761248492778555
14492.0,0.9923067624053711,0.007271697613538292,2.5176189789691636E-4,1.697780831936249E-4
14735.0,0.8386846163472786,0.14550099126674065,0.007884007217097318,0.007930385168883492
15273.0,0.993273221931354,0.006463922708087251,2.585431570228155E-4,4.3122035360069E-6
15034.0,0.9273873007623412,0.06006656299383198,0.006992681873994875,0.005553454369832027
15423.0,0.9909954364355572,0.008610811716436816,3.894396444700354E-4,4.3122035360069E-6
15660.0,0.9930951932175358,0.006586735733131599,2.175432479055631E-4,1.005278014270012E-4
14205.0,0.9931417802656648,0.006268404201387514,3.935201532370707E-4,1.962953797106902E-4
14451.0,0.9929941198765762,0.0066563698827696175,2.483365788465582E-4,1.0117366180758623E-4
14688.0,0.9940952817393395,0.005606340319551298,2.9406573757316805E-4,4.3122035360069E-6
15174.0,0.18711619756918504,0.7585527129198505,0.04317777707689273,0.011153312434071664
14933.0,0.00561759691864734,0.1989334333159531,0.2104512983453982,0.5849976714200015
15751.0,0.9932716818599523,0.006398246901374409,2.140084575594578E-4,1.160627811136918E-4
15508.0,0.6512411020795044,0.322364318899932,0.017633363327254598,0.008761215693309118
15102.0,0.7405870840324935,0.23352404441377086,0.022709033534611917,0.0031798380191237338
15341.0,0.9916042661217763,0.007859401777662527,2.8838314347910454E-4,2.47948957082137E-4
14795.0,0.9515515446043012,0.04681153743818602,0.0014395990989331249,1.9731885857963893E-4
14021.0,0.9701965295879611,0.027456481808702613,0.002342676399800191,4.3122035360069E-6
14294.0,0.9863711862939243,0.013183880377699743,3.312192222454345E-4,1.1371410613055285E-4
14552.0,0.9929941198765762,0.0066563698827696175,2.483365788465582E-4,1.0117366180758623E-4
15720.0,0.9926337584247226,0.006987487012570374,2.7822676128004873E-4,1.005278014270012E-4
15483.0,0.9934831731636444,0.006147725170213654,2.9802384568429377E-4,7.107782045766505E-5
14865.0,0.9678260933635765,0.029624222689026775,8.546290307697836E-4,0.0016950549166269953
15106.0,0.9934711184434781,0.0061664007893293005,1.7394289325408835E-4,1.885378739385836E-4
14628.0,0.9922947018841372,0.007342473132997323,2.553041744456126E-4,1.0752080842000822E-4
14137.0,0.187700000380551,0.6561193622551654,0.12203865881984947,0.0341419785444341
14391.0,0.9937231189444262,0.00613171958025988,9.302541833305517E-5,5.213605698090896E-5
15449.0,0.9934808504271825,0.006141886603989079,2.648343160855641E-4,1.1242865274287328E-4
15690.0,0.9931417802656648,0.006268404201387514,3.935201532370707E-4,1.962953797106902E-4
15136.0,0.9931417802656648,0.006268404201387514,3.935201532370707E-4,1.962953797106902E-4
14899.0,0.9919844921764281,0.007609877386156361,2.3003405520033316E-4,1.7559638221519762E-4
14357.0,0.4210038890021019,0.49933046845735474,0.058852011148333994,0.020813631392209448
14107.0,0.08967652526041267,0.1946565710781178,0.3689290887673302,0.34673781489413924
14598.0,0.13462484262028532,0.48804332766541736,0.031286785072165674,0.3460450446421317
15542.0,0.08154643637136456,0.0799602840300703,0.757947911370734,0.08054536822783104
15311.0,0.2779426970155511,0.09317641328614583,0.32886247223059883,0.30001841746770425
15068.0,0.021986590559535304,0.04846915137824189,0.4692468217077323,0.4602974363544905
14586.0,0.9209130268180431,0.0703591087461744,0.0073189508889025525,0.0014089135468799672
14324.0,0.9919754591003812,0.007341697509427563,4.048997907205641E-4,2.779435994705956E-4
14055.0,0.9926381732909039,0.006998419647114782,2.303517508479028E-4,1.3305531113346763E-4
14825.0,0.9759644502047767,0.021294051730046067,0.00236994175556907,3.7155630960831565E-4
14659.0,0.23361615188329743,0.7338434775320696,0.019587660134762458,0.012952710449870416
14174.0,0.9930951932175358,0.006586735733131599,2.175432479055631E-4,1.005278014270012E-4
14416.0,0.9923067624053711,0.007271697613538292,2.5176189789691636E-4,1.697780831936249E-4
14966.0,0.9669790650896072,0.026845086285869492,0.006171536420987269,4.3122035360069E-6
15205.0,0.9934071751703303,0.00623034406247717,1.7394289325408835E-4,1.885378739385836E-4
15631.0,0.8630748416763206,0.10217530349009724,0.03401319863264019,7.366562009419153E-4
15388.0,0.9577227539973903,0.035600464559857034,0.0035100786377503133,0.003166702805002281
14764.0,0.29864125132108454,0.5198335517415282,0.17440489723421057,0.0071202997031766455
13986.0,0.8046177941864934,0.17258024833981836,0.01624792962494276,0.006554027848745714
14257.0,0.8372809694604062,0.09603756451051769,0.04580172373085924,0.020879742298216788
14527.0,0.708347706744358,0.2150692084716561,0.06997319726197397,0.006609887522012106
15001.0,0.994020624747494,0.005702903116435207,2.721599325348329E-4,4.3122035360069E-6
15242.0,0.9876267325337164,0.012100994457238229,1.605751340863265E-4,1.1169787495917418E-4
15603.0,0.9934329686743412,0.006223711763610584,2.2434874063668585E-4,1.1897082141156096E-4
14493.0,0.9930951932175358,0.006586735733131599,2.175432479055631E-4,1.005278014270012E-4
14227.0,0.9902446985645503,0.009220749492397977,5.302397395156713E-4,4.3122035360069E-6
14734.0,0.9929941198765762,0.0066563698827696175,2.483365788465582E-4,1.0117366180758623E-4
15272.0,0.9917074018127237,0.007892592046823778,2.2440975823745347E-4,1.7559638221519762E-4
15035.0,0.13693068469497158,0.7977196710941867,0.019780162746960487,0.04556948146388126
15569.0,0.9930010030381949,0.006409181428857385,3.935201532370707E-4,1.962953797106902E-4
14450.0,0.9940952817393395,0.005606340319551298,2.9406573757316805E-4,4.3122035360069E-6
14204.0,0.9832331855335138,0.016048567055437432,6.341588876635363E-4,8.408852338524916E-5
14689.0,0.972396356115057,0.027293500618063495,1.7890597893728083E-4,1.312372879422199E-4
15175.0,0.9924937720192513,0.007265025145383373,9.302541833305515E-5,1.4817741703223165E-4
14932.0,0.9941503313455361,0.005484653881247912,2.619983065185327E-4,1.0301646669751443E-4
15422.0,0.9482619380406757,0.04590376768020806,0.0027600161981220263,0.0030742780809942583
15661.0,0.32326745577585214,0.5588557662826356,0.10076650739943481,0.017110270542077612
15103.0,0.9941975051065098,0.0054374801202741845,2.619983065185327E-4,1.0301646669751443E-4
15340.0,0.9193981702512898,0.05280318706765884,0.014704872641261071,0.013093770039790304
14020.0,0.8791497155891009,0.10818142539435048,0.011251900789667554,0.001416958226881049
14794.0,0.9739706958869502,0.022390917718971864,0.0025070135960256817,0.0011313727980522212
14553.0,0.9930732419012949,0.006336942565757344,3.935201532370707E-4,1.962953797106902E-4
14295.0,0.9923329219732456,0.007353346103007207,2.1255826193952458E-4,1.0117366180758623E-4
15750.0,0.9934711184434781,0.0061664007893293005,1.7394289325408835E-4,1.885378739385836E-4
15509.0,0.962749080485064,0.02758170104582353,0.006128493879001432,0.0035407245901111005
14864.0,0.7695267173111682,0.21716859206455633,0.012063949883534831,0.0012407407407407413
15107.0,0.9934711184434781,0.0061664007893293005,1.7394289325408835E-4,1.885378739385836E-4
14629.0,0.9932493825942141,0.006347891903143523,2.8375468123074526E-4,1.1897082141156096E-4
14390.0,0.9493308818354308,0.04397566703058856,0.00390425771758497,0.0027891934163957136
14136.0,0.9934595467474309,0.006197133690520881,2.2434874063668585E-4,1.1897082141156096E-4
15721.0,0.9240462302996001,0.07564658706117751,2.1015835500823605E-4,9.702428421422522E-5
15482.0,0.9844608379003728,0.014479716247531487,8.224110297809748E-4,2.3703482231467643E-4
15137.0,0.993226565683568,0.006458283100429332,2.0891161760023256E-4,1.062395984024934E-4
14898.0,0.9916042661217763,0.007859401777662527,2.8838314347910454E-4,2.47948957082137E-4
14106.0,0.9798725102880023,0.018321612293202044,0.0016044990662655934,2.0137835253003047E-4
14356.0,0.9824486695082523,0.01719549851587516,2.5530417444561267E-4,1.0052780142700124E-4
14599.0,0.9477791130096143,0.03651460275460836,0.015570675848806802,1.3560838697054923E-4
15448.0,0.9934808504271825,0.006141886603989079,2.648343160855641E-4,1.1242865274287328E-4
15691.0,0.9931515662926459,0.006476742589594874,2.5290114186122034E-4,1.1878997589808957E-4
15310.0,0.9860181801265668,0.011079129375930148,0.0027838108945075182,1.188796029955971E-4
15069.0,0.9931490002381854,0.006238353178638564,4.1635120346538123E-4,1.962953797106902E-4
14325.0,0.9930804618738155,0.0063068915430083946,4.1635120346538123E-4,1.962953797106902E-4
14587.0,0.9926049670805355,0.007052693984983294,2.262761533674276E-4,1.160627811136918E-4
14824.0,0.9934595467474309,0.006197133690520881,2.2434874063668585E-4,1.1897082141156096E-4
14054.0,0.9925567870494352,0.007058767525955642,3.0714482879370367E-4,7.730059581547463E-5
15543.0,0.9518308818354307,0.04147566703058856,0.00390425771758497,0.0027891934163957136
15600.0,0.9935088761646231,0.0062032020551950305,2.8360957664575435E-4,4.3122035360069E-6
14524.0,0.9941975051065098,0.0054374801202741845,2.619983065185327E-4,1.0301646669751443E-4
14258.0,0.9921785030839994,0.00740600654168581,2.517618978969164E-4,1.637284764180654E-4
13985.0,0.9923787394383222,0.007258435578812225,2.553041744456126E-4,1.0752080842000822E-4
14767.0,0.9912491006520383,0.008356354328385013,3.902328160405946E-4,4.3122035360069E-6
15241.0,0.7210255706922443,0.26748992287639267,0.01121743942757049,2.670670037926675E-4
15002.0,0.4933431566466666,0.14476056217394767,0.21661192996165757,0.1452843512177281
15391.0,0.9931526339817622,0.006517294779564513,2.140084575594578E-4,1.160627811136918E-4
15628.0,0.9933794960908026,0.006443376462687909,1.039663373702543E-4,7.316110913921143E-5
14419.0,0.989033397120667,0.010492986100785761,2.934484934797084E-4,1.8016828506753173E-4
14173.0,0.9929335374872548,0.006642414545789787,2.1908973176872328E-4,2.0495823518653096E-4
14656.0,0.467226867134264,0.4846017000966647,0.02319243638032478,0.024978996388746504
15206.0,0.9934808504271825,0.006141886603989079,2.648343160855641E-4,1.1242865274287328E-4
14965.0,0.9929513487788342,0.006633703512533412,2.668246586573818E-4,1.4812304997522454E-4
15662.0,0.9589987532840304,0.03383314680130962,0.005125613457210213,0.002042486457449622
15421.0,0.262673687386041,0.19231604135847344,0.4352366124592036,0.10977365879628202
14690.0,0.9929100526581367,0.00676513649245888,2.0874806829065192E-4,1.160627811136918E-4
14207.0,0.9930732419012949,0.006336942565757344,3.935201532370707E-4,1.962953797106902E-4
14449.0,0.9930951932175358,0.006586735733131599,2.175432479055631E-4,1.005278014270012E-4
14935.0,0.9884005722612167,0.010719690949880309,5.657943503687139E-4,3.139424385342196E-4
15172.0,0.9920876816587044,0.007621229369907845,1.8356816296785078E-4,1.0752080842000821E-4
15570.0,0.9925567870494352,0.007058767525955642,3.0714482879370367E-4,7.730059581547463E-5
14733.0,0.9893000340630621,0.009854508542700287,7.442837324298949E-4,1.0117366180758625E-4
14224.0,0.7097960286582408,0.03481180987957494,0.23759996899800698,0.017792192464177434
14494.0,0.9929941198765762,0.0066563698827696175,2.483365788465582E-4,1.0117366180758623E-4
15032.0,0.9934595467474309,0.006197133690520881,2.2434874063668585E-4,1.1897082141156096E-4
15275.0,0.9396120990750882,0.047119473179723814,0.012520913398147274,7.475143470406556E-4
15481.0,0.9931266885502751,0.006699619303940207,1.2155608880381124E-4,5.213605698090896E-5
15722.0,0.9934329686743412,0.006223711763610584,2.2434874063668585E-4,1.1897082141156096E-4
15104.0,0.5880927160225683,0.4117223623080452,1.311249573454678E-4,5.379671204117144E-5
14867.0,0.9937019067608902,0.006010460388753116,2.833206468205472E-4,4.3122035360069E-6
14139.0,0.7074680122602615,0.2526225945114425,0.03567047311985247,0.004238920108443559
14389.0,0.8184083649842047,0.0901187161749619,0.0871490240511377,0.0043238947896956405
14630.0,0.9931417802656648,0.006268404201387514,3.935201532370707E-4,1.962953797106902E-4
15510.0,0.993006675537589,0.006643832301147988,2.0741871806332244E-4,1.4207344319966492E-4
15749.0,0.9927970411052779,0.006809950181620731,2.980238456842937E-4,9.498486741704388E-5
15343.0,0.7111285151982436,0.27068952966169385,0.0076711606172812485,0.010510794522781235
15100.0,0.9935639213706773,0.006077808388445785,1.7394289325408833E-4,1.843273476227941E-4
14292.0,0.9928816141944435,0.006827296834168673,1.8356816296785075E-4,1.075208084200082E-4
14554.0,0.9921613139861397,0.006853981698160691,8.816878490021928E-4,1.0301646669751443E-4
14793.0,0.9932708775027997,0.006555430351415686,1.2155608880381126E-4,5.213605698090897E-5
14023.0,0.07477422650154679,0.1375126094018909,0.7197902211234253,0.06792294297313699
15540.0,0.9930343535893499,0.006632231505284852,1.4487703142678288E-4,1.885378739385836E-4
15070.0,0.99363943052173,0.006072647698088174,2.836095766457543E-4,4.312203536006899E-6
15309.0,0.9938007866399678,0.006049634122888993,1.039663373702543E-4,4.5612899772820246E-5
14053.0,0.9921975609368101,0.007449113398709103,2.4302657212789663E-4,1.102990923528849E-4
14827.0,0.9856938607311586,0.011940208853441055,0.0023616182118642876,4.3122035360069E-6
14584.0,0.9934711184434781,0.0061664007893293005,1.7394289325408835E-4,1.885378739385836E-4
14326.0,0.9937019067608902,0.006010460388753116,2.833206468205472E-4,4.3122035360069E-6
15688.0,0.4121695644757052,0.37397333896423207,0.11243108037122722,0.10142601618883544
15451.0,0.9934711184434781,0.0061664007893293005,1.7394289325408835E-4,1.885378739385836E-4
14897.0,0.9380282492184294,0.05847259631683973,0.0033642347712862374,1.3491969344474406E-4
15138.0,0.970576775747148,0.02177447086506155,0.003778639052566951,0.003870114335223642
14596.0,0.9940784572283198,0.005556527998464289,2.619983065185327E-4,1.0301646669751443E-4
14359.0,0.9934329686743412,0.006223711763610584,2.2434874063668585E-4,1.1897082141156096E-4
14105.0,0.992986079662023,0.006683849099303868,2.140084575594578E-4,1.160627811136918E-4
14259.0,0.9784747664930353,0.019432694485491286,0.0019323162262846743,1.6022279518859668E-4
14525.0,0.9929320067514006,0.006721074858005513,2.6961779477839223E-4,7.730059581547463E-5
14766.0,0.9934595467474309,0.006197133690520881,2.2434874063668585E-4,1.1897082141156096E-4
13984.0,0.991458988443394,0.00786796471115507,3.8704523538799765E-4,2.8600161006289487E-4
15240.0,0.9934329686743412,0.006223711763610584,2.2434874063668585E-4,1.1897082141156096E-4
15003.0,0.7940102621619685,0.1677250551873187,0.03776468265071288,5.000000000000001E-4
15601.0,0.3173545396780166,0.6378928959504955,0.029170934919149634,0.015581629452338167
14172.0,0.9931598791070115,0.006666428747203825,1.2155608880381124E-4,5.213605698090896E-5
14418.0,0.9934808504271825,0.006141886603989079,2.648343160855641E-4,1.1242865274287328E-4
14657.0,0.9920935671629901,0.007597766769392336,2.0749240580983857E-4,1.0117366180758619E-4
15207.0,0.9934808504271825,0.006141886603989079,2.648343160855641E-4,1.1242865274287328E-4
14964.0,0.6559420762554615,0.23520754300156518,0.10026087885830329,0.008589501884669951
15390.0,0.9929335374872548,0.006642414545789787,2.1908973176872328E-4,2.0495823518653096E-4
15629.0,0.9848660311819636,0.012228172226621137,0.0029014843878792497,4.3122035360069E-6
14691.0,0.9725591601978648,0.022256997765718083,0.0032361372551028295,0.0019477047813141585
14448.0,0.5084151362593652,0.4842766565717914,0.007193264640107762,1.1494252873563217E-4
14206.0,0.992828503817977,0.006821968622349592,1.445693244868724E-4,2.04958235186531E-4
14934.0,0.8840747231439383,0.0966794569068476,0.014878834807029076,0.004366985142185054
15173.0,0.9934595467474309,0.006197133690520881,2.2434874063668585E-4,1.1897082141156096E-4
15663.0,0.9866531143238079,0.013049916165172735,1.3511959454052E-4,1.6184991647887588E-4
15420.0,0.902656251680234,0.08806103851514827,0.008063676341612145,0.0012190334630055037
14732.0,0.9583107959519408,0.035213287310546876,0.0037357488024498814,0.0027401679350625573
14495.0,0.9534890941657329,0.03955879862056423,0.003735748802449881,0.0032163584112530333
14225.0,0.9929706537186307,0.006657655163610085,2.5290114186122034E-4,1.1878997589808957E-4
15033.0,0.9910620079955491,0.008495902533304999,3.264390546756184E-4,1.1565041647021458E-4
15274.0,0.9670037001926554,0.027426727798344888,0.003924185045313413,0.0016453869636863243
15571.0,0.18494342066205105,0.8028644675914638,0.007600075548866824,0.004592036197618213
15105.0,0.8660562995853608,0.11890427421441639,0.007833789299589826,0.007205636900632858
14866.0,0.9932999378531673,0.00632279917800429,2.648343160855641E-4,1.1242865274287328E-4
14388.0,0.8435312243734145,0.12954559695458326,0.015899548835122766,0.011023629836879347
14138.0,0.9923925671213137,0.007265460086509735,2.6467219636098376E-4,7.730059581547463E-5
14631.0,0.9934831731636444,0.006147725170213654,2.9802384568429377E-4,7.107782045766505E-5
15480.0,0.09498945872877661,0.21749104540161832,0.6192246175777869,0.06829487829181817
15723.0,0.968308906985759,0.026671018410259473,0.00238122586003894,0.0026388487439424624
15342.0,0.9940952817393395,0.005606340319551298,2.9406573757316805E-4,4.3122035360069E-6
15101.0,0.03165887424492576,0.02035823064231413,0.3518861013466024,0.5960967937661577
14555.0,0.9940952817393395,0.005606340319551298,2.9406573757316805E-4,4.3122035360069E-6
14293.0,0.9940952817393395,0.005606340319551298,2.9406573757316805E-4,4.3122035360069E-6
14022.0,0.9932013253989573,0.00642008117954191,1.7363518631417787E-4,2.04958235186531E-4
14792.0,0.9928207429822982,0.006834812633177323,2.4327072271687224E-4,1.0117366180758622E-4
15511.0,0.9666831134685723,0.024517233279706587,0.006128493879001431,0.002671159372719796
15748.0,0.21523895667842502,0.7512917231932285,0.0271387456569152,0.006330574471431317
15071.0,0.9934808504271825,0.006141886603989079,2.648343160855641E-4,1.1242865274287328E-4
15308.0,0.9941975051065098,0.0054374801202741845,2.619983065185327E-4,1.0301646669751443E-4
14826.0,0.985099160293923,0.014612366672304073,1.3511959454052E-4,1.5335343923239864E-4
14052.0,0.980706975732282,0.015446824862573769,0.003584309265154258,2.618901399899518E-4
14327.0,0.992847897300897,0.006805184308509111,2.6961779477839223E-4,7.730059581547463E-5
