15572.0,0.998041741377872,0.0013123408567139738,2.7682189946310384E-4,3.6909586595080515E-4
15277.0,0.9864738202715455,0.01100968117432341,0.0012582492770655325,0.0012582492770655325
15038.0,0.03988450732293927,0.5070273768292478,0.3974568723401121,0.05563124350770081
14230.0,0.9995156444191273,4.254798119009263E-4,1.2923949286490637E-5,4.5951819685300044E-5
14488.0,0.9210526315789475,0.026315789473684213,0.026315789473684213,0.026315789473684213
14731.0,0.9545454545454547,0.027272727272727275,0.009090909090909092,0.009090909090909092
15419.0,0.9879722191300803,1.3797359605784285E-6,0.011799927169852668,2.264739641064384E-4
15656.0,0.998246693958546,0.0017504752954946412,7.431090401020101E-7,2.0876369192440555E-6
15170.0,0.9987062766966697,0.0012902970513668651,2.8277433649714153E-6,5.985085984906865E-7
14929.0,0.9990325206238242,8.511975017216346E-4,2.5525289514351383E-5,9.075658493991604E-5
14201.0,0.9854816355380495,0.01451301358100569,2.8929935904266434E-7,5.061581585810458E-6
14455.0,0.043043444491532,0.18519837992170968,0.001615951763013505,0.7701422238237448
14692.0,0.21304624960147134,0.7861593152395893,7.219800720310508E-4,7.245508690834174E-5
15626.0,0.99981219573822,1.794099085334203E-4,3.672784599847844E-8,8.357625400542651E-6
15385.0,0.9964230102315442,0.0033510874586837065,2.7850969697929633E-5,1.980513400741663E-4
14963.0,0.9721526255350246,0.022784215471343565,0.0025315794968159516,0.0025315794968159516
15200.0,0.998477071328445,0.0010110729769660265,2.559278472945255E-4,2.559278472945255E-4
14662.0,0.9995520799062165,4.478351857932987E-4,2.1226997526664832E-8,6.368099257999449E-8
14421.0,0.11965512256122539,0.8197488526825876,0.06054916759324013,4.685716294698397E-5
14171.0,0.010528536113215399,0.36335423139880146,0.4905174075741839,0.1355998249137992
15606.0,0.998246693958546,0.0017504752954946412,7.431090401020101E-7,2.0876369192440555E-6
15004.0,0.9999992082656486,6.410752809993281E-7,1.4955004155152322E-7,1.1090289336248823E-9
15247.0,0.9993551717226257,6.441927508406655E-4,1.4125323025829014E-7,4.94273303319809E-7
13991.0,0.9416342412451362,0.029182879377431907,0.01823929961089494,0.010943579766536966
14761.0,0.04765864319704343,0.9287566736556186,0.021665678199347983,0.0019190049479899487
14522.0,0.9404622013317665,0.009400705052878964,0.025068546807677238,0.025068546807677238
14260.0,0.8347245409015025,0.060100166944908176,0.04507512520868113,0.060100166944908176
15453.0,0.9919241110196688,0.00453383241001058,0.0017710282851603827,0.0017710282851603827
15694.0,0.9983470064803368,1.914664308490399E-5,8.169234382892369E-4,8.169234382892369E-4
14353.0,0.9999656401461905,3.385880419886137E-5,1.1136415598120577E-7,3.8968545460943535E-7
14111.0,0.9129071471692433,3.3060631313342205E-5,0.08616715515398332,8.926370454602396E-4
14594.0,0.9999656401461905,3.385880419886137E-5,1.1136415598120577E-7,3.8968545460943535E-7
15140.0,0.9838988388282652,0.016083502597394297,1.589271690636981E-5,1.76585743404109E-6
14903.0,0.9953937642826388,0.0035661179747313214,5.200588713149845E-4,5.200588713149845E-4
15538.0,0.99596565119294,0.00396021093979364,7.262049965488106E-5,1.5173676115408956E-6
14590.0,0.9959057713376817,3.509338853415644E-4,0.0018716473884883432,0.0018716473884883432
14320.0,0.9985291613561113,0.001420071911940744,5.0097350032901656E-5,6.693819151182379E-7
14051.0,0.016977690622837896,0.005659230207612633,0.31684445347965007,0.6605186256898994
14829.0,0.5293488159594056,0.4706304128545261,6.451248237433719E-6,1.4319937830901662E-5
15307.0,0.9993839514738356,5.213967016457842E-4,4.609297266139964E-5,4.855885185727699E-5
15064.0,0.024677393531725766,0.9426146272844116,0.03246032654602972,2.4765263783286834E-4
15747.0,0.10222140423653805,0.7860416621729149,0.08355368163476463,0.028183251955782272
15504.0,0.9953937642826388,0.0035661179747313214,5.200588713149845E-4,5.200588713149845E-4
14799.0,0.9996787785728478,3.2119519893471254E-4,3.4244303741495314E-9,2.2803786922751987E-8
14017.0,0.9989116433468436,7.591437756531411E-4,7.497716302747073E-5,2.542357144757443E-4
14290.0,0.8125,0.0625,0.0625,0.0625
14556.0,0.9999956625846574,4.336765442537677E-6,5.232415196041253E-10,1.2665832375288656E-10
15098.0,0.9995520799062165,4.478351857932987E-4,2.1226997526664832E-8,6.368099257999449E-8
15337.0,0.9999656401461905,3.385880419886137E-5,1.1136415598120577E-7,3.8968545460943535E-7
15724.0,0.9574049392080978,0.042412667867327974,4.383924893328788E-5,1.3855367564100864E-4
15487.0,0.9947368421052633,0.0026315789473684214,0.0013157894736842107,0.0013157894736842107
14624.0,0.999493110293828,4.51697058589175E-4,1.211545922548346E-5,4.307718835727452E-5
14141.0,0.263373002744846,0.7319179309595368,0.003531799721712952,0.0011772665739043172
14387.0,0.997786885622849,0.0014831342422792536,3.128486292307801E-4,4.1713150564104016E-4
14869.0,0.9994291419780165,4.981546094296701E-4,7.249103647040753E-5,2.1237608340939707E-7
15110.0,0.9999656401461905,3.385880419886137E-5,1.1136415598120577E-7,3.8968545460943535E-7
15276.0,0.9970571170976951,0.002911487604109558,1.569764909774446E-5,1.569764909774446E-5
15039.0,0.9864738202715455,0.01100968117432341,0.0012582492770655325,0.0012582492770655325
14489.0,0.9632226403893683,0.032886175701944416,0.003811953420427397,7.92304882598904E-5
14231.0,0.8309443169708718,0.12842212123280963,0.020316780898159338,0.020316780898159338
14730.0,0.9666666666666668,0.011111111111111113,0.011111111111111113,0.011111111111111113
15573.0,0.9990755825407623,9.186880571345818E-4,5.711214074650419E-6,1.8188028362178056E-8
15171.0,0.9774964262650759,0.01894453561160186,5.619533878929754E-4,0.0029970847354292016
14928.0,0.998477071328445,0.0010110729769660265,2.559278472945255E-4,2.559278472945255E-4
14454.0,0.998477071328445,0.0010110729769660265,2.559278472945255E-4,2.559278472945255E-4
14200.0,0.9903500682442951,0.008693007373070273,1.4951943478666265E-4,8.074049478479782E-4
14693.0,0.9812618776969526,0.018676669467421716,3.0726417812841796E-5,3.0726417812841796E-5
15418.0,0.9999656401461905,3.385880419886137E-5,1.1136415598120577E-7,3.8968545460943535E-7
15657.0,0.9903500682442951,0.008693007373070273,1.4951943478666265E-4,8.074049478479782E-4
14962.0,0.9985291613561113,0.001420071911940744,5.0097350032901656E-5,6.693819151182379E-7
15201.0,0.998477071328445,0.0010110729769660265,2.559278472945255E-4,2.559278472945255E-4
14663.0,0.02921828957501089,0.08765486872503267,0.19938044831194432,0.6837463933880121
14170.0,0.9995156444191273,4.254798119009263E-4,1.2923949286490637E-5,4.5951819685300044E-5
14420.0,0.7727272727272727,0.09090909090909091,0.045454545454545456,0.09090909090909091
15627.0,4.3788080301947344E-5,0.31286843508080237,0.5650392901635655,0.12204848667533014
15384.0,0.9990083251765141,2.155814833665258E-4,3.880466700597465E-4,3.880466700597465E-4
15005.0,0.1017646001549323,0.8822258282464663,0.008004785799300604,0.008004785799300604
15246.0,0.18849589593717186,0.8114592207080421,4.448425959008751E-5,3.990951958162991E-7
14760.0,0.9974513229819622,5.569077854144019E-4,0.001860506811166741,1.3126242145681638E-4
13990.0,0.9919241110196688,0.00453383241001058,0.0017710282851603827,0.0017710282851603827
14261.0,0.10670731707317073,0.17073170731707318,0.6585365853658537,0.06402439024390244
14523.0,0.953125,0.015625,0.015625,0.015625
15607.0,0.6990938062760871,0.03430004477349851,1.289158062123722E-4,0.2664772331442021
14110.0,0.018527593456789563,0.7957540797049479,0.18506696613079715,6.51360707465258E-4
14352.0,0.18168844820378452,0.8181037229862028,2.0722171514406284E-4,6.070948685861215E-7
14595.0,0.9992861853426203,6.280213498067709E-4,4.177910569182843E-5,4.4014201881103207E-5
15141.0,0.9995156444191273,4.254798119009263E-4,1.2923949286490637E-5,4.5951819685300044E-5
14902.0,0.9985434021505271,0.0014477127027393778,3.6949640437722055E-6,5.190182689743126E-6
15452.0,0.9985291613561113,0.001420071911940744,5.0097350032901656E-5,6.693819151182379E-7
15695.0,0.9993551717226257,6.441927508406655E-4,1.4125323025829014E-7,4.94273303319809E-7
14321.0,0.9962111450366016,0.0019168910486758576,9.359819573612585E-4,9.359819573612585E-4
14591.0,0.99596565119294,0.00396021093979364,7.262049965488106E-5,1.5173676115408956E-6
14828.0,0.75,0.08333333333333333,0.08333333333333333,0.08333333333333333
14050.0,0.9980815867085852,1.6443542497842508E-4,8.769889332182673E-4,8.769889332182673E-4
15306.0,0.9925983694161103,3.238438271998433E-5,0.003684623100584884,0.003684623100584884
15065.0,0.9634966271149263,0.020493121619690524,0.008005125632691611,0.008005125632691611
15539.0,0.953125,0.015625,0.015625,0.015625
14016.0,0.9416342412451362,0.029182879377431907,0.01823929961089494,0.010943579766536966
14798.0,0.999493110293828,4.51697058589175E-4,1.211545922548346E-5,4.307718835727452E-5
14557.0,0.9899847619849166,0.008864799753602846,9.86089938411938E-5,0.0010518292676394007
14291.0,0.18849589593717186,0.8114592207080421,4.448425959008751E-5,3.990951958162991E-7
15099.0,0.9953937642826388,0.0035661179747313214,5.200588713149845E-4,5.200588713149845E-4
15336.0,0.997786885622849,0.0014831342422792536,3.128486292307801E-4,4.1713150564104016E-4
15746.0,0.90625,0.03125,0.03125,0.03125
15505.0,0.9985291613561113,0.001420071911940744,5.0097350032901656E-5,6.693819151182379E-7
14625.0,0.9987062766966697,0.0012902970513668651,2.8277433649714153E-6,5.985085984906865E-7
14386.0,0.9721526255350246,0.022784215471343565,0.0025315794968159516,0.0025315794968159516
14140.0,0.8309443169708718,0.12842212123280963,0.020316780898159338,0.020316780898159338
14868.0,0.9934957747710381,0.006376901035149271,2.915821232349918E-6,1.2440837258026317E-4
15111.0,0.5970149253731344,0.14507462686567163,0.12895522388059702,0.12895522388059702
15725.0,0.9838988388282652,0.016083502597394297,1.589271690636981E-5,1.76585743404109E-6
15486.0,1.1191040047762027E-5,0.19556694862837828,0.17724543268655915,0.6271764276450148
15658.0,0.11374868303157118,0.07279915714020554,0.15506056385611025,0.6583915959721129
15417.0,0.9968454923262805,2.7038637203308843E-4,0.0014420606508431383,0.0014420606508431383
14931.0,0.997786885622849,0.0014831342422792536,3.128486292307801E-4,4.1713150564104016E-4
15168.0,0.957243185430972,0.0261052913072206,0.002900587923024511,0.013750935338782865
14694.0,0.9600207684319835,0.017133956386292837,0.01142263759086189,0.01142263759086189
14203.0,0.9832071995148267,0.01564954363856216,3.6919550574229616E-5,0.001106337296036905
14453.0,0.9941805072845692,0.005113219895806895,3.5313640981202225E-4,3.5313640981202225E-4
15574.0,0.9471790372323379,0.04954960724936345,0.0016356777591493739,0.0016356777591493739
15036.0,0.13506020562301738,0.8638577915537449,4.499601016202528E-4,6.320427216174744E-4
15279.0,0.9201767059292827,0.07977857877946765,2.3091462092700008E-5,2.1623829156767086E-5
14729.0,0.998041741377872,0.0013123408567139738,2.7682189946310384E-4,3.6909586595080515E-4
13959.0,0.9982274529258983,0.0017167491202818767,5.323479693057682E-6,5.0474474126769134E-5
14228.0,0.08044994704867243,0.9192430175597653,3.0613850142126233E-4,8.968901408826045E-7
14490.0,0.03080585079108973,0.9687261676796813,2.3399076461452952E-4,2.3399076461452952E-4
15604.0,0.9984404716136674,8.160611637335064E-4,8.755386440278956E-5,6.559133581962981E-4
15245.0,0.8786778619447092,0.1192934869941782,0.001825785955001278,2.0286510611125313E-4
15006.0,0.2,0.6,0.1,0.1
14520.0,0.9972556603195926,0.0021157531867536028,3.1429324682690234E-4,3.1429324682690234E-4
14262.0,0.13430438412159246,0.4636028670946198,0.34543308673249096,0.056659662051296814
13989.0,0.30769230769230776,0.576923076923077,0.07692307692307694,0.03846153846153847
14763.0,0.9987575282006146,4.918968190878454E-4,3.752874901488077E-4,3.752874901488077E-4
15387.0,0.9999816449813969,1.833929576026192E-5,7.495119053022298E-10,1.4973330963538157E-8
15624.0,0.998477071328445,0.0010110729769660265,2.559278472945255E-4,2.559278472945255E-4
15202.0,0.9634146341463414,0.012195121951219513,0.012195121951219513,0.012195121951219513
14961.0,0.9999656401461905,3.385880419886137E-5,1.1136415598120577E-7,3.8968545460943535E-7
14423.0,0.998041741377872,0.0013123408567139738,2.7682189946310384E-4,3.6909586595080515E-4
14169.0,0.9995520799062165,4.478351857932987E-4,2.1226997526664832E-8,6.368099257999449E-8
14660.0,0.9999816449813969,1.833929576026192E-5,7.495119053022298E-10,1.4973330963538157E-8
15536.0,0.9181046181865012,0.004879184363936522,0.03850809872478112,0.03850809872478112
14049.0,0.925,0.025,0.025,0.025
14831.0,0.9481932956029603,0.022202873313016975,0.014801915542011315,0.014801915542011315
14588.0,0.04765864319704343,0.9287566736556186,0.021665678199347983,0.0019190049479899487
14322.0,0.99596565119294,0.00396021093979364,7.262049965488106E-5,1.5173676115408956E-6
15066.0,0.9166666666666666,0.027777777777777776,0.027777777777777776,0.027777777777777776
15305.0,0.9947368421052633,0.0026315789473684214,0.0013157894736842107,0.0013157894736842107
15692.0,0.6531609229756765,0.3463851828611883,4.524030885026186E-4,1.4910746325159548E-6
15455.0,0.9959057713376817,3.509338853415644E-4,0.0018716473884883432,0.0018716473884883432
14592.0,0.998477071328445,0.0010110729769660265,2.559278472945255E-4,2.559278472945255E-4
14355.0,0.998041741377872,0.0013123408567139738,2.7682189946310384E-4,3.6909586595080515E-4
14109.0,0.9992861853426203,6.280213498067709E-4,4.177910569182843E-5,4.4014201881103207E-5
14901.0,0.9854816355380495,0.01451301358100569,2.8929935904266434E-7,5.061581585810458E-6
15142.0,0.7812954366118643,0.21844944376170122,1.9442907062805278E-4,6.0690555806470364E-5
15485.0,0.3201581027667984,0.3952569169960475,0.1422924901185771,0.1422924901185771
15726.0,0.9480235750389617,0.017895059828814043,0.013208567347895502,0.020872797784328698
14143.0,0.009157826194968986,0.9707080101157523,0.019623913274933548,5.102504143451366E-4
14385.0,0.9937549121681777,0.005712872989195198,2.3830515341510582E-5,5.083843272855591E-4
14626.0,0.999954290820146,1.5692462748295524E-9,2.2853805303828792E-5,2.2853805303828792E-5
15108.0,0.9230769230769231,0.038461538461538464,0.019230769230769232,0.019230769230769232
14871.0,0.9996538224065599,1.1778254882831035E-4,9.255392996024973E-6,2.1913965161588688E-4
15506.0,0.999493110293828,4.51697058589175E-4,1.211545922548346E-5,4.307718835727452E-5
15745.0,0.9210526315789475,0.026315789473684213,0.026315789473684213,0.026315789473684213
14288.0,0.9986365818159724,7.888348064730499E-4,2.6294493549101666E-4,3.1163844206342714E-4
14558.0,0.85,0.05,0.05,0.05
14797.0,0.9972556603195926,0.0021157531867536028,3.1429324682690234E-4,3.1429324682690234E-4
14019.0,0.9375000000000001,0.037500000000000006,0.012500000000000002,0.012500000000000002
15339.0,0.005140678530482402,6.853026940327678E-5,0.33681849419150156,0.6579722970086127
15096.0,0.9990755825407623,9.186880571345818E-4,5.711214074650419E-6,1.8188028362178056E-8
14930.0,0.9953937642826388,0.0035661179747313214,5.200588713149845E-4,5.200588713149845E-4
15169.0,0.998041741377872,0.0013123408567139738,2.7682189946310384E-4,3.6909586595080515E-4
14695.0,0.9721526255350246,0.022784215471343565,0.0025315794968159516,0.0025315794968159516
14452.0,0.9721526255350246,0.022784215471343565,0.0025315794968159516,0.0025315794968159516
14202.0,0.9985291613561113,0.001420071911940744,5.0097350032901656E-5,6.693819151182379E-7
15659.0,0.997786885622849,0.0014831342422792536,3.128486292307801E-4,4.1713150564104016E-4
15416.0,0.9997998378683386,2.0011802971024593E-4,3.5506966490140165E-8,8.594984703418804E-9
15037.0,0.6711409395973154,0.198939431601624,0.06495981440053028,0.06495981440053028
15278.0,0.9941805072845692,0.005113219895806895,3.5313640981202225E-4,3.5313640981202225E-4
14728.0,0.9666666666666668,0.011111111111111113,0.011111111111111113,0.011111111111111113
14491.0,0.960948218891592,0.007302926779913675,0.009737235706551566,0.022011618621942737
14229.0,0.9999656401461905,3.385880419886137E-5,1.1136415598120577E-7,3.8968545460943535E-7
15575.0,0.9375,0.03125,0.015625,0.015625
15244.0,0.9993790529935952,6.209388669351812E-4,7.46210280180489E-9,6.773669976988342E-10
15007.0,0.9999816449813969,1.833929576026192E-5,7.495119053022298E-10,1.4973330963538157E-8
14263.0,0.9635702524698135,0.014818880351262352,0.012349066959385292,0.00926180021953897
14521.0,0.9999992082656486,6.410752809993281E-7,1.4955004155152322E-7,1.1090289336248823E-9
14762.0,0.999553218869281,4.42848930854388E-4,3.916084291383188E-6,1.611557321556867E-8
13988.0,0.9456222334393388,0.04702224470300772,0.002647987868755248,0.004707533988898219
15605.0,0.9682539682539683,0.015873015873015872,0.007936507936507936,0.007936507936507936
15203.0,0.9999956625846574,4.336765442537677E-6,5.232415196041253E-10,1.2665832375288656E-10
14960.0,0.9990176845818847,9.673176074878364E-4,1.3498029564791096E-5,1.4997810627545663E-6
14168.0,0.9999656401461905,3.385880419886137E-5,1.1136415598120577E-7,3.8968545460943535E-7
14422.0,0.9990176845818847,9.673176074878364E-4,1.3498029564791096E-5,1.4997810627545663E-6
14661.0,0.998041741377872,0.0013123408567139738,2.7682189946310384E-4,3.6909586595080515E-4
15386.0,0.9947368421052633,0.0026315789473684214,0.0013157894736842107,0.0013157894736842107
15625.0,0.9941805072845692,0.005113219895806895,3.5313640981202225E-4,3.5313640981202225E-4
14830.0,0.15125524465214943,0.8389985554787077,0.007524599492098256,0.0022216003770445495
14048.0,0.9993839514738356,5.213967016457842E-4,4.609297266139964E-5,4.855885185727699E-5
14323.0,0.001910621162909835,0.9968706698648638,2.1229124032331502E-4,0.001006417731903123
14589.0,0.9832071995148267,0.01564954363856216,3.6919550574229616E-5,0.001106337296036905
15067.0,0.998246693958546,0.0017504752954946412,7.431090401020101E-7,2.0876369192440555E-6
15304.0,0.9904821530788384,0.0017083314986700402,0.0039047577112458058,0.0039047577112458058
15537.0,0.9908061062917908,0.005345287039656433,0.0019243033342763163,0.0019243033342763163
14593.0,0.9802002934244103,0.009563631855379217,6.724428648313512E-4,0.009563631855379217
14108.0,0.9937549121681777,0.005712872989195198,2.3830515341510582E-5,5.083843272855591E-4
14354.0,0.998477071328445,0.0010110729769660265,2.559278472945255E-4,2.559278472945255E-4
14900.0,0.9992861853426203,6.280213498067709E-4,4.177910569182843E-5,4.4014201881103207E-5
15143.0,0.9583333333333334,0.020833333333333332,0.010416666666666666,0.010416666666666666
15693.0,0.9998060142602764,1.9396378141750504E-4,2.013093494596142E-8,1.827371094635446E-9
15454.0,0.9986365818159724,7.888348064730499E-4,2.6294493549101666E-4,3.1163844206342714E-4
14384.0,0.9997436607523735,2.55771145961294E-4,4.260762489980481E-7,1.4202541633268268E-7
14142.0,0.9952730903544069,0.0040489217882774126,5.81132449127669E-5,6.198746124028469E-4
14627.0,0.2577466978409714,0.7106997217245952,0.01577679021721676,0.01577679021721676
15109.0,0.7395777046439835,0.25409071290771607,0.0028390359323152902,0.0034925465159851166
14870.0,0.7780008604617812,0.12906926717338302,0.046464936182417885,0.046464936182417885
15484.0,0.997786885622849,0.0014831342422792536,3.128486292307801E-4,4.1713150564104016E-4
15727.0,0.997786885622849,0.0014831342422792536,3.128486292307801E-4,4.1713150564104016E-4
14559.0,0.39044356376262795,0.039981420929293084,0.5677301694693008,0.0018448458387784166
14289.0,0.9347826086956522,0.021739130434782608,0.021739130434782608,0.021739130434782608
14018.0,0.9718107809741958,0.009298014652490394,0.009445602186656908,0.009445602186656908
14796.0,0.9995156444191273,4.254798119009263E-4,1.2923949286490637E-5,4.5951819685300044E-5
15338.0,0.9934260004945856,0.006117415404183106,3.8968542972254496E-5,4.176155582588999E-4
15097.0,0.9995156444191273,4.254798119009263E-4,1.2923949286490637E-5,4.5951819685300044E-5
15507.0,0.9987062766966697,0.0012902970513668651,2.8277433649714153E-6,5.985085984906865E-7
15744.0,0.0280811232449298,0.0280811232449298,0.9017160686427458,0.0421216848673947
15630.0,0.9995156444191273,4.254798119009263E-4,1.2923949286490637E-5,4.5951819685300044E-5
15389.0,0.13233862861566453,0.8510525047479736,0.00364584877383555,0.0129630178625264
14658.0,0.9979986338577134,3.1600518036105666E-4,8.426804809628177E-4,8.426804809628177E-4
14417.0,0.9985291613561113,0.001420071911940744,5.0097350032901656E-5,6.693819151182379E-7
14175.0,0.9904773414609288,0.008878419483573778,5.522049047120717E-5,5.890185650262098E-4
14967.0,0.9999816449813969,1.833929576026192E-5,7.495119053022298E-10,1.4973330963538157E-8
15204.0,0.9995520799062165,4.478351857932987E-4,2.1226997526664832E-8,6.368099257999449E-8
15602.0,0.9545454545454547,0.027272727272727275,0.009090909090909092,0.009090909090909092
13987.0,0.9999956625846574,4.336765442537677E-6,5.232415196041253E-10,1.2665832375288656E-10
14765.0,0.998246693958546,0.0017504752954946412,7.431090401020101E-7,2.0876369192440555E-6
14526.0,0.9990176845818847,9.673176074878364E-4,1.3498029564791096E-5,1.4997810627545663E-6
14256.0,0.9947368421052633,0.0026315789473684214,0.0013157894736842107,0.0013157894736842107
15000.0,0.8302777638254056,0.1401376261992064,0.014792304987694009,0.014792304987694009
15243.0,0.7267696830061965,0.27278873966068456,1.5770619039967615E-5,4.2580671407912556E-4
15568.0,0.998041741377872,0.0013123408567139738,2.7682189946310384E-4,3.6909586595080515E-4
14226.0,0.9490245483210871,0.033713923068064096,0.008630764305424409,0.008630764305424409
14492.0,0.9921127693664924,0.007578756305003336,1.3812283365868578E-5,2.946620451385297E-4
14735.0,0.195411370057026,0.6635125692629277,0.024574539602330654,0.11650152107771568
15273.0,0.9921708664858884,0.007812600037262729,1.5942995532840806E-5,5.904813160311409E-7
15034.0,0.0011504618332305123,0.9544544195632444,0.0044395118603525125,0.03995560674317262
15423.0,0.999553218869281,4.42848930854388E-4,3.916084291383188E-6,1.611557321556867E-8
15660.0,0.993280243185301,0.00530658627302858,0.0011305364333363235,2.826341083340809E-4
14205.0,0.9999956625846574,4.336765442537677E-6,5.232415196041253E-10,1.2665832375288656E-10
14451.0,0.9999656401461905,3.385880419886137E-5,1.1136415598120577E-7,3.8968545460943535E-7
14688.0,0.9999816449813969,1.833929576026192E-5,7.495119053022298E-10,1.4973330963538157E-8
15174.0,0.007604496631490451,0.9866555894374798,0.005589532039635554,1.5038189139422034E-4
14933.0,0.1164944573477541,0.019140517749278843,0.8622383007086027,0.002126724194364316
15751.0,0.9953937642826388,0.0035661179747313214,5.200588713149845E-4,5.200588713149845E-4
15508.0,0.01920725665710612,0.9798768470611307,6.869222113224881E-4,2.2897407044082936E-4
15102.0,0.6791935357883682,0.194068107979876,0.06336917811587787,0.06336917811587787
15341.0,0.9995156444191273,4.254798119009263E-4,1.2923949286490637E-5,4.5951819685300044E-5
14795.0,0.9953937642826388,0.0035661179747313214,5.200588713149845E-4,5.200588713149845E-4
14021.0,0.9676891283146799,0.007024102540287002,0.012643384572516602,0.012643384572516602
14294.0,0.8919528373063049,0.06976398059724684,0.01914159104822419,0.01914159104822419
14552.0,0.9999656401461905,3.385880419886137E-5,1.1136415598120577E-7,3.8968545460943535E-7
15720.0,0.997786885622849,0.0014831342422792536,3.128486292307801E-4,4.1713150564104016E-4
15483.0,0.998477071328445,0.0010110729769660265,2.559278472945255E-4,2.559278472945255E-4
14865.0,0.9930703438854558,8.895577804248388E-7,9.93637536844093E-4,0.005935129019919751
15106.0,0.9980469517614217,0.0012076099795788632,3.7271912949964916E-4,3.7271912949964916E-4
14628.0,0.9687500000000001,0.010416666666666668,0.010416666666666668,0.010416666666666668
14137.0,0.26964546773046955,0.7284930766403833,0.0018452377195029748,1.6217909644069112E-5
14391.0,0.9990176845818847,9.673176074878364E-4,1.3498029564791096E-5,1.4997810627545663E-6
15449.0,0.999493110293828,4.51697058589175E-4,1.211545922548346E-5,4.307718835727452E-5
15690.0,0.9999956625846574,4.336765442537677E-6,5.232415196041253E-10,1.2665832375288656E-10
15136.0,0.9999159162901792,8.407918002717078E-5,4.271310254263459E-9,2.5848340430000357E-10
14899.0,0.9985291613561113,0.001420071911940744,5.0097350032901656E-5,6.693819151182379E-7
14357.0,0.25007914196120967,0.6963878415551904,0.033613754536213826,0.019919261947385972
14107.0,0.25007914196120967,0.6963878415551904,0.033613754536213826,0.019919261947385972
14598.0,0.21058914821226052,0.6685369784516206,0.06043693666805945,0.06043693666805945
15542.0,0.3583971108395622,0.24832577163284814,0.33561832784610124,0.05765878968148847
15311.0,0.1323529411764706,0.1323529411764706,0.6127450980392157,0.12254901960784315
15068.0,4.0456038894932075E-5,3.373046625169893E-7,0.5276264270068096,0.47233277964963294
14586.0,0.9634146341463414,0.012195121951219513,0.012195121951219513,0.012195121951219513
14324.0,0.9904821530788384,0.0017083314986700402,0.0039047577112458058,0.0039047577112458058
14055.0,0.9985291613561113,0.001420071911940744,5.0097350032901656E-5,6.693819151182379E-7
14825.0,0.9648382559774965,0.015069318866787218,0.010046212577858146,0.010046212577858146
14659.0,0.17043581181045778,0.6041199926730636,0.11272209775823927,0.11272209775823927
14174.0,0.997786885622849,0.0014831342422792536,3.128486292307801E-4,4.1713150564104016E-4
14416.0,0.9518576922802486,0.030054157420422847,0.005565584707485712,0.012522565591842852
14966.0,0.9807777019406244,0.005242444925284267,0.00698992656704569,0.00698992656704569
15205.0,0.99596565119294,0.00396021093979364,7.262049965488106E-5,1.5173676115408956E-6
15631.0,0.9849784381698873,0.014367933578248714,6.516932120528696E-4,1.9350398111189008E-6
15388.0,0.9545454545454547,0.027272727272727275,0.009090909090909092,0.009090909090909092
14764.0,0.6871603260869565,0.2201086956521739,0.035665760869565216,0.05706521739130434
13986.0,0.9377055716136748,0.0032300814718835254,0.0295321734572208,0.0295321734572208
14257.0,0.033784203867427115,0.9535640983879807,0.008897897314877924,0.0037538004297141244
14527.0,0.8706488573595018,0.12900583937362334,2.3518475386342046E-4,1.1011851301149637E-4
15001.0,0.9996787785728478,3.2119519893471254E-4,3.4244303741495314E-9,2.2803786922751987E-8
15242.0,0.9653159609120523,0.00945928338762215,0.012612377850162866,0.012612377850162866
15603.0,0.9999992082656486,6.410752809993281E-7,1.4955004155152322E-7,1.1090289336248823E-9
14493.0,0.997786885622849,0.0014831342422792536,3.128486292307801E-4,4.1713150564104016E-4
14227.0,0.9980680116567521,0.0019318557133239495,4.11930527300661E-8,9.143687119909267E-8
14734.0,0.9999656401461905,3.385880419886137E-5,1.1136415598120577E-7,3.8968545460943535E-7
15272.0,0.9985291613561113,0.001420071911940744,5.0097350032901656E-5,6.693819151182379E-7
15035.0,0.009316444770914077,0.9905704940235663,1.0902330532250917E-4,4.03790019712997E-6
15569.0,0.8846153846153847,0.03846153846153847,0.03846153846153847,0.03846153846153847
14450.0,0.9999816449813969,1.833929576026192E-5,7.495119053022298E-10,1.4973330963538157E-8
14204.0,0.9985291613561113,0.001420071911940744,5.0097350032901656E-5,6.693819151182379E-7
14689.0,0.9962111450366016,0.0019168910486758576,9.359819573612585E-4,9.359819573612585E-4
15175.0,0.9913807620999296,0.002842994700023208,0.0028881216000235764,0.0028881216000235764
14932.0,0.9953937642826388,0.0035661179747313214,5.200588713149845E-4,5.200588713149845E-4
15422.0,0.9999392970407387,3.0307084487349347E-5,8.879028658403129E-8,3.0307084487349347E-5
15661.0,0.6846509996776836,0.31529574269118693,3.994322334728264E-5,1.3314407782427547E-5
15103.0,0.9953937642826388,0.0035661179747313214,5.200588713149845E-4,5.200588713149845E-4
15340.0,0.9989015105627513,0.0010882593660296244,1.0154765796295629E-5,7.530542262267571E-8
14020.0,0.9166666666666666,0.027777777777777776,0.027777777777777776,0.027777777777777776
14794.0,0.9634146341463414,0.012195121951219513,0.012195121951219513,0.012195121951219513
14553.0,0.85,0.05,0.05,0.05
14295.0,0.9986365818159724,7.888348064730499E-4,2.6294493549101666E-4,3.1163844206342714E-4
15750.0,0.9995156444191273,4.254798119009263E-4,1.2923949286490637E-5,4.5951819685300044E-5
15509.0,0.9629629629629629,0.018518518518518517,0.009259259259259259,0.009259259259259259
14864.0,0.9391795281958141,0.045525941827128366,0.011268975679213313,0.00402555429784426
15107.0,0.9995156444191273,4.254798119009263E-4,1.2923949286490637E-5,4.5951819685300044E-5
14629.0,0.9864738202715455,0.01100968117432341,0.0012582492770655325,0.0012582492770655325
14390.0,0.3168476058220192,0.09287592881765269,0.5826134394357899,0.007663025924538219
14136.0,0.9947368421052633,0.0026315789473684214,0.0013157894736842107,0.0013157894736842107
15721.0,0.9999656401461905,3.385880419886137E-5,1.1136415598120577E-7,3.8968545460943535E-7
15482.0,0.9464285714285714,0.017857142857142856,0.017857142857142856,0.017857142857142856
15137.0,0.9995520799062165,4.478351857932987E-4,2.1226997526664832E-8,6.368099257999449E-8
14898.0,0.9995156444191273,4.254798119009263E-4,1.2923949286490637E-5,4.5951819685300044E-5
14106.0,0.9117647058823529,0.029411764705882353,0.029411764705882353,0.029411764705882353
14356.0,0.9987062766966697,0.0012902970513668651,2.8277433649714153E-6,5.985085984906865E-7
14599.0,0.9079970219455702,0.08806968922473551,0.0019020957551863576,0.0020311930745080878
15448.0,0.999493110293828,4.51697058589175E-4,1.211545922548346E-5,4.307718835727452E-5
15691.0,0.9990325206238242,8.511975017216346E-4,2.5525289514351383E-5,9.075658493991604E-5
15310.0,0.9962111450366016,0.0019168910486758576,9.359819573612585E-4,9.359819573612585E-4
15069.0,0.9375,0.03125,0.015625,0.015625
14325.0,0.9992973394923266,3.193911398515788E-4,1.9163468391094729E-4,1.9163468391094729E-4
14587.0,0.9995520799062165,4.478351857932987E-4,2.1226997526664832E-8,6.368099257999449E-8
14824.0,0.9947368421052633,0.0026315789473684214,0.0013157894736842107,0.0013157894736842107
14054.0,0.9919241110196688,0.00453383241001058,0.0017710282851603827,0.0017710282851603827
15543.0,0.9934957747710381,0.006376901035149271,2.915821232349918E-6,1.2440837258026317E-4
15600.0,0.9721526255350246,0.022784215471343565,0.0025315794968159516,0.0025315794968159516
14524.0,0.9953937642826388,0.0035661179747313214,5.200588713149845E-4,5.200588713149845E-4
14258.0,0.9518576922802486,0.030054157420422847,0.005565584707485712,0.012522565591842852
13985.0,0.99981219573822,1.794099085334203E-4,3.672784599847844E-8,8.357625400542651E-6
14767.0,0.9173094486493218,0.08268942597259037,1.4693255215762878E-7,9.784455355588435E-7
15241.0,0.9722440472278612,0.027365766302036385,1.950932350512109E-4,1.950932350512109E-4
15002.0,0.009670082229690154,0.367179795629975,0.6217902668267847,0.0013598553135501777
15391.0,0.9995520799062165,4.478351857932987E-4,2.1226997526664832E-8,6.368099257999449E-8
15628.0,0.9997436607523735,2.55771145961294E-4,4.260762489980481E-7,1.4202541633268268E-7
14419.0,0.9574049392080978,0.042412667867327974,4.383924893328788E-5,1.3855367564100864E-4
14173.0,0.99596565119294,0.00396021093979364,7.262049965488106E-5,1.5173676115408956E-6
14656.0,0.9867204919398719,0.006341634500354556,0.004410265069786661,0.002527608489986855
15206.0,0.999493110293828,4.51697058589175E-4,1.211545922548346E-5,4.307718835727452E-5
14965.0,0.7203054094936253,0.15753079305625584,0.02881221637974501,0.09335158107037383
15662.0,0.9545454545454547,0.027272727272727275,0.009090909090909092,0.009090909090909092
15421.0,1.8887715928092008E-4,0.005099683300584842,0.8525491605432783,0.14216227899685585
14690.0,0.9995520799062165,4.478351857932987E-4,2.1226997526664832E-8,6.368099257999449E-8
14207.0,0.92,0.04,0.02,0.02
14449.0,0.997786885622849,0.0014831342422792536,3.128486292307801E-4,4.1713150564104016E-4
14935.0,0.9982274529258983,0.0017167491202818767,5.323479693057682E-6,5.0474474126769134E-5
15172.0,0.9903500682442951,0.008693007373070273,1.4951943478666265E-4,8.074049478479782E-4
15570.0,0.998246693958546,0.0017504752954946412,7.431090401020101E-7,2.0876369192440555E-6
14733.0,0.9993551717226257,6.441927508406655E-4,1.4125323025829014E-7,4.94273303319809E-7
14224.0,0.998041741377872,0.0013123408567139738,2.7682189946310384E-4,3.6909586595080515E-4
14494.0,0.9999656401461905,3.385880419886137E-5,1.1136415598120577E-7,3.8968545460943535E-7
15032.0,0.9947368421052633,0.0026315789473684214,0.0013157894736842107,0.0013157894736842107
15275.0,0.9416342412451362,0.029182879377431907,0.01823929961089494,0.010943579766536966
15481.0,0.9967642352800362,0.0020916585420989067,5.522618133841987E-4,5.918443644806652E-4
15722.0,0.9864738202715455,0.01100968117432341,0.0012582492770655325,0.0012582492770655325
15104.0,0.9864738202715455,0.01100968117432341,0.0012582492770655325,0.0012582492770655325
14867.0,0.9986270334576551,1.109883133033325E-4,9.988948197299924E-4,2.6308340931160295E-4
14139.0,0.9677549375251916,0.0027638624978407324,0.014740599988483906,0.014740599988483906
14389.0,0.9986379206947738,6.233244278153395E-4,1.1543044959543321E-4,6.233244278153395E-4
14630.0,0.9333333333333333,0.03333333333333333,0.016666666666666666,0.016666666666666666
15510.0,0.9079970219455702,0.08806968922473551,0.0019020957551863576,0.0020311930745080878
15749.0,0.9483518054579603,0.045121667618630505,0.003263263461704527,0.003263263461704527
15343.0,0.9992861853426203,6.280213498067709E-4,4.177910569182843E-5,4.4014201881103207E-5
15100.0,0.9995156444191273,4.254798119009263E-4,1.2923949286490637E-5,4.5951819685300044E-5
14292.0,0.9979986338577134,3.1600518036105666E-4,8.426804809628177E-4,8.426804809628177E-4
14554.0,0.9953937642826388,0.0035661179747313214,5.200588713149845E-4,5.200588713149845E-4
14793.0,0.9990176845818847,9.673176074878364E-4,1.3498029564791096E-5,1.4997810627545663E-6
14023.0,0.13947001394700137,0.11297071129707112,0.697350069735007,0.050209205020920494
15540.0,0.9583333333333335,0.01388888888888889,0.01388888888888889,0.01388888888888889
15070.0,0.999553218869281,4.42848930854388E-4,3.916084291383188E-6,1.611557321556867E-8
15309.0,0.998041741377872,0.0013123408567139738,2.7682189946310384E-4,3.6909586595080515E-4
14053.0,0.9953937642826388,0.0035661179747313214,5.200588713149845E-4,5.200588713149845E-4
14827.0,0.9999816449813969,1.833929576026192E-5,7.495119053022298E-10,1.4973330963538157E-8
14584.0,0.9995156444191273,4.254798119009263E-4,1.2923949286490637E-5,4.5951819685300044E-5
14326.0,0.9996787785728478,3.2119519893471254E-4,3.4244303741495314E-9,2.2803786922751987E-8
15688.0,0.017585075865087216,5.768854783655129E-4,0.9397528394739105,0.04208519918263663
15451.0,0.9995156444191273,4.254798119009263E-4,1.2923949286490637E-5,4.5951819685300044E-5
14897.0,0.9653159609120523,0.00945928338762215,0.012612377850162866,0.012612377850162866
15138.0,0.9919241110196688,0.00453383241001058,0.0017710282851603827,0.0017710282851603827
14596.0,0.9953937642826388,0.0035661179747313214,5.200588713149845E-4,5.200588713149845E-4
14359.0,0.9864738202715455,0.01100968117432341,0.0012582492770655325,0.0012582492770655325
14105.0,0.9995520799062165,4.478351857932987E-4,2.1226997526664832E-8,6.368099257999449E-8
14259.0,0.9594594594594595,0.013513513513513516,0.013513513513513516,0.013513513513513516
14525.0,0.998477071328445,0.0010110729769660265,2.559278472945255E-4,2.559278472945255E-4
14766.0,0.9947368421052633,0.0026315789473684214,0.0013157894736842107,0.0013157894736842107
13984.0,0.9985291613561113,0.001420071911940744,5.0097350032901656E-5,6.693819151182379E-7
15240.0,0.9841286069890964,0.015694951572849163,1.2017359857523536E-4,5.6267839479213996E-5
15003.0,0.9778841734925403,0.022077769264354973,3.6600270158512825E-5,1.4569729461313285E-6
15601.0,0.05289770003605456,0.9453022225876581,1.6977205991690217E-4,0.0016303053163703376
14172.0,0.9967642352800362,0.0020916585420989067,5.522618133841987E-4,5.918443644806652E-4
14418.0,0.999493110293828,4.51697058589175E-4,1.211545922548346E-5,4.307718835727452E-5
14657.0,0.9684788665127757,0.008596672769243014,0.011462230358990686,0.011462230358990686
15207.0,0.999493110293828,4.51697058589175E-4,1.211545922548346E-5,4.307718835727452E-5
14964.0,0.7941299911718308,0.15955830209705196,0.02315585336555856,0.02315585336555856
15390.0,0.99596565119294,0.00396021093979364,7.262049965488106E-5,1.5173676115408956E-6
15629.0,0.999553218869281,4.42848930854388E-4,3.916084291383188E-6,1.611557321556867E-8
14691.0,0.9993551717226257,6.441927508406655E-4,1.4125323025829014E-7,4.94273303319809E-7
14448.0,0.8930442785933643,0.05292654255173734,0.02701458942744927,0.02701458942744927
14206.0,0.9995156444191273,4.254798119009263E-4,1.2923949286490637E-5,4.5951819685300044E-5
14934.0,0.996252420412734,0.003747412109688356,1.6376125012841894E-7,3.7163273304163246E-9
15173.0,0.9947368421052633,0.0026315789473684214,0.0013157894736842107,0.0013157894736842107
15663.0,0.9832071995148267,0.01564954363856216,3.6919550574229616E-5,0.001106337296036905
15420.0,0.809885227693447,0.15642354683450577,0.016845612736023696,0.016845612736023696
14732.0,0.9865612965520997,0.011364750895006564,0.0011224445328401544,9.515080200535703E-4
14495.0,0.9997063427194794,2.7779995491478013E-4,7.928662802949684E-6,7.928662802949684E-6
14225.0,0.9990325206238242,8.511975017216346E-4,2.5525289514351383E-5,9.075658493991604E-5
15033.0,0.9999995847741151,7.16324590948331E-9,1.9340763955604936E-7,2.1465499950795526E-7
15274.0,0.9964230102315442,0.0033510874586837065,2.7850969697929633E-5,1.980513400741663E-4
15571.0,0.9108373984681877,0.059128883121096605,0.015016859205357867,0.015016859205357867
15105.0,0.9993147537656694,7.057091870161985E-8,3.425878317058785E-4,3.425878317058785E-4
14866.0,0.999493110293828,4.51697058589175E-4,1.211545922548346E-5,4.307718835727452E-5
14388.0,0.032326786653026685,0.9599147845502469,0.0064653573306053345,0.001293071466121067
14138.0,0.998477071328445,0.0010110729769660265,2.559278472945255E-4,2.559278472945255E-4
14631.0,0.9990279089173685,9.594631922161138E-4,6.313945207736236E-6,6.313945207736236E-6
15480.0,0.19853441902718072,0.2500961900615679,0.4497197683693349,0.10164962254191652
15723.0,0.9999392970407387,3.0307084487349347E-5,8.879028658403129E-8,3.0307084487349347E-5
15342.0,0.9999816449813969,1.833929576026192E-5,7.495119053022298E-10,1.4973330963538157E-8
15101.0,9.291568294760255E-5,3.4413215906519466E-6,0.07994387285972257,0.9199597701357392
14555.0,0.9999816449813969,1.833929576026192E-5,7.495119053022298E-10,1.4973330963538157E-8
14293.0,0.9999816449813969,1.833929576026192E-5,7.495119053022298E-10,1.4973330963538157E-8
14022.0,0.9812877354410329,0.018465823710950836,2.149953369391996E-4,3.144551107716809E-5
14792.0,0.9999656401461905,3.385880419886137E-5,1.1136415598120577E-7,3.8968545460943535E-7
15511.0,0.9629629629629629,0.018518518518518517,0.009259259259259259,0.009259259259259259
15748.0,0.13870587419377212,0.8438171856578126,0.009986822941951592,0.0074901172064636935
15071.0,0.999493110293828,4.51697058589175E-4,1.211545922548346E-5,4.307718835727452E-5
15308.0,0.9953937642826388,0.0035661179747313214,5.200588713149845E-4,5.200588713149845E-4
14826.0,0.9832071995148267,0.01564954363856216,3.6919550574229616E-5,0.001106337296036905
14052.0,0.9375,0.03125,0.015625,0.015625
14327.0,0.998477071328445,0.0010110729769660265,2.559278472945255E-4,2.559278472945255E-4
14585.0,0.999493110293828,4.51697058589175E-4,1.211545922548346E-5,4.307718835727452E-5
15541.0,0.9993551717226257,6.441927508406655E-4,1.4125323025829014E-7,4.94273303319809E-7
14896.0,0.85,0.05,0.05,0.05
15139.0,0.9999656401461905,3.385880419886137E-5,1.1136415598120577E-7,3.8968545460943535E-7
14597.0,0.9634146341463414,0.012195121951219513,0.012195121951219513,0.012195121951219513
14104.0,0.31336357611651344,0.6848940399609164,2.8666361531532685E-6,0.0017395172864171536
