15572.0,0.9999999662125836,3.295231443999353E-8,8.350925752709399E-10,9.436615560494031E-15
15277.0,0.9997784832741025,2.215143246797061E-4,2.3905395872170058E-9,1.0678328384496241E-11
15038.0,4.9226784661585924E-6,0.0026538671608449236,0.9719358237017454,0.02540538645894351
14230.0,0.9999999253259919,7.248780865746722E-8,2.1861695880599295E-9,2.979627445207351E-14
14488.0,0.9869649061406817,0.013001186533315322,2.9896917484518053E-5,4.0104085184768494E-6
14731.0,0.9999997501936565,1.9064498396912628E-7,5.915926837033233E-8,2.0911873526065073E-12
15419.0,0.9620355237088934,0.03515371131801801,0.002786422742634156,2.4342230454410666E-5
15656.0,0.9995649029811854,4.349288754239194E-4,1.6775926249043378E-7,3.8412817599989927E-10
15170.0,0.9958198658077404,0.004175680566323962,3.2708979623644807E-6,1.1827279733689714E-6
14929.0,0.9999995439486574,4.5588561392172766E-7,1.6514349263016044E-10,5.852391197963741E-13
14201.0,0.9999687988873626,3.1159324598007033E-5,4.1736103470628824E-8,5.1935810496412303E-11
14455.0,7.622570204055401E-19,9.754507938423468E-4,0.7377404812934013,0.2612840679127564
14692.0,0.1386122040206385,0.8452371284083587,0.01210675234784958,0.004043915223153165
15626.0,0.999603921044336,3.959663030508252E-4,1.1219430390462755E-7,4.583092254021209E-10
15385.0,0.9999660762123983,1.912542713005588E-5,1.4796318734213094E-5,2.0417374904450734E-9
14963.0,0.27821442007097974,0.7186313836780311,0.0019909038889790744,0.0011632923620101335
15200.0,0.999947838502039,5.2141880484731336E-5,1.9601056891723897E-8,1.6419348463815904E-11
14662.0,0.9991055522693624,8.907319888658276E-4,3.668221210967665E-6,4.752056091542503E-8
14421.0,0.9416196999834843,0.058362892066136964,1.412871649269023E-5,3.27923388612708E-6
14171.0,3.069169838248757E-7,0.043062332901843046,0.910992387619871,0.04594497256130215
15606.0,0.9993693491674855,6.301306247437855E-4,5.194808298176166E-7,7.269407641902394E-10
15004.0,0.9999932534772499,6.741333731208647E-6,5.187627395873573E-9,1.391357024772156E-12
15247.0,0.9998749427062293,1.2480708304808913E-4,2.489857497766011E-7,1.2249728843151256E-9
13991.0,0.9999975035135193,1.4838874994546648E-6,1.0125683338791078E-6,3.0647246023964875E-11
14761.0,6.532188936099659E-4,0.9630542731891559,0.0353595834526711,9.329244645629373E-4
14522.0,4.729067973692189E-4,0.9994331044490248,9.394251055377655E-5,4.6243052245364497E-8
14260.0,0.999997251091193,2.4396542823438933E-6,3.092245105050456E-7,3.0014214296845425E-11
15453.0,0.26351514457869485,0.654836479942618,0.07074278861506315,0.01090558686362407
15694.0,0.16710081357983522,0.8305869902521879,0.0023114224404254063,7.737275515328005E-7
14353.0,0.9999999428531724,4.8258283249663645E-8,8.888359202815245E-9,1.8514447475232745E-13
14111.0,0.999918300702052,3.538946246310304E-6,7.815967920331206E-5,6.724983589729577E-10
14594.0,0.9999999606203371,3.6448694380459174E-8,2.930917200641155E-9,5.124460114777924E-14
15140.0,0.9999770480875378,1.9259295756104208E-5,3.692297859153449E-6,3.1884694906732537E-10
14903.0,0.9999999799052577,1.9371957159670497E-8,7.227584265425209E-10,2.67737812585924E-14
15538.0,0.9999703142845743,2.9656666827755674E-5,2.9044820921700412E-8,3.777068723340718E-12
14590.0,0.9991076893338855,8.91438630848522E-4,8.706320054732417E-7,1.4032603263009476E-9
14320.0,0.9990560255758136,9.43528838308225E-4,4.36411271984775E-7,9.17460620419602E-9
14051.0,7.1745373545299575E-6,0.9934308561114206,0.0025731511651698007,0.003988818186055192
14829.0,0.9884480218326308,0.01154309846637408,8.83147558349141E-6,4.822541163436626E-8
15307.0,0.9999997102602528,2.7943804107568785E-7,1.0301577213058116E-8,1.2894863508688443E-13
15064.0,1.3492025439632877E-5,0.9949777707867353,0.002359553017965954,0.0026491841698590536
15747.0,8.18458544114103E-17,0.0010891185071506605,0.0838242366237091,0.9150866448691402
15504.0,0.9999999698339463,2.908632083187662E-8,1.0796927652277913E-9,4.012470656507576E-14
14799.0,0.9997642080671405,2.3568041859150526E-4,1.1112310996264109E-7,3.911580629638593E-10
14017.0,0.9998469735392463,1.4309324819480554E-4,9.932871382499174E-6,3.4117647398268677E-10
14290.0,0.9999984625620393,1.534916167208069E-6,2.5211240485915444E-9,6.695495513803789E-13
14556.0,0.999999963294713,3.6180978096354045E-8,5.242756258787831E-10,3.330863640771124E-14
15098.0,0.9999603573152386,3.962316613368202E-5,1.934514125308058E-8,1.734864298788077E-10
15337.0,0.9999998137495308,1.775471743696049E-7,8.703071408373634E-9,2.234351012829248E-13
15724.0,0.7525818041784987,0.23818934201847097,0.00918007726149511,4.877654153517182E-5
15487.0,0.9999999616558557,3.743278829524164E-8,9.113505826613782E-10,5.464868496971581E-15
14624.0,0.999999968616426,3.077910582022639E-8,6.04439806892473E-10,2.841934499562716E-14
14141.0,0.008439753051686696,0.7179681427755149,0.2702014584670379,0.0033906457057605536
14387.0,0.9999999785246777,2.0575874435770064E-8,8.994444967767465E-10,3.3907154757141116E-15
14869.0,4.8019319247670576E-4,0.805644484929605,0.1938446822726289,3.063960528935505E-5
15110.0,0.9999999510523903,4.531094972729107E-8,3.6365964402780633E-9,6.364771678692968E-14
15276.0,0.9995439384186204,4.559969953622269E-4,6.437114813418574E-8,2.1486916474170862E-10
15039.0,0.9999950008825367,4.997686976060713E-6,1.4298433634287486E-9,6.4391828073744E-13
14489.0,0.9996878578189872,3.1168652428868157E-4,4.507449602539541E-7,4.911763833572502E-9
14231.0,0.17110547428735987,0.8284887188693882,4.0580594063819605E-4,9.026137225286825E-10
14730.0,0.9999999979748745,1.9999256056337563E-9,2.5198333769690317E-11,1.5911454633480472E-15
15573.0,0.9999208424080156,7.912461809436146E-5,3.28968357605189E-8,7.705426086405489E-11
15171.0,0.09656581678071914,0.8502071119880166,0.0524539816218427,7.730896094214773E-4
14928.0,0.999999850805289,1.4449929927904243E-7,4.6953034668250886E-9,1.0831630939650198E-13
14454.0,0.9999964831107049,2.2999070177533745E-6,1.2169697119120117E-6,1.2565498471777526E-11
14200.0,0.999989018461102,1.0976582545862143E-5,4.949460287720642E-9,6.892000610063256E-12
14693.0,0.9169727429291672,0.05400276185774771,0.028987963829008402,3.653138407671979E-5
15418.0,0.99999999694188,2.8583433979221725E-9,1.997730465429216E-10,3.453629438081539E-15
15657.0,0.9999614492453813,3.853098612599271E-5,1.974189234681029E-8,2.660047734987313E-11
14962.0,0.9993118400259552,6.87588436658711E-4,5.599751085288979E-7,1.1562277542278828E-8
15201.0,0.999993463335918,6.5144536728933476E-6,2.217411717804248E-8,3.629175812428209E-11
14663.0,5.3434099070583414E-15,0.003124015339984889,0.8586407958017104,0.1382351888582995
14170.0,0.9999987880440055,1.1764526717224507E-6,3.5495836393732284E-8,7.48635127279269E-12
14420.0,1.9734089942914452E-6,0.9695016302231834,0.01432557621407222,0.01617082015374997
15627.0,2.2600178992745664E-6,0.09525899706974944,0.8999070871216458,0.004831655790705572
15384.0,5.018834077676148E-5,0.9999049648548473,4.460587681080634E-5,2.409275652201168E-7
15005.0,0.004198618027082834,0.9957777520593679,2.2420858239857192E-5,1.2090553094500517E-6
15246.0,0.026653236324124533,0.9712713879010079,0.0015207026103235392,5.546731645441114E-4
14760.0,0.9974083495890822,0.002563123233935361,2.8524120350754905E-5,3.0566316947453547E-9
13990.0,0.05095635541283787,0.8704994661553649,0.07714617252605102,0.0013980059057461683
14261.0,1.5781181421674125E-16,1.6949802373410938E-5,0.6274284176756775,0.37255463252194887
14523.0,0.9999939037573219,5.876548145152148E-6,2.196929970498531E-7,1.5358386308590807E-12
15607.0,1.276417266894771E-9,0.06085006170716837,0.9127892155451319,0.026360721471282513
14110.0,7.151371065395843E-6,0.9300605016760474,0.06991425928949017,1.8087663397052432E-5
14352.0,8.067002260085178E-8,0.9996677502069657,3.321294680871186E-4,3.965492460573379E-8
14595.0,0.9891695012121928,0.010820519268512938,9.86457602426151E-6,1.1494326992977533E-7
15141.0,0.9999999517617243,4.720497532753972E-8,1.0332906984676641E-9,9.608246799119404E-15
14902.0,0.47946447242357837,0.27202005357385006,0.2476917710734691,8.237029291024923E-4
15452.0,0.9929508215667517,0.007031305614973715,1.738519400459869E-5,4.876242699058086E-7
15695.0,0.9997993760894356,2.0053341497129696E-4,9.004847371146322E-8,4.471193691698741E-10
14321.0,0.9998860737059913,1.1387659687652172E-4,4.926165632629392E-8,4.354759056761695E-10
14591.0,0.9999747035800775,2.5099747895686508E-5,1.961204124643693E-7,5.516143853527682E-10
14828.0,6.099854758326094E-7,0.9942020446362139,0.0023290413918727144,0.003468303986437662
14050.0,0.04168460120917346,0.943981287741345,0.01433410547071989,5.578761578981195E-9
15306.0,8.237651910120378E-7,0.06491623813896258,0.5558139719096086,0.37926896618623773
15065.0,0.9999627578697704,3.7156257321571286E-5,8.539207188603271E-8,4.808362080463959E-10
15539.0,0.9999992097033101,7.101708488296245E-7,8.012575913339971E-8,8.187198519815346E-14
14016.0,0.9653825972148837,0.003426966705063706,0.031189178920410926,1.2571596416663803E-6
14798.0,0.9999999548947247,4.413210598464764E-8,9.731234245415913E-10,4.587648812735041E-14
14557.0,1.072328000885906E-4,0.23396779586369476,0.07314620047533421,0.6927787708608825
14291.0,0.004742459653189745,0.9822492100249243,0.012983615725036179,2.4714596849807154E-5
15099.0,0.9993051053669815,6.947007616989424E-4,1.9380977680853707E-7,6.154283505771546E-11
15336.0,0.9999999514218924,4.721030500356982E-8,1.367794825589018E-9,7.835774755120569E-15
15746.0,0.9999998619404855,1.3443676034822038E-7,3.6227055122359067E-9,4.859854855255667E-14
15505.0,0.9900636881613107,0.00992244811325828,1.3546336824568074E-5,3.1738860643492774E-7
14625.0,0.9991429893369527,8.520864592072374E-4,4.756936217915069E-6,1.6726762206180783E-7
14386.0,0.30416820897148955,0.6951217831812597,7.098786847686779E-4,1.2916248213259348E-7
14140.0,1.203248446598324E-6,0.9754909373019559,0.023457191084692387,0.0010506683649050342
14868.0,0.9999286491100208,3.555349538845415E-5,3.5793136084436594E-5,4.258506436903756E-9
15111.0,0.02912091215319342,0.9708720996002472,6.974599929566479E-6,1.3646629814229698E-8
15725.0,0.9997478743709631,2.404043906214823E-4,1.0972546584114052E-5,7.486918311869286E-7
15486.0,1.512518069383865E-8,0.33626486903933234,0.5114924493526894,0.15224266648279752
15658.0,1.385043171621336E-7,0.024909582019693344,0.5183063626259181,0.4567839168500713
15417.0,0.99556574573133,0.004431708533254034,2.2903692126951924E-6,2.5536620327196585E-7
14931.0,0.9999999398399693,5.846839364774326E-8,1.6916272297686907E-9,9.754445804036064E-15
15168.0,1.181978820392493E-10,2.3309763045476854E-5,0.6996472376679184,0.3003294524508382
14694.0,0.999941487251316,5.846718544077702E-5,4.549214009783904E-8,7.110304462723355E-11
14203.0,1.7828673888436688E-4,0.9773240776985319,0.02248053581049836,1.709975208542473E-5
14453.0,0.999742310818386,2.575541882573714E-4,1.345983477442077E-7,3.9500876573354086E-10
15574.0,0.9996878160759316,3.1208126162026833E-4,1.0255432421716827E-7,1.081238006167422E-10
15036.0,0.7602856333582604,0.23917158891583845,5.426278326191115E-4,1.4989328210999273E-7
15279.0,0.9671605977212735,0.032836434864209334,2.930967592521334E-6,3.644692462871182E-8
14729.0,0.9999999662125836,3.295231443999353E-8,8.350925752709399E-10,9.436615560494031E-15
13959.0,0.9999694967949857,3.050170637694481E-5,1.3490776549419769E-9,1.4955979142679603E-10
14228.0,2.023653638729219E-6,0.9997983737505437,1.990911131552477E-4,5.114826621713491E-7
14490.0,0.0014820142682343432,0.998314414866354,1.8103548627746235E-4,2.2535379134223037E-5
15604.0,0.9987073217079632,9.97290689260003E-4,2.82474256286172E-4,1.2913346490648429E-5
15245.0,2.456481737585012E-5,0.5377253178189718,0.21444495007217856,0.24780516729147373
15006.0,0.2857457467358444,0.7141691320561118,7.94131583583864E-5,5.708049685497912E-6
14520.0,0.9999842874878349,1.570752152627343E-5,4.986184849373801E-9,4.454025713937967E-12
14262.0,2.0018388852340215E-11,8.985089668020444E-4,0.5662844417271904,0.4328170492859892
13989.0,0.432788891759799,0.5649661695569046,0.0010555733661912245,0.0011893653171050585
14763.0,0.8327863947208826,0.16318812683754105,8.798004085331119E-4,0.00314567803304335
15387.0,0.9999999705523918,2.833409667030112E-8,1.1134969303531396E-9,1.463444067856081E-14
15624.0,0.9999999804979752,1.8965861935004834E-8,5.361597866349429E-10,3.012841561467322E-15
15202.0,0.9999270766664695,7.232155624808225E-5,6.012540676571094E-7,5.232148442460563E-10
14961.0,0.9999999693678034,2.834937636052416E-8,2.2827804127979403E-9,3.9767865096460286E-14
14423.0,0.9999999662125836,3.295231443999353E-8,8.350925752709399E-10,9.436615560494031E-15
14169.0,0.9994991827173731,5.006206986113222E-4,1.8761767432751023E-7,8.966341163204795E-9
14660.0,0.9999999918016593,7.923933005025081E-9,2.7440415358662984E-10,3.5175237383098124E-15
15536.0,0.684293294256878,0.2171575206884537,0.09703980423635085,0.0015093808183174605
14049.0,0.9999992277154778,7.668598578531569E-7,5.424063845230947E-9,6.005407440989215E-13
14831.0,0.9987496758440951,0.0012496229879878987,7.00296062280021E-7,8.718546067720574E-10
14588.0,3.594214504382568E-9,0.06457352811736937,0.6345080024479587,0.3009184658404575
14322.0,0.999969560110722,3.0165112336843292E-5,2.7412266897234285E-7,6.542721494773902E-10
15066.0,0.9132322063703445,0.0865451549237035,1.9797167667103118E-4,2.466702928095039E-5
15305.0,0.9999999511786963,4.7656101772588164E-8,1.165194986947782E-9,7.0004568348937475E-15
15692.0,5.893138499811275E-7,0.929205295500112,0.06001648165939341,0.010777633526644648
15455.0,0.9988311779238024,0.0011633366947859803,5.423321962307442E-6,6.205944942683267E-8
14592.0,0.9999917295854049,7.785330526072751E-6,4.850837559468874E-7,3.1295413942646524E-13
14355.0,0.9999999982270412,1.734844535432077E-9,3.811374861545787E-11,4.350001441024835E-16
14109.0,0.9984946180297232,0.0015037679683778437,1.588629169702259E-6,2.5372729200811988E-8
14901.0,0.9999613489852177,3.8628349711963974E-5,2.2600360651787783E-8,6.470951176233656E-11
15142.0,0.7227624260781593,0.26620941128264863,0.010986024182862902,4.213845632906585E-5
15485.0,0.0014571574934461953,0.5977921500056425,0.3792695293497864,0.021481163151124912
15726.0,7.100612029043753E-5,0.841061534254522,0.15813970403395355,7.277555912340654E-4
14143.0,6.496767713107363E-20,0.0010382277392561642,0.1336623805690353,0.8652993916917086
14385.0,0.9999176132050529,8.211019238958439E-5,2.764192770845111E-7,1.8328052580725494E-10
14626.0,0.9999204418139207,7.288907645050684E-5,5.793106318548295E-6,8.7600331030877E-7
15108.0,0.9987446482703912,0.0012544174994964588,7.607810213708719E-7,1.7344909095589893E-7
14871.0,0.9954219408362259,0.004574735541009206,3.3027538490675743E-6,2.086891585539097E-8
15506.0,0.9999995513246291,4.358050055407861E-7,1.2869702429789012E-8,6.62757186505844E-13
15745.0,0.9999833978971084,1.6599391943312944E-5,2.7064560422422276E-9,4.492343305119035E-12
14288.0,0.49825401969990446,0.5014526748249097,2.9329778276405006E-4,7.69242171036645E-9
14558.0,0.9932380939429134,0.006758248131235872,2.4491789643477415E-6,1.2087468863763613E-6
14797.0,0.9964284007174673,0.003447197663786558,1.2439022333430867E-4,1.1395411832042048E-8
14019.0,0.9995200423868508,4.7905849011373506E-4,8.959998567444768E-7,3.1231787388841955E-9
15339.0,1.786951269278736E-8,0.21307808092920963,0.2785875440202242,0.5083343571810535
15096.0,0.9999862910247981,1.3702521986532469E-5,6.423481547851923E-9,2.973383369909075E-11
14930.0,0.9999999780367977,2.1271736495806053E-8,6.914402707378634E-10,2.5551287261568802E-14
15169.0,0.999999994402097,5.479353931950145E-9,1.185454011154615E-10,3.667964339964056E-15
14695.0,0.9998816364267518,1.1826468790554959E-4,9.853464417523109E-8,3.50698522560999E-10
14452.0,0.9969071269486609,0.002775826060228355,2.7110626075328454E-4,4.594073035752076E-5
14202.0,0.9999468061315011,5.3135154645011E-5,5.8636814388250195E-8,7.703940190750577E-11
15659.0,0.9999978676763454,2.017277820935058E-6,1.1500279575922584E-7,4.303798209446626E-11
15416.0,0.9999930449123111,6.878096202769085E-6,7.67813660915858E-8,2.1012002931569946E-10
15037.0,0.0021982673407083316,0.9970831791534135,7.18439609936791E-4,1.1389594129882527E-7
15278.0,0.9999321056421793,6.787650810674434E-5,1.7828648033649734E-8,2.106583257503385E-11
14728.0,0.9999925965452796,5.518816227503465E-6,1.884375471591383E-6,2.630212311364101E-10
14491.0,0.9999988985671392,1.0236367408083662E-6,7.779511943075581E-8,1.00057721467381E-12
14229.0,0.9999999510523903,4.531094972729107E-8,3.6365964402780633E-9,6.364771678692968E-14
15575.0,0.9999993654832281,6.329897982001196E-7,1.509101208242388E-9,1.7872381455344997E-11
15244.0,0.9998410512796662,1.5890785704800344E-4,4.0672172920535135E-8,1.9111291725161666E-10
15007.0,0.9999999171422406,8.125298689396594E-8,1.6047408995782238E-9,3.173979588536619E-14
14263.0,0.9999996206611586,3.471519928107027E-7,3.2186663194156764E-8,1.8550569644893771E-13
14521.0,0.9999839667974076,1.5913818902242835E-5,1.146117465366113E-7,4.7719436875367695E-9
14762.0,0.9996122649718779,3.8749992159253327E-4,2.3183602356478787E-7,3.270505967909791E-9
13988.0,0.0017813969102569523,0.5523173441803523,0.43453070052290826,0.011370558386482483
15605.0,0.9932783147234586,0.006696340547205164,2.518269782311768E-5,1.6203151311292017E-7
15203.0,0.999999963294713,3.6180978096354045E-8,5.242756258787831E-10,3.330863640771124E-14
14960.0,0.9999803826045466,1.9609379057164243E-5,8.007908722263376E-9,8.487391802863329E-12
14168.0,0.9999999510523903,4.531094972729107E-8,3.6365964402780633E-9,6.364771678692968E-14
14422.0,0.9999909101470162,9.086225318622773E-6,3.624513395042193E-9,3.151679415172503E-12
14661.0,0.9999999662125836,3.295231443999353E-8,8.350925752709399E-10,9.436615560494031E-15
15386.0,0.9999999511786963,4.7656101772588164E-8,1.165194986947782E-9,7.0004568348937475E-15
15625.0,0.8993618244311199,0.10062626716685467,1.1899999544952921E-5,8.402480681175403E-9
14830.0,0.045900948596372754,0.9111615042078048,0.04283652290294488,1.0102429287752612E-4
14048.0,0.9999997102602528,2.7943804107568785E-7,1.0301577213058116E-8,1.2894863508688443E-13
14323.0,1.1414475731335378E-4,0.953580418686958,0.04000080789796282,0.006304628657765917
14589.0,0.999999959620371,3.901195705097789E-8,1.3676255744841592E-9,4.632430133116625E-14
15067.0,0.9724757225849539,0.02649898574673069,7.248028868794903E-6,0.0010180436394466668
15304.0,0.9999998110198705,1.8214836650423186E-7,6.83097548159263E-9,7.87598482490302E-13
15537.0,0.8454516102856939,0.15443779894167609,1.092819746205714E-4,1.3087980095513436E-6
14593.0,0.9760821693081562,0.01980715249302773,0.0040684537630620125,4.222443575406253E-5
14108.0,0.9999972729339333,2.7118918757595913E-6,1.5167904596778694E-8,6.286515873460147E-12
14354.0,0.9999974216920294,2.5752955903612193E-6,3.0121061834082085E-9,2.740483881165491E-13
14900.0,0.3992426002878899,0.5619147280946734,0.038498782859808074,3.438887576286738E-4
15143.0,0.9988255597470891,0.0011675135944203034,6.656159516441336E-6,2.704989740605331E-7
15693.0,0.999999673349596,3.2263487025523703E-7,4.014924464623047E-9,6.092493917837427E-13
15454.0,0.34341469995319385,0.6492880255381831,0.0070213579494218924,2.7591655920103185E-4
14384.0,0.9999820901274148,1.7894550475447555E-5,1.5301202887249417E-8,2.090684176960464E-11
14142.0,0.9999720549886605,2.7923568702085593E-5,2.1436267217818403E-8,6.370234605298481E-12
14627.0,0.012598869713181653,0.9873997161070995,1.3604503351878783E-6,5.372938361072613E-8
15109.0,0.9755476541375875,0.024351709306413515,9.955761757860087E-5,1.0789384204193334E-6
14870.0,0.004936688672309133,0.9916887889146124,0.0033630566709926973,1.1465742085690936E-5
15484.0,0.9999999514218924,4.721030500356982E-8,1.367794825589018E-9,7.835774755120569E-15
15727.0,0.9999999977250229,2.220057092662022E-9,5.491970826024553E-11,3.1266288033793644E-16
14559.0,0.18368535227738192,0.798326232244271,0.017674276504200035,3.14138974147025E-4
14289.0,0.9999999884218416,1.1342864243425456E-8,2.352841486778435E-10,1.0098448076568918E-14
14018.0,0.9338316159821746,0.06594015880751314,2.2123653038299827E-4,6.988679929176383E-6
14796.0,0.9999999517617243,4.720497532753972E-8,1.0332906984676641E-9,9.608246799119404E-15
15338.0,0.9976849967815192,0.0023045698288849765,9.584376759073909E-6,8.490128367719055E-7
15097.0,0.9999957336762225,4.222497133818774E-6,4.382555815856345E-8,1.0855872396528943E-12
15507.0,0.9992633572856967,7.359965155688848E-4,6.452186742470009E-7,9.800601514914824E-10
15744.0,4.9133221052783215E-15,1.4438723113064508E-5,0.9004086779626332,0.09957688331424873
15630.0,0.9999998114933096,1.8535148507932343E-7,3.155167335088596E-9,3.7999633998044665E-14
15389.0,2.255712836148492E-10,0.5208011672894551,0.4749135704878134,0.004285261997160246
14658.0,0.999980862143438,1.911676087613815E-5,2.1079240983389046E-8,1.644474663973524E-11
14417.0,0.9994262011853345,5.730329287034943E-4,7.618584345461698E-7,4.027527398070998E-9
14175.0,0.9999686962029447,3.113535227157132E-5,1.6825091370084103E-7,1.9387005033452403E-10
14967.0,0.9999999705523918,2.833409667030112E-8,1.1134969303531396E-9,1.463444067856081E-14
15204.0,0.9999184237638122,8.153595722165459E-5,3.992033347442629E-8,3.5863265077165394E-10
15602.0,0.18368176679277692,0.4554729868179518,0.36082907700382044,1.616938545084735E-5
13987.0,0.999999963294713,3.6180978096354045E-8,5.242756258787831E-10,3.330863640771124E-14
14765.0,0.9993485810053678,6.508087140989902E-4,5.829293624648126E-7,2.7351170619272523E-8
14526.0,0.999805790560886,1.9400992350846952E-4,1.993600916199962E-7,1.555138518850337E-10
14256.0,0.9999932163289235,6.583938657612929E-6,1.997287187948818E-7,3.700052806402605E-12
15000.0,0.9995704525280928,3.8888515683574334E-4,4.066109609692072E-5,1.2189744526275871E-9
15243.0,0.05470258803042092,0.9439383886556523,0.0011961345577759985,1.62888756150803E-4
15568.0,0.9999999662125836,3.295231443999353E-8,8.350925752709399E-10,9.436615560494031E-15
14226.0,0.8697865331275211,0.128535093058286,0.0015961129457804756,8.226086841242841E-5
14492.0,0.9903280811492562,0.009645935160715165,2.591831353127799E-5,6.537649744591728E-8
14735.0,0.9998182847442734,9.546887662355151E-5,8.622993395643184E-5,1.644514662569933E-8
15273.0,0.9959165084995553,0.0040806667311974005,2.7894575158928264E-6,3.531173152670823E-8
15034.0,0.951558854362186,0.04622132744942704,0.002210841674374757,8.976514012161509E-6
15423.0,0.8532580849180059,0.14671620242192276,2.3729838585997835E-5,1.9828214852175577E-6
15660.0,0.9999992238242008,7.246416688246687E-7,5.153143789892815E-8,2.6924994809956767E-12
14205.0,0.999999963294713,3.6180978096354045E-8,5.242756258787831E-10,3.330863640771124E-14
14451.0,0.9999999510523903,4.531094972729107E-8,3.6365964402780633E-9,6.364771678692968E-14
14688.0,0.9999999705523918,2.833409667030112E-8,1.1134969303531396E-9,1.463444067856081E-14
15174.0,4.861775260066465E-7,0.9383146651591753,0.060975572147854484,7.092765154441659E-4
14933.0,2.665656993329025E-16,2.735012739380132E-6,1.6686745936594262E-4,0.9998303975278944
15751.0,0.9999222695917237,7.771569780858508E-5,1.4650196886580335E-8,6.027081595297606E-11
15508.0,8.324965023616436E-8,0.20388743589951747,0.35292852134909014,0.44318395950174216
15102.0,0.7012648511050628,0.29860827528766476,1.2400056159425616E-4,2.873045678261251E-6
15341.0,0.9999785106018223,2.1448182869069417E-5,4.120096307142099E-8,1.4345530383228714E-11
14795.0,0.7338958659186623,0.26607317969817085,3.082120583868799E-5,1.331773281062087E-7
14021.0,0.47548178225158994,0.5245065822180504,9.048897698329873E-6,2.586632661310776E-6
14294.0,1.3339720349726193E-4,0.961699934543593,0.033179541600716046,0.004987126652193756
14552.0,0.999999989780379,9.565919972016044E-9,6.536892808240268E-10,1.1767292518147671E-14
15720.0,0.9999999969849338,2.969673614672679E-9,4.5392232109853224E-11,4.908836365050356E-16
15483.0,0.9999999798471237,1.977138930824237E-8,3.814848569294336E-10,1.9783339667920147E-15
14865.0,3.9106569439674834E-4,0.6564747404100352,0.3410169034604537,0.002117290435114277
15106.0,0.9999372841846474,6.271471372217288E-5,1.0289310216695434E-9,7.269940050119999E-11
14628.0,0.9999768711378265,2.2110499619666524E-5,1.018328442534844E-6,3.411130667269276E-11
14137.0,0.010545470735044322,0.9876700418646562,0.0017541413760857527,3.03460242136471E-5
14391.0,0.9999940238322431,5.974082440478622E-6,2.083523657181314E-9,1.7928065594645825E-12
15449.0,0.9999999548947247,4.413210598464764E-8,9.731234245415913E-10,4.587648812735041E-14
15690.0,0.999999963294713,3.6180978096354045E-8,5.242756258787831E-10,3.330863640771124E-14
15136.0,0.9999930888172238,6.908764754481249E-6,2.40979826370996E-9,8.223337107797028E-12
14899.0,0.9989563890167104,0.0010427153357585655,8.868830658875975E-7,8.764465256234935E-9
14357.0,0.050804556879143,0.9088710628305197,0.03932268545516685,0.0010016948351706965
14107.0,2.5520202527427466E-5,0.9249735393703687,0.06617079548198149,0.008830144945122425
14598.0,2.6745431436228797E-4,0.9997022131305269,1.6837793087515103E-5,1.3494762023365249E-5
15542.0,2.0446280410556074E-4,0.09470625701519808,0.7531763458258507,0.15191293435484568
15311.0,2.859916922893328E-21,6.734780926053063E-9,0.00715801748885642,0.9928419757763627
15068.0,6.760126262290302E-20,1.0505235470271117E-4,0.23158104514531483,0.7683139024999825
14586.0,0.9264291581786017,0.07155321068591089,0.0019960275093817543,2.1603626105645993E-5
14324.0,0.9998113036759422,1.8785340819615432E-4,8.396595955301658E-7,3.2562661439818396E-9
14055.0,0.9999532867574339,4.6370575275320224E-5,3.423661562858636E-7,3.0113434315599427E-10
14825.0,0.9999903907007582,8.872673803200744E-6,7.365001477979476E-7,1.252907716779449E-10
14659.0,9.08887908363176E-4,0.9182149974936281,0.0803862405281602,4.898740698484627E-4
14174.0,0.9999999830762623,1.6506130899941647E-8,4.176044988879114E-10,2.411462931832073E-15
14416.0,0.9959889527850361,0.0040091670855726845,1.8727931107960004E-6,7.3362804336605495E-9
14966.0,0.48370232765125853,0.5055465782920638,0.010663858996897433,8.723505978007415E-5
15205.0,0.9998962111463124,1.0375145412519372E-4,3.719373028517199E-8,2.0583205788114517E-10
15631.0,0.9833735485730246,0.016619994725995197,6.398433094344055E-6,5.8267885996877723E-8
15388.0,0.9992163574740949,2.5836194300327185E-4,5.252363177320356E-4,4.4265170013226903E-8
14764.0,1.677653915424042E-10,0.010171167194230276,0.9889255609804708,9.03271657533574E-4
13986.0,0.0011219559927643167,0.26194218350646875,0.5978331486062929,0.13910271189447396
14257.0,9.571630410238934E-14,8.063508205763287E-5,1.7747684813377701E-6,0.9999175901493653
14527.0,0.9913311814283543,0.008665548418757121,3.2633759521481198E-6,6.776936423956244E-9
15001.0,0.9999935921003835,6.230385633172695E-6,1.7750209034979536E-7,1.1892984548106211E-11
15242.0,0.9859110233095357,0.014079297953261447,9.563251843950936E-6,1.1548535894271442E-7
15603.0,0.9999378337740932,6.214262688404222E-5,2.3576093444686906E-8,2.2929288737073694E-11
14493.0,0.9999999110677413,8.131791996302633E-8,7.614281240615491E-9,5.739609362465311E-14
14227.0,0.9972164057646637,0.0027835038674972534,6.717324676797824E-8,2.319459225937029E-8
14734.0,0.99999999694188,2.8583433979221725E-9,1.997730465429216E-10,3.453629438081539E-15
15272.0,0.999429990151846,5.69789298210948E-4,2.1603667120314417E-7,4.513271765067167E-9
15035.0,0.24494874497768343,0.7540260850446114,9.554634176673865E-4,6.970656003788617E-5
15569.0,0.9985152223096482,0.001477334588031183,7.367204617733268E-6,7.589770295533003E-8
14450.0,0.9999999784184136,2.1065467355383873E-8,5.161122298746224E-10,6.791823560918914E-15
14204.0,0.8711969597608625,0.1287780019346054,2.5019146658503113E-5,1.915787351778374E-8
14689.0,0.35552548323828126,0.6444700015999184,4.508481215813839E-6,6.680584513818986E-9
15175.0,0.9999360493876808,6.321491416977834E-5,7.277138870267382E-7,7.984262451514527E-9
14932.0,0.9999999851424423,1.4079357563133895E-8,7.781808584489841E-10,1.9341975664956798E-14
15422.0,0.999997507360924,1.5304219319423661E-6,9.621097930214593E-7,1.0735103006060135E-10
15661.0,7.874476593709645E-5,0.9706630602410118,0.028482412972756988,7.75782020294143E-4
15103.0,0.9999999698339463,2.908632083187662E-8,1.0796927652277913E-9,4.012470656507576E-14
15340.0,0.6671704172065701,0.32791527332930037,0.004910604426619676,3.705037510041508E-6
14020.0,0.6960584806851355,0.3001155646385794,0.0030984709628211816,7.274837134639135E-4
14794.0,0.999999745565168,2.2613820422489641E-7,2.8296344039143306E-8,2.837334252845544E-13
14553.0,0.9994157609871013,5.838106254236005E-4,4.216056861220867E-7,6.781788912131696E-9
14295.0,0.9999246445741105,7.091460595167675E-5,4.412125201229968E-6,2.8694736626719243E-8
15750.0,0.9999999517617243,4.720497532753972E-8,1.0332906984676641E-9,9.608246799119404E-15
15509.0,0.9994151769748612,1.2734371733843613E-5,5.720871855669151E-4,1.467838004841364E-9
14864.0,0.5718765200411083,0.4280418323146909,7.418655142223709E-5,7.461092778490903E-6
15107.0,0.9999999604388984,3.871591687472052E-8,8.451768977769806E-10,7.837736637386512E-15
14629.0,0.9999828508129626,1.714167031569241E-5,7.513420236679394E-9,3.301420508249693E-12
14390.0,0.81484093866924,0.16658090836681808,0.017853641993625526,7.245109703164805E-4
14136.0,0.9999999622870248,3.681152817215006E-8,9.014415039183379E-10,5.398848644264542E-15
15721.0,0.9999951319684728,4.8637376481241326E-6,4.206272111829131E-9,8.760700059219748E-11
15482.0,0.9999343482347335,6.562708421755093E-5,2.4601507895187587E-8,7.954105117392602E-11
15137.0,0.9999579796227062,4.198129593100998E-5,3.870384504266945E-8,3.77517785012954E-10
14898.0,0.9999999517617243,4.720497532753972E-8,1.0332906984676641E-9,9.608246799119404E-15
14106.0,0.9815466856171589,0.018438310673924586,1.5001415788661384E-5,2.2931278620568213E-9
14356.0,0.9999398653431881,6.012016702630621E-5,1.4429795884808658E-8,5.998965699605703E-11
14599.0,0.317301893468112,0.6604596314236141,0.022015039765176225,2.2343534309754646E-4
15448.0,0.9999999984286713,1.542354061290762E-9,2.8973351705559456E-11,1.3315628206000975E-15
15691.0,0.9999994854388663,5.143796244990872E-7,1.7997160339413006E-10,1.5374250701869733E-12
15310.0,0.9999079584065393,9.19035967185638E-5,1.2639977314823147E-7,1.1596968871327913E-8
15069.0,0.9166736784862952,0.08332513679728405,1.1634359844806497E-6,2.12804361451326E-8
14325.0,0.9998641689080743,1.3578757665341388E-4,4.316108978134622E-8,3.5418241531287214E-10
14587.0,0.9999422506735429,5.7720969565376556E-5,2.8103685836942552E-8,2.53205893736761E-10
14824.0,0.9999998226303717,1.7409724681802333E-7,3.2723583967968138E-9,2.3161200561901266E-14
14054.0,0.4244526554569033,0.2289638421865053,0.22666976496344943,0.11991373739314191
15543.0,0.9995168884051155,2.814748575098052E-4,2.0161641945120272E-4,2.0317923532433458E-8
15600.0,0.9999542281529743,4.5542315233213514E-5,2.1236597563611835E-7,1.7165816859333547E-8
14524.0,0.9999999932691835,6.6071223419223945E-9,1.2368990403954346E-10,4.3022878379442E-15
14258.0,0.9996455897984217,3.529184535469755E-4,1.4894185211639824E-6,2.329510307748958E-9
13985.0,0.9998877455449364,1.120482270604474E-4,2.0555968155707957E-7,6.683216276964393E-10
14767.0,0.9999610584955886,3.8937254257104056E-5,3.951965676772468E-9,2.981886688760077E-10
15241.0,0.9627398629165433,0.037243289040101296,1.680507735082871E-5,4.296600450409535E-8
15002.0,1.070994702170094E-11,0.1625387672249728,0.8055620678566351,0.031899164907682256
15391.0,0.9998821480567877,1.1766025452055231E-4,1.8965915124478155E-7,2.0295405056614013E-9
15628.0,0.9999999016284601,9.663744324791151E-8,1.7340874186491529E-9,9.38989838423355E-15
14419.0,0.9978543981112622,0.002123507183445815,2.2030657236608077E-5,6.404805531688588E-8
14173.0,0.9957932177561735,0.004202462774158644,3.233996450437742E-6,1.0854732174294546E-6
14656.0,3.4199653759391955E-7,0.5128404510575207,0.4789586792413871,0.008200527704554593
15206.0,0.9999999801609861,1.846734653547317E-8,1.3715776136005712E-9,8.976323902075661E-14
14965.0,0.5224782098787574,0.4685342476064074,0.008982116735806714,5.425779028546605E-6
15662.0,0.9999997501936565,1.9064498396912628E-7,5.915926837033233E-8,2.0911873526065073E-12
15421.0,2.019607372036715E-7,0.6386586982429284,0.005517965929610238,0.35582313386672415
14690.0,0.9995502895842666,4.49533886686911E-4,1.7364710580623564E-7,2.881940544637668E-9
14207.0,0.9994143975057841,5.851827018033968E-4,4.1308417630261824E-7,6.708236052963422E-9
14449.0,0.9999999398399693,5.846839364774326E-8,1.6916272297686907E-9,9.754445804036064E-15
14935.0,0.999997509358463,2.4605101130095136E-6,3.0054986075757603E-8,7.643791475746249E-11
15172.0,0.998980270656292,0.001018340808074355,1.3876662187894418E-6,8.694148754116473E-10
15570.0,0.9998157693143274,1.8349777271110847E-4,7.243263694809018E-7,8.586591900271535E-9
14733.0,0.9946051183687428,0.005378911682167877,1.5749781922592946E-5,2.2016716682054338E-7
14224.0,0.9832996058794845,0.0014612510196342144,0.01523795407044141,1.1890304397742654E-6
14494.0,0.999999954914579,4.353128386896397E-8,1.5541086732282438E-9,2.823734995125056E-14
15032.0,0.9999997443423978,2.5000683129336816E-7,5.650650269642769E-9,1.207460297939176E-13
15275.0,0.992120567520156,3.5227581862551534E-4,0.007526490831665289,6.658295531107985E-7
15481.0,0.9997271111023412,2.7271596390744424E-4,1.7225002871969538E-7,6.837224484310996E-10
15722.0,0.9999828508129626,1.714167031569241E-5,7.513420236679394E-9,3.301420508249693E-12
15104.0,0.9909121842891543,0.009085830000789824,1.9811580115156106E-6,4.5520444653120265E-9
14867.0,0.9992205975145027,7.776627949677425E-4,1.732189196637938E-6,7.501332936969293E-9
14139.0,3.6149236521326777E-6,0.5879278688811345,7.956491702417829E-4,0.4112728670249716
14389.0,0.9076241555569977,0.08613943695488414,0.006190063941691033,4.634354642706782E-5
14630.0,0.9999939591621871,6.03778956301335E-6,3.0379901643456108E-9,1.0259728020291023E-11
15510.0,0.9701249255147368,0.028498467639778036,0.0013284826262235099,4.812421926167431E-5
15749.0,0.9999877651189023,1.2166390624768322E-5,6.826363080754611E-8,2.268421740534265E-10
15343.0,4.60158004780671E-10,0.2473483053616855,0.4231116423475585,0.329540051830598
15100.0,0.9999999661483249,3.312679039839616E-8,7.248781429636399E-10,6.708630037587226E-15
14292.0,0.9997324812794495,2.657874968773693E-4,1.3713414549264757E-6,3.5988221821724687E-7
14554.0,0.9999999698339463,2.908632083187662E-8,1.0796927652277913E-9,4.012470656507576E-14
14793.0,0.9999687168246106,2.907006720211768E-5,2.2008526146723263E-6,1.2255572730698641E-8
14023.0,0.009480419603723865,0.48876402479852465,0.47922624642502015,0.022529309172731292
15540.0,0.9999970821132996,2.9062663042583795E-6,1.1612635236865396E-8,7.760888762936686E-12
15070.0,0.9999417919809355,5.8078064307329144E-5,1.282659459180847E-7,1.6888111326101845E-9
15309.0,0.9999999929383698,6.882099356767331E-9,1.7952879128895185E-10,1.955963476011603E-15
14053.0,0.9976097202789811,0.00238425966479692,5.98840605044706E-6,3.165017146935479E-8
14827.0,0.9999999705523918,2.833409667030112E-8,1.1134969303531396E-9,1.463444067856081E-14
14584.0,0.9999999517617243,4.720497532753972E-8,1.0332906984676641E-9,9.608246799119404E-15
14326.0,0.9999536857118507,4.6298639093355036E-5,1.5617302566829E-8,3.17534398114142E-11
15688.0,5.905830037614048E-13,1.098285138737149E-6,0.9744560786576103,0.025542823056660315
15451.0,0.9999999762638393,2.3230215708873594E-8,5.059402843437333E-10,4.675837614599605E-15
14897.0,0.16683797300022887,0.8316455217773269,0.0015142007838456976,2.304438598418623E-6
15138.0,0.9980323217911189,0.0018946026973867003,6.935266803977708E-5,3.7228434546263834E-6
14596.0,0.9999999024248301,9.487320853466423E-8,2.7018445989037926E-9,1.167858963200449E-13
14359.0,0.9999898675005003,1.0129146780961069E-5,3.3512378552437504E-9,1.4807149735617313E-12
14105.0,0.9999184237638122,8.153595722165459E-5,3.992033347442629E-8,3.5863265077165394E-10
14259.0,0.6254743369562079,0.3720920708257429,0.0015832999538001524,8.502922642490384E-4
14525.0,0.9999906513329772,9.288634118269648E-6,5.993462686368362E-8,9.827755176682159E-11
14766.0,0.999999987896714,9.97850571858479E-9,2.124757531205238E-9,2.2752239674711617E-14
13984.0,0.9892609615342828,0.010660603900422191,7.781642613581136E-5,6.181391591801716E-7
15240.0,0.9992642205477046,7.256524559422289E-4,1.0027785625084607E-5,9.921072820280305E-8
15003.0,0.9945491900910595,0.005448173925611779,2.6268827614507454E-6,9.100567309642839E-9
15601.0,0.035832272202238544,0.9612818880119671,0.0028768149090664863,9.024876727758716E-6
14172.0,0.9982658524596145,0.0017309602612886805,3.1755042192492616E-6,1.1774877501674983E-8
14418.0,0.9999999548947247,4.413210598464764E-8,9.731234245415913E-10,4.587648812735041E-14
14657.0,0.9994493677379128,5.392509969740264E-4,1.1310007235883417E-5,7.125787712455641E-8
15207.0,0.9999999497415508,4.639372343762471E-8,3.864473904346901E-9,2.5166484917438195E-13
14964.0,2.2910432646169944E-4,0.9943074042024689,0.0051438991741728935,3.195922968965034E-4
15390.0,0.9999959666395155,4.0250083242707004E-6,8.342380026951083E-9,9.780195518397158E-12
15629.0,0.004334205125840373,0.4931949554721611,0.419969871975137,0.08250096742686157
14691.0,0.9999952973340557,4.696813937185404E-6,5.8380716718888935E-9,1.3935501765178432E-11
14448.0,0.4525846307752556,0.5462427006608708,0.0011616940616615264,1.0974502212078868E-5
14206.0,0.9999998430351592,1.4437676161754687E-7,1.2588049545042085E-8,2.969148174559911E-14
14934.0,0.9992725319292245,4.982723498192774E-4,2.1471995037781636E-4,1.447577057829426E-5
15173.0,0.9999999970388174,2.8959717433344872E-9,6.521074113202443E-11,1.0984965038025954E-16
15663.0,0.005384257048428201,0.993483556299517,0.0011319199206857222,2.6673136905260164E-7
15420.0,0.9304371374196937,0.06941431296770577,1.4821674082530275E-4,3.3287177530183974E-7
14732.0,0.32510082838477883,0.511321631772011,0.16223686064755344,0.0013406791956569331
14495.0,0.08096457679640262,0.7431381762925922,0.15956039361719096,0.01633685329381416
14225.0,0.9999438033223074,5.617844008685985E-5,1.8153228426629737E-8,8.437732139361778E-11
15033.0,0.995838008023067,0.004152064388541161,9.559518892241066E-6,3.680694997032009E-7
15274.0,0.971904248956471,0.028062197416592046,3.3359796682623115E-5,1.9383025431317747E-7
15571.0,0.0062119477156497025,0.9876282638103889,0.006083977523307533,7.581095065373663E-5
15105.0,0.041900329805585494,0.9485250886383189,0.00653331372207002,0.0030412678340255815
14866.0,0.9999998719806655,1.2033845754608883E-7,7.680186759074222E-9,6.902105014610599E-13
14388.0,0.5988828686195522,0.3956304030708566,0.005477250570466772,9.477739124492255E-6
14138.0,0.9999725383595343,2.745483936864365E-5,6.795759725258061E-9,5.337311582870062E-12
14631.0,0.9999999156770487,8.155882653117116E-8,2.764096173077202E-9,2.858918372862484E-14
15480.0,6.077540699952623E-9,0.6138813961122263,0.3837750918068411,0.0023435060033919295
15723.0,0.9999998540707107,1.2738213828345933E-7,1.854585921685442E-8,1.2918456250993474E-12
15342.0,0.9999999705523918,2.833409667030112E-8,1.1134969303531396E-9,1.463444067856081E-14
15101.0,9.97007964538617E-10,5.655681174350295E-4,0.8152882809089571,0.18414614997659978
14555.0,0.9999999803450916,1.8997563093405965E-8,6.573365499731841E-10,8.605658137474496E-15
14293.0,0.9999999705523918,2.833409667030112E-8,1.1134969303531396E-9,1.463444067856081E-14
14022.0,0.9936183082890094,0.006379362161617368,2.3185612335449518E-6,1.0988139627099838E-8
14792.0,0.9999997250098401,2.6477023946822984E-7,1.021858912355458E-8,1.3312856773481083E-12
15511.0,0.9999984358780662,1.0865408352250205E-6,4.77575477111555E-7,5.621529492217991E-12
