15572.0,0.9966472184838516,0.003310295870900328,4.184509456071893E-5,6.405506873008823E-7
15277.0,0.9964034372435845,0.003566927415145807,2.9493681898749665E-5,1.4165937091737705E-7
15038.0,0.010199896395555262,0.3075530432765147,0.5818648493183434,0.1003822110095866
14230.0,0.995819578587148,0.0041264514958655255,5.3074491880969346E-5,8.95425105616701E-7
14488.0,0.9898279289552893,0.010054909317490455,1.1522672270045852E-4,1.935004520025107E-6
14731.0,0.9956866586947608,0.0042582609125329405,5.388266451568449E-5,1.1977281904571439E-6
15419.0,0.4507814759918301,0.1481605005911413,0.24571962509197187,0.1553383983250567
15656.0,0.9945418651542052,0.005402231840202259,4.989617026975219E-5,6.006835323099272E-6
15170.0,0.9965444268551058,0.0034232214833568473,3.19885668632295E-5,3.630946739209451E-7
14929.0,0.9949607127092976,0.00499219200372924,4.5680928796157683E-5,1.4143581768779923E-6
14201.0,0.9874910049832043,0.012365401674291841,1.3982853607145395E-4,3.7648064325108057E-6
14455.0,0.010518825295926038,0.08524753430858246,0.25126443384717123,0.6529692065483204
14692.0,0.02024803729691494,0.9797228390516264,2.8772577204370463E-5,3.510742542637337E-7
15626.0,0.9939853975680341,0.005960450325061628,5.3513347093644056E-5,6.387598107054001E-7
15385.0,0.9931790938574372,0.006557302347663351,2.596797439377023E-4,3.9240509618570454E-6
14963.0,0.9365365902193098,0.06182288879633121,0.001513577484818199,1.2694349954088622E-4
15200.0,0.9857174225315125,0.014123203009354242,1.574754652525396E-4,1.8989938808933152E-6
14662.0,0.9963499640426012,0.0036188519145773606,3.064958159015265E-5,5.344612310744494E-7
14421.0,0.1642951973877241,0.8352431584281421,3.9561688448264565E-4,6.602729965116365E-5
14171.0,3.4348009079325894E-4,0.6006354231479105,0.22619482303355332,0.1728262737277431
15606.0,0.9542495545505564,0.04513701614832127,5.998222836042321E-4,1.3607017518028927E-5
15004.0,0.9934802352466279,0.00645876854952619,6.0226810844685444E-5,7.693930012498653E-7
15247.0,0.9950863022602198,0.004870897425688028,4.058636537505943E-5,2.213948717175775E-6
13991.0,0.9839609008929417,0.014477860784871408,0.0015544928322077409,6.745489978960743E-6
14761.0,0.02493613980013249,0.908116273132795,0.062409533345159834,0.004538053721912829
14522.0,0.8799227743151558,0.11840907620804339,0.001584031596665815,8.411788013508717E-5
14260.0,0.9958221879945023,0.003964475641366979,2.0265387545519628E-4,1.0682488675541927E-5
15453.0,0.786337689654914,0.20513899525357257,0.007750404798436046,7.729102930773384E-4
15694.0,0.9781478962445133,0.021569273833292022,2.8066899373320914E-4,2.160928461378827E-6
14353.0,0.9966572258533298,0.003300288380725573,4.161512847958715E-5,8.706374650100778E-7
14111.0,0.9789039644694204,0.017054394002024853,0.00396394409633601,7.769743221882913E-5
14594.0,0.996142917208366,0.00381679545978769,3.96184322288587E-5,6.688996176178978E-7
15140.0,0.9912430250999167,0.008611671545923384,1.3990398213669693E-4,5.399372023277815E-6
14903.0,0.9965757791783232,0.003380186109266179,4.3130021446394725E-5,9.046909640060499E-7
15538.0,0.9921285236230288,0.007792931699042556,7.597518074659712E-5,2.5694971820161384E-6
14590.0,0.9942381999968649,0.005708538466079067,5.165072035061757E-5,1.6108167054784432E-6
14320.0,0.991088356127897,0.008822051691588145,8.630075357292431E-5,3.2914269418841514E-6
14051.0,0.7428990639113308,0.2524567531490727,0.004260874553835904,3.8330838576059785E-4
14829.0,0.9679720739253018,0.03158114789324276,4.3980495517199447E-4,6.973226283312985E-6
15307.0,0.9964208469042342,0.0035295999130652666,4.917781776213997E-5,3.7536493858864175E-7
15064.0,0.07720976131134437,0.9216685506537229,9.519471049088353E-4,1.6974093002384324E-4
15747.0,0.012310515904175005,0.12367167431790198,0.5809924987553988,0.2830253110225242
15504.0,0.9965757791783232,0.003380186109266179,4.3130021446394725E-5,9.046909640060499E-7
14799.0,0.9950129994670031,0.004941687398196856,4.437740265682292E-5,9.357321433573197E-7
14017.0,0.9892116209852928,0.010571988310271726,2.117210273848373E-4,4.669677050541538E-6
14290.0,0.995819859748129,0.004134358704145199,4.171860054817024E-5,4.0629471774397075E-6
14556.0,0.9965421119009813,0.0034261561183482124,3.097050151882292E-5,7.614791516161498E-7
15098.0,0.9961607825251829,0.0038074471357356374,3.11715713945635E-5,5.987676869544786E-7
15337.0,0.9959133919513697,0.004047178266887923,3.896703126639385E-5,4.6275047585677913E-7
15724.0,0.9785003270695442,0.021184394821935137,2.988927361055936E-4,1.6385372415209724E-5
15487.0,0.995813914416822,0.004148485673888223,3.743124298424044E-5,1.686663055288233E-7
14624.0,0.9955921300361911,0.004358868758653257,4.8410183094572685E-5,5.910220609147547E-7
14141.0,0.9475489093367051,0.05130570856444178,0.0010992034173257904,4.6178681527398356E-5
14387.0,0.9961279202221607,0.0038260001220110336,4.571103331711791E-5,3.6862251116900015E-7
14869.0,0.896234337514189,0.0997162574699902,0.0035296463848388214,5.197586309818383E-4
15110.0,0.996142917208366,0.00381679545978769,3.96184322288587E-5,6.688996176178978E-7
15276.0,0.9928490676863652,0.0070813288908392,6.827046871403484E-5,1.3329540814816508E-6
15039.0,0.9945976170138061,0.005354252394993262,4.780886951466794E-5,3.2172168588349684E-7
14489.0,0.9909098590293209,0.00897678973187418,1.1092422872086335E-4,2.4270100840019846E-6
14231.0,0.9572244476416185,0.04216606670434261,6.0730527029985E-4,2.1803837390309378E-6
14730.0,0.9965421119009813,0.0034261561183482124,3.097050151882292E-5,7.614791516161498E-7
15573.0,0.9962304980047362,0.0037386553512884133,2.9904794220833655E-5,9.41849754423216E-7
15171.0,0.9856367287602541,0.013725359237417065,6.079693507606426E-4,2.994265156826298E-5
14928.0,0.9957412939896236,0.004212041868793609,4.6306798774802846E-5,3.5734280788735247E-7
14454.0,0.993635549167904,0.005686093076903086,6.734790316290419E-4,4.878723563840667E-6
14200.0,0.9934452240996077,0.006492734089430546,6.088692831996178E-5,1.1548826418635903E-6
14693.0,0.9699635251620938,0.029633141756301693,3.8812756034890377E-4,1.5205521255374854E-5
15418.0,0.996142917208366,0.00381679545978769,3.96184322288587E-5,6.688996176178978E-7
15657.0,0.9931263395144103,0.006809169976186885,6.34126860490072E-5,1.0778233537429574E-6
14962.0,0.9946388632515395,0.005312582437928454,4.748245804518698E-5,1.071852486980622E-6
15201.0,0.9940403702816788,0.005903901966124871,5.501532332669798E-5,7.124288694950696E-7
14663.0,1.1416094760359403E-4,0.05830897741698188,0.6824644714502126,0.25911239018520194
14170.0,0.9939962034743578,0.005877273164259426,1.2506750451769542E-4,1.455856864938092E-6
14420.0,0.8185799133472951,0.16259699084383256,0.012196838113853505,0.006626257695018728
15627.0,0.0020349021824002163,0.022265185064052635,0.970039664710011,0.005660248043536214
15384.0,0.8906381491637189,0.10760850817746705,0.0016491471874215966,1.0419547139247214E-4
15005.0,0.03503408920042156,0.9646819959213937,2.5140301711272403E-4,3.251186107212725E-5
15246.0,0.028913780177191924,0.9699790933533416,6.547457338744757E-4,4.523807355919415E-4
14760.0,0.9072590332250882,0.09152738802699667,0.0011448436298704364,6.873511804494795E-5
13990.0,0.8505758589667176,0.14777242532493282,0.0016338080755210216,1.7907632828466353E-5
14261.0,3.7626929695664334E-5,0.0023510783468849456,0.14165509927626208,0.8559561954471573
14523.0,0.9916856295301354,0.008224075362597668,9.00442332637374E-5,2.508740030600196E-7
15607.0,0.038175618540685574,0.4136058648503691,0.40925449834558925,0.138964018263356
14110.0,0.018201478925096472,0.40974444174708347,0.40991416457353574,0.1621399147542844
14352.0,0.01206368303121494,0.9861135390373338,0.001748496501958764,7.428142949245515E-5
14595.0,0.9959269440784425,0.004032143649521594,4.056672741466664E-5,3.45544621163961E-7
15141.0,0.995819578587148,0.0041264514958655255,5.3074491880969346E-5,8.95425105616701E-7
14902.0,0.6101901616446153,0.38454141746809256,0.0048349214869269595,4.334994003651227E-4
15452.0,0.9908959723917894,0.009011117638693448,9.153294032122559E-5,1.3770291956522148E-6
15695.0,0.9946888003703512,0.005263548409223807,4.671842601742684E-5,9.327944074892427E-7
14321.0,0.9936459128023498,0.0062935031114657956,5.8739917053333114E-5,1.8441691309881246E-6
14591.0,0.9921921402914807,0.007732113065206849,7.304873733157695E-5,2.6979059807868624E-6
14828.0,0.8243021656116636,0.17354196972286132,0.0021004937812789727,5.537088419595202E-5
14050.0,0.9363517227398567,0.06281956852530947,8.266380112877574E-4,2.0707235460388106E-6
15306.0,0.0063775427960092255,0.04519037047466408,0.24246421908908317,0.7059678676402436
15065.0,0.9918554223702225,0.00806145991705048,8.283876260400034E-5,2.789501229267604E-7
15539.0,0.993404374998153,0.006530508308924265,6.501414224660424E-5,1.0255067618471226E-7
14016.0,0.9243173823041557,0.05485038605020627,0.020585760746299107,2.464708993389788E-4
14798.0,0.9955921300361911,0.004358868758653257,4.8410183094572685E-5,5.910220609147547E-7
14557.0,0.225325035411637,0.15541612345571384,0.06927693300488091,0.5499819081277681
14291.0,0.0450719786818862,0.9529285047913679,0.0019263711391937829,7.314538755209185E-5
15099.0,0.9834344598344007,0.016352805971270805,2.0068063844673467E-4,1.2053555881921236E-5
15336.0,0.9961279202221607,0.0038260001220110336,4.571103331711791E-5,3.6862251116900015E-7
15746.0,0.9957826773539803,0.004179732326670378,3.737250108646619E-5,2.1781826294570678E-7
15505.0,0.9961182157953961,0.0038340791872003865,4.6939722119822915E-5,7.65295283685985E-7
14625.0,0.9901502490741749,0.00974811675205749,1.0030208902428195E-4,1.3320847433755606E-6
14386.0,0.5756369373156255,0.4215502753359866,0.002751015795659881,6.177155272782944E-5
14140.0,0.8977116070932758,0.1000640236477284,0.002214018962369245,1.0350296626586123E-5
14868.0,0.9928334919038703,0.00700874138611584,1.5486565470277218E-4,2.9010553110862037E-6
15111.0,0.9832190635667915,0.016584900950974618,1.9213439777762556E-4,3.901084456412712E-6
15725.0,0.9952681818892896,0.00468830236345062,4.288209199608891E-5,6.336552635592121E-7
15486.0,6.085655155181916E-5,0.22441441552756916,0.1590770030673714,0.6164477248535074
15658.0,0.8784583498831361,0.10561821955255084,0.010750113144282595,0.005173317420030604
15417.0,0.9946286009650517,0.005320766391600274,4.9360931826393324E-5,1.2717115216641964E-6
14931.0,0.9961279202221607,0.0038260001220110336,4.571103331711791E-5,3.6862251116900015E-7
15168.0,0.010608180317671285,0.05656786257339342,0.6556803971304223,0.277143559978513
14694.0,0.996083392066922,0.0038842395172246965,3.178680487725917E-5,5.816109758651234E-7
14203.0,0.757362300463727,0.23521464755687338,0.006341443763644353,0.001081608215755426
14453.0,0.9937764242806001,0.006165095253311588,5.747964515584397E-5,1.0008209325093899E-6
15574.0,0.9809473262433481,0.018787512199788785,2.269300689077771E-4,3.823148795534322E-5
15036.0,0.394945958449105,0.6033803585714024,0.001660478344626655,1.3204634865875433E-5
15279.0,0.9313543640650861,0.06767380547873028,9.114323428425982E-4,6.0398113340999706E-5
14729.0,0.9966472184838516,0.003310295870900328,4.184509456071893E-5,6.405506873008823E-7
13959.0,0.9960993208481358,0.0038673734752228705,3.3053754670520916E-5,2.51921970620328E-7
14228.0,0.02707497098267496,0.9705498921035028,0.0011106823001651152,0.0012644546136570038
14490.0,0.04123189404468293,0.9584452745383696,2.1850857270696775E-4,1.0432284424041356E-4
15604.0,0.992439831443995,0.00748739331614814,7.08578973765594E-5,1.91734248049649E-6
15245.0,0.5064949715431143,0.460080996551241,0.020983168695401365,0.012440863210243376
15006.0,0.012114414803947822,0.9878300470471844,4.564353157788372E-5,9.894617290005562E-6
14520.0,0.9947997432250572,0.005152017435055106,4.66048913156762E-5,1.6344485719735675E-6
14262.0,0.00182144829951878,0.021710675526427234,0.288001581503173,0.688466294670881
13989.0,0.9436549485901159,0.05540559590796973,9.103611326256126E-4,2.9094369288913074E-5
14763.0,0.9541072807064298,0.045135075640283136,6.871744309791493E-4,7.046922230789993E-5
15387.0,0.9961310100414011,0.003819133516138322,4.956539363016343E-5,2.9104883056250176E-7
15624.0,0.9957412939896236,0.004212041868793609,4.6306798774802846E-5,3.5734280788735247E-7
15202.0,0.9954412313369551,0.004512257986049607,4.5494191395449675E-5,1.016485599788336E-6
14961.0,0.996142917208366,0.00381679545978769,3.96184322288587E-5,6.688996176178978E-7
14423.0,0.9966472184838516,0.003310295870900328,4.184509456071893E-5,6.405506873008823E-7
14169.0,0.9943885179903335,0.0055602486673319625,4.957901155592601E-5,1.6543307785684013E-6
14660.0,0.9961310100414011,0.003819133516138322,4.956539363016343E-5,2.9104883056250176E-7
15536.0,0.996010847217186,0.003934707758005791,5.3702304017869935E-5,7.427207903376763E-7
14049.0,0.996134729529825,0.003831568466153355,3.33018300667753E-5,4.0017395498172115E-7
14831.0,0.9959306576541507,0.004034976690234571,3.418095473202125E-5,1.8470088253915175E-7
14588.0,0.001376428549743627,0.13903116070995694,0.6034321846673696,0.2561602260729299
14322.0,0.9858738037092467,0.01396615146325399,1.5251528294556665E-4,7.529544553810013E-6
15066.0,0.9214755741968906,0.07679102896640876,0.001493546342241883,2.3985049445872828E-4
15305.0,0.995813914416822,0.004148485673888223,3.743124298424044E-5,1.686663055288233E-7
15692.0,0.040156883740647874,0.1368724571200434,0.6957564095476868,0.1272142495916218
15455.0,0.9948286544363631,0.005121456795722975,4.952361977158327E-5,3.65148142339982E-7
14592.0,0.995498678257059,0.004400714266024928,9.991968003465871E-5,6.877968813826823E-7
14355.0,0.9966472184838516,0.003310295870900328,4.184509456071893E-5,6.405506873008823E-7
14109.0,0.988677979453627,0.011199359711932757,1.2181874326406663E-4,8.420911762028061E-7
14901.0,0.9892485025097902,0.010625959330848969,1.2386320645520692E-4,1.6749529055758924E-6
15142.0,0.8522186745120749,0.1461280313477198,0.0015973845885829954,5.590955162238214E-5
15485.0,0.8605723967416976,0.11933731710173139,0.00922013017392729,0.010870155982643723
15726.0,0.4355528559679726,0.555994383294546,0.007413401120865391,0.0010393596166160329
14143.0,0.0021445727255696642,0.30025935824451405,0.252251523160641,0.4453445458692754
14385.0,0.9940479560010589,0.005897552196770726,5.273110070478526E-5,1.7607014655315537E-6
14626.0,0.9946989164189668,0.005254458953426378,4.6313963451038684E-5,3.1066415572544586E-7
15108.0,0.9854206377905561,0.014402507561354135,1.7329401420155207E-4,3.5606338882539874E-6
14871.0,0.990454436488803,0.00943108682942233,1.121903430737066E-4,2.2863387008412056E-6
15506.0,0.9955921300361911,0.004358868758653257,4.8410183094572685E-5,5.910220609147547E-7
15745.0,0.9876089754219877,0.012241897000483748,1.421610799961554E-4,6.966497532491113E-6
14288.0,0.9910667900581313,0.008829877347604528,9.796949464065947E-5,5.363099623824426E-6
14558.0,0.9921465536068605,0.0077763142050915925,7.681070144085668E-5,3.214866070091634E-7
14797.0,0.9930151555548503,0.0069104273646990195,7.395460360310506E-5,4.6247684745734146E-7
14019.0,0.9957820902293263,0.004181789604670368,3.5468971347331026E-5,6.511946559448703E-7
15339.0,1.0567185963683882E-4,0.02419597941977909,0.28816932455053895,0.6875290241700451
15096.0,0.993814923130854,0.006125832912911469,5.353094749905588E-5,5.713008735657329E-6
14930.0,0.9965757791783232,0.003380186109266179,4.3130021446394725E-5,9.046909640060499E-7
15169.0,0.9966472184838516,0.003310295870900328,4.184509456071893E-5,6.405506873008823E-7
14695.0,0.992714885969048,0.007212208486731473,7.262972092783034E-5,2.758232925759929E-7
14452.0,0.9932212283219298,0.006704201045474529,7.246826522479598E-5,2.1023673707779574E-6
14202.0,0.991067086879435,0.008842589940718895,8.852245505881443E-5,1.8007247871210065E-6
15659.0,0.9933656423794922,0.006530956008052195,1.0196335249340239E-4,1.4382599622952142E-6
15416.0,0.9948585368597291,0.005093650137774185,4.7094193228208906E-5,7.188092687101136E-7
15037.0,0.9323879205835973,0.06670743927834795,8.919944614604537E-4,1.264567659428081E-5
15278.0,0.9944544086707725,0.005496047956489029,4.9146383915028E-5,3.9698882328697225E-7
14728.0,0.9968128039570865,0.0031551073278729873,3.1614893815784616E-5,4.738212248557034E-7
14491.0,0.9942318736621556,0.005645034355850852,1.2119289182060443E-4,1.8990901731780834E-6
14229.0,0.996142917208366,0.00381679545978769,3.96184322288587E-5,6.688996176178978E-7
15575.0,0.9960646758368293,0.003896099657660279,3.679935015059298E-5,2.425155359883581E-6
15244.0,0.9958405185457838,0.004124169698631185,3.4241421189042756E-5,1.0703343959406816E-6
15007.0,0.9960561910913284,0.0038913804802535538,5.20471767180958E-5,3.8125169995926696E-7
14263.0,0.9962097352563661,0.003752076595982419,3.7940505579747595E-5,2.4764207161431303E-7
14521.0,0.9951816335858686,0.004776672173344084,4.109763099460158E-5,5.966097928518876E-7
14762.0,0.993609229524558,0.006330662590770621,5.888935128732441E-5,1.2185333842623884E-6
13988.0,0.9049608052960303,0.08712475493521818,0.006164437053547145,0.0017500027152044409
15605.0,0.9848556461651109,0.0149662058907102,1.7715538360743298E-4,9.925605715521948E-7
15203.0,0.9965421119009813,0.0034261561183482124,3.097050151882292E-5,7.614791516161498E-7
14960.0,0.9924923102305995,0.007431559980316293,7.29286900807923E-5,3.2010990034774018E-6
14168.0,0.996142917208366,0.00381679545978769,3.96184322288587E-5,6.688996176178978E-7
14422.0,0.9952280646919511,0.004728330016027266,4.2237905738423765E-5,1.3673862830965786E-6
14661.0,0.9966472184838516,0.003310295870900328,4.184509456071893E-5,6.405506873008823E-7
15386.0,0.995813914416822,0.004148485673888223,3.743124298424044E-5,1.686663055288233E-7
15625.0,0.9804041784451348,0.01934258946745168,2.5279248957627666E-4,4.395978370590988E-7
14830.0,0.0363867950896633,0.9630342576976015,5.282283579362539E-4,5.071885479903082E-5
14048.0,0.9964208469042342,0.0035295999130652666,4.917781776213997E-5,3.7536493858864175E-7
14323.0,0.10783086265383393,0.8900723941532384,0.001440886285669129,6.558569072585772E-4
14589.0,0.9959332947188432,0.00402461304009147,4.06802173379851E-5,1.4120237272975171E-6
15067.0,0.9959999985880008,0.003961927962237544,3.613437539451798E-5,1.9390743673332034E-6
15304.0,0.9961206551241465,0.0038430151090845972,3.561064168143997E-5,7.191250875502223E-7
15537.0,0.98856349292028,0.011197577457365543,1.8925284701977612E-4,4.9676775334648294E-5
14593.0,0.5775221744438268,0.26866630394531993,0.029329509479678773,0.12448201213117453
14108.0,0.9961181960165416,0.003848537388056235,3.130277526991273E-5,1.9638201321548697E-6
14354.0,0.9938402934025383,0.006102763766728917,5.604216588350999E-5,9.00664849437451E-7
14900.0,0.9604037594388837,0.03905306313735482,5.357127668773821E-4,7.464656884075874E-6
15143.0,0.9964185219409478,0.003549318601963897,3.186507087135026E-5,2.9438621706906836E-7
15693.0,0.9964789279460399,0.0034911235389993114,2.9230477123600255E-5,7.180378373397521E-7
15454.0,0.9783037007777238,0.020932866546139496,6.511619633824814E-4,1.1227071275447735E-4
14384.0,0.9959693514081438,0.003995588122286314,3.3929357287921166E-5,1.1311122821126854E-6
14142.0,0.9862244012304704,0.013616799650688849,1.5230585227931796E-4,6.4932665613614555E-6
14627.0,0.49724689796589266,0.5000801266082967,0.002620167753505218,5.280767230517647E-5
15109.0,0.9364125428451385,0.062258048877474575,0.0012579055512075797,7.150272617940462E-5
14870.0,0.11828072864707848,0.8812986085492369,3.984642734670313E-4,2.2198530217554724E-5
15484.0,0.9961279202221607,0.0038260001220110336,4.571103331711791E-5,3.6862251116900015E-7
15727.0,0.9961279202221607,0.0038260001220110336,4.571103331711791E-5,3.6862251116900015E-7
14559.0,0.8242416691194369,0.1738117979164454,0.0019004574833066965,4.607548081094133E-5
14289.0,0.9965421119009813,0.0034261561183482124,3.097050151882292E-5,7.614791516161498E-7
14018.0,0.9918418568936721,0.008076099808796191,8.073683285550878E-5,1.3064646761900779E-6
14796.0,0.995819578587148,0.0041264514958655255,5.3074491880969346E-5,8.95425105616701E-7
15338.0,0.9838050948736915,0.015940606461611304,2.5056433482824683E-4,3.734329868865552E-6
15097.0,0.9849918340404856,0.014727254149434335,2.72839333551941E-4,8.072476528271429E-6
15507.0,0.9730316544186122,0.026602980544328993,3.6099376463880767E-4,4.3712724201142E-6
15744.0,6.091439883357007E-4,0.07690990080420308,0.5293934883756626,0.3930874668317988
15630.0,0.9958440975801907,0.004106697756755974,4.8666698453671233E-5,5.379645995806308E-7
15389.0,0.028773232658307567,0.1474423439110799,0.7201252817449829,0.10365914168562956
14658.0,0.9961222269530672,0.0038433751930150445,3.370074828964517E-5,6.971056280574569E-7
14417.0,0.9949903591839199,0.004961540873141873,4.589606564542945E-5,2.2038772929740976E-6
14175.0,0.9951844159476669,0.004773336213972187,4.1932389194512885E-5,3.1544916612496015E-7
14967.0,0.9961310100414011,0.003819133516138322,4.956539363016343E-5,2.9104883056250176E-7
15204.0,0.9961607825251829,0.0038074471357356374,3.11715713945635E-5,5.987676869544786E-7
15602.0,0.23087393838721493,0.4747295500560523,0.09974150304838673,0.19465500850834613
13987.0,0.9965421119009813,0.0034261561183482124,3.097050151882292E-5,7.614791516161498E-7
14765.0,0.9624568798723819,0.03697752002719127,5.531706185258202E-4,1.2429481901006349E-5
14526.0,0.984894445790533,0.014921605248397822,1.8156598264098262E-4,2.3829784281894436E-6
14256.0,0.994791981045954,0.005153348519488926,5.43041739740505E-5,3.662605829322704E-7
15000.0,0.9512539217560381,0.04765467058311471,0.0010692275995255328,2.2180061321860358E-5
15243.0,0.12969852137472196,0.8420844060701312,0.006187682106824261,0.02202939044832257
15568.0,0.9966472184838516,0.003310295870900328,4.184509456071893E-5,6.405506873008823E-7
14226.0,0.9709986621206737,0.028459233914521275,5.352857458028658E-4,6.81821900219967E-6
14492.0,0.9925525087330984,0.007375534957690422,7.16601319104034E-5,2.96177300778473E-7
14735.0,0.9063423894057401,0.03687237774705235,0.05644382717700899,3.41405670198558E-4
15273.0,0.9900095813458771,0.009884751578302852,1.041281519782378E-4,1.538923841761656E-6
15034.0,0.9761574184357417,0.008696862473373285,0.013927960316674556,0.0012177587742104908
15423.0,0.9912689995136578,0.008642409555219025,8.692072809034831E-5,1.6702030327452089E-6
15660.0,0.996404300397809,0.0035537393063853743,4.061502974365611E-5,1.3452660619872716E-6
14205.0,0.9965421119009813,0.0034261561183482124,3.097050151882292E-5,7.614791516161498E-7
14451.0,0.996142917208366,0.00381679545978769,3.96184322288587E-5,6.688996176178978E-7
14688.0,0.9961310100414011,0.003819133516138322,4.956539363016343E-5,2.9104883056250176E-7
15174.0,0.0077635633127195545,0.5575333248286959,0.4056751046121508,0.02902800724643375
14933.0,1.639473563096823E-4,0.029985001119990737,0.4975105705398307,0.4723404809838688
15751.0,0.995530353376286,0.004429643560624004,3.8637327532843515E-5,1.3657355570757318E-6
15508.0,0.1309361010169626,0.7648802385649079,0.006254508132797389,0.09792915228533203
15102.0,0.7767588816207807,0.22120872919295614,0.0019724376971881324,5.995148907503318E-5
15341.0,0.9958440975801907,0.004106697756755974,4.8666698453671233E-5,5.379645995806308E-7
14795.0,0.9926672697495903,0.007259817485036076,7.232069116106631E-5,5.920742125622501E-7
14021.0,0.9915284946165157,0.008368971464887827,1.0155918706374806E-4,9.747315327300007E-7
14294.0,0.9158220502782125,0.08143051697539261,0.0026596637715894673,8.776897480525242E-5
14552.0,0.996142917208366,0.00381679545978769,3.96184322288587E-5,6.688996176178978E-7
15720.0,0.9961279202221607,0.0038260001220110336,4.571103331711791E-5,3.6862251116900015E-7
15483.0,0.9957412939896236,0.004212041868793609,4.6306798774802846E-5,3.5734280788735247E-7
14865.0,0.9445142856354805,0.052309541958523685,0.002721319333526453,4.548530724694435E-4
15106.0,0.99385430292107,0.00608747638144388,5.475792386978765E-5,3.462773616414707E-6
14628.0,0.9437745566327557,0.05537805170903604,8.366214049970401E-4,1.0770253211052319E-5
14137.0,0.4555165536775364,0.5409756351023607,0.003327392196631781,1.8041902347119002E-4
14391.0,0.9952280646919511,0.004728330016027266,4.2237905738423765E-5,1.3673862830965786E-6
15449.0,0.9955921300361911,0.004358868758653257,4.8410183094572685E-5,5.910220609147547E-7
15690.0,0.9965421119009813,0.0034261561183482124,3.097050151882292E-5,7.614791516161498E-7
15136.0,0.995837455390093,0.004126623229632535,3.450100586833173E-5,1.4203744060519868E-6
14899.0,0.9939890940175997,0.00595472292163267,5.47992060541117E-5,1.383854713570616E-6
14357.0,0.03801384416154322,0.9573308326482588,0.002499958701275489,0.002155364488922389
14107.0,0.04011252929123491,0.15919907316915693,0.6052458668830154,0.19544253065659273
14598.0,0.43332943473276836,0.5478092767533124,0.007024250689578344,0.011837037824341007
15542.0,0.0023079286272763826,0.003985092237886003,0.9734475726103233,0.020259406524514315
15311.0,3.5272462277426776E-4,0.006250914908723817,0.1771101042822219,0.8162862561862799
15068.0,1.9686589191296583E-5,0.005477827041132739,0.2563386638236286,0.7381638225460474
14586.0,0.9571122130165106,0.032966740372221366,0.008093808456017643,0.0018272381552504316
14324.0,0.994944469542475,0.005011697430923894,4.273460479497009E-5,1.0984218061002288E-6
14055.0,0.9952101154228518,0.004733402204651962,5.549062978051246E-5,9.917427157685545E-7
14825.0,0.9888976816416267,0.010926232791014331,1.7164775069537273E-4,4.4378166634927615E-6
14659.0,0.05513869615851824,0.5803642702053933,0.35559499590050325,0.008902037735585178
14174.0,0.9961279202221607,0.0038260001220110336,4.571103331711791E-5,3.6862251116900015E-7
14416.0,0.9955829421239044,0.004379614259647032,3.710285629619936E-5,3.407601525737287E-7
14966.0,0.9717657732396772,0.025126576108768214,0.003028508874736347,7.914177681816695E-5
15205.0,0.9957200120727054,0.004240238661971181,3.5358283462374954E-5,4.390981860795416E-6
15631.0,0.9343910697733742,0.06421956842649434,0.001331455190445985,5.790660968557527E-5
15388.0,0.9658454819165873,0.03183225529501044,0.0022797776962022015,4.2485092200058376E-5
14764.0,0.0037003446929280447,0.38957447607055806,0.3490935699189479,0.25763160931756585
13986.0,0.04607437707345039,0.1833758557392601,0.6380225130070979,0.1325272541801917
14257.0,0.06383021207146117,0.20718094550297042,0.004352131048143612,0.7246367113774249
14527.0,0.8030404655466702,0.19508216696466157,0.001849442720825682,2.792476784270714E-5
15001.0,0.9959772360269421,0.003987344986427556,3.505913077658078E-5,3.598558538117275E-7
15242.0,0.9716790280625667,0.027952283460876033,3.639411659438262E-4,4.7473106134728796E-6
15603.0,0.9950864440155572,0.004870094093278763,4.30150976927515E-5,4.4679347125425773E-7
14493.0,0.996752121791574,0.003196870028298059,5.038228449464972E-5,6.258956333708938E-7
14227.0,0.9872709206927297,0.012585902166324511,1.4190711053724291E-4,1.2700304086429765E-6
14734.0,0.996142917208366,0.00381679545978769,3.96184322288587E-5,6.688996176178978E-7
15272.0,0.9941083944301016,0.00583775416470262,5.137658197749682E-5,2.474823218213664E-6
15035.0,0.024659326872612863,0.974674075806986,4.586331224700147E-4,2.0796419793135462E-4
15569.0,0.9921465536068605,0.0077763142050915925,7.681070144085668E-5,3.214866070091634E-7
14450.0,0.9961310100414011,0.003819133516138322,4.956539363016343E-5,2.9104883056250176E-7
14204.0,0.9950236095133251,0.004931622034866455,4.435365966030866E-5,4.147921481589068E-7
14689.0,0.9642727113854014,0.03524052985201184,4.7868931808811E-4,8.069444498716292E-6
15175.0,0.9858759706433093,0.013958280461466872,1.6388025945976743E-4,1.8686357639227609E-6
14932.0,0.9965757791783232,0.003380186109266179,4.3130021446394725E-5,9.046909640060499E-7
15422.0,0.9911704881999637,0.008071542220683233,7.461216595481862E-4,1.1847919804817426E-5
15661.0,0.06193592542718456,0.9301636839664466,0.0029750995751658175,0.004925291031203132
15103.0,0.9965757791783232,0.003380186109266179,4.3130021446394725E-5,9.046909640060499E-7
15340.0,0.9721847382334327,0.027247520148221297,5.398931787338766E-4,2.784843961210877E-5
14020.0,0.9549360593036281,0.04444215142005965,5.845103211194326E-4,3.7278955192899235E-5
14794.0,0.9956698766045093,0.0042597737322695355,6.973518692588097E-5,6.144762950952678E-7
14553.0,0.9895019712022877,0.010388425402010442,1.0753425649322693E-4,2.0691392085572953E-6
14295.0,0.9908510156079718,0.00903971202155771,1.0165334631579628E-4,7.619024154696826E-6
15750.0,0.995819578587148,0.0041264514958655255,5.3074491880969346E-5,8.95425105616701E-7
15509.0,0.9876145328809073,0.011052857063681113,0.0013149722218809587,1.763783353041585E-5
14864.0,0.9939824733929762,0.0059551354345220905,5.7517664108548094E-5,4.8735083931912485E-6
15107.0,0.995819578587148,0.0041264514958655255,5.3074491880969346E-5,8.95425105616701E-7
14629.0,0.9902508505122191,0.009648852446845083,9.890269323817953E-5,1.3943476979066256E-6
14390.0,0.993342930276755,0.003398055048151471,0.0031546375673589203,1.0437710773437458E-4
14136.0,0.995813914416822,0.004148485673888223,3.743124298424044E-5,1.686663055288233E-7
15721.0,0.996142917208366,0.00381679545978769,3.96184322288587E-5,6.688996176178978E-7
15482.0,0.9964104792959562,0.0035576403672380875,2.9816893176709294E-5,2.0634436290807097E-6
15137.0,0.9947796422854476,0.005166615342342588,4.909354987921947E-5,4.6488223306493945E-6
14898.0,0.995819578587148,0.0041264514958655255,5.3074491880969346E-5,8.95425105616701E-7
14106.0,0.9934529606424912,0.00648187891885979,6.291630219483165E-5,2.2441364540633646E-6
14356.0,0.9953315870995961,0.004625180965455411,4.184679309813257E-5,1.3851418503432307E-6
14599.0,0.972467314456539,0.026990947878098536,5.193637927614509E-4,2.2373872600791636E-5
15448.0,0.9955921300361911,0.004358868758653257,4.8410183094572685E-5,5.910220609147547E-7
15691.0,0.9931521607778463,0.006782184485169875,6.416825178632948E-5,1.4864851975217126E-6
15310.0,0.9876422493576278,0.012215189689937954,1.3845231695429873E-4,4.108635480009271E-6
15069.0,0.9752679330076242,0.02434583504885366,3.3709381613470475E-4,4.913812738766585E-5
14325.0,0.9948307966798611,0.005122642865445988,4.4987909138182476E-5,1.5725455546184288E-6
14587.0,0.9945698664406467,0.005379101055665369,4.9321263432430307E-5,1.7112402554183886E-6
14824.0,0.9960587110918975,0.003906743582945688,3.445542550247196E-5,8.98996543999225E-8
14054.0,0.996180696068751,0.003762216606316215,5.5596977458996936E-5,1.4903474737513668E-6
15543.0,0.9719540086161055,0.02647468077914084,0.0015576734776508608,1.3637127102889394E-5
15600.0,0.9937893575297516,0.006152350129803899,5.720601838958335E-5,1.086322054987037E-6
14524.0,0.9965757791783232,0.003380186109266179,4.3130021446394725E-5,9.046909640060499E-7
14258.0,0.9922699379976201,0.007624612571458266,1.0231583752681086E-4,3.1335933949682246E-6
13985.0,0.992600781800508,0.007320561424705812,7.784343750132668E-5,8.133372850081788E-7
14767.0,0.9922073208823528,0.007716326631312469,7.568416328426498E-5,6.683230504950839E-7
15241.0,0.29532779430346234,0.70342079301435,0.0011293402254549604,1.2207245673272776E-4
15002.0,0.09425364943869835,0.1314111617556846,0.03962108242604317,0.7347141063795739
15391.0,0.9968059025079377,0.003168007713863273,2.5604654005615266E-5,4.851241933450115E-7
15628.0,0.9968085426168475,0.0031565010717875927,3.4384727960642566E-5,5.715834042533229E-7
14419.0,0.9922230851248612,0.00768850533165764,8.490660833058552E-5,3.50293515057984E-6
14173.0,0.992681039311853,0.007245847216609106,7.057348058218858E-5,2.5399909555466773E-6
14656.0,0.07024582254396504,0.5312609079702113,0.33410375695005623,0.0643895125357674
15206.0,0.9966499539318834,0.003303820208110405,4.541275115350498E-5,8.131088527592146E-7
14965.0,0.994193590443661,0.00574711779267168,5.869758674325833E-5,5.941769239446979E-7
15662.0,0.9951308385291323,0.004788890335427332,7.844491743509179E-5,1.826218005072993E-6
15421.0,0.0017797711175655895,0.14319310095782592,0.11065278568211868,0.7443743422424899
14690.0,0.9963315231873824,0.0036382650018816397,2.9853590473779613E-5,3.5822026202478676E-7
14207.0,0.9965430519478161,0.003428661685039317,2.749816268493875E-5,7.882044597441299E-7
14449.0,0.9961279202221607,0.0038260001220110336,4.571103331711791E-5,3.6862251116900015E-7
14935.0,0.9913520203185491,0.008559596438214462,8.695606259869913E-5,1.427180637720616E-6
15172.0,0.9935751952401031,0.006360493086617038,6.384699352689563E-5,4.6467975285760445E-7
15570.0,0.9939674145943437,0.005973059463228334,5.322325342988419E-5,6.302688997858458E-6
14733.0,0.9942692699302046,0.005679227160328779,5.058130820749094E-5,9.21601259170674E-7
14224.0,0.011764479807400214,0.0043237043518412396,0.9096292971903366,0.07428251865042183
14494.0,0.996142917208366,0.00381679545978769,3.96184322288587E-5,6.688996176178978E-7
15032.0,0.9960465555577419,0.003919685915753583,3.3621593674374826E-5,1.3693283010275345E-7
15275.0,0.9586867162163599,0.013591537973997913,0.027139647327891186,5.820984817509044E-4
15481.0,0.9964757291556868,0.003495522522701977,2.7992105142849385E-5,7.562164681546856E-7
15722.0,0.9945976170138061,0.005354252394993262,4.780886951466794E-5,3.2172168588349684E-7
15104.0,0.9865555668606092,0.013291129163664048,1.5293059599619433E-4,3.7337973074367423E-7
14867.0,0.9954993399335663,0.004461581555412222,3.883726793638166E-5,2.412430852395897E-7
14139.0,0.05718413348080104,0.4001374908523813,0.005250361609397495,0.5374280140574202
14389.0,0.4362963806910481,0.4265782440475201,0.020997059876540918,0.1161283153848908
14630.0,0.995837455390093,0.004126623229632535,3.450100586833173E-5,1.4203744060519868E-6
15510.0,0.9926098043215426,0.0073166506986148605,7.272962328379408E-5,8.153565586998126E-7
15749.0,0.994648979093447,0.005292835354510633,5.7738967134159706E-5,4.465849081589237E-7
15343.0,0.007354596107717099,0.08556563835914084,0.23644814376293494,0.6706316217702072
15100.0,0.995819578587148,0.0041264514958655255,5.3074491880969346E-5,8.95425105616701E-7
14292.0,0.9939713942749926,0.005971375098793514,5.644017786332681E-5,7.904483503821486E-7
14554.0,0.9965757791783232,0.003380186109266179,4.3130021446394725E-5,9.046909640060499E-7
14793.0,0.9932147253579496,0.006717261721180433,6.730452811876888E-5,7.083927510857423E-7
14023.0,0.030419596805743337,0.04614063727415086,0.7315702631182301,0.19186950280187562
15540.0,0.9961063386482772,0.003851797297514628,4.0920054916068784E-5,9.439992919432356E-7
15070.0,0.9951113641521602,0.0048327208253386485,5.5450988377537684E-5,4.640341237612623E-7
15309.0,0.9966472184838516,0.003310295870900328,4.184509456071893E-5,6.405506873008823E-7
14053.0,0.9900108540807121,0.009872682032242367,1.0849139284457926E-4,7.972494200795336E-6
14827.0,0.9961310100414011,0.003819133516138322,4.956539363016343E-5,2.9104883056250176E-7
14584.0,0.995819578587148,0.0041264514958655255,5.3074491880969346E-5,8.95425105616701E-7
14326.0,0.9937087135779005,0.006230482733644617,6.037026091381872E-5,4.3342754096750195E-7
15688.0,5.778781879444602E-4,0.00769244905702388,0.5618873955455455,0.42984227720948615
15451.0,0.995819578587148,0.0041264514958655255,5.3074491880969346E-5,8.95425105616701E-7
14897.0,0.9440813032037846,0.055071814648684644,8.41709208076935E-4,5.172939453794612E-6
15138.0,0.9786806084317191,0.021047056819119874,2.666774203613644E-4,5.65732879967439E-6
14596.0,0.9964655865715902,0.003495506381985175,3.839755870559095E-5,5.094877189129289E-7
14359.0,0.9945976170138061,0.005354252394993262,4.780886951466794E-5,3.2172168588349684E-7
14105.0,0.9951970983032401,0.004760922002288782,4.1216395766178035E-5,7.632987049921692E-7
14259.0,0.9692988453966065,0.030160639864596637,5.296726739303545E-4,1.0842064866379863E-5
14525.0,0.995045475665345,0.004910151122101735,4.379192040176389E-5,5.812921515283398E-7
14766.0,0.9961565487006193,0.0038087330200074405,3.456077619539034E-5,1.5750317805254502E-7
13984.0,0.9694343305892206,0.030120893296082127,4.330147938626818E-4,1.1761320834628387E-5
15240.0,0.9938984760855438,0.006045988814912393,5.534188490887607E-5,1.932146348890654E-7
15003.0,0.9741861808510324,0.025467065955212156,3.347567532631787E-4,1.19964404923049E-5
15601.0,0.02988282849327913,0.9698213066804954,2.0899665717428114E-4,8.686816905142365E-5
14172.0,0.9920425167822795,0.007877647212831596,7.944852793052018E-5,3.8747695820330787E-7
14418.0,0.9955921300361911,0.004358868758653257,4.8410183094572685E-5,5.910220609147547E-7
14657.0,0.9710575197717133,0.02853166306944955,4.057515128621029E-4,5.065645974932612E-6
15207.0,0.9966499539318834,0.003303820208110405,4.541275115350498E-5,8.131088527592146E-7
14964.0,0.03473736495107333,0.7570047146646887,0.1566191364741414,0.05163878391009663
15390.0,0.993202378837306,0.00672699404243151,6.733869647958205E-5,3.2884237829757606E-6
15629.0,0.9880696289969593,0.011650703965399259,2.59527148381054E-4,2.0139889260525295E-5
14691.0,0.990823266569294,0.009081145004406741,9.015483172026115E-5,5.433594579150582E-6
14448.0,0.9457565817891029,0.053472206450350834,7.593239354742682E-4,1.1887825071963457E-5
14206.0,0.9958440975801907,0.004106697756755974,4.8666698453671233E-5,5.379645995806308E-7
14934.0,0.9405614342699635,0.058499197030687254,9.180055112280953E-4,2.1363188121195706E-5
15173.0,0.9960587110918975,0.003906743582945688,3.445542550247196E-5,8.98996543999225E-8
15663.0,0.8732451077500621,0.12511041310289878,0.0014695087585030076,1.7497038853621951E-4
15420.0,0.9832199897248519,0.016503188954642846,2.7291709328742023E-4,3.9042272178623555E-6
14732.0,0.8890496469346796,0.10640992033110279,0.004348920031500216,1.9151270271730483E-4
14495.0,0.9049411576056616,0.09294950434623106,0.0020758431567628934,3.3494891344459994E-5
14225.0,0.9941059827519463,0.005840388618957489,5.274219954450637E-5,8.864295517567285E-7
15033.0,0.9958260151791489,0.004127319669724152,4.4352789617976336E-5,2.312361509027046E-6
15274.0,0.9641434171247415,0.03535883311372526,4.901086506025641E-4,7.641110930712192E-6
15571.0,0.10679531168037554,0.882693525194626,0.004333812260992138,0.0061773508640063455
15105.0,0.9614320625472301,0.0380348850552309,5.25888939975068E-4,7.163457563993951E-6
14866.0,0.9966832946158948,0.0032771091143226874,3.90000111123651E-5,5.962586701325887E-7
14388.0,0.8231710952388566,0.1745538468584658,0.0022197807143071275,5.5277188370573764E-5
14138.0,0.9910718756218471,0.008834939236512797,9.151330314681724E-5,1.6718384935292956E-6
14631.0,0.9948564948340463,0.0050948017991266975,4.813501654629832E-5,5.683502806417084E-7
15480.0,0.009705654146894,0.12604690503152277,0.6513421253282515,0.21290531549333175
15723.0,0.9962914948376309,0.0036477193066164685,5.9202005581073865E-5,1.5838501717389039E-6
15342.0,0.9961310100414011,0.003819133516138322,4.956539363016343E-5,2.9104883056250176E-7
15101.0,1.2251545673759885E-4,0.007240626218123772,0.1104121272488446,0.8822247310762941
14555.0,0.9961310100414011,0.003819133516138322,4.956539363016343E-5,2.9104883056250176E-7
14293.0,0.9961310100414011,0.003819133516138322,4.956539363016343E-5,2.9104883056250176E-7
14022.0,0.9929362963918882,0.006991885641049138,6.848327547345183E-5,3.33469158925366E-6
14792.0,0.996142917208366,0.00381679545978769,3.96184322288587E-5,6.688996176178978E-7
15511.0,0.9951591329746122,0.004642265265206475,1.9690232102256906E-4,1.6994391586946368E-6
15748.0,0.036332021701055775,0.9634455669420176,2.0110684527645584E-4,2.1304511650248653E-5
15071.0,0.9940157898095476,0.005921398600246109,6.177193911372719E-5,1.0396510923195938E-6
15308.0,0.9965757791783232,0.003380186109266179,4.3130021446394725E-5,9.046909640060499E-7
14826.0,0.9746443927296158,0.024988617451398454,3.4858983422887744E-4,1.839998475684884E-5
14052.0,0.9921641096363633,0.007638145853062766,1.7407139417119496E-4,2.3673116402832396E-5
