15572.0,0.9999989765694077,1.01758547341971E-6,5.844231318020149E-9,8.875446794160747E-13
15277.0,0.9999950249178053,4.965311782275057E-6,9.74169918211876E-9,2.87131316549019E-11
15038.0,4.3840051466795504E-4,0.03497474517320916,0.9354635076325282,0.029123346679594663
14230.0,0.9999980542960264,1.9352577634932215E-6,1.0445333528792295E-8,8.763103857453223E-13
14488.0,0.9994542846622598,5.385622104710598E-4,6.992152598843284E-6,1.6097467022133253E-7
14731.0,0.9999951553637204,4.535507335685329E-6,3.0900976126395296E-7,1.1918273672951607E-10
15419.0,0.9744808903467647,0.02291602961267217,0.002559721190235982,4.335885032715949E-5
15656.0,0.997645555757596,0.0023524175035695575,2.0124246129326387E-6,1.4314221402912651E-8
15170.0,0.9879957455486014,0.011949205777083227,5.3761041940307444E-5,1.2876323753672326E-6
14929.0,0.9999733293056722,2.664875867319549E-5,2.1826401861995733E-8,1.0925270159987832E-10
14201.0,0.9998347581109772,1.6493848090484977E-4,3.024668421646079E-7,9.412755064698394E-10
14455.0,1.3543157684416873E-10,0.0012872771758194197,0.2743894965490272,0.7243232261397218
14692.0,0.07829098874448474,0.9180584795789337,0.0030519634723718417,5.98568204209756E-4
15626.0,0.999321977380553,6.77393345178348E-4,6.263216852821958E-7,2.952583543845633E-9
15385.0,0.9998147451436871,1.487787850712754E-4,3.6442935944395257E-5,3.3135297366519644E-8
14963.0,0.48372038647993554,0.509723312295207,0.005989532313064376,5.66768911793192E-4
15200.0,0.9997924796113925,2.0734865791241877E-4,1.7129317904626527E-7,4.3751600517874194E-10
14662.0,0.9973174494145631,0.0026653483669833,1.703358623555182E-5,1.6863221792509129E-7
14421.0,0.5219748791578196,0.47761152450637406,4.0352465735029447E-4,1.0071678455998458E-5
14171.0,5.689227141518034E-5,0.37432984369120087,0.5580156359007152,0.06759762813666878
15606.0,0.997645555757596,0.0023524175035695575,2.0124246129326387E-6,1.4314221402912651E-8
15004.0,0.99930281320555,6.964315344035586E-4,7.515867626017058E-7,3.673284027275564E-9
15247.0,0.9998560960561111,1.4356619147968457E-4,3.354792619815655E-7,2.2731471237611296E-9
13991.0,0.9999806847038449,1.4481186113378866E-5,4.832190407928675E-6,1.9196338459546996E-9
14761.0,0.018636668958170944,0.9582181897637003,0.022909261847498724,2.3587943062986728E-4
14522.0,0.47919590335479595,0.5195671631913097,0.001232765505323265,4.167948571088796E-6
14260.0,0.9999536997676611,4.5519675923731986E-5,7.801348586592905E-7,4.2155669185885483E-10
15453.0,0.13265822640096275,0.8502684349068796,0.01570174868048152,0.0013715900116762119
15694.0,0.9237211072913856,0.07616464021871074,1.1360387852085376E-4,6.486113828108074E-7
14353.0,0.9999977066865471,2.2220218719304207E-6,7.127721134678868E-8,1.436964314721527E-11
14111.0,0.9992992999343432,3.742368595565952E-4,3.2640193825910955E-4,6.12678411554345E-8
14594.0,0.9999982960966262,1.6813184603618975E-6,2.258144510583042E-8,3.4683822639716968E-12
15140.0,0.9994531935401569,5.2154917909612E-4,2.5236662639053404E-5,2.0618107854360048E-8
14903.0,0.9999985646491726,1.4272754684065172E-6,8.073906942572227E-9,1.4522367511430873E-12
15538.0,0.9990665439944213,9.328252158180445E-4,6.26448330934906E-7,4.341429559086467E-9
14590.0,0.995548568829939,0.004446108220791828,5.270254484835675E-6,5.269478419724911E-8
14320.0,0.9941794566429925,0.005813467639814515,6.847465931490992E-6,2.2825126158854318E-7
14051.0,0.032393616500560496,0.854935600644336,0.11126197562649749,0.0014088072286060674
14829.0,0.925298910770307,0.07359793381634412,0.0010758621026540835,2.7293310694743778E-5
15307.0,0.9999930751903482,6.856316373016538E-6,6.848105106378025E-8,1.2227684551861824E-11
15064.0,3.5132440849781606E-4,0.9972843082133118,0.002248622604872318,1.1574477331805932E-4
15747.0,5.908296395552423E-13,1.7975048151009572E-4,0.04777378220995307,0.9520464673079461
15504.0,0.9999985646491726,1.4272754684065172E-6,8.073906942572227E-9,1.4522367511430873E-12
14799.0,0.9995954020632342,4.040045882243249E-4,5.888299062550629E-7,4.51863535476337E-9
14017.0,0.9986332624302535,0.001348292322026126,1.8440930644892455E-5,4.3170756261027165E-9
14290.0,0.9990874426070804,9.116518130826372E-4,8.867123181326104E-7,1.8867519105313905E-8
14556.0,0.9999985762791285,1.41847447281959E-6,5.244127307405918E-9,2.271519896088866E-12
15098.0,0.999531634089907,4.679199505417301E-4,4.4144341682193586E-7,4.516134391053484E-9
15337.0,0.9999929133356258,7.023655847699204E-6,6.299467629005605E-8,1.3850263380415804E-11
15724.0,0.9675173213873456,0.032012475122590735,4.5176509405289993E-4,1.843839601073662E-5
15487.0,0.9999986923298771,1.297651371557342E-6,1.0017877646651481E-8,8.735562495618165E-13
14624.0,0.9999982313159091,1.7600741123268116E-6,8.607815787700312E-9,2.162729558125138E-12
14141.0,0.05990353347715476,0.9270687642592539,0.011338166622853937,0.0016895356407372849
14387.0,0.9999974011586829,2.582920882683538E-6,1.591971803869738E-8,7.163664431122788E-13
14869.0,0.02955942212945933,0.9579636011712384,0.012248641431220708,2.2833526808165367E-4
15110.0,0.9999982960966262,1.6813184603618975E-6,2.258144510583042E-8,3.4683822639716968E-12
15276.0,0.9968858899641135,0.0031099881036115657,4.096519639769964E-6,2.5412635016497535E-8
15039.0,0.9999546725915143,4.527535206961161E-5,5.196819416200737E-8,8.822182019317912E-11
14489.0,0.9913746566819474,0.008581113077044532,4.351794093864397E-5,7.123000693609462E-7
14231.0,0.923812479926065,0.07612180196623626,6.568753696386496E-5,3.057073495383555E-8
14730.0,0.9999986993658837,1.2958853299225523E-6,4.746724121150133E-9,2.0620803109797158E-12
15573.0,0.9994995519318015,5.00037314736629E-4,4.073707769576421E-7,3.382684774285365E-9
15171.0,0.16104126632894147,0.7313380470896985,0.10005748054184405,0.007563206039515918
14928.0,0.9999984979059048,1.4915326016625248E-6,1.0560697057606648E-8,7.965762117686999E-13
14454.0,0.99997840909964,1.7780955752865877E-5,3.8093019066237034E-6,6.427005741980596E-10
14200.0,0.9998175693394209,1.8219557231996327E-4,2.344695270661205E-7,6.187321552297593E-10
14693.0,0.9821429081921845,0.01716200582240579,6.850592111763761E-4,1.0026774233153755E-5
15418.0,0.9999983663673795,1.61206978645878E-6,2.1559518176519067E-8,3.3157287300726113E-12
15657.0,0.9998175478638536,1.822170223312078E-4,2.3449501882471826E-7,6.187963619741294E-10
14962.0,0.9954560983912984,0.004531998158114337,1.1540026932727725E-5,3.634236546159967E-7
15201.0,0.9999474783989927,5.246370449444565E-5,5.780617967651714E-8,9.033311330232745E-11
14663.0,2.9604264190919805E-11,0.004106645283113835,0.38372278528000026,0.6121705694072817
14170.0,0.9999802049070954,1.9535535637857197E-5,2.595183616629753E-7,3.890520585889174E-11
14420.0,0.005335997634178377,0.7639821026199359,0.15930134090362633,0.07138055884225925
15627.0,9.668522930585317E-5,0.12884768402458083,0.862110875813793,0.00894475493232034
15384.0,0.2456869555156126,0.7540596506994719,2.5139429914081433E-4,1.9994857746411065E-6
15005.0,0.06816304619927296,0.9313729099074181,4.423512272372598E-4,2.1692666071594938E-5
15246.0,0.03173411176587851,0.9642032214214933,0.0038789076621685206,1.8375915045983104E-4
14760.0,0.9827462288509128,0.01719537648258775,5.783750147996148E-5,5.571650193665016E-7
13990.0,0.04666653604692797,0.9411746525725228,0.01151908595834993,6.397254221992367E-4
14261.0,1.5980521526018282E-12,2.4180250633462676E-5,0.3817681169958127,0.6182077027519558
14523.0,0.999900066682215,9.85116621773768E-5,1.4214951091213142E-6,1.6049856901821385E-10
15607.0,8.676683613529851E-6,0.2779549375133702,0.48198367112209484,0.24005271468092151
14110.0,0.004170271518960423,0.8092563640094202,0.18498808624027263,0.0015852782313466273
14352.0,0.0010950113621823053,0.9975716140517934,0.0013198828732137859,1.3491712810459556E-5
14595.0,0.9952933120496273,0.004694300366359101,1.2170184006873239E-5,2.1740000684792834E-7
15141.0,0.9999981016405133,1.888465658235334E-6,9.893038262667101E-9,7.901969826927284E-13
14902.0,0.3333750506693078,0.6177693293310479,0.04841659925388346,4.3902074576087215E-4
15452.0,0.976083115214316,0.023713245925053885,1.9637739628377315E-4,7.261464346416596E-6
15695.0,0.9997574915666093,2.4219396950201947E-4,3.1307083956991014E-7,1.3930491409740084E-9
14321.0,0.9992695898746582,7.298082078129848E-4,5.958682677396553E-7,6.049261048197654E-9
14591.0,0.995071738304368,0.004920854829602182,7.27162149934863E-6,1.352445304532869E-7
14828.0,1.8882054243090613E-4,0.987177983480411,0.010877655476760763,0.0017555405003974109
14050.0,0.9733916493858156,0.02655429361983932,5.389797505372356E-5,1.5901929135669418E-7
15306.0,9.048292153446247E-6,0.02979982758182714,0.6171546236073245,0.3530365005186949
15065.0,0.998862216694929,0.0011345231114934444,3.252104908853341E-6,8.088668827332422E-9
15539.0,0.9999459320420252,5.366318404538742E-5,4.0473661600284605E-7,3.7313328106072414E-11
14016.0,0.9757049674059362,0.006486811603455227,0.0177983468980944,9.874092514399438E-6
14798.0,0.9999982313159091,1.7600741123268116E-6,8.607815787700312E-9,2.162729558125138E-12
14557.0,0.014601197373634073,0.9443737048520212,0.009328685713131472,0.031696412061213396
14291.0,0.008334373467768578,0.981503930667776,0.009950562078417113,2.1113378603840807E-4
15099.0,0.9955567123370908,0.00444000286530117,3.2453318353846144E-6,3.946577273392368E-8
15336.0,0.9999974010823309,2.582996806533721E-6,1.592014631221734E-8,7.163847339575639E-13
15746.0,0.9999947954011293,5.158138109935593E-6,4.645131149412418E-8,9.449206692935098E-12
15505.0,0.9865004601746264,0.013435624888102814,6.156093951372147E-5,2.3539977569565075E-6
14625.0,0.9797338992380442,0.02008862430283301,1.7345275308165343E-4,4.02370604102079E-6
14386.0,0.6448511273431938,0.3538556573751746,0.0012917973009284795,1.417980703135669E-6
14140.0,0.01368829665442012,0.9783323301628217,0.007894664055181183,8.47091275770028E-5
14868.0,0.999702043865029,2.596569502047054E-4,3.8268948265471815E-5,3.023650078698141E-8
15111.0,0.9630804115759205,0.0368919069457391,2.741003572385275E-5,2.7144261652111766E-7
15725.0,0.9931127309909912,0.00686769276592412,1.9107260589955134E-5,4.6898249483819633E-7
15486.0,1.3249533539877894E-6,0.6539514848356347,0.281056819920013,0.0649903702909983
15658.0,9.674669444196973E-5,0.4886411131438439,0.4287787129948464,0.08248342716686774
15417.0,0.9921567996881208,0.007829110499480593,1.3981356650383941E-5,1.0845574821787609E-7
14931.0,0.9999974010823309,2.582996806533721E-6,1.592014631221734E-8,7.163847339575639E-13
15168.0,3.109228105624056E-7,0.008059770278010199,0.8853216082657922,0.1066183105333871
14694.0,0.9994995519318015,5.00037314736629E-4,4.073707769576421E-7,3.382684774285365E-9
14203.0,0.22540939814060465,0.7096630559427053,0.06401737810063172,9.101678160582997E-4
14453.0,0.9982002393649436,0.001797260823370919,2.4869896007028574E-6,1.282208483166552E-8
15574.0,0.9995274600515461,4.721510011566749E-4,3.8795113147924256E-7,9.96165896767519E-10
15036.0,0.6842056115139106,0.31542935458487137,3.6267254519379584E-4,2.361356024405687E-6
15279.0,0.9788422120924587,0.021138623264510884,1.8951750496230254E-5,2.1289253431670295E-7
14729.0,0.9999989765694077,1.01758547341971E-6,5.844231318020149E-9,8.875446794160747E-13
13959.0,0.9996286153385625,3.7093737667950524E-4,4.428554501553881E-7,4.4293079887719695E-9
14228.0,5.982820873351246E-4,0.9955984298952086,0.003748760036719215,5.452798073688279E-5
14490.0,0.012440372573029932,0.9867709803377599,7.001908177383269E-4,8.845627147208316E-5
15604.0,0.9913741641832472,0.008571466191407905,5.246338993441784E-5,1.9062354107276983E-6
15245.0,4.57640528277619E-4,0.6637645873524348,0.2736704352677133,0.06210733685157425
15006.0,0.20726473092548786,0.7922383388725025,4.8459028912347876E-4,1.2339912886202746E-5
14520.0,0.9999473468830571,5.261081725645095E-5,4.22223844730393E-8,7.730178540775037E-11
14262.0,1.9685899009248305E-8,0.009696456490661526,0.5486248121045176,0.4416787117189218
13989.0,0.9752266973666077,0.024704083529950176,6.857121007791549E-5,6.478933640104996E-7
14763.0,0.9825842383929693,0.017365576227851,4.907528737403875E-5,1.1100918058026122E-6
15387.0,0.9999987978802287,1.189640102084692E-6,1.2478045353390917E-8,1.6238911149692378E-12
15624.0,0.9999984979059048,1.4915326016625248E-6,1.0560697057606648E-8,7.965762117686999E-13
15202.0,0.9997610531755227,2.3551714587973389E-4,3.4180433765815702E-6,1.1635221089443935E-8
14961.0,0.9999982960966262,1.6813184603618975E-6,2.258144510583042E-8,3.4683822639716968E-12
14423.0,0.9999989765694077,1.01758547341971E-6,5.844231318020149E-9,8.875446794160747E-13
14169.0,0.999531634089907,4.679199505417301E-4,4.4144341682193586E-7,4.516134391053484E-9
14660.0,0.9999987978802287,1.189640102084692E-6,1.2478045353390917E-8,1.6238911149692378E-12
15536.0,0.5126765451569932,0.44117282687960624,0.04299220429210616,0.00315842367129422
14049.0,0.9999549359072861,4.489893089940816E-5,1.6504478266184916E-7,1.1703174570088505E-10
14831.0,0.9977865796343205,0.002209872029186302,3.5310683107474286E-6,1.7268182641531423E-8
14588.0,1.4403190986434584E-6,0.43934260691095245,0.4854218110371791,0.0752341417327698
14322.0,0.99047804515026,0.009495362257453737,2.593734311812719E-5,6.552491682105007E-7
15066.0,0.944137815572866,0.05581720524746099,4.44601713179256E-5,5.190083551720448E-7
15305.0,0.9999986923298771,1.297651371557342E-6,1.0017877646651481E-8,8.735562495618165E-13
15692.0,1.4394246088623934E-4,0.9121785148933629,0.06825752521797603,0.01942001742777475
15455.0,0.9934392322706248,0.006439360860991707,1.1840056575154121E-4,3.0063026319007474E-6
14592.0,0.9999860074090998,1.3663955099613079E-5,3.286190832830152E-7,1.6717175442863184E-11
14355.0,0.9999990933434568,9.015415638184454E-7,5.114199645868632E-9,7.79550863858559E-13
14109.0,0.9865425734186607,0.013406386163270256,4.9469833023472945E-5,1.570585045607705E-6
14901.0,0.9986773620212681,0.0013197850499264466,2.834771988751926E-6,1.8156816608827846E-8
15142.0,0.5985977583120989,0.4001464514137771,0.0012145787420093435,4.1211532114709495E-5
15485.0,0.08264328189473857,0.8333237706205591,0.06992499854554338,0.01410794893915899
15726.0,0.011236850082237845,0.9333614204995522,0.05469740831767646,7.043211005337671E-4
14143.0,1.3275671547809145E-14,0.002310853287190467,0.041856630000236726,0.9558325167125595
14385.0,0.9994993522662151,5.002289537553652E-4,4.1217794902984076E-7,6.602080311951487E-9
14626.0,0.998134128905767,0.0018633134809078226,2.522137497598018E-6,3.5475827533591145E-8
15108.0,0.9989360710639688,0.0010540800488232113,9.792903253350735E-6,5.5983954696474904E-8
14871.0,0.9967516526905359,0.003242285017812135,6.014662765111233E-6,4.762888685815568E-8
15506.0,0.9999863879466636,1.3509435450714973E-5,1.0258779495850897E-7,3.009093493963742E-11
15745.0,0.9990035103268096,9.950269883376428E-4,1.4532612916807818E-6,9.423561175348083E-9
14288.0,0.9785338229582863,0.021436753855952544,2.925198236301882E-5,1.712033981153033E-7
14558.0,0.9789082767930337,0.020911825814942997,1.7496750620447083E-4,4.929885818777728E-6
14797.0,0.9710141409742686,0.028760891286790196,2.2392574565449668E-4,1.0419932865464313E-6
14019.0,0.999820532465144,1.7933791332421534E-4,1.2897349896614662E-7,6.480329636178316E-10
15339.0,1.9091590653131837E-7,0.019913399675748816,0.38851546817938276,0.5915709412289619
15096.0,0.999867097296718,1.3279439487213436E-4,1.0758987133724529E-7,7.185385163514738E-10
14930.0,0.9999985646491726,1.4272754684065172E-6,8.073906942572227E-9,1.4522367511430873E-12
15169.0,0.9999989765694077,1.01758547341971E-6,5.844231318020149E-9,8.875446794160747E-13
14695.0,0.9982218845365456,0.0017742261805012355,3.8462123401227495E-6,4.307061290994079E-8
14452.0,0.9986780461081657,0.0013144381731883684,7.411333754086833E-6,1.0438489170841089E-7
14202.0,0.9993422682614161,6.569927800150401E-4,7.315415926701997E-7,7.4169761099349315E-9
15659.0,0.9999578462871112,4.184771964272528E-5,3.0590087654563666E-7,9.236975280338511E-11
15416.0,0.9998870475257081,1.1237452918914797E-4,5.77577924473629E-7,3.6717826251223926E-10
15037.0,0.22855468811576174,0.7680485204978962,0.0033827208222622367,1.4070564080001983E-5
15278.0,0.9997265896694373,2.7323474166611716E-4,1.752416342935663E-7,3.472623260057273E-10
14728.0,0.9995758463099554,4.2251963286251673E-4,1.6250650976316437E-6,8.992084457287228E-9
14491.0,0.9999726485849766,2.691642054267436E-5,4.349383225119383E-7,5.6158111181475554E-11
14229.0,0.9999982960966262,1.6813184603618975E-6,2.258144510583042E-8,3.4683822639716968E-12
15575.0,0.999975111021477,2.4871244295049027E-5,1.7470262659092543E-8,2.6396534515944983E-10
15244.0,0.9998262245833449,1.7367396837644156E-4,1.0054215892557542E-7,9.061198638204262E-10
15007.0,0.9999987949954708,1.1925173733489926E-6,1.2485528814894805E-8,1.6268244916553043E-12
14263.0,0.9999903759645049,9.581732708370799E-6,4.2299407070201556E-8,3.37976984270237E-12
14521.0,0.9995111346544707,4.880173602482837E-4,8.380389431319641E-7,9.946337996707241E-9
14762.0,0.9962897013254708,0.003699652306245642,1.0320002600898417E-5,3.2636568248825243E-7
13988.0,0.01051867766127949,0.9245778977261679,0.062351763438104925,0.0025516611744475157
15605.0,0.9425364302681742,0.05696198974594934,4.941528222099632E-4,7.4271636664861435E-6
15203.0,0.9999985762791285,1.41847447281959E-6,5.244127307405918E-9,2.271519896088866E-12
14960.0,0.9998254147123602,1.744707191399265E-4,1.1413235168895194E-7,4.361483375753673E-10
14168.0,0.9999982960966262,1.6813184603618975E-6,2.258144510583042E-8,3.4683822639716968E-12
14422.0,0.9999536468538207,4.632291750778999E-5,3.013604848707021E-8,9.262298411061573E-11
14661.0,0.9999989765694077,1.01758547341971E-6,5.844231318020149E-9,8.875446794160747E-13
15386.0,0.9999986923298771,1.297651371557342E-6,1.0017877646651481E-8,8.735562495618165E-13
15625.0,0.9830466739343544,0.016925684115433503,2.760588310709022E-5,3.606710485278028E-8
14830.0,0.06270654856307845,0.9349968716262431,0.00224829263182078,4.8287178857611996E-5
14048.0,0.9999930751903482,6.856316373016538E-6,6.848105106378025E-8,1.2227684551861824E-11
14323.0,0.0018387921267537571,0.9380582015122086,0.0487948172001957,0.011308189160842084
14589.0,0.9991086667782816,8.905918238596685E-4,7.362192189099587E-7,5.178639808553744E-9
15067.0,0.9839116184755466,0.016034428227135893,4.841046820923318E-5,5.542829108379105E-6
15304.0,0.9999910293664553,8.883934716568121E-6,8.664343100127937E-8,5.53968574639998E-11
15537.0,0.9734491869651701,0.0264964636737987,5.346928033548795E-5,8.800806956859379E-7
14593.0,0.9977300497242287,0.001577448177564886,6.700645878340741E-4,2.243751037219353E-5
14108.0,0.9998836686016929,1.1619583888111355E-4,1.3387004351046898E-7,1.689382555219548E-9
14354.0,0.9997933696234318,2.064592302962472E-4,1.7071138750736477E-7,4.348844378463532E-10
14900.0,0.4320839875214958,0.5524021176758417,0.01511153869908306,4.0235610357958483E-4
15143.0,0.9861231137345527,0.013678300569264256,1.8766733972065734E-4,1.0918356462422372E-5
15693.0,0.9999823327596405,1.7600936747214293E-5,6.623888800127292E-8,6.47241573584651E-11
15454.0,0.3843793140720772,0.5925014780408445,0.02219349428828733,9.257135987911342E-4
14384.0,0.9999202791843869,7.962070921432832E-5,9.980128166040357E-8,3.0511706406169934E-10
14142.0,0.9976558255832176,0.0023421547356514438,2.0054539021972693E-6,1.4227228788274704E-8
14627.0,0.884170046305223,0.11578735780363629,4.228714291774928E-5,3.0874822296683376E-7
15109.0,0.981846240135764,0.01797925381141847,1.7237921437766027E-4,2.126838439654997E-6
14870.0,0.040075477423782924,0.9566376391437578,0.0031481157087943803,1.3876772366505863E-4
15484.0,0.9999974010823309,2.582996806533721E-6,1.592014631221734E-8,7.163847339575639E-13
15727.0,0.9999981443126834,1.8447054198005492E-6,1.0981397583824692E-8,4.99044514264247E-13
14559.0,0.15470665062827677,0.8303166276583134,0.01439542722850236,5.812944849075403E-4
14289.0,0.9999985763554663,1.4183983948378652E-6,5.2438672058209936E-9,2.2714136403433247E-12
14018.0,0.841061178569995,0.1568350697380421,0.0020166947102508255,8.705698171208599E-5
14796.0,0.9999981016405133,1.888465658235334E-6,9.893038262667101E-9,7.901969826927284E-13
15338.0,0.9971555917836668,0.002821029630590656,2.314484763810995E-5,2.3373810451069422E-7
15097.0,0.9999772658394827,2.2656240704404645E-5,7.790675990184482E-8,1.305285740778203E-11
15507.0,0.9972908219980141,0.0027069893297985465,2.1774425918466583E-6,1.1229595762071508E-8
15744.0,1.6732632679700414E-11,1.9719413933566354E-4,0.5986850799067557,0.40111772593717604
15630.0,0.9999922095547965,7.756362849161675E-6,3.407874280547989E-8,3.611451585987225E-12
15389.0,9.830290277722513E-7,0.48341446347097305,0.49962260388458285,0.016961949615416368
14658.0,0.9999091981737751,9.057264999643325E-5,2.2878995839895546E-7,3.862701133046986E-10
14417.0,0.9973750821368096,0.002618053849709581,6.703019208543522E-6,1.6099427240424586E-7
14175.0,0.9997459330008042,2.5328331703372423E-4,7.789530826696989E-7,4.7290795477976236E-9
14967.0,0.9999987978802287,1.189640102084692E-6,1.2478045353390917E-8,1.6238911149692378E-12
15204.0,0.999531634089907,4.679199505417301E-4,4.4144341682193586E-7,4.516134391053484E-9
15602.0,0.4056349484191818,0.312269801862718,0.28182682913036367,2.684205877365244E-4
13987.0,0.9999985762791285,1.41847447281959E-6,5.244127307405918E-9,2.271519896088866E-12
14765.0,0.997645555757596,0.0023524175035695575,2.0124246129326387E-6,1.4314221402912651E-8
14526.0,0.9995202939603767,4.7940927440237753E-4,2.9552130663824913E-7,1.243914439987814E-9
14256.0,0.9999882033572143,1.162187589584336E-5,1.7474780519786648E-7,1.9084630154735376E-11
15000.0,0.9962215749851895,0.0037037043943162194,7.469563861385844E-5,2.4981880405758924E-8
15243.0,0.28917012796329217,0.7083226726865264,0.002366304983655328,1.4089436652618378E-4
15568.0,0.9999989765694077,1.01758547341971E-6,5.844231318020149E-9,8.875446794160747E-13
14226.0,0.843923354915238,0.1341779528763658,0.019776597246959706,0.0021220949614365906
14492.0,0.9679457264571031,0.03191438796894184,1.37164596177458E-4,2.7209777777655743E-6
14735.0,0.9996565469538422,2.010062761350694E-4,1.4230712484991417E-4,1.3964517283683104E-7
15273.0,0.9775828219762256,0.02230059332279034,1.136515186525472E-4,2.933182331591353E-6
15034.0,0.9801608741123141,0.016309985798152588,0.003458612005876728,7.052808365647136E-5
15423.0,0.9468960952132341,0.05294525380986475,1.519315723625949E-4,6.7194045386150795E-6
15660.0,0.9999577101349021,4.164703456043539E-5,6.426023610361784E-7,2.2817658328489486E-10
14205.0,0.9999985762791285,1.41847447281959E-6,5.244127307405918E-9,2.271519896088866E-12
14451.0,0.9999982960966262,1.6813184603618975E-6,2.258144510583042E-8,3.4683822639716968E-12
14688.0,0.9999987978802287,1.189640102084692E-6,1.2478045353390917E-8,1.6238911149692378E-12
15174.0,5.713196975305308E-5,0.6315279181494281,0.3543574402957058,0.014057509585113162
14933.0,8.115281672321464E-9,0.012840897199958052,0.6536246532156824,0.3335344414690777
15751.0,0.9997936130689127,2.061269356058578E-4,2.588641020191927E-7,1.13137953538775E-9
15508.0,1.2330316201763226E-5,0.7672082639110787,0.19928968731757676,0.03348971845514294
15102.0,0.7464070138275256,0.25304649541515545,5.284620721226384E-4,1.8028685196458546E-5
15341.0,0.9999922095547965,7.756362849161675E-6,3.407874280547989E-8,3.611451585987225E-12
14795.0,0.9924193435151812,0.00756775943659954,1.2818354911471782E-5,7.869330766800915E-8
14021.0,0.9992870744118995,7.056264322344073E-4,7.248382313238135E-6,5.07735527876291E-8
14294.0,0.03689109325638434,0.9395155734181416,0.022919093169365943,6.74240156108036E-4
14552.0,0.9999982961263028,1.681289238498661E-6,2.2580990260680414E-8,3.4683153282051323E-12
15720.0,0.9999981443126834,1.8447054198005492E-6,1.0981397583824692E-8,4.99044514264247E-13
15483.0,0.9999984979059048,1.4915326016625248E-6,1.0560697057606648E-8,7.965762117686999E-13
14865.0,0.17012053397342314,0.4613053633661879,0.3515554659136553,0.017018636746733748
15106.0,0.9998515187903259,1.4833442516815567E-4,1.46192502229022E-7,5.920037539809364E-10
14628.0,0.9942791802210118,0.0056402143788692885,8.021711348493713E-5,3.8828663419890023E-7
14137.0,0.03907768934152291,0.9536758039797735,0.0069686131150175894,2.778935636861258E-4
14391.0,0.9999536468538207,4.632291750778999E-5,3.013604848707021E-8,9.262298411061573E-11
15449.0,0.9999982313159091,1.7600741123268116E-6,8.607815787700312E-9,2.162729558125138E-12
15690.0,0.9999985762791285,1.41847447281959E-6,5.244127307405918E-9,2.271519896088866E-12
15136.0,0.9999596353345213,4.033178708170304E-5,3.264659149540789E-8,2.318055559881152E-10
14899.0,0.9963201805596449,0.0036726464681172883,7.0861724624866105E-6,8.679977537947526E-8
14357.0,0.08572554159679975,0.8912494553436159,0.022236410850751488,7.885922088328852E-4
14107.0,0.003341970973378438,0.46223743663487626,0.4740071226513167,0.06041346974042871
14598.0,0.004545844308726812,0.994793637330079,5.235849918598309E-4,1.3693336933450466E-4
15542.0,9.829121896573947E-4,0.0328368683800549,0.7937316676248996,0.17244855180538818
15311.0,2.0426113309561124E-17,2.814109081227836E-6,0.018882722454953597,0.9811144634359651
15068.0,2.0220581144053286E-15,5.431714843780588E-5,0.05782686500940911,0.942118817842151
14586.0,0.9667398554091834,0.02949119002116605,0.0037087668818172126,6.018768783315871E-5
14324.0,0.9992003497287031,7.984847845250417E-4,1.1464562682894442E-6,1.9030503563103408E-8
14055.0,0.996288152900781,0.0036980376271223163,1.3625979829914703E-5,1.8349226690416336E-7
14825.0,0.998584244709817,0.0014108650197810833,4.828044120164987E-6,6.222628182736118E-8
14659.0,0.02043558118458263,0.776076304443383,0.18865731826795487,0.014830796104079448
14174.0,0.9999974010823309,2.582996806533721E-6,1.592014631221734E-8,7.163847339575639E-13
14416.0,0.9714816072520109,0.028475807140571022,4.187156265776296E-5,7.14044760534494E-7
14966.0,0.9323593534951737,0.05137640312195795,0.01590517653889215,3.590668439761939E-4
15205.0,0.9993604618852293,6.389034859852187E-4,6.273280689799568E-7,7.300716381507053E-9
15631.0,0.9872460747159036,0.012736807737592337,1.68624283058832E-5,2.5511819813748456E-7
15388.0,0.9976084935048777,0.0013902121248077076,0.0010001499250501908,1.1444452643794243E-6
14764.0,1.5675747714260892E-4,0.806750078366417,0.17827056697174157,0.014822597184698885
13986.0,4.1675500217821127E-4,0.22159101988855584,0.6843372160665294,0.09365500904273659
14257.0,1.8109570504688756E-8,0.07255464584964473,8.11335092399532E-4,0.9266340009483852
14527.0,0.9854171979423018,0.014567882199556001,1.4788767252118736E-5,1.3109089019917992E-7
15001.0,0.9999659329675743,3.4011542767665255E-5,5.532424750825378E-8,1.654104598914613E-10
15242.0,0.9454830076494422,0.05442735512231853,8.828384156678431E-5,1.353386672621236E-6
15603.0,0.9998198130653387,1.7994504377244697E-4,2.4093672347201457E-7,9.54165269699445E-10
14493.0,0.9999967691602116,3.17562098840044E-6,5.5215041199638874E-8,3.7587550086438625E-12
14227.0,0.9995205427132302,4.78763794275172E-4,6.869832261598191E-7,6.509268116792835E-9
14734.0,0.9999983663673795,1.61206978645878E-6,2.1559518176519067E-8,3.3157287300726113E-12
15272.0,0.9941794566429925,0.005813467639814515,6.847465931490992E-6,2.2825126158854318E-7
15035.0,0.36665390895456823,0.6289463923703937,0.004275103173314387,1.245955017236404E-4
15569.0,0.9789093834385252,0.02091072787486083,1.7495902582979095E-4,4.929660784190631E-6
14450.0,0.9999987978802287,1.189640102084692E-6,1.2478045353390917E-8,1.6238911149692378E-12
14204.0,0.9976751576040805,0.0023201878727444002,4.605233970738475E-6,4.928920444341307E-8
14689.0,0.9860208418415872,0.013966382025050433,1.2756183011400247E-5,1.995035095782476E-8
15175.0,0.9821806092335158,0.017778748516639936,4.015839174752602E-5,4.838580966133233E-7
14932.0,0.9999985646491726,1.4272754684065172E-6,8.073906942572227E-9,1.4522367511430873E-12
15422.0,0.999977997060797,1.870350044164195E-5,3.2972478351085595E-6,2.190926115267415E-9
15661.0,0.001700898919561411,0.9752247737371537,0.0228313954388421,2.4293190444298494E-4
15103.0,0.9999985646491726,1.4272754684065172E-6,8.073906942572227E-9,1.4522367511430873E-12
15340.0,0.8259528375989454,0.1632576964560665,0.01069217990370325,9.728604128478207E-5
14020.0,0.9855417092547488,0.014445232294223977,1.2615068374399093E-5,4.433826528750651E-7
14794.0,0.9999930445391788,6.717563515356938E-6,2.3787572359040733E-7,2.1582031035712396E-11
14553.0,0.9903821407563322,0.00960403570937914,1.3417952454096719E-5,4.05581834419337E-7
14295.0,0.978152914798141,0.021667841224017128,1.718473123747521E-4,7.396665466973995E-6
15750.0,0.9999981016405133,1.888465658235334E-6,9.893038262667101E-9,7.901969826927284E-13
15509.0,0.9982147158309939,9.584333437922438E-4,8.267565250330809E-4,9.430018080457493E-8
14864.0,0.9520505959828655,0.04789406940288897,5.406792139638802E-5,1.2666928492810666E-6
15107.0,0.9999981016405133,1.888465658235334E-6,9.893038262667101E-9,7.901969826927284E-13
14629.0,0.9999546725915143,4.527535206961161E-5,5.196819416200737E-8,8.822182019317912E-11
14390.0,0.7888359156905297,0.11302906510850518,0.08935190960410207,0.008783109596863004
14136.0,0.9999986923298771,1.297651371557342E-6,1.0017877646651481E-8,8.735562495618165E-13
15721.0,0.9999803212473484,1.96251933793093E-5,5.3472339693969345E-8,8.693257005943467E-11
15482.0,0.999757586613746,2.4191940762693223E-4,4.891498032277272E-7,4.828823882081032E-9
15137.0,0.999753095641291,2.464083577786773E-4,4.903527396892219E-7,5.648190782950989E-9
14898.0,0.9999981016405133,1.888465658235334E-6,9.893038262667101E-9,7.901969826927284E-13
14106.0,0.9961881048440042,0.0038086343736229706,3.2367288648121042E-6,2.4053507932225076E-8
14356.0,0.999739294327414,2.604158143916697E-4,2.889110427155564E-7,9.471515960934122E-10
14599.0,0.1493193618084701,0.8190805316403948,0.03012912855116376,0.0014709779999712398
15448.0,0.9999985700403571,1.4231496395794581E-6,6.808279667109572E-9,1.7235930011553527E-12
15691.0,0.9999606657562558,3.930020230355978E-5,3.387489339282538E-8,1.6654742958502935E-10
15310.0,0.9992695898746582,7.298082078129848E-4,5.958682677396553E-7,6.049261048197654E-9
15069.0,0.9939860439077262,0.006010494568089666,3.3604884548424383E-6,1.010357293326997E-7
14325.0,0.9993081159502807,6.913751868494895E-4,5.006088673365043E-7,8.254002673652795E-9
14587.0,0.999531634089907,4.679199505417301E-4,4.4144341682193586E-7,4.516134391053484E-9
14824.0,0.9999948839730134,5.084440113233618E-6,3.1583454917664806E-8,3.4183939622806612E-12
14054.0,0.7135196982076629,0.2736269017857358,0.012160399389788822,6.930006168125117E-4
15543.0,0.9978965722904519,0.0015422897843433907,5.60753098667123E-4,3.8482653733148933E-7
15600.0,0.9999690572501023,3.088111194016964E-5,6.075736892567723E-8,8.8058853735217E-10
14524.0,0.9999985646491726,1.4272754684065172E-6,8.073906942572227E-9,1.4522367511430873E-12
14258.0,0.9984428277945284,0.0015132939545998416,4.33121347776949E-5,5.661160940769492E-7
13985.0,0.9995362898696416,4.6313898346741605E-4,5.700527928598939E-7,1.0940981656647953E-9
14767.0,0.9985184837059564,0.0014796331041342073,1.8644116655552514E-6,1.877824377335976E-8
15241.0,0.9287096952156473,0.07119916909975553,9.031040472758855E-5,8.252798697888524E-7
15002.0,2.3700284830460578E-7,0.10633102196486338,0.5567711694955422,0.3368975715367462
15391.0,0.9993986096363187,5.996821899775509E-4,1.686765409751401E-6,2.140829415389271E-8
15628.0,0.999998231539881,1.7491022752315369E-6,1.9354919912082508E-8,2.9238300244349053E-12
14419.0,0.9993744665985931,6.241324988325497E-4,1.3861514442731578E-6,1.4751130323848174E-8
14173.0,0.9858297974918913,0.014131809319610876,3.7264265171419546E-5,1.1289233265886276E-6
14656.0,3.063642565252977E-4,0.3877288965546883,0.5761412522719382,0.035823486916848175
15206.0,0.9999981810545983,1.7926827685291882E-6,2.6252597410310837E-8,1.0035696540922987E-11
14965.0,0.9204676081440663,0.07888484347272676,6.388586741576061E-4,8.689709049457982E-6
15662.0,0.9999951553637204,4.535507335685329E-6,3.0900976126395296E-7,1.1918273672951607E-10
15421.0,1.3029548582321132E-5,0.9499362123981178,0.03802821015410859,0.01202254789919152
14690.0,0.998948631855078,0.0010496022345780462,1.7424416896295868E-6,2.3468654422497763E-8
14207.0,0.9957504327509751,0.004240262029601513,9.012137572267932E-6,2.9308185109490397E-7
14449.0,0.9999974010823309,2.582996806533721E-6,1.592014631221734E-8,7.163847339575639E-13
14935.0,0.9931828304113255,0.0067518957221962715,6.431825029818584E-5,9.55616180008258E-7
15172.0,0.9994810375740348,5.177610797074866E-4,1.1974230866181831E-6,3.923171044032468E-9
15570.0,0.9965711813592709,0.0034190780310114736,9.641478197072385E-6,9.913152046568305E-8
14733.0,0.9848425512047309,0.015068673825461232,8.660570845137131E-5,2.1692613564705617E-6
14224.0,0.9935339434742961,7.580401341322136E-4,0.005699792225836348,8.224165735193915E-6
14494.0,0.9999982960966262,1.6813184603618975E-6,2.258144510583042E-8,3.4683822639716968E-12
15032.0,0.9999862745477397,1.3619309837401407E-5,1.0610937043049419E-7,3.305252197980072E-11
15275.0,0.9975600891706311,3.296293959419461E-4,0.002107669063597523,2.612369829606803E-6
15481.0,0.9980879661861268,0.0019098221474730223,2.1802894268626083E-6,3.137697332412403E-8
15722.0,0.9999546725915143,4.527535206961161E-5,5.196819416200737E-8,8.822182019317912E-11
15104.0,0.9964690308983845,0.0035268529712027814,4.091714803729021E-6,2.441560902663837E-8
14867.0,0.9986756278718051,0.0013208009665754198,3.537250509760781E-6,3.3911109719816927E-8
14139.0,7.149239407920525E-5,0.8698869044973097,7.315656895055401E-4,0.12931003741910554
14389.0,0.854968076125234,0.1385904839018882,0.006395173788628806,4.626618424904726E-5
14630.0,0.9999596353345213,4.033178708170304E-5,3.264659149540789E-8,2.318055559881152E-10
15510.0,0.85076124463265,0.14279413502273655,0.006146349926943878,2.9827041766949074E-4
15749.0,0.999982563116374,1.7347703298674878E-5,8.916790151317055E-8,1.2425905682069839E-11
15343.0,2.463819386427722E-4,0.30899101282366803,0.06844554742861884,0.6223170578090704
15100.0,0.9999981016405133,1.888465658235334E-6,9.893038262667101E-9,7.901969826927284E-13
14292.0,0.9998748929800619,1.2489216710931145E-4,2.1462084408107616E-7,2.319848008339942E-10
14554.0,0.9999985646491726,1.4272754684065172E-6,8.073906942572227E-9,1.4522367511430873E-12
14793.0,0.9994751425247426,5.234078977729827E-4,1.444298651126362E-6,5.278833181612405E-9
14023.0,0.11397755964707187,0.1766206081205396,0.6475529377972103,0.06184889443517819
15540.0,0.9999946407796024,5.324957122635908E-6,3.4257222703838446E-8,6.052160289984352E-12
15070.0,0.9996600098627709,3.351863199244113E-4,4.62182082248914E-6,1.8199648202153588E-7
15309.0,0.9999989782987413,1.0158654198549187E-6,5.834952612066985E-9,8.861947100546653E-13
14053.0,0.9989904667286927,0.0010074642706812873,2.055045425864672E-6,1.3955200033698022E-8
14827.0,0.9999987978802287,1.189640102084692E-6,1.2478045353390917E-8,1.6238911149692378E-12
14584.0,0.9999981016405133,1.888465658235334E-6,9.893038262667101E-9,7.901969826927284E-13
14326.0,0.9998351862870026,1.6463498136112036E-4,1.7794584723141498E-7,7.857891920593757E-10
15688.0,2.6552296352578953E-9,9.499879433928787E-5,0.9840691298815583,0.01583586866887291
15451.0,0.9999981016405133,1.888465658235334E-6,9.893038262667101E-9,7.901969826927284E-13
14897.0,0.3550885731768861,0.6430297407045169,0.001869406891928052,1.2279226668901702E-5
15138.0,0.976806981823055,0.022983010935602483,2.0539629723837692E-4,4.610944104132938E-6
14596.0,0.9999938867837768,6.084497026621863E-6,2.871315771580551E-8,6.038983247658669E-12
14359.0,0.9999546725915143,4.527535206961161E-5,5.196819416200737E-8,8.822182019317912E-11
14105.0,0.999531634089907,4.679199505417301E-4,4.4144341682193586E-7,4.516134391053484E-9
14259.0,0.8446170298542717,0.15170123409226743,0.003583511693546508,9.822435991444521E-5
14525.0,0.9999104703375278,8.93231384703345E-5,2.062030974762648E-7,3.2090434807450054E-10
14766.0,0.9999979451519803,2.023543971613798E-6,3.13010696471097E-8,2.978567997429332E-12
13984.0,0.9732231907639639,0.0266166657356257,1.5585189305457653E-4,4.29160735574239E-6
15240.0,0.9947656423706353,0.0051912850572814265,4.257176095432691E-5,5.008111290894112E-7
15003.0,0.9870075118697886,0.012981888433809102,1.0458322761359373E-5,1.4137364107816079E-7
15601.0,0.10657091475113789,0.8920902069208765,0.0012821602885923055,5.671803939336771E-5
14172.0,0.9873095277620666,0.01262929967393525,6.0344760774453854E-5,8.278032236703802E-7
14418.0,0.9999982313159091,1.7600741123268116E-6,8.607815787700312E-9,2.162729558125138E-12
14657.0,0.995888133462866,0.004094705705212702,1.7018157031500954E-5,1.4267488963470912E-7
15207.0,0.9999981810545983,1.7926827685291882E-6,2.6252597410310837E-8,1.0035696540922987E-11
14964.0,0.007917776671353237,0.9759120863061027,0.014733724509534803,0.0014364125130092885
15390.0,0.9949136469911627,0.005074564514813071,1.1423000108849187E-5,3.6549391540178837E-7
15629.0,0.34317321841437964,0.5037132617241034,0.1378600118339793,0.01525350802753781
14691.0,0.9999419017890294,5.798561900292866E-5,1.1224306449678678E-7,3.489030312424197E-10
14448.0,0.25827759689636437,0.734435495252873,0.006931362576384157,3.555452743786409E-4
14206.0,0.9999922095547965,7.756362849161675E-6,3.407874280547989E-8,3.611451585987225E-12
14934.0,0.9630754398254887,0.030077567764644084,0.006567384745281142,2.796076645863411E-4
15173.0,0.9999949439213264,5.024809127347044E-6,3.126618162441564E-8,3.3646878619470534E-12
15663.0,0.3314333912715576,0.668026770092786,5.368859493123367E-4,2.9526863441547916E-6
15420.0,0.9723048427216845,0.02762519863878527,6.938849655066458E-5,5.701429794347449E-7
14732.0,0.7003559862715377,0.22715522031384647,0.07106186147726803,0.001426931937347777
14495.0,0.05477442440387978,0.7473967991945466,0.17554532995691666,0.022283446444657035
14225.0,0.9998040913612138,1.9576361733315614E-4,1.4408864074348535E-7,9.328121895383557E-10
15033.0,0.9787616365516444,0.02112892305762921,1.0577312575200434E-4,3.6672649743365124E-6
15274.0,0.9633688922668681,0.03653610339956973,9.432587815558571E-5,6.784554066969626E-7
15571.0,0.018491371415053,0.9690936070613015,0.0113174521912987,0.001097569332346631
15105.0,0.3315709038766078,0.6642592677980464,0.004114155871581068,5.5672453764689626E-5
14866.0,0.9999926901480394,7.221471920016653E-6,8.833523819980362E-8,4.480245172995917E-11
14388.0,0.36349014049093387,0.6270111425997864,0.009347611733501746,1.511051757780345E-4
14138.0,0.9997924796113925,2.0734865791241877E-4,1.7129317904626527E-7,4.3751600517874194E-10
14631.0,0.9999957295199192,4.232391378523245E-6,3.8083452756164863E-8,5.249530284992313E-12
15480.0,9.359261934619788E-6,0.7392623316068695,0.24684215303895915,0.01388615609223674
15723.0,0.99999586748947,4.011120875768353E-6,1.2134263381733554E-7,4.702035079446497E-11
15342.0,0.9999987978802287,1.189640102084692E-6,1.2478045353390917E-8,1.6238911149692378E-12
15101.0,2.8492302817150073E-8,0.003978537152681782,0.58713634399571,0.40888509035930537
14555.0,0.9999987978802287,1.189640102084692E-6,1.2478045353390917E-8,1.6238911149692378E-12
14293.0,0.9999987978802287,1.189640102084692E-6,1.2478045353390917E-8,1.6238911149692378E-12
14022.0,0.9864695184408567,0.013515995170829553,1.4321163998423876E-5,1.6522431498097985E-7
14792.0,0.9999982960966262,1.6813184603618975E-6,2.258144510583042E-8,3.4683822639716968E-12
15511.0,0.9999845813304297,1.3111346611354998E-5,2.3068316564785988E-6,4.913024224277289E-10
15748.0,0.2239521231807014,0.7735195035536632,0.0024180977006266753,1.1027556500878453E-4
15071.0,0.9999885899192602,1.1376236893075622E-5,3.382758453554376E-8,1.626227784495451E-11
