15572.0,0.9966912869093973,0.0021569283527425242,0.0011517847378600776,0.0
15277.0,0.9938239162453651,0.006176083754634869,0.0,0.0
15038.0,0.6611441731600323,0.17440940634428362,0.07161233179809033,0.09283408869759374
14230.0,0.9987105200569781,0.0012894799430219523,0.0,0.0
14488.0,0.5143203026980315,0.4856796973019685,0.0,0.0
14731.0,0.9969593188508357,0.0030406811491644143,0.0,0.0
15419.0,0.5854528111535786,0.2421261011816785,0.062178466923327104,0.11024262074141582
15656.0,0.9950544327328622,0.004945567267137865,0.0,0.0
15170.0,0.4903571868890367,0.2884383590137282,0.04794669752717375,0.1732577565700614
14929.0,0.9973501815262783,0.002649818473721841,0.0,0.0
14201.0,0.9969593188508357,0.0030406811491644143,0.0,0.0
14455.0,0.30338044518946583,0.279866439224408,0.1359173860361437,0.28083572954998237
14692.0,0.4801483003140321,0.28243996314519476,0.05379464288340723,0.18361709365736606
15626.0,0.9972950328580648,0.0027049671419353168,0.0,0.0
15385.0,0.9972759914254359,0.002724008574564189,0.0,0.0
14963.0,0.9928398781146243,0.00716012188537569,0.0,0.0
15200.0,0.995054432732871,0.004945567267128913,0.0,0.0
14662.0,0.9970408401548007,0.00295915984519923,0.0,0.0
14421.0,0.6626640005387151,0.21337565949237472,0.032444492152320814,0.09151584781658942
14171.0,0.6040533747712675,0.2344219733585088,0.06409004880513319,0.09743460306509047
15606.0,0.9954905764757449,0.004509423524255136,0.0,0.0
15004.0,0.997188745354141,0.0028112546458590117,0.0,0.0
15247.0,0.9899213980262761,0.010078601973723888,0.0,0.0
13991.0,0.9936679047477306,0.004866622029036808,0.0014654732232325547,0.0
14761.0,0.6552295902890101,0.13947042452692585,0.1966516075254787,0.008648377658585464
14522.0,0.5219555523937437,0.2193116551245685,0.25215943682582104,0.006573355655866664
14260.0,0.9972759914254359,0.002724008574564189,0.0,0.0
15453.0,0.3964224109175895,0.6035775890824104,0.0,0.0
15694.0,0.9883586446478068,0.01164135535219324,0.0,0.0
14353.0,0.9969593188508357,0.0030406811491644143,0.0,0.0
14111.0,0.648875694877129,0.13222787109591988,0.21853292778664554,3.6350624030562467E-4
14594.0,0.9969593188508357,0.0030406811491644143,0.0,0.0
15140.0,0.9969324699261192,0.0030675300738808916,0.0,0.0
14903.0,0.9972759914254359,0.002724008574564189,0.0,0.0
15538.0,0.9949209621153641,0.005079037884635968,0.0,0.0
14590.0,0.9855486793259657,0.014451320674034403,0.0,0.0
14320.0,0.9973494306546027,0.002650569345397303,0.0,0.0
14051.0,0.3943753089199878,0.6056246910800122,0.0,0.0
14829.0,0.9928402283093302,0.007159771690669857,0.0,0.0
15307.0,0.9966912869093973,0.0021569283527425242,0.0011517847378600776,0.0
15064.0,0.9949208913296621,0.005079108670337935,0.0,0.0
15747.0,0.6747368203034695,0.08762890236348041,0.22725733511475787,0.01037694221829219
15504.0,0.9972759914254359,0.002724008574564189,0.0,0.0
14799.0,0.9936750920330971,0.0048667033346820165,0.0014582046322207942,0.0
14017.0,0.6910204408360601,0.17770487490871859,0.1045339865550037,0.02674069770021769
14290.0,0.9855486793259657,0.014451320674034403,0.0,0.0
14556.0,0.9999998573516168,1.4264838319189072E-7,0.0,0.0
15098.0,0.9972758874203845,0.002724112579615532,0.0,0.0
15337.0,0.9969593188508357,0.0030406811491644143,0.0,0.0
15724.0,0.4541466083304439,0.545853391669556,0.0,0.0
15487.0,0.9971887453541513,0.002811254645848813,0.0,0.0
14624.0,0.9973501815262783,0.002649818473721841,0.0,0.0
14141.0,0.6513311185807623,0.10982707732642569,0.23602958412500388,0.0028122199678080233
14387.0,0.9956271264408516,0.004372873559148407,0.0,0.0
14869.0,0.9899213689498199,0.01007863105018016,0.0,0.0
15110.0,0.9969593188508357,0.0030406811491644143,0.0,0.0
15276.0,0.99891491098387,0.001085089016130134,0.0,0.0
15039.0,0.9971887452801201,0.0028112547198799673,0.0,0.0
14489.0,0.9973504191918204,0.0026495808081794464,0.0,0.0
14231.0,0.618812694336222,0.3306030536920283,0.04763291039144666,0.002951341580303122
14730.0,0.9999998573516168,1.4264838319189072E-7,0.0,0.0
15573.0,0.9966912869093973,0.0021569283527425242,0.0011517847378600776,0.0
15171.0,0.661144169362572,0.17440940789097617,0.07161233258576281,0.09283409016068893
14928.0,0.995054432732871,0.004945567267128913,0.0,0.0
14454.0,0.995054432732871,0.004945567267128913,0.0,0.0
14200.0,0.9956271264408516,0.004372873559148407,0.0,0.0
14693.0,0.30772308373719004,0.69227691626281,0.0,0.0
15418.0,0.9969593188508357,0.0030406811491644143,0.0,0.0
15657.0,0.9956271264408516,0.004372873559148407,0.0,0.0
14962.0,0.9973458359531517,0.00265416404684821,0.0,0.0
15201.0,0.995054432732871,0.004945567267128913,0.0,0.0
14663.0,0.6819680971022681,0.13977240720749556,0.1491861960807114,0.02907329960952501
14170.0,0.9987105200479476,0.0012894799520523892,0.0,0.0
14420.0,0.6299133548508333,0.1949864315096716,0.07568467506051058,0.09941553857898446
15627.0,0.6894734204320832,0.10947008920048305,0.18188850712829302,0.01916798323914078
15384.0,0.6910204491637866,0.17770487717161093,0.10453397796603213,0.02674069569857036
15005.0,0.39642240836582043,0.6035775916341796,0.0,0.0
15246.0,0.42409950886834563,0.5759004911316543,0.0,0.0
14760.0,0.9972962544789638,0.0027037455210361157,0.0,0.0
13990.0,0.27979462618841067,0.2217875982212564,0.4832336975480628,0.015184078042270227
14261.0,0.12515516171666424,0.2363744344462515,0.2016039997128274,0.43686640412425676
14523.0,0.9971887453541513,0.002811254645848813,0.0,0.0
15607.0,0.6429366695839028,0.12271051288964248,0.22886853369635285,0.00548428383010178
14110.0,0.4705068994085047,0.20100819976553175,0.32426144318934136,0.004223457636622117
14352.0,0.47050671357105656,0.2010082105935312,0.32426162631834377,0.004223449517068618
14595.0,0.6299133548505665,0.19498643150994366,0.07568467506054735,0.09941553857894235
15141.0,0.9987105200569828,0.0012894799430172672,0.0,0.0
14902.0,0.5353651706601265,0.21544715634409864,0.10762485793477433,0.14156281506100055
15452.0,0.7422860650192217,0.25583473425461895,6.164322433386811E-5,0.0018175575018255046
15695.0,0.9969576956118232,0.0030423043881766445,0.0,0.0
14321.0,0.9972759914254308,0.002724008574569131,0.0,0.0
14591.0,0.7608665901940359,0.19545260890896554,0.03820180445101526,0.005478996445983165
14828.0,0.2875910461639193,0.18001954280061525,0.18870434292769211,0.3436850681077734
14050.0,0.9928402283093302,0.007159771690669857,0.0,0.0
15306.0,0.6192462107898357,0.21285615223998378,0.08204058141409926,0.08585705555608121
15065.0,0.9937321274894224,0.006267872510577635,0.0,0.0
15539.0,0.9971887453541513,0.002811254645848813,0.0,0.0
14016.0,0.6498685069531717,0.11048834715051022,0.23684544162086232,0.0027977042754556824
14798.0,0.9973501815262783,0.002649818473721841,0.0,0.0
14557.0,0.4240995088767868,0.5759004911232132,0.0,0.0
14291.0,0.5945576710934546,0.2582620918444002,0.060080737485948915,0.08709949957619628
15099.0,0.9855486793259657,0.014451320674034403,0.0,0.0
15336.0,0.9956271264408516,0.004372873559148407,0.0,0.0
15746.0,0.9971887453541513,0.002811254645848813,0.0,0.0
15505.0,0.9989148784569427,0.0010851215430573585,0.0,0.0
14625.0,0.9972962544789638,0.0027037455210361157,0.0,0.0
14386.0,0.9928402283093302,0.007159771690669857,0.0,0.0
14140.0,0.24659977129590419,0.2548757014867598,0.16077029971823922,0.3377542274990968
14868.0,0.6429432256698273,0.1227093625957864,0.22886342524128428,0.005483986493102019
15111.0,0.9900810171421053,0.009918982857894786,0.0,0.0
15725.0,0.9899213689498199,0.01007863105018016,0.0,0.0
15486.0,0.6040533629520844,0.2344219696377427,0.06409004724210332,0.09743462016806957
15658.0,0.257576689101778,0.21292140953941266,0.008967796287871003,0.5205341050709384
15417.0,0.5110938687456753,0.4889061312543248,0.0,0.0
14931.0,0.9956271264408516,0.004372873559148407,0.0,0.0
15168.0,0.6611525567897161,0.17441073064025647,0.07161372180017521,0.09282299076985227
14694.0,0.9943792296579582,0.005620770342041693,0.0,0.0
14203.0,0.639620796696219,0.08937857926409427,0.2710006240396868,2.227994685060694E-25
14453.0,0.9956271264594306,0.004372873540569429,0.0,0.0
15574.0,0.6910204411367608,0.177704875091736,0.10453398596769048,0.026740697803812875
15036.0,0.7176602791626806,0.13126790898736415,0.14067186618739858,0.01039994566255674
15279.0,0.6767429866756569,0.3231132055344166,7.145189528583093E-6,1.3666260039797386E-4
14729.0,0.9966912869093973,0.0021569283527425242,0.0011517847378600776,0.0
13959.0,0.9900810173269573,0.009918982673042656,0.0,0.0
14228.0,0.6910204408358658,0.17770487490883027,0.10453398655506939,0.026740697700234493
14490.0,0.6611441816185835,0.17440940776507313,0.07161233325604469,0.09283407736029868
15604.0,0.6611441705074307,0.17440940747632394,0.07161233261663166,0.09283408939961364
15245.0,0.4801505913598552,0.28243931324989097,0.05379435888956434,0.18361573650068935
15006.0,0.5656483512473847,0.1822213812995086,0.03368284502821295,0.21844742242489373
14520.0,0.9987105200569804,0.0012894799430196097,0.0,0.0
14262.0,0.5853252000606252,0.24216333733417636,0.062128778961972456,0.11038268364322602
13989.0,0.9899213689498199,0.01007863105018016,0.0,0.0
14763.0,0.4286902208119903,0.5713097791880097,0.0,0.0
15387.0,0.9936679047477306,0.004866622029036808,0.0014654732232325547,0.0
15624.0,0.995054432732871,0.004945567267128913,0.0,0.0
15202.0,0.9956271264408516,0.004372873559148407,0.0,0.0
14961.0,0.9969593188508357,0.0030406811491644143,0.0,0.0
14423.0,0.9966912869093973,0.0021569283527425242,0.0011517847378600776,0.0
14169.0,0.5203068460291984,0.2209620380457296,0.252190549931849,0.0065405659932231035
14660.0,0.9936679047477306,0.004866622029036808,0.0014654732232325547,0.0
15536.0,0.6910204149868132,0.17770486877854844,0.10453401102364127,0.02674070521099705
14049.0,0.9999998573516168,1.4264838319189072E-7,0.0,0.0
14831.0,0.9385870960114444,0.06141290398855572,0.0,0.0
14588.0,0.5853246318288235,0.24216350291972544,0.0621285573950148,0.11038330785643614
14322.0,0.707797155760347,0.18190760961492114,0.09646653885280576,0.013828695771926185
15066.0,0.6299133548508333,0.1949864315096716,0.07568467506051058,0.09941553857898446
15305.0,0.9971887453541513,0.002811254645848813,0.0,0.0
15692.0,0.6894618089105115,0.10953146858447078,0.18181692594220794,0.01918979656280981
15455.0,0.9900810178074513,0.009918982192548607,0.0,0.0
14592.0,0.6488757083555328,0.13222787382667422,0.21853291159888066,3.6350621891237156E-4
14355.0,0.9966912869093973,0.0021569283527425242,0.0011517847378600776,0.0
14109.0,0.9999998573516168,1.4264838319189072E-7,0.0,0.0
14901.0,0.9899213689498199,0.01007863105018016,0.0,0.0
15142.0,0.9954905765290827,0.004509423470917408,0.0,0.0
15485.0,0.6040533629956043,0.23442196965143394,0.0640900472478793,0.09743462010508251
15726.0,0.7176602763396815,0.13126791139628233,0.14067186579865598,0.010399946465380172
14143.0,0.30338032754514555,0.27986636791924646,0.13591717297617015,0.2808361315594379
14385.0,0.9999998573515613,1.426484386880796E-7,0.0,0.0
14626.0,0.9938239162453651,0.006176083754634869,0.0,0.0
15108.0,0.9899213689498199,0.01007863105018016,0.0,0.0
14871.0,0.6700873647015372,0.23025366400527061,0.039551493416716675,0.060107477876475426
15506.0,0.9973501815262783,0.002649818473721841,0.0,0.0
15745.0,0.9987105200569828,0.0012894799430172672,0.0,0.0
14288.0,0.7890106617659458,0.11930835470899705,0.09168093785606946,4.566898768926641E-8
14558.0,0.9900810173279935,0.00991898267200657,0.0,0.0
14797.0,0.9949209621153641,0.005079037884635968,0.0,0.0
14019.0,0.619276970855235,0.21286670359244853,0.08201291642854232,0.08584340912377407
15339.0,0.6903619080604051,0.17752258282149352,0.10522319202703553,0.02689231709106598
15096.0,0.9966912869093973,0.0021569283527425242,0.0011517847378600776,0.0
14930.0,0.9972759914254359,0.002724008574564189,0.0,0.0
15169.0,0.9966912869093973,0.0021569283527425242,0.0011517847378600776,0.0
14695.0,0.99317263480621,0.006827365193790039,0.0,0.0
14452.0,0.9928402283093302,0.007159771690669857,0.0,0.0
14202.0,0.99891491098387,0.001085089016130134,0.0,0.0
15659.0,0.6894734195710256,0.109470089590082,0.18188850773040227,0.019167983108490196
15416.0,0.7235488279284258,0.27645117207157416,0.0,0.0
15037.0,0.6557613656781035,0.11057403291534403,0.23090240451102018,0.002762196895532361
15278.0,0.9956271264408516,0.004372873559148407,0.0,0.0
14728.0,0.9943792296587207,0.005620770341279195,0.0,0.0
14491.0,0.9987105200569429,0.0012894799430570902,0.0,0.0
14229.0,0.9969593188508357,0.0030406811491644143,0.0,0.0
15575.0,0.4541465252848831,0.5458534747151169,0.0,0.0
15244.0,0.9999998573050609,1.4269493901567632E-7,0.0,0.0
15007.0,0.9936679047477306,0.004866622029036808,0.0014654732232325547,0.0
14263.0,0.9972962544780614,0.0027037455219385965,0.0,0.0
14521.0,0.9938239162453651,0.006176083754634869,0.0,0.0
14762.0,0.9936679047496509,0.004866622029046213,0.0014654732213027688,0.0
13988.0,0.6463211350356663,0.12656699752958453,0.22100154364338787,0.006110323791361317
15605.0,0.9943792296587207,0.005620770341279195,0.0,0.0
15203.0,0.9999998573516168,1.4264838319189072E-7,0.0,0.0
14960.0,0.9966912869093973,0.0021569283527425242,0.0011517847378600776,0.0
14168.0,0.9969593188508357,0.0030406811491644143,0.0,0.0
14422.0,0.9966912869093973,0.0021569283527425242,0.0011517847378600776,0.0
14661.0,0.9966912869093973,0.0021569283527425242,0.0011517847378600776,0.0
15386.0,0.9971887453541513,0.002811254645848813,0.0,0.0
15625.0,0.6307105020189884,0.36928948348115714,2.663078546012085E-14,1.4499827954567456E-8
14830.0,0.6526516171316348,0.08853870316939257,0.25880967969897256,0.0
14048.0,0.9966912869093973,0.0021569283527425242,0.0011517847378600776,0.0
14323.0,0.4097502508922223,0.15785487952510446,0.11460696818969314,0.31778790139298013
14589.0,0.9943792296587207,0.005620770341279195,0.0,0.0
15067.0,0.5522537836790788,0.26413081285307766,0.08288347165480671,0.10073193181303676
15304.0,0.9973501815262783,0.002649818473721841,0.0,0.0
15537.0,0.5656483512473847,0.1822213812995086,0.03368284502821295,0.21844742242489373
14593.0,0.9999998573509091,1.426490909060119E-7,0.0,0.0
14108.0,0.9999998573516168,1.426483831921502E-7,0.0,0.0
14354.0,0.995054432732871,0.004945567267128913,0.0,0.0
14900.0,0.5462078556218991,0.15435001138908294,0.29944213298901806,0.0
15143.0,0.99891491098387,0.001085089016130134,0.0,0.0
15693.0,0.9999998573516168,1.4264838319189072E-7,0.0,0.0
15454.0,0.4286901899764262,0.5713098100235738,0.0,0.0
14384.0,0.9966912869093973,0.0021569283527425242,0.0011517847378600776,0.0
14142.0,0.9954905765290827,0.004509423470917408,0.0,0.0
14627.0,0.37090381170103626,0.6290961882989637,0.0,0.0
15109.0,0.9972962544789638,0.0027037455210361157,0.0,0.0
14870.0,0.5017382021568244,0.4982617978431755,0.0,0.0
15484.0,0.9956271264408516,0.004372873559148407,0.0,0.0
15727.0,0.9956271264408516,0.004372873559148407,0.0,0.0
14559.0,0.6910160430203409,0.17770365720122347,0.10453858903298156,0.026741710745454048
14289.0,0.9999998573516168,1.4264838319189072E-7,0.0,0.0
14018.0,0.6671002516796007,0.19828414837695593,0.10331293566468662,0.03130266427875662
14796.0,0.9987105200569828,0.0012894799430172672,0.0,0.0
15338.0,0.9967204290720397,0.0021569935514659465,0.0011225773764943895,0.0
15097.0,0.6910204408357833,0.17770487490880907,0.10453398655515196,0.026740697700255625
15507.0,0.9956271206366357,0.004372879363364311,0.0,0.0
15744.0,0.28664148274044626,0.17967877506960492,0.18909652324121135,0.34458321894873745
15630.0,0.9987105200569828,0.0012894799430172672,0.0,0.0
15389.0,0.6482844803019842,0.1290076243202054,0.2161720248066025,0.00653587057120786
14658.0,0.9956271264408516,0.004372873559148407,0.0,0.0
14417.0,0.9989123368951742,0.0010876631048258665,0.0,0.0
14175.0,0.9938252679578897,0.006174732042110204,0.0,0.0
14967.0,0.9936679047477306,0.004866622029036808,0.0014654732232325547,0.0
15204.0,0.9972759914254359,0.002724008574564189,0.0,0.0
15602.0,0.7283385948428198,0.11014294764251882,0.16151839251199956,6.500266193812792E-8
13987.0,0.9999998573516168,1.4264838319189072E-7,0.0,0.0
14765.0,0.5525773069688241,0.264262827227605,0.08266433005562712,0.10049553574794379
14526.0,0.9966912873825868,0.0021569283789078866,0.0011517842385052439,0.0
14256.0,0.7176602791618393,0.13126790898744906,0.14067186618812927,0.010399945662582384
15000.0,0.9969590882766478,0.003040911723352339,0.0,0.0
15243.0,0.6192462831960488,0.2128561377043372,0.08204058544974431,0.08585699364986982
15568.0,0.9966912869093973,0.0021569283527425242,0.0011517847378600776,0.0
14226.0,0.9900810173269573,0.009918982673042656,0.0,0.0
14492.0,0.7265315860054458,0.2588310415750383,0.0022264481564113862,0.012410924263104545
14735.0,0.9973458366765553,0.0026541633234447967,0.0,0.0
15273.0,0.9936679047477359,0.004866622029036834,0.0014654732232272309,0.0
15034.0,0.9962966202369542,0.002427012882312687,0.0012763668807332853,0.0
15423.0,0.2924850696604707,0.7075149303395292,0.0,0.0
15660.0,0.9956271264408516,0.004372873559148407,0.0,0.0
14205.0,0.9999998573516168,1.4264838319189072E-7,0.0,0.0
14451.0,0.9969593188508357,0.0030406811491644143,0.0,0.0
14688.0,0.9936679047477306,0.004866622029036808,0.0014654732232325547,0.0
15174.0,0.6192524839437114,0.21285178955937026,0.0820437930263018,0.08585193347061656
14933.0,0.47578080971168557,0.12055088505658434,0.33299745449410445,0.07067085073762569
15751.0,0.9855486793259657,0.014451320674034403,0.0,0.0
15508.0,0.6192462314025157,0.21285618919141325,0.08204054466651949,0.0858570347395516
15102.0,0.99891491098387,0.001085089016130134,0.0,0.0
15341.0,0.6910204408358658,0.17770487490883027,0.10453398655506939,0.026740697700234493
14795.0,0.7545011292471755,0.2454988707528245,2.9706641042380465E-34,1.7743353017851253E-19
14021.0,0.9928402283093302,0.007159771690669857,0.0,0.0
14294.0,0.5858283978742874,0.24201598478128475,0.06232512250169661,0.10983049484273119
14552.0,0.9969593188508357,0.0030406811491644143,0.0,0.0
15720.0,0.9972962544789638,0.0027037455210361157,0.0,0.0
15483.0,0.995054432732871,0.004945567267128913,0.0,0.0
14865.0,0.679052300083588,0.17440611583459553,0.11706807091959738,0.02947351316221913
15106.0,0.9949360797162501,0.005063920283749934,0.0,0.0
14628.0,0.9972962544789638,0.0027037455210361157,0.0,0.0
14137.0,0.4909815441185776,0.2855020465051975,0.05633691924424252,0.1671794901319824
14391.0,0.9966912869093973,0.0021569283527425242,0.0011517847378600776,0.0
15449.0,0.9973501815262783,0.002649818473721841,0.0,0.0
15690.0,0.9999998573516168,1.4264838319189072E-7,0.0,0.0
15136.0,0.9999998573516168,1.426483831921502E-7,0.0,0.0
14899.0,0.9989115395623687,0.001088460437631333,0.0,0.0
14357.0,0.99891491098387,0.001085089016130134,0.0,0.0
14107.0,0.6428783692787076,0.12273805870281733,0.22889524859872964,0.005488323419745449
14598.0,0.42408675092166265,0.5759132490783374,0.0,0.0
15542.0,0.614819506938878,0.21205949155166778,0.08332054317202162,0.08980045833743251
15311.0,0.30338034242632095,0.2798663768149032,0.13591717866066544,0.28083610209811044
15068.0,0.17923153484628268,0.11974449545553455,0.23061790038881763,0.4704060693093651
14586.0,0.9956271262079094,0.004372873792090465,0.0,0.0
14324.0,0.99891491098387,0.001085089016130134,0.0,0.0
14055.0,0.9983627275560881,0.0016372724439119373,0.0,0.0
14825.0,0.9928402283093302,0.007159771690669857,0.0,0.0
14659.0,0.604103249283066,0.2344451505438512,0.06410543752019159,0.0973461626528912
14174.0,0.9956271264408516,0.004372873559148407,0.0,0.0
14416.0,0.9971885290879869,0.0028114709120130366,0.0,0.0
14966.0,0.9929413700354697,0.007058629964530412,0.0,0.0
15205.0,0.9987105200409504,0.001289479959049514,0.0,0.0
15631.0,0.642945899618141,0.12270987790840637,0.22886037825287026,0.00548384422058226
15388.0,0.9969593188508247,0.0030406811491754428,0.0,0.0
14764.0,0.27976945054840535,0.22179121276573566,0.48325158860743167,0.015187748078427418
13986.0,0.6005939223156596,0.23458246993629778,0.06530341915289092,0.09952018859515183
14257.0,0.26811225139765194,0.14533889345292617,0.20330513502327516,0.3832437201261467
14527.0,0.9971887452495244,0.0028112547504755684,0.0,0.0
15001.0,0.9936679047477306,0.004866622029036808,0.0014654732232325547,0.0
15242.0,0.9972759914129982,0.0027240085870018074,0.0,0.0
15603.0,0.16328083262071177,0.8367191673792882,0.0,0.0
14493.0,0.9956271264408516,0.004372873559148407,0.0,0.0
14227.0,0.992840228309356,0.0071597716906439965,0.0,0.0
14734.0,0.9969593188508357,0.0030406811491644143,0.0,0.0
15272.0,0.9989094231390053,0.00109057686099462,0.0,0.0
15035.0,0.4176230363253752,0.16034586452895724,0.11423413380403122,0.3077969653416364
15569.0,0.9900810173269395,0.00991898267306052,0.0,0.0
14450.0,0.9936679047477306,0.004866622029036808,0.0014654732232325547,0.0
14204.0,0.8377908455102047,0.1597854558425196,0.0018245349193183448,5.991637279575066E-4
14689.0,0.9855486793259657,0.014451320674034403,0.0,0.0
15175.0,0.9943792296586598,0.005620770341340195,0.0,0.0
14932.0,0.9972759914254359,0.002724008574564189,0.0,0.0
15422.0,0.9972759914254359,0.002724008574564189,0.0,0.0
15661.0,0.619246125418214,0.21285617055900305,0.08204057557373463,0.08585712844904834
15103.0,0.9972759914254359,0.002724008574564189,0.0,0.0
15340.0,0.7158890573315609,0.1327975409854373,0.14038797507160913,0.010925426611392688
14020.0,0.9900810173269573,0.009918982673042656,0.0,0.0
14794.0,0.9956271264408516,0.004372873559148407,0.0,0.0
14553.0,0.9999998573516168,1.4264838319189072E-7,0.0,0.0
14295.0,0.9899211944663989,0.010078805533601095,0.0,0.0
15750.0,0.9987105200569828,0.0012894799430172672,0.0,0.0
15509.0,0.6488756949068761,0.1322278710865884,0.21853292776635394,3.635062401814507E-4
14864.0,0.6040533632116376,0.23442196974571952,0.06409004699195046,0.0974346200506924
15107.0,0.9987105200569828,0.0012894799430172672,0.0,0.0
14629.0,0.9971887453541513,0.002811254645848813,0.0,0.0
14390.0,0.5853459371878822,0.24215729246054885,0.06213684819169291,0.11035992215987606
14136.0,0.9971887453541513,0.002811254645848813,0.0,0.0
15721.0,0.7283385985479948,0.11014294643010802,0.1615183900192438,6.500265339574763E-8
15482.0,0.99891491098387,0.001085089016130134,0.0,0.0
15137.0,0.9972759914254359,0.002724008574564189,0.0,0.0
14898.0,0.9987105200569828,0.0012894799430172672,0.0,0.0
14106.0,0.9855486793259657,0.014451320674034403,0.0,0.0
14356.0,0.9956271264408516,0.004372873559148407,0.0,0.0
14599.0,0.7176373555794634,0.13128780162149262,0.1406681999416733,0.010406642857370635
15448.0,0.9973501815262783,0.002649818473721841,0.0,0.0
15691.0,0.9973501815262783,0.002649818473721841,0.0,0.0
15310.0,0.9855486793259657,0.014451320674034403,0.0,0.0
15069.0,0.45414561306360046,0.5458543869363994,0.0,0.0
14325.0,0.9999998573515617,1.4264843831495316E-7,0.0,0.0
14587.0,0.9972759914254359,0.002724008574564189,0.0,0.0
14824.0,0.9971887453541513,0.002811254645848813,0.0,0.0
14054.0,0.5521198935533226,0.26421861015931836,0.08309521803547561,0.10056627825188347
15543.0,0.9973501815262783,0.002649818473721841,0.0,0.0
15600.0,0.9928402283093302,0.007159771690669857,0.0,0.0
14524.0,0.9972759914254359,0.002724008574564189,0.0,0.0
14258.0,0.9938239162453651,0.006176083754634869,0.0,0.0
13985.0,0.9956271264408516,0.004372873559148407,0.0,0.0
14767.0,0.9928402283093302,0.007159771690669857,0.0,0.0
15241.0,0.3964224110355376,0.6035775889644623,0.0,0.0
15002.0,0.6429386247638705,0.12270958617094298,0.22886764111631894,0.005484147948867557
15391.0,0.9972759914254359,0.002724008574564189,0.0,0.0
15628.0,0.9966912869093973,0.0021569283527425242,0.0011517847378600776,0.0
14419.0,0.9900810173269573,0.009918982673042656,0.0,0.0
14173.0,0.5664917085791716,0.1821043075665641,0.03447938497272594,0.2169245988815384
14656.0,0.4240995088767868,0.5759004911232132,0.0,0.0
15206.0,0.9973501815262783,0.002649818473721841,0.0,0.0
14965.0,0.7176789334987462,0.13127398148653907,0.14064767705793685,0.010399407956777932
15662.0,0.9969593188508357,0.0030406811491644143,0.0,0.0
15421.0,0.5656483512473846,0.1822213812995086,0.03368284502821296,0.21844742242489382
14690.0,0.9972758063016571,0.002724193698343011,0.0,0.0
14207.0,0.9432128488832202,0.056787151116779795,0.0,0.0
14449.0,0.9956271264408516,0.004372873559148407,0.0,0.0
14935.0,0.9900810173269573,0.009918982673042656,0.0,0.0
15172.0,0.8457780693623146,0.15422193063767364,2.5997240783172413E-22,1.1899488171117269E-14
15570.0,0.995054432732871,0.004945567267128913,0.0,0.0
14733.0,0.7915949610870813,0.20835793256157747,1.0295971581105587E-6,4.607675418323552E-5
14224.0,0.9966912869084462,0.0021569283532818996,0.0011517847382717101,0.0
14494.0,0.9969593188508357,0.0030406811491644143,0.0,0.0
15032.0,0.9971887453541513,0.002811254645848813,0.0,0.0
15275.0,0.6513308482821576,0.10982678841457992,0.23603019658208255,0.002812166721179841
15481.0,0.9966912869093973,0.0021569283527425242,0.0011517847378600776,0.0
15722.0,0.9971887453541513,0.002811254645848813,0.0,0.0
15104.0,0.5680903739254003,0.2093702920978352,0.11388223801537811,0.10865709596138637
14867.0,0.9928173064024334,0.007182693597566694,0.0,0.0
14139.0,0.5959342340010677,0.4040657659989323,0.0,0.0
14389.0,0.4379670635368856,0.5620329364631145,0.0,0.0
14630.0,0.9999998573516155,1.4264838458397872E-7,0.0,0.0
15510.0,0.717661601096373,0.13128159874216283,0.1406537247217823,0.010403075439681879
15749.0,0.9950544342159998,0.0049455657840001095,0.0,0.0
15343.0,0.08786782586937086,0.1273195296859706,0.20705821374033756,0.577754430704321
15100.0,0.9987105200569828,0.0012894799430172672,0.0,0.0
14292.0,0.9972962544789638,0.0027037455210361157,0.0,0.0
14554.0,0.9972759914254359,0.002724008574564189,0.0,0.0
14793.0,0.6042531702032957,0.234485116909847,0.06411028535454959,0.09715142753230775
14023.0,0.5853284198154434,0.24216239891369273,0.0621300313135732,0.11037914995729069
15540.0,0.9949209621153641,0.005079037884635968,0.0,0.0
15070.0,0.99284056301234,0.007159436987659878,0.0,0.0
15309.0,0.9966912869093973,0.0021569283527425242,0.0011517847378600776,0.0
14053.0,0.6193782424385462,0.21276351762880397,0.08210949505528492,0.08574874487736489
14827.0,0.9936679047477306,0.004866622029036808,0.0014654732232325547,0.0
14584.0,0.9987105200569828,0.0012894799430172672,0.0,0.0
14326.0,0.9936679047477306,0.004866622029036808,0.0014654732232325547,0.0
15688.0,0.6429402854298766,0.12270880198852979,0.2288668795946647,0.005484032986928875
15451.0,0.9987105200569828,0.0012894799430172672,0.0,0.0
14897.0,0.6311024757259559,0.2056726113313635,0.09194095065728189,0.0712839622853987
15138.0,0.9954905765290827,0.004509423470917408,0.0,0.0
14596.0,0.9972759914254359,0.002724008574564189,0.0,0.0
14359.0,0.9938286433378783,0.006171356662121673,0.0,0.0
14105.0,0.9972759914254359,0.002724008574564189,0.0,0.0
14259.0,0.9855486793259657,0.014451320674034403,0.0,0.0
14525.0,0.995054432732871,0.004945567267128913,0.0,0.0
14766.0,0.9971887453541513,0.002811254645848813,0.0,0.0
13984.0,0.6429406058200543,0.12270886310043073,0.22886650109995418,0.005484029979560691
15240.0,0.9969850538644355,0.0030149461355644044,0.0,0.0
15003.0,0.9966912869091065,0.0021569283530086876,0.0011517847378848822,0.0
15601.0,0.6894734204318006,0.10947008920043824,0.18188850712860452,0.019167983239156663
14172.0,0.7322767817245167,0.26772321827548334,1.2270969753661859E-155,4.4377602648885575E-86
14418.0,0.9973501815262783,0.002649818473721841,0.0,0.0
14657.0,0.9899213689498199,0.01007863105018016,0.0,0.0
15207.0,0.9973501815262783,0.002649818473721841,0.0,0.0
14964.0,0.6604787045627435,0.15168273975433333,0.17602430867834756,0.011814247004575599
15390.0,0.9949209621153641,0.005079037884635968,0.0,0.0
15629.0,0.34771860225641155,0.2796545239370927,0.37046059519293423,0.002166278613561557
14691.0,0.9969593188508357,0.0030406811491644143,0.0,0.0
14448.0,0.7176182616681339,0.13130453419774857,0.1406649411626021,0.010412262971515424
14206.0,0.6910204408358658,0.17770487490883027,0.10453398655506939,0.026740697700234493
14934.0,0.6299133548508333,0.1949864315096716,0.07568467506051058,0.09941553857898446
15173.0,0.9971887453541513,0.002811254645848813,0.0,0.0
15663.0,0.9943792296587207,0.005620770341279195,0.0,0.0
15420.0,0.9954905765290827,0.004509423470917408,0.0,0.0
14732.0,0.6910204408185093,0.1777048750194378,0.10453398628305097,0.026740697879001796
14495.0,0.4757838479916987,0.12055167382899297,0.3329941821120646,0.07067029606724369
14225.0,0.9973501815262783,0.002649818473721841,0.0,0.0
15033.0,0.5689860633866629,0.212115724707715,0.05253524396180484,0.1663629679438172
15274.0,0.8066933098808056,0.19330669011919444,0.0,0.0
15571.0,0.44831483201860334,0.247684031582541,0.11229708101865149,0.19170405538020424
15105.0,0.501663790605886,0.21893543657336048,0.10140056378683947,0.17800020903391406
14866.0,0.9973501815262783,0.002649818473721841,0.0,0.0
14388.0,0.6894730406905049,0.10947210691072892,0.1818861519642142,0.019168700434552058
14138.0,0.995054432732871,0.004945567267128913,0.0,0.0
14631.0,0.995054432732871,0.004945567267128913,0.0,0.0
15480.0,0.552253845289301,0.26413083247160035,0.0828834409322873,0.1007318813068113
15723.0,0.9972759914254359,0.002724008574564189,0.0,0.0
15342.0,0.9936679047477306,0.004866622029036808,0.0014654732232325547,0.0
15101.0,0.1657018523825271,0.09411723482450424,0.22985290370451741,0.5103280090884512
14555.0,0.9936679047477306,0.004866622029036808,0.0014654732232325547,0.0
14293.0,0.9936679047477306,0.004866622029036808,0.0014654732232325547,0.0
14022.0,0.6910204408085278,0.17770487521525521,0.1045339857938767,0.026740698182340334
14792.0,0.9969593188508412,0.0030406811491589,0.0,0.0
15511.0,0.995054432732871,0.004945567267128913,0.0,0.0
15748.0,0.6192431546288826,0.21285556541440037,0.08204153784302438,0.08585974211369254
15071.0,0.9973501815262783,0.002649818473721841,0.0,0.0
15308.0,0.9972759914254359,0.002724008574564189,0.0,0.0
14826.0,0.9943792296587207,0.005620770341279195,0.0,0.0
14052.0,0.6655932224891271,0.1877831980500475,0.09110341901644672,0.055520160444378644
14327.0,0.995054432732871,0.004945567267128913,0.0,0.0
14585.0,0.9973501815262783,0.002649818473721841,0.0,0.0
15541.0,0.9969593188480399,0.003040681151960088,0.0,0.0
14896.0,0.9972759914254359,0.002724008574564189,0.0,0.0
15139.0,0.9969593188508357,0.0030406811491644143,0.0,0.0
14597.0,0.6894734204320355,0.10947008920047707,0.1818885071283488,0.01916798323913852
14104.0,0.5043141990684155,0.4956858009315845,0.0,0.0
14358.0,0.6747037653989001,0.087652185150752,0.22726817129917226,0.010375878151175657
15689.0,0.9966912869066148,0.002156928354443194,0.0011517847389421155,0.0
15450.0,0.9943792296587207,0.005620770341279195,0.0,0.0
14361.0,0.37121592470451753,0.6287840752954825,0.0,0.0
14103.0,0.9987105200569804,0.0012894799430196097,0.0,0.0
14602.0,0.995054432732871,0.004945567267128913,0.0,0.0
15148.0,0.9972931081723924,0.0027068918276075787,0.0,0.0
14911.0,0.1656945495351831,0.09411344974162458,0.22985419629774753,0.5103378044254449
15445.0,0.5853343116092815,0.24216068200099128,0.062132323343951794,0.11037268304577541
15686.0,0.9938239162453651,0.006176083754634869,0.0,0.0
14582.0,0.6429402925670598,0.12270880335006303,0.22886687116294793,0.0054840329199292576
14328.0,0.6931295533843485,0.30687044661565155,7.297788949485352E-39,1.6941321725337275E-33
14059.0,0.9973501815262783,0.002649818473721841,0.0,0.0
14821.0,0.5860647924352151,0.2419462758578425,0.062417741455906006,0.10957119025103636
15299.0,0.9978396052012731,0.0021603852659750067,9.532751819364767E-9,0.0
15056.0,0.9928402283093302,0.007159771690669857,0.0,0.0
15546.0,0.9972759914250802,0.002724008574919973,0.0,0.0
14791.0,0.6488756949070701,0.13222787108662792,0.21853292776612113,3.6350624018089816E-4
14025.0,0.4541465252848831,0.5458534747151169,0.0,0.0
14298.0,0.9999998573516168,1.4264838319189072E-7,0.0,0.0
14548.0,0.9900810173269573,0.009918982673042656,0.0,0.0
15090.0,0.9943792296587207,0.005620770341279195,0.0,0.0
15329.0,0.9900810173269573,0.009918982673042656,0.0,0.0
15755.0,0.9987105200569828,0.0012894799430172672,0.0,0.0
15512.0,0.45681697216716755,0.22228206858902405,0.32090020205846054,7.571853478598563E-7
14632.0,0.985924874471983,0.014075125528017133,0.0,0.0
14133.0,0.9999998573516168,1.4264838319189072E-7,0.0,0.0
14395.0,0.995054432732871,0.004945567267128913,0.0,0.0
14877.0,0.9973501815262783,0.002649818473721841,0.0,0.0
15118.0,0.9969593188508357,0.0030406811491644143,0.0,0.0
15716.0,0.9971887453541513,0.002811254645848813,0.0,0.0
15479.0,0.6535284947943452,0.17426074717303994,0.1699505249550191,0.0022602330775957843
15269.0,0.6656779889975868,0.17511178771198999,0.07237589048125521,0.08683433280916804
15030.0,0.728338598545106,0.11014294642967117,0.16151839002256949,6.500265339631748E-8
14238.0,0.9972759914254359,0.002724008574564189,0.0,0.0
14480.0,0.995054432732871,0.004945567267128913,0.0,0.0
14723.0,0.9938239162453651,0.006176083754634869,0.0,0.0
13965.0,0.9987105200569828,0.0012894799430172672,0.0,0.0
15580.0,0.2924850696604707,0.7075149303395292,0.0,0.0
15178.0,0.9899213689498199,0.01007863105018016,0.0,0.0
14937.0,0.9943792296587207,0.005620770341279195,0.0,0.0
14193.0,0.6422604957968011,0.22075259438330685,0.06192953148648287,0.0750573783334091
14463.0,0.9936679047477306,0.004866622029036808,0.0014654732232325547,0.0
14700.0,0.9936679047477306,0.004866622029036808,0.0014654732232325547,0.0
15411.0,0.9936679047477306,0.004866622029036808,0.0014654732232325547,0.0
15648.0,0.9938239162453651,0.006176083754634869,0.0,0.0
14971.0,0.9943792297271018,0.005620770272898278,0.0,0.0
15208.0,0.7176602608253154,0.13126791871940632,0.14067187235041642,0.01039994810486177
14670.0,0.9956271264408516,0.004372873559148407,0.0,0.0
14429.0,0.9956271264408516,0.004372873559148407,0.0,0.0
14163.0,0.5023483115011735,0.21876394841421654,0.10124322327718757,0.17764451680742235
15618.0,0.48015606144428585,0.28243816068088273,0.053795851384689085,0.18360992649014238
15377.0,0.9999998546178823,1.453821177376266E-7,0.0,0.0
14996.0,0.9987105200569828,0.0012894799430172672,0.0,0.0
15239.0,0.9972962544789638,0.0027037455210361157,0.0,0.0
13999.0,0.5522495144767682,0.26413370059832014,0.08289036432530544,0.10072642059960621
14753.0,0.9950609467640118,0.004939053235988279,0.0,0.0
14514.0,0.9972759914254359,0.002724008574564189,0.0,0.0
14268.0,0.9999998573516092,1.4264839074030318E-7,0.0,0.0
15614.0,0.9855486798974723,0.014451320102527754,0.0,0.0
15444.0,0.6538530449851602,0.29366089046098615,0.022884179966176716,0.029601884587676937
15687.0,0.9972759914254359,0.002724008574564189,0.0,0.0
14102.0,0.9999992359028732,7.640971267043521E-7,0.0,0.0
14360.0,0.988855892853242,0.011144107146758007,0.0,0.0
14603.0,0.995054432732871,0.004945567267128913,0.0,0.0
15149.0,0.99891491098387,0.001085089016130134,0.0,0.0
14910.0,0.9972962544789638,0.0027037455210361157,0.0,0.0
15547.0,0.9900683429307108,0.009931657069289265,0.0,0.0
14329.0,0.9900810175915702,0.009918982408429733,0.0,0.0
14583.0,0.9936679047477306,0.004866622029036808,0.0014654732232325547,0.0
14820.0,0.9936679051915294,0.004866622031236929,0.001465472777233754,0.0
14058.0,0.5010759457670984,0.2742272688422165,0.058851425281041085,0.1658453601096441
15298.0,0.30700652670738987,0.27930127131110627,0.13539020109273112,0.27830200088877277
15057.0,0.6910201655167288,0.17770479867580954,0.10453427468674134,0.02674076112072023
15754.0,0.9973501815262783,0.002649818473721841,0.0,0.0
15513.0,0.4677112352372415,0.5322887647627584,0.0,0.0
14024.0,0.9899213689498199,0.01007863105018016,0.0,0.0
14790.0,0.7176318688065035,0.13129322329893317,0.14066650292776425,0.010408404966799123
14549.0,0.9971887453541513,0.002811254645848813,0.0,0.0
14299.0,0.9966912869093973,0.0021569283527425242,0.0011517847378600776,0.0
15091.0,0.9936679047477306,0.004866622029036808,0.0014654732232325547,0.0
15328.0,0.9943792296587207,0.005620770341279195,0.0,0.0
15717.0,0.9969593188508357,0.0030406811491644143,0.0,0.0
15478.0,0.5841528909259937,0.2624508333029913,0.05634119918392256,0.09705507658709255
14633.0,0.6299131760099504,0.19498647141065725,0.07568472486807395,0.09941562771131852
14394.0,0.28225789537194723,0.2214519516898039,0.4814938615129644,0.014796291425284457
14132.0,0.9966912869093973,0.0021569283527425242,0.0011517847378600776,0.0
14876.0,0.9971887453541513,0.002811254645848813,0.0,0.0
15119.0,0.4702756363578892,0.20119824708837064,0.3242854860431115,0.004240630510628578
15581.0,0.9954905765290827,0.004509423470917408,0.0,0.0
15268.0,0.4286902208119903,0.5713097791880097,0.0,0.0
15031.0,0.6611442031498921,0.17440941390312578,0.07161233862111675,0.09283404432586537
14481.0,0.4240995088767868,0.5759004911232132,0.0,0.0
14239.0,0.9938239267122443,0.006176073287755597,0.0,0.0
13964.0,0.9971887453539982,0.002811254646001791,0.0,0.0
14722.0,0.9972446677731256,0.0027553322268744893,0.0,0.0
15410.0,0.6439126582510933,0.12377978656615682,0.22665518357761524,0.005652371605134632
15649.0,0.995054432732871,0.004945567267128913,0.0,0.0
15179.0,0.99891491098387,0.001085089016130134,0.0,0.0
14936.0,0.6299133548575975,0.19498643151176537,0.07568467506125447,0.09941553856938268
14462.0,0.9999998573516037,1.4264839630139023E-7,0.0,0.0
14192.0,0.9956281675671366,0.0043718324328633935,0.0,0.0
14701.0,0.6298443656619311,0.19500210562818615,0.07570410222281544,0.09944942648706727
15619.0,0.9987105200569828,0.0012894799430172672,0.0,0.0
15376.0,0.7176582974285988,0.13126896330785773,0.140672830182651,0.010399909080892486
14970.0,0.4684146866096036,0.25031477123794443,0.27447096365448076,0.006799578497971191
15209.0,0.9936679047477306,0.004866622029036808,0.0014654732232325547,0.0
14671.0,0.5413214638478889,0.16312514506201595,0.2928749543403649,0.0026784367497301458
14162.0,0.5853246290252432,0.24216350373696072,0.06212855631062341,0.1103833109271728
14428.0,0.9181208023884562,0.08187919761154382,0.0,0.0
15615.0,0.9966912869093973,0.0021569283527425242,0.0011517847378600776,0.0
14997.0,0.9971887443301571,0.002811255669842936,0.0,0.0
15238.0,0.5522766139580757,0.2641292269773241,0.08289049963895674,0.10070365942564356
14752.0,0.9966912869093973,0.0021569283527425242,0.0011517847378600776,0.0
13998.0,0.9938239162453651,0.006176083754634869,0.0,0.0
14269.0,0.9936679047477306,0.004866622029036808,0.0014654732232325547,0.0
14515.0,0.9969593188508357,0.0030406811491644143,0.0,0.0
14057.0,0.9954905765290827,0.004509423470917408,0.0,0.0
14823.0,0.6681328746652195,0.1663624533652217,0.12117688204422422,0.044327789925334524
14580.0,0.9972759914254359,0.002724008574564189,0.0,0.0
14330.0,0.9987105200569828,0.0012894799430172672,0.0,0.0
15058.0,0.8522060862301308,0.13768366517373856,0.00685922661730232,0.003251021978828199
15297.0,0.9973501815262877,0.002649818473712226,0.0,0.0
15544.0,0.5865111511072322,0.24181380168557223,0.06259329688707903,0.10908175032011658
14600.0,0.9949209621153641,0.005079037884635968,0.0,0.0
14363.0,0.9973501815262783,0.002649818473721841,0.0,0.0
14101.0,0.9950540828617742,0.0049459171382257245,0.0,0.0
14909.0,0.6910204239300518,0.177705109727459,0.10453340179685314,0.02674106454563607
15150.0,0.7176497991096875,0.13127700369396353,0.14067019008724882,0.010403007109100137
15684.0,0.9899213689498199,0.01007863105018016,0.0,0.0
15447.0,0.6676362486127307,0.10526852372310896,0.2270952276641603,2.8514237368027275E-22
14135.0,0.9973501815262783,0.002649818473721841,0.0,0.0
14393.0,0.9936679047477306,0.004866622029036808,0.0014654732232325547,0.0
14634.0,0.9954905765290827,0.004509423470917408,0.0,0.0
15116.0,0.1632808326209603,0.8367191673790396,0.0,0.0
14879.0,0.5367651191113775,0.1610675901688457,0.3021672907197768,0.0
15477.0,0.4286902208119903,0.5713097791880097,0.0,0.0
15718.0,0.9900810173269573,0.009918982673042656,0.0,0.0
14296.0,0.6910204408359776,0.17770487490869738,0.10453398655508628,0.026740697700238816
