15572.0,0.9962478070972827,0.0036691769903729322,8.235826866474177E-5,6.576436795418889E-7
15277.0,0.9950846938819499,0.004854922328226527,6.005708813315813E-5,3.2670169052959064E-7
15038.0,0.0971861058999348,0.19229710092877297,0.6146519924022837,0.09586480076900848
14230.0,0.9951462876530177,0.004690518879804598,1.610737643287058E-4,2.1197028489838037E-6
14488.0,0.9857692085247904,0.01370705417975433,5.097227425989854E-4,1.4014552856357001E-5
14731.0,0.9930323781353277,0.006743858794662638,2.1909905421367063E-4,4.664015795932583E-6
15419.0,0.8114313721539868,0.15111499446859222,0.03501953880388726,0.002434094573533862
15656.0,0.9826890168984462,0.017046370702624165,2.6045788556622817E-4,4.154513363258147E-6
15170.0,0.9918097968167896,0.008069534093313605,1.1902424114355546E-4,1.6448487533368454E-6
14929.0,0.9931498826946451,0.006760093059973112,8.794699581691934E-5,2.077249564775088E-6
14201.0,0.9856511925765957,0.014111627551060147,2.339176799812938E-4,3.2621923625859883E-6
14455.0,0.06445676652687383,0.20565457084374011,0.2747736312472617,0.4551150313821245
14692.0,0.17632296002051207,0.8209394429244088,0.0026052171436302587,1.323799114490334E-4
15626.0,0.9919182404800938,0.007994392659504919,8.689906428387825E-5,4.677961174407347E-7
15385.0,0.9741590338415973,0.022697078180833045,0.003029840019326584,1.1404795824301146E-4
14963.0,0.9139031363979035,0.08027478906401309,0.005447966913557587,3.741076245256941E-4
15200.0,0.9926895280506861,0.007221609875209244,8.794593606894133E-5,9.161380358537662E-7
14662.0,0.9934081760435169,0.006476360419129966,1.1444561927871858E-4,1.0179180742486878E-6
14421.0,0.31205553930619423,0.6857392209048778,0.001940939256739008,2.643005321888402E-4
14171.0,0.02573001132129999,0.4336677819970124,0.17277399646706051,0.36782821021462697
15606.0,0.9826890168984462,0.017046370702624165,2.6045788556622817E-4,4.154513363258147E-6
15004.0,0.9927798359539648,0.007133459307581095,8.611160794471738E-5,5.931305094198913E-7
15247.0,0.9914273258350844,0.00845421702773787,1.152101551722442E-4,3.2469820052240087E-6
13991.0,0.9775711186773117,0.01970360134722708,0.0027060586226973432,1.9221352763786946E-5
14761.0,0.22550352719050773,0.7514916685151046,0.021462844430087565,0.0015419598643000533
14522.0,0.7681825041109451,0.22759560637155876,0.004130103687297025,9.178583019889393E-5
14260.0,0.9894442956482005,0.009385927424218482,0.001106680718925702,6.309620865532272E-5
15453.0,0.9200155841773494,0.07507363033755259,0.0040725292303560355,8.382562547418417E-4
15694.0,0.9471449049870899,0.05176617106187018,0.0010827306106411146,6.1933403988394095E-6
14353.0,0.9957779060125957,0.004091606806697521,1.2901114984151623E-4,1.4760308653706375E-6
14111.0,0.9784307541821871,0.015600455309240967,0.00588103165785629,8.775885071568162E-5
14594.0,0.994908455412424,0.00497537813090209,1.150704099703343E-4,1.0960467034854738E-6
15140.0,0.9886629297126129,0.010730539799761416,6.015709657483879E-4,4.95952187749623E-6
14903.0,0.995570658570034,0.004341490878759403,8.696077356524671E-5,8.89777641420121E-7
15538.0,0.9903699813232698,0.009499918473222407,1.270403901329734E-4,3.059813374851121E-6
14590.0,0.9885998342913634,0.011249831556376363,1.4824819145668026E-4,2.0859608035160885E-6
14320.0,0.9846181192632149,0.015164987292514802,2.0249367807249544E-4,1.4399766198063199E-5
14051.0,0.5674047784926654,0.35016831677333765,0.07873635563941551,0.0036905490945815162
14829.0,0.9600442234263691,0.038675305369851455,0.0012707834798662476,9.687723913179465E-6
15307.0,0.9953280137124946,0.004537558698890332,1.3387314477716978E-4,5.544438377943593E-7
15064.0,0.025130458728185395,0.9719852840387203,0.002370680347792542,5.135768853019453E-4
15747.0,0.003892329662145305,0.030888137444869037,0.10880563728519482,0.8564138956077909
15504.0,0.995570658570034,0.004341490878759403,8.696077356524671E-5,8.89777641420121E-7
14799.0,0.9951285618487753,0.004817099692891056,5.415009629585439E-5,1.8836203764165428E-7
14017.0,0.9716256389630478,0.02639327499633866,0.0019427556140862998,3.8330426527215545E-5
14290.0,0.9929655270321279,0.006949339879361005,8.246763538301169E-5,2.6654531281271697E-6
14556.0,0.9960823066936458,0.0038381860927983336,7.848074639207007E-5,1.026467163805756E-6
15098.0,0.9928146025958688,0.007107311155973224,7.71075446357575E-5,9.787035221630912E-7
15337.0,0.9949155311581562,0.004967006539653909,1.16753223911329E-4,7.090782784419773E-7
15724.0,0.971085606612916,0.028063745025092787,8.268187163536501E-4,2.3829645637528736E-5
15487.0,0.9955571446970265,0.0043397519247095305,1.0253968702158248E-4,5.636912424476029E-7
14624.0,0.9949064973730527,0.004977136324217047,1.151418651478704E-4,1.2244375821888534E-6
14141.0,0.9763547760626232,0.022674674193584196,9.53602055839724E-4,1.6947687952897186E-5
14387.0,0.9950013568864167,0.004896701385955629,1.0165075378701083E-4,2.909738406319134E-7
14869.0,0.9377338394318628,0.0598504868597386,0.002329797418321227,8.58762900773761E-5
15110.0,0.994908455412424,0.00497537813090209,1.150704099703343E-4,1.0960467034854738E-6
15276.0,0.9846430603484709,0.015079082892785365,2.735316877825665E-4,4.325070960929476E-6
15039.0,0.9920931102356474,0.007808422774663731,9.783923231343357E-5,6.277573753286993E-7
14489.0,0.987729708894658,0.012003857610663079,2.6298109599956823E-4,3.4523986793084256E-6
14231.0,0.9629324043011857,0.0361612768278305,9.032511852852302E-4,3.0676856985292904E-6
14730.0,0.9960823066936458,0.0038381860927983336,7.848074639207007E-5,1.026467163805756E-6
15573.0,0.9935815189047431,0.00634847513204483,6.886205279252565E-5,1.143910419577451E-6
15171.0,0.897359822519348,0.09396129681498207,0.00826262452011069,4.162561455592987E-4
14928.0,0.9947189503426371,0.005155302261048921,1.2473540992829682E-4,1.01198638572749E-6
14454.0,0.9792881712024737,0.015122501678919584,0.005542807074368184,4.652004423874557E-5
14200.0,0.9902692824709098,0.009616101707904499,1.1381915310167228E-4,7.966680839291811E-7
14693.0,0.9748281488448074,0.024295017975737652,8.527395389651825E-4,2.4093640489875087E-5
15418.0,0.994908455412424,0.00497537813090209,1.150704099703343E-4,1.0960467034854738E-6
15657.0,0.9902692824709098,0.009616101707904499,1.1381915310167228E-4,7.966680839291811E-7
14962.0,0.9918330043351848,0.008054307184561483,1.0893727429931866E-4,3.751205954507318E-6
15201.0,0.9914272552752682,0.00846211511979924,1.0944783765029518E-4,1.1817672822527074E-6
14663.0,3.187955880122696E-4,0.03345758116768898,0.5480641769066811,0.41815944633761776
14170.0,0.9921444838985838,0.007555681382703878,2.9570702265791095E-4,4.127696054675494E-6
14420.0,0.7179158579138891,0.19140392742121326,0.05107083864326059,0.03960937602163693
15627.0,0.004176781152179195,0.08640928363528488,0.8658332270019318,0.043580708210604245
15384.0,0.7273490494610747,0.26749078832612594,0.004926959793750221,2.3320241904916574E-4
15005.0,0.0941577630308039,0.9032409112750546,0.001823115977650339,7.78209716491118E-4
15246.0,0.3718630608161874,0.6205137223211107,0.007392786921006806,2.3042994169523583E-4
14760.0,0.9732341638229978,0.026277987257615786,4.833011120408539E-4,4.547807345706662E-6
13990.0,0.6964953243674389,0.2961330631043351,0.007173083399320388,1.9852912890558287E-4
14261.0,0.007004018365288895,0.04174670008894637,0.44928109857736487,0.5019681829683998
14523.0,0.9843186865410766,0.01510335621618112,5.762621402160978E-4,1.6951025263322736E-6
15607.0,0.13849755701196378,0.7018964381442679,0.08264404164698382,0.0769619631967844
14110.0,0.20967353878120976,0.6196447885928499,0.15517628014120025,0.015505392484740093
14352.0,0.01738548702411043,0.978697772110793,0.0036860232013362507,2.3071766376035532E-4
14595.0,0.9914214998768974,0.00843168401413787,1.4556671616252002E-4,1.2493928021891221E-6
15141.0,0.9951462876530177,0.004690518879804598,1.610737643287058E-4,2.1197028489838037E-6
14902.0,0.748688580110697,0.24190122005628922,0.009299471699344268,1.1072813366949877E-4
15452.0,0.9907136332495641,0.009080117712577156,2.0238081070744854E-4,3.868227151326681E-6
15695.0,0.9915680082544676,0.008320135978605694,1.1084508400532079E-4,1.0106829214252293E-6
14321.0,0.9921420149892128,0.0077683696854016085,8.832842212283618E-5,1.2869032627348202E-6
14591.0,0.9908355018303691,0.00903630294976665,1.2405459833908042E-4,4.140621525015225E-6
14828.0,0.49774840897608086,0.4823956991235504,0.017409981536150344,0.0024459103642183186
14050.0,0.9823910362028966,0.017329109663135896,2.795103043929557E-4,3.4382957459640677E-7
15306.0,0.07332727727347609,0.09991164524070402,0.6294425229416533,0.19731855454416664
15065.0,0.9922559335604092,0.007620867183942967,1.2245940469767373E-4,7.398509501778083E-7
15539.0,0.9913281354576614,0.008439022493920062,2.3250528887648137E-4,3.367595421066809E-7
14016.0,0.8901241886138832,0.06064623957571849,0.04865639544773399,5.73176362664267E-4
14798.0,0.9949064973730527,0.004977136324217047,1.151418651478704E-4,1.2244375821888534E-6
14557.0,0.47945090545739955,0.4058413382108296,0.03914220263524858,0.07556555369652238
14291.0,0.06697926999155479,0.92746265190146,0.0052801096927575656,2.7796841422776794E-4
15099.0,0.9546846119957372,0.04433559205781634,9.344877525541863E-4,4.530819389224063E-5
15336.0,0.9950013568864167,0.004896701385955629,1.0165075378701083E-4,2.909738406319134E-7
15746.0,0.99504057476172,0.004842029965227271,1.162982902092395E-4,1.0969828435883848E-6
15505.0,0.992146270653971,0.007704192168920935,1.4567927681151483E-4,3.8579002967211556E-6
14625.0,0.9923015389934035,0.007567975512325713,1.2934456612274757E-4,1.1409281480235932E-6
14386.0,0.6108904271185918,0.3763225794101629,0.012744534465621045,4.2459005624234505E-5
14140.0,0.7675410328410639,0.20795338363408875,0.02362358793166552,8.819955931817358E-4
14868.0,0.9848619509023852,0.01397014636401637,0.0011234547610503545,4.444797254828276E-5
15111.0,0.961116711407025,0.038203426506472536,6.604133166713936E-4,1.944876983096302E-5
15725.0,0.9883576078586002,0.011430053018812876,2.083750552576254E-4,3.964067329404575E-6
15486.0,0.0032241208585475577,0.40049163879959526,0.14434730353901148,0.4519369368028456
15658.0,0.8081667708756601,0.12212733015143196,0.06287243124414012,0.006833467728767738
15417.0,0.9824844211850053,0.01726562121877483,2.485954629052693E-4,1.3621333146139754E-6
14931.0,0.9950013568864167,0.004896701385955629,1.0165075378701083E-4,2.909738406319134E-7
15168.0,0.0239773508765665,0.062852421145247,0.7797652959413223,0.13340493203686418
14694.0,0.9935815189047431,0.00634847513204483,6.886205279252565E-5,1.143910419577451E-6
14203.0,0.8332012725023181,0.14182173337070375,0.019483770062260375,0.005493224064717769
14453.0,0.9923407632269626,0.007569331354736638,8.929930944655884E-5,6.061088541073074E-7
15574.0,0.9841037658818784,0.01557586418980706,3.135088249397279E-4,6.861103374877801E-6
15036.0,0.2168863271145383,0.7814586698327636,0.0016445623403522703,1.0440712345855458E-5
15279.0,0.8843777830247267,0.11324711006666827,0.002223461690560829,1.5164521804424683E-4
14729.0,0.9962478070972827,0.0036691769903729322,8.235826866474177E-5,6.576436795418889E-7
13959.0,0.993103409253484,0.006804551356079665,9.107965246125626E-5,9.597379753462468E-7
14228.0,0.03262292233196636,0.9612805228589346,0.005710205173264693,3.8634963583423647E-4
14490.0,0.06407133517878054,0.9331951936961093,0.001472374814505419,0.0012610963106046908
15604.0,0.990860778099172,0.00896642548291414,1.6785699241567213E-4,4.939425498338992E-6
15245.0,0.38051897427359643,0.45156050170461565,0.13396065254462247,0.03395987147716533
15006.0,0.1819990102259588,0.8144216958956514,0.002795486316579869,7.838075618099438E-4
14520.0,0.9925071863453534,0.00737702974409092,1.1360449128008967E-4,2.1794192755635433E-6
14262.0,0.06036778148449658,0.26414977696118513,0.39518046888955016,0.28030197266476814
13989.0,0.9336291213147628,0.06345146863843812,0.002796189763937502,1.2322028286140753E-4
14763.0,0.9790191178136765,0.020584395909734304,3.86457116294596E-4,1.0029160294356181E-5
15387.0,0.9954563627028917,0.004440015998178584,1.0347392499164285E-4,1.473739379387737E-7
15624.0,0.9947189503426371,0.005155302261048921,1.2473540992829682E-4,1.01198638572749E-6
15202.0,0.991714028565682,0.0081462228497327,1.3730139636579982E-4,2.4471882196261646E-6
14961.0,0.994908455412424,0.00497537813090209,1.150704099703343E-4,1.0960467034854738E-6
14423.0,0.9962478070972827,0.0036691769903729322,8.235826866474177E-5,6.576436795418889E-7
14169.0,0.9928146025958688,0.007107311155973224,7.71075446357575E-5,9.787035221630912E-7
14660.0,0.9954563627028917,0.004440015998178584,1.0347392499164285E-4,1.473739379387737E-7
15536.0,0.9885162584963894,0.010442022360180696,9.756061705758043E-4,6.61129728540788E-5
14049.0,0.9947314051370153,0.005164571984992961,1.0339961619393819E-4,6.232617979420306E-7
14831.0,0.9921948021680423,0.007698611723128206,1.0544847949779964E-4,1.1376293318638397E-6
14588.0,0.02236384692550382,0.35569309849739283,0.37647896734605196,0.24546408723105145
14322.0,0.9913146357023199,0.008539733636283301,1.4123321919037784E-4,4.397442206390784E-6
15066.0,0.9024849678821887,0.09547476216160983,0.001982281200781777,5.7988755419890935E-5
15305.0,0.9955571446970265,0.0043397519247095305,1.0253968702158248E-4,5.636912424476029E-7
15692.0,0.09074826871593202,0.6671706299886534,0.18354073564719148,0.05854036564822334
15455.0,0.9936943275687865,0.006037330481817213,2.6637079479627956E-4,1.9711545999536503E-6
14592.0,0.9931213865210772,0.0064657716570572414,4.100865008291704E-4,2.755321036402851E-6
14355.0,0.9962478070972827,0.0036691769903729322,8.235826866474177E-5,6.576436795418889E-7
14109.0,0.9903302701606539,0.009488906342925884,1.7825683798163808E-4,2.5666584386303443E-6
14901.0,0.9854999206521036,0.014211906040325762,2.8426097168066875E-4,3.9123358900211E-6
15142.0,0.7968266529040099,0.19935778160557666,0.003538996107012015,2.765693834013432E-4
15485.0,0.7193208661924675,0.23437232032246144,0.03045334793868078,0.015853465546390222
15726.0,0.3096049063973855,0.6526078330361536,0.03717488966738067,6.123708990800899E-4
14143.0,0.004099928499025464,0.17974977926384458,0.2634772437614707,0.5526730484756592
14385.0,0.992004528185409,0.00789543785018817,9.82740404818488E-5,1.7599239211606912E-6
14626.0,0.9911363406814696,0.008759268138545032,1.0253793403725853E-4,1.8532459480576907E-6
15108.0,0.9774702850975063,0.02202041489240015,5.025570494245111E-4,6.742960668883892E-6
14871.0,0.9887777137082616,0.011048887840290697,1.7208490318378514E-4,1.313548264122387E-6
15506.0,0.9917970044064527,0.007990632053891004,2.1050017898439796E-4,1.8633606720010117E-6
15745.0,0.9921767477011342,0.007707102623451657,1.1415938388642572E-4,1.9902915278411542E-6
14288.0,0.9849194762541764,0.014680800199380858,3.928445557867608E-4,6.878990656098127E-6
14558.0,0.9904857174442351,0.009249827603792844,2.6246894751979664E-4,1.986004452492955E-6
14797.0,0.9776895777884209,0.02164343305305941,6.629008548855218E-4,4.088303633982121E-6
14019.0,0.9935229717808881,0.006408434969435132,6.806423324793375E-5,5.290164287411658E-7
15339.0,0.002079147740585671,0.052166959218547,0.22330947454028582,0.7224444185005815
15096.0,0.9926178055296295,0.007300241876386878,7.947317301982795E-5,2.479420963626737E-6
14930.0,0.995570658570034,0.004341490878759403,8.696077356524671E-5,8.89777641420121E-7
15169.0,0.9962478070972827,0.0036691769903729322,8.235826866474177E-5,6.576436795418889E-7
14695.0,0.9909709147814739,0.00890725274172114,1.2171135794704418E-4,1.2111885782970967E-7
14452.0,0.9911335255958437,0.008737969437954041,1.275159050956077E-4,9.890611067322891E-7
14202.0,0.9908382968516161,0.009043893323827452,1.1608006139997533E-4,1.729763156260095E-6
15659.0,0.9900320524651126,0.00970764636924569,2.586586110378596E-4,1.6425546039992572E-6
15416.0,0.9905491028006959,0.009243251360949872,2.0628723228422016E-4,1.3586060702017889E-6
15037.0,0.9353988850736408,0.0631210603540263,0.0014761470590842786,3.907513248556902E-6
15278.0,0.9920129011788132,0.007898403976393284,8.841678606110697E-5,2.7805873233824206E-7
14728.0,0.9960858546874003,0.0038554462809322933,5.8102161366583575E-5,5.968703011196318E-7
14491.0,0.9907121578390831,0.00879874867646221,4.8322243558146435E-4,5.8710488730527786E-6
14229.0,0.994908455412424,0.00497537813090209,1.150704099703343E-4,1.0960467034854738E-6
15575.0,0.995041155574294,0.004858762971985381,9.250567459445886E-5,7.575779126144729E-6
15244.0,0.993822734245102,0.006106320247605816,7.016483571967468E-5,7.806715727228065E-7
15007.0,0.9954563627028917,0.004440015998178584,1.0347392499164285E-4,1.473739379387737E-7
14263.0,0.9952204795397468,0.004693688473540649,8.564226731624658E-5,1.8971939636324472E-7
14521.0,0.9884129489089207,0.011437988766133275,1.4479838472158116E-4,4.263940224330568E-6
14762.0,0.9926770007473855,0.007239881016368712,8.24451924261845E-5,6.730438197179402E-7
13988.0,0.4464671807119166,0.5155270430317773,0.03641701808587296,0.001588758170433146
15605.0,0.9903430555020692,0.009367288011856954,2.8839545397256504E-4,1.2610321013043823E-6
15203.0,0.9960823066936458,0.0038381860927983336,7.848074639207007E-5,1.026467163805756E-6
14960.0,0.994252537046253,0.005682886801234498,6.414945055401363E-5,4.2670195845799176E-7
14168.0,0.994908455412424,0.00497537813090209,1.150704099703343E-4,1.0960467034854738E-6
14422.0,0.9934327275205895,0.00649298348337093,7.339581960769908E-5,8.931764316814421E-7
14661.0,0.9962478070972827,0.0036691769903729322,8.235826866474177E-5,6.576436795418889E-7
15386.0,0.9955571446970265,0.0043397519247095305,1.0253968702158248E-4,5.636912424476029E-7
15625.0,0.9510170166728616,0.047942236458559495,0.0010386127903915948,2.1340781872642863E-6
14830.0,0.1442331498649679,0.8505836221941476,0.004948945198138565,2.342827427459514E-4
14048.0,0.9953280137124946,0.004537558698890332,1.3387314477716978E-4,5.544438377943593E-7
14323.0,0.0877138606500669,0.9037046030043407,0.005259736033548875,0.003321800312043477
14589.0,0.9902978897445022,0.00953422610750832,1.660139384798806E-4,1.8702095096428398E-6
15067.0,0.991369853365326,0.008497554776023623,1.3026413129025582E-4,2.3277273600749018E-6
15304.0,0.9941698010161633,0.005703596099245517,1.2387167269584942E-4,2.7312118955195504E-6
15537.0,0.9874288707733623,0.012360781064067307,2.0491704415944657E-4,5.431118411031548E-6
14593.0,0.6518078202234726,0.10527133063531426,0.21646741888534685,0.026453430255866325
14108.0,0.992650112992365,0.007249182114677507,9.795777785970858E-5,2.7471150979927365E-6
14354.0,0.9926895280506861,0.007221609875209244,8.794593606894133E-5,9.161380358537662E-7
14900.0,0.9483512993447141,0.048550534189715513,0.0030154114400070082,8.275502556352407E-5
15143.0,0.9952380669900652,0.004645014674189888,1.113356716347913E-4,5.582664110208016E-6
15693.0,0.9953463351567513,0.0045623268884991035,9.008442306232962E-5,1.2535316874041192E-6
15454.0,0.9477940778546025,0.04859419250485899,0.003223873509780625,3.8785613075813344E-4
14384.0,0.99388929474455,0.006041282273490827,6.88596855338169E-5,5.632964252738512E-7
14142.0,0.9826890168984462,0.017046370702624165,2.6045788556622817E-4,4.154513363258147E-6
14627.0,0.7430810008109421,0.2530199834733878,0.003816967918845209,8.20477968250504E-5
15109.0,0.9468461631090459,0.05005159416307315,0.003010220824246401,9.20219036343896E-5
14870.0,0.09306858114246706,0.9017971392714867,0.004676462218432616,4.578173676136655E-4
15484.0,0.9950013568864167,0.004896701385955629,1.0165075378701083E-4,2.909738406319134E-7
15727.0,0.9944285690634728,0.005427733034052916,1.430931372822882E-4,6.047651920718519E-7
14559.0,0.8351023424297658,0.1610096709471496,0.0038536443691493103,3.4342253935281234E-5
14289.0,0.9960823066936458,0.0038381860927983336,7.848074639207007E-5,1.026467163805756E-6
14018.0,0.9790998606182465,0.02041279555844588,4.7810848189254083E-4,9.235341415118942E-6
14796.0,0.9951462876530177,0.004690518879804598,1.610737643287058E-4,2.1197028489838037E-6
15338.0,0.9773748890747712,0.0215436990783244,0.001071957278980734,9.454567923739201E-6
15097.0,0.9808953362013567,0.018191273190429687,8.806850277006848E-4,3.270558051292023E-5
15507.0,0.9790027942422717,0.0206718296503604,3.236449802847236E-4,1.7311270831468979E-6
15744.0,0.0031754317197633004,0.045913474460783386,0.6901212211425088,0.26078987267694453
15630.0,0.9950930124131631,0.004770174510246611,1.355740913229321E-4,1.2389852672862998E-6
15389.0,0.04588234867523036,0.37022078925038443,0.5744363178641075,0.009460544210277694
14658.0,0.994009302084038,0.005917504801242252,7.273023545860586E-5,4.6287926126884915E-7
14417.0,0.9809608084896034,0.018729543498396627,2.964119324359827E-4,1.3236079564043254E-5
14175.0,0.9894223128848605,0.010421962860248414,1.5299504337340294E-4,2.729211517623258E-6
14967.0,0.9954563627028917,0.004440015998178584,1.0347392499164285E-4,1.473739379387737E-7
15204.0,0.9928146025958688,0.007107311155973224,7.71075446357575E-5,9.787035221630912E-7
15602.0,0.41564320666562266,0.2965208006864917,0.27336615086528754,0.0144698417825979
13987.0,0.9960823066936458,0.0038381860927983336,7.848074639207007E-5,1.026467163805756E-6
14765.0,0.9826890168984462,0.017046370702624165,2.6045788556622817E-4,4.154513363258147E-6
14526.0,0.9889629722054855,0.010878184217312292,1.5769210538781563E-4,1.1514718143054303E-6
14256.0,0.9932651681987479,0.006485323572095236,2.470916972429652E-4,2.4165319139335583E-6
15000.0,0.70796662488256,0.27279527581201196,0.018955294353964224,2.828049514639554E-4
15243.0,0.19486627774991402,0.7927650947332959,0.0076868712179224445,0.004681756298867769
15568.0,0.9962478070972827,0.0036691769903729322,8.235826866474177E-5,6.576436795418889E-7
14226.0,0.9638643993750216,0.03146563457576787,0.004217294437312298,4.526716118983654E-4
14492.0,0.9824294176828517,0.017240126566389236,3.2654831770517366E-4,3.907433053972156E-6
14735.0,0.9057556978476042,0.04733544935701526,0.04588275530616131,0.0010260974892190914
15273.0,0.9889460218855198,0.010906136224387927,1.4715655718509918E-4,6.853329072740394E-7
15034.0,0.9280505656922914,0.05869474889448776,0.012593116180130395,6.615692330905526E-4
15423.0,0.9832038697966693,0.01656266656156611,2.3191007396615435E-4,1.553567798293227E-6
15660.0,0.9957996715024687,0.00407479812333072,1.2432338625756274E-4,1.2069879431583819E-6
14205.0,0.9960823066936458,0.0038381860927983336,7.848074639207007E-5,1.026467163805756E-6
14451.0,0.994908455412424,0.00497537813090209,1.150704099703343E-4,1.0960467034854738E-6
14688.0,0.9954563627028917,0.004440015998178584,1.0347392499164285E-4,1.473739379387737E-7
15174.0,0.05103858780283204,0.8015360259770982,0.12370599553182213,0.02371939068824779
14933.0,0.009570382688157207,0.08351096585910697,0.6441877520606732,0.2627308993920627
15751.0,0.9878837740364095,0.011966322491491608,1.4849873887508088E-4,1.4047332238218824E-6
15508.0,0.3477089561474809,0.6015243280829606,0.026145171864028902,0.024621543905529644
15102.0,0.6615640532502749,0.33309888211174926,0.004928804976745627,4.0825966123001417E-4
15341.0,0.9950930124131631,0.004770174510246611,1.355740913229321E-4,1.2389852672862998E-6
14795.0,0.9827047575573516,0.01701522206423753,2.786418583013796E-4,1.378520109520991E-6
14021.0,0.9818266080108777,0.017303283277097906,8.621405791209885E-4,7.968132903356923E-6
14294.0,0.6525832157932778,0.3409261347733399,0.006396608496159862,9.404093722254072E-5
14552.0,0.994908455412424,0.00497537813090209,1.150704099703343E-4,1.0960467034854738E-6
15720.0,0.9944285690634728,0.005427733034052916,1.430931372822882E-4,6.047651920718519E-7
15483.0,0.9947189503426371,0.005155302261048921,1.2473540992829682E-4,1.01198638572749E-6
14865.0,0.9699462615761507,0.024753947028719005,0.005063839061827857,2.3595233330228813E-4
15106.0,0.9927618905573478,0.007119584514026101,1.138734390175801E-4,4.6514896086055784E-6
14628.0,0.9368531072868448,0.05789905424446189,0.005198658068624072,4.918040006919212E-5
14137.0,0.1784027672915442,0.8168205609986615,0.004546298006856152,2.3037370293835176E-4
14391.0,0.9934327275205895,0.00649298348337093,7.339581960769908E-5,8.931764316814421E-7
15449.0,0.9949064973730527,0.004977136324217047,1.151418651478704E-4,1.2244375821888534E-6
15690.0,0.9960823066936458,0.0038381860927983336,7.848074639207007E-5,1.026467163805756E-6
15136.0,0.9940213001401393,0.005905693173291483,7.179747664798716E-5,1.2092099210152943E-6
14899.0,0.9844915146408075,0.015236013518799187,2.68840230493785E-4,3.631609899402158E-6
14357.0,0.6777731516255057,0.29221220939676396,0.028652423409263685,0.0013622155684668209
14107.0,0.3275632576949567,0.26616597066551195,0.3127083680137631,0.09356240362576836
14598.0,0.24268175877582612,0.750188567950789,0.0041405665753558715,0.0029891066980289953
15542.0,0.04584459189119742,0.017938862049039623,0.8681118390123399,0.06810470704742301
15311.0,9.757879622390024E-4,0.033045772618166304,0.07775391999954033,0.8882245194200544
15068.0,1.3071884378845782E-4,0.004708087532008101,0.18343883401575967,0.8117223596084437
14586.0,0.9650112554067913,0.031927650557890604,0.0029635989701699036,9.749506514816479E-5
14324.0,0.990441541477962,0.009440966392708602,1.1362151025360039E-4,3.870619075793273E-6
14055.0,0.9895755479696267,0.01019190854843691,2.2941995988844859E-4,3.1235220478331296E-6
14825.0,0.9898234771481694,0.009999459217341812,1.7623983764549994E-4,8.237968433743035E-7
14659.0,0.13215569125656723,0.7958139913866329,0.042498041745948026,0.02953227561085183
14174.0,0.9950013568864167,0.004896701385955629,1.0165075378701083E-4,2.909738406319134E-7
14416.0,0.9772486407947287,0.02243243495889273,3.157162919829367E-4,3.2079543956450786E-6
14966.0,0.6883137107591728,0.13788901777585116,0.16387465701776854,0.009922614447207498
15205.0,0.9911379764840788,0.008725617371464153,1.2639155231840743E-4,1.0014592138702503E-5
15631.0,0.8607521226955978,0.13470992067591298,0.004252731670594787,2.852249578945569E-4
15388.0,0.9321306170120071,0.056710023941524176,0.010809325445273603,3.500336011952702E-4
14764.0,0.23543062714723456,0.6532965231505089,0.07818146517532175,0.033091384526934664
13986.0,0.48061609637303243,0.15012747639734536,0.2073207846299851,0.16193564259963703
14257.0,0.10484764034339662,0.3503562355916672,0.049772920314735326,0.49502320375020087
14527.0,0.8764129687833455,0.12141129726419639,0.002125271892230655,5.046206022749585E-5
15001.0,0.9943836331491113,0.005552809965429873,6.344806534460682E-5,1.0882011429504212E-7
15242.0,0.9298777512577489,0.0689868543812461,0.001128923038331794,6.471322673134369E-6
15603.0,0.9905777353376185,0.009300371899310553,1.205645622175733E-4,1.328200853371957E-6
14493.0,0.9959227263153114,0.003952044208363432,1.2468483839898E-4,5.446379261079802E-7
14227.0,0.9917865014425056,0.008119660819794214,9.363963707250448E-5,1.9810062789320048E-7
14734.0,0.994908455412424,0.00497537813090209,1.150704099703343E-4,1.0960467034854738E-6
15272.0,0.9846181192632149,0.015164987292514802,2.0249367807249544E-4,1.4399766198063199E-5
15035.0,0.2607539279490072,0.7338822565649304,0.005182660420242953,1.8115506581935315E-4
15569.0,0.9904857174442351,0.009249827603792844,2.6246894751979664E-4,1.986004452492955E-6
14450.0,0.9954563627028917,0.004440015998178584,1.0347392499164285E-4,1.473739379387737E-7
14204.0,0.9910334870131344,0.008825585544396167,1.3948352336856022E-4,1.4439191008965834E-6
14689.0,0.9755954220638962,0.024054937840867128,3.4742208763316733E-4,2.2180076034351817E-6
15175.0,0.9832800143794349,0.016414814900695154,3.031035562657303E-4,2.067163604247132E-6
14932.0,0.995570658570034,0.004341490878759403,8.696077356524671E-5,8.89777641420121E-7
15422.0,0.9844704650766144,0.013995999679640748,0.0014662096191391393,6.73256246057041E-5
15661.0,0.07561985610579935,0.8858820939801748,0.035451215906806235,0.0030468340072195136
15103.0,0.995570658570034,0.004341490878759403,8.696077356524671E-5,8.89777641420121E-7
15340.0,0.986810074826331,0.012374082777352016,8.062945417191129E-4,9.547854597889806E-6
14020.0,0.8994287243390922,0.09850616887243134,0.0018587841757510444,2.0632261272556483E-4
14794.0,0.9937677646353932,0.006034866473217995,1.95841797710763E-4,1.5270936780620868E-6
14553.0,0.9881435883108703,0.011700085232494184,1.543693408097729E-4,1.957115825630537E-6
14295.0,0.9904218353077552,0.009340976090165628,2.3089689593769385E-4,6.291706141604559E-6
15750.0,0.9951462876530177,0.004690518879804598,1.610737643287058E-4,2.1197028489838037E-6
15509.0,0.9740204580027865,0.019793003147610448,0.006054379291359064,1.3215955824392094E-4
14864.0,0.9076329725618806,0.0907210469506411,0.001521349386936874,1.2463110054143967E-4
15107.0,0.9951462876530177,0.004690518879804598,1.610737643287058E-4,2.1197028489838037E-6
14629.0,0.9920931102356474,0.007808422774663731,9.783923231343357E-5,6.277573753286993E-7
14390.0,0.9225935012872502,0.04484663638177737,0.02978175409377036,0.00277810823720202
14136.0,0.9955571446970265,0.0043397519247095305,1.0253968702158248E-4,5.636912424476029E-7
15721.0,0.994908455412424,0.00497537813090209,1.150704099703343E-4,1.0960467034854738E-6
15482.0,0.9953777177018412,0.004565571217326,5.491602602552094E-5,1.7950548071238867E-6
15137.0,0.9928646425085332,0.007047481319371603,8.538947460102595E-5,2.486697494185416E-6
14898.0,0.9951462876530177,0.004690518879804598,1.610737643287058E-4,2.1197028489838037E-6
14106.0,0.9852249540454985,0.014557390870217995,2.14142876327195E-4,3.5122079561818373E-6
14356.0,0.9876633425763663,0.012177390022455792,1.5773650151980687E-4,1.530899658194963E-6
14599.0,0.9450599174101224,0.05246846762049677,0.0024301049515236045,4.1510017857289954E-5
15448.0,0.9949064973730527,0.004977136324217047,1.151418651478704E-4,1.2244375821888534E-6
15691.0,0.9907515229119728,0.00913216482561451,1.1436933472772288E-4,1.942927685068927E-6
15310.0,0.9921420149892128,0.0077683696854016085,8.832842212283618E-5,1.2869032627348202E-6
15069.0,0.909973056369009,0.08822690167137141,0.0016662170068346737,1.3382495278486378E-4
14325.0,0.9934085228608137,0.0065157796782059,7.447356791296733E-5,1.223893067548444E-6
14587.0,0.9928146025958688,0.007107311155973224,7.71075446357575E-5,9.787035221630912E-7
14824.0,0.9958942370507287,0.004013621012727686,9.183760017099802E-5,3.0433637257006557E-7
14054.0,0.993911715804733,0.00589017112342727,1.9358999302462448E-4,4.523078815095227E-6
15543.0,0.9447405275921216,0.04474780126965545,0.010262737135727514,2.489340024954325E-4
15600.0,0.9936443792351567,0.006284541113197457,7.082661192447603E-5,2.5303972139029567E-7
14524.0,0.995570658570034,0.004341490878759403,8.696077356524671E-5,8.89777641420121E-7
14258.0,0.9931256022987448,0.006687000738251192,1.8587075882977694E-4,1.5262041742723067E-6
13985.0,0.9918854948897081,0.008017934237469531,9.636575160785843E-5,2.0512121442704236E-7
14767.0,0.9743282916326133,0.025304313656733884,3.6650524968780823E-4,8.89460964965872E-7
15241.0,0.8457341237477963,0.15141118776532567,0.0027522272021369013,1.0246128474114372E-4
15002.0,0.18617666926774593,0.3451604161686751,0.2976154147911276,0.1710474997724514
15391.0,0.9953928893872506,0.0045528361177448,5.34366079832608E-5,8.37887021429636E-7
15628.0,0.9962383357458711,0.0036791832309643474,8.201552902418615E-5,4.6549414021066964E-7
14419.0,0.9867182591336258,0.012957814475429656,3.143627308903261E-4,9.563660054407266E-6
14173.0,0.9912171483335971,0.008614526867485593,1.6254979402378884E-4,5.775004893314285E-6
14656.0,0.45712046307482895,0.4152327844663928,0.12098550384534984,0.006661248613428302
15206.0,0.9960271208065085,0.0038378555440050574,1.3245459827615472E-4,2.569051210311764E-6
14965.0,0.9855712721804543,0.014164494509595043,2.6230309400939654E-4,1.9302159411654665E-6
15662.0,0.9930323781353277,0.006743858794662638,2.1909905421367063E-4,4.664015795932583E-6
15421.0,0.021017509398150225,0.3645643514604314,0.028655652335283086,0.5857624868061354
14690.0,0.9933354627806947,0.0065883804898738685,7.511616614504706E-5,1.0405632863663103E-6
14207.0,0.9918288140349696,0.008055728283821548,1.1247431385980672E-4,2.983367349068437E-6
14449.0,0.9950013568864167,0.004896701385955629,1.0165075378701083E-4,2.909738406319134E-7
14935.0,0.9801518277757038,0.0193510281840362,4.877187065569649E-4,9.425333703009555E-6
15172.0,0.9876935660537846,0.012130166713956109,1.7545042895246871E-4,8.168033070063789E-7
15570.0,0.9912829523215989,0.008559247059578048,1.5427275612829168E-4,3.5278626947055887E-6
14733.0,0.9795991431333616,0.019989154629002283,4.052663885534104E-4,6.435849082576977E-6
14224.0,0.262528950003608,0.04425579301373292,0.6680847150788983,0.025130541903760704
14494.0,0.994908455412424,0.00497537813090209,1.150704099703343E-4,1.0960467034854738E-6
15032.0,0.9951801805000161,0.004729076621476436,9.005535546707071E-5,6.875230405021063E-7
15275.0,0.9277541587346625,0.04262283391539809,0.028594896010718896,0.0010281113392206606
15481.0,0.9931693223320553,0.006750818459589685,7.827656896733396E-5,1.5826393877408152E-6
15722.0,0.9920931102356474,0.007808422774663731,9.783923231343357E-5,6.277573753286993E-7
15104.0,0.9787835961439623,0.02078100165597655,4.2940112487892495E-4,6.001075182396803E-6
14867.0,0.9907254884696093,0.00913464287294232,1.3971093476504144E-4,1.5772268320713773E-7
14139.0,0.04068826362945334,0.5330081524568206,0.012263820546847553,0.4140397633668785
14389.0,0.567586474853781,0.2881610253610664,0.06328394230629424,0.08096855747885831
14630.0,0.9940213001401393,0.005905693173291483,7.179747664798716E-5,1.2092099210152943E-6
15510.0,0.9902393617722723,0.009457718640763526,2.967798410022306E-4,6.139745961775148E-6
15749.0,0.9919452957679379,0.0078075715801119265,2.4537154883999925E-4,1.7611031100261403E-6
15343.0,0.6400473384982809,0.15690969858235382,0.032463889433388016,0.17057907348597723
15100.0,0.9951462876530177,0.004690518879804598,1.610737643287058E-4,2.1197028489838037E-6
14292.0,0.9905673613012932,0.009312822272850168,1.1948915225067048E-4,3.2727360617873247E-7
14554.0,0.995570658570034,0.004341490878759403,8.696077356524671E-5,8.89777641420121E-7
14793.0,0.9901572949958563,0.009702586703165128,1.395991311793392E-4,5.191697991689901E-7
14023.0,0.2863146344762962,0.12796300259736434,0.5117560452904105,0.07396631763592909
15540.0,0.9953004622831965,0.004524420111077501,1.7062334257847065E-4,4.49426314755044E-6
15070.0,0.9944248135506877,0.00545788624634259,1.1680590370613601E-4,4.942992634144394E-7
15309.0,0.9962478070972827,0.0036691769903729322,8.235826866474177E-5,6.576436795418889E-7
14053.0,0.9533847025730344,0.04584346727486314,7.517652601117227E-4,2.006489199087445E-5
14827.0,0.9954563627028917,0.004440015998178584,1.0347392499164285E-4,1.473739379387737E-7
14584.0,0.9951462876530177,0.004690518879804598,1.610737643287058E-4,2.1197028489838037E-6
14326.0,0.9940218024867644,0.005914518199390549,6.361255611204908E-5,6.675773299813014E-8
15688.0,0.010366929042360563,0.07119451021815437,0.7673393248147696,0.15109923592471544
15451.0,0.9951462876530177,0.004690518879804598,1.610737643287058E-4,2.1197028489838037E-6
14897.0,0.7149424509898061,0.2796625599516843,0.005377657105837531,1.733195267194179E-5
15138.0,0.9923149008760228,0.007513700418766895,1.688983509219539E-4,2.500354288397815E-6
14596.0,0.9957261506835177,0.004190070911784488,8.335505836513411E-5,4.233463327485658E-7
14359.0,0.9920931102356474,0.007808422774663731,9.783923231343357E-5,6.277573753286993E-7
14105.0,0.9928146025958688,0.007107311155973224,7.71075446357575E-5,9.787035221630912E-7
14259.0,0.9528689005958284,0.0447738253593241,0.0022702064839931362,8.706756085443073E-5
14525.0,0.9916920753286079,0.008190103291915562,1.1689278420524145E-4,9.28595271317773E-7
14766.0,0.9953803616302185,0.004491152939255478,1.2793574855290182E-4,5.496819732704496E-7
13984.0,0.9782701981500813,0.021299039666546754,4.251302483894132E-4,5.631934982481465E-6
15240.0,0.9931478056555404,0.0067623696308412445,8.919687673483107E-5,6.278368834685822E-7
15003.0,0.9310829140905239,0.06767679307613671,0.0011641078805616027,7.618495277756659E-5
15601.0,0.1993134705402933,0.7988023476289877,0.0016799074290173646,2.042744017017077E-4
14172.0,0.9934335907319879,0.006437382522266066,1.2824964592769857E-4,7.770998181612859E-7
14418.0,0.9949064973730527,0.004977136324217047,1.151418651478704E-4,1.2244375821888534E-6
14657.0,0.9690643555743352,0.030327627312243137,6.039950832274858E-4,4.022030194179114E-6
15207.0,0.9960271208065085,0.0038378555440050574,1.3245459827615472E-4,2.569051210311764E-6
14964.0,0.49210806306873767,0.4895577144604146,0.016397223080153275,0.0019369993906945984
15390.0,0.9932600794603933,0.006586950472818225,1.4622184117294503E-4,6.748225615373291E-6
15629.0,0.9579834667716651,0.03922129265161508,0.002607042806929236,1.8819776979055818E-4
14691.0,0.9912944301719189,0.008588342180237095,1.1555516040295587E-4,1.6724874411804868E-6
14448.0,0.7583894526960386,0.23514927673791408,0.0062273896879764595,2.3388087807101702E-4
14206.0,0.9950930124131631,0.004770174510246611,1.355740913229321E-4,1.2389852672862998E-6
14934.0,0.9420590709677902,0.05111702457749563,0.006156532567675634,6.673718870385133E-4
15173.0,0.9958942370507287,0.004013621012727686,9.183760017099802E-5,3.0433637257006557E-7
15663.0,0.8307102988455174,0.16680309684148478,0.0024509666540991604,3.5637658898662314E-5
15420.0,0.9204774977517659,0.07352301965920516,0.0055105735408786174,4.889090481502728E-4
14732.0,0.8588868403575499,0.12011882209213753,0.019399634348029722,0.0015947032022829227
14495.0,0.8304790212270949,0.14731272065143466,0.02026025008905434,0.0019480080324161247
14225.0,0.9922493674320793,0.007658151596579822,9.110961998091697E-5,1.3713513599368548E-6
15033.0,0.9938506027523097,0.00604621247392472,1.018915147224653E-4,1.2932590432710795E-6
15274.0,0.9513086553272295,0.04768818102785019,9.97788164163281E-4,5.375480757068119E-6
15571.0,0.3013101564821331,0.6901978943478038,0.007968955508609514,5.229936614536408E-4
15105.0,0.9727072863887792,0.02660911297779086,6.743986467094949E-4,9.20198672047474E-6
14866.0,0.9962855813361916,0.003597491800166114,1.1468736073379625E-4,2.239502908470574E-6
14388.0,0.6139760705549844,0.37695785547218696,0.00864259539956366,4.234785732650352E-4
14138.0,0.9926895280506861,0.007221609875209244,8.794593606894133E-5,9.161380358537662E-7
14631.0,0.9946798395528904,0.005215023893966976,1.0402834618486413E-4,1.1082069577713808E-6
15480.0,0.05204770532133546,0.747751414999675,0.1232777690995028,0.07692311057948667
15723.0,0.9941407389042332,0.005661079930329002,1.9313402047951123E-4,5.04714495841179E-6
15342.0,0.9954563627028917,0.004440015998178584,1.0347392499164285E-4,1.473739379387737E-7
15101.0,0.003068493491350509,0.05596317697015427,0.41920537259606283,0.5217629569424322
14555.0,0.9954563627028917,0.004440015998178584,1.0347392499164285E-4,1.473739379387737E-7
14293.0,0.9954563627028917,0.004440015998178584,1.0347392499164285E-4,1.473739379387737E-7
14022.0,0.9878987525505805,0.011924264391970647,1.722023591383972E-4,4.780698310732103E-6
14792.0,0.994908455412424,0.00497537813090209,1.150704099703343E-4,1.0960467034854738E-6
15511.0,0.990617638368352,0.008216188510284645,0.001149906206434544,1.6266914928905492E-5
15748.0,0.31744508281370015,0.6765182720355007,0.005170076158364757,8.665689924343149E-4
15071.0,0.9920126628118329,0.007847037668076451,1.3736908188914502E-4,2.9304382013096904E-6
15308.0,0.995570658570034,0.004341490878759403,8.696077356524671E-5,8.89777641420121E-7
14826.0,0.919629155902234,0.07883242703839308,0.001526339974240725,1.2077085132152609E-5
14052.0,0.9814731111832282,0.01725740472537354,0.0012067647084464525,6.271938295174625E-5
14327.0,0.9945804095771398,0.005350007209350147,6.860764171533158E-5,9.755717946369268E-7
