15572.0,0.9843191822968685,0.015379223816479494,2.8710297036335387E-4,1.4490916288873347E-5
15277.0,0.9845673443263473,0.015139316497355892,2.9176939130452583E-4,1.5697849923390224E-6
15038.0,0.037731086869602956,0.23712184060074087,0.6815248868853544,0.043622185644301835
14230.0,0.981474533183716,0.01813561788489869,3.790416256619709E-4,1.0807305723419216E-5
14488.0,0.9833869909491258,0.016286446103218312,3.216256501823553E-4,4.937297473606153E-6
14731.0,0.9814564165654628,0.01811538890201764,4.1050588660668073E-4,1.7688645913059072E-5
15419.0,0.3555074216162046,0.08257403975487278,0.4503341979640731,0.11158434066484967
15656.0,0.9846650634663859,0.014945943490535922,2.9963668496074664E-4,8.93563581173716E-5
15170.0,0.988131490165594,0.01145786922664559,3.9860631860840775E-4,1.203428915171163E-5
14929.0,0.9825911662891006,0.017082505717044012,3.1660904670363855E-4,9.718947151782017E-6
14201.0,0.9582589832968046,0.040405297815638314,0.0012732456689835865,6.247321857360046E-5
14455.0,0.07615914001555855,0.10567227231931645,0.14918579761843795,0.668982790046687
14692.0,0.004156540355839504,0.9957765153647345,6.5887396519119E-5,1.0568829067284981E-6
15626.0,0.9819116446844536,0.017817066582504235,2.607810222221244E-4,1.0507710820094369E-5
15385.0,0.9781713993605184,0.021318531428462895,4.920999271968397E-4,1.796928382176199E-5
14963.0,0.9741066802803532,0.025123006461340563,6.828302382562606E-4,8.748302004994992E-5
15200.0,0.9557107270823925,0.043504902925994286,7.513393454065477E-4,3.3030646206654485E-5
14662.0,0.9819847815481976,0.017708297081276716,2.9570315312276075E-4,1.1218217402913536E-5
14421.0,0.36337533257843185,0.6337066201291564,0.0025432821664915415,3.747651259202817E-4
14171.0,0.01979058902715943,0.8312652351402401,0.09870888642026664,0.050235289412334
15606.0,0.9340151491254897,0.0639570131706341,0.0019435818434336604,8.425586044257826E-5
15004.0,0.9817013556903563,0.017938889580286523,3.534677011591472E-4,6.28702819802105E-6
15247.0,0.9842393360292687,0.015513341893678102,2.3668803400398673E-4,1.063404304929535E-5
13991.0,0.9517935942935127,0.04427812186347636,0.003784258294346092,1.4402554866478932E-4
14761.0,0.08708227279804956,0.9031504241316631,0.00917795953041942,5.893435398679679E-4
14522.0,0.9722916825646548,0.02710176806900601,5.726422688511594E-4,3.390709748795327E-5
14260.0,0.9781713993605184,0.021318531428462895,4.920999271968397E-4,1.796928382176199E-5
15453.0,0.7760287068579682,0.19574516861235336,0.025121823735112115,0.003104300794566453
15694.0,0.9542728618097274,0.04462759837168042,0.0010620937682853872,3.7446050306785864E-5
14353.0,0.9814564165654628,0.01811538890201764,4.1050588660668073E-4,1.7688645913059072E-5
14111.0,0.9352800173269978,0.05561860137921466,0.008581880902784335,5.195003910032268E-4
14594.0,0.9814564165654628,0.01811538890201764,4.1050588660668073E-4,1.7688645913059072E-5
15140.0,0.9584997316764174,0.037924050504795095,0.0029031483423810757,6.730694764065116E-4
14903.0,0.9781713993605184,0.021318531428462895,4.920999271968397E-4,1.796928382176199E-5
15538.0,0.9688735597671867,0.030491766514088893,6.122610910942373E-4,2.241262763038922E-5
14590.0,0.9713091976026611,0.028097533392116913,5.70007591089345E-4,2.3261414132697414E-5
14320.0,0.9744235860072707,0.02513324062014502,4.3009473643457376E-4,1.3078636149479257E-5
14051.0,0.9018249516965356,0.09629383218412713,0.0016765473006715465,2.0466881866570662E-4
14829.0,0.9106324172535887,0.08750976978629499,0.001595803512071396,2.6200944804506855E-4
15307.0,0.9843191822968685,0.015379223816479494,2.8710297036335387E-4,1.4490916288873347E-5
15064.0,0.8847156234593768,0.10602507990721514,0.007812009154134763,0.0014472874792732491
15747.0,0.09990605985530839,0.2170095770137684,0.6025544145805849,0.08052994855033839
15504.0,0.9781713993605184,0.021318531428462895,4.920999271968397E-4,1.796928382176199E-5
14799.0,0.9694682764317191,0.02999848543195367,5.121032524002677E-4,2.1134883927105886E-5
14017.0,0.981474533183716,0.01813561788489869,3.790416256619709E-4,1.0807305723419216E-5
14290.0,0.9839203793914086,0.015464492973610165,4.8505782089093227E-4,1.3006981409023784E-4
14556.0,0.9835612032491662,0.01613182962120349,2.9070474577063836E-4,1.6262383859814717E-5
15098.0,0.9770780092546878,0.02251883687740898,3.925079237687262E-4,1.0645944134411277E-5
15337.0,0.9814564165654628,0.01811538890201764,4.1050588660668073E-4,1.7688645913059072E-5
15724.0,0.9616478863544391,0.036849308420130025,0.001278798842083363,2.240063833475388E-4
15487.0,0.9809072031174643,0.018758927326065867,3.318613406343873E-4,2.008215835433742E-6
14624.0,0.9825911662891006,0.017082505717044012,3.1660904670363855E-4,9.718947151782017E-6
14141.0,0.7785342718964042,0.21546359308619384,0.005633264360239026,3.688706571629481E-4
14387.0,0.9806853941173456,0.018977036482562763,3.3060628428990726E-4,6.9631158017295845E-6
14869.0,0.8999540790027701,0.08182116017203199,0.015135246795069363,0.0030895140301286025
15110.0,0.9814564165654628,0.01811538890201764,4.1050588660668073E-4,1.7688645913059072E-5
15276.0,0.9823373005035214,0.01740371665682473,2.350556508120878E-4,2.392718884182175E-5
15039.0,0.9809072031174643,0.018758927326065867,3.318613406343873E-4,2.008215835433742E-6
14489.0,0.9704524890229101,0.028564935491613718,9.427267998681071E-4,3.9848685607905994E-5
14231.0,0.9755149957637854,0.02387368428360213,5.993746275198685E-4,1.1945325092413416E-5
14730.0,0.9835612032491662,0.01613182962120349,2.9070474577063836E-4,1.6262383859814717E-5
15573.0,0.9870203461082885,0.012799572260564775,1.6890696598914292E-4,1.1174665157582378E-5
15171.0,0.9870954680822251,0.011862285172840072,9.244350935724418E-4,1.1781165136239587E-4
14928.0,0.9816450950291361,0.01796018599755921,3.825084826817453E-4,1.2210490623131137E-5
14454.0,0.9816450950291361,0.01796018599755921,3.825084826817453E-4,1.2210490623131137E-5
14200.0,0.9809136640312937,0.018726599016711382,3.4945242142689413E-4,1.0284530568130141E-5
14693.0,0.9465223848123945,0.0522799616647756,0.0011101367187755795,8.751680405440249E-5
15418.0,0.9814564165654628,0.01811538890201764,4.1050588660668073E-4,1.7688645913059072E-5
15657.0,0.9815377174745122,0.01820611219527786,2.522470237677464E-4,3.923306442188486E-6
14962.0,0.9814973127068124,0.01821587616127986,2.7912637238326917E-4,7.684759524493911E-6
15201.0,0.9816450950291361,0.01796018599755921,3.825084826817453E-4,1.2210490623131137E-5
14663.0,7.880264631139422E-4,0.16404866808379698,0.5188826790114078,0.3162806264416813
14170.0,0.9721945556380236,0.026649878438375504,0.0011179795582363108,3.7586365364636605E-5
14420.0,0.9131956353901618,0.05793710186622071,0.024479315959687106,0.004387946783930363
15627.0,0.04909770976078402,0.40931959331521156,0.5387189544610782,0.0028637424629262605
15384.0,0.9404504629010154,0.057320534837144985,0.0019618215522962633,2.6718070954352875E-4
15005.0,0.032851820183470715,0.9551693859952384,0.011804276208386338,1.7451761290461908E-4
15246.0,0.024155986064753488,0.9741284012057336,7.440210657152544E-4,9.715916637975795E-4
14760.0,0.8801553431803517,0.11760280433375152,0.001999190515685075,2.4266197021160154E-4
13990.0,0.9717937466719644,0.02774697938161522,4.388994035106359E-4,2.0374542909675795E-5
14261.0,3.6869316032018405E-6,7.370151296683735E-4,0.061668032268848955,0.9375912656698795
14523.0,0.9809072031174643,0.018758927326065867,3.318613406343873E-4,2.008215835433742E-6
15607.0,0.1624915855626705,0.4006130550889208,0.4289457570974451,0.007949602250963606
14110.0,0.035717938007118095,0.2552295060855586,0.5457729504818996,0.16327960542542372
14352.0,0.32763506037513357,0.6703632818710343,0.0018464967581711,1.5516099566085837E-4
14595.0,0.9813643120954696,0.017799531332003262,7.936724234323853E-4,4.248414909471204E-5
15141.0,0.981474533183716,0.01813561788489869,3.790416256619709E-4,1.0807305723419216E-5
14902.0,0.9369511535601981,0.059668432108131386,0.0031044494357489773,2.7596489592137703E-4
15452.0,0.9786280602113946,0.021065434516264223,2.938116573953183E-4,1.2693614945606262E-5
15695.0,0.9814564165654628,0.01811538890201764,4.1050588660668073E-4,1.7688645913059072E-5
14321.0,0.9713091976026611,0.028097533392116913,5.70007591089345E-4,2.3261414132697414E-5
14591.0,0.9761825574672361,0.02344105713168736,3.666301889966314E-4,9.755212079858064E-6
14828.0,0.8854293523798081,0.11138787913107971,0.0031369299107489408,4.5838578363236817E-5
14050.0,0.9229046437880356,0.07580266601493858,0.0012764686797991144,1.6221517226610926E-5
15306.0,0.006739792827407589,0.01679361370967527,0.021735617495733783,0.9547309759671834
15065.0,0.970262600512603,0.02919004727292812,5.43041798502835E-4,4.310415965908131E-6
15539.0,0.9809072031174643,0.018758927326065867,3.318613406343873E-4,2.008215835433742E-6
14016.0,0.8941515064094553,0.07764305365213783,0.0267128855307025,0.001492554407704448
14798.0,0.9825911662891006,0.017082505717044012,3.1660904670363855E-4,9.718947151782017E-6
14557.0,0.7365450016370818,0.18052960293291961,0.05128282076354292,0.03164257466645569
14291.0,0.1393189590096168,0.8578153641542129,0.00267386829578118,1.9180854038926604E-4
15099.0,0.9785858098809573,0.02105600178787741,3.481247411808513E-4,1.0063589984442353E-5
15336.0,0.9806853941173456,0.018977036482562763,3.3060628428990726E-4,6.9631158017295845E-6
15746.0,0.9809072031174643,0.018758927326065867,3.318613406343873E-4,2.008215835433742E-6
15505.0,0.9770869402863607,0.02179918197767223,0.0010355559473310657,7.832178863596416E-5
14625.0,0.9749295458721132,0.024706404283685954,3.5528956702627766E-4,8.760277174619217E-6
14386.0,0.9376652641498153,0.06088229722182972,0.0010859631930303995,3.664754353247638E-4
14140.0,0.9763602823628731,0.023257315065792757,3.811973012442876E-4,1.2052700898314481E-6
14868.0,0.9825911662891006,0.017082505717044012,3.1660904670363855E-4,9.718947151782017E-6
15111.0,0.9771254653887534,0.0225136379047189,3.4768195425632475E-4,1.3214752271304336E-5
15725.0,0.9837028203386224,0.015852228971849413,4.310527671490931E-4,1.389792237893747E-5
15486.0,0.003279821526399318,0.3250562331429508,0.3347579286792402,0.33690601665140973
15658.0,0.8774231392092189,0.10003519958209194,0.01665354804355599,0.0058881131651332
15417.0,0.970155499245594,0.02868465270399473,0.0010828049205220058,7.70431298894148E-5
14931.0,0.9806853941173456,0.018977036482562763,3.3060628428990726E-4,6.9631158017295845E-6
15168.0,0.23411649914555716,0.10822438745449932,0.5562233770296183,0.1014357363703253
14694.0,0.9785246784658408,0.021117818335716063,3.472227466812339E-4,1.0280451761847276E-5
14203.0,0.8745981687322115,0.11366126394393473,0.010445043111002725,0.0012955242128509764
14453.0,0.9786207977864633,0.020976762952331383,3.860717225834249E-4,1.636753862204673E-5
15574.0,0.9488646025608629,0.04871736755557843,0.0019678918589174934,4.5013802464124525E-4
15036.0,0.8782910719519634,0.11172543719810217,0.009868299884976377,1.1519096495817463E-4
15279.0,0.965727640301,0.03339645603576668,8.30478861209556E-4,4.54248020237039E-5
14729.0,0.9843191822968685,0.015379223816479494,2.8710297036335387E-4,1.4490916288873347E-5
13959.0,0.9880974350643676,0.011691139574530293,2.0563463721120218E-4,5.79072389092321E-6
14228.0,0.47235377111920057,0.4994597095178454,0.02469407754136712,0.0034924418215869636
14490.0,0.23483241727425527,0.7639553990552062,0.0011208527809137324,9.133088962476247E-5
15604.0,0.9550010305424443,0.044216812795844024,7.585516874711992E-4,2.36049742404971E-5
15245.0,0.1798731219700236,0.8102374126148914,0.008419346088053566,0.0014701193270316426
15006.0,0.011767911894141402,0.9866217574586621,0.0015256107196402562,8.471992755611319E-5
14520.0,0.981474533183716,0.01813561788489869,3.790416256619709E-4,1.0807305723419216E-5
14262.0,6.916349171114989E-4,0.005886606143355561,0.2325702292124008,0.7608515297271322
13989.0,0.9369027978581047,0.06070779527563241,0.002276911252956617,1.1249561330608318E-4
14763.0,0.8670975177585913,0.11072509045783707,0.015239448417500277,0.006937943366071266
15387.0,0.9829712922583325,0.01664954655339861,3.6697661165907043E-4,1.2184576609742941E-5
15624.0,0.9816450950291361,0.01796018599755921,3.825084826817453E-4,1.2210490623131137E-5
15202.0,0.9806853941173456,0.018977036482562763,3.3060628428990726E-4,6.9631158017295845E-6
14961.0,0.9814564165654628,0.01811538890201764,4.1050588660668073E-4,1.7688645913059072E-5
14423.0,0.9843191822968685,0.015379223816479494,2.8710297036335387E-4,1.4490916288873347E-5
14169.0,0.9735862997495278,0.025984725138311387,4.0828443125505437E-4,2.0690680905775543E-5
14660.0,0.9829712922583325,0.01664954655339861,3.6697661165907043E-4,1.2184576609742941E-5
15536.0,0.9733318486226261,0.025796127774384066,8.426935559704864E-4,2.9330047019394273E-5
14049.0,0.9835612032491662,0.01613182962120349,2.9070474577063836E-4,1.6262383859814717E-5
14831.0,0.9791858668760217,0.020428151146684958,3.844632911360335E-4,1.518686157162863E-6
14588.0,0.014811737433638087,0.09189783388010496,0.8367367531811265,0.05655367550513041
14322.0,0.9349114435136561,0.06410210845323858,9.260963069106528E-4,6.035172619472439E-5
15066.0,0.9599655895843606,0.03832788876415364,0.0013904512049468893,3.1607044653877883E-4
15305.0,0.9809072031174643,0.018758927326065867,3.318613406343873E-4,2.008215835433742E-6
15692.0,0.14373371670162607,0.03469849410858643,0.7630725469652025,0.058495242224585076
15455.0,0.9880102583134313,0.011792218877154525,1.9123774747494828E-4,6.2850619391986016E-6
14592.0,0.9816450950291361,0.01796018599755921,3.825084826817453E-4,1.2210490623131137E-5
14355.0,0.9843191822968685,0.015379223816479494,2.8710297036335387E-4,1.4490916288873347E-5
14109.0,0.9694689445136271,0.029988100270420287,5.304909539982341E-4,1.2464261954230112E-5
14901.0,0.9635550112587814,0.035362117981805025,0.0010203107701543567,6.255998925922003E-5
15142.0,0.573664282187303,0.4222467466403737,0.003539757681195287,5.492134911278655E-4
15485.0,0.7186295048286484,0.2054672300142389,0.04055043990705632,0.03535282525005639
15726.0,0.47315103525598445,0.49268668791126957,0.03308131003941541,0.0010809667933305905
14143.0,0.013883827189845882,0.597657084471412,0.07936848487623463,0.30909060346250755
14385.0,0.97489227666828,0.024695313391758376,3.9207446165182746E-4,2.0335478309814588E-5
14626.0,0.9799938952628645,0.019654765649269833,3.493727787469654E-4,1.966309118588819E-6
15108.0,0.9708117981446406,0.02832573360747461,8.204007371227572E-4,4.206751076216291E-5
14871.0,0.947627567464517,0.049851956382217864,0.002388029543234182,1.324466100307409E-4
15506.0,0.9825911662891006,0.017082505717044012,3.1660904670363855E-4,9.718947151782017E-6
15745.0,0.9518591254261904,0.043433739309598915,0.00423858913919316,4.685461250175294E-4
14288.0,0.9673412794584839,0.03201949179509305,6.049191558394051E-4,3.4309590583639E-5
14558.0,0.9760757363042186,0.02356069528401701,3.574033770564111E-4,6.165034707991733E-6
14797.0,0.981474533183716,0.01813561788489869,3.790416256619709E-4,1.0807305723419216E-5
14019.0,0.9770780092546878,0.02251883687740898,3.925079237687262E-4,1.0645944134411277E-5
15339.0,7.950222879246706E-4,0.058978706604863845,0.5127105172670827,0.42751575384012874
15096.0,0.9837848832881311,0.015892030975513033,2.8726221648572414E-4,3.5823519870309594E-5
14930.0,0.9781713993605184,0.021318531428462895,4.920999271968397E-4,1.796928382176199E-5
15169.0,0.9843191822968685,0.015379223816479494,2.8710297036335387E-4,1.4490916288873347E-5
14695.0,0.9696684869822667,0.029521955512996353,7.884144413802936E-4,2.1143063356743484E-5
14452.0,0.9747645025920174,0.024197490308887473,0.001007160915370172,3.084618372490004E-5
14202.0,0.9744235860072707,0.02513324062014502,4.3009473643457376E-4,1.3078636149479257E-5
15659.0,0.9806853941173456,0.018977036482562763,3.3060628428990726E-4,6.9631158017295845E-6
15416.0,0.9835612032491662,0.01613182962120349,2.9070474577063836E-4,1.6262383859814717E-5
15037.0,0.917402507645649,0.08087705618260621,0.0016013302110560801,1.1910596068874625E-4
15278.0,0.9768286215550214,0.022820793100802095,3.4491211985285416E-4,5.673224323601632E-6
14728.0,0.9782936843010671,0.021318095571246073,3.753719955403562E-4,1.2848132146537914E-5
14491.0,0.981474533183716,0.01813561788489869,3.790416256619709E-4,1.0807305723419216E-5
14229.0,0.9814564165654628,0.01811538890201764,4.1050588660668073E-4,1.7688645913059072E-5
15575.0,0.9835612032491662,0.01613182962120349,2.9070474577063836E-4,1.6262383859814717E-5
15244.0,0.9835612032491662,0.01613182962120349,2.9070474577063836E-4,1.6262383859814717E-5
15007.0,0.9819742899431037,0.017622276420028612,3.887529749449057E-4,1.468066192288176E-5
14263.0,0.9806853941173456,0.018977036482562763,3.3060628428990726E-4,6.9631158017295845E-6
14521.0,0.9809072031174643,0.018758927326065867,3.318613406343873E-4,2.008215835433742E-6
14762.0,0.935370078717728,0.06296427784941383,0.001494484854753243,1.711585781050318E-4
13988.0,0.9085875797369845,0.08587229975264583,0.004643768449913824,8.963520604559293E-4
15605.0,0.9471025962510885,0.052042857079786176,8.380691849480013E-4,1.647748417718158E-5
15203.0,0.9835612032491662,0.01613182962120349,2.9070474577063836E-4,1.6262383859814717E-5
14960.0,0.9828257454287377,0.016871421792160883,2.617039628893387E-4,4.112881621189946E-5
14168.0,0.9814564165654628,0.01811538890201764,4.1050588660668073E-4,1.7688645913059072E-5
14422.0,0.9843191822968685,0.015379223816479494,2.8710297036335387E-4,1.4490916288873347E-5
14661.0,0.9843191822968685,0.015379223816479494,2.8710297036335387E-4,1.4490916288873347E-5
15386.0,0.9809072031174643,0.018758927326065867,3.318613406343873E-4,2.008215835433742E-6
15625.0,0.9685576520476783,0.030957815210029577,4.812105013355584E-4,3.3222409567406347E-6
14830.0,0.05276702723658303,0.9221746742502305,0.02420820384488385,8.500946683025838E-4
14048.0,0.9843191822968685,0.015379223816479494,2.8710297036335387E-4,1.4490916288873347E-5
14323.0,0.6684031694382555,0.3243463506664563,0.006557583214798124,6.928966804900779E-4
14589.0,0.9678549896886486,0.031404178209161866,6.860912051865847E-4,5.47408970030916E-5
15067.0,0.9767468875038621,0.02186275038121189,8.869268976209016E-4,5.03435217305059E-4
15304.0,0.9825911662891006,0.017082505717044012,3.1660904670363855E-4,9.718947151782017E-6
15537.0,0.9242677714804901,0.06111043381595231,0.00447474764369162,0.010147047059866023
14593.0,0.7694149580131325,0.1884785338978652,0.02259101914144197,0.019515488947560375
14108.0,0.9877460274645544,0.012021841447128326,2.139637437379493E-4,1.8167344579151302E-5
14354.0,0.984444771869572,0.015306893887529361,2.225791459479419E-4,2.575509695067233E-5
14900.0,0.9760757363042186,0.02356069528401701,3.574033770564111E-4,6.165034707991733E-6
15143.0,0.9745685877634799,0.024909879806336615,5.109269932590228E-4,1.0605436924678537E-5
15693.0,0.9835612032491662,0.01613182962120349,2.9070474577063836E-4,1.6262383859814717E-5
15454.0,0.9521914523647425,0.046031891354857656,0.0015741235175516166,2.0253276284835553E-4
14384.0,0.9843191822968685,0.015379223816479494,2.8710297036335387E-4,1.4490916288873347E-5
14142.0,0.965727640301,0.03339645603576668,8.30478861209556E-4,4.54248020237039E-5
14627.0,0.9458971575069055,0.052455739023778855,0.0016052445301992493,4.185893911637588E-5
15109.0,0.8874819678223717,0.10706607020497494,0.0051593322698814175,2.926297027721946E-4
14870.0,0.9496938712906794,0.04916515714781728,0.0011197781916864717,2.119336981685049E-5
15484.0,0.9806853941173456,0.018977036482562763,3.3060628428990726E-4,6.9631158017295845E-6
15727.0,0.9806853941173456,0.018977036482562763,3.3060628428990726E-4,6.9631158017295845E-6
14559.0,0.6019836888756273,0.3900495159585783,0.007171969017875909,7.948261479184753E-4
14289.0,0.9835612032491662,0.01613182962120349,2.9070474577063836E-4,1.6262383859814717E-5
14018.0,0.9766136013746354,0.02298133393858617,3.766599223350474E-4,2.8404764443328447E-5
14796.0,0.981474533183716,0.01813561788489869,3.790416256619709E-4,1.0807305723419216E-5
15338.0,0.9348091079248955,0.062068057203000584,0.0029507958146523993,1.7203905745156583E-4
15097.0,0.981474533183716,0.01813561788489869,3.790416256619709E-4,1.0807305723419216E-5
15507.0,0.9513900319550234,0.04661337086998955,0.0019026365691509341,9.396060583602995E-5
15744.0,0.009083801500989867,0.5383886530290666,0.23467692014008765,0.2178506253298558
15630.0,0.981474533183716,0.01813561788489869,3.790416256619709E-4,1.0807305723419216E-5
15389.0,0.22240016630402767,0.32537018180357996,0.384385698459563,0.0678439534328295
14658.0,0.9806853941173456,0.018977036482562763,3.3060628428990726E-4,6.9631158017295845E-6
14417.0,0.987751541726117,0.011939468455049155,2.991617407958791E-4,9.828078037834185E-6
14175.0,0.9809072031174643,0.018758927326065867,3.318613406343873E-4,2.008215835433742E-6
14967.0,0.9829712922583325,0.01664954655339861,3.6697661165907043E-4,1.2184576609742941E-5
15204.0,0.9770780092546878,0.02251883687740898,3.925079237687262E-4,1.0645944134411277E-5
15602.0,0.3991972922900725,0.2150870490578792,0.06311294049785549,0.32260271815419295
13987.0,0.9835612032491662,0.01613182962120349,2.9070474577063836E-4,1.6262383859814717E-5
14765.0,0.9457040728818408,0.05023398691646587,0.003743501761335224,3.184384403580935E-4
14526.0,0.9542728618097274,0.04462759837168042,0.0010620937682853872,3.7446050306785864E-5
14256.0,0.9809072031174643,0.018758927326065867,3.318613406343873E-4,2.008215835433742E-6
15000.0,0.9814564165654628,0.01811538890201764,4.1050588660668073E-4,1.7688645913059072E-5
15243.0,0.08300497563678945,0.8206575674558022,0.07967288964461557,0.016664567262792696
15568.0,0.9843191822968685,0.015379223816479494,2.8710297036335387E-4,1.4490916288873347E-5
14226.0,0.952614038222449,0.043142019972244657,0.004050934502886282,1.9300730242020965E-4
14492.0,0.9737332278771836,0.025789921063711137,4.7409901572136606E-4,2.7520433837503856E-6
14735.0,0.8971802777358941,0.05447023177551926,0.04681197754641332,0.0015375129421732194
15273.0,0.9352044080957119,0.0627534720548446,0.0018735317558218622,1.6858809362170984E-4
15034.0,0.9209949057042615,0.028945073643686012,0.03400331701989308,0.016056703632159424
15423.0,0.9404637569712547,0.058187284011389,0.001275419641690374,7.353937566592349E-5
15660.0,0.9764591059451875,0.023044035593504108,4.7731774665395334E-4,1.9540714654628823E-5
14205.0,0.9835612032491662,0.01613182962120349,2.9070474577063836E-4,1.6262383859814717E-5
14451.0,0.9814564165654628,0.01811538890201764,4.1050588660668073E-4,1.7688645913059072E-5
14688.0,0.9829712922583325,0.01664954655339861,3.6697661165907043E-4,1.2184576609742941E-5
15174.0,0.3697597660364112,0.22174125235075426,0.20281439214420866,0.20568458946862586
14933.0,1.627611699683029E-5,0.011964050805026756,0.2979258249487209,0.6900938481292556
15751.0,0.9781713993605184,0.021318531428462895,4.920999271968397E-4,1.796928382176199E-5
15508.0,0.1668180769805059,0.761407481188544,0.017786658434305977,0.0539877833966442
15102.0,0.8867172572537271,0.10896172592016914,0.004229771900845277,9.12449252584211E-5
15341.0,0.981474533183716,0.01813561788489869,3.790416256619709E-4,1.0807305723419216E-5
14795.0,0.9770780092546878,0.02251883687740898,3.925079237687262E-4,1.0645944134411277E-5
14021.0,0.9735424270442092,0.02596522682212341,4.780480260780791E-4,1.4298107589314146E-5
14294.0,0.9622508464764011,0.03254859195677226,0.004642648683180091,5.579128836463796E-4
14552.0,0.9814564165654628,0.01811538890201764,4.1050588660668073E-4,1.7688645913059072E-5
15720.0,0.9806853941173456,0.018977036482562763,3.3060628428990726E-4,6.9631158017295845E-6
15483.0,0.9816450950291361,0.01796018599755921,3.825084826817453E-4,1.2210490623131137E-5
14865.0,0.8243249829060478,0.15476573561955545,0.012394074845132325,0.008515206629264386
15106.0,0.9845195810999637,0.015179742686412062,2.8846435291601027E-4,1.221186070814133E-5
14628.0,0.959545223185572,0.039752820312839755,6.746690932575013E-4,2.72874083306424E-5
14137.0,0.9218139102905651,0.07532873242193239,0.0025285679009140125,3.2878938658850964E-4
14391.0,0.9843191822968685,0.015379223816479494,2.8710297036335387E-4,1.4490916288873347E-5
15449.0,0.9825911662891006,0.017082505717044012,3.1660904670363855E-4,9.718947151782017E-6
15690.0,0.9835612032491662,0.01613182962120349,2.9070474577063836E-4,1.6262383859814717E-5
15136.0,0.9835612032491662,0.01613182962120349,2.9070474577063836E-4,1.6262383859814717E-5
14899.0,0.9871937132158711,0.012583230851594443,2.1099327888207708E-4,1.206265365244046E-5
14357.0,0.005669608021855052,0.9714494914017342,0.020694954482449606,0.0021859460939610002
14107.0,0.054847595767053794,0.30161348041160696,0.6100314065602289,0.03350751726111049
14598.0,0.39963821221031337,0.5934121445917813,0.0032639850483092876,0.0036856581495961593
15542.0,0.004761464039080114,0.029782585074098054,0.9420401887002074,0.023415762186614338
15311.0,0.0016477130068931413,0.0016361612026642074,0.22461481458224827,0.7721013112081944
15068.0,5.127902999588E-7,0.0029199809376337545,0.16138026055953936,0.8356992457125269
14586.0,0.8616795294888411,0.04256568474281002,0.0252373540293572,0.07051743173899165
14324.0,0.9753062683474719,0.024298169171056684,3.8493083587932763E-4,1.0631645592240427E-5
14055.0,0.974929398310985,0.02444646420195905,5.985519419280421E-4,2.5585545127903158E-5
14825.0,0.9563847135419439,0.039634262612612554,0.0037702371794137005,2.1078666602976823E-4
14659.0,0.7437846299209233,0.20013427243417328,0.051662792516136515,0.004418305128766809
14174.0,0.9806853941173456,0.018977036482562763,3.3060628428990726E-4,6.9631158017295845E-6
14416.0,0.9815581236544145,0.01807303675198463,3.6598228812020607E-4,2.857305480747757E-6
14966.0,0.9848504958029458,0.013773681556073943,0.0013248014279719123,5.102121300828222E-5
15205.0,0.9828275422666155,0.016694363241393284,4.532673373639575E-4,2.4827154627192528E-5
15631.0,0.9668368928540937,0.03126930385899194,0.001834800204490881,5.9003082423387096E-5
15388.0,0.9538644329088563,0.04318403920349439,0.0027486532010832982,2.0287468656614988E-4
14764.0,0.005348009233208546,0.7044525557327496,0.10529494149271316,0.1849044935413287
13986.0,0.044157411789159676,0.25154298216473253,0.5929934876643105,0.11130611838179728
14257.0,0.6426891352533194,0.25243484533098604,0.05503459795402279,0.04984142146167174
14527.0,0.6435871180589937,0.35348721649029935,0.0028432291711587452,8.243627954815406E-5
15001.0,0.9829712922583325,0.01664954655339861,3.6697661165907043E-4,1.2184576609742941E-5
15242.0,0.9713091976026611,0.028097533392116913,5.70007591089345E-4,2.3261414132697414E-5
15603.0,0.9815581236544145,0.01807303675198463,3.6598228812020607E-4,2.857305480747757E-6
14493.0,0.9806853941173456,0.018977036482562763,3.3060628428990726E-4,6.9631158017295845E-6
14227.0,0.9272467426747425,0.07093137380391502,0.0017608245979373553,6.10589234052637E-5
14734.0,0.9814564165654628,0.01811538890201764,4.1050588660668073E-4,1.7688645913059072E-5
15272.0,0.9871937132158711,0.012583230851594443,2.1099327888207708E-4,1.206265365244046E-5
15035.0,0.012516132113097544,0.9857339659623083,0.001130454246178777,6.194476784153712E-4
15569.0,0.9760757363042186,0.02356069528401701,3.574033770564111E-4,6.165034707991733E-6
14450.0,0.9829712922583325,0.01664954655339861,3.6697661165907043E-4,1.2184576609742941E-5
14204.0,0.9753062683474719,0.024298169171056684,3.8493083587932763E-4,1.0631645592240427E-5
14689.0,0.9432514400262142,0.055289692541437355,0.001416203138180532,4.266429416796889E-5
15175.0,0.9224570398153553,0.0753958749315272,0.002092049284982556,5.5035968134792485E-5
14932.0,0.9781713993605184,0.021318531428462895,4.920999271968397E-4,1.796928382176199E-5
15422.0,0.9451116934176383,0.05076059659259404,0.00396893412796598,1.587758618015033E-4
15661.0,0.4560514189178557,0.52846725475946,0.012316117255930362,0.0031652090667538663
15103.0,0.9781713993605184,0.021318531428462895,4.920999271968397E-4,1.796928382176199E-5
15340.0,0.9310915039758948,0.05899286348257184,0.007865370790389674,0.002050261751143714
14020.0,0.9466542453602453,0.052210702812211046,0.001093141736029437,4.1910091514257866E-5
14794.0,0.9806853941173456,0.018977036482562763,3.3060628428990726E-4,6.9631158017295845E-6
14553.0,0.9431406973467654,0.05567003018215398,0.0011517358174299285,3.753665365061509E-5
14295.0,0.9598214310904172,0.038500017424686464,0.0013248474995091342,3.5370398538721987E-4
15750.0,0.981474533183716,0.01813561788489869,3.790416256619709E-4,1.0807305723419216E-5
15509.0,0.9816450950291361,0.01796018599755921,3.825084826817453E-4,1.2210490623131137E-5
14864.0,0.9885633933103772,0.011194328891156236,2.2215558575789754E-4,2.0122212708546335E-5
15107.0,0.981474533183716,0.01813561788489869,3.790416256619709E-4,1.0807305723419216E-5
14629.0,0.9783000407911454,0.02138092546798736,3.1322055768860516E-4,5.813183178480917E-6
14390.0,0.9909305867727511,0.0071326457313315465,0.0017766006881511317,1.60166807766169E-4
14136.0,0.9809072031174643,0.018758927326065867,3.318613406343873E-4,2.008215835433742E-6
15721.0,0.9814564165654628,0.01811538890201764,4.1050588660668073E-4,1.7688645913059072E-5
15482.0,0.9796974247528405,0.019855917273994876,3.9534598712546965E-4,5.13119860393291E-5
15137.0,0.9739143767437228,0.025031828715541923,9.059788693633973E-4,1.4781567137197815E-4
14898.0,0.981474533183716,0.01813561788489869,3.790416256619709E-4,1.0807305723419216E-5
14106.0,0.9818754258660285,0.017661536770327068,4.292438355480388E-4,3.379352809636801E-5
14356.0,0.9881159415012587,0.01159104982500548,2.787040812248539E-4,1.430459251091024E-5
14599.0,0.9407864923688168,0.05341430947256841,0.00503538066268592,7.638174959289213E-4
15448.0,0.9825911662891006,0.017082505717044012,3.1660904670363855E-4,9.718947151782017E-6
15691.0,0.9825911662891006,0.017082505717044012,3.1660904670363855E-4,9.718947151782017E-6
15310.0,0.9694170982203255,0.029793000511636233,7.604668395674064E-4,2.9434428470964478E-5
15069.0,0.9875055986956565,0.012181144044807286,2.8873818604437335E-4,2.451907349182868E-5
14325.0,0.9724068567369516,0.027049098429391103,5.14651772169261E-4,2.939306148813373E-5
14587.0,0.9763050340547202,0.022687388393725652,9.721901743476907E-4,3.5387377206219214E-5
14824.0,0.9809072031174643,0.018758927326065867,3.318613406343873E-4,2.008215835433742E-6
14054.0,0.9717207762889423,0.0251111680465469,0.0028637695022283227,3.0428616228251454E-4
15543.0,0.9529499474138107,0.04422761069524125,0.002725938599724413,9.650329122375367E-5
15600.0,0.9705373522559751,0.02891930335343743,5.156111566609229E-4,2.7733233926465E-5
14524.0,0.9781713993605184,0.021318531428462895,4.920999271968397E-4,1.796928382176199E-5
14258.0,0.9422025784153183,0.05294720929313569,0.004710624322908475,1.3958796863751342E-4
13985.0,0.9772865680400337,0.021957547527268827,7.263501458871774E-4,2.953428681016764E-5
14767.0,0.9735424270442092,0.02596522682212341,4.780480260780791E-4,1.4298107589314146E-5
15241.0,0.034342736186420954,0.9649649709450786,4.4998790583638035E-4,2.423049626640103E-4
15002.0,0.5194393284604367,0.1270102223282552,0.06011821611157845,0.29343223309972954
15391.0,0.9770780092546878,0.02251883687740898,3.925079237687262E-4,1.0645944134411277E-5
15628.0,0.9843191822968685,0.015379223816479494,2.8710297036335387E-4,1.4490916288873347E-5
14419.0,0.972372700043857,0.026913535694233326,6.494478425143557E-4,6.431641939538349E-5
14173.0,0.9785679544278538,0.02109368171459392,3.228849891744484E-4,1.5478868377981606E-5
14656.0,0.017231992192954453,0.6157445780464951,0.36136127862262657,0.005662151137923865
15206.0,0.9825911662891006,0.017082505717044012,3.1660904670363855E-4,9.718947151782017E-6
14965.0,0.9462096831291474,0.05277950354309783,9.80175944743718E-4,3.063738301090748E-5
15662.0,0.9719701196926033,0.026879530495668318,0.001097124863567825,5.3224948160576E-5
15421.0,0.04818950576872495,0.5306716451204987,0.12728170056649,0.2938571485442862
14690.0,0.9770780092546878,0.02251883687740898,3.925079237687262E-4,1.0645944134411277E-5
14207.0,0.9805890371945084,0.019025823158395797,3.6280211647182677E-4,2.2337530623879288E-5
14449.0,0.9806853941173456,0.018977036482562763,3.3060628428990726E-4,6.9631158017295845E-6
14935.0,0.9771254653887534,0.0225136379047189,3.4768195425632475E-4,1.3214752271304336E-5
15172.0,0.9815964930392465,0.017828476964743333,5.678980691854759E-4,7.131926824847382E-6
15570.0,0.9698015501834902,0.029576350690753823,4.491452422405382E-4,1.729538835154364E-4
14733.0,0.9842393360292687,0.015513341893678102,2.3668803400398673E-4,1.063404304929535E-5
14224.0,0.06722699887254148,0.04707275020449677,0.706316593557805,0.1793836573651566
14494.0,0.9814564165654628,0.01811538890201764,4.1050588660668073E-4,1.7688645913059072E-5
15032.0,0.9809072031174643,0.018758927326065867,3.318613406343873E-4,2.008215835433742E-6
15275.0,0.9108734237213659,0.04252342459977351,0.039964338055357394,0.006638813623503225
15481.0,0.9814603852366649,0.01821849771118824,3.0868546998260785E-4,1.2431582164276245E-5
15722.0,0.9809072031174643,0.018758927326065867,3.318613406343873E-4,2.008215835433742E-6
15104.0,0.9763602823628731,0.023257315065792757,3.811973012442876E-4,1.2052700898314481E-6
14867.0,0.9843833141513931,0.015365596785285842,2.4280861618691755E-4,8.280447133873183E-6
14139.0,0.5726994871490441,0.1128148483012442,0.17240419062090148,0.14208147392881032
14389.0,0.8619992742964928,0.13036360997118024,0.006486791651893025,0.001150324080433872
14630.0,0.9835612032491662,0.01613182962120349,2.9070474577063836E-4,1.6262383859814717E-5
15510.0,0.9733824668059559,0.026194487923087355,4.178054738090516E-4,5.239797147524202E-6
15749.0,0.9816450950291361,0.01796018599755921,3.825084826817453E-4,1.2210490623131137E-5
15343.0,0.011229998472774505,0.17806574466170844,0.42840906402994283,0.3822951928355744
15100.0,0.981474533183716,0.01813561788489869,3.790416256619709E-4,1.0807305723419216E-5
14292.0,0.9797378214758202,0.019912754858953954,3.3877528249067835E-4,1.0648382735154193E-5
14554.0,0.9781713993605184,0.021318531428462895,4.920999271968397E-4,1.796928382176199E-5
14793.0,0.9785246784658408,0.021117818335716063,3.472227466812339E-4,1.0280451761847276E-5
14023.0,0.0559984150200305,0.17560077320255804,0.6917757716863745,0.07662504009103688
15540.0,0.981474533183716,0.01813561788489869,3.790416256619709E-4,1.0807305723419216E-5
15070.0,0.9724538450814976,0.026085712025929204,0.0014117516479012387,4.869124467176759E-5
15309.0,0.9843191822968685,0.015379223816479494,2.8710297036335387E-4,1.4490916288873347E-5
14053.0,0.9781713993605184,0.021318531428462895,4.920999271968397E-4,1.796928382176199E-5
14827.0,0.9829712922583325,0.01664954655339861,3.6697661165907043E-4,1.2184576609742941E-5
14584.0,0.981474533183716,0.01813561788489869,3.790416256619709E-4,1.0807305723419216E-5
14326.0,0.9750194840563364,0.024165019810263318,7.944302259035941E-4,2.106590749666965E-5
15688.0,0.0014092272956719699,0.0020729528938910214,0.6949566900497302,0.3015611297607068
15451.0,0.981474533183716,0.01813561788489869,3.790416256619709E-4,1.0807305723419216E-5
14897.0,0.9510659086458904,0.04727557932216264,0.0015874707788762345,7.10412530708379E-5
15138.0,0.9448584415916553,0.05379345059858805,0.0011970253226088242,1.510824871478744E-4
14596.0,0.9781713993605184,0.021318531428462895,4.920999271968397E-4,1.796928382176199E-5
14359.0,0.9809072031174643,0.018758927326065867,3.318613406343873E-4,2.008215835433742E-6
14105.0,0.973855370182594,0.02574078401162896,3.9591150989102804E-4,7.934295886038289E-6
14259.0,0.9698592119127261,0.0281924251854863,0.0018823855010030146,6.597740078463924E-5
14525.0,0.9816450950291361,0.01796018599755921,3.825084826817453E-4,1.2210490623131137E-5
14766.0,0.9809072031174643,0.018758927326065867,3.318613406343873E-4,2.008215835433742E-6
13984.0,0.9619590692696168,0.03598586284873981,0.001839421290388925,2.156465912546235E-4
15240.0,0.9538047316732038,0.04546595454478795,7.282588049136232E-4,1.0549770946757146E-6
15003.0,0.9796613761243876,0.019739414553688293,5.823658950730564E-4,1.6843426850991383E-5
15601.0,0.012104778069080223,0.9873756119214777,2.6648140974931136E-4,2.531285996927051E-4
14172.0,0.9762733299753901,0.023374940126940035,3.4559554240609413E-4,6.134355263989594E-6
14418.0,0.9825911662891006,0.017082505717044012,3.1660904670363855E-4,9.718947151782017E-6
14657.0,0.9506028451073086,0.04673589888515878,0.002579310561558849,8.194544597371393E-5
15207.0,0.9825911662891006,0.017082505717044012,3.1660904670363855E-4,9.718947151782017E-6
14964.0,0.07661586655275797,0.7289441276657619,0.14477701676186056,0.04966298901961961
15390.0,0.9785679544278538,0.02109368171459392,3.228849891744484E-4,1.5478868377981606E-5
15629.0,0.9674462353066604,0.030546815849173813,0.0017144842338651823,2.9246461030063364E-4
14691.0,0.9795891854628085,0.02001964444603358,3.5250741746126267E-4,3.86626736968071E-5
14448.0,0.9618811683556195,0.03691091877465254,0.0011856799197745651,2.2232949953143163E-5
14206.0,0.981474533183716,0.01813561788489869,3.790416256619709E-4,1.0807305723419216E-5
14934.0,0.9394726639344739,0.05848237251166231,0.0019692824976709606,7.568105619285023E-5
15173.0,0.9809072031174643,0.018758927326065867,3.318613406343873E-4,2.008215835433742E-6
15663.0,0.9824826767425339,0.017191560776195148,2.748651916025342E-4,5.089728966852406E-5
15420.0,0.9754544458896423,0.024116132482378726,4.1667378627590967E-4,1.274784170308433E-5
14732.0,0.924996701455158,0.06911963418325716,0.005501147464284722,3.8251689730036667E-4
14495.0,0.8799386080167133,0.10855855084002808,0.011123779302758452,3.7906184050030893E-4
14225.0,0.9753062683474719,0.024298169171056684,3.8493083587932763E-4,1.0631645592240427E-5
15033.0,0.9845975689409054,0.01480209829263286,5.454936856701422E-4,5.483908079170637E-5
15274.0,0.9602983579375511,0.03876394000209872,8.976058925740222E-4,4.009616777612773E-5
15571.0,0.02702233740626969,0.889531261197602,0.06258756864613335,0.02085883274999501
15105.0,0.9415631086042338,0.05628522433403829,0.0021310990878168484,2.0567973910994238E-5
14866.0,0.9825911662891006,0.017082505717044012,3.1660904670363855E-4,9.718947151782017E-6
14388.0,0.8192256684713689,0.176936500363314,0.003716893492441983,1.2093767287512562E-4
14138.0,0.9568891520907928,0.04169281646009985,0.0012916988382350957,1.2633261087229567E-4
14631.0,0.9798994112821696,0.01971606811738301,3.691802687147494E-4,1.5340331732590818E-5
15480.0,0.1926370252021179,0.20652750992441732,0.24503826991147948,0.35579719496198525
15723.0,0.9781713993605184,0.021318531428462895,4.920999271968397E-4,1.796928382176199E-5
15342.0,0.9829712922583325,0.01664954655339861,3.6697661165907043E-4,1.2184576609742941E-5
15101.0,2.0998293488644972E-4,0.00849099300517873,0.09602258182089846,0.8952764422390364
14555.0,0.9829712922583325,0.01664954655339861,3.6697661165907043E-4,1.2184576609742941E-5
14293.0,0.9829712922583325,0.01664954655339861,3.6697661165907043E-4,1.2184576609742941E-5
14022.0,0.9588734278502709,0.039871573658125076,0.0012047247135377073,5.027377806647223E-5
14792.0,0.9814564165654628,0.01811538890201764,4.1050588660668073E-4,1.7688645913059072E-5
15511.0,0.9816450950291361,0.01796018599755921,3.825084826817453E-4,1.2210490623131137E-5
15748.0,0.0405364498149554,0.958047285849182,0.0012987089203790267,1.1755541548369244E-4
15071.0,0.9825911662891006,0.017082505717044012,3.1660904670363855E-4,9.718947151782017E-6
15308.0,0.9781713993605184,0.021318531428462895,4.920999271968397E-4,1.796928382176199E-5
14826.0,0.984545563958207,0.01496556549749765,4.478057978095978E-4,4.1064746485920236E-5
14052.0,0.9737876180055033,0.024629967350375353,0.0013238108016498358,2.586038424715246E-4
14327.0,0.9754544458896423,0.024116132482378726,4.1667378627590967E-4,1.274784170308433E-5
