15572.0,0.9928269982326698,0.006730380112701709,2.2194892570277108E-4,2.2067272892565951E-4
15277.0,0.9910629406986722,0.008494799686567949,1.8910256984929538E-4,2.531570449106556E-4
15038.0,0.11545969116229583,0.47163194430711125,0.2940508539435171,0.11885751058707576
14230.0,0.9919959110661608,0.007587467996695256,1.1846023371630869E-4,2.981607034275582E-4
14488.0,0.9604494601916833,0.039158264849700794,1.4639064060396558E-4,2.4588431801190124E-4
14731.0,0.9929220415407304,0.00687351370667568,1.0365486880518773E-4,1.0078988378883607E-4
15419.0,0.9620912646185833,0.03476474483701377,0.0029605333291381777,1.8345721526474864E-4
15656.0,0.9920064312636658,0.007767783276224032,9.388436826793906E-5,1.3190109184210347E-4
15170.0,0.9918900314784429,0.00783518315649925,1.0872435334461875E-4,1.6606101171317859E-4
14929.0,0.9917031266785815,0.007800160012321813,2.621794598583181E-4,2.3453384923820635E-4
14201.0,0.9841460680966518,0.015549231578588046,1.61434407516795E-4,1.4326591724330833E-4
14455.0,0.17093829420070153,0.24377594454500584,0.26466910923861364,0.32061665201567896
14692.0,0.26357998073905653,0.7120174295954063,0.021419204528405362,0.002983385137131792
15626.0,0.991492217744199,0.008238310387023814,1.0341085706406616E-4,1.6606101171317859E-4
15385.0,0.9610810176910421,0.03699176473855588,0.0013126714255381664,6.145461448638904E-4
14963.0,0.7139506655250359,0.2848109589528923,9.187759841434584E-4,3.195995379283789E-4
15200.0,0.9925519016916003,0.00717734376453482,1.3885345202285757E-4,1.319010918421035E-4
14662.0,0.9922575876258408,0.007228767454465007,2.5105093084392576E-4,2.6259398885027584E-4
14421.0,0.2517944813466221,0.7240056018944808,0.017600279696659994,0.006599637062237149
14171.0,0.24003417100619098,0.13154995220486035,0.2692661643449994,0.3591497124439493
15606.0,0.9920364373192284,0.0077377772206615545,9.388436826793906E-5,1.3190109184210347E-4
15004.0,0.9914516835445434,0.008101465472468925,1.9369393807702726E-4,2.531570449106556E-4
15247.0,0.9925981123199125,0.007156402832480474,1.314586964455572E-4,1.14026151161437E-4
13991.0,0.9670115756318579,0.031205941264388644,0.0014628835658252368,3.195995379283789E-4
14761.0,0.13330984497689793,0.844569176078435,0.012300256700736215,0.009820722243930873
14522.0,0.4482698160876057,0.502055284194736,0.0013032072621696061,0.048371692455488606
14260.0,0.897935377658088,0.08242048726829135,0.019285684000883888,3.5845107273678705E-4
15453.0,0.7752933970515427,0.15953820867311794,0.04673496274542834,0.01843343152991115
15694.0,0.9811007077532296,0.01613012603052974,0.0020747601012717034,6.944061149689743E-4
14353.0,0.9935939301127257,0.006179328590644741,1.2595141284086223E-4,1.0078988378883609E-4
14111.0,0.9802697622047287,0.018373844909800235,0.0010682815806065148,2.881113048644806E-4
14594.0,0.9935939301127257,0.006179328590644741,1.2595141284086223E-4,1.0078988378883609E-4
15140.0,0.9890619587830498,0.010118200822204172,1.7273428422856065E-4,6.471061105174337E-4
14903.0,0.9929419737505129,0.006521828518379127,2.8689277880262365E-4,2.493049523054254E-4
15538.0,0.9914000533909859,0.008156324708135645,1.1846023371630869E-4,3.2516166716200205E-4
14590.0,0.992467963820722,0.007018391259583724,2.5105093084392576E-4,2.625939888502759E-4
14320.0,0.9916268122277428,0.007876474463160525,2.6217945985831806E-4,2.3453384923820633E-4
14051.0,0.8559700689788687,0.130735691066968,0.01283501452223734,4.5922543192594386E-4
14829.0,0.9855056693995643,0.014085667339289952,3.4788337113100766E-4,6.07798900148105E-5
15307.0,0.9924000931187267,0.007167142299094257,2.1209185325328858E-4,2.2067272892565951E-4
15064.0,0.16443810287945854,0.7390452814606955,0.08101549158566543,0.015501124074180488
15747.0,0.07429842089667194,0.328080038036698,0.08628385685324406,0.5113376842133861
15504.0,0.9929419737505129,0.006521828518379127,2.8689277880262365E-4,2.493049523054254E-4
14799.0,0.991510340336291,0.00817511291819384,2.5376685550035713E-4,6.0779890014810496E-5
14017.0,0.8875054043667778,0.09358994917099304,9.277345389690215E-5,0.018811873008332123
14290.0,0.992467963820722,0.007018391259583724,2.5105093084392576E-4,2.625939888502759E-4
14556.0,0.9923631936143608,0.007079284592306793,3.252033457306303E-4,2.3231844760177644E-4
15098.0,0.992467963820722,0.007018391259583724,2.5105093084392576E-4,2.625939888502759E-4
15337.0,0.9935939301127257,0.006179328590644741,1.2595141284086223E-4,1.0078988378883609E-4
15724.0,0.9819201082663714,0.017483665310168494,3.0276002743981204E-4,2.9346639602042835E-4
15487.0,0.9924015327435163,0.007236998846933511,1.2810079265663415E-4,2.3336761689357526E-4
14624.0,0.9917031266785815,0.007800160012321813,2.621794598583181E-4,2.3453384923820635E-4
14141.0,0.7779727927547778,0.21914563292132624,1.123986868244014E-4,0.002769175637071559
14387.0,0.9922119431278399,0.0074974021252466,1.312782271788986E-4,1.5937651973456894E-4
14869.0,0.9649274447767094,0.03327097250696669,3.0156482773764236E-4,0.0015000178885863137
15110.0,0.9935939301127257,0.006179328590644741,1.2595141284086223E-4,1.0078988378883609E-4
15276.0,0.9864098215364949,0.01264602448208612,3.736502110025349E-4,5.705037704164279E-4
15039.0,0.9914547795495432,0.008098369467469165,1.9369393807702726E-4,2.531570449106556E-4
14489.0,0.9871369333227468,0.010761490712465249,4.4337398455267414E-4,0.001658201980235364
14231.0,0.9177332072215972,0.07842604548954699,0.0031845780579371416,6.561692309186826E-4
14730.0,0.9923631936143608,0.007079284592306793,3.252033457306303E-4,2.3231844760177644E-4
15573.0,0.9927395346758184,0.006803266410077803,2.3652618517798973E-4,2.2067272892565951E-4
15171.0,0.9771151891286327,0.021875473583529457,1.7778260669179936E-4,8.315546811460722E-4
14928.0,0.992624779659349,0.007087414725690662,1.6246620290833567E-4,1.2533941205207725E-4
14454.0,0.9802697622047287,0.018373844909800235,0.0010682815806065148,2.881113048644806E-4
14200.0,0.9918900314784429,0.00783518315649925,1.0872435334461875E-4,1.6606101171317859E-4
14693.0,0.9886625891714829,0.010933807491935933,2.2741931383363844E-4,1.7618402274749393E-4
15418.0,0.9935939301127257,0.006179328590644741,1.2595141284086223E-4,1.0078988378883609E-4
15657.0,0.9918900314784429,0.00783518315649925,1.0872435334461875E-4,1.6606101171317859E-4
14962.0,0.9917031266785815,0.007800160012321813,2.621794598583181E-4,2.3453384923820635E-4
15201.0,0.9925246469163271,0.00720459853980805,1.3885345202285757E-4,1.319010918421035E-4
14663.0,0.04408071947562025,0.06905643476255419,0.633452629119235,0.2534102166425906
14170.0,0.9920692382888923,0.0075141407739638165,1.1846023371630869E-4,2.981607034275582E-4
14420.0,0.7651631966035708,0.23082912364137054,0.002170359109131056,0.0018373206459276663
15627.0,0.1564178045201451,0.09724441967513218,0.2938558811984679,0.45248189460625476
15384.0,0.536901709259952,0.44036532007442863,2.089484442425619E-4,0.022524022221376814
15005.0,0.2158276054842255,0.7761266885330356,0.0011651744103274742,0.006880531572411442
15246.0,0.33816185562500384,0.6315518006233164,0.024760867396748862,0.005525476354930917
14760.0,0.9866614535148692,0.012500010136102366,9.476033803292429E-5,7.43776010995623E-4
13990.0,0.6074468272538199,0.3874886828330893,2.0042248002589397E-4,0.004864067433064912
14261.0,0.01704525862904723,0.1817540179667246,0.31847884453522635,0.48272187886900186
14523.0,0.9924015327435163,0.007236998846933511,1.2810079265663415E-4,2.3336761689357526E-4
15607.0,0.3425932916987644,0.5062229986764034,0.14639638987667122,0.004787319748160993
14110.0,0.819763497920022,0.06505663895948112,0.11367939574131194,0.0015004673791849128
14352.0,0.08528120264628727,0.6389886474111247,0.27074643208222887,0.004983717860359171
14595.0,0.9899953063226667,0.009408021923786616,3.623769551595085E-4,2.3429479838729222E-4
15141.0,0.9919959110661608,0.007587467996695256,1.1846023371630869E-4,2.981607034275582E-4
14902.0,0.8117224753862332,0.18659099409165014,0.001523205418699724,1.6332510341693195E-4
15452.0,0.9917031266785815,0.007800160012321813,2.621794598583181E-4,2.3453384923820635E-4
15695.0,0.9926032561926336,0.00712128324868825,1.61434407516795E-4,1.14026151161437E-4
14321.0,0.992467963820722,0.007018391259583724,2.5105093084392576E-4,2.625939888502759E-4
14591.0,0.9914000533909859,0.008156324708135645,1.1846023371630869E-4,3.2516166716200205E-4
14828.0,0.8922000605459953,0.06407056003892421,0.041259762704763614,0.0024696167103168067
14050.0,0.9137941137575725,0.08528325512409882,8.618512283139558E-4,6.077989001481051E-5
15306.0,0.047905301481969934,0.16180286622881412,0.6901373726098488,0.10015445967936723
15065.0,0.9914547795495432,0.008098369467469165,1.9369393807702726E-4,2.531570449106556E-4
15539.0,0.9924015327435163,0.007236998846933511,1.2810079265663415E-4,2.3336761689357526E-4
14016.0,0.9670676101146165,0.03114990678163002,0.0014628835658252368,3.195995379283789E-4
14798.0,0.9917031266785815,0.007800160012321813,2.621794598583181E-4,2.3453384923820635E-4
14557.0,0.6352880363515271,0.3036521043264047,0.0278534587125565,0.03320640060951179
14291.0,0.1526227577256794,0.6363882972341797,0.2037393113901504,0.007249633649990504
15099.0,0.8756660630672631,0.09375935073129672,0.030216135128703435,3.5845107273678705E-4
15336.0,0.9922119431278399,0.0074974021252466,1.312782271788986E-4,1.5937651973456894E-4
15746.0,0.9923984367385166,0.007240094851933271,1.2810079265663415E-4,2.3336761689357526E-4
15505.0,0.9914145147430719,0.00808877194783156,2.621794598583181E-4,2.3453384923820635E-4
14625.0,0.9918900314784429,0.00783518315649925,1.0872435334461875E-4,1.6606101171317859E-4
14386.0,0.9200852915730071,0.0781495039409498,0.0014456049481146533,3.1959953792837887E-4
14140.0,0.34650187658434917,0.20912482472212288,0.3979982897520357,0.04637500894149227
14868.0,0.9131781491237011,0.08365526747469025,0.0030041206090568604,1.6246279255187378E-4
15111.0,0.9906602890497592,0.008745452543730244,3.6713206690463444E-4,2.2712633960593015E-4
15725.0,0.9929215718272951,0.006856738685002793,1.0766333654073861E-4,1.14026151161437E-4
15486.0,0.2512758264621209,0.1370048871419377,0.17434831764092934,0.437370968755012
15658.0,0.8706600795040862,0.09562158495194263,0.0030896501074407262,0.030628685436530332
15417.0,0.9917777933075209,0.007947421327421272,1.0872435334461873E-4,1.6606101171317856E-4
14931.0,0.9922119431278399,0.0074974021252466,1.312782271788986E-4,1.5937651973456894E-4
15168.0,0.16531964137595923,0.24040086837444594,0.5131557152664573,0.08112377498313758
14694.0,0.99179224903309,0.007525297273299888,2.2666911272850728E-4,4.5578458088161065E-4
14203.0,0.9583426729520949,0.038019153228765735,0.0021928824870714363,0.0014452913320680658
14453.0,0.9918900314784429,0.00783518315649925,1.0872435334461875E-4,1.6606101171317859E-4
15574.0,0.9907856287289565,0.008752340543219758,1.1846023371630869E-4,3.4357049410741435E-4
15036.0,0.4661904446480042,0.46228050113418,0.07152905421781583,0.0
15279.0,0.8636945696898937,0.11837886695398071,0.01728946460581937,6.370987503062977E-4
14729.0,0.9928269982326698,0.006730380112701709,2.2194892570277108E-4,2.2067272892565951E-4
13959.0,0.9921895919598301,0.007208981174877882,3.671320669046344E-4,2.3429479838729214E-4
14228.0,0.12852482744115556,0.8295447211365872,0.017044657004731466,0.024885794417525753
14490.0,0.393520069949304,0.6048076923128709,0.001093911418837235,5.783263189878655E-4
15604.0,0.9929267157000161,0.006821619101210569,1.3763904761197646E-4,1.1402615116143701E-4
15245.0,0.6169372677598821,0.2610570554933656,0.09966563250416734,0.022340044242584893
15006.0,0.5008533293906646,0.46636519061996456,0.001420516678366714,0.03136096331100425
14520.0,0.9914000533909859,0.008156324708135645,1.1846023371630869E-4,3.2516166716200205E-4
14262.0,0.09882887096993133,0.3005165107080742,0.46029959338047577,0.14035502494151872
13989.0,0.8296204473535593,0.10495582634573129,0.06512699039566498,2.9673590504451043E-4
14763.0,0.9916007660448711,0.00812450934143995,1.314586964455572E-4,1.4326591724330833E-4
15387.0,0.9918179474627012,0.007853537750661613,2.6773489662227013E-4,6.077989001481048E-5
15624.0,0.992624779659349,0.007087414725690662,1.6246620290833567E-4,1.2533941205207725E-4
15202.0,0.9918900314784429,0.00783518315649925,1.0872435334461875E-4,1.6606101171317859E-4
14961.0,0.9935939301127257,0.006179328590644741,1.2595141284086223E-4,1.0078988378883609E-4
14423.0,0.9928269982326698,0.006730380112701709,2.2194892570277108E-4,2.2067272892565951E-4
14169.0,0.992467963820722,0.007018391259583724,2.5105093084392576E-4,2.625939888502759E-4
14660.0,0.9918179474627012,0.007853537750661613,2.6773489662227013E-4,6.077989001481048E-5
15536.0,0.9913909355969598,0.00805483460714966,1.1412559999285832E-4,4.401041958976343E-4
14049.0,0.9923870941879745,0.007055384018693026,3.252033457306303E-4,2.3231844760177644E-4
14831.0,0.9914516835445434,0.008101465472468925,1.9369393807702726E-4,2.531570449106556E-4
14588.0,0.17500016351994307,0.11181424412214676,0.5524378133914359,0.16074777896647421
14322.0,0.9914000533909859,0.008156324708135645,1.1846023371630869E-4,3.2516166716200205E-4
15066.0,0.9540378231751925,0.032365552561420284,0.006476654058039715,0.0071199702053475955
15305.0,0.9924015327435163,0.007236998846933511,1.2810079265663415E-4,2.3336761689357526E-4
15692.0,0.09448256606114325,0.04366652372646697,0.5393774353897123,0.32247347482267746
15455.0,0.9921895919598301,0.007208981174877882,3.671320669046344E-4,2.3429479838729214E-4
14592.0,0.9760119844407774,0.02190130734358468,0.001032730821090842,0.0010539773945471172
14355.0,0.9928269982326698,0.006730380112701709,2.2194892570277108E-4,2.2067272892565951E-4
14109.0,0.9921895919598301,0.007208981174877882,3.671320669046344E-4,2.3429479838729214E-4
14901.0,0.9916460680966519,0.008049231578588048,1.6143440751679503E-4,1.4326591724330833E-4
15142.0,0.7655511418881363,0.1623074393280575,0.0654416330230789,0.006699785760727174
15485.0,0.6572699546450069,0.2737405210389652,0.046199147942198655,0.022790376373829208
15726.0,0.24077259298129686,0.7236014665955711,0.03434647914367064,0.0012794612794612794
14143.0,0.06780568207058142,0.4288006677760047,0.2529297778120829,0.25046387234133083
14385.0,0.9920630116801599,0.0073770531794715285,3.204482339855043E-4,2.3948690638313846E-4
14626.0,0.9906707452089744,0.00883314272429401,1.9369393807702723E-4,3.0241812865449796E-4
15108.0,0.9883591755174451,0.010626518246343298,2.3201263880931203E-4,7.822935974022298E-4
14871.0,0.9922575876258408,0.007228767454465007,2.5105093084392576E-4,2.6259398885027584E-4
15506.0,0.9917031266785815,0.007800160012321813,2.621794598583181E-4,2.3453384923820635E-4
15745.0,0.9914000533909859,0.008156324708135645,1.1846023371630869E-4,3.2516166716200205E-4
14288.0,0.9695455565298882,0.030145185397426603,1.1786117585000524E-4,1.9139689683514975E-4
14558.0,0.9921895919598301,0.007208981174877882,3.671320669046344E-4,2.3429479838729214E-4
14797.0,0.9889390539572226,0.00838101912118968,1.0125558712284544E-4,0.002578671334464772
14019.0,0.9920530266054313,0.007447141034482071,2.510509308439258E-4,2.487814292428222E-4
15339.0,0.02049979637755557,0.02464058426379241,0.27483985573825803,0.680019763620394
15096.0,0.9927395346758184,0.006803266410077803,2.3652618517798973E-4,2.2067272892565951E-4
14930.0,0.9929419737505129,0.006521828518379127,2.8689277880262365E-4,2.493049523054254E-4
15169.0,0.9928269982326698,0.006730380112701709,2.2194892570277108E-4,2.2067272892565951E-4
14695.0,0.991510340336291,0.00817511291819384,2.5376685550035713E-4,6.0779890014810496E-5
14452.0,0.9915574321251619,0.008135982912762548,2.4580507206086664E-4,6.0779890014810496E-5
14202.0,0.9899165807270233,0.009604514510610911,2.6217945985831817E-4,2.167253025075251E-4
15659.0,0.9697841321453159,0.02630575644380498,0.002858550954451625,0.001051560456427522
15416.0,0.9923870941879745,0.007055384018693026,3.252033457306303E-4,2.3231844760177644E-4
15037.0,0.9538290298143386,0.0434536490756241,0.0025542299679748594,1.6309114206237733E-4
15278.0,0.9918900314784429,0.00783518315649925,1.0872435334461875E-4,1.6606101171317859E-4
14728.0,0.986883042002421,0.012595386207764899,3.370490005655701E-4,1.8452278924836662E-4
14491.0,0.9919959110661608,0.007587467996695256,1.1846023371630869E-4,2.981607034275582E-4
14229.0,0.9935939301127257,0.006179328590644741,1.2595141284086223E-4,1.0078988378883609E-4
15575.0,0.9891269869503921,0.010315491256275495,3.252033457306303E-4,2.3231844760177644E-4
15244.0,0.9922950015485761,0.00714030819931018,3.252033457306303E-4,2.3948690638313848E-4
15007.0,0.9913850023548335,0.008286482858529318,2.677348966222701E-4,6.0779890014810476E-5
14263.0,0.9919829750623872,0.00767081463514367,1.3127822717889858E-4,2.149320752901244E-4
14521.0,0.9914516835445434,0.008101465472468925,1.9369393807702726E-4,2.531570449106556E-4
14762.0,0.991510340336291,0.00817511291819384,2.5376685550035713E-4,6.0779890014810496E-5
13988.0,0.4891424207870974,0.4288577409778606,0.07878148011161427,0.0032183581234276363
15605.0,0.9924129623457624,0.0071451799675084325,2.2193534144097248E-4,2.1992234528825464E-4
15203.0,0.9923631936143608,0.007079284592306793,3.252033457306303E-4,2.3231844760177644E-4
14960.0,0.9927395346758184,0.006803266410077803,2.3652618517798973E-4,2.2067272892565951E-4
14168.0,0.9935939301127257,0.006179328590644741,1.2595141284086223E-4,1.0078988378883609E-4
14422.0,0.9927395346758184,0.006803266410077803,2.3652618517798973E-4,2.2067272892565951E-4
14661.0,0.9928269982326698,0.006730380112701709,2.2194892570277108E-4,2.2067272892565951E-4
15386.0,0.9924015327435163,0.007236998846933511,1.2810079265663415E-4,2.3336761689357526E-4
15625.0,0.9848494954114851,0.01413503547485082,1.6432909511330341E-4,8.511400185508213E-4
14830.0,0.15171762369901273,0.4934574736070338,0.011207610531012656,0.343617292162941
14048.0,0.9924000931187267,0.007167142299094257,2.1209185325328858E-4,2.2067272892565951E-4
14323.0,0.2733955427562195,0.6953511017765032,0.02497154020535605,0.006281815261921229
14589.0,0.9925190182536504,0.007014456760281947,2.3154610549671483E-4,2.3497888057086695E-4
15067.0,0.8425829213626845,0.09052271798519977,0.019175612748027024,0.0477187479040886
15304.0,0.9917031266785815,0.007800160012321813,2.621794598583181E-4,2.3453384923820635E-4
15537.0,0.9901732521275315,0.009396336334571988,1.1406269633724097E-4,3.1634884155925836E-4
14593.0,0.06319460091634642,0.550742088658973,0.35975081943286047,0.026312490991820016
14108.0,0.9922950015485761,0.00714030819931018,3.252033457306303E-4,2.3948690638313848E-4
14354.0,0.9925519016916003,0.00717734376453482,1.3885345202285757E-4,1.319010918421035E-4
14900.0,0.7068755887799881,0.24351162818234687,0.040173562040227435,0.009439220997437483
15143.0,0.9917031266785815,0.007800160012321813,2.621794598583181E-4,2.3453384923820635E-4
15693.0,0.9923631936143608,0.007079284592306793,3.252033457306303E-4,2.3231844760177644E-4
15454.0,0.8976317477354083,0.10158200830751289,1.5652214482849891E-4,6.29721812250239E-4
14384.0,0.9927395346758184,0.006803266410077803,2.3652618517798973E-4,2.2067272892565951E-4
14142.0,0.9920064312636658,0.007767783276224032,9.388436826793906E-5,1.3190109184210347E-4
14627.0,0.2778592165842639,0.7072967265596551,0.0,0.014844056856080909
15109.0,0.9752067779555079,0.023977576202896873,6.064797683959733E-4,2.0916607319915612E-4
14870.0,0.24832940772323867,0.6783748732391277,0.06970837666426055,0.0035873423733732237
15484.0,0.9922119431278399,0.0074974021252466,1.312782271788986E-4,1.5937651973456894E-4
15727.0,0.9922119431278399,0.0074974021252466,1.312782271788986E-4,1.5937651973456894E-4
14559.0,0.9908846262463453,0.008688911869936292,1.0559022084629582E-4,3.208716628719978E-4
14289.0,0.9923631936143608,0.007079284592306793,3.252033457306303E-4,2.3231844760177644E-4
14018.0,0.9917031266785815,0.007800160012321813,2.621794598583181E-4,2.3453384923820635E-4
14796.0,0.9919959110661608,0.007587467996695256,1.1846023371630869E-4,2.981607034275582E-4
15338.0,0.9822428868738209,0.014653059578108599,0.0029105733103876675,1.9348023768289027E-4
15097.0,0.8297800225672833,0.16297933309500148,2.2195955917202016E-4,0.007018684778543203
15507.0,0.9914609042281135,0.008269623903109289,1.0341085706406616E-4,1.6606101171317859E-4
15744.0,0.004402541396402752,0.06245458276840241,0.5477043698904207,0.38543850594477413
15630.0,0.9919959110661608,0.007587467996695256,1.1846023371630869E-4,2.981607034275582E-4
15389.0,0.1904908990493878,0.7379768420852222,0.03897591491814385,0.03255634394724609
14658.0,0.9918900314784429,0.00783518315649925,1.0872435334461875E-4,1.6606101171317859E-4
14417.0,0.9916268122277428,0.007876474463160525,2.6217945985831806E-4,2.3453384923820633E-4
14175.0,0.9905216103239755,0.009031538693036778,1.9369393807702723E-4,2.531570449106556E-4
14967.0,0.9918179474627012,0.007853537750661613,2.6773489662227013E-4,6.077989001481048E-5
15204.0,0.992467963820722,0.007018391259583724,2.5105093084392576E-4,2.625939888502759E-4
15602.0,0.6977558816910567,0.2963512627760211,0.0054811770991418955,4.116784337801426E-4
13987.0,0.9923631936143608,0.007079284592306793,3.252033457306303E-4,2.3231844760177644E-4
14765.0,0.9920064312636658,0.007767783276224032,9.388436826793906E-5,1.3190109184210347E-4
14526.0,0.9926351313934257,0.006912649772151894,2.3154610549671483E-4,2.2067272892565951E-4
14256.0,0.8655232674842684,0.09985260259481189,0.019913128002802805,0.01471100191811692
15000.0,0.33916047622556084,0.5928426370709023,0.0640766190907008,0.003920267612835857
15243.0,0.4945053319811506,0.4468806339683122,0.05668546262196579,0.0019285714285714284
15568.0,0.9928269982326698,0.006730380112701709,2.2194892570277108E-4,2.2067272892565951E-4
14226.0,0.9600607845145259,0.037257800399427436,0.0023121449081694406,3.692701778771987E-4
14492.0,0.9898876732382758,0.009514788436956325,2.4851186524789555E-4,3.49026459520079E-4
14735.0,0.9601154162984445,0.036183611718790164,0.0017440613330236136,0.001956910649741696
15273.0,0.991510340336291,0.00817511291819384,2.5376685550035713E-4,6.0779890014810496E-5
15034.0,0.966413548932793,0.030213551400400374,0.0020824333203024064,0.0012904663465042531
15423.0,0.988288885401587,0.011416841294461091,2.3349341393713805E-4,6.07798900148105E-5
15660.0,0.9922119431278399,0.0074974021252466,1.312782271788986E-4,1.5937651973456894E-4
14205.0,0.9923631936143608,0.007079284592306793,3.252033457306303E-4,2.3231844760177644E-4
14451.0,0.9935939301127257,0.006179328590644741,1.2595141284086223E-4,1.0078988378883609E-4
14688.0,0.9918179474627012,0.007853537750661613,2.6773489662227013E-4,6.077989001481048E-5
15174.0,0.20226678205843515,0.7700529352611242,0.02055575822520316,0.007124524455237545
14933.0,0.005456453607363619,0.2445188524768733,0.20654512512022638,0.5434795687955367
15751.0,0.992467963820722,0.007018391259583724,2.5105093084392576E-4,2.625939888502759E-4
15508.0,0.7627075234917714,0.19968488150014949,0.01892509644568653,0.018682498562392597
15102.0,0.8198821935664878,0.15695463346650423,0.023031594019639622,1.3157894736842108E-4
15341.0,0.9920596343251503,0.007523744737705724,1.1846023371630869E-4,2.981607034275582E-4
14795.0,0.9379688471381813,0.05876577636992726,0.0030136402559453835,2.517362359461576E-4
14021.0,0.9765801147730079,0.020914088584333423,0.0024450167526438985,6.077989001481051E-5
14294.0,0.9752963903330383,0.02232625462734174,3.7365021100253484E-4,0.002003704828617486
14552.0,0.9935939301127257,0.006179328590644741,1.2595141284086223E-4,1.0078988378883609E-4
15720.0,0.9918141293935959,0.007900529355771166,1.2596473089834597E-4,1.593765197345689E-4
15483.0,0.992624779659349,0.007087414725690662,1.6246620290833567E-4,1.2533941205207725E-4
14865.0,0.9817017904024269,0.017664660156407067,1.0972806261379061E-4,5.238213785523972E-4
15106.0,0.9914000533909859,0.008156324708135645,1.1846023371630869E-4,3.2516166716200205E-4
14628.0,0.943884109520653,0.052365053567679794,0.0035485129998760884,2.0232391179109694E-4
14137.0,0.15276594112855366,0.6048073097085052,0.23881375858247259,0.0036129905804687308
14391.0,0.9927395346758184,0.006803266410077803,2.3652618517798973E-4,2.2067272892565951E-4
15449.0,0.9917031266785815,0.007800160012321813,2.621794598583181E-4,2.3453384923820635E-4
15690.0,0.9923631936143608,0.007079284592306793,3.252033457306303E-4,2.3231844760177644E-4
15136.0,0.9922950015485761,0.00714030819931018,3.252033457306303E-4,2.3948690638313848E-4
14899.0,0.9916268122277428,0.007876474463160525,2.6217945985831806E-4,2.3453384923820633E-4
14357.0,0.34353203724815146,0.4913747613547358,0.16200138340022532,0.003091817996887509
14107.0,0.11071223941171729,0.12998152617735204,0.3298532771797658,0.42945295723116494
14598.0,0.21901939952705582,0.7695021208857276,0.005661202071618286,0.005817277515598311
15542.0,0.04225715333382179,0.14422840311023336,0.7192627616543555,0.09425168190158942
15311.0,0.24311091095739543,0.27069491208861846,0.2822967574074382,0.20389741954654794
15068.0,0.014245467321138931,0.07264083310701457,0.5283588309230025,0.384754868648844
14586.0,0.9586695597337491,0.03848869426367463,0.00263942209078518,2.0232391179109696E-4
14324.0,0.9914145147430719,0.00808877194783156,2.621794598583181E-4,2.3453384923820635E-4
14055.0,0.9917031266785815,0.007800160012321813,2.621794598583181E-4,2.3453384923820635E-4
14825.0,0.9880940203587957,0.011611706337252403,2.3349341393713805E-4,6.07798900148105E-5
14659.0,0.21592718902152636,0.7607292571559108,0.015522859882562688,0.00782069394000014
14174.0,0.9922119431278399,0.0074974021252466,1.312782271788986E-4,1.5937651973456894E-4
14416.0,0.989697443584499,0.009667843369543423,2.485118652478956E-4,3.862011807096701E-4
14966.0,0.9633946299230365,0.02788842163699574,0.008656168549953014,6.0779890014810523E-5
15205.0,0.9914000533909859,0.008156324708135645,1.1846023371630869E-4,3.2516166716200205E-4
15631.0,0.7635989238083752,0.15018786776651907,0.08621320842510566,0.0
15388.0,0.9777674958685448,0.02027621052737745,0.0012413485285373614,7.149450755403525E-4
14764.0,0.18546810319882034,0.5576444111667318,0.25540432749369796,0.001483158140749843
13986.0,0.9641062725727931,0.032506521608755064,0.0020824333203024064,0.0013047724981494608
14257.0,0.7562812643855956,0.15752803319928607,0.04894224652284093,0.037248455892277335
14527.0,0.8707780791908863,0.11185032924436493,0.017371591564748698,0.0
15001.0,0.9915574321251619,0.008135982912762548,2.4580507206086664E-4,6.0779890014810496E-5
15242.0,0.9915868611624334,0.007908869795899826,2.4626853007874165E-4,2.5800051158798826E-4
15603.0,0.9914516835445434,0.008101465472468925,1.9369393807702726E-4,2.531570449106556E-4
14493.0,0.9922119431278399,0.0074974021252466,1.312782271788986E-4,1.5937651973456894E-4
14227.0,0.991510340336291,0.00817511291819384,2.5376685550035713E-4,6.0779890014810496E-5
14734.0,0.9935939301127257,0.006179328590644741,1.2595141284086223E-4,1.0078988378883609E-4
15272.0,0.9916268122277428,0.007876474463160525,2.6217945985831806E-4,2.3453384923820633E-4
15035.0,0.2375191012323768,0.7378193925341829,0.01887144032026927,0.005790065913170968
15569.0,0.9921895919598301,0.007208981174877882,3.671320669046344E-4,2.3429479838729214E-4
14450.0,0.9918179474627012,0.007853537750661613,2.6773489662227013E-4,6.077989001481048E-5
14204.0,0.9693322915106027,0.02950259661771085,8.522611159182006E-4,3.12850755768113E-4
14689.0,0.9893322443358238,0.01006499252163825,3.570070506635439E-4,2.457560918744035E-4
15175.0,0.9924891321279681,0.007054594039219057,2.3154610549671483E-4,2.247277273161258E-4
14932.0,0.9929419737505129,0.006521828518379127,2.8689277880262365E-4,2.493049523054254E-4
15422.0,0.961210722060456,0.036857466891879846,0.0013126714255381666,6.19139622126178E-4
15661.0,0.17125879562169344,0.5713234057553105,0.06805315792888184,0.1893646406941144
15103.0,0.9929419737505129,0.006521828518379127,2.8689277880262365E-4,2.493049523054254E-4
15340.0,0.9762134723505653,0.021182218130884813,5.196909975904241E-4,0.002084618520959394
14020.0,0.8803909430985741,0.10097475464043906,0.01863430226098671,0.0
14794.0,0.9922119431278399,0.0074974021252466,1.312782271788986E-4,1.5937651973456894E-4
14553.0,0.9922950015485761,0.00714030819931018,3.252033457306303E-4,2.3948690638313848E-4
14295.0,0.9929267157000161,0.006821619101210569,1.3763904761197646E-4,1.1402615116143701E-4
15750.0,0.9919959110661608,0.007587467996695256,1.1846023371630869E-4,2.981607034275582E-4
15509.0,0.9622146500147227,0.03735623109164766,2.5955358154911235E-4,1.6956531208058305E-4
14864.0,0.8667063645193366,0.12038983398173209,0.0115805414256712,0.0013232600732600737
15107.0,0.9919959110661608,0.007587467996695256,1.1846023371630869E-4,2.981607034275582E-4
14629.0,0.9914547795495432,0.008098369467469165,1.9369393807702726E-4,2.531570449106556E-4
14390.0,0.9499178884706765,0.04549535866077739,0.002513292102254383,0.0020734607662918126
14136.0,0.9924015327435163,0.007236998846933511,1.2810079265663415E-4,2.3336761689357526E-4
15721.0,0.9925827613561554,0.007190497347214965,1.2595141284086223E-4,1.0078988378883609E-4
15482.0,0.9693149829861545,0.02951990514215914,8.522611159182006E-4,3.12850755768113E-4
15137.0,0.992467963820722,0.007018391259583724,2.5105093084392576E-4,2.625939888502759E-4
14898.0,0.9919959110661608,0.007587467996695256,1.1846023371630869E-4,2.981607034275582E-4
14106.0,0.9547461290948583,0.04199761434029074,0.0030136402559453827,2.4261630890557389E-4
14356.0,0.9918900314784429,0.00783518315649925,1.0872435334461875E-4,1.6606101171317859E-4
14599.0,0.9662220518255031,0.02515614367180982,0.008381698341319022,2.401061613679688E-4
15448.0,0.9917031266785815,0.007800160012321813,2.621794598583181E-4,2.3453384923820635E-4
15691.0,0.9917031266785815,0.007800160012321813,2.621794598583181E-4,2.3453384923820635E-4
15310.0,0.992467963820722,0.007018391259583724,2.5105093084392576E-4,2.625939888502759E-4
15069.0,0.6011685197733154,0.39400859237972363,4.045345538159315E-5,0.004782434391579323
14325.0,0.9922950015485761,0.00714030819931018,3.252033457306303E-4,2.3948690638313848E-4
14587.0,0.992467963820722,0.007018391259583724,2.5105093084392576E-4,2.625939888502759E-4
14824.0,0.9924015327435163,0.007236998846933511,1.2810079265663415E-4,2.3336761689357526E-4
14054.0,0.9917937017687247,0.00792190311552034,1.1859571882810968E-4,1.6579939692684922E-4
15543.0,0.9607845072075355,0.03642361171879016,0.0017440613330236136,0.001047819740650787
15600.0,0.9904154243730129,0.009277990664911502,2.4580507206086664E-4,6.0779890014810496E-5
14524.0,0.9929419737505129,0.006521828518379127,2.8689277880262365E-4,2.493049523054254E-4
14258.0,0.982976879908272,0.015238316382422765,4.4971276539948707E-4,0.0013350909439057946
13985.0,0.9918900314784429,0.00783518315649925,1.0872435334461875E-4,1.6606101171317859E-4
14767.0,0.988288885401587,0.011416841294461091,2.3349341393713805E-4,6.07798900148105E-5
15241.0,0.7822897165260241,0.19883577883234912,0.017459688138694984,0.0014148165029318287
15002.0,0.4936137248240113,0.24496807955319977,0.1824913285499603,0.07892686707282857
15391.0,0.992467963820722,0.007018391259583724,2.5105093084392576E-4,2.625939888502759E-4
15628.0,0.9928269982326698,0.006730380112701709,2.2194892570277108E-4,2.2067272892565951E-4
14419.0,0.9821370993270763,0.017308157640551013,3.204482339855044E-4,2.3429479838729222E-4
14173.0,0.9914000533909859,0.008156324708135645,1.1846023371630869E-4,3.2516166716200205E-4
14656.0,0.3911406003717552,0.26151289111746984,0.26289758611214126,0.08444892239863386
15206.0,0.9917031266785815,0.007800160012321813,2.621794598583181E-4,2.3453384923820635E-4
14965.0,0.9901909205560802,0.009325053739742547,1.9369393807702723E-4,2.9033176610024667E-4
15662.0,0.9929220415407304,0.00687351370667568,1.0365486880518773E-4,1.0078988378883607E-4
15421.0,0.2577297463880404,0.12150044811805655,0.413160398518713,0.20760940697519006
14690.0,0.992467963820722,0.007018391259583724,2.5105093084392576E-4,2.625939888502759E-4
14207.0,0.9921895919598301,0.007208981174877882,3.671320669046344E-4,2.3429479838729214E-4
14449.0,0.9922119431278399,0.0074974021252466,1.312782271788986E-4,1.5937651973456894E-4
14935.0,0.9642529235161404,0.03404170696623784,0.0014782431780157451,2.2712633960593012E-4
15172.0,0.9918900314784429,0.00783518315649925,1.0872435334461875E-4,1.6606101171317859E-4
15570.0,0.9926626582385981,0.007111556301291878,9.388436826793906E-5,1.3190109184210347E-4
14733.0,0.9920703449176506,0.007668552025465989,1.470769057221073E-4,1.1402615116143701E-4
14224.0,0.013707832594853461,0.4917025807792511,0.4513953123842615,0.043194274241633926
14494.0,0.9935939301127257,0.006179328590644741,1.2595141284086223E-4,1.0078988378883609E-4
15032.0,0.9924015327435163,0.007236998846933511,1.2810079265663415E-4,2.3336761689357526E-4
15275.0,0.887719878757734,0.11049763813851254,0.0014628835658252364,3.195995379283788E-4
15481.0,0.9926234215360432,0.006905073398207857,2.3652618517798978E-4,2.3497888057086698E-4
15722.0,0.9914547795495432,0.008098369467469165,1.9369393807702726E-4,2.531570449106556E-4
15104.0,0.8470807494721094,0.15127590894897297,0.001527911301052665,1.1543027786493465E-4
14867.0,0.9909521470573941,0.008737963858944552,2.491091936466077E-4,6.0779890014810496E-5
14139.0,0.7247908805531502,0.26762686284785864,0.003703314245981897,0.0038789423530093976
14389.0,0.8624146512837213,0.1351842157287315,0.0021211035473848077,2.800294401624197E-4
14630.0,0.9922950015485761,0.00714030819931018,3.252033457306303E-4,2.3948690638313848E-4
15510.0,0.9914516835445434,0.008101465472468925,1.9369393807702726E-4,2.531570449106556E-4
15749.0,0.9923640834401495,0.007348110944890165,1.6246620290833564E-4,1.2533941205207722E-4
15343.0,0.7182921299776549,0.09774869994696885,0.15421030406668598,0.029748866008690308
15100.0,0.9919959110661608,0.007587467996695256,1.1846023371630869E-4,2.981607034275582E-4
14292.0,0.991492217744199,0.008238310387023814,1.0341085706406616E-4,1.6606101171317859E-4
14554.0,0.9929419737505129,0.006521828518379127,2.8689277880262365E-4,2.493049523054254E-4
14793.0,0.9927395346758184,0.006803266410077803,2.3652618517798973E-4,2.2067272892565951E-4
14023.0,0.040639235248884825,0.5146020806186687,0.4047140241455692,0.04004465998687714
15540.0,0.9918723241533898,0.007711054909466228,1.1846023371630869E-4,2.981607034275582E-4
15070.0,0.991510340336291,0.00817511291819384,2.5376685550035713E-4,6.0779890014810496E-5
15309.0,0.9928269982326698,0.006730380112701709,2.2194892570277108E-4,2.2067272892565951E-4
14053.0,0.9887543358371209,0.010748878049704048,2.5105093084392576E-4,2.457351823310669E-4
14827.0,0.9918179474627012,0.007853537750661613,2.6773489662227013E-4,6.077989001481048E-5
14584.0,0.9919959110661608,0.007587467996695256,1.1846023371630869E-4,2.981607034275582E-4
14326.0,0.991510340336291,0.00817511291819384,2.5376685550035713E-4,6.0779890014810496E-5
15688.0,0.6619512838570314,0.057775259159067366,0.2790749943434459,0.0011984626404553385
15451.0,0.9919959110661608,0.007587467996695256,1.1846023371630869E-4,2.981607034275582E-4
14897.0,0.9913764849675522,0.008119245990781107,2.462685300787416E-4,2.5800051158798826E-4
15138.0,0.9924340453948335,0.0073401691450565194,9.388436826793906E-5,1.3190109184210347E-4
14596.0,0.9929419737505129,0.006521828518379127,2.8689277880262365E-4,2.493049523054254E-4
14359.0,0.9914547795495432,0.008098369467469165,1.9369393807702726E-4,2.531570449106556E-4
14105.0,0.992467963820722,0.007018391259583724,2.5105093084392576E-4,2.625939888502759E-4
14259.0,0.9844810035848969,0.013076932442765686,0.002192435936411559,2.496280359259742E-4
14525.0,0.9925246469163271,0.00720459853980805,1.3885345202285757E-4,1.319010918421035E-4
14766.0,0.9924015327435163,0.007236998846933511,1.2810079265663415E-4,2.3336761689357526E-4
13984.0,0.9917031266785815,0.007800160012321813,2.621794598583181E-4,2.3453384923820635E-4
15240.0,0.9908517377993432,0.00866423649647947,1.9369393807702726E-4,2.903317661002467E-4
15003.0,0.8690773697654742,0.1183841143161187,0.012465255845146853,7.326007326007327E-5
15601.0,0.37455012828955275,0.5533375912137966,0.06535238562253662,0.006759894874113978
14172.0,0.9925173656281551,0.007035796605434338,2.2691542112224732E-4,2.1992234528825459E-4
14418.0,0.9917031266785815,0.007800160012321813,2.621794598583181E-4,2.3453384923820635E-4
14657.0,0.9926970484364506,0.007051286364776137,1.3763904761197646E-4,1.1402615116143701E-4
15207.0,0.9917031266785815,0.007800160012321813,2.621794598583181E-4,2.3453384923820635E-4
14964.0,0.8239977479902536,0.14555950635862835,0.030311166703749767,1.315789473684211E-4
15390.0,0.9914000533909859,0.008156324708135645,1.1846023371630869E-4,3.2516166716200205E-4
15629.0,0.9226990491019734,0.06216735151840529,0.011107531723928263,0.0040260676556929595
14691.0,0.9928537651242738,0.006870774317048124,1.6143440751679503E-4,1.1402615116143701E-4
14448.0,0.8033458969818618,0.180122546929744,0.01653155608839432,0.0
14206.0,0.9919959110661608,0.007587467996695256,1.1846023371630869E-4,2.981607034275582E-4
14934.0,0.8502994725900742,0.14597649436345297,0.0033547628685956193,3.692701778771986E-4
15173.0,0.9924015327435163,0.007236998846933511,1.2810079265663415E-4,2.3336761689357526E-4
15663.0,0.9582982523790053,0.03659092984402967,0.0029076995274357263,0.0022031182495293434
15420.0,0.8815400107415143,0.10017006812492037,0.018030180873825182,2.5974025974025985E-4
14732.0,0.9550515676105984,0.03986330098002634,0.0037093019530952324,0.001375829456279963
14495.0,0.9410279827914106,0.0532364995650159,0.0034703601240524233,0.0022651575195210705
14225.0,0.9917031266785815,0.007800160012321813,2.621794598583181E-4,2.3453384923820635E-4
15033.0,0.992467963820722,0.007018391259583724,2.5105093084392576E-4,2.625939888502759E-4
15274.0,0.9915868611624334,0.007908869795899826,2.4626853007874165E-4,2.5800051158798826E-4
15571.0,0.20836498823827224,0.7758140346450071,0.010968373321548814,0.004852603795172041
15105.0,0.957056647395438,0.036165255470048736,0.004613657295831836,0.002164439838681513
14866.0,0.9917031266785815,0.007800160012321813,2.621794598583181E-4,2.3453384923820635E-4
14388.0,0.6996154793213325,0.25139269347924625,0.048863622071216244,1.2820512820512823E-4
14138.0,0.9925519016916003,0.00717734376453482,1.3885345202285757E-4,1.319010918421035E-4
14631.0,0.992624779659349,0.007087414725690662,1.6246620290833567E-4,1.2533941205207725E-4
15480.0,0.19948299494432764,0.3108688506954981,0.34849721400968614,0.14115094035048809
15723.0,0.9915289618504799,0.007589282119801228,6.324510774134158E-4,2.493049523054254E-4
15342.0,0.9918179474627012,0.007853537750661613,2.6773489662227013E-4,6.077989001481048E-5
15101.0,0.017938038882024478,0.04900367557552933,0.3929577427664293,0.5401005427760169
14555.0,0.9918179474627012,0.007853537750661613,2.6773489662227013E-4,6.077989001481048E-5
14293.0,0.9918179474627012,0.007853537750661613,2.6773489662227013E-4,6.077989001481048E-5
14022.0,0.9914733806137174,0.008082997485404208,1.1846023371630869E-4,3.2516166716200205E-4
14792.0,0.9935939301127257,0.006179328590644741,1.2595141284086223E-4,1.0078988378883609E-4
15511.0,0.9869321045566513,0.011723460237426453,3.2188525993837876E-4,0.001022549945983898
15748.0,0.280703704433292,0.6781858920868786,0.032557895438637914,0.008552508041191328
15071.0,0.9917031266785815,0.007800160012321813,2.621794598583181E-4,2.3453384923820635E-4
15308.0,0.9929419737505129,0.006521828518379127,2.8689277880262365E-4,2.493049523054254E-4
14826.0,0.9369955865548018,0.05806287407829267,0.0027643199037989167,0.002177219463106792
14052.0,0.9730790582473695,0.022528574634414985,0.0041888035460529984,2.0356357216239985E-4
14327.0,0.9925519016916003,0.00717734376453482,1.3885345202285757E-4,1.319010918421035E-4
