15572.0,0.9999999746613095,2.5329054267256476E-8,9.636182615486726E-12,2.823489246122177E-17
15277.0,0.9999998250426041,1.7493966412121793E-7,1.7730627702292308E-11,1.0500318478269798E-15
15038.0,5.089321655104969E-4,0.11529505694280058,0.8755487976168635,0.008647213274825155
14230.0,0.9999999466741676,5.329258937242157E-8,3.324321367132115E-11,2.1084058298665554E-17
14488.0,0.9990094336134756,9.899105786061156E-4,6.515160571705959E-7,4.291860898649064E-9
14731.0,0.9999998165248082,1.810162368405849E-7,2.458945737831784E-9,9.411611768755422E-15
15419.0,0.11423194660666744,0.12178784323938216,0.7505641274249757,0.013416082728974753
15656.0,0.9995733857436365,4.2659407977975797E-4,2.0150071632303744E-8,2.65120407607203E-11
15170.0,0.9959153072919344,0.00408418184833959,5.102874651148773E-7,5.722607336525162E-10
14929.0,0.9999996662121065,3.337743712230539E-7,1.3519208780323381E-11,3.071722264524156E-15
14201.0,0.9999727178071918,2.7275011631368932E-5,7.180439006894744E-9,7.378537005790903E-13
14455.0,3.5967032326522774E-12,2.6639703452252154E-4,0.06423238127879558,0.9355012216830851
14692.0,0.029705326669690064,0.9678123075759297,0.0024173012891637114,6.506446521664021E-5
15626.0,0.9995280294315405,4.7126035206636243E-4,7.094224348715796E-7,7.939583201039907E-10
15385.0,0.9999948388785469,5.040571531575372E-6,1.205477147785244E-7,2.206849904118162E-12
14963.0,0.5778719022910338,0.4196187812179239,0.0022703904533002014,2.3892603774205634E-4
15200.0,0.9994073547227285,5.926268699727742E-4,1.8404299730416687E-8,2.9990792227132795E-12
14662.0,0.9993351849312473,6.645030849714871E-4,3.118572374639073E-7,1.2654394349748657E-10
14421.0,0.5269373395882032,0.47273878178309126,3.2182586708936215E-4,2.0527616161138202E-6
14171.0,1.7150699550225693E-6,0.15023076430478127,0.8387625220252783,0.011004998599985478
15606.0,0.9994177048671813,5.822649363314797E-4,3.0143653266847824E-8,5.283399376338433E-11
15004.0,0.9987809368617379,0.0012189758782586606,8.721025766852208E-8,4.97457358113091E-11
15247.0,0.9999889950149329,1.100086629281556E-5,4.118098913817921E-9,6.752114155490304E-13
13991.0,0.9999993573388719,6.164599863427909E-7,2.620055085799276E-8,5.908398066728179E-13
14761.0,2.716230303019817E-4,0.9982657137086514,0.0014427992885746815,1.9863972471805725E-5
14522.0,0.7897659562192867,0.21023041565265704,3.627703863251825E-6,4.241928213205648E-10
14260.0,0.9999987906367251,1.2081608221552903E-6,1.2024316746010877E-9,2.1156355015272008E-14
15453.0,0.008875992704146367,0.9768644681891656,0.012676879180396589,0.0015826599262915892
15694.0,0.8622235664402561,0.1377523078981225,2.4071978869685237E-5,5.368275170579513E-8
14353.0,0.9999999422340791,5.766014027914483E-8,1.0578051191233467E-10,1.7622237058735487E-16
14111.0,0.9999951431252636,4.592795839314622E-6,2.6407527296543796E-7,3.6240862598689493E-12
14594.0,0.9999999429017995,5.69961879851434E-8,1.0201216722070616E-10,1.619519563287111E-16
15140.0,0.9999458746592207,5.3944156787002195E-5,1.811751428145276E-7,8.84965112657566E-12
14903.0,0.9999999679945125,3.199211894722868E-8,1.3368526055420823E-11,5.206784150095357E-17
15538.0,0.9999138094758895,8.618001294469389E-5,1.050990772768796E-8,1.258257465378433E-12
14590.0,0.9819459794448757,0.01804170320614907,1.2055836584450854E-5,2.6151239073792955E-7
14320.0,0.9954133492292669,0.004585784763495181,8.60188211804738E-7,5.819026161313976E-9
14051.0,0.008035730031684906,0.9400666017850591,0.05188601235812871,1.1655825127382272E-5
14829.0,0.9066927111341738,0.09323541310769431,6.960860318532558E-5,2.2671549466009833E-6
15307.0,0.9999997995697187,2.0028601064864786E-7,1.442700314784693E-10,3.92943358072846E-16
15064.0,0.0025700204945161027,0.9971794871303753,2.4995642965459176E-4,5.359454539846604E-7
15747.0,4.773055043166685E-11,0.01038598025220348,0.254754995221918,0.7348590244781479
15504.0,0.9999999679945125,3.199211894722868E-8,1.3368526055420823E-11,5.206784150095357E-17
14799.0,0.9276406925517922,0.07230648865762976,5.2109143340168184E-5,7.096472378857592E-7
14017.0,0.9999492457972742,5.068447474153449E-5,6.97278937772095E-8,9.050890314007405E-14
14290.0,0.9886534694925787,0.011337526716684643,8.454743961599906E-6,5.4904677511042E-7
14556.0,0.9999999589872947,4.100220526012856E-8,1.0499946103671062E-11,6.12125982396635E-17
15098.0,0.9996601400375523,3.398247974004452E-4,3.511276729909686E-8,5.227988449784199E-11
15337.0,0.9999997136569724,2.8606777509128177E-7,2.7525200624273976E-10,6.580326229315968E-16
15724.0,0.9488751089691971,0.05101327076834793,1.1002261436234925E-4,1.5976480928075893E-6
15487.0,0.9999999620749659,3.789770798742032E-8,2.7326193060649923E-11,3.9436642750240115E-17
14624.0,0.9999999446547871,5.532492888566106E-8,2.0283796276024836E-11,1.7837387639079512E-16
14141.0,0.1834234678737305,0.8148809199096407,0.0016900212841217562,5.5909325069087055E-6
14387.0,0.999999905808981,9.411564782078192E-8,7.537127350973939E-11,3.974914917135496E-17
14869.0,0.021105184446001245,0.9756739954338818,0.0032152379816417476,5.5821384752295165E-6
15110.0,0.9999999429017995,5.69961879851434E-8,1.0201216722070616E-10,1.619519563287111E-16
15276.0,0.9997771276736861,2.2285701582682737E-4,1.5265037217673948E-8,4.544992513905609E-11
15039.0,0.9999986708231933,1.329056036777088E-6,1.2076588256302855E-10,4.016572091391236E-15
14489.0,0.9944606021548534,0.00553905205273128,3.454005979191508E-7,3.9181750883335865E-10
14231.0,0.9557012634390619,0.04428540918577573,1.3326708235649456E-5,6.66926766168273E-10
14730.0,0.9999999589872947,4.100220526012856E-8,1.0499946103671062E-11,6.12125982396635E-17
15573.0,0.9998503868135531,1.4959315960793806E-4,2.0015107155654863E-8,1.1732012849909474E-11
15171.0,0.11473631526793211,0.7004682654304857,0.18288668793103732,0.0019087313705449048
14928.0,0.9999998981124083,1.0178261933071566E-7,1.0497181367683515E-10,7.559161858478606E-16
14454.0,0.9999984192291258,1.26039123008349E-6,3.2037627360320815E-7,3.3707377237134705E-12
14200.0,0.9999868441202199,1.3145650147051315E-5,1.0227831882489895E-8,1.801209346571863E-12
14693.0,0.7423518249620625,0.2513577237209992,0.005953120848142561,3.3733046879568993E-4
15418.0,0.9999999429017995,5.69961879851434E-8,1.0201216722070616E-10,1.619519563287111E-16
15657.0,0.9999947299615856,5.269259993605887E-6,7.784092020966605E-10,1.1503268886862908E-14
14962.0,0.9992890176592003,7.108784185470923E-4,1.0376261752627237E-7,1.596351534799507E-10
15201.0,0.9999983179505982,1.6819435476266481E-6,1.0584973715615857E-10,4.247767083890855E-15
14663.0,1.0236616556081673E-12,0.004274369146610152,0.2532469366042431,0.7424786942481231
14170.0,0.9999971658616588,2.809839832224911E-6,2.4298398936427267E-8,1.0996754489091061E-13
14420.0,0.00253440856718069,0.6659075664534622,0.32513806234122006,0.006419962638137004
15627.0,2.2055737241352793E-5,9.715649722496036E-4,0.9916755009591968,0.007330878331312221
15384.0,0.11185734987898048,0.8879141248895125,2.2847080917996198E-4,5.442232708555941E-8
15005.0,0.34916914372687735,0.6507304460258595,1.0033110098384004E-4,7.914627939180772E-8
15246.0,1.2951197817826754E-4,0.998914315709948,9.301702350086275E-4,2.6002076864994122E-5
14760.0,0.8036097480964485,0.19634038398196485,4.886527464869444E-5,1.0026469381487891E-6
13990.0,0.0013798483953082453,0.9921680751902184,0.006379339208876652,7.273720559689584E-5
14261.0,1.7933928500720204E-26,6.7960418827472675E-12,0.021261752353019085,0.9787382476401848
14523.0,0.9999950683684037,4.9249945073342646E-6,6.637077629120393E-9,1.1213861353961892E-14
15607.0,7.482625799980387E-7,0.9818359538495957,0.017477743496671375,6.8555439115317E-4
14110.0,3.877652754890791E-5,0.33406073696635713,0.6610692229888064,0.004831263517287485
14352.0,3.366928468258081E-4,0.9990046749304524,6.570736484557859E-4,1.5585742661283092E-6
14595.0,0.9989244564291513,0.0010750402931976148,5.01926078213221E-7,1.3515728328766822E-9
15141.0,0.9999999402063804,5.975875693359688E-8,3.486263654093991E-11,2.2816535254075863E-17
14902.0,0.007159606421277151,0.74550078685696,0.24277078098525284,0.00456882573651011
15452.0,0.9817019218634886,0.018251881897578884,4.5883758886864375E-5,3.124800454312019E-7
15695.0,0.9999957542682768,4.2451465412563625E-6,5.851145844896695E-10,6.744753235702521E-14
14321.0,0.9998943856368837,1.0560888344378709E-4,5.476472005333822E-9,3.2007167098345347E-12
14591.0,0.999766902920046,2.3301968888818312E-4,7.735992824377771E-8,3.1137490109809564E-11
14828.0,0.01703251850483786,0.972998375621388,0.009917522072850167,5.158380092389346E-5
14050.0,0.46269795764437766,0.5371801708753399,1.2186782260954166E-4,3.6576729001580688E-9
15306.0,1.8010253164071644E-12,0.001374284497654864,0.35185556912605587,0.6467701463744882
15065.0,0.9999079579823068,9.199166011147822E-5,5.034435139275663E-8,1.3230269700821925E-11
15539.0,0.9999968409923747,3.15771912379313E-6,1.2884993037077358E-9,2.2483364797999946E-15
14016.0,0.9993829579548135,4.7564303266211123E-4,1.413940966053251E-4,4.915918986005658E-9
14798.0,0.9999999447961164,5.518364471944177E-8,2.0238449271193476E-11,1.7753107070597354E-16
14557.0,2.286669151053263E-5,0.9954219068617833,8.939655027947166E-4,0.0036612609439115092
14291.0,0.012242098247334847,0.9817827708504216,0.005950792243249976,2.4338658993510405E-5
15099.0,0.9538794503794582,0.04610787550118132,1.2592918685112393E-5,8.1200675137375E-8
15336.0,0.9999999058034443,9.412118052080774E-8,7.537534788515694E-11,3.975119464714375E-17
15746.0,0.9999998420221236,1.5784981579306508E-7,1.280601824186755E-10,4.127590887192441E-16
15505.0,0.8717323498686493,0.1280691815904758,1.9321670130560754E-4,5.251839569182347E-6
14625.0,0.9946247533137887,0.0053604347382796205,1.478048684210176E-5,3.146108952835509E-8
14386.0,0.029491262025268056,0.9687137301838684,0.0017601511503156399,3.485664054786009E-5
14140.0,0.0017233494678088135,0.9974283312463059,8.473511098267281E-4,9.681760584304946E-7
14868.0,0.9999984695786156,1.5231449559675359E-6,7.2763137258332335E-9,1.1469811431807612E-13
15111.0,0.9398621897170868,0.0601208617761127,1.692692166921836E-5,2.1585131213584486E-8
15725.0,0.9933401663490604,0.006656791628839045,3.035147878836632E-6,6.874221604946428E-9
15486.0,9.048648951374737E-5,0.7010068133297074,0.2951405270430207,0.0037621731377582924
15658.0,7.421103376921636E-6,0.9305656329356675,0.056618941726932465,0.012808004234023156
15417.0,0.9877024365529751,0.01227926802221954,1.8262617668068577E-5,3.280713736832794E-8
14931.0,0.9999999058034443,9.412118052080774E-8,7.537534788515694E-11,3.975119464714375E-17
15168.0,3.6736969846859673E-7,0.02674098789048034,0.40289250592228276,0.5703661388175384
14694.0,0.9999694043675458,3.0592050789276235E-5,3.580556884806169E-9,1.1081749450837176E-12
14203.0,0.9771436720259712,0.022805892720861205,5.035958526556818E-5,7.566790208031405E-8
14453.0,0.9892806046960575,0.010713563550703962,5.821021843790683E-6,1.0731394660871571E-8
15574.0,0.9987768789225012,0.001222975072503379,1.459717329720404E-7,3.32623556568811E-11
15036.0,0.8354541846197587,0.16453593031664618,9.879489795959023E-6,5.573798966177957E-9
15279.0,0.9905357744260793,0.00946391313238247,3.121266879309312E-7,3.1485025747178266E-10
14729.0,0.9999999746613095,2.5329054267256476E-8,9.636182615486726E-12,2.823489246122177E-17
13959.0,0.9983328828092979,0.0016670143827352444,1.0258480348317102E-7,2.2316316219648164E-10
14228.0,0.002389454478565596,0.9975140486160631,9.646300455264332E-5,3.39008184947902E-8
14490.0,0.0036131881355570107,0.9961442530467264,2.4206786422661692E-4,4.909534899026124E-7
15604.0,0.9934867494253155,0.006509190614366891,4.020931043614888E-6,3.902927390077417E-8
15245.0,7.118534245949286E-6,0.960397209798946,0.03275053084050442,0.00684514082630355
15006.0,0.37037057619372304,0.6295277662954575,1.0132636831045051E-4,3.311425090268717E-7
14520.0,0.9999985456996148,1.4541838907744547E-6,1.1649257725857398E-10,1.867232834236792E-15
14262.0,3.92829565521272E-9,0.001435773461063831,0.4208784640848384,0.5776857585258021
13989.0,0.9615307326541292,0.03842966206114598,3.955630114087294E-5,4.898358376228623E-8
14763.0,0.9456852524720969,0.05430382253795917,1.0869130944859258E-5,5.585899915630936E-8
15387.0,0.9999999791227383,2.0853970896768326E-8,2.3290655475148113E-11,8.72654009483552E-17
15624.0,0.9999999545867527,4.539137187889394E-8,2.1875351085705412E-11,3.333256698885561E-17
15202.0,0.9999940873176856,5.9112954920798115E-6,1.386745538099043E-9,7.68730707555854E-14
14961.0,0.9999999428749827,5.702297854601378E-8,1.0203827395159445E-10,1.6207956366595478E-16
14423.0,0.9999999746613095,2.5329054267256476E-8,9.636182615486726E-12,2.823489246122177E-17
14169.0,0.9997580568402488,2.4190788450051656E-4,3.5220322028770755E-8,5.4928815044887957E-11
14660.0,0.9999999791227383,2.0853970896768326E-8,2.3290655475148113E-11,8.72654009483552E-17
15536.0,0.12676694734862493,0.8720170252484228,0.001215009822695858,1.0175802563659872E-6
14049.0,0.9999980349585051,1.964602684778076E-6,4.388069180127269E-10,3.005947800721672E-15
14831.0,0.9998039595504961,1.9600599855848494E-4,3.443801610835799E-8,1.2929483066569392E-11
14588.0,1.0709921967557853E-6,0.7713928202893632,0.18465844023400352,0.04394766848443669
14322.0,0.9949691287777389,0.005028635962566627,2.2262771470616957E-6,8.982547438386752E-9
15066.0,0.9255192362065235,0.0744695862540068,1.109015949995428E-5,8.737996961691669E-8
15305.0,0.9999999618816556,3.8090873243289815E-8,2.7471202559027695E-11,3.976965927457285E-17
15692.0,2.886490628087191E-6,0.8516264921446557,0.14091688529578317,0.007453736068933235
15455.0,0.998446097705816,0.0015520159018678043,1.8827358379054728E-6,3.6564781617583513E-9
14592.0,0.999999887324484,1.1263099587204294E-7,4.4520186931988153E-11,3.4455383321215366E-17
14355.0,0.9999999746613095,2.5329054267256476E-8,9.636182615486726E-12,2.823489246122177E-17
14109.0,0.980214800198075,0.01977269236243369,1.243589970183156E-5,7.153978945427968E-8
14901.0,0.9980398589077669,0.001959478152922351,6.614958757687691E-7,1.443435042377707E-9
15142.0,0.14553187077576485,0.8542505444523619,2.1683720296652973E-4,7.475689067910071E-7
15485.0,0.08052678082012432,0.8924696357457512,0.026218121802302374,7.854616318219981E-4
15726.0,4.2993832077421263E-4,0.9893540897386273,0.010198160139838017,1.781180076051662E-5
14143.0,3.6185882364956166E-18,1.9996184704496292E-4,0.01835118049145641,0.9814488576614986
14385.0,0.9999494622683792,5.050148445184669E-5,3.5970819891421726E-8,2.763492548186217E-10
14626.0,0.9988507985416792,0.0011476844501490096,1.5134051277382424E-6,3.6030439415337126E-9
15108.0,0.9999518417924415,4.814322966196007E-5,1.49757086531887E-8,2.1879425451616323E-12
14871.0,0.9996525517472689,3.4739362374181854E-4,5.4580157110677934E-8,4.883218731676363E-11
15506.0,0.9999995192911518,4.804227921865569E-7,2.8605346996505344E-10,2.4897372929059733E-15
15745.0,0.9971128914065417,0.002884362937860301,2.743253982502889E-6,2.40161556078796E-9
14288.0,0.9320260345514898,0.06795877430188994,1.5131247081091594E-5,5.989953903708884E-8
14558.0,0.8433936642825512,0.1554917760713679,0.001097797827794267,1.6761818286548558E-5
14797.0,0.9984595668651957,0.001540187047397846,2.460637694803727E-7,2.3637053494967156E-11
14019.0,0.9999888404422886,1.1157847993197519E-5,1.7087043521498942E-9,1.0139425140355516E-12
15339.0,6.070079858239794E-9,6.350638329933378E-4,0.7106861123861836,0.2886788177107433
15096.0,0.9999894695850331,1.0525223063961594E-5,5.190483743203191E-9,1.4192901096332381E-12
14930.0,0.9999999679945125,3.199211894722868E-8,1.3368526055420823E-11,5.206784150095357E-17
15169.0,0.9999999746618575,2.5328506513336628E-8,9.635988999732514E-12,2.823477643160215E-17
14695.0,0.9999819161198833,1.8081714905638718E-5,2.1647033936458587E-9,5.07625196198237E-13
14452.0,0.9808805352136581,0.019060943252214482,5.691525640390893E-5,1.606277723449905E-6
14202.0,0.9996465394054371,3.5333348847094474E-4,1.268280542560235E-7,2.780375377477157E-10
15659.0,0.9999999058034443,9.412118052080774E-8,7.537534788515694E-11,3.975119464714375E-17
15416.0,0.9999941347246407,5.863230019847923E-6,2.0453247136493838E-9,1.4577806125077213E-14
15037.0,0.28727535215624184,0.7125580830106129,1.6654715844094338E-4,1.7674704415900174E-8
15278.0,0.9999938890734479,6.1097004498109235E-6,1.226029878856217E-9,7.270487419482912E-14
14728.0,0.9995560495937288,4.4385499052238334E-4,9.532043409025848E-8,9.531492622983626E-11
14491.0,0.9999990013845985,9.979010541784976E-7,7.143466431830819E-10,6.013324124304259E-16
14229.0,0.9999999429017995,5.69961879851434E-8,1.0201216722070616E-10,1.619519563287111E-16
15575.0,0.9999998283277646,1.7161931009173135E-7,5.2924679263423036E-11,5.455455976848923E-16
15244.0,0.9999983978595661,1.6019287854609045E-6,2.1162170113561774E-10,2.6742705513950175E-14
15007.0,0.9999975619307885,2.4368678765120613E-6,1.2012969444471639E-9,3.787653152857418E-14
14263.0,0.9999966876907054,3.303542703383066E-6,8.766353527613204E-9,2.377789565722947E-13
14521.0,0.9999434146668974,5.6446978075962494E-5,1.3827501132206824E-7,8.001545585704296E-11
14762.0,0.9999618364892053,3.815823981549436E-5,5.267669913523093E-9,3.3092795665552763E-12
13988.0,0.0021453236956486066,0.9937071614655695,0.004047606541891808,9.990829689030477E-5
15605.0,0.6477996675085765,0.35155032892058663,6.487020828713375E-4,1.3014879656206314E-6
15203.0,0.9999999589872947,4.100220526012856E-8,1.0499946103671062E-11,6.12125982396635E-17
14960.0,0.9999770051231788,2.2993189992872568E-5,1.6862273743397137E-9,6.008607198183775E-13
14168.0,0.9999929697537033,7.006598070027306E-6,2.3648187920293817E-8,3.871059715403818E-14
14422.0,0.9999987288540055,1.27109135579386E-6,5.463535124535278E-11,3.412951418228064E-15
14661.0,0.9999999746613095,2.5329054267256476E-8,9.636182615486726E-12,2.823489246122177E-17
15386.0,0.9999999620749659,3.789770798742032E-8,2.7326193060649923E-11,3.9436642750240115E-17
15625.0,0.9951690490954118,0.004824389122048965,6.56118076776717E-6,6.01771489822672E-10
14830.0,0.007209551861856287,0.9905951903828089,0.0021834471197807325,1.1810635553900988E-5
14048.0,0.9999999746613095,2.5329054267256476E-8,9.636182615486726E-12,2.823489246122177E-17
14323.0,0.012437152349743068,0.9861079627285116,0.0014497527859396143,5.1321358057008416E-6
14589.0,0.9998576621373325,1.4233399932344221E-4,3.8590057322858356E-9,4.338282782411569E-12
15067.0,0.6898232649042998,0.3101029306097445,7.118987363052845E-5,2.6146123252498138E-6
15304.0,0.9999996052969801,3.943258754918139E-7,3.7713697367666267E-10,7.4178760640933E-15
15537.0,0.5004126444198411,0.4993994631190557,1.8755532465958378E-4,3.371364436620018E-7
14593.0,0.9983559996318639,0.0015842685079799472,5.9684193589209374E-5,4.7666566716134626E-8
14108.0,0.9996671552449065,3.3272050516197426E-4,1.2407014963820302E-7,1.7978185202157738E-10
14354.0,0.9989830853588703,0.0010164807727913513,4.330976231436119E-7,7.70715202801943E-10
14900.0,0.7136803855474794,0.28562693825338314,6.899818024748935E-4,2.6943966624431007E-6
15143.0,0.9995773554494751,4.225571102843964E-4,8.734171146757504E-8,9.852880049974791E-11
15693.0,0.9999994585910583,5.41302737978954E-7,1.0620303685210328E-10,6.75686050578704E-16
15454.0,0.03830821589590828,0.9581272395629621,0.003392456679013276,1.720878621163264E-4
14384.0,0.9980005656083114,0.0019984345863288634,9.996391885137907E-7,1.6617130689412242E-10
14142.0,0.9990433795724202,9.563532602597411E-4,2.6666054396780173E-7,5.067761642729617E-10
14627.0,0.4133785886726252,0.5864186285898738,2.013522326480258E-4,1.4305048530538226E-6
15109.0,0.9917017020053339,0.008285184572853873,1.309533836475648E-5,1.8083447286260063E-8
14870.0,0.9650505089555939,0.03494713836606108,2.3508150555884953E-6,1.863289500794721E-9
15484.0,0.9999999058034443,9.412118052080774E-8,7.537534788515694E-11,3.975119464714375E-17
15727.0,0.9999999058034443,9.412118052080774E-8,7.537534788515694E-11,3.975119464714375E-17
14559.0,0.052435563729127596,0.9426843329455931,0.004826082224525212,5.4021100754113355E-5
14289.0,0.9999999589934917,4.099600987737175E-8,1.0498470385808576E-11,6.120444678173278E-17
14018.0,0.9493874757889988,0.050502812544910666,1.0899160681014765E-4,7.200592803826129E-7
14796.0,0.9999999402063804,5.975875693359688E-8,3.486263654093991E-11,2.2816535254075863E-17
15338.0,0.9742131807932207,0.025728922569442245,5.761860994567505E-5,2.7802739123779234E-7
15097.0,0.999998696202938,1.3035695519232743E-6,2.2750957826144178E-10,3.788979363128483E-16
15507.0,0.9986161647140888,0.0013837542072817626,8.103641880438154E-8,4.221059182253589E-11
15744.0,8.606717684834868E-14,0.001273214511342468,0.9247646144506347,0.07396217103793684
15630.0,0.9999997456685107,2.5423929284340654E-7,9.219640817864747E-11,8.465109952469834E-17
15389.0,3.0072425608306883E-7,0.9400317033420379,0.05792079293633067,0.0020472029973753777
14658.0,0.9999965874013242,3.4119833101890932E-6,6.153456419041455E-10,1.9962581229394437E-14
14417.0,0.9995074908147468,4.919401592131755E-4,5.674727877170615E-7,1.5532521901977952E-9
14175.0,0.9999852272060482,1.4764999561291565E-5,7.792422307671444E-9,1.9682729415863766E-12
14967.0,0.9999999621488197,3.781237022223581E-8,3.880994408558716E-11,2.3517913068231855E-16
15204.0,0.9999983063395398,1.69353024629993E-6,1.3018219342922927E-10,3.1641560100812455E-14
15602.0,1.5602704420407862E-4,0.010598904534821107,0.9785973962124626,0.010647672208512335
13987.0,0.9999999589872947,4.100220526012856E-8,1.0499946103671062E-11,6.12125982396635E-17
14765.0,0.989622342557416,0.010371314052610256,6.314682934127204E-6,2.8707039822098904E-8
14526.0,0.999802375907264,1.9761883224018545E-4,5.257012650752219E-9,3.483231869152767E-12
14256.0,0.9999990462044175,9.51803751030225E-7,1.991825124840013E-9,6.460230850953023E-15
15000.0,0.9996269660410844,3.698358402605234E-4,3.1981088614593707E-6,9.793657643987511E-12
15243.0,0.8127990596504608,0.18715596887324695,4.490925530273982E-5,6.222098942749354E-8
15568.0,0.9999999746613095,2.5329054267256476E-8,9.636182615486726E-12,2.823489246122177E-17
14226.0,0.869719238241711,0.12093911510101708,0.009257523800894802,8.412285637700839E-5
14492.0,0.9965024511135553,0.0034968160011789543,7.319196576412538E-7,9.656082040192418E-10
14735.0,0.999957295858036,3.326610728181252E-5,9.436283263923845E-6,1.7514180946179487E-9
15273.0,0.9948047001629431,0.005188961685945331,6.331265155745727E-6,6.885955809392561E-9
15034.0,0.9526410554133141,0.03145584173412373,0.015840347939463015,6.275491309927428E-5
15423.0,0.9216634199985038,0.07809393146311137,2.3976900119281652E-4,2.879537191950031E-6
15660.0,0.9999979406558955,2.057731523426239E-6,1.6125715500709645E-9,9.344955908204633E-15
14205.0,0.9999999589872947,4.100220526012856E-8,1.0499946103671062E-11,6.12125982396635E-17
14451.0,0.9999999429017995,5.69961879851434E-8,1.0201216722070616E-10,1.619519563287111E-16
14688.0,0.9999999663730652,3.35368736022027E-8,9.005965296130353E-11,1.2422072541531324E-15
15174.0,4.716411188653997E-5,0.9912589915225763,0.00866520226508566,2.8642100451298532E-5
14933.0,1.905625276951602E-18,1.1427002358960378E-6,0.019427004282291296,0.9805718530174727
15751.0,0.9999953784063192,4.621223537814499E-6,3.7010223293745184E-10,4.057210075351536E-14
15508.0,4.371326973660175E-8,0.9091199769454859,0.09044616638561112,4.338129556333464E-4
15102.0,0.006839487852086412,0.9863674858072764,0.006500878779164888,2.9214756147235183E-4
15341.0,0.9999986595647883,1.339505646175176E-6,9.295471139196411E-10,1.8327117145131866E-14
14795.0,0.9877197553122998,0.01226545251610598,1.4737294602331433E-5,5.4876991999466455E-8
14021.0,0.9993850348410652,6.114181652492135E-4,3.5363125785489477E-6,1.068110698414919E-8
14294.0,0.003908216608782239,0.7964779849145384,0.16231179902051468,0.037301999456164664
14552.0,0.9999999428749827,5.702297854601378E-8,1.0203827395159445E-10,1.6207956366595478E-16
15720.0,0.9999984131533902,1.5845568435855264E-6,2.2897609952075154E-9,5.250932142947558E-15
15483.0,0.9999999523162137,4.766104695377925E-8,2.273916398612482E-11,3.73352802288252E-17
14865.0,0.44654403079950694,0.5377254645865778,0.015593509174053308,1.369954398619433E-4
15106.0,0.9999850117094075,1.4984147619133975E-5,4.142384915154336E-9,5.884241335497687E-13
14628.0,0.9993652233683635,6.347385570065141E-4,3.806019394628476E-8,1.4435900108707064E-11
14137.0,0.0019810162260310927,0.990964559725145,0.006950189463391539,1.0423458543252724E-4
14391.0,0.9999972282004362,2.771491720067832E-6,3.0779381422480305E-10,4.9830218211853524E-14
15449.0,0.9999999447961164,5.518364471944177E-8,2.0238449271193476E-11,1.7753107070597354E-16
15690.0,0.9999999589872947,4.100220526012856E-8,1.0499946103671062E-11,6.12125982396635E-17
15136.0,0.9999973984940825,2.601218242434239E-6,2.874976328745758E-10,1.7727244798815055E-13
14899.0,0.9934138442159611,0.006582723002320842,3.396795312313462E-6,3.5986405728059026E-8
14357.0,0.01119729317788828,0.9798474466472323,0.00873615269195681,2.1910748292263197E-4
14107.0,1.3577079974902493E-5,0.048010299326261364,0.8011119193334534,0.1508642042603105
14598.0,0.001076250592170577,0.9987360514069322,1.8434896011689943E-4,3.349040780388445E-6
15542.0,1.5425872847938003E-5,0.002682497156307599,0.9496743430401027,0.04762773393074172
15311.0,1.7131747212819904E-16,6.187288907614906E-6,0.15459066622663717,0.8454031464844551
15068.0,1.4917095991977185E-23,1.2711931711669238E-8,0.05472749005532273,0.9452724972327456
14586.0,0.9900500750257882,0.008015099044147829,0.001929273398505894,5.552531557955739E-6
14324.0,0.9841803271885635,0.015800892136084647,1.8609148831308715E-5,1.7152652034324356E-7
14055.0,0.9996593257830267,3.4053753649764294E-4,1.3657565420842318E-7,1.0482162133175315E-10
14825.0,0.8956440864974732,0.10370707462373861,6.389298408604625E-4,9.909037927756848E-6
14659.0,0.10290008531458994,0.8688376839594476,0.028162157617414273,1.000731085481549E-4
14174.0,0.9999999058034443,9.412118052080774E-8,7.537534788515694E-11,3.975119464714375E-17
14416.0,0.9998534508270669,1.4652557088476822E-4,2.3597767800400166E-8,4.280641984431819E-12
14966.0,0.9908533064405812,0.009062731037462387,8.390295497467246E-5,5.9566981792191955E-8
15205.0,0.9999613838987187,3.861380811110404E-5,2.292813734697786E-9,3.5626802795666054E-13
15631.0,0.9953586170833141,0.004641019122291556,3.6245105837841106E-7,1.3433360660361996E-9
15388.0,0.9998909252935484,9.355453500089772E-5,1.5520008615716644E-5,1.628348793855296E-10
14764.0,6.29991758160256E-7,0.8911724377612289,0.10190821254100917,0.00691871970600365
13986.0,1.5768583899502972E-4,0.6872915761098234,0.30291171480016793,0.009639023251013597
14257.0,1.7435037980928377E-10,0.03192969552863405,6.611706083906592E-4,0.9674091336886248
14527.0,0.9854000299839913,0.014574878436059927,2.501594916154627E-5,7.563078707911327E-8
15001.0,0.9999994017759265,5.981346006139501E-7,8.946394166650815E-11,8.917591586754525E-15
15242.0,0.9921262517737515,0.00787205669704473,1.690592918871655E-6,9.362848794928866E-10
15603.0,0.9999986708231933,1.329056036777088E-6,1.2076588256302855E-10,4.016572091391236E-15
14493.0,0.9999998853101562,1.1454394394832411E-7,1.4589983047216746E-10,1.631923480241195E-16
14227.0,0.9986305901738544,0.0013616977590583815,7.687395774476493E-6,2.467131296195752E-8
14734.0,0.9999999429017995,5.69961879851434E-8,1.0201216722070616E-10,1.619519563287111E-16
15272.0,0.9952132508300654,0.004786284975340194,4.5901581062128965E-7,5.178783598351074E-9
15035.0,8.410556027166233E-4,0.9882996814479147,0.010344353757473194,5.149091918952949E-4
15569.0,0.9984463321138562,0.0015517817584814856,1.8824716702119028E-6,3.655992100233445E-9
14450.0,0.9999999791227383,2.0853970896768326E-8,2.3290655475148113E-11,8.72654009483552E-17
14204.0,0.99978916950041,2.1071900380959592E-4,1.1120692879254237E-7,2.888516377782776E-10
14689.0,0.8846611455307568,0.11490726197037075,4.310847675569015E-4,5.077313152939149E-7
15175.0,0.9838752893991929,0.016119797669495114,4.896156153611116E-6,1.6775158431207262E-8
14932.0,0.9999999678581789,3.212837534255868E-8,1.3445773787821547E-11,5.2534609953523985E-17
15422.0,0.9999994345110446,5.563431209582919E-7,9.145676699179674E-9,1.5787337202160963E-13
15661.0,5.811867405855215E-4,0.9983622122509647,0.0010542619990927577,2.3390093571416336E-6
15103.0,0.9999999306134245,6.931335234798579E-8,7.322266594237934E-11,3.3527533210628386E-16
15340.0,0.8896940974927947,0.09902448130994808,0.011271492807804229,9.928389452885093E-6
14020.0,0.9522851042064394,0.04770228207923004,1.2184268365725078E-5,4.2944596487806844E-7
14794.0,0.9999971131823049,2.8328603429721854E-6,5.395686222656195E-8,4.901204138541192E-13
14553.0,0.9990147969955874,9.848705192822475E-4,3.3189474174757586E-7,5.903886762632466E-10
14295.0,0.9990751167497417,9.241132429891587E-4,7.688394787628879E-7,1.167790359963608E-9
15750.0,0.999999947940728,5.2027762902707706E-8,3.150909084027768E-11,1.902506273864717E-17
15509.0,0.9999846841666515,1.5177204461874935E-5,1.386284802962035E-7,4.0635189341527404E-13
14864.0,0.984607902455996,0.01538731406038831,4.768335424620351E-6,1.5148190946843252E-8
15107.0,0.999999947940728,5.2027762902707706E-8,3.150909084027768E-11,1.902506273864717E-17
14629.0,0.9999942153514128,5.7840818788684535E-6,5.666729131676129E-10,3.5368885994650637E-14
14390.0,0.9941039403519899,0.005178630228232403,7.146205894548726E-4,2.808830322839603E-6
14136.0,0.9999999620749659,3.789770798742032E-8,2.7326193060649923E-11,3.9436642750240115E-17
15721.0,0.9999993613251712,6.384296299321353E-7,2.451958285212587E-10,2.8798681936565083E-15
15482.0,0.9961833433243303,0.003816082494860711,5.648585969849989E-7,9.322211777080457E-9
15137.0,0.999979292286254,2.0689448094940918E-5,1.8243735761130114E-8,2.1915417892827157E-11
14898.0,0.9999997479284068,2.51927096569764E-7,1.4449642390041877E-10,2.2656260228139314E-16
14106.0,0.9966657062481155,0.003333977546095336,3.151960690251273E-7,1.0097200542673924E-9
14356.0,0.9998539523096255,1.4598342192589434E-4,6.420337037813097E-8,6.507843350416082E-11
14599.0,0.3908955734314174,0.5981503721862556,0.01091930364043306,3.4750741894123085E-5
15448.0,0.9999999447961164,5.518364471944177E-8,2.0238449271193476E-11,1.7753107070597354E-16
15691.0,0.9999984621683081,1.5377456085760188E-6,8.606583256352693E-11,1.734817822409128E-14
15310.0,0.9993257831785312,6.741585846571085E-4,5.82052815635958E-8,3.153039799093026E-11
15069.0,0.9999461113657153,5.388520851268886E-5,3.4242950878796525E-9,1.4770069308064452E-12
14325.0,0.9998885857028819,1.1140989575395307E-4,4.399278867827372E-9,2.08539484778112E-12
14587.0,0.9999614487154391,3.854262902387139E-5,8.644758330901866E-9,1.0778671417488795E-11
14824.0,0.9999997935237681,2.0640125196456402E-7,7.497974144656017E-11,1.36342937523172E-16
14054.0,0.8462928273102193,0.15257083073350672,0.0011076494635174395,2.8692492756455718E-5
15543.0,0.9998901941482938,1.0590985089658214E-4,3.895899399334761E-6,1.0141011708426624E-10
15600.0,0.9989223914789336,0.0010772450187660826,3.6156957417447557E-7,1.9327262108507454E-9
14524.0,0.9999999679945125,3.199211894722868E-8,1.3368526055420823E-11,5.206784150095357E-17
14258.0,0.9998739138778191,1.260710713283955E-4,1.503687802360563E-8,1.3974708312194628E-11
13985.0,0.9997404371809531,2.5947058830144286E-4,9.221067106891464E-8,2.0074535726045345E-11
14767.0,0.9999744046130561,2.5593875350521157E-5,1.511081895114657E-9,5.116394215296325E-13
15241.0,0.48707601041760024,0.5128204494423405,1.0349971324350989E-4,4.0426815769690964E-8
15002.0,1.3911894969820404E-5,0.657298136774665,0.29891459451552194,0.04377335681484309
15391.0,0.9999658281885999,3.416387234797902E-5,7.923391983071228E-9,1.5659971762329927E-11
15628.0,0.9999996685303827,3.310035596867115E-7,4.660539106170518E-10,3.7054977104618524E-15
14419.0,0.9570686133696005,0.04287169791133347,5.910673677627345E-5,5.819822897173657E-7
14173.0,0.9980758182370126,0.001923626996783321,5.544511989091757E-7,3.150051412637717E-10
14656.0,2.5828382393718173E-8,0.1152261277401581,0.853748560028696,0.03102528640276345
15206.0,0.9999999414767328,5.844981552795002E-8,7.345046139344626E-11,1.3429510558537724E-15
14965.0,0.9451395185083713,0.05479801549147644,6.239154597832225E-5,7.445417391338704E-8
15662.0,0.9999990944866318,8.90136687982448E-7,1.5376520918103126E-8,1.5927598815950875E-13
15421.0,2.463782508785058E-7,0.8138986523043548,0.160225927640045,0.02587517367734945
14690.0,0.9999777268691636,2.2272410131837633E-5,7.202248734088055E-10,4.794948246596828E-13
14207.0,0.9997134372754111,2.8649988272055275E-4,6.272910087122234E-8,1.1276761685700592E-10
14449.0,0.9999999058034443,9.412118052080774E-8,7.537534788515694E-11,3.975119464714375E-17
14935.0,0.9964287546160491,0.0035325898807493797,3.8576712646532075E-5,7.879055490142722E-8
15172.0,0.9981337838901797,0.0018630936475967153,3.1110936237105615E-6,1.1368599966386524E-8
15570.0,0.9717340447525157,0.0282569601802806,8.88155136256969E-6,1.1351584116286534E-7
14733.0,0.9983472229007372,0.0016493246985360792,3.4482327463667977E-6,4.167980300341914E-9
14224.0,0.9947564797534318,1.7981410928407385E-4,0.005063408805565465,2.97331718589955E-7
14494.0,0.9999999429017995,5.69961879851434E-8,1.0201216722070616E-10,1.619519563287111E-16
15032.0,0.9999999118019192,8.811234755844998E-8,8.573300192394486E-11,1.3402300480532183E-16
15275.0,0.9999812985070419,1.1633625649603018E-5,7.067328991410802E-6,5.383169999817856E-10
15481.0,0.9994677684154556,5.321126987556174E-4,1.1870168554350102E-7,1.8410324316484705E-10
15722.0,0.99999867756369,1.3223161776512885E-6,1.2012840852425116E-10,3.982938817560687E-15
15104.0,0.9997842065037493,2.1577609719774298E-4,1.7395815996088246E-8,3.2368358680565775E-12
14867.0,0.9999542131702647,4.566931437251638E-5,1.1748051855214664E-7,3.484408577774476E-11
14139.0,1.2028991189289655E-4,0.574318895057055,0.003845673315534096,0.42171514171551805
14389.0,0.9697792922625067,0.02962413957235835,5.957258955822769E-4,8.422695527508462E-7
14630.0,0.9999988138559394,1.186088073902903E-6,5.5980307381989344E-11,6.3898837026283044E-15
15510.0,0.956650390107301,0.043213056491771394,1.3609023445067858E-4,4.6316647675591027E-7
15749.0,0.9999968528655261,3.1409281876319647E-6,6.206209812188427E-9,7.650217459973561E-14
15343.0,4.116692770124657E-8,0.09442345976701293,0.1419562118577904,0.7636202872082689
15100.0,0.9999997090366454,2.907226401770281E-7,2.407141838402499E-10,2.928620600774813E-16
14292.0,0.9999913141238784,8.684625044186942E-6,1.2509854820559133E-9,9.200848100493851E-14
14554.0,0.999999861302142,1.3818959893286943E-7,5.082557847773198E-10,3.137736703937448E-15
14793.0,0.9999441960357227,5.5797573954635956E-5,6.388806603464785E-9,1.5161222340746254E-12
14023.0,3.374059153881431E-4,0.005415051188594518,0.9701627495224167,0.024084793373600553
15540.0,0.9999977992691589,2.175678549134086E-6,2.5052171594661512E-8,1.2034797277220597E-13
15070.0,0.9995063843380805,4.932811151348251E-4,3.3437900536744596E-7,1.6777936419259694E-10
15309.0,0.9999999746613095,2.5329054267256476E-8,9.636182615486726E-12,2.823489246122177E-17
14053.0,0.9993036160443901,6.961220598383671E-4,2.614909114417712E-7,4.048599793203214E-10
14827.0,0.9999999112786709,8.778949761173309E-8,9.318259596944571E-10,5.538249692630607E-15
14584.0,0.9999999402063804,5.975875693359688E-8,3.486263654093991E-11,2.2816535254075863E-17
14326.0,0.9999989124480558,1.0874022526870393E-6,1.4966725036756291E-10,2.4168387351533307E-14
15688.0,9.420611063201383E-10,1.0210466155351547E-5,0.9972596592600638,0.0027301293317198395
15451.0,0.9999999402063804,5.975875693359688E-8,3.486263654093991E-11,2.2816535254075863E-17
14897.0,0.0899518549934373,0.9095201584257484,5.265861264089339E-4,1.4004544054498339E-6
15138.0,0.8941901121017212,0.10544622091393667,3.6250497881621237E-4,1.1620055259497008E-6
14596.0,0.9999998294914498,1.7046824655711414E-7,4.030322911323184E-11,1.9153112435944945E-16
14359.0,0.9999952454551239,4.75175637764885E-6,2.7880432107972535E-9,4.552313079208956E-13
14105.0,0.999966806653507,3.319229007665598E-5,1.0561897497996452E-9,2.2651394940789357E-13
14259.0,0.9482209751553775,0.05164702927366251,1.315455952192586E-4,4.499757407506149E-7
14525.0,0.9999983179505982,1.6819435476266481E-6,1.0584973715615857E-10,4.247767083890855E-15
14766.0,0.999999961889715,3.8082819250925665E-8,2.746578504169711E-11,3.97622414122045E-17
13984.0,0.9243121328076371,0.0756210574148784,6.66092415102065E-5,2.005359742050533E-7
15240.0,0.9996088656735997,3.9076196165289587E-4,3.7212167022343453E-7,2.4307713048052554E-10
15003.0,0.9994870019612764,5.12814356152368E-4,1.8361937142078113E-7,6.319995715331347E-11
15601.0,0.0380171222122176,0.9614465000072429,5.351550408413207E-4,1.2227396980906731E-6
14172.0,0.9982739039429169,0.0017256058907938582,4.899971424313884E-7,1.6914688296655512E-10
14418.0,0.9999999447961164,5.518364471944177E-8,2.0238449271193476E-11,1.7753107070597354E-16
14657.0,0.9764012948743755,0.02351388588615549,8.473637212386511E-5,8.286734512266148E-8
15207.0,0.9999999446547871,5.532492888566106E-8,2.0283796276024836E-11,1.7837387639079512E-16
14964.0,6.279245743162952E-7,0.4730474114654806,0.221748802551749,0.30520315805819603
15390.0,0.9996162031077757,3.837282355086083E-4,6.860667502119508E-8,5.004081246912851E-11
15629.0,0.8754574149693483,0.1235459851319452,9.679944410269057E-4,2.860545767967951E-5
14691.0,0.9998606581085466,1.3928533183448562E-4,5.654617586099993E-8,1.3443180935092172E-11
14448.0,0.19875560653096155,0.7966207384433962,0.004567314764014112,5.6340261628356504E-5
14206.0,0.9999976664615264,2.330735944931659E-6,2.802512506673153E-9,1.5976741997621412E-14
14934.0,0.9574537423775501,0.022886051919616388,0.019395238795728617,2.649669071048407E-4
15173.0,0.9999997989459046,2.0098081228041518E-7,7.328293849635934E-11,1.315909533283044E-16
15663.0,0.16856909386501878,0.8310028404473611,4.2318092453152143E-4,4.8847630886152595E-6
15420.0,0.9994808374951587,5.191341155417794E-4,2.838520992028029E-8,4.089461731190691E-12
14732.0,0.9964642402899588,0.003253097482440228,2.826016836778215E-4,6.054392305889633E-8
14495.0,0.1286719557834557,0.7642871544996673,0.10666550459044873,3.7538512642827773E-4
14225.0,0.9999921713558729,7.828395544571835E-6,2.4851662989305037E-10,6.595018400705199E-14
15033.0,0.9771215366253098,0.022841108884996693,3.7076902278345926E-5,2.7758741526983884E-7
15274.0,0.9885973751847491,0.011400515639604019,2.1086875562572405E-6,4.880907584873603E-10
15571.0,9.823026219721014E-4,0.997377037017609,0.001598419945038301,4.224041538050668E-5
15105.0,0.653517127284831,0.34576141097412183,7.196231538214407E-4,1.8385872257475233E-6
14866.0,0.9999997014659511,2.98321477816312E-7,2.1256602186128325E-10,5.129580236746808E-15
14388.0,0.014193475344437722,0.984766340287228,0.0010399144105818054,2.699577523948839E-7
14138.0,0.9999255657836973,7.442526855761201E-5,8.944106808153655E-9,3.638202698608733E-12
14631.0,0.9999998078893726,1.918488548742365E-7,2.6176870861810127E-10,3.82522497674367E-15
15480.0,5.695368227851767E-9,0.1265637421800007,0.6282318071622714,0.24520444496235969
15723.0,0.9999998892499382,1.1042874140868468E-7,3.213175404529032E-10,2.6369360087143324E-15
15342.0,0.9999999791227383,2.0853970896768326E-8,2.3290655475148113E-11,8.72654009483552E-17
15101.0,1.4951096420175653E-11,2.676673422101467E-4,0.24814146450760557,0.7515908681352332
14555.0,0.9999999791136098,2.086282428382757E-8,2.3565742777636223E-11,8.819119260601424E-17
14293.0,0.9999999791227383,2.0853970896768326E-8,2.3290655475148113E-11,8.72654009483552E-17
14022.0,0.999528309470958,4.7165616121143026E-4,3.4364061490144336E-8,3.768998687376551E-12
