15572.0,0.9999583420313132,4.1648174885316154E-5,9.779395063993769E-9,1.4406410036897389E-11
15277.0,0.9998550016634582,1.4491639954744348E-4,8.188618969423387E-8,5.0804706513811494E-11
15038.0,1.2558256503022667E-6,0.12474542007780548,0.8722020389135252,0.0030512851830189714
14230.0,0.999950399017457,4.956886326916952E-5,3.2107061613330966E-8,1.2212400273182506E-11
14488.0,0.9996082713541793,3.915325971128648E-4,1.9577241761890177E-7,2.762901159537531E-10
14731.0,0.9999279690609163,7.194319137060838E-5,8.769129265404405E-8,5.642032048469958E-11
15419.0,0.5179013091554576,0.20770220326448174,0.26892371829026385,0.00547276928979682
15656.0,0.99917474298003,8.244420393074205E-4,8.061414521549561E-7,8.839210530192732E-9
15170.0,0.9974570712184043,0.0025380882882503875,4.837610147838436E-6,2.8831975206032883E-9
14929.0,0.9999354427018503,6.452339091304153E-5,3.3812250137061265E-8,9.498663763661291E-11
14201.0,0.9997004934403787,2.9914428555490757E-4,3.6199394961381154E-7,2.8011685981239464E-10
14455.0,1.0082133562847441E-11,9.116618514694749E-4,0.03744188069858487,0.9616464574398635
14692.0,1.6815600912973677E-4,0.9993927011054383,4.3348914125551836E-4,5.6537441762702805E-6
15626.0,0.9986350215873547,0.0013633464496340768,1.6311483799790445E-6,8.146310268289219E-10
15385.0,0.9999459124114447,5.4059641319264924E-5,2.7914127477292854E-8,3.310853674908539E-11
14963.0,0.948277074323941,0.05166743582223736,5.468662126094551E-5,8.032325605763947E-7
15200.0,0.9904971424606727,0.009497958463275112,4.891835981950656E-6,7.240070252883063E-9
14662.0,0.9986423858125926,0.0013571809696978831,4.3264669649305913E-7,5.710132994511025E-10
14421.0,0.07590104334271405,0.9226607832468202,0.0014339141432058928,4.259267259834935E-6
14171.0,2.5979795142087103E-8,0.9970462785919803,0.002891890080688887,6.180534753564913E-5
15606.0,0.9888083893212106,0.011189396830976684,2.211701121596357E-6,2.146690925088338E-9
15004.0,0.99955679087602,4.4292179388252004E-4,2.8683892711280315E-7,4.911704297763563E-10
15247.0,0.9997834561537443,2.1640312074983032E-4,1.4057617255925373E-7,1.493333345371599E-10
13991.0,0.9997801676061706,2.188215505729919E-4,1.0060406088444081E-6,4.802647514052191E-9
14761.0,0.023103835060981095,0.9754704446764233,0.0014220637933745296,3.6564692213073045E-6
14522.0,0.9966074899868059,0.0033822259612825067,1.0253434413503921E-5,3.06174980551038E-8
14260.0,0.9999459124114447,5.4059641319264924E-5,2.7914127477292854E-8,3.310853674908539E-11
15453.0,6.953085965480839E-4,0.9950673950376564,0.003993686578864817,2.4360978693061729E-4
15694.0,0.9747022946074326,0.025295749715528188,1.951163745042362E-6,4.513293947437384E-9
14353.0,0.9999279690609163,7.194319137060838E-5,8.769129265404405E-8,5.642032048469958E-11
14111.0,0.9987596149779091,0.0012337206005103322,6.660146553650699E-6,4.275027079130226E-9
14594.0,0.9999279690609163,7.194319137060838E-5,8.769129265404405E-8,5.642032048469958E-11
15140.0,0.9987027239794294,0.0012936043238869317,3.6634649082039587E-6,8.231775441068414E-9
14903.0,0.9999459124114447,5.4059641319264924E-5,2.7914127477292854E-8,3.310853674908539E-11
15538.0,0.9993628603381443,6.368546154763277E-4,2.8486117710399225E-7,1.8520243219501106E-10
14590.0,0.9992393963992025,7.603844886018375E-4,2.1856207897136654E-7,5.501166381859287E-10
14320.0,0.9992960565653397,7.036678375111102E-4,2.742527815222814E-7,1.344367636198689E-9
14051.0,0.8406224261694737,0.15934386309285575,3.313103482216363E-5,5.797028483313844E-7
14829.0,0.9120183445811186,0.08794288384027145,3.855052678612163E-5,2.2105182356631575E-7
15307.0,0.9999583420313132,4.1648174885316154E-5,9.779395063993769E-9,1.4406410036897389E-11
15064.0,0.8940208714635353,0.10569232889251293,2.865997209783897E-4,1.9992297354044375E-7
15747.0,1.7934410918361906E-5,0.047741804821624406,0.91995782514143,0.03228243562602719
15504.0,0.9999459124114447,5.4059641319264924E-5,2.7914127477292854E-8,3.310853674908539E-11
14799.0,0.9991360086308676,8.635301082854588E-4,4.599740604842034E-7,1.2867864639227206E-9
14017.0,0.999950399017457,4.956886326916952E-5,3.2107061613330966E-8,1.2212400273182506E-11
14290.0,0.9884685779082683,0.011516186781219347,1.5153019073116344E-5,8.229143924753041E-8
14556.0,0.9999466740485801,5.3307869102506E-5,1.8043304014779692E-8,3.901347285560099E-11
15098.0,0.9997626197932857,2.3729162217239018E-4,8.848713903025749E-8,9.74028479358457E-11
15337.0,0.9999279690609163,7.194319137060838E-5,8.769129265404405E-8,5.642032048469958E-11
15724.0,0.9874758184429828,0.012456259495971301,6.762263045180408E-5,2.994305943158895E-7
15487.0,0.9999364575754586,6.349060027350102E-5,5.17913980723754E-8,3.2869853640144224E-11
14624.0,0.9999354427018503,6.452339091304153E-5,3.3812250137061265E-8,9.498663763661291E-11
14141.0,0.020647861716231758,0.9745258586368198,0.004729128526318908,9.715112062949411E-5
14387.0,0.9999220628557166,7.787962662423977E-5,5.750070406861332E-8,1.6954846028861536E-11
14869.0,0.3443683782292096,0.641551630647766,0.014069900248345113,1.0090874679292743E-5
15110.0,0.9999279690609163,7.194319137060838E-5,8.769129265404405E-8,5.642032048469958E-11
15276.0,0.9988712873712448,0.0011278619282082802,8.461561569311772E-7,4.544390101487147E-9
15039.0,0.9999364575754586,6.349060027350102E-5,5.17913980723754E-8,3.2869853640144224E-11
14489.0,0.9966944314274093,0.003300389583441114,5.1707282647444856E-6,8.260884834049484E-9
14231.0,0.9958157721433321,0.004180418663618331,3.8034740781194133E-6,5.718971361545643E-9
14730.0,0.9999466740485801,5.3307869102506E-5,1.8043304014779692E-8,3.901347285560099E-11
15573.0,0.9989302939693858,0.001069550855053761,1.54783551674478E-7,3.9200872215612806E-10
15171.0,0.9856826911571721,0.01402975837852035,2.8565929633846105E-4,1.8911679688359428E-6
14928.0,0.9999319714952253,6.799400303204448E-5,3.4474737796917285E-8,2.70047996314977E-11
14454.0,0.9999319714952253,6.799400303204448E-5,3.4474737796917285E-8,2.70047996314977E-11
14200.0,0.9998264096995518,1.7333415363816556E-4,2.560586000086069E-7,8.821019375396404E-11
14693.0,0.9951703816908326,0.004815297812178027,1.4286002957915553E-5,3.449403143552315E-8
15418.0,0.9999279690609163,7.194319137060838E-5,8.769129265404405E-8,5.642032048469958E-11
15657.0,0.9997989391608286,2.009547864493613E-4,1.0601117959983515E-7,4.1542471345415067E-11
14962.0,0.9950445502189507,0.004952863637308972,2.5762633544692766E-6,9.88038587728903E-9
15201.0,0.9999319714952253,6.799400303204448E-5,3.4474737796917285E-8,2.70047996314977E-11
14663.0,3.300336110957362E-16,0.0032791309219573073,0.6116233393435113,0.38509752973453104
14170.0,0.9997057643575687,2.934279009089142E-4,8.075395900938965E-7,2.0193235890087131E-10
14420.0,0.70047534065855,0.28592203908052805,0.013358744733626797,2.4387552729530527E-4
15627.0,4.6153036990351486E-5,0.013612481664739244,0.9860079816322332,3.333836660372431E-4
15384.0,0.9929348576168618,0.007060146291111733,4.988703634165553E-6,7.388392125353517E-9
15005.0,0.009074276932923757,0.9896131191772144,0.0013108253411997877,1.7785486621642794E-6
15246.0,3.927278956106756E-6,0.9978328617055721,0.0020335484031860614,1.2966261228557387E-4
14760.0,0.9143649290740482,0.08560511991996864,2.9860146443448163E-5,9.085953962767647E-8
13990.0,0.9731996135972186,0.02678732181716771,1.2944527394470657E-5,1.2005821902161822E-7
14261.0,6.386357373666566E-34,3.1113061651358355E-15,0.0016130794066824719,0.9983869205933144
14523.0,0.9999364575754586,6.349060027350102E-5,5.17913980723754E-8,3.2869853640144224E-11
15607.0,3.010080737533836E-4,0.9939730944239337,0.0055758068227824255,1.5009067953052573E-4
14110.0,7.151580224093257E-8,0.19003480841811723,0.7828943233491232,0.027070796716957345
14352.0,0.7839582051244569,0.2158984682226009,1.432629114656063E-4,6.374147664080764E-8
14595.0,0.9975959302773258,0.0024010765211397987,2.9847978118834465E-6,8.40372257321536E-9
15141.0,0.999950399017457,4.956886326916952E-5,3.2107061613330966E-8,1.2212400273182506E-11
14902.0,0.919795674702576,0.07988083550812955,3.2303053815832425E-4,4.5925113618868234E-7
15452.0,0.9653415739609499,0.034621428477927554,3.5852790352782856E-5,1.1447707697128572E-6
15695.0,0.9999279690609163,7.194319137060838E-5,8.769129265404405E-8,5.642032048469958E-11
14321.0,0.9993391430491417,6.606298229702032E-4,2.2673713078278965E-7,3.9075730544196296E-10
14591.0,0.9981091420922229,0.0018903163981749546,5.410168287320901E-7,4.92773503871597E-10
14828.0,0.5815700057789105,0.4181863617702226,2.4310641210512722E-4,5.260387617488199E-7
14050.0,0.9857426221418405,0.014251881143000125,5.4823079701960076E-6,1.4407189094914368E-8
15306.0,5.751904783775951E-14,9.25996191966499E-6,0.00989922652588329,0.9900915135121396
15065.0,0.9989991050202756,0.0010001714466024926,7.230519919622494E-7,4.811301233083775E-10
15539.0,0.9999181346473253,8.179595790770539E-5,6.9358015709309E-8,3.6751412920986594E-11
14016.0,0.9984653637256912,0.0014994858025142513,3.4951186167469466E-5,1.9928562702183124E-7
14798.0,0.9999354427018503,6.452339091304153E-5,3.3812250137061265E-8,9.498663763661291E-11
14557.0,0.010660731020849964,0.9743265394975713,0.0016119958906172197,0.013400733590961618
14291.0,0.07804815148652745,0.9177315572448039,0.004187536699400426,3.275456926817495E-5
15099.0,0.9992760388486488,7.23717671460021E-4,2.430922425863305E-7,3.8764867830079154E-10
15336.0,0.9999220628557166,7.787962662423977E-5,5.750070406861332E-8,1.6954846028861536E-11
15746.0,0.9999364575754586,6.349060027350102E-5,5.17913980723754E-8,3.2869853640144224E-11
15505.0,0.9763704925206625,0.023577115449581413,5.188048441490686E-5,5.115453410846179E-7
14625.0,0.9762397027999055,0.023739187645018762,2.1035334382267576E-5,7.422069350956135E-8
14386.0,0.9129021386547238,0.0870477469033176,4.6677411568285726E-5,3.4370303903958234E-6
14140.0,0.9996919749891213,3.0787478781577234E-4,1.5006449239422144E-7,1.585704098643134E-10
14868.0,0.9999354427018503,6.452339091304153E-5,3.3812250137061265E-8,9.498663763661291E-11
15111.0,0.9992300051002151,7.698793139237606E-4,1.1524018414602992E-7,3.4567707955028786E-10
15725.0,0.996342700522247,0.0036515818240389617,5.709667474050922E-6,7.98624012657849E-9
15486.0,1.17178540268272E-7,0.7089920584553392,0.27829781102205425,0.012710013344066426
15658.0,0.008141310895750644,0.11201426700385315,0.7254202784777453,0.15442414362265086
15417.0,0.9944930543742034,0.0054991391326936106,7.802356663123564E-6,4.136439845900303E-9
14931.0,0.9999220628557166,7.787962662423977E-5,5.750070406861332E-8,1.6954846028861536E-11
15168.0,0.031067931733293298,0.2624418965128386,0.6992806076187454,0.0072095641351226005
14694.0,0.9998186402077166,1.8132448668458184E-4,3.5260051926065746E-8,4.554706110705517E-11
14203.0,0.9905080179498836,0.009444092695469128,4.770321035230503E-5,1.861442949152965E-7
14453.0,0.9967999593063159,0.0031972942971836556,2.744290564452657E-6,2.105936007982458E-9
15574.0,0.999071064867536,9.285194896398659E-4,4.1487140735967785E-7,7.714169736815454E-10
15036.0,0.18630561566165577,0.8121252142383354,0.001568365634099474,8.044659094183047E-7
15279.0,0.9973364014979799,0.002662310517925908,1.2849852747194121E-6,2.998819578969861E-9
14729.0,0.9999583420313132,4.1648174885316154E-5,9.779395063993769E-9,1.4406410036897389E-11
13959.0,0.9987727883428107,0.0012264404043373302,7.70677566648145E-7,5.752852760989705E-10
14228.0,0.3868192732562003,0.6118272927511975,0.0013533812439735081,5.2748628695588325E-8
14490.0,0.11595881856517454,0.8839209767930459,1.187877132971285E-4,1.4169284824113805E-6
15604.0,0.9903332365888148,0.009663751807817748,3.004281316433621E-6,7.322050929506221E-9
15245.0,0.006166076821469142,0.989689459829948,0.0041293056751664945,1.5157673416452961E-5
15006.0,9.083167305417192E-4,0.9983357530415695,7.539591895778577E-4,1.9710383109725943E-6
14520.0,0.999950399017457,4.956886326916952E-5,3.2107061613330966E-8,1.2212400273182506E-11
14262.0,7.563487674031376E-15,4.075360975740032E-6,0.7008870260566947,0.2991088985823219
13989.0,0.9876064630910799,0.01238512929528783,8.400653093369411E-6,6.960539021970926E-9
14763.0,0.12774161882372545,0.8718548474011033,3.94736768279112E-4,8.797006892053565E-6
15387.0,0.9999538220485863,4.6136830188379576E-5,4.102360071179952E-8,9.762442507720708E-11
15624.0,0.9999319714952253,6.799400303204448E-5,3.4474737796917285E-8,2.70047996314977E-11
15202.0,0.9999220628557166,7.787962662423977E-5,5.750070406861332E-8,1.6954846028861536E-11
14961.0,0.9999279690609163,7.194319137060838E-5,8.769129265404405E-8,5.642032048469958E-11
14423.0,0.9999583420313132,4.1648174885316154E-5,9.779395063993769E-9,1.4406410036897389E-11
14169.0,0.9988169335267385,0.0011827000788198173,3.6541878153485596E-7,9.756601221391174E-10
14660.0,0.9999538220485863,4.6136830188379576E-5,4.102360071179952E-8,9.762442507720708E-11
15536.0,0.9864078867794679,0.013506600237074213,8.544105879150652E-5,7.19246663761881E-8
14049.0,0.9999466740485801,5.3307869102506E-5,1.8043304014779692E-8,3.901347285560099E-11
14831.0,0.9994310354651502,5.684044227818405E-4,5.597517517907518E-7,3.6031605588894764E-10
14588.0,6.543752658752335E-8,0.025155244570699797,0.9214593177497167,0.05338537224205694
14322.0,0.9507609159362328,0.0492318689077882,7.162185967430459E-6,5.297001139451532E-8
15066.0,0.9921178937249445,0.00787965156397745,2.4279576423947446E-6,2.6753435534883096E-8
15305.0,0.9999364575754586,6.349060027350102E-5,5.17913980723754E-8,3.2869853640144224E-11
15692.0,1.5229740074661257E-4,0.5618575434786607,0.4377110113010638,2.7914781952884674E-4
15455.0,0.9753473714653399,0.024639220492250456,1.3328249264897497E-5,7.979314463579328E-8
14592.0,0.9999319714952253,6.799400303204448E-5,3.4474737796917285E-8,2.70047996314977E-11
14355.0,0.9999583420313132,4.1648174885316154E-5,9.779395063993769E-9,1.4406410036897389E-11
14109.0,0.9206109244033671,0.07932781249352715,6.081956492004829E-5,4.4353818574013664E-7
14901.0,0.9974802425812384,0.002517422620770842,2.332349752122305E-6,2.44823851113644E-9
15142.0,0.9479816344152857,0.05200714806831474,1.1187082273625397E-5,3.0434125871322805E-8
15485.0,0.5663265470685508,0.4195906483438128,0.013781015041592973,3.0178954604348577E-4
15726.0,0.6883087150843875,0.3083393276089903,0.0033504927556209986,1.464551001246587E-6
14143.0,3.0375884341829305E-20,2.87707803051896E-4,3.291903104243995E-4,0.9993831018865238
14385.0,0.9994783598664586,5.213977520322045E-4,2.4175148528458914E-7,6.300239075138124E-10
14626.0,0.9978952197263007,0.002090341501219472,1.4430306625540909E-5,8.465854295529044E-9
15108.0,0.9992180804324031,7.807360871862668E-4,1.1827220765231828E-6,7.583338791464691E-10
14871.0,0.998249378763968,0.0017492429096144793,1.376953165810862E-6,1.373251779246337E-9
15506.0,0.9999354427018503,6.452339091304153E-5,3.3812250137061265E-8,9.498663763661291E-11
15745.0,0.9963474662306401,0.0036247110428338143,2.7788809857518783E-5,3.391666854667214E-8
14288.0,0.9973436353183665,0.0026545832177061637,1.7785580756462127E-6,2.9058518656620685E-9
14558.0,0.9587167759023477,0.04126200781753403,2.107642422338043E-5,1.3985589482769309E-7
14797.0,0.999948804171877,5.1162145860874454E-5,3.3669746574442394E-8,1.2515290405041082E-11
14019.0,0.9997626197932857,2.3729162217239018E-4,8.848713903025749E-8,9.74028479358457E-11
15339.0,3.249878102841617E-10,0.0020653441992237844,0.7284413887153868,0.2694932667604016
15096.0,0.9995861625742025,4.134614312317648E-4,3.7408606322173035E-7,1.908502288055345E-9
14930.0,0.9999459124114447,5.4059641319264924E-5,2.7914127477292854E-8,3.310853674908539E-11
15169.0,0.9999583420313132,4.1648174885316154E-5,9.779395063993769E-9,1.4406410036897389E-11
14695.0,0.9983853966213705,0.0016133022160012167,1.2961155291672097E-6,5.047099213106379E-9
14452.0,0.9998663586297273,1.3311919081848163E-4,5.199731763133197E-7,2.206277813129396E-9
14202.0,0.9992960565653397,7.036678375111102E-4,2.742527815222814E-7,1.344367636198689E-9
15659.0,0.9999220628557166,7.787962662423977E-5,5.750070406861332E-8,1.6954846028861536E-11
15416.0,0.9999466740485801,5.3307869102506E-5,1.8043304014779692E-8,3.901347285560099E-11
15037.0,0.964902334704329,0.035087656620830646,9.952535684816506E-6,5.613915552431017E-8
15278.0,0.9997009358714247,2.989046068514248E-4,1.5946592011247E-7,5.580346896033234E-11
14728.0,0.9994873129829024,5.125838978570621E-4,1.0295220284096194E-7,1.6703787506595633E-10
14491.0,0.999950399017457,4.956886326916952E-5,3.2107061613330966E-8,1.2212400273182506E-11
14229.0,0.9999279690609163,7.194319137060838E-5,8.769129265404405E-8,5.642032048469958E-11
15575.0,0.9999466740485801,5.3307869102506E-5,1.8043304014779692E-8,3.901347285560099E-11
15244.0,0.9999466740485801,5.3307869102506E-5,1.8043304014779692E-8,3.901347285560099E-11
15007.0,0.9998293904312904,1.7050661842306922E-4,1.0275233451970632E-7,1.9795213509892966E-10
14263.0,0.9999220628557166,7.787962662423977E-5,5.750070406861332E-8,1.6954846028861536E-11
14521.0,0.9999364575754586,6.349060027350102E-5,5.17913980723754E-8,3.2869853640144224E-11
14762.0,0.9959121786500604,0.004085875165879769,1.9351885676498753E-6,1.0995492166384172E-8
13988.0,0.9438832907876491,0.0560765384491589,3.867782936190404E-5,1.4929338301641622E-6
15605.0,0.7948145807270773,0.2050939339122076,9.121089883235856E-5,2.7446188278395984E-7
15203.0,0.9999466740485801,5.3307869102506E-5,1.8043304014779692E-8,3.901347285560099E-11
14960.0,0.999815675418267,1.8428212517233246E-4,4.229190375696678E-8,1.646571059068182E-10
14168.0,0.9999279690609163,7.194319137060838E-5,8.769129265404405E-8,5.642032048469958E-11
14422.0,0.9999583420313132,4.1648174885316154E-5,9.779395063993769E-9,1.4406410036897389E-11
14661.0,0.9999583420313132,4.1648174885316154E-5,9.779395063993769E-9,1.4406410036897389E-11
15386.0,0.9999364575754586,6.349060027350102E-5,5.17913980723754E-8,3.2869853640144224E-11
15625.0,0.9891386608776681,0.010846998823956315,1.4338976079191047E-5,1.3222963806398892E-9
14830.0,0.0057771642566152945,0.9914792292846243,0.002726401087648971,1.7205371111476133E-5
14048.0,0.9999583420313132,4.1648174885316154E-5,9.779395063993769E-9,1.4406410036897389E-11
14323.0,0.32592915933500954,0.667004558949513,0.007037120488309847,2.9161227167603966E-5
14589.0,0.998539083886433,0.0014606348997410906,2.8052229694031286E-7,6.91528882337899E-10
15067.0,0.9919990983410001,0.007999254634415549,1.546773296707869E-6,1.0025128760555645E-7
15304.0,0.9999354427018503,6.452339091304153E-5,3.3812250137061265E-8,9.498663763661291E-11
15537.0,0.8871970114361443,0.11248422771224995,3.1155266156092707E-4,7.208190044967452E-6
14593.0,0.936968181717532,0.061921230105363004,0.0010943227661724274,1.6265410932640422E-5
14108.0,0.9999033060874768,9.66593204118351E-5,3.4493234778930544E-8,9.887648361170517E-11
14354.0,0.9975480335822766,0.0024509668183425337,9.96319221619084E-7,3.280159137024975E-9
14900.0,0.9630527890519354,0.03692745776577311,1.9636711862019814E-5,1.1647042950024903E-7
15143.0,0.9983339566491718,0.001664870582565186,1.1649894298014022E-6,7.778833268562519E-9
15693.0,0.9999466740485801,5.3307869102506E-5,1.8043304014779692E-8,3.901347285560099E-11
15454.0,0.9899588323408279,0.010028804637881588,1.233848742722803E-5,2.4533863168089442E-8
14384.0,0.9999583420313132,4.1648174885316154E-5,9.779395063993769E-9,1.4406410036897389E-11
14142.0,0.9965625747079907,0.0034345129847674007,2.9033580088284005E-6,8.949233088197207E-9
14627.0,0.969900264683693,0.030087351084185195,1.2380208504952878E-5,4.023617103959796E-9
15109.0,0.9874381227493443,0.012493336759353733,6.851876472843834E-5,2.172657353297642E-8
14870.0,0.9984300915409252,0.001569160050711946,7.479381267632888E-7,4.702361547747808E-10
15484.0,0.9999220628557166,7.787962662423977E-5,5.750070406861332E-8,1.6954846028861536E-11
15727.0,0.9999220628557166,7.787962662423977E-5,5.750070406861332E-8,1.6954846028861536E-11
14559.0,0.0028978528478301627,0.9932184309551383,0.003868129397464836,1.5586799566677478E-5
14289.0,0.9999466740485801,5.3307869102506E-5,1.8043304014779692E-8,3.901347285560099E-11
14018.0,0.9875182518449307,0.012472652095241342,8.840266282892266E-6,2.5579354487570584E-7
14796.0,0.999950399017457,4.956886326916952E-5,3.2107061613330966E-8,1.2212400273182506E-11
15338.0,0.9955489319837577,0.004445472048999625,5.585228915863251E-6,1.0738326974103743E-8
15097.0,0.999950399017457,4.956886326916952E-5,3.2107061613330966E-8,1.2212400273182506E-11
15507.0,0.9324019775442295,0.06757048518975337,2.7520966016079447E-5,1.630000090811106E-8
15744.0,2.004807899727794E-15,0.01901997445272522,0.00979412641327324,0.9711858991339996
15630.0,0.999950399017457,4.956886326916952E-5,3.2107061613330966E-8,1.2212400273182506E-11
15389.0,2.9004616083260222E-6,0.3584470939720069,0.5856057054492095,0.055944300117175355
14658.0,0.9999220628557166,7.787962662423977E-5,5.750070406861332E-8,1.6954846028861536E-11
14417.0,0.9998857127330546,1.1414759467577877E-4,1.3937866625400332E-7,2.936033966743687E-10
14175.0,0.9999364575754586,6.349060027350102E-5,5.17913980723754E-8,3.2869853640144224E-11
14967.0,0.9999538220485863,4.6136830188379576E-5,4.102360071179952E-8,9.762442507720708E-11
15204.0,0.9997626197932857,2.3729162217239018E-4,8.848713903025749E-8,9.74028479358457E-11
15602.0,0.04638945300804639,0.8262363098298521,0.10326801583841144,0.02410622132369002
13987.0,0.9999466740485801,5.3307869102506E-5,1.8043304014779692E-8,3.901347285560099E-11
14765.0,0.901389643907994,0.09854604780049374,6.421292733781646E-5,9.536417448591403E-8
14526.0,0.9780028678591204,0.02199535585307964,1.7734140740731846E-6,2.873725860965567E-9
14256.0,0.9999364575754586,6.349060027350102E-5,5.17913980723754E-8,3.2869853640144224E-11
15000.0,0.9998082320335031,1.9138189118940937E-4,3.8598912746115156E-7,8.617982580716685E-11
15243.0,6.356188514436408E-4,0.9984548468479408,9.050626478827394E-4,4.471652732861446E-6
15568.0,0.9999583420313132,4.1648174885316154E-5,9.779395063993769E-9,1.4406410036897389E-11
14226.0,0.9248852873256775,0.07461771261587427,4.911468638848811E-4,5.853194563377526E-6
14492.0,0.9906832217904186,0.009312672720243245,4.097077135708824E-6,8.412202489987044E-9
14735.0,0.9937670541276454,0.006134728611988366,9.748975701139843E-5,7.275033546825316E-7
15273.0,0.9940829253181267,0.005910282033300546,6.7652377522923456E-6,2.7410820560364938E-8
15034.0,0.9568799847030391,0.0382400854941328,0.004738716542689753,1.4121326013844947E-4
15423.0,0.5759940601101267,0.42358305163927157,4.202185289190325E-4,2.6697216827037375E-6
15660.0,0.9998179490032895,1.8191797551325774E-4,1.3294975685126517E-7,7.144033841077123E-11
14205.0,0.9999466740485801,5.3307869102506E-5,1.8043304014779692E-8,3.901347285560099E-11
14451.0,0.9999279690609163,7.194319137060838E-5,8.769129265404405E-8,5.642032048469958E-11
14688.0,0.9999538220485863,4.6136830188379576E-5,4.102360071179952E-8,9.762442507720708E-11
15174.0,0.20446875487624325,0.7540052619392903,0.041438878043588215,8.71051408782009E-5
14933.0,1.461738503395897E-21,7.00497303817617E-6,0.38620545547278157,0.6137875395541803
15751.0,0.9999459124114447,5.4059641319264924E-5,2.7914127477292854E-8,3.310853674908539E-11
15508.0,3.8015216840426454E-6,0.929628410666938,0.06888785728979475,0.001479930521583046
15102.0,0.9324177385350528,0.06755099238076943,3.1155201573291996E-5,1.1388260450430389E-7
15341.0,0.999950399017457,4.956886326916952E-5,3.2107061613330966E-8,1.2212400273182506E-11
14795.0,0.9997626197932857,2.3729162217239018E-4,8.848713903025749E-8,9.74028479358457E-11
14021.0,0.9997604292854495,2.394478268888319E-4,1.225792629350612E-7,3.0839882753107975E-10
14294.0,0.010630692853992542,0.6730247361474667,0.25161334076249964,0.06473123023604112
14552.0,0.9999279690609163,7.194319137060838E-5,8.769129265404405E-8,5.642032048469958E-11
15720.0,0.9999220628557166,7.787962662423977E-5,5.750070406861332E-8,1.6954846028861536E-11
15483.0,0.9999319714952253,6.799400303204448E-5,3.4474737796917285E-8,2.70047996314977E-11
14865.0,0.5548085110012997,0.4114622517970832,0.027803646625702224,0.005925590575914858
15106.0,0.9998940357999092,1.058350690755474E-4,1.2906583135997947E-7,6.518376990827114E-11
14628.0,0.984364860264745,0.015627255047408407,7.879635166654976E-6,5.052680084697458E-9
14137.0,0.8493349420258326,0.15051212648281048,1.5269860878685802E-4,2.328825698731971E-7
14391.0,0.9999583420313132,4.1648174885316154E-5,9.779395063993769E-9,1.4406410036897389E-11
15449.0,0.9999354427018503,6.452339091304153E-5,3.3812250137061265E-8,9.498663763661291E-11
15690.0,0.9999466740485801,5.3307869102506E-5,1.8043304014779692E-8,3.901347285560099E-11
15136.0,0.9999466740485801,5.3307869102506E-5,1.8043304014779692E-8,3.901347285560099E-11
14899.0,0.9986879025957109,0.0013114540429904973,6.393441040029065E-7,4.017194469175142E-9
14357.0,6.559164825574962E-8,0.9954333748889573,0.004408708882844754,1.5785063654969955E-4
14107.0,6.062687643414133E-6,0.20752415230320853,0.7435053417959446,0.048964443213203555
14598.0,0.7107591568028852,0.2890435545885024,1.928498306631703E-4,4.438777949327312E-6
15542.0,1.718772849739658E-9,0.00289757472860745,0.9757770051782599,0.021325418374359615
15311.0,4.5111667091709346E-14,4.596086541724873E-7,0.3166229186809166,0.6833766217103842
15068.0,1.1254796116637758E-30,2.3754457516320823E-8,0.06820999728423673,0.9317899789613057
14586.0,0.7630689133001657,0.17762354573373432,0.05754374578763374,0.0017637951784662824
14324.0,0.999701114270207,2.9876075964986414E-4,1.2454068783380817E-7,4.2945537191344674E-10
14055.0,0.9986110603757768,0.0013871980045823235,1.7368234172342749E-6,4.796223680525993E-9
14825.0,0.9926985819670806,0.0071923097392423,1.0869188892482873E-4,4.164047520700466E-7
14659.0,0.5376112801532638,0.45910587763467287,0.0032781983403476576,4.6438717157201285E-6
14174.0,0.9999220628557166,7.787962662423977E-5,5.750070406861332E-8,1.6954846028861536E-11
14416.0,0.9998699816958079,1.2982644134149367E-4,1.9173305223755075E-7,1.2979817425279813E-10
14966.0,0.9900157707156755,0.00989946104362228,8.450018055924516E-5,2.6806014315579966E-7
15205.0,0.9999113116176067,8.858160600567069E-5,1.0673412170386067E-7,4.226594271998706E-11
15631.0,0.9944362115842259,0.00555755977993468,6.207479785557155E-6,2.1156053925423614E-8
15388.0,0.9996806849220664,3.17406106478001E-4,1.9060347578061795E-6,2.9366976893041027E-9
14764.0,1.8171635131936222E-10,0.934763126110308,0.0406906873697453,0.02454618633823041
13986.0,5.021587624175469E-7,0.7043214107070394,0.28766886259698576,0.008009224537212395
14257.0,0.021588674615516897,0.6354393798851332,0.03660581674913947,0.3063661287502103
14527.0,0.9798421814736724,0.02013215480082327,2.563272713574467E-5,3.0998368651806374E-8
15001.0,0.9999538220485863,4.6136830188379576E-5,4.102360071179952E-8,9.762442507720708E-11
15242.0,0.9993370230152093,6.627476656798135E-4,2.2890447842509718E-7,4.1463262201464386E-10
15603.0,0.9998699816958079,1.2982644134149367E-4,1.9173305223755075E-7,1.2979817425279813E-10
14493.0,0.9999220628557166,7.787962662423977E-5,5.750070406861332E-8,1.6954846028861536E-11
14227.0,0.9946766113882919,0.005310692009092868,1.2669083871002462E-5,2.7518744175991444E-8
14734.0,0.9999279690609163,7.194319137060838E-5,8.769129265404405E-8,5.642032048469958E-11
15272.0,0.9986879025957109,0.0013114540429904973,6.393441040029065E-7,4.017194469175142E-9
15035.0,7.249923590584983E-8,0.9948995611999654,0.004493775344191757,6.065909566068858E-4
15569.0,0.9630527890519354,0.03692745776577311,1.9636711862019814E-5,1.1647042950024903E-7
14450.0,0.9999538220485863,4.6136830188379576E-5,4.102360071179952E-8,9.762442507720708E-11
14204.0,0.9997320047565131,2.678912675786484E-4,1.036583339136852E-7,3.175742773161476E-10
14689.0,0.9964814469087246,0.0035170698113399907,1.4816689649387929E-6,1.6109702617058294E-9
15175.0,0.9761717765723666,0.023823820921214746,4.400099876878195E-6,2.4065418390674024E-9
14932.0,0.9999459124114447,5.4059641319264924E-5,2.7914127477292854E-8,3.310853674908539E-11
15422.0,0.999744218230831,2.5503593408095665E-4,7.442621345343814E-7,1.5729535449383322E-9
15661.0,0.055931689816102116,0.9432021882907692,8.636394649971838E-4,2.482428131449723E-6
15103.0,0.9999459124114447,5.4059641319264924E-5,2.7914127477292854E-8,3.310853674908539E-11
15340.0,0.890871783720628,0.10766418470566576,0.0014572663529802351,6.765220726036946E-6
14020.0,0.9984573268756194,0.0015412469793802646,1.423465654772516E-6,2.6793454201144013E-9
14794.0,0.999812915594286,1.868054083930968E-4,2.7886094754115547E-7,1.3637328906556693E-10
14553.0,0.9967284039075001,0.003270425470059665,1.1683628195053346E-6,2.259620813878862E-9
14295.0,0.9768331382856511,0.023054454671598248,1.111534492534137E-4,1.2535934971246066E-6
15750.0,0.999950399017457,4.956886326916952E-5,3.2107061613330966E-8,1.2212400273182506E-11
15509.0,0.9999319714952253,6.799400303204448E-5,3.4474737796917285E-8,2.70047996314977E-11
14864.0,0.9979087668503114,0.0020903938665001085,8.37615000463002E-7,1.6681879957599377E-9
15107.0,0.999950399017457,4.956886326916952E-5,3.2107061613330966E-8,1.2212400273182506E-11
14629.0,0.9996924631127106,3.0732802263624194E-4,2.084594156162489E-7,4.052374200585353E-10
14390.0,0.9984531307256738,0.001514547396487416,3.186153029949074E-5,4.603475394930333E-7
14136.0,0.9999364575754586,6.349060027350102E-5,5.17913980723754E-8,3.2869853640144224E-11
15721.0,0.9999279690609163,7.194319137060838E-5,8.769129265404405E-8,5.642032048469958E-11
15482.0,0.9986819493031367,0.0013177196759104326,3.2666731799421774E-7,4.353635029587179E-9
15137.0,0.9996650467214748,3.340565446988512E-4,8.935251226455249E-7,3.2087034637489215E-9
14898.0,0.999950399017457,4.956886326916952E-5,3.2107061613330966E-8,1.2212400273182506E-11
14106.0,0.9987092224545571,0.001290270628434256,5.059386227555483E-7,9.783857555523209E-10
14356.0,0.9997228949792384,2.766708205829462E-4,4.3402947601220594E-7,1.7070286263198597E-10
14599.0,0.914836571075738,0.0789329080573593,0.006152336863931859,7.818400297096027E-5
15448.0,0.9999354427018503,6.452339091304153E-5,3.3812250137061265E-8,9.498663763661291E-11
15691.0,0.9999354427018503,6.452339091304153E-5,3.3812250137061265E-8,9.498663763661291E-11
15310.0,0.9918694380553393,0.008125055015784673,5.502083188487179E-6,4.845687493007877E-9
15069.0,0.9999036814115635,9.625601987968386E-5,6.24283561611759E-8,1.4020075671638482E-10
14325.0,0.9985506557742083,0.001448777697293253,5.646975536596108E-7,1.830944815075485E-9
14587.0,0.9998933506072355,1.065262954582646E-4,1.229747235602367E-7,1.2258259978682633E-10
14824.0,0.9999364575754586,6.349060027350102E-5,5.17913980723754E-8,3.2869853640144224E-11
14054.0,0.9378489927562775,0.06192721217103733,2.230531150102642E-4,7.419576747133133E-7
15543.0,0.9997165977818774,2.8251420343275544E-4,8.841890438996212E-7,3.825646021450888E-9
15600.0,0.9993072706391396,6.924112229144929E-4,3.168147665394163E-7,1.3231790400496063E-9
14524.0,0.9999459124114447,5.4059641319264924E-5,2.7914127477292854E-8,3.310853674908539E-11
14258.0,0.8792443477216043,0.12070006280109875,5.555003554961671E-5,3.944174738468244E-8
13985.0,0.9992983358648461,6.970143629353089E-4,4.641892372785598E-6,7.879845815760716E-9
14767.0,0.9997627391255639,2.371393225140531E-4,1.2124763671763435E-7,3.042851294487674E-10
15241.0,9.466328142601898E-4,0.9986219992088813,4.253473693818348E-4,6.020607476549821E-6
15002.0,0.007620922091792577,0.35188696586487184,0.5022311634163802,0.1382609486269555
15391.0,0.9997626197932857,2.3729162217239018E-4,8.848713903025749E-8,9.74028479358457E-11
15628.0,0.9999583420313132,4.1648174885316154E-5,9.779395063993769E-9,1.4406410036897389E-11
14419.0,0.9996668508267622,3.3302509648468177E-4,1.2359221346278504E-7,4.845397446481157E-10
14173.0,0.9723349005162997,0.02764992549688213,1.5109785926266972E-5,6.42008919845279E-8
14656.0,1.5187341853426543E-15,7.767461695830202E-5,0.9927834034788683,0.0071389219041719625
15206.0,0.9999354427018503,6.452339091304153E-5,3.3812250137061265E-8,9.498663763661291E-11
14965.0,0.8088465402974575,0.19080332031715688,3.477822197231E-4,2.3571656624489273E-6
15662.0,0.9993202739049932,6.729424286754621E-4,6.7791111482046265E-6,4.555182900839949E-9
15421.0,2.179059900699215E-6,0.3401734377974476,0.595045718270398,0.0647786648722537
14690.0,0.9997626197932857,2.3729162217239018E-4,8.848713903025749E-8,9.74028479358457E-11
14207.0,0.9988349190268914,0.001164476101202844,6.032197006847805E-7,1.652205187760417E-9
14449.0,0.9999220628557166,7.787962662423977E-5,5.750070406861332E-8,1.6954846028861536E-11
14935.0,0.9997648500846448,2.350902727675116E-4,5.951177320258437E-8,1.3081427872283215E-10
15172.0,0.9998132590262481,1.8650934328621945E-4,2.315432884951653E-7,8.717705787889525E-11
15570.0,0.9971843684823908,0.0028152523060737096,3.7296826919569373E-7,6.243266302897053E-9
14733.0,0.9997834561537443,2.1640312074983032E-4,1.4057617255925373E-7,1.493333345371599E-10
14224.0,0.01499546456651099,0.3402528911115969,0.618264750649146,0.026486893672746037
14494.0,0.9999279690609163,7.194319137060838E-5,8.769129265404405E-8,5.642032048469958E-11
15032.0,0.9999364575754586,6.349060027350102E-5,5.17913980723754E-8,3.2869853640144224E-11
15275.0,0.9955933771263403,0.004054774892211182,3.47052197651374E-4,4.795783797057491E-6
15481.0,0.9992014793770915,7.979431054481068E-4,5.769217738517199E-7,5.956863950964673E-10
15722.0,0.9999364575754586,6.349060027350102E-5,5.17913980723754E-8,3.2869853640144224E-11
15104.0,0.9997218125705598,2.780361027341827E-4,1.5123543980378283E-7,9.126626233789362E-11
14867.0,0.9998661265042709,1.3378089676723142E-4,9.234559205440723E-8,2.533699281159766E-10
14139.0,0.2451528339899497,0.4713860900730718,0.2805459050343283,0.0029151709026501776
14389.0,0.7994786569565625,0.19928991958164508,0.0012283699828557352,3.0534789368576707E-6
14630.0,0.9999466740485801,5.3307869102506E-5,1.8043304014779692E-8,3.901347285560099E-11
15510.0,0.9232813791645428,0.07665927754581925,5.73283162477981E-5,2.014973390223114E-6
15749.0,0.9999319714952253,6.799400303204448E-5,3.4474737796917285E-8,2.70047996314977E-11
15343.0,1.837820606915736E-17,0.0018254488049590336,0.31990037194333026,0.6782741792517106
15100.0,0.999950399017457,4.956886326916952E-5,3.2107061613330966E-8,1.2212400273182506E-11
14292.0,0.9997588920097751,2.409868379847689E-4,1.211166519823598E-7,3.558825174011213E-11
14554.0,0.9999459124114447,5.4059641319264924E-5,2.7914127477292854E-8,3.310853674908539E-11
14793.0,0.9998186402077166,1.8132448668458184E-4,3.5260051926065746E-8,4.554706110705517E-11
14023.0,1.1084971452478033E-7,0.006317794454288356,0.8951292526663238,0.09855284202967313
15540.0,0.999950399017457,4.956886326916952E-5,3.2107061613330966E-8,1.2212400273182506E-11
15070.0,0.9962551288319098,0.003736684453711161,8.147104530136532E-6,3.9609848939577034E-8
15309.0,0.9999583420313132,4.1648174885316154E-5,9.779395063993769E-9,1.4406410036897389E-11
14053.0,0.9999459124114447,5.4059641319264924E-5,2.7914127477292854E-8,3.310853674908539E-11
14827.0,0.9999538220485863,4.6136830188379576E-5,4.102360071179952E-8,9.762442507720708E-11
14584.0,0.999950399017457,4.956886326916952E-5,3.2107061613330966E-8,1.2212400273182506E-11
14326.0,0.9994731591136959,5.262716502628943E-4,5.677758432569333E-7,1.4601979202320717E-9
15688.0,5.1113355877664347E-11,1.511948776747648E-5,0.9669560451949591,0.033028835266159955
15451.0,0.999950399017457,4.956886326916952E-5,3.2107061613330966E-8,1.2212400273182506E-11
14897.0,0.9923613463358939,0.007634309687754738,4.3399594398145135E-6,4.0169113194924974E-9
15138.0,0.6058003076156473,0.39361092906701584,5.806788698707267E-4,8.084447466098253E-6
14596.0,0.9999459124114447,5.4059641319264924E-5,2.7914127477292854E-8,3.310853674908539E-11
14359.0,0.9999364575754586,6.349060027350102E-5,5.17913980723754E-8,3.2869853640144224E-11
14105.0,0.9993052282859664,6.94577665103338E-4,1.9382101967331251E-7,2.2791074896551115E-10
14259.0,0.9789641540272861,0.020973345124007548,6.223494962198904E-5,2.658990842930849E-7
14525.0,0.9999319714952253,6.799400303204448E-5,3.4474737796917285E-8,2.70047996314977E-11
14766.0,0.9999364575754586,6.349060027350102E-5,5.17913980723754E-8,3.2869853640144224E-11
13984.0,0.9283249860640629,0.07154767962478872,1.2317280866297017E-4,4.161502485420864E-6
15240.0,0.9953652623383206,0.0046328122369552706,1.9240558561487304E-6,1.3688677853236867E-9
15003.0,0.9996878691777087,3.1197526779335773E-4,1.5540158531512758E-7,1.529125105980027E-10
15601.0,0.0022465073387809087,0.9974159042943718,3.2902201379094906E-4,8.566353056411433E-6
14172.0,0.9755161828776543,0.024473807114471342,9.970517143765828E-6,3.949073053914334E-8
14418.0,0.9999354427018503,6.452339091304153E-5,3.3812250137061265E-8,9.498663763661291E-11
14657.0,0.9934389088064599,0.0065090446059644915,5.2017514844194526E-5,2.9072731228016146E-8
15207.0,0.9999354427018503,6.452339091304153E-5,3.3812250137061265E-8,9.498663763661291E-11
14964.0,4.5128584705007503E-11,0.4296273942903195,0.34684579589923636,0.22352680976531547
15390.0,0.9723544460163034,0.02763038888651946,1.5100959648295507E-5,6.413752873970184E-8
15629.0,0.962518689309963,0.037167393265888256,3.0886068501482394E-4,5.05673913394254E-6
14691.0,0.9996627695337585,3.369533906595803E-4,2.764442497495171E-7,6.313320252831335E-10
14448.0,0.6112784401207683,0.38826127619170614,4.5714278052913396E-4,3.1409069964913895E-6
14206.0,0.999950399017457,4.956886326916952E-5,3.2107061613330966E-8,1.2212400273182506E-11
14934.0,0.9990841381895793,9.142557835128517E-4,1.6004891059041398E-6,5.5378018834706205E-9
15173.0,0.999936480984282,6.346720729614385E-5,5.17755691905879E-8,3.2852853018251986E-11
15663.0,0.9994153610810461,5.845098204096946E-4,1.2842668576253743E-7,6.718582641093038E-10
15420.0,0.9997049142996277,2.949841548116414E-4,1.0144216324880812E-7,1.0339715894170423E-10
14732.0,0.9979502528639153,0.002030192671865584,1.9476121473936044E-5,7.834274512874226E-8
14495.0,0.8608489749573619,0.13681498391200703,0.0023190253305369864,1.7015800094213785E-5
14225.0,0.9997320047565131,2.678912675786484E-4,1.036583339136852E-7,3.175742773161476E-10
15033.0,0.9944176844342474,0.005574219923127875,8.051359064338263E-6,4.428356064851371E-8
15274.0,0.9992152680890449,7.842829288372813E-4,4.485360488694287E-7,4.460689547330246E-10
15571.0,4.6694099605203714E-7,0.9934292840139843,0.0062890862283488825,2.811628166707846E-4
15105.0,0.31105037310806777,0.685330559885802,0.0036013837343580506,1.7683271772053287E-5
14866.0,0.9999354427018503,6.452339091304153E-5,3.3812250137061265E-8,9.498663763661291E-11
14388.0,0.9323782740093381,0.06757885594436978,4.283816482496149E-5,3.1881467112457923E-8
14138.0,0.9964675035013425,0.003528810766033643,3.6800702971298623E-6,5.6623265540763555E-9
14631.0,0.9998345658970121,1.652994851659731E-4,1.3447960790013183E-7,1.382140336341212E-10
15480.0,6.964891754366759E-7,0.1370956060778499,0.6302286662795482,0.2326750311534265
15723.0,0.9999459124114447,5.4059641319264924E-5,2.7914127477292854E-8,3.310853674908539E-11
15342.0,0.9999538220485863,4.6136830188379576E-5,4.102360071179952E-8,9.762442507720708E-11
15101.0,1.0104313259507228E-15,3.087571004588259E-5,0.09167843895987528,0.9082906853300777
14555.0,0.9999538220485863,4.6136830188379576E-5,4.102360071179952E-8,9.762442507720708E-11
14293.0,0.9999538220485863,4.6136830188379576E-5,4.102360071179952E-8,9.762442507720708E-11
14022.0,0.9977891649987556,0.002208763728097941,2.070554176117307E-6,7.189702559980996E-10
14792.0,0.9999279690609163,7.194319137060838E-5,8.769129265404405E-8,5.642032048469958E-11
15511.0,0.9999319714952253,6.799400303204448E-5,3.4474737796917285E-8,2.70047996314977E-11
