15572.0,0.9999999650690016,3.423839155131133E-8,6.925983068385446E-10,8.481362086195724E-15
15277.0,0.9997646863419725,2.3531248666035822E-4,1.1666454433681352E-9,4.7217256795094295E-12
15038.0,2.529692100792551E-6,5.83632538922145E-4,0.9845760435693449,0.014837794199632116
14230.0,0.9999999206202898,7.716118820842903E-8,2.2185018897413E-9,2.013612344141188E-14
14488.0,0.9868802478098384,0.013089633283520377,2.520333646866531E-5,4.915570172506535E-6
14731.0,0.9999997586490632,1.892051365058318E-7,5.214393082444986E-8,1.869380984480983E-12
15419.0,0.963298552031236,0.03404516268878461,0.002634421789491145,2.186349048813775E-5
15656.0,0.999542466526467,4.5736397445371284E-4,1.691420171996533E-7,3.5706203405315853E-10
15170.0,0.9971800883513955,0.002817122555542681,1.7920598649280386E-6,9.97033196833843E-7
14929.0,0.9999995281608656,4.716755673871047E-7,1.631316256301795E-10,4.353201756793958E-13
14201.0,0.9999682271788737,3.1731799652206646E-5,4.097559382623628E-8,4.58803067015182E-11
14455.0,3.8370443892101106E-20,1.36108398967309E-4,0.967750555823049,0.03211333577798354
14692.0,0.12651572771081634,0.8610548530325519,0.009560490077359818,0.002868929179271789
15626.0,0.9995821291929798,4.1774381702809306E-4,1.2651756858139734E-7,4.72423476057143E-10
15385.0,0.9999722859589086,1.7214955204505965E-5,1.0497513857644088E-5,1.572029182986518E-9
14963.0,0.1773344139705082,0.821311349091692,6.161133749639818E-4,7.381235628357768E-4
15200.0,0.9999449283646044,5.5051857756284334E-5,1.9763740801729728E-8,1.3898609610039656E-11
14662.0,0.9990727562108087,9.23506965621975E-4,3.691210315787189E-6,4.5613253496337766E-8
14421.0,0.945169271331059,0.054815090891090976,1.349077203069866E-5,2.1470058193781727E-6
14171.0,1.8388919302133358E-7,0.021148214953793466,0.9467733038401867,0.032078297316826945
15606.0,0.9993318659621742,6.676177910495558E-4,5.154934975931945E-7,7.532788158465013E-10
15004.0,0.9999947767815016,5.220329086573679E-6,2.8879240498644095E-9,1.487762820858835E-12
15247.0,0.9998692772130956,1.3046201617796524E-4,2.595004193193756E-7,1.2703070742397683E-9
13991.0,0.9999976055320545,1.5027335379557588E-6,8.917061855201651E-7,2.82220751582371E-11
14761.0,3.137163137079452E-4,0.9907705539885727,0.008663768397021286,2.51961300697963E-4
14522.0,2.7528311700320284E-4,0.9996648190513631,5.986781071189232E-5,3.002092180558334E-8
14260.0,0.9999973883848604,2.3851590859159443E-6,2.2643306193083723E-7,2.2991829277661977E-11
15453.0,0.2615049557143941,0.668700939739032,0.06114309965265755,0.00865100489391631
15694.0,0.12816707620796175,0.8698398527458401,0.001992868116819715,2.0292937837459863E-7
14353.0,0.9999999445970067,4.7601986127727394E-8,7.80084525079264E-9,1.6204628784789236E-13
14111.0,0.9999307330982937,2.5434965068483824E-6,6.672291941225845E-5,4.857871801170945E-10
14594.0,0.9999999604547126,3.6929568854522904E-8,2.615675572978358E-9,4.29341108315528E-14
15140.0,0.9999763439320289,2.0049843487768615E-5,3.605925180424223E-6,2.993029355571084E-10
14903.0,0.9999999795462896,1.989516886339891E-8,5.585196456246135E-10,2.1964548773302025E-14
15538.0,0.9999853285854212,1.4655910352323363E-5,1.5502820426756582E-8,1.4060587990268803E-12
14590.0,0.9991918567774785,8.074520970194697E-4,6.900669873069334E-7,1.058514738826389E-9
14320.0,0.9990220622879885,9.774585788899102E-4,4.696751251037723E-7,9.457996592152463E-9
14051.0,2.0942811097292018E-6,0.9982217003187259,4.003798684761094E-4,0.0013758255316882683
14829.0,0.996593836396326,0.0034004745933623633,5.634007681829523E-6,5.50026297595577E-8
15307.0,0.9999997051853349,2.861312589061637E-7,8.683285986820041E-9,1.2008678724189878E-13
15064.0,7.476572137605372E-6,0.997887300395552,0.0010413824591685827,0.0010638405731418325
15747.0,1.2071397751222906E-17,7.770832750054777E-5,0.012441085459914602,0.9874812062125848
15504.0,0.9999999695661658,2.9602759329213225E-8,8.310420868294279E-10,3.2681866415671294E-14
14799.0,0.9997595583318551,2.4032811776347068E-4,1.1317721992695368E-7,3.7316125171970344E-10
14017.0,0.9998535574675652,1.368751527618634E-4,9.56712469711084E-6,2.549757660047855E-10
14290.0,0.9999991226648096,8.756469200600799E-7,1.6880365459000233E-9,2.336170735055837E-13
14556.0,0.9999999646129529,3.4957079262157804E-8,4.299406467033224E-10,2.7154139975914788E-14
15098.0,0.9999590178149241,4.0964297383292284E-5,1.77351044573912E-8,1.5258810963316018E-10
15337.0,0.9999998084586356,1.834535257025177E-7,8.087632582142873E-9,2.0622065680679908E-13
15724.0,0.742641566769582,0.25064724992126314,0.006672536807272931,3.864650188156159E-5
15487.0,0.999999960710906,3.852195614096988E-8,7.671334124808602E-10,4.616828265161551E-15
14624.0,0.999999966571155,3.288223632350416E-8,5.465869776739208E-10,2.1688327212767835E-14
14141.0,0.00664082698856833,0.7465378451178728,0.24491782175396506,0.0019035061395937286
14387.0,0.9999999755552619,2.3607414655795606E-8,8.373206675071341E-10,2.8718881933293734E-15
14869.0,3.1832758738721E-4,0.8485400038964641,0.1511240021594171,1.766635673150426E-5
15110.0,0.9999999509628313,4.5793610700485806E-8,3.2435046663988057E-9,5.3239396455906424E-14
15276.0,0.9995821906779083,4.1775147309401747E-4,5.765927039859965E-8,1.8972720321376683E-10
15039.0,0.999995409411807,4.589383447941546E-6,1.2042650348546957E-9,4.800873321128178E-13
14489.0,0.9996773273937339,3.2219419417316804E-4,4.7401449829459055E-7,4.397594753475463E-9
14231.0,0.12519932011390325,0.8745170768131275,2.8360256256041675E-4,5.104089171789076E-10
14730.0,0.9999999981352242,1.8449687371545471E-9,1.9805822904661848E-11,1.2508937957254347E-15
15573.0,0.9999196137370372,8.035511614575047E-5,3.107038721898475E-8,7.642994240431511E-11
15171.0,0.08275623545215935,0.8687658180183992,0.04772985923838543,7.480872910560184E-4
14928.0,0.9999998715379427,1.235423348071409E-7,4.91965530478524E-9,6.709847298073103E-14
14454.0,0.9999965222883609,2.4040489502677353E-6,1.0736527062597814E-6,9.982750413213917E-12
14200.0,0.999989313819043,1.0681429041143135E-5,4.746881703092373E-9,5.03409122649606E-12
14693.0,0.9308193605962142,0.05048201167223449,0.01866854621607494,3.0081515476392506E-5
15418.0,0.9999999971577495,2.6764770054999786E-9,1.6577088164109126E-10,2.720989360664008E-15
15657.0,0.9999595749822062,4.0404471382310804E-5,2.0524645061383564E-8,2.1766486315247023E-11
14962.0,0.9992902894842219,7.0909241233319E-4,6.064751364068733E-7,1.1628308391534657E-8
15201.0,0.9999930045851207,6.971105918630367E-6,2.4278000692713127E-8,3.09598964160657E-11
14663.0,1.6542240512993785E-15,9.86684094552561E-4,0.9699410995511951,0.029072216354250644
14170.0,0.9999988877782626,1.0742912150812978E-6,3.792515006254653E-8,5.37217045172579E-12
14420.0,8.403844506074342E-7,0.9891162681445115,0.002768733842364639,0.00811415762867335
15627.0,5.517732129846844E-7,0.02730232398266159,0.9723072722252868,3.8985201883857734E-4
15384.0,3.06173665138754E-5,0.9999517169827921,1.7644386029600622E-5,2.126466452506593E-8
15005.0,0.0030672374953849574,0.9969131144784663,1.888324075336155E-5,7.647853954192897E-7
15246.0,0.0229191703515317,0.9754101914245477,0.0010334379118527469,6.372003120678606E-4
14760.0,0.998707350635362,0.0012893121776352912,3.3343808056835343E-6,2.806197183560043E-9
13990.0,0.04001739135110623,0.8901740196087177,0.06899330941847902,8.152796216970304E-4
14261.0,9.73024269176694E-17,7.321330076669939E-6,0.6208547817936602,0.3791378968762631
14523.0,0.9999938124255969,5.998962031085355E-6,1.88610983287107E-7,1.3886288385589766E-12
15607.0,6.677808187188203E-10,0.023761908432242653,0.9687993665119167,0.007438724388059971
14110.0,5.122718579833344E-6,0.9420075507024219,0.05798124976441096,6.076814587150296E-6
14352.0,4.4848994026503044E-8,0.9998299646317731,1.6997489697659674E-4,1.5622256143195715E-8
14595.0,0.9889215455858976,0.011072143304515824,6.260994054353596E-6,5.0115532211290496E-8
15141.0,0.9999999494041467,4.9612672814905746E-8,9.831746380829587E-10,5.764074000599645E-15
14902.0,0.5011759255609389,0.23624052822935296,0.2618225044661441,7.610417435640048E-4
15452.0,0.9929588511209927,0.007021585050227853,1.9026149823279902E-5,5.37678956184761E-7
15695.0,0.9997849409717232,2.14962826974099E-4,9.571977257606607E-8,4.815301417634712E-10
14321.0,0.9998797184276088,1.2023412917869392E-4,4.701399057537645E-8,4.2922212594140174E-10
14591.0,0.9999855766787635,1.4268062140914286E-5,1.5477733680703567E-7,4.817586541860683E-10
14828.0,3.572838705971899E-7,0.9983623006533089,0.0011751123665658789,4.62229696254752E-4
14050.0,0.011706388611615439,0.9840826231007432,0.004210987999380855,2.8826041317269954E-10
15306.0,6.333358498023357E-7,0.045042494599156796,0.5781241069188333,0.3768327651461601
15065.0,0.9999795470183488,2.0427155425122353E-5,2.5457390220224347E-8,3.688358461718224E-10
15539.0,0.9999993165029243,6.57623796617212E-7,2.5873207053401933E-8,7.214630369353718E-14
14016.0,0.9689245655480498,0.003163327504984516,0.02791091046519787,1.196481767827179E-6
14798.0,0.9999999526596418,4.645601002178383E-8,8.843131980035E-10,3.5089152834356205E-14
14557.0,6.80287428943158E-5,0.13823215219933718,0.03926619229658105,0.8224336267611875
14291.0,0.0032096794905160826,0.9899564452617422,0.006824573663398853,9.301584342794534E-6
15099.0,0.9996186177853135,3.8134210406619545E-4,4.0078743683287614E-8,3.187666241928777E-11
15336.0,0.9999999491574696,4.955781364833151E-8,1.2847108285398097E-9,6.028805016517137E-15
15746.0,0.9999998572227486,1.3960150090716445E-7,3.1757030033961354E-9,4.741526112897745E-14
15505.0,0.9941348820236501,0.0058516708713991636,1.3124843989689399E-5,3.222609609902337E-7
14625.0,0.9992627924742198,7.323034089919165E-4,4.748084915552268E-6,1.5603187270075276E-7
14386.0,0.3169700818149092,0.6828254202147053,2.044099220119369E-4,8.804837354830997E-8
14140.0,6.173496789842915E-7,0.9897083391953138,0.010150132062962577,1.4091139204469184E-4
14868.0,0.9999291921053999,3.6478333209862567E-5,3.4325811719288804E-5,3.749671007280759E-9
15111.0,0.01696354157896721,0.9830346151268904,1.8392445163437882E-6,4.04962609225406E-9
15725.0,0.9997811247679101,2.098917696519024E-4,8.090783525141847E-6,8.926789127806042E-7
15486.0,1.2248559771248828E-8,0.29293614345090296,0.6010974764966279,0.10596636780390936
15658.0,9.841105977651357E-8,0.017890429220656725,0.49823455766570873,0.4838749147025748
15417.0,0.9983820575930857,0.001616948052687922,8.440575939446743E-7,1.502966322500964E-7
14931.0,0.9999999369588962,6.144814685299275E-8,1.5929496045958443E-9,7.475287320619656E-15
15168.0,6.249599384398918E-11,6.2648616334518E-6,0.8043827812395036,0.19561095383636692
14694.0,0.9999429569154867,5.7003994188454756E-5,3.9020350220004315E-8,6.997459867078105E-11
14203.0,7.985404984739634E-5,0.9864746932962786,0.013440870091404222,4.582562469802134E-6
14453.0,0.9997119229270767,2.8791786514245074E-4,1.5882224850840468E-7,3.855323566750439E-10
15574.0,0.9996863062260624,3.135880674511485E-4,1.0562830757159488E-7,7.817900516260588E-11
15036.0,0.7559453492455035,0.24383275704153345,2.217481709389592E-4,1.4554202409236487E-7
15279.0,0.9664519265092817,0.03354518422158033,2.8531296517761947E-6,3.613948618653816E-8
14729.0,0.9999999650690016,3.423839155131133E-8,6.925983068385446E-10,8.481362086195724E-15
13959.0,0.9999766070854033,2.3391662260988396E-5,1.1200908733852538E-9,1.3224493351803905E-10
14228.0,9.966018122691878E-7,0.9998833189447941,1.154783018638776E-4,2.0615152972630456E-7
14490.0,0.0011841940744801317,0.9986333384873662,1.6545363415220718E-4,1.7013804001397222E-5
15604.0,0.9986435832944726,0.0010406123692728295,3.0129342616758115E-4,1.4510910087053641E-5
15245.0,1.93753077564302E-5,0.5389375904678152,0.226769781091926,0.23427325313250236
15006.0,0.2530065103294409,0.7469200439135176,7.177960505336676E-5,1.6661519882492652E-6
14520.0,0.9999834910409444,1.6503840272514876E-5,5.1160969286566445E-9,2.6860982919599994E-12
14262.0,1.1461902072387531E-11,1.2698783509971655E-4,0.5418353055889783,0.4580377065644601
13989.0,0.3715385187444876,0.6269086127689301,2.910774003602942E-4,0.001261791086221906
14763.0,0.8328631526509168,0.16198113179481194,9.106196041303303E-4,0.0042450959501407716
15387.0,0.9999999693533611,2.963391139186025E-8,1.0127146543958489E-9,1.2709758997830902E-14
15624.0,0.9999999798210571,1.9707759359672023E-8,4.711810196863919E-10,2.3083525553540057E-15
15202.0,0.9999270065433139,7.247216965436096E-5,5.208559200572884E-7,4.311117364870273E-10
14961.0,0.9999999694357549,2.8542576759056922E-8,2.0216353218914253E-9,3.318344058710473E-14
14423.0,0.9999999650690016,3.423839155131133E-8,6.925983068385446E-10,8.481362086195724E-15
14169.0,0.9995174774914123,4.824333591378366E-4,7.98980287477336E-8,9.251420977042044E-9
14660.0,0.999999991946263,7.820569583202056E-9,2.3316447748612197E-10,2.9262579571060795E-15
15536.0,0.71771682671406,0.16315215948575432,0.11742400792743495,0.001707005872750558
14049.0,0.9999993648774644,6.307300024959654E-7,4.392079053875331E-9,4.538706763175501E-13
14831.0,0.9987230396970604,0.001276274796736514,6.846229425091486E-7,8.832605356717783E-10
14588.0,2.0361530025172318E-9,0.02237188068090567,0.7111636391609227,0.26646447812201857
14322.0,0.9999825349356928,1.7254804976900117E-5,2.097108978799892E-7,5.484324957006099E-10
15066.0,0.9494487577773633,0.05043249769233417,1.0137734089114821E-4,1.7367189411520304E-5
15305.0,0.999999949904283,4.9117574546979625E-8,9.78136531725433E-10,5.8867053805582175E-15
15692.0,3.624884969414041E-7,0.9406292004305269,0.050623454120959054,0.008746982960017071
15455.0,0.9987765660103006,0.0012175555488229438,5.8191063084337346E-6,5.933456785290265E-8
14592.0,0.9999914971721717,8.08983029495542E-6,4.129974230803062E-7,1.1015656012603491E-13
14355.0,0.9999999982197101,1.7494015020367979E-9,3.08878784955615E-11,3.782441842676136E-16
14109.0,0.9984190284656501,0.0015792895435083284,1.6586162461148915E-6,2.3374595449361827E-8
14901.0,0.9999664955635678,3.3486633168371484E-5,1.7746648111951637E-8,5.661576817828903E-11
15142.0,0.7084401741781224,0.2798969003480442,0.0116226638685529,4.026160528040728E-5
15485.0,9.198706448429979E-4,0.5933492601791577,0.39791390462534004,0.007816964550659387
15726.0,3.562460831182971E-5,0.9044825297003094,0.09535080427937345,1.3104141200532722E-4
14143.0,2.2060354730265218E-20,1.5838362442077169E-4,0.03322249965851174,0.9666191167170676
14385.0,0.9999130352340309,8.678290566740378E-5,1.8167499336278958E-7,1.8530833112474838E-10
14626.0,0.999952489302401,4.4784399556571616E-5,1.890294700058461E-6,8.360033424314672E-7
15108.0,0.999063901767644,9.352147068839911E-4,7.34343333108284E-7,1.4918213881606875E-7
14871.0,0.9953227801768981,0.0046739084930857554,3.2904821198322634E-6,2.084789627206574E-8
15506.0,0.9999995298575011,4.5811459779204417E-7,1.2027365388892602E-8,5.356199516103788E-13
15745.0,0.9999903786256412,9.619020207107005E-6,2.352558118529627E-9,1.5936942165167936E-12
14288.0,0.4624433487480272,0.5374574805292095,9.916818397761916E-5,2.5387855781155434E-9
14558.0,0.9938823258112384,0.006113591977733149,2.6774287638577554E-6,1.4047822646423853E-6
14797.0,0.9980920097877806,0.0018444138666639269,6.357206946352421E-5,4.276092056353609E-9
14019.0,0.999543324419797,4.5585759001113196E-4,8.154733661631217E-7,2.516825824140771E-9
15339.0,1.8517480345128293E-8,0.2704662387668429,0.20904325421865963,0.5204904884970172
15096.0,0.9999858403578765,1.4153485957160456E-5,6.139389455992918E-9,1.677670015959781E-11
14930.0,0.9999999779016999,2.156999623606769E-8,5.282831746746291E-10,2.0775458208420044E-14
15169.0,0.9999999945207795,5.38415464580939E-9,9.506400577994658E-11,1.7649016402681281E-15
14695.0,0.9998716146230786,1.2828812071253193E-4,9.690184245241571E-8,3.543664904020078E-10
14452.0,0.9981245113605529,0.001606389727543334,2.140655520883752E-4,5.5033359815406494E-5
14202.0,0.9999536559491133,4.6313736170157517E-5,3.022476318620299E-8,8.995347296387134E-11
15659.0,0.9999987645920103,1.1593878558872731E-6,7.59861077687799E-8,3.402600865341167E-11
15416.0,0.9999944850257934,5.448434711553035E-6,6.633119533180583E-8,2.0829969963558028E-10
15037.0,0.001436670927859744,0.9978263270525926,7.369465882008381E-4,5.543134673054531E-8
15278.0,0.9999282599515904,7.172128066998882E-5,1.875039047095473E-8,1.734907577548386E-11
14728.0,0.999994641956435,4.8071785843682735E-6,5.506063230587364E-7,2.586576386406258E-10
14491.0,0.999998894090116,1.032428906187076E-6,7.348033424684193E-8,6.435878086222703E-13
14229.0,0.9999999509628313,4.5793610700485806E-8,3.2435046663988057E-9,5.3239396455906424E-14
15575.0,0.9999994807949267,5.178905805750648E-7,1.3007147485445687E-9,1.377804743108956E-11
15244.0,0.9998300576118995,1.6990010455506793E-4,4.207827801618798E-8,2.052674960325675E-10
15007.0,0.9999999127647344,8.579740030913222E-8,1.4378350578873102E-9,3.0084081168730734E-14
14263.0,0.9999996300351015,3.419738483075825E-7,2.7990891895347115E-8,1.5835605609425953E-13
14521.0,0.9999835792116267,1.631096232284989E-5,1.0453577162584504E-7,5.29027886724035E-9
14762.0,0.9995931713577675,4.065827067197376E-4,2.4275005021282766E-7,3.1854625957913517E-9
13988.0,0.0014494371622800915,0.5024738167586115,0.486371132437828,0.009705613641280277
15605.0,0.9927554519638964,0.007217714941566486,2.663580964154552E-5,1.9728489570133158E-7
15203.0,0.9999999646129529,3.4957079262157804E-8,4.299406467033224E-10,2.7154139975914788E-14
14960.0,0.9999797077569912,2.028471258792887E-5,7.52183726315332E-9,8.583551271294014E-12
14168.0,0.9999999509628313,4.5793610700485806E-8,3.2435046663988057E-9,5.3239396455906424E-14
14422.0,0.9999906381742822,9.358424926671186E-6,3.3979499858100076E-9,2.8412165099500727E-12
14661.0,0.9999999650690016,3.423839155131133E-8,6.925983068385446E-10,8.481362086195724E-15
15386.0,0.999999949904283,4.9117574546979625E-8,9.78136531725433E-10,5.8867053805582175E-15
15625.0,0.8942208445394678,0.10576697661126512,1.2172027160415204E-5,6.822106681189325E-9
14830.0,0.03815234225318812,0.932301021344257,0.029475959437801742,7.067696475304129E-5
14048.0,0.9999997051853349,2.861312589061637E-7,8.683285986820041E-9,1.2008678724189878E-13
14323.0,7.698391335195631E-5,0.9687576677678507,0.027062355811128466,0.004102992507668948
14589.0,0.9999999718532145,2.741399071127374E-8,7.327669373744348E-10,2.7763054950068543E-14
15067.0,0.9808535455158741,0.018774456403984858,3.2545830721450812E-6,3.687434970687727E-4
15304.0,0.9999998039942932,1.895178696215278E-7,6.4871984592149236E-9,6.385743650332779E-13
15537.0,0.8483837872261065,0.15150460466091178,1.1096707945656853E-4,6.410335252309366E-7
14593.0,0.9822653353407046,0.01465059760065085,0.0030552340295832672,2.883302906129151E-5
14108.0,0.9999973004437094,2.6911436397900356E-6,8.407697630831648E-9,4.953267965465143E-12
14354.0,0.9999984351933513,1.5628474320550485E-6,1.958985140254943E-9,2.315765141446732E-13
14900.0,0.36912020145932545,0.6033926592882258,0.027270422871744898,2.1671638070386008E-4
15143.0,0.9989267539060541,0.0010663370742051408,6.632427585096123E-6,2.7659215553535563E-7
15693.0,0.9999996741692919,3.222989920332342E-7,3.531180614075742E-9,5.354338336953419E-13
15454.0,0.3416377430400543,0.6572322300438465,8.521866529422173E-4,2.778402631570615E-4
14384.0,0.9999807219441009,1.926240402940787E-5,1.5631049457682046E-8,2.0820205631763614E-11
14142.0,0.9999857081194362,1.4280957229435445E-5,1.091771283794237E-8,5.621549406587499E-12
14627.0,0.007722454394102705,0.992276315376829,1.1930263795769429E-6,3.720268863389221E-8
15109.0,0.9760272158614545,0.02387464477179181,9.712937381742622E-5,1.009992936278315E-6
14870.0,0.0019225272838604953,0.9968199801690297,0.0012565587252174242,9.338218922423703E-7
15484.0,0.9999999491574696,4.955781364833151E-8,1.2847108285398097E-9,6.028805016517137E-15
15727.0,0.9999999977034815,2.2455901338862813E-9,5.0927992905389586E-11,2.3899147752816445E-16
14559.0,0.1431625989989452,0.8407605609251873,0.01582003155437758,2.568085214899384E-4
14289.0,0.9999999893102491,1.0514510716784206E-8,1.7523195645511551E-10,8.167515759558635E-15
14018.0,0.934578089644219,0.06517062891770822,2.4355656362649072E-4,7.724874446441864E-6
14796.0,0.9999999494041467,4.9612672814905746E-8,9.831746380829587E-10,5.764074000599645E-15
15338.0,0.9982690501446025,0.0017246428855586546,5.4204692343048844E-6,8.865006044442847E-7
15097.0,0.9999953382229921,4.617870082956281E-6,4.3906123044039174E-8,8.018044633197053E-13
15507.0,0.9992148659569561,7.844547033524769E-4,6.783127343616881E-7,1.0269569518397955E-9
15744.0,2.050711503814075E-15,3.1155659970962675E-6,0.9760332130085762,0.023963671425424715
15630.0,0.9999998023908935,1.9448138258111393E-7,3.1276969193716217E-9,2.6978676053067927E-14
15389.0,1.5860377734247532E-10,0.4924684092047801,0.5032809511265288,0.004250639510087287
14658.0,0.9999802886450918,1.969018591988061E-5,2.1155750742562078E-8,1.3237478651689114E-11
14417.0,0.9994439485285955,5.553525340032814E-4,6.963503983290172E-7,2.5870026995342348E-9
14175.0,0.9999726775744042,2.7200967866900538E-5,1.2132334770973173E-7,1.343811642846636E-10
14967.0,0.9999999693533611,2.963391139186025E-8,1.0127146543958489E-9,1.2709758997830902E-14
15204.0,0.9999153959243111,8.45671481386089E-5,3.6612545599613216E-8,3.1500457949513753E-10
15602.0,0.16328149688012156,0.4547453703443212,0.38196401897653376,9.113799023435331E-6
13987.0,0.9999999646129529,3.4957079262157804E-8,4.299406467033224E-10,2.7154139975914788E-14
14765.0,0.9994274229450575,5.722344538624317E-4,3.127953143051328E-7,2.9805765821347755E-8
14526.0,0.9997920457498755,2.0776627061274872E-4,1.8781296127126975E-7,1.6655066048455124E-10
14256.0,0.9999923128183585,7.4811476002729955E-6,2.0603061187404577E-7,3.4293515560002965E-12
15000.0,0.9995999190216192,3.652727027972114E-4,3.480722966165432E-5,1.0459219176968756E-9
15243.0,0.045739695623084116,0.9534397074812222,7.250142639876554E-4,9.558263170625903E-5
15568.0,0.9999999650690016,3.423839155131133E-8,6.925983068385446E-10,8.481362086195724E-15
14226.0,0.8658275245354803,0.13257088536924144,0.001518939474386071,8.265062089232099E-5
14492.0,0.9900448154308021,0.009930128852892076,2.4978875600863804E-5,7.684070500668167E-8
14735.0,0.9998243346322107,9.88027267201156E-5,7.68473435040273E-5,1.529756507773428E-8
15273.0,0.995908033083418,0.004088847968014586,3.084174454239668E-6,3.477411327972194E-8
15034.0,0.9537125344288084,0.04432330424195274,0.001955462937122402,8.698392116422689E-6
15423.0,0.8491415323968995,0.15083600802390887,2.072659209052274E-5,1.732987101240008E-6
15660.0,0.999999204513287,7.444077248694551E-7,5.1076611365354274E-8,2.3766414968763704E-12
14205.0,0.9999999646129529,3.4957079262157804E-8,4.299406467033224E-10,2.7154139975914788E-14
14451.0,0.9999999509628313,4.5793610700485806E-8,3.2435046663988057E-9,5.3239396455906424E-14
14688.0,0.9999999693533611,2.963391139186025E-8,1.0127146543958489E-9,1.2709758997830902E-14
15174.0,3.898019618251952E-7,0.9425494611229671,0.056840972418845455,6.0917665622556E-4
14933.0,1.604819715947496E-17,4.423654065386466E-8,3.9594985790863104E-7,0.9999995598136013
15751.0,0.9999371777953969,6.280867317237678E-5,1.3482675454432158E-8,4.8755233789857114E-11
15508.0,6.377768018025652E-8,0.17375150439144554,0.49647439360756024,0.329774038223314
15102.0,0.7575081030444053,0.24234996016199492,1.388539836004153E-4,3.082809999330236E-6
15341.0,0.9999802189540871,1.9748260466178392E-5,3.277335343877555E-8,1.209315858014434E-11
14795.0,0.7231738609105717,0.2767988491307161,2.7160266656046403E-5,1.2969205618492986E-7
14021.0,0.3595995844129027,0.6403971538297201,2.772336831527593E-6,4.894205457509737E-7
14294.0,7.22446292454319E-5,0.9789534538305288,0.018026566734206485,0.002947734806019404
14552.0,0.9999999899774741,9.437964466629807E-9,5.845518894111521E-10,9.594926781456663E-15
15720.0,0.9999999969457175,3.01199344673424E-9,4.228881692250844E-11,3.183409604595209E-16
15483.0,0.9999999822588219,1.744313673604707E-8,2.9803990586259565E-10,1.460120738210754E-15
14865.0,1.9669840241193825E-4,0.7015247709650028,0.2975567652457052,7.217653868800187E-4
15106.0,0.9999642785777044,3.572042888457208E-5,9.510444988250506E-10,4.236649047682963E-11
14628.0,0.9999868946600906,1.2915531862922469E-5,1.8977898813305578E-7,2.90583393872972E-11
14137.0,0.008229624364309159,0.99016030547102,0.001579551731261202,3.0518433409542896E-5
14391.0,0.9999937284589325,6.2695524819538455E-6,1.986924099978997E-9,1.6613786490245472E-12
15449.0,0.9999999526596418,4.645601002178383E-8,8.843131980035E-10,3.5089152834356205E-14
15690.0,0.9999999646129529,3.4957079262157804E-8,4.299406467033224E-10,2.7154139975914788E-14
15136.0,0.9999928666506036,7.131023125878724E-6,2.3194974734280745E-9,6.773033718788233E-12
14899.0,0.9989236020738805,0.0010754178408443108,9.70288908968887E-7,9.79636614136291E-9
14357.0,0.041083799180132836,0.9303878167471412,0.02783581063347697,6.925734392489319E-4
14107.0,1.9566458265569262E-5,0.9244780733134739,0.0667711493366927,0.008731210891567955
14598.0,1.9398365929392414E-4,0.9997835314791752,9.93383210778571E-6,1.2551029422991244E-5
15542.0,1.740508783590964E-4,0.07831595121033165,0.7785923784774375,0.1429176194338717
15311.0,8.949691653233411E-22,4.607239393989273E-10,0.0018342062297054334,0.9981657933095706
15068.0,2.00462021199769E-20,1.8080201969218303E-5,0.10950639165776135,0.8904755281402693
14586.0,0.9237458374664194,0.07410874048023613,0.002124741103736116,2.0680949608430323E-5
14324.0,0.9998304456551779,1.686602485864304E-4,8.931850601684482E-7,9.111754240489866E-10
14055.0,0.9999592841290355,4.0491431109838545E-5,2.2412196262195146E-7,3.1789194766943814E-10
14825.0,0.9999909356663457,8.403779108569856E-6,6.604945240797351E-7,6.002173446084846E-11
14659.0,7.375212229416187E-4,0.9246065189058933,0.07426395444518898,3.9200542597606265E-4
14174.0,0.9999999835591356,1.607626728921616E-8,3.645954861020995E-10,1.7109493021944472E-15
14416.0,0.9958656849614419,0.004132482654102301,1.8244650920294455E-6,7.919363864522172E-9
14966.0,0.43952576493820855,0.550143753738788,0.01025627702221621,7.420430078716271E-5
15205.0,0.999891418589121,1.0854162495205859E-4,3.964080489582411E-8,1.4512207225827026E-10
15631.0,0.9827214522924438,0.017272006634189617,6.478635001829011E-6,6.243836487480486E-8
15388.0,0.9992975974988951,2.4043789764010984E-4,4.6192372144111197E-4,4.08820237656588E-8
14764.0,9.72344761112443E-12,6.553297550241894E-4,0.9993270385631557,1.7631672096629088E-5
13986.0,7.100484005890871E-4,0.19846292634091453,0.6710290658108938,0.12979795944760256
14257.0,6.800684887680172E-15,2.1357667765798475E-6,8.82227397952415E-8,0.9999977760104768
14527.0,0.9913212279301622,0.008675895408776307,2.870578221310748E-6,6.082840213313802E-9
15001.0,0.9999933301519548,6.491942977993088E-6,1.7790051328381163E-7,4.5538719787004375E-12
15242.0,0.9856519300595777,0.01433869897339489,9.255674108724125E-6,1.1529291880248466E-7
15603.0,0.9999337306890632,6.624657370309235E-5,2.271476839308976E-8,2.246528477030707E-11
14493.0,0.9999999101106275,8.296164430744111E-8,6.9276825364883056E-9,4.5768084495738016E-14
14227.0,0.997721143940405,0.002278802227271441,3.6163115592702085E-8,1.7669208051734606E-8
14734.0,0.9999999971577495,2.6764770054999786E-9,1.6577088164109126E-10,2.720989360664008E-15
15272.0,0.999415814226816,5.839520570056828E-4,2.2910266542791455E-7,4.613512858258157E-9
15035.0,0.22131106333549835,0.7777721602889525,8.792349200075534E-4,3.754145554160187E-5
15569.0,0.998495099203821,0.001497684460982982,7.142469489009078E-6,7.386570705368641E-8
14450.0,0.9999999782580128,2.125732258530911E-8,4.846585186361208E-10,6.082555378627968E-15
14204.0,0.8678803516048449,0.1320947921160776,2.484674230938928E-5,9.536768121923403E-9
14689.0,0.2548838275222837,0.7451125343493992,3.6334779133101833E-6,4.650403676018072E-9
15175.0,0.9999377724027708,6.163094272482456E-5,5.868854524829546E-7,9.769051842841841E-9
14932.0,0.9999999851003339,1.435239315585894E-8,5.472570539372224E-10,1.5845245730254814E-14
15422.0,0.9999978958734085,1.421812300272308E-6,6.822336022499868E-7,8.06889796282467E-11
15661.0,1.9464656335051143E-5,0.9916748264963895,0.008215323022075189,9.038582520028058E-5
15103.0,0.9999999695661658,2.9602759329213225E-8,8.310420868294279E-10,3.2681866415671294E-14
15340.0,0.6522208221721689,0.343082342673352,0.004693004848551024,3.83030592790106E-6
14020.0,0.653749624163315,0.3430163492436435,0.0027474733888680864,4.8655320417342196E-4
14794.0,0.9999997358211788,2.378107250743503E-7,2.636787230714573E-8,2.239476382461195E-13
14553.0,0.9993999331981004,5.996255662273968E-4,4.347869842724333E-7,6.448688020836979E-9
14295.0,0.9999305343739859,6.519509491854206E-5,4.239091448703781E-6,3.1439646763556377E-8
15750.0,0.9999999494041467,4.9612672814905746E-8,9.831746380829587E-10,5.764074000599645E-15
15509.0,0.9995957523079081,8.241808577555337E-6,3.960044838518453E-4,1.3996624687050162E-9
14864.0,0.5454251694708441,0.4545013381681968,6.68540665825359E-5,6.638294376601298E-6
15107.0,0.999999958595265,4.0600156642306774E-8,8.045735504279992E-10,4.716986488417597E-15
14629.0,0.9999822350721935,1.775792838669862E-5,6.996630491175774E-9,2.7892478558036563E-12
14390.0,0.8141854471594788,0.1674571263158847,0.017643652853527394,7.137736711091394E-4
14136.0,0.9999999612624111,3.798121945839034E-8,7.563650814271928E-10,4.5520213692965766E-15
15721.0,0.9999975925187248,2.4036196336854103E-6,3.821179097250815E-9,4.0462551166519775E-11
15482.0,0.9999432077780216,5.677278451878042E-5,1.935774288150094E-8,7.971695195718902E-11
15137.0,0.9999564136183909,4.3550513285468783E-5,3.5563612526338235E-8,3.0471107954841933E-10
14898.0,0.9999999494041467,4.9612672814905746E-8,9.831746380829587E-10,5.764074000599645E-15
14106.0,0.9908713317992316,0.009121192475387493,7.473314826461685E-6,2.4105544258743327E-9
14356.0,0.999947634669383,5.235021823764082E-5,1.507815502421328E-8,3.422447161672225E-11
14599.0,0.2793104542267195,0.7005542885705552,0.019906744346030642,2.2851285669455159E-4
15448.0,0.9999999984203783,1.5537925332304962E-9,2.5828011097399E-11,1.0248439476535951E-15
15691.0,0.9999994801994062,5.196201432963713E-7,1.7971352460695911E-10,7.370274044003051E-13
15310.0,0.9999401719428207,5.973735502473504E-5,7.953524696245717E-8,1.1166907754771991E-8
15069.0,0.913420921833992,0.08657793276940207,1.1246376521324383E-6,2.0758953841888392E-8
14325.0,0.9998588125712161,1.4114441145194733E-4,4.269757966372399E-8,3.1975234366658745E-10
14587.0,0.9999398674520041,6.010630165172369E-5,2.6022453854549963E-8,2.23890254000004E-10
14824.0,0.9999998166589023,1.8054808884787128E-7,2.792986944847764E-9,2.2148779162818377E-14
14054.0,0.4717031319659693,0.24095695516231388,0.20657660535213268,0.08076330751958409
15543.0,0.9995477804317238,2.738269855722564E-4,1.7837636016350194E-4,1.6222540437363416E-8
15600.0,0.9999670120424515,3.2790415077020616E-5,1.7826779334956288E-7,1.9274678067585724E-8
14524.0,0.9999999934445462,6.46345741419304E-9,9.199277656137739E-11,3.617741727444807E-15
14258.0,0.9996666851366459,3.3202554596031174E-4,1.286741348059413E-6,2.5760454586224635E-9
13985.0,0.9998838630370129,1.159043830122948E-4,2.3195359920117976E-7,6.263755131015037E-10
14767.0,0.9999826943120306,1.7303508632468748E-5,1.8657376297427185E-9,3.135994061624795E-10
15241.0,0.9617726023420284,0.03821064001362016,1.6722007402697765E-5,3.5636948591628817E-8
15002.0,3.1515890390690907E-12,0.07408530970424144,0.9157911731898122,0.010123517102794742
15391.0,0.9998781903421962,1.2163208921311358E-4,1.7576182445055864E-7,1.8067663344174536E-9
15628.0,0.9999999459708989,5.2780744346141006E-8,1.248351399573705E-9,5.318469160367019E-15
14419.0,0.9977340210497655,0.002242113631803869,2.378951790543128E-5,7.580052520600744E-8
14173.0,0.9969955790223118,0.003001220241579172,1.9877955960616436E-6,1.2129405129153464E-6
14656.0,2.709972613545493E-7,0.560229891390611,0.435485781164189,0.004284056447938578
15206.0,0.9999999797582693,1.903395301697503E-8,1.2077088659997669E-9,6.877422516876851E-14
14965.0,0.4969624324756496,0.49475749302748384,0.00827575064380467,4.3238530618894194E-6
15662.0,0.9999997586490632,1.892051365058318E-7,5.214393082444986E-8,1.869380984480983E-12
15421.0,2.500788407633781E-8,0.7987398454791979,3.3791477789071937E-4,0.20092221473502747
14690.0,0.9995400259255418,4.5980275913524944E-4,1.689330634739493E-7,2.382259516261746E-9
14207.0,0.9993819111246591,6.176548130585153E-4,4.279237459296737E-7,6.138536456024503E-9
14449.0,0.9999999369588962,6.144814685299275E-8,1.5929496045958443E-9,7.475287320619656E-15
14935.0,0.999998786014705,1.198134342717048E-6,1.580085403253805E-8,5.0098095843238494E-11
15172.0,0.998928556194362,0.0010699735648272567,1.4697271584196599E-6,5.136524098425872E-10
15570.0,0.9998185693462808,1.8084430767383781E-4,5.79581776532439E-7,6.764268833706739E-9
14733.0,0.9941486097619202,0.005833321254555071,1.783467871207591E-5,2.343048126680599E-7
14224.0,0.9864698476067839,0.0013005512851842647,0.01222852095091669,1.0801571150905417E-6
14494.0,0.9999999673411307,3.134866993379915E-8,1.3101777672391552E-9,2.1505464228360462E-14
15032.0,0.9999997358398465,2.593622106346354E-7,4.79783025045885E-9,1.1258427011262941E-13
15275.0,0.9931785627968808,3.1667661348539427E-4,0.006504066468500899,6.941211327822338E-7
15481.0,0.9997164398429287,2.833904003981204E-4,1.6900501182118149E-7,7.516613554384129E-10
15722.0,0.9999822350721935,1.775792838669862E-5,6.996630491175774E-9,2.7892478558036563E-12
15104.0,0.9905221743736953,0.009475965317897439,1.855454005465529E-6,4.854401764524005E-9
14867.0,0.9991669883780753,8.311171827175914E-4,1.8861323533086164E-6,8.306853828887029E-9
14139.0,1.6372874148619658E-6,0.7282532994771804,3.0223871919673524E-4,0.2714428245162079
14389.0,0.9244267131941121,0.07025172866708375,0.00530494665352476,1.6611485279412626E-5
14630.0,0.9999941983053827,5.798787528893584E-6,2.8978459169016237E-9,9.242413806226385E-12
15510.0,0.9703880531662609,0.028243652835505444,0.0013166382677334398,5.1655730500242964E-5
15749.0,0.9999913006733206,8.64626977896318E-6,5.295976320991466E-8,9.713722457431076E-11
15343.0,2.55502407868576E-10,0.21667312525100005,0.5095583402069502,0.27376853428654735
15100.0,0.9999999645445892,3.4766440055260346E-8,6.889667534399371E-10,4.039216632483559E-15
14292.0,0.9998177455453572,1.8144657405523158E-4,7.011400960880982E-7,1.0674049150316623E-7
14554.0,0.9999999695661658,2.9602759329213225E-8,8.310420868294279E-10,3.2681866415671294E-14
14793.0,0.999968447437006,2.961251330381004E-5,1.9256626813286036E-6,1.4387008961473176E-8
14023.0,0.007226669079314485,0.4685001813611911,0.5019006180194963,0.022372531539998162
15540.0,0.9999971361378744,2.8559428859505383E-6,7.91518664924827E-9,4.053002499546761E-12
15070.0,0.9999426456889414,5.7226376263518326E-5,1.2630318113962172E-7,1.6316138472880413E-9
15309.0,0.9999999936514729,6.222649578521623E-9,1.2587613982025955E-10,1.54144344461572E-15
14053.0,0.9975007911657096,0.002492817427228337,6.361125384887076E-6,3.0281677193160383E-8
14827.0,0.9999999693533611,2.963391139186025E-8,1.0127146543958489E-9,1.2709758997830902E-14
14584.0,0.9999999494041467,4.9612672814905746E-8,9.831746380829587E-10,5.764074000599645E-15
14326.0,0.9999513377923159,4.864632433467912E-5,1.585389516129369E-8,2.945418421558034E-11
15688.0,1.0672656315995437E-13,1.6692327557097941E-7,0.9967872965962843,0.003212536480333566
15451.0,0.9999999752420895,2.4276813922107184E-8,4.810937687377329E-10,2.8205162916312703E-15
14897.0,0.1476775877403527,0.8508861262119984,0.0014344070432881395,1.8790043606465198E-6
15138.0,0.998587723156388,0.0013516133221552302,5.808790548959901E-5,2.575615967111431E-6
14596.0,0.9999999003897264,9.740429367287283E-8,2.2058732100282217E-9,1.067618007338156E-13
14359.0,0.9999894832748308,1.0513563180921971E-5,3.1607281701328316E-9,1.260042856692248E-12
14105.0,0.9999153959243111,8.45671481386089E-5,3.6612545599613216E-8,3.1500457949513753E-10
14259.0,0.5727924909504807,0.4253393254248522,0.0015048484995581791,3.633351251089079E-4
14525.0,0.9999897986640638,1.013468744994695E-5,6.65639630346581E-8,8.4523205982105E-11
14766.0,0.9999999886901487,9.600901348767193E-9,1.7089298928211734E-9,2.0171316648113245E-14
13984.0,0.9891596807664822,0.010764469250887676,7.506967996190926E-5,7.803026682722435E-7
15240.0,0.9992458279151183,7.44273648907191E-4,9.797725311247338E-6,1.007106634110385E-7
15003.0,0.9944414408817808,0.005556106319507557,2.4438169460099286E-6,8.981765462879443E-9
15601.0,0.029383673475664125,0.969417891395994,0.0011905095472357476,7.925581106148494E-6
14172.0,0.9981802215413839,0.0018166048002218643,3.1600735505255323E-6,1.3584843626964795E-8
14418.0,0.9999999526596418,4.645601002178383E-8,8.843131980035E-10,3.5089152834356205E-14
14657.0,0.9995013608688327,4.89827224559504E-4,8.766918834504949E-6,4.4987773321381905E-8
15207.0,0.9999999497000477,4.689251551596006E-8,3.40724260906023E-9,1.9402893942171002E-13
14964.0,1.773938770348842E-4,0.9947422530077944,0.004778337790387808,3.020153247828584E-4
15390.0,0.9999975123089059,2.4817673675330857E-6,5.915657408996393E-9,8.069182473444614E-12
15629.0,0.0027641928557685237,0.6149178581215659,0.3202879113847569,0.062030037637908805
14691.0,0.9999950851869015,4.9084429018435635E-6,6.35745688972251E-9,1.2739623216246181E-11
14448.0,0.44184476307799386,0.557032970311943,0.0011108570867446625,1.1409523318476154E-5
14206.0,0.9999998432775431,1.503869105636712E-7,6.33552538813739E-9,2.0861841318033602E-14
14934.0,0.9993769785295638,4.650538053508825E-4,1.535747260568693E-4,4.392939028508365E-6
15173.0,0.9999999980944955,1.874845184423635E-9,3.0659202446283876E-11,9.611208382627421E-17
15663.0,0.003717504465126009,0.995211911461971,0.0010705470319940606,3.7040909008663646E-8
15420.0,0.9279796499463612,0.07186472333622426,1.553070719847866E-4,3.1964542983246993E-7
14732.0,0.28588672918604197,0.5586626296867967,0.1542506405025245,0.0012000006246369011
14495.0,0.06652605853113783,0.7754783706334382,0.14336715150200632,0.014628419333417646
14225.0,0.9999406598637856,5.932109568269006E-5,1.8966067898102397E-8,7.446377048139438E-11
15033.0,0.9957044621163107,0.004285347382128734,9.814534129933687E-6,3.7596743056182186E-7
15274.0,0.9718403208214952,0.02812765527632798,3.18438627027945E-5,1.8003947403782027E-7
15571.0,0.005142384245909946,0.9892968897396215,0.005503258325422375,5.746768904617351E-5
15105.0,0.010347377884401562,0.9887887762658009,5.92825308389241E-4,2.710205414083197E-4
14866.0,0.9999998694348249,1.2333058728719117E-7,7.233981847654802E-9,6.060911694759067E-13
14388.0,0.6699264177091269,0.32372041518780514,0.006346036332071148,7.1307709967245924E-6
14138.0,0.9999758381392174,2.4155658941189267E-5,6.19748315355681E-9,4.358304421222974E-12
14631.0,0.999999911175946,8.631837853167164E-8,2.505653661419656E-9,2.1835212242137506E-14
15480.0,3.5113307952673576E-9,0.6173727090244684,0.38160619473067214,0.0010210927335287236
15723.0,0.9999998580103668,1.276927472994221E-7,1.4295806153759E-8,1.0796598518376387E-12
15342.0,0.9999999693533611,2.963391139186025E-8,1.0127146543958489E-9,1.2709758997830902E-14
15101.0,5.362852006336403E-10,1.4033320655958413E-4,0.8439045114610896,0.15595515479606567
14555.0,0.9999999789691736,2.0421953452140375E-8,6.088653844525471E-10,7.641374858083879E-15
14293.0,0.9999999693533611,2.963391139186025E-8,1.0127146543958489E-9,1.2709758997830902E-14
14022.0,0.9935806442048711,0.006416890905126907,2.4551989074676513E-6,9.691094576193346E-9
14792.0,0.9999997469496287,2.483868489985747E-7,4.662686352532705E-9,8.359811476717993E-13
15511.0,0.9999984308558774,1.1431127600460498E-6,4.260265544641874E-7,4.8081663212720775E-12
