18081.0,0.6272009273797056,0.21053128790858247,0.16226778471171213
18354.0,0.6808474874906155,0.15982391129546267,0.15932860121392206
17812.0,0.28638097262935874,0.24673073777791457,0.46688828959272677
17543.0,0.3250384707275368,0.14036548147388536,0.5345960477985783
17133.0,0.2475708803971482,0.5073279346296062,0.24510118497324546
17406.0,0.3202743165511583,0.35640419281262936,0.32332149063621235
18752.0,0.44621244606213095,0.4316853175485379,0.12210223638933111
18515.0,0.6243532092818855,0.19848857030997621,0.1771582204081382
18303.0,0.4622054322933691,0.2870844263269495,0.25071014137968123
18028.0,0.1803846152465893,1.3447603401138742E-7,0.8196152502773765
17482.0,0.30037813036507915,0.10502853823157245,0.5945933314033484
17753.0,0.4918962876483374,0.2131333940010362,0.29497031835062576
17203.0,0.596494162435906,0.33456910844129945,0.0689367291227941
18590.0,0.5700426532607116,0.229435060059684,0.20052228667960453
17693.0,0.8733803758786374,0.08206289550886377,0.04455672861249899
17422.0,0.06915708750188197,0.03105336351880028,0.8997895489793176
17960.0,0.880433096955137,0.06723125027541837,0.05233565276944425
18235.0,0.4279267276319307,0.21848418281330972,0.35358908955475954
16996.0,0.6155151527165704,0.22099604862233865,0.16348879866109112
17271.0,0.8896773213463595,0.08172469896056406,0.02859797969307695
18650.0,0.5326386176263805,0.3050159506185019,0.1623454317551175
17603.0,0.5306163994468821,0.2476482518627707,0.22173534869034653
17872.0,0.9213982178917753,0.07860168528463031,9.682359457045294E-8
18422.0,0.452484983270899,0.43449028346894464,0.11302473326015622
18149.0,0.46318564712979793,0.2020178694511579,0.33479648341904433
17338.0,0.33528415701899983,0.1795382122851195,0.48517763069588093
17065.0,0.27229633866706854,0.40346085172876167,0.3242428096041699
18455.0,0.9471219892121608,0.035789209536530246,0.017088801251309047
18692.0,0.12037589666736045,0.18991007633639298,0.6897140269962462
17132.0,0.14549636756721318,0.21018166438311567,0.6443219680496716
17407.0,0.4611720704227732,0.1393629105488263,0.3994650190284008
18080.0,0.41083371708257077,0.1734623277918997,0.41570395512552955
18355.0,0.464461017858862,0.17770656247398253,0.3578324196671549
17813.0,0.5494217511211879,0.36223587540765906,0.0883423734711532
17542.0,0.7746238522556261,0.19132882347113414,0.034047324273239865
18514.0,0.3590787008898308,0.4146531254959732,0.22626817361419532
17202.0,0.4951912838454436,0.12184296823876554,0.3829657479157912
18302.0,0.6314029108281242,0.3046191208907181,0.06397796828115768
18029.0,0.3966597609057207,0.4120727025985193,0.19126753649576056
17483.0,0.3845436551886895,0.4046120984751154,0.21084424633619472
17752.0,0.33370310544873993,0.013229246900949754,0.6530676476503104
18591.0,0.4296429107458547,0.05271670470518612,0.5176403845489591
16997.0,0.2506235944757815,0.053536710879937825,0.6958396946442803
17270.0,0.6071930617452762,0.16004409817072732,0.23276284008399706
17692.0,0.3036609221995477,0.4793234770991559,0.21701560070129636
17423.0,0.24464422010801848,0.1449432798880629,0.6104125000039183
17961.0,0.8096895502276353,0.10229831672654797,0.08801213304581694
18234.0,0.5295325149989438,0.25981788049290605,0.21064960450815026
18651.0,0.395222924664066,0.4123149097059258,0.192462165630008
17339.0,0.4459518321462978,0.2676566063157333,0.28639156153796924
17064.0,0.5814308270958759,0.22674064382759898,0.19182852907652492
17602.0,0.5619679230217076,0.2639194693933343,0.17411260758495808
17873.0,0.7502085027043749,0.14633877945891396,0.1034527178367111
18423.0,0.03870616837711468,0.1528370716010948,0.8084567600217905
18148.0,0.46577647141527867,0.3410071528071094,0.19321637577761192
18454.0,0.5442007061073533,0.30551030710358607,0.15028898678906025
18693.0,0.5077495114938809,0.18900671700223548,0.30324377150388354
18513.0,0.36023138422067164,0.09952429360100049,0.5402443221783279
18352.0,0.7205117085347068,0.2104153224963341,0.06907296896895893
18083.0,0.2896652409539386,0.017185533053493178,0.6931492259925678
17541.0,0.6111875697499551,0.16276641237577508,0.22604601787427
17814.0,0.328696582093721,0.3418246055667092,0.3294788123395696
17404.0,0.6082391736325732,0.039526975710597094,0.3522338506568298
17135.0,0.5171779722798372,0.10005449118292774,0.3827675365372348
18588.0,0.46952116823748663,0.21463775848269764,0.3158410732798156
18030.0,0.26148362660962005,0.029737578214523573,0.7087787951758565
18301.0,0.48700859080514314,0.14174805160642695,0.3712433575884297
17755.0,0.1817690770245914,0.4659282275934094,0.3523026953819995
17480.0,0.50334928566468,0.17606661642865798,0.32058409790666226
17201.0,0.5686885518655489,0.2620431971764507,0.16926825095800077
18648.0,0.701304322394644,0.2367748078811752,0.061920869724180726
17420.0,0.21761330093816061,0.07064925701756737,0.7117374420442717
17695.0,0.4884433110446256,0.17591113285535373,0.3356455561000204
18233.0,0.47003498695484486,0.24841714885445002,0.281547864190705
17962.0,0.33020166616988217,0.45020042686189204,0.2195979069682258
17269.0,0.14947842070790915,0.6612657503431842,0.18925582894890675
16998.0,0.16549708219829612,0.11463437134501965,0.7198685464566841
18694.0,0.3540396423296994,0.15356419539172123,0.4923961622785796
18453.0,0.6526435537100741,0.298900323348445,0.048456122941480696
17874.0,0.4801190368398281,0.26635447430070114,0.25352648885947066
17601.0,0.5034906664053004,0.14322955818910976,0.35327977540558986
18151.0,0.652439782103285,0.2421980350997408,0.1053621827969744
18420.0,0.219365081447756,0.09281818811112982,0.687816730441114
17067.0,0.17732243079529864,0.01616429906081406,0.8065132701438873
17336.0,0.4294005915706005,0.19180462637636397,0.37879478205303563
18512.0,0.17180145856672557,0.49090461529303087,0.33729392614024417
17405.0,0.5039993211044793,0.42712878883699407,0.06887189005852623
17134.0,0.48058074369692644,0.19713149603935,0.3222877602637235
18353.0,0.7165038071720972,0.09446109903002259,0.1890350937978802
18082.0,0.39334763200555745,0.39678248218212137,0.20986988581232124
17540.0,0.24560805768957825,0.12168192704454994,0.6327100152658716
17815.0,0.7765844483974421,0.17175354559917258,0.051662006003385046
18589.0,0.7498539268887727,0.17063526206753404,0.07951081104369305
17200.0,0.27382118827381186,1.3842458089513193E-7,0.7261786733016071
18031.0,0.4585043889348581,0.36152679679345906,0.1799688142716833
18300.0,0.6244540515142851,0.2911065231321196,0.0844394253535954
17754.0,0.39598389603145295,0.2103774822469859,0.3936386217215613
17481.0,0.2820423653922892,0.17248415011332052,0.5454734844943904
18649.0,0.23642781697520657,0.19275743135274892,0.5708147516720447
17268.0,0.7963214056667535,0.20367842937068725,1.649625595290654E-7
16999.0,0.37563651544360427,0.2495707534631775,0.37479273109321837
17421.0,0.9049625837827204,0.06073106057361009,0.03430635564366945
17694.0,0.5818562737040448,0.12266812852769621,0.2954755977682585
18232.0,0.6869822030454892,0.247190747335505,0.06582704961900615
17963.0,0.4496579430768082,0.3854714105170093,0.16487064640618285
18695.0,0.5198772336401306,0.23810434228654534,0.24201842407332383
18452.0,0.5376157200176729,0.039502262490476746,0.42288201749184967
17066.0,0.569781912584794,0.32149182304305324,0.10872626437215281
17337.0,0.5589256932708713,0.07190541494097756,0.36916889178815127
17875.0,0.2411778214327094,0.3580657305430976,0.40075644802419286
17600.0,0.47893191151472836,0.12270203578871475,0.39836605269655695
18150.0,0.3334324868959263,0.1352296790858006,0.5313378340182732
18421.0,0.5055455199208968,0.2767982246409105,0.21765625543819261
17486.0,0.7414608577814136,0.20475619160669192,0.05378295061189417
17757.0,0.5032301590189547,0.10704169295854933,0.3897281480224959
18299.0,0.6416391714466196,0.2894614038816083,0.06889942467177217
18024.0,0.17675372444309775,0.25724863833287354,0.5659976372240281
17207.0,0.5210006152290394,0.246757258690241,0.23224212608064299
18586.0,0.4398047144190001,0.49504745831035407,0.06514782727064507
17808.0,0.7951577720185242,0.08755689820484465,0.11728532977663121
17539.0,0.33773000817157367,0.1469649727064317,0.5153050191219944
18085.0,0.4686259568020264,0.2840974131174295,0.24727663008054473
18358.0,0.5726773511381681,0.31138358341886496,0.11593906544296685
17129.0,0.7543672079171553,0.12407428197899525,0.12155851010384959
17402.0,0.5444921596056136,0.21234785620048632,0.24315998419390017
18519.0,0.459902547648025,0.47819515889991154,0.061902293452063904
18418.0,0.32294260079699855,0.40928973834566373,0.2677676608573381
18145.0,0.4578737865384574,0.06131183113947397,0.48081438232206836
17607.0,0.6105314094038207,0.25217393643903413,0.13729465415714556
17876.0,0.43518730877129075,0.3602009972949891,0.2046116939337204
17342.0,0.42878423784225206,0.05548143392287629,0.5157343282348716
17069.0,0.8243867805466384,0.14081624715775984,0.03479697229560195
18451.0,0.3876528882819628,0.12056454966790325,0.4917825620501341
18688.0,0.668354347434329,0.265514301295605,0.06613135127006609
17964.0,0.31967603356677327,0.013784924948913407,0.6665390414843135
18239.0,0.4128696875732771,0.1074471726344504,0.4796831397922716
17689.0,0.6549212517226213,0.27552594027709504,0.06955280800028363
17418.0,0.4211264312590666,0.19176855172383295,0.38710501701709976
16992.0,0.5242831059717903,0.19154412464722825,0.2841727693809815
17267.0,0.5032904031710393,0.4620769894662896,0.03463260736267127
18654.0,0.21447109862811567,0.07067080853830997,0.7148580928335745
17206.0,0.4971309761938525,0.34806804303224737,0.15480098077389984
17487.0,0.6822347968810798,0.19692781521045022,0.12083738790846965
17756.0,0.3797908730642652,0.33496552845697675,0.28524359847875813
18298.0,0.38303774191459283,0.20088133037973913,0.41608092770566785
18025.0,0.5081163735549606,0.3084458464243518,0.18343778002068753
18587.0,0.37377785054111434,0.32884790536420194,0.29737424409468355
17128.0,0.5760971718186494,0.3137669857340122,0.11013584244733882
17403.0,0.4068934470803956,0.1979569391923825,0.39514961372722174
17809.0,0.21871131714434966,0.35634569647026254,0.42494298638538786
17538.0,0.24229934785299884,0.32596385846647513,0.4317367936805258
18084.0,0.3968766345491037,0.1052517222478004,0.4978716432030956
18359.0,0.4789728450547857,0.1663489398877086,0.3546782150575059
18518.0,0.7164654577148148,0.15167412791159465,0.13186041437359056
17343.0,0.7533777826014583,0.14136076392973682,0.10526145346880471
17068.0,0.8257259655971259,0.14236332137564367,0.03191071302723048
18419.0,0.7063094768530378,0.15624040950945434,0.13745011363750775
18144.0,0.30557787273962417,0.5522634867024185,0.1421586405579569
17606.0,0.2590892566454836,0.35032173921087845,0.3905890041436378
17877.0,0.6389470897913818,0.232387103066538,0.1286658071420809
18450.0,0.5372481232130251,0.14134177798233621,0.3214100988046391
18689.0,0.7379837345923396,0.2135016476351007,0.04851461777255997
16993.0,0.3569859998674072,0.12763834221343945,0.5153756579191532
17266.0,0.653403610990456,0.1896099803007184,0.1569864087088257
17965.0,0.42399162803883494,0.1908672467888859,0.3851411251722788
18238.0,0.5171963624744148,0.32154914187187006,0.1612544956537149
17688.0,0.5653352195700687,0.15414290332671282,0.28052187710321863
17419.0,0.5071789438258413,0.15591304069353729,0.33690801548062155
18655.0,0.5361203233406656,0.14391832116116446,0.31996135549816956
18584.0,0.31593236998982754,0.2717806493003547,0.41228698070981784
17759.0,0.33101474075834336,0.4114718006389377,0.25751345860271896
17484.0,0.5203829500116096,0.246757258690241,0.2328597912980727
18026.0,0.24452429870200548,0.34676723283035965,0.4087084684676352
18297.0,0.5113607052343216,0.23828618188169437,0.25035311288398443
17205.0,0.7907092954697731,0.19255918362942578,0.01673152090080092
18517.0,0.26988576636191663,0.6952840148417356,0.034830218796347394
17537.0,0.44669151438159527,0.18732118479581575,0.36598730082258873
17810.0,0.6684531023251464,0.3132453100304008,0.018301587644452725
18356.0,0.2493281932481129,0.6600583562215269,0.09061345053036013
18087.0,0.6139126271708705,0.2504715709290416,0.1356158019000877
17400.0,0.5657904949786368,0.22054887039573257,0.21366063462563017
17131.0,0.3700559969604555,0.301277514524343,0.3286664885152011
18690.0,0.7745692685508009,0.20890321444277288,0.01652751700642616
18449.0,0.2935863232702249,0.4246692622093909,0.2817444145203844
18147.0,0.45576369892680624,0.42802967121646307,0.11620662985673176
18416.0,0.791703749531061,0.19183038432541982,0.016465866143519255
17878.0,0.44391462654663194,0.43741054319969513,0.11867483025367292
17605.0,0.47427245949614005,0.11744846769261275,0.408279072811247
17071.0,0.3229795997291419,0.03724259425524891,0.6397778060156092
17340.0,0.7236414856958917,0.21414187815573502,0.062216636148372716
18652.0,0.6449824923659043,0.19708588391310974,0.15793162372098604
18237.0,0.41141868365537293,0.2937322519358772,0.29484906440874975
17966.0,0.7469087599018311,0.05316754268991474,0.19992369740825403
17416.0,0.5512825280599801,0.2319430412510008,0.2167744306890192
17691.0,0.24539223776139757,0.14289691991440864,0.6117108423241939
17265.0,0.6508575890640643,0.1771961166154892,0.17194629432044606
16994.0,0.7010525357724986,0.19530783567525226,0.10363962855224909
18585.0,0.6106340031814786,0.15742576284592585,0.23194023397259564
17204.0,0.6277106740166096,0.21459262323195827,0.157696702751432
17758.0,0.44883666646960857,0.3020393107748142,0.24912402275557752
17485.0,0.572133479969608,0.2872836352195461,0.14058288481084624
18027.0,0.33104055589469483,0.10630737181590207,0.5626520722894033
18296.0,0.8943136349519901,0.08374831462775509,0.021938050420254845
18516.0,0.42666783372090566,0.16361437297512446,0.40971779330397007
17401.0,0.43566727261569327,0.3508136176311586,0.21351910975314867
17130.0,0.5514441150031956,0.33892191361079266,0.10963397138601255
17536.0,0.41686795726710074,0.12550817933094552,0.4576238634019536
17811.0,0.3105114739027761,0.011311837330709219,0.6781766887665145
18357.0,0.6210890259612253,0.1679108279677748,0.21100014607100073
18086.0,0.34914595913132024,0.23177965998553177,0.4190743808831483
18691.0,0.21438312866111944,0.12101886371968379,0.664598007619197
18448.0,0.406570956171062,0.3082049430164422,0.28522410081249644
17070.0,0.4419465158801785,0.3336252801403111,0.22442820397951055
17341.0,0.770767482860761,0.19250942540453128,0.03672309173470753
18146.0,0.24671980105293262,0.4624881623683522,0.29079203657871516
18417.0,0.6249244284517326,0.14775355062060488,0.22732202092766263
17879.0,0.32495598420479227,0.11985905644378014,0.5551849593514276
17604.0,0.727577960823158,0.11636869741093352,0.15605334176590885
18653.0,0.6287432765034916,0.21837503830041494,0.15288168519609333
17264.0,0.4937203833815808,0.2337035613581585,0.2725760552602606
16995.0,0.4663053193560789,0.4632367309026126,0.07045794974130813
18236.0,0.4574747409382595,0.4716373288586594,0.07088793020308098
17967.0,0.4050501155435748,0.11547339831997033,0.4794764861364548
17417.0,0.21405835142234478,0.03371188230373641,0.7522297662739192
17690.0,0.5193305943704591,0.33651937566368384,0.14415002996585666
17004.0,0.6695322080819262,0.1429075691277193,0.1875602227903545
17279.0,0.5330096519975881,0.11656978401418523,0.3504205639882264
17685.0,0.21072970097149019,0.07592617121678301,0.7133441278117267
17414.0,0.48188385556899105,0.23920434114245592,0.27891180328855336
17952.0,0.6478703102205029,0.29931957054527575,0.052810119234220826
18227.0,0.43034184294697075,0.1813361704563701,0.38832198659665973
18642.0,0.473917802447296,0.45301583542107865,0.07306636213162604
17330.0,0.45402972058104546,0.48066289660213796,0.06530738281681683
17057.0,0.5604004895310819,0.2887305147339794,0.1508689957349388
17611.0,0.4554012161330639,0.16909278368857641,0.3755060001783595
17880.0,0.24380408893316133,0.2814346489878335,0.4747612620790052
18430.0,0.6094888403576524,0.25539824766450275,0.13511291197784472
18157.0,0.6639234166075086,0.16068276542502172,0.17539381796746964
18463.0,0.4865832582412573,0.18260838327183265,0.3308083584869099
18700.0,0.2190076277584819,0.4941075588358392,0.28688481340567873
17125.0,0.06705219523742374,0.1243832710473281,0.8085645337152481
17398.0,0.3902900493642907,0.3925448711619385,0.21716507947377106
18089.0,0.270302714196498,0.13720937438939648,0.5924879114141058
18362.0,0.683240568263227,0.21454617074301965,0.10221326099375319
17820.0,0.21195879127911707,0.6364818712042348,0.15155933751664813
17551.0,0.34770896845350063,0.0800086929057806,0.5722823386407188
18523.0,0.5130552014472467,0.15871666162115664,0.32822813693159675
17211.0,0.23863828590055422,8.693795274335417E-8,0.7613616271614932
18295.0,0.6140497290287361,0.38595010416090886,1.6681035462328815E-7
18020.0,0.5787647373353452,0.09020332768984969,0.3310319349748055
17474.0,0.567300100098285,0.13322581153344434,0.2994740883682704
17745.0,0.6476215522735089,0.24851052169431193,0.10386792603217893
18582.0,0.09907351111373809,0.17745082650628569,0.7234756623799763
17684.0,0.38601112899561457,0.1469787648838589,0.46701010612052607
17415.0,0.4230001404947129,0.5079530584955969,0.06904680100969018
17953.0,0.4236822680967221,0.29460145316909564,0.28171627873418215
18226.0,0.25248371704835987,0.009116003715078258,0.7384002792365618
17005.0,0.6501899444782232,0.2136459802777053,0.13616407524407176
17278.0,0.5386262695161025,0.09621470176907426,0.36515902871482286
18643.0,0.8070961401220446,0.1346991987483525,0.05820466112960305
17610.0,0.5004396279949468,0.36043934376315623,0.1391210282418973
17881.0,0.6943416358601829,0.07264139585809573,0.23301696828172155
18431.0,0.6555175109986697,0.20692747265453562,0.13755501634679462
18156.0,0.24314953022904995,0.015734888650106953,0.7411155811208434
17331.0,0.731087780117027,0.19889816177116734,0.0700140581118059
17056.0,0.5761304647603213,0.05370215681841768,0.37016737842126163
18462.0,0.04291993359848695,0.0915213303231465,0.8655587360783668
18701.0,0.3719621442916852,0.5527127204081423,0.07532513530017183
18088.0,0.4596271454553714,0.47929503492761916,0.061077819617009345
18363.0,0.5209698082333701,0.28779893477828217,0.19123125698834717
17821.0,0.3634051191865509,0.2066879155349998,0.429906965278449
17550.0,0.6531784007985845,0.17191636324366502,0.17490523595775026
17124.0,0.18838018555139954,0.4843009593687171,0.3273188550798833
17399.0,0.7840049876661753,0.14462766760166837,0.07136734473215663
18522.0,0.28787823485429337,1.2917195579767764E-7,0.712121635973751
18294.0,0.4628247974192723,0.4761458416189913,0.06102936096173584
18021.0,0.7054909360455777,0.24022455735421233,0.054284506600210496
17475.0,0.5748100133874349,0.22908615094563975,0.19610383566692557
17744.0,0.5604427803830336,0.2657197992150247,0.17383742040194222
17210.0,0.355174815512197,0.587721584332996,0.057103600154806936
18583.0,0.21398015764330267,0.1530287653339329,0.6329910770227648
18640.0,0.4848822641504995,0.22716621998701358,0.28795151586248663
17277.0,0.5522349584186091,0.3078466234828795,0.1399184180985104
17006.0,0.8510474028245604,0.13237966042571436,0.016572936749725632
17412.0,0.315436718319849,0.0479595018265486,0.6366037798536028
17687.0,0.2678428458930456,0.43139574292351474,0.30076141118343963
18225.0,0.6329639701760362,0.12324758740943983,0.24378844241452416
17954.0,0.6133680878320792,0.3866317410739934,1.7109392747810109E-7
18702.0,0.6603270101447498,0.087997849318086,0.25167514053716367
18461.0,0.2530626559496915,0.44390862033036665,0.3030287237199413
17059.0,0.3147219270530657,0.5263197362071972,0.1589583367397377
17328.0,0.3875698203765311,0.43399501014828507,0.17843516947518379
17882.0,0.1934660850288139,0.052677766975299925,0.7538561479958859
17609.0,0.7390103421204202,0.22729117243592087,0.03369848544365909
18159.0,0.21693121817291347,9.949765861635265E-8,0.7830686823294283
18428.0,0.4047984508751112,0.10121881221898003,0.4939827369059087
18521.0,0.5206429006396766,0.17176369562056132,0.307593403739762
17396.0,0.5663742571815231,0.2193726992271653,0.21425304359131178
17127.0,0.9241974109097596,0.052231603867824036,0.02357098522241673
18360.0,0.655510066572753,0.23844265339497286,0.10604728003227391
18091.0,0.3431760593432617,0.17768600975194357,0.4791379309047942
17549.0,0.6227917337253004,0.13184556099047207,0.24536270528422774
17822.0,0.2664177117344072,0.12402492118286404,0.6095573670827288
18580.0,0.9014618389086018,0.05749933142450645,0.04103882966689133
17209.0,0.40120484589498817,0.25717323518297736,0.3416219189220349
18022.0,0.42118398910020016,0.21245706805593395,0.36635894284386555
18293.0,0.5027119612857479,0.37441087963563574,0.12287715907861681
17747.0,0.392686004394858,0.1769860164625282,0.43032797914261384
17472.0,0.7532648714408814,0.21735279696263252,0.029382331596486014
18641.0,0.6450424679606689,0.28654823526526524,0.06840929677406639
17413.0,0.29582571272138464,0.3697787583248887,0.33439552895372654
17686.0,0.2780692838670209,0.04731079586073259,0.6746199202722465
18224.0,0.35899824153737503,0.32269493483030265,0.3183068236323219
17955.0,0.3556811152744506,0.26911280326725867,0.37520608145829054
17276.0,0.5939540617777775,0.19859496082346378,0.2074509773987591
17007.0,0.7058634893826196,0.11394850081350694,0.18018800980387387
18703.0,0.36114818200645155,0.10480777891019497,0.534044039083353
18460.0,0.24033038366176154,0.14064657050584184,0.6190230458323964
17883.0,0.6919058419333199,0.11980726784576541,0.18828689022091483
17608.0,0.5731215556853836,0.16882740186447337,0.25805104245014343
18158.0,0.27133483886531634,0.6545896162722187,0.07407554486246508
18429.0,0.23590888057788276,0.42601045696342765,0.3380806624586896
17058.0,0.21780214602514292,0.10472743767291862,0.6774704163019388
17329.0,0.3451510566892165,0.5468124491088947,0.10803649420188882
18520.0,0.3112905063550905,0.013570996652295508,0.6751384969926142
18361.0,0.2324026602314046,0.413175164363822,0.3544221754047736
18090.0,0.5711373077183965,0.2872473497502734,0.14161534253133043
17548.0,0.3458281455549418,0.24181220721131041,0.4123596472337479
17823.0,0.46152938982578323,0.3470971994196921,0.19137341075452463
17397.0,0.35016491363371693,0.13315771892335254,0.5166773674429308
17126.0,0.5682585103430361,0.17882227900569786,0.25291921065126566
18581.0,0.1216865401375419,0.15373134997533228,0.7245821098871253
18023.0,0.7165088626182143,0.2256445998450318,0.05784653753675388
18292.0,0.22641194280758128,0.5107175180408173,0.26287053915160113
17746.0,0.1410308352247358,0.12137263865566929,0.7375965261195948
17473.0,0.3441038896109686,0.1334206210848338,0.5224754893041982
17208.0,0.4637157951058041,0.26878599723831764,0.267498207655878
17334.0,0.1293390024588555,0.0991398830787999,0.7715211144623447
17061.0,0.584526890126161,0.22583363489750574,0.1896394749763334
18426.0,0.8230075972042683,0.12441702536699847,0.05257537742873317
18153.0,0.7020101984658752,0.19220194039656846,0.10578786113755675
17615.0,0.378673763839045,0.33663613494212336,0.28469010121883176
17884.0,0.616920050059762,0.14105602823158378,0.24202392170865453
18459.0,0.573575597988052,0.29838653606019055,0.12803786595175742
18696.0,0.5078053859925618,0.33429994208616054,0.15789467192127785
17000.0,0.6005825144314326,0.10554529975662107,0.2938721858119461
17275.0,0.4619264835297958,0.16993302573468594,0.36814049073551836
17956.0,0.4563824366816567,0.47827877122524104,0.06533879209310202
18231.0,0.5422626626229693,0.14161883183106028,0.31611850554597026
17681.0,0.598748294665759,0.19458961733165378,0.20666208800258695
17410.0,0.46193911996100256,0.3027507350399425,0.23531014499905475
18646.0,0.5229420937126653,0.20845293580982996,0.26860497047750487
17215.0,0.3719587539212259,0.16736866156000887,0.4606725845187653
17478.0,0.6389103497745785,0.18803733802685238,0.17305231219856862
17749.0,0.569700757138027,0.2515652115810226,0.17873403128094972
18291.0,0.7697819320163892,0.028679795578107514,0.20153827240550357
18016.0,0.45258548266311394,0.22996694163660675,0.3174475757002797
18578.0,0.5537573617335336,0.073906806515498,0.37233583175096824
17121.0,0.3601714270815287,0.48652511906548357,0.15330345385298708
17394.0,0.46267065194752843,0.2535086578581703,0.2838206901943009
17816.0,0.4921232871325454,0.140511631853306,0.3673650810141482
17547.0,0.855298020849162,0.06988415725562576,0.07481782189521267
18093.0,0.4179045253492206,0.21183771083187736,0.3702577638189026
18366.0,0.48663556981899025,0.2338512703543495,0.27951315982666025
18527.0,0.6823396955758189,0.21541727755666001,0.10224302686752107
18427.0,0.7487973695290964,0.23441010327627404,0.01679252719462953
18152.0,0.20873742318303576,1.1530110095477338E-7,0.7912624615158628
17614.0,0.32494199512740135,0.020776010016735798,0.6542819948558626
17885.0,0.4671738044099195,0.39028098324534616,0.14254521234473463
17335.0,0.3903333412583722,0.19575333311494356,0.4139133256266845
17060.0,0.3091048483877791,0.33060969514953914,0.36028545646268173
18458.0,0.5653877122056539,0.29126725110564805,0.14334503668869747
18697.0,0.21300750941487478,0.47280527978513665,0.314187210799989
17957.0,0.3547228290018018,0.14177680095344689,0.5035003700447516
18230.0,0.3379158372611937,0.0485224229380681,0.6135617398007379
17680.0,0.6063099000934538,0.19384393609810027,0.19984616380844616
17411.0,0.9131101649006073,0.03000087559838256,0.05688895950100994
17001.0,0.5876595478490986,0.24675796618443335,0.1655824859664686
17274.0,0.14611346075981768,0.1934572295853011,0.6604293096548816
18647.0,0.5825155039588409,0.32984724805752724,0.08763724798363191
17479.0,0.23958891076777547,0.5512069669971178,0.2092041222351072
17748.0,0.3100047860175544,0.2949097289521951,0.3950854850302504
18290.0,0.7878058935073833,0.212193911599388,1.9489322888959273E-7
18017.0,0.675323423600362,0.1949546079151447,0.1297219684844936
17214.0,0.15835280602997417,0.022631240139001016,0.8190159538310254
18579.0,0.5716136374904736,0.16317518461757188,0.2652111778919546
17817.0,0.24735641336582403,0.6194588751746289,0.13318471145954647
17546.0,0.5215305499171909,0.20135598005225075,0.2771134700305583
18092.0,0.6799760575525162,0.06903500244009952,0.2509889400073846
18367.0,0.26868348796567554,0.017480642851890625,0.7138358691824337
17120.0,0.3166730654594346,0.12789754040771223,0.5554293941328534
17395.0,0.4661820743597038,0.1952129734121656,0.33860495222813036
18526.0,0.40708126218884993,0.08862811555448813,0.5042906222566624
18698.0,0.5045945713022527,0.3270082727452859,0.1683971559524615
18457.0,0.6901021663625804,0.23070828979172445,0.07918954384569535
17063.0,0.37139688043296387,0.137401726858071,0.49120139270896496
17332.0,0.56851735201967,0.15820597773597775,0.27327667024435265
18155.0,0.586594778566236,0.2784574680530728,0.13494775338069157
18424.0,0.3361695028499895,0.16072254498951144,0.5031079521604993
17886.0,0.6302003752811907,0.17680441777322461,0.19299520694558517
17613.0,0.2968669131340659,0.3819136562615452,0.3212194306043882
18644.0,0.445500337217864,0.06506847301843405,0.48943118976370265
17273.0,0.6148920447724989,0.22609460763921446,0.1590133475882866
17002.0,0.30429649255630264,0.40095317146206455,0.2947503359816332
18229.0,0.5464531527855303,0.2590014875472486,0.194545359667221
17958.0,0.15942765991441293,0.09885384099625331,0.7417184990893338
17408.0,0.3786417928137114,0.43011837319875057,0.1912398339875378
17683.0,0.5396195116776596,0.32430601552554666,0.13607447279679377
18576.0,0.7028226816747926,0.08757721208294722,0.20960010624225997
17213.0,0.6664399726449635,0.27408087986235885,0.05947914749267756
17751.0,0.5393967030228146,0.28858077319336706,0.17202252378381802
17476.0,0.7862363491564264,0.17275148456148604,0.041012166282087585
18018.0,0.672989598229945,0.22147734855491719,0.10553305321513791
18289.0,0.692773064198346,0.2584670154563858,0.04875992034526802
18525.0,0.7062213748769148,0.17461516909578526,0.11916345602730008
17392.0,0.7090001488903619,0.09099535613118043,0.20000449497845788
17123.0,0.4151932386303045,0.37556394211354543,0.20924281925614963
17545.0,0.3850189399275319,0.21769882606222152,0.39728223401024687
17818.0,0.663836244609372,0.304123553955442,0.032040201435185815
18364.0,0.5146304927859385,0.3601699543958373,0.1251995528182244
18095.0,0.1346587588367069,0.01981385298240097,0.8455273881808923
18699.0,0.6192229208614115,0.08962910620277278,0.29114797293581524
18456.0,0.2715695286138528,0.5232082607008486,0.20522221068529872
18154.0,0.4299398366426426,0.3954156276934784,0.17464453566387914
18425.0,0.9104455331460434,0.08955430461173301,1.6224222398473503E-7
17887.0,0.28598081018278576,0.13832586429778285,0.5756933255194312
17612.0,0.408930299046646,0.47809017569664813,0.11297952525670632
17062.0,0.15005256562188538,0.5964970546534096,0.25345037972470513
17333.0,0.4676635915274351,0.10743574065022113,0.42490066782234387
18645.0,0.3708232025606209,0.15528044168267155,0.47389635575670763
18228.0,0.20089788159067096,0.08550259898771873,0.7135995194216105
17959.0,0.5863129110736193,0.2529165977563455,0.16077049117003556
17409.0,0.5345511605202924,0.28177842469034775,0.18367041478935964
17682.0,0.49200098809586895,0.15796183213269166,0.35003717977143933
17272.0,0.2786458240972328,0.3546713621367468,0.3666828137660206
17003.0,0.31039453477870976,0.480698877359446,0.2089065878618439
18577.0,0.3446203197979763,0.32391828282155466,0.33146139738046937
17750.0,0.34110432980770655,0.47910469140573747,0.17979097878655584
17477.0,0.5369208351930134,0.36891082196597136,0.09416834284101523
18019.0,0.3158008666154952,0.38827422213083534,0.29592491125367004
18288.0,0.4963139872838053,0.32395078918939996,0.17973522352679447
17212.0,0.6340110415802769,0.25110268393628726,0.11488627448343584
18524.0,0.6489742976237919,0.1574535188180357,0.1935721835581721
17544.0,0.3174437024485431,0.16536108058987747,0.5171952169615797
17819.0,0.6390197031042426,0.17310825144351333,0.18787204545224415
18365.0,0.47912239770930704,0.08372352111642833,0.4371540811742644
18094.0,0.17449650921100285,0.04944837196726693,0.7760551188217302
17393.0,0.4253227678207836,0.3914655751112388,0.1832116570679775
17122.0,0.48097367100981586,0.31294925231694276,0.20607707667324104
18498.0,0.03231159989324652,0.17115276912331745,0.796535630983436
17148.0,0.2635142323183377,0.056774660390864574,0.6797111072907978
17391.0,0.06677721166163045,0.7198112455265211,0.21341154281184874
18096.0,0.6352215782683934,0.2285359339490811,0.13624248778252537
18339.0,0.05901068163836118,0.19786934020305366,0.7431199781585849
17797.0,0.1790958470563339,0.6722309786492352,0.14867317429443086
17558.0,0.2956432363041876,0.18925122449768023,0.5151055391981324
18575.0,0.5903834557642541,0.3517303728528486,0.057886171382897866
17186.0,0.5760838389782681,0.10462038808676724,0.31929577293496414
18286.0,0.22293581258718878,0.4735336848936939,0.3035305025191172
18045.0,0.15966037417773724,0.2660104063151088,0.574329219507154
17499.0,0.23246661494397788,0.14062745236850713,0.6269059326875154
17736.0,0.3051935507951488,0.015401980723999151,0.6794044684808526
18635.0,0.18517465216940848,0.23117401238213997,0.5836513354484518
17013.0,0.7453951054097177,0.19556144022827524,0.05904345436200712
17254.0,0.25311993387694715,0.16172188268381962,0.5851581834392329
17676.0,0.3578105786357833,0.25106824894957736,0.39112117241463884
17439.0,0.22641319429112094,0.3835191237617089,0.3900676819471704
17977.0,0.6281628644326328,0.335930340397285,0.035906795170082634
18218.0,0.5147188717511014,0.3820820803695872,0.10319904787931133
18438.0,0.5553627219425921,0.3412702241427956,0.10336705391461203
18709.0,0.7755224904816044,0.20783738859903292,0.016640120919362737
17323.0,0.463031871746313,0.4188788421722122,0.1180892860814749
17080.0,0.37314038081813206,0.5950552006124336,0.031804418569434216
17618.0,0.34388691743503536,0.06770093130901267,0.5884121512559514
17857.0,0.3384039767708635,0.12401134686408762,0.5375846763650488
18407.0,0.7586602194264486,0.13558228197241717,0.10575749860113434
18164.0,0.618167431302305,0.24756450838677285,0.1342680603109217
18499.0,0.394711030626343,0.32202900336929924,0.28325996600435777
18097.0,0.5187074809816048,0.37570523217739915,0.10558728684099598
18338.0,0.22182054989881891,0.21314070598792081,0.5650387441132609
17796.0,0.4629244805835304,0.4856045316554389,0.0514709877610305
17559.0,0.6640501651872719,0.1608983356108852,0.17505149920184299
17149.0,0.2148925239405922,0.15410832092547255,0.6309991551339356
17390.0,0.4246092260136481,0.41873198918214294,0.15665878480420897
18574.0,0.45740141549648927,0.054697381988912386,0.48790120251459845
18287.0,0.7133504492550207,0.1435692592921583,0.14308029145282136
18044.0,0.48136043252440047,0.17282898051106124,0.34581058696453804
17498.0,0.6275161321516015,0.12848043079501292,0.24400343705338534
17737.0,0.7394365537541994,0.2605632734161934,1.7282960698203554E-7
17187.0,0.2925464750659331,0.2124922429897882,0.4949612819442789
18634.0,0.7836532403095129,0.10630483634816686,0.11004192334232038
17677.0,0.37436814787017497,0.018026759724556776,0.6076050924052685
17438.0,0.3706022690020783,0.12205918650269842,0.5073385444952235
17976.0,0.6086873234690158,0.3271261437027593,0.06418653282822484
18219.0,0.5870546394377922,0.1905058212928993,0.2224395392693084
17012.0,0.5107511058846775,0.23126710602855002,0.2579817880867729
17255.0,0.2166073343370978,0.34503039629845283,0.43836226936444955
18439.0,0.2091507260530696,0.03480832548442574,0.7560409484625047
18708.0,0.4264725767245638,0.3070123056378623,0.2665151176375738
17619.0,0.39610727973412047,0.44384229145598747,0.1600504288098918
17856.0,0.5239679793684308,0.28901508675647747,0.18701693387509197
18406.0,0.7572588173157514,0.19071275156287182,0.05202843112137686
18165.0,0.30681881887830065,0.2877206091357815,0.4054605719859177
17322.0,0.13876310862507352,0.6457321050245755,0.21550478635035109
17081.0,0.7258145969308134,0.25411767720551065,0.02006772586367571
17389.0,0.49331642781399637,0.3645563526674875,0.14212721951851648
17150.0,0.6250729007941276,0.1961719771786462,0.1787551220272261
18337.0,0.5315352957245425,0.31174054685408664,0.15672415742137105
18098.0,0.8049014606968276,0.1950983378957008,2.0140747092235406E-7
17556.0,0.6340317476723009,0.2859232969466475,0.08004495538105169
17799.0,0.19644887501042152,0.4810630900248357,0.32248803496474227
18496.0,0.17347970908904842,0.09001797499766663,0.736502315913285
17184.0,0.303129190933194,0.10696327777584429,0.5899075312909617
18047.0,0.5431409704911602,0.2793436753035039,0.17751535420533604
18284.0,0.44898374283427095,0.2659986902930736,0.2850175668726557
17738.0,0.6550975976961249,0.27472142188425497,0.0701809804196197
17497.0,0.6433715771841682,0.22256331879871047,0.13406510401712127
18573.0,0.7319083447871504,0.06956948826181922,0.1985221669510304
17252.0,0.4172978956748491,0.0944819215871758,0.4882201827379748
17015.0,0.6296418694058153,0.16471811169551534,0.20564001889866917
17437.0,0.6158059217769268,0.24600570864442553,0.13818836957864727
17678.0,0.24500971975485472,0.431372701680065,0.3236175785650804
18216.0,0.32345873199634373,0.4348074221214501,0.2417338458822062
17979.0,0.39258784207684716,0.07029022342050484,0.5371219345026483
18633.0,0.5689078983868913,0.2914425855278802,0.13964951608522902
17082.0,0.3089002334205958,0.37380409356166766,0.31729567301773615
17321.0,0.6517526571420132,0.2808660389748744,0.06738130388311205
17859.0,0.29798050593813324,0.5408236300568489,0.16119586400501826
17616.0,0.38950789962476695,0.28814457557698364,0.3223475247982498
18166.0,0.36504697098562466,0.0454772133884578,0.5894758156259173
18405.0,0.7474463976208273,0.03423454809538719,0.21831905428378515
18711.0,0.590605197527665,0.2688731644762519,0.14052163799608267
18436.0,0.41111536244859587,0.23313759807770168,0.3557470394737022
18336.0,0.5532487304601007,0.12081838808767612,0.32593288145222354
18099.0,0.3338873229123844,0.6152021967557992,0.050910480331816575
17557.0,0.6289784040262052,0.22996903217972878,0.1410525637940658
17798.0,0.3631936656494647,0.3159401193604413,0.3208662149900944
17388.0,0.47436070048632106,0.4209918996570033,0.10464739985667554
17151.0,0.11959738370174376,0.12703268292180073,0.7533699333764561
18497.0,0.4747508580691187,0.1399607065349469,0.38528843539593455
18046.0,0.26844879462739857,0.6078165927831704,0.1237346125894311
18285.0,0.6766986602124229,0.21858123179467145,0.1047201079929058
17739.0,0.34239391157114013,0.16541175621896115,0.4921943322098992
17496.0,0.36052403289544194,0.35341753804963744,0.28605842905492046
17185.0,0.6836779143368481,0.1942259363720082,0.12209614929114365
18572.0,0.6355090703868068,0.08774693879074415,0.2767439908224495
17436.0,0.6531851294425147,0.23795467453820446,0.10886019601928129
17679.0,0.14454123836825622,0.14245350967254955,0.7130052519591945
18217.0,0.5678768457981132,0.07231541839390292,0.35980773580798403
17978.0,0.2850452863617479,0.09117767843048452,0.623777035207768
17253.0,0.42216877364682664,0.38026233987147495,0.19756888648169843
17014.0,0.5421430586557833,0.29901034451128716,0.15884659683292962
18632.0,0.8642874084077442,1.9578563420906864E-7,0.13571239580662195
17858.0,0.5298312261496517,0.086463796488004,0.3837049773623444
17617.0,0.249454016349229,0.4004200844243095,0.35012589922646103
18167.0,0.40113798283509694,0.5712306540891583,0.027631363075744642
18404.0,0.18137062616553884,0.06350620157040915,0.7551231722640515
17083.0,0.7745644746366683,0.19287833424270492,0.0325571911206267
17320.0,0.7970810118325788,0.15291660043200844,0.05000238773541284
18710.0,0.42215346136948434,0.07009798359659987,0.5077485550339158
18437.0,0.5672556955771885,0.06369487068379208,0.3690494337390194
18571.0,0.06452165089431058,0.7355651801283125,0.19991316897737682
17190.0,0.287064926529815,0.39333205103829094,0.31960302243189387
17503.0,0.4579117661257464,0.18832496537183738,0.3537632685024159
17740.0,0.26290743241840403,1.4271293484262836E-7,0.7370924248686608
18282.0,0.5177435405264955,0.3799414728731041,0.1023149866004003
18041.0,0.6844186164799599,0.29209902825067124,0.023482355269369027
18502.0,0.6463310006306917,0.15886212204191966,0.1948068773273886
17144.0,0.48385878299996554,0.10441291206285416,0.41172830493717993
17387.0,0.6253794629020958,0.2737504274011697,0.10087010969673484
17793.0,0.516276725184074,0.20162318774608382,0.2821000870698422
17554.0,0.4976610570667745,0.1046654201961338,0.397673522737092
18100.0,0.2891362355986249,0.2946185016558567,0.4162452627455186
18343.0,0.1934166227885711,0.41255735184392917,0.3940260253674999
18434.0,0.5786594773661513,0.116823048319622,0.3045174743142272
18705.0,0.4932531179348691,0.11252515466567796,0.39422172739945316
17327.0,0.3476928387103018,0.07266034634369864,0.579646814946
17084.0,0.06627434474020898,0.4899345783296233,0.44379107693016756
18403.0,0.33753261762962933,0.07141378803820052,0.5910535943321703
18160.0,0.7334218105600295,0.19609368554389006,0.07048450389608046
17622.0,0.21057257667938584,1.489594181488829E-7,0.7894272743611959
17861.0,0.5581786729965044,0.19112701998054865,0.25069430702294637
18639.0,0.48242270650502206,0.4561247041958015,0.06145258929917665
17009.0,0.5546048437126417,0.40702134127758294,0.038373815009775346
17250.0,0.48525841024675737,0.4201006578069387,0.09464093194630314
17981.0,0.46369165627634834,0.40027521714678793,0.13603312657686414
18222.0,0.2725804821952757,0.48463146444691896,0.2427880533578053
17672.0,0.24510976927094716,0.18619981940677988,0.5686904113222727
17435.0,0.4503772345675889,0.46118395189556055,0.08843881353685037
18570.0,0.5146596639214803,0.14963558674336563,0.3357047493351539
17502.0,0.5028233516772256,0.13015275577501764,0.36702389254775636
17741.0,0.3496590253634885,0.5738568633353729,0.07648411130113833
