18081.0,0.9928622520117366,0.007137747331328665,6.569347291031975E-10
18354.0,0.2555091967382098,0.6494322406206559,0.09505856264113444
17812.0,0.47019880109049056,0.5298010653972062,1.3351230330860377E-7
17543.0,0.27825271759622067,0.7115018010177244,0.010245481386054899
17133.0,0.9999999994211928,5.788070022804511E-10,3.161615678840939E-16
17406.0,0.13783337662193007,0.7846941809581808,0.07747244241988904
18752.0,0.009452101153029009,0.9905472517350257,6.471119453631651E-7
18515.0,0.6736129981910537,0.3059506770555497,0.020436324753396642
18303.0,0.15357333741075058,0.824620670501514,0.02180599208773545
18028.0,4.1255093487079E-13,0.002609540831245905,0.9973904591683416
17482.0,2.0384936714893246E-4,0.006063358249995247,0.993732792382856
17753.0,0.32824275732222097,0.5460096373349831,0.12574760534279592
17203.0,0.03612813832262366,0.9638718488264596,1.2850916585416541E-8
18590.0,0.808792607881402,0.17651278070019594,0.014694611418402146
17693.0,0.7319480342691285,0.26805196572988954,9.81983415410938E-13
17422.0,0.10921741232472763,0.0762906092880775,0.8144919783871948
17960.0,0.33671006407121773,0.6265938673174398,0.036696068611342336
18235.0,5.83856067642762E-10,0.9625673097203409,0.03743268969580304
16996.0,0.9999999999997502,6.556268016877435E-23,2.4972206140113413E-13
17271.0,0.9952565656406422,0.004743434359338285,1.9400291765895605E-14
18650.0,0.748574393184186,0.25142560256443003,4.251384147093067E-9
17603.0,0.9166369917928884,0.08228741019142961,0.0010755980156818908
17872.0,0.9922565732363653,0.0077434267636244634,1.0046524800213368E-14
18422.0,0.8936695486334566,0.10407215505094666,0.0022582963155967366
18149.0,0.7149378295803143,0.13030106905588687,0.15476110136379884
17338.0,0.9999999923329311,7.640836515128466E-9,2.623229600166905E-11
17065.0,0.01135076060324751,0.025675417087301557,0.9629738223094508
18455.0,0.9955130375684258,0.004486962431574136,1.0451947848635661E-17
18692.0,0.029917834440499395,1.3598885659510164E-8,0.970082151960615
17132.0,0.02916313859583508,7.334594182026865E-4,0.9701034019859622
17407.0,0.01268493824488668,0.056699622223728104,0.9306154395313851
18080.0,0.37565245606205716,0.28145543072489476,0.3428921132130481
18355.0,2.3110604359912444E-5,0.1479089114495,0.8520679779461401
17813.0,1.0,2.8521909895654906E-21,3.356925861887759E-19
17542.0,0.45055362168729557,0.47947779492836085,0.06996858338434353
18514.0,0.017542647330414232,0.4813273993116389,0.5011299533579469
17202.0,0.14001789543201523,0.8412073291208206,0.018774775447164112
18302.0,0.8652187926450488,0.13478120562398221,1.7309690095489742E-9
18029.0,0.675205277521352,0.3155203167394747,0.009274405739173291
17483.0,0.37676173746679525,0.2467725683133034,0.37646569421990134
17752.0,0.9328058152920009,0.06589761595101377,0.001296568756985254
18591.0,0.8843836521795441,4.003327184489921E-9,0.11561634381712883
16997.0,0.47005526182798363,0.4597553548854234,0.07018938328659295
17270.0,0.9843987704772257,0.015537185706523744,6.404381625045375E-5
17692.0,0.9098105872078298,0.06603524728847725,0.024154165503693033
17423.0,0.03493782596109917,4.712019014697389E-10,0.965062173567699
17961.0,0.7790521014683258,0.20567803686286665,0.015269861668807574
18234.0,0.8072943518458433,0.1927056479459221,2.082344442790364E-10
18651.0,5.325457600928163E-4,0.999466104787771,1.3494521362554012E-6
17339.0,0.7871276274216203,0.1567584433324748,0.05611392924590486
17064.0,0.7487435076471461,0.24971904940039094,0.0015374429524629063
17602.0,0.8326770953958242,0.167322904596635,7.540838342327948E-12
17873.0,0.9999999999999967,2.390282971824781E-20,3.231375149797625E-15
18423.0,0.04946720455636291,0.5868538157826317,0.3636789796610053
18148.0,0.4534226230028575,0.489436024144589,0.057141352852553465
18454.0,7.792034668448086E-26,0.9999999999999993,5.743973987987489E-16
18693.0,0.9670150962074867,0.03264017630766805,3.447274848452165E-4
18513.0,0.2124162892118207,0.3206089072592511,0.46697480352892806
18352.0,0.9823988694429102,0.014011790160442853,0.0035893403966467848
18083.0,0.008410933950646382,0.04574426224663099,0.9458448038027226
17541.0,0.9096530170022673,0.08740646608573527,0.002940516911997346
17814.0,0.13661590127960496,0.8408656648846156,0.02251843383577947
17404.0,0.9529982542786234,0.023986959470957803,0.02301478625041876
17135.0,0.9539090675674152,2.8488716710112123E-9,0.046090929583713226
18588.0,0.9999999989231565,1.0028833190449175E-9,7.39600779696252E-11
18030.0,0.4146779380779777,0.006710153181766011,0.5786119087402564
18301.0,0.37494219168701287,0.5043586512706656,0.12069915704232155
17755.0,0.9999999789708738,2.0357745051726436E-11,2.10087684436624E-8
17480.0,0.2595733184488239,0.06605649896005582,0.6743701825911202
17201.0,0.9937907699716038,0.00620841419043802,8.158379583302251E-7
18648.0,0.9559698528869683,0.04403010335653912,4.3756492550920476E-8
17420.0,0.0324092361630805,0.03852549529812115,0.9290652685387982
17695.0,0.8315870944988172,0.16602326349792101,0.0023896420032618213
18233.0,0.4840028580331921,0.32597748081004657,0.19001966115676128
17962.0,0.7292828263504867,0.268849054588272,0.0018681190612413955
17269.0,0.09541816117395469,0.9032893329164139,0.0012925059096313494
16998.0,0.06777996343628157,0.24345320215607175,0.6887668344076466
18694.0,0.8752697420021983,7.021767963863481E-7,0.12472955582100535
18453.0,0.9618590235481719,0.038140976451828186,1.8971638990482503E-19
17874.0,0.9944774236779912,0.0055225661465791226,1.0175429480903667E-8
17601.0,0.9810798853067513,0.018920111827705203,2.865543559159506E-9
18151.0,0.9293302904219036,0.05727959816681563,0.01339011141128092
18420.0,0.39992685729149485,0.5252000232983032,0.07487311941020197
17067.0,0.005390789608543895,0.00949746895889747,0.9851117414325588
17336.0,0.9999999999953368,4.6617965893381975E-12,1.4300011742503086E-15
18512.0,0.2517924814545642,0.7376021534144085,0.010605365131027281
17405.0,9.581009294835752E-12,0.9999999999904161,2.8797345699626217E-15
17134.0,0.49034934538506736,0.22190927092250332,0.2877413836924293
18353.0,0.9999999999829277,1.700047133047366E-11,7.184098200394374E-14
18082.0,0.40840045669247027,0.4174017790698012,0.1741977642377285
17540.0,0.0891891447383448,0.0700513604959348,0.8407594947657204
17815.0,0.7731621922813269,0.22683769598668835,1.117319847706355E-7
18589.0,0.019585077876649846,0.9804149220452351,7.811505140474448E-11
17200.0,7.162066175711584E-4,0.02173086506546366,0.977552928316965
18031.0,0.909293547626112,0.08891015863863731,0.001796293735250611
18300.0,0.5479963541525792,0.35887372980693144,0.09312991604048938
17754.0,0.051031194570376956,0.6484171634819511,0.3005516419476719
17481.0,3.670057925843316E-15,0.1185811630374226,0.8814188369625738
18649.0,0.009178394067386544,0.5408004067201412,0.4500211992124724
17268.0,0.9778329727671665,0.014513728210563745,0.0076532990222698185
16999.0,0.6540591242317866,0.20733450239491955,0.1386063733732938
17421.0,0.9999999999858047,1.4195204779035676E-11,6.471691967796448E-25
17694.0,6.04482434948157E-11,0.9999987651978499,1.2347417018619953E-6
18232.0,0.10386084510472293,0.8957350247974991,4.041300977779463E-4
17963.0,0.6105105984666525,0.38065559108679836,0.008833810446549179
18695.0,0.792130016210376,0.20470577575350976,0.0031642080361141928
18452.0,0.897942504915264,0.05483449545235217,0.047222999632383966
17066.0,0.8894948995902764,0.10747745507012477,0.003027645339598784
17337.0,0.7393985702800455,0.1754246147012886,0.08517681501866581
17875.0,0.7017826441266259,0.2982173483314881,7.541885912056841E-9
17600.0,0.9311750124066087,0.03755348666990735,0.03127150092348398
18150.0,0.20661322035264615,0.4902204844258089,0.303166295221545
18421.0,0.17458403459552307,0.40694788972889123,0.41846807567558564
17486.0,0.9769561153830202,0.023043882713520814,1.903458975655926E-9
17757.0,0.9999911407156039,2.2142920895933083E-7,8.637855187188182E-6
18299.0,0.6799571124061523,0.30909564790910815,0.010947239684739521
18024.0,3.287376067646619E-8,0.9999998196383616,1.4748787776897844E-7
17207.0,0.8568752859709269,0.13871892343642744,0.004405790592645686
18586.0,0.6936847768774896,0.30393047560477476,0.002384747517735538
17808.0,0.9725235542775764,0.016373781746350416,0.011102663976073249
17539.0,0.0011652281468403514,0.0022322832448591584,0.9966024886083006
18085.0,0.01684519295178275,0.9831548070482157,1.5013149980681893E-15
18358.0,0.9841102196322826,0.01588977996287671,4.0484063179675415E-10
17129.0,0.9811160767916605,0.01888392320833941,5.66579171611389E-17
17402.0,0.9999953477385203,4.6518729223366584E-6,3.885573509030826E-10
18519.0,0.9951607876765476,0.004839210826478058,1.4969742804355492E-9
18418.0,0.9999999999976601,6.392926757428493E-19,2.3398624069647677E-12
18145.0,0.2548101727199921,0.7451898272799954,1.2447139586973507E-14
17607.0,0.9806106165335945,8.235271965779166E-4,0.01856585626982755
17876.0,0.8967066819325048,0.09745396567899307,0.005839352388502175
17342.0,0.5611673319050532,0.09558564202448354,0.3432470260704632
17069.0,0.9999999998847049,6.232697268570705E-11,5.296807680303637E-11
18451.0,0.6659422708879651,6.030663841200655E-8,0.3340576688053965
18688.0,0.7854157302927794,0.014900780991450265,0.1996834887157703
17964.0,0.7062615572535959,0.017149145093320564,0.27658929765308354
18239.0,0.9998332933020072,2.046924040632309E-29,1.667066979929038E-4
17689.0,0.8702012157710267,0.04317208268410203,0.08662670154487113
17418.0,0.08383359544217517,0.8947892365149169,0.021377168042907752
16992.0,0.39780427870907764,0.5103624232700733,0.09183329802084914
17267.0,1.5137475448492577E-11,0.5647997366818196,0.4352002633030429
18654.0,0.01528838709173413,0.041834574172624615,0.9428770387356413
17206.0,0.6523734557446276,0.3475937621662824,3.278208909011813E-5
17487.0,0.9999999999508589,2.4738290177640314E-13,4.889369138183022E-11
17756.0,1.0487604287765914E-11,1.4869911408880996E-12,0.9999999999880254
18298.0,0.0013044257854704438,0.46547132167825184,0.5332242525362777
18025.0,0.4198815693288224,0.48626629442580527,0.09385213624537231
18587.0,0.5077072970693298,0.15597790922836793,0.33631479370230233
17128.0,0.975389965696176,0.02406399160588639,5.460426979376225E-4
17403.0,0.8596374870249495,0.008900339698889844,0.13146217327616072
17809.0,0.02218563113747777,0.9778119956737937,2.3731887285832434E-6
17538.0,0.8131653584203333,0.18324437272808033,0.0035902688515863815
18084.0,0.9999999154330712,7.843838797975393E-12,8.455908478713834E-8
18359.0,0.9270464359087086,0.06227878256723596,0.010674781524055424
18518.0,0.9999995264891297,7.314682448036977E-8,4.003640458566307E-7
17343.0,0.962775382385214,1.9330277678117995E-12,0.037224617612853055
17068.0,0.8443176192008571,0.15568213730133512,2.43497807755235E-7
18419.0,0.9999999997004976,2.9943949979316116E-10,6.277547423289136E-14
18144.0,0.03809160861137989,0.9338499157759298,0.028058475612690342
17606.0,0.08010270083138774,0.586153395221437,0.33374390394717524
17877.0,0.7592407233731406,0.19975530729849836,0.04100396932836116
18450.0,0.9999999999994886,1.3712805802403571E-14,4.97705246798363E-13
18689.0,0.9201828560987304,0.07748041582188278,0.00233672807938679
16993.0,0.006524022298487971,0.01807033577332464,0.9754056419281875
17266.0,0.9999999192835612,4.8545764232956945E-8,3.21706747348373E-8
17965.0,0.6979882559062807,0.2901650785948711,0.0118466654988482
18238.0,0.9087627812016471,0.08920752585624066,0.002029692942112107
17688.0,0.9632584767308598,0.00324325443178264,0.03349826883735761
17419.0,0.7882416728634168,0.013703574126208387,0.19805475301037487
18655.0,0.7912710271769946,0.17609706470478217,0.032631908118223085
18584.0,0.75809159021307,0.21123672821592793,0.030671681571002102
17759.0,1.1277672687738755E-4,0.6506835439525855,0.3492036793205371
17484.0,0.011544177829485453,6.414199049935949E-189,0.9884558221705145
18026.0,0.03282166425197425,0.5872651283755637,0.3799132073724621
18297.0,0.9997375392921748,2.624311371839604E-4,2.957064113002775E-8
17205.0,0.9983897525132326,0.001610241353771358,6.132995902948013E-9
18517.0,0.2764304650603606,0.7185446439178425,0.005024891021796839
17537.0,0.2893861663811697,0.33195522203294997,0.37865861158588027
17810.0,0.6421545023515653,0.18955717330521368,0.1682883243432209
18356.0,0.3058747609740541,0.6757920877910419,0.018333151234904005
18087.0,8.199038545992169E-11,0.9999999999163482,1.6614119497224965E-12
17400.0,0.9865844979903067,0.006620408484846487,0.0067950935248466855
17131.0,0.019686988705900632,0.3808579457308359,0.5994550655632634
18690.0,0.9842326999255876,0.015767299429819328,6.445931390060987E-10
18449.0,0.0028026487033055818,0.9971954161816351,1.9351150594613704E-6
18147.0,0.3435287682731132,0.6564712316883035,3.858341390557338E-11
18416.0,0.9594481916831802,0.036240677284003,0.004311131032816632
17878.0,0.7451069715141404,0.24111005621343864,0.013782972272420918
17605.0,7.012258665100835E-4,0.9992857478434399,1.3026290050079187E-5
17071.0,0.9233489535481815,0.01433990518268637,0.06231114126913218
17340.0,0.918982735685533,0.07595667859101203,0.005060585723455041
18652.0,0.9978496226915212,0.001129366041062957,0.0010210112674158914
18237.0,0.9999999999999556,4.9105269958112496E-18,4.439563259827603E-14
17966.0,0.9689873862293447,0.03051162700941297,5.009867612424402E-4
17416.0,0.9872407359792708,0.010889673083480078,0.0018695909372490884
17691.0,0.11156481883813808,0.08489138931966016,0.8035437918422018
17265.0,1.5468246112279142E-15,4.093798749111288E-18,0.9999999999999984
16994.0,0.8198649406762777,0.025883172164505783,0.15425188715921656
18585.0,0.8852245642369244,0.10749244066343663,0.007282995099639105
17204.0,0.9948043317577465,0.0051916886437263715,3.9795985272767784E-6
17758.0,0.9999988364837133,2.812654247442472E-8,1.135389744089008E-6
17485.0,0.7827983011348538,0.21520852746655497,0.001993171398591175
18027.0,0.0393212694588286,0.5025008767748419,0.45817785376632947
18296.0,0.9999998680350283,1.3196497180433545E-7,8.660223703981488E-21
18516.0,0.08124274471237032,0.2959135525927587,0.622843702694871
17401.0,0.6742006568107898,0.3242991920104299,0.001500151178780367
17130.0,0.004988724209789029,0.9578891125536606,0.03712216323655034
17536.0,0.956776143454554,0.028372734215189616,0.014851122330256606
17811.0,0.4029192418981935,0.043980441978863645,0.5531003161229429
18357.0,0.999065362542958,8.714260565727361E-4,6.321140046933516E-5
18086.0,0.16866588384478992,0.46584779665022374,0.3654863195049863
18691.0,2.8883621901561456E-4,0.03157210305810875,0.9681390607228756
18448.0,0.050943919759151426,0.58582619992505,0.36322988031579856
17070.0,0.38750766864815195,0.5821828723973905,0.030309458954457504
17341.0,0.3472330221983434,0.4209528670199741,0.23181411078168254
18146.0,8.806303612290575E-13,0.41434244507482343,0.5856575549242959
18417.0,0.6564267216110458,0.12157168724063525,0.222001591148319
17879.0,0.9908092869288084,1.0105223636336858E-10,0.009190712970139417
17604.0,0.9906985487589245,0.00930144750137728,3.7396981981482855E-9
18653.0,0.9943207711572164,0.005119760750572938,5.594680922105234E-4
17264.0,0.8500257131307657,0.13846593221788628,0.011508354651348042
16995.0,0.08276791048763844,0.9082661473931944,0.00896594211916717
18236.0,0.9634552135556476,0.03250013753645283,0.004044648907899547
17967.0,0.4572976413766911,0.43166810742398365,0.1110342511993252
17417.0,0.9999326508569469,6.734913934541004E-5,3.707669057326293E-12
17690.0,0.15442189114594906,0.8455738636183088,4.245235742216284E-6
17004.0,3.1780003347575548E-12,0.9999999999968183,3.77487314431739E-15
17279.0,0.9390482932870238,0.06094920567890946,2.5010340668381827E-6
17685.0,0.003112220781724446,0.013014523338106756,0.9838732558801687
17414.0,0.8882813702946281,0.06595188508891488,0.04576674461645697
17952.0,0.8830556436081055,0.1112882280238808,0.005656128368013723
18227.0,0.032875229555612756,0.19977353554168917,0.7673512349026981
18642.0,0.9999959807837724,4.019216227580046E-6,1.0208371458953283E-16
17330.0,0.9846491327113928,0.015350867277904247,1.0702809692359228E-11
17057.0,0.9090639155114244,0.09004668386530353,8.894006232720881E-4
17611.0,0.051952111577949024,0.2126577529328029,0.7353901354892481
17880.0,0.47734930344347437,0.021143371845629602,0.501507324710896
18430.0,0.8785606101989603,0.11859018224345384,0.002849207557585948
18157.0,0.9956282533880472,0.004371746476887085,1.3506578288930137E-10
18463.0,0.948973675314136,0.04786515901576522,0.0031611656700988224
18700.0,0.0023693642549760404,0.028240884160204843,0.9693897515848192
17125.0,0.9999974886323135,6.368293668288996E-8,2.447684749805287E-6
17398.0,0.04448544975415794,0.6901495702921047,0.26536497995373726
18089.0,0.011117788460247375,0.988589376739596,2.9283480015645553E-4
18362.0,0.9024112410723165,3.753811939239658E-4,0.09721337773375953
17820.0,0.21425150207795823,0.4721828781758959,0.31356561974614583
17551.0,0.8935863055299795,0.054042163742554196,0.05237153072746634
18523.0,0.982067168273401,0.017932788894862845,4.283173603356824E-8
17211.0,0.9069978469766368,0.09299912309006421,3.0299332990441963E-6
18295.0,0.8565410823772441,0.14105965739111215,0.0023992602316437735
18020.0,0.9443966603650493,0.02813016345554915,0.027473176179401447
17474.0,0.2025063582186432,0.6250478669436601,0.17244577483769677
17745.0,0.9780353545225121,0.020782421359346485,0.0011822241181413326
18582.0,0.006653749362152825,0.006637126157163736,0.9867091244806834
17684.0,0.8872231164079862,0.04594311445349048,0.06683376913852336
17415.0,0.9999999999998794,1.199543225767211E-13,6.511344794046406E-16
17953.0,0.39400229365646483,0.6059977063435348,4.0659903270346573E-16
18226.0,0.45912609786703623,0.015553349388812079,0.5253205527441517
17005.0,0.7256015128321175,0.27439839671342175,9.045446074774222E-8
17278.0,0.8244184323801164,0.03615385044748297,0.13942771717240057
18643.0,0.9999890865883634,1.2085097781747836E-6,9.704901858363612E-6
17610.0,0.6989114394838442,0.3010885538802952,6.635860597126371E-9
17881.0,0.9623989402823236,0.008630112232368106,0.028970947485308377
18431.0,7.16349301726926E-5,0.9999283650689647,8.624962310972832E-13
18156.0,0.01707498774497366,0.014049372482624656,0.9688756397724018
17331.0,1.4458780325959164E-6,0.9999985290282499,2.509371752081704E-8
17056.0,0.9999999939420445,6.545442566832081E-12,6.051410055520403E-9
18462.0,0.04589414999223245,0.03854937783433125,0.9155564721734363
18701.0,0.9683147031783391,0.029209538228991975,0.002475758592668915
18088.0,0.974366149789462,0.025633839219495736,1.0991042283206454E-8
18363.0,6.079165593873967E-10,8.4836597435495E-12,0.9999999993835997
17821.0,0.007563762115440024,0.2711351684794391,0.7213010694051208
17550.0,0.8908103417035509,0.08125172232589843,0.027937935970550706
17124.0,6.4929551891495314E-21,5.5074499333575006E-8,0.9999999449255007
17399.0,0.145808407080763,0.7842842296936956,0.06990736322554136
18522.0,0.4320766203372496,0.0589902542568175,0.5089331254059329
18294.0,0.4836516365138784,0.3953025577228865,0.12104580576323502
18021.0,0.7576439952865974,0.24235600471337146,3.0923133030432026E-14
17475.0,0.9879193740317279,0.012073818161523461,6.807806748624545E-6
17744.0,4.4811785821189364E-11,0.4816038306400273,0.518396169315161
17210.0,6.34602070813304E-12,0.9273409851824574,0.07265901481119662
18583.0,0.9999655124725972,4.912902520713274E-9,3.4482614500238454E-5
18640.0,0.9755855347306839,0.024395032726569073,1.9432542746914312E-5
17277.0,0.889370736026251,0.10593510488151942,0.004694159092229439
17006.0,0.959796351598112,0.039468126022814826,7.355223790731863E-4
17412.0,0.5385293892403896,0.154497916140207,0.30697269461940346
17687.0,0.377266737254569,0.4288284286223982,0.1939048341230328
18225.0,0.999999999784376,5.04285912611991E-12,2.1058102869414628E-10
17954.0,0.09047476449043762,0.9092041650912845,3.210704182779119E-4
18702.0,0.7279563447258351,0.2644665506032482,0.007577104670916627
18461.0,0.13097380973981143,0.8558557221738905,0.013170468086297982
17059.0,0.04438506966653597,0.791658178403283,0.16395675193018108
17328.0,1.4160733712118387E-6,0.9996930937317993,3.0549019482952567E-4
17882.0,9.308674410061753E-15,0.9999999994858819,5.141087413061908E-10
17609.0,0.8772906385660877,0.09067628587720497,0.03203307555670734
18159.0,2.3109681777631858E-4,8.93938031576299E-5,0.999679509379066
18428.0,0.2954169146505969,0.27033366361197914,0.434249421737424
18521.0,0.8173067094017332,0.17869317148678193,0.004000119111484872
17396.0,0.7360504387696053,0.26019337897083383,0.0037561822595608184
17127.0,0.9988252136666559,0.0011747863333441638,2.1708805733538304E-17
18360.0,0.9999999999892475,3.917046072612641E-12,6.835505279267663E-12
18091.0,0.16561616648057353,0.21157308106401693,0.6228107524554095
17549.0,0.8674507204682027,0.1272897852839577,0.0052594942478396255
17822.0,0.9999999963530295,1.5142750456989157E-12,3.6454561076678037E-9
18580.0,0.9990387393839487,9.612606160513304E-4,2.764971824731075E-20
17209.0,4.443837662011386E-8,5.032584794930663E-10,0.9999999550583649
18022.0,0.07387427100521983,0.029960541338882127,0.896165187655898
18293.0,0.03071032619081073,0.950790871068689,0.018498802740500375
17747.0,0.01420496284240889,0.13388651668175522,0.851908520475836
17472.0,0.9921981423702139,0.00780185762978476,1.3536753456642365E-15
18641.0,0.01796391634397644,0.26753451006924867,0.7145015735867748
17413.0,0.00255964900107136,0.8401239552900258,0.15731639570890285
17686.0,0.5706837366416577,0.019451676581417453,0.40986458677692483
18224.0,0.2546888225049356,0.22526713024352854,0.5200440472515359
17955.0,0.0663546109198921,0.9332580474480612,3.873416320465732E-4
17276.0,0.9999998048864648,1.9511353521783262E-7,1.4519873189844728E-17
17007.0,0.47592886807433404,0.5238959220176614,1.752099080044497E-4
18703.0,0.3376575208470865,0.20320599490442454,0.45913648424848896
18460.0,0.019787061125923548,0.22335343627674428,0.7568595025973323
17883.0,0.8702564691667019,0.12974352721475324,3.6185448070513802E-9
17608.0,0.9999999999780216,2.1923737007227548E-11,5.46104329287462E-14
18158.0,0.22975321617822295,0.7700191279773236,2.2765584445341987E-4
18429.0,0.839050395681044,0.1135181435479876,0.047431460770968395
17058.0,0.06848347101719425,0.6115965183352733,0.3199200106475325
17329.0,0.4236144502355428,0.27771842537332986,0.29866712439112736
18520.0,0.7722830343468924,0.004289029882081658,0.22342793577102607
18361.0,0.008537806059708442,0.08628302512518272,0.9051791688151088
18090.0,0.9244840394564147,0.062323021917431214,0.013192938626154118
17548.0,0.5115256227429673,0.023225405549737045,0.4652489717072957
17823.0,0.6939949196360737,0.07771306340372523,0.22829201696020088
17397.0,0.04120004215566832,0.4798836578312973,0.4789163000130344
17126.0,9.04254317405432E-12,1.314767972184725E-9,0.9999999986761894
18581.0,3.553662001262447E-5,0.0026825157116458923,0.9972819476683416
18023.0,0.9196835948699378,0.06067767118925307,0.019638733940809113
18292.0,0.06960527568256414,0.9303780359882934,1.6688329142411734E-5
17746.0,0.025675397026537886,9.337253721431405E-4,0.9733908776013189
17473.0,0.9630510738642636,0.007473385303611645,0.02947554083212483
17208.0,0.9999999952307863,6.153249675868869E-11,4.7076810400288646E-9
17334.0,0.8166310186058297,0.0036862789489901368,0.17968270244518014
17061.0,0.8574333740668273,0.11859448849249714,0.02397213744067558
18426.0,0.9999999999998666,3.9484131343180794E-18,1.3341803016991237E-13
18153.0,0.5185934529449336,0.4620352160267794,0.019371331028287003
17615.0,0.9999996757162412,5.273620720668222E-10,3.237563969169909E-7
17884.0,0.9975624273318779,1.0481300934437888E-7,0.0024374678551126547
18459.0,0.06527784416034009,0.6342461146650298,0.30047604117463017
18696.0,0.28873472562386476,0.704826294423223,0.006438979952912285
17000.0,0.3480615726448547,0.036633716682027966,0.6153047106731173
17275.0,0.6648791322389365,0.22786945247990537,0.10725141528115816
17956.0,0.9998335661887044,1.6643381129439512E-4,1.1692252753727257E-15
18231.0,0.9999984138918585,1.544728626487647E-6,4.137951503941974E-8
17681.0,0.8040229299256312,0.19453415584089293,0.0014429142334757923
17410.0,1.0211098812643952E-5,0.060503001693395154,0.9394867872077922
18646.0,0.1441543767834314,0.7004243800161729,0.1554212432003957
17215.0,0.5781812882880796,0.3271625263900254,0.09465618532189497
17478.0,0.38939621705718547,0.610527169073312,7.66138695025824E-5
17749.0,0.7607290238635235,0.23497456191705957,0.004296414219416865
18291.0,0.8851344891970402,0.007671925952400216,0.10719358485055973
18016.0,0.6313568904065148,0.3676526159893292,9.904936041560412E-4
18578.0,1.7884296815869392E-7,5.315561657136073E-7,0.9999992896008663
17121.0,0.005961340862351991,0.9940386036044011,5.5533247051362716E-8
17394.0,0.6943482757183088,0.29175584941897,0.01389587486272121
17816.0,1.8847784418682442E-8,0.0017263303757664048,0.9982736507764493
17547.0,0.9999999999836995,5.382703737022718E-13,1.5762224685053277E-11
18093.0,2.9573861835291775E-9,9.099863208044986E-11,0.9999999969516151
18366.0,0.4493053823160569,0.550694617485079,1.9886419633196236E-10
18527.0,0.9117880918252752,0.08821190798778994,1.869347053938121E-10
18427.0,0.940287431264454,0.05971255406135625,1.467418982183854E-8
18152.0,0.08593281041800156,0.052980357061589635,0.8610868325204089
17614.0,0.019395803195682928,0.012345799146279708,0.9682583976580375
17885.0,0.9047532277073479,0.09364879919213968,0.0015979731005125468
17335.0,3.194537688512172E-4,0.018391922828184252,0.9812886234029645
17060.0,0.08985554708163478,0.8727239292409216,0.03742052367744351
18458.0,0.18791022571340268,0.7437596385624856,0.06833013572411183
18697.0,0.05559042785325574,0.6731437241593405,0.2712658479874037
17957.0,0.5609306983685216,0.1079505275612143,0.3311187740702641
18230.0,0.050960075925911286,0.18990002416379992,0.7591398999102887
17680.0,0.7794696080198285,0.21812693300935918,0.0024034589708123544
17411.0,0.8523982614762904,0.14247138592780847,0.0051303525959010545
17001.0,0.9881050724257,0.011639699441870816,2.552281324292328E-4
17274.0,3.0210790776811234E-5,0.0017472326669648452,0.9982225565422583
18647.0,0.9999999999999984,1.6022668913533818E-20,1.4874376418491328E-15
17479.0,0.11405369544997478,0.25618558644428613,0.6297607181057391
17748.0,0.0013933100894867457,0.04520224838653354,0.9534044415239799
18290.0,0.6996661911325402,0.3001588735647249,1.749353027347081E-4
18017.0,0.9886468591514029,0.011196644599725032,1.564962488718335E-4
17214.0,0.24647449807742453,0.059312495316926776,0.6942130066056488
18579.0,0.9888769958841848,0.010154879106197024,9.681250096184061E-4
17817.0,0.9999999996996993,3.5536208347483715E-11,2.647645117390516E-10
17546.0,0.9981873730883695,0.0011383787320253449,6.742481796051676E-4
18092.0,0.6390826279518507,0.03318330413129847,0.3277340679168508
18367.0,5.142584275455718E-4,0.3665410342886195,0.632944707283835
17120.0,0.4151764762537421,0.20097253665138734,0.38385098709487053
17395.0,0.16500667870359423,0.28074077108487205,0.5542525502115337
18526.0,0.3737169254498735,0.2706375968096358,0.3556454777404907
18698.0,0.8870588881280507,0.10987210675100184,0.0030690051209475034
18457.0,0.9638913936288122,0.03573102990837649,3.775764628113182E-4
17063.0,4.234522447218806E-10,0.9012052405447283,0.09879475903181947
17332.0,0.9000119496607654,0.09998805033923357,1.0317539236361636E-15
18155.0,0.9999999999998461,1.539567928095375E-13,3.023040845796016E-18
18424.0,0.12903422628224712,0.08574611734767826,0.7852196563700746
17886.0,0.8523982614762904,0.14247138592780847,0.0051303525959010545
17613.0,0.19748714916362203,0.7258887144759767,0.07662413636040125
18644.0,0.23105931255506507,1.1336338580434157E-9,0.768940686311301
17273.0,0.9827753760142388,0.01422092197549732,0.003003702010263883
17002.0,8.429251790265107E-6,0.2245886156765302,0.7754029550716796
18229.0,0.9999999999320557,6.247310114463823E-13,6.731952903079666E-11
17958.0,0.035720233663567594,0.01141774610455947,0.9528620202318729
17408.0,0.8805650882102304,0.11657933956287543,0.00285557222689411
17683.0,0.9762672882119868,0.023483495353505184,2.4921643450802995E-4
18576.0,0.9552728013626675,0.043033647223828506,0.0016935514135040409
17213.0,0.5598472942207744,0.43295943171817175,0.007193274061053875
17751.0,0.9500328146135113,0.039607828041565575,0.01035935734492328
17476.0,0.9999998866481252,1.1335187472787245E-7,1.3977546781225066E-18
18018.0,0.9747447094551346,0.02525529041013953,1.3472593746726477E-10
18289.0,0.2508182017361583,0.749181797522403,7.414386069694877E-10
18525.0,0.7861325330485528,0.2028249310872533,0.011042535864193922
17392.0,0.9999999993932542,3.150881657339304E-11,5.752369471479609E-10
17123.0,0.01434910363817143,0.9856508963618272,1.4121246680241666E-15
17545.0,0.9460460686933012,0.0398281204504906,0.01412581085620829
17818.0,0.945455378671666,0.052330330131321885,0.0022142911970120965
18364.0,0.8367073810865574,0.08061472013716699,0.08267789877627568
18095.0,0.021893170643338546,0.002057879627209547,0.9760489497294519
18699.0,0.6589923131743004,0.10484620713130989,0.23616147969438972
18456.0,3.685036266683712E-7,1.3511561205546404E-8,0.9999996179848121
18154.0,2.5555208963708851E-23,1.519281171700704E-7,0.9999998480718828
18425.0,0.9994678237204825,5.321760653816744E-4,2.1413584524107344E-10
17887.0,0.08090451335171728,0.044852288651066635,0.8742431979972162
17612.0,0.9361822770217505,0.06381772297620221,2.0473427671882093E-12
17062.0,4.28458306177454E-12,0.917720634236567,0.08227936575914829
17333.0,0.9700562344149217,0.02664892860739546,0.003294836977682733
18645.0,7.401264402940204E-4,0.01905249500685883,0.9802073785528471
18228.0,0.9995269454510154,1.7499061848561708E-4,2.9806393049906804E-4
17959.0,1.5435286272106366E-12,4.128604992621676E-14,0.9999999999984153
17409.0,0.8314184193312458,0.16377907221442484,0.004802508454329303
17682.0,0.060669423704148996,7.590442918886545E-16,0.9393305762958503
17272.0,0.025964518891884517,0.7575768063781176,0.2164586747299978
17003.0,0.07533411385772787,0.9246658854026846,7.395876831467894E-10
18577.0,0.038011116893920206,0.9321551181770921,0.029833764928987656
17750.0,0.11727839051009943,0.843491174003919,0.03923043548598153
17477.0,0.2920490310109435,0.45158009107441627,0.25637087791464025
18019.0,0.4584253516874016,0.36443576066277544,0.177138887649823
18288.0,0.9859355820382029,0.012589787237626703,0.0014746307241704315
17212.0,0.7994686749447759,0.15007540392215538,0.050455921133068765
18524.0,0.9982536332098545,0.0017240632607003984,2.230352944530681E-5
17544.0,0.04680819808690373,0.0038730953132562517,0.9493187065998401
17819.0,0.9917484084236866,0.008251558696024756,3.28802885852084E-8
18365.0,0.7864706646195933,0.176194601611084,0.03733473376932279
18094.0,0.09301197798582891,0.3929969890706329,0.5139910329435382
17393.0,1.9006716124150247E-4,0.5579427580052368,0.4418671748335216
17122.0,0.010059282411857919,0.27044835254221655,0.7194923650459256
18498.0,4.493762843858627E-4,0.003921565661058981,0.9956290580545551
17148.0,0.0035378809984847343,0.00190280309842592,0.9945593159030892
17391.0,3.9780737340453125E-11,0.37280453698285476,0.6271954629773646
18096.0,0.15393602674992277,0.8227818545590521,0.0232821186910253
18339.0,0.562374235646626,0.10210034350566226,0.33552542084771164
17797.0,0.42588213936063796,0.5436022419420181,0.030515618697343896
17558.0,0.8611287952898334,0.12068319254249923,0.01818801216766735
18575.0,0.8837346834871028,0.11443911864777771,0.0018261978651195484
17186.0,0.8472492256347587,0.08012267692375637,0.07262809744148492
18286.0,0.043520702242119354,0.8008559466086564,0.1556233511492243
18045.0,0.14020068360851357,0.2751798744307235,0.584619441960763
17499.0,0.6612936217458298,0.30653999116125913,0.032166387092911024
17736.0,0.9999999982195886,1.0035233261723623E-13,1.7803109142213785E-9
18635.0,1.6314816095973172E-12,1.564168895417653E-6,0.999998435829473
17013.0,0.9788023960797705,0.021197603920228552,7.879656667988504E-16
17254.0,0.006913091375016079,0.04350640572840764,0.9495805028965764
17676.0,0.20984595985574334,5.836247495939017E-10,0.7901540395606319
17439.0,0.7028016681113617,0.26931168649703274,0.027886645391605656
17977.0,0.9993160175397149,5.397421136906813E-10,6.839819205429554E-4
18218.0,0.941359995953694,0.058311462874282564,3.285411720234823E-4
18438.0,0.5227241393958997,0.43241133393263775,0.04486452667146261
18709.0,0.7663711874549153,0.2336288125450846,4.718662867659369E-21
17323.0,0.9999245739817068,8.547129457167424E-9,7.541747116375379E-5
17080.0,0.007992172086994995,0.8592825907301309,0.13272523718287385
17618.0,0.1971153680952396,0.20017790974468588,0.6027067221600745
17857.0,0.32253320040111305,0.09749602338883559,0.5799707762100513
18407.0,0.9531599974969238,0.043991539076079764,0.002848463426996414
18164.0,0.43123912295605277,0.5562523593567998,0.012508517687147462
18499.0,0.8411180055082108,0.11906709132601556,0.039814903165773574
18097.0,0.25427832471847506,0.745721675281525,7.862013327476982E-18
18338.0,0.0013291176482544435,0.008233089353767547,0.9904377929979779
17796.0,0.30705360837984536,0.6901226723891286,0.002823719231026033
17559.0,1.325631016330152E-8,0.30031119526654476,0.6996887914771451
17149.0,0.027078497284452507,0.10381994908559838,0.8691015536299491
17390.0,0.068238324574026,0.9317613519024354,3.235235385072868E-7
18574.0,0.907051962110682,7.617158703049369E-10,0.0929480371276021
18287.0,0.9708640049949974,0.028311491491534137,8.245035134685831E-4
18044.0,0.7344132792567123,0.25059412178681056,0.014992598956477058
17498.0,0.998787816287673,0.001163020105331102,4.9163606995774644E-5
17737.0,0.9474492664260672,0.052550733573686385,2.4625782005045233E-13
17187.0,0.38830769728881925,0.25640786759232204,0.3552844351188587
18634.0,0.9979629316719743,0.0020370663537792057,1.97424660953062E-9
17677.0,0.916673427205201,0.021190213604726945,0.0621363591900721
17438.0,0.2655752432397573,0.3696968256866687,0.364727931073574
17976.0,5.5747699614585645E-5,0.8894127001778064,0.11053155212257908
18219.0,0.9450260359191694,0.0540699806296616,9.039834511689724E-4
17012.0,0.8270759270183863,0.16986223207225745,0.0030618409093562393
17255.0,6.824819213794804E-13,0.007597696705710816,0.9924023032936068
18439.0,0.9324576042050671,0.005079965355970802,0.06246243043896216
18708.0,1.0957211332289541E-7,3.0523205828850485E-6,0.9999968381073037
17619.0,2.396644408182536E-10,0.9518267681252452,0.048173231635090415
17856.0,0.09807041352514999,0.800702239892319,0.10122734658253103
18406.0,0.9999999999451776,1.4460655788137429E-12,5.3376170210616346E-11
18165.0,0.004552595598152363,0.6846409410273506,0.31080646337449713
17322.0,0.06392597588705065,0.35411798030309805,0.5819560438098513
17081.0,0.9999999999725084,2.743651043068137E-11,5.4981213297123115E-14
17389.0,0.980937835071371,2.4751074699244844E-8,0.019062140177554365
17150.0,0.9641092219809116,0.03549374625190713,3.970317671811911E-4
18337.0,0.5363890299617953,0.4074597203368868,0.05615124970131793
18098.0,0.9799026425539771,0.020003063474757467,9.429397126561389E-5
17556.0,3.689532791279507E-9,0.9999999963104671,1.4947205068892726E-26
17799.0,0.4774557823231705,0.20850138899923845,0.31404282867759103
18496.0,0.004829096407119341,0.07425198303223202,0.9209189205606487
17184.0,0.04958457156735768,0.6402844291185922,0.31013099931405014
18047.0,0.9999999108963964,2.93059782925332E-10,8.881054394165248E-8
18284.0,0.9995771161658172,1.5208243305686139E-9,4.2288231335822876E-4
17738.0,0.8723488281286569,0.12602527539244585,0.0016258964788971953
17497.0,0.7719493570457121,0.2250660147423311,0.0029846282119568596
18573.0,1.0,9.209670779717479E-47,6.621923577879167E-49
17252.0,0.0012488127529137526,0.0037082521618895838,0.9950429350851967
17015.0,0.9999999999999993,1.3428510538887658E-27,6.349022913874736E-16
17437.0,0.9477506755626288,0.039703162377841675,0.012546162059529388
17678.0,0.13249909301195054,0.8675009065716678,4.163817185779302E-10
18216.0,0.9497138558972333,0.049149285784114746,0.0011368583186520899
17979.0,0.8611500884336923,0.1388499115657769,5.307754187500322E-13
18633.0,0.9085014225519712,0.09106068364940577,4.378937986230356E-4
17082.0,0.048820989634221,0.8821835371513764,0.06899547321440261
17321.0,0.8958968079465794,0.10410318380759791,8.245822783474412E-9
17859.0,1.9002342146443675E-12,0.8737023038185853,0.12629769617951458
17616.0,1.4499500484785962E-5,0.12655269449819373,0.8734328060013214
18166.0,0.007191591730873281,0.0016177998221011897,0.9911906084470256
18405.0,0.9594551630260589,0.005298559471362545,0.03524627750257842
18711.0,0.9818116554551498,0.013934928733594781,0.004253415811255477
18436.0,0.2607134527898692,0.6689990937885361,0.07028745342159476
18336.0,0.7059227187180745,0.2549867816775281,0.03909049960439736
18099.0,0.2017353275742195,0.6308027548040621,0.16746191762171841
17557.0,0.2547201159090441,0.6752440957534391,0.07003578833751682
17798.0,0.001598427601054953,0.015588077678878591,0.9828134947200665
17388.0,0.9709690315123934,0.029030968487602823,3.812661969351271E-15
17151.0,0.22612211394985673,0.2023947665560056,0.5714831194941377
18497.0,0.38802896211604426,0.44535191412128333,0.16661912376267243
18046.0,0.40598396138046167,0.5615364201509035,0.032479618468634695
18285.0,0.9999999999904141,9.562096979605241E-12,2.3859473578452847E-14
17739.0,0.17504008398941615,0.12666433636409374,0.69829557964649
17496.0,0.7390579391566232,0.06821290871529544,0.19272915212808137
17185.0,0.9825329916106077,0.01299307787869443,0.00447393051069793
18572.0,0.06614301900628901,5.626321985438885E-22,0.9338569809937111
17436.0,0.9675883702202643,0.026229607772301385,0.006182022007434283
17679.0,0.03072381962614872,0.09966257539587856,0.8696136049779727
18217.0,0.9831247352618032,1.3958947229788496E-7,0.01687512514872439
17978.0,0.5718118486132134,0.1164436453689566,0.31174450601782994
17253.0,0.9584689590939556,0.041297178784810734,2.3386212123360466E-4
17014.0,0.9999998692820382,1.204645015757654E-17,1.3071796169698774E-7
18632.0,0.930740899387908,0.05975868611508649,0.009500414497005517
17858.0,4.358907434835807E-5,2.162885005002408E-15,0.9999564109256495
17617.0,5.501600259415352E-4,0.722250603634878,0.2771992363391804
18167.0,1.2283254911400015E-20,0.9999999999984388,1.561097791920567E-12
18404.0,0.010459579729829629,0.017684273933363418,0.971856146336807
17083.0,0.9999999999997229,2.77187755949761E-13,1.206424176322658E-21
17320.0,0.40759532677471483,0.5924040776843631,5.955409221169086E-7
18710.0,0.02100424121437271,0.09612260095399931,0.882873157831628
18437.0,0.9057088971223733,0.039151201126302916,0.05513990175132367
18571.0,6.779582565696717E-11,0.6038061632688526,0.39619383666335156
17190.0,0.6659237392127149,0.334075851032801,4.0975448409158135E-7
17503.0,0.9646483623861128,0.035351636045207545,1.5686797565083085E-9
17740.0,0.870225336892981,0.07519122382190663,0.05458343928511233
18282.0,1.2221945605759816E-13,0.7735638911704309,0.22643610882944687
18041.0,0.8810693000568025,0.11345094224232863,0.005479757700868769
18502.0,0.6975585677846354,0.2963843157655165,0.006057116449848088
17144.0,0.42214217890086486,0.5778434217547305,1.4399344404659721E-5
17387.0,0.9546847896924363,0.04327488413793262,0.0020403261696312004
17793.0,0.1185573366749129,0.1573282055004536,0.7241144578246335
17554.0,0.999967637617055,6.833605120873622E-10,3.236169958439842E-5
18100.0,0.23727984210979872,0.6024341676583153,0.16028599023188606
18343.0,9.423871448279517E-9,0.745564651217324,0.25443533935880464
18434.0,0.5522844989186868,0.4460388676743926,0.0016766334069205522
18705.0,0.1034910377948064,0.39884499392900485,0.49766396827618875
17327.0,0.970460137616941,0.014888696672544732,0.014651165710514199
