18081.0,0.49435119129696437,0.5013846484004839,0.004264160302551695
18354.0,0.6835594662475369,0.3079240186552992,0.008516515097163673
17812.0,0.7198037334409759,0.24321727135305665,0.03697899520596745
17543.0,0.004390290925111479,0.043021254494988746,0.9525884545798997
17133.0,0.6025098713076241,0.2734973993821651,0.12399272931021083
17406.0,0.7142962752578564,0.2821025470188552,0.0036011777232884145
18752.0,0.050890918377612074,0.948590832803633,5.182488187550875E-4
18515.0,0.9629456348173797,0.036931328293284126,1.230368893361947E-4
18303.0,0.36468313978825617,0.6006260540286343,0.03469080618310943
18028.0,4.592695193841311E-7,4.911309818271784E-6,0.9999946294206624
17482.0,0.001880680704135622,0.06912784823384412,0.9289914710620203
17753.0,0.9233498931897062,0.07045107735507974,0.006199029455214143
17203.0,0.9165573342633,0.05753102964671175,0.025911636089988317
18590.0,0.9584121427656974,0.04104185447770128,5.460027566012858E-4
17693.0,0.9992424718725658,7.533287017879195E-4,4.199425646270057E-6
17422.0,0.07057902826101455,0.08328886065117344,0.846132111087812
17960.0,0.9993281476220794,5.798845867656006E-4,9.196779115495559E-5
18235.0,0.8078869857426393,0.12632455099900977,0.06578846325835103
16996.0,0.9858924227777451,0.014019452895228504,8.81243270263174E-5
17271.0,0.99958462430747,4.085984563916899E-4,6.777236138292101E-6
18650.0,0.7138595910170671,0.2796005210870767,0.0065398878958561136
17603.0,0.9749330310389821,0.024961252209490206,1.05716751527771E-4
17872.0,0.9972128692978347,0.0027695328384221922,1.7597863743120634E-5
18422.0,0.9839501760127087,0.015967308827563205,8.251515972806105E-5
18149.0,0.6099781326214134,0.3896002234783577,4.216439002287966E-4
17338.0,0.0013636078405084551,0.10616034439961203,0.8924760477598794
17065.0,0.019129624955817406,0.9619950246923368,0.018875350351845784
18455.0,0.9999309750533396,6.893187744771215E-5,9.306921273361296E-8
18692.0,0.043461704863519114,5.7194207326636E-5,0.9564811009291543
17132.0,3.741320092767147E-4,2.843183825918449E-4,0.9993415496081314
17407.0,0.04559106100834358,0.012665044764222958,0.9417438942274334
18080.0,0.9300552202436063,0.0643936734605083,0.0055511062958853085
18355.0,0.03691713650947864,0.19893382281934496,0.7641490406711763
17813.0,0.06435144284207968,0.9326887031493553,0.0029598540085649747
17542.0,0.6318803422377434,0.3575223256566153,0.010597332105641366
18514.0,0.7797679030256545,0.1951094407566361,0.02512265621770958
17202.0,0.15493022165789427,0.812033335225523,0.033036443116582784
18302.0,0.8324305494855541,0.1663543890280583,0.001215061486387508
18029.0,0.9640324164922424,0.035814250391882574,1.533331158750613E-4
17483.0,0.988584636205395,0.009643646344989385,0.0017717174496156272
17752.0,3.94083286235778E-9,6.648984999670201E-9,0.9999999894101822
18591.0,0.45110899202978305,0.0013594336663332476,0.5475315743038838
16997.0,0.9340000062561306,0.05597610924099815,0.01002388450287133
17270.0,0.9933162242441145,0.006632230848133681,5.154490775182061E-5
17692.0,0.9710309431312585,0.028681091246738715,2.8796562200270477E-4
17423.0,5.376510027341372E-5,1.4892772303139686E-4,0.9997973071766951
17961.0,0.7935971809017001,0.202258281660276,0.0041445374380237945
18234.0,0.48359743065028477,0.4119358352047583,0.10446673414495689
18651.0,0.08399328097212705,0.9047057227790449,0.011300996248828075
17339.0,0.9694224587321358,0.02045178509595038,0.010125756171913879
17064.0,0.9783871574710117,0.020202106850421026,0.0014107356785671747
17602.0,0.15143784510358085,0.12476146105205996,0.7238006938443593
17873.0,0.9782649145334364,0.02083004165561051,9.050438109531229E-4
18423.0,2.549162210786932E-4,0.07563391750092668,0.9241111662779945
18148.0,0.4322205584693951,0.25698554867687995,0.310793892853725
18454.0,0.15840662057813631,0.8347263886544134,0.006866990767450174
18693.0,0.7931452178047315,0.015404186331221903,0.19145059586404659
18513.0,0.0019018007526542978,0.03273616818936464,0.9653620310579811
18352.0,0.918075540058143,0.08164764014442275,2.7681979743416886E-4
18083.0,0.01033502558800388,0.009149017284015057,0.9805159571279811
17541.0,0.9777111437017735,0.02203005944984826,2.587968483781154E-4
17814.0,0.3380575850486227,0.6557964975525707,0.006145917398806508
17404.0,0.8794512300713546,0.11778980993202345,0.00275895999662184
17135.0,0.9927303128309589,0.005621909919428587,0.0016477772496127025
18588.0,0.8895764909269691,0.09693584702131282,0.013487662051718032
18030.0,1.2057334750768159E-4,2.50944012780524E-6,0.9998769172123646
18301.0,0.030719876411685297,0.6169046917631591,0.3523754318251556
17755.0,1.0963184042475778E-6,0.9999513392104825,4.7564471113375864E-5
17480.0,0.03206279983150285,0.024935226667287657,0.9430019735012096
17201.0,0.9606373697889802,0.039270512380234615,9.211783078530879E-5
18648.0,0.9752652485700131,0.024565459902189224,1.6929152779756852E-4
17420.0,0.057097905515325335,0.018444340981391177,0.9244577535032834
17695.0,0.9384791269157797,0.06122897231424121,2.919007699790958E-4
18233.0,0.9656312884919191,0.03397617031865597,3.925411894249659E-4
17962.0,0.9041731568330985,0.09340739596132613,0.0024194472055753986
17269.0,0.12873226999059525,0.8707283886822967,5.393413271080123E-4
16998.0,0.908308861273442,0.059366209919260636,0.032324928807297405
18694.0,0.9908724707585902,0.006063394145025714,0.0030641350963841497
18453.0,0.6642359482144728,0.2422410584413405,0.09352299334418675
17874.0,0.9884091200960629,0.011448646950041483,1.4223295389558083E-4
17601.0,0.6080015887634298,0.23608700568598684,0.15591140555058325
18151.0,0.958625455605676,0.039924264446838414,0.0014502799474855955
18420.0,6.927140960747132E-5,9.70203588559226E-6,0.999921026554507
17067.0,0.3306130696441097,0.03974689300241739,0.6296400373534728
17336.0,0.14531536307857001,0.7585860092586346,0.09609862766279528
18512.0,0.9044455386206558,0.09543489972804668,1.1956165129751133E-4
17405.0,0.0017791770085836842,0.9982078083328959,1.3014658520396203E-5
17134.0,0.42356934140888747,0.39309394196137976,0.18333671662973283
18353.0,0.26992208297504033,0.28623865152429,0.4438392655006696
18082.0,0.16189343949302865,0.4519741276057357,0.3861324329012356
17540.0,0.9587855206926457,0.023944356272678668,0.01727012303467585
17815.0,0.9650067532809585,0.03451696849459847,4.762782244429772E-4
18589.0,0.0015745814859532234,0.001681866186762366,0.9967435523272845
17200.0,1.4601213737293735E-12,1.7932183840999597E-10,0.9999999998192179
18031.0,0.9971992485842348,0.0027927880242800433,7.963391485036301E-6
18300.0,0.11042437325709685,0.8808650875216398,0.00871053922126332
17754.0,0.07107356426625633,0.4418247479740345,0.4871016877597092
17481.0,5.930822484630472E-5,0.026164439000781827,0.973776252774372
18649.0,0.41570499201318273,0.27766934660388237,0.3066256613829349
17268.0,0.9762200134602749,0.02334825656442664,4.317299752983973E-4
16999.0,0.3698226115890056,0.5337116701808042,0.09646571823019015
17421.0,0.9986943745844808,0.0013032850282524015,2.3403872668344514E-6
17694.0,0.08731322521850671,0.0064787291040978474,0.9062080456773954
18232.0,0.8221586220711138,0.05136040447530205,0.1264809734535843
17963.0,0.622759815071219,0.3664145262018085,0.010825658726972429
18695.0,0.9971095881962906,0.0028849179917525215,5.493811956769242E-6
18452.0,0.9953718650123345,0.00360784043406638,0.0010202945535988516
17066.0,0.8211793778029614,0.1719005600531193,0.006920062143919436
17337.0,0.8218850016450108,0.17464231186685664,0.0034726864881324602
17875.0,0.14574827815264668,0.0749925101761262,0.779259211671227
17600.0,0.9768437072199109,0.0026410457998294833,0.020515246980259482
18150.0,0.40100080437109253,0.39291636044842426,0.20608283518048323
18421.0,0.5497302449212115,0.44667404966318625,0.003595705415602228
17486.0,0.9961959847484663,0.003372188361574209,4.318268899596208E-4
17757.0,0.3946804532731378,0.3776414691404884,0.22767807758637387
18299.0,0.9196818807133077,0.07965000398030476,6.681153063875409E-4
18024.0,0.38101346712443385,0.05456764799652328,0.5644188848790428
17207.0,0.9915591767740617,0.008426189424047508,1.4633801890812736E-5
18586.0,0.06220875336778799,0.9376153805936035,1.7586603860860652E-4
17808.0,0.9130866667344043,0.06137938290787441,0.025533950357721314
17539.0,0.00649886219554897,0.002867101673045361,0.9906340361314058
18085.0,0.06410730747722988,0.07048362758606316,0.865409064936707
18358.0,0.8219585453511051,0.14926157313446134,0.028779881514433395
17129.0,0.8078749298381913,0.19178299835568727,3.4207180612152316E-4
17402.0,0.694025317198584,0.2935560243712065,0.012418658430209504
18519.0,0.011166042495227946,0.9888286022818096,5.355222962503691E-6
18418.0,0.9170691159770412,0.08272829923653108,2.0258478642786986E-4
18145.0,9.001297343666245E-5,4.102540468706835E-6,0.9999058844860946
17607.0,0.9757254241565869,0.02331062321891317,9.639526245000309E-4
17876.0,0.9906981272960329,0.00919159047488624,1.1028222908089835E-4
17342.0,0.9598294256336618,5.059307973498108E-4,0.03966464356898845
17069.0,0.9927570698465784,0.00696534579177459,2.7758436164716484E-4
18451.0,0.02521872422329151,3.256055902171108E-4,0.9744556701864913
18688.0,0.8536319033055515,0.053969360299794294,0.09239873639465424
17964.0,5.185846905068794E-7,1.561628973128634E-8,0.9999994657990197
18239.0,0.07930461797543042,9.818455248927199E-5,0.9205971974720802
17689.0,0.9797921694385254,0.020073481263214864,1.3434929825961806E-4
17418.0,0.004665968736351141,0.8710900286121196,0.12424400265152927
16992.0,0.30604483588524933,0.6639383444248742,0.030016819689876444
17267.0,0.15913123722743722,0.8317445039918042,0.009124258780758556
18654.0,0.0034159858719650465,8.740205758200651E-4,0.995709993552215
17206.0,0.8649961482066354,0.13403457312987133,9.692786634934186E-4
17487.0,0.9943086568019873,0.00565090613609905,4.043706191364374E-5
17756.0,0.015481538233116396,0.5215402122893088,0.4629782494775749
18298.0,0.00988181731863172,0.01081726916044788,0.9793009135209204
18025.0,0.8293005398663063,0.166589859163331,0.0041096009703626936
18587.0,0.9610547608105497,0.0351023696010772,0.003842869588372989
17128.0,0.9475480453630657,0.05238791244617439,6.404219075995335E-5
17403.0,0.5543573848990795,0.11243098294434065,0.3332116321565799
17809.0,0.056853385392855435,0.01891337565462508,0.9242332389525195
17538.0,0.949841954946607,0.050105624458188384,5.2420595204570516E-5
18084.0,0.880560021917089,0.0704543869644896,0.04898559111842144
18359.0,0.9269515761283098,0.051475470517196156,0.021572953354493943
18518.0,0.1534385027369222,0.07514502122429503,0.7714164760387827
17343.0,0.8803871046363329,0.11467947007159572,0.004933425292071379
17068.0,0.7125047931645277,0.28392661110693973,0.0035685957285323533
18419.0,0.5282797899179658,0.22411494987967,0.24760526020236429
18144.0,0.16124957148718524,0.8345703553429928,0.004180073169822002
17606.0,0.5873787230204413,0.27369701876929875,0.13892425821026008
17877.0,0.12268910013169507,0.418281425012324,0.45902947485598095
18450.0,0.5543780171308799,0.37700943784230667,0.06861254502681345
18689.0,0.9882642297532156,0.009090948133864516,0.0026448221129197064
16993.0,1.0285674497817682E-4,9.724452664919396E-5,0.9997998987283727
17266.0,0.6202787902350645,0.378241567682081,0.0014796420828545992
17965.0,0.8039275625940445,0.14477023253608218,0.05130220486987338
18238.0,0.9903351520177944,0.009582306866233176,8.254111597238094E-5
17688.0,0.8662580128302436,0.10371562445268596,0.030026362717070352
17419.0,0.001331117354326677,6.576751410217481E-4,0.9980112075046517
18655.0,0.7889175070555496,0.03549260062255594,0.17558989232189431
18584.0,0.5711433191330462,0.38489644706998194,0.043960233796971726
17759.0,0.020612845191395585,0.9790265540950874,3.6060071351702464E-4
17484.0,0.9964387372586365,0.003557219925661544,4.042815702037269E-6
18026.0,0.2197299048359005,0.7435299665535021,0.03674012861059726
18297.0,0.8951680292142826,0.031010346719753945,0.0738216240659634
17205.0,0.9884565426288353,0.011476791105812982,6.666626535162533E-5
18517.0,2.947167920860132E-4,0.9997035467813964,1.7364265175480773E-6
17537.0,0.5662105806045331,0.36946668491441365,0.06432273448105316
17810.0,0.9857108639533556,0.008362054856070908,0.005927081190573629
18356.0,0.02123584052700648,0.9787178705055362,4.628896745735206E-5
18087.0,0.23373916065427347,0.7548385322443988,0.011422307101327755
17400.0,0.9450734372568929,0.04406141571162906,0.010865147031477949
17131.0,0.052438831300088196,0.9363604125634853,0.011200756136426336
18690.0,0.09402524066426572,0.8932259947612642,0.012748764574470077
18449.0,1.560994825080026E-4,0.9383706175645099,0.061473282952982024
18147.0,0.6352588658323663,0.30672344933153195,0.05801768483610162
18416.0,0.9032871531157336,0.09652677754545184,1.8606933881454014E-4
17878.0,0.39601466176867556,0.5855038098613541,0.018481528369970347
17605.0,0.5970146112802299,0.23849396274177487,0.16449142597799513
17071.0,0.9536843339020951,0.02645338619848993,0.019862279899414904
17340.0,0.9948672368983947,0.004925086500796,2.076766008091183E-4
18652.0,0.9418571524649875,0.052611058452630054,0.005531789082382465
18237.0,0.05802508763106764,0.04773709420032823,0.894237818168604
17966.0,0.9371403041323763,0.059600363372521364,0.0032593324951024146
17416.0,0.9303523464347684,0.05606526520832416,0.013582388356907484
17691.0,0.15763683968052647,0.011276785618605201,0.8310863747008682
17265.0,0.9765640574838467,0.023013416565963507,4.225259501898668E-4
16994.0,0.07765170932661616,0.04988043968614438,0.8724678509872396
18585.0,0.9959394968641975,0.004040763485446864,1.9739650355583588E-5
17204.0,0.7328018197828953,0.228611896446705,0.03858628377039965
17758.0,0.49350881734369495,0.5048213086894093,0.001669873966895757
17485.0,0.8172618969316582,0.16901316092222182,0.013724942146120061
18027.0,0.03611380091366107,0.5803538151492397,0.3835323839370992
18296.0,0.9996215016363594,3.7824992730438594E-4,2.4843633612156994E-7
18516.0,0.26370923462798634,0.7244238056755761,0.011866959696437517
17401.0,0.8244797642793508,0.17284562237658743,0.0026746133440617263
17130.0,0.703742356093135,0.2886035049935808,0.0076541389132842195
17536.0,0.9485046580087131,0.005305132884722326,0.04619020910656446
17811.0,2.1027734110892063E-6,2.484744312446674E-8,0.9999978723791458
18357.0,0.5444094990306622,0.2684667745212117,0.1871237264481262
18086.0,0.31761303521183065,0.2734555067068577,0.4089314580813116
18691.0,0.007038023803044938,0.07286323907990906,0.920098737117046
18448.0,0.18154291545530596,0.6345069378727229,0.183950146671971
17070.0,0.3443041012093268,0.5793117157555373,0.07638418303513583
17341.0,0.9504770724860182,0.04798019401610673,0.0015427334978751238
18146.0,1.6965992916469945E-7,0.9848203886136644,0.015179441726406416
18417.0,0.09677526170908932,0.8993158351323891,0.003908903158521617
17879.0,0.03997298714384634,4.8170934514751997E-4,0.9595453035110062
17604.0,0.9995318541022394,4.6015404688613294E-4,7.991850874328415E-6
18653.0,0.97575340387766,0.023577777537304806,6.688185850352266E-4
17264.0,0.8382966537456727,0.11427841682970503,0.04742492942462217
16995.0,0.07660515490255101,0.9229671666423794,4.27678455069587E-4
18236.0,0.09579185751187731,0.903419161144851,7.889813432715466E-4
17967.0,0.5397135146947847,0.24599180221548023,0.21429468308973518
17417.0,2.0859008334882538E-4,3.689762656357203E-4,0.9994224336510156
17690.0,0.9728077667382177,0.018408076696540147,0.00878415656524223
17004.0,0.9387758602834596,0.059200381498570015,0.00202375821797043
17279.0,0.434158821553751,0.5607382715222239,0.00510290692402507
17685.0,0.4818437443666386,0.01649607959713857,0.5016601760362228
17414.0,0.8570392289339126,0.07952687570879706,0.06343389535729031
17952.0,0.004948983007791203,0.0016630774780701997,0.9933879395141386
18227.0,0.8091516426289276,0.06460431764863656,0.126244039722436
18642.0,0.44601547590373897,0.45185602252750506,0.10212850156875593
17330.0,0.191535392953954,0.8083637409603844,1.0086608566145047E-4
17057.0,0.9860005125960801,0.013900641699041915,9.884570487798867E-5
17611.0,0.9421455832284571,0.01911856452532905,0.03873585224621375
17880.0,0.1857056959119893,0.04723708965283461,0.767057214435176
18430.0,0.910837459285854,0.08756558796501805,0.001596952749127962
18157.0,0.9524431200023243,0.04734343883389272,2.1344116378297886E-4
18463.0,0.9980766975179155,0.0018600003973903729,6.33020846942355E-5
18700.0,0.41171496572402033,0.22012560908926987,0.3681594251867098
17125.0,0.4021830587662564,0.3621783035212093,0.2356386377125343
17398.0,0.855520011155814,0.14410008259522605,3.7990624895999314E-4
18089.0,2.602943218221305E-4,0.008777926245640496,0.9909617794325373
18362.0,0.7993351079590174,0.19440052136376687,0.006264370677215614
17820.0,0.011619148406650773,0.9879495846572974,4.3126693605185005E-4
17551.0,0.7452812753574496,0.10445777956833435,0.15026094507421603
18523.0,0.5385863623778369,0.11778092587296181,0.3436327117492013
17211.0,6.359412922874174E-11,7.137911391458717E-11,0.9999999998650269
18295.0,0.9080406097989081,0.09051674381232318,0.0014426463887684878
18020.0,0.9085443541239149,0.0016074675083486835,0.08984817836773644
17474.0,0.8867825346956001,0.11102890214180673,0.0021885631625931153
17745.0,0.9741265053467907,0.02288389167769557,0.0029896029755139357
18582.0,7.63543975116286E-5,0.015249837134601743,0.9846738084678867
17684.0,0.8502535332318325,0.08680496410163292,0.06294150266653442
17415.0,0.011202368888914755,0.9861810774041966,0.0026165537068887357
17953.0,0.3649668636470193,0.1763626092927541,0.4586705270602267
18226.0,5.8908012550575716E-6,2.6274129829127173E-8,0.9999940829246152
17005.0,0.9658084376251981,0.03377112412533763,4.2043824946428156E-4
17278.0,0.9261210488132872,2.8209491491984067E-4,0.07359685627179319
18643.0,0.9791425122340803,0.02078372941069031,7.375835522924247E-5
17610.0,0.99029284520288,0.009371098051407926,3.3605674571203856E-4
17881.0,0.9368611151845215,0.06310816282484279,3.072199063571278E-5
18431.0,0.0024142365930387992,0.9276033727519268,0.06998239065503428
18156.0,2.140349298107918E-9,5.480113417841309E-8,0.9999999430585166
17331.0,0.9764790770987726,0.015901307616465972,0.00761961528476132
17056.0,0.991304708042028,8.897148194415544E-4,0.007805577138530329
18462.0,0.8363800688405273,0.07575445472611238,0.08786547643336044
18701.0,3.5367399397873385E-5,0.9999646264432593,6.15734294188518E-9
18088.0,1.707951325290515E-4,0.999810948707573,1.825615989785083E-5
18363.0,0.6602357606032169,0.327617053829206,0.012147185567577075
17821.0,0.02147407194873889,0.2010733999644435,0.7774525280868175
17550.0,0.9812013378595323,0.017422693038424645,0.0013759691020428797
17124.0,2.036377761984306E-6,0.030482966645201993,0.969514996977036
17399.0,0.89889734005654,0.1005414227782091,5.612371652510145E-4
18522.0,2.501004957793107E-7,1.2387148198212173E-8,0.999999737512356
18294.0,0.8728712185227655,0.1270115502298695,1.1723124736484966E-4
18021.0,0.7068845267040396,0.22234297112036117,0.07077250217559938
17475.0,0.4917214191274301,0.5074755325938913,8.030482786786069E-4
17744.0,0.006098699703951622,0.9238633084859798,0.07003799181006864
17210.0,2.4293839837210457E-6,0.999997551503238,1.911277820035901E-8
18583.0,2.817880465010845E-4,0.00323015724467947,0.9964880547088194
18640.0,0.9772757932272408,0.021638403850011634,0.0010858029227475965
17277.0,0.7789668705957156,0.21145226215857651,0.009580867245707862
17006.0,0.9964387372586365,0.003557219925661544,4.042815702037269E-6
17412.0,0.0012460767371452568,2.0246804235216358E-4,0.9985514552205025
17687.0,0.321164766507524,0.6703879241446324,0.008447309347843617
18225.0,0.9970148373072109,0.002903429683815292,8.173300897395362E-5
17954.0,0.08150396919262075,0.8940244927073868,0.024471538099992533
18702.0,0.9515946367712156,0.04818467001385227,2.2069321493216714E-4
18461.0,0.4211664448562534,0.5732041407317469,0.005629414411999785
17059.0,0.6697670496846413,0.32754463210040075,0.0026883182149580074
17328.0,2.3325302600887738E-5,0.9979270750533541,0.002049599644044976
17882.0,0.0018842302078804331,5.012187888985114E-4,0.997614551003221
17609.0,0.8514088728073221,0.14845793521132883,1.3319198134909273E-4
18159.0,1.310313844406653E-10,2.6047133759780304E-10,0.9999999996084972
18428.0,0.19729626374397735,0.14433086341962895,0.6583728728363937
18521.0,0.9882697226201318,0.011646058236252876,8.421914361534123E-5
17396.0,0.8383702702804,0.1591655592636972,0.0024641704559028002
17127.0,0.9995967517918806,4.0209656982936924E-4,1.151638289800009E-6
18360.0,0.7939889814865428,0.20226394464963465,0.0037470738638225357
18091.0,0.16082533916159025,0.22712855948741245,0.6120461013509974
17549.0,0.9959394968641975,0.004040763485446864,1.9739650355583588E-5
17822.0,0.9763353839189656,0.0015806853265583109,0.0220839307544762
18580.0,0.9990968858242957,9.004417421013307E-4,2.6724336030346136E-6
17209.0,0.7036497562965198,0.28378028486789525,0.012569958835584965
18022.0,0.9678578293720244,0.03108455246194895,0.0010576181660265542
18293.0,0.7089407403319136,0.2528271370694684,0.038232122598617926
17747.0,0.012623484908225043,0.011295599360593014,0.9760809157311819
17472.0,0.9772953628019628,0.02166431348528889,0.001040323712748208
18641.0,0.6019989281696861,0.2984313090889116,0.09956976274140221
17413.0,0.02580593460586597,0.7836810658585293,0.19051299953560466
17686.0,0.8163054409174708,0.014158559614626807,0.16953599946790243
18224.0,0.03894054979750899,0.9081498481856992,0.05290960201679182
17955.0,0.07105382086128702,0.04927784260707515,0.8796683365316378
17276.0,0.4081101146558736,0.22882294448802323,0.363066940856103
17007.0,0.957248533299747,0.03931021647950595,0.003441250220746877
18703.0,0.23887083459636604,0.6792366727703381,0.08189249263329583
18460.0,0.04291099769792571,0.005896239705661903,0.9511927625964124
17883.0,0.7976224952175476,0.17637197078663353,0.02600553399581888
17608.0,0.7014121852130493,0.2837026642800751,0.014885150506875644
18158.0,0.02999529999600978,0.9700040651261286,6.348778616827205E-7
18429.0,0.09143194495620947,0.21568184613809732,0.6928862089056932
17058.0,0.9757100592614995,0.00799466425600453,0.016295276482496106
17329.0,2.4864385462113587E-5,0.9999750247068246,1.1090771331689078E-7
18520.0,1.2531551233255591E-9,1.7576737280676549E-9,0.9999999969891711
18361.0,0.11496571439229543,0.46775650190089857,0.417277783706806
18090.0,0.9173636705195574,0.0764385898850085,0.00619773959543402
17548.0,0.8007714308204592,0.050948860355267134,0.1482797088242736
17823.0,0.010961064165989074,0.9714683980753067,0.01757053775870416
17397.0,0.8828260796821694,0.024036730481393404,0.09313718983643725
17126.0,9.279587988433357E-4,0.8391727019492214,0.1598993392519352
18581.0,5.799038295264767E-5,9.850560505159454E-4,0.9989569535665314
18023.0,0.175084124669077,0.04979608365731489,0.7751197916736081
18292.0,0.01650661922969936,0.825009363372546,0.15848401739775475
17746.0,0.046258750938273405,0.01051460205636748,0.9432266470053592
17473.0,0.8259306197431145,0.07289369205192826,0.1011756882049572
17208.0,0.8550796486524054,0.13697223330318636,0.007948118044408276
17334.0,0.9866265251543094,0.001863665239297992,0.011509809606392588
17061.0,0.922196686564428,0.07078036165694754,0.007022951778624526
18426.0,0.05456680435567039,0.15930376274514452,0.7861294328991851
18153.0,0.8980056737174816,0.10105574576396988,9.385805185485025E-4
17615.0,0.8892375869682905,0.10493219055528416,0.0058302224764253075
17884.0,0.005897611899097502,0.016458794745248292,0.9776435933556543
18459.0,0.3373615352487175,0.655960432861395,0.006678031889887433
18696.0,0.2811896399808821,0.7187295706934623,8.078932565551047E-5
17000.0,0.9984626732375431,0.0010381315362388923,4.99195226217952E-4
17275.0,0.5274058989779691,0.04860126167647024,0.42399283934556065
17956.0,2.3757826828387115E-4,0.9997480755830687,1.4346148647467097E-5
18231.0,0.948831472245118,0.04500976669259941,0.00615876106228244
17681.0,0.9786620259372544,0.021256748352813326,8.122570993225974E-5
17410.0,0.0613631046012848,0.07501863505814105,0.8636182603405742
18646.0,0.8928465703155148,0.10514309397873414,0.00201033570575112
17215.0,0.9713425875023247,0.025551123370581092,0.0031062891270941897
17478.0,0.9969588180491379,0.0030068040469374375,3.437790392447547E-5
17749.0,0.9090441739888394,0.09057601283386586,3.798131772946919E-4
18291.0,0.9673789264016972,0.03246337174574584,1.5770185255682958E-4
18016.0,0.007229261472461313,0.10696931768746407,0.8858014208400746
18578.0,0.18105073201629715,0.001259725331341797,0.8176895426523609
17121.0,0.9702601865482215,0.028041471674343656,0.0016983417774348428
17394.0,0.5060663631279262,0.27460981913779203,0.21932381773428183
17816.0,0.20243403205456054,0.020338088884094226,0.7772278790613453
17547.0,0.7682185328207245,0.1830201916790917,0.04876127550018369
18093.0,0.39113267199882945,0.16720106995574519,0.4416662580454253
18366.0,0.9144176517084716,0.08321490218764896,0.0023674461038795057
18527.0,0.9368858771310694,0.06284781474982472,2.663081191059629E-4
18427.0,0.9195881761234734,0.07190592245669379,0.008505901419832654
18152.0,7.260894678398781E-8,2.914730744208784E-7,0.9999996359179788
17614.0,3.6156561875665638E-6,2.6521095994281427E-6,0.9999937322342131
17885.0,0.9709376300226823,0.0289807042174753,8.166575984234429E-5
17335.0,0.0251397656250972,0.11961343465698053,0.8552467997179223
17060.0,0.07044877545603963,0.9177626228201461,0.011788601723814381
18458.0,0.016149348363127022,0.04217227055298107,0.9416783810838918
18697.0,0.09990268778358025,0.7591567661194984,0.14094054609692125
17957.0,0.27715676650487203,0.36759812927417546,0.35524510422095246
18230.0,0.005465954674424921,0.0014167930548074003,0.9931172522707676
17680.0,0.9729822345574508,0.026527386255651014,4.903791868984068E-4
17411.0,0.9735889308769825,0.026318435334818754,9.263378819869666E-5
17001.0,0.9810559587739943,0.018869875732664552,7.416549334096424E-5
17274.0,8.308414503828978E-6,1.2008804627850622E-4,0.9998716035392178
18647.0,0.3420290766130995,0.6064045187951265,0.051566404591774195
17479.0,7.134186701850181E-4,0.9908898776440268,0.008396703685788211
17748.0,0.0012821180567031667,0.001049638220949811,0.9976682437223471
18290.0,0.9968274782771632,0.003164812506016421,7.70921682023914E-6
18017.0,0.5753372400188507,0.4179451075845988,0.006717652396550521
17214.0,0.001368562756158739,6.64263282880171E-4,0.997967173960961
18579.0,0.9920905509318237,0.007882200613963934,2.7248454212302563E-5
17817.0,3.699583442749906E-5,0.9999620135480362,9.906175364369559E-7
17546.0,0.9613806624934995,0.02850532239914047,0.010114015107360139
18092.0,0.9974091126640068,0.0011684722847454107,0.001422415051247752
18367.0,6.900112907998898E-13,2.9292568939661933E-10,0.9999999997063842
17120.0,0.005175709350448969,0.0023253637038486083,0.9924989269457025
17395.0,5.809652870291655E-4,0.0028848625367280142,0.9965341721762427
18526.0,0.09413746428171295,0.006611110017226232,0.8992514257010609
18698.0,0.8777601322536884,0.12124846404803916,9.914036982724835E-4
18457.0,0.9978596606742398,0.0020844383092989555,5.590101646113826E-5
17063.0,0.99832792512899,0.0012058465533957188,4.6622831761434564E-4
17332.0,0.3981811357521216,0.124609675893584,0.4772091883542943
18155.0,0.7349981211743678,0.26442044336246645,5.814354631658541E-4
18424.0,3.934552272026454E-6,4.08328286694287E-5,0.9999552326190586
17886.0,0.9735889308769825,0.026318435334818754,9.263378819869666E-5
17613.0,0.9107404058513193,0.0875832897840111,0.0016763043646696337
18644.0,0.012306629967449061,0.02708427378693833,0.9606090962456126
17273.0,0.9528159924071552,0.04648562956012147,6.983780327232803E-4
17002.0,0.03422424679546814,0.9161591962893597,0.04961655691517225
18229.0,0.9698372763843742,0.028878537688913804,0.0012841859267120294
17958.0,0.0014982404474639319,0.004764520178331736,0.9937372393742044
17408.0,0.7084630323279711,0.28644755832348656,0.00508940934854222
17683.0,0.9241953054323573,0.07389806302174814,0.0019066315458946268
18576.0,0.996111782790918,0.003850721190514206,3.749601856789238E-5
17213.0,0.9093057812169396,0.0903896854198461,3.0453336321423186E-4
17751.0,0.9785268427065876,0.021226607785877618,2.465495075348157E-4
17476.0,0.7142223447553773,0.2698894713883703,0.015888183856252517
18018.0,0.35527226442290416,0.642798312359299,0.0019294232177968636
18289.0,0.3579685024969273,0.6417769961308392,2.545013722334092E-4
18525.0,0.9667128588488093,0.03321304759334927,7.409355784146249E-5
17392.0,0.9868946723291451,0.013093042435191868,1.228523566298797E-5
17123.0,0.06724971867885357,0.7987560036014196,0.13399427771972677
17545.0,0.13344573166436713,0.04299502959621349,0.8235592387394193
17818.0,0.9710259037100127,0.028520243878266127,4.5385241172102173E-4
18364.0,0.005541956399021253,0.9944579385721409,1.050288377421402E-7
18095.0,0.16003359766332836,0.010187831726702979,0.8297785706099686
18699.0,0.31215469419896424,0.686250597682723,0.0015947081183127123
18456.0,0.0430331191993133,0.8889333334837033,0.06803354731698324
18154.0,0.006259471056454152,0.9867262514793022,0.007014277464243702
18425.0,0.9976884528720242,0.0021541427867494277,1.5740434122627931E-4
17887.0,0.052072039819078646,0.5947794720361316,0.35314848814478983
17612.0,0.9924726067551628,0.0074735170795205,5.387616531663845E-5
17062.0,0.010821902704763521,0.9880303426196223,0.0011477546756141132
17333.0,0.9982332370780964,4.4941349496340036E-4,0.0013173494269401245
18645.0,0.006583334524751508,0.40776733445570984,0.5856493310195388
18228.0,0.33395904716799735,0.008939023465993536,0.6571019293660091
17959.0,0.7304569933230598,0.26062866833621273,0.00891433834072755
17409.0,0.507455591381503,0.10826245926755636,0.3842819493509406
17682.0,0.7876035357914154,0.16938225701690807,0.04301420719167653
17272.0,0.6221242660356611,0.37251459675418913,0.005361137210149784
17003.0,2.4525269467354157E-4,0.9997498751805394,4.872124787095395E-6
18577.0,0.0011715305846229382,0.9705422613413363,0.02828620807404064
17750.0,0.005682284908519153,0.9819592661861754,0.012358448905305379
17477.0,0.8970817477887798,0.09823020743084329,0.0046880447803769425
18019.0,0.9633568015015196,0.033886284900167526,0.0027569135983127402
18288.0,0.583617145556907,0.40993902220215805,0.006443832240934994
17212.0,0.857554927047173,0.10455616411117256,0.03788890884165458
18524.0,0.8686585631465699,0.09085666122966993,0.040484775623760155
17544.0,0.019865972767242387,0.0032017458026961814,0.9769322814300615
17819.0,0.8245364957355399,0.17445116083523404,0.0010123434292260882
18365.0,0.6306676838386059,0.15370874174150045,0.21562357441989347
18094.0,0.0018414195198758869,8.504520215156766E-4,0.9973081284586084
17393.0,0.40968330692846644,0.5348970829023272,0.0554196101692064
17122.0,0.039972410416891695,0.05109515588663451,0.9089324336964738
18498.0,5.760285627264254E-4,0.022726472863047336,0.9766974985742263
17148.0,0.018522664891846993,2.0209250722534166E-4,0.9812752426009277
17391.0,1.2232045762173224E-4,0.9998217295233152,5.5950019062996696E-5
18096.0,0.07028268347449915,0.9281565386032503,0.0015607779222507451
18339.0,9.992530558632585E-7,2.0913340533206676E-4,0.999789867341612
17797.0,0.16055120270029943,0.8363403946538326,0.0031084026458680154
17558.0,0.9603884175830472,0.03650862272565509,0.003102959691297757
18575.0,0.9384885316578117,0.060523361680436115,9.881066617521308E-4
17186.0,0.9522466824408283,0.0026877021287488615,0.04506561543042287
18286.0,0.4575274272425074,0.5371189631645709,0.005353609592921781
18045.0,0.9840538688598416,0.014653571450815552,0.0012925596893428968
17499.0,0.540358309106265,0.2448883706231671,0.21475332027056787
17736.0,5.855161761885144E-10,9.20865830061375E-10,0.9999999984936181
18635.0,6.213635919776527E-7,9.829359745065034E-4,0.9990164426619016
17013.0,0.9944691547640979,0.004553631138368213,9.77214097533804E-4
17254.0,4.6002971557663363E-4,3.2453854602359535E-4,0.9992154317383998
17676.0,5.675530858097199E-8,1.072600157152818E-5,0.9999892172431198
17439.0,0.864213854094512,0.13531379420086107,4.723517046269035E-4
17977.0,0.985766787324515,0.014054343327988062,1.7886934749712736E-4
18218.0,0.046838575662797255,0.9531352347126506,2.6189624551970392E-5
18438.0,0.612670414612578,0.3815615053324318,0.005768080054990109
18709.0,0.2688028080314875,0.6641409098174306,0.06705628215108188
17323.0,0.010256929062103699,0.9876045588041998,0.002138512133696428
17080.0,1.1010115108354947E-4,0.9998877726947257,2.1261541907858155E-6
17618.0,0.02139320930729201,9.396009407100743E-4,0.977667189751998
17857.0,0.40985735331094725,0.3460118874624774,0.24413075922657526
18407.0,0.7664966095622258,0.20766053799357842,0.025842852444195773
18164.0,0.7420445728776891,0.25344481195120927,0.004510615171101613
18499.0,0.8357242124188813,0.13818708576808325,0.026088701813035357
18097.0,0.16680080587720073,0.8323955297175447,8.036644052545115E-4
18338.0,9.420682115375831E-4,0.00152474485395922,0.9975331869345031
17796.0,0.0011273406053748704,0.998872336359868,3.2303475695793925E-7
17559.0,0.9766841834352017,0.019633279336913226,0.00368253722788496
17149.0,0.021958029095727867,0.04618058100121612,0.931861389903056
17390.0,0.06443310867829097,0.8917812893583612,0.04378560196334765
18574.0,0.6629885475224547,3.3434623681201896E-4,0.3366771062407332
18287.0,0.9685022863612731,0.03126268674838315,2.3502689034375052E-4
18044.0,0.6201501092791015,0.3643355373864561,0.015514353334442373
17498.0,0.9970142691220829,0.002974065172190825,1.16657057262652E-5
17737.0,0.6020151987800912,0.3638356353043138,0.03414916591559482
17187.0,0.008145716110806963,0.26269235027781906,0.7291619336113739
18634.0,0.9602491794084077,0.0388987469443528,8.520736472394468E-4
17677.0,0.23323880358344087,6.476014086186362E-5,0.7666964362756974
17438.0,0.07069852373130331,0.008545598260742544,0.9207558780079541
17976.0,0.9891103793959111,0.003348658033585559,0.0075409625705035194
18219.0,0.991525448782272,0.007952741528319611,5.21809689408398E-4
17012.0,0.2787781033445762,0.6364078436900088,0.084814052965415
17255.0,3.625703936138611E-10,1.0109313518327108E-5,0.9999898903239112
18439.0,0.610415049852675,0.006710259314360526,0.3828746908329644
18708.0,0.012539021371886068,0.9633796278372275,0.024081350790886285
17619.0,1.1303253747038397E-4,0.998063947167459,0.0018230202950705638
17856.0,0.6977575894823902,0.1731594363106037,0.1290829742070061
18406.0,0.8036110525553976,0.1867072762357447,0.009681671208857798
18165.0,0.16624816987866572,0.4704565843921413,0.363295245729193
17322.0,0.004731486899921383,0.995041118078623,2.2739502145565523E-4
17081.0,0.9826515258544649,0.017121804613182138,2.2666953235295716E-4
17389.0,0.15278266550830008,0.5849466390028631,0.26227069548883686
17150.0,0.9951458328536584,0.004763663539951294,9.050360639020496E-5
18337.0,0.39535655281560905,0.5978424463838975,0.006801000800493545
18098.0,0.960338288736944,0.03905866044129761,6.030508217583145E-4
17556.0,0.9719224197576973,0.024186735584936957,0.0038908446573657357
17799.0,0.5779416016631528,0.3838023413571107,0.038256056979736455
18496.0,8.738980621753663E-6,2.444822182557032E-4,0.9997467788011225
17184.0,0.22508433449494056,0.0070163566245788934,0.7678993088804805
18047.0,0.9776869643878495,0.019881795594299593,0.0024312400178507394
18284.0,0.96571350961102,0.034014372180448296,2.721182085318515E-4
17738.0,0.9818967800760348,0.018032881110218967,7.033881374636332E-5
17497.0,0.9507966762760782,0.04797900366513742,0.0012243200587843145
18573.0,0.7768106838158179,0.1542464393440479,0.06894287684013423
17252.0,0.46493508602157674,0.4037086244951423,0.13135628948328096
17015.0,0.012414960856634811,0.3617985247585999,0.6257865143847653
17437.0,0.9710510670523392,0.024209448399434726,0.004739484548226042
17678.0,0.0022909459539428322,0.7946113954942201,0.2030976585518369
18216.0,0.9927816385689341,0.0071888496253633355,2.951180570269293E-5
17979.0,1.107836571943576E-5,3.7565487691003973E-6,0.9999851650855114
18633.0,0.6303440803740049,0.3600337545003241,0.009622165125671035
17082.0,0.19776643740063204,0.451767395979084,0.35046616662028396
17321.0,0.0018910671589584631,0.9966586800854266,0.00145025275561499
17859.0,0.007543034760285532,0.9843337004752079,0.008123264764506697
17616.0,0.9403746790224803,0.0592887300735427,3.3659090397700247E-4
18166.0,0.12017245862827346,7.88740040545122E-4,0.8790388013311815
18405.0,0.6977459213787657,0.26556768039091905,0.03668639823031531
18711.0,0.9957756251362346,0.0036688941938446506,5.554806699206515E-4
18436.0,0.006987445836761718,0.0501551255726375,0.9428574285906008
18336.0,0.35765180878784697,0.10300503074811178,0.5393431604640412
18099.0,0.010005603972118835,0.9859630976485607,0.00403129837932045
17557.0,0.525834862789316,0.43548140142875985,0.03868373578192413
17798.0,0.7352728716596603,0.18243403945923312,0.08229308888110651
17388.0,0.789312654401347,0.2093471471929358,0.0013401984057171393
17151.0,0.9178614678413691,0.059496120384323364,0.02264241177430762
18497.0,0.9296417673972605,0.06712356484940075,0.0032346677533388727
18046.0,0.0034755583057639525,0.9962581886244064,2.662530698296246E-4
18285.0,0.9328196329044656,0.06573397091970172,0.0014463961758327392
17739.0,0.9922564357838074,0.0043740057913611435,0.0033695584248313003
17496.0,0.036764702963443315,0.961418242955679,0.001817054080877498
17185.0,0.7467736827514022,0.24242261305785567,0.010803704190742124
18572.0,0.25338025978892825,0.11040016331022776,0.636219576900844
17436.0,0.9866875889780294,0.012944632330906135,3.6777869106434396E-4
17679.0,0.01677522992188203,0.043891310196803396,0.9393334598813146
18217.0,0.9284779783156744,0.02619518013462669,0.04532684154969883
17978.0,0.15481607652552534,0.2037008775609253,0.6414830459135493
17253.0,0.03256088865560706,0.12266176056126886,0.8447773507831241
17014.0,0.35164365121626046,0.6242596457184282,0.024096703065311507
18632.0,0.9969338839128092,0.0030404216392737166,2.569444791685164E-5
17858.0,0.8716124712054103,0.11021008134814964,0.01817744744644012
17617.0,0.0093158202770543,0.8574793798529801,0.1332047998699656
18167.0,8.027946943034643E-11,0.9999999997515148,1.6820556162614966E-10
18404.0,0.25511055204597743,0.05681965771288651,0.6880697902411361
17083.0,0.10486358489245148,0.8877844225264604,0.007351992581088145
17320.0,0.16026602083736982,0.5387438312968206,0.3009901478658097
18710.0,0.26567230088161,0.02595719673112202,0.708370502387268
18437.0,0.9002056862692611,2.5114546825288746E-4,0.0995431682624861
18571.0,3.0481061419870815E-7,0.9999893403061598,1.0354883226029182E-5
17190.0,0.0072643225312295535,0.059526543585202533,0.933209133883568
17503.0,0.8214575027794987,0.1756169383152337,0.00292555890526768
17740.0,7.717565003490729E-7,2.4997378344631814E-7,0.9999989782697162
18282.0,0.685630684426548,0.31394843564050307,4.2087993294898367E-4
18041.0,0.9457287548265647,0.05393620156015706,3.350436132783241E-4
18502.0,0.02603890603857983,0.9244557807713033,0.04950531319011687
17144.0,0.0015196860850568818,2.2141216630115163E-4,0.998258901748642
17387.0,0.947068113133317,0.04949175389777258,0.0034401329689105714
17793.0,0.2354759694923411,0.0728438784643278,0.6916801520433311
17554.0,0.9850072422006309,0.011990301680125775,0.0030024561192431997
18100.0,0.008907218414465269,0.7965617321525031,0.19453104943303162
18343.0,0.8656342445088896,0.12862600589806727,0.005739749593043119
18434.0,0.9463982498554724,0.05115736238465197,0.002444387759875561
18705.0,0.012550056143621226,0.13295575283633984,0.854494191020039
17327.0,0.9236396139691438,0.008803405031193137,0.06755698099966309
17084.0,0.9268740880829824,0.07191578754834162,0.0012101243686760239
18403.0,0.44747189143251465,0.19667655420094063,0.35585155436654486
