18081.0,0.593957127411299,0.4041014070463752,0.001941465542325815
18354.0,0.3967183434406819,0.600673169096226,0.0026084874630921385
17812.0,0.3219761140702187,0.5235060652637872,0.15451782066599412
17543.0,0.4478572791857252,0.551156778938544,9.859418757308211E-4
17133.0,0.2839565174488225,0.7122373551485618,0.003806127402615785
17406.0,0.010541881562077362,0.9691167869083326,0.020341331529590004
18752.0,5.144905696646277E-4,0.9993268377065107,1.5867172382465745E-4
18515.0,0.8492268111546029,0.15036426691930807,4.089219260890427E-4
18303.0,0.5954365533114011,0.4009763585471004,0.003587088141498501
18028.0,7.852986146830762E-10,1.866199080255271E-10,0.9999999990280815
17482.0,0.25195594620353273,0.7305648123629167,0.01747924143355056
17753.0,0.7976451401067389,0.19798844268455587,0.004366417208705086
17203.0,0.7421876333907838,0.2571294300505826,6.829365586336172E-4
18590.0,0.7655545413659883,0.23403135556861435,4.141030653974593E-4
17693.0,0.9999995712918465,4.278958066516815E-7,8.123466907572731E-10
17422.0,0.03303093689161447,0.17637461952473382,0.7905944435836517
17960.0,0.9998483224718299,1.502836750695271E-4,1.3938531005610973E-6
18235.0,0.7202709858667217,0.1862015373102878,0.09352747682299059
16996.0,0.9254228909261267,0.0743452175840161,2.3189148985719058E-4
17271.0,0.9999999945520199,5.446459230314759E-9,1.5207897129144329E-12
18650.0,0.32450527022287323,0.6741526370261086,0.001342092751018232
17603.0,0.9150595403020242,0.08473600523359248,2.044544643832842E-4
17872.0,0.9999999775766476,2.241753708157945E-8,5.815268337504952E-12
18422.0,0.8838009797644285,0.11596384379192287,2.3517644364874047E-4
18149.0,0.594308524032312,0.40505887696305065,6.325990046372644E-4
17338.0,0.033301373227606235,0.9519959520366982,0.014702674735695493
17065.0,0.40365064571103015,0.5922483391280722,0.00410101516089772
18455.0,0.9999999995614519,4.379841696126648E-10,5.640890282719963E-13
18692.0,1.9737699946446844E-4,4.979653431213666E-6,0.9997976433471042
17132.0,0.0336490976063695,0.31888606749687065,0.6474648348967598
17407.0,4.193814088038623E-4,0.004027431208564613,0.9955531873826314
18080.0,0.21632120786479098,0.7753238631391378,0.008354928996071351
18355.0,0.007018076773386573,0.9715537422945243,0.02142818093208912
17813.0,0.29928654574733843,0.6995517982369259,0.0011616560157357242
17542.0,0.22151740967917366,0.7770596705606507,0.001422919760175625
18514.0,0.8175837679271479,0.18101149642605976,0.0014047356467921897
17202.0,0.01832246618329365,0.9789740837715745,0.0027034500451317755
18302.0,0.7576945706391539,0.24180344964133588,5.019797195101481E-4
18029.0,0.5403688922099108,0.45912467929574957,5.064284943395884E-4
17483.0,0.5216572090442465,0.4736797579041376,0.004663033051615828
17752.0,2.532777975398894E-18,2.0549534754614092E-25,1.0
18591.0,0.0029387663822299202,3.1088472173983E-7,0.9970609227330482
16997.0,0.9513519846791794,0.04770257276402759,9.454425567931813E-4
17270.0,0.9364661479824226,0.06337270108328628,1.6115093429105868E-4
17692.0,0.9418071059440521,0.05808460345115536,1.0829060479237067E-4
17423.0,0.15788888387585862,0.315439413170918,0.5266717029532234
17961.0,0.3151506062950696,0.6823319074831398,0.002517486221790607
18234.0,0.5253448596515438,0.4356500564057596,0.039005083942696715
18651.0,0.0926406045993133,0.9033561319902234,0.004003263410463257
17339.0,0.5685781298404007,0.31988327778886444,0.11153859237073488
17064.0,0.918768599271997,0.08061053959859718,6.208611294058791E-4
17602.0,0.005487268229332685,0.010157868606069546,0.9843548631645977
17873.0,0.8783130739258825,0.12141323913479703,2.736869393204657E-4
18423.0,3.839171512598279E-4,0.8788685036332912,0.1207475792154491
18148.0,0.4333027733799594,0.5580741193233826,0.00862310729665796
18454.0,0.6352680404947733,0.3639048596251367,8.270998800901408E-4
18693.0,0.7489268020821902,0.18978621749864139,0.06128698041916844
18513.0,0.06404650022595346,0.08435312847338522,0.8516003713006612
18352.0,0.8613673057558107,0.13817178829238752,4.609059518017008E-4
18083.0,6.492650845594459E-7,3.663823500883517E-4,0.9996329683848272
17541.0,0.8986727037844932,0.10103371156390101,2.9358465160584285E-4
17814.0,0.14165785387201496,0.8575858280809731,7.563180470120596E-4
17404.0,0.9016917388771943,0.0974923510463963,8.159100764093387E-4
17135.0,0.9565413534919642,0.04292639516056691,5.322513474687751E-4
18588.0,0.9249604591875314,0.07325462319226833,0.001784917620200413
18030.0,4.146191748624971E-12,9.965399273311446E-16,0.9999999999958529
18301.0,0.01861295869453193,0.016526319151811145,0.964860722153657
17755.0,7.734098499677483E-5,0.9954217163042017,0.004500942710801403
17480.0,0.830135054042291,0.16283929968538852,0.0070256462723204734
17201.0,0.9302652340433618,0.06955604183106123,1.78724125576953E-4
18648.0,0.6949039772081138,0.30427028216967694,8.257406222092698E-4
17420.0,0.12948042158203327,0.046376997054901836,0.824142581363065
17695.0,0.8273884583344984,0.172238575456557,3.7296620894467793E-4
18233.0,0.9069165213217535,0.09276766560223663,3.158130760097822E-4
17962.0,0.6786876727824379,0.32016391277852424,0.001148414439037903
17269.0,0.04402443093658721,0.9534891595005277,0.002486409562885237
16998.0,0.9661764772959195,0.017235611132034073,0.016587911572046487
18694.0,0.9291232760880571,0.010452980607447091,0.06042374330449563
18453.0,0.8294075345111228,0.16355079338129894,0.007041672107578322
17874.0,0.9254228909261267,0.0743452175840161,2.3189148985719058E-4
17601.0,0.9253716931085667,0.07421146135294489,4.168455384884089E-4
18151.0,0.5035984594085242,0.4947634113059744,0.0016381292855014611
18420.0,0.005751956875630523,0.0015739552353300564,0.9926740878890394
17067.0,0.4013704903339844,0.1275751562716264,0.4710543533943891
17336.0,0.4345068224305623,0.5306396336160801,0.03485354395335768
18512.0,0.11686276304524841,0.8812717544818689,0.001865482472882571
17405.0,0.5686417613425813,0.43108210305962114,2.761355977975879E-4
17134.0,0.6330148905931638,0.35946954884057636,0.007515560566259753
18353.0,0.027415820138497315,0.9498735960913844,0.02271058377011824
18082.0,0.2488333399589996,0.0024885015991396903,0.7486781584418607
17540.0,0.8934192442669034,0.10557830968499253,0.0010024460481039771
17815.0,0.8986727037844932,0.10103371156390101,2.9358465160584285E-4
18589.0,0.8005510546538396,0.038471903466882125,0.1609770418792782
17200.0,1.1651717097453236E-23,3.4826083570550035E-27,1.0
18031.0,0.9364661479824226,0.06337270108328628,1.6115093429105868E-4
18300.0,0.42422850513718063,0.5694323336992454,0.006339161163574005
17754.0,0.8925580100563775,0.10674577739954723,6.962125440752928E-4
17481.0,0.012063001748430705,0.004802022477929158,0.9831349757736402
18649.0,0.35646067473151855,0.43016461242718446,0.21337471284129705
17268.0,0.7860998146345269,0.21297683901235578,9.233463531172344E-4
16999.0,0.4333027733799594,0.5580741193233826,0.00862310729665796
17421.0,0.9999999393211251,6.059218062823495E-8,8.669420700199657E-11
17694.0,0.15708951088594741,0.015491527551823888,0.8274189615622287
18232.0,0.9841238711519881,0.015870053561243738,6.075286768159027E-6
17963.0,0.6124221506932342,0.3860992761790652,0.0014785731277005278
18695.0,0.9280755876096759,0.07172947858632095,1.9493380400314948E-4
18452.0,0.8960839892216276,0.008446103717720055,0.0954699070606524
17066.0,0.8756358388524806,0.12337641485477953,9.877462927397314E-4
17337.0,0.89689956172163,0.10220549682261575,8.949414557542488E-4
17875.0,0.027981743335466006,0.46923673666569915,0.5027815199988348
17600.0,0.17728230799925582,0.007224426074158124,0.8154932659265861
18150.0,0.6052417955575061,0.3827728000622815,0.011985404380212344
18421.0,0.5285747409011751,0.47022069540455963,0.001204563694265264
17486.0,0.9487363075091998,0.05111565227506002,1.480402157402853E-4
17757.0,1.4713566021155237E-4,0.008501675265644184,0.9913511890741442
18299.0,0.8292189420410984,0.1702936674460771,4.8739051282454496E-4
18024.0,0.4224937165448184,0.5605675375568457,0.016938745898335956
17207.0,0.919664232536742,0.08015234384566418,1.8342361759387924E-4
18586.0,0.6621256670515608,0.3373861806289902,4.881523194489609E-4
17808.0,0.9007499033949449,0.09776661152816861,0.0014834850768865144
17539.0,2.773876419884887E-4,2.1403617633891273E-4,0.9995085761816727
18085.0,0.7681416572826752,0.22699651246482794,0.00486183025249686
18358.0,0.8783130739258825,0.12141323913479703,2.736869393204657E-4
17129.0,0.9453969955315829,0.05435678288981197,2.462215786053372E-4
17402.0,0.38001877869760486,0.6192465876970428,7.346336053522507E-4
18519.0,0.4569224651677738,0.542728874870466,3.4865996176023907E-4
18418.0,0.3302982755311672,0.6681505022455148,0.0015512222233180738
18145.0,3.2935489572432708E-6,1.2962856314853397E-9,0.9999967051547572
17607.0,0.7916926277182533,0.20764014460563116,6.672276761156521E-4
17876.0,0.9377016463625538,0.0619725028877686,3.25850749677571E-4
17342.0,0.8569767030332017,0.001697372770883809,0.1413259241959145
17069.0,0.9487363075091998,0.05111565227506002,1.480402157402853E-4
18451.0,0.2790660787276207,0.08788248435416532,0.633051436918214
18688.0,0.845795734880544,0.15209343213783863,0.002110832981617307
17964.0,1.0392063586785366E-18,5.388366401510049E-25,1.0
18239.0,0.012936285044483966,7.663370961740981E-6,0.9870560515845542
17689.0,0.8401409769802425,0.15694243658212617,0.002916586437631352
17418.0,0.004783914544707511,0.9295534705339465,0.06566261492134587
16992.0,0.14590573748897703,0.8493987161413621,0.004695546369660799
17267.0,0.04683824823138086,0.9515421292716735,0.0016196224969455945
18654.0,0.5761929694463738,0.02213802017571957,0.40166901037790664
17206.0,0.4458957809059534,0.5533737414376497,7.304776563969191E-4
17487.0,0.954341222582973,0.04534636563620683,3.1241178082034286E-4
17756.0,0.5959930633528888,0.3831246053128078,0.020882331334303384
18298.0,0.3666462723232981,0.5727385976981829,0.06061512997851891
18025.0,0.5850767247654722,0.4124079049897267,0.0025153702448010838
18587.0,0.8935968213717835,0.1060496645227211,3.535141054954303E-4
17128.0,0.9017452830687818,0.09778163254246831,4.7308438874996584E-4
17403.0,0.9158428840076482,0.060727512863631816,0.023429603128719903
17809.0,0.8949304408347093,0.0992832836213351,0.005786275543955791
17538.0,0.9364661479824226,0.06337270108328628,1.6115093429105868E-4
18084.0,0.8323634542201165,0.16346945915543504,0.004167086624448499
18359.0,0.6477653950419665,0.34676621871212426,0.005468386245909272
18518.0,0.1576982896048373,0.05374331300818873,0.788558397386974
17343.0,0.8487934704132735,0.15097888867762843,2.2764090909824732E-4
17068.0,0.3025050216453404,0.6971205663533784,3.7441200128126483E-4
18419.0,0.9307315374454002,0.05751018902836774,0.011758273526232127
18144.0,0.7557525825726434,0.2431227484070232,0.0011246690203335229
17606.0,0.03305656341629192,0.9543368225106623,0.012606614073045891
17877.0,0.2817068984451186,0.7101025392144134,0.008190562340468072
18450.0,0.9291341120252145,0.06784745793820639,0.0030184300365792525
18689.0,0.7801890301196517,0.21789799780579824,0.001912972074550174
16993.0,1.3497341846797248E-5,2.654604623936756E-4,0.9997210421957596
17266.0,0.3974227805640511,0.6013533082786361,0.0012239111573128954
17965.0,0.8324386826736325,0.16500272227422913,0.002558595052138364
18238.0,0.9254228909261267,0.0743452175840161,2.3189148985719058E-4
17688.0,0.9605528289299126,0.036710488943185945,0.0027366821269015325
17419.0,0.9308669167028345,0.06267213998221863,0.006460943314946774
18655.0,0.08614887934665767,0.7880471758863739,0.12580394476696843
18584.0,0.44916203325859616,0.5356960038179897,0.01514196292341436
17759.0,0.5912981707615599,0.4077791846384304,9.226446000097215E-4
17484.0,0.9418071059440521,0.05808460345115536,1.0829060479237067E-4
18026.0,0.001295194422247748,0.987101576632761,0.011603228944991398
18297.0,0.9250137939031076,0.07412954093810582,8.56665158786462E-4
17205.0,0.9254228909261267,0.0743452175840161,2.3189148985719058E-4
18517.0,1.0644083001027328E-4,0.9998725145107327,2.1044659256999245E-5
17537.0,0.4270436020428723,0.5675227109361861,0.005433687020941601
17810.0,0.9784285103276079,0.021126891291148267,4.445983812437133E-4
18356.0,0.011466114146801,0.988244754596525,2.8913125667386297E-4
18087.0,0.7860998146345269,0.21297683901235578,9.233463531172344E-4
17400.0,0.9172076273007668,0.08266929516408597,1.2307753514725667E-4
17131.0,0.02810171417053564,0.9704957903794703,0.0014024954499939073
18690.0,0.3167315561667276,0.6816401366231275,0.0016283072101449375
18449.0,1.7658012276205366E-4,0.9864776636825715,0.013345756194666424
18147.0,0.7150571084551626,0.28139232200846453,0.003550569536372812
18416.0,0.6127403943654818,0.38678661832418526,4.729873103329066E-4
17878.0,0.2679593973847533,0.7305174468747097,0.001523155740537148
17605.0,0.6903459459679754,0.307844778404254,0.0018092756277706646
17071.0,0.8511215214751674,0.14724394606969995,0.001634532455132537
17340.0,0.9150595403020242,0.08473600523359248,2.044544643832842E-4
18652.0,0.8967380120347102,0.01518684965571427,0.08807513830957565
18237.0,0.0019304618539057075,0.017755866160038172,0.9803136719860561
17966.0,0.7259213150147233,0.27251784156566355,0.0015608434196130452
17416.0,0.4242680972550619,0.5731252821493802,0.0026066205955579402
17691.0,0.003927257008666339,2.0244227209825576E-4,0.9958703007192355
17265.0,0.9308054176853912,0.06876949731517543,4.2508499943347207E-4
16994.0,0.571496607753722,0.3086546197290586,0.11984877251721936
18585.0,0.9150595403020242,0.08473600523359248,2.044544643832842E-4
17204.0,0.8384125437248169,0.16070580767098225,8.81648604200742E-4
17758.0,0.9104851052842377,0.08665460456870136,0.0028602901470609733
17485.0,0.577662913541845,0.4203658312545154,0.0019712552036396476
18027.0,0.2147379665881813,0.4580641457679121,0.3271978876439066
18296.0,0.9999999682691344,3.172118276924496E-8,9.682864039089583E-12
18516.0,0.9172019805386007,0.08256244917355354,2.355702878455607E-4
17401.0,0.8607574945950304,0.13882159910439398,4.209063005756634E-4
17130.0,0.6513164011526249,0.3472701699383681,0.0014134289090070077
17536.0,0.9686421020304864,0.005344411896407588,0.026013486073105885
17811.0,3.5681676506616274E-16,1.3322317335694217E-23,0.9999999999999996
18357.0,0.8114363432486659,0.18812103660750484,4.4262014382944587E-4
18086.0,0.04258464285635632,0.8842090506867885,0.07320630645685514
18691.0,0.5727842596656507,0.2649351674760296,0.16228057285831984
18448.0,0.0033997177863046802,0.6936632700339836,0.30293701217971164
17070.0,0.8501842833078203,0.1405389116296073,0.009276805062572375
17341.0,0.8129624028679324,0.18658808014552905,4.4951698653853685E-4
18146.0,3.172190962148502E-7,0.966798485099742,0.03320119768116176
18417.0,0.7575763947216684,0.24032109524855533,0.002102510029776251
17879.0,0.22170989584063372,0.09395180040315008,0.6843383037562163
17604.0,0.9999981645043019,1.8337533663864378E-6,1.742331718169411E-9
18653.0,0.934044626766576,0.06561173417974998,3.436390536742316E-4
17264.0,0.5500024333779665,0.4391152282005989,0.010882338421434578
16995.0,0.04655977443980694,0.9532350908547031,2.051347054899927E-4
18236.0,0.6621256670515608,0.3373861806289902,4.881523194489609E-4
17967.0,0.6905938817147275,0.30632633585614955,0.003079782429123067
17417.0,0.06809219832128904,1.365670220130784E-4,0.9317712346566978
17690.0,0.7706219622132391,0.22629538589613699,0.0030826518906239327
17004.0,0.7587335969338489,0.23877960345181776,0.0024867996143334856
17279.0,0.9793836083432015,0.020582161699405157,3.422995739334626E-5
17685.0,0.1654847440471259,0.010392602790367127,0.824122653162507
17414.0,0.47531773037019137,0.48478312532986634,0.039899144299942256
17952.0,0.9054269795803539,0.09304211009068766,0.0015309103289584678
18227.0,0.8281895446759926,0.17038817334275175,0.0014222819812557516
18642.0,0.8439880761444545,0.15541341227513228,5.985115804133777E-4
17330.0,0.9732120306172357,0.026780955199284417,7.014183479770822E-6
17057.0,0.8906613964649589,0.10904112526693009,2.97478268111065E-4
17611.0,0.8401733910056284,0.15457802318063285,0.005248585813738779
17880.0,0.06778812066418496,0.8875636716083497,0.044648207727465465
18430.0,0.7302860131293332,0.2688935930634814,8.20393807185368E-4
18157.0,0.8634533535120377,0.13627571413530765,2.7093235265469954E-4
18463.0,0.9463507500772911,0.05344933755989392,1.9991236281490389E-4
18700.0,0.20121799289320522,0.7942497391221609,0.004532267984633811
17125.0,0.06323407978158659,0.906032752046621,0.03073316817179242
17398.0,0.7567762546801721,0.2426504475835808,5.732977362471551E-4
18089.0,0.012410642030341763,0.49790489157770357,0.4896844663919545
18362.0,0.5204772003403655,0.47813368210495444,0.0013891175546800999
17820.0,0.001449946600525725,0.9981528339116961,3.972194877781262E-4
17551.0,0.8979947943280921,0.1008449768248178,0.0011602288470900068
18523.0,0.8604250688772782,0.12887691372907709,0.010698017393644605
17211.0,9.963379875390188E-21,1.4750983730399613E-26,1.0
18295.0,0.8181629331807115,0.18098346491167502,8.536019076134857E-4
18020.0,0.6059489356600405,4.129450170664771E-4,0.39363811932289305
17474.0,0.04147770332271635,0.9491398334793989,0.009382463197884742
17745.0,0.8607337549744337,0.13897557374850875,2.9067127705756265E-4
18582.0,2.354669784011283E-7,0.025520701796369456,0.9744790627366521
17684.0,0.8477303483374004,0.15181046508038687,4.591865822128922E-4
17415.0,0.09965379480680517,0.8996263491438381,7.19856049356547E-4
17953.0,0.879410963880875,0.11866692383387696,0.0019221122852479014
18226.0,3.322817916419295E-16,1.9579767946321065E-22,0.9999999999999998
17005.0,0.9418071059440521,0.05808460345115536,1.0829060479237067E-4
17278.0,0.1116345206385998,6.895081621710942E-6,0.8883585842797784
18643.0,0.897597146740263,0.10210319848811557,2.9965477162145456E-4
17610.0,0.9487363075091998,0.05111565227506002,1.480402157402853E-4
17881.0,0.8996248051515485,0.10022035539875078,1.5483944970075503E-4
18431.0,8.637614196013242E-4,0.9948734088643315,0.004262829716067304
18156.0,1.7722097727477252E-17,4.014060291316639E-20,1.0
17331.0,0.8562295332350859,0.14347244573745147,2.980210274625545E-4
17056.0,0.8476338345187171,0.0012153267054927765,0.15115083877579005
18462.0,0.13449375076428668,0.8104365155479539,0.05506973368775934
18701.0,0.021349690700711976,0.9786213073562413,2.9001943046680794E-5
18088.0,0.009274789311925859,0.9902114542469879,5.137564410862207E-4
18363.0,0.4562774374781878,0.5418045938906906,0.0019179686311217056
17821.0,0.001575999259921689,0.9777141689576534,0.020709831782424953
17550.0,0.9798183026451908,0.013782188280011914,0.0063995090747974576
17124.0,9.67133057860448E-7,0.9921586295383765,0.007840403328565558
17399.0,0.4025197005544149,0.5970558147189213,4.2448472666388747E-4
18522.0,8.104187673807628E-13,1.667508246252321E-17,0.9999999999991895
18294.0,0.9280755876096759,0.07172947858632095,1.9493380400314948E-4
18021.0,0.2925206088388911,0.705706869597628,0.0017725215634809264
17475.0,0.4875823453858597,0.511448977645053,9.686769690871972E-4
17744.0,4.754777248230705E-4,0.9986788084182042,8.457138569727329E-4
17210.0,8.718190264699624E-4,0.9989779157417723,1.50265231757751E-4
18583.0,8.083369016188799E-4,1.2666861253742766E-6,0.9991903964122557
18640.0,0.7860998146345269,0.21297683901235578,9.233463531172344E-4
17277.0,0.8357806247098507,0.16222797436640735,0.001991400923742001
17006.0,0.9418071059440521,0.05808460345115536,1.0829060479237067E-4
17412.0,0.0034596853391907927,7.173817747292848E-5,0.9964685764833363
17687.0,0.9418071059440521,0.05808460345115536,1.0829060479237067E-4
18225.0,0.9694488042447494,0.030188677987672333,3.6251776757814777E-4
17954.0,0.5333476170160599,0.4428093906887286,0.023842992295211567
18702.0,0.9467333726076201,0.05313194864850117,1.3467874387877143E-4
18461.0,0.018244297219834185,0.9707250377303501,0.011030665049815721
17059.0,0.8330920026754721,0.16653443450601763,3.735628185102822E-4
17328.0,1.1888864999510113E-5,0.9988366005819869,0.001151510553013557
17882.0,1.8284880129591044E-6,2.728471925559353E-6,0.9999954430400614
17609.0,0.9302652340433618,0.06955604183106123,1.78724125576953E-4
18159.0,3.537315757405735E-22,2.0233589571550796E-28,1.0
18428.0,0.8359854346909119,0.1634383362677476,5.762290413406481E-4
18521.0,0.9150595403020242,0.08473600523359248,2.044544643832842E-4
17396.0,0.8122687350902063,0.1872083171020166,5.229478077771154E-4
17127.0,0.9999997228008684,2.769029600492222E-7,2.961716801085892E-10
18360.0,0.7824814958506371,0.21699734375457597,5.211603947869702E-4
18091.0,0.14358711319536407,0.8331617522388091,0.023251134565826875
17549.0,0.9150595403020242,0.08473600523359248,2.044544643832842E-4
17822.0,0.8542441529752008,0.004350227915500963,0.14140561910929833
18580.0,0.9999976277309977,2.3704005394077673E-6,1.8684628519152532E-9
17209.0,0.838138695133718,0.16002387432575568,0.0018374305405263248
18022.0,0.953624027593282,0.04110555522447124,0.0052704171822466695
18293.0,0.7458709267954462,0.25294591102839825,0.0011831621761556113
17747.0,0.5031459762995069,0.026464402117452823,0.47038962158304026
17472.0,0.9078599811801977,0.09166566058272138,4.7435823708089834E-4
18641.0,0.777836625424438,0.22144815466768925,7.152199078726229E-4
17413.0,0.009946827092720874,0.9679416141221426,0.0221115587851365
17686.0,0.06701151564865387,0.04220611265826862,0.8907823716930775
18224.0,3.0802227516044106E-4,0.7936435961273341,0.20604838159750533
17955.0,0.36364959608114605,0.6140753832940585,0.022275020624795413
17276.0,0.7810409336137863,0.17055167259551496,0.04840739379069881
17007.0,0.6513708681033032,0.317429467504223,0.031199664392473743
18703.0,0.026666273917734705,0.8424722719465895,0.13086145413567574
18460.0,4.702576679395943E-5,8.894119465196422E-7,0.9999520848212596
17883.0,0.5915091082471396,0.40756040096456914,9.304907882913674E-4
17608.0,0.1702722961482528,0.8198800358010161,0.0098476680507313
18158.0,0.8046555176143446,0.19424742105072174,0.0010970613349337436
18429.0,0.26205369741936285,0.7307042268473665,0.007242075733270794
17058.0,0.6561244563990123,0.0032601780406721196,0.34061536556031563
17329.0,0.05818953951963835,0.9414607293498244,3.497311305371996E-4
18520.0,1.3909056107193895E-18,1.3970596757934374E-24,1.0
18361.0,0.7917967275458094,0.19982267397553008,0.008380598478660446
18090.0,0.9164353758289902,0.08163960397955028,0.0019250201914595565
17548.0,0.6906211964836723,0.25920086238138973,0.050177941134937974
17823.0,0.5339733124311373,0.46436134562714154,0.0016653419417211324
17397.0,0.0018204408236729937,0.004583899167224552,0.9935956600091024
17126.0,0.2148014275661468,0.6951516523787918,0.0900469200550614
18581.0,4.808310952647328E-7,1.4575718150420642E-8,0.9999995045931865
18023.0,0.6679135329615561,0.10994886496956995,0.22213760206887392
18292.0,0.2173345418758341,0.6839859786211095,0.09867947950305628
17746.0,0.8826552759965083,0.07232255852467101,0.04502216547882065
17473.0,0.8977218408021141,0.07806775556322629,0.024210403634659705
17208.0,0.9426725319271017,0.05493722234628597,0.002390245726612373
17334.0,0.9616368495724634,4.356405133792589E-4,0.03792750991415724
17061.0,0.7946809512313391,0.2046801277081688,6.389210604921345E-4
18426.0,0.2440977167136308,0.7485823114313026,0.007319971855066639
18153.0,0.4701655103395523,0.5290425467326869,7.919429277608276E-4
17615.0,0.8347834622715806,0.16465594995753013,5.605877708891463E-4
17884.0,0.4280696614421957,0.5709333586378548,9.96979919949634E-4
18459.0,0.7837136538787706,0.21552238046336158,7.639656578678524E-4
18696.0,0.7865730212561085,0.21310914836232142,3.178303815701719E-4
17000.0,0.8466915974242563,0.04903000278429589,0.10427839979144785
17275.0,0.9255094763281417,0.053335506479146436,0.021155017192711907
17956.0,0.021844376123730806,0.9776424563129078,5.131675633612732E-4
18231.0,0.8516077545363668,0.14811238020176248,2.7986526187078424E-4
17681.0,0.8858631486514085,0.11361635276509671,5.204985834947477E-4
17410.0,0.0707247922561994,0.709186902688725,0.2200883050550756
18646.0,0.06172570205603454,0.9352370266644323,0.0030372712795330792
17215.0,0.538151576026703,0.44124327559102977,0.020605148382267183
17478.0,0.9142944988082049,0.08552693827063322,1.7856292116199892E-4
17749.0,0.8634533535120377,0.13627571413530765,2.7093235265469954E-4
18291.0,0.9339730277237585,0.06546187454633418,5.650977299073344E-4
18016.0,0.1542329216836493,0.7239854442212602,0.12178163409509053
18578.0,0.01578558113286678,8.486256520424271E-6,0.9842059326106128
17121.0,0.9364661479824226,0.06337270108328628,1.6115093429105868E-4
17394.0,0.6219891564767779,0.37747655239285777,5.342911303642864E-4
17816.0,0.9060492197420417,0.06256754690648667,0.03138323335147154
17547.0,0.7658557378899211,0.22895023252745708,0.005194029582621754
18093.0,0.2882880362190495,0.704071748208893,0.00764021557205748
18366.0,0.7352774351103316,0.2560519460201375,0.008670618869531044
18527.0,0.6174391052320638,0.3812985587125697,0.001262336055366564
18427.0,0.6748265093310785,0.3243665663497473,8.069243191743328E-4
18152.0,1.2683748591476655E-4,8.69510954709764E-7,0.9998722930031304
17614.0,2.533929335475388E-11,1.747690387122329E-13,0.999999999974486
17885.0,0.8633937151104325,0.1362873511584068,3.189337311607364E-4
17335.0,0.548209879061918,0.4508319834042039,9.581375338781176E-4
17060.0,0.010199596350018646,0.9808471157690186,0.008953287880962665
18458.0,0.6837183593302285,0.3112528009968025,0.0050288396729689586
18697.0,0.6191114819001823,0.3789304438552476,0.0019580742445699786
17957.0,5.996715579874777E-4,0.7449094203123502,0.2544909081296623
18230.0,0.006809900103912436,2.3152407529097217E-6,0.9931877846553346
17680.0,0.876715910358847,0.12270435625222666,5.797333889264329E-4
17411.0,0.870547650792856,0.12903466222552615,4.1768698161779027E-4
17001.0,0.8710862167518192,0.12864082982369837,2.729534244824949E-4
17274.0,3.793470154095756E-8,1.6949331867651932E-6,0.9999982671321116
18647.0,0.2258143855674705,0.6801496604784965,0.09403595395403325
17479.0,0.7235131126442457,0.2370606776020906,0.03942620975366374
17748.0,0.7919138364879192,0.1423245281404733,0.06576163537160742
18290.0,0.9280755876096759,0.07172947858632095,1.9493380400314948E-4
18017.0,0.7664128452402813,0.22624789543882656,0.007339259320892057
17214.0,7.15997324604887E-7,1.354531677706423E-7,0.9999991485495077
18579.0,0.9254228909261267,0.0743452175840161,2.3189148985719058E-4
17817.0,0.4072252420992239,0.5908794384635083,0.0018953194372677558
17546.0,0.9350535479402783,0.059372055491375,0.005574396568346625
18092.0,0.9364661479824226,0.06337270108328628,1.6115093429105868E-4
18367.0,1.4028810769486886E-27,7.570573899147641E-26,1.0
17120.0,0.028075268509057012,0.0011030885735703918,0.9708216429173726
17395.0,0.776961902474754,0.008443484326406467,0.2145946131988395
18526.0,0.10502238124709407,0.0034792182289922254,0.8914984005239137
18698.0,0.9041614642369282,0.09561992418216918,2.1861158090238166E-4
18457.0,0.9364661479824226,0.06337270108328628,1.6115093429105868E-4
17063.0,0.9658222395672414,0.028393781537591763,0.005783978895166862
17332.0,0.6196480741682977,0.3613455120568925,0.01900641377480972
18155.0,0.9280755876096759,0.07172947858632095,1.9493380400314948E-4
18424.0,0.30832699218858484,0.2993725604784489,0.39230044733296626
17886.0,0.870547650792856,0.12903466222552615,4.1768698161779027E-4
17613.0,0.5146387236561031,0.4826589687281498,0.002702307615747214
18644.0,0.19841052564839207,0.00232972799608223,0.7992597463555258
17273.0,0.981126628114885,0.018844785714348836,2.8586170766012916E-5
17002.0,2.2495276534865622E-4,0.963408494201536,0.03636655303311532
18229.0,0.9302652340433618,0.06955604183106123,1.78724125576953E-4
17958.0,1.3997996668393304E-7,2.0952598125821818E-7,0.999999650494052
17408.0,0.1646113307588033,0.8344675897465054,9.21079494691266E-4
17683.0,0.4287560050025331,0.5531063497699379,0.018137645227528976
18576.0,0.9467333726076201,0.05313194864850117,1.3467874387877143E-4
17213.0,0.8427647060550147,0.1560241662817896,0.0012111276631955818
17751.0,0.9148064829122046,0.08265340187247668,0.002540115215318741
17476.0,0.4042095170888163,0.5949666960951727,8.237868160109596E-4
18018.0,0.8779431690281562,0.12180505106448296,2.517799073609106E-4
18289.0,0.8996248051515485,0.10022035539875078,1.5483944970075503E-4
18525.0,0.8129624028679324,0.18658808014552905,4.4951698653853685E-4
17392.0,0.9418071059440521,0.05808460345115536,1.0829060479237067E-4
17123.0,0.10090930798837133,0.8977352318960712,0.0013554601155575752
17545.0,0.11580731616250288,0.19984863939800465,0.6843440444394924
17818.0,0.8879645015022444,0.11163741323837867,3.9808525937690283E-4
18364.0,0.24035232852864646,0.7596359081053458,1.1763366007684397E-5
18095.0,0.0031903236404087544,0.09586947500052832,0.9009402013590628
18699.0,0.8838009797644285,0.11596384379192287,2.3517644364874047E-4
18456.0,0.49473297449661846,0.48642546089314204,0.018841564610239454
18154.0,2.2739876890027923E-5,0.9999124311096277,6.48290134822034E-5
18425.0,0.9947212390179598,0.005190183213572944,8.857776846720045E-5
17887.0,0.4742768989735089,0.5086728745103667,0.017050226516124423
17612.0,0.9254228909261267,0.0743452175840161,2.3189148985719058E-4
17062.0,0.007182663520699663,0.9920168658103271,8.004706689734161E-4
17333.0,0.9731799814062277,8.844980445926328E-4,0.025935520549179688
18645.0,0.17795090908725356,0.7753414592738299,0.04670763163891662
18228.0,0.005270631800936157,0.001893030089328764,0.9928363381097352
17959.0,0.1545323559931164,0.8407154442433236,0.004752199763560154
17409.0,0.7771292306155515,0.2207013587834194,0.002169410601029023
17682.0,0.5504885257018494,0.4226749027946415,0.026836571503509227
17272.0,0.3328551478915837,0.6663680955450596,7.767565633565964E-4
17003.0,0.34029701671053664,0.6594065857691805,2.963975202828392E-4
18577.0,0.10947801364949751,0.8885265223209862,0.001995464029516368
17750.0,7.466308265359319E-4,0.9990834420531376,1.6992712032649183E-4
17477.0,0.7418471381639498,0.25745391006538004,6.989517706702502E-4
18019.0,0.9324139087297881,0.06672648952036508,8.596017498468048E-4
18288.0,0.005698823709148098,0.9898193167679583,0.004481859522893452
17212.0,0.9302347438733428,0.0682613013809471,0.0015039547457101348
18524.0,0.9570312812664715,0.0417914917681687,0.0011772269653596212
17544.0,7.228907625310405E-4,3.245132479249347E-4,0.998952595989544
17819.0,0.915135402683489,0.08389801320869976,9.665841078112779E-4
18365.0,0.7720807193935512,0.2183997604360088,0.009519520170439968
18094.0,0.007695272779679362,0.003629619093315023,0.9886751081270055
17393.0,0.04741546746720321,0.951868925057093,7.156074757039482E-4
17122.0,0.571635475876062,0.42260977569135516,0.005754748432582819
18498.0,5.836166005175775E-4,0.005613619982188331,0.9938027634172941
17148.0,1.2831478899554412E-4,1.1521175827578695E-8,0.9998716736898285
17391.0,1.1381568924287872E-6,0.9999982574905121,6.043525955670524E-7
18096.0,0.43702205158027685,0.562440612189406,5.373362303170776E-4
18339.0,7.384346080801772E-7,3.1958599322742023E-7,0.9999989419793988
17797.0,0.8738626268190534,0.12416479315825173,0.0019725800226948714
17558.0,0.8736797042245442,0.12199625406435106,0.004324041711104758
18575.0,0.8710862167518192,0.12864082982369837,2.729534244824949E-4
17186.0,0.8256707131327471,0.033836958538146514,0.1404923283291063
18286.0,8.169605253099847E-4,0.9949565706471247,0.004226468827565298
18045.0,0.9150595403020242,0.08473600523359248,2.044544643832842E-4
17499.0,0.4901832292037953,0.5051478389863987,0.004668931809805951
17736.0,1.5956163237309482E-18,5.890987737560881E-24,1.0
18635.0,2.3782512673980507E-7,1.9034217455431434E-8,0.9999997431406558
17013.0,0.9463507500772911,0.05344933755989392,1.9991236281490389E-4
17254.0,0.7403432642603247,0.024848239966927605,0.2348084957727478
17676.0,6.821101198185263E-10,1.2206712460969248E-6,0.9999987786466438
17439.0,0.9463507500772911,0.05344933755989392,1.9991236281490389E-4
17977.0,0.7754056694238084,0.22428022646465276,3.1410411153878E-4
18218.0,0.10513680701005687,0.8948180482739858,4.5144715957382125E-5
18438.0,0.8498793596879808,0.14886588391829042,0.0012547563937287218
18709.0,0.5863657420307061,0.4086721450698977,0.004962112899396099
17323.0,5.894888618362929E-4,0.9935700676918481,0.00584044344631561
17080.0,4.8055990717349914E-5,0.9998945676738967,5.7376335385984854E-5
17618.0,0.08967581753878452,0.0033296430279212918,0.9069945394332941
17857.0,0.7887152717846896,0.06431152197236724,0.1469732062429431
18407.0,0.8783130739258825,0.12141323913479703,2.736869393204657E-4
18164.0,0.43858176420496175,0.5596646667757497,0.0017535690192885434
18499.0,0.943817274309341,0.05294557305759503,0.0032371526330639932
18097.0,0.7177129441343928,0.2814709242930176,8.161315725895432E-4
18338.0,5.582356801838115E-6,6.126033867389938E-5,0.9999331573045243
17796.0,0.01947656912684955,0.980095541140898,4.2788973225259974E-4
17559.0,0.8616099428581128,0.13466944197674402,0.003720615165143215
17149.0,4.154769622663614E-5,0.3285469769369819,0.6714114753667914
17390.0,0.574907508407544,0.4204812722149418,0.004611219377514166
18574.0,4.494428992596512E-4,4.064651950429196E-8,0.9995505164542209
18287.0,0.9366175992060785,0.06293763162647306,4.4476916744857424E-4
18044.0,0.7406375991243588,0.25631718728977293,0.0030452135858683948
17498.0,0.9684566076270736,0.031516512367241935,2.688000568437821E-5
17737.0,0.5493182635043646,0.44958392020951443,0.001097816286120849
17187.0,0.028663575659196888,0.09313120577301884,0.8782052185677842
18634.0,0.870547650792856,0.12903466222552615,4.1768698161779027E-4
17677.0,0.02402092965390771,2.4055066132077494E-4,0.9757385196847714
17438.0,0.6753878111039011,0.310076287091011,0.01453590180508785
17976.0,0.7701868613248698,0.22916021978177273,6.529188933575051E-4
18219.0,0.902117909932044,0.09689889491362601,9.831951543299302E-4
17012.0,0.28573089971884075,0.7051156478030015,0.009153452478157785
17255.0,3.545597191332766E-9,6.389801404618723E-9,0.9999999900646014
18439.0,0.001870158394437408,1.6200587179580872E-6,0.9981282215468446
18708.0,0.013049827940651697,0.9700492185395138,0.01690095351983448
17619.0,0.02395862991673627,0.973277167117534,0.0027642029657296294
17856.0,0.9111973563818263,0.0870280362103299,0.001774607407843637
18406.0,0.8688252122800579,0.13075295935518427,4.2182836475777717E-4
18165.0,0.8519775269330634,0.14707946484836687,9.430082185697171E-4
17322.0,0.19647536795597473,0.8027712047215131,7.534273225121434E-4
17081.0,0.9302652340433618,0.06955604183106123,1.78724125576953E-4
17389.0,0.22289880011174706,0.7758611877619389,0.0012400121263142162
17150.0,0.9487163996768675,0.05073900527523172,5.445950479009353E-4
18337.0,0.668751233767522,0.3297799231356528,0.0014688430968252506
18098.0,0.9196305923065363,0.08017591608162218,1.9349161184143253E-4
17556.0,0.8613673057558107,0.13817178829238752,4.609059518017008E-4
17799.0,0.7907684881912654,0.207417583180641,0.0018139286280936659
18496.0,6.819024702358201E-11,5.798021637819489E-9,0.999999994133788
17184.0,0.6932625387714614,0.18105583797276173,0.12568162325577684
18047.0,0.732996965562151,0.2660104476299033,9.925868079457146E-4
18284.0,0.9264589245236344,0.07332259305450244,2.1848242186311675E-4
17738.0,0.8633937151104325,0.1362873511584068,3.189337311607364E-4
17497.0,0.8209249421073801,0.17760629569480754,0.0014687621978124955
18573.0,0.175324488470316,0.8191937305535308,0.005481780976153046
17252.0,0.9737341334496561,0.023074032537612404,0.0031918340127315703
17015.0,8.719178952972016E-6,0.6995141385470601,0.300477142273987
17437.0,0.9696194377373877,0.030330200745809905,5.0361516802538285E-5
17678.0,0.0013708189816392454,0.9976431970720122,9.859839463485641E-4
18216.0,0.9978969144875572,0.002091769466590451,1.1316045852417594E-5
17979.0,7.75619829075127E-5,9.426808848878848E-6,0.9999130112082437
18633.0,0.8164891478353082,0.18092478437366247,0.0025860677910292847
17082.0,0.003153802039854552,0.6546082680828664,0.342237929877279
17321.0,0.6991463897005136,0.2976549264840077,0.0031986838154785474
17859.0,0.0035808434218323904,0.9955853770437113,8.337795344563346E-4
17616.0,0.9041180360639046,0.09567242857740657,2.0953535868884664E-4
18166.0,0.0016375697390313166,8.339932674455657E-7,0.9983615962677012
18405.0,0.7685197546945527,0.23071977789876524,7.604674066819335E-4
18711.0,0.934019006692097,0.06549117733949796,4.898159684050883E-4
18436.0,0.5527628186864243,0.32567270360754946,0.1215644777060263
18336.0,0.7846355839880472,0.2146375565327317,7.268594792210894E-4
18099.0,0.017560857458148556,0.9607641421868405,0.02167500035501117
17557.0,0.12532541230854208,0.8422853921744367,0.032389195517021234
17798.0,0.3919422441546763,0.5511358830146446,0.05692187283067917
17388.0,0.876715910358847,0.12270435625222666,5.797333889264329E-4
17151.0,0.9389783159518802,0.04992185109356646,0.011099832954553466
18497.0,0.7609992537606596,0.23807217717332801,9.285690660124423E-4
18046.0,0.4487776800666709,0.5505883510249836,6.33968908345523E-4
18285.0,0.8418631738785609,0.15767887150000945,4.579546214296309E-4
17739.0,0.924022489793003,0.018284761152968197,0.05769274905402882
17496.0,0.14072860376835522,0.8539138811781297,0.005357515053515013
17185.0,0.7654568098808502,0.23312565138170127,0.0014175387374484793
18572.0,0.25334936667174,0.7439603602686791,0.0026902730595809474
17436.0,0.9467950120177262,0.052872759367918826,3.322286143548468E-4
17679.0,0.04664684224161309,0.7121610934686008,0.2411920642897862
18217.0,0.8717607815781044,0.11477677170255088,0.013462446719344752
17978.0,0.875873344884999,0.12232180198240386,0.0018048531325971662
17253.0,0.19840089915637518,0.6927665280146312,0.10883257282899345
17014.0,0.7761567678864087,0.22192652454760006,0.0019167075659912735
18632.0,0.9078599811801977,0.09166566058272138,4.7435823708089834E-4
17858.0,0.9884491057540816,0.010408480948284789,0.0011424132976335724
17617.0,0.0019970555768068264,0.978993332728312,0.01900961169488115
18167.0,2.344892883629955E-12,0.999999999997508,1.4718974166427308E-13
18404.0,0.0360339486883539,0.0032736677579076087,0.9606923835537384
17083.0,0.47558434689648904,0.5226582280459637,0.0017574250575472846
17320.0,0.16105802934237112,0.8378465936274745,0.0010953770301543816
18710.0,0.5801175689912719,0.02389866987324626,0.39598376113548184
18437.0,0.0030686705413279494,5.708266678175571E-8,0.9969312723760053
18571.0,7.843197428092076E-7,0.9999953194516988,3.896228558379975E-6
17190.0,3.685402849242845E-4,0.4891016858365145,0.5105297738785612
17503.0,0.7668792368190379,0.23270083046296497,4.199327179970095E-4
17740.0,2.889143821599991E-13,2.016769668077105E-17,0.9999999999997111
18282.0,0.9069165213217535,0.09276766560223663,3.158130760097822E-4
18041.0,0.9467333726076201,0.05313194864850117,1.3467874387877143E-4
18502.0,0.7274020035684281,0.2716376663381979,9.603300933739731E-4
17144.0,0.010504625766168021,1.8994389742111646E-4,0.9893054303364108
17387.0,0.9280755876096759,0.07172947858632095,1.9493380400314948E-4
17793.0,0.061574030706803416,0.7214209902003238,0.21700497909287272
17554.0,0.8858182747771918,0.10491189070900092,0.009269834513807269
18100.0,1.3867518584064582E-5,0.9739538241346578,0.02603230834675824
18343.0,0.6754169987649066,0.32361858876778926,9.644124673041231E-4
18434.0,0.9317087825939784,0.06750113860213267,7.900788038889337E-4
18705.0,0.025568677689344843,0.23141110168561677,0.7430202206250385
17327.0,0.007305258669075919,1.0147131680785724E-5,0.9926845941992432
17084.0,0.9463507500772911,0.05344933755989392,1.9991236281490389E-4
18403.0,0.10352836401814346,0.004733018182905183,0.8917386177989514
18160.0,0.9364661479824226,0.06337270108328628,1.6115093429105868E-4
