18081.0,0.5519559167286662,0.4435988742153908,0.00444520905594308
18354.0,0.07885044035622443,0.7227527878975987,0.1983967717461769
17812.0,0.8854949322075054,0.09978271292143984,0.014722354871054753
17543.0,6.944292906254338E-4,0.0242720629282285,0.9750335077811461
17133.0,0.23422546840239045,0.7197775681014348,0.04599696349617476
17406.0,0.2976384189577009,0.666807328154092,0.035554252888207086
18752.0,0.0012824903185304035,0.9940688578406284,0.004648651840841163
18515.0,0.7538609964875682,0.06586878172391651,0.1802702217885154
18303.0,0.7823063029575088,0.17304752324487238,0.04464617379761888
18028.0,0.7943824534518995,0.15887649069037987,0.04674105585772071
17482.0,0.04814008347682119,0.11849354806012043,0.8333663684630584
17753.0,0.7642201801247023,0.22795361754169427,0.007826202333603437
17203.0,0.7093260919211665,0.13682587261199466,0.1538480354668389
18590.0,0.7586716987387562,0.23488697992468527,0.006441321336558463
17693.0,0.9034106170615918,0.08666812148713395,0.009921261451274357
17422.0,0.02662216211778456,0.07774512021659465,0.8956327176656208
17960.0,0.8635946243036088,0.037465382599041364,0.09893999309734988
18235.0,0.8009909958767708,0.01811029690628607,0.18089870721694312
16996.0,0.8899415528147636,0.10603331239890534,0.00402513478633104
17271.0,0.9724325456865097,0.0216589551901336,0.0059084991233566315
18650.0,0.5409500902632277,0.447724696529606,0.011325213207166271
17603.0,0.7383360393246744,0.2570162417726734,0.004647718902652176
17872.0,0.7037030978244291,0.2809630872272523,0.015333814948318628
18422.0,0.8771638776516816,0.12085901724392854,0.001977105104389901
18149.0,0.9893452459195365,0.010274227149018293,3.8052693144512205E-4
17338.0,0.011948176073849346,0.15350703769274052,0.8345447862334101
17065.0,0.4896422536672103,0.4719064675633247,0.03845127876946504
18455.0,0.9045378824314493,0.08352054649170508,0.011941571076845618
18692.0,0.16083662831710305,0.0011934649647059555,0.8379699067181909
17132.0,5.759175330640862E-4,0.002305207986786993,0.9971188744801489
17407.0,0.014545557056598173,0.011202090711538446,0.9742523522318633
18080.0,0.5196695372541201,0.441197486722651,0.039132976023228794
18355.0,0.10141676676619385,0.2886058670393476,0.6099773661944586
17813.0,0.5556751219703894,0.3018230601583495,0.14250181787126115
17542.0,0.4150413825303715,0.4022003737787471,0.1827582436908815
18514.0,0.9340653286075351,0.054964797481467105,0.01096987391099788
17202.0,0.0881122584107273,0.9064617391552081,0.005426002434064469
18302.0,0.8091338401095052,0.187180229478345,0.003685930412149784
18029.0,0.8512242917466013,0.1457747222007006,0.0030009860526982314
17483.0,0.9045378824314493,0.08352054649170508,0.011941571076845618
17752.0,1.9742339540621415E-6,1.8244382537343547E-6,0.9999962013277922
18591.0,0.8243128184148703,0.1044108844676044,0.07127629711752538
16997.0,0.7971383303868886,0.14897571609633423,0.05388595351677718
17270.0,0.8955203133857604,0.10409086826875108,3.8881834548843466E-4
17692.0,0.9155327064025406,0.0842767815197678,1.9051207769158805E-4
17423.0,0.07521773631932069,0.14776017306948105,0.7770220906111983
17961.0,0.8581467375330596,0.13983556258828012,0.002017699878660177
18234.0,0.8166666666666667,0.11666666666666667,0.06666666666666667
18651.0,0.18982892905607104,0.7951643333418906,0.015006737602038326
17339.0,0.010613751730502996,0.06645131518227963,0.9229349330872173
17064.0,0.5322546306152863,0.14392165211837343,0.32382371726634024
17602.0,0.41324536257251965,0.10554326081606133,0.48121137661141905
17873.0,0.9403115870278465,0.057429904777545365,0.0022585081946083435
18423.0,0.4081894264461571,0.41936848081326866,0.17244209274057426
18148.0,0.6679413116804405,0.1273569074593968,0.20470178086016286
18454.0,0.2582033341183364,0.009760482445811363,0.7320361834358522
18693.0,0.7613923026374577,0.1899762497461827,0.048631447616359444
18513.0,0.009551308209925653,0.03113006777177367,0.9593186240183006
18352.0,0.8312679620285461,0.16867370678184285,5.833118961113809E-5
18083.0,0.0013085063058197984,4.940350080833858E-4,0.9981974586860968
17541.0,0.8512242917466013,0.1457747222007006,0.0030009860526982314
17814.0,0.6198952957056838,0.3718061151233723,0.008298589170943794
17404.0,0.8071468073188546,0.18337410127007997,0.009479091411065418
17135.0,0.9698872748483625,0.0071843501840619444,0.02292837496757552
18588.0,0.9340203063371284,0.03477024621073372,0.031209447452137846
18030.0,3.106933667596699E-9,1.5731004775901668E-12,0.9999999968914932
18301.0,0.04551193526371849,0.6987721705796409,0.2557158941566404
17755.0,0.27876896170955107,0.6114200702175019,0.10981096807294717
17480.0,0.9669076013384557,0.027211014236636286,0.005881384424908053
17201.0,0.8792416659042421,0.10424883335167524,0.016509500744082625
18648.0,0.887492915462557,0.10804464283752989,0.004462441699913078
17420.0,0.006264016704044542,0.43500116000309336,0.5587348232928621
17695.0,0.8659371474945119,0.13137569573301494,0.002687156772473178
18233.0,0.8496573511653844,0.13390155964870495,0.016441089185910533
17962.0,0.23289384832979024,0.7388033232739318,0.02830282839627782
17269.0,0.9462728187178389,0.04430650966470356,0.009420671617457592
16998.0,0.20249745741645353,0.5833858159010245,0.21411672668252196
18694.0,0.9405975553257975,0.03902410676872361,0.020378337905479035
18453.0,0.6106959130385738,0.2906573372195478,0.09864674974187837
17874.0,0.8899415528147636,0.10603331239890534,0.00402513478633104
17601.0,0.7259097302116032,0.2341435369386838,0.0399467328497129
18151.0,0.8320634941587227,0.15345183860721584,0.014484667234061532
18420.0,2.1976686006604327E-5,0.0017149320779101332,0.9982630912360834
17067.0,0.031141931532855445,0.06493020915243229,0.9039278593147122
17336.0,0.25216114626300096,0.6755596907481177,0.07227916298888137
18512.0,0.6401747393546614,0.3519634246147715,0.007861836030567112
17405.0,0.46689577112926445,0.5219424857192859,0.011161743151449674
17134.0,0.7223306652617879,0.23890716867198253,0.03876216606622958
18353.0,0.6449122817886225,0.31221282906817355,0.04287488914320386
18082.0,0.9450158047982437,0.04280945827759854,0.012174736924157836
17540.0,0.7587494256126978,0.1533075070302558,0.08794306735704645
17815.0,0.8616999170323463,0.1355056734452598,0.0027944095223938806
18589.0,0.025085553139756144,0.0045171308295724275,0.9703973160306715
17200.0,1.9577728223601543E-10,7.693828030005755E-6,0.9999923059761927
18031.0,0.8955203133857604,0.10409086826875108,3.8881834548843466E-4
18300.0,0.278981774522815,0.7077264691856209,0.013291756291564188
17754.0,0.6289393282728674,0.060873693555017185,0.31018697817211544
17481.0,0.3542176184186936,0.6134176584810781,0.03236472310022835
18649.0,0.0027066624888331258,0.6942164293215708,0.303076908189596
17268.0,0.8250704787046239,0.16824882142482728,0.0066806998705488205
16999.0,0.5628304153784093,0.3138402391035157,0.1233293455180751
17421.0,0.4141171162010321,0.2681158959757988,0.317766987823169
17694.0,0.6807509930752313,0.2597563930366182,0.059492613888150435
18232.0,0.7994898453995746,0.16484156353817492,0.03566859106225065
17963.0,0.7797607911506252,0.13860330087403952,0.08163590797533517
18695.0,0.9975907906236638,0.0023051100660006684,1.0409931033551424E-4
18452.0,0.9986134998813339,6.932500593331333E-4,6.932500593331333E-4
17066.0,0.7137454152274001,0.2754458559084824,0.010808728864117514
17337.0,0.680097802161827,0.30883629197940665,0.011065905858766413
17875.0,0.1483195812819649,0.14471149900156627,0.7069689197164688
17600.0,0.9999958475113245,3.7372398078965535E-6,4.1524886754406147E-7
18150.0,0.11401544164645575,0.7843025302862936,0.10168202806725068
18421.0,0.09290019705523485,0.7786745705356085,0.12842523240915665
17486.0,0.8917851175517146,0.0847725690741083,0.023442313374177164
17757.0,0.029957062477514503,0.7394669729445319,0.23057596457795348
18299.0,0.202406761649805,0.7712413772927359,0.026351861057459045
18024.0,0.9933975616364835,0.0059421945271648765,6.60243836351653E-4
17207.0,0.8729603715351758,0.11742896589048793,0.009610662574336263
18586.0,0.592372420286649,0.40417730281763403,0.003450276895717059
17808.0,0.7186526834512889,0.219372239590811,0.06197507695790003
17539.0,0.003130930130614109,0.0029348748756256398,0.9939341949937602
18085.0,0.26095279481419514,0.08919415344168702,0.6498530517441179
18358.0,0.8662030101807268,0.11872632760364668,0.015070662215626602
17129.0,0.8729603715351758,0.11742896589048793,0.009610662574336263
17402.0,0.8122959570028317,0.15997765745511844,0.02772638554204987
18519.0,0.2017611074110824,0.7982197236259335,1.9168962984060454E-5
18418.0,0.7235689116045118,0.2616421761044718,0.014788912291016344
18145.0,0.008746065927411152,0.00207775458641142,0.9891761794861774
17607.0,0.9502303056652615,0.047207583465966145,0.0025621108687723434
17876.0,0.9523420834462202,0.04600473957786648,0.0016531769759132737
17342.0,0.7418075818608079,0.20074704435263002,0.05744537378656207
17069.0,0.9709291194019872,0.02267046146076769,0.006400419137245066
18451.0,0.0796629039066834,0.11006636176407525,0.8102707343292413
18688.0,0.9227378308498597,0.061687467841459176,0.015574701308681042
17964.0,0.5202028437597757,0.007407042419344982,0.47239011382087925
18239.0,0.1733818726577136,6.249347328135296E-5,0.8265556338690051
17689.0,0.8467981181770332,0.15206272720401834,0.001139154618948525
17418.0,0.088104230735634,0.8427070970413879,0.06918867222297814
16992.0,0.27614743890861276,0.7018784141492236,0.021974146942163743
17267.0,0.3000165902886372,0.669595731774318,0.030387677937044767
18654.0,0.048137334209517456,0.004717611823075102,0.9471450539674074
17206.0,0.8339526533964491,0.1528360261009677,0.013211320502583081
17487.0,0.9045378824314493,0.08352054649170508,0.011941571076845618
17756.0,9.145959901630775E-8,0.9956063361025417,0.004393572437859188
18298.0,0.5075284760549368,0.47612143400839463,0.01635008993666856
18025.0,0.9962060001844742,0.0034687998313379415,3.25199984187932E-4
18587.0,0.9372606378001649,0.0568088035199303,0.005930558679904755
17128.0,0.8766534795545539,0.12264833207631223,6.98188369134005E-4
17403.0,0.12796148563617527,0.4782517035706061,0.3937868107932186
17809.0,0.9187619066518494,0.07977894483718238,0.0014591485109681274
17538.0,0.8955203133857604,0.10409086826875108,3.8881834548843466E-4
18084.0,0.7547539950196035,0.02179794269651531,0.2234480622838812
18359.0,0.8606292022853121,0.1331897614174799,0.006181036297207965
18518.0,0.6187182872992555,0.22549953696378203,0.1557821757369625
17343.0,0.7446878005603998,0.22608398788427095,0.02922821155532912
17068.0,0.8548096110036102,0.14427055346117915,9.198355352107209E-4
18419.0,0.725782534942642,0.26882215489699424,0.005395310160363793
18144.0,0.7779080734964905,0.18549120673153494,0.03660071977197461
17606.0,0.06020306813953089,0.19071799953474206,0.7490789323257271
17877.0,0.2828309733346744,0.4160191995493148,0.3011498271160108
18450.0,0.5764323601320082,0.40414595073072507,0.019421689137266804
18689.0,0.7999648688839028,0.15334739840214529,0.04668773271395182
16993.0,0.0014146431818280866,0.012579827284164883,0.9860055295340071
17266.0,0.5851968982506455,0.40321650979442447,0.011586591954930116
17965.0,0.7134213211953949,0.2090042431004525,0.07757443570415255
18238.0,0.8899415528147636,0.10603331239890534,0.00402513478633104
17688.0,0.05128160176127144,0.26340972015628294,0.6853086780824457
17419.0,0.0296588745031461,0.01635550793254121,0.9539856175643128
18655.0,0.43815271766312097,0.5482574159626711,0.013589866374208061
18584.0,0.6807509930752313,0.2597563930366182,0.059492613888150435
17759.0,4.113111109164822E-5,0.9995886888890835,3.7017999982483403E-4
17484.0,0.9155327064025406,0.0842767815197678,1.9051207769158805E-4
18026.0,0.04263929329319449,0.12791787987958347,0.829442826827222
18297.0,0.6498556615455575,0.25973711030260577,0.09040722815183676
17205.0,0.9187825263527757,0.07950546629201054,0.0017120073552137041
18517.0,0.172833191984381,0.8250480898086497,0.0021187182069692485
17537.0,0.4083546900399188,0.34777473647841023,0.24387057348167088
17810.0,0.7037030978244291,0.2809630872272523,0.015333814948318628
18356.0,0.05260342242211045,0.947095283349598,3.0129422829142723E-4
18087.0,0.0012824903185304035,0.9940688578406284,0.004648651840841163
17400.0,0.8681761805040281,0.11291555483804043,0.018908264657931374
17131.0,0.04045391891037166,0.942324778249714,0.01722130283991439
18690.0,0.6868321940309892,0.31047874352451316,0.002689062444497525
18449.0,0.003510038921969212,0.8555274232252204,0.1409625378528104
18147.0,0.7037030978244291,0.2809630872272523,0.015333814948318628
18416.0,0.8928623863262674,0.10537785270977396,0.001759760963958641
17878.0,0.6272254215707469,0.3123182782486472,0.06045630018060579
17605.0,0.9866232694711619,0.010717910785271666,0.0026588197435665132
17071.0,0.9386266065415195,0.02058408792339651,0.04078930553508394
17340.0,0.9552740964103932,0.03634559198266822,0.008380311606938647
18652.0,0.9095659056566471,0.08894886841675441,0.0014852259265984798
18237.0,0.8844344714342754,0.10542744941116415,0.010138079154560414
17966.0,0.9034106170615918,0.08666812148713395,0.009921261451274357
17416.0,0.5409500902632277,0.447724696529606,0.011325213207166271
17691.0,0.1380417053017278,0.004472721808829806,0.8574855728894424
17265.0,0.9471109322600388,0.05280462836230886,8.443937765222115E-5
16994.0,0.6784344267663538,0.06930001144888703,0.2522655617847591
18585.0,0.9523420834462202,0.04600473957786648,0.0016531769759132737
17204.0,0.5922568114971577,0.36515688463886053,0.04258630386398174
17758.0,0.7069141949516551,0.28550187590978204,0.0075839291385630045
17485.0,0.7037030978244291,0.2809630872272523,0.015333814948318628
18027.0,0.03343200590714249,0.502241795947777,0.4643261981450806
18296.0,0.19283331579434304,0.5925790053408713,0.21458767886478566
18516.0,0.24872609011371818,0.7264545856804345,0.02481932420584723
17401.0,0.7368585969854158,0.25098067886804815,0.012160724146535974
17130.0,0.6742295549160615,0.3166676007673138,0.009102844316624703
17536.0,0.7418075818608079,0.20074704435263002,0.05744537378656207
17811.0,6.993209130946922E-4,6.76522165845617E-5,0.9992330268703207
18357.0,0.9194653819852154,0.08053041421540719,4.203799377320694E-6
18086.0,0.6168952151355115,0.2208454011280301,0.16225938373645837
18691.0,0.09952396310106898,0.07256101260842125,0.8279150242905098
18448.0,0.10115255761480076,0.43617690477958154,0.4626705376056176
17070.0,0.5657077212636267,0.361615989797819,0.07267628893855424
17341.0,0.8729603715351758,0.11742896589048793,0.009610662574336263
18146.0,1.6750975984259554E-4,0.835582376999492,0.16425011324066552
18417.0,0.08793874362742582,0.908175309744002,0.003885946628572191
17879.0,0.2533149750980984,0.1266314044504723,0.6200536204514292
17604.0,0.9983504778510688,5.801059610067264E-5,0.0015915115528305252
18653.0,0.8729603715351758,0.11742896589048793,0.009610662574336263
17264.0,0.9348116952269975,0.06363573820187404,0.0015525665711284152
16995.0,0.8276151551312746,0.15519441489676747,0.017190429971957875
18236.0,0.7388808946566342,0.25902061514709745,0.0020984901962684322
17967.0,0.8799291221165682,0.029870696871101114,0.09020018101233077
17417.0,0.07139839459231094,0.8996197718631179,0.028981833544571185
17690.0,0.6923207481805812,0.24802306896075518,0.059656182858663614
17004.0,0.8645404877752471,0.13488012449837325,5.793877263796448E-4
17279.0,0.44567923899423767,0.47790113840729914,0.07641962259846323
17685.0,0.06496122877569785,0.05104637004460571,0.8839924011796965
17414.0,0.7918546204407785,0.07011212785152725,0.1380332517076943
17952.0,0.8599101723198616,0.09780604457743572,0.042283783102702775
18227.0,0.7591421946696919,0.1329202363213965,0.10793756900891156
18642.0,0.5290216660089496,0.3661543826388821,0.10482395135216831
17330.0,0.8339526533964491,0.1528360261009677,0.013211320502583081
17057.0,0.8955203133857604,0.10409086826875108,3.8881834548843466E-4
17611.0,0.8958061630126076,0.10254562409232897,0.001648212895063544
17880.0,2.2873351627047793E-4,0.0024398241735517643,0.9973314423101778
18430.0,0.8032240995260657,0.18601519263360078,0.010760707840333594
18157.0,0.8659371474945119,0.13137569573301494,0.002687156772473178
18463.0,0.9337794512312868,0.06170494758451635,0.004515601184196862
18700.0,0.10163884058169118,0.5149631079831728,0.38339805143513606
17125.0,0.2944364704194088,0.3860752844044159,0.3194882451761752
17398.0,0.5882690592401728,0.4053033362742882,0.00642760448553891
18089.0,0.0025941016217193038,0.1637919152441585,0.8336139831341223
18362.0,0.5075284760549368,0.47612143400839463,0.01635008993666856
17820.0,0.05034915680397777,0.9472032376975565,0.002447605498465687
17551.0,0.7423873639695056,0.02922112760398754,0.22839150842650677
18523.0,0.3942690748195263,0.5139400565712764,0.09179086860919741
17211.0,4.519028571401459E-8,2.9298420676005887E-9,0.9999999518798722
18295.0,0.7854866698347466,0.2064884468028389,0.008024883362414413
18020.0,0.9183101164942451,0.01706567130044541,0.06462421220530959
17474.0,0.7971906333144778,0.19821681915576456,0.0045925475297577106
17745.0,0.8710815535724263,0.11455833239764528,0.014360114029928291
18582.0,0.0013886153533836296,0.033082340395639634,0.9655290442509767
17684.0,0.014649760821961318,0.031070719658636968,0.9542795195194017
17415.0,0.0012824903185304035,0.9940688578406284,0.004648651840841163
17953.0,0.03807219880067507,0.4871649479097173,0.4747628532896076
18226.0,6.905334849413489E-10,4.9321605663769105E-12,0.9999999993045343
17005.0,0.9155327064025406,0.0842767815197678,1.9051207769158805E-4
17278.0,0.9819223630054071,0.011621338067952545,0.006456298926640303
18643.0,0.9128596416267669,0.08679886021862324,3.414981546100327E-4
17610.0,0.8917851175517146,0.0847725690741083,0.023442313374177164
17881.0,0.7233549304777965,0.2755951225138747,0.001049947008328881
18431.0,0.14876503623928805,0.3465365757452132,0.5046983880154988
18156.0,2.0906524432695224E-5,1.177773172614138E-4,0.9998613161583059
17331.0,0.8761174955469888,0.06699142668954682,0.05689107776346441
17056.0,0.9202875000525713,0.009480653852663888,0.07023184609476484
18462.0,0.15311331643736073,0.7973158189552042,0.04957086460743503
18701.0,0.7538562023011708,0.19749827212156343,0.04864552557726572
18088.0,0.010752474155157425,0.9891798983448575,6.762749998508935E-5
18363.0,0.7320491289783607,0.2669095975505522,0.0010412734710870406
17821.0,0.1111111111111111,0.1111111111111111,0.7777777777777778
17550.0,0.8955203133857604,0.10409086826875108,3.8881834548843466E-4
17124.0,0.0435318062355622,0.5552790674974966,0.4011891262669413
17399.0,0.7910193465198331,0.20626079281924445,0.0027198606609224935
18522.0,0.0176815893467387,4.758155878109347E-5,0.9822708290944802
18294.0,0.9975907906236638,0.0023051100660006684,1.0409931033551424E-4
18021.0,0.6817855385393105,0.26282514582720506,0.05538931563348452
17475.0,0.9194996152305236,0.08044157537981914,5.8809389657307335E-5
17744.0,0.012623349461785529,0.9803636786150004,0.007012971923214181
17210.0,0.18649687569104315,0.8131694192326377,3.337050763190764E-4
18583.0,0.003102439505151516,0.0012876623736561355,0.9956098981211924
18640.0,0.9149261627682482,0.07214261570711228,0.012931221524639543
17277.0,0.6827414180134023,0.29745578621706953,0.01980279576952821
17006.0,0.9155327064025406,0.0842767815197678,1.9051207769158805E-4
17412.0,0.0020290324967070414,4.099929608452942E-4,0.9975609745424476
17687.0,0.5877728237231793,0.03666397003120899,0.3755632062456118
18225.0,0.8992996355502784,0.09253905448630076,0.008161309963420807
17954.0,0.14972162249103785,0.7396024019069568,0.11067597560200533
18702.0,0.7317523955461135,0.2614571678596401,0.006790436594246327
18461.0,0.4286919691613124,0.5671844865401052,0.004123544298582307
17059.0,0.6558100813265514,0.3334942850875386,0.010695633585910073
17328.0,0.009666681829402095,0.949913905088455,0.04041941308214295
17882.0,0.020125857010656497,0.0029857363255596154,0.9768884066637838
17609.0,0.15374867877416784,0.7851698450501836,0.06108147617564872
18159.0,4.862313093803451E-8,2.9466355291062254E-9,0.9999999484302335
18428.0,0.03860036656052096,0.001141283772365393,0.9602583496671137
18521.0,0.7446878005603998,0.22608398788427095,0.02922821155532912
17396.0,0.6821280207242897,0.30454615229754395,0.013325826978166458
17127.0,0.9797085111522666,0.008696352363314275,0.011595136484419033
18360.0,0.5275632414960157,0.46281749985709086,0.009619258646893435
18091.0,0.09771976170535884,0.18511232922026544,0.7171679090743757
17549.0,0.9523420834462202,0.04600473957786648,0.0016531769759132737
17822.0,0.7942202941619079,0.002253677075003146,0.20352602876308903
18580.0,0.9208598863051417,0.07863409168936841,5.060220054899604E-4
17209.0,0.7020790828175878,0.2937790741202156,0.004141843062196703
18022.0,0.9045378824314493,0.08352054649170508,0.011941571076845618
18293.0,0.8037801040868834,0.16437442484846046,0.03184547106465611
17747.0,0.051183643513106954,0.012612618218142762,0.9362037382687504
17472.0,0.8104286939269912,0.17423210332788594,0.015339202745122906
18641.0,0.5669027208348864,0.3052553112187849,0.1278419679463287
17413.0,0.14147577838536265,0.8320845098504283,0.026439711764209076
17686.0,0.8406577277237823,0.008074551361962773,0.15126772091425492
18224.0,0.0797709650827417,0.7020255106519508,0.21820352426530756
17955.0,0.40012462530876114,0.19533495206224133,0.40454042262899753
17276.0,0.8968740240290635,0.045777739547098066,0.05734823642383855
17007.0,0.8496573511653844,0.13390155964870495,0.016441089185910533
18703.0,0.13550838640792923,0.6949173286854059,0.1695742849066649
18460.0,0.010334040975212714,0.0070317570881599815,0.9826342019366272
17883.0,0.7348484207174958,0.258276193711458,0.0068753855710462115
17608.0,0.5065536453938306,0.446725192189954,0.04672116241621539
18158.0,0.8917851175517146,0.0847725690741083,0.023442313374177164
18429.0,0.4774560174605514,0.30608443275379293,0.21645954978565568
17058.0,0.8566683828807747,0.08957165668304072,0.053759960436184556
17329.0,0.4660783879420868,0.5321400689139554,0.0017815431439579883
18520.0,8.060466241067327E-6,4.6671159910267415E-6,0.9999872724177679
18361.0,0.4920168425891504,0.4222437766292923,0.08573938078155745
18090.0,0.9973314423101778,2.2873351627047793E-4,0.0024398241735517643
17548.0,0.7782391877079335,0.06948969479183238,0.15227111750023412
17823.0,0.036455228307559165,0.9054620837046814,0.058082687987759236
17397.0,0.0023114918815838486,0.9881022889871116,0.009586219131304537
17126.0,0.13573992126918752,0.7702787397758248,0.09398133895498761
18581.0,7.62722330870102E-4,0.0010736894314635297,0.9981635882376664
18023.0,0.9187619066518494,0.07977894483718238,0.0014591485109681274
18292.0,0.4648799599007161,0.404546412644171,0.1305736274551128
17746.0,0.12468211093355734,0.06523998760670288,0.8100779014597397
17473.0,0.8631308780697625,0.10211640850455694,0.03475271342568061
17208.0,0.8819232519281665,0.1065960294400456,0.011480718631787956
17334.0,0.30849519655221136,0.015156073250065492,0.6763487301977232
17061.0,0.8804719823872498,0.04436235791987965,0.07516565969287063
18426.0,0.5895661770387726,0.20035139891265383,0.21008242404857372
18153.0,0.5840455171463119,0.3917430920390906,0.02421139081459753
17615.0,0.8739092061125561,0.1199705388467138,0.006120255040730225
17884.0,0.20629596540824086,0.23078529031814568,0.5629187442736134
18459.0,0.7558953645889686,0.23769637405705804,0.0064082613539734315
18696.0,0.47833238263054273,0.5193365994136389,0.0023310179558184165
17000.0,0.9619214713466545,0.014638838821311327,0.02343968983203423
17275.0,0.8267656402717452,0.13833050302891986,0.03490385669933503
17956.0,0.5878681024631153,0.40634666252997714,0.005785235006907615
18231.0,0.5205194762761256,0.18822369121733756,0.2912568325065369
17681.0,0.9986652542781517,3.056669592018889E-5,0.0013041790259280593
17410.0,0.11226163778370055,0.017027944683288276,0.870710417533011
18646.0,0.15311331643736073,0.7973158189552042,0.04957086460743503
17215.0,0.8644621653699264,0.0792176142373532,0.05632022039272031
17478.0,0.9155327064025406,0.0842767815197678,1.9051207769158805E-4
17749.0,0.8659371474945119,0.13137569573301494,0.002687156772473178
18291.0,0.8557902859785441,0.14061546629318725,0.0035942477282686763
18016.0,0.1723953647541733,0.39880454060633475,0.42880009463949187
18578.0,0.22172078803795417,9.436212794630748E-4,0.7773355906825827
17121.0,0.9509808685936537,0.030901068828354,0.01811806257799218
17394.0,0.5088532305594372,0.3704224484267001,0.12072432101386273
17816.0,0.1579270117319455,0.10201641001026508,0.7400565782577895
17547.0,0.8835412877322555,0.09198414077929423,0.024474571488450295
18093.0,0.46772333407033884,0.18329086750110235,0.34898579842855887
18366.0,0.8468848271204464,0.1504167361879868,0.002698436691566659
18527.0,0.9255584802552526,0.07294381980142788,0.0014976999433197636
18427.0,0.8273808292186522,0.15773013443577139,0.014889036345576345
18152.0,0.11364758388418104,0.8798665553185959,0.006485860797223065
17614.0,1.270676778499656E-5,9.344428293430758E-7,0.9999863587893856
17885.0,0.9759239948856119,0.017313082329447622,0.006762922784940477
17335.0,0.941253999145868,0.054077350897085305,0.004668649957046657
17060.0,0.004122794677301174,0.9272762725594362,0.0686009327632625
18458.0,0.4137272897842367,0.1701716929163844,0.4161010172993789
18697.0,0.26725073016438755,0.668434297703694,0.06431497213191845
17957.0,0.05883660681593877,0.05094828382114387,0.8902151093629175
18230.0,0.03000787452976761,0.002493509806785357,0.9674986156634471
17680.0,0.8086176033818689,0.16510870236094513,0.026273694257185894
17411.0,0.8278729743700864,0.1661547129859875,0.005972312643926003
17001.0,0.8368636186238047,0.16130022651998424,0.0018361548562111122
17274.0,1.3782220441167168E-4,4.558400516480009E-4,0.9994063377439403
18647.0,0.9776464067984483,0.009580111372093636,0.012773481829458182
17479.0,4.113111109164822E-5,0.9995886888890835,3.7017999982483403E-4
17748.0,0.006838815164981682,0.003614460229154102,0.9895467246058643
18290.0,0.8706371917862452,0.11988788717853656,0.00947492103521815
18017.0,0.8181435244596245,0.17124170118353924,0.010614774356836252
17214.0,0.004978447075963948,5.435607029211455E-4,0.9944779922211149
18579.0,0.9187825263527757,0.07950546629201054,0.0017120073552137041
17817.0,0.9776464067984483,0.009580111372093636,0.012773481829458182
17546.0,0.7247374707147124,0.2593862060442433,0.015876323241044425
18092.0,0.8596376556191938,0.1387778402126328,0.001584504168173447
18367.0,1.1895732613808924E-8,2.55615932532492E-5,0.9999744265110142
17120.0,0.2556350476161402,0.013799952411746615,0.7305649999721133
17395.0,0.8276151551312746,0.15519441489676747,0.017190429971957875
18526.0,0.24939063341947612,0.013744152839032341,0.7368652137414916
18698.0,0.8437577098313139,0.15307307493954808,0.003169215229137952
18457.0,0.9423860523224166,0.056152214888520846,0.0014617327890625665
17063.0,0.873373132616488,0.12182089846218076,0.004805968921331273
17332.0,0.6711949484665332,0.10773874173132086,0.2210663098021461
18155.0,0.8706371917862452,0.11988788717853656,0.00947492103521815
18424.0,0.03524390738020846,0.015989442146944963,0.9487666504728466
17886.0,0.8278729743700864,0.1661547129859875,0.005972312643926003
17613.0,0.5061073070661977,0.4514025754241284,0.04249011750967385
18644.0,0.0437956204379562,0.072992700729927,0.8832116788321167
17273.0,0.8606292022853121,0.1331897614174799,0.006181036297207965
17002.0,0.11599996979257021,0.7735335501579476,0.11046648004948212
18229.0,0.8792416659042421,0.10424883335167524,0.016509500744082625
17958.0,0.0031868219442476656,0.01222111418847129,0.984592063867281
17408.0,0.7423318239948433,0.2497582843740656,0.007909891631091048
17683.0,0.8561429657974732,0.14060179375655418,0.0032552404459724907
18576.0,0.9045378824314493,0.08352054649170508,0.011941571076845618
17213.0,0.8588434839478255,0.13402582912199176,0.007130686930182702
17751.0,0.8792416659042421,0.10424883335167524,0.016509500744082625
17476.0,0.6807509930752313,0.2597563930366182,0.059492613888150435
18018.0,0.6997960898276795,0.29832169693441923,0.001882213237901239
18289.0,0.7357944402330083,0.263467957104339,7.376026626524724E-4
18525.0,0.8729603715351758,0.11742896589048793,0.009610662574336263
17392.0,0.9155327064025406,0.0842767815197678,1.9051207769158805E-4
17123.0,0.10529600654395595,0.8190340129333902,0.07566998052265386
17545.0,0.15319400895036464,0.01717758718119802,0.8296284038684374
17818.0,0.8792416659042421,0.10424883335167524,0.016509500744082625
18364.0,0.3793561905702564,0.6028694701226498,0.017774339307093823
18095.0,0.0014184751267505532,0.0064467245773492015,0.9921348002959003
18699.0,0.07940521362108023,0.9199627501871623,6.320361917575522E-4
18456.0,0.16159769686987552,0.8158091133185786,0.02259318981154581
18154.0,0.008098675930760527,0.6199383275432747,0.3719629965259648
18425.0,0.6837256002458765,0.3020305331207209,0.014243866633402599
17887.0,0.7491018264421672,0.0011975647437771077,0.2497006088140557
17612.0,0.43411754253144164,0.2589631585025606,0.30691929896599773
17062.0,0.007669931901246584,0.98971715059178,0.0026129175069734573
17333.0,0.9414863777355941,0.0037615826141132653,0.05475203965029255
18645.0,0.17905826594657318,0.3293002350289202,0.4916414990245066
18228.0,0.20485501720657176,0.0023316525836965894,0.7928133302097318
17959.0,0.6545118190942218,0.3211455788936456,0.024342602012132487
17409.0,0.6954807222303094,0.08981327736889154,0.214706000400799
17682.0,0.8819232519281665,0.1065960294400456,0.011480718631787956
17272.0,0.9753033353296965,0.005875103873246766,0.01882156079705666
17003.0,0.1410894344632332,0.838292071708837,0.02061849382792969
18577.0,0.005655364969956602,0.9815952852903533,0.012749349739689907
17750.0,0.07848699533411907,0.9034620630138798,0.01805094165200119
17477.0,0.7235689116045118,0.2616421761044718,0.014788912291016344
18019.0,0.9337794512312868,0.06170494758451635,0.004515601184196862
18288.0,0.2721227956040148,0.7057607801301442,0.02211642426584094
17212.0,0.7667154973496567,0.03908694311015633,0.19419755954018697
18524.0,0.7666817769405098,0.1041775320683959,0.1291406909910943
17544.0,0.019678061178344707,8.372857780888646E-4,0.9794846530435665
17819.0,0.8468848271204464,0.1504167361879868,0.002698436691566659
18365.0,0.6719406728457674,0.1358728215098063,0.19218650564442627
18094.0,0.09618887457340147,0.07442617530954462,0.8293849501170538
17393.0,0.7037030978244291,0.2809630872272523,0.015333814948318628
17122.0,0.17260180627197855,0.16410475107286476,0.6632934426551567
18498.0,0.018612215062557055,0.020874318359985405,0.9605134665774575
17148.0,0.026862704982489043,9.144343722553659E-5,0.9730458515802854
17391.0,0.012623349461785529,0.9803636786150004,0.007012971923214181
18096.0,0.05188299479339067,0.9405968911992402,0.0075201140073691925
18339.0,6.072738494475328E-6,4.986243860219698E-4,0.9994953028754835
17797.0,0.11614185565993697,0.8305564054900318,0.05330173885003121
17558.0,0.8842149616652726,0.08491929243738801,0.030865745897339363
18575.0,0.8280409270163963,0.16873715220408947,0.003221920779514202
17186.0,0.6526200179910628,0.0054989750104093345,0.34188100699852775
18286.0,0.14648215542058446,0.8017914330003663,0.05172641157904922
18045.0,0.887492915462557,0.10804464283752989,0.004462441699913078
17499.0,0.465327451508423,8.541095023827102E-4,0.5338184389891942
17736.0,7.92391826840683E-7,2.212415460848098E-7,0.9999989863666271
18635.0,4.366924295652773E-8,0.023207626146060048,0.976792330184697
17013.0,0.2937895818748159,0.054913511564803695,0.6512969065603805
17254.0,6.944292906254338E-4,0.0242720629282285,0.9750335077811461
17676.0,0.01717501912334416,0.002281877334482286,0.9805431035421736
17439.0,0.3440550152619369,0.6501501156687354,0.005794869069327855
17977.0,0.9112732438289682,0.08603318154403944,0.002693574626992274
18218.0,0.9918869275191706,0.0040245950101751886,0.004088477470654159
18438.0,0.34826042892327896,0.6391819635880944,0.01255760748862666
18709.0,0.4070281464210311,0.5862197758471168,0.00675207773185202
17323.0,0.1091440079444487,0.8867922084877142,0.004063783567837054
17080.0,3.4995953950125113E-4,0.9912085914523039,0.008441449008194758
17618.0,0.7403918107990805,0.13695692568207662,0.122651263518843
17857.0,0.1536499732557274,0.23955896496202225,0.6067910617822504
18407.0,0.8745127290111521,0.11128854270026485,0.014198728288583014
18164.0,0.610043017989155,0.38332829610350977,0.006628685907335433
18499.0,0.9086347499212946,0.08058885024869485,0.010776399830010622
18097.0,0.86191416732956,0.13795588898984582,1.2994368059414852E-4
18338.0,0.001013210210226558,8.94496305881941E-4,0.9980922934838915
17796.0,0.1415190408351026,0.8484507971457094,0.010030162019187898
17559.0,0.9142832090390685,0.07953937708216859,0.00617741387876304
17149.0,0.020234097852042453,0.00767884188331276,0.9720870602646448
17390.0,0.1767721873892184,0.8075554002124014,0.015672412398380294
18574.0,0.08833922261484098,0.05300353356890459,0.8586572438162544
18287.0,0.799611104672108,0.1924597960637893,0.007929099264102648
18044.0,0.5463921803492608,0.44124062874756703,0.01236719090317212
17498.0,0.9148640037302883,0.0835730316665655,0.001562964603146215
17737.0,0.8915263496092848,0.10164984349289463,0.0068238068978205444
17187.0,0.009211228701534803,0.29395541301768935,0.6968333582807759
18634.0,0.9886157336992094,0.010505392707534738,8.78873593255858E-4
17677.0,0.284504588400297,0.5370365513214892,0.1784588602782137
17438.0,0.5745006680645253,0.1475564216411665,0.27794291029430834
17976.0,0.8729603715351758,0.11742896589048793,0.009610662574336263
18219.0,0.5167455163267265,0.09268416695548973,0.39057031671778386
17012.0,0.754029275172267,0.22560254022279874,0.020368184604934347
17255.0,2.5412095823011866E-7,2.4882770708001284E-5,0.9999748631083337
18439.0,0.022144965308267896,0.06252875069402195,0.9153262839977102
18708.0,0.14040802711955017,0.8362903642091712,0.023301608671278565
17619.0,0.7715505651121622,0.16784555828087339,0.060603876606964285
17856.0,0.8279266372749444,0.11738456559614081,0.05468879712891487
18406.0,0.9204101009528576,0.07755126700728578,0.0020386320398565624
18165.0,0.1643715103939466,0.6371125125601844,0.198515977045869
17322.0,0.004097738655334649,1.5176809834572774E-4,0.9957504932463196
17081.0,0.9921269286387563,0.0012301674001943404,0.006642903961049439
17389.0,0.9187619066518494,0.07977894483718238,0.0014591485109681274
17150.0,0.9552740964103932,0.03634559198266822,0.008380311606938647
18337.0,0.455046605596601,0.5343014292676099,0.010651965135789102
18098.0,0.8764944382261844,0.12336266094384743,1.4290082996807656E-4
17556.0,0.8111069138954939,0.15688828566286303,0.03200480044164302
17799.0,0.5685191841448611,0.38203879111542166,0.049442024739717205
18496.0,1.1940997761968512E-4,1.2256237450058682E-4,0.9997580276478798
17184.0,0.7051730912499272,0.12701771299636386,0.1678091957537089
18047.0,0.9999369041689589,6.304965209670423E-5,4.6178944406765796E-8
18284.0,0.9155327064025406,0.0842767815197678,1.9051207769158805E-4
17738.0,0.9187825263527757,0.07950546629201054,0.0017120073552137041
17497.0,0.9099455488599884,0.0852944440839074,0.00476000705610415
18573.0,0.12104659096863947,0.8766898613913754,0.0022635476399850006
17252.0,0.10312512515274841,0.07458229066205081,0.8222925841852008
17015.0,0.0014686052911633653,0.15109545913332775,0.8474359355755089
17437.0,0.8792416659042421,0.10424883335167524,0.016509500744082625
17678.0,0.030430866428086793,0.5553049451987133,0.41426418837319984
18216.0,0.9175069754591899,0.08151184464226485,9.81179898545171E-4
17979.0,0.0024318424011262768,3.1952001872231125E-4,0.9972486375801515
18633.0,0.8832193424460564,0.11229372292851283,0.004486934625430801
17082.0,0.1562085548633608,0.4615479360404203,0.3822435090962188
17321.0,0.1636148036636589,0.8350045148177803,0.0013806815185607995
17859.0,0.009188308111444587,0.9805250728949847,0.010286618993570616
17616.0,0.8693746374404904,0.12838563506731135,0.002239727492198255
18166.0,0.02923626447472624,1.5111269631569633E-4,0.9706126228289581
18405.0,0.2589836857731798,0.4546248985787147,0.28639141564810555
18711.0,0.9045378824314493,0.08352054649170508,0.011941571076845618
18436.0,0.10706785479751266,0.12358751315607137,0.769344632046416
18336.0,0.5045076342171873,0.3063946247020258,0.18909774108078703
18099.0,0.1373439998974747,0.8268803663609562,0.035775633741569106
17557.0,0.021825888350265964,0.978173390543394,7.211063400506012E-7
17798.0,0.2016693559855403,0.3286377537944208,0.46969289022003885
17388.0,0.9069977751452927,0.0924031252560722,5.990995986350685E-4
17151.0,0.6865397323669793,0.07951756704800554,0.233942700585015
18497.0,0.8437577098313139,0.15307307493954808,0.003169215229137952
18046.0,0.40531476312532494,0.5898512268532546,0.004834010021420334
18285.0,0.9928772495149722,0.0017806876212569133,0.00534206286377074
17739.0,0.3419342886551786,0.15700518145558334,0.5010605298892381
17496.0,0.013428442837875714,0.9848875223354969,0.0016840348266272851
17185.0,0.8476135423212751,0.14561151317820104,0.006774944500523883
18572.0,0.6095272044457645,0.08263013431648833,0.3078426612377472
17436.0,0.8955203133857604,0.10409086826875108,3.8881834548843466E-4
17679.0,0.008913649310448517,0.027766565761879056,0.9633197849276725
18217.0,0.7817209844855094,0.0538609740852497,0.164418041429241
17978.0,0.7491018264421672,0.0011975647437771077,0.2497006088140557
17253.0,0.3398038801154072,0.165959334092218,0.49423678579237484
17014.0,0.5519559167286662,0.4435988742153908,0.00444520905594308
18632.0,0.8109770416957498,0.16266159073527284,0.02636136756897746
17858.0,0.9093125133581857,0.0613532519572325,0.02933423468458186
17617.0,0.09443354823273768,0.8215508790756515,0.08401557269161082
18167.0,2.66728247096408E-4,0.9997331252347015,1.4651820214036083E-7
18404.0,0.09897131534576702,0.040360755753651896,0.8606679289005812
17083.0,0.1804061755306996,0.8041065684762079,0.015487255993092579
17320.0,0.8968300993324914,0.04950802229910882,0.05366187836839973
18710.0,0.9312123817712812,0.025795356835769563,0.04299226139294927
18437.0,0.9494110018605021,0.039484096108876314,0.011104902030621464
18571.0,9.324596270961558E-4,0.9972388435412426,0.0018286968316612582
17190.0,0.02363916261986563,0.08139504847909335,0.8949657889010411
17503.0,0.8084426745352162,0.18839161346734679,0.003165711997436836
17740.0,4.680347013508623E-5,3.89624217107993E-6,0.9999493002876939
18282.0,0.6984608006558739,0.29656751241832846,0.004971686925797391
18041.0,0.9728424693499261,0.026663874887608345,4.93655762465595E-4
18502.0,0.16467793341930045,0.7930296072899921,0.042292459290707456
17144.0,0.3748078820207759,0.04982156160597188,0.5753705563732522
17387.0,0.999941829974201,3.1277856676071607E-7,5.785724723221208E-5
17793.0,0.4847333470902774,0.14540528026088667,0.36986137264883595
17554.0,0.9172992112022655,0.06303314589848613,0.019667642899248272
18100.0,7.078474346198076E-4,0.7449323220110067,0.2543598305543736
18343.0,0.8884662177369793,0.10162926587442941,0.009904516388591349
18434.0,0.824818648248622,0.16966946556391735,0.005511886187460632
18705.0,0.004240721600392675,0.05664396668898801,0.9391153117106192
17327.0,0.826353837256609,0.17118820033078783,0.0024579624126033228
17084.0,0.20249745741645353,0.5833858159010245,0.21411672668252196
18403.0,0.35062703223932684,0.036370859184410714,0.6130021085762624
18160.0,0.8955203133857604,0.10409086826875108,3.8881834548843466E-4
17622.0,0.003222301056650443,2.2899558613201896E-4,0.9965487033572175
17861.0,0.7446878005603998,0.22608398788427095,0.02922821155532912
18639.0,0.6299373825258016,0.3546190862110832,0.015443531263115248
