18081.0,0.8869236516618778,0.09975510146656512,0.013321246871556967
18354.0,0.4462641363391951,0.5204940051087384,0.03324185855206653
17812.0,0.7535778827991858,0.03381471238248308,0.21260740481833107
17543.0,0.06851465569418189,0.30979298199729005,0.6216923623085281
17133.0,0.3574362871421229,0.46571957758382404,0.17684413527405302
17406.0,0.6042279095084115,0.3881911946189254,0.00758089587266306
18752.0,0.3830832124602942,0.6154554074593488,0.0014613800803568288
18515.0,0.7246340353641729,0.2711909498430458,0.00417501479278127
18303.0,0.5876932711700036,0.3222498079682321,0.09005692086176434
18028.0,5.6495880648697E-4,0.0022582709529825012,0.9971767702405305
17482.0,0.07279221835807002,0.34849841581717966,0.5787093658247503
17753.0,0.21570433822277793,0.6913243830587895,0.09297127871843257
17203.0,0.7702917257736225,0.17729876466051817,0.05240950956585947
18590.0,0.8356889019135826,0.16105876777841752,0.003252330307999856
17693.0,0.9999632587184163,3.620420950904279E-5,5.370720746126135E-7
17422.0,0.2090241727526899,0.04046679871727607,0.7505090285300341
17960.0,0.9986410598063549,6.171238519311924E-4,7.41816341713741E-4
18235.0,0.41562289065519864,0.5117154170247332,0.07266169232006822
16996.0,0.8514945263225312,0.14438496191671868,0.00412051176075008
17271.0,0.9998241047594707,1.7434285951430074E-4,1.552381015009246E-6
18650.0,0.7554898763244469,0.16182428373724086,0.08268583993831222
17603.0,0.8060631712962371,0.18997757983475924,0.003959248869003774
17872.0,0.9546427102734302,0.044773734820255005,5.83554906314707E-4
18422.0,0.9326098895307047,0.06689694914737407,4.931613219213975E-4
18149.0,0.7295414315651804,0.0882970304251657,0.18216153800965382
17338.0,0.007939116544929091,0.042020240366192695,0.9500406430888781
17065.0,0.22467421539343616,0.6970201239052558,0.07830566070130798
18455.0,0.9957187828293668,0.004242616873463622,3.8600297169578594E-5
18692.0,0.23402890186322312,0.00558418931923228,0.7603869088175446
17132.0,0.022622588632101478,0.010979714223958803,0.9663976971439397
17407.0,0.06583430020907419,0.010828546432058763,0.9233371533588671
18080.0,0.9367774553223367,0.05326332373426708,0.009959220943396305
18355.0,0.00929347325698869,0.14699948797524082,0.8437070387677704
17813.0,0.17646503515915074,0.6094707162511296,0.21406424858971976
17542.0,0.28240535918602405,0.3094432430275238,0.4081513977864521
18514.0,0.22557606346674888,0.5696705949868925,0.20475334154635866
17202.0,0.17230711744789684,0.765818004694399,0.061874877857704236
18302.0,0.867898425923622,0.1251198430469717,0.006981731029406468
18029.0,0.9157677108014618,0.08214622834923213,0.002086060849306028
17483.0,0.4036268655022313,0.29283669024322684,0.30353644425454185
17752.0,1.7290257742279622E-4,3.6020902149343575E-5,0.9997910765204279
18591.0,0.07404938028802972,3.1172566613259673E-4,0.9256388940458377
16997.0,0.37240171080946405,0.27726864065048407,0.350329648540052
17270.0,0.9002717890186869,0.09839580348025793,0.0013324075010551697
17692.0,0.9396556037159274,0.0541657650455836,0.0061786312384891455
17423.0,0.0014711785656193561,0.008571029839365639,0.9899577915950151
17961.0,0.7294113783581636,0.25533870585856044,0.015249915783276002
18234.0,0.9650792570114807,0.03297256594832473,0.001948177040194652
18651.0,0.07306313084938448,0.8593737827386261,0.06756308641198938
17339.0,0.7681136170196086,0.1650621510590856,0.06682423192130582
17064.0,0.9225849479636691,0.07335565327212745,0.00405939876420333
17602.0,0.3807663464626128,0.4032363255290065,0.21599732800838073
17873.0,0.9099837606410052,0.0788472015183885,0.011169037840606291
18423.0,0.057117193356851795,0.09176736054131754,0.8511154461018307
18148.0,0.38230111257391497,0.06690980147573014,0.5507890859503549
18454.0,0.5293548126832155,0.42021891724712906,0.050426270069655485
18693.0,0.35393494526540425,0.09711822942048262,0.5489468253141132
18513.0,0.05043616497529951,0.03474377839148227,0.9148200566332182
18352.0,0.973559014659211,0.013220492670394442,0.013220492670394442
18083.0,0.01703366075243536,0.0013789996104328368,0.9815873396371317
17541.0,0.9621817100136395,0.03593334164650368,0.0018849483398567413
17814.0,0.33793699625411794,0.6462936002721722,0.015769403473709906
17404.0,0.8305930873306945,0.053660294919235935,0.1157466177500697
17135.0,0.9968659139412227,6.555051813247788E-4,0.0024785808774524486
18588.0,0.8342709474576757,0.15686521243183468,0.008863840110489666
18030.0,0.003469841567640394,7.901140621017823E-4,0.9957400443702578
18301.0,0.06493269491372301,0.9232125756617582,0.011854729424518928
17755.0,0.9429590017825311,0.035650623885918,0.0213903743315508
17480.0,0.022084892795713656,0.004528954929241152,0.9733861522750452
17201.0,0.7986178769654557,0.16106891920069544,0.040313203833848725
18648.0,0.8716402571873743,0.12651233300687634,0.0018474098057494675
17420.0,0.1410642567883042,0.1404552465581351,0.7184804966535607
17695.0,0.8704774170834437,0.1279233571567681,0.0015992257597882567
18233.0,0.8383603756530494,0.15688131697217908,0.0047583073747714585
17962.0,0.5054140021080324,0.4597044121278001,0.03488158576416727
17269.0,0.008503887497643274,0.9901119326285979,0.0013841798737588469
16998.0,0.8738022961105456,0.056282257942658835,0.06991544594679557
18694.0,0.9170501340185866,0.08216054792295906,7.89318058454446E-4
18453.0,0.8188385504927991,0.08319488115406556,0.09796656835313552
17874.0,0.8942471785726114,0.10386483649345042,0.0018879849339381585
17601.0,0.4678755638450395,0.12058412258871953,0.4115403135662411
18151.0,0.8203341874532345,0.16691466101279762,0.012751151533967912
18420.0,0.2559495179079188,0.743810721207896,2.3976088418509883E-4
17067.0,0.02833429071738015,0.05062699222312696,0.9210387170594928
17336.0,0.7424445486266255,0.2550465829624211,0.0025088684109534276
18512.0,0.5652852662181955,0.4327006950895932,0.0020140386922111015
17405.0,0.8869236516618778,0.09975510146656512,0.013321246871556967
17134.0,0.19276278619083015,0.22847299700895604,0.5787642168002138
18353.0,0.590800565154962,0.3563185058738999,0.05288092897113808
18082.0,0.19877693868679086,0.12205454327023549,0.6791685180429736
17540.0,0.8946937895766358,0.029998299787334846,0.0753079106360294
17815.0,0.9670903303578269,0.03207815912989953,8.315105122735216E-4
18589.0,0.050369450105057514,0.03799704195007961,0.9116335079448629
17200.0,1.4985458875061637E-8,1.4662463312006403E-7,0.9999998383899079
18031.0,0.9570422557789626,0.042726632730883896,2.311114901535678E-4
18300.0,0.8387027927322429,0.16034042760661454,9.567796611426324E-4
17754.0,0.4914137243969886,0.17522536823513452,0.3333609073678769
17481.0,0.01045304544252445,0.0019599460204733346,0.9875870085370022
18649.0,0.08074231837741902,0.16003686207743054,0.7592208195451505
17268.0,0.9707451706477842,0.02382524593335834,0.005429583418857409
16999.0,0.6321173458212921,0.3271943532619749,0.04068830091673289
17421.0,0.9999645831585039,3.523455637330503E-5,1.8228512279876045E-7
17694.0,0.12150586575348214,0.011752368585421249,0.8667417656610966
18232.0,0.881686879937408,0.11017382187763237,0.008139298184959651
17963.0,0.8246903998338343,0.15065704837296556,0.024652551793200247
18695.0,0.9221516106800967,0.07752275148970422,3.2563783019914797E-4
18452.0,0.9730645686954574,0.011348685803336407,0.015586745501206214
17066.0,0.8265124300259888,0.14071035221873981,0.03277721775527139
17337.0,0.4777799319593075,0.033149697964330954,0.48907037007636156
17875.0,0.8405485501581953,0.1573111750499969,0.0021402747918079384
17600.0,0.9682925427029627,0.008055013213312128,0.02365244408372508
18150.0,0.21789600343002827,0.6817932309063868,0.10031076566358484
18421.0,0.15661111435724528,0.7232886623733036,0.12010022326945108
17486.0,0.991882637643575,0.007467821637853739,6.495407185713664E-4
17757.0,0.04070810307969539,0.08474895588231937,0.8745429410379854
18299.0,0.8538337563773868,0.1090973184982123,0.03706892512440098
18024.0,0.10744270531943217,0.019085067246461588,0.8734722274341061
17207.0,0.9125697451275252,0.08671745423113378,7.128006413410753E-4
18586.0,0.09857585636025615,0.9011069080461606,3.172355935832935E-4
17808.0,0.9349739634532223,0.05268207161769368,0.012343964929084005
17539.0,0.031749851508088844,0.019033597562769164,0.949216550929142
18085.0,0.10872321732761686,0.18163424817206247,0.7096425345003206
18358.0,0.9470607636516053,0.049149601772641015,0.003789634575753673
17129.0,0.8433639390246102,0.13951977990694892,0.017116281068440993
17402.0,0.10860577153989733,0.6647433829556342,0.22665084550446854
18519.0,0.9999470872307984,1.1202407847328237E-5,4.1710361354402833E-5
18418.0,0.9832120364739024,0.013506004445774381,0.0032819590803231744
18145.0,0.004066564458710166,4.9504396700154814E-5,0.9958839311445897
17607.0,0.9107080799868535,0.06721435390661254,0.022077566106534056
17876.0,0.8716402571873743,0.12651233300687634,0.0018474098057494675
17342.0,0.911962752101328,0.004783465075632573,0.08325378282303939
17069.0,0.9945910196493428,0.004723506681483598,6.854736691735935E-4
18451.0,0.24401395485551697,0.026869090408233237,0.7291169547362498
18688.0,0.5859230561317469,0.3957445111445633,0.01833243272368985
17964.0,1.5416631703263795E-4,1.0271532660969952E-6,0.9998448065297012
18239.0,0.34401732887927944,0.0032667668114670177,0.6527159043092534
17689.0,0.9317827285963476,0.06600983664513224,0.0022074347585201593
17418.0,0.007842925677458566,0.6622395319227901,0.32991754239975135
16992.0,0.4488284136043222,0.4485968034359973,0.10257478295968052
17267.0,0.26429486194723617,0.7264892909620451,0.009215847090718694
18654.0,0.007045152409520566,0.011421158931331018,0.9815336886591485
17206.0,0.9763429705735288,0.02270773489137691,9.492945350941906E-4
17487.0,0.9067954638589195,0.0895041915926618,0.0037003445484186763
17756.0,0.33291996039537164,0.6160589655297716,0.051021074074856926
18298.0,0.011971977087261824,0.015322184688312767,0.9727058382244255
18025.0,0.5464124291603735,0.41540828062980756,0.03817929020981886
18587.0,0.9112242357366164,0.08390907540513211,0.004866688858251434
17128.0,0.9577821523305431,0.04166122401236661,5.566236570904832E-4
17403.0,0.0721141799711328,0.05219706098685116,0.8756887590420162
17809.0,0.32407733885319134,0.3318551949856679,0.34406746616114064
17538.0,0.9570422557789626,0.042726632730883896,2.311114901535678E-4
18084.0,0.182448676193889,0.04949491754694189,0.768056406259169
18359.0,0.608563455536115,0.15748258280589875,0.2339539616579863
18518.0,0.3022689918674892,0.6224252385323059,0.07530576960020491
17343.0,0.9569632406471456,0.04265557446247568,3.811848903788504E-4
17068.0,0.903222589217205,0.09664660079668459,1.3080998611034146E-4
18419.0,0.9385256112256934,0.03590702047781187,0.025567368296494693
18144.0,0.2062815248215141,0.7685075838890071,0.025210891289478878
17606.0,0.7293868921775898,0.11114466928420416,0.15946843853820597
17877.0,0.1446177184110748,0.4556080585770801,0.399774223011845
18450.0,0.6089668099884489,0.3651528165233788,0.025880373488172296
18689.0,0.9516649417875948,0.04340379560452685,0.004931262607878386
16993.0,0.0025652234057992954,0.0048268930559934795,0.9926078835382073
17266.0,0.7154872617352408,0.27391546851336745,0.010597269751391792
17965.0,0.6529404715088846,0.16775092661622065,0.17930860187489475
18238.0,0.9171956283019714,0.08161775086296948,0.0011866208350592357
17688.0,0.018675343027853376,1.003936857262982E-4,0.9812242632864203
17419.0,0.503523135073568,0.081013361680039,0.415463503246393
18655.0,0.32622965461684345,0.5788074512335337,0.0949628941496228
18584.0,0.7637034579080704,0.230689661583471,0.005606880508458628
17759.0,0.01772561440779847,0.09361466111810311,0.8886597244740985
17484.0,0.9821206207123544,0.017677276384577653,2.021029030680516E-4
18026.0,0.18096186835294084,0.7669493763595565,0.05208875528750261
18297.0,0.8541687419065643,0.059766909054686713,0.08606434903874886
17205.0,0.8782921556886538,0.11834305744273083,0.0033647868686152893
18517.0,0.9745330474028067,0.020789193969659857,0.00467775862753347
17537.0,0.6664452855730424,0.2518070656753322,0.08174764875162549
17810.0,0.526107340241022,0.4167284132682614,0.05716424649071661
18356.0,0.10338280002295286,0.8965123665909804,1.0483338606670404E-4
18087.0,0.5274647215388999,0.4487922890718202,0.0237429893892798
17400.0,0.9418041370743534,0.02011237888233589,0.03808348404331069
17131.0,0.14405613475672238,0.831976268210272,0.023967597033005685
18690.0,0.8530805687203792,0.0947867298578199,0.052132701421800945
18449.0,0.03429199285767134,0.5088503227071178,0.4568576844352109
18147.0,0.4337628758917777,0.27861586590485415,0.2876212582033682
18416.0,0.7509116354190918,0.24664233304598904,0.002446031534919244
17878.0,0.3816782504421193,0.5496934234820187,0.06862832607586203
17605.0,0.42168067759319106,0.5721781775064616,0.006141144900347358
17071.0,0.4912521836428272,0.08651614955618576,0.42223166680098706
17340.0,0.9361590390658996,0.06114861410854717,0.00269234682555334
18652.0,0.942004964184949,0.0515568650860722,0.0064381707289788495
18237.0,0.012339887838281455,0.09995186923038334,0.8877082429313352
17966.0,0.9090770661811826,0.0754406878256232,0.015482245993194227
17416.0,0.426503966822203,0.5499967973006772,0.0234992358771197
17691.0,0.19343254744721755,0.013376434860502167,0.7931910176922804
17265.0,0.8649971079136898,0.0862581839346608,0.04874470815164956
16994.0,0.587282504829459,0.06850129941964529,0.34421619575089574
18585.0,0.9170501340185866,0.08216054792295906,7.89318058454446E-4
17204.0,0.8227393948432467,0.17339769689389087,0.0038629082628623824
17758.0,0.006859925542989218,0.9874940452035218,0.005646029253489068
17485.0,0.7380526867323555,0.24814374265530031,0.013803570612344067
18027.0,0.11534292141360103,0.8081610076201977,0.07649607096620113
18296.0,0.9998296190862063,1.668020056433254E-4,3.578908150355753E-6
18516.0,0.5415385654159974,0.3947853192750462,0.06367611530895648
17401.0,0.760916164086315,0.2040524856072454,0.035031350306439626
17130.0,0.2466300421381366,0.7189986564809123,0.0343713013809512
17536.0,0.920854543351699,0.02828758421671118,0.05085787243158974
17811.0,0.19904681990585582,9.875611444612725E-4,0.7999656189496829
18357.0,0.8309333904422738,0.16858590748439395,4.807020733321735E-4
18086.0,0.0805152285494123,0.22731555086371266,0.692169220586875
18691.0,0.00198837824483288,0.11621346839514608,0.8817981533600211
18448.0,0.07075103969010116,0.5761764422041488,0.35307251810575024
17070.0,0.6386143652804736,0.29936271910270285,0.0620229156168236
17341.0,0.931488325612652,0.06486606339580332,0.003645610991544551
18146.0,2.16335190626228E-6,0.9930698983717005,0.0069279382763932675
18417.0,0.08742911268788042,0.8376145149802604,0.07495637233185908
17879.0,0.021911857589231896,0.0018095193477718967,0.9762786230629962
17604.0,0.9978927960873832,0.0020232679285286125,8.393598408809946E-5
18653.0,0.931488325612652,0.06486606339580332,0.003645610991544551
17264.0,0.6961102534447938,0.2210435749103016,0.0828461716449046
16995.0,0.006230740733189825,0.9908502514360609,0.0029190078307494
18236.0,0.2555854716598935,0.7436989270611166,7.156012789899288E-4
17967.0,0.055150178177498725,0.21177668420159512,0.7330731376209062
17417.0,0.0014143577679937684,0.0017290426907463515,0.9968565995412598
17690.0,0.7991259396233699,0.061577972048335476,0.13929608832829465
17004.0,0.8911906872255303,0.08472096096722144,0.02408835180724825
17279.0,0.8040560565378707,0.19107374382885003,0.004870199633279231
17685.0,0.3553077038347347,0.01798634798110307,0.6267059481841623
17414.0,0.38219111753211443,0.24993422184527306,0.3678746606226126
17952.0,0.7826429768718192,0.08708275324232437,0.13027426988585647
18227.0,0.1524790105359763,0.161987123013739,0.6855338664502847
18642.0,0.04956495604860529,0.9411439354977819,0.009291108453612779
17330.0,0.02752971062846258,0.972435059134115,3.523023742225917E-5
17057.0,0.8919322531192903,0.10716350781277995,9.042390679297358E-4
17611.0,0.8880388913820872,0.027202408742003175,0.08475869987590952
17880.0,0.09844732090048249,0.13897839085089264,0.7625742882486249
18430.0,0.8947197031316821,0.10282721118515308,0.002453085683164899
18157.0,0.9845713832270685,0.013294504801143818,0.0021341119717875633
18463.0,0.9840780965710674,0.013975675273331132,0.0019462281556014529
18700.0,0.07631649678903357,0.8396840640832073,0.0839994391277592
17125.0,0.5328064754735713,0.13553439045884633,0.3316591340675824
17398.0,0.6280126222238749,0.36347682214129834,0.008510555634826734
18089.0,0.2795446022450261,0.5497749717385594,0.1706804260164146
18362.0,0.626138782410607,0.3359608768811942,0.0379003407081987
17820.0,0.01342422651188956,0.9862719982712915,3.0377521681885784E-4
17551.0,0.6801294292968766,0.07390709899414585,0.24596347170897764
18523.0,0.4584964501608309,0.102418208875523,0.43908534096364604
17211.0,1.5914077337081489E-6,3.816412114455307E-6,0.9999945921801519
18295.0,0.7517387155903343,0.19741282198419122,0.050848462425474424
18020.0,0.639766237311093,0.002052305271134408,0.3581814574177727
17474.0,0.23073988395172437,0.6191662466417335,0.15009386940654215
17745.0,0.8484306851966199,0.139705008185122,0.011864306618258073
18582.0,0.01280242659504953,0.04471160189576672,0.9424859715091838
17684.0,0.9460744945267231,5.7435343412100855E-5,0.05386807012986491
17415.0,0.21572469479395673,0.7768643445243818,0.0074109606816615955
17953.0,0.39039508941423456,0.39657233430548144,0.21303257628028402
18226.0,5.374332973180124E-6,1.7277865642028449E-6,0.9999928978804626
17005.0,0.9557889721813982,0.04254852360336601,0.0016625042152357409
17278.0,0.3172588333227556,0.0016386455425152146,0.6811025211347291
18643.0,0.9782101317401891,0.021705344473323302,8.452378648767725E-5
17610.0,0.842481538465045,0.11091279039014056,0.04660567114481431
17881.0,0.9378534312075032,0.06195572752800831,1.908412644885173E-4
18431.0,0.049470074153976314,0.8240105102001806,0.1265194156458431
18156.0,0.0032094267003685358,6.017675063191005E-4,0.9961888057933124
17331.0,0.8433639390246102,0.13951977990694892,0.017116281068440993
17056.0,0.9468696079985033,0.003557218815732172,0.04957317318576461
18462.0,0.26833609119447205,0.07490486638191066,0.6567590424236173
18701.0,0.11904309853806724,0.7974178849439909,0.0835390165179419
18088.0,8.250401960662175E-4,0.9983499196078675,8.250401960662175E-4
18363.0,0.8181818181818182,0.09090909090909091,0.09090909090909091
17821.0,0.10600493622393867,0.6170646524205461,0.2769304113555152
17550.0,0.8293247430120113,0.16141279330516267,0.009262463682825942
17124.0,4.125263732872561E-4,0.49505544563494586,0.5045320279917668
17399.0,0.652239524439715,0.33641011614960165,0.011350359410683372
18522.0,1.1989340303830039E-5,3.496622129479625E-6,0.9999845140375666
18294.0,0.3941590224489706,0.5114806565059836,0.09436032104504576
18021.0,0.45816225106921743,0.5377392871674807,0.004098461763301863
17475.0,0.10596882675041411,0.727949386131016,0.16608178711856994
17744.0,0.0055129676231095255,0.8827296120008851,0.11175742037600533
17210.0,0.09301795109393127,0.9033695899769476,0.0036124589291211136
18583.0,0.006574537077166029,0.3191106699889684,0.6743147929338656
18640.0,0.9901751061078483,0.008860817477012697,9.640764151390847E-4
17277.0,0.8270107843496154,0.16143377118955685,0.011555444460827641
17006.0,0.9821206207123544,0.017677276384577653,2.021029030680516E-4
17412.0,0.054626447375100404,8.854448093135749E-4,0.944488107815586
17687.0,0.6716122926140281,0.27610464724903605,0.052283060136935885
18225.0,0.9937393724793191,0.005456119877726011,8.045076429548709E-4
17954.0,0.13889352643166203,0.5311095183664718,0.3299969552018663
18702.0,0.5853752562355522,0.4012360911428399,0.013388652621607794
18461.0,0.14911205301581357,0.8432267457216104,0.0076612012625759335
17059.0,0.9999753475639102,2.461866562954701E-5,3.3770460397183826E-8
17328.0,3.1109778180803414E-4,0.9996879907989094,9.114192826407251E-7
17882.0,0.4852188697280259,0.2870527376109643,0.22772839266100978
17609.0,0.3809674003393842,0.6083622491814706,0.010670350479145023
18159.0,5.498421561151331E-6,9.423348678375433E-6,0.9999850782297603
18428.0,0.8852617082355664,0.06795814486105381,0.04678014690337974
18521.0,0.9170501340185866,0.08216054792295906,7.89318058454446E-4
17396.0,0.9126871117083102,0.08484810465562971,0.002464783636060129
17127.0,0.9936735781743871,0.005988653960182644,3.377678654303103E-4
18360.0,0.8033690214626635,0.17692336514917414,0.019707613388162293
18091.0,0.3052369091535755,0.2069250943946962,0.4878379964517283
17549.0,0.9170501340185866,0.08216054792295906,7.89318058454446E-4
17822.0,0.8503010164758666,0.00951815454523017,0.1401808289789033
18580.0,0.9994805667155114,5.175362612095843E-4,1.8970232790060364E-6
17209.0,0.6547059166627502,0.2619651626057536,0.08332892073149625
18022.0,0.8796307802860935,0.11432686609510584,0.0060423536188006525
18293.0,0.6110192706127847,0.2634684984208476,0.12551223096636768
17747.0,0.15828030140799096,0.11339235101069002,0.728327347581319
17472.0,0.8957743759539807,0.09489004810777751,0.009335575938241842
18641.0,0.44641079579340753,0.36262407038332156,0.19096513382327077
17413.0,0.25343629979376175,0.6166841529346664,0.12987954727157186
17686.0,0.13725154246686475,0.0024602443946174966,0.8602882131385177
18224.0,0.23856526637490064,0.622807247213397,0.1386274864117025
17955.0,0.1382983817250386,0.8124500502055498,0.04925156806941157
17276.0,0.27668841227192864,0.2524298987491635,0.4708816889789079
17007.0,0.985344296864731,0.014655325321535753,3.7781373323416253E-7
18703.0,0.1280909010214495,0.7513385382114889,0.12057056076706174
18460.0,0.3301193638901457,0.08808816837960308,0.5817924677302513
17883.0,0.8649971079136898,0.0862581839346608,0.04874470815164956
17608.0,0.7186199939090677,0.24301016295333078,0.038369843137601514
18158.0,0.012997284668425006,0.9869883957196094,1.4319611965544182E-5
18429.0,0.28283724965788926,0.6237217034561211,0.0934410468859896
17058.0,0.7777777777777778,0.1111111111111111,0.1111111111111111
17329.0,3.980286096898133E-4,0.9995859386275266,1.6032762783486766E-5
18520.0,1.0137556393168844E-4,3.652972936886197E-6,0.9998949714631314
18361.0,0.020157110516864717,0.23940767874338814,0.7404352107397472
18090.0,0.8281779009148021,0.06266585266871887,0.10915624641647889
17548.0,0.551598254905946,0.1102230683730331,0.33817867672102087
17823.0,0.020982432100930898,0.9422141679852154,0.03680339991385366
17397.0,0.3238787343277583,0.06009135230700112,0.6160299133652405
17126.0,0.8530805687203792,0.0947867298578199,0.052132701421800945
18581.0,0.12121921666273885,0.043027538175747886,0.8357532451615132
18023.0,0.8919990724333337,0.09071355531390737,0.017287372252758955
18292.0,0.06725379967744151,0.8264819131568892,0.1062642871656693
17746.0,0.01205889734749159,0.0036745553420682044,0.9842665473104402
17473.0,0.736213726971377,0.07015658048542132,0.19362969254320175
17208.0,0.8835967181134226,0.11153499822300028,0.004868283663577342
17334.0,0.8475468073038891,0.02387141380653283,0.128581778889578
17061.0,0.45866410143191666,0.501861274829869,0.03947462373821426
18426.0,0.7148330914186308,0.23475760282107477,0.05040930576029443
18153.0,0.8223627505062324,0.1758266066411826,0.0018106428525850576
17615.0,0.8419346386564472,0.15151939822270286,0.006545963120849943
17884.0,0.296608602640407,0.5255508965718528,0.17784050078774022
18459.0,0.5428203125394409,0.3608636312175375,0.09631605624302154
18696.0,0.30607943435216645,0.6933035170290796,6.170486187539011E-4
17000.0,0.94417835004459,0.006195824797414244,0.049625825157995615
17275.0,0.43012570472512796,0.09287080676823889,0.47700348850663316
17956.0,0.7986178769654557,0.16106891920069544,0.040313203833848725
18231.0,0.8596997868226474,0.13519662418758552,0.0051035889897671025
17681.0,0.9108579693313292,0.08814065862078681,0.0010013720478839647
17410.0,0.07637013791590186,0.1877960224703539,0.7358338396137443
18646.0,0.6175957510520308,0.3434283573868278,0.03897589156114131
17215.0,0.8944483447625864,0.0675684080348246,0.037983247202589096
17478.0,0.9787862059607888,0.019555416297892456,0.0016583777413187787
17749.0,0.7383103567399438,0.256805305248547,0.004884338011509178
18291.0,0.9878351788673992,0.010531157754498005,0.001633663378102692
18016.0,0.7604802594845496,0.23864424154921182,8.754989662385309E-4
18578.0,0.1148499808997762,0.002577914632704124,0.8825721044675198
17121.0,0.7686547799977759,0.14234347777736595,0.08900174222485824
17394.0,0.048180153259768474,0.8498043882053542,0.1020154585348774
17816.0,0.15602543608302927,0.058828527399761854,0.7851460365172088
17547.0,0.753184459768583,0.22807199815218504,0.018743542079231915
18093.0,0.321873655228519,0.07893642607360435,0.5991899186978766
18366.0,0.9001552026516536,0.0936307562389147,0.006214041109431644
18527.0,0.8434234131627215,0.15471741115670426,0.001859175680574155
18427.0,0.9230945740499228,0.07525504017498369,0.0016503857750935268
18152.0,5.979347862781104E-6,2.3511795213799075E-5,0.9999705088569234
17614.0,0.007092511676890981,3.102562623375171E-5,0.9928764626968752
17885.0,0.9224505827377508,0.07564357451711999,0.0019058427451291522
17335.0,0.7511815443912081,0.14953722517626486,0.09928123043252701
17060.0,0.647939050318248,0.3396169119712692,0.012444037710482825
18458.0,0.364061949546444,0.47926309925269306,0.15667495120086303
18697.0,0.2042688942947818,0.04365494638144642,0.7520761593237717
17957.0,0.5550810835816596,0.20454038350309875,0.24037853291524167
18230.0,0.026845484100893498,0.0020064807589095417,0.971148035140197
17680.0,0.9050737262649798,0.09113437321893066,0.0037919005160895573
17411.0,0.8779353826115772,0.12035362347724123,0.0017109939111815832
17001.0,0.9463302121054311,0.050902674323478246,0.002767113571090632
17274.0,5.362396195552343E-4,0.08030355117298013,0.9191602092074647
18647.0,0.6675938169714103,0.03324061830285897,0.2991655647257308
17479.0,0.32,0.24,0.44
17748.0,0.006128252605038521,0.06268677310721535,0.9311849742877462
18290.0,0.9717343625924899,0.027992244956868455,2.7339245064151793E-4
18017.0,0.6825268087713293,0.28945443127880965,0.02801875994986091
17214.0,0.02333770294935019,0.06947927483798523,0.9071830222126646
18579.0,0.8864484873719969,0.11196117528250499,0.0015903373454980072
17817.0,0.8530805687203792,0.0947867298578199,0.052132701421800945
17546.0,0.989647933073433,0.0025880167316417527,0.007764050194925258
18092.0,0.9361676923712081,0.00585025157697551,0.057982056051816416
18367.0,0.024325807161634804,0.22428250073635636,0.7513916921020088
17120.0,0.7148881070982012,0.09237415193934394,0.19273774096245486
17395.0,0.031126498526870862,0.08764897271797187,0.8812245287551572
18526.0,0.02352817611369883,0.048038643959503,0.9284331799267982
18698.0,0.940980216312072,0.05636983328216972,0.00264995040575835
18457.0,0.9602427707472355,0.03924776040253289,5.094688502315727E-4
17063.0,0.9718703889909783,0.022308355976955057,0.005821255032066639
17332.0,0.41143732217995377,0.5599004387029488,0.028662239117097407
18155.0,0.9021398143614425,0.05709425722351302,0.04076592841504446
18424.0,0.07951495875161513,0.4602425206241924,0.4602425206241924
17886.0,0.8779353826115772,0.12035362347724123,0.0017109939111815832
17613.0,0.3846455105160994,0.594231188123636,0.021123301360264676
18644.0,0.13044971301138994,0.004704619603048054,0.864845667385562
17273.0,0.9633599345862622,0.023821094719529697,0.012818970694208181
17002.0,0.0026175770107519343,0.942688503047278,0.05469391994197002
18229.0,0.9097309428838497,0.06807170228589711,0.02219735483025322
17958.0,0.07623686699252245,0.0046889314249352445,0.9190742015825423
17408.0,0.5474299017247325,0.4486766581332106,0.0038934401420570313
17683.0,0.7566473768015166,0.23274739955357113,0.010605223644912249
18576.0,0.9300188907745011,0.06926644762199903,7.146616034999283E-4
17213.0,0.9340880688858774,0.016477982778530634,0.04943394833559191
17751.0,0.833214336887188,0.15630256704103682,0.010483096071775066
17476.0,0.8716402571873743,0.12651233300687634,0.0018474098057494675
18018.0,0.8433639390246102,0.13951977990694892,0.017116281068440993
18289.0,0.3686594286980018,0.6294972859327784,0.001843285369219896
18525.0,0.8704774170834437,0.1279233571567681,0.0015992257597882567
17392.0,0.9378426078311245,0.06159093841224849,5.664537566270101E-4
17123.0,0.10358871191771099,0.604578573274191,0.29183271480809814
17545.0,0.7986178769654557,0.16106891920069544,0.040313203833848725
17818.0,0.9544841218899702,0.04512891338793415,3.8696472209557263E-4
18364.0,0.03718565955346038,0.9627996740776736,1.4666368865933183E-5
18095.0,0.06153046188881685,0.029852750380718374,0.9086167877304647
18699.0,0.8538681987951026,0.14232471783205783,0.003807083372839562
18456.0,0.1639185637971238,0.7843838060831336,0.05169763011974262
18154.0,0.9412781171427381,0.051248188675428484,0.007473694181833321
18425.0,0.9569632406471456,0.04265557446247568,3.811848903788504E-4
17887.0,0.08059771603040941,0.05078098499618457,0.868621298973406
17612.0,0.8525987959077629,0.12048212076894131,0.026919083323295796
17062.0,0.0022568740136265984,0.987786062677278,0.00995706330909546
17333.0,0.9142250869874329,0.084184196152765,0.0015907168598020235
18645.0,0.22595811037807192,0.5379843472385402,0.23605754238338794
18228.0,0.5160802547600952,0.03245058277592016,0.4514691624639846
17959.0,0.5135848831222369,0.4440214556041552,0.04239366127360791
17409.0,0.8140086679835826,0.1777061310861042,0.0082852009303131
17682.0,0.5014841837344262,0.28714151710824803,0.21137429915732572
17272.0,0.2835793745738869,0.5248922947711057,0.19152833065500743
17003.0,0.021109802996160134,0.97781303898095,0.0010771580228899208
18577.0,0.19911617236689053,0.7677699219480562,0.033113905685053284
17750.0,0.6132385524414167,0.3052390367404818,0.08152241081810144
17477.0,0.8488722082276211,0.14680368844609715,0.0043241033262817734
18019.0,0.659854119712581,0.24355420733694966,0.09659167295046923
18288.0,0.7220309013471882,0.27187679736565534,0.006092301287156347
17212.0,0.9938260677582346,0.0036806482139546868,0.0024932840278105886
18524.0,0.8774414773567333,0.11260476184449678,0.009953760798769869
17544.0,0.011394697809474018,0.003895999552977472,0.9847093026375485
17819.0,0.8942765778283469,0.09724543337512573,0.008477988796527516
18365.0,0.8717121429913878,0.09646530879208574,0.03182254821652651
18094.0,0.9282687969553887,0.0701960161709527,0.0015351868736587356
17393.0,0.23272812076957955,0.7023553343250377,0.06491654490538278
17122.0,0.07763234987302182,0.14138849343503887,0.7809791566919393
18498.0,0.027860877248810277,0.018732071709050117,0.9534070510421395
17148.0,0.028021825177083962,1.560854719508129E-4,0.9718220893509651
17391.0,6.490718077562558E-5,0.9999350037833111,8.903591327246307E-8
18096.0,0.7274864818727248,0.2660827171078582,0.006430801019416971
18339.0,0.005648559172416029,0.037267325953687536,0.9570841148738964
17797.0,0.6525121508935656,0.2998020653374364,0.04768578376899798
17558.0,0.949116106866609,0.037856075556612113,0.013027817576778995
18575.0,0.9673874964170833,0.016306251791458323,0.016306251791458323
17186.0,0.9830442001748547,0.010241515570037907,0.006714284255107423
18286.0,0.6331743410411595,0.3573576346349816,0.00946802432385868
18045.0,0.8687847101529592,0.09894491011429514,0.0322703797327457
17499.0,0.305923159778256,0.40006658596338585,0.294010254258358
17736.0,6.805229844877022E-12,2.3274784702834698E-5,0.9999767252084919
18635.0,0.8530805687203792,0.0947867298578199,0.052132701421800945
17013.0,0.9630740631843665,0.019813087067757834,0.017112849747875723
17254.0,0.006984162804334518,0.007244891931862786,0.9857709452638027
17676.0,9.236760668364023E-4,0.02028290960649532,0.9787934143266683
17439.0,0.8229314399715113,0.17459899667485831,0.002469563353630417
17977.0,0.9865264278366364,0.013062611503522885,4.109606598409184E-4
18218.0,3.870122329438168E-4,0.9892649591606602,0.010348028606396031
18438.0,0.8649971079136898,0.0862581839346608,0.04874470815164956
18709.0,0.4999999997919996,0.4999999997919996,4.160008678145856E-10
17323.0,0.054154357570282814,0.9415412646904259,0.004304377739291322
17080.0,0.00870132991592102,0.9718859232710765,0.01941274681300244
17618.0,0.01202572154994598,0.8077919081946221,0.18018237025543202
17857.0,0.9043223263877523,0.03359622630207883,0.06208144731016883
18407.0,0.3809674003393842,0.6083622491814706,0.010670350479145023
18164.0,0.6050255131571501,0.3795763704646548,0.015398116378194928
18499.0,0.8433639390246102,0.13951977990694892,0.017116281068440993
18097.0,0.9572179275243414,0.029259645863190836,0.013522426612467707
18338.0,0.01019344061031252,0.014992147766541217,0.9748144116231463
17796.0,3.870122329438168E-4,0.9892649591606602,0.010348028606396031
17559.0,0.9227531859037046,0.02558803697479181,0.05165877712150352
17149.0,0.04723825465735927,0.03205890157678811,0.9207028437658525
17390.0,0.6132385524414167,0.3052390367404818,0.08152241081810144
18574.0,0.2839725266735359,5.0834641287113135E-5,0.715976638685177
18287.0,0.9426422138959683,0.055048138347758534,0.002309647756273232
18044.0,0.7331534330804456,0.25782849599574065,0.009018070923813867
17498.0,0.9475909225822505,0.05201661359935175,3.924638183976552E-4
17737.0,0.6986062449949444,0.2602943181318681,0.041099436873187505
17187.0,0.08955223880597013,0.7462686567164178,0.16417910447761191
18634.0,0.8921373927433252,0.10560621034312334,0.002256396913551617
17677.0,0.46550487265006363,0.017240921209261614,0.5172542061406749
17438.0,0.4687631477323873,0.18844923859538232,0.3427876136722305
17976.0,0.10043972511656032,0.009884775547346285,0.8896754993360934
18219.0,0.9548592548687729,0.039186079502885,0.0059546656283420716
17012.0,0.8029569173329595,0.17062209308830634,0.026420989578734094
17255.0,0.22481452801438812,0.01019159193665226,0.7649938800489596
18439.0,0.18562846825637414,6.014161937444818E-4,0.8137701155498814
18708.0,0.09901787857825775,0.5827524477623903,0.31822967365935195
17619.0,1.7210971061955229E-4,0.9866920237462751,0.013135866543105381
17856.0,0.867898425923622,0.1251198430469717,0.006981731029406468
18406.0,0.36607876638734743,0.13076792040540824,0.5031533132072444
18165.0,5.985593155334877E-4,0.02527445419350244,0.9741269864909642
17322.0,3.870122329438168E-4,0.9892649591606602,0.010348028606396031
17081.0,0.8740462969837349,0.124581390046259,0.0013723129700060053
17389.0,0.46834297278446346,0.4477606107865926,0.0838964164289438
17150.0,0.9170501340185866,0.08216054792295906,7.89318058454446E-4
18337.0,0.4819935263056346,0.5009793430301986,0.01702713066416671
18098.0,0.9433840181171143,0.024263992235522485,0.03235198964736331
17556.0,0.7938119022362035,0.15763134468070641,0.04855675308309007
17799.0,0.18345102133745667,0.074396329435256,0.7421526492272874
18496.0,3.444635499903396E-4,0.02245715319455908,0.9771983832554505
17184.0,0.0034857587440919103,0.010278413920599276,0.9862358273353088
18047.0,0.951352069725212,0.02940273897933437,0.019245191295453573
18284.0,0.9262828484753963,0.07322165707324388,4.954944513597013E-4
17738.0,0.8864484873719969,0.11196117528250499,0.0015903373454980072
17497.0,0.9237464123981324,0.07431259254843445,0.0019409950534330722
18573.0,0.2901900500434648,0.5088021877729283,0.2010077621836069
17252.0,0.348323822157448,0.3863059450451744,0.26537023279737754
17015.0,0.20787408544552982,0.3955486369910166,0.39657727756345357
17437.0,0.8651714196523205,0.11139688814117907,0.023431692206500317
17678.0,0.007157477590104032,0.8831202806833619,0.10972224172653401
18216.0,0.9676478191857173,0.03015395732527046,0.0021982234890122166
17979.0,0.0010796614462421624,2.296537414634539E-4,0.9986906848122944
18633.0,0.7284169954442492,0.266477433119987,0.005105571435763717
17082.0,0.008621778410191213,8.08291725955426E-4,0.9905699298638534
17321.0,0.5946366758542011,0.008347431950827669,0.3970158921949712
17859.0,0.0028403477260496115,0.9100570090636376,0.08710264321031277
17616.0,0.8969163830457797,0.1022207225141091,8.628944401112147E-4
18166.0,0.17034154712504884,0.0013325594099656243,0.8283258934649855
18405.0,0.9089982275885206,0.0734098914547385,0.017591880956740955
18711.0,0.953517453106598,0.015210651883937606,0.03127189500946441
18436.0,0.6508728931083402,0.20366901104429144,0.14545809584736832
18336.0,0.6963666900402079,0.2633145604428685,0.04031874951692362
18099.0,0.9832120364739024,0.013506004445774381,0.0032819590803231744
17557.0,0.4894061182784788,0.49957057370457153,0.011023308016949685
17798.0,0.5665547333163765,0.2511979476476649,0.18224731903595853
17388.0,0.5738674664265421,0.4067443624271899,0.01938817114626797
17151.0,0.8706775071536219,0.03808347015538804,0.09123902269099009
18497.0,0.7041859504247945,0.24099681448904564,0.05481723508616
18046.0,0.005845377888781952,0.9922491641608072,0.0019054579504107377
18285.0,0.8290747455690238,0.1642292535160565,0.006696000914919601
17739.0,0.8813771210546275,0.02992556637542672,0.0886973125699459
17496.0,0.9708364524342139,0.003595505864274998,0.025568041701511092
17185.0,0.8197321925744697,0.1646320713277831,0.015635736097747176
18572.0,0.09802237001724864,0.055101597450562236,0.8468760325321891
17436.0,0.9455944177085521,0.049943835128480184,0.004461747162967691
17679.0,0.17894876991086212,0.07302991239067286,0.7480213176984649
18217.0,0.8649971079136898,0.0862581839346608,0.04874470815164956
17978.0,0.4737655213922839,0.524975586495445,0.0012588921122711838
17253.0,0.14619465386611907,0.527111380556305,0.32669396557757585
17014.0,0.24454448216332858,0.6646921418337767,0.09076337600289468
18632.0,0.9651495671867605,0.03353224432853566,0.0013181884847039975
17858.0,0.8327672042933704,0.05119033235448482,0.11604246335214471
17617.0,0.04385812471189013,0.5426921256315376,0.41344974965657233
18167.0,1.0751059427072446E-8,0.9999999878791739,1.3697667167860658E-9
18404.0,0.08142728227248118,0.05163712117566138,0.8669355965518574
17083.0,0.8433639390246102,0.13951977990694892,0.017116281068440993
17320.0,0.23193464032646466,0.7538932044707443,0.014172155202791047
18710.0,0.022372496650898424,0.06523820023401981,0.9123893031150817
18437.0,0.3719995567365382,8.483864969073569E-4,0.6271520567665544
18571.0,4.13062953268027E-5,0.9998828998998376,7.579380483559866E-5
17190.0,0.017311462641970747,0.03958056730827132,0.943107970049758
17503.0,0.8433639390246102,0.13951977990694892,0.017116281068440993
17740.0,7.320963280297506E-4,3.13535750215593E-5,0.9992365500969487
18282.0,0.14660646490818077,0.8076451103629521,0.045748424728867094
18041.0,0.7295604915809012,0.26539270036833107,0.005046808050767807
18502.0,0.656452881969592,0.32955603379430565,0.013991084236102435
17144.0,0.19867043322579547,0.012774590613798575,0.7885549761604059
17387.0,0.913894901621942,0.07036509462262613,0.0157400037554318
17793.0,0.5943437522911839,0.19113907294573818,0.2145171747630779
17554.0,0.892762173470219,0.03692405320788378,0.0703137733218973
18100.0,0.3389651762454453,0.5677489521747555,0.09328587157979923
18343.0,0.3460790751931997,0.49610788734308897,0.15781303746371136
18434.0,0.77906500092246,0.20055672332720462,0.020378275750335337
18705.0,0.014785978789432195,0.1450430152243475,0.8401710059862203
17327.0,0.8447782075179827,0.07841771997439594,0.07680407250762145
17084.0,0.9007357820566669,0.09484943526007487,0.004414782683258284
18403.0,0.022922956354368723,0.06768278514533836,0.9093942585002929
18160.0,0.9054410219479238,0.09223411820293478,0.002324859849141471
17622.0,9.103292196097708E-4,1.187865533227428E-4,0.9989708842270675
17861.0,0.7777777777777778,0.1111111111111111,0.1111111111111111
18639.0,0.8869236516618778,0.09975510146656512,0.013321246871556967
17009.0,0.8649971079136898,0.0862581839346608,0.04874470815164956
