18081.0,0.7351400368267508,0.2647536038842927,1.0635928895647514E-4
18354.0,0.8433804643603675,0.15651848541132857,1.0105022830400002E-4
17812.0,0.34087416604803006,0.6039324173088276,0.05519341664314225
17543.0,0.02330268491448498,0.9766093051261239,8.80099593911693E-5
17133.0,8.464303739162241E-5,0.9999124056821872,2.9512804211428983E-6
17406.0,0.9062585854409166,0.09294285386410665,7.985606949765629E-4
18752.0,0.05824362313595838,0.941752025975133,4.350888908614227E-6
18515.0,0.9925062754839776,0.007444151030712609,4.9573485309848204E-5
18303.0,0.015851321822661083,0.9682602863618518,0.015888391815487114
18028.0,1.1467588065225113E-24,2.435949541663054E-24,1.0
17482.0,4.2951578090993855E-6,0.0019890681393589307,0.998006636702832
17753.0,0.9749415266561265,0.007789805004084672,0.017268668339788743
17203.0,0.06839369376877408,0.9292638847708943,0.002342421460331635
18590.0,0.9479671436187159,0.052018978490649355,1.3877890634796692E-5
17693.0,0.9999119439605665,8.804976936805488E-5,6.270065369769483E-9
17422.0,0.48689623470533205,0.33590350954396,0.177200255750708
17960.0,0.9970009852359379,0.0029942530576124184,4.761706449627751E-6
18235.0,0.0021869483753931434,5.16380748451861E-4,0.997296670876155
16996.0,0.9891562215965197,0.010840865611748796,2.9127917313854233E-6
17271.0,0.9984381983252892,0.0014785007159272708,8.33009587835669E-5
18650.0,0.0046391319095971,0.9953601365726368,7.31517766177434E-7
17603.0,0.9987626290538886,0.0012262925137825772,1.1078432328736934E-5
17872.0,0.9999886766559454,1.0090865000288822E-5,1.232479054337001E-6
18422.0,0.9814074141643488,0.01858753671487571,5.0491207755067825E-6
18149.0,0.7896261464298611,0.21035838604921653,1.546752092241768E-5
17338.0,3.591798001676939E-6,0.9711584475769247,0.0288379606250736
17065.0,0.005940383606677565,0.9939696551097847,8.996128353770418E-5
18455.0,0.9999914495931594,8.536634285579432E-6,1.3772555088212047E-8
18692.0,3.0808898260863453E-13,4.421530222051046E-14,0.9999999999996477
17132.0,0.002669839651749997,5.014622681772674E-4,0.9968286980800727
17407.0,3.602018265535225E-5,2.0278273547443802E-7,0.9999637770346093
18080.0,0.979160302698353,0.020814814070342316,2.4883231304682993E-5
18355.0,0.0013627276575792794,0.0010430280133916006,0.9975942443290292
17813.0,3.0798807535981835E-6,0.9999969190982041,1.0210423042247174E-9
17542.0,0.01311597758822654,0.9867770787357196,1.06943676053735E-4
18514.0,0.1645088397418629,0.816477256027252,0.01901390423088522
17202.0,0.5120263745306655,0.4826487665632722,0.005324858906062212
18302.0,0.889976167776387,0.11001603966048196,7.792563130941464E-6
18029.0,0.6168981713947295,0.3830749615596433,2.686704562717401E-5
17483.0,0.9728274780890023,0.026353662390319464,8.188595206782463E-4
17752.0,5.9725271163446634E-40,4.617422822130645E-41,1.0
18591.0,3.911678551001249E-15,3.2553018409633857E-22,0.999999999999996
16997.0,0.9846104400496063,0.011082319282825197,0.004307240667568529
17270.0,0.9965250436234985,0.003470481722803513,4.474653697889982E-6
17692.0,0.9835703760991253,0.01642818553188915,1.4383689855644595E-6
17423.0,1.7562425960541452E-10,8.595834632362022E-8,0.9999999138660294
17961.0,0.06028471966708281,0.9396897375804791,2.554275243813233E-5
18234.0,0.33748124160588894,0.0016057781286905068,0.6609129802654206
18651.0,0.001881602967994372,0.9979556485632445,1.6274846876103766E-4
17339.0,0.7900170605524752,0.0153357458648634,0.1946471935826614
17064.0,0.8914518787758016,0.1085103692967782,3.775192742028167E-5
17602.0,1.2761326789625666E-9,4.889342725093551E-8,0.9999999498304402
17873.0,0.9748321312088183,0.02516311520266225,4.753588519398188E-6
18423.0,1.2174744578213205E-4,0.058722575124147434,0.9411556774300703
18148.0,0.06971678371162718,0.8761532151845959,0.05413000110377699
18454.0,0.0010215481576849746,0.9989679825223705,1.0469319944495127E-5
18693.0,0.001233826648949006,3.413630731478073E-5,0.9987320370437361
18513.0,0.050678188262561666,0.028721064638584343,0.920600747098854
18352.0,0.8986523093935486,0.101336885471496,1.0805134955469105E-5
18083.0,1.4163287376460688E-8,4.935821989471775E-11,0.9999999857873544
17541.0,0.9868801885886822,0.013114368736952679,5.442674365037078E-6
17814.0,0.06086301865138251,0.930668216414448,0.008468764934169508
17404.0,0.9858089696856637,0.014122112289423552,6.891802491270824E-5
17135.0,0.9990970602823518,7.953229149874907E-4,1.0761680266074517E-4
18588.0,0.040823607579583025,9.527178351856537E-5,0.9590811206368984
18030.0,3.2480829802341234E-25,7.586339138285741E-28,1.0
18301.0,2.0617991248813663E-7,1.1009176126813822E-7,0.9999996837283263
17755.0,2.1146290557409256E-12,0.9999893517691671,1.0648228718176333E-5
17480.0,6.36215044011029E-4,0.0031885575966853538,0.9961752273593036
17201.0,0.9619138708526391,0.03808505531638639,1.0738309745214796E-6
18648.0,0.9152602238528686,0.08471218480320696,2.759134392451533E-5
17420.0,3.3492728602515905E-6,2.08127782475089E-7,0.9999964425993573
17695.0,0.9391548816030462,0.06082939321633188,1.5725180621878002E-5
18233.0,0.9812781324268509,0.018716694656310894,5.172916838196269E-6
17962.0,0.6573150260383819,0.34203216097595157,6.528129856665267E-4
17269.0,0.06835746564626709,0.931614640938919,2.7893414813900696E-5
16998.0,0.9862260703795261,0.00797482049496559,0.005799109125508265
18694.0,0.3682397906376211,5.679321667086012E-6,0.6317545300407117
18453.0,4.5499121429833095E-4,5.154014704670151E-6,0.9995398547709969
17874.0,0.9869671568786371,0.013029342315991671,3.5008053713238958E-6
17601.0,0.039407482629945305,0.9508890099033512,0.009703507466703482
18151.0,0.9151583597109941,0.08454428248210617,2.973578068995554E-4
18420.0,2.517237879017295E-10,4.949208869610387E-9,0.9999999947990673
17067.0,0.9921136672613838,0.006262508211434537,0.001623824527181539
17336.0,0.07281785044361189,0.9245229097796858,0.0026592397767022553
18512.0,0.646691275101175,0.35330218613099706,6.538767827906479E-6
17405.0,8.022061649739952E-7,0.9999991977882152,5.6199006697640484E-12
17134.0,0.035825483623378736,0.9562458804517535,0.007928635924867809
18353.0,4.281589483898981E-5,0.012711772257415616,0.9872454118477453
18082.0,5.928006223451708E-6,0.0014350902508395301,0.998558981742937
17540.0,0.9873562295295505,0.01259180179100143,5.1968679448212646E-5
17815.0,0.9300626694680976,0.06976573120979793,1.7159932210455858E-4
18589.0,0.0052039552480990115,0.03158919278139606,0.9632068519705049
17200.0,2.7798266471555047E-47,2.6195952444288E-47,1.0
18031.0,0.9887455094882989,0.011250881735291922,3.608776409099699E-6
18300.0,0.10104759941401491,0.8970463368449636,0.0019060637410214269
17754.0,0.957030542397618,0.04295075914968186,1.869845270027181E-5
17481.0,1.240378255815483E-5,2.8515506537173487E-5,0.9999590807109047
18649.0,0.8848795924306289,0.0037257533025201197,0.11139465426685112
17268.0,0.9568593615914729,0.043099948429495445,4.068997903164899E-5
16999.0,0.00685295143988093,0.9834788528792735,0.009668195680845577
17421.0,0.9998696839878022,1.2714426874802287E-4,3.171743449919445E-6
17694.0,0.0029234920568398156,2.006920826399208E-4,0.9968758158605202
18232.0,0.9130252617400527,0.08694549301646762,2.9245243479653728E-5
17963.0,0.03555569814880536,0.9644226865521675,2.1615299027255603E-5
18695.0,0.9907963873631017,0.009201425807889857,2.1868290083650667E-6
18452.0,0.7495566414301816,2.682189165420183E-4,0.2501751396532764
17066.0,0.89943891553042,0.10051139662315083,4.9687846429148424E-5
17337.0,0.9700434975525546,0.02992083411406323,3.566833338213638E-5
17875.0,1.1113232449514349E-5,0.001015249570341205,0.9989736371972093
17600.0,0.0013988267417450492,2.297830293238273E-7,0.9986009434752257
18150.0,0.6666145720558473,0.3261529020747885,0.00723252586936415
18421.0,0.9489384539750128,0.051048547618196126,1.2998406791052215E-5
17486.0,0.9668012720171183,0.033195564822247156,3.1631606345920703E-6
17757.0,0.012511117340546022,4.896289166749138E-5,0.9874399197677864
18299.0,0.9900034093696106,0.009965748401537362,3.08422288519657E-5
18024.0,0.7212924126449336,0.24323250084260398,0.035475086512462554
17207.0,0.9826578681267398,0.01733823121171,3.900661550151139E-6
18586.0,6.208372417441282E-4,0.9993791554911471,7.267108871996728E-9
17808.0,0.9058936457442087,0.0893218879961124,0.004784466259678833
17539.0,6.503628604310328E-7,1.3572217282621296E-11,0.9999993496235673
18085.0,0.9612901899939514,0.036815724171679776,0.00189408583436889
18358.0,0.8754635676316465,0.12452720435111464,9.228017238901598E-6
17129.0,0.9935976475275095,0.006399797441115425,2.5550313751558326E-6
17402.0,0.22378613733599464,0.7761814513325074,3.241133149793346E-5
18519.0,1.6311523579393025E-7,0.9999998368847565,7.763692905754168E-15
18418.0,0.8355827823834256,0.15998947344188452,0.004427744174689981
18145.0,9.433584251576424E-21,2.3527531469677503E-28,1.0
17607.0,0.8684536701289931,0.13152336769488268,2.2962176124266302E-5
17876.0,0.9978110955340956,0.002167017933478431,2.1886532425842737E-5
17342.0,0.12572284212975762,6.30795708054703E-8,0.8742770947906715
17069.0,0.9969121072170757,0.003075796375600869,1.209640732351169E-5
18451.0,1.2226638824890785E-4,7.952815344077645E-6,0.9998697807964071
18688.0,0.9780951835185279,0.019815569069069866,0.002089247412402188
17964.0,2.3483746216707524E-42,7.196271749744714E-44,1.0
18239.0,1.7945062973252122E-8,1.0893500333223714E-15,0.9999999820549359
17689.0,0.25478969043121436,0.7441290765770918,0.0010812329916939573
17418.0,6.066583876546791E-4,0.002796638356135297,0.99659670325621
16992.0,0.7714943651566759,0.2278767378366418,6.288970066822447E-4
17267.0,0.002507994756060487,0.9969731451623255,5.188600816139653E-4
18654.0,0.0016558050878669745,1.4945604631641282E-5,0.9983292493075014
17206.0,0.45533198723455953,0.5445994567298927,6.855603554772656E-5
17487.0,0.974401962507843,0.025593610385786548,4.4271063703845466E-6
17756.0,2.898537000336856E-4,0.008961449315900571,0.9907486969840658
18298.0,6.0478097860208434E-6,9.087748558431846E-4,0.9990851773343707
18025.0,7.496962514999646E-4,0.999238092413271,1.2211335228993853E-5
18587.0,0.948517008768414,0.05124310773766255,2.3988349392346073E-4
17128.0,0.9418614823475258,0.058134505227004765,4.012425469492367E-6
17403.0,0.009022930986898213,1.2774188291588462E-4,0.9908493271301859
17809.0,0.1162166832355909,0.8247541119251236,0.059029204839285476
17538.0,0.9887455094882989,0.011250881735291922,3.608776409099699E-6
18084.0,0.8815014081208155,0.11749857327035591,0.0010000186088286185
18359.0,0.4352501259570526,0.5616505283982555,0.0030993456446919425
18518.0,6.657659796258279E-4,6.992864534029769E-5,0.9992643053750339
17343.0,0.6718488834001698,0.3278883998274341,2.6271677239603854E-4
17068.0,0.12180997503029527,0.8781693817992614,2.064317044327372E-5
18419.0,0.03587695949312327,0.003943867198483964,0.9601791733083928
18144.0,0.33126801135826583,0.6643513751166797,0.004380613525054354
17606.0,0.21089206407899386,0.7805308718621302,0.008577064058876012
17877.0,0.006337462613453745,0.6272494799292404,0.36641305745730585
18450.0,0.6512663436420405,0.29706011305369584,0.05167354330426367
18689.0,0.9152259299945791,0.08466854315473536,1.0552685068571132E-4
16993.0,9.970878858713945E-9,4.996361856158419E-9,0.9999999850327592
17266.0,0.4089305404522237,0.590829185793894,2.40273753882312E-4
17965.0,0.13298656218878166,0.8279428651998272,0.03907057261139111
18238.0,0.9869671568786371,0.013029342315991671,3.5008053713238958E-6
17688.0,0.1990590566517152,1.2537237943085051E-4,0.8008155709688539
17419.0,1.6533320489234926E-6,5.144485081932397E-8,0.9999982952231004
18655.0,0.15225993487551037,0.0532880214905711,0.7944520436339185
18584.0,0.011902116532922554,0.4350364889436876,0.5530613945233899
17759.0,0.19586512634598444,0.8040149624449409,1.1991120907464538E-4
17484.0,0.9835703760991253,0.01642818553188915,1.4383689855644595E-6
18026.0,0.004606404636470994,0.6859507536107968,0.3094428417527322
18297.0,0.9755367328293577,0.024426275111176173,3.699205946612855E-5
17205.0,0.9885232922725302,0.011474173116596804,2.5346108729576282E-6
18517.0,0.010030213660622997,0.9899695497809272,2.3655844982609478E-7
17537.0,0.9674794814124105,0.03244216551339547,7.835307419422398E-5
17810.0,0.9953979823326822,0.0025067367597665924,0.0020952809075512795
18356.0,6.990971004624386E-4,0.9993008630019254,3.98976121583405E-8
18087.0,0.9172688362986099,0.08270878798523096,2.2375716159010212E-5
17400.0,0.9797039746769816,0.02023493098614844,6.109433686999537E-5
17131.0,0.003608502255294819,0.9959762625191767,4.15235225528491E-4
18690.0,0.030912785186413376,0.9685538968354265,5.333179781601896E-4
18449.0,3.919894902523E-9,0.9997282896144066,2.717064656984876E-4
18147.0,0.04733600280626897,0.9503126060365359,0.0023513911571950365
18416.0,0.6638101065612413,0.33617400316148904,1.589027726959441E-5
17878.0,9.732160593488476E-4,0.9984582146209571,5.685693196942005E-4
17605.0,0.03489823310246398,0.6389654453108204,0.3261363215867156
17071.0,0.9116295423320577,0.08779916170647414,5.712959614682999E-4
17340.0,0.9884415834634164,0.01155598304094783,2.4334956358677366E-6
18652.0,0.01503393506615526,2.9975525144287112E-5,0.9849360894087005
18237.0,6.013172013709525E-9,9.724894396870092E-4,0.9990275045471411
17966.0,0.7917792496794638,0.20807430366868032,1.4644665185597935E-4
17416.0,0.7457147516431314,0.2535521430920093,7.331052648593212E-4
17691.0,1.9211835297316073E-12,3.2609316129065004E-15,0.9999999999980755
17265.0,0.9890128936401061,0.010977614779338932,9.491580554933287E-6
16994.0,0.0022502806058793887,1.5846764926873957E-4,0.9975912517448517
18585.0,0.9835223648514858,0.01647237309257323,5.262055941054281E-6
17204.0,0.4620776133566416,0.5151353972110384,0.022786989432320128
17758.0,0.9509185486626154,0.04815639573491119,9.250556024732791E-4
17485.0,0.9885033496381328,0.011487119453424855,9.53090844229893E-6
18027.0,0.8979015553181601,0.09006427329340064,0.012034171388439296
18296.0,0.9998798911832683,1.2005298212598779E-4,5.5834605754114604E-8
18516.0,0.9659521598784541,0.013486019889906269,0.020561820231639605
17401.0,0.9288491850980211,0.07112101434131814,2.9800560660772226E-5
17130.0,0.866609716010801,0.1333302226366359,6.0061352563119866E-5
17536.0,0.9031480889161986,1.5151810128801794E-5,0.0968367592736726
17811.0,1.3101021946324432E-35,2.068733133346879E-40,1.0
18357.0,0.9728165537389876,0.02685922230444454,3.242239565678193E-4
18086.0,3.698566591175428E-4,4.988010042462454E-4,0.9991313423366363
18691.0,0.043979632031596376,3.0030567138018566E-4,0.9557200622970234
18448.0,0.42145304416528817,0.0654312867624028,0.5131156690723091
17070.0,0.9193604877497623,0.018067520838559864,0.06257199141167787
17341.0,0.7689347369907884,0.22959868068848457,0.001466582320727044
18146.0,5.019660262611274E-12,0.07937771591138684,0.9206222840835936
18417.0,0.12923112719472682,0.4056940990426492,0.46507477376262396
17879.0,3.1239365202443905E-8,3.819392282244853E-8,0.999999930566712
17604.0,0.999767890609465,2.320798310669646E-4,2.955946804477174E-8
18653.0,0.7946996939967162,0.20529027646369957,1.0029539584094177E-5
17264.0,0.6384563579652198,0.15123796892647495,0.21030567310830522
16995.0,1.4900485469726474E-7,0.9999998508297112,1.6543417391878682E-10
18236.0,3.1755922111301356E-4,0.9996824382338946,2.544992451095241E-9
17967.0,8.975946576755283E-5,3.576732313513645E-4,0.9995525673028811
17417.0,2.0891395791818343E-9,6.883769422662872E-13,0.9999999979101721
17690.0,0.43588627210958425,0.5315551676827672,0.03255856020764853
17004.0,0.5029603168150972,0.4753832442598723,0.021656438925030424
17279.0,0.9631334672003342,0.036860529192204464,6.003607461405397E-6
17685.0,0.0016920519109080985,1.3587300724517262E-8,0.9983079345017912
17414.0,0.39167422606008273,0.6009240069359577,0.007401767003959564
17952.0,0.9862314337241137,0.0068501283279095585,0.006918437947976862
18227.0,0.8825902649567322,0.11547621738283222,0.0019335176604353926
18642.0,0.7429136033978502,0.2570017217105772,8.467489157266668E-5
17330.0,0.6165850876717828,0.383413672776357,1.239551860179765E-6
17057.0,0.9280659405523779,0.07189091148896086,4.314795866114954E-5
17611.0,0.8903883526553118,0.08508758571648407,0.02452406162820409
17880.0,0.8163892871396413,0.1416772704730568,0.04193344238730202
18430.0,0.9436568706992282,0.056332472390824055,1.0656909947822064E-5
18157.0,0.9857853602967405,0.014212679026500476,1.96067675908754E-6
18463.0,0.9895467618974538,0.010448036011060813,5.202091485312829E-6
18700.0,0.0016527790136825877,0.1430770827135278,0.8552701382727896
17125.0,0.6339281101959687,0.2632220714091262,0.10284981839490508
17398.0,0.8489944259727614,0.1509797587929126,2.5815234325886944E-5
18089.0,0.0010360633055725103,0.03167018273588363,0.9672937539585438
18362.0,0.9462723057504429,0.05311587492874759,6.118193208094951E-4
17820.0,1.3491898582115314E-5,0.9999864979642059,1.0137211995823502E-8
17551.0,0.9830190765571356,0.0073256960872570024,0.009655227355607417
18523.0,0.8482032802692132,0.14939154590102666,0.0024051738297601903
17211.0,2.7044840886740547E-41,4.4692211386786524E-44,1.0
18295.0,0.9144313323621799,0.08554676151810114,2.190611971887878E-5
18020.0,0.016060355559442067,1.3542869709984404E-6,0.9839382901535869
17474.0,0.8859891087701223,0.11328631911433813,7.245721155395569E-4
17745.0,0.8082468044690726,0.19174992700047577,3.2685304516755784E-6
18582.0,2.5238097209485655E-10,3.812847053332286E-7,0.9999996184629136
17684.0,0.042931851322025164,0.0013014625035611543,0.9557666861744137
17415.0,1.711679025568751E-5,0.9999828831718452,3.789911195939966E-11
17953.0,0.0063072844475890386,1.4107028084673144E-5,0.9936786085243262
18226.0,1.1678932982474903E-36,2.481829152299553E-38,1.0
17005.0,0.9180497549339328,0.08193430422882403,1.594083724321507E-5
17278.0,2.1138293502659403E-11,1.015791121855845E-20,0.9999999999788618
18643.0,0.9797983862533325,0.020198408451041407,3.2052956260832426E-6
17610.0,0.9889130206910051,0.011054556736780666,3.2422572214254016E-5
17881.0,0.9917156370724677,0.008283563851254542,7.990762777843004E-7
18431.0,0.03018581899043185,0.969738926235747,7.525477382122417E-5
18156.0,6.904228740926187E-35,6.886354226261811E-35,1.0
17331.0,0.6045629629669658,0.39543137844314097,5.658589893351857E-6
17056.0,0.002417899679029612,2.167669691290614E-8,0.9975820786442734
18462.0,0.685947622884339,0.29462563253382773,0.019426744581833313
18701.0,1.3239803077510504E-12,0.9999999999986761,4.865284612781613E-17
18088.0,2.3260445233409583E-9,0.9999999976731512,8.044124284068519E-13
18363.0,0.007434103276159098,0.9925581177753857,7.77894845525681E-6
17821.0,9.63846470373371E-7,0.9974936725731184,0.002505363580411222
17550.0,0.9958464950849442,6.460412677313401E-4,0.003507463647324431
17124.0,1.4900155255020126E-8,0.9999651452059214,3.483989392320283E-5
17399.0,0.0703911831910187,0.9295991781163042,9.638692677025091E-6
18522.0,3.4169727308397935E-32,3.2014926136713884E-33,1.0
18294.0,0.6322762462873347,0.3677225364755853,1.217237079974658E-6
18021.0,0.0032238920688594237,0.28435337480002787,0.7124227331311127
17475.0,2.691224017307827E-4,0.9996757217927827,5.515580548651498E-5
17744.0,4.3989198834421857E-4,0.9987781757825585,7.819322290972652E-4
17210.0,1.4398042671353657E-13,0.999999999999856,1.829034969232723E-18
18583.0,1.4687779468474668E-11,3.0812686964462977E-14,0.9999999999852813
18640.0,0.9340865180354118,0.02969701107819861,0.03621647088638973
17277.0,0.9398196232247331,0.06008422238330199,9.615439196485425E-5
17006.0,0.9835703760991253,0.01642818553188915,1.4383689855644595E-6
17412.0,1.0209471889849114E-9,1.3515849372360713E-10,0.9999999988438943
17687.0,0.9715530242056135,0.028437095216475902,9.880577910729471E-6
18225.0,0.9971016966128341,0.002890925099302094,7.37828786378213E-6
17954.0,2.450960504514939E-6,0.9999893746872673,8.17435222820236E-6
18702.0,0.8806415078735927,0.11934532690608228,1.3165220324903431E-5
18461.0,0.04670684409409889,0.9491656943039772,0.004127461601923845
17059.0,0.4062988080856337,0.5936927306879085,8.461226457858949E-6
17328.0,2.265846874374436E-7,0.9999997579447966,1.5470516061334653E-8
17882.0,2.049099786721864E-14,5.251191401010603E-11,0.9999999999474676
17609.0,0.9953649024425415,0.00463470980370973,3.8775374873956994E-7
18159.0,1.8537264588745882E-44,2.478136471995127E-46,1.0
18428.0,0.001977487192037714,0.08343747682305992,0.9145850359849024
18521.0,0.9835223648514858,0.01647237309257323,5.262055941054281E-6
17396.0,0.7125670254620583,0.2870847200339031,3.482545040386047E-4
17127.0,0.9999586412152937,4.1293661843311593E-5,6.512286295701205E-8
18360.0,0.9769968290467431,0.022455035345423462,5.481356078332741E-4
18091.0,0.3593407031037135,0.005469813072866181,0.6351894838234204
17549.0,0.9835223648514858,0.01647237309257323,5.262055941054281E-6
17822.0,0.16958482772588943,2.1832975302657015E-7,0.8304149539443576
18580.0,0.9999457762772852,5.419867969077048E-5,2.5043024041125818E-8
17209.0,0.20328712261003198,0.5609965914173425,0.23571628597262553
18022.0,0.4627378239588428,0.08449283044993769,0.45276934559121945
18293.0,0.22022149988518908,0.7794539982801104,3.245018347004279E-4
17747.0,4.749332240514435E-4,2.1970097754789165E-5,0.9995030966781937
17472.0,0.9964374871365101,0.0035219204312537757,4.059243223594261E-5
18641.0,0.4376205517526236,0.5608334833199816,0.0015459649273947282
17413.0,0.0028210763724214475,0.6332388040895796,0.36394011953799904
17686.0,0.04318259695764476,0.0011484054545180967,0.9556689975878372
18224.0,0.005161210788513897,0.004781115796396792,0.9900576734150893
17955.0,0.0708080009417949,0.03432498231908707,0.8948670167391181
17276.0,0.0010477995480465362,0.6341318486672135,0.36482035178474
17007.0,0.8963617506412529,0.07345986709415427,0.03017838226459281
18703.0,0.040478814369107656,0.18105463132233063,0.7784665543085617
18460.0,2.1501769028148986E-11,3.99156352452106E-13,0.999999999978099
17883.0,0.7671621843347186,0.23280077647487654,3.703919040470171E-5
17608.0,0.044012070413036904,0.9436686066214842,0.01231932296547893
18158.0,0.5793883872246322,0.4205948237887468,1.6788986620821103E-5
18429.0,5.63358963449005E-4,0.8501708690424608,0.14926577199409036
17058.0,0.02192255406161012,3.044220373044299E-7,0.9780771415163525
17329.0,9.247491666897403E-8,0.999999907141328,3.837553143175778E-10
18520.0,2.8238195443535215E-47,6.660691471575232E-48,1.0
18361.0,0.15893802597262938,0.8215647361300064,0.019497237897364326
18090.0,0.19353679606217594,0.6558871981522265,0.1505760057855975
17548.0,0.08537801908671314,0.6186935536882179,0.29592842722506896
17823.0,3.634692606249591E-5,0.9999630727869611,5.8028697644527E-7
17397.0,4.734688140607699E-6,2.3405810146872665E-8,0.9999952419060493
17126.0,7.645331370303351E-4,0.5792658574783179,0.41996960938465183
18581.0,2.337202448382782E-17,1.3741747289157E-13,0.9999999999998627
18023.0,0.006614853743997144,0.0011386767489352239,0.9922464695070676
18292.0,0.0033861467844688016,0.8633195806499017,0.13329427256562945
17746.0,0.4966589773919274,0.01634396671977474,0.4869970558882979
17473.0,0.8565173164447054,5.650488741632164E-4,0.14291763468113136
17208.0,0.9527160471615093,0.04646344186275916,8.20510975731545E-4
17334.0,0.5912831170660675,0.0013258442106973904,0.407391038723235
17061.0,0.6327623835681182,0.3605686893392707,0.006668927092611109
18426.0,0.00422582845152606,0.20689990330739286,0.7888742682410811
18153.0,0.008877110781961723,0.991121383598827,1.5056192112754534E-6
17615.0,0.9437327235197164,0.056245223355871406,2.2053124412310217E-5
17884.0,4.889847120091421E-6,0.02508951952786031,0.9749055906250195
18459.0,8.626756899999049E-4,0.9991362924042196,1.03190578036278E-6
18696.0,0.43013436209940736,0.5698647863466487,8.515539438198784E-7
17000.0,0.9980750848164928,0.0017935916415925738,1.3132354191472919E-4
17275.0,5.814460393136161E-6,0.00270327973913508,0.9972909058004719
17956.0,3.465336600625121E-12,0.9999999999965038,3.084930124351395E-14
18231.0,0.9929296243372023,0.007038475578635881,3.1900084161864086E-5
17681.0,0.9956005778456962,0.0043716338433381526,2.778831096563441E-5
17410.0,0.13273806054991044,0.03380957973723421,0.8334523597128554
18646.0,0.5011456310262178,0.4984632109893847,3.9115798439742484E-4
17215.0,0.9741318788251857,0.024477045766676534,0.0013910754081376858
17478.0,0.9701383192365214,0.029858893566968376,2.7871965101951136E-6
17749.0,0.8425047683548961,0.1574815043228049,1.3727322299041914E-5
18291.0,0.9906840727035359,0.009237836812861137,7.809048360304328E-5
18016.0,5.512106485290835E-7,0.0027953426437092492,0.9972041061456423
18578.0,3.3760288495215726E-11,3.6590573790019334E-17,0.9999999999662397
17121.0,0.9827842705685941,0.017209061670604833,6.6677608010311525E-6
17394.0,0.20070847195592145,0.7987221048950282,5.694231490504465E-4
17816.0,4.888512076282016E-4,3.320911664562747E-5,0.9994779396757262
17547.0,0.9119473639824488,0.0874720310975325,5.806049200187539E-4
18093.0,0.01400132613645571,0.9851910566009406,8.076172626036529E-4
18366.0,0.8688353138811934,0.12800662730382048,0.0031580588149860557
18527.0,0.7418501807110077,0.2581429917698689,6.8275191234131304E-6
18427.0,0.7941889462691997,0.20572878805867156,8.226567212883978E-5
18152.0,3.3546365204086773E-13,1.3976748255105429E-13,0.9999999999995247
17614.0,1.976962348562188E-25,5.362801253878752E-36,1.0
17885.0,0.8749893635584806,0.12501048291831282,1.5352320669210628E-7
17335.0,0.6060700594619151,0.39392334880247887,6.5917356061118775E-6
17060.0,0.8855446219311683,0.11429077710745043,1.6460096138127146E-4
18458.0,0.037478538583988974,0.02715415030675564,0.9353673111092554
18697.0,0.3533352704184882,0.026271331828942656,0.6203933977525691
17957.0,0.5451566741487812,0.17184846047846403,0.2829948653727547
18230.0,3.270628376881498E-10,4.981783424306401E-17,0.9999999996729372
17680.0,0.9843667425527902,0.015621417346263001,1.1840100946857215E-5
17411.0,0.9744043094292454,0.025588278377303826,7.412193450701991E-6
17001.0,0.9842318053312487,0.015765231512814323,2.963155937088345E-6
17274.0,8.093733149524844E-16,2.679262616588291E-13,0.9999999999997313
18647.0,0.6941910487119194,0.2598383664205588,0.045970584867521966
17479.0,0.0022790522540162496,0.5329594874841502,0.46476146026183357
17748.0,0.9218939531053236,0.05686628679476449,0.02123976009991182
18290.0,0.9882147388702817,0.011783360281870645,1.9008478476628553E-6
18017.0,0.060199947944567046,0.9396740602751751,1.259917802578366E-4
17214.0,2.795688260564616E-13,2.1970441242437296E-13,0.9999999999995007
18579.0,0.990596577642824,0.009376261732150445,2.716062502550003E-5
17817.0,0.0011373865749099337,0.9988228994268255,3.9713998264529535E-5
17546.0,0.9468005858736,0.010366923805764608,0.0428324903206354
18092.0,0.9894964533620481,0.010500178653299186,3.3679846528379816E-6
18367.0,5.048999444593144E-47,3.337227748527398E-45,1.0
17120.0,4.1849690445926836E-8,1.0802487261028379E-10,0.9999999580422846
17395.0,0.04086046109804077,0.03572090158271917,0.9234186373192401
18526.0,1.3488974482312624E-6,3.12768752149231E-7,0.9999983383337997
18698.0,0.9466524915534011,0.05333748178971125,1.002665688766445E-5
18457.0,0.9901980397223771,0.009799935817844514,2.0244597784864615E-6
17063.0,0.9953309561732293,0.001111533910947873,0.0035575099158228
17332.0,2.3570027600394177E-4,0.6837382413828401,0.3160260583411561
18155.0,0.5154717205207265,0.48452179846990195,6.481009371558578E-6
18424.0,0.002557162293955057,0.1957040887931098,0.8017387489129352
17886.0,0.9744043094292454,0.025588278377303826,7.412193450701991E-6
17613.0,0.9018573982698682,0.09801892785218168,1.236738779501794E-4
18644.0,7.708698917539731E-4,5.633928964592235E-8,0.9992290737689564
17273.0,0.9904303566042661,0.00956950490100776,1.3849472614682356E-7
17002.0,0.00697277567998428,0.5516263253742796,0.44140089894573614
18229.0,0.9431933345915297,0.05679099046326535,1.567494520487706E-5
17958.0,1.249039433508444E-13,5.793905447601923E-15,0.9999999999998692
17408.0,0.033968844982794046,0.9354065993872367,0.030624555629969248
17683.0,0.6660788157397034,0.32751373299504133,0.006407451265255269
18576.0,0.9908342734001838,0.009163918968556754,1.807631259419757E-6
17213.0,0.5716725428120629,0.42832649933073547,9.578572016428267E-7
17751.0,0.9871831478173451,0.010114968485976516,0.002701883696678431
17476.0,0.00882358004780323,0.9911392396809234,3.718027127329298E-5
18018.0,0.6091245213644954,0.39087416231669503,1.3163188096412575E-6
18289.0,0.6134780386790428,0.38616888739089694,3.530739300601745E-4
18525.0,0.814825610298892,0.18512875156029807,4.563814080992942E-5
17392.0,0.9835703760991253,0.01642818553188915,1.4383689855644595E-6
17123.0,7.084583839181877E-4,0.9975231173851646,0.0017684242309171493
17545.0,1.487097223412262E-6,4.6181527623648355E-5,0.9999523313751529
17818.0,0.9479855817618762,0.05200736906703493,7.04917108887185E-6
18364.0,0.006087884705958406,0.9939120546201368,6.067390501715357E-8
18095.0,0.13430210434328801,0.03065482562940632,0.8350430700273058
18699.0,0.9126414278047693,0.08730333496848337,5.523722674729701E-5
18456.0,4.901382566426587E-6,0.999284273456776,7.108251606577115E-4
18154.0,5.4877876908435666E-8,0.9999998769061368,6.821598627996866E-8
18425.0,0.9998378484704747,1.6000078404344073E-4,2.150745481680883E-6
17887.0,0.0346866131861436,0.9434425068423904,0.021870879971465952
17612.0,0.9805333656224037,0.019463844959724044,2.7894178721769816E-6
17062.0,6.0670122799682315E-5,0.9999392098263808,1.200508195907732E-7
17333.0,0.7758354108884893,6.529509992549385E-5,0.22409929401158524
18645.0,2.962783933819065E-6,6.722165991069487E-4,0.9993248206169592
18228.0,5.891640059710245E-6,1.217219695808308E-8,0.9999940961877434
17959.0,0.02265494831983318,0.9773151503523928,2.990132777403688E-5
17409.0,0.801742346039293,0.19775655337266593,5.011005880410538E-4
17682.0,0.8614484903944564,0.07373509403505142,0.0648164155704921
17272.0,0.23193749611164768,0.7680624179091583,8.597919407725571E-8
17003.0,1.8303656390082594E-5,0.9999815639740998,1.3236951025889862E-7
18577.0,0.0080004933664351,0.9917521029040208,2.474037295441037E-4
17750.0,1.0930094960235146E-5,0.9999890697123173,1.9272243554575143E-10
17477.0,0.199428324128429,0.8005381551406743,3.352073089674031E-5
18019.0,0.9225370138879484,0.07739658164461932,6.64044674323054E-5
18288.0,0.10480240808064022,0.8951311444182953,6.644750106451458E-5
17212.0,0.987060639468778,0.012778943535038072,1.6041699618397125E-4
18524.0,0.9990542283546087,7.320352093625165E-4,2.1373643602886082E-4
17544.0,3.3053881414538926E-6,5.4034789022945685E-9,0.9999966892083796
17819.0,0.908520046759376,0.09063713032046372,8.428229201603066E-4
18365.0,0.008099982885832841,0.0017934292279448074,0.9901065878862223
18094.0,2.0183738490768466E-6,1.0421053417605555E-6,0.9999969395208091
17393.0,0.0038111015132902605,0.9960853541829457,1.03544303764003E-4
17122.0,0.3777003498613227,0.6160805181452996,0.006219131993377754
18498.0,2.1995989980980064E-6,0.0012910438245854895,0.9987067565764164
17148.0,4.679602085705398E-13,3.244453963844225E-17,0.9999999999995319
17391.0,2.136416274964916E-8,0.9999999782756523,3.6018481644872943E-10
18096.0,0.7377053203298022,0.2622845331432151,1.014652698265648E-5
18339.0,2.011160922089273E-20,7.934698995169927E-14,0.9999999999999206
17797.0,0.9715691501502289,0.028394667380103683,3.618246966748542E-5
17558.0,0.9835844810497525,0.0041282886317403475,0.012287230318507127
18575.0,0.8691957613232342,0.13063448567437375,1.6975300239200093E-4
17186.0,0.9700739774462406,9.723941251017963E-5,0.02982878314124926
18286.0,0.17162940071546864,0.82684918217044,0.0015214171140913463
18045.0,0.9835223648514858,0.01647237309257323,5.262055941054281E-6
17499.0,0.0035614367536710937,0.669834805447011,0.3266037577993179
17736.0,4.304237282057522E-41,1.6951669562599027E-40,1.0
18635.0,3.246768168528404E-18,4.893501057396021E-13,0.9999999999995107
17013.0,0.9895467618974538,0.010448036011060813,5.202091485312829E-6
17254.0,4.016218702961227E-4,6.822324363135605E-7,0.9995976958972677
17676.0,6.012856775376269E-19,3.853910925034303E-14,0.9999999999999615
17439.0,0.98845662945219,0.01153625401318927,7.116534620731179E-6
17977.0,0.934127186591923,0.06586848163858627,4.331769490682552E-6
18218.0,5.506981394360727E-4,0.9994492855583957,1.6302168066154153E-8
18438.0,0.9793093040105431,0.020337515529222503,3.5318046023442753E-4
18709.0,0.0052458059000456015,0.9946903661628201,6.382793713429871E-5
17323.0,1.0826438283733409E-5,0.9999744778180419,1.469574367434534E-5
17080.0,5.156163358963034E-7,0.99999948431385,6.981400230489628E-11
17618.0,2.040749802245104E-9,1.2763001768928845E-11,0.9999999979464872
17857.0,0.3735434809756441,0.0026734415471274284,0.6237830774772285
18407.0,0.9384089414673304,0.06158835696988978,2.701562779669957E-6
18164.0,0.032771910722033365,0.9671461616062483,8.192767171831727E-5
18499.0,0.9804009361143796,0.0015570756683055166,0.0180419882173149
18097.0,0.005179719262695215,0.9948169989760296,3.281761275190971E-6
18338.0,1.7747853071804803E-8,2.868168778688041E-11,0.9999999822234652
17796.0,5.215302889561299E-7,0.9999994784467232,2.2987697669220708E-11
17559.0,0.8242111806528908,0.17104239066178267,0.004746428685326549
17149.0,5.222017237009215E-6,6.474647322344837E-7,0.9999941305180308
17390.0,0.2740767348428413,0.7227294221653178,0.0031938429918409177
18574.0,2.0831101974677157E-16,1.7437958161481763E-25,0.9999999999999998
18287.0,0.9745374789754384,0.025432875419022536,2.9645605539013183E-5
18044.0,0.9303150637465452,0.06200396224504733,0.0076809740084076445
17498.0,0.9787486980718301,0.02124679746606426,4.504462105759019E-6
17737.0,0.310701626106537,0.6820851273274129,0.007213246566050108
17187.0,0.001561752018653069,6.699515767186702E-8,0.9984381809861893
18634.0,0.99256614995817,0.007365122280893279,6.87277609367974E-5
17677.0,6.01326831336176E-4,1.2414118117624735E-7,0.9993985490274827
17438.0,2.1752415741390178E-6,1.8971442308927594E-5,0.9999788533161169
17976.0,0.8070609071082173,0.1928480390226052,9.105386917747852E-5
18219.0,0.639870939894923,0.3526356712731996,0.007493388831877252
17012.0,0.032669381297803717,0.6386613617507312,0.32866925695146515
17255.0,6.185536208476742E-19,1.7563515875871412E-13,0.9999999999998244
18439.0,1.4354030893018098E-8,8.024260877512461E-14,0.9999999856458889
18708.0,3.664016861603181E-4,0.09656308150015215,0.9030705168136877
17619.0,1.0388861119462848E-4,0.9993455724006244,5.50538988181006E-4
17856.0,0.6741801380710506,0.325497926389477,3.2193553947232713E-4
18406.0,0.9052109184458051,0.09469515369965432,9.39278545406077E-5
18165.0,0.049050129013548535,0.027476402352824027,0.9234734686336274
17322.0,2.5280628398231765E-4,0.9997466451038761,5.486121415183235E-7
17081.0,0.9932230630913519,0.006773908419197681,3.028489450361529E-6
17389.0,0.0016660857276630187,0.9983313530232325,2.5612491043727834E-6
17150.0,0.981560470811761,0.01839548889742211,4.404029081693807E-5
18337.0,0.6350004241024526,0.3649972187901493,2.357107398245568E-6
18098.0,0.9614607835598079,0.038538893376294785,3.2306389733240456E-7
17556.0,0.9765118427046652,0.02338529360724704,1.0286368808777314E-4
17799.0,0.6128129400030748,0.38557782900965026,0.0016092309872749546
18496.0,1.4432869223663102E-22,1.738193684569689E-17,1.0
17184.0,8.709417713808729E-4,4.717411658887351E-5,0.9990818841120302
18047.0,0.9563351300093018,0.04360344376377777,6.142622692044099E-5
18284.0,0.9846914768930516,0.015120292088998025,1.882310179503896E-4
17738.0,0.9774088356605352,0.022520958387256696,7.020595220817903E-5
17497.0,0.9409750136003148,0.05569625559422163,0.003328730805463595
18573.0,0.2782256014481985,0.7217563158663225,1.808268547892458E-5
17252.0,0.035363256822011045,0.004973047451689619,0.9596636957262993
17015.0,3.5000176131158964E-5,0.008869863509612453,0.9910951363142564
17437.0,0.9900001751859799,0.009988629972691327,1.1194841328747736E-5
17678.0,1.3418119244250852E-4,0.9991150681156011,7.50750691956301E-4
18216.0,0.990740818150196,0.009257877392390677,1.304457413366382E-6
17979.0,2.9167763971610006E-12,6.561221604906156E-14,0.9999999999970177
18633.0,0.4206287801597637,0.5793347500167811,3.6469823455310144E-5
17082.0,0.10654091070193715,0.3545258123209516,0.5389332769771112
17321.0,0.04068791302904071,0.9592731502725764,3.8936698382714074E-5
17859.0,0.0035989418213910386,0.9963888546841151,1.2203494493872255E-5
17616.0,0.9217356171696033,0.07824721317429252,1.7169656104228253E-5
18166.0,3.763948488853669E-7,8.578217943378904E-13,0.9999996236042933
18405.0,0.9079888488906931,0.09197729617914255,3.385493016448549E-5
18711.0,0.9971328382807503,0.002853975891002118,1.3185828247462385E-5
18436.0,3.455336919826322E-4,0.0035282061497696627,0.9961262601582477
18336.0,0.20049073041993135,0.23494720286383458,0.5645620667162342
18099.0,0.020193878520236224,0.9784304527449114,0.0013756687348524138
17557.0,0.9457425288984592,0.03216761911906242,0.02208985198247837
17798.0,0.013124405101768627,0.09693920724138788,0.8899363876568436
17388.0,0.9715034634750793,0.028492833008500428,3.703516420330556E-6
17151.0,0.29942049945811133,0.028481331041523256,0.6720981695003654
18497.0,0.1625134203417197,0.8295358891634169,0.007950690494863449
18046.0,0.0043795745618704805,0.9956112643073097,9.161130819955616E-6
18285.0,0.752683981818501,0.24702640247534835,2.8961570615054755E-4
17739.0,0.027188079557916908,7.38653112006782E-6,0.972804533910963
17496.0,0.01931335172157137,0.9806579658233595,2.868245506913755E-5
17185.0,0.3856948093542464,0.6141561812900485,1.4900935570523282E-4
18572.0,0.010988797741359241,0.9816822351928542,0.007328967065786653
17436.0,0.9745607608473915,0.02540016526268815,3.907388992044929E-5
17679.0,3.747049300530883E-4,0.2442592921944194,0.7553660028755275
18217.0,0.8663505940958942,0.11957814950048422,0.014071256403621498
17978.0,0.8281479183038853,0.15498770052629157,0.016864381169823105
17253.0,2.565450870817033E-7,0.015599984228261164,0.9843997592266518
17014.0,0.7928676718161446,0.20692379315486692,2.0853502898853454E-4
18632.0,0.8463962260558935,0.15357622863359974,2.7545310506783525E-5
17858.0,0.8592338848656866,0.13568112326687454,0.0050849918674387255
17617.0,0.19315737461585403,0.7295100115020863,0.07733261388205964
18167.0,1.658450880931491E-21,1.0,5.5307181168801275E-21
18404.0,1.5066187491320124E-5,1.7596265765516098E-6,0.9999831741859322
17083.0,0.02591687157035174,0.9736725878485883,4.1054058105981526E-4
17320.0,0.10930025380326595,0.8906953248654556,4.421331278584828E-6
18710.0,9.239940228073906E-4,1.5353458035492303E-5,0.9990606525191571
18437.0,7.450484790952463E-13,7.153228324833256E-22,0.999999999999255
18571.0,7.941488251242844E-10,0.999999998990276,2.1557523762129363E-10
17190.0,3.3823882880614255E-11,2.9381725810250002E-6,0.999997061793595
17503.0,0.04150624585838341,0.9584699285014378,2.382564017879433E-5
17740.0,2.1302155129605092E-26,2.6963641733422224E-27,1.0
18282.0,0.9459358716984034,0.05406180923172922,2.319069867289201E-6
18041.0,0.9934498853490903,0.006538398315633629,1.1716335276251628E-5
18502.0,0.8572231795622655,0.1257651659740723,0.0170116544636623
17144.0,4.706349567449549E-10,2.0609294829913385E-16,0.9999999995293648
17387.0,0.9839010077530908,0.016089952863840122,9.039383069172578E-6
17793.0,0.012624522180154168,0.08283116799302162,0.9045443098268242
17554.0,0.997728447709,9.640705920144419E-5,0.002175145231798368
18100.0,0.03300399749508247,0.8900793569474086,0.07691664555750904
18343.0,0.7927830334707536,0.20684026595020472,3.7670057904162964E-4
18434.0,0.9973240367756325,0.0023911669029031885,2.8479632146420565E-4
18705.0,6.030660190506286E-4,4.785414666330583E-4,0.9989183925143164
