18081.0,0.7143975704315488,0.2856022481062468,1.814622042602286E-7
18354.0,0.8436026232532859,0.15639593012304345,1.446623670595464E-6
17812.0,0.8308488293417401,0.019063700462091725,0.1500874701961682
17543.0,0.025958856561923087,0.9263891792618116,0.047651964176265264
17133.0,4.909896591144566E-7,0.9999989531613355,5.55849005415206E-7
17406.0,0.951061753124535,0.048935852394925816,2.3944805392455412E-6
18752.0,1.2599929408638405E-4,0.9998740006930966,1.2817049593753876E-11
18515.0,0.9995627789531766,4.372121191629473E-4,8.927660459440305E-9
18303.0,0.0011366738404508514,0.9982736041604765,5.897219990727617E-4
18028.0,5.006284318293773E-33,4.561094950158342E-30,1.0
17482.0,4.565942437586798E-12,5.667179990725566E-6,0.9999943328154433
17753.0,0.9998419535642507,4.563919989887209E-5,1.1240723585053692E-4
17203.0,0.0029931557636776827,0.9969139729762061,9.28712601161166E-5
18590.0,0.9983206325792887,0.0016793631531907618,4.267520589806787E-9
17693.0,0.9999998415189024,1.5848099835899884E-7,9.917567159658738E-14
17422.0,0.052972484925481005,0.036394103515994716,0.9106334115585243
17960.0,0.9999996528271228,3.3203234552371796E-7,1.5140531807363363E-8
18235.0,0.019924966820453686,0.0024215562291864056,0.97765347695036
16996.0,0.9994575859905453,5.424134827003451E-4,5.267542957973942E-10
17271.0,0.9999928929184518,7.091573935753305E-6,1.550761230318729E-8
18650.0,0.01004295899346122,0.9899570409258626,8.067614846080849E-11
17603.0,0.9999908168223187,9.181191211065684E-6,1.9864701896189533E-9
17872.0,0.9999998899922039,1.0994235371531512E-7,6.54423542871042E-11
18422.0,0.9995895440706565,4.104557142937283E-4,2.150498611341212E-10
18149.0,0.6216166495510581,0.3783833444168392,6.032102681886963E-9
17338.0,8.58436841344334E-9,0.027708695548710083,0.9722912958669214
17065.0,7.058980463874562E-5,0.9999120973912303,1.7312804131032828E-5
18455.0,0.9999999899231282,1.0076855260782092E-8,1.6592121621827505E-14
18692.0,4.528347793657159E-16,3.3110966084444586E-20,0.9999999999999996
17132.0,9.431284991757373E-7,1.5259062966433902E-6,0.9999975309652043
17407.0,3.092739880902443E-7,2.408855923734832E-11,0.9999996907019234
18080.0,0.9985166994639365,0.001482639187816173,6.613482473685501E-7
18355.0,1.229644429834232E-4,0.0011867541618377346,0.9986902813951788
17813.0,3.1643320208386184E-12,0.9999999999968356,1.8150358322354505E-18
17542.0,0.003918806115644492,0.9960811770109406,1.687341481367406E-8
18514.0,0.0025946424072477957,0.9733270000776488,0.024078357515103274
17202.0,0.1010392731443201,0.8974609728088726,0.0014997540468073228
18302.0,0.9905597787267415,0.009440218999330664,2.2739278250829575E-9
18029.0,0.9555082213765719,0.04449176703098228,1.159244585068801E-8
17483.0,0.9959456412110003,0.003912399728303968,1.4195906069571043E-4
17752.0,2.61669885890129E-47,1.1063597846141509E-48,1.0
18591.0,1.0439832372781995E-16,1.1688133983046948E-27,0.9999999999999999
16997.0,0.9992780548439126,4.630970918745365E-4,2.588480642128279E-4
17270.0,0.9998879210363294,1.1207019771079216E-4,8.76595982908209E-9
17692.0,0.9994514770350539,5.485214551287449E-4,1.5098171988247174E-9
17423.0,2.7002342367145816E-17,3.786231870201391E-12,0.9999999999962137
17961.0,0.021829553564907112,0.9781702998084413,1.466266516247218E-7
18234.0,0.026542092064988303,6.698923306386196E-4,0.9727880156043731
18651.0,5.768480721987507E-6,0.9999937279237757,5.035955023244414E-7
17339.0,0.9852153749266989,1.723711056462295E-4,0.014612253967654807
17064.0,0.993814697846957,0.006185285453941819,1.6699101138313137E-8
17602.0,2.8486234125383416E-9,3.3213778292305093E-7,0.9999996650135936
17873.0,0.9995452089886325,4.5478951036686117E-4,1.501000623935856E-9
18423.0,6.273317931276547E-7,9.671250927483831E-4,0.9990322475754585
18148.0,0.13486499305646968,0.714194531678848,0.1509404752646822
18454.0,2.8267638936053926E-6,0.9999971721650752,1.0710312012523233E-9
18693.0,0.0011960371020940295,3.477564141990509E-8,0.9988039281222646
18513.0,7.428392982697729E-5,3.178811918303194E-4,0.9996078348783427
18352.0,0.9994741217965487,5.258777757591497E-4,4.276922418091448E-10
18083.0,1.970912001258912E-12,1.3642779127451676E-15,0.9999999999980278
17541.0,0.9996699290766474,3.3006978130742967E-4,1.1420451009863474E-9
17814.0,0.0010171428500380041,0.9975202853551254,0.001462571794836648
17404.0,0.9999384302522905,4.706447562840004E-5,1.4505272081084473E-5
17135.0,0.9999987682573055,8.399707686180871E-7,3.917719258886136E-7
18588.0,0.024159651285411664,2.068725574377142E-6,0.975838279989014
18030.0,4.335133974223649E-31,1.0742092071734578E-34,1.0
18301.0,5.596335179033742E-10,3.9646059086496295E-9,0.9999999954757606
17755.0,2.6580271234115764E-22,0.9999999999996619,3.3805942784887384E-13
17480.0,3.6063134560489475E-11,6.236724560022532E-10,0.9999999993402644
17201.0,0.9982906396791658,0.0017093601554292418,1.6540490309789286E-10
18648.0,0.9974386692645306,0.0025613255359743657,5.199495178259531E-9
17420.0,2.7841495071109887E-6,7.883313687213254E-9,0.9999972079671792
17695.0,0.996143883641259,0.0038561137651458182,2.5935951078846326E-9
18233.0,0.9993967996606089,6.031927228311017E-4,7.616559959607551E-9
17962.0,0.42856089331267655,0.5713903517122315,4.8754975092030755E-5
17269.0,1.8328252189610902E-6,0.9999981670951619,7.961914013794693E-11
16998.0,0.9979985124465752,0.0011938218975845484,8.076656558403453E-4
18694.0,0.9356077976900815,1.0911672736129488E-8,0.06439219139824566
18453.0,0.00578097578622445,8.752606802601424E-6,0.9942102716069728
17874.0,0.9998486442048689,1.513556696567803E-4,1.2547439338725016E-10
17601.0,0.01088678666260456,0.9581764417129668,0.030936771624428695
18151.0,0.9930805672519044,0.006918793336959461,6.394111360803468E-7
18420.0,3.3858020708386942E-18,3.3850433422067923E-15,0.9999999999999967
17067.0,0.4620261579758187,9.77663251437348E-4,0.536996178772744
17336.0,0.010759024971529797,0.9887541043647173,4.8687066375298E-4
18512.0,0.3836255640554954,0.6163744300592227,5.8852821460571394E-9
17405.0,3.590160830484607E-15,0.9999999999999964,5.436187472801658E-24
17134.0,0.0019132425457933744,0.8129646982173494,0.18512205923685718
18353.0,1.537549634398454E-5,0.10067430375943238,0.8993103207442237
18082.0,5.2223299559986594E-8,1.5387181760865987E-4,0.9998460759590918
17540.0,0.9994996298882562,4.559423237765979E-4,4.4427787967074354E-5
17815.0,0.9963558805491574,0.003644087447664974,3.200317766885074E-8
18589.0,7.39207263603395E-6,6.800640507826362E-4,0.9993125438765813
17200.0,4.9299193264414206E-61,3.611530540442121E-57,1.0
18031.0,0.9998975167420896,1.0248320818323516E-4,4.972713961645807E-11
18300.0,0.03894737977698014,0.9610437739586961,8.846264323705682E-6
17754.0,0.8233694899910624,0.17657542769404308,5.5082314894504446E-5
17481.0,3.129003583256693E-13,3.849276248870042E-9,0.9999999961504109
18649.0,0.05187135001143874,8.665801880458455E-4,0.9472620698005154
17268.0,0.9997440563984545,2.5591759888082024E-4,2.6002664700845496E-8
16999.0,0.005363360538553702,0.99425818761867,3.784518427763738E-4
17421.0,0.9999989747095746,1.0251353085526544E-6,1.5511693315428667E-10
17694.0,8.350139487718777E-7,4.5077229836503247E-8,0.9999991199088214
18232.0,0.9691541913419867,0.030845475567386465,3.3309062686201126E-7
17963.0,0.10590688232079115,0.8940929035838793,2.1409532960931216E-7
18695.0,0.9998533513025377,1.4664867893692728E-4,1.8525396163852263E-11
18452.0,0.995004797512677,5.328755172516317E-7,0.004994669611805704
17066.0,0.9543442773990661,0.0456552477662461,4.74834687769873E-7
17337.0,0.9986123038421209,0.0013445072572555914,4.318890062353076E-5
17875.0,2.1054694041568127E-7,1.7249774416211813E-4,0.9998272917088974
17600.0,0.026363664429623117,1.9821720254233892E-10,0.9736363353721597
18150.0,0.5014275667827071,0.494114093520196,0.004458339697097036
18421.0,0.9074004995872024,0.09259926076825364,2.3964454389401343E-7
17486.0,0.9999577529374715,4.224674534861348E-5,3.171799998611639E-10
17757.0,0.002409572316318567,8.56369380597272E-6,0.9975818639898755
18299.0,0.9990005074790786,9.994824638949774E-4,1.00570264605693E-8
18024.0,0.5305301836288108,0.004872361150087278,0.46459745522110196
17207.0,0.9997059307992847,2.940691218581569E-4,7.88570151066268E-11
18586.0,8.214717710661457E-11,0.9999999999178528,3.705630753299977E-20
17808.0,0.9981512214979075,0.001785192475390522,6.35860267019258E-5
17539.0,4.6121391312836075E-9,5.805707268282928E-14,0.9999999953878028
18085.0,0.21299470364130701,0.444768496771117,0.342236799587576
18358.0,0.9804587449309812,0.019541104905282918,1.501637358332255E-7
17129.0,0.9987745163629764,0.0012254820600730392,1.5769504947832847E-9
17402.0,0.03964133019258754,0.960350556362042,8.113445370374137E-6
18519.0,7.086829119014279E-15,0.999999999999993,1.5171679910879817E-27
18418.0,0.9874358923192615,0.012562239273211881,1.8684075266400924E-6
18145.0,8.814497010967014E-28,5.257267396667059E-37,1.0
17607.0,0.9606416126366972,0.03935745949830731,9.278649953753821E-7
17876.0,0.9999630799995324,3.6897450003535475E-5,2.255046388172151E-8
17342.0,0.3254014151232889,6.2587944290064315E-12,0.6745985848704523
17069.0,0.9999917027479455,8.295194799474219E-6,2.057254894949027E-9
18451.0,3.721102496036429E-7,4.3985651178150523E-10,0.9999996274498939
18688.0,0.8672765752199867,0.12420767587486121,0.008515748905152176
17964.0,2.5164762317002816E-51,4.690502808427104E-53,1.0
18239.0,2.164516011336327E-8,9.118162198758104E-21,0.9999999783548399
17689.0,0.6424415994468516,0.35755838724319394,1.330995444446539E-8
17418.0,2.060363119120049E-5,0.029628925215603796,0.970350471153205
16992.0,0.1351687103812198,0.8646172052385138,2.1408438026637204E-4
17267.0,2.0058848110572682E-4,0.9997981851527957,1.2263660985173888E-6
18654.0,2.9656329934328713E-6,1.780594892060218E-9,0.9999970325864117
17206.0,0.9452897831802048,0.05471021347377145,3.3460236465779272E-9
17487.0,0.9978773552878012,0.00212264425102096,4.6117783548605777E-10
17756.0,4.695618705134218E-6,0.842342863663844,0.15765244071745096
18298.0,1.0787673585718723E-9,3.284518588922661E-8,0.9999999660760468
18025.0,6.176932719335767E-6,0.9999938130371512,1.0030129385347942E-8
18587.0,0.9992435584423155,7.550259460880101E-4,1.415611596444159E-6
17128.0,0.9968664204160615,0.0031335795178578244,6.608058006290894E-11
17403.0,9.380099096972019E-5,4.866227088803461E-7,0.9999057123863215
17809.0,0.0011354493559982012,0.8436251815633039,0.1552393690806978
17538.0,0.9998975167420896,1.0248320818323516E-4,4.972713961645807E-11
18084.0,0.9918335300799758,0.005443152449863552,0.0027233174701608194
18359.0,0.7884327024675072,0.21102089038216743,5.464071503253735E-4
18518.0,0.002683024922508301,7.396368224629084E-5,0.9972430113952453
17343.0,0.9933811937670525,0.00661831829319087,4.879397566331166E-7
17068.0,0.7793606167348002,0.22063938103771383,2.2274859173341166E-9
18419.0,3.258347796391473E-4,1.4994950620722964E-4,0.9995242157141536
18144.0,0.007918039390788782,0.9920817109957781,2.4961343319660374E-7
17606.0,0.250917918208106,0.7481635880039542,9.184937879396956E-4
17877.0,0.0030254422205924715,0.3981050882275797,0.5988694695518277
18450.0,0.26690465359140697,0.7257786139424058,0.007316732466187088
18689.0,0.9979261140395207,0.002073787107054677,9.885342451934934E-8
16993.0,7.515748994216484E-13,2.2380538602580087E-13,0.9999999999990247
17266.0,0.916254495775772,0.08374547437815083,2.984607713653465E-8
17965.0,0.6029598261144177,0.39366642155491455,0.003373752330667752
18238.0,0.9998336994704057,1.66300278213124E-4,2.5138126409325274E-10
17688.0,0.581369695043164,6.056489853240995E-6,0.41862424846698254
17419.0,1.1181732145164276E-8,1.7615635244026728E-9,0.9999999870567045
18655.0,0.042938999964770574,0.07879087584571427,0.8782701241895152
18584.0,0.026403271534577555,0.45096719930909707,0.5226295291563254
17759.0,4.353055169725565E-5,0.9999563958805741,7.356772864016803E-8
17484.0,0.999788141095098,2.1185889005009191E-4,1.4852050809369068E-11
18026.0,4.8954174145483975E-5,0.9616310165392602,0.03832002928659416
18297.0,0.999989473743773,1.0408180556297054E-5,1.1807567067420624E-7
17205.0,0.9999433691737842,5.6630785184997856E-5,4.103073878361148E-11
18517.0,2.2700980176025915E-6,0.9999977299019671,1.5245617162105803E-14
17537.0,0.9964086677705898,0.0035865964204343857,4.735808975929263E-6
17810.0,0.9996406617010595,3.266117794817274E-4,3.272651945867348E-5
18356.0,1.6232624192024534E-5,0.9999837673752894,5.187245801188123E-13
18087.0,0.24921392982680635,0.7507860579955186,1.2177675059732135E-8
17400.0,0.9999803883446249,1.9518841501096305E-5,9.28138740936092E-8
17131.0,0.0038740147059059113,0.9960154760964094,1.1050919768469143E-4
18690.0,0.005369813893368244,0.9946298138102423,3.722963895044922E-7
18449.0,4.551845185225689E-15,0.9999931564347835,6.843565211865993E-6
18147.0,1.7645712952403354E-4,0.9989661667937305,8.573760767454263E-4
18416.0,0.993168859387925,0.006831140522364414,8.971059788200216E-11
17878.0,2.181348454674913E-4,0.9997799186782935,1.9464762391166024E-6
17605.0,0.043373243097516515,0.45529384302922754,0.501332913873256
17071.0,0.9986915668843693,0.001251924426033835,5.650868959680331E-5
17340.0,0.9994360418676036,5.63956987554127E-4,1.1448423259412305E-9
18652.0,0.9880991992684728,2.4440118972108745E-5,0.011876360612555165
18237.0,2.5703406808525303E-13,4.2347139647627825E-5,0.9999576528600953
17966.0,0.9962262480013762,0.0037734619805750167,2.900180488070987E-7
17416.0,0.9806105135149585,0.01937011194283345,1.9374542208028656E-5
17691.0,6.204285998552714E-16,3.4614761042412463E-20,0.9999999999999993
17265.0,0.9998607095991052,1.3928673779801717E-4,3.66309660788702E-9
16994.0,2.251122393021614E-4,1.2687582902468512E-4,0.9996480119316732
18585.0,0.9997923826718415,2.076171733335249E-4,1.5482500746336527E-10
17204.0,0.8980382992271279,0.09970966203163296,0.0022520387412392857
17758.0,0.6931072737164576,0.3068916561648505,1.0701186917550495E-6
17485.0,0.9960601462883165,0.003939828103234117,2.560844941462642E-8
18027.0,0.8245057139366909,0.16673785225871288,0.00875643380459618
18296.0,0.9999988314736005,1.168523204475613E-6,3.1950056590202297E-12
18516.0,0.9654221019866723,0.010292434122917938,0.024285463890409628
17401.0,0.8401998830090172,0.15979979658444018,3.204065427746594E-7
17130.0,0.1775830902440316,0.8224156870254998,1.2227304685035087E-6
17536.0,0.9990893215246722,5.88198566054156E-9,9.106725933421518E-4
17811.0,4.583829936725092E-42,5.334333249570347E-48,1.0
18357.0,0.9993237090867321,6.750915636210006E-4,1.1993496469281363E-6
18086.0,2.965530188183546E-8,1.3639965218924045E-5,0.9999863303794793
18691.0,6.543517397694418E-5,1.8465008435518051E-6,0.9999327183251794
18448.0,0.1031822038161402,0.20201924174630068,0.6947985544375592
17070.0,0.07105517322813336,0.7673212745199294,0.16162355225193736
17341.0,0.988723600118864,0.01126990839796844,6.491483167577038E-6
18146.0,4.417673909388461E-20,0.999919948794239,8.005120576108628E-5
18417.0,0.034885180783882246,0.9596296723451472,0.005485146870970576
17879.0,3.0492410663006007E-12,7.39291703783038E-15,0.9999999999969434
17604.0,0.9999995669073656,4.330924325263483E-7,2.0179742428393002E-13
18653.0,0.9981282011980434,0.00187178947904792,9.322908857978471E-9
17264.0,0.9338224244808999,0.043377061572590254,0.022800513946509716
16995.0,2.467028685743171E-15,0.9999999999999976,2.2891684124922214E-21
18236.0,4.2553238005160096E-10,0.9999999995744677,4.8694637962661156E-20
17967.0,5.326087856118338E-8,8.499955530090743E-7,0.9999990967435683
17417.0,7.919020180066427E-15,1.0523663088064171E-17,0.999999999999992
17690.0,0.9966973964817567,0.0021889376268132937,0.0011136658914301138
17004.0,0.9445049531417165,0.053983200454137514,0.001511846404146107
17279.0,0.4852170950148501,0.5147829024042733,2.580876645514772E-9
17685.0,1.2723753026095847E-5,9.790956105567073E-14,0.999987276246876
17414.0,0.9435637673930555,0.04164602634137941,0.014790206265565197
17952.0,0.6542867361662769,3.244073737338387E-4,0.34538885645998946
18227.0,0.9403712250658777,0.04821601348864386,0.011412761445478455
18642.0,0.0017948475424292743,0.9981959284197575,9.224037813311391E-6
17330.0,2.2441094651487315E-4,0.999775589053485,1.1978683665126176E-16
17057.0,0.9970431795867664,0.0029568146920949468,5.721138726508747E-9
17611.0,0.8061110699508026,0.05540628037764554,0.1384826496715518
17880.0,0.477356296929346,0.045191526679295387,0.47745217639135856
18430.0,0.9930030196643315,0.006996960538949492,1.979671901769814E-8
18157.0,0.9999789516917236,2.1048242446020365E-5,6.583041830747966E-11
18463.0,0.9999716384518929,2.8360207693581507E-5,1.3404134939922E-9
18700.0,1.1662630108263948E-4,0.008137161678074807,0.9917462120208426
17125.0,0.6670572485494727,0.23742559036628696,0.0955171610842404
17398.0,0.9667843157915245,0.03321566323240949,2.0976066082002877E-8
18089.0,2.4184158167834665E-5,0.0018445155056910458,0.9981313003361412
18362.0,0.9876217624217293,0.012368918070598273,9.31950767236762E-6
17820.0,1.864984409079573E-9,0.9999999981350147,1.0047385836219764E-15
17551.0,0.9956037338443949,9.44344952109611E-5,0.004301831660394126
18523.0,0.9965989912241864,4.412525047976054E-4,0.002959756271016023
17211.0,3.46677822043781E-52,2.580287355637587E-55,1.0
18295.0,0.9839747613636335,0.0160252343848735,4.251492913130002E-9
18020.0,0.03636183419744905,1.2231609761750086E-11,0.9636381657903194
17474.0,0.70486179715632,0.2950690408558125,6.916198786751047E-5
17745.0,0.9955883466000129,0.004411645976590944,7.423396102552049E-9
18582.0,2.3951485020540416E-14,1.3758019498395372E-9,0.9999999986241741
17684.0,0.0016060132879702003,1.436079283703671E-5,0.9983796259191927
17415.0,2.422238566686383E-9,0.9999999975777615,2.666748105752045E-17
17953.0,1.2000710987660895E-5,8.678719307164134E-6,0.9999793205697052
18226.0,3.0086713032862936E-42,2.945869363926397E-45,1.0
17005.0,0.9955269048736988,0.004473093045069879,2.0812314222648565E-9
17278.0,3.8665428135684455E-13,1.5975660015844799E-27,0.9999999999996134
18643.0,0.9974288357766466,0.002571163956799451,2.6655390666951905E-10
17610.0,0.9993069992427983,6.919674637529063E-4,1.0332934488684738E-6
17881.0,0.9998009349302943,1.9906506505142725E-4,4.654202816972119E-12
18431.0,4.157858273840708E-6,0.9999958403871771,1.7545491029224434E-9
18156.0,1.4664978878537655E-46,3.348555960289635E-44,1.0
17331.0,0.9657044226217172,0.034295557982322984,1.9395959873340845E-8
17056.0,0.021260164080149888,1.6790160922564857E-11,0.97873983590306
18462.0,0.4996608668657327,0.11756210044508607,0.3827770326891811
18701.0,7.75216858107872E-22,1.0,2.9224136954940733E-31
18088.0,4.953597942875935E-19,1.0,2.949934210908164E-25
18363.0,1.0142724320255307E-4,0.9998985666001918,6.156605609839856E-9
17821.0,2.9815289874412714E-8,0.9947582110074917,0.005241759177218494
17550.0,0.999994368427081,4.176162159465159E-6,1.455410759514365E-6
17124.0,5.530745341854244E-15,0.9997107670022872,2.89232997707178E-4
17399.0,0.022162436430067958,0.9778375625526992,1.0172327794755516E-9
18522.0,3.675382097454803E-38,6.418779375036541E-40,1.0
18294.0,0.09852268229765994,0.9014773175393792,1.6296088553637546E-10
18021.0,4.274395741369386E-4,0.9839387839508585,0.01563377647500453
17475.0,1.7292321516492248E-4,0.999827076566429,2.1840611531313986E-10
17744.0,3.65129054670638E-7,0.9999773978403793,2.223703056606995E-5
17210.0,9.04554912812061E-25,1.0,6.235546736233831E-33
18583.0,1.1712279621875573E-15,8.18514149392669E-17,0.9999999999999987
18640.0,0.999953510389201,1.6244627252028803E-5,3.024498354702185E-5
17277.0,0.998351919477917,0.0016480381196207455,4.240246221287164E-8
17006.0,0.9999441764059687,5.5823591886895437E-5,2.1442802534186074E-12
17412.0,8.934115675899861E-15,1.5579927837374206E-16,0.999999999999991
17687.0,0.9851551032749085,0.01484469667076226,2.0005432929955008E-7
18225.0,0.9999994301061929,5.691045901730144E-7,7.892170379764619E-10
17954.0,3.3059495015296034E-9,0.9999999916793078,5.0147428197969E-9
18702.0,0.988749546764944,0.011250433948706666,1.9286349370505916E-8
18461.0,0.0036671171247107427,0.9963219493407406,1.0933534548716941E-5
17059.0,0.05823448078438777,0.9417653023117419,2.1690387009999256E-7
17328.0,1.7533030699652834E-11,0.9999999999507322,3.173465712905099E-11
17882.0,2.82642422288682E-17,6.305655650985021E-13,0.9999999999993695
17609.0,0.9998667164532611,1.332835270566836E-4,1.968237395250072E-11
18159.0,5.610542698843855E-56,4.6065345869785664E-57,1.0
18428.0,5.157765020024049E-7,7.066873026690791E-5,0.9999288154932311
18521.0,0.9994411602823865,5.588387817727008E-4,9.358408122035955E-10
17396.0,0.9187314581505144,0.08126819645696412,3.453925215193542E-7
17127.0,0.9999997992806399,2.0071849627562405E-7,8.637297982986016E-13
18360.0,0.9946713584911391,0.005324969676977067,3.671831883937134E-6
18091.0,0.17980530229389152,6.761603265902049E-4,0.8195185373795183
17549.0,0.9994573480197853,5.426515340924919E-4,4.4612217501080373E-10
17822.0,0.6972330111225428,3.41358959606549E-11,0.3027669888433213
18580.0,0.9999999365275062,6.34724778722017E-8,1.604166933089958E-14
17209.0,0.0033204539408532513,0.954536597784007,0.04214294827513979
18022.0,0.37620708118293034,0.10233370325963585,0.5214592155574338
18293.0,0.03847855845421609,0.9614988679815393,2.2573564244753967E-5
17747.0,3.657096336034097E-5,4.953676351968462E-6,0.9999584753602877
17472.0,0.9964931937771622,0.003506648744141795,1.574786959381656E-7
18641.0,0.05712457504855874,0.9422401911093138,6.352338421274909E-4
17413.0,6.353830345258135E-5,0.8725910523173945,0.1273454093791529
17686.0,0.0030488289786636457,3.640843556764691E-6,0.9969475301777797
18224.0,7.133355887445111E-4,0.03735916740040396,0.9619274970108516
17955.0,0.007199332381993577,0.736371170361802,0.25642949725620434
17276.0,2.7546875070189904E-4,0.062063294612130775,0.9376612366371673
17007.0,0.9998409198067122,1.3282324700313557E-4,2.6256946284567293E-5
18703.0,0.04136726095075628,0.3631889912862153,0.5954437477630283
18460.0,4.3861799659999724E-13,2.3231986107340242E-15,0.9999999999995591
17883.0,0.9734129221331032,0.026586674959166754,4.029077300380648E-7
17608.0,0.3551009552106011,0.6444372778519526,4.6176693744624434E-4
18158.0,8.852620756642469E-6,0.9999911473792082,3.5150218182573986E-14
18429.0,2.60280269674026E-5,0.7896633124435941,0.2103106595294385
17058.0,0.055794568887971185,6.958467953652528E-10,0.944205430416182
17329.0,1.2641887827460524E-15,0.9999999999999987,3.421532337691423E-20
18520.0,7.823699481808033E-58,1.2772604907799495E-56,1.0
18361.0,0.014387350446527126,0.4250996435352424,0.5605130060182304
18090.0,0.9296966442706214,0.0477052028378677,0.02259815289151088
17548.0,0.11038301086154642,0.012809298275976278,0.8768076908624772
17823.0,1.283556085717116E-10,0.9999999998698079,1.8364819827508142E-12
17397.0,6.436495436516821E-7,2.61875991909905E-11,0.9999993563242687
17126.0,2.8235627653940154E-9,0.14118822913435067,0.8588117680420866
18581.0,3.6911657558409453E-25,3.214248272747693E-15,0.9999999999999968
18023.0,0.055905359023566574,0.0075210037510321055,0.9365736372254014
18292.0,1.233727666677249E-5,0.9999541240257184,3.3538697614810486E-5
17746.0,8.697464259723432E-5,3.149652566282787E-7,0.9999127103921461
17473.0,0.9847250467945221,2.691872305090081E-7,0.015274684018247385
17208.0,0.9959550289338218,0.0040445732896534576,3.9777652468808573E-7
17334.0,0.8745395996584795,2.0676007187033388E-5,0.12543972433433354
17061.0,0.9571386901906777,0.04240848386934426,4.5282593997806214E-4
18426.0,3.366503238132E-4,0.09736741306498717,0.9022959366111998
18153.0,0.015160129194171135,0.9848397818823507,8.892347823027677E-8
17615.0,0.8157996339409663,0.1841988203932874,1.545665746472953E-6
17884.0,2.056233442906356E-7,0.012943442502053704,0.9870563518746021
18459.0,6.048873183613915E-6,0.999993948153415,2.9734013948856355E-9
18696.0,4.1327200282981876E-5,0.9999586727997155,1.502634310696952E-15
17000.0,0.9999928953622871,8.343593961306173E-7,6.2702783166677386E-6
17275.0,2.0384456887182164E-7,1.1385326859062855E-4,0.9998859428868405
17956.0,1.104423694020743E-19,1.0,1.2593888984405202E-25
18231.0,0.9995223717899246,4.775604051929984E-4,6.7804882497216E-8
17681.0,0.9998844867959188,1.155069768361885E-4,6.227244938688851E-9
17410.0,0.0028553649104156842,0.017137282349496966,0.9800073527400874
18646.0,0.5327972369277507,0.46719594411242593,6.818959823411816E-6
17215.0,0.999105615701154,8.796651108368051E-4,1.471918800908859E-5
17478.0,0.9998758238931147,1.2417589854472956E-4,2.0834063255966526E-10
17749.0,0.9813477905219857,0.018652203514979853,5.963034459475529E-9
18291.0,0.9999525717370785,4.742714892757777E-5,1.1139938651264405E-9
18016.0,1.9395205165659465E-11,1.3206860246199902E-5,0.9999867931203587
18578.0,9.859725533178916E-15,6.639926625636368E-24,0.9999999999999902
17121.0,0.971550550350168,0.028449112920182935,3.36729649071209E-7
17394.0,2.9607513243981164E-4,0.9996848909707022,1.9033896857877984E-5
17816.0,5.3311159838626504E-5,5.294702437724484E-7,0.9999461593699176
17547.0,0.9974175753274195,0.002580433025839301,1.991646741268123E-6
18093.0,0.010268325996527067,0.9621361231433764,0.027595550860096404
18366.0,0.9893347046968198,0.010662901717369958,2.3935858102475892E-6
18527.0,0.9641727200481117,0.03582727993658248,1.5305827163354285E-11
18427.0,0.9954422316574923,0.004556321664173807,1.4466783338752566E-6
18152.0,2.850731387616245E-21,1.3657221326312118E-21,1.0
17614.0,7.649782839740566E-32,1.3651617838906933E-47,1.0
17885.0,0.9553183422204633,0.04468165776252598,1.7010759967277883E-11
17335.0,0.8293511999004324,0.16898110132371252,0.001667698775855054
17060.0,0.8958382081425917,0.10416139891542205,3.9294198623536576E-7
18458.0,0.006471269368922869,0.015751390258488433,0.9777773403725887
18697.0,0.03626903044905145,0.47909193197296857,0.48463903757797994
17957.0,0.6257668144958842,0.20390467990677288,0.1703285055973429
18230.0,1.5204663496375172E-11,4.42052135401149E-21,0.9999999999847954
17680.0,0.9996130947831621,3.869009983540916E-4,4.21848375126899E-9
17411.0,0.9993592955645908,6.407039960930871E-4,4.3931609500012197E-10
17001.0,0.9999739810081711,2.6018977367156365E-5,1.446170878988293E-11
17274.0,6.019372917284461E-24,1.50031067969509E-17,1.0
18647.0,0.6794752505030136,0.3179869886303434,0.002537760866643116
17479.0,9.954433505391229E-7,0.9294981662165693,0.07050083834008011
17748.0,0.01750352302509488,0.015341745913676371,0.9671547310612287
18290.0,0.9998512671158207,1.4873285998589226E-4,2.419345102705999E-11
18017.0,0.03494664418503838,0.9650533442664159,1.1548545775869986E-8
17214.0,6.211110910404624E-18,2.918312601316415E-17,1.0
18579.0,0.9998654263522998,1.3457256294472798E-4,1.0847554266317189E-9
17817.0,3.7166151075091266E-9,0.9999999962832167,1.6821366309041878E-13
17546.0,0.9999343343070343,1.1997505199867522E-5,5.366818776586389E-5
18092.0,0.9999777957935222,2.2202708376823408E-5,1.4981009349424185E-9
18367.0,1.4385029037628525E-60,8.749225996123138E-55,1.0
17120.0,4.170592647357356E-11,8.789925573312238E-17,0.999999999958294
17395.0,7.0798852927507975E-6,1.2058034770797881E-5,0.9999808620799364
18526.0,2.1080453856474128E-7,1.1933445994506718E-9,0.9999997880021169
18698.0,0.9969653890270853,0.0030346088834881588,2.0894265551654357E-9
18457.0,0.9998578994295599,1.4210040636450166E-4,1.6407535088238518E-10
17063.0,0.9999940806665012,9.176589407933433E-7,5.0016745579787904E-6
17332.0,4.3116870583445827E-4,0.5981495946293343,0.4014192366648313
18155.0,0.40210324892224547,0.5978967497309158,1.3468385560865133E-9
18424.0,7.676602095971162E-11,2.4188755056535637E-6,0.9999975810477284
17886.0,0.9993592955645908,6.407039960930871E-4,4.3931609500012197E-10
17613.0,0.9631437806679185,0.03685584256182457,3.767702568894361E-7
18644.0,4.606133224713328E-6,2.4121132246360817E-13,0.9999953938665341
17273.0,0.99999338760988,6.6123869314674094E-6,3.188495729190675E-12
17002.0,1.2700634123250734E-6,0.4265228108343918,0.5734759191021959
18229.0,0.998650583376602,0.0013493548429365301,6.178046160913816E-8
17958.0,1.0904946633486229E-15,8.553257223123148E-20,0.9999999999999989
17408.0,0.07677935226852713,0.9226197165866107,6.009311448620842E-4
17683.0,0.9738455399220045,0.026141495181934506,1.2964896060948794E-5
18576.0,0.9998918692386007,1.0813067207134009E-4,8.932786412818963E-11
17213.0,0.8170192147126253,0.18298078524985795,3.7516812412316795E-11
17751.0,0.9998917013249393,1.0691791899777951E-4,1.3807560629616116E-6
17476.0,0.001374045343128584,0.9986259044369314,5.021993998046909E-8
18018.0,0.27194701527219767,0.7280529843999684,3.278340838316373E-10
18289.0,0.5683020312228413,0.43169796483228684,3.94487182601565E-9
18525.0,0.9694328397726287,0.03056714598823836,1.4239133007755308E-8
17392.0,0.9991169025580732,8.830973829454383E-4,5.898146204071885E-11
17123.0,3.3867895938252537E-7,0.9991998909235706,7.997703974698807E-4
17545.0,4.033529535908756E-9,6.494291119404693E-7,0.9999993465373584
17818.0,0.9984279031696274,0.0015720967702667126,6.010597316901022E-11
18364.0,7.601370260919138E-8,0.9999999239862974,3.380890195943719E-18
18095.0,0.0010590323535383387,7.835092498452351E-5,0.9988626167214771
18699.0,0.8503217818560513,0.14967820974522905,8.39871956378352E-9
18456.0,6.7477487690925184E-9,0.9999909631017528,9.030150498494695E-6
18154.0,1.5056411703773747E-13,0.9999999999997794,7.006141313655082E-14
18425.0,0.9999999769946047,2.2811477395123438E-8,1.9391778842023647E-10
17887.0,0.0014936898460592909,0.1471507620875966,0.8513555480663442
17612.0,0.999096817554092,9.031558244304558E-4,2.6621477637386076E-8
17062.0,2.5245906517830545E-9,0.9999999974563265,1.9082772580034915E-11
17333.0,0.9932319552266891,6.855062998196294E-9,0.006768037918247998
18645.0,3.68345387659845E-12,3.1975203378297736E-7,0.9999996802442828
18228.0,2.943381118413453E-7,4.388965229019077E-12,0.9999997056574993
17959.0,0.00501289216881798,0.9949826180466808,4.4897845012798455E-6
17409.0,0.9729126033921336,0.027084984995440483,2.411612426076383E-6
17682.0,0.40666055994670586,0.025313191222667276,0.568026248830627
17272.0,0.031323664760780974,0.9686763301731535,5.066065633193611E-9
17003.0,7.801721304419514E-15,0.9999999999999912,9.883580973835796E-16
18577.0,6.114236480083567E-4,0.9993827251722984,5.851179693093504E-6
17750.0,2.2993491037122243E-10,0.9999999997700545,1.0558072345597616E-14
17477.0,0.6957089535784206,0.30429103848213823,7.939441132103957E-9
18019.0,0.7793659645346727,0.22059595547047745,3.807999484997168E-5
18288.0,0.08406807605409367,0.9159317434905258,1.8045538052360484E-7
17212.0,0.9993585315903123,6.413985371401733E-4,6.987254765347252E-8
18524.0,0.9999706953546844,1.921180906684253E-5,1.009283624866552E-5
17544.0,1.2463234929512523E-8,1.22526956986514E-13,0.9999999875366425
17819.0,0.9914738198740616,0.008524671371477303,1.508754461205647E-6
18365.0,0.002696680340305247,0.0017585413057396887,0.995544778353955
18094.0,5.938174134232931E-9,8.950149375817139E-9,0.9999999851116765
17393.0,9.199850965488118E-6,0.9999891026739788,1.6974750556412923E-6
17122.0,9.191692733792126E-5,0.9784420972209084,0.02146598585175378
18498.0,1.6281957004686412E-12,2.575916485760224E-7,0.9999997424067232
17148.0,8.872425583127194E-18,6.426328403458363E-25,1.0
17391.0,1.1972792470563903E-15,0.9999999999999988,3.869091647838474E-18
18096.0,0.8565214135067581,0.14347858138432387,5.108917998776899E-9
18339.0,9.469289906141869E-26,7.060353882642636E-17,1.0
17797.0,0.9779662372449318,0.022033543414871834,2.1934019643157192E-7
17558.0,0.9997432426886639,3.8316688402411515E-5,2.1844062293374607E-4
18575.0,0.9929090883598751,0.007090880778020816,3.086210403175952E-8
17186.0,0.9999684222447666,2.440427395948541E-7,3.1333712493952183E-5
18286.0,0.15919312914726494,0.8407924451147781,1.4425737956987549E-5
18045.0,0.9992777973124853,7.221592705860693E-4,4.341692868289684E-8
17499.0,0.001395414396766923,0.017003389658956227,0.981601195944277
17736.0,1.3778383774864185E-50,5.770761587366051E-50,1.0
18635.0,1.6762395514352124E-24,1.0397176781042083E-16,0.9999999999999999
17013.0,0.9998882736832073,1.117204953502308E-4,5.821442479319309E-9
17254.0,5.8003576307122265E-9,4.2640491267743015E-10,0.9999999937732374
17676.0,1.1897387758814179E-29,2.7079231283316025E-17,1.0
17439.0,0.9815726104348952,0.01842737177712923,1.778797544787421E-8
17977.0,0.9997572123053164,2.4278763567221455E-4,5.901135024272393E-11
18218.0,4.1391224894564133E-7,0.9999995860877435,7.382222395569727E-15
18438.0,0.9506665442601513,0.04926150273824069,7.195300160800207E-5
18709.0,8.182863414394425E-6,0.9999918168442745,2.9231107794010324E-10
17323.0,3.493311629903983E-8,0.9999999628001297,2.2667539844952566E-9
17080.0,4.0280325289555156E-13,0.9999999999995972,9.955373446812489E-20
17618.0,1.0216562215048742E-11,1.3007536383826283E-17,0.9999999999897834
17857.0,0.9343852663928376,5.2386832400512786E-5,0.06556234677476193
18407.0,0.9015354911290768,0.09846424721637266,2.6165455057289757E-7
18164.0,0.1029994892527724,0.8969998726625401,6.380846875381769E-7
18499.0,0.4787917087189007,0.4183581939755654,0.10285009730553393
18097.0,3.511736205142522E-5,0.9999648826198912,1.805721695254925E-11
18338.0,4.855751486177204E-12,1.4625549819900891E-15,0.9999999999951428
17796.0,2.7652462108947454E-15,0.9999999999999972,1.8616252420813678E-23
17559.0,0.9996675441254073,3.270306989130512E-4,5.42517567959815E-6
17149.0,4.683017432028718E-9,3.0293209497367413E-10,0.9999999950140505
17390.0,8.549721648079648E-4,0.9991229769550704,2.2050880121614325E-5
18574.0,4.425234830958765E-19,2.3986856553327434E-34,1.0
18287.0,0.9992157728857823,7.842181184774789E-4,8.995740229358063E-9
18044.0,0.9827500056010959,0.011025589100202208,0.00622440529870197
17498.0,0.9988966634283921,0.0011033293649416293,7.2066660688188005E-9
17737.0,0.017585616278049977,0.9813836954158902,0.0010306883060597913
17187.0,4.727988606161848E-5,5.671348598550083E-10,0.9999527195468035
18634.0,0.9998195749367673,1.8042037853844837E-4,4.68469421537361E-9
17677.0,1.6405433481315288E-4,1.8420521987404066E-12,0.9998359456633448
17438.0,1.141593458965739E-11,3.3307968157125087E-9,0.9999999966577872
17976.0,0.9958521269033775,0.004144655716957037,3.2173796654742124E-6
18219.0,0.9958845100195964,0.004068604412467109,4.6885567936521396E-5
17012.0,0.24345940264298396,0.7354073845927261,0.02113321276428996
17255.0,2.0503554732841054E-32,7.150950878122509E-19,1.0
18439.0,8.951749539468424E-11,2.3810468143778824E-20,0.9999999999104824
18708.0,3.1571502711375786E-6,0.8868166738020723,0.11318016904765649
17619.0,1.8033288626979557E-10,0.9999927173384427,7.282481224414541E-6
17856.0,0.013146037571251998,0.9864473788699639,4.0658355878392556E-4
18406.0,0.99626793751174,0.0037320338066953937,2.8681564641399293E-8
18165.0,1.794355778233192E-7,1.7670591012095772E-4,0.9998231146543013
17322.0,2.47648596782421E-8,0.999999975222796,1.2344159746306425E-11
17081.0,0.9999043143260691,9.568530074151051E-5,3.731894635605541E-10
17389.0,3.5535687019865736E-4,0.9996445218234785,1.2130632296630097E-7
17150.0,0.9998117162981593,1.882826101272805E-4,1.0917133385740719E-9
18337.0,0.011166288594282387,0.9888336081523846,1.0325333296101687E-7
18098.0,0.9991680835459872,8.319164187521111E-4,3.526067088671967E-11
17556.0,0.9996378510521562,3.4590758306135317E-4,1.6241364782474534E-5
17799.0,0.09805987367918735,0.9011256317837797,8.144945370329938E-4
18496.0,6.502771491145049E-29,3.615092232424169E-21,1.0
17184.0,3.061228691627576E-8,1.0544059126235976E-8,0.999999958843654
18047.0,0.9991310553179652,8.688539852429817E-4,9.069679190524268E-8
18284.0,0.9988683232180563,0.0011316734259520268,3.3559917248795127E-9
17738.0,0.9995880225464456,4.119742374004515E-4,3.216153888952068E-9
17497.0,0.9964990156717408,0.003500062150678501,9.22177580641288E-7
18573.0,0.9462708079927618,0.0537291221621026,6.984513562464962E-8
17252.0,1.0823934877596711E-4,1.9248656489750772E-4,0.9996992740863265
17015.0,3.6857055331206486E-6,0.026977234168141868,0.9730190801263251
17437.0,0.9997805376321586,2.1943794798339456E-4,2.441985805756185E-8
17678.0,9.430592269125531E-9,0.9997347837727784,2.652067966293281E-4
18216.0,0.99995937733121,4.062260303235664E-5,6.575760815193244E-11
17979.0,1.4261422194717455E-16,7.935520833531206E-20,0.9999999999999999
18633.0,0.10637148774915112,0.8936284544760911,5.777475762162312E-8
17082.0,0.04072385105590916,0.9064215712833104,0.05285457766078049
17321.0,1.1547428323937884E-4,0.9998845252084706,5.08290064309218E-10
17859.0,1.2632819281091493E-7,0.9999998624661821,1.1205625066023058E-8
17616.0,0.9719883170294925,0.028011668428643135,1.454186445394259E-8
18166.0,2.1450891132976607E-7,4.336620503888172E-17,0.9999997854910887
18405.0,0.9933690621428007,0.00662818214080356,2.7557163956190697E-6
18711.0,0.999996325694595,3.6171758707362806E-6,5.712953423607829E-8
18436.0,3.0027900666750075E-7,2.2162905506146227E-4,0.9997780706659319
18336.0,0.0015842325044118373,2.7227710852087677E-4,0.9981434903870673
18099.0,6.878806225058447E-4,0.9993106373699342,1.4820075598859596E-6
17557.0,0.9694886363586902,0.030362695346203252,1.4866829510640583E-4
17798.0,5.5438616457420355E-5,0.17294141227018048,0.8270031491133621
17388.0,0.9874730426789539,0.012526949950458768,7.370587452386609E-9
17151.0,0.439954145356036,0.0033000877439815952,0.5567457668999823
18497.0,0.2618645025096361,0.7363077423614874,0.001827755128876544
18046.0,4.094753137307972E-7,0.9999995905164454,8.240925509611275E-12
18285.0,0.9985133880995216,0.0014864110908753229,2.0080960308267213E-7
17739.0,0.021973552089902006,1.9171783544076465E-8,0.9780264287383145
17496.0,1.9977424781773296E-5,0.9999800200957881,2.4794301227564426E-9
17185.0,0.8670879720066214,0.13291193070737456,9.728600393493816E-8
18572.0,0.0023013782133075454,0.5396860638858826,0.4580125579008098
17436.0,0.9994783810326962,5.215423676702532E-4,7.659963361212537E-8
17679.0,8.001952862828668E-6,0.011783266563123247,0.988208731484014
18217.0,0.9938810588113401,0.004098908198787364,0.0020200329898724754
17978.0,0.7228027565865216,0.05708387707654327,0.22011336633693512
17253.0,1.5837496283166926E-10,0.003247018511907864,0.9967529813297171
17014.0,0.8136617795360006,0.18632020028095478,1.8020183044687586E-5
18632.0,0.9968004962585305,0.003199502138413493,1.6030559460677215E-9
17858.0,0.9908741304525617,0.007126602002985506,0.0019992675444528312
17617.0,5.357702305867897E-4,0.9837897524454841,0.01567447732392924
18167.0,6.179366084868277E-39,1.0,3.837229751575933E-39
18404.0,1.0119971379968379E-7,8.534417726885489E-9,0.9999998902658683
17083.0,0.003969804714273862,0.9960300615938966,1.3369182941132306E-7
17320.0,0.02265811212664696,0.9773418676687746,2.020457843175123E-8
18710.0,2.5269939308013403E-7,1.615286634017564E-8,0.9999997311477407
18437.0,9.782204327444848E-16,4.175964213991712E-30,0.999999999999999
18571.0,3.318205274644065E-18,1.0,1.0926931001951633E-20
17190.0,8.346306778016508E-19,2.0190453284270007E-9,0.9999999979809546
17503.0,0.1961228302489694,0.8038771104701453,5.928088535957248E-8
17740.0,5.307044156771393E-34,1.3153908937212096E-33,1.0
18282.0,0.9945107564659886,0.005489243514294117,1.9717331120165456E-11
18041.0,0.9959443966218999,0.004055602426362193,9.51737878472784E-10
18502.0,0.9547049662217811,0.045185881896162,1.0915188205694034E-4
17144.0,9.255174163196711E-14,5.324923957537578E-23,0.9999999999999074
17387.0,0.9996849545625538,3.1504115121990255E-4,4.286226189639923E-9
17793.0,0.005736692067951844,0.015087425059069506,0.9791758828729786
17554.0,0.9999294774880043,1.788448715205607E-7,7.034366712426195E-5
18100.0,0.1074133590872297,0.8868864450766167,0.005700195836153431
