18081.0,0.7479051862352298,0.19255758982024648,0.05953722394452374
18354.0,0.2606529208009019,0.5008072932005575,0.23853978599854045
17812.0,0.6674258593672218,0.23756946424322492,0.09500467638955325
17543.0,0.40398770956608376,0.5302165301923477,0.06579576024156844
17133.0,0.5536369630070928,0.36787067159802106,0.0784923653948862
17406.0,0.011550198579019498,0.1882454564554282,0.8002043449655522
18752.0,0.04999368984586864,0.8020020836077413,0.14800422654639017
18515.0,0.7465696305421075,0.19119546708106164,0.062234902376830895
18303.0,0.7217261269202714,0.20010692084842335,0.07816695223130515
18028.0,0.02440667256451652,0.047461181816576964,0.9281321456189066
17482.0,0.26566589621786557,0.6130724621266971,0.12126164165543733
17753.0,0.7895209562955527,0.1302352052859591,0.08024383841848826
17203.0,0.7563587995804616,0.18521872333086822,0.05842247708867012
18590.0,0.3726587712989288,0.5561161822428738,0.0712250464581974
17693.0,0.7597259008549284,0.17325759677854868,0.06701650236652296
17422.0,0.03800006861073847,0.12253019132065121,0.8394697400686102
17960.0,0.7558062740078437,0.15569546548065066,0.08849826051150547
18235.0,0.6875503188695118,0.16579059243078986,0.14665908869969832
16996.0,0.7542055314815042,0.186828404660078,0.058966063858417794
17271.0,0.775749639052083,0.1479154553498268,0.0763349055980901
18650.0,0.4473267183815424,0.47785168836839403,0.07482159325006359
17603.0,0.7658059369164094,0.18233902937012061,0.0518550337134699
17872.0,0.7934051286873931,0.13880342806377857,0.06779144324882826
18422.0,0.7636410458006962,0.18690065632924882,0.04945829787005495
18149.0,0.5451918771519932,0.339935929272605,0.11487219357540182
17338.0,0.054311353588923764,0.8354640710569436,0.11022457535413263
17065.0,0.6948508019152936,0.2288629276174239,0.07628627046728252
18455.0,0.7794683218964683,0.1496716427060557,0.07086003539747601
18692.0,0.3726027883980759,0.04745695154370391,0.5799402600582203
17132.0,0.0424610783943769,0.14372362580058554,0.8138152958050376
17407.0,0.01205014627448086,0.043600033681856866,0.9443498200436623
18080.0,0.1990698325956419,0.35836896066281665,0.4425612067415416
18355.0,0.04453775622096573,0.6695855606978357,0.2858766830811986
17813.0,0.5887383086795454,0.30456488212121613,0.10669680919923843
17542.0,0.4011637505430054,0.5211820099502265,0.07765423950676811
18514.0,0.7628541868512616,0.17651290568839956,0.06063290746033888
17202.0,0.16010227020124154,0.6563148838718561,0.18358284592690235
18302.0,0.768205035028626,0.17805994454724092,0.05373502042413311
18029.0,0.7457311715347902,0.19455168130135636,0.059717147163853554
17483.0,0.7650018016971087,0.17667611564010147,0.05832208266278986
17752.0,0.2582187321928293,0.06475568053215294,0.6770255872750177
18591.0,0.7088774534324122,0.06752535379946274,0.2235971927681252
16997.0,0.761753626271956,0.17902020607662517,0.05922616765141887
17270.0,0.7655135515755431,0.18245636411855098,0.05203008430590588
17692.0,0.7629736385742335,0.179512917986447,0.057513443439319495
17423.0,0.6794247148290379,0.13966617848668245,0.18090910668427967
17961.0,0.4983149438508962,0.4247365730071964,0.07694848314190751
18234.0,0.2920068180356529,0.5741689779454462,0.13382420401890094
18651.0,0.45677494629053855,0.4504709578058552,0.09275409590360624
17339.0,0.4355513216665453,0.415650782225431,0.14879789610802366
17064.0,0.7427105708974987,0.1582691195062451,0.09902030959625611
17602.0,0.5663106052775324,0.2139658592186197,0.21972353550384793
17873.0,0.7490865373041645,0.188951445070373,0.06196201762546244
18423.0,7.291309968512798E-4,0.26276717668533095,0.7365036923178176
18148.0,0.7488774839398988,0.17712863052259983,0.0739938855375013
18454.0,0.5000765963525294,0.42468831900852577,0.07523508463894481
18693.0,0.7471962414138323,0.1940664933364971,0.05873726524967048
18513.0,0.45031444211544625,0.10983714825733183,0.439848409627222
18352.0,0.758375925034953,0.18565199422290912,0.05597208074213791
18083.0,0.010184202333500075,0.0916464756635885,0.8981693220029114
17541.0,0.7643489848921357,0.18421840186524321,0.05143261324262117
17814.0,0.41512756114279886,0.499710756009431,0.08516168284777015
17404.0,0.7629126919786736,0.16639221246646518,0.07069509555486131
17135.0,0.7802880079990338,0.1724953532034222,0.04721663879754406
18588.0,0.7226704715251371,0.16539547524383097,0.11193405323103196
18030.0,0.009509458190770826,0.037627926579005114,0.9528626152302241
18301.0,0.08549930845341415,0.09715884155987764,0.8173418499867082
17755.0,0.15872057993922795,0.7628792995653179,0.07840012049545414
17480.0,0.7500505271353187,0.2052907522405082,0.04465872062417308
17201.0,0.7470815245575401,0.18810659545941832,0.06481187998304157
18648.0,0.7409379689996001,0.19511216909909787,0.06394986190130204
17420.0,0.007300420961006367,0.012636584201047516,0.9800629948379462
17695.0,0.7438031377556742,0.19238515428602385,0.06381170795830185
18233.0,0.7548465585884366,0.1854290999803584,0.05972434143120494
17962.0,0.4612927141316677,0.4767680223394107,0.061939263528921554
17269.0,0.7728054842715883,0.1775331462881337,0.04966136944027805
16998.0,0.7660825248148083,0.1791276190372495,0.05478985614794225
18694.0,0.5030150400776664,0.07560812009969406,0.42137683982263957
18453.0,0.7043585152877404,0.22372569452694943,0.07191579018531004
17874.0,0.7542055314815042,0.186828404660078,0.058966063858417794
17601.0,0.7802880079990338,0.1724953532034222,0.04721663879754406
18151.0,0.6789487781000313,0.23571488559208795,0.08533633630788084
18420.0,0.5138341989762206,0.07221101235473307,0.4139547886690463
17067.0,0.3401783642478121,0.08721659316875897,0.5726050425834288
17336.0,0.493043879322661,0.3341200481586222,0.1728360725187168
18512.0,0.40494013163506937,0.47719678195020865,0.11786308641472193
17405.0,0.7510275219059266,0.18865596186284841,0.060316516231225005
17134.0,0.7493751168178582,0.16302425756332675,0.08760062561881506
18353.0,0.7709226478093432,0.16989633828372197,0.05918101390693481
18082.0,0.3131245233980117,0.11345928416837633,0.573416192433612
17540.0,0.765142604999128,0.11161685800187496,0.12324053699899704
17815.0,0.7643489848921357,0.18421840186524321,0.05143261324262117
18589.0,0.47276936493135524,0.4311226517365285,0.09610798333211631
17200.0,0.02454604539839393,0.03588751221709245,0.9395664423845136
18031.0,0.7655135515755431,0.18245636411855098,0.05203008430590588
18300.0,0.4445478184177726,0.31024316859008694,0.24520901299214054
17754.0,0.7640089941783996,0.18127557927969237,0.05471542654190809
17481.0,0.17749552005220395,0.1609851544374539,0.6615193255103423
18649.0,0.4792108528262227,0.24682176685628565,0.2739673803174916
17268.0,0.7548619051661547,0.18508301595082,0.06005507888302519
16999.0,0.7488774839398988,0.17712863052259983,0.0739938855375013
17421.0,0.7618854982380231,0.1637231442398247,0.07439135752215217
17694.0,0.7874574987561341,0.0904263533984557,0.12211614784541015
18232.0,0.7760793682266621,0.17482576837307942,0.04909486340025847
17963.0,0.791459146572322,0.17809792147224868,0.0304429319554293
18695.0,0.761753626271956,0.17902020607662517,0.05922616765141887
18452.0,0.7948235667203568,0.056373140951558647,0.1488032923280845
17066.0,0.7533563652064235,0.18537243135764309,0.06127120343593351
17337.0,0.771055429632749,0.16543683909869814,0.06350773126855286
17875.0,0.20216624496452873,0.43896977176514007,0.3588639832703312
17600.0,0.27767668040612087,0.12983249334642288,0.5924908262474562
18150.0,0.06095559141164809,0.25217150922486586,0.6868728993634861
18421.0,0.7465696305421075,0.19119546708106164,0.062234902376830895
17486.0,0.7760793682266621,0.17482576837307942,0.04909486340025847
17757.0,0.02201350082476368,0.15499270242919125,0.822993796746045
18299.0,0.7728054842715883,0.1775331462881337,0.04966136944027805
18024.0,0.37628554179533286,0.2444838268593659,0.3792306313453013
17207.0,0.7413891931253939,0.19239064150009877,0.06622016537450735
18586.0,0.7388314275947928,0.19295951812056797,0.0682090542846393
17808.0,0.7593574752122999,0.17455407375803633,0.06608845102966361
17539.0,0.014477733791811363,0.017036542860738052,0.9684857233474505
18085.0,0.7142533032109808,0.19635654408444167,0.08939015270457766
18358.0,0.7490865373041645,0.188951445070373,0.06196201762546244
17129.0,0.7413891931253939,0.19239064150009877,0.06622016537450735
17402.0,0.7367729394414024,0.19453439618191784,0.0686926643766797
18519.0,0.7419541602833378,0.19340913880135113,0.06463670091531101
18418.0,0.7518573965370502,0.18839809189315554,0.05974451156979434
18145.0,0.3693211672513625,0.09499519625053042,0.535683636498107
17607.0,0.7518573965370502,0.18839809189315554,0.05974451156979434
17876.0,0.7658059369164094,0.18233902937012061,0.0518550337134699
17342.0,0.49958755414695977,0.0562034380608074,0.44420900779223277
17069.0,0.7760793682266621,0.17482576837307942,0.04909486340025847
18451.0,0.16758477719837547,0.1355300877399437,0.6968851350616807
18688.0,0.7294841041183603,0.1968664293534187,0.07364946652822116
17964.0,0.10761089924743589,0.018085238435315835,0.8743038623172482
18239.0,0.18690821072572464,0.025065732802967974,0.7880260564713074
17689.0,0.7685149075000195,0.16206763442413563,0.06941745807584494
17418.0,0.04208780868914915,0.43676144468642736,0.5211507466244235
16992.0,0.3641912074478427,0.555066722805307,0.08074206974685043
17267.0,0.088210472148155,0.7982159980061979,0.11357352984564693
18654.0,0.6907385562283556,0.09717748120853553,0.2120839625631089
17206.0,0.7518573965370502,0.18839809189315554,0.05974451156979434
17487.0,0.768599930205669,0.17338392011267953,0.058016149681651544
17756.0,0.7187769230502071,0.21363138542678212,0.06759169152301081
18298.0,0.5125580302903064,0.4092595003861553,0.07818246932353826
18025.0,0.7629736385742335,0.179512917986447,0.057513443439319495
18587.0,0.7513203659068312,0.18921266732146877,0.05946696677170015
17128.0,0.7461952756777714,0.18783285647189377,0.06597186785033476
17403.0,0.44733696695000946,0.10532186939726271,0.44734116365272797
17809.0,0.7777904032938282,0.1246442178677603,0.09756537883841152
17538.0,0.7655135515755431,0.18245636411855098,0.05203008430590588
18084.0,0.6628479691910207,0.13909891822573456,0.19805311258324465
18359.0,0.761753626271956,0.17902020607662517,0.05922616765141887
18518.0,0.5103716533536804,0.15648452310057961,0.33314382354574
17343.0,0.7658059369164094,0.18233902937012061,0.0518550337134699
17068.0,0.33697723314833594,0.5872455924720876,0.07577717437957632
18419.0,0.7510019540239298,0.17770867436188434,0.07128937161418575
18144.0,0.7760793682266621,0.17482576837307942,0.04909486340025847
17606.0,0.14601297431466112,0.6532841806663707,0.2007028450189682
17877.0,0.7574421657509827,0.18412804157828178,0.058429792670735434
18450.0,0.8056275382907713,0.12589862500838025,0.06847383670084844
18689.0,0.7533563652064235,0.18537243135764309,0.06127120343593351
16993.0,0.004711953359437427,0.038884870231323365,0.9564031764092391
17266.0,0.42030223181650955,0.49860123736055356,0.08109653082293676
17965.0,0.7395435817437315,0.1968586206220509,0.06359779763421755
18238.0,0.7542055314815042,0.186828404660078,0.058966063858417794
17688.0,0.7359470915813539,0.1593686390735376,0.10468426934510859
17419.0,0.8160284724983955,0.12989979193810314,0.05407173556350139
18655.0,0.11526772387941528,0.6128431111197473,0.27188916500083754
18584.0,0.758375925034953,0.18565199422290912,0.05597208074213791
17759.0,0.40398770956608376,0.5302165301923477,0.06579576024156844
17484.0,0.7629736385742335,0.179512917986447,0.057513443439319495
18026.0,0.04292580524396479,0.657734497037783,0.29933969771825225
18297.0,0.7465398525750406,0.1862593344081121,0.06720081301684729
17205.0,0.7542055314815042,0.186828404660078,0.058966063858417794
18517.0,0.07912889708703165,0.823186028048385,0.09768507486458329
17537.0,0.1499966754326773,0.3751821584754554,0.47482116609186736
17810.0,0.7512159277941687,0.1687486686061118,0.08003540359971947
18356.0,0.07739415821489894,0.7482528285160074,0.17435301326909355
18087.0,0.7548619051661547,0.18508301595082,0.06005507888302519
17400.0,0.7187852908443971,0.21495377764661275,0.06626093150899003
17131.0,0.0695040259366757,0.7764988003262002,0.15399717373712402
18690.0,0.7910464176207886,0.17627400972494423,0.03267957265426723
18449.0,0.028675651265255377,0.5390113990754732,0.43231294965927153
18147.0,0.45744836248995197,0.47266725821891814,0.06988437929112991
18416.0,0.7383803492772193,0.1944824825893761,0.06713716813340465
17878.0,0.42211478486978665,0.49295525359719145,0.08492996153302199
17605.0,0.7516907139536991,0.1825642998631179,0.06574498618318309
17071.0,0.7360020380905113,0.1426372475247327,0.12136071438475582
17340.0,0.7658059369164094,0.18233902937012061,0.0518550337134699
18652.0,0.7437608509353066,0.1833771137720498,0.07286203529264355
18237.0,0.15365726349672737,0.42819657761655605,0.41814615888671663
17966.0,0.7640089941783996,0.18127557927969237,0.05471542654190809
17416.0,0.3911926367772895,0.49791996453054677,0.1108873986921638
17691.0,0.05667941315700547,0.010909716030824992,0.9324108708121697
17265.0,0.7625958504282906,0.17897124893434288,0.058432900637366364
16994.0,0.6859152846653094,0.1517786417445514,0.16230607359013918
18585.0,0.7658059369164094,0.18233902937012061,0.0518550337134699
17204.0,0.766996008606347,0.1755960534553368,0.057407937938316354
17758.0,0.7966703068112917,0.12454877091909075,0.07878092226961753
17485.0,0.47437499521553433,0.3963616780077207,0.12926332677674499
18027.0,0.21311368656903007,0.48312017260340706,0.3037661408275628
18296.0,0.44942399545327494,0.4589700311219052,0.09160597342481988
18516.0,0.7578707567942913,0.18551267890198012,0.056616564303728474
17401.0,0.7461952756777714,0.18783285647189377,0.06597186785033476
17130.0,0.4351782549234894,0.49196901802088516,0.07285272705562547
17536.0,0.5696708168639574,0.0829707298506526,0.34735845328539
17811.0,0.07966999457951654,0.027789616520730327,0.8925403888997532
18357.0,0.7636410458006962,0.18690065632924882,0.04945829787005495
18086.0,0.2049496411151987,0.27876521024471645,0.5162851486400849
18691.0,0.3907317593567385,0.19239593928405804,0.41687230135920356
18448.0,0.03885009675548275,0.543158641554629,0.41799126168988815
17070.0,0.7315795226428732,0.17987830750103007,0.08854216985609663
17341.0,0.7413891931253939,0.19239064150009877,0.06622016537450735
18146.0,0.004416280656226088,0.34789300672585943,0.6476907126179146
18417.0,0.7453529350207435,0.18893120113877593,0.06571586384048059
17879.0,0.36927581156327066,0.15147647053763633,0.479247717899093
17604.0,0.7629736385742335,0.179512917986447,0.057513443439319495
18653.0,0.7422448685905184,0.1908111650026293,0.06694396640685236
17264.0,0.4660105216673103,0.4048754155647954,0.12911406276789442
16995.0,0.402732217631244,0.5247768285938931,0.07249095377486287
18236.0,0.7388314275947928,0.19295951812056797,0.0682090542846393
17967.0,0.770134593107812,0.1371253365652445,0.09274007032694356
17417.0,0.41650453104377233,0.08615506718044647,0.49734040177578137
17690.0,0.7380146486239493,0.18704863657281348,0.07493671480323713
17004.0,0.7497283057640857,0.1889941803384935,0.06127751389742093
17279.0,0.7655135515755431,0.18245636411855098,0.05203008430590588
17685.0,0.3254449927720677,0.061398213241974135,0.6131567939859582
17414.0,0.7773261192992157,0.14373556519962025,0.07893831550116395
17952.0,0.759862891416041,0.1375868600130942,0.10255024857086474
18227.0,0.7533563652064235,0.18537243135764309,0.06127120343593351
18642.0,0.7513203659068312,0.18921266732146877,0.05946696677170015
17330.0,0.7760793682266621,0.17482576837307942,0.04909486340025847
17057.0,0.7655135515755431,0.18245636411855098,0.05203008430590588
17611.0,0.7679654397521603,0.11998697794773279,0.11204758230010688
17880.0,0.02650672686100333,0.16779462146878563,0.805698651670211
18430.0,0.7456703354900792,0.18981091466705327,0.06451874984286746
18157.0,0.7438031377556742,0.19238515428602385,0.06381170795830185
18463.0,0.7660825248148083,0.1791276190372495,0.05478985614794225
18700.0,0.3410447275336616,0.5659840363044658,0.09297123616187249
17125.0,0.026197354075827597,0.7892648163995151,0.18453782952465736
17398.0,0.7419541602833378,0.19340913880135113,0.06463670091531101
18089.0,0.029008726307417514,0.4869978046526205,0.48399346903996204
18362.0,0.3751699872364017,0.5571656526614454,0.067664360102153
17820.0,0.031404883258554596,0.7873333842998981,0.1812617324415473
17551.0,0.7380146486239493,0.18704863657281348,0.07493671480323713
18523.0,0.7595700693949454,0.18319607818862704,0.05723385241642751
17211.0,0.07491139289969262,0.01305682125749947,0.912031785842808
18295.0,0.7465398525750406,0.1862593344081121,0.06720081301684729
18020.0,0.6250867919571366,0.1141307008836662,0.2607825071591973
17474.0,0.2475865049251164,0.42865743500000464,0.3237560600748788
17745.0,0.7548465585884366,0.1854290999803584,0.05972434143120494
18582.0,9.89817415871468E-4,0.1995546883103532,0.7994554942737754
17684.0,0.752766197221146,0.18662107280507506,0.06061272997377897
17415.0,0.10533179228105158,0.8540716436617345,0.04059656405721396
17953.0,0.7503381287342681,0.1890683033911297,0.06059356787460228
18226.0,0.13103934591909877,0.04802535192888108,0.8209353021520202
17005.0,0.7629736385742335,0.179512917986447,0.057513443439319495
17278.0,0.7463902965952588,0.06324190911529744,0.19036779428944373
18643.0,0.7660825248148083,0.1791276190372495,0.05478985614794225
17610.0,0.7760793682266621,0.17482576837307942,0.04909486340025847
17881.0,0.7578707567942913,0.18551267890198012,0.056616564303728474
18431.0,0.024390361446163005,0.6970173359728355,0.2785923025810014
18156.0,0.0046225435126915956,0.03674147229850209,0.9586359841888062
17331.0,0.7381379363117693,0.19381584717316178,0.06804621651506883
17056.0,0.6761353944202652,0.11135873967543271,0.2125058659043023
18462.0,0.08788627034175553,0.7200705483199412,0.19204318133830323
18701.0,0.5583457237936785,0.3598360126591264,0.08181826354719506
18088.0,0.07090799725606207,0.7724788024342261,0.15661320030971174
18363.0,0.753834640374646,0.18718713460613082,0.058978225019223174
17821.0,0.08299340430322803,0.7735791123942897,0.14342748330248223
17550.0,0.8014770543921166,0.08211813353125776,0.1164048120766258
17124.0,0.003734008472498614,0.49125281126560855,0.5050131802618929
17399.0,0.41141790250549976,0.5165706947489096,0.07201140274559066
18522.0,0.10719269269909822,0.03836919416320876,0.854438113137693
18294.0,0.761753626271956,0.17902020607662517,0.05922616765141887
18021.0,0.3641912074478427,0.555066722805307,0.08074206974685043
17475.0,0.7461669810605694,0.18678220355738856,0.06705081538204206
17744.0,0.04083607631918528,0.8387720381696916,0.12039188551112319
17210.0,0.049752616195570365,0.7959327326945741,0.1543146511098554
18583.0,0.21199026688350128,0.07602505205405122,0.7119846810624474
18640.0,0.7548619051661547,0.18508301595082,0.06005507888302519
17277.0,0.7711534031283149,0.16765173629437288,0.06119486057731225
17006.0,0.7629736385742335,0.179512917986447,0.057513443439319495
17412.0,0.317301892798017,0.06102082796134811,0.6216772792406349
17687.0,0.7629736385742335,0.179512917986447,0.057513443439319495
18225.0,0.7975441214891814,0.15465494260863114,0.04780093590218745
17954.0,0.7346567935914535,0.20307937785989857,0.06226382854864801
18702.0,0.7728526286596572,0.1762159472009277,0.050931424139415093
18461.0,0.06786354400286591,0.8323178940122675,0.09981856198486652
17059.0,0.7437895900313227,0.18966448806045175,0.06654592190822543
17328.0,0.031213810337490166,0.7703527071850362,0.19843348247747356
17882.0,0.047400034785578,0.13066878235660778,0.8219311828578143
17609.0,0.7470815245575401,0.18810659545941832,0.06481187998304157
18159.0,0.09475445085582863,0.021944840441519967,0.8833007087026514
18428.0,0.7381379363117693,0.19381584717316178,0.06804621651506883
18521.0,0.7658059369164094,0.18233902937012061,0.0518550337134699
17396.0,0.766152894238954,0.18135677445126644,0.05249033130977958
17127.0,0.7524249068387441,0.17371983634865285,0.07385525681260302
18360.0,0.7646304739571192,0.18847250954559844,0.04689701649728229
18091.0,0.1008783470689192,0.4586540023667696,0.44046765056431114
17549.0,0.7658059369164094,0.18233902937012061,0.0518550337134699
17822.0,0.6790588293526538,0.050153978110268525,0.2707871925370776
18580.0,0.7578707567942913,0.18551267890198012,0.056616564303728474
17209.0,0.7422448685905184,0.1908111650026293,0.06694396640685236
18022.0,0.7377805942721235,0.09257050414006224,0.16964890158781445
18293.0,0.7643489848921357,0.18421840186524321,0.05143261324262117
17747.0,0.38913360148349285,0.11420698481470415,0.4966594137018029
17472.0,0.7533563652064235,0.18537243135764309,0.06127120343593351
18641.0,0.7660515859605767,0.17249765240376289,0.061450761635660454
17413.0,0.03188391068359762,0.7210103679688078,0.24710572134759468
17686.0,0.10509867720284388,0.05778964025719797,0.8371116825399582
18224.0,0.03192059797943507,0.4854146912247782,0.48266471079578666
17955.0,0.4687603064401332,0.38243009227538116,0.14880960128448564
17276.0,0.7624820486302152,0.12451703903897596,0.11300091233080886
17007.0,0.7392280185410154,0.19426713789658095,0.06650484356240365
18703.0,0.011550198579019498,0.1882454564554282,0.8002043449655522
18460.0,0.1048929468132703,0.06577990189570472,0.829327151291025
17883.0,0.7409379689996001,0.19511216909909787,0.06394986190130204
17608.0,0.5332705723115218,0.36937628630479086,0.09735314138368739
18158.0,0.5601024021636523,0.36805613486318056,0.07184146297316704
18429.0,0.5363141372863531,0.272267035921525,0.1914188267921219
17058.0,0.48949437387720857,0.05660408681417962,0.4539015393086119
17329.0,0.7365561721466324,0.19468372656870403,0.06876010128466366
18520.0,0.07939477546374105,0.02040341289324609,0.9002018116430128
18361.0,0.7549304168713418,0.16604991379265002,0.07901966933600832
18090.0,0.727187070486482,0.2072209399826875,0.06559198953083058
17548.0,0.44415483239098213,0.13914911383566933,0.4166960537733485
17823.0,0.47006817664774503,0.4500829291305657,0.07984889422168931
17397.0,0.013736448689087835,0.15573355204134243,0.8305299992695696
17126.0,0.49432222303227524,0.17880691921955333,0.3268708577481714
18581.0,0.05923809778211213,0.041260792280831064,0.8995011099370569
18023.0,0.721948426565202,0.20361595688404432,0.07443561655075366
18292.0,0.5996164284784787,0.17373497047873931,0.22664860104278192
17746.0,0.45932052400005324,0.13256208023893715,0.4081173957610096
17473.0,0.5021161124998723,0.1620640380185757,0.335819849481552
17208.0,0.7562909321776682,0.12650755427028718,0.11720151355204453
17334.0,0.6722001401696313,0.07549897586411147,0.2523008839662574
17061.0,0.7682991947787635,0.17916537678488825,0.052535428436348355
18426.0,0.2344824030324071,0.6347492289249894,0.13076836804260344
18153.0,0.7558589858268886,0.1960845535006176,0.048056460672493716
17615.0,0.7438031377556742,0.19238515428602385,0.06381170795830185
17884.0,0.6003034450386479,0.3176389728634167,0.08205758209793554
18459.0,0.753834640374646,0.18718713460613082,0.058978225019223174
18696.0,0.7461952756777714,0.18783285647189377,0.06597186785033476
17000.0,0.759868094088328,0.12824822818507517,0.11188367772659681
17275.0,0.6839366570055289,0.1809405265917027,0.13512281640276855
17956.0,0.619850282169724,0.2984929379000997,0.08165677993017621
18231.0,0.7646304739571192,0.18847250954559844,0.04689701649728229
17681.0,0.757319673168371,0.1888485365216755,0.05383179030995353
17410.0,0.470236078574053,0.448295663254557,0.08146825817139003
18646.0,0.08566024164787071,0.8135661764435194,0.10077358190860988
17215.0,0.31105195473940916,0.249925444857359,0.43902260040323177
17478.0,0.7629736385742335,0.179512917986447,0.057513443439319495
17749.0,0.7438031377556742,0.19238515428602385,0.06381170795830185
18291.0,0.7636410458006962,0.18690065632924882,0.04945829787005495
18016.0,0.7336976462480139,0.16606188474341563,0.10024046900857055
18578.0,0.6588643395234953,0.06490169810525795,0.2762339623712468
17121.0,0.7655135515755431,0.18245636411855098,0.05203008430590588
17394.0,0.42656576078768016,0.499169147966364,0.07426509124595579
17816.0,0.45932052400005324,0.13256208023893715,0.4081173957610096
17547.0,0.7923153824775537,0.13461438270253767,0.07307023481990847
18093.0,0.35553376341228327,0.44018891779833447,0.2042773187893824
18366.0,0.7573310430630749,0.1877026281090272,0.05496632882789787
18527.0,0.742448290541027,0.140227132255066,0.11732457720390693
18427.0,0.7453818954368813,0.19061618889497275,0.06400191566814596
18152.0,0.3879838059661467,0.12770248916355884,0.4843137048702944
17614.0,0.010635985179887581,0.03112373119489757,0.9582402836252147
17885.0,0.757319673168371,0.1888485365216755,0.05383179030995353
17335.0,0.733193372208135,0.2016199089884547,0.06518671880341038
17060.0,0.027770047230543306,0.6279452072202255,0.3442847455492312
18458.0,0.739181055296934,0.14804718281259863,0.11277176189046742
18697.0,0.38521924972024413,0.5248166388188549,0.08996411146090107
17957.0,0.03249729189264399,0.20180787078314302,0.7656948373242131
18230.0,0.6810432396897995,0.05919660782559263,0.2597601524846078
17680.0,0.7497283057640857,0.1889941803384935,0.06127751389742093
17411.0,0.7381379363117693,0.19381584717316178,0.06804621651506883
17001.0,0.766152894238954,0.18135677445126644,0.05249033130977958
17274.0,0.0033237450424385127,0.057536508358727895,0.9391397465988335
18647.0,0.2538908424971909,0.6200102679828213,0.12609888951998782
17479.0,0.24169929112380678,0.08142968271513376,0.6768710261610593
17748.0,0.7545541429683611,0.16025161107545408,0.08519424595618484
18290.0,0.761753626271956,0.17902020607662517,0.05922616765141887
18017.0,0.7731923502801306,0.10329386762071918,0.12351378209915037
17214.0,0.015432041963472948,0.10817551903434798,0.8763924390021791
18579.0,0.7542055314815042,0.186828404660078,0.058966063858417794
17817.0,0.7714518234468619,0.14682480300841352,0.08172337354472445
17546.0,0.7628764658235919,0.15480660081098857,0.08231693336541965
18092.0,0.7655135515755431,0.18245636411855098,0.05203008430590588
18367.0,0.00270805400299787,0.03927817479805191,0.9580137711989503
17120.0,0.4450451370739887,0.05765641163039693,0.4972984512956144
17395.0,0.5074281986764577,0.153818005489504,0.33875379583403825
18526.0,0.3084999226881229,0.04193006014290696,0.6495700171689701
18698.0,0.7629736385742335,0.179512917986447,0.057513443439319495
18457.0,0.7655135515755431,0.18245636411855098,0.05203008430590588
17063.0,0.794082504280367,0.14532410532934678,0.06059339039028604
17332.0,0.7593574752122999,0.17455407375803633,0.06608845102966361
18155.0,0.761753626271956,0.17902020607662517,0.05922616765141887
18424.0,0.665301203850406,0.11838161700953888,0.21631717914005502
17886.0,0.7381379363117693,0.19381584717316178,0.06804621651506883
17613.0,0.15605836505876336,0.6733090017550521,0.17063263318618446
18644.0,0.1381989361903207,0.05148760915518435,0.8103134546544949
17273.0,0.761753626271956,0.17902020607662517,0.05922616765141887
17002.0,0.22356457732894588,0.5327973465628437,0.2436380761082104
18229.0,0.7470815245575401,0.18810659545941832,0.06481187998304157
17958.0,7.721928974263743E-4,0.04238620969729609,0.9568415974052774
17408.0,0.41998732035787023,0.5144977466745984,0.06551493296753146
17683.0,0.5724351109368202,0.2503959655472835,0.17716892351589633
18576.0,0.7728526286596572,0.1762159472009277,0.050931424139415093
17213.0,0.7914743356504745,0.1361345175459763,0.07239114680354924
17751.0,0.4687704979521421,0.4492279311178053,0.08200157093005268
17476.0,0.7306164656259849,0.20910254947397286,0.06028098490004228
18018.0,0.7438031377556742,0.19238515428602385,0.06381170795830185
18289.0,0.7578707567942913,0.18551267890198012,0.056616564303728474
18525.0,0.7413891931253939,0.19239064150009877,0.06622016537450735
17392.0,0.7629736385742335,0.179512917986447,0.057513443439319495
17123.0,0.35164302538707304,0.5684318123366168,0.07992516227631007
17545.0,0.5748817736390553,0.12378388011779427,0.3013343462431503
17818.0,0.7437895900313227,0.18966448806045175,0.06654592190822543
18364.0,0.7872147966253771,0.1590975618294099,0.053687641545213036
18095.0,0.05537034233318652,0.25523869906432745,0.689390958602486
18699.0,0.7636410458006962,0.18690065632924882,0.04945829787005495
18456.0,0.7296345126422381,0.1978134719454951,0.07255201541226687
18154.0,0.03463213594906796,0.8610462288000396,0.10432163525089241
18425.0,0.8214647683621902,0.14184123902380938,0.03669399261400033
17887.0,0.4511849652576823,0.37390650777224227,0.17490852697007545
17612.0,0.7542055314815042,0.186828404660078,0.058966063858417794
17062.0,0.11884740859255204,0.738696380442152,0.14245621096529587
17333.0,0.883011901377772,0.05608840194274432,0.06089969667948385
18645.0,0.21213816243972303,0.6106711046313493,0.17719073292892767
18228.0,0.09527514992579239,0.029317015351930143,0.8754078347222776
17959.0,0.43586963803512696,0.4668262467142582,0.0973041152506149
17409.0,0.7404204276806285,0.19188018170090876,0.06769939061846268
17682.0,0.7224438974896811,0.1359152911093018,0.14164081140101709
17272.0,0.4753673627715151,0.4453038012621599,0.07932883596632503
17003.0,0.7760793682266621,0.17482576837307942,0.04909486340025847
18577.0,0.29497846369960434,0.63461241595292,0.07040912034747568
17750.0,0.03213474549792045,0.8095418386644128,0.15832341583766674
17477.0,0.4455809934992076,0.47493079372429653,0.07948821277649588
18019.0,0.7593987757887878,0.17711458000789668,0.06348664420331557
18288.0,0.03628676404587172,0.5995306773718571,0.3641825585822713
17212.0,0.7625958504282906,0.17897124893434288,0.058432900637366364
18524.0,0.770134593107812,0.1371253365652445,0.09274007032694356
17544.0,0.10671158811124087,0.03858743650972506,0.854700975379034
17819.0,0.7685149075000195,0.16206763442413563,0.06941745807584494
18365.0,0.7489825837018774,0.1683211400570582,0.08269627624106422
18094.0,0.6853874579645627,0.16066269292274213,0.15394984911269521
17393.0,0.3950592960856648,0.5249583857849303,0.079982318129405
17122.0,0.5187339577465426,0.33341161366101985,0.14785442859243753
18498.0,0.03403392756476584,0.46099677709400116,0.504969295341233
17148.0,0.037015755771119215,0.07715273168285004,0.8858315125460308
17391.0,0.0560938605080667,0.7916894725578912,0.15221666693404204
18096.0,0.7072450998287243,0.2174117163872329,0.07534318378404276
18339.0,0.03693603001960623,0.10720825771023064,0.855855712270163
17797.0,0.7592888510907259,0.1733454874142058,0.06736566149506847
17558.0,0.7562582441653316,0.18140980713713953,0.06233194869752895
18575.0,0.766152894238954,0.18135677445126644,0.05249033130977958
17186.0,0.31893002037734713,0.11057410615598465,0.5704958734666682
18286.0,0.03212514369104125,0.717539890148956,0.25033496616000267
18045.0,0.7658059369164094,0.18233902937012061,0.0518550337134699
17499.0,0.4726748554394998,0.40113571077213617,0.12618943378836409
17736.0,0.0657734018165238,0.047880781567201915,0.8863458166162743
18635.0,0.07886884613625411,0.02593013307671381,0.895201020787032
17013.0,0.7660825248148083,0.1791276190372495,0.05478985614794225
17254.0,0.7085894684302138,0.07522613096739834,0.21618440060238808
17676.0,0.006419116934055348,0.15582566655256957,0.8377552165133751
17439.0,0.7660825248148083,0.1791276190372495,0.05478985614794225
17977.0,0.7465211137269906,0.19084394014959313,0.06263494612341625
18218.0,0.7245644737799781,0.20960826175580374,0.06582726446421822
18438.0,0.7878303749625372,0.14868825516219922,0.06348136987526351
18709.0,0.8004012921181269,0.14668002699052043,0.05291868089135261
17323.0,0.145541893904536,0.7391582645888088,0.11529984150665509
17080.0,0.10005995283651244,0.7754821721974797,0.12445787496600781
17618.0,0.18481498971350935,0.08463492249167845,0.7305500877948122
17857.0,0.2375230765085912,0.08491773197686188,0.677559191514547
18407.0,0.7490865373041645,0.188951445070373,0.06196201762546244
18164.0,0.38201381302753884,0.5481483212974703,0.06983786567499102
18499.0,0.7956370119189925,0.10537812508059205,0.09898486300041535
18097.0,0.7492564036931747,0.19090462283441467,0.059838973472410774
18338.0,0.00431547041056976,0.01033968339924384,0.9853448461901865
17796.0,0.09222420011431381,0.780380878286611,0.12739492159907534
17559.0,0.7360020380905113,0.1426372475247327,0.12136071438475582
17149.0,0.028498781713395416,0.3177755644325986,0.653725653854006
17390.0,0.4927310121374923,0.4314475918479481,0.07582139601455959
18574.0,0.5793292488154874,0.0780550423738647,0.342615708810648
18287.0,0.7660515859605767,0.17249765240376289,0.061450761635660454
18044.0,0.7512321988909912,0.18629141528008789,0.062476385828920754
17498.0,0.7460741728636987,0.18954597722442904,0.06437984991187225
17737.0,0.7464182383999518,0.18792371036969122,0.06565805123035695
17187.0,0.17498007293486828,0.4571649597864937,0.367854967278638
18634.0,0.7381379363117693,0.19381584717316178,0.06804621651506883
17677.0,0.2374634527608449,0.09039312716018594,0.6721434200789691
17438.0,0.7305812532396099,0.16520513254396033,0.1042136142164299
17976.0,0.7413891931253939,0.19239064150009877,0.06622016537450735
18219.0,0.7331057837407375,0.19838660785043957,0.06850760840882285
17012.0,0.7254202835240801,0.19075129912771768,0.08382841734820227
17255.0,0.00701267204484314,0.0605568753178047,0.9324304526373521
18439.0,0.3387730076012333,0.08669182434964032,0.5745351680491263
18708.0,0.0222052142081973,0.7454728780257801,0.23232190776602243
17619.0,0.3111833823360755,0.5929080013266464,0.09590861633727804
17856.0,0.7465398525750406,0.1862593344081121,0.06720081301684729
18406.0,0.766996008606347,0.1755960534553368,0.057407937938316354
18165.0,0.7465398525750406,0.1862593344081121,0.06720081301684729
17322.0,0.5486926322699714,0.3816709094453346,0.06963645828469384
17081.0,0.7470815245575401,0.18810659545941832,0.06481187998304157
17389.0,0.3984012762065287,0.5249231935345112,0.07667553025896012
17150.0,0.7816144399490755,0.1354069669291136,0.08297859312181104
18337.0,0.5229874549596142,0.36336600676201297,0.11364653827837295
18098.0,0.7658059369164094,0.18233902937012061,0.0518550337134699
17556.0,0.758375925034953,0.18565199422290912,0.05597208074213791
17799.0,0.3726587712989288,0.5561161822428738,0.0712250464581974
18496.0,3.97459481306954E-4,0.0772712954740726,0.9223312450446204
17184.0,0.5761486356004616,0.35117766472607725,0.07267369967346116
18047.0,0.7760793682266621,0.17482576837307942,0.04909486340025847
18284.0,0.7629736385742335,0.179512917986447,0.057513443439319495
17738.0,0.757319673168371,0.1888485365216755,0.05383179030995353
17497.0,0.7526720306834779,0.14918818904785275,0.09813978026866943
18573.0,0.44839596197503545,0.41926671029302176,0.13233732773194265
17252.0,0.7796785480522537,0.14739437712062012,0.07292707482712618
17015.0,0.007325605070464265,0.19371467331777673,0.798959721611759
17437.0,0.7624759645201565,0.17976948248157396,0.057754552998269454
17678.0,0.09384250200867732,0.7657458997333458,0.14041159825797692
18216.0,0.7760793682266621,0.17482576837307942,0.04909486340025847
17979.0,0.13202337880692197,0.041548074979333334,0.8264285462137447
18633.0,0.7535996242068794,0.1890886871709069,0.05731168862221367
17082.0,0.07528119609759434,0.6673649972326895,0.25735380666971613
17321.0,0.7889766571809821,0.16268519326217104,0.048338149556846836
17859.0,0.16148231305820476,0.6550749560395889,0.18344273090220634
17616.0,0.7629736385742335,0.179512917986447,0.057513443439319495
18166.0,0.13276429912609614,0.049098679067832975,0.818137021806071
18405.0,0.7453818954368813,0.19061618889497275,0.06400191566814596
18711.0,0.7696105016622964,0.17395591600039798,0.05643358233730564
18436.0,0.6823061430874963,0.20571160498443578,0.1119822519280679
18336.0,0.7760793682266621,0.17482576837307942,0.04909486340025847
18099.0,0.17631284778323475,0.6800385171739497,0.1436486350428155
17557.0,0.7636410458006962,0.18690065632924882,0.04945829787005495
17798.0,0.5152230701364664,0.1523292349804431,0.33244769488309045
17388.0,0.7497283057640857,0.1889941803384935,0.06127751389742093
17151.0,0.7629736385742335,0.179512917986447,0.057513443439319495
18497.0,0.7461952756777714,0.18783285647189377,0.06597186785033476
18046.0,0.7420220212258927,0.203224774880267,0.05475320389384034
18285.0,0.757319673168371,0.1888485365216755,0.05383179030995353
17739.0,0.4344300840721509,0.07896181633433719,0.4866080995935119
17496.0,0.7479051862352298,0.19255758982024648,0.05953722394452374
17185.0,0.7563587995804616,0.18521872333086822,0.05842247708867012
18572.0,0.3751699872364017,0.5571656526614454,0.067664360102153
17436.0,0.7628541868512616,0.17651290568839956,0.06063290746033888
17679.0,0.03800632141956261,0.12721534145183383,0.8347783371286036
18217.0,0.6470176392446446,0.1286655458281637,0.2243168149271917
17978.0,0.7453968147256023,0.11141256233887308,0.1431906229355246
17253.0,0.37922064325764865,0.2947060250265255,0.32607333171582575
17014.0,0.7600246851357368,0.17910056369758123,0.06087475116668194
18632.0,0.7533563652064235,0.18537243135764309,0.06127120343593351
17858.0,0.7470815245575401,0.18810659545941832,0.06481187998304157
17617.0,0.013179564609266578,0.5398222889287917,0.44699814646194186
18167.0,0.0026789035813831546,0.71712944120192,0.28019165521669687
18404.0,0.1279114867654675,0.3447201611451565,0.5273683520893759
17083.0,0.7500505271353187,0.2052907522405082,0.04465872062417308
17320.0,0.47325967837451804,0.4124206476675065,0.11431967395797542
18710.0,0.6806365463856165,0.06427232681809616,0.25509112679628737
18437.0,0.7550351979763971,0.0585021234844931,0.18646267853910972
18571.0,0.013397106919802752,0.8175775162382917,0.16902537684190555
17190.0,0.04382531705926871,0.2953098827386048,0.6608648002021266
17503.0,0.737890364253317,0.19413636668459852,0.06797326906208458
17740.0,0.046900334942197336,0.03527872259364889,0.9178209424641537
18282.0,0.7548465585884366,0.1854290999803584,0.05972434143120494
18041.0,0.7728526286596572,0.1762159472009277,0.050931424139415093
18502.0,0.7453529350207435,0.18893120113877593,0.06571586384048059
17144.0,0.05635226603510205,0.02193414607438116,0.9217135878905167
17387.0,0.761753626271956,0.17902020607662517,0.05922616765141887
17793.0,0.039478776718296416,0.6789195959311736,0.28160162735052996
17554.0,0.5224511345129936,0.27182012664972055,0.20572873883728582
18100.0,0.02409769975117922,0.6464973292231246,0.32940497102569605
18343.0,0.7461952756777714,0.18783285647189377,0.06597186785033476
18434.0,0.7513203659068312,0.18921266732146877,0.05946696677170015
18705.0,0.019431357845194112,0.1769858565194972,0.8035827856353086
17327.0,0.24970740919104087,0.054017048907684995,0.6962755419012743
17084.0,0.7660825248148083,0.1791276190372495,0.05478985614794225
18403.0,0.32229078909383746,0.07702578079884996,0.6006834301073126
18160.0,0.7655135515755431,0.18245636411855098,0.05203008430590588
17622.0,0.107113418999183,0.018526033584471312,0.8743605474163457
17861.0,0.5272045834382635,0.4020718170553173,0.0707235995064193
18639.0,0.7144965799301889,0.22041610511186535,0.06508731495794587
17009.0,0.7625958504282906,0.17897124893434288,0.058432900637366364
17250.0,0.4563217652231291,0.46621432455998424,0.07746391021688671
17981.0,0.7577891973107276,0.18603029686570835,0.05618050582356405
18222.0,0.060230943556376336,0.8549991952610291,0.08476986118259473
17672.0,0.007954460528296582,0.01473006378057036,0.977315475691133
17435.0,0.7712617942105997,0.15386025065369224,0.07487795513570797
18570.0,0.3332595978849773,0.0482474748027774,0.6184929273122453
17502.0,0.43829521570900554,0.4985709699934229,0.06313381429757148
17741.0,0.4430098795348377,0.4613807960761718,0.09560932438899065
