18081.0,0.8039538382935908,0.17434140463067357,0.02170475707573579
18354.0,0.0649833829722569,0.8290820403930544,0.1059345766346885
17812.0,0.8242580063053311,0.1570469235515772,0.018695070143091692
17543.0,0.08457455046116469,0.05881751045834982,0.8566079390804855
17133.0,0.6599473243293792,0.25301664616006025,0.08703602951056039
17406.0,0.024650416263367433,0.7068740665873571,0.26847551714927553
18752.0,0.10223042791131541,0.8365973059456482,0.06117226614303652
18515.0,0.8043146361607462,0.1760070941058574,0.01967826973339658
18303.0,0.19452691528662083,0.7218515737181599,0.08362151099521942
18028.0,0.14822054518451017,0.04864409353218909,0.8031353612833009
17482.0,0.2160370360423236,0.22944505699154927,0.554517906966127
17753.0,0.8665497626061958,0.12298971757336309,0.010460519820441034
17203.0,0.6883118492932503,0.19022840420248646,0.12145974650426325
18590.0,0.8107778059829895,0.16916169984546942,0.020060494171541175
17693.0,0.8853418130881572,0.09742809106811456,0.01723009584372829
17422.0,0.005173744928659947,0.028994738548229065,0.9658315165231109
17960.0,0.5824073749043127,0.07550789780794531,0.34208472728774203
18235.0,0.7892091266808279,0.16400627630515913,0.04678459701401288
16996.0,0.8087928496833359,0.16933245692546917,0.021874693391194962
17271.0,0.826153153928617,0.1372863163603545,0.036560529711028474
18650.0,0.8160950812025665,0.15611383446438978,0.027791084333043614
17603.0,0.7994669550874205,0.17823622823584928,0.02229681667673016
17872.0,0.8036220252469303,0.16936195959455497,0.027016015158514813
18422.0,0.8553073568494226,0.1322240934902306,0.012468549660346752
18149.0,0.11983320849545218,0.8116254577732078,0.06854133373133993
17338.0,0.016714198652859124,0.18743583920390852,0.7958499621432322
17065.0,0.5240207275461174,0.3171331722206737,0.1588461002332089
18455.0,0.9101637556241928,0.08115817141136517,0.008678072964442039
18692.0,0.4587326252865432,0.054987857765795956,0.48627951694766103
17132.0,0.006246728959736898,0.054274671048246494,0.9394785999920165
17407.0,0.0032179496021790374,0.022889352811606763,0.9738926975862142
18080.0,0.27769246642136003,0.3420057372367671,0.38030179634187306
18355.0,0.034089182331997994,0.24885061273384354,0.7170602049341586
17813.0,0.6357546349433121,0.12456234741654364,0.2396830176401442
17542.0,0.7766116989863595,0.19467066421664583,0.028717636796994593
18514.0,0.83019092143757,0.14503585345986847,0.02477322510256146
17202.0,0.09330825873235339,0.8761742197770855,0.030517521490560962
18302.0,0.8384651842988452,0.1480710464316055,0.013463769269549354
18029.0,0.8022060619977518,0.1778390231413099,0.019954914860938238
17483.0,0.8948026703498043,0.09391598456072794,0.011281345089467673
17752.0,0.05576723674391635,0.06171995368085518,0.8825128095752285
18591.0,0.732333732413626,0.0641480291161688,0.20351823847020514
16997.0,0.8293137099266562,0.06334575837473318,0.1073405316986106
17270.0,0.8317334839257108,0.15086914460360437,0.01739737147068484
17692.0,0.8248329098251947,0.15140459168642034,0.023762498488384996
17423.0,0.30092418835607054,0.1092651721548698,0.5898106394890597
17961.0,0.7903188508315011,0.18430633963835555,0.025374809530143295
18234.0,0.14752825550369858,0.8115442354965212,0.040927508999780184
18651.0,0.13075370880748266,0.8159964119414225,0.05324987925109478
17339.0,0.7769261045998745,0.13292984913220995,0.0901440462679155
17064.0,0.8043097915185136,0.1634036588807065,0.03228654960077996
17602.0,0.6227337608449928,0.24411925369654555,0.1331469854584616
17873.0,0.785612795783131,0.17509012373916166,0.03929708047770744
18423.0,2.194163882555889E-4,0.03692925033398127,0.9628513332777631
18148.0,0.623060519921275,0.1273162697274022,0.2496232103513229
18454.0,0.663190614310646,0.26889874113271584,0.06791064455663813
18693.0,0.7469744161001484,0.17017453788108738,0.08285104601876425
18513.0,0.020202020031513578,0.08063804525809982,0.8991599347103867
18352.0,0.8058726876132434,0.1671822848128901,0.026945027573866485
18083.0,0.0033453081486729316,0.03379127488391066,0.9628634169674164
17541.0,0.8091169577664966,0.1615863518947077,0.029296690338795554
17814.0,0.6418001036655074,0.30740751094152585,0.05079238539296672
17404.0,0.8101516236060382,0.16892188444679757,0.020926491947164214
17135.0,0.3326096985629044,0.2697332000915097,0.3976571013455859
18588.0,0.7799254467375103,0.13204101092327095,0.0880335423392188
18030.0,0.11423234809853605,0.03435571708562652,0.8514119348158373
18301.0,0.1206487657322611,0.35209419350146015,0.5272570407662787
17755.0,0.15096434920101606,0.2773760984398097,0.5716595523591743
17480.0,0.47376849720029274,0.10793284778827235,0.41829865501143493
17201.0,0.8275737559878507,0.16053075803685765,0.011895485975291708
18648.0,0.8100530077415642,0.16818360043357497,0.021763391824860766
17420.0,0.008131537171474532,0.06324417733159876,0.9286242854969268
17695.0,0.8206731010972617,0.16271194410894282,0.016614954793795645
18233.0,0.8312944414967224,0.14987475929759922,0.01883079920567837
17962.0,0.8157344958875817,0.15764635801812124,0.02661914609429702
17269.0,0.691350482261735,0.282670264855703,0.025979252882562105
16998.0,0.03640523886473548,0.2175198959389153,0.7460748651963492
18694.0,0.7562982898643796,0.07740396094806676,0.16629774918755363
18453.0,0.8595332331144997,0.12897690839207063,0.011489858493429584
17874.0,0.7941946990484956,0.17556962579282567,0.030235675158678803
17601.0,0.8262893980058437,0.11549059595664327,0.05822000603751299
18151.0,0.8454849055400679,0.12832223860308759,0.02619285585684443
18420.0,0.09096178193914815,0.0233173405626615,0.8857208774981904
17067.0,0.0191510311103201,0.0957063207908214,0.8851426480988585
17336.0,0.46024229372130004,0.4296666165970949,0.11009108968160503
18512.0,0.17527652756197662,0.7933936161717164,0.03132985626630691
17405.0,0.7424557919866839,0.21671558313263412,0.040828624880682014
17134.0,0.8083727731330095,0.14293817701382058,0.04868904985316999
18353.0,0.7573136294330151,0.17050466018959948,0.07218171037738547
18082.0,0.7172925128070085,0.2071651372584994,0.07554234993449219
17540.0,0.8311673507328302,0.07964348607101362,0.08918916319615616
17815.0,0.8040520320202741,0.1646264051711913,0.03132156280853476
18589.0,0.12516455762393236,0.1267417601716959,0.7480936822043718
17200.0,0.002295252707595143,0.06022592710047058,0.9374788201919343
18031.0,0.8315471506924219,0.15404583451062168,0.014407014796956337
18300.0,0.67203219361219,0.271789408673974,0.056178397713835974
17754.0,0.0612510428847415,0.5144531425565138,0.4242958145587448
17481.0,0.013823115537615272,0.07078033905115533,0.9153965454112294
18649.0,0.06225007097424623,0.35225500458078934,0.5854949244449644
17268.0,0.7872948373002915,0.17975512284555667,0.03295003985415199
16999.0,0.5809188770568927,0.29419277781373243,0.12488834512937488
17421.0,0.8237269026312836,0.15744741856096886,0.018825678807747524
17694.0,0.7545006407923113,0.14596082763072357,0.09953853157696518
18232.0,0.8561896769013239,0.12957671773880927,0.01423360535986691
17963.0,0.8414825582332748,0.1365518414436356,0.021965600323089623
18695.0,0.8388272177761735,0.14871659663316408,0.012456185590662382
18452.0,0.8146416637233532,0.11838641340422056,0.06697192287242615
17066.0,0.7751736540553855,0.1699773094002541,0.05484903654436027
17337.0,0.7353891153194608,0.21176362480087785,0.052847259879661344
17875.0,0.4247292663234731,0.1195159293873297,0.4557548042891974
17600.0,0.7937176980853412,0.06633610793297962,0.13994619398167918
18150.0,0.03207351824872627,0.6692897749251788,0.2986367068260949
18421.0,0.0896853596380812,0.8006121793804359,0.10970246098148277
17486.0,0.8530027196811876,0.10257650397776796,0.044420776341044535
17757.0,0.05444887832395253,0.26342019551984835,0.6821309261561992
18299.0,0.7899130675572161,0.19640008105369774,0.013686851389086058
18024.0,0.5308996422051405,0.19609525032818298,0.2730051074666765
17207.0,0.814310047258446,0.16986351247951087,0.015826440262043016
18586.0,0.7634081170742365,0.21437240948476888,0.022219473440994626
17808.0,0.7671045531620285,0.17012774099937134,0.06276770583860009
17539.0,0.32220183647110656,0.0591988029415517,0.6185993605873418
18085.0,0.7362875414789934,0.1875371743835503,0.07617528413745624
18358.0,0.8176887018583586,0.14827859385795597,0.03403270428368561
17129.0,0.8149888937933798,0.16764985397944565,0.017361252227174443
17402.0,0.6756961005042572,0.21826904501579694,0.10603485447994594
18519.0,0.8170343407884582,0.16786335429950272,0.015102304912039103
18418.0,0.815400962268025,0.17093116721399684,0.013667870517978204
18145.0,0.42897967760666295,0.08652893911550567,0.4844913832778314
17607.0,0.8921475183156639,0.09749490318165008,0.010357578502686171
17876.0,0.8171088307195506,0.16302456467951154,0.019866604600937886
17342.0,0.6249439585470443,0.06043143477938712,0.3146246066735685
17069.0,0.8511840270880574,0.1284217470448882,0.020394225867054295
18451.0,0.15082828430283085,0.0723240480284071,0.7768476676687621
18688.0,0.8237189711097628,0.13567484685136155,0.04060618203887571
17964.0,0.4264855095817267,0.03387632717855141,0.5396381632397219
18239.0,0.24524529299684728,0.03935523056848814,0.7153994764346645
17689.0,0.7862242550852256,0.1695072189868843,0.04426852592788998
17418.0,0.0647176553534266,0.6230193564765155,0.312262988170058
16992.0,0.21150698946611032,0.7160533915373216,0.07243961899656806
17267.0,0.054435293344327756,0.8143256501586187,0.13123905649705347
18654.0,0.7263363769100578,0.046424540723739416,0.22723908236620285
17206.0,0.8243400829243472,0.1620112686892092,0.013648648386443385
17487.0,0.8729181851902821,0.11746327937940977,0.009618535430308241
17756.0,0.10847452692621824,0.7335345945883651,0.1579908784854166
18298.0,0.6345470171610286,0.1483702536916279,0.2170827291473437
18025.0,0.8454867720186625,0.13929841553551128,0.015214812445826079
18587.0,0.8374457526108305,0.12616850642002508,0.036385740969144535
17128.0,0.8299748976255505,0.14281123585519087,0.027213866519258622
17403.0,0.5380327616922148,0.163379646952053,0.2985875913557321
17809.0,0.4897932446146212,0.11553985863344228,0.3946668967519365
17538.0,0.12789076323297685,0.8481442017315596,0.02396503503546349
18084.0,0.6734758358264912,0.17069898030741043,0.1558251838660984
18359.0,0.8394482730836239,0.13319788334341276,0.02735384357296347
18518.0,0.4938428978612848,0.1729379236346386,0.3332191785040765
17343.0,0.819649432249532,0.15542650989470555,0.024924057855762363
17068.0,0.7638121549075897,0.22183610195603212,0.014351743136378318
18419.0,0.7245973117642399,0.2103344977399763,0.06506819049578372
18144.0,0.6335187581841052,0.27172281119055125,0.09475843062534356
17606.0,0.06414062645262136,0.5132828757371408,0.4225764978102377
17877.0,0.2983662082334351,0.31147488454201594,0.3901589072245488
18450.0,0.629797494583694,0.28658974115867925,0.08361276425762662
18689.0,0.8073113749950979,0.14119088908676003,0.05149773591814198
16993.0,0.005054743222677794,0.04189887298632892,0.9530463837909933
17266.0,0.8470225889230272,0.14190916047875338,0.01106825059821943
17965.0,0.7812063527456564,0.1554097597597916,0.06338388749455197
18238.0,0.8088260697406074,0.16614986533860943,0.02502406492078308
17688.0,0.7410694427013402,0.09430213940337881,0.16462841789528096
17419.0,0.5183639131183062,0.10601546657064558,0.37562062031104826
18655.0,0.22472924862774268,0.4464171094389857,0.32885364193327155
18584.0,0.7372631189567017,0.21536104435055123,0.04737583669274703
17759.0,0.22197232279722753,0.7408120326968255,0.03721564450594692
17484.0,0.8180999842061273,0.16566438723143573,0.016235628562436998
18026.0,0.018678168154376496,0.7604531390031847,0.22086869284243882
18297.0,0.6002436671739397,0.12292041455875855,0.27683591826730153
17205.0,0.8232087553835763,0.1581436896517017,0.018647554964722
18517.0,0.0551905762261767,0.9335845824261219,0.011224841347701464
17537.0,0.14527249900464326,0.2715572088833339,0.5831702921120228
17810.0,0.8143477949811606,0.15820964199246715,0.027442563026372296
18356.0,0.1366857635078607,0.8025099545998825,0.06080428189225673
18087.0,0.13681494591930946,0.788840787089129,0.07434426699156153
17400.0,0.8242376376437965,0.13845704500199435,0.037305317354209194
17131.0,0.014115541560166218,0.7981351189474577,0.187749339492376
18690.0,0.3227802638425791,0.6266132378846234,0.05060649827279745
18449.0,0.013405704533867434,0.7559479620723105,0.23064633339382215
18147.0,0.7667820537725984,0.1881685169024707,0.04504942932493096
18416.0,0.7924072137016827,0.18246387081624824,0.025128915482069063
17878.0,0.6714315248594891,0.22792001879812174,0.1006484563423891
17605.0,0.7343728104168175,0.16213843714717444,0.10348875243600815
17071.0,0.7333670452704041,0.12917520675525873,0.13745774797433719
17340.0,0.8376336357029611,0.1297078950013022,0.03265846929573665
18652.0,0.8196864866516287,0.13761411070589485,0.042699402642476306
18237.0,0.6608346496985926,0.1754708633320166,0.16369448696939073
17966.0,0.8060333798823933,0.16598123053430275,0.02798538958330405
17416.0,0.7831747650549382,0.16553054046168847,0.05129469448337331
17691.0,0.45177051873508356,0.07730810488107479,0.4709213763838417
17265.0,0.8215583765949953,0.15878164437363182,0.01965997903137297
16994.0,0.6586624766799638,0.09185918705079159,0.24947833626924473
18585.0,0.8088338301262206,0.17060603608629607,0.020560133787483392
17204.0,0.8213218654666988,0.153055510573594,0.025622623959707123
17758.0,0.3208231629826958,0.6286479709630657,0.0505288660542384
17485.0,0.7923914845014269,0.17795367146798197,0.029654844030591255
18027.0,0.020664668658660505,0.4900960922041032,0.48923923913723627
18296.0,0.8279468298244677,0.15611293695582687,0.015940233219705512
18516.0,0.8243316584359802,0.1592606452638847,0.01640769630013518
17401.0,0.7840185448844678,0.19256639397177322,0.023415061143759013
17130.0,0.7975496687954895,0.17122961499154357,0.031220716212966872
17536.0,0.7280754156096791,0.08290536764184553,0.18901921674847524
17811.0,0.19555740526771148,0.03385457136542615,0.7705880233668625
18357.0,0.8012258414259965,0.15185627370277766,0.046917884871225876
18086.0,0.706176820385903,0.21739401031108616,0.07642916930301089
18691.0,0.05928764784662896,0.060305393234627025,0.880406958918744
18448.0,0.014520150155969424,0.1860808434903851,0.7993990063536455
17070.0,0.6892698727722326,0.1291715145600125,0.18155861266775483
17341.0,0.8286117366506827,0.16195454829097386,0.009433715058343527
18146.0,0.002619509111858415,0.6435011588601507,0.3538793320279909
18417.0,0.13203924390926458,0.7976022996602741,0.07035845643046117
17879.0,0.3495430696095438,0.0813592328573849,0.5690976975330715
17604.0,0.823739244566896,0.1406191488531872,0.0356416065799167
18653.0,0.8116327260936775,0.17164236681556155,0.01672490709076094
17264.0,0.8273685794915406,0.11837015161014387,0.05426126889831554
16995.0,0.7006417088083887,0.26803838036355304,0.031319910828058156
18236.0,0.7300541246797503,0.2397403569601575,0.030205518360092228
17967.0,0.6772198389418471,0.15257904376996162,0.17020111728819126
17417.0,0.22243343500719456,0.04582983129453435,0.731736733698271
17690.0,0.7970547298677884,0.1652526450795418,0.0376926250526699
17004.0,0.7867301150595791,0.16848992645396194,0.0447799584864588
17279.0,0.8148487178337922,0.1738371400454158,0.01131414212079204
17685.0,0.03946030190636746,0.15949403178716856,0.801045666306464
17414.0,0.7670031787397252,0.13347308404649993,0.09952373721377471
17952.0,0.5770711344646282,0.1216365208575434,0.30129234467782834
18227.0,0.6470019999380284,0.15595525521365594,0.19704274484831572
18642.0,0.6914936525545012,0.25022007828185755,0.05828626916364119
17330.0,0.8257271268196043,0.15839823049852378,0.015874642681871894
17057.0,0.796582089314025,0.18796934406831503,0.015448566617660055
17611.0,0.7162493048116139,0.07421295374554787,0.20953774144283824
17880.0,0.016798982359204028,0.19595945346204072,0.7872415641787552
18430.0,0.8335108445458764,0.15508040904359846,0.011408746410525078
18157.0,0.8425098269316191,0.14173287506711457,0.015757298001266316
18463.0,0.7967376011986953,0.1730054562392296,0.030256942562075128
18700.0,0.5466722258364126,0.1436591102058917,0.30966866395769577
17125.0,0.09279928884770186,0.7404555399130226,0.16674517123927543
17398.0,0.7884500751899772,0.18921523215087765,0.022334692659145103
18089.0,2.864971053971991E-4,0.10545122926945423,0.8942622736251487
18362.0,0.7337457247788467,0.2186781768066581,0.04757609841449515
17820.0,0.16707697263268997,0.8044176148111378,0.028505412556172015
17551.0,0.4263409242455444,0.0761729141283911,0.4974861616260645
18523.0,0.7978961030954387,0.1669425325616094,0.0351613643429519
17211.0,0.014032364739517638,0.00707822707890151,0.9788894081815808
18295.0,0.8291490656770676,0.1553426436547352,0.015508290668197242
18020.0,0.7716033628656666,0.06394733845067449,0.16444929868365896
17474.0,0.8694383572034277,0.11967569950053468,0.010885943296037577
17745.0,0.8291279161152592,0.133401099858835,0.037470984025905776
18582.0,3.7927027600295326E-4,0.0470450545243574,0.9525756751996397
17684.0,0.44338045032882833,0.149015635658805,0.4076039140123668
17415.0,0.1131741545486167,0.7578158378746562,0.12901000757672712
17953.0,0.3064667512905756,0.49155537299506136,0.2019778757143629
18226.0,0.06059248987185849,0.014885866295539788,0.9245216438326018
17005.0,0.8096853936038401,0.1771530503954962,0.0131615560006637
17278.0,0.73653987864713,0.05527869768682027,0.20818142366604966
18643.0,0.8287181791104917,0.15661621286362193,0.014665608025886383
17610.0,0.8268202736834354,0.12643249201999304,0.04674723429657167
17881.0,0.7664744934033633,0.19928636704316854,0.03423913955346811
18431.0,0.05437162501423898,0.7066024091019338,0.2390259658838272
18156.0,0.005659687509860038,0.02690476171858976,0.9674355507715503
17331.0,0.8856436152563956,0.06841145645088036,0.04594492829272401
17056.0,0.7475254950363874,0.056932105047616116,0.19554239991599653
18462.0,0.11681726500193823,0.3904212953081679,0.4927614396898938
18701.0,0.651767112244867,0.29741005222185796,0.0508228355332751
18088.0,0.1325037246677492,0.7506345559702022,0.11686171936204844
18363.0,0.7590581750996634,0.1894646836401543,0.051477141260182276
17821.0,0.025636628917231057,0.6686083164038698,0.30575505467889913
17550.0,0.8786026791805067,0.1052319181992951,0.016165402620198166
17124.0,0.022583962022741263,0.4727926907356787,0.5046233472415801
17399.0,0.8107944154026122,0.16737425331149144,0.021831331285896434
18522.0,0.13074446320574334,0.028836653775020354,0.8404188830192363
18294.0,0.2561622740825738,0.7199226233937377,0.023915102523688538
18021.0,0.6182741111183868,0.2581163098362424,0.12360957904537077
17475.0,0.6942098861479066,0.25862225933948557,0.047167854512607764
17744.0,0.05574540725761758,0.8248738387604179,0.11938075398196463
17210.0,0.07759798607231025,0.8234820337535386,0.09891998017415118
18583.0,0.07334174863735972,0.2067094269470028,0.7199488244156375
18640.0,0.7848048865485953,0.1848496020274701,0.030345511423934594
17277.0,0.7199534379389784,0.23052662487251058,0.04951993718851116
17006.0,0.8180999842061273,0.16566438723143573,0.016235628562436998
17412.0,0.13209031456704987,0.049661878743189836,0.8182478066897604
17687.0,0.03489974834890326,0.7049359491633163,0.26016430248778044
18225.0,0.8276965036841489,0.15381305856314018,0.018490437752710913
17954.0,0.6175167057355274,0.13205658095557182,0.25042671330890076
18702.0,0.8158719563833359,0.16170452819540757,0.022423515421256576
18461.0,0.12833487252893622,0.8137157641539581,0.057949363317105665
17059.0,0.8097223216320109,0.17004808989974962,0.0202295884682396
17328.0,0.02281594245213653,0.726371557550756,0.2508124999971075
17882.0,0.1437180805358241,0.03208324199699888,0.8241986774671771
17609.0,0.15988353486486398,0.8090658812024996,0.031050583932636436
18159.0,0.013222122517723934,0.007102992793327096,0.9796748846889489
18428.0,0.7750841714105516,0.11244425656198237,0.11247157202746595
18521.0,0.8130026373562135,0.16811320379771966,0.01888415884606679
17396.0,0.7097628939272571,0.24294443884243397,0.04729266723030879
17127.0,0.8782243323026907,0.10362220915297936,0.018153458544329957
18360.0,0.7863496718142825,0.18067218096924428,0.03297814721647337
18091.0,0.008123355024759605,0.05766671298279401,0.9342099319924464
17549.0,0.8088338301262206,0.17060603608629607,0.020560133787483392
17822.0,0.7500535469382179,0.0580875760176327,0.19185887704414942
18580.0,0.8321307288769878,0.14270980233539732,0.025159468787614946
17209.0,0.2567700020534946,0.7101334863610663,0.03309651158543907
18022.0,0.869353452116914,0.11893282093770301,0.011713726945383127
18293.0,0.7960235563350011,0.1606966954615131,0.04327974820348571
17747.0,0.12279020125891345,0.03819454311187076,0.8390152556292156
17472.0,0.8236094475624277,0.14850519707612017,0.02788535536145208
18641.0,0.6704931738377792,0.2525857073791723,0.07692111878304846
17413.0,0.025195646035258635,0.8935265360631195,0.081277817901622
17686.0,0.4206772097068017,0.08392708969890585,0.4953957005942924
18224.0,0.03731744011936972,0.6766960554185268,0.2859865044621033
17955.0,0.643362015749146,0.27356036947245066,0.08307761477840343
17276.0,0.74753952945441,0.10420088085956687,0.14825958968602315
17007.0,0.8938670511939439,0.09677887341370495,0.00935407539235106
18703.0,0.026651948209679227,0.45138585697696465,0.521962194813356
18460.0,0.2550983278908959,0.057783730952559495,0.6871179411565446
17883.0,0.7878939686067102,0.17519166904270572,0.03691436235058409
17608.0,0.7388363940365841,0.21202679028326327,0.04913681568015269
18158.0,0.7025312857366788,0.24340853412766322,0.054060180135658116
18429.0,0.7398512327101094,0.14107966500259977,0.11906910228729083
17058.0,0.773494418852595,0.06408048088603635,0.1624251002613686
17329.0,0.7826503566393918,0.18795373848073216,0.029395904879876096
18520.0,0.1664087631937549,0.040385288040887174,0.7932059487653579
18361.0,0.323958072412084,0.506656730182619,0.16938519740529695
18090.0,0.7372591822267233,0.18953937058079795,0.07320144719247876
17548.0,0.7012835967450066,0.09371563722684022,0.2050007660281532
17823.0,0.16421760374839667,0.7505377268208089,0.0852446694307943
17397.0,0.08141923071490427,0.33315027842949285,0.5854304908556028
17126.0,0.042094613174601274,0.19817135850153977,0.7597340283238591
18581.0,0.16094110076129126,0.07776840504344797,0.7612904941952607
18023.0,0.8099173999230399,0.1567278117736439,0.03335478830331625
18292.0,0.2135611301268686,0.12106182881165947,0.6653770410614719
17746.0,0.41271928762848964,0.06132136835224283,0.5259593440192674
17473.0,0.6813647244618969,0.10979706954381739,0.20883820599428574
17208.0,0.8075978242895347,0.14013146008368413,0.05227071562678118
17334.0,0.5648800605950106,0.07522631380848574,0.3598936255965036
17061.0,0.8070846418080989,0.16822421337939722,0.024691144812503937
18426.0,0.6161280369264993,0.2296204068843327,0.15425155618916797
18153.0,0.8141923282933891,0.16440052155544985,0.021407150151160983
17615.0,0.8258852910650857,0.15211542562945946,0.021999283305454722
17884.0,0.5550597035972286,0.2590144799326786,0.1859258164700928
18459.0,0.7618891965970241,0.19498542589971743,0.04312537750325844
18696.0,0.8061197825165788,0.178586843659272,0.015293373824149165
17000.0,0.8151110534541182,0.12731016226495892,0.05757878428092299
17275.0,0.67336289458529,0.12636067686257998,0.20027642855213007
17956.0,0.651299728228748,0.2576645850440547,0.09103568672719728
18231.0,0.8016418482502309,0.14565320147918656,0.05270495027058261
17681.0,0.8234880081052182,0.15601926641856234,0.020492725476219636
17410.0,0.5474718488082702,0.17532373404863288,0.27720441714309696
18646.0,0.08188919276594614,0.7550049892006119,0.16310581803344204
17215.0,0.6342554826351505,0.11377978561586179,0.25196473174898765
17478.0,0.8280361320847173,0.1554388166440026,0.016525051271280164
17749.0,0.8091211518723375,0.162429674911953,0.02844917321570952
18291.0,0.8132558585386052,0.1423662237763251,0.044377917685069816
18016.0,0.6499297704650727,0.2940590658495463,0.05601116368538089
18578.0,0.459123263776645,0.06403690568604331,0.47683983053731177
17121.0,0.828820569751193,0.14373669577258674,0.02744273447622028
17394.0,0.7669691517802091,0.17659885294210284,0.05643199527768806
17816.0,0.541609869590447,0.10357552608207485,0.3548146043274782
17547.0,0.8029408169826644,0.15294729820162756,0.04411188481570805
18093.0,0.44962707392900014,0.10620901472503164,0.44416391134596817
18366.0,0.7967326963769965,0.1712985623044328,0.031968741318570734
18527.0,0.8398989545814691,0.14565752829956982,0.014443517118961052
18427.0,0.7941850837742221,0.18385672994672836,0.021958186279049517
18152.0,0.06613220631682577,0.03240168009672589,0.9014661135864483
17614.0,0.0016827643882327342,0.008765579105552385,0.9895516565062148
17885.0,0.8234880081052182,0.15601926641856234,0.020492725476219636
17335.0,0.08540070907171844,0.18256197999406787,0.7320373109342136
17060.0,0.016929566943214663,0.7204460443209199,0.2626243887358654
18458.0,0.6836880713274657,0.2187236107425778,0.09758831792995648
18697.0,0.1891900630306587,0.5189089656427469,0.2919009713265943
17957.0,0.02249224928501207,0.522463991651949,0.45504375906303884
18230.0,0.06977248559610515,0.025276027012776675,0.9049514873911183
17680.0,0.7944156825702717,0.16837323734400417,0.037211080085724116
17411.0,0.8147841511035874,0.16163111514008824,0.023584733756324305
17001.0,0.8352900745400931,0.14977709174646975,0.014932833713437283
17274.0,0.008083058516351348,0.03887587583394849,0.9530410656497001
18647.0,0.8100685712186695,0.1603753382037773,0.029556090577553276
17479.0,0.015324021428856133,0.12639233580963813,0.8582836427615056
17748.0,0.20651771037418373,0.18383212595354065,0.6096501636722758
18290.0,0.8388272177761735,0.14871659663316408,0.012456185590662382
18017.0,0.8257417553659285,0.1534404552850547,0.020817789349016635
17214.0,0.13301815062606723,0.05285375455067062,0.8141280948232621
18579.0,0.8136684170537548,0.16775149866993616,0.01858008427630896
17817.0,0.6127352326795393,0.3246980817583192,0.0625666855621416
17546.0,0.8220108802142164,0.13852706967571787,0.039462050110065545
18092.0,0.8669627423932881,0.11748883064964807,0.015548426957063882
18367.0,0.0017534436564228715,0.036992623220462706,0.9612539331231145
17120.0,0.47151923670741347,0.10592070217573606,0.42256006111685057
17395.0,0.13287418254110694,0.13339873413391146,0.7337270833249816
18526.0,0.7713052107025085,0.059890392103979964,0.16880439719351154
18698.0,0.8118302959138275,0.17334592108638464,0.014823782999787911
18457.0,0.8505789127943544,0.11791054193944678,0.03151054526619901
17063.0,0.8719177660260412,0.09901474685043497,0.029067487123523878
17332.0,0.6270006514756711,0.15003346038803755,0.2229658881362914
18155.0,0.6666646872273732,0.27601715009696254,0.05731816267566431
18424.0,0.2754799996706284,0.09489799931111272,0.6296220010182589
17886.0,0.8147841511035874,0.16163111514008824,0.023584733756324305
17613.0,0.06880931145398098,0.7229613490519551,0.20822933949406383
18644.0,1.6048237144088593E-4,0.022907233334062947,0.9769322842944961
17273.0,0.8444171832154169,0.14681704590399886,0.008765770880584157
17002.0,0.02292449416834988,0.6601977833534779,0.31687772247817236
18229.0,0.8095600567181218,0.16398710510848538,0.026452838173392827
17958.0,2.2796434916842368E-4,0.02376527935618138,0.9760067562946503
17408.0,0.8201209248177362,0.15607906134145674,0.023800013840807
17683.0,0.820377481421445,0.15378049702369825,0.025842021554856775
18576.0,0.8384892404033762,0.14246732929161626,0.019043430305007426
17213.0,0.8376110398838947,0.14711898835830536,0.01526997175779991
17751.0,0.7990884929996657,0.17890363861518319,0.02200786838515123
17476.0,0.8114996384958975,0.1668794324290096,0.02162092907509295
18018.0,0.7189490104020285,0.20782876907907857,0.07322222051889296
18289.0,0.7012036638866651,0.2603491799110699,0.03844715620226517
18525.0,0.814310047258446,0.16986351247951087,0.015826440262043016
17392.0,0.8158797231631082,0.1705414019967763,0.013578874840115487
17123.0,0.035003626862204325,0.6711093491862695,0.29388702395152605
17545.0,0.29679761506720853,0.07867278366925662,0.6245296012635347
17818.0,0.8280260085708908,0.1468593939671184,0.02511459746199067
18364.0,0.800229549788157,0.17374588517905282,0.02602456503279034
18095.0,0.005863570823422824,0.04100708125793033,0.9531293479186468
18699.0,0.07497282722859337,0.8049749613787821,0.12005221139262441
18456.0,0.6403582420169119,0.2546023362103931,0.10503942177269504
18154.0,0.0977103879981645,0.7550627845910823,0.14722682741075313
18425.0,0.8455490887769919,0.13637206460084386,0.018078846622164305
17887.0,0.03636276402349408,0.2759186908533385,0.6877185451231675
17612.0,0.8175621808746244,0.16101054785460245,0.021427271270773148
17062.0,0.060833810397254134,0.8223963613013452,0.11676982830140076
17333.0,0.8404643109921964,0.10573224147075741,0.053803447537046134
18645.0,0.024476639548894858,0.5633944411303277,0.4121289193207775
18228.0,0.495911891857016,0.07259071247031496,0.4314973956726691
17959.0,0.7915784233442309,0.17320215845434214,0.035219418201426836
17409.0,0.7326112668197007,0.16739956144205162,0.09998917173824778
17682.0,0.7869291267539816,0.1733030047470535,0.03976786849896495
17272.0,0.11525492859572292,0.8406025442105793,0.04414252719369779
17003.0,0.07344020840219548,0.8458083897131677,0.08075140188463678
18577.0,0.051456546458942085,0.8757579122364016,0.07278554130465627
17750.0,0.08244887489613817,0.8592904247797398,0.05826070032412201
17477.0,0.7259837584606588,0.2235455381616552,0.050470703377685826
18019.0,0.7877606012300749,0.18355990971345873,0.028679489056466435
18288.0,0.23530369328399123,0.7006462799933567,0.06405002672265205
17212.0,0.7753001478582997,0.17650445447483576,0.04819539766686447
18524.0,0.8563204104422005,0.09478092585159763,0.04889866370620194
17544.0,0.19208957332793286,0.04929441534463587,0.7586160113274312
17819.0,0.7774524743223016,0.1930666914059859,0.02948083427171257
18365.0,0.6632172981413182,0.13109186659957742,0.20569083525910434
18094.0,0.06384327224165784,0.02074978975370452,0.9154069380046377
17393.0,0.7286452576455156,0.20135751784578004,0.0699972245087044
17122.0,0.8229419425007444,0.07975322243722063,0.09730483506203498
18498.0,0.002826799960101643,0.031130146463150588,0.9660430535767478
17148.0,0.018269734500650923,0.08583845557271655,0.8958918099266325
17391.0,0.049825692252548376,0.7647974373419415,0.18537687040551007
18096.0,0.15902941480261942,0.7741399909862754,0.06683059421110533
18339.0,0.012327767878698456,0.033211390297206024,0.9544608418240955
17797.0,0.1329097803362795,0.7991386218955018,0.06795159776821871
17558.0,0.8243598925850089,0.09075077303921403,0.08488933437577717
18575.0,0.8493132165136493,0.1350922176694794,0.015594565816871245
17186.0,0.7347895962363779,0.053909955693128696,0.21130044807049353
18286.0,0.020048671103256654,0.7733075135472072,0.20664381534953633
18045.0,0.7600760020537091,0.17781547143303256,0.06210852651325837
17499.0,0.7705892790776552,0.16673918950317998,0.06267153141916472
17736.0,0.051066716662986344,0.009682380137015202,0.9392509031999984
18635.0,0.11007032471631178,0.17560132420081845,0.7143283510828699
17013.0,0.7062071738615917,0.13619581402482656,0.15759701211358168
17254.0,0.22285499454763188,0.06326253441004985,0.7138824710423183
17676.0,0.00973619073259762,0.1553778210236023,0.8348859882438
17439.0,0.8003521519620543,0.17536940337520535,0.024278444662740442
17977.0,0.8276158204462231,0.15302818777992303,0.019355991773853876
18218.0,0.7856839556792269,0.1976817877313617,0.016634256589411468
18438.0,0.7967956051520039,0.1812101612675181,0.02199423358047786
18709.0,0.6355447860449905,0.27746848832720467,0.08698672562780486
17323.0,0.07437622132108719,0.7978279031797076,0.1277958754992052
17080.0,0.06783663775906057,0.9091680674902919,0.02299529475064743
17618.0,0.67895850350326,0.08073298791402422,0.24030850858271574
17857.0,0.7094476095046127,0.10907147750089127,0.18148091299449598
18407.0,0.8236253990520628,0.12549288231549893,0.050881718632438205
18164.0,0.80604674006608,0.17365530104763371,0.020297958886286136
18499.0,0.8389570760759172,0.13480286310173323,0.026240060822349677
18097.0,0.7728873550847176,0.19728233860293942,0.029830306312343017
18338.0,0.00702809604045837,0.04706059643376425,0.9459113075257773
17796.0,0.1146574784530982,0.825812632523079,0.059529889023822814
17559.0,0.8576728099500416,0.11971017312773198,0.022617016922226302
17149.0,0.012457274765766333,0.08930110377877301,0.8982416214554606
17390.0,0.23577863257901954,0.7257342071229439,0.038487160298036414
18574.0,0.7222674115600477,0.0522818256864876,0.22545076275346485
18287.0,0.8399828223782044,0.1407500173278178,0.019267160293977702
18044.0,0.7617015720611578,0.20413490927478017,0.03416351866406213
17498.0,0.815102863446352,0.16028523161945496,0.024611904934193112
17737.0,0.6820902398393803,0.24688025672760874,0.07102950343301097
17187.0,0.034971726186069974,0.5682369818003241,0.39679129201360586
18634.0,0.8531201585849891,0.12093284500515052,0.025946996409860333
17677.0,0.8106811879485027,0.041565537434083574,0.1477532746174137
17438.0,0.6871463808129465,0.09263433271004488,0.22021928647700867
17976.0,0.8505307953007246,0.11179121324080087,0.0376779914584744
18219.0,0.828703465678281,0.15162953588811096,0.019666998433608054
17012.0,0.7411675061706341,0.20643162427572798,0.052400869553637895
17255.0,0.0011106782971173526,0.029738222723882872,0.9691510989789996
18439.0,0.533023872727343,0.11553969216087406,0.35143643511178296
18708.0,0.024807075341335572,0.7048899910616045,0.2703029335970598
17619.0,0.1466953491557261,0.7189355147401281,0.13436913610414586
17856.0,0.8386722443062916,0.12001682792378236,0.04131092776992596
18406.0,0.8280325927468755,0.15647966547758982,0.015487741775534839
18165.0,0.518556598946601,0.25109209443746505,0.23035130661593403
17322.0,0.15522479282408633,0.6759438027437141,0.16883140443219963
17081.0,0.7351207125540055,0.22451342779608044,0.040365859649914036
17389.0,0.7950662624151458,0.18910934180244396,0.015824395782410197
17150.0,0.8335985052648205,0.14547113531057249,0.020930359424607012
18337.0,0.17543833223348954,0.7920503496180964,0.03251131814841405
18098.0,0.8130325641573373,0.15333608011627456,0.03363135572638815
17556.0,0.7964648812727593,0.15968825352857705,0.04384686519866359
17799.0,0.6718326096702196,0.25640342270753985,0.07176396762224052
18496.0,0.008718657956831521,0.054962439417155215,0.9363189026260132
17184.0,0.8192185741478306,0.08056672568247365,0.10021470016969587
18047.0,0.8244438615031845,0.14997772666049966,0.025578411836315925
18284.0,0.8361332750522797,0.14170091914395277,0.02216580580376747
17738.0,0.8076023560661427,0.1706545043528093,0.021743139581048038
17497.0,0.818216374055943,0.15954750093929063,0.022236125004766318
18573.0,0.7533330790749433,0.1942061948844017,0.052460726040655103
17252.0,0.7928277654629331,0.16126347502050123,0.04590875951656555
17015.0,0.022640502954921198,0.42875282786079105,0.5486066691842878
17437.0,0.8401708027014033,0.1322793088955051,0.027549888403091565
17678.0,0.04287067193678246,0.5992235226789846,0.3579058053842328
18216.0,0.8290393568710842,0.15720916917157843,0.013751473957337357
17979.0,0.15667876622811072,0.0192951792624859,0.8240260545094035
18633.0,0.7761351745614454,0.18198634380645,0.041878481632104565
17082.0,0.08102788495926046,0.649489230766202,0.2694828842745376
17321.0,0.5894392393510584,0.34265838086214556,0.06790237978679609
17859.0,0.14263526581879904,0.7218145820937879,0.13555015208741308
17616.0,0.8174954243627146,0.16885765545532655,0.013646920181958825
18166.0,0.06548136289184481,0.01759008765345353,0.9169285494547016
18405.0,0.7481624778566721,0.21625543793247437,0.035582084210853494
18711.0,0.9306569035662359,0.06121411439500004,0.008128982038764039
18436.0,0.22184948772293483,0.24253104315983082,0.5356194691172345
18336.0,0.6633640356833997,0.12922451623074618,0.20741144808585404
18099.0,0.07059938164950004,0.8144481458506464,0.1149524724998535
17557.0,0.08411346461703194,0.7085354241678451,0.2073511112151229
17798.0,0.7888124611891065,0.1642562922714115,0.046931246539481865
17388.0,0.7563241800488324,0.2073672330305729,0.03630858692059462
17151.0,0.7034155132172003,0.09151149305232432,0.20507299373047538
18497.0,0.8077982447363679,0.1540812182568883,0.038120537006743845
18046.0,0.7008796744902541,0.24983290432430802,0.049287421185437864
18285.0,0.8159888530837227,0.1642434015353624,0.01976774538091488
17739.0,0.7722570122820205,0.08871087327699011,0.13903211444098934
17496.0,0.6705514774504562,0.2590550350396815,0.0703934875098624
17185.0,0.6605153403358921,0.2068206969839418,0.13266396268016617
18572.0,0.5631702828776839,0.13208958345341026,0.3047401336689058
17436.0,0.850184563637493,0.13622458861784945,0.01359084774465747
17679.0,0.006089024389267544,0.04551851282448874,0.9483924627862438
18217.0,0.7707896996896472,0.13073231971002058,0.09847798060033226
17978.0,0.15375937436237347,0.3645382136913478,0.48170241194627866
17253.0,0.5123473742265449,0.26249030011067975,0.2251623256627753
17014.0,0.7983602995440041,0.1763289214445473,0.02531077901144863
18632.0,0.7787958679855269,0.17520584424196695,0.04599828777250618
17858.0,0.7196976753807458,0.0997301181443676,0.18057220647488673
17617.0,0.021710065792997817,0.6971324008445023,0.2811575333624998
18167.0,0.00950013145308074,0.7054269078773091,0.2850729606696102
18404.0,0.021665254476872894,0.11403194704586746,0.8643027984772597
17083.0,0.32397604836113253,0.6294706595884136,0.04655329205045382
17320.0,0.17118921147678834,0.6897770942704209,0.13903369425279077
18710.0,0.7236976226063921,0.0745988854769796,0.2017034919166284
18437.0,0.7355449903577591,0.06001976354201424,0.20443524610022662
18571.0,0.013249368301358727,0.7847730401130781,0.20197759158556317
17190.0,0.06304708874573318,0.25482496118796655,0.6821279500663004
17503.0,0.8123466551268496,0.15964511263721895,0.02800823223593139
17740.0,0.5502812529044039,0.0737762660391324,0.3759424810564636
18282.0,0.14482319033723487,0.7875995889932524,0.0675772206695126
18041.0,0.8799087922576543,0.10692122971096737,0.01316997803137821
18502.0,0.1273115026628981,0.7942696174320882,0.07841887990501369
17144.0,0.21955021055970458,0.07300090182305716,0.7074488876172382
17387.0,0.846701544586437,0.1311530304616159,0.02214542495194713
17793.0,0.09963169710787943,0.6360461515916639,0.26432215130045666
17554.0,0.833633620004644,0.11480431985616428,0.051562060139191644
18100.0,0.0013061839808913868,0.6795085463457153,0.3191852696733933
18343.0,0.7956022430079074,0.16503642025933823,0.039361336732754375
18434.0,0.6892193557710327,0.2404581607646957,0.07032248346427154
18705.0,0.0201420385420969,0.28738539196481133,0.6924725694930918
17327.0,0.6840818647647378,0.059013271219249736,0.2569048640160124
17084.0,0.04682257383141822,0.6913188469216872,0.26185857924689465
18403.0,0.6581358659680093,0.07093078180372366,0.2709333522282671
18160.0,0.8450848213666505,0.13820665642725688,0.01670852220609252
17622.0,0.1384032280861045,0.026694091252458096,0.8349026806614372
17861.0,0.5524759153656735,0.3563036408529324,0.09122044378139398
18639.0,0.7898889313536192,0.18913646265214082,0.020974605994240024
17009.0,0.7648247235961058,0.20760872845529196,0.027566547948602412
17250.0,0.8469938591638431,0.14247486530202377,0.010531275534133164
17981.0,0.18282439649095167,0.7785050964153568,0.03867050709369153
18222.0,0.07631842878670254,0.8322064788572237,0.0914750923560737
17672.0,4.558233329068699E-4,0.04919691899521716,0.9503472576718759
