18081.0,0.34385220784130666,0.6561014750218809,4.6317136812533264E-5
18354.0,0.5101799651409666,0.4894459258973253,3.741089617080148E-4
17812.0,0.7291305143270803,0.09542088930753531,0.17544859636538448
17543.0,0.11409489213825039,0.8626836155928822,0.02322149226886742
17133.0,0.12237343571184277,0.8726627395087738,0.004963824779383328
17406.0,0.027169889696209516,0.9718250634647749,0.0010050468390156398
18752.0,1.455416908831486E-4,0.9998540673730708,3.9093604612348865E-7
18515.0,0.9577039717896448,0.042293291408038496,2.7368023167312234E-6
18303.0,0.20282257494210607,0.7961103748855132,0.001067050172380741
18028.0,1.3695608290138079E-14,2.495508444760138E-14,0.9999999999999614
17482.0,0.008786691292270655,0.9572265636946086,0.03398674501312066
17753.0,0.8607107850866761,0.13616699466319493,0.0031222202501289343
17203.0,0.8524530957783824,0.14742747242050616,1.1943180111158579E-4
18590.0,0.9517586942347515,0.04823635599543927,4.949769809319052E-6
17693.0,0.9999999992617932,7.381505154023242E-10,5.6450127129514935E-14
17422.0,0.00502897592484367,0.01079876414355271,0.9841722599316037
17960.0,0.9999997693799648,2.2449838839566493E-7,6.121646996802587E-9
18235.0,0.5812559281087193,0.3900467998289938,0.02869727206228693
16996.0,0.9920814948044339,0.007917657066154282,8.481294118502016E-7
17271.0,0.9999999999794187,2.057996709232875E-11,1.3854946591842688E-15
18650.0,0.28070838150509764,0.7192267315593038,6.488693559842957E-5
17603.0,0.9641482272357373,0.035850755043200705,1.0177210618060152E-6
17872.0,0.999999999448542,5.514502938414176E-10,7.754965557154273E-15
18422.0,0.9912871246101542,0.008712556175498341,3.192143474853974E-7
18149.0,0.49445577879339797,0.505539993446775,4.227759826969319E-6
17338.0,0.002181351998688143,0.7282884238615309,0.26953022413978095
17065.0,0.029877074533650995,0.9697597332835333,3.6319218281578543E-4
18455.0,0.9999999999988627,1.1373117867155496E-12,1.7780584841231033E-17
18692.0,1.5627224419203308E-6,1.4916864996246595E-9,0.9999984357858717
17132.0,0.0019198038305053308,0.001664101087683409,0.9964160950818113
17407.0,2.7440248608418074E-5,2.951051290713538E-5,0.9999430492384845
18080.0,0.6854714501499581,0.31386916798666303,6.59381863378814E-4
18355.0,0.0017141968778797208,0.9861158679899154,0.012169935132204796
17813.0,0.0011378077698323895,0.9988616823131069,5.099170607181563E-7
17542.0,0.0587901944718416,0.940948846662414,2.6095886574438324E-4
18514.0,0.43379132212017046,0.5636160831920656,0.0025925946877640273
17202.0,0.002716871151698437,0.9970556707206472,2.274581276544841E-4
18302.0,0.9360519754966962,0.06394429240132142,3.7321019824985615E-6
18029.0,0.8705189191951674,0.12947774619336266,3.3346114698398164E-6
17483.0,0.6024527835931334,0.39532816156128603,0.002219054845580683
17752.0,2.1400226399672233E-22,6.398396745319696E-30,1.0
18591.0,1.393931792654415E-4,4.872582156953024E-11,0.9998606067720086
16997.0,0.9928000803868782,0.007102350178937841,9.756943418402097E-5
17270.0,0.9943851190022968,0.005614250403399539,6.305943035528692E-7
17692.0,0.992104127715265,0.007894190371147199,1.6819135876211653E-6
17423.0,2.7682802000388162E-5,5.986450548681736E-4,0.9993736721431314
17961.0,0.3785130830684968,0.6213465507449379,1.4036618656533458E-4
18234.0,0.7392418615381521,0.2579927113427704,0.0027654271190776024
18651.0,0.003835686540912707,0.995816338396264,3.4797506282326464E-4
17339.0,0.9029968727616594,0.06084265734623769,0.03616046989210289
17064.0,0.9889938170637264,0.011001133229708445,5.049706565194347E-6
17602.0,0.004255630894981929,0.01818421339319646,0.9775601557118216
17873.0,0.9799964361478907,0.019993925112608682,9.638739500674822E-6
18423.0,1.2002756134484907E-4,0.5379140071742101,0.46196596526444494
18148.0,0.6401212971272475,0.3185262657179105,0.041352437154841944
18454.0,0.25316084380597936,0.7466820198439997,1.57136350020836E-4
18693.0,0.7514973409049976,0.05556073237137041,0.1929419267236319
18513.0,0.0020561035286793916,0.00348215404936333,0.9944617424219573
18352.0,0.9646592262098492,0.03533904734808296,1.7264420679600531E-6
18083.0,5.2794122398596396E-9,5.005341871234217E-7,0.9999994941864006
17541.0,0.9906640819481126,0.009334454610852755,1.463441034731268E-6
17814.0,0.036929563481050046,0.9630497106988767,2.0725820073215904E-5
17404.0,0.9941780309011168,0.005658781520998684,1.6318757788443843E-4
17135.0,0.9996867231359405,3.0723131667947386E-4,6.045547380106657E-6
18588.0,0.9674307922940545,0.03252418613788332,4.502156806216369E-5
18030.0,1.2227679822244352E-14,2.4648277429058448E-19,0.9999999999999878
18301.0,0.0015077925570959392,0.0037830267147988955,0.9947091807281051
17755.0,2.1064114717084817E-9,0.9999795529607456,2.044493284300758E-5
17480.0,0.375991334811726,0.0861199210821123,0.5378887441061617
17201.0,0.9893381809015915,0.010660639258977742,1.1798394307628519E-6
18648.0,0.9660783812795962,0.03391795058927028,3.66813113358425E-6
17420.0,0.021747178527804768,0.005458483511858994,0.9727943379603361
17695.0,0.968454741144299,0.03154416960039747,1.0892553034429271E-6
18233.0,0.9890303594692147,0.010965333073046462,4.307457738808892E-6
17962.0,0.791659881043075,0.20813602719815422,2.0409175877073255E-4
17269.0,1.5093576497156598E-4,0.9998453226601578,3.741574870795692E-6
16998.0,0.9943535130799259,0.0024852371449075976,0.0031612497751664485
18694.0,0.9943320997966982,7.219628744690968E-4,0.004945937328832656
18453.0,0.9527621417525148,0.04518290111821117,0.0020549571292738378
17874.0,0.9956521340403137,0.004347456982427629,4.089772586989657E-7
17601.0,0.9039313788705562,0.09460238816521004,0.0014662329642337571
18151.0,0.9413483341110036,0.05862513981110213,2.6526077894235695E-5
18420.0,4.3046174531840364E-7,2.4415296576185037E-7,0.9999993253852889
17067.0,0.041645951355083456,0.0025116747554041197,0.9558423738895123
17336.0,0.22138592180755282,0.7582638330106424,0.020350245181804803
18512.0,0.07141918201193996,0.92857148301938,9.334968679910122E-6
17405.0,0.005067635565280949,0.9949323386845355,2.5750183615982428E-8
17134.0,0.4164698222614824,0.5610271930438471,0.022502984694670634
18353.0,0.007534338470567531,0.9860561631294579,0.00640949839997441
18082.0,0.032924804555130055,5.586474817420344E-4,0.9665165479631279
17540.0,0.9914825173946488,0.00830307055582415,2.1441204952700913E-4
17815.0,0.9917075381784313,0.00829181750163653,6.443199322837442E-7
18589.0,0.32838300221392924,0.018387894002953244,0.6532291037831175
17200.0,1.6735551247021825E-30,1.7742757142602496E-32,1.0
18031.0,0.9976000392227958,0.002399864991358318,9.578584574677061E-8
18300.0,0.15062656073524222,0.8489774361319609,3.960031327968903E-4
17754.0,0.8942830892478243,0.10448387329757584,0.0012330374545999922
17481.0,1.0687373518474881E-6,2.19935645899084E-4,0.999778995616749
18649.0,0.06622622363564486,0.2539448020889557,0.6798289742753995
17268.0,0.9853640252702921,0.014621052476672825,1.492225303516066E-5
16999.0,0.39984191178028994,0.5990061839228898,0.0011519042968202446
17421.0,0.9999999994845858,5.153889942529145E-10,2.513571115706601E-14
17694.0,0.01058771707773117,3.11387136641776E-4,0.989100895785627
18232.0,0.9914233700769725,0.008576344507472869,2.854155547000949E-7
17963.0,0.808744907283751,0.19119973670973756,5.5356006511412045E-5
18695.0,0.9951100977514049,0.004889777077046878,1.251715480250149E-7
18452.0,0.9958296222369942,2.3780443407316602E-4,0.0039325733289325825
17066.0,0.9492255080229838,0.05067802205295024,9.646992406604394E-5
17337.0,0.9711782331765269,0.028435671339919442,3.8609548355356837E-4
17875.0,0.004242567261054111,0.16999599744512334,0.8257614352938226
17600.0,0.800076491796973,6.47505060539871E-4,0.19927600314248697
18150.0,0.4318554110419261,0.5600394600778188,0.008105128880255089
18421.0,0.28014507901372737,0.7197449695887917,1.0995139748097873E-4
17486.0,0.9989381834675437,0.0010607771869889926,1.0393454674067736E-6
17757.0,2.9807135339926103E-6,7.946298506504258E-4,0.9992023894358156
18299.0,0.9426001025691632,0.0573943905336896,5.5068971472198615E-6
18024.0,0.4480702383390331,0.22727980359830852,0.3246499580626584
17207.0,0.9949241432910189,0.005075720103481378,1.366054998430949E-7
18586.0,0.08715573189361427,0.912843811041715,4.570646709295904E-7
17808.0,0.992993951173551,0.006891210273179444,1.1483855326945736E-4
17539.0,7.710866823405564E-6,2.3936155682062783E-6,0.9999898955176084
18085.0,0.4516002759274111,0.5054612248655802,0.04293849920700876
18358.0,0.9912744231372385,0.008722300230592664,3.2766321689389423E-6
17129.0,0.9670784319264704,0.0329204028066692,1.1652668604130124E-6
17402.0,0.16577003358669143,0.8339812314579655,2.487349553429533E-4
18519.0,0.031046942236256456,0.968953031730289,2.6033454412635523E-8
18418.0,0.6877758324750661,0.31220576873427147,1.8398790662462805E-5
18145.0,3.5893577335338493E-9,3.0143308609299467E-14,0.9999999964106121
17607.0,0.9391791938883954,0.06069721109897958,1.2359501262494593E-4
17876.0,0.994300281226007,0.005698098024116747,1.6207498762469295E-6
17342.0,0.9507257921194194,7.874134684674681E-6,0.04926633374589591
17069.0,0.9954498889670166,0.004548326154672924,1.784878310504418E-6
18451.0,0.07775743576663732,0.003068192365493221,0.9191743718678693
18688.0,0.932087687657707,0.06769361112341377,2.187012188791471E-4
17964.0,1.351180431550787E-22,7.671759510362909E-30,1.0
18239.0,0.0031817466744165704,1.0858482028484E-8,0.9968182424671014
17689.0,0.9668745462550331,0.03309240040225657,3.305334271021943E-5
17418.0,3.691229929568879E-5,0.9698233303705635,0.030139757330140873
16992.0,0.04702663808388242,0.9512387889222468,0.001734572993870736
17267.0,0.008012207851616073,0.9919661900221991,2.1602126184839386E-5
18654.0,0.006440738197509566,1.9172792872087645E-4,0.9933675338737696
17206.0,0.940990523417344,0.0590074639969285,2.0125857274331015E-6
17487.0,0.9965702164412767,0.00342843301807586,1.3505406473461199E-6
17756.0,0.08525974836606415,0.9105106028333416,0.004229648800594366
18298.0,0.055595930201740966,0.07160248025948288,0.8728015895387761
18025.0,0.5838103271311323,0.4159112297976203,2.784430712474E-4
18587.0,0.9935495454233234,0.006445901885571571,4.552691104997156E-6
17128.0,0.9895835479646735,0.010415777614596422,6.744207301597519E-7
17403.0,0.5548687796416446,0.05868849262588293,0.38644272773247257
17809.0,0.671034320979332,0.30585532024018985,0.02311035878047801
17538.0,0.9976000392227958,0.002399864991358318,9.578584574677061E-8
18084.0,0.9507673895529648,0.04479039552089099,0.004442214926144151
18359.0,0.8386015387099398,0.15756496796598435,0.0038334933240758637
18518.0,0.18386823484702525,0.03577042943644061,0.7803613357165341
17343.0,0.9880994083581829,0.011897439333712281,3.152308104998814E-6
17068.0,0.5221610087802586,0.47783381271833825,5.178501403116945E-6
18419.0,0.9419095134117571,0.047771108272318764,0.010319378315924183
18144.0,0.09698653087576559,0.9030022777949466,1.119132928785414E-5
17606.0,0.03700830383170708,0.956329116523476,0.0066625796448169594
17877.0,0.06919121378256936,0.9094269868275561,0.02138179938987454
18450.0,0.8755995544967515,0.12213380133535726,0.002266644167891111
18689.0,0.972268394182108,0.02770313515486475,2.8470663027252852E-5
16993.0,3.516192572657252E-8,7.904871212061985E-7,0.9999991743509531
17266.0,0.3909294251956635,0.6090460784256436,2.4496378692918787E-5
17965.0,0.9242178854263294,0.07498319736050757,7.989172131630947E-4
18238.0,0.9953522253156352,0.004647322060537505,4.526238273163597E-7
17688.0,0.9927230255834003,0.007249245913670257,2.7728502929487494E-5
17419.0,0.9400982536450347,0.02539799192017937,0.034503754434785726
18655.0,0.14135067741390703,0.7948898796288598,0.06375944295723328
18584.0,0.3674793288265557,0.6307967253734716,0.0017239457999726176
17759.0,0.020417997861772015,0.9795749758069155,7.0263313125136146E-6
17484.0,0.9975271003793915,0.002472847027178602,5.259342985304868E-8
18026.0,8.346493298102767E-4,0.996723415973364,0.0024419346968256655
18297.0,0.9969341879658209,0.0029253669050919484,1.4044512908706927E-4
17205.0,0.9928471283602651,0.007152123993022828,7.47646711988523E-7
18517.0,7.835278339316282E-7,0.9999992151031963,1.3689696053085074E-9
17537.0,0.6551729882637622,0.3437666570615407,0.00106035467469705
17810.0,0.989938035991295,0.009921227768956365,1.4073623974880143E-4
18356.0,3.573116765247616E-4,0.9996426041294618,8.419401345431772E-8
18087.0,0.8086872321042834,0.19126344886635416,4.931902936242706E-5
17400.0,0.9972426145713821,0.0027526577894362216,4.727639181523889E-6
17131.0,0.0037317772587496622,0.9962128807824502,5.534195880015982E-5
18690.0,0.09820314288390117,0.9017674548118666,2.940230423211261E-5
18449.0,9.485441493615869E-7,0.998265060872006,0.001733990583844656
18147.0,0.8247284520877106,0.1713351407674405,0.003936407144848802
18416.0,0.9120850102935956,0.08791371972379211,1.2699826122865196E-6
17878.0,0.10221670180946045,0.897547182726611,2.3611546392834654E-4
17605.0,0.6674171478506672,0.33197295947737776,6.098926719549793E-4
17071.0,0.9802036535642823,0.018286858436353526,0.0015094879993640343
17340.0,0.9930636367049712,0.0069356355082060275,7.277868229437214E-7
18652.0,0.9953380787927929,0.002314193026005643,0.0023477281812013797
18237.0,6.420035209567435E-6,7.357872701919358E-4,0.9992577926945986
17966.0,0.9395220707631962,0.060427881006581,5.004823022278536E-5
17416.0,0.6390009652561681,0.3604880196554861,5.110150883457007E-4
17691.0,6.240444570853578E-4,3.3548967922997104E-6,0.9993726006461224
17265.0,0.9886524760928029,0.011340833156547502,6.690750649400824E-6
16994.0,0.7043805681814472,0.09909299812340877,0.19652643369514405
18585.0,0.9962936478258423,0.0037061849824949304,1.6719166287036772E-7
17204.0,0.9372543357553119,0.06266238790414955,8.327634053860596E-5
17758.0,0.7600274415949183,0.23990628382257426,6.627458250744522E-5
17485.0,0.7394961629789525,0.26033961435080505,1.64222670242566E-4
18027.0,0.1116654219454176,0.7438207200432121,0.1445138580113703
18296.0,0.9999999993751543,6.248431905898562E-10,2.354807406349738E-15
18516.0,0.8698607265549708,0.13007435215941832,6.492128561088344E-5
17401.0,0.911612622154684,0.08834119973794675,4.617810736919534E-5
17130.0,0.4285507140740481,0.5711142464034457,3.3503952250620337E-4
17536.0,0.9981585729867251,1.8903105745991363E-4,0.0016523959558150253
17811.0,2.4014557914876826E-19,8.70535393532215E-28,1.0
18357.0,0.9619468009010474,0.03804565971046418,7.539388488329833E-6
18086.0,0.007954332541372459,0.802943636415571,0.18910203104305662
18691.0,0.004825045728048265,0.0769048741701529,0.9182700801017989
18448.0,4.76663126959351E-4,0.7387133098737422,0.26081002699929845
17070.0,0.8611771582733516,0.13689948437738486,0.0019233573492635151
17341.0,0.9414264826630836,0.05854530051470582,2.8216822210667903E-5
18146.0,2.558794592121028E-13,0.9997697883081691,2.302116915749852E-4
18417.0,0.3045938461452025,0.6952883305894831,1.1782326531434822E-4
17879.0,0.002613682162389119,3.4373033544892904E-4,0.997042587502162
17604.0,0.999999988651172,1.1348105126328157E-8,7.227318529541265E-13
18653.0,0.9887986199802666,0.011194923289906514,6.456729826910149E-6
17264.0,0.8074703969480416,0.18641735685135882,0.00611224620059956
16995.0,3.7989806009123384E-4,0.9996195600787783,5.418611305409198E-7
18236.0,0.21864713967955077,0.7813515801625505,1.2801578986051398E-6
17967.0,0.6113976668140653,0.3875854606418996,0.0010168725440352032
17417.0,4.372877958205697E-5,2.335129470585776E-7,0.999956037707471
17690.0,0.9508222670511433,0.047662544599041026,0.001515188349815631
17004.0,0.9711435088821859,0.028747681578261176,1.0880953955302034E-4
17279.0,0.9334360340788682,0.06656304760589728,9.18315234605971E-7
17685.0,0.047719273149564104,3.2472822188935724E-4,0.9519559986285464
17414.0,0.6497292749257897,0.2729509231062692,0.07731980196794111
17952.0,0.9526620224485022,0.03647517779701285,0.010862799754484839
18227.0,0.6898516187359505,0.2990040997558961,0.011144281508153315
18642.0,0.257416933166618,0.7416762382319629,9.068286014189195E-4
17330.0,0.6286035413373375,0.3713964574847834,1.1778791943927232E-9
17057.0,0.9854495977951929,0.014549611422112859,7.907826940934375E-7
17611.0,0.9050746168137908,0.06752468999219358,0.02740069319401563
17880.0,0.16980910281743655,0.24186600847883086,0.5883248887037326
18430.0,0.9477184007209716,0.05227049755201229,1.1101727016085674E-5
18157.0,0.9967962033577785,0.003203194985548997,6.016566724397091E-7
18463.0,0.9981823757369612,0.0018166919400492696,9.323229893997081E-7
18700.0,0.2407911972955952,0.7570922844094313,0.0021165182949735737
17125.0,0.0226141773206544,0.8516115613423044,0.1257742613370411
17398.0,0.8784087804658642,0.12158287888313304,8.34065100278028E-6
18089.0,0.0034913504079765417,0.24696037256436112,0.7495482770276625
18362.0,0.637440740612092,0.3623957570742727,1.635023136354048E-4
17820.0,8.549154679917545E-6,0.9999913183306329,1.325146871035903E-7
17551.0,0.9727383256655427,0.02624492489433819,0.0010167494401190956
18523.0,0.9547719338189948,0.029857181218305148,0.015370884962700067
17211.0,1.5599515062319267E-26,1.5634272039787036E-32,1.0
18295.0,0.9223300649737557,0.07766372512196544,6.209904278707759E-6
18020.0,0.6782809145091497,1.5018882997395908E-6,0.3217175836025505
17474.0,0.03447166326236334,0.9638682918386793,0.001660044898957536
17745.0,0.9874964695657761,0.012496049021989572,7.481412234167156E-6
18582.0,5.6389745967172405E-9,0.001086648582448043,0.9989133457785773
17684.0,0.9353044807212335,0.0646589714521652,3.654782660135023E-5
17415.0,0.013784523520645997,0.9862076319265282,7.844552825761522E-6
17953.0,0.817803273083491,0.17865270458230317,0.003544022334205716
18226.0,8.942588245738608E-19,2.3914925069605237E-26,1.0
17005.0,0.9939223215068209,0.006077238646795457,4.3984638356334803E-7
17278.0,0.06959910690049481,2.0410741049156912E-8,0.930400872688764
18643.0,0.9922914263723531,0.00770817639194191,3.9723570493291437E-7
17610.0,0.9757423991181936,0.02423352133968209,2.4079542124177914E-5
17881.0,0.9837196534651135,0.016280259339474377,8.71954121438034E-8
18431.0,3.7177612725679575E-6,0.9999384375497087,5.784468901872636E-5
18156.0,1.1795066325969997E-23,1.8791317322767166E-25,1.0
17331.0,0.9838492473200597,0.01614790707281067,2.845607129548834E-6
17056.0,0.9794073951282007,1.241027010905795E-5,0.020580194601690114
18462.0,0.1430343168241456,0.5222660396232268,0.3346996435526276
18701.0,1.9776313507021983E-6,0.9999980223682675,3.8159983591977864E-13
18088.0,1.3861562229588156E-5,0.9999860830357334,5.540203705609485E-8
18363.0,0.3260702368693396,0.6734922325531878,4.375305774725956E-4
17821.0,3.364881987663865E-4,0.9665455151409199,0.03311799666031367
17550.0,0.9969711824788999,0.002932894904562544,9.59226165376163E-5
17124.0,3.025760031444029E-10,0.9597273962592292,0.0402726034381947
17399.0,0.3705695849784568,0.6294130862052414,1.7328816301833993E-5
18522.0,8.199919051158159E-16,2.2287232137271705E-21,0.9999999999999991
18294.0,0.9370262850630665,0.06297274715416484,9.677827685959207E-7
18021.0,0.6041278708742424,0.3953370955509064,5.350335748512744E-4
17475.0,0.43146244669187667,0.5685293442183256,8.209089797789883E-6
17744.0,1.9044501985614754E-6,0.9997250262546952,2.7306929510635745E-4
17210.0,5.934293459853851E-9,0.9999999940388182,2.6888180549318786E-11
18583.0,5.832309461205174E-6,4.983671068978523E-7,0.9999936693234319
18640.0,0.990918327385632,0.009076615890816668,5.0567235514227395E-6
17277.0,0.923127004913609,0.07680553657334392,6.745851304715099E-5
17006.0,0.9975271003793915,0.002472847027178602,5.259342985304868E-8
17412.0,2.3797315879606E-5,1.2958794798008372E-7,0.9999760730961723
17687.0,0.946564977172467,0.053415796290305136,1.9226537227752107E-5
18225.0,0.999628541569248,3.7078604399679445E-4,6.723867551524811E-7
17954.0,0.09451494547238483,0.8969574249385932,0.008527629589022168
18702.0,0.9853866374640887,0.014609295786940993,4.066748970242904E-6
18461.0,0.002552338251885061,0.9972433155619892,2.0434618612588402E-4
17059.0,0.3625903153951906,0.6373066207508344,1.0306385397497408E-4
17328.0,1.1828118311419566E-8,0.9999474477853919,5.254038648977536E-5
17882.0,7.030353159842925E-8,7.158172939235636E-8,0.999999858114739
17609.0,0.9912558486389024,0.008743266104977238,8.852561203943018E-7
18159.0,1.4467600708409043E-27,7.591241942186704E-34,1.0
18428.0,0.8541624108907475,0.145217629505649,6.199596036034552E-4
18521.0,0.9926272180257781,0.007372118877466881,6.630967549105758E-7
17396.0,0.9362202993592164,0.063775038971534,4.661669249691614E-6
17127.0,0.9999999976593354,2.3405646519700227E-9,9.980997088716493E-14
18360.0,0.8617836554358329,0.138182133506831,3.42110573360491E-5
18091.0,0.10737926950706086,0.8362942497635646,0.0563264807293745
17549.0,0.9928026059029387,0.007197051145933155,3.4295112829595294E-7
17822.0,0.9743155519885189,3.373132478968831E-5,0.025650716686691444
18580.0,0.9999999828726606,1.712707536151949E-8,2.6400127713262825E-13
17209.0,0.7341870634647286,0.2638259099360157,0.0019870265992557924
18022.0,0.9927212309787486,0.006995483927888581,2.832850933628369E-4
18293.0,0.7776215472295132,0.22188835222690828,4.901005435785709E-4
17747.0,0.16891121482304666,0.0054686653217453345,0.825620119855208
17472.0,0.9826530380472988,0.01733824572618184,8.716226519359552E-6
18641.0,0.6564548354516754,0.34295579393465486,5.893706136697352E-4
17413.0,3.1622656591363845E-4,0.9887045585286139,0.010979214905472337
17686.0,0.04202803805063866,0.0020443199893951797,0.955927641959966
18224.0,6.91086025088532E-5,0.9439291259277975,0.05600176546969382
17955.0,0.19222517158268831,0.7982698316569381,0.00950499676037363
17276.0,0.7147475269131787,0.10895262734168122,0.17629984574514027
17007.0,0.9566639369997908,0.04216436716368411,0.0011716958365250232
18703.0,0.014875099075647748,0.8907124786280457,0.09441242229630652
18460.0,3.6229790573356614E-6,1.064818225472111E-7,0.9999962705391202
17883.0,0.8428387871820439,0.1570472646986355,1.1394811932055131E-4
17608.0,0.37510296776645863,0.6228597727731556,0.002037259460385739
18158.0,0.03773588005334008,0.9622640785461967,4.140046323344554E-8
18429.0,0.15914724308267328,0.8167936571098923,0.024059099807434474
17058.0,0.8857350597084609,1.5535960211446315E-4,0.1141095806894245
17329.0,3.595602124718501E-5,0.999964026677081,1.730167177232937E-8
18520.0,1.2656982108486368E-23,2.8641297887140476E-29,1.0
18361.0,0.4562258485599723,0.4284965689622795,0.11527758247774818
18090.0,0.9951633271126148,0.004603399008800201,2.332738785849236E-4
17548.0,0.9248385571721879,0.02562706708030332,0.049534375747508845
17823.0,0.01598627716022672,0.9838765793247486,1.3714351502473334E-4
17397.0,6.411219118009144E-4,2.5478075727461695E-4,0.9991040973309245
17126.0,0.0013513040076943738,0.9656389929354486,0.033009703056857055
18581.0,1.4080634204895043E-10,1.1211202791194164E-9,0.9999999987380734
18023.0,0.9162271937800464,0.06509048869696679,0.01868231752298693
18292.0,0.022002573085328436,0.9494355354996994,0.028561891414972024
17746.0,0.1871277962853419,0.003638584783221841,0.8092336189314363
17473.0,0.9928932096984191,0.0026762652760010854,0.004430525025579705
17208.0,0.9884423834517172,0.011474061195673636,8.355535260913869E-5
17334.0,0.9945290303843104,1.6429433573291943E-6,0.005469326672332271
17061.0,0.8955902071702323,0.10431889561986765,9.089720990010414E-5
18426.0,0.4069356005659095,0.588670189571142,0.004394209862948567
18153.0,0.8539100323619574,0.14602367326297808,6.629437506439084E-5
17615.0,0.930558950733656,0.0694276077706781,1.3441495665930266E-5
17884.0,0.20179695556689073,0.7964805232885716,0.001722521144537556
18459.0,0.7013692672672295,0.29840738181588944,2.2335091688105427E-4
18696.0,0.5216299366916884,0.4783693308439116,7.324643999868203E-7
17000.0,0.9847235407650177,8.09893682080404E-4,0.014466565552901824
17275.0,0.9380901884240438,0.04309666953941212,0.018813142036544106
17956.0,2.395617406203589E-5,0.9999760183893619,2.543657618778398E-8
18231.0,0.9763633787437895,0.023627972547083768,8.648709126809496E-6
17681.0,0.9911376391348434,0.008861597109324925,7.637558315083144E-7
17410.0,0.008959038320412272,0.4271982392363602,0.5638427224432275
18646.0,0.05010494628231615,0.9495345041530352,3.605495646486258E-4
17215.0,0.9438347208704768,0.0552305021815489,9.34776947974424E-4
17478.0,0.9959281600537851,0.004071104343482349,7.35602732527544E-7
17749.0,0.9603752366278453,0.03962333489570071,1.4284764540479754E-6
18291.0,0.9909639876242005,0.009034094505987383,1.917869812065228E-6
18016.0,0.004973132686444366,0.7554969478947312,0.23952991941882446
18578.0,0.0016059961909471146,2.4979268241966765E-8,0.9983939788297846
17121.0,0.926963118542305,0.07300930046847234,2.7580989222792693E-5
17394.0,0.41104919192884404,0.5887775655797207,1.7324249143516228E-4
17816.0,0.8459880994008634,0.01939901789019157,0.13461288270894495
17547.0,0.9765644766702553,0.022581864726219356,8.536586035253566E-4
18093.0,0.4108766867119852,0.5420044595560641,0.047118853731950607
18366.0,0.9306111113289703,0.06923044782826142,1.5844084276816944E-4
18527.0,0.9164051097419225,0.08359295307505786,1.937183019648361E-6
18427.0,0.9194031614807417,0.08059245685505595,4.381664202349322E-6
18152.0,6.637065615279033E-10,7.61530794474666E-12,0.9999999993286781
17614.0,1.5012391239721482E-15,5.00031294070176E-19,0.9999999999999984
17885.0,0.9929890052894484,0.0070106891472162414,3.055633353040774E-7
17335.0,0.20726521788013,0.7749729118782067,0.017761870241663195
17060.0,0.014380122711211273,0.9853295994071563,2.902778816325028E-4
18458.0,0.5491540051375553,0.447113888427742,0.003732106434702647
18697.0,0.28899513846318975,0.7107523760413957,2.5248549541436886E-4
17957.0,6.6276134790174E-4,0.7519297884018682,0.24740745025023012
18230.0,8.066985208868167E-5,4.851107887515586E-9,0.9999193252968034
17680.0,0.9855422160558521,0.014452876447317908,4.907496830056974E-6
17411.0,0.9872725867522195,0.012726558356746813,8.54891033483883E-7
17001.0,0.9938923182959538,0.006107121134960862,5.605690853664206E-7
17274.0,5.1525026598601025E-11,2.1410020617639416E-8,0.9999999785384543
18647.0,0.20539566057719,0.7859970082717945,0.008607331151015439
17479.0,0.03057597183444194,0.9581910215988194,0.011233006566738613
17748.0,0.05558545828377478,0.0845828814261416,0.8598316602900836
18290.0,0.9975851724559089,0.0024147312089341675,9.633515688747286E-8
18017.0,0.7826970123472001,0.21652907160347915,7.739160493207251E-4
17214.0,1.194122315977256E-8,2.3643598329497692E-9,0.9999999856944171
18579.0,0.9947895630634742,0.005210141629107505,2.953074183038509E-7
17817.0,4.6784380446666197E-4,0.9995318804117778,2.7578375552132476E-7
17546.0,0.9912493873136868,0.008063086426774698,6.875262595386643E-4
18092.0,0.9958137733284156,0.004167168272474669,1.905839910963024E-5
18367.0,5.973968784080348E-35,4.405600146055708E-31,1.0
17120.0,4.1828766635776713E-4,2.243710963998892E-6,0.9995794686226783
17395.0,0.056337819009062484,0.0035039552859347095,0.9401582257050028
18526.0,0.012380895339509895,3.158909693326848E-4,0.9873032136911575
18698.0,0.985928511766654,0.014069971372700411,1.516860645471632E-6
18457.0,0.9982913669890658,0.0017084049175026125,2.280934314417874E-7
17063.0,0.9993869261535021,5.201765146062429E-4,9.289733189165096E-5
17332.0,0.5137916625210344,0.4764274263982073,0.009780911080758188
18155.0,0.9798965540160921,0.02010246135092757,9.846329802761084E-7
18424.0,2.320849212932903E-4,0.0016550340645071957,0.9981128810141996
17886.0,0.9872725867522195,0.012726558356746813,8.54891033483883E-7
17613.0,0.7377280036000379,0.2621800808055161,9.191559444583665E-5
18644.0,0.016297104969906887,1.452219146055013E-5,0.9836883728386325
17273.0,0.9995691671427175,4.3079078277781155E-4,4.2074504717872856E-8
17002.0,5.0030377930031705E-5,0.9796071348465636,0.020342834775506212
18229.0,0.993347072170412,0.006643803410618479,9.124418969676995E-6
17958.0,5.155615119291639E-9,1.116428901197735E-9,0.999999993727956
17408.0,0.20037032966062776,0.7996108470805409,1.882325883120958E-5
17683.0,0.6451506412966783,0.35356073090255646,0.0012886278007651468
18576.0,0.9975953536036997,0.0024044709528549413,1.7544344537179576E-7
17213.0,0.9628503030209696,0.03714681438314835,2.882595882049789E-6
17751.0,0.9878715675020455,0.012083948991727255,4.448350622720702E-5
17476.0,0.7913032294236164,0.20865336838391274,4.340219247067319E-5
18018.0,0.8114545052054833,0.18854297871322048,2.5160812959751924E-6
18289.0,0.6982407236371164,0.30175774007840617,1.5362844775167203E-6
18525.0,0.9653387954347159,0.03465994674660665,1.257818677433745E-6
17392.0,0.9910055309698957,0.00899431509050803,1.5393959637750933E-7
17123.0,0.003566376558001911,0.9945667736490696,0.001866849792928288
17545.0,0.022604442582636487,0.043183036588603854,0.9342125208287597
17818.0,0.9827121059983562,0.017282715826407953,5.178175235830762E-6
18364.0,0.008978914379657272,0.9910210855376028,8.273977493411802E-11
18095.0,5.365005090587622E-4,4.5601277284744874E-4,0.9990074867180938
18699.0,0.6866272594563779,0.3133710954220907,1.6451215313743394E-6
18456.0,0.09511762714525476,0.9026112651948897,0.002271107659855578
18154.0,7.765909469329398E-9,0.9999994962048713,4.960292191235161E-7
18425.0,0.9999490548456008,5.0616788340045104E-5,3.2836605928612854E-7
17887.0,0.16610740121687456,0.5266758967398485,0.307216702043277
17612.0,0.99471733969652,0.005275431470702329,7.228832777827645E-6
17062.0,2.0881622948855175E-6,0.9999899791839796,7.932653725691973E-6
17333.0,0.9990593515166192,6.506639116402209E-6,9.341418442643352E-4
18645.0,0.01642228314923854,0.9598518924596855,0.023725824391076015
18228.0,0.0018861005836513939,3.0309554262586986E-5,0.998083589862086
17959.0,0.08845607982997747,0.9110249573733599,5.189627966627526E-4
17409.0,0.9542676048053371,0.04567593118520381,5.6464009459161726E-5
17682.0,0.5064481272676548,0.4365527171523369,0.05699915558000836
17272.0,0.09288110470278281,0.9067348534270104,3.840418702067235E-4
17003.0,4.3548362324290446E-4,0.9995645064685745,9.90818256680899E-9
18577.0,0.05102701311513267,0.9486183301508432,3.5465673402402306E-4
17750.0,5.947590074967375E-6,0.9999928591436021,1.1932663227200984E-6
17477.0,0.9025651032644119,0.09742724033674308,7.656398845064644E-6
18019.0,0.9437647210397178,0.05594001017696816,2.952687833139702E-4
18288.0,0.006771774108509284,0.9931249677891252,1.0325810236552404E-4
17212.0,0.9922412470665591,0.007749651181243845,9.10175219695301E-6
18524.0,0.9960646004062422,0.003911019368296801,2.4380225461018138E-5
17544.0,3.85083382937434E-6,1.274973197270304E-6,0.9999948741929733
17819.0,0.9781216037901026,0.02185574357016739,2.2652639730076726E-5
18365.0,0.9417735712336436,0.057461027753102994,7.654010132535334E-4
18094.0,6.858913579467365E-5,1.0326771832836531E-4,0.999828143145877
17393.0,0.0175034838945053,0.9824067416790716,8.977442642310914E-5
17122.0,0.02135808693727631,0.9530232351421706,0.02561867792055318
18498.0,4.4528713914962767E-7,4.7993950977647655E-5,0.9999515607618832
17148.0,3.814816802271548E-7,2.714641748951448E-13,0.9999996185180483
17391.0,5.497556158487431E-10,0.9999999985366774,9.1356692604951E-10
18096.0,0.48910711820970415,0.5108811862988667,1.169549142919599E-5
18339.0,2.811110250677759E-9,1.1350440639161273E-8,0.9999999858384492
17797.0,0.807629705035709,0.19225708369486477,1.1321126942625722E-4
17558.0,0.9878765396491576,0.011972503615274232,1.509567355681976E-4
18575.0,0.9804659227197394,0.019532740365504675,1.3369147558433023E-6
17186.0,0.9972829180764593,9.717291096482435E-4,0.0017453528138925392
18286.0,0.0011886503121044975,0.9986083004229098,2.0304926498561314E-4
18045.0,0.9838765574023042,0.01611624708177505,7.1955159208764065E-6
17499.0,0.4291694028445053,0.5544818961730036,0.0163487009824912
17736.0,2.439736183973613E-24,1.2355461288685049E-29,1.0
18635.0,2.4404882658210197E-10,5.398733294792004E-10,0.9999999992160777
17013.0,0.9974218605849182,0.0025695175642655443,8.62185081640907E-6
17254.0,0.013938236275416882,0.004356955145387225,0.9817048085791958
17676.0,1.1803464470044528E-14,3.983709775189608E-9,0.9999999960162784
17439.0,0.973767998177468,0.026230582672659476,1.4191498726488238E-6
17977.0,0.9915938210716314,0.00840580836776829,3.705606003653994E-7
18218.0,9.16487092918191E-4,0.9990834810844621,3.1822619756647717E-8
18438.0,0.8975904679077074,0.10222996637404663,1.7956571824617097E-4
18709.0,0.05633453341554604,0.9434774975566815,1.879690277723873E-4
17323.0,1.5480854047851324E-5,0.9999540006846727,3.051846127953357E-5
17080.0,3.572394031721651E-8,0.9999999599631584,4.3129012403458264E-9
17618.0,0.002023231676162914,1.93881061448057E-5,0.9979573802176923
17857.0,0.9654657357910635,0.006518527198230694,0.028015737010705897
18407.0,0.7890387661582093,0.2108176507226392,1.435831191515893E-4
18164.0,0.6677367930185639,0.33208738186066367,1.7582512077240678E-4
18499.0,0.9574027987080187,0.04240878411630038,1.8841717568081505E-4
18097.0,0.33118048707665315,0.6688150697908345,4.443132512320362E-6
18338.0,2.7096854421464454E-8,9.65423764052658E-7,0.9999990074793815
17796.0,5.6154704703111604E-5,0.9999438428555402,2.439756826106317E-9
17559.0,0.9876693886174026,0.011980299392414217,3.50311990182987E-4
17149.0,1.839580057311882E-6,0.01903366506457979,0.980964495355363
17390.0,0.12204535834507241,0.8771160384081484,8.386032467792324E-4
18574.0,9.282920677197173E-5,1.1546418158829088E-12,0.9999071707920733
18287.0,0.9912362102458235,0.008761194650950129,2.5951032262221717E-6
18044.0,0.7886854353674126,0.21122699582810758,8.756880447987932E-5
17498.0,0.9972475523345,0.0027523027412335523,1.4492426657343886E-7
17737.0,0.6406601108463719,0.3592054811375246,1.3440801610350842E-4
17187.0,0.0021661553556258733,0.03143500288067947,0.9663988417636946
18634.0,0.9846749303922497,0.01532371622511621,1.3533826341202053E-6
17677.0,0.013646360772549436,6.482686029300011E-7,0.9863529909588475
17438.0,0.7177766486914132,0.24913660923269443,0.03308674207589248
17976.0,0.9883156818459222,0.01162927471869958,5.50434353782313E-5
18219.0,0.9933380313917728,0.006644892271063927,1.707633716314204E-5
17012.0,0.44978435807018496,0.548890171742985,0.0013254701868301243
17255.0,1.4835712735221648E-16,2.0902875893824177E-12,0.9999999999979097
18439.0,1.907587729634055E-4,9.509064090776406E-10,0.99980924027613
18708.0,5.30825651439784E-4,0.9965174570691968,0.0029517172793634607
17619.0,2.1094914138577116E-5,0.9996891070606753,2.897980251860717E-4
17856.0,0.9432972419182526,0.05616988543062347,5.328726511240655E-4
18406.0,0.9531746635837042,0.046818251152869916,7.0852634258108345E-6
18165.0,0.3312147848473509,0.6663337699192814,0.0024514452333677986
17322.0,7.197695256100582E-4,0.9992793827460225,8.477283674992156E-7
17081.0,0.9912789905798102,0.008720305775716461,7.036444734104997E-7
17389.0,0.17254907704695785,0.8272262152624893,2.24707690552893E-4
17150.0,0.9958298107849392,0.0041693054344166805,8.83780644176808E-7
18337.0,0.5854911587288557,0.41443726982557527,7.157144556903658E-5
18098.0,0.9915500975884897,0.008449324342153348,5.78069356788044E-7
17556.0,0.9896087614545226,0.010324040184308726,6.719836116871812E-5
17799.0,0.7144897346844366,0.28526008633820754,2.501789773558659E-4
18496.0,1.5120295613162586E-14,3.871297686139902E-11,0.9999999999612719
17184.0,0.015367593480766136,0.02313890432933582,0.9614935021898982
18047.0,0.9785809773342222,0.0213776026645057,4.1420001272037725E-5
18284.0,0.9862911110733412,0.013708613154070367,2.757725885048E-7
17738.0,0.9898135225497333,0.010186044295082098,4.33155184671321E-7
17497.0,0.9625742310795745,0.03741750995304103,8.258967384348425E-6
18573.0,0.29554724335473925,0.6950357897619187,0.009416966883341999
17252.0,0.9818269014550763,0.013681834415576568,0.004491264129347037
17015.0,3.932640585836903E-6,0.8081944259764351,0.19180164138297912
17437.0,0.9953137851532953,0.0046815426690805,4.672177624346354E-6
17678.0,7.236129004302884E-6,0.9998678226798207,1.249411911749527E-4
18216.0,0.9998760682867446,1.239119552812018E-4,1.9757974081727306E-8
17979.0,4.655396551125315E-8,1.0423316538163448E-9,0.9999999524037029
18633.0,0.8460810660839573,0.15387582602134525,4.310789469745311E-5
17082.0,0.0016797580864920396,0.679981209418098,0.3183390324954098
17321.0,0.04739400764735746,0.9525564753321497,4.9517020492770506E-5
17859.0,1.88015987813213E-6,0.999934627911857,6.34919282647757E-5
17616.0,0.9736899141518861,0.02630960042130057,4.854268131089982E-7
18166.0,1.9414757972131748E-4,1.3884395841978355E-9,0.9998058510318389
18405.0,0.9493197296459154,0.05063408370485928,4.618664922543085E-5
18711.0,0.9986034635219908,0.0013767008989019256,1.9835579107213466E-5
18436.0,0.05411755207365513,0.09069615726203523,0.8551862906643097
18336.0,0.8815854426603728,0.11804194495293521,3.7261238669207216E-4
18099.0,7.24489398189876E-4,0.9989930760063915,2.824345954186391E-4
17557.0,0.16670818023846778,0.8311384257591963,0.0021533940023360566
17798.0,0.17754569599707057,0.7506099051155052,0.07184439888742425
17388.0,0.9299386699507917,0.07004602583384978,1.5304215358451444E-5
17151.0,0.9924618855106903,0.004741520902907009,0.0027965935864028117
18497.0,0.8546735510724267,0.14519763029668253,1.288186308907707E-4
18046.0,0.004790765035593286,0.9952057291963433,3.5057680634098266E-6
18285.0,0.9764154980185298,0.023581134845271808,3.367136198482366E-6
17739.0,0.9845342811868568,0.001496184209728664,0.013969534603414603
17496.0,0.001234876093858816,0.9987486923989407,1.6431507200626583E-5
17185.0,0.8727329886547696,0.12715019849846937,1.1681284676119028E-4
18572.0,0.20927274061815887,0.7550150693726497,0.03571219000919142
17436.0,0.9965510622634512,0.003446489952766239,2.447783782409171E-6
17679.0,0.015818468574175952,0.20507498145867267,0.7791065499671515
18217.0,0.9848202936755537,0.010865231396033575,0.004314474928412763
17978.0,0.8756151645115919,0.1011137985450024,0.023271036943405685
17253.0,0.060653794446977174,0.6228296742098193,0.3165165313432034
17014.0,0.7057636355762539,0.2940294665794061,2.0689784434001454E-4
18632.0,0.9928808493716698,0.007117675297222879,1.4753311073605423E-6
17858.0,0.998787884242355,5.11487595084447E-4,7.006281625605253E-4
17617.0,3.049327199105395E-4,0.9754169976493674,0.024278069630721977
18167.0,3.002832562759189E-21,1.0,4.5115614890788265E-24
18404.0,0.0041022172240246894,1.077416597157663E-4,0.9957900411162596
17083.0,0.13773310768195202,0.862239199582691,2.769273535699108E-5
17320.0,0.04749743130520358,0.9524678577529331,3.471094186342207E-5
18710.0,0.12452927021876606,0.0017902870880038124,0.8736804426932301
18437.0,9.304600855273803E-4,5.89589172671551E-11,0.9990695398555137
18571.0,5.036806925765505E-13,0.9999999999931721,6.324363735470173E-12
17190.0,4.516483700900477E-7,0.014211823868324196,0.9857877244833056
17503.0,0.8945665410631182,0.10542737144262061,6.087494261307072E-6
17740.0,9.279428517110511E-17,6.807203760382281E-21,1.0
18282.0,0.983702667190823,0.01629668797497489,6.448342021658409E-7
18041.0,0.9863712082810566,0.013628003150485273,7.885684581765651E-7
18502.0,0.7457604016020494,0.25415473362871716,8.486476923336173E-5
17144.0,1.691873636301135E-4,1.5871192128489325E-6,0.999829225517157
17387.0,0.9928264863702054,0.007172075335159583,1.4382946350722781E-6
17793.0,0.08149660047213175,0.6826667952367146,0.23583660429115375
17554.0,0.9932533406378016,0.005578554249331735,0.0011681051128665648
18100.0,1.2695592319573799E-5,0.994664368146342,0.005322936261338284
18343.0,0.8466257439626143,0.15330089733509833,7.335870228739237E-5
18434.0,0.9808862278862399,0.019061646234752334,5.212587900782028E-5
18705.0,0.004230325224403351,0.11156197327628414,0.8842077014993125
