18081.0,0.9217244425006248,0.07198732478183618,0.00628823271753904
18354.0,0.3249473198499319,0.2324942174946638,0.4425584626554043
17812.0,0.8966785924112175,0.09645911455891472,0.006862293029867837
17543.0,0.9144388204312963,0.07042629317706987,0.015134886391633915
17133.0,0.9515775696136832,0.039690392573457585,0.008732037812859325
17406.0,0.3249473194566049,0.23249421675218526,0.4425584637912098
18752.0,0.23657384120328065,0.7321103019809091,0.03131585681581028
18515.0,0.910705601020692,0.07174707490643935,0.01754732407286858
18303.0,0.3249473194566049,0.23249421675218526,0.4425584637912098
18028.0,0.23219424047509385,0.21514490122264615,0.55266085830226
17482.0,0.3273915073069138,0.14156380390965623,0.5310446887834299
17753.0,0.9349381013997919,0.05261905840715857,0.01244284019304957
17203.0,0.1305313223882434,0.8169475560450769,0.052521121566679756
18590.0,0.8963339039577131,0.094234846608582,0.009431249433705083
17693.0,0.9235523619316569,0.06268849727852453,0.013759140789818377
17422.0,0.29987657660407047,0.23263991527593594,0.46748350811999356
17960.0,0.9194752662479451,0.07455115486652868,0.005973578885526457
18235.0,0.29987657660407047,0.23263991527593594,0.46748350811999356
16996.0,0.9217244425006248,0.07198732478183618,0.00628823271753904
17271.0,0.9194752662479451,0.07455115486652868,0.005973578885526457
18650.0,0.9473394586939295,0.04847348812137809,0.00418705318469247
17603.0,0.9386544110636861,0.05731040452235482,0.004035184413959038
17872.0,0.9217244425006248,0.07198732478183618,0.00628823271753904
18422.0,0.9194752662479451,0.07455115486652868,0.005973578885526457
18149.0,0.8117804803090122,0.16131714234834268,0.0269023773426452
17338.0,0.1305313223882434,0.8169475560450769,0.052521121566679756
17065.0,0.2541016644997499,0.2435442339706893,0.5023541015295607
18455.0,0.9473394590102302,0.04847348782695898,0.004187053162810837
18692.0,0.34762920623228005,0.24273157738882295,0.409639216378897
17132.0,0.35679694112345595,0.2535347300580323,0.38966832881851177
17407.0,0.3186637612968645,0.25251104743364017,0.4288251912694953
18080.0,0.23860651844970682,0.26478998124922826,0.4966035003010649
18355.0,0.32470587619035896,0.2532411946109029,0.42205292919873816
17813.0,0.945879811822994,0.04947522481445064,0.004644963362555396
17542.0,0.20393173201017237,0.7691153487661954,0.026952919223632188
18514.0,0.9194752662364627,0.07455115487610454,0.005973578887432772
17202.0,0.29987657660407047,0.23263991527593594,0.46748350811999356
18302.0,0.934938101399793,0.05261905840715768,0.012442840193049202
18029.0,0.9145835347641676,0.07499274670470198,0.010423718531130352
17483.0,0.3241433020250142,0.6416844098019886,0.0341722881729972
17752.0,0.23860651844970682,0.26478998124922826,0.4966035003010649
18591.0,0.3186637612968645,0.25251104743364017,0.4288251912694953
16997.0,0.34762920623228005,0.24273157738882295,0.409639216378897
17270.0,0.9194752662468088,0.07455115486747708,0.005973578885714137
17692.0,0.8805797818366061,0.10294556709837596,0.016474651065018085
17423.0,0.23219424047509385,0.21514490122264615,0.55266085830226
17961.0,0.3369075934929519,0.1866040082024073,0.4764883983046408
18234.0,0.9144388204312963,0.07042629317706987,0.015134886391633915
18651.0,0.1604408465454122,0.813908374762333,0.02565077869225468
17339.0,0.3249473194566049,0.23249421675218526,0.4425584637912098
17064.0,0.9106960326216998,0.07175551173274199,0.017548455645557966
17602.0,0.8966785924112175,0.09645911455891472,0.006862293029867837
17873.0,0.9411469864607466,0.05039265508979634,0.008460358449457155
18423.0,0.32096142248106857,0.2439288328131871,0.4351097447057443
18148.0,0.29987657660406286,0.2326399152759354,0.46748350812000183
18454.0,0.22211394021405292,0.721030324984329,0.05685573480161815
18693.0,0.32470587619035896,0.2532411946109029,0.42205292919873816
18513.0,0.23860651844970682,0.26478998124922826,0.4966035003010649
18352.0,0.9386507334570395,0.05731355558753811,0.004035710955422396
18083.0,0.30522564813321856,0.1308618863600579,0.5639124655067235
17541.0,0.9145835347641676,0.07499274670470198,0.010423718531130352
17814.0,0.10399095606174705,0.8250729995731554,0.07093604436509755
17404.0,0.3249473194566049,0.23249421675218526,0.4425584637912098
17135.0,0.30522564813321856,0.1308618863600579,0.5639124655067235
18588.0,0.8966785924112175,0.09645911455891472,0.006862293029867837
18030.0,0.1510718430954332,0.1599304886182817,0.6889976682862852
18301.0,0.32096142248106857,0.2439288328131871,0.4351097447057443
17755.0,0.9311087978857655,0.0637498543548284,0.005141347759406106
17480.0,0.2446858576080548,0.716176288609789,0.03913785378215629
17201.0,0.8963339039577131,0.094234846608582,0.009431249433705083
18648.0,0.9386544110642988,0.05731040452178362,0.0040351844139176
17420.0,0.3249473194566049,0.23249421675218526,0.4425584637912098
17695.0,0.9082677319772847,0.07389859263358617,0.017833675389128986
18233.0,0.32414330203770014,0.641684409792839,0.03417228816946082
17962.0,0.3186637612968645,0.25251104743364017,0.4288251912694953
17269.0,0.9515775696136832,0.039690392573457585,0.008732037812859325
16998.0,0.23860651844970682,0.26478998124922826,0.4966035003010649
18694.0,0.32096142248106857,0.2439288328131871,0.4351097447057443
18453.0,0.9515775696136832,0.039690392573457585,0.008732037812859325
17874.0,0.32470587619035896,0.2532411946109029,0.42205292919873816
17601.0,0.13248761541817183,0.8196048352504407,0.04790754933138733
18151.0,0.9189718637024085,0.06343612130051605,0.017592014997075415
18420.0,0.2039301211989036,0.7691179689510144,0.026951909850082046
17067.0,0.3249473194566049,0.23249421675218526,0.4425584637912098
17336.0,0.9311087978857655,0.0637498543548284,0.005141347759406106
18512.0,0.9145835347641676,0.07499274670470198,0.010423718531130352
17405.0,0.21114276680546173,0.7389422733611366,0.049914959833401724
17134.0,0.21114276680546173,0.7389422733611366,0.049914959833401724
18353.0,0.6809433286365925,0.1679433792095474,0.1511132921538601
18082.0,0.1510718430954332,0.1599304886182817,0.6889976682862852
17540.0,0.29987657660407047,0.23263991527593594,0.46748350811999356
17815.0,0.9145835347641676,0.07499274670470198,0.010423718531130352
18589.0,0.13273402404082946,0.831541167329544,0.03572480862962662
17200.0,0.1748757323223096,0.18511648638277767,0.6400077812949128
18031.0,0.9194752662479451,0.07455115486652868,0.005973578885526457
18300.0,0.2541016644997499,0.2435442339706893,0.5023541015295607
17754.0,0.9515775696136832,0.039690392573457585,0.008732037812859325
17481.0,0.1510718430954332,0.1599304886182817,0.6889976682862852
18649.0,0.3273915073069138,0.14156380390965623,0.5310446887834299
17268.0,0.9145835347641676,0.07499274670470198,0.010423718531130352
16999.0,0.29987657660425243,0.23263991527598019,0.46748350811976747
17421.0,0.9145835347641676,0.07499274670470198,0.010423718531130352
17694.0,0.2039301211989036,0.7691179689510144,0.026951909850082046
18232.0,0.23219424047509385,0.21514490122264615,0.55266085830226
17963.0,0.23219424047509385,0.21514490122264615,0.55266085830226
18695.0,0.934938101399793,0.05261905840715768,0.012442840193049202
18452.0,0.9145835268457071,0.07499275246494672,0.010423720689346095
17066.0,0.2365738412948642,0.7321103019016881,0.031315856803447714
17337.0,0.34762920623228005,0.24273157738882295,0.409639216378897
17875.0,0.2541016644997499,0.2435442339706893,0.5023541015295607
17600.0,0.3369155394811459,0.18659866176910617,0.47648579874974795
18150.0,0.32414330203770014,0.641684409792839,0.03417228816946082
18421.0,0.2446881306148367,0.7161723481069219,0.03913952127824142
17486.0,0.9235523619316569,0.06268849727852453,0.013759140789818377
17757.0,0.9145835347641676,0.07499274670470198,0.010423718531130352
18299.0,0.3052457757312847,0.13086514127281043,0.5638890829959049
18024.0,0.23860651844970682,0.26478998124922826,0.4966035003010649
17207.0,0.9107056010207162,0.07174707490642047,0.017547324072863333
18586.0,0.16044084654541546,0.8139083747623299,0.02565077869225471
17808.0,0.34762920623228005,0.24273157738882295,0.409639216378897
17539.0,0.3249473194566049,0.23249421675218526,0.4425584637912098
18085.0,0.8966767492793226,0.09646082967947223,0.0068624210412053166
18358.0,0.8963338519724677,0.09423489498216973,0.00943125304536251
17129.0,0.9127906795910121,0.07196861511373105,0.015240705295256701
17402.0,0.9227063921126875,0.07329828014520917,0.0039953277421032884
18519.0,0.1804552892963492,0.7831933873675916,0.0363513233360592
18418.0,0.9515775696136832,0.039690392573457585,0.008732037812859325
18145.0,0.9515775696136832,0.039690392573457585,0.008732037812859325
17607.0,0.9515775352177495,0.039690420792719644,0.008732043989530818
17876.0,0.32096142271358297,0.24392883284701714,0.4351097444393998
17342.0,0.32739150730699523,0.14156380390966836,0.5310446887833364
17069.0,0.9235523619598295,0.06268849725548482,0.013759140784685604
18451.0,0.151071932426618,0.1599305523147173,0.6889975152586647
18688.0,0.3249473194566049,0.23249421675218526,0.4425584637912098
17964.0,0.17430470002814724,0.16296769518200124,0.6627276047898515
18239.0,0.9311087978857655,0.0637498543548284,0.005141347759406106
17689.0,0.9145835347641676,0.07499274670470198,0.010423718531130352
17418.0,0.3186637612968645,0.25251104743364017,0.4288251912694953
16992.0,0.3249473194566049,0.23249421675218526,0.4425584637912098
17267.0,0.16549834969534885,0.8067299753371099,0.02777167496754128
18654.0,0.15107184318596298,0.15993048868283283,0.6889976681312042
17206.0,0.31514667957237325,0.6576485412378283,0.02720477918979854
17487.0,0.9473394590102302,0.04847348782695898,0.004187053162810837
17756.0,0.17430470002814724,0.16296769518200124,0.6627276047898515
18298.0,0.3186637612968645,0.25251104743364017,0.4288251912694953
18025.0,0.8966785924112175,0.09645911455891476,0.006862293029867837
18587.0,0.9194752662471903,0.07455115486715845,0.005973578885651081
17128.0,0.8805797818366061,0.10294556709837596,0.016474651065018085
17403.0,0.8966785924112175,0.09645911455891472,0.006862293029867837
17809.0,0.14016102253201526,0.8115620732480249,0.048276904219959824
17538.0,0.2598130495339296,0.6736323566639594,0.06655459380211115
18084.0,0.9411469864607466,0.05039265508979634,0.008460358449457155
18359.0,0.34762920623228005,0.24273157738882295,0.409639216378897
18518.0,0.32096142248106857,0.2439288328131871,0.4351097447057443
17343.0,0.9386544110642988,0.05731040452178362,0.0040351844139176
17068.0,0.8963339039577125,0.09423484660858222,0.009431249433705097
18419.0,0.9458798107658677,0.04947522581356054,0.004644963420571647
18144.0,0.13248761819688262,0.8196048329673316,0.04790754883578589
17606.0,0.32096142248106857,0.2439288328131871,0.4351097447057443
17877.0,0.34762920623228005,0.24273157738882295,0.409639216378897
18450.0,0.35748610514387935,0.25480030268331005,0.38771359217281054
18689.0,0.9145835347641676,0.07499274670470198,0.010423718531130352
16993.0,0.32470587619035896,0.2532411946109029,0.42205292919873816
17266.0,0.35241146052029015,0.24262142358231711,0.40496711589739276
17965.0,0.9107056010218378,0.07174707490653746,0.01754732407162458
18238.0,0.9217244425006248,0.07198732478183618,0.00628823271753904
17688.0,0.2541016644997499,0.2435442339706893,0.5023541015295607
17419.0,0.9515775696136832,0.039690392573457585,0.008732037812859325
18655.0,0.35679694112345595,0.2535347300580323,0.38966832881851177
18584.0,0.32096142248106857,0.2439288328131871,0.4351097447057443
17759.0,0.16440016375392258,0.18273876286022972,0.6528610733858476
17484.0,0.12764572552238942,0.1892508625581116,0.6831034119194991
18026.0,0.324947319460703,0.23249421675992113,0.44255846377937585
18297.0,0.34762920623228005,0.24273157738882295,0.409639216378897
17205.0,0.9217244425006248,0.07198732478183618,0.00628823271753904
18517.0,0.2605172394106582,0.6816313299907825,0.05785143059855943
17537.0,0.25410166530997824,0.24354423562184724,0.5023540990681745
17810.0,0.3248146759670929,0.25325626268366214,0.42192906134924496
18356.0,0.18045528929717483,0.7831933873667948,0.03635132333603039
18087.0,0.1305313223882434,0.8169475560450769,0.052521121566679756
17400.0,0.9217244425001033,0.0719873247822671,0.0062882327176294744
17131.0,0.34762920623228005,0.24273157738882295,0.409639216378897
18690.0,0.32096148563498633,0.2439290700255562,0.4351094443394574
18449.0,0.21009682377630676,0.7593993326215778,0.03050384360211556
18147.0,0.3947696632836067,0.6052072193495069,2.311736688630279E-5
18416.0,0.9107056010207162,0.07174707490642047,0.017547324072863333
17878.0,0.29987700407225704,0.2326399966444277,0.46748299928331527
17605.0,0.21114276680546173,0.7389422733611366,0.049914959833401724
17071.0,0.9106687260356906,0.07176890636618945,0.01756236759812005
17340.0,0.9386544110642988,0.05731040452178362,0.0040351844139176
18652.0,0.9145835239302964,0.07499275460627045,0.010423721463433023
18237.0,0.13273402404082946,0.831541167329544,0.03572480862962662
17966.0,0.9235523619316295,0.06268849727854962,0.013759140789821009
17416.0,0.35679694112345595,0.2535347300580323,0.38966832881851177
17691.0,0.3369155393697915,0.1865986617484124,0.47648579888179615
17265.0,0.9386544110642988,0.05731040452178362,0.0040351844139176
16994.0,0.8966755107097177,0.09646166759907925,0.006862821691202892
18585.0,0.9386544110642988,0.05731040452178362,0.0040351844139176
17204.0,0.9264142933275825,0.060357559321775,0.013228147350642481
17758.0,0.32499713590143897,0.23250354819264765,0.44249931590591335
17485.0,0.9217244425006248,0.07198732478183618,0.00628823271753904
18027.0,0.35679694112345595,0.2535347300580323,0.38966832881851177
18296.0,0.9235523619344141,0.06268849727626154,0.013759140789324302
18516.0,0.10456126655451721,0.8239399318219677,0.0714988016235151
17401.0,0.1761786862795688,0.7911662442765476,0.03265506944388355
17130.0,0.3186637612968645,0.25251104743364017,0.4288251912694953
17536.0,0.3289158676949756,0.14178952418147123,0.5292946081235532
17811.0,0.179864602402889,0.1734920784881112,0.6466433191089997
18357.0,0.3186637623481976,0.25251104753475306,0.42882519011704934
18086.0,0.2386065192216077,0.26478998147729,0.4966034993011023
18691.0,0.3186637612968645,0.25251104743364017,0.4288251912694953
18448.0,0.3186637612968645,0.25251104743364017,0.4288251912694953
17070.0,0.23860651844970682,0.26478998124922826,0.4966035003010649
17341.0,0.2446858576080548,0.716176288609789,0.03913785378215629
18146.0,0.13227655811832092,0.8136145434647037,0.05410889841697532
18417.0,0.32495950262237816,0.23249649937280026,0.4425439980048216
17879.0,0.32470587619035896,0.2532411946109029,0.42205292919873816
17604.0,0.8805797818366061,0.10294556709837596,0.016474651065018085
18653.0,0.9107056010207156,0.07174707490642081,0.017547324072863548
17264.0,0.9191363593464706,0.0748339384897716,0.006029702163757826
16995.0,0.16044008406016938,0.813908818353344,0.02565109758648669
18236.0,0.16056565921117683,0.813782477187118,0.025651863601705113
17967.0,0.35679694112345595,0.2535347300580323,0.38966832881851177
17417.0,0.8966785924112175,0.09645911455891472,0.006862293029867837
17690.0,0.10399095606174705,0.8250729995731554,0.07093604436509755
17004.0,0.32471015098506884,0.25324178701069805,0.4220480620042332
17279.0,0.13349924739939156,0.8308379767027674,0.035662775897841115
17685.0,0.29987657660407047,0.23263991527593594,0.46748350811999356
17414.0,0.35679694112345595,0.2535347300580323,0.38966832881851177
17952.0,0.9515775696136832,0.039690392573457585,0.008732037812859325
18227.0,0.23860651844974026,0.26478998124919667,0.49660350030106304
18642.0,0.945857486087849,0.049495948340362236,0.004646565571788741
17330.0,0.951577216867823,0.03969069696482114,0.008732086167355919
17057.0,0.1510718430954332,0.1599304886182817,0.6889976682862852
17611.0,0.3247302999756757,0.25324457884647433,0.42202512117784996
17880.0,0.35679694112345595,0.2535347300580323,0.38966832881851177
18430.0,0.9264142933275825,0.060357559321775,0.013228147350642481
18157.0,0.9107056010244946,0.07174707490681462,0.01754732406869087
18463.0,0.9145835347641676,0.07499274670470198,0.010423718531130352
18700.0,0.1799861660823333,0.173560597263244,0.6464532366544227
17125.0,0.9515775696136832,0.039690392573457585,0.008732037812859325
17398.0,0.2541019443845542,0.2435437741238365,0.5023542814916093
18089.0,0.32414330203770014,0.641684409792839,0.03417228816946082
18362.0,0.3187093284637605,0.25251840012657933,0.4287722714096602
17820.0,0.8966785923549493,0.0964591146122796,0.006862293032771185
17551.0,0.3420138034985297,0.23926550283246814,0.4187206936690021
18523.0,0.9195077220679085,0.07452020635129684,0.0059720715807946145
17211.0,0.1510718430954332,0.1599304886182817,0.6889976682862852
18295.0,0.9349371347854404,0.0526197315691884,0.012443133645371187
18020.0,0.1510718430954332,0.1599304886182817,0.6889976682862852
17474.0,0.9349381002129461,0.05261905923369392,0.012442840553360065
17745.0,0.9473394514487644,0.04847349419916638,0.004187054352069197
18582.0,0.2541016644997499,0.2435442339706893,0.5023541015295607
17684.0,0.3567968616777187,0.2535347014845271,0.3896684368377542
17415.0,0.9306609203790522,0.06505242443788094,0.00428665518306692
17953.0,0.3151466795723732,0.6576485412378285,0.027204779189798366
18226.0,0.1748757323223096,0.18511648638277767,0.6400077812949128
17005.0,0.8966785924112162,0.09645911455891587,0.0068622930298679
17278.0,0.32494731958296147,0.2324942167758605,0.44255846364117807
18643.0,0.9145835347641676,0.07499274670470198,0.010423718531130352
17610.0,0.9235523619316569,0.06268849727852453,0.013759140789818377
17881.0,0.8805797818366061,0.10294556709837596,0.016474651065018085
18431.0,0.20299389354743644,0.7662656777661522,0.030740428686411303
18156.0,0.179864602402889,0.1734920784881112,0.6466433191089997
17331.0,0.25410166686459257,0.2435442343075935,0.5023540988278139
17056.0,0.45138553234875467,0.19731283658508422,0.351301631066161
18462.0,0.23860651844973774,0.2647899812491991,0.49660350030106315
18701.0,0.20299389354743652,0.7662656777661522,0.030740428686411303
18088.0,0.1804552892963541,0.7831933873675869,0.03635132333605901
18363.0,0.9217244425006248,0.07198732478183618,0.00628823271753904
17821.0,0.3186637612968645,0.25251104743364017,0.4288251912694953
17550.0,0.9194752632199037,0.07455115739434454,0.005973579385751837
17124.0,0.14220538025876725,0.1683955540286189,0.6893990657126138
17399.0,0.8805797818366061,0.10294556709837596,0.016474651065018085
18522.0,0.1748757323223096,0.18511648638277767,0.6400077812949128
18294.0,0.23414270201436657,0.7203979243781545,0.04545937360747898
18021.0,0.20381820481958418,0.7536849397482135,0.04249685543220241
17475.0,0.9349313616741707,0.05262515204462788,0.012443486281201606
17744.0,0.3247058761903564,0.2532411946109021,0.42205292919874154
17210.0,0.22211394021405292,0.721030324984329,0.05685573480161815
18583.0,0.23860651844970682,0.26478998124922826,0.4966035003010649
18640.0,0.9145835344458295,0.07499274693627553,0.010423718617895008
17277.0,0.2249363891258043,0.7421216817432897,0.03294192913090585
17006.0,0.8805797818366061,0.10294556709837596,0.016474651065018085
17412.0,0.17430470002814724,0.16296769518200124,0.6627276047898515
17687.0,0.2998765905874156,0.23263995857309908,0.4674834508394853
18225.0,0.8805797818366061,0.10294556709837596,0.016474651065018085
17954.0,0.20214209788134663,0.7670636216335014,0.030794280485151898
18702.0,0.9473394587719416,0.048473488027769754,0.004187053200288567
18461.0,0.3517235683317467,0.2569457032892532,0.39133072837900007
17059.0,0.89633390321944,0.09423484718789485,0.009431249592665218
17328.0,0.35679694112345595,0.2535347300580323,0.38966832881851177
17882.0,0.2150211306045924,0.7441255959587096,0.04085327343669799
17609.0,0.2735715425838248,0.692880866273456,0.03354759114271906
18159.0,0.1510718430954332,0.1599304886182817,0.6889976682862852
18428.0,0.2541016644997499,0.2435442339706893,0.5023541015295607
18521.0,0.9386544110642985,0.05731040452178376,0.0040351844139176205
17396.0,0.3476319589352386,0.2427315221351541,0.40963651892960734
17127.0,0.9107056010207162,0.07174707490642047,0.017547324072863333
18360.0,0.9386544074571351,0.057310407612508774,0.004035184930356048
18091.0,0.3369155393697915,0.1865986617484124,0.47648579888179615
17549.0,0.9386544110642988,0.05731040452178362,0.0040351844139176
17822.0,0.9107056010207162,0.07174707490642047,0.017547324072863333
18580.0,0.8966785924112175,0.09645911455891472,0.006862293029867837
17209.0,0.2541016644997499,0.2435442339706893,0.5023541015295607
18022.0,0.3567969411234559,0.25353473005803223,0.38966832881851193
18293.0,0.1305313223882434,0.8169475560450769,0.052521121566679756
17747.0,0.32470587619035896,0.2532411946109029,0.42205292919873816
17472.0,0.9145835347681074,0.07499274670261712,0.010423718529275587
18641.0,0.8966785924112175,0.09645911455891472,0.006862293029867837
17413.0,0.254101665069091,0.24354423557353075,0.5023540993573782
17686.0,0.3209614224837432,0.2439288328135763,0.4351097447026805
18224.0,0.29987657660407047,0.23263991527593594,0.46748350811999356
17955.0,0.14220538025876725,0.1683955540286189,0.6893990657126138
17276.0,0.9227063922819512,0.07329828017948775,0.003995327538561146
17007.0,0.32414330203770014,0.641684409792839,0.03417228816946082
18703.0,0.32494731945660066,0.23249421675218498,0.4425584637912143
18460.0,0.14677013186574261,0.1921602649995621,0.6610696031346952
17883.0,0.9386544110642988,0.05731040452178362,0.0040351844139176
17608.0,0.9144388204312963,0.07042629317706987,0.015134886391633915
18158.0,0.3151466795723732,0.6576485412378285,0.027204779189798366
18429.0,0.3476276585289806,0.24273114893245026,0.4096411925385691
17058.0,0.32096142248106857,0.2439288328131871,0.4351097447057443
17329.0,0.2365738412948642,0.7321103019016881,0.031315856803447714
18520.0,0.2541016644997499,0.2435442339706893,0.5023541015295607
18361.0,0.35679694112344956,0.25353473005802996,0.3896683288185204
18090.0,0.32470580316478215,0.2532411736232039,0.4220530232120139
17548.0,0.20404644090654087,0.7534541135349454,0.042499445558513774
17823.0,0.10399095606174709,0.8250729995731554,0.07093604436509755
17397.0,0.3273915073069138,0.14156380390965623,0.5310446887834299
17126.0,0.32096142248099946,0.24392883281316846,0.4351097447058321
18581.0,0.17430470002814724,0.16296769518200124,0.6627276047898515
18023.0,0.9515775696136832,0.039690392573457585,0.008732037812859325
18292.0,0.1305313223882434,0.8169475560450769,0.052521121566679756
17746.0,0.14220538025876725,0.1683955540286189,0.6893990657126138
17473.0,0.35679694112345595,0.2535347300580323,0.38966832881851177
17208.0,0.9311087978883104,0.06374985435242811,0.005141347759261456
17334.0,0.3567969413510635,0.2535347300685535,0.3896683285803831
17061.0,0.35679694112345595,0.2535347300580323,0.38966832881851177
18426.0,0.9533467854524491,0.04632077972239414,3.324348251566075E-4
18153.0,0.32096142248106857,0.2439288328131871,0.4351097447057443
17615.0,0.9107056010207162,0.07174707490642047,0.017547324072863333
17884.0,0.23219424047509385,0.21514490122264615,0.55266085830226
18459.0,0.21114276680546182,0.7389422733611364,0.04991495983340176
18696.0,0.16044084654541246,0.8139083747623328,0.025650778692254683
17000.0,0.29987660011797646,0.23263991975181136,0.4674834801302122
17275.0,0.3209614189282728,0.24392883185730194,0.4351097492144253
17956.0,0.9411469780109762,0.05039266269850862,0.008460359290515055
18231.0,0.9386722862263083,0.057300758428966286,0.004026955344725371
17681.0,0.9217244425006242,0.07198732478183674,0.0062882327175391535
17410.0,0.23861329061863237,0.2648338149443307,0.49655289443703693
18646.0,0.23942973307765353,0.2645029487700983,0.49606731815224814
17215.0,0.9386532230553845,0.05731142244135152,0.0040353545032640915
17478.0,0.8805797818366061,0.10294556709837592,0.01647465106501808
17749.0,0.9107056010207162,0.07174707490642053,0.017547324072863347
18291.0,0.9194752662479451,0.07455115486652868,0.005973578885526457
18016.0,0.3249473194566049,0.23249421675218526,0.4425584637912098
18578.0,0.3369155393697915,0.1865986617484124,0.47648579888179615
17121.0,0.20299389354743652,0.7662656777661522,0.030740428686411303
17394.0,0.21009682377630676,0.7593993326215778,0.03050384360211556
17816.0,0.14220538025876725,0.1683955540286189,0.6893990657126138
17547.0,0.9144388204312963,0.07042629317706987,0.015134886391633915
18093.0,0.3369155393697846,0.18659866174841708,0.4764857988817983
18366.0,0.9145835347641676,0.07499274670470198,0.010423718531130352
18527.0,0.9107056010207162,0.07174707490642047,0.017547324072863333
18427.0,0.8805797818366061,0.10294556709837596,0.016474651065018085
18152.0,0.14677013186574261,0.1921602649995621,0.6610696031346952
17614.0,0.3273915073069138,0.14156380390965623,0.5310446887834299
17885.0,0.9217244425006248,0.07198732478183618,0.00628823271753904
17335.0,0.17487573249037333,0.1851164864761006,0.6400077810335261
17060.0,0.34762920623228005,0.24273157738882295,0.409639216378897
18458.0,0.9458798118226716,0.049475224814749905,0.0046449633625786435
18697.0,0.34762920623228005,0.24273157738882295,0.409639216378897
17957.0,0.23219424047509385,0.21514490122264615,0.55266085830226
18230.0,0.3369155393697915,0.1865986617484124,0.47648579888179615
17680.0,0.9217244425006246,0.07198732478183621,0.006288232717539046
17411.0,0.9107056010207162,0.07174707490642047,0.017547324072863333
17001.0,0.9349381013709921,0.05261905842721523,0.012442840201792855
17274.0,0.1748757323223096,0.18511648638277767,0.6400077812949128
18647.0,0.9533467854524491,0.04632077972239414,3.324348251566075E-4
17479.0,0.9027359575966507,0.08068927505638449,0.016574767346964763
17748.0,0.3273915073069138,0.14156380390965623,0.5310446887834299
18290.0,0.23414021053095166,0.7204017839901908,0.04545800547885748
18017.0,0.8966785924011258,0.09645911456848548,0.006862293030388538
17214.0,0.1510718430954332,0.1599304886182817,0.6889976682862852
18579.0,0.9217244425006248,0.07198732478183618,0.00628823271753904
17817.0,0.9533467854524491,0.04632077972239414,3.324348251566075E-4
17546.0,0.35679694112345595,0.2535347300580323,0.38966832881851177
18092.0,0.9194751961948063,0.07455121334704587,0.0059735904581477125
18367.0,0.21009682377630676,0.7593993326215778,0.03050384360211556
17120.0,0.34763189226347513,0.24273158655432683,0.409636521182198
17395.0,0.2995291153439504,0.23261033201654022,0.46786055263950943
18526.0,0.3273915073069138,0.14156380390965623,0.5310446887834299
18698.0,0.8805797818363678,0.10294556709854495,0.01647465106508726
18457.0,0.9194752662479451,0.07455115486652868,0.005973578885526457
17063.0,0.35764649124277675,0.2535734765441545,0.38878003221306867
17332.0,0.34762920623228005,0.24273157738882295,0.409639216378897
18155.0,0.9264142933275825,0.060357559321775,0.013228147350642481
18424.0,0.14220538025876725,0.1683955540286189,0.6893990657126138
17886.0,0.9107056010207162,0.07174707490642047,0.017547324072863333
17613.0,0.32470587619035896,0.2532411946109031,0.42205292919873794
18644.0,0.29987657660407047,0.23263991527593594,0.46748350811999356
17273.0,0.9349375960839852,0.05261941031554164,0.012442993600473165
17002.0,0.32470587619035896,0.2532411946109029,0.42205292919873816
18229.0,0.8963339039577131,0.094234846608582,0.009431249433705083
17958.0,0.3369155393697915,0.1865986617484124,0.47648579888179615
17408.0,0.3207277205683783,0.2528405771926518,0.4264317022389699
17683.0,0.9411469864607466,0.05039265508979634,0.008460358449457155
18576.0,0.947339459010229,0.0484734878269601,0.004187053162811043
17213.0,0.32096142431955094,0.2439288396765784,0.43510973600387065
17751.0,0.8963339039576499,0.09423484660863149,0.009431249433718652
17476.0,0.938654527772813,0.05731034157003646,0.00403513065715049
18018.0,0.9227063922819512,0.07329828017948775,0.003995327538561146
18289.0,0.10399095606174705,0.8250729995731554,0.07093604436509755
18525.0,0.9107056010207162,0.07174707490642053,0.01754732407286334
17392.0,0.8805797818366061,0.10294556709837596,0.016474651065018085
17123.0,0.9227063922819512,0.07329828017948775,0.003995327538561146
17545.0,0.3249473194566049,0.23249421675218526,0.4425584637912098
17818.0,0.8963339039577118,0.09423484660858296,0.009431249433705189
18364.0,0.3151466795723732,0.6576485412378285,0.027204779189798366
18095.0,0.35679694112345595,0.2535347300580323,0.38966832881851177
18699.0,0.9194752662478886,0.07455115486657572,0.005973578885535758
18456.0,0.23860651845150857,0.26478998124753095,0.49660350030096057
18154.0,0.22211394021405292,0.721030324984329,0.05685573480161815
18425.0,0.9386544110642988,0.05731040452178362,0.0040351844139176
17887.0,0.2541016644997499,0.2435442339706893,0.5023541015295607
17612.0,0.9144388204312963,0.07042629317706987,0.015134886391633915
17062.0,0.32494763957280415,0.23249482103280414,0.44255753939439174
17333.0,0.9235523619234083,0.062688497283639,0.0137591407929527
18645.0,0.23219424047509385,0.21514490122264615,0.55266085830226
18228.0,0.3249473194566049,0.23249421675218526,0.4425584637912098
17959.0,0.33691553936415325,0.18659866175220616,0.47648579888364073
17409.0,0.14677013186574261,0.1921602649995621,0.6610696031346952
17682.0,0.9311087978857655,0.0637498543548284,0.005141347759406106
17272.0,0.2558513709354,0.24714073992870825,0.4970078891358918
17003.0,0.13248761541807041,0.8196048352505474,0.04790754933138219
18577.0,0.20381820481958418,0.7536849397482135,0.04249685543220241
17750.0,0.2541016644997499,0.2435442339706893,0.5023541015295607
17477.0,0.9235523619316566,0.06268849727852506,0.01375914078981843
18019.0,0.9145834495660411,0.07499280868164729,0.010423741752311689
18288.0,0.23860651846694275,0.2647899812862429,0.4966035002468143
17212.0,0.1748757323223096,0.18511648638277767,0.6400077812949128
18524.0,0.3241433020378584,0.6416844097926859,0.03417228816945573
17544.0,0.3369155393697915,0.1865986617484124,0.47648579888179615
17819.0,0.9145835347641676,0.07499274670470198,0.010423718531130352
18365.0,0.23860651844970682,0.26478998124922826,0.4966035003010649
18094.0,0.17487573232231057,0.18511648638277822,0.6400077812949112
17393.0,0.3247142781147447,0.2532767586618354,0.42200896322341996
17122.0,0.2541016644997499,0.2435442339706893,0.5023541015295607
18498.0,0.23219424047509385,0.21514490122264615,0.55266085830226
17148.0,0.3273915073069138,0.14156380390965623,0.5310446887834299
17391.0,0.21114276680546173,0.7389422733611366,0.049914959833401724
18096.0,0.2998765766037756,0.23263991527591635,0.46748350812030814
18339.0,0.12764572552238942,0.1892508625581116,0.6831034119194991
17797.0,0.255143809815202,0.6598175182114542,0.08503867197334379
17558.0,0.8805797818366061,0.10294556709837596,0.016474651065018085
18575.0,0.934938101159701,0.05261905857436101,0.012442840265937916
17186.0,0.3273915073069138,0.14156380390965623,0.5310446887834299
18286.0,0.32509739223571205,0.232777774649853,0.442124833114435
18045.0,0.17487573232246387,0.18511648638286338,0.6400077812946727
17499.0,0.35679694112345595,0.2535347300580323,0.38966832881851177
17736.0,0.9311087978857655,0.0637498543548284,0.005141347759406106
18635.0,0.1748757323223096,0.18511648638277767,0.6400077812949128
17013.0,0.9145835347641676,0.07499274670470198,0.010423718531130352
17254.0,0.1529311831345684,0.17550148586960237,0.6715673309958292
17676.0,0.23219424047509385,0.21514490122264615,0.55266085830226
17439.0,0.23860651867971475,0.26478998103255424,0.4966035002877311
17977.0,0.8966785371789937,0.09645914352875383,0.006862319292252413
18218.0,0.21114276680546173,0.7389422733611366,0.049914959833401724
18438.0,0.9386544110642988,0.05731040452178362,0.0040351844139176
18709.0,0.9144388204312963,0.07042629317706987,0.015134886391633915
17323.0,0.8966785924112175,0.09645911455891472,0.006862293029867837
17080.0,0.2341402111554909,0.7204017829017376,0.045458005942771426
17618.0,0.9533467854524491,0.04632077972239414,3.324348251566075E-4
17857.0,0.29987657660407047,0.23263991527593594,0.46748350811999356
18407.0,0.8963339039467406,0.09423484661719182,0.009431249436067591
18164.0,0.9194752662479775,0.07455115486649745,0.005973578885524957
18499.0,0.8422461484514864,0.11371333217960969,0.04404051936890396
18097.0,0.21114276680546173,0.7389422733611366,0.049914959833401724
18338.0,0.3369155393697915,0.1865986617484124,0.47648579888179615
17796.0,0.21114276680546173,0.7389422733611366,0.049914959833401724
17559.0,0.25410166450075183,0.24354423396904307,0.5023541015302051
17149.0,0.3369155393697915,0.1865986617484124,0.47648579888179615
17390.0,0.9227063922810871,0.07329828018030908,0.003995327538603964
18574.0,0.3186637612968645,0.25251104743364017,0.4288251912694953
18287.0,0.8805797818366061,0.10294556709837596,0.016474651065018085
18044.0,0.23860651844970682,0.26478998124922826,0.4966035003010649
17498.0,0.8963339039577131,0.094234846608582,0.009431249433705083
17737.0,0.8966785924112175,0.09645911455891472,0.006862293029867837
17187.0,0.32096142248106857,0.2439288328131871,0.4351097447057443
18634.0,0.9107056010207162,0.07174707490642047,0.017547324072863333
17677.0,0.35679694112345595,0.2535347300580323,0.38966832881851177
17438.0,0.13264557203494004,0.8194388735624812,0.04791555440257871
17976.0,0.1804552892963492,0.7831933873675916,0.0363513233360592
18219.0,0.9349381013985385,0.05261905840803153,0.012442840193430145
17012.0,0.3249473194566049,0.23249421675218526,0.4425584637912098
17255.0,0.3186636579154664,0.2525110052909932,0.42882533679354035
18439.0,0.29987657660407047,0.23263991527593594,0.46748350811999356
18708.0,0.2541016644997499,0.2435442339706893,0.5023541015295607
17619.0,0.13273402404082946,0.831541167329544,0.03572480862962662
17856.0,0.21012073247346516,0.7593745326980911,0.03050473482844387
18406.0,0.2341402111554909,0.7204017829017376,0.045458005942771426
18165.0,0.34762920623228005,0.24273157738882295,0.409639216378897
17322.0,0.21114276680546207,0.738942273361136,0.04991495983340194
17081.0,0.8963339039577131,0.094234846608582,0.009431249433705083
17389.0,0.23219424047509385,0.21514490122264615,0.55266085830226
17150.0,0.32096142248106857,0.2439288328131871,0.4351097447057443
18337.0,0.33198769858943195,0.189940060633013,0.4780722407775551
18098.0,0.9386544110642988,0.05731040452178362,0.0040351844139176
17556.0,0.5707222446931958,0.4211333878543857,0.00814436745241858
17799.0,0.3249473194566049,0.23249421675218526,0.4425584637912098
18496.0,0.1510718430954332,0.1599304886182817,0.6889976682862852
17184.0,0.9311087817389839,0.06374986944568847,0.005141348815327582
18047.0,0.9235523619316569,0.06268849727852453,0.013759140789818377
18284.0,0.8966785924112175,0.09645911455891472,0.006862293029867837
17738.0,0.9217244425006248,0.07198732478183618,0.00628823271753904
17497.0,0.8915837163530255,0.09224272147683871,0.016173562170135613
18573.0,0.9144388204312963,0.07042629317706987,0.015134886391633915
17252.0,0.13273402404082946,0.831541167329544,0.03572480862962662
17015.0,0.23219424047509385,0.21514490122264615,0.55266085830226
17437.0,0.3249473194566049,0.23249421675218526,0.4425584637912098
17678.0,0.10399095606174705,0.8250729995731554,0.07093604436509755
18216.0,0.9235523619316569,0.06268849727852453,0.013759140789818377
17979.0,0.9411469864607466,0.05039265508979634,0.008460358449457155
18633.0,0.23860651844991834,0.26478998124927633,0.49660350030080525
17082.0,0.32096142248106857,0.2439288328131871,0.4351097447057443
17321.0,0.9311087978857655,0.0637498543548284,0.005141347759406106
17859.0,0.2354289983430594,0.7184008006556627,0.04617020100127785
17616.0,0.29999431800302573,0.23300749134965074,0.46699819064732356
18166.0,0.30522564813321856,0.1308618863600579,0.5639124655067235
18405.0,0.8805797811050106,0.10294556761751612,0.016474651277473294
18711.0,0.3567969411234811,0.25353473005803345,0.3896683288184855
18436.0,0.3476280749706189,0.24273126421787491,0.40964066081150613
18336.0,0.23219424047509385,0.21514490122264615,0.55266085830226
18099.0,0.3151466795723732,0.6576485412378285,0.027204779189798366
17557.0,0.3186637612968645,0.25251104743364017,0.4288251912694953
17798.0,0.13248761575035709,0.8196048346448767,0.04790754960476626
17388.0,0.8961743572706172,0.08647059455153705,0.01735504817784568
17151.0,0.8804581462550455,0.10303186185956872,0.016509991885385857
18497.0,0.29987657660407047,0.23263991527593594,0.46748350811999356
18046.0,0.2365738412948642,0.7321103019016881,0.031315856803447714
18285.0,0.9144388204312963,0.07042629317706987,0.015134886391633915
17739.0,0.3369155393697915,0.1865986617484124,0.47648579888179615
17496.0,0.32862112905556223,0.2718107324295128,0.39956813851492495
17185.0,0.9145834901792419,0.0749927811986079,0.010423728622150267
18572.0,0.3186637612968645,0.25251104743364017,0.4288251912694953
17436.0,0.3186637612968645,0.25251104743364017,0.4288251912694953
17679.0,0.29987657660407047,0.23263991527593594,0.46748350811999356
18217.0,0.32096142248106857,0.2439288328131871,0.4351097447057443
17978.0,0.2541016644997499,0.2435442339706893,0.5023541015295607
17253.0,0.14220538025894075,0.16839555402883127,0.689399065712228
17014.0,0.9217244425006205,0.07198732478183473,0.006288232717544902
18632.0,0.9145835347641676,0.07499274670470198,0.010423718531130352
17858.0,0.3249473194566049,0.23249421675218526,0.4425584637912098
17617.0,0.3186637612968645,0.25251104743364017,0.4288251912694953
18167.0,0.13248761541807041,0.8196048352505474,0.04790754933138219
18404.0,0.2541016644997499,0.2435442339706893,0.5023541015295607
17083.0,0.9227063922819512,0.07329828017948775,0.003995327538561146
17320.0,0.9458798118227447,0.04947522481468635,0.004644963362569081
18710.0,0.17986476124039427,0.17349216801629103,0.6466430707433147
18437.0,0.32470587619035896,0.2532411946109029,0.42205292919873816
18571.0,0.9515775696136832,0.039690392573457585,0.008732037812859325
17190.0,0.17430470002814724,0.16296769518200124,0.6627276047898515
17503.0,0.9227063922819512,0.07329828017948775,0.003995327538561146
17740.0,0.17430470002814724,0.16296769518200124,0.6627276047898515
18282.0,0.94733915831508,0.04847374123241415,0.004187100452505931
18041.0,0.9473394569772811,0.048473489540168564,0.004187053482550283
18502.0,0.32503538822584677,0.23266060011140624,0.44230401166274697
17144.0,0.9533467854524491,0.04632077972239414,3.324348251566075E-4
17387.0,0.37913210123233787,0.24149856521402527,0.37936933355363683
17793.0,0.29987657660407047,0.23263991527593594,0.46748350811999356
17554.0,0.3273915073069138,0.14156380390965623,0.5310446887834299
18100.0,0.32470587619035896,0.2532411946109029,0.42205292919873816
18343.0,0.2998769160884927,0.23263997989675847,0.46748310401474885
18434.0,0.8779369961350011,0.10719826835891541,0.014864735506083627
18705.0,0.34762920623228005,0.24273157738882295,0.409639216378897
17327.0,0.31866380895802315,0.252511055126049,0.42882513591592786
17084.0,0.25935315603146025,0.3140552638634338,0.4265915801051059
18403.0,0.32470587619035896,0.2532411946109029,0.42205292919873816
18160.0,0.20299389354743652,0.7662656777661522,0.030740428686411303
17622.0,0.9411469864607466,0.05039265508979634,0.008460358449457155
17861.0,0.2039301243915185,0.7691179660508084,0.026951909557673116
18639.0,0.21114276680546173,0.7389422733611366,0.049914959833401724
17009.0,0.3209608705290075,0.24392868430938067,0.43511044516161196
17250.0,0.9264142933275825,0.060357559321775,0.013228147350642481
17981.0,0.35679694112345595,0.2535347300580323,0.38966832881851177
18222.0,0.1604408465173974,0.8139083747786313,0.025650778703971207
17672.0,0.14689984142777304,0.19221689664398575,0.6608832619282412
17435.0,0.23860657163938873,0.2647900954752489,0.49660333288536235
