18081.0,0.7556406188740874,0.18864701226323433,0.055712368862678295
18354.0,0.41650372524326623,0.4856215019521825,0.09787477280455126
17812.0,0.3993894490593101,0.04120330806538723,0.5594072428753026
17543.0,0.33822655399475365,0.20895579889130278,0.4528176471139437
17133.0,0.39057914163304036,0.5218993839220224,0.08752147444493713
17406.0,0.08949005886664343,0.8540182783983773,0.056491662734979256
18752.0,0.3119695938453525,0.6778048444399073,0.010225561714740265
18515.0,0.7793084434992779,0.20815572717164818,0.01253582932907399
18303.0,0.499255017662003,0.4556505106910352,0.045094471646961905
18028.0,0.1321460712990151,0.1370870514820231,0.7307668772189618
17482.0,0.04283953753318471,0.02475506205737818,0.9324054004094371
17753.0,0.8968122025190308,0.09822458681534973,0.004963210665619502
17203.0,0.8054793154172115,0.13412047301223007,0.06040021157055853
18590.0,0.8426246551015748,0.14907294680849492,0.00830239808993032
17693.0,0.9541795189961878,0.04243809937238579,0.0033823816314263156
17422.0,0.021202879759497525,0.06411287780222524,0.9146842424382773
17960.0,0.6008162098996345,0.11374911934875859,0.285434670751607
18235.0,0.4659259590023002,0.44209053535806675,0.09198350563963303
16996.0,0.9355090814002193,0.06014011576597519,0.004350802833805458
17271.0,0.7053030795865376,0.1288256776829955,0.16587124273046688
18650.0,0.8692550868050909,0.10739044409889234,0.023354469096016916
17603.0,0.5625048355088862,0.42329581362258506,0.014199350868528691
17872.0,0.7556643212005648,0.212345992313646,0.031989686485789155
18422.0,0.9366463290196037,0.058763746898314456,0.004589924082081862
18149.0,0.26357732398673855,0.1499410499919228,0.5864816260213386
17338.0,0.1778113645099746,0.4530179942171986,0.36917064127282684
17065.0,0.4248186987340946,0.33790085183274465,0.2372804494331608
18455.0,0.9538557781051664,0.04131354148632577,0.004830680408507787
18692.0,0.5867628663915396,0.026535266043514912,0.38670186756494546
17132.0,0.009589940091401742,0.06492181274164723,0.9254882471669511
17407.0,0.013942666658125515,0.0243260976138627,0.9617312357280118
18080.0,0.3194705982948878,0.4910965864949036,0.18943281521020847
18355.0,0.09824893714541928,0.41889286271446713,0.48285820014011355
17813.0,0.12991879432711076,0.6770033193619895,0.19307788631089967
17542.0,0.31154268261555174,0.5235936139795975,0.16486370340485068
18514.0,0.2775008611862864,0.5529816650548824,0.1695174737588311
17202.0,0.6471262170081306,0.22755226550491023,0.12532151748695924
18302.0,0.8486527722364081,0.1459273319495957,0.005419895813996179
18029.0,0.9048805537422075,0.0904453833813853,0.004674062876407134
17483.0,0.2538550435159411,0.5358537320095862,0.21029122447447257
17752.0,0.6857203366780114,0.08691192859315439,0.22736773472883426
18591.0,0.7250159222800068,0.04726282692934208,0.2277212507906512
16997.0,0.892228712908713,0.07460256401861859,0.03316872307266847
17270.0,0.9322304217062165,0.06314759167638961,0.004621986617393791
17692.0,0.9313129420536364,0.06267263326383483,0.006014424682528778
17423.0,0.37936912296141345,0.12224979940785387,0.4983810776307326
17961.0,0.8950750136315937,0.0946085793182421,0.010316407050164225
18234.0,0.5209566546850205,0.33228493448579066,0.14675841082918872
18651.0,0.2614516376823599,0.6792337861830589,0.05931457613458118
17339.0,0.7313269186427052,0.2519499843525109,0.01672309700478391
17064.0,0.8992271307309441,0.09556228077076649,0.00521058849828938
17602.0,0.4078408071417661,0.5442834600277684,0.04787573283046544
17873.0,0.7085438782131489,0.2857104996932578,0.0057456220935932474
18423.0,0.02597519485794787,0.0852166937609702,0.8888081113810818
18148.0,0.6580311330572389,0.21660153282744415,0.12536733411531698
18454.0,0.7202134076658412,0.24364544608341013,0.036141146250748754
18693.0,0.8802359541229233,0.09784829314244908,0.021915752734627588
18513.0,0.01987465546367867,0.07662164339487239,0.903503701141449
18352.0,0.844190134215288,0.138702475759256,0.017107390025455884
18083.0,0.013246244559365385,0.03177049971617208,0.9549832557244625
17541.0,0.9321819157500107,0.061591396251076694,0.006226687998912583
17814.0,0.3608417958843416,0.34204967775519424,0.2971085263604641
17404.0,0.9264368886769634,0.06942145172870792,0.00414165959432863
17135.0,0.4836865983044694,0.08811295255646119,0.42820044913906935
18588.0,0.782178306755445,0.1406617821124425,0.07715991113211249
18030.0,0.22130688822097963,0.067980355256995,0.7107127565220255
18301.0,0.3222958210017522,0.22486271415107695,0.45284146484717075
17755.0,0.10198562853261689,0.2791373299309846,0.6188770415363986
17480.0,0.7712788078674914,0.05812371082797095,0.17059748130453786
17201.0,0.905803493529028,0.08686921907712812,0.0073272873938438395
18648.0,0.9250377887817313,0.06924654168007788,0.005715669538190919
17420.0,0.013338993974578023,0.03509206045720898,0.9515689455682129
17695.0,0.9031687713799069,0.09266632884582261,0.004164899774270454
18233.0,0.4119766329687804,0.36482779081484357,0.22319557621637595
17962.0,0.7124531206231439,0.27687507005655515,0.010671809320300938
17269.0,0.2115195860293815,0.7525446952559167,0.03593571871470182
16998.0,0.25708639445609854,0.3083975252995183,0.4345160802443832
18694.0,0.5595100471163698,0.2603596724097182,0.18013028047391202
18453.0,0.8399203671820492,0.1419964966994963,0.018083136118454492
17874.0,0.9358058963820209,0.0597600081866257,0.004434095431353251
17601.0,0.8267641443029845,0.15069061839267023,0.022545237304345243
18151.0,0.9211685826250189,0.06695521242356522,0.01187620495141593
18420.0,0.12218753927325193,0.13997835684987886,0.7378341038768692
17067.0,0.021039179559762186,0.06360597995956715,0.9153548404806706
17336.0,0.7337864306887535,0.20606360413266517,0.06014996517858143
18512.0,0.13770104382270476,0.8194950587769446,0.04280389740035064
17405.0,0.8010973458947698,0.1786773277516724,0.02022532635355793
17134.0,0.45378232131861235,0.49147894252697105,0.05473873615441653
18353.0,0.530876656142792,0.35109513860245994,0.11802820525474797
18082.0,0.5526263034501535,0.34072818702032365,0.10664550952952288
17540.0,0.6138045624905241,0.0933932571655016,0.29280218034397426
17815.0,0.9336105108093645,0.06049458349259102,0.00589490569804454
18589.0,0.37704682334941586,0.20189465446720228,0.42105852218338186
17200.0,0.028728687262997273,0.13079645556005398,0.8404748571769488
18031.0,0.9368319456707376,0.05857813024718056,0.004589924082081862
18300.0,0.8636039058421484,0.11425998437419248,0.02213610978365914
17754.0,0.4299004921350393,0.4897176506476723,0.0803818572172883
17481.0,0.0768215186424749,0.14511252284190126,0.7780659585156238
18649.0,0.013545168863886145,0.03922686583992453,0.9472279652961894
17268.0,0.9366055719290527,0.05802660113403783,0.005367826936909551
16999.0,0.7314270262792477,0.2589094724190917,0.009663501301660684
17421.0,0.8051955051988372,0.18651630023795662,0.008288194563206213
17694.0,0.7411102291611967,0.15502695554421725,0.10386281529458606
18232.0,0.6303419343130354,0.3470525054481487,0.02260556023881582
17963.0,0.9154822115722865,0.08032364505111697,0.004194143376596606
18695.0,0.5249067793138377,0.4551230086337193,0.019970212052443082
18452.0,0.9391530588563956,0.054386050651920294,0.006460890491684218
17066.0,0.8627499047679874,0.13108621061792564,0.006163884614086896
17337.0,0.5278505658986499,0.15793293590321936,0.3142164981981308
17875.0,0.6001852032759358,0.07043325513960105,0.32938154158446314
17600.0,0.4220595358994056,0.039958629757987696,0.5379818343426067
18150.0,0.027209035698430747,0.1350816356616735,0.8377093286398957
18421.0,0.47579328855386854,0.44543642648920656,0.0787702849569249
17486.0,0.953802764823294,0.04206899696612583,0.004128238210580209
17757.0,0.015071409975553587,0.037369298132038396,0.9475592918924081
18299.0,0.6064445183612129,0.38458014075867214,0.008975340880114941
18024.0,0.6410471094554642,0.20207884216518812,0.15687404837934768
17207.0,0.923774654812396,0.07177943567667681,0.0044459095109271795
18586.0,0.7908896644809922,0.15839340055922327,0.05071693495978454
17808.0,0.8363550752878717,0.1513913330135292,0.012253591698599096
17539.0,0.42522806643068056,0.3723381892936111,0.20243374427570832
18085.0,0.46813275807117044,0.28888715530541526,0.2429800866234143
18358.0,0.929163361270823,0.06608835415795826,0.0047482845712187
17129.0,0.8364572048905291,0.13261184306245083,0.030930952047020063
17402.0,0.2132032148507309,0.688459327579808,0.09833745756946119
18519.0,0.8031139796282633,0.17649541606788355,0.020390604303853237
18418.0,0.8890942349037674,0.10673006171621455,0.004175703380018109
18145.0,0.3165089462398625,0.2308210524924875,0.45267000126765006
17607.0,0.569257652424348,0.3531877520627521,0.07755459551289992
17876.0,0.9181493542808541,0.07246059898705125,0.009390046732094681
17342.0,0.8272388113289552,0.05980660309858252,0.11295458557246234
17069.0,0.9321254754092086,0.06194967383066165,0.005924850760129834
18451.0,0.21317687698128385,0.08280503356825578,0.7040180894504605
18688.0,0.5009768974363282,0.434736257576795,0.06428684498687694
17964.0,0.6132035819196969,0.036949007040452994,0.34984741103985
18239.0,0.4412075012977192,0.05357007385720129,0.5052224248450795
17689.0,0.4242771024314456,0.44562682132615666,0.1300960762423977
17418.0,0.05802663442631397,0.6627489528026337,0.2792244127710523
16992.0,0.5402536993558593,0.4050293903607512,0.05471691028338935
17267.0,0.06689671997779177,0.6750176332955639,0.2580856467266444
18654.0,0.3802116795429468,0.10340237114362927,0.5163859493134239
17206.0,0.8797139049212589,0.10965811446880064,0.01062798060994055
17487.0,0.9134979692085474,0.07800913712161431,0.008492893669838313
17756.0,0.3553324234035729,0.5513395775740776,0.09332799902234958
18298.0,0.54247243134005,0.36972979876015877,0.08779776989979123
18025.0,0.7760266636130778,0.19715781994059234,0.026815516446329755
18587.0,0.8826577777350432,0.06522175453591487,0.052120467729041976
17128.0,0.9364444904357784,0.058285074690827054,0.00527043487339448
17403.0,0.5491811463591272,0.03711732740510937,0.4137015262357634
17809.0,0.3894880410510995,0.18983741438240676,0.4206745445664937
17538.0,0.899288791232114,0.09310844746399459,0.00760276130389142
18084.0,0.8549104231058783,0.12006663030732127,0.0250229465868005
18359.0,0.8776625704027323,0.10681671312270861,0.01552071647455908
18518.0,0.7226779577441143,0.25911257827406603,0.018209463981819673
17343.0,0.9476343592159985,0.03710903027799767,0.01525661050600371
17068.0,0.7099748457480579,0.24253931247615568,0.04748584177578635
18419.0,0.8026550665702817,0.16608706623469482,0.0312578671950235
18144.0,0.5036410533266502,0.47690609542424234,0.019452851249107457
17606.0,0.21386365558943576,0.24743974735792273,0.5386965970526415
17877.0,0.6772288779065554,0.2661194360133197,0.05665168608012487
18450.0,0.7499346671089951,0.209162694803663,0.040902638087341854
18689.0,0.9127419865796766,0.08229381233439804,0.004964201085925307
16993.0,0.0,0.026080141790901935,0.9739198582090981
17266.0,0.7569211494225672,0.21910975463114135,0.02396909594629157
17965.0,0.7349783218013289,0.22169054879672642,0.04333112940194467
18238.0,0.9338373507163622,0.0618353075412639,0.004327341742373805
17688.0,0.8260259335547842,0.12920694829839077,0.044767118146824984
17419.0,0.6313855000202324,0.13624907606300646,0.23236542391676113
18655.0,0.1950170160752988,0.5903197558352536,0.21466322808944746
18584.0,0.47990727077303014,0.21482195733532883,0.3052707718916411
17759.0,0.10827226593598907,0.516651967562844,0.3750757665011668
17484.0,0.9379058985595645,0.05725053524089016,0.004843566199545244
18026.0,0.061207175860526354,0.8518800866678324,0.08691273747164115
18297.0,0.8617965113753044,0.04830998349653389,0.08989350512816176
17205.0,0.9364125749694168,0.05840158266823483,0.005185842362348457
18517.0,0.22150464066199815,0.7553072371745795,0.02318812216342243
17537.0,0.20295186615488564,0.12798724778268686,0.6690608860624274
17810.0,0.4048770165673229,0.5342761444424551,0.06084683899022212
18356.0,0.17824933790969344,0.5106553510984623,0.3110953109918442
18087.0,0.5721902201074235,0.3875026677850221,0.040307112107554395
17400.0,0.940586903182046,0.054161491952270165,0.0052516048656837755
17131.0,0.07206041293290551,0.39027626163742996,0.5376633254296644
18690.0,0.5404969494153294,0.38472220585719413,0.07478084472747643
18449.0,0.09344299282477266,0.741163734889422,0.16539327228580536
18147.0,0.5900785612805209,0.4005490492083363,0.009372389511142781
18416.0,0.9060226210866015,0.08925948812381956,0.004717890789579044
17878.0,0.8512051041811884,0.13465575077114397,0.014139145047667678
17605.0,0.4141921670667161,0.17957815237007635,0.4062296805632076
17071.0,0.5129488537542958,0.06749573949053715,0.41955540675516706
17340.0,0.9244603922118311,0.06642341206294386,0.009116195725224962
18652.0,0.7560916033326092,0.1817219184712838,0.06218647819610697
18237.0,0.16975628759779374,0.29089305850898717,0.539350653893219
17966.0,0.9152601240309366,0.0791938773820354,0.005545998587027974
17416.0,0.8386008567534495,0.14348233320315404,0.017916810043396528
17691.0,0.20714991173921107,0.14463528046740728,0.6482148077933817
17265.0,0.922078177264256,0.07115610981327436,0.006765712922469595
16994.0,0.6815060050343286,0.11523112360800175,0.20326287135766982
18585.0,0.9274836474395621,0.06666746331166555,0.005848889248772382
17204.0,0.8209576668351749,0.14396343284580085,0.03507890031902427
17758.0,0.48337684243838724,0.4810359431311091,0.03558721443050366
17485.0,0.7680430728737943,0.21931285303128564,0.012644074094920124
18027.0,0.019236062725457772,0.14186835808243847,0.8388955791921037
18296.0,0.8330473128090077,0.15570770374916185,0.011244983441830482
18516.0,0.6277042175516265,0.2992352739323047,0.07306050851606871
17401.0,0.8487650465842543,0.14562770103188943,0.005607252383856353
17130.0,0.6280103891562772,0.2658499252117311,0.10613968563199164
17536.0,0.8422639475892818,0.08840309882267103,0.06933295358804717
17811.0,0.5717382470479373,0.0635409480505348,0.364720804901528
18357.0,0.7192029908828207,0.22865386437808402,0.05214314473909527
18086.0,0.2683856157756865,0.09398460335653608,0.6376297808677776
18691.0,0.013942666658125515,0.0243260976138627,0.9617312357280118
18448.0,0.2330294076388823,0.460870650839323,0.3060999415217948
17070.0,0.8376505419309174,0.03151982997248546,0.13082962809659723
17341.0,0.5150821396681866,0.07504499987054235,0.409872860461271
18146.0,0.16838686272960784,0.3422852455233661,0.4893278917470261
18417.0,0.4319387788978996,0.13898359700035742,0.429077624101743
17879.0,0.48360537342912663,0.05575891583739489,0.46063571073347837
17604.0,0.9432455944672307,0.05089329703941861,0.005861108493350706
18653.0,0.9221444024244425,0.07361587340630454,0.004239724169252992
17264.0,0.8047355753817257,0.1369333779467345,0.05833104667153974
16995.0,0.7051394632041054,0.2123705461268183,0.0824899906690763
18236.0,0.3168433462150547,0.6512598158126183,0.03189683797232699
17967.0,0.575969816585675,0.17907650133688313,0.24495368207744186
17417.0,0.15011230097969797,0.008310591641134867,0.8415771073791671
17690.0,0.13002251537893486,0.3622442571040862,0.507733227516979
17004.0,0.9237278615841786,0.06805070493055851,0.008221433485262856
17279.0,0.8080758536688617,0.1402529749094146,0.051671171421723595
17685.0,0.015869257534692312,0.029353540502078283,0.9547772019632295
17414.0,0.818124054203153,0.1551048384373266,0.026771107359520343
17952.0,0.6992397707735654,0.2715871068498022,0.029173122376632596
18227.0,0.7127307544672011,0.2034000445852459,0.08386920094755296
18642.0,0.3693911359079117,0.5015066565182414,0.12910220757384686
17330.0,0.7568321978674808,0.23623063678609796,0.006937165346421385
17057.0,0.7933661930267534,0.17700643530243587,0.02962737167081071
17611.0,0.0,0.026080141790901935,0.9739198582090981
17880.0,0.1362755115160572,0.15038336217580617,0.7133411263081367
18430.0,0.9109225737563492,0.07607249546404371,0.013004930779607127
18157.0,0.9463921192525235,0.04830246367586339,0.005305417071613055
18463.0,0.9294638155663186,0.06570804669376916,0.0048281377399123125
18700.0,0.4143845886248585,0.2852351369606813,0.30038027441446014
17125.0,0.0430762265181576,0.12721531349520304,0.8297084599866393
17398.0,0.7367947762489776,0.2163772196334683,0.046828004117554174
18089.0,0.017364942633816393,0.16424700614744295,0.8183880512187407
18362.0,0.8453107097507134,0.12530701063114197,0.02938227961814468
17820.0,0.09523022453920446,0.7450194099282026,0.15975036553259295
17551.0,0.3846078790198411,0.053014800042517435,0.5623773209376414
18523.0,0.7069951345354778,0.2542926363724182,0.0387122290921039
17211.0,0.15793008356758984,0.040485271728150966,0.8015846447042592
18295.0,0.8734788824733751,0.11504291623636408,0.011478201290260831
18020.0,0.6109233209862589,0.09506124563704751,0.2940154333766936
17474.0,0.18205871715259128,0.7428421721832187,0.07509911066419
17745.0,0.9292554053995571,0.06401412010660314,0.006730474493839653
18582.0,0.0688855407365684,0.06568208844986004,0.8654323708135716
17684.0,0.839102993479638,0.12823504778675743,0.03266195873360453
17415.0,0.44145183232821267,0.5252331229099673,0.033315044761820053
17953.0,0.42857122256015096,0.4931893733812863,0.07823940405856261
18226.0,0.36943767789678633,0.02642534061036496,0.6041369814928488
17005.0,0.8779615181888416,0.11583513375438549,0.006203348056772815
17278.0,0.7277491115049185,0.07344495317679181,0.19880593531828966
18643.0,0.9282862607787021,0.06595542284134905,0.005758316379948836
17610.0,0.5026008456130462,0.4284001118186848,0.06899904256826887
17881.0,0.9126096391663532,0.03496960792349874,0.05242075291014822
18431.0,0.36435170042241294,0.48557695777924764,0.1500713417983394
18156.0,0.04483910234478024,0.12657186208317658,0.8285890355720431
17331.0,0.9395391193763026,0.05405737249114316,0.00640350813255426
17056.0,0.7865710242222782,0.045425781513600334,0.16800319426412139
18462.0,0.028248085767961426,0.10447485187883132,0.8672770623532073
18701.0,0.536355135662723,0.35184043817189103,0.11180442616538591
18088.0,0.09309572058891116,0.7580973301005854,0.14880694931050326
18363.0,0.6162801681079556,0.31709828925760836,0.06662154263443608
17821.0,0.028732882397234812,0.5850809825808356,0.38618613502192956
17550.0,0.8136624659374178,0.17141291549329032,0.014924618569292026
17124.0,0.5666553484980734,0.17414421287099957,0.2592004386309269
17399.0,0.06539527944046611,0.6743387443174501,0.2602659762420838
18522.0,0.6418753266171514,0.07324928219361508,0.28487539118923344
18294.0,0.18259614109699104,0.7632966554694303,0.05410720343357873
18021.0,0.7243636602934113,0.22204515114889603,0.05359118855769271
17475.0,0.7519407786092515,0.2407286561911487,0.0073305651995999276
17744.0,0.27188537147720165,0.6520157116537721,0.0760989168690263
17210.0,0.021166757972347367,0.8919741849981085,0.08685905702954407
18583.0,0.3439281227695374,0.17131154185027808,0.4847603353801845
18640.0,0.9311618864755041,0.06351700743198511,0.005321106092510736
17277.0,0.6163309721003137,0.36570670161790514,0.01796232628178115
17006.0,0.938208938747456,0.05696837187972106,0.004822689372822907
17412.0,0.6057376333691971,0.04904966879744552,0.3452126978333574
17687.0,0.1488617116043169,0.6882568016365155,0.16288148675916764
18225.0,0.9233601558004573,0.07233916980498531,0.004300674394557352
17954.0,0.4777269513901311,0.18210765118386957,0.3401653974259993
18702.0,0.8635661669356224,0.12683646992606412,0.00959736313831348
18461.0,0.1324370252568991,0.791768557585514,0.07579441715758689
17059.0,0.11389419277441308,0.8150283550084229,0.07107745221716417
17328.0,0.47350566934382265,0.36539026147946424,0.1611040691767131
17882.0,0.12085455071570979,0.051376343852751645,0.8277691054315386
17609.0,0.6794333347992154,0.3083623163199381,0.012204348880846443
18159.0,0.13505144805718633,0.03236960786315433,0.8325789440796594
18428.0,0.07033601385285225,0.02999131568200843,0.8996726704651394
18521.0,0.9109770365984408,0.08345014388499104,0.005572819516568168
17396.0,0.8989701053059964,0.09454017696041807,0.006489717733585568
17127.0,0.9433707750734865,0.052755045664629525,0.003874179261883946
18360.0,0.77863237984321,0.2091865834117117,0.012181036745078247
18091.0,0.015071409975553587,0.037369298132038396,0.9475592918924081
17549.0,0.9268911341119939,0.0673494915661703,0.005759374321835835
17822.0,0.7636454838971386,0.07183756392531761,0.16451695217754372
18580.0,0.9443765380698186,0.05048601051972936,0.00513745141045207
17209.0,0.5432547009816358,0.3339565813096898,0.12278871770867447
18022.0,0.4056987042320075,0.15579653147297384,0.4385047642950187
18293.0,0.6976941003114178,0.2648266566220283,0.03747924306655387
17747.0,0.04406093150223167,0.013160351374124692,0.9427787171236437
17472.0,0.9186097154561984,0.07611487939453145,0.0052754051492701825
18641.0,0.303942379061759,0.5919465039522162,0.10411111698602477
17413.0,0.19167199305791693,0.6430344997923922,0.16529350714969085
17686.0,0.4806737801539665,0.09295366620319827,0.42637255364283516
18224.0,0.04576901223822251,0.7561803185338303,0.19805066922794723
17955.0,0.5808158279130918,0.40379999546195333,0.015384176624954886
17276.0,0.359535551974727,0.10249541958494535,0.5379690284403277
17007.0,0.6767879789917295,0.04491382901926052,0.27829819198900985
18703.0,0.2859706673781312,0.1683376982539941,0.5456916343678747
18460.0,0.533261101482837,0.14505566317583096,0.3216832353413321
17883.0,0.9102659280666497,0.08224698795873808,0.007487083974612171
17608.0,0.8587029831122025,0.1191950703593621,0.022101946528435366
18158.0,0.4822851675767895,0.4825775877085524,0.035137244714658
18429.0,0.7905582615710556,0.1595205777614051,0.049921160667539315
17058.0,0.4590038216155118,0.05050948186731494,0.4904866965171733
17329.0,0.5105949063548323,0.36175537018244147,0.1276497234627263
18520.0,0.4966070552312255,0.04628968780010446,0.45710325696867005
18361.0,0.4499018745541897,0.17130800518829895,0.37879012025751146
18090.0,0.8851617382388062,0.06355846874350464,0.05127979301768922
17548.0,0.5807602415110958,0.050787429540205625,0.3684523289486985
17823.0,0.4300339423422371,0.3729586076262532,0.1970074500315097
17397.0,0.02398634533447438,0.046873924663453935,0.9291397300020716
17126.0,0.2745516505608985,0.15026921553437403,0.5751791339047274
18581.0,0.16767079680962602,0.17520142446655362,0.6571277787238203
18023.0,0.7543909509059392,0.18137048541489048,0.06423856367917029
18292.0,0.1205674304785002,0.2449415149470954,0.6344910545744044
17746.0,0.6658588871276717,0.08274904887603188,0.25139206399629643
17473.0,0.683525213336382,0.10230980309023105,0.21416498357338676
17208.0,0.917557903002845,0.06254707163044754,0.01989502536670748
17334.0,0.5611127528782176,0.03899855941384804,0.3998886877079344
17061.0,0.8417724097175949,0.1408697226163138,0.017357867666091254
18426.0,0.6817767534295327,0.27591679326561686,0.042306453304850486
18153.0,0.4933821295876364,0.20703033341796337,0.29958753699440016
17615.0,0.4555673119254996,0.5109018287900934,0.033530859284407
17884.0,0.7530862480727547,0.20805813225630035,0.038855619670944946
18459.0,0.5576092944386322,0.42493449916206877,0.017456206399298978
18696.0,0.6245230920882208,0.361071912092796,0.014404995818983192
17000.0,0.4916211312030299,0.04292745467516665,0.46545141412180335
17275.0,0.7217339388817807,0.2107849089808557,0.06748115213736348
17956.0,0.6554218591660155,0.29053130389816434,0.05404683693582019
18231.0,0.9135688268418651,0.07826884222998297,0.008162330928151865
17681.0,0.937274211984236,0.05831580926291816,0.004409978752845913
17410.0,0.02558293099414914,0.34903160414903356,0.6253854648568172
18646.0,0.04787789695767779,0.8855667560856151,0.06655534695670713
17215.0,0.6120898180247516,0.08822689598911294,0.2996832859861355
17478.0,0.9348322776242155,0.05957933026099229,0.005588392114792277
17749.0,0.9133626284074644,0.08231534851058356,0.0043220230819520184
18291.0,0.8620633761218631,0.043471567859569196,0.0944650560185678
18016.0,0.3167485681646457,0.3046797018575166,0.3785717299778377
18578.0,0.5043159534063676,0.15303129768006435,0.3426527489135681
17121.0,0.15575899617415148,0.6723581124595932,0.17188289136625537
17394.0,0.2942550408059148,0.6584053629680398,0.04733959622604547
17816.0,0.6127777550658555,0.09521732042614901,0.2920049245079953
17547.0,0.8539712656688735,0.11597470053807915,0.03005403379304732
18093.0,0.08983698617368058,0.28133856652874334,0.6288244472975761
18366.0,0.8975853838490692,0.09519398436248386,0.007220631788447113
18527.0,0.8868159870052571,0.1079407435337656,0.0052432694609772755
18427.0,0.8485836418073938,0.13470031384823583,0.01671604434437049
18152.0,0.14344621217746906,0.1782848878571418,0.6782688999653892
17614.0,0.014241139559856836,0.03965421626727495,0.9461046441728682
17885.0,0.9368364534037057,0.05890485963962419,0.004258686956670066
17335.0,0.23690708839538796,0.25684933469191185,0.5062435769127002
17060.0,0.07585969837737502,0.8478092392351311,0.07633106238749383
18458.0,0.3924018204799555,0.4699395148371844,0.13765866468286025
18697.0,0.11467859003376692,0.45196141883042984,0.4333599911358032
17957.0,0.05118860025553135,0.09967743470732425,0.8491339650371444
18230.0,0.010374168514412418,0.0026330376940133043,0.9869927937915743
17680.0,0.9146361657573955,0.07937101368786986,0.0059928205547346855
17411.0,0.9228186288021061,0.07295628470355033,0.004225086494343589
17001.0,0.9314114261037696,0.06086743601398632,0.007721137882244183
17274.0,0.07760998879876292,0.22994768854563222,0.6924423226556049
18647.0,0.6609407348977928,0.21662589793848794,0.12243336716371929
17479.0,0.41399969780003126,0.4363241807797434,0.1496761214202254
17748.0,0.3957723974215051,0.19547844080818116,0.40874916177031373
18290.0,0.9326833546266805,0.06241915888594082,0.00489748648737876
18017.0,0.7899837233987731,0.18304548917697466,0.026970787424252237
17214.0,0.2507034302607612,0.13967933520307937,0.6096172345361595
18579.0,0.9338006143361717,0.05850772727042315,0.007691658393405207
17817.0,0.6383218063740902,0.3507968821466658,0.010881311479244066
17546.0,0.8191919385611622,0.13889374209436248,0.041914319344475336
18092.0,0.47184375707187187,0.3700291026585893,0.15812714026953878
18367.0,0.05308700826718559,0.12923408268199654,0.8176789090508179
17120.0,0.4893069875040196,0.1710200749201201,0.3396729375758604
17395.0,0.22975933809170393,0.16283550202206773,0.6074051598862283
18526.0,0.24488936675471046,0.17366967467153985,0.5814409585737498
18698.0,0.9089433072782817,0.08638499023584952,0.004671702485868765
18457.0,0.940698513041074,0.0538484312835857,0.00545305567534029
17063.0,0.9326073509084973,0.06030664230053689,0.00708600679096581
17332.0,0.6442908169930477,0.21038837655153,0.1453208064554223
18155.0,0.8926394591438129,0.09360457019716564,0.013755970659021432
18424.0,0.28550021755283445,0.07021485327550313,0.6442849291716626
17886.0,0.9228186288021061,0.07295628470355033,0.004225086494343589
17613.0,0.1542637328792456,0.7850713658963918,0.060664901224362584
18644.0,0.015869257534692312,0.029353540502078283,0.9547772019632295
17273.0,0.9526704557291797,0.040364479289470026,0.006965064981350158
17002.0,0.04626746433271355,0.5809989799901193,0.3727335556771672
18229.0,0.9255288867049482,0.07032945370072319,0.00414165959432863
17958.0,0.015071409975553587,0.037369298132038396,0.9475592918924081
17408.0,0.809633698811403,0.16627925912609126,0.02408704206250574
17683.0,0.8658704977905752,0.12395701542516825,0.010172486784256531
18576.0,0.930478383372132,0.06293120288030055,0.006590413747567475
17213.0,0.7788091611612323,0.19691766553416748,0.024273173304600194
17751.0,0.9035275169662655,0.08389693383159826,0.012575549202136277
17476.0,0.9098732663367717,0.08013654469370726,0.009990188969521124
18018.0,0.8639975576858839,0.1155523635829625,0.020450078731153738
18289.0,0.8468658650915871,0.13713501056558083,0.015999124342832193
18525.0,0.914194619629054,0.08056428423377103,0.005241096137175053
17392.0,0.9066907785666549,0.08854934592247338,0.004759875510871789
17123.0,0.04577006712860944,0.5742538156655236,0.379976117205867
17545.0,0.7019486929975253,0.05861425184831342,0.23943705515416125
17818.0,0.9018038833565495,0.08034605560117833,0.017850061042272176
18364.0,0.8230331536537056,0.1586093346053766,0.01835751174091787
18095.0,0.008486966581860435,0.05645955522043797,0.9350534781977016
18699.0,0.21962144727581978,0.1976665240348498,0.5827120286893304
18456.0,0.5713549089985901,0.37553648671279616,0.053108604288613706
18154.0,0.4851940759989959,0.3198976314769501,0.19490829252405412
18425.0,0.9637535830293176,0.030772958292673923,0.005473458678008532
17887.0,0.06421276317406938,0.18619079717114134,0.7495964396547893
17612.0,0.919889376211562,0.07566895653734673,0.00444166725109149
17062.0,0.06948596942822706,0.6748860143310569,0.25562801624071607
17333.0,0.929273920511416,0.06727061867358812,0.0034554608149959185
18645.0,0.13949531495373801,0.41958299956529355,0.44092168548096844
18228.0,0.4834462669845867,0.12160107286484553,0.39495266015056785
17959.0,0.5359817356942097,0.43017083692899527,0.033847427376794956
17409.0,0.8499560012573341,0.09293563250924058,0.0571083662334254
17682.0,0.4808968279106745,0.21653321656645574,0.30256995552286975
17272.0,0.13925412256909878,0.684206687553834,0.17653918987706724
17003.0,0.06909637578746974,0.5685311745265343,0.36237244968599597
18577.0,0.5014680944713253,0.46968401193570997,0.028847893592964628
17750.0,0.31750227884557597,0.42583008907924,0.256667632075184
17477.0,0.858294424291662,0.1364431880684425,0.005262387639895563
18019.0,0.6484466879983676,0.28450258672048895,0.06705072528114348
18288.0,0.2563986143173559,0.6423049977093206,0.10129638797332352
17212.0,0.8328898638925728,0.11821739193748965,0.04889274416993751
18524.0,0.9113215810422142,0.07116835419244681,0.01751006476533901
17544.0,0.3339734609360719,0.3361008589566904,0.32992568010723755
17819.0,0.8038584036172027,0.16895371546802573,0.027187880914771548
18365.0,0.8475602662886096,0.1105186581432733,0.041921075568117076
18094.0,0.30281748918336465,0.032611228903740075,0.6645712819128953
17393.0,0.2760394867411741,0.5612793053992466,0.1626812078595792
17122.0,0.4427603399005387,0.4290326683316243,0.12820699176783698
18498.0,0.024411280244733723,0.09888307506405146,0.8767056446912148
17148.0,0.014241139559856836,0.03965421626727495,0.9461046441728682
17391.0,0.08113145903039477,0.8258197931570527,0.09304874781255247
18096.0,0.737744353797858,0.23902149248778176,0.023234153714360346
18339.0,0.08018805993960026,0.1625984650448726,0.7572134750155272
17797.0,0.6429640146667712,0.32663082795446885,0.030405157378759963
17558.0,0.8805611288357946,0.11279822015858111,0.006640651005624184
18575.0,0.8699812161850411,0.12439533103648318,0.005623452778475711
17186.0,0.665389417895965,0.08458344056718795,0.250027141536847
18286.0,0.056617022115085174,0.8955843784899118,0.04779859939500311
18045.0,0.11782272264353966,0.38467752602924904,0.4974997513272114
17499.0,0.7000538822211991,0.1782775189705393,0.1216685988082616
17736.0,0.09774976804489827,0.114985304096266,0.7872649278588356
18635.0,0.6234064001373006,0.06979443951753557,0.3067991603451637
17013.0,0.44618779991498464,0.16291367249376876,0.3908985275912466
17254.0,0.3119501160311861,0.12799394777423273,0.5600559361945813
17676.0,0.07786295362691881,0.1878916315262929,0.7342454148467882
17439.0,0.7918005622133963,0.15241406839819188,0.05578536938841184
17977.0,0.9481474024624971,0.04528036585948526,0.006572231678017672
18218.0,0.1602174156693166,0.5518424916264206,0.2879400927042628
18438.0,0.81638816317573,0.16941307953877294,0.01419875728549698
18709.0,0.7150336153443682,0.23345168081410578,0.05151470384152598
17323.0,0.13200278449282643,0.7741870809957897,0.09381013451138387
17080.0,0.1053226343000947,0.8879610408570606,0.0067163248428446795
17618.0,0.571846816716611,0.08817112116558594,0.3399820621178031
17857.0,0.48992832906751227,0.16521058063742486,0.3448610902950628
18407.0,0.8023110213787006,0.14702746040412681,0.05066151821717258
18164.0,0.5742596349282387,0.3470510365479959,0.07868932852376549
18499.0,0.5739431363117352,0.38760100045178564,0.03845586323647925
18097.0,0.5029510298813532,0.32496697805516717,0.1720819920634795
18338.0,0.015071409975553587,0.037369298132038396,0.9475592918924081
17796.0,0.07855499922200597,0.8501290354319659,0.07131596534602805
17559.0,0.9190939840137722,0.05843160379777259,0.022474412188455167
17149.0,0.015071409975553587,0.037369298132038396,0.9475592918924081
17390.0,0.3640759574981183,0.43029478903462015,0.20562925346726155
18574.0,0.661722166012286,0.05029613376229555,0.2879817002254185
18287.0,0.9315377386239874,0.06272657465582958,0.005735686720183059
18044.0,0.5517565603965447,0.12272272914664048,0.32552071045681463
17498.0,0.5180746689170185,0.43607349553961067,0.04585183554337086
17737.0,0.7884823245313998,0.17331910217708643,0.03819857329151379
17187.0,0.14610728569990983,0.6754280981760036,0.17846461612408643
18634.0,0.9223313551373601,0.07060263087418109,0.007066013988458815
17677.0,0.6233349540438253,0.040284644181191806,0.3363804017749828
17438.0,0.40191697763986434,0.2139888033054811,0.3840942190546546
17976.0,0.8800651642082402,0.1134649622223647,0.00646987356939511
18219.0,0.8682480776169835,0.11696596851490772,0.01478595386810884
17012.0,0.7476332678077559,0.18726782387193452,0.06509890832030969
17255.0,0.21934531163840318,0.2986161664804276,0.4820385218811692
18439.0,0.39959872886938846,0.08947331947876112,0.5109279516518505
18708.0,0.22730640980508127,0.5572297496706651,0.21546384052425374
17619.0,0.12268780469984407,0.7592552904266727,0.11805690487348323
17856.0,0.847683067334419,0.13609744347329125,0.016219489192289747
18406.0,0.8829357539228471,0.10577181484776352,0.011292431229389452
18165.0,0.0200300696873393,0.14937562501724808,0.8305943052954126
17322.0,0.13162817616165945,0.7708590927971011,0.09751273104123943
17081.0,0.8384233884703567,0.1529643671536578,0.008612244375985564
17389.0,0.5308950319056835,0.3702722229174843,0.09883274517683217
17150.0,0.9268911341119939,0.0673494915661703,0.005759374321835835
18337.0,0.4484802524466642,0.4815722473035563,0.06994750024977942
18098.0,0.919602773946366,0.07120376383638605,0.009193462217247914
17556.0,0.7602696675639151,0.21788214846014226,0.021848183975942553
17799.0,0.5203408036106626,0.28083191824313114,0.1988272781462063
18496.0,0.03814466204927274,0.24176205677814538,0.7200932811725819
17184.0,0.021005293494688538,0.16188403380575542,0.8171106726995561
18047.0,0.8290181388298138,0.15136151360408678,0.019620347566099358
18284.0,0.8978709027864235,0.09670439529670465,0.005424701916871827
17738.0,0.9366895032250605,0.0588632828259787,0.004447213948960763
17497.0,0.9114833845294832,0.0819734110337071,0.006543204436809709
18573.0,0.6777351359693324,0.2511205199887951,0.07114434404187252
17252.0,0.1337013778930009,0.15393168761620793,0.7123669344907912
17015.0,0.34101308412163656,0.33521751980810277,0.3237693960702607
17437.0,0.9139942302818113,0.08118102494635139,0.004824744771837295
17678.0,0.29571511688042046,0.49686053164602767,0.20742435147355195
18216.0,0.9344581040460873,0.0605905146023019,0.004951381351610655
17979.0,0.6586578724792008,0.08453094192957197,0.2568111855912272
18633.0,0.813305266639459,0.18183552728302227,0.00485920607751872
17082.0,0.7030780838024857,0.1300100667324101,0.16691184946510418
17321.0,0.7266680440466385,0.235305930876679,0.038026025076682506
17859.0,0.4217589966021471,0.4502615168824827,0.12797948651537003
17616.0,0.7354898986876242,0.24120479426492633,0.023305307047449434
18166.0,0.09934152603402911,0.012747355842330275,0.8879111181236407
18405.0,0.8591937486894109,0.040270962446572536,0.10053528886401651
18711.0,0.7514802772594388,0.20887127069710654,0.03964845204345471
18436.0,0.7195701443916944,0.24682186077445534,0.033607994833850345
18336.0,0.6847611920087957,0.1590239554947209,0.15621485249648337
18099.0,0.2158621105249351,0.7693929390374145,0.014744950437650523
17557.0,0.31762482925961993,0.5989511585853876,0.08342401215499246
17798.0,0.4522500982814222,0.4665973043998338,0.08115259731874412
17388.0,0.8483854836338852,0.14686281955949682,0.0047516968066179605
17151.0,0.7184926237847384,0.09784242658298412,0.18366494963227742
18497.0,0.8337183743609522,0.15017249590568066,0.01610912973336705
18046.0,0.4217391971680912,0.42499455653815377,0.153266246293755
18285.0,0.8644081231493742,0.12477962039871197,0.01081225645191376
17739.0,0.3971083032766565,0.14180514515299125,0.46108655157035217
17496.0,0.49745056282553163,0.44867849089490264,0.053870946279565714
17185.0,0.8509218355738071,0.1381337871292194,0.010944377296973685
18572.0,0.620855499579731,0.28755462505968926,0.09158987536057968
17436.0,0.8965754542859884,0.08035363620578782,0.023070909508223908
17679.0,0.020702879759497528,0.06442866727590944,0.9148684529645931
18217.0,0.9135895123994499,0.0700237494607917,0.016386738139758484
17978.0,0.7605971258262936,0.07507193036320828,0.16433094381049818
17253.0,0.822591090685311,0.14881107759632461,0.028597831718364424
17014.0,0.4295711354557543,0.28109141249747055,0.2893374520467751
18632.0,0.9125924795675006,0.07802695778080401,0.009380562651695368
17858.0,0.6566073498141051,0.15254316045104113,0.1908494897348538
17617.0,0.27190218507844965,0.4715412659166585,0.2565565490048918
18167.0,0.1256929300598711,0.7477889496091813,0.12651812033094767
18404.0,0.056189112165139804,0.029436211311125733,0.9143746765237344
17083.0,0.5974113137870235,0.37783762214412825,0.02475106406884831
17320.0,0.31170440576203173,0.6404013073392187,0.0478942868987496
18710.0,0.6441224455323462,0.1726154583582012,0.18326209610945254
18437.0,0.6826120127316482,0.05523756021377543,0.2621504270545764
18571.0,0.035289481289991306,0.7577770892850509,0.20693342942495774
17190.0,0.14405391225994552,0.1748596361418414,0.681086451598213
17503.0,0.7919578629495101,0.1782766145507201,0.02976552249976976
17740.0,0.5196973178155669,0.10789976242816354,0.37240291975626966
18282.0,0.6232163105687523,0.3595432461975937,0.017240443233654024
18041.0,0.5532059226468425,0.4249212822294511,0.021872795123706407
18502.0,0.8016013904559128,0.18444174876002478,0.01395686078406228
17144.0,0.5278457835235089,0.1053488383192682,0.3668053781572229
17387.0,0.9320015649232453,0.06148471550580288,0.006513719570951919
17793.0,0.2010342048328411,0.5311923276258103,0.26777346754134856
17554.0,0.6291287104610251,0.1343929766146805,0.23647831292429433
18100.0,0.11130363895546715,0.6992677023758535,0.18942865866867947
18343.0,0.7416110128924652,0.1977469649047219,0.06064202220281289
18434.0,0.9037923581044185,0.09053450334387328,0.005673138551708287
18705.0,0.05771661295604714,0.21529576216476218,0.7269876248791907
17327.0,0.6620974991830946,0.03296899920144402,0.3049335016154614
17084.0,0.12683996445434279,0.8150365434382391,0.05812349210741807
18403.0,0.0,0.026080141790901935,0.9739198582090981
18160.0,0.8184611172045301,0.16310682274900792,0.01843206004646191
17622.0,0.38142846107359785,0.01400865714350097,0.6045628817829012
17861.0,0.7454809957420413,0.20388158901724399,0.050637415240714787
18639.0,0.8110204046280721,0.16104109047157464,0.0279385049003532
17009.0,0.5393147944578753,0.37925593444168115,0.08142927110044354
17250.0,0.803242171520304,0.18382313416026075,0.0129346943194353
17981.0,0.34339714391068304,0.6181643075240303,0.03843854856528668
18222.0,0.1504419033633771,0.782522286723607,0.06703580991301589
17672.0,0.11239226107707569,0.24622834023062012,0.6413793986923041
17435.0,0.2838653673979543,0.6717725491172643,0.04436208348478143
