18081.0,0.7558146656292299,0.21108887247302713,0.033096461897742936
18354.0,0.13173468116754983,0.648436791087872,0.21982852774457814
17812.0,0.674337365493359,0.07677962817077243,0.24888300633586868
17543.0,0.4969828381044206,0.11546188968904866,0.38755527220653074
17133.0,0.5578298211952675,0.31533579557335284,0.1268343832313797
17406.0,0.11739604044739836,0.7539721578892739,0.12863180166332774
18752.0,0.5827143620789756,0.37090292520397516,0.04638271271704919
18515.0,0.7855366282750593,0.18707828147879296,0.02738509024614774
18303.0,0.23888894912872596,0.6404219092868877,0.12068914158438637
18028.0,0.09586354690712677,0.04125372286055824,0.862882730232315
17482.0,0.1597950639813353,0.2470195113618165,0.5931854246568482
17753.0,0.6517504796487686,0.2693799695091738,0.07886955084205749
17203.0,0.7825131554297018,0.17260168968957368,0.044885154880724684
18590.0,0.7912121926021277,0.18020429061389023,0.02858351678398203
17693.0,0.9047783753156464,0.07394666018969244,0.021274964494661076
17422.0,0.04395943289501307,0.11739880235855847,0.8386417647464284
17960.0,0.7410602989447965,0.058828886051653546,0.20011081500354988
18235.0,0.7285065093389834,0.16262056658009277,0.10887292408092374
16996.0,0.8272001639504027,0.15244162794193705,0.02035820810766021
17271.0,0.871517141330163,0.08550807845159164,0.04297478021824527
18650.0,0.7621929366241874,0.19865111522959586,0.039155948146216764
17603.0,0.738075006733659,0.22473139358468203,0.037193599681659015
17872.0,0.872569916100381,0.11437838680743669,0.013051697092182181
18422.0,0.8390083519937827,0.14594576177031762,0.01504588623589957
18149.0,0.2698815399770712,0.6590414585082914,0.07107700151463743
17338.0,0.03862723017857053,0.16758046974947152,0.793792300071958
17065.0,0.600283013547999,0.2856981260968749,0.11401886035512611
18455.0,0.9088615508372226,0.07887124112367844,0.012267208039098974
18692.0,0.24044510859507132,0.021329072890580607,0.7382258185143481
17132.0,0.027587640610366115,0.07981062662188462,0.8926017327677493
17407.0,0.021514378716596165,0.07631257373862449,0.9021730475447793
18080.0,0.6029241655426539,0.23613406659225816,0.16094176786508776
18355.0,0.10953206320926821,0.6133679683909887,0.2770999683997432
17813.0,0.25185416743433436,0.5794780612973578,0.16866777126830768
17542.0,0.14367775169073757,0.6071441086778342,0.2491781396314283
18514.0,0.31995718881689167,0.4100033241016874,0.270039487081421
17202.0,0.6055702250909537,0.24371693682144052,0.15071283808760577
18302.0,0.8173068169597825,0.1627334260001671,0.01995975704005054
18029.0,0.8147731636905855,0.16409615808863318,0.021130678220781157
17483.0,0.22080478742115478,0.682235179877163,0.0969600327016821
17752.0,0.3507099121510216,0.07209455621556045,0.577195531633418
18591.0,0.577188171404493,0.09137048440612805,0.33144134418937904
16997.0,0.8309084986312192,0.10657642895430185,0.0625150724144791
17270.0,0.8359005657140236,0.14658167305610334,0.017517761229872864
17692.0,0.8236904154252908,0.13453620137080766,0.04177338320390163
17423.0,0.1989771150892223,0.19694588903852703,0.6040769958722506
17961.0,0.8138098216432115,0.16371626141370454,0.022473916943083917
18234.0,0.5745578404979195,0.38741266413628195,0.03802949536579855
18651.0,0.17249915557053835,0.7419055987249659,0.08559524570449573
17339.0,0.8216935834562006,0.1289451288615699,0.04936128768222948
17064.0,0.7940644796669919,0.17796313339698946,0.027972386936018705
17602.0,0.5661440905096877,0.19710526418299107,0.2367506453073211
17873.0,0.8230612198011394,0.14962351268417756,0.02731526751468288
18423.0,0.027379042154065492,0.10403231271854257,0.868588645127392
18148.0,0.7733305080392283,0.06922450440717565,0.1574449875535961
18454.0,0.563519344145068,0.2919835479810898,0.14449710787384223
18693.0,0.7549566016684105,0.15555537352620488,0.08948802480538474
18513.0,0.023738622388390293,0.06552789238382123,0.9107334852277884
18352.0,0.7403539835241623,0.20179121144891354,0.05785480502692428
18083.0,0.012474737387961362,0.03797338649607514,0.9495518761159635
17541.0,0.8317043960947724,0.14909481861236015,0.019200785292867426
17814.0,0.6216961732466925,0.33942692043333705,0.03887690631997043
17404.0,0.8138527961875281,0.13852094615608207,0.047626257656389746
17135.0,0.63097393442378,0.1236711874951757,0.24535487808104425
18588.0,0.7885013792504619,0.176898512708861,0.034600108040677084
18030.0,0.2618850594689288,0.059359000549744904,0.6787559399813262
18301.0,0.6897811116908404,0.09778645788534081,0.2124324304238187
17755.0,0.2674830154686359,0.3686992018039232,0.3638177827274409
17480.0,0.5481929610213608,0.07706433718935451,0.37474270178928465
17201.0,0.8449703012347207,0.1338026284798454,0.021227070285433917
18648.0,0.7987718180534503,0.17439943535469082,0.026828746591858733
17420.0,0.11402103623052899,0.20775666880926294,0.678222294960208
17695.0,0.8032893644752702,0.17768050287550027,0.019030132649229536
18233.0,0.8730425926733483,0.10516321353027035,0.02179419379638135
17962.0,0.7986117498124015,0.17507563765775877,0.02631261252983981
17269.0,0.269852983971673,0.6840979907996133,0.04604902522871365
16998.0,0.13764036364458687,0.43037770589341534,0.4319819304619978
18694.0,0.7393494859665519,0.07843514156446987,0.18221537246897823
18453.0,0.8537207004677693,0.13151644355069741,0.014762855981533153
17874.0,0.8272001639504027,0.15244162794193705,0.02035820810766021
17601.0,0.7254724359161099,0.20258510047243428,0.07194246361145593
18151.0,0.9053523874984132,0.07874535994771537,0.015902252553871437
18420.0,0.26420222465094956,0.05903173003359364,0.6767660453154569
17067.0,0.018575358975088475,0.06569957667552784,0.9157250643493837
17336.0,0.5725786621988006,0.3629832965494039,0.06443804125179547
18512.0,0.261675853121524,0.6786797470275998,0.05964439985087623
17405.0,0.7592453940737278,0.19310276291891176,0.04765184300736052
17134.0,0.42641728320425865,0.31112130613447303,0.2624614106612684
18353.0,0.7533041834204957,0.20445412334062502,0.04224169323887924
18082.0,0.5516427981816374,0.24439400073672135,0.20396320108164137
17540.0,0.7017195097515778,0.0854096042845949,0.21287088596382736
17815.0,0.8317043960947724,0.14909481861236015,0.019200785292867426
18589.0,0.27724716632712215,0.16834724978826943,0.5544055838846084
17200.0,0.021028547309043272,0.06606131533357476,0.912910137357382
18031.0,0.8458887225241686,0.13653835154114893,0.017572925934682435
18300.0,0.7132998860099292,0.1966656369020618,0.09003447708800891
17754.0,0.5098780095303646,0.24626434542643694,0.24385764504319846
17481.0,0.009341699423973346,0.029933595464615995,0.9607247051114107
18649.0,0.03731173417874622,0.17564901760301732,0.7870392482182363
17268.0,0.8075550419854539,0.1563172200694461,0.03612773794510004
16999.0,0.7504243869546422,0.21753134665849866,0.03204426638685915
17421.0,0.8404685372592915,0.12937100171477298,0.03016046102593545
17694.0,0.6484897558405848,0.09534072596162729,0.25616951819778805
18232.0,0.8495639644494061,0.135044117433541,0.015391918117052915
17963.0,0.8411178434226518,0.13695462831167057,0.021927528265677464
18695.0,0.8163667327382044,0.1662101758826582,0.017423091379137563
18452.0,0.8245995107924441,0.12678832419990538,0.0486121650076504
17066.0,0.7702123082941214,0.19140167984955675,0.03838601185632188
17337.0,0.41558778062934076,0.07629486161756051,0.5081173577530987
17875.0,0.46532884946199726,0.12260367178268189,0.4120674787553209
17600.0,0.7781560942095803,0.07266204894007643,0.14918185685034333
18150.0,0.11074821388211024,0.42291275368149844,0.46633903243639135
18421.0,0.14394493360043537,0.7028782005678187,0.1531768658317461
17486.0,0.8984847560978967,0.07970801843883496,0.02180722546326832
17757.0,0.02724722618622215,0.09702271788971796,0.8757300559240598
18299.0,0.7839755864577781,0.19011671454096316,0.02590769900125861
18024.0,0.6595586236044251,0.08867847378683183,0.25176290260874323
17207.0,0.8032893644752702,0.17768050287550027,0.019030132649229536
18586.0,0.676759364204864,0.28678383263550833,0.03645680315962764
17808.0,0.8645566972666916,0.09802358422768262,0.03741971850562575
17539.0,0.09901767474129754,0.040203421661533366,0.8607789035971692
18085.0,0.3461488989073311,0.4182813999510373,0.2355697011416315
18358.0,0.8295493302058826,0.13832333993077367,0.032127329863343816
17129.0,0.7624934406213881,0.20160633382363335,0.03590022555497862
17402.0,0.11393217235320524,0.6762025457514691,0.20986528189532577
18519.0,0.7557160832119946,0.22486708314102238,0.0194168336469831
18418.0,0.8130438067077471,0.16940372546962823,0.01755246782262462
18145.0,0.4087677605005656,0.08276790479145263,0.5084643347079818
17607.0,0.2862647615460456,0.6063828003145934,0.10735243813936099
17876.0,0.8023708615602085,0.16775570763214584,0.029873430807645658
17342.0,0.7487445140230972,0.06712039144068845,0.1841350945362144
17069.0,0.8567227753966095,0.124245787405583,0.019031437197807605
18451.0,0.24368071953283066,0.054707328157215324,0.701611952309954
18688.0,0.6368246182588553,0.2892325273903906,0.07394285435075407
17964.0,0.31076487031250893,0.036183169462505625,0.6530519602249854
18239.0,0.40534570206755743,0.05068250214281096,0.5439717957896317
17689.0,0.2290187834287929,0.6421884976451651,0.12879271892604213
17418.0,0.11199401111183058,0.6875573557208171,0.20044863316735248
16992.0,0.26880255888471555,0.5769047541445022,0.15429268697078244
17267.0,0.14280246726132842,0.7519554305959426,0.10524210214272899
18654.0,0.42790524717706346,0.112628069669453,0.45946668315348344
17206.0,0.8120887679264208,0.16881513988321398,0.01909609219036523
17487.0,0.8758914950291448,0.1097546654446609,0.01435383952619437
17756.0,0.5584562176636976,0.37215812601282355,0.06938565632347883
18298.0,0.5350894850414466,0.23663423885193952,0.228276276106614
18025.0,0.8271499815593094,0.14972039015891453,0.023129628281775935
18587.0,0.8667700624508548,0.11524051174201398,0.01798942580713128
17128.0,0.8545636864903005,0.127592405295964,0.0178439082137356
17403.0,0.36044486528739683,0.12992015717615404,0.509634977536449
17809.0,0.22641471748260933,0.26122981877308044,0.5123554637443103
17538.0,0.8458887225241686,0.13653835154114893,0.017572925934682435
18084.0,0.49742018962258094,0.17379468947524954,0.32878512090216955
18359.0,0.8612193557557736,0.09657352950054342,0.042207114743683126
18518.0,0.7149903628392733,0.19314189578840685,0.09186774137231973
17343.0,0.8434430858335286,0.12883340428119072,0.0277235098852806
17068.0,0.7690286175131635,0.2108816422020181,0.020089740284818487
18419.0,0.6765934642493205,0.23375700285488382,0.08964953289579565
18144.0,0.6850070855468245,0.26635540755534903,0.04863750689782641
17606.0,0.09063331366465294,0.5677963365807706,0.34157034975457634
17877.0,0.6374804764520724,0.2135148961587703,0.14900462738915718
18450.0,0.6245393261909584,0.32313186085945234,0.052328812949589146
18689.0,0.8007261657281426,0.17264547562459723,0.0266283586472601
16993.0,0.010873583058176277,0.04156257553671303,0.9475638414051107
17266.0,0.7598672183414895,0.21906136633349443,0.021071415325016156
17965.0,0.7512886259018602,0.17634959051175103,0.0723617835863888
18238.0,0.8308331683064074,0.14819916596839544,0.020967665725197128
17688.0,0.7767812000502826,0.16981355322454758,0.05340524672516971
17419.0,0.6985435208845447,0.1400165689324766,0.16143991018297854
18655.0,0.3566268823974732,0.4258474109227576,0.21752570667976925
18584.0,0.7234942597805708,0.23235858699342185,0.04414715322600744
17759.0,0.15637770727079237,0.7408935148276808,0.10272877790152696
17484.0,0.8183915078647825,0.16384023520388888,0.017768256931328618
18026.0,0.07972641715256042,0.68199834351018,0.23827523933725966
18297.0,0.8779699306011911,0.03247581026095041,0.08955425913785862
17205.0,0.8381789481582825,0.14531237655780332,0.01650867528391406
18517.0,0.40831543673514376,0.5393974509378987,0.05228711232695736
17537.0,0.4608499277237718,0.2772509467817924,0.2618991254944357
17810.0,0.6538916743697986,0.24520031205042098,0.10090801357978041
18356.0,0.2965221349151992,0.6592694755840415,0.044208389500759455
18087.0,0.7524466199291967,0.2040391792563693,0.04351420081443391
17400.0,0.8957004182543356,0.08155565121834298,0.022743930527321383
17131.0,0.03866110207354636,0.8023836928090244,0.15895520511742914
18690.0,0.4753573285534505,0.4773593092244025,0.04728336222214697
18449.0,0.03562112374649011,0.5687978913423181,0.39558098491119187
18147.0,0.7501214748389431,0.19638344319489257,0.05349508196616427
18416.0,0.7735718246385083,0.19577949438687525,0.030648680974616448
17878.0,0.6183003849846976,0.26905134959446403,0.11264826542083833
17605.0,0.8173767529143039,0.1555063238218123,0.027116923263883805
17071.0,0.4462064676021382,0.10234898380096957,0.45144454859689215
17340.0,0.7933565299331278,0.1691202989621438,0.03752317110472839
18652.0,0.7550474088353151,0.2105752457381247,0.03437734542656027
18237.0,0.06164426848105441,0.2802673268332586,0.658088404685687
17966.0,0.8310543819586057,0.14848854164402484,0.02045707639736953
17416.0,0.7903735006459497,0.13738515477239258,0.07224134458165754
17691.0,0.5476046294081349,0.09227977728278298,0.36011559330908205
17265.0,0.8023708615602085,0.16775570763214584,0.029873430807645658
16994.0,0.6457110688199006,0.11502366106412447,0.23926527011597493
18585.0,0.7983661675873895,0.1770159630029428,0.02461786940966763
17204.0,0.8429619188450332,0.12689537193914432,0.030142709215822485
17758.0,0.35847880051795133,0.6057924480459002,0.03572875143614852
17485.0,0.8190613159102851,0.15831462341264668,0.02262406067706812
18027.0,0.07392369158199026,0.4535254415868351,0.47255086683117464
18296.0,0.8149170645622227,0.16747250210604306,0.017610433331734357
18516.0,0.5415526936496072,0.2713501582663535,0.18709714808403938
17401.0,0.7613545702972866,0.19402426247783633,0.04462116722487709
17130.0,0.7696616882367717,0.19881753488248516,0.0315207768807431
17536.0,0.7333587342829931,0.08817678471184698,0.1784644810051599
17811.0,0.11605760530391,0.04354685565061963,0.8403955390454703
18357.0,0.8142577194934683,0.14269612753513555,0.043046152971396155
18086.0,0.35700922958858344,0.27298092045065997,0.37000984996075653
18691.0,0.01187612690646888,0.12344998749161237,0.8646738856019187
18448.0,0.04584602684076534,0.30753460578189884,0.6466193673773359
17070.0,0.7446661470868421,0.09305863188288488,0.16227522103027311
17341.0,0.8139339801116899,0.16732381677835556,0.01874220310995458
18146.0,0.005311649706950008,0.7486505284186841,0.24603782187436601
18417.0,0.2610285946696908,0.6523579627951392,0.08661344253516993
17879.0,0.2663212662261043,0.06119802929967831,0.6724807044742174
17604.0,0.8632504873194543,0.10444735357883983,0.032302159101705835
18653.0,0.8139339801116899,0.16732381677835556,0.01874220310995458
17264.0,0.8026121716370114,0.15884095876545473,0.038546869597534
16995.0,0.573909024302915,0.3777130271340351,0.04837794856304981
18236.0,0.7468810615010987,0.22538814351650904,0.02773079498239232
17967.0,0.6586806363815966,0.2319712724152353,0.10934809120316814
17417.0,0.10548565725797102,0.03325207745729867,0.8612622652847304
17690.0,0.46044200607372215,0.37728927863103845,0.16226871529523937
17004.0,0.7920221860073257,0.15682978944046397,0.05114802455221025
17279.0,0.8900070408457343,0.09718395273841232,0.012809006415853476
17685.0,0.03272433408289161,0.09400368708086972,0.8732719788362386
17414.0,0.8136373072646571,0.1151554901293891,0.0712072026059538
17952.0,0.6706509946926955,0.14048499310180218,0.1888640122055022
18227.0,0.8369351146122201,0.11749958624930547,0.04556529913847454
18642.0,0.043726584447719805,0.6958973519438039,0.2603760636084763
17330.0,0.7791358871776233,0.19891243827204924,0.02195167455032748
17057.0,0.8232771601020537,0.1622119684757573,0.014510871422189053
17611.0,0.024714336254891004,0.10647699528104379,0.8688086684640651
17880.0,0.0938281856096839,0.38115363101907485,0.5250181833712413
18430.0,0.7967597196865077,0.17144756346321083,0.03179271685028146
18157.0,0.8241350368476866,0.14226119731973863,0.03360376583257476
18463.0,0.8033687344169803,0.17094786959449615,0.02568339598852366
18700.0,0.7540037046688989,0.19654431355389498,0.049451981777206125
17125.0,0.08947511490098507,0.3006810162210179,0.6098438688779971
17398.0,0.7855366282750593,0.18707828147879296,0.02738509024614774
18089.0,0.02165238824340115,0.12749071886588012,0.8508568928907189
18362.0,0.7907364433107188,0.1826286262704599,0.02663493041882118
17820.0,0.2600698239139592,0.6905179770630024,0.04941219902303821
17551.0,0.43463164169784946,0.10509025341454134,0.4602781048876091
18523.0,0.8175821402431851,0.15489477193732498,0.02752308781948984
17211.0,0.028641158907614064,0.01186071834115765,0.9594981227512284
18295.0,0.7801096783448568,0.19158185767259658,0.02830846398254657
18020.0,0.7066969240684657,0.06392424547392239,0.22937883045761184
17474.0,0.13561489255972833,0.7232794202840062,0.14110568715626554
17745.0,0.864600200412134,0.11131515111626027,0.02408464847160576
18582.0,0.02465849639938631,0.09580206680805432,0.8795394367925594
17684.0,0.7668983637391119,0.18285091723541785,0.05025071902547036
17415.0,0.567661735625213,0.38062570012786195,0.051712564246924914
17953.0,0.4950915140646813,0.4272686119743559,0.07763987396096271
18226.0,0.31068048514393065,0.06521028670782056,0.6241092281482488
17005.0,0.8183915078647825,0.16384023520388888,0.017768256931328618
17278.0,0.6942691686185756,0.06641096936664227,0.23931986201478211
18643.0,0.8317043960947724,0.14909481861236015,0.019200785292867426
17610.0,0.1952002737634289,0.6869157066429697,0.11788401959360129
17881.0,0.7924916124662336,0.1873590299091802,0.020149357624586344
18431.0,0.21002810895313254,0.6710249127244983,0.11894697832236914
18156.0,0.01030041044775189,0.04475040073844194,0.9449491888138062
17331.0,0.8449101270468643,0.1293634837127211,0.025726389240414434
17056.0,0.7328703263514658,0.07330610452939258,0.1938235691191418
18462.0,0.05839291950029958,0.17716130505836702,0.7644457754413333
18701.0,0.6000925033596877,0.34743622364152954,0.05247127299878283
18088.0,0.23950058261036677,0.7150113677110806,0.04548804967855271
18363.0,0.7282087592748899,0.20484206041708902,0.0669491803080212
17821.0,0.07553072745377833,0.6550981169754219,0.2693711555707998
17550.0,0.8423561639600935,0.1369411042657746,0.0207027317741317
17124.0,0.06479041848211278,0.3692448874867893,0.565964694031098
17399.0,0.1909135280931551,0.7067531680785406,0.10233330382830437
18522.0,0.3777281347829341,0.09382207960928235,0.5284497856077836
18294.0,0.3213975278197114,0.6396164147675153,0.03898605741277329
18021.0,0.7659357813937129,0.17713258818022964,0.05693163042605757
17475.0,0.7656408999201246,0.20413115409585103,0.030227945984024285
17744.0,0.1828316812807014,0.5551080616520647,0.26206025706723385
17210.0,0.12635530457993782,0.7853085586972989,0.08833613672276325
18583.0,0.057367830851267815,0.17654322386002813,0.7660889452887041
18640.0,0.7979215536990744,0.1771972905326854,0.024881155768240255
17277.0,0.7538450632685265,0.21009427735290845,0.03606065937856505
17006.0,0.8183915078647825,0.16384023520388888,0.017768256931328618
17412.0,0.37170315810849186,0.07668453685897399,0.5516123050325341
17687.0,0.16057722189910664,0.5784269800675053,0.260995798033388
18225.0,0.8588376347401232,0.12552452160293767,0.01563784365693912
17954.0,0.3767328671714222,0.166779889366707,0.45648724346187086
18702.0,0.8220109463568532,0.15633800188592775,0.021651051757218907
18461.0,0.20666387510544332,0.7416086894974353,0.05172743539712138
17059.0,0.06467773722380991,0.7205206682475309,0.21480159452865927
17328.0,0.10167772390811497,0.6086021503912219,0.289720125700663
17882.0,0.2201048797828407,0.07840235251797997,0.7014927676991795
17609.0,0.809579181834791,0.1626771222962541,0.027743695868954886
18159.0,0.029869138165223165,0.012861811963396318,0.9572690498713805
18428.0,0.6049806123732003,0.26168476979678545,0.13333461783001438
18521.0,0.7983661675873895,0.1770159630029428,0.02461786940966763
17396.0,0.7983938553606001,0.17363999347764997,0.02796615116174978
17127.0,0.849968458350345,0.1264516616802151,0.023579879969439874
18360.0,0.707750679275128,0.22362311509153124,0.06862620563334085
18091.0,0.04389776453273094,0.17686028789131839,0.7792419475759506
17549.0,0.7983661675873895,0.1770159630029428,0.02461786940966763
17822.0,0.6533001118140565,0.09316854451328382,0.2535313436726596
18580.0,0.8639509523977422,0.11805242246831166,0.01799662513394614
17209.0,0.1537160058519838,0.5481984630182346,0.2980855311297816
18022.0,0.892464974804837,0.08921790153705929,0.01831712365810354
18293.0,0.8029178003377686,0.15905990859609218,0.03802229106613909
17747.0,0.7162921049594765,0.07408890408298568,0.20961899095753778
17472.0,0.850924311487927,0.1288634715823999,0.02021221692967315
18641.0,0.3405992851855272,0.4255986599611115,0.23380205485336125
17413.0,0.04338281197963387,0.7887892448535472,0.16782794316681907
17686.0,0.42256717383905174,0.10757537939830467,0.46985744676264357
18224.0,0.12834690043261232,0.6627747139858797,0.208878385581508
17955.0,0.6219113000035146,0.294278334385956,0.08381036561052942
17276.0,0.6361359329526884,0.1078963337405174,0.2559677333067942
17007.0,0.9100531732072422,0.07877827385871268,0.011168552934045043
18703.0,0.15260982505913895,0.6153639680388742,0.2320262069019869
18460.0,0.3462952798702634,0.10582429843623713,0.5478804216934996
17883.0,0.7821527444313082,0.16932562814937227,0.04852162741931941
17608.0,0.8340395933555461,0.14546905509145874,0.02049135155299515
18158.0,0.5956893559082543,0.35877805257774353,0.04553259151400207
18429.0,0.7479557929871156,0.1660694563904283,0.08597475062245626
17058.0,0.7393494859665519,0.07843514156446987,0.18221537246897823
17329.0,0.747771652735194,0.2100354243596931,0.042192922905112853
18520.0,0.4889459908506014,0.08235270934113788,0.4287012998082607
18361.0,0.04272903572432678,0.10465594536210397,0.8526150189135694
18090.0,0.7863551779583454,0.0942135292178423,0.1194312928238123
17548.0,0.8447879339064966,0.04117243557627885,0.11403963051722443
17823.0,0.5628143941109589,0.33821821283751585,0.0989673930515252
17397.0,0.08223601397715358,0.25853115337922355,0.659232832643623
17126.0,0.16512770049153755,0.2655035548712063,0.5693687446372563
18581.0,0.021702334400216915,0.14180173807093865,0.8364959275288443
18023.0,0.7977643401468099,0.17578342407181632,0.026452235781373745
18292.0,0.6516241802009151,0.10810053379312266,0.2402752860059623
17746.0,0.14985706029295734,0.046749738681559495,0.8033932010254831
17473.0,0.7189544927722687,0.07190996562535093,0.20913554160238015
17208.0,0.8522835662811777,0.11612684795497938,0.03158958576384288
17334.0,0.389948949596477,0.06440957018414656,0.5456414802193765
17061.0,0.8148451438432344,0.12327542149152626,0.06187943466523939
18426.0,0.5794310951919167,0.24826018511048514,0.1723087196975982
18153.0,0.7445749735046052,0.09604467005803827,0.15938035643735649
17615.0,0.6921899785049797,0.26618647540669305,0.04162354608832719
17884.0,0.5490162668968134,0.3464650025751099,0.10451873052807673
18459.0,0.773406288928066,0.1654260357045956,0.06116767536733838
18696.0,0.7936762375389402,0.18651984937797972,0.019803913083080184
17000.0,0.5646960239995467,0.0767991618254533,0.3585048141750001
17275.0,0.742203966610844,0.19335379230834276,0.06444224108081333
17956.0,0.630249932321308,0.31664467754772957,0.053105390130962306
18231.0,0.7815892298573162,0.17067552256730967,0.047735247575374104
17681.0,0.8381789481582825,0.14531237655780332,0.01650867528391406
17410.0,0.059228954714932,0.27570779159204295,0.6650632536930251
18646.0,0.12263589861761906,0.6926212896893036,0.1847428116930772
17215.0,0.6569239536591848,0.1626694803748749,0.18040656596594032
17478.0,0.8341567236172142,0.15279472462705343,0.013048551755732496
17749.0,0.8104134714261113,0.16671484229140213,0.022871686282486665
18291.0,0.8723569614128017,0.11184127024619617,0.015801768341002054
18016.0,0.6843973503425417,0.2602494812706234,0.05535316838683482
18578.0,0.5746312836241928,0.08437064870111359,0.3409980676746936
17121.0,0.18302600915481676,0.6567039179513118,0.16027007289387155
17394.0,0.42659324834082807,0.46390145396156945,0.10950529769760238
17816.0,0.4928718016220775,0.11326632491303254,0.39386187346489
17547.0,0.9038855747530068,0.07738794241440985,0.01872648283258333
18093.0,0.6876346281945356,0.08603409814020188,0.22633127366526262
18366.0,0.8166578243303395,0.15881994048671738,0.024522235182942966
18527.0,0.7898204551734925,0.19114860249888868,0.019030942327618875
18427.0,0.7960426964823908,0.17917147155765714,0.024785831959952147
18152.0,0.09938328790248593,0.060880795898745746,0.8397359161987683
17614.0,0.01998516057862074,0.06605018968005952,0.9139646497413197
17885.0,0.849623205886375,0.13093926876559514,0.01943752534802985
17335.0,0.11066053770290679,0.15698411008806698,0.7323553522090263
17060.0,0.09878313255221893,0.7513902942386018,0.14982657320917922
18458.0,0.6008424473651387,0.3075592118318755,0.0915983408029857
18697.0,0.20842419843519014,0.4297826555244875,0.3617931460403223
17957.0,0.10968269078442973,0.4539539202576988,0.4363633889578714
18230.0,0.12726589668650637,0.05308844888198289,0.8196456544315107
17680.0,0.7845571016015735,0.17863200440659813,0.03681089399182822
17411.0,0.7971425171182639,0.1807720678637801,0.022085415017956148
17001.0,0.8763808455347736,0.10694453295847745,0.016674621506749032
17274.0,0.022995760921508207,0.09147756280594112,0.8855266762725507
18647.0,0.7641808345742257,0.19439414135843422,0.04142502406734013
17479.0,0.05955860119487584,0.16044619516527797,0.7799952036398461
17748.0,0.13214332599504613,0.3071816549548049,0.5606750190501489
18290.0,0.8573522227699535,0.12903221429680278,0.013615562933243596
18017.0,0.7661368904385395,0.18601666917797446,0.047846440383485934
17214.0,0.19808649142124193,0.101223345314605,0.700690163264153
18579.0,0.8313377317745525,0.15177757968557887,0.0168846885398685
17817.0,0.3820932182799491,0.5222332677147161,0.09567351400533465
17546.0,0.7073700229319271,0.164008749391019,0.1286212276770539
18092.0,0.29908863025819166,0.6044917509763152,0.09641961876549306
18367.0,0.005462787159374342,0.062262776794863646,0.932274436045762
17120.0,0.6606026326066606,0.07247079644071219,0.26692657095262723
17395.0,0.3432472348867989,0.2868949746164601,0.36985779049674117
18526.0,0.4575385176298717,0.09532455880713513,0.44713692356299317
18698.0,0.7960099825479275,0.17807503431301958,0.02591498313905285
18457.0,0.8464055129680368,0.12246562384193693,0.031128863190026147
17063.0,0.8877583798384214,0.08584814251611897,0.026393477645459493
17332.0,0.6374342312367379,0.2780103411996333,0.08455542756362872
18155.0,0.9022603778393067,0.07738995620631045,0.020349665954382982
18424.0,0.1631134611148943,0.03369227106986444,0.8031942678152414
17886.0,0.7971425171182639,0.1807720678637801,0.022085415017956148
17613.0,0.14031652100674732,0.7471291276401872,0.11255435135306541
18644.0,0.04254969281554144,0.10905340271113545,0.8483969044733232
17273.0,0.9034230616166665,0.07946987037445855,0.01710706800887489
17002.0,0.18052814742863216,0.6749709810108594,0.14450087156050856
18229.0,0.8159037372648018,0.1324964610743807,0.05159980166081739
17958.0,0.03158374437954666,0.11466722221491399,0.8537490334055393
17408.0,0.7650965882124657,0.20757024558310755,0.027333166204426655
17683.0,0.8349371744652314,0.14451181686892647,0.02055100866584222
18576.0,0.8752550443993021,0.10876072928635856,0.015984226314339354
17213.0,0.8058768316741285,0.15975158619617974,0.03437158212969167
17751.0,0.8261355524363425,0.14932902436409762,0.024535423199559814
17476.0,0.7996474324778939,0.16285744298488308,0.037495124537223035
18018.0,0.6961997870498057,0.24392760100602953,0.05987261194416469
18289.0,0.6931362757258521,0.2713077927668539,0.03555593150729387
18525.0,0.8032893644752702,0.17768050287550027,0.019030132649229536
17392.0,0.8230090233398957,0.15956364616310542,0.01742733049699894
17123.0,0.08455117620713595,0.6541817399309962,0.2612670838618679
17545.0,0.7107972090933466,0.08959740196872042,0.19960538893793298
17818.0,0.8280196992075249,0.1412535736989158,0.030726727093559118
18364.0,0.8617936443227577,0.11685267290678782,0.0213536827704544
18095.0,0.018635303767857093,0.06133832732771081,0.920026368904432
18699.0,0.1822071664205818,0.7405528952613311,0.07723993831808706
18456.0,0.7131616577548565,0.2459790146534967,0.040859327591646864
18154.0,0.008561269957232423,0.7393670354915969,0.2520716945511707
18425.0,0.8291807595760731,0.14380933223636344,0.027009908187563495
17887.0,0.4645253202775882,0.10821042560403192,0.42726425411837976
17612.0,0.8129772619481169,0.1599248779071795,0.027097860144703542
17062.0,0.005584437358179994,0.8149538346514456,0.17946172799037452
17333.0,0.8150730642357018,0.1369439337227136,0.04798300204158464
18645.0,0.07768982518809654,0.6980590753678727,0.22425109944403077
18228.0,0.49582460016388263,0.05986435893534913,0.4443110409007683
17959.0,0.5971965155902059,0.28238771865630447,0.1204157657534896
17409.0,0.800205106974345,0.16841944624854435,0.031375446777110766
17682.0,0.6131931636781585,0.23109694193586947,0.15570989438597205
17272.0,0.13985394734194628,0.6861198518072712,0.17402620085078244
17003.0,0.36519135622516674,0.5584773219537563,0.076331321821077
18577.0,0.6582085661132648,0.29158625726538207,0.050205176621353
17750.0,0.19932695623609986,0.7041726995058253,0.09650034425807491
17477.0,0.7618415526072256,0.21202284578026245,0.026135601612512042
18019.0,0.577369688533812,0.27307026786306476,0.14956004360312325
18288.0,0.2668708568470576,0.6225832524163697,0.11054589073657264
17212.0,0.7731292573672132,0.19309063517230934,0.033780107460477535
18524.0,0.8886364244606663,0.0857157149869211,0.02564786055241259
17544.0,0.6032988481593502,0.08780535238625427,0.30889579945439544
17819.0,0.7852553422447165,0.18381468261606393,0.030929975139219378
18365.0,0.7312471823955052,0.20005042732894332,0.06870239027555157
18094.0,0.11200875072775036,0.04541629885513222,0.8425749504171174
17393.0,0.29057111062157354,0.3453016847500299,0.36412720462839665
17122.0,0.5898759725964332,0.266582855671173,0.1435411717323939
18498.0,0.008508542174402564,0.034760623246908026,0.9567308345786893
17148.0,0.032900772071506636,0.09555594222852415,0.8715432856999692
17391.0,0.09953877659856883,0.7315832295955982,0.16887799380583288
18096.0,0.7783052417786269,0.20290298360908168,0.01879177461229133
18339.0,0.17219473326928608,0.12181542167437186,0.7059898450563421
17797.0,0.8008053888867155,0.1771570615901171,0.022037549523167433
17558.0,0.7768372052989556,0.1362341793623018,0.0869286153387425
18575.0,0.8440522508784016,0.14185858729361342,0.014089161827984904
17186.0,0.8173855024426029,0.06905737545813825,0.11355712209925894
18286.0,0.08580325055594357,0.7147338733045795,0.19946287613947686
18045.0,0.38140740618865004,0.34348380292336683,0.27510879088798307
17499.0,0.7115906070776097,0.19968797461082632,0.0887214183115641
17736.0,0.1887884069227493,0.034592927155056366,0.7766186659221944
18635.0,0.27240303307359376,0.0757364946885706,0.6518604722378356
17013.0,0.7560992805457621,0.10613272926946521,0.1377679901847726
17254.0,0.0742155668886854,0.09683262321192225,0.8289518098993924
17676.0,0.0712396052082352,0.1430402746983942,0.7857201200933707
17439.0,0.7596399355541908,0.20646696331508535,0.03389310113072376
17977.0,0.8669522610496856,0.11554538613093722,0.017502352819377235
18218.0,0.19963721083251643,0.7227704966436105,0.07759229252387315
18438.0,0.7639722737682075,0.19861959177482189,0.03740813445697069
18709.0,0.5448789428010856,0.3259048829077217,0.1292161742911926
17323.0,0.2457666928317666,0.6864662986115609,0.06776700855667246
17080.0,0.3983531182588907,0.5783504250890582,0.02329645665205105
17618.0,0.5499357698663289,0.0806078643050158,0.36945636582865543
17857.0,0.6051731338988992,0.09241677012370118,0.30241009597739965
18407.0,0.7312458140833586,0.20977882912743986,0.05897535678920151
18164.0,0.7929899699937987,0.1837097382494175,0.023300291756783907
18499.0,0.643896714554844,0.29141244447758896,0.0646908409675671
18097.0,0.8002111508364564,0.17322388548776263,0.02656496367578083
18338.0,0.024710500434945257,0.0927631292212342,0.8825263703438205
17796.0,0.24434328959775478,0.7012747090452471,0.05438200135699818
17559.0,0.8211739282890551,0.11998602205020022,0.058840049660744756
17149.0,0.012090628102519428,0.04314064024900878,0.9447687316484719
17390.0,0.2200236655544251,0.6392060507491669,0.14077028369640784
18574.0,0.7020168997337928,0.061540150656888976,0.23644294960931825
18287.0,0.8476382821026112,0.13655103584786465,0.015810682049524294
18044.0,0.7722429940210883,0.19662911366934488,0.03112789230956674
17498.0,0.5898777273734281,0.30660693563667735,0.1035153369898947
17737.0,0.8094246153629482,0.161974094836882,0.028601289800169877
17187.0,0.06284855935141512,0.6076739063424769,0.3294775343061079
18634.0,0.8089317499346572,0.16951618376592942,0.021552066299413357
17677.0,0.7601720345307345,0.04884965737486821,0.19097830809439734
17438.0,0.6227836174758778,0.20229173453719776,0.17492464798692436
17976.0,0.8263456017465782,0.1330002630779266,0.04065413517549515
18219.0,0.8724200538288223,0.11377653326598354,0.013803412905194169
17012.0,0.7853191544630861,0.17406107643042432,0.0406197691064895
17255.0,0.004605129152452209,0.03412586031515272,0.9612690105323952
18439.0,0.5398713662450996,0.10074452091725905,0.3593841128376414
18708.0,0.07562698775915937,0.6358945371563051,0.28847847508453567
17619.0,0.15361082508090051,0.5790172992494032,0.2673718756696964
17856.0,0.8133583476607517,0.13560603069015098,0.051035621649097314
18406.0,0.7714148027166073,0.1971967900099046,0.031388407273488114
18165.0,0.13595519742380713,0.49714592125000995,0.366898881326183
17322.0,0.09787841169840211,0.6926962131134123,0.20942537518818552
17081.0,0.7774629891134084,0.19381860978176854,0.028718401104823037
17389.0,0.7128321885989323,0.23876491892608684,0.04840289247498079
17150.0,0.7983661675873895,0.1770159630029428,0.02461786940966763
18337.0,0.32026980918492753,0.633074625575078,0.04665556523999456
18098.0,0.8263488814000736,0.153832978010849,0.019818140589077365
17556.0,0.7680401281596082,0.191363149711579,0.04059672212881275
17799.0,0.5829980383756895,0.31131560587738005,0.10568635574693036
18496.0,0.008525136252809528,0.07078920627001563,0.9206856574771749
17184.0,0.0885924522888215,0.29912595090636884,0.6122815968048096
18047.0,0.849979554488612,0.12321799442184073,0.026802451089547142
18284.0,0.8470314766153006,0.13907751801143964,0.013891005373259718
17738.0,0.8313377317745525,0.15177757968557887,0.0168846885398685
17497.0,0.8147731636905855,0.16409615808863318,0.021130678220781157
18573.0,0.8521705550081654,0.1217033382276427,0.02612610676419189
17252.0,0.4720944573546022,0.27459759592309263,0.2533079467223051
17015.0,0.17467519512038573,0.6350480755633207,0.1902767293162935
17437.0,0.8767674568156338,0.10628940663976429,0.01694313654460177
17678.0,0.46415898560958607,0.39136741929826985,0.14447359509214408
18216.0,0.825566560839256,0.1588421000699611,0.015591339090783017
17979.0,0.4618275245281777,0.04775353616446348,0.49041893930735864
18633.0,0.7374657844050707,0.22565495804769747,0.03687925754723182
17082.0,0.10538926837278646,0.6249516341097743,0.26965909751743933
17321.0,0.7325994328167308,0.2337799686761938,0.033620598507075376
17859.0,0.010532028111692581,0.7302135920880506,0.25925437980025684
17616.0,0.7636607724627533,0.21557750654217261,0.020761720995074003
18166.0,0.556808522282463,0.0680201916567162,0.3751712860608208
18405.0,0.8270189948689977,0.15125478981796842,0.02172621531303407
18711.0,0.9314891715558702,0.05627781759471045,0.012233010849419393
18436.0,0.42693475437945555,0.20061346991403745,0.37245177570650706
18336.0,0.7180653205579659,0.2109551770141759,0.07097950242785805
18099.0,0.3796041956106191,0.5190513415828774,0.10134446280650372
17557.0,0.14303243912819605,0.7406392020094423,0.11632835886236154
17798.0,0.5207581430026688,0.40776304604011854,0.07147881095721272
17388.0,0.7845946992889636,0.1855197704728376,0.02988553023819873
17151.0,0.5583143757994736,0.1110184530605534,0.33066717113997296
18497.0,0.7843038299806354,0.16822673461018528,0.047469435409179264
18046.0,0.6489460182198569,0.29299358307947654,0.05806039870066672
18285.0,0.8269497996529901,0.15655267400694267,0.01649752634006724
17739.0,0.7056972699397257,0.09470609900131832,0.199596631058956
17496.0,0.551572070638004,0.3602611090025316,0.08816682035946433
17185.0,0.7007631106315018,0.2080786472905133,0.09115824207798474
18572.0,0.6253546085845436,0.13782839809501926,0.2368169933204371
17436.0,0.8529881295199332,0.12861774006276727,0.018394130417299585
17679.0,0.03924273627439477,0.1355255202994173,0.8252317434261879
18217.0,0.7324402181896416,0.11878875466024766,0.14877102715011084
17978.0,0.6480188284460263,0.07292356613877196,0.2790576054152018
17253.0,0.6720017768797742,0.25500836827511697,0.07298985484510882
17014.0,0.5833990216386827,0.33213379733485154,0.08446718102646573
18632.0,0.8003596501108576,0.1606610758479387,0.03897927404120363
17858.0,0.6447067590562575,0.08628455578399505,0.2690086851597474
17617.0,0.12544430538042822,0.6879396753004755,0.1866160193190964
18167.0,0.04870674106709047,0.8248268986628117,0.12646636027009783
18404.0,0.022692097413419047,0.07970529792231641,0.8976026046642646
17083.0,0.3873127833415315,0.5706995962980629,0.04198762036040554
17320.0,0.23635299591985298,0.675156211874812,0.08849079220533515
18710.0,0.5340565986384989,0.09864271169108116,0.36730068967042
18437.0,0.6176127521387498,0.07309349987077256,0.3092937479904778
18571.0,0.03427922731380943,0.8522361376965819,0.11348463498960866
17190.0,0.03792080824924504,0.12051694168936108,0.841562250061394
17503.0,0.7770696595685381,0.19108278447347943,0.031847555957982526
17740.0,0.5911951647688136,0.08582556132527172,0.32297927390591463
18282.0,0.8248418641539794,0.1503681981603651,0.024789937685655437
18041.0,0.7160427591488756,0.23993933957201585,0.044017901279108554
18502.0,0.8246951836447953,0.1563768866529405,0.018927929702264076
17144.0,0.48821192546665404,0.0941651480915806,0.41762292644176535
17387.0,0.8727015198665371,0.11299274168258798,0.01430573845087485
17793.0,0.12240230189554639,0.49938288049709667,0.3782148176073569
17554.0,0.7648799857648713,0.08950680813130843,0.1456132061038203
18100.0,0.24963648677224118,0.6292292631452431,0.12113425008251576
18343.0,0.7954996901503852,0.17132147974314124,0.03317883010647353
18434.0,0.767246171852147,0.19964264291645606,0.03311118523139692
18705.0,0.04710136115168165,0.33674409159629853,0.6161545472520199
17327.0,0.636655028431112,0.08987531803442411,0.2734696535344639
17084.0,0.18928446278343722,0.7148943722007203,0.09582116501584255
18403.0,0.03249658956417121,0.10587396107717745,0.8616294493586514
18160.0,0.8560689989837102,0.12303929679841029,0.020891704217879357
17622.0,0.22883323585277404,0.0306557302991973,0.7405110338480286
17861.0,0.6776270306491692,0.26334651947441584,0.0590264498764151
18639.0,0.7733473853110745,0.1962918083038898,0.0303608063850356
17009.0,0.7791229251319093,0.17044435859191642,0.05043271627617418
17250.0,0.8084206471745169,0.17314516662145338,0.018434186204029677
17981.0,0.3594012560443815,0.5887863003842512,0.05181244357136746
18222.0,0.08283726852835452,0.7197553444895299,0.19740738698211557
17672.0,0.003449328251793761,0.08027299588064035,0.9162776758675658
17435.0,0.22636797958657376,0.6230783329545696,0.15055368745885656
18570.0,0.7044086982162518,0.06381730213548892,0.23177399964825923
