18081.0,0.6666666666666667,0.3166666666666666,0.016666666666666687
18354.0,0.31,0.6566666666666667,0.033333333333333375
17812.0,0.16333333333333339,0.3066666666666667,0.5299999999999999
17543.0,0.6166666666666665,0.3600000000000002,0.02333333333333335
17133.0,0.6299999999999998,0.37000000000000016,0.0
17406.0,0.2766666666666666,0.6666666666666665,0.056666666666666705
18752.0,0.33,0.6666666666666667,0.0033333333333333375
18515.0,0.6666666666666666,0.3333333333333333,0.0
18303.0,0.33666666666666667,0.6633333333333333,0.0
18028.0,0.0,0.3333333333333333,0.6666666666666666
17482.0,0.0,0.3366666666666667,0.6633333333333333
17753.0,0.5833333333333334,0.35000000000000003,0.06666666666666668
17203.0,0.5133333333333331,0.4833333333333336,0.003333333333333333
18590.0,0.6666666666666666,0.3333333333333333,0.0
17693.0,0.6466666666666666,0.3533333333333335,0.0
17422.0,0.053333333333333385,0.27999999999999997,0.6666666666666666
17960.0,0.5599999999999998,0.056666666666666685,0.3833333333333336
18235.0,0.33666666666666667,0.6599999999999999,0.0033333333333333366
16996.0,0.6666666666666666,0.3333333333333333,0.0
17271.0,0.6666666666666666,0.3333333333333333,0.0
18650.0,0.6499999999999999,0.3500000000000002,0.0
17603.0,0.6666666666666666,0.3333333333333333,0.0
17872.0,0.6633333333333333,0.33333333333333337,0.003333333333333337
18422.0,0.6666666666666666,0.3333333333333333,0.0
18149.0,0.6133333333333332,0.1633333333333335,0.2233333333333334
17338.0,0.30333333333333323,0.21333333333333332,0.4833333333333335
17065.0,0.3499999999999999,0.1266666666666667,0.5233333333333333
18455.0,0.6666666666666666,0.3333333333333333,0.0
18692.0,0.3600000000000003,0.01666666666666668,0.6233333333333331
17132.0,0.18000000000000016,0.15333333333333354,0.6666666666666663
17407.0,0.010000000000000012,0.32333333333333325,0.6666666666666667
18080.0,0.5433333333333333,0.24666666666666653,0.21000000000000005
18355.0,0.0,0.4300000000000002,0.5699999999999998
17813.0,0.5166666666666668,0.2799999999999998,0.20333333333333337
17542.0,0.5633333333333331,0.4266666666666669,0.010000000000000004
18514.0,0.01333333333333334,0.6266666666666664,0.3600000000000002
17202.0,0.3466666666666667,0.6466666666666666,0.006666666666666674
18302.0,0.6666666666666666,0.3333333333333333,0.0
18029.0,0.6666666666666666,0.3333333333333333,0.0
17483.0,0.36333333333333334,0.21666666666666667,0.42
17752.0,0.6633333333333333,0.05000000000000005,0.2866666666666666
18591.0,0.6333333333333333,0.013333333333333345,0.3533333333333335
16997.0,0.6266666666666665,0.34666666666666685,0.026666666666666696
17270.0,0.6666666666666666,0.3333333333333333,0.0
17692.0,0.6666666666666667,0.31,0.02333333333333336
17423.0,0.2533333333333333,0.08666666666666673,0.6599999999999999
17961.0,0.6666666666666666,0.3333333333333333,0.0
18234.0,0.6566666666666665,0.34333333333333343,0.0
18651.0,0.32666666666666666,0.6633333333333333,0.01000000000000001
17339.0,0.6633333333333333,0.32999999999999996,0.006666666666666674
17064.0,0.6666666666666666,0.3333333333333333,0.0
17602.0,0.6433333333333331,0.35000000000000014,0.006666666666666672
17873.0,0.6666666666666667,0.29000000000000004,0.04333333333333338
18423.0,0.003333333333333334,0.37666666666666687,0.6199999999999997
18148.0,0.4533333333333332,0.4866666666666668,0.059999999999999984
18454.0,0.05666666666666666,0.54,0.4033333333333333
18693.0,0.6666666666666666,0.24666666666666676,0.08666666666666674
18513.0,0.06000000000000006,0.31,0.63
18352.0,0.6666666666666666,0.3066666666666666,0.026666666666666696
18083.0,0.03666666666666671,0.29666666666666663,0.6666666666666666
17541.0,0.6666666666666666,0.3333333333333333,0.0
17814.0,0.11000000000000011,0.6633333333333331,0.22666666666666674
17404.0,0.6666666666666667,0.3,0.033333333333333375
17135.0,0.6666666666666667,0.020000000000000025,0.3133333333333333
18588.0,0.6666666666666666,0.26333333333333336,0.07000000000000005
18030.0,0.6233333333333331,0.003333333333333336,0.3733333333333335
18301.0,0.2633333333333332,0.4266666666666667,0.30999999999999994
17755.0,0.16000000000000023,0.6299999999999998,0.21000000000000005
17480.0,0.32666666666666666,0.013333333333333348,0.6599999999999999
17201.0,0.6666666666666666,0.3333333333333333,0.0
18648.0,0.6666666666666666,0.3333333333333333,0.0
17420.0,0.2533333333333334,0.08000000000000006,0.6666666666666666
17695.0,0.6666666666666666,0.3333333333333333,0.0
18233.0,0.6299999999999999,0.2766666666666666,0.0933333333333334
17962.0,0.6533333333333331,0.3466666666666668,0.0
17269.0,0.2533333333333334,0.6599999999999999,0.08666666666666674
16998.0,0.02666666666666668,0.39000000000000024,0.5833333333333331
18694.0,0.6633333333333333,0.02000000000000002,0.3166666666666666
18453.0,0.6666666666666666,0.3333333333333333,0.0
17874.0,0.6666666666666666,0.3333333333333333,0.0
17601.0,0.6666666666666666,0.3333333333333333,0.0
18151.0,0.6666666666666667,0.33,0.0033333333333333375
18420.0,0.2733333333333333,0.4966666666666667,0.22999999999999993
17067.0,0.11333333333333345,0.22000000000000008,0.6666666666666664
17336.0,0.6666666666666666,0.3333333333333333,0.0
18512.0,0.3333333333333333,0.6666666666666666,0.0
17405.0,0.6633333333333333,0.33333333333333337,0.003333333333333337
17134.0,0.5000000000000001,0.2499999999999999,0.25
18353.0,0.6199999999999996,0.3800000000000004,0.0
18082.0,0.5633333333333332,0.38,0.05666666666666668
17540.0,0.38000000000000034,0.10666666666666667,0.5133333333333331
17815.0,0.62,0.38,0.0
18589.0,0.2833333333333332,0.29000000000000004,0.42666666666666675
17200.0,0.0,0.3333333333333333,0.6666666666666666
18031.0,0.6666666666666666,0.3333333333333333,0.0
18300.0,0.6499999999999999,0.32333333333333325,0.026666666666666693
17754.0,0.04333333333333334,0.56,0.39666666666666667
17481.0,0.0,0.3333333333333333,0.6666666666666666
18649.0,0.003333333333333335,0.3800000000000002,0.6166666666666665
17268.0,0.6666666666666666,0.26000000000000006,0.07333333333333339
16999.0,0.57,0.30666666666666653,0.12333333333333348
17421.0,0.6666666666666666,0.3333333333333333,0.0
17694.0,0.24000000000000007,0.09333333333333342,0.6666666666666665
18232.0,0.3566666666666668,0.6433333333333332,0.0
17963.0,0.6666666666666666,0.3333333333333333,0.0
18695.0,0.6666666666666666,0.3333333333333333,0.0
18452.0,0.6666666666666666,0.0833333333333334,0.25000000000000006
17066.0,0.6666666666666666,0.3333333333333333,0.0
17337.0,0.6566666666666667,0.030000000000000037,0.3133333333333333
17875.0,0.4066666666666666,0.5133333333333333,0.07999999999999996
17600.0,0.6666666666666665,0.08666666666666673,0.2466666666666667
18150.0,0.10666666666666677,0.6233333333333332,0.27
18421.0,0.1333333333333334,0.5766666666666665,0.29
17486.0,0.6666666666666666,0.3333333333333333,0.0
17757.0,0.0,0.35333333333333344,0.6466666666666665
18299.0,0.6666666666666666,0.3333333333333333,0.0
18024.0,0.6466666666666665,0.26333333333333336,0.09000000000000007
17207.0,0.6666666666666666,0.3333333333333333,0.0
18586.0,0.6499999999999998,0.35000000000000014,0.0
17808.0,0.6666666666666664,0.10666666666666677,0.22666666666666674
17539.0,0.16333333333333352,0.17333333333333348,0.663333333333333
18085.0,0.19666666666666677,0.6233333333333331,0.1800000000000002
18358.0,0.6666666666666666,0.3333333333333333,0.0
17129.0,0.6666666666666666,0.3333333333333333,0.0
17402.0,0.24333333333333335,0.5633333333333332,0.19333333333333347
18519.0,0.66,0.33333333333333337,0.006666666666666675
18418.0,0.6666666666666666,0.3333333333333333,0.0
18145.0,0.36333333333333345,0.5666666666666665,0.07
17607.0,0.3166666666666666,0.6666666666666667,0.016666666666666687
17876.0,0.6666666666666666,0.3333333333333333,0.0
17342.0,0.66,0.016666666666666687,0.32333333333333325
17069.0,0.6666666666666666,0.3333333333333333,0.0
18451.0,0.3600000000000001,0.0,0.6399999999999999
18688.0,0.6666666666666666,0.053333333333333385,0.27999999999999997
17964.0,0.5100000000000001,0.0,0.49
18239.0,0.6666666666666666,0.0,0.3333333333333333
17689.0,0.6566666666666664,0.19666666666666677,0.14666666666666686
17418.0,0.2833333333333333,0.6666666666666666,0.05000000000000005
16992.0,0.35333333333333355,0.5966666666666665,0.050000000000000024
17267.0,0.2466666666666667,0.6599999999999999,0.09333333333333342
18654.0,0.2933333333333333,0.04666666666666671,0.6599999999999999
17206.0,0.6666666666666666,0.3333333333333333,0.0
17487.0,0.6666666666666666,0.3333333333333333,0.0
17756.0,0.29000000000000004,0.6,0.11000000000000011
18298.0,0.0,0.5299999999999997,0.47000000000000036
18025.0,0.4366666666666669,0.5499999999999997,0.013333333333333334
18587.0,0.6266666666666665,0.2366666666666667,0.13666666666666683
17128.0,0.6666666666666666,0.3333333333333333,0.0
17403.0,0.5933333333333329,0.0,0.40666666666666706
17809.0,0.04000000000000004,0.6333333333333333,0.3266666666666667
17538.0,0.6666666666666666,0.3333333333333333,0.0
18084.0,0.6333333333333331,0.0,0.36666666666666686
18359.0,0.6666666666666666,0.3333333333333333,0.0
18518.0,0.6666666666666666,0.3333333333333333,0.0
17343.0,0.6666666666666663,0.14000000000000018,0.19333333333333347
17068.0,0.6666666666666666,0.3333333333333333,0.0
18419.0,0.6633333333333334,0.33333333333333337,0.0033333333333333375
18144.0,0.3766666666666669,0.6199999999999998,0.0033333333333333357
17606.0,0.010000000000000012,0.6666666666666667,0.32333333333333325
17877.0,0.6633333333333333,0.33333333333333337,0.003333333333333337
18450.0,0.6666666666666666,0.3333333333333333,0.0
18689.0,0.6666666666666666,0.3333333333333333,0.0
16993.0,0.09000000000000007,0.24333333333333337,0.6666666666666665
17266.0,0.6666666666666666,0.3333333333333333,0.0
17965.0,0.6666666666666666,0.3333333333333333,0.0
18238.0,0.6666666666666666,0.3333333333333333,0.0
17688.0,0.6666666666666666,0.0,0.3333333333333333
17419.0,0.5299999999999997,0.03333333333333333,0.4366666666666669
18655.0,0.6133333333333332,0.35666666666666685,0.030000000000000016
18584.0,0.6533333333333333,0.2933333333333334,0.053333333333333385
17759.0,0.04000000000000004,0.6466666666666666,0.3133333333333333
17484.0,0.6666666666666664,0.1166666666666668,0.21666666666666676
18026.0,0.0,0.6433333333333331,0.3566666666666668
18297.0,0.6666666666666666,0.0,0.3333333333333333
17205.0,0.6666666666666666,0.3333333333333333,0.0
18517.0,0.35333333333333355,0.6333333333333332,0.013333333333333348
17537.0,0.3900000000000001,0.26333333333333314,0.34666666666666673
17810.0,0.6499999999999997,0.16333333333333358,0.18666666666666681
18356.0,0.4000000000000003,0.5933333333333329,0.006666666666666669
18087.0,0.3133333333333333,0.6633333333333334,0.02333333333333336
17400.0,0.6666666666666665,0.24000000000000007,0.09333333333333342
17131.0,0.0,0.4300000000000001,0.57
18690.0,0.6666666666666666,0.3333333333333333,0.0
18449.0,0.15000000000000016,0.6666666666666662,0.18333333333333346
18147.0,0.48999999999999994,0.5066666666666668,0.003333333333333333
18416.0,0.6666666666666666,0.3333333333333333,0.0
17878.0,0.6666666666666666,0.3333333333333333,0.0
17605.0,0.053333333333333385,0.2933333333333333,0.6533333333333333
17071.0,0.6666666666666666,0.016666666666666684,0.3166666666666666
17340.0,0.6666666666666666,0.3333333333333333,0.0
18652.0,0.6666666666666665,0.2766666666666666,0.056666666666666705
18237.0,0.0,0.3433333333333334,0.6566666666666665
17966.0,0.6666666666666666,0.3333333333333333,0.0
17416.0,0.6666666666666667,0.29000000000000004,0.04333333333333338
17691.0,0.3633333333333335,0.01333333333333334,0.6233333333333331
17265.0,0.6666666666666667,0.32666666666666666,0.006666666666666675
16994.0,0.6599999999999997,0.12666666666666682,0.2133333333333334
18585.0,0.6666666666666666,0.3333333333333333,0.0
17204.0,0.6666666666666666,0.3333333333333333,0.0
17758.0,0.6633333333333332,0.26666666666666666,0.07000000000000005
17485.0,0.6666666666666666,0.3333333333333333,0.0
18027.0,0.0033333333333333344,0.41000000000000025,0.5866666666666664
18296.0,0.6666666666666666,0.3333333333333333,0.0
18516.0,0.37666666666666676,0.26333333333333314,0.36000000000000004
17401.0,0.5033333333333332,0.49666666666666687,0.0
17130.0,0.08000000000000004,0.6666666666666665,0.25333333333333335
17536.0,0.6666666666666667,0.020000000000000025,0.3133333333333333
17811.0,0.5233333333333333,0.006666666666666666,0.47
18357.0,0.6666666666666665,0.23666666666666675,0.09666666666666676
18086.0,0.03000000000000003,0.34666666666666685,0.6233333333333331
18691.0,0.0,0.3333333333333333,0.6666666666666666
18448.0,0.0,0.45666666666666694,0.5433333333333331
17070.0,0.31999999999999995,0.6233333333333333,0.05666666666666672
17341.0,0.6099999999999999,0.3133333333333333,0.0766666666666667
18146.0,0.0,0.6599999999999999,0.34
18417.0,0.49999999999999994,0.05333333333333332,0.44666666666666666
17879.0,0.49,0.0,0.5099999999999999
17604.0,0.6666666666666666,0.3333333333333333,0.0
18653.0,0.6666666666666667,0.32333333333333325,0.010000000000000012
17264.0,0.6666666666666666,0.3333333333333333,0.0
16995.0,0.4200000000000001,0.5799999999999998,0.0
18236.0,0.6333333333333332,0.30666666666666675,0.06000000000000003
17967.0,0.5433333333333333,0.3333333333333333,0.1233333333333334
17417.0,0.12333333333333334,0.36,0.5166666666666666
17690.0,0.6133333333333333,0.33,0.05666666666666671
17004.0,0.6666666666666666,0.3333333333333333,0.0
17279.0,0.65,0.29999999999999993,0.05000000000000005
17685.0,0.12666666666666682,0.20666666666666678,0.6666666666666664
17414.0,0.6666666666666663,0.16666666666666688,0.16666666666666688
17952.0,0.6533333333333334,0.33333333333333337,0.01333333333333335
18227.0,0.3233333333333333,0.19000000000000009,0.48666666666666647
18642.0,0.3333333333333333,0.6666666666666666,0.0
17330.0,0.6666666666666666,0.3333333333333333,0.0
17057.0,0.6666666666666666,0.3333333333333333,0.0
17611.0,0.020000000000000025,0.33,0.65
17880.0,0.41666666666666685,0.03,0.5533333333333331
18430.0,0.6666666666666666,0.3333333333333333,0.0
18157.0,0.6666666666666666,0.3333333333333333,0.0
18463.0,0.6666666666666666,0.3333333333333333,0.0
18700.0,0.15666666666666682,0.28333333333333316,0.5599999999999999
17125.0,0.059999999999999984,0.47000000000000014,0.4699999999999999
17398.0,0.25000000000000006,0.6566666666666666,0.09333333333333342
18089.0,0.006666666666666674,0.3366666666666667,0.6566666666666666
18362.0,0.6633333333333333,0.2933333333333333,0.043333333333333376
17820.0,0.37000000000000016,0.6099999999999998,0.020000000000000014
17551.0,0.6266666666666665,0.0,0.3733333333333335
18523.0,0.6666666666666666,0.3333333333333333,0.0
17211.0,0.4066666666666668,0.0,0.5933333333333333
18295.0,0.6666666666666666,0.3333333333333333,0.0
18020.0,0.6666666666666662,0.1600000000000002,0.17333333333333348
17474.0,0.1166666666666668,0.6666666666666664,0.21666666666666676
17745.0,0.6666666666666666,0.3333333333333333,0.0
18582.0,0.19666666666666682,0.13666666666666685,0.6666666666666664
17684.0,0.6666666666666665,0.08666666666666673,0.2466666666666667
17415.0,0.6666666666666663,0.1966666666666668,0.13666666666666683
17953.0,0.3600000000000002,0.6233333333333331,0.016666666666666673
18226.0,0.5133333333333332,0.0,0.48666666666666686
17005.0,0.6433333333333332,0.3566666666666669,0.0
17278.0,0.6666666666666666,0.0,0.3333333333333333
18643.0,0.6666666666666666,0.3333333333333333,0.0
17610.0,0.5766666666666662,0.4233333333333338,0.0
17881.0,0.6666666666666666,0.006666666666666674,0.3266666666666666
18431.0,0.010000000000000012,0.6666666666666667,0.32333333333333325
18156.0,0.053333333333333385,0.27999999999999997,0.6666666666666666
17331.0,0.6666666666666666,0.2666666666666667,0.06666666666666672
17056.0,0.6666666666666667,0.02333333333333336,0.31
18462.0,0.27666666666666667,0.05666666666666672,0.6666666666666666
18701.0,0.6633333333333333,0.2700000000000001,0.06666666666666672
18088.0,0.66,0.33333333333333337,0.006666666666666675
18363.0,0.04000000000000001,0.5333333333333331,0.42666666666666686
17821.0,0.0,0.4733333333333332,0.5266666666666668
17550.0,0.6666666666666667,0.33,0.0033333333333333375
17124.0,0.006666666666666673,0.35000000000000014,0.6433333333333332
17399.0,0.2866666666666666,0.6666666666666666,0.04666666666666671
18522.0,0.3966666666666669,0.12333333333333334,0.4799999999999997
18294.0,0.4566666666666666,0.54,0.0033333333333333335
18021.0,0.6266666666666665,0.3733333333333335,0.0
17475.0,0.6666666666666666,0.3333333333333333,0.0
17744.0,0.003333333333333334,0.46666666666666656,0.53
17210.0,0.2933333333333333,0.6666666666666666,0.04000000000000004
18583.0,0.2300000000000001,0.20000000000000004,0.5699999999999998
18640.0,0.6666666666666666,0.3333333333333333,0.0
17277.0,0.6666666666666666,0.3333333333333333,0.0
17006.0,0.6666666666666666,0.3333333333333333,0.0
17412.0,0.45333333333333364,0.056666666666666664,0.48999999999999977
17687.0,0.34333333333333343,0.5066666666666666,0.1500000000000001
18225.0,0.6666666666666666,0.3333333333333333,0.0
17954.0,0.35666666666666663,0.24333333333333332,0.4
18702.0,0.6666666666666666,0.3333333333333333,0.0
18461.0,0.3333333333333333,0.6666666666666666,0.0
17059.0,0.11333333333333347,0.6666666666666665,0.2200000000000001
17328.0,0.2866666666666666,0.5766666666666667,0.1366666666666668
17882.0,0.5499999999999999,0.23333333333333342,0.21666666666666667
17609.0,0.6666666666666665,0.25333333333333335,0.08000000000000004
18159.0,0.29,0.043333333333333376,0.6666666666666666
18428.0,0.2966666666666667,0.3166666666666665,0.3866666666666668
18521.0,0.6666666666666666,0.3333333333333333,0.0
17396.0,0.6399999999999996,0.3600000000000003,0.0
17127.0,0.6666666666666666,0.3333333333333333,0.0
18360.0,0.6666666666666666,0.3333333333333333,0.0
18091.0,0.15666666666666684,0.1800000000000001,0.663333333333333
17549.0,0.6666666666666666,0.3333333333333333,0.0
17822.0,0.6666666666666666,0.026666666666666696,0.3066666666666666
18580.0,0.6666666666666666,0.3333333333333333,0.0
17209.0,0.6233333333333333,0.2733333333333333,0.10333333333333344
18022.0,0.5,0.03666666666666667,0.46333333333333326
18293.0,0.2866666666666667,0.66,0.05333333333333339
17747.0,0.13333333333333341,0.3566666666666667,0.5099999999999999
17472.0,0.6666666666666666,0.3333333333333333,0.0
18641.0,0.14666666666666683,0.5399999999999999,0.3133333333333332
17413.0,0.18000000000000016,0.6599999999999996,0.16000000000000023
17686.0,0.6399999999999998,0.0,0.36000000000000015
18224.0,0.18000000000000016,0.6233333333333331,0.19666666666666682
17955.0,0.3366666666666667,0.6633333333333333,0.0
17276.0,0.6233333333333332,0.3766666666666669,0.0
17007.0,0.6566666666666666,0.06000000000000005,0.28333333333333327
18703.0,0.3166666666666666,0.09666666666666678,0.5866666666666666
18460.0,0.11333333333333347,0.33666666666666656,0.5499999999999999
17883.0,0.6666666666666666,0.3333333333333333,0.0
17608.0,0.6666666666666666,0.3333333333333333,0.0
18158.0,0.4033333333333335,0.5499999999999998,0.04666666666666666
18429.0,0.6533333333333333,0.29000000000000004,0.056666666666666726
17058.0,0.35999999999999993,0.1666666666666667,0.4733333333333334
17329.0,0.42000000000000026,0.2899999999999998,0.2899999999999999
18520.0,0.6566666666666666,0.0,0.3433333333333335
18361.0,0.0,0.3333333333333333,0.6666666666666666
18090.0,0.6566666666666665,0.26333333333333336,0.08000000000000006
17548.0,0.6333333333333331,0.023333333333333352,0.3433333333333335
17823.0,0.4966666666666668,0.11000000000000004,0.3933333333333331
17397.0,0.023333333333333338,0.41333333333333355,0.5633333333333331
17126.0,0.010000000000000005,0.3933333333333334,0.5966666666666665
18581.0,0.0,0.34,0.66
18023.0,0.6666666666666665,0.23666666666666675,0.09666666666666676
18292.0,0.049999999999999996,0.41333333333333344,0.5366666666666666
17746.0,0.3033333333333333,0.03666666666666671,0.6599999999999999
17473.0,0.6666666666666666,0.0,0.3333333333333333
17208.0,0.6666666666666667,0.3133333333333333,0.020000000000000025
17334.0,0.5666666666666667,0.0,0.4333333333333333
17061.0,0.6666666666666666,0.3333333333333333,0.0
18426.0,0.6666666666666665,0.23333333333333342,0.1000000000000001
18153.0,0.5866666666666664,0.40333333333333365,0.010000000000000005
17615.0,0.6666666666666666,0.3333333333333333,0.0
17884.0,0.6533333333333331,0.3466666666666668,0.0
18459.0,0.2266666666666667,0.5999999999999998,0.17333333333333348
18696.0,0.34666666666666685,0.6299999999999999,0.023333333333333355
17000.0,0.35333333333333355,0.0,0.6466666666666665
17275.0,0.5866666666666664,0.043333333333333356,0.37000000000000016
17956.0,0.6666666666666666,0.3333333333333333,0.0
18231.0,0.6666666666666666,0.3333333333333333,0.0
17681.0,0.6666666666666666,0.3333333333333333,0.0
17410.0,0.0,0.39666666666666694,0.603333333333333
18646.0,0.12000000000000013,0.6666666666666664,0.21333333333333343
17215.0,0.6633333333333333,0.32999999999999996,0.006666666666666674
17478.0,0.5733333333333331,0.4266666666666668,0.0
17749.0,0.6666666666666666,0.3333333333333333,0.0
18291.0,0.6666666666666666,0.006666666666666674,0.3266666666666666
18016.0,0.4533333333333336,0.4266666666666664,0.12000000000000002
18578.0,0.6166666666666666,0.09000000000000005,0.2933333333333334
17121.0,0.2633333333333333,0.6633333333333332,0.07333333333333338
17394.0,0.6133333333333332,0.3866666666666669,0.0
17816.0,0.6066666666666664,0.00666666666666667,0.38666666666666694
17547.0,0.6666666666666666,0.2666666666666667,0.06666666666666672
18093.0,0.3733333333333336,0.0,0.6266666666666664
18366.0,0.6066666666666665,0.3933333333333336,0.0
18527.0,0.6666666666666666,0.3333333333333333,0.0
18427.0,0.6666666666666667,0.31,0.02333333333333336
18152.0,0.25999999999999995,0.08000000000000004,0.6599999999999999
17614.0,0.26333333333333336,0.07000000000000005,0.6666666666666666
17885.0,0.6666666666666666,0.3333333333333333,0.0
17335.0,0.18666666666666681,0.14666666666666686,0.6666666666666663
17060.0,0.2233333333333334,0.6666666666666664,0.11000000000000011
18458.0,0.33333333333333337,0.6499999999999999,0.016666666666666684
18697.0,0.03333333333333336,0.6166666666666666,0.35000000000000003
17957.0,0.24666666666666665,0.31333333333333324,0.4400000000000001
18230.0,0.013333333333333345,0.34333333333333343,0.6433333333333331
17680.0,0.6666666666666666,0.3333333333333333,0.0
17411.0,0.6666666666666666,0.3333333333333333,0.0
17001.0,0.6666666666666666,0.3333333333333333,0.0
17274.0,0.0,0.3333333333333333,0.6666666666666666
18647.0,0.6666666666666667,0.29000000000000004,0.04333333333333338
17479.0,0.33999999999999986,0.3233333333333333,0.33666666666666684
17748.0,0.006666666666666675,0.33333333333333337,0.66
18290.0,0.6333333333333331,0.366666666666667,0.0
18017.0,0.6666666666666666,0.3033333333333333,0.030000000000000034
17214.0,0.3700000000000002,0.0,0.6299999999999998
18579.0,0.6666666666666666,0.3333333333333333,0.0
17817.0,0.663333333333333,0.21000000000000008,0.12666666666666682
17546.0,0.6666666666666663,0.1966666666666668,0.13666666666666683
18092.0,0.55,0.026666666666666672,0.42333333333333334
18367.0,0.0,0.3433333333333335,0.6566666666666666
17120.0,0.5133333333333333,0.0033333333333333327,0.4833333333333333
17395.0,0.48,0.3066666666666666,0.2133333333333334
18526.0,0.5466666666666663,0.04333333333333335,0.4100000000000004
18698.0,0.6666666666666666,0.3333333333333333,0.0
18457.0,0.6666666666666666,0.3333333333333333,0.0
17063.0,0.6666666666666667,0.32666666666666666,0.006666666666666675
17332.0,0.6566666666666665,0.33666666666666667,0.006666666666666673
18155.0,0.6666666666666666,0.27999999999999997,0.053333333333333385
18424.0,0.5366666666666665,0.07,0.3933333333333335
17886.0,0.6666666666666666,0.3333333333333333,0.0
17613.0,0.26333333333333336,0.6666666666666666,0.07000000000000005
18644.0,0.3800000000000003,0.010000000000000005,0.6099999999999998
17273.0,0.6666666666666666,0.3333333333333333,0.0
17002.0,0.0,0.49999999999999967,0.5000000000000003
18229.0,0.6666666666666666,0.3333333333333333,0.0
17958.0,0.32666666666666666,0.006666666666666675,0.6666666666666667
17408.0,0.6566666666666666,0.3433333333333334,0.0
17683.0,0.6666666666666667,0.33,0.0033333333333333375
18576.0,0.6666666666666666,0.3333333333333333,0.0
17213.0,0.6599999999999999,0.34,0.0
17751.0,0.6666666666666666,0.3333333333333333,0.0
17476.0,0.6666666666666666,0.3333333333333333,0.0
18018.0,0.6666666666666666,0.3333333333333333,0.0
18289.0,0.6199999999999999,0.38000000000000017,0.0
18525.0,0.6666666666666666,0.3333333333333333,0.0
17392.0,0.6666666666666666,0.3333333333333333,0.0
17123.0,0.3166666666666666,0.6666666666666667,0.016666666666666687
17545.0,0.6666666666666664,0.21666666666666676,0.1166666666666668
17818.0,0.6666666666666666,0.3333333333333333,0.0
18364.0,0.6499999999999998,0.08666666666666671,0.2633333333333333
18095.0,0.29999999999999993,0.033333333333333375,0.6666666666666666
18699.0,0.6599999999999999,0.006666666666666674,0.3333333333333333
18456.0,0.5833333333333333,0.3033333333333332,0.11333333333333347
18154.0,0.0,0.6633333333333333,0.33666666666666667
18425.0,0.6666666666666666,0.3333333333333333,0.0
17887.0,0.36000000000000026,0.016666666666666677,0.6233333333333331
17612.0,0.6633333333333333,0.33666666666666667,0.0
17062.0,0.0,0.6666666666666666,0.3333333333333333
17333.0,0.6666666666666667,0.33,0.0033333333333333375
18645.0,0.013333333333333348,0.32333333333333325,0.6633333333333333
18228.0,0.6666666666666666,0.0,0.3333333333333333
17959.0,0.21333333333333343,0.18000000000000022,0.6066666666666665
17409.0,0.6666666666666666,0.3333333333333333,0.0
17682.0,0.34666666666666685,0.030000000000000034,0.6233333333333332
17272.0,0.20666666666666678,0.6499999999999997,0.14333333333333353
17003.0,0.32666666666666666,0.6266666666666667,0.04666666666666672
18577.0,0.33333333333333337,0.66,0.006666666666666675
17750.0,0.21333333333333343,0.6599999999999997,0.12666666666666682
17477.0,0.396666666666667,0.5666666666666663,0.03666666666666667
18019.0,0.49333333333333335,0.3933333333333332,0.11333333333333336
18288.0,0.3500000000000002,0.6499999999999999,0.0
17212.0,0.6666666666666667,0.32666666666666666,0.006666666666666675
18524.0,0.6666666666666666,0.3333333333333333,0.0
17544.0,0.3833333333333335,0.003333333333333335,0.6133333333333332
17819.0,0.6666666666666667,0.33,0.0033333333333333375
18365.0,0.6466666666666665,0.24333333333333337,0.11000000000000013
18094.0,0.07000000000000005,0.27,0.6599999999999999
17393.0,0.0,0.5733333333333329,0.42666666666666697
17122.0,0.12000000000000006,0.34999999999999987,0.53
18498.0,0.0,0.3333333333333333,0.6666666666666666
17148.0,0.20666666666666678,0.12666666666666682,0.6666666666666664
17391.0,0.023333333333333345,0.5899999999999997,0.38666666666666694
18096.0,0.3133333333333333,0.5766666666666665,0.11000000000000004
18339.0,0.2933333333333334,0.20666666666666667,0.49999999999999994
17797.0,0.5533333333333331,0.42333333333333356,0.023333333333333338
17558.0,0.6666666666666667,0.3133333333333333,0.020000000000000025
18575.0,0.6666666666666666,0.3333333333333333,0.0
17186.0,0.6666666666666666,0.04000000000000004,0.2933333333333333
18286.0,0.0,0.6666666666666666,0.3333333333333333
18045.0,0.31333333333333324,0.07333333333333339,0.6133333333333334
17499.0,0.5666666666666665,0.28999999999999987,0.1433333333333335
17736.0,0.5766666666666664,0.020000000000000004,0.4033333333333336
18635.0,0.06000000000000005,0.3033333333333333,0.6366666666666666
17013.0,0.6666666666666666,0.3333333333333333,0.0
17254.0,0.22666666666666674,0.10666666666666677,0.6666666666666664
17676.0,0.0666666666666667,0.3366666666666667,0.5966666666666666
17439.0,0.6666666666666666,0.3333333333333333,0.0
17977.0,0.6666666666666666,0.3333333333333333,0.0
18218.0,0.6466666666666664,0.3533333333333335,0.0
18438.0,0.6399999999999999,0.3600000000000001,0.0
18709.0,0.6333333333333332,0.36666666666666675,0.0
17323.0,0.66,0.3366666666666667,0.0033333333333333375
17080.0,0.19000000000000014,0.6566666666666663,0.15333333333333352
17618.0,0.3399999999999999,0.1466666666666667,0.5133333333333333
17857.0,0.43333333333333335,0.02333333333333333,0.5433333333333333
18407.0,0.6666666666666667,0.3166666666666666,0.016666666666666687
18164.0,0.41000000000000014,0.5899999999999999,0.0
18499.0,0.64,0.3266666666666667,0.033333333333333375
18097.0,0.4933333333333335,0.48999999999999977,0.016666666666666666
18338.0,0.003333333333333337,0.32999999999999996,0.6666666666666666
17796.0,0.4233333333333336,0.5766666666666663,0.0
17559.0,0.663333333333333,0.15666666666666687,0.18000000000000016
17149.0,0.006666666666666675,0.32666666666666666,0.6666666666666667
17390.0,0.4033333333333334,0.5666666666666667,0.030000000000000013
18574.0,0.6666666666666666,0.0,0.3333333333333333
18287.0,0.6666666666666666,0.3333333333333333,0.0
18044.0,0.6566666666666664,0.23000000000000007,0.11333333333333345
17498.0,0.6666666666666666,0.3333333333333333,0.0
17737.0,0.6666666666666666,0.3333333333333333,0.0
17187.0,0.36,0.3233333333333334,0.3166666666666666
18634.0,0.6666666666666666,0.3333333333333333,0.0
17677.0,0.6666666666666666,0.026666666666666696,0.3066666666666666
17438.0,0.2166666666666667,0.27666666666666656,0.5066666666666666
17976.0,0.6666666666666666,0.2933333333333333,0.04000000000000004
18219.0,0.6666666666666666,0.3333333333333333,0.0
17012.0,0.6666666666666666,0.3333333333333333,0.0
17255.0,0.0,0.3333333333333333,0.6666666666666666
18439.0,0.66,0.016666666666666684,0.3233333333333333
18708.0,0.006666666666666667,0.5599999999999998,0.43333333333333357
17619.0,0.043333333333333376,0.6233333333333333,0.33333333333333337
17856.0,0.14000000000000012,0.6266666666666665,0.23333333333333336
18406.0,0.6666666666666666,0.2666666666666667,0.06666666666666672
18165.0,0.006666666666666674,0.6433333333333332,0.3500000000000001
17322.0,0.17000000000000012,0.48,0.34999999999999987
17081.0,0.6666666666666666,0.3333333333333333,0.0
17389.0,0.6499999999999999,0.3500000000000001,0.0
17150.0,0.6666666666666666,0.3333333333333333,0.0
18337.0,0.5133333333333331,0.456666666666667,0.03
18098.0,0.6666666666666666,0.3333333333333333,0.0
17556.0,0.6266666666666665,0.3733333333333335,0.0
17799.0,0.6166666666666666,0.27666666666666667,0.10666666666666674
18496.0,0.003333333333333337,0.32999999999999996,0.6666666666666666
17184.0,0.06666666666666675,0.2966666666666667,0.6366666666666666
18047.0,0.6666666666666666,0.3333333333333333,0.0
18284.0,0.6666666666666666,0.3333333333333333,0.0
17738.0,0.6666666666666666,0.3333333333333333,0.0
17497.0,0.6666666666666666,0.3333333333333333,0.0
18573.0,0.5399999999999998,0.45666666666666694,0.003333333333333333
17252.0,0.18666666666666681,0.14666666666666686,0.6666666666666663
17015.0,0.6233333333333331,0.14000000000000015,0.23666666666666664
17437.0,0.6666666666666667,0.31,0.02333333333333336
17678.0,0.2,0.5400000000000001,0.25999999999999984
18216.0,0.6666666666666666,0.3333333333333333,0.0
17979.0,0.6266666666666666,0.35000000000000014,0.023333333333333355
18633.0,0.6666666666666666,0.3333333333333333,0.0
17082.0,0.02333333333333336,0.6666666666666667,0.31
17321.0,0.6633333333333333,0.3366666666666667,0.0
17859.0,0.006666666666666674,0.6633333333333333,0.33
17616.0,0.35000000000000014,0.6233333333333332,0.026666666666666693
18166.0,0.3033333333333333,0.030000000000000034,0.6666666666666666
18405.0,0.6666666666666667,0.02333333333333336,0.31
18711.0,0.6666666666666667,0.31,0.02333333333333336
18436.0,0.14000000000000018,0.6199999999999999,0.24000000000000002
18336.0,0.5799999999999998,0.2866666666666667,0.13333333333333347
18099.0,0.3033333333333333,0.6099999999999999,0.08666666666666671
17557.0,0.33,0.6666666666666667,0.0033333333333333375
17798.0,0.003333333333333335,0.3966666666666669,0.5999999999999998
17388.0,0.6666666666666666,0.3333333333333333,0.0
17151.0,0.33,0.13000000000000006,0.5399999999999998
18497.0,0.5799999999999998,0.32,0.1000000000000001
18046.0,0.4499999999999999,0.49000000000000016,0.060000000000000005
18285.0,0.6666666666666666,0.3333333333333333,0.0
17739.0,0.4766666666666666,0.05000000000000001,0.47333333333333333
17496.0,0.5799999999999998,0.16000000000000011,0.26
17185.0,0.6666666666666667,0.31,0.02333333333333336
18572.0,0.07666666666666672,0.27999999999999997,0.6433333333333333
17436.0,0.6666666666666667,0.3166666666666666,0.016666666666666687
17679.0,0.0,0.3333333333333333,0.6666666666666666
18217.0,0.6666666666666664,0.20666666666666678,0.12666666666666682
17978.0,0.5033333333333332,0.013333333333333329,0.48333333333333334
17253.0,0.6666666666666666,0.3333333333333333,0.0
17014.0,0.5233333333333331,0.01,0.46666666666666684
18632.0,0.6666666666666666,0.3333333333333333,0.0
17858.0,0.4000000000000002,0.05333333333333334,0.5466666666666664
17617.0,0.0,0.5666666666666665,0.43333333333333346
18167.0,0.04000000000000004,0.6666666666666666,0.2933333333333333
18404.0,0.0833333333333334,0.25000000000000006,0.6666666666666666
17083.0,0.6666666666666666,0.3333333333333333,0.0
17320.0,0.5066666666666666,0.49333333333333335,0.0
18710.0,0.3299999999999999,0.12666666666666676,0.5433333333333333
18437.0,0.6666666666666667,0.0033333333333333375,0.33
18571.0,0.010000000000000012,0.6666666666666667,0.32333333333333325
17190.0,0.24666666666666667,0.2599999999999999,0.4933333333333334
17503.0,0.6599999999999999,0.3400000000000001,0.0
17740.0,0.6466666666666666,0.04000000000000004,0.3133333333333333
18282.0,0.39333333333333353,0.5499999999999997,0.05666666666666666
18041.0,0.6666666666666666,0.3333333333333333,0.0
18502.0,0.6666666666666666,0.3333333333333333,0.0
17144.0,0.2833333333333333,0.08000000000000003,0.6366666666666665
17387.0,0.6666666666666666,0.3333333333333333,0.0
17793.0,0.04666666666666668,0.3566666666666668,0.5966666666666665
17554.0,0.6666666666666666,0.26000000000000006,0.07333333333333339
18100.0,0.31999999999999995,0.6566666666666667,0.02333333333333336
18343.0,0.5866666666666669,0.34666666666666657,0.0666666666666667
18434.0,0.6433333333333332,0.3566666666666668,0.0
18705.0,0.0,0.4566666666666668,0.5433333333333331
17327.0,0.6666666666666666,0.016666666666666684,0.3166666666666666
17084.0,0.33,0.6666666666666667,0.0033333333333333375
18403.0,0.0,0.3333333333333333,0.6666666666666666
18160.0,0.6533333333333332,0.2633333333333333,0.08333333333333338
17622.0,0.6233333333333331,0.14666666666666686,0.2300000000000001
17861.0,0.36666666666666675,0.6266666666666665,0.006666666666666671
18639.0,0.6433333333333332,0.35666666666666685,0.0
17009.0,0.5833333333333331,0.3533333333333334,0.06333333333333335
17250.0,0.6666666666666666,0.3333333333333333,0.0
17981.0,0.5100000000000001,0.47666666666666674,0.013333333333333334
18222.0,0.19333333333333338,0.54,0.2666666666666667
17672.0,0.0,0.3333333333333333,0.6666666666666666
17435.0,0.3666666666666669,0.6333333333333331,0.0
18570.0,0.6633333333333333,0.003333333333333337,0.33333333333333337
17502.0,0.6666666666666666,0.3333333333333333,0.0
17741.0,0.6433333333333331,0.2200000000000001,0.13666666666666688
18283.0,0.3333333333333333,0.6666666666666666,0.0
18040.0,0.42000000000000015,0.3366666666666667,0.2433333333333331
17191.0,0.6633333333333333,0.2833333333333333,0.053333333333333385
18503.0,0.6666666666666666,0.3333333333333333,0.0
17792.0,0.0,0.5499999999999999,0.4500000000000001
17555.0,0.33666666666666667,0.0,0.6633333333333333
18101.0,0.6666666666666666,0.3333333333333333,0.0
18342.0,0.6666666666666666,0.3333333333333333,0.0
17145.0,0.6633333333333333,0.32999999999999996,0.006666666666666674
17386.0,0.0,0.3533333333333335,0.6466666666666665
18435.0,0.3333333333333333,0.0,0.6666666666666666
18704.0,0.6666666666666666,0.3333333333333333,0.0
18402.0,0.33666666666666667,0.0,0.6633333333333333
18161.0,0.07666666666666667,0.5466666666666666,0.37666666666666665
17623.0,0.6666666666666666,0.07000000000000005,0.26333333333333336
17860.0,0.030000000000000034,0.66,0.30999999999999994
17326.0,0.6566666666666665,0.34333333333333343,0.0
17085.0,0.6666666666666666,0.3333333333333333,0.0
18638.0,0.6666666666666667,0.0033333333333333375,0.33
17980.0,0.1500000000000002,0.6399999999999998,0.2100000000000001
18223.0,0.3366666666666667,0.016666666666666684,0.6466666666666666
17673.0,0.6666666666666666,0.27999999999999997,0.053333333333333385
17434.0,0.01666666666666668,0.35333333333333344,0.63
17008.0,0.6666666666666666,0.3333333333333333,0.0
17251.0,0.22666666666666674,0.10666666666666677,0.6666666666666664
17188.0,0.6666666666666666,0.3333333333333333,0.0
17742.0,0.0,0.5133333333333332,0.4866666666666668
17501.0,0.6666666666666663,0.18000000000000016,0.15333333333333354
18043.0,0.6666666666666667,0.33,0.0033333333333333375
18280.0,0.6666666666666666,0.3333333333333333,0.0
18569.0,0.4500000000000001,0.5499999999999999,0.0
17385.0,0.5666666666666667,0.15000000000000013,0.2833333333333332
17146.0,0.6199999999999998,0.37666666666666687,0.003333333333333336
17552.0,0.6666666666666664,0.12666666666666682,0.20666666666666678
17795.0,0.11333333333333342,0.6099999999999999,0.2766666666666667
18341.0,0.6666666666666666,0.3333333333333333,0.0
18102.0,0.6666666666666666,0.3333333333333333,0.0
18500.0,0.6599999999999999,0.0833333333333334,0.2566666666666667
17086.0,0.6666666666666666,0.04000000000000004,0.2933333333333333
17325.0,0.2100000000000001,0.6666666666666664,0.12333333333333348
18162.0,0.66,0.2866666666666667,0.05333333333333339
18401.0,0.6666666666666666,0.3333333333333333,0.0
17863.0,0.6666666666666664,0.2233333333333334,0.11000000000000011
17620.0,0.2466666666666667,0.08666666666666673,0.6666666666666665
18707.0,0.6666666666666666,0.3333333333333333,0.0
18432.0,0.6633333333333334,0.32333333333333325,0.01333333333333335
17248.0,0.6666666666666666,0.3333333333333333,0.0
17011.0,0.3600000000000002,0.6399999999999998,0.0
18220.0,0.4200000000000002,0.5799999999999997,0.0
17983.0,0.3333333333333333,0.0,0.6666666666666666
17433.0,0.6666666666666666,0.3333333333333333,0.0
17674.0,0.6666666666666666,0.3333333333333333,0.0
18637.0,0.5199999999999999,0.4600000000000001,0.019999999999999997
17743.0,0.4733333333333334,0.13666666666666674,0.3899999999999999
17500.0,0.043333333333333376,0.29333333333333333,0.6633333333333333
18042.0,0.6666666666666666,0.3333333333333333,0.0
18281.0,0.1433333333333335,0.19000000000000014,0.6666666666666663
17189.0,0.6666666666666666,0.3333333333333333,0.0
18568.0,0.6666666666666667,0.020000000000000025,0.3133333333333333
17553.0,0.2000000000000001,0.6666666666666663,0.1333333333333335
17794.0,0.6666666666666666,0.3333333333333333,0.0
18340.0,0.6666666666666666,0.043333333333333376,0.29
18103.0,0.6599999999999999,0.3400000000000001,0.0
17384.0,0.2433333333333334,0.5133333333333333,0.24333333333333323
17147.0,0.03666666666666671,0.29666666666666663,0.6666666666666666
18501.0,0.6399999999999998,0.3533333333333335,0.006666666666666672
18163.0,0.59,0.4100000000000001,0.0
18400.0,0.6666666666666666,0.3333333333333333,0.0
17862.0,0.3600000000000002,0.0033333333333333366,0.6366666666666664
17621.0,0.6499999999999999,0.0,0.3500000000000001
17087.0,0.13333333333333347,0.3566666666666667,0.5099999999999999
17324.0,0.0,0.3333333333333333,0.6666666666666666
18706.0,0.66,0.32333333333333325,0.016666666666666687
18433.0,0.6633333333333333,0.3366666666666667,0.0
18221.0,0.6666666666666666,0.3333333333333333,0.0
17982.0,0.3,0.04000000000000005,0.66
17432.0,0.6199999999999998,0.35333333333333344,0.02666666666666669
17675.0,0.6666666666666666,0.04666666666666671,0.2866666666666666
17249.0,0.12000000000000013,0.6666666666666664,0.21333333333333343
17010.0,0.03666666666666671,0.6633333333333332,0.3
18636.0,0.0366666666666667,0.5999999999999999,0.3633333333333334
18627.0,0.6633333333333333,0.3366666666666667,0.0
