18081.0,0.9298910999762114,0.05766776580128301,0.012441134222505394
18354.0,0.015979060676934883,0.9411606376080764,0.04286030171498877
17812.0,0.023575508656181313,0.052142389282708645,0.9242821020611101
17543.0,0.029625679655066364,0.9376695932187302,0.03270472712620341
17133.0,0.9089781474037077,0.07184557426845192,0.019176278327840388
17406.0,0.015979060676951602,0.9411606376078674,0.04286030171518107
18752.0,0.042644429060099666,0.9260130608563708,0.03134251008352951
18515.0,0.920434751811781,0.0628785018866055,0.01668674630161351
18303.0,0.005412689570212835,0.06858841352907874,0.9259988969007084
18028.0,0.01763488449376399,0.03963198928216148,0.9427331262240746
17482.0,0.026375406727452755,0.047290994323271524,0.9263335989492758
17753.0,0.8940926937386895,0.05082019509685263,0.055087111164457914
17203.0,0.9336487459875035,0.05017590766172905,0.016175346350767356
18590.0,0.9152581694209205,0.06679975036188864,0.0179420802171908
17693.0,0.911385658534316,0.0695189719577262,0.01909536950795792
17422.0,0.023575508656181313,0.052142389282708645,0.9242821020611101
17960.0,0.9311654823202081,0.056944301513390236,0.011890216166401632
18235.0,0.9271699963477733,0.0633715260629464,0.009458477589280282
16996.0,0.9298910999762114,0.05766776580128301,0.012441134222505394
17271.0,0.9311654823202081,0.056944301513390236,0.011890216166401632
18650.0,0.9353829546873073,0.05239994606452307,0.012217099248169674
17603.0,0.9127550886619907,0.06989243379611629,0.017352477541893046
17872.0,0.9298910999762114,0.05766776580128301,0.012441134222505394
18422.0,0.9311654823202081,0.056944301513390236,0.011890216166401632
18149.0,0.9255322558749156,0.060140996710501715,0.014326747414582593
17338.0,0.9336487459875035,0.05017590766172905,0.016175346350767356
17065.0,0.920434751811781,0.0628785018866055,0.01668674630161351
18455.0,0.9353829546873073,0.05239994606452307,0.012217099248169674
18692.0,0.02492817112231687,0.05519337496294162,0.9198784539147415
17132.0,0.04615168736473996,0.05912517148532477,0.8947231411499352
17407.0,0.04072143855457283,0.0684693689422412,0.8908091925031859
18080.0,0.04264442906009983,0.9260130608563703,0.031342510083529916
18355.0,0.058164327981110396,0.017441604288877918,0.9243940677300118
17813.0,0.9311654823202081,0.056944301513390236,0.011890216166401632
17542.0,0.9307145567166065,0.05234219831181328,0.016943244971580222
18514.0,0.03657073922322879,0.9189239046097857,0.04450535616698565
17202.0,0.028119924781917917,0.9276997337233734,0.04418034149470864
18302.0,0.9255322558749156,0.060140996710501715,0.014326747414582593
18029.0,0.9336487459875035,0.05017590766172905,0.016175346350767356
17483.0,0.9353829545815243,0.052399946154389865,0.012217099264085778
17752.0,0.024804139938656183,0.06206338813390959,0.9131324719274342
18591.0,0.04072143855457283,0.0684693689422412,0.8908091925031859
16997.0,0.02492817112231687,0.05519337496294162,0.9198784539147415
17270.0,0.03657073922322893,0.9189239046097851,0.04450535616698604
17692.0,0.9271699963477733,0.0633715260629464,0.009458477589280282
17423.0,0.9089781474037077,0.07184557426845192,0.019176278327840388
17961.0,0.024804139938656183,0.06206338813390959,0.9131324719274342
18234.0,0.9298910999762114,0.05766776580128301,0.012441134222505394
18651.0,0.8774973685944022,0.05494306302397681,0.06755956838162089
17339.0,0.8838543797591742,0.0741380923593403,0.04200752788148558
17064.0,0.920434751811781,0.0628785018866055,0.01668674630161351
17602.0,0.028119924781917917,0.9276997337233734,0.04418034149470864
17873.0,0.9152581694209205,0.06679975036188864,0.0179420802171908
18423.0,0.020666704144394393,0.04751597428016971,0.931817321575436
18148.0,0.028119924781917917,0.9276997337233734,0.04418034149470864
18454.0,0.025756684440884994,0.9263683185729612,0.047874996986153724
18693.0,0.8827200088478638,0.06639584033499821,0.05088415081713783
18513.0,0.024804139938656183,0.06206338813390959,0.9131324719274342
18352.0,0.9127550886619907,0.06989243379611629,0.017352477541893046
18083.0,1.452730918983022E-57,0.02800536570965839,0.9719946342903416
17541.0,0.9336487459875035,0.05017590766172905,0.016175346350767356
17814.0,0.8774973685944022,0.05494306302397681,0.06755956838162089
17404.0,0.8840103157106478,0.07411282971402185,0.041876854575330455
17135.0,0.9089781474037077,0.07184557426845192,0.019176278327840388
18588.0,0.8774978689979842,0.054943115204127806,0.06755901579788813
18030.0,0.0352894757968981,0.0352840714911262,0.9294264527119758
18301.0,0.025756684440884994,0.9263683185729612,0.047874996986153724
17755.0,0.03750025595423334,0.9124994043626524,0.05000033968311421
17480.0,0.026375406727452755,0.047290994323271524,0.9263335989492758
17201.0,0.9152581694209205,0.06679975036188864,0.0179420802171908
18648.0,0.9127550886619907,0.06989243379611629,0.017352477541893046
17420.0,0.8838543797591742,0.0741380923593403,0.04200752788148558
17695.0,0.920434751811781,0.0628785018866055,0.01668674630161351
18233.0,0.024687942144316112,0.9255541725947781,0.049757885260905826
17962.0,0.9311654823202081,0.056944301513390236,0.011890216166401632
17269.0,0.9089781474037077,0.07184557426845192,0.019176278327840388
16998.0,0.024804139938656183,0.06206338813390959,0.9131324719274342
18694.0,0.9307124960423552,0.05234420021250665,0.016943303745138305
18453.0,0.01876066986762258,0.9338582742555289,0.04738105587684863
17874.0,0.9298910999762114,0.05766776580128301,0.012441134222505394
17601.0,0.01876066986762258,0.9338582742555289,0.04738105587684863
18151.0,0.9255322558749156,0.060140996710501715,0.014326747414582593
18420.0,0.020666704144394393,0.04751597428016971,0.931817321575436
17067.0,0.005412689570212835,0.06858841352907874,0.9259988969007084
17336.0,0.9353829546873073,0.05239994606452307,0.012217099248169674
18512.0,0.042644429060099666,0.9260130608563708,0.03134251008352951
17405.0,0.03728880499230645,0.914145558339116,0.048565636668577536
17134.0,0.05816947156349267,0.01743974332983453,0.9243907851066727
18353.0,0.01763488449376399,0.03963198928216148,0.9427331262240746
18082.0,0.03657073922322879,0.9189239046097857,0.04450535616698565
17540.0,0.023575508656181313,0.052142389282708645,0.9242821020611101
17815.0,0.9336487459875035,0.05017590766172905,0.016175346350767356
18589.0,0.9311654823202081,0.056944301513390236,0.011890216166401632
17200.0,0.020666704144394393,0.04751597428016971,0.931817321575436
18031.0,0.9311654823202081,0.056944301513390236,0.011890216166401632
18300.0,0.02791270817894483,0.9315640862088156,0.04052320561223972
17754.0,0.01876066986762258,0.9338582742555289,0.04738105587684863
17481.0,0.04072143855457283,0.0684693689422412,0.8908091925031859
18649.0,0.920434751811781,0.0628785018866055,0.01668674630161351
17268.0,0.9336487459875035,0.05017590766172905,0.016175346350767356
16999.0,0.9271699963477733,0.0633715260629464,0.009458477589280282
17421.0,0.9336487459875035,0.05017590766172905,0.016175346350767356
17694.0,0.025756684440884994,0.9263683185729612,0.047874996986153724
18232.0,0.01876066986762258,0.9338582742555289,0.04738105587684863
17963.0,0.911385658534316,0.0695189719577262,0.01909536950795792
18695.0,0.9255322558749156,0.060140996710501715,0.014326747414582593
18452.0,0.9336487459875035,0.05017590766172905,0.016175346350767356
17066.0,0.9336487459875035,0.05017590766172905,0.016175346350767356
17337.0,0.9255322558749156,0.060140996710501715,0.014326747414582593
17875.0,0.027841427866016316,0.9316030333048675,0.04055553882911622
17600.0,0.9336487459875035,0.05017590766172905,0.016175346350767356
18150.0,0.9353829546873073,0.05239994606452307,0.012217099248169674
18421.0,0.027841427866016316,0.9316030333048675,0.04055553882911622
17486.0,0.911385658534316,0.0695189719577262,0.01909536950795792
17757.0,0.9336487459875035,0.05017590766172905,0.016175346350767356
18299.0,0.01876066986762258,0.9338582742555289,0.04738105587684863
18024.0,0.042644429060099666,0.9260130608563708,0.03134251008352951
17207.0,0.920434751811781,0.0628785018866055,0.01668674630161351
18586.0,0.9271699963477733,0.0633715260629464,0.009458477589280282
17808.0,0.8940926937386895,0.05082019509685263,0.055087111164457914
17539.0,0.015979060676934883,0.9411606376080764,0.04286030171498877
18085.0,0.8774973685944022,0.05494306302397681,0.06755956838162089
18358.0,0.9152581694209205,0.06679975036188864,0.0179420802171908
17129.0,0.920434751811781,0.0628785018866055,0.01668674630161351
17402.0,0.920434751811781,0.0628785018866055,0.01668674630161351
18519.0,0.06211202553489564,0.9068695435671664,0.031018430897937856
18418.0,0.911385658534316,0.0695189719577262,0.01909536950795792
18145.0,0.9089781474037077,0.07184557426845192,0.019176278327840388
17607.0,0.911385658534316,0.0695189719577262,0.01909536950795792
17876.0,0.02550246714284125,0.9390354249031658,0.035462107953992864
17342.0,0.008620817656686961,0.034483370493307984,0.9568958118500052
17069.0,0.911385658534316,0.0695189719577262,0.01909536950795792
18451.0,0.04072143855457283,0.0684693689422412,0.8908091925031859
18688.0,0.015979060676934883,0.9411606376080764,0.04286030171498877
17964.0,0.011587574466456928,0.017407028406323296,0.9710053971272197
18239.0,0.9353829546873073,0.05239994606452307,0.012217099248169674
17689.0,0.9336487459875035,0.05017590766172905,0.016175346350767356
17418.0,0.9311654823202081,0.056944301513390236,0.011890216166401632
16992.0,0.9152581694209205,0.06679975036188864,0.0179420802171908
17267.0,0.028119924781917917,0.9276997337233734,0.04418034149470864
18654.0,0.04072143855457253,0.06846936894223883,0.8908091925031886
17206.0,0.911385658534316,0.0695189719577262,0.01909536950795792
17487.0,0.9353829546873073,0.05239994606452307,0.012217099248169674
17756.0,0.011587574466456928,0.017407028406323296,0.9710053971272197
18298.0,0.04072143855457283,0.0684693689422412,0.8908091925031859
18025.0,0.028119924781917917,0.9276997337233734,0.04418034149470864
18587.0,0.9311654823202081,0.056944301513390236,0.011890216166401632
17128.0,0.023575508656181313,0.052142389282708645,0.9242821020611101
17403.0,0.023575508656181313,0.052142389282708645,0.9242821020611101
17809.0,0.01763488449376399,0.03963198928216148,0.9427331262240746
17538.0,0.9311654823202081,0.056944301513390236,0.011890216166401632
18084.0,0.9152581694209205,0.06679975036188864,0.0179420802171908
18359.0,0.9255322558749156,0.060140996710501715,0.014326747414582593
18518.0,0.023076584281266996,0.04615342274715598,0.9307699929715771
17343.0,0.9127550886619907,0.06989243379611629,0.017352477541893046
17068.0,0.9152581694209205,0.06679975036188864,0.0179420802171908
18419.0,0.9311654823202081,0.056944301513390236,0.011890216166401632
18144.0,0.018760703133881642,0.933858221089083,0.047381075777035354
17606.0,0.02550246714284125,0.9390354249031658,0.035462107953992864
17877.0,0.9255322558749156,0.060140996710501715,0.014326747414582593
18450.0,0.024687942144316112,0.9255541725947781,0.049757885260905826
18689.0,0.9336487459875035,0.05017590766172905,0.016175346350767356
16993.0,0.015273926220793326,0.07544625491652887,0.909279818862678
17266.0,0.8940926937390171,0.05082019509690719,0.05508711116407567
17965.0,0.8688825504494146,0.05631901261103271,0.07479843693955268
18238.0,0.9298910999762114,0.05766776580128301,0.012441134222505394
17688.0,0.026375406727452755,0.047290994323271524,0.9263335989492758
17419.0,0.911385658534316,0.0695189719577262,0.01909536950795792
18655.0,0.024687942144316112,0.9255541725947781,0.049757885260905826
18584.0,0.9127550886619907,0.06989243379611629,0.017352477541893046
17759.0,0.03475303794804303,0.9222471335416296,0.042999828510327416
17484.0,0.9271699963477733,0.0633715260629464,0.009458477589280282
18026.0,0.015979060676934883,0.9411606376080764,0.04286030171498877
18297.0,0.8940926937386895,0.05082019509685263,0.055087111164457914
17205.0,0.9298910999762114,0.05766776580128301,0.012441134222505394
18517.0,0.03750025595423334,0.9124994043626524,0.05000033968311421
17537.0,0.026375406727452755,0.047290994323271524,0.9263335989492758
17810.0,0.9298910999762114,0.05766776580128301,0.012441134222505394
18356.0,0.06211202553489564,0.9068695435671664,0.031018430897937856
18087.0,0.029522276121184195,0.9406369169164767,0.029840806962339216
17400.0,0.9298910999762114,0.05766776580128301,0.012441134222505394
17131.0,0.02492817112231687,0.05519337496294162,0.9198784539147415
18690.0,0.9127550886619907,0.06989243379611629,0.017352477541893046
18449.0,0.01473769272510283,0.9380092636708769,0.04725304360402041
18147.0,0.029625679655066364,0.9376695932187302,0.03270472712620341
18416.0,0.920434751811781,0.0628785018866055,0.01668674630161351
17878.0,0.028119924781917917,0.9276997337233734,0.04418034149470864
17605.0,0.015273926220793326,0.07544625491652887,0.909279818862678
17071.0,0.920434751811781,0.0628785018866055,0.01668674630161351
17340.0,0.9127550886619907,0.06989243379611629,0.017352477541893046
18652.0,0.9336487459875035,0.05017590766172905,0.016175346350767356
18237.0,0.9311654823202081,0.056944301513390236,0.011890216166401632
17966.0,0.9113856300913641,0.06951899942343295,0.019095370485202844
17416.0,0.024688526889795316,0.92555356698588,0.04975790612432465
17691.0,0.04317344570635864,0.05086939160947004,0.9059571626841713
17265.0,0.02066670416367762,0.04751597426855104,0.9318173215677713
16994.0,0.8774973685944022,0.05494306302397681,0.06755956838162089
18585.0,0.9127550886619907,0.06989243379611629,0.017352477541893046
17204.0,0.04657893251588479,0.8864619557819755,0.06695911170213965
17758.0,0.015979060676934883,0.9411606376080764,0.04286030171498877
17485.0,0.9298910999762114,0.05766776580128301,0.012441134222505394
18027.0,0.04615168736473163,0.05912517148531538,0.8947231411499531
18296.0,0.911385658534316,0.0695189719577262,0.01909536950795792
18516.0,0.023575508656181313,0.052142389282708645,0.9242821020611101
17401.0,0.8774973685944022,0.05494306302397681,0.06755956838162089
17130.0,0.9311654823202081,0.056944301513390236,0.011890216166401632
17536.0,0.8688825504494146,0.05631901261103271,0.07479843693955268
17811.0,0.04601451371972731,0.013091291627280332,0.9408941946529924
18357.0,0.9311654823202081,0.056944301513390236,0.011890216166401632
18086.0,0.9336487459875035,0.05017590766172905,0.016175346350767356
18691.0,0.04072143855457283,0.0684693689422412,0.8908091925031859
18448.0,0.040721438590809074,0.06846936907215634,0.8908091923370346
17070.0,0.029522276121184195,0.9406369169164767,0.029840806962339216
17341.0,0.920434751811781,0.0628785018866055,0.01668674630161351
18146.0,0.9336487459875035,0.05017590766172905,0.016175346350767356
18417.0,0.9152581694209205,0.06679975036188864,0.0179420802171908
17879.0,0.8827200088478638,0.06639584033499821,0.05088415081713783
17604.0,0.9271699963477733,0.0633715260629464,0.009458477589280282
18653.0,0.920434751811781,0.0628785018866055,0.01668674630161351
17264.0,0.9311654823202081,0.056944301513390236,0.011890216166401632
16995.0,0.03889357484626197,0.9288917872136715,0.03221463794006658
18236.0,0.03889357484626197,0.9288917872136715,0.03221463794006658
17967.0,0.9353829546873073,0.05239994606452307,0.012217099248169674
17417.0,0.8774973685944022,0.05494306302397681,0.06755956838162089
17690.0,0.8885921810249808,0.05615570356011779,0.05525211541490142
17004.0,0.029625679655066364,0.9376695932187302,0.03270472712620341
17279.0,0.9311654823202081,0.056944301513390236,0.011890216166401632
17685.0,0.023575508656181313,0.052142389282708645,0.9242821020611101
17414.0,0.9353829546873073,0.05239994606452307,0.012217099248169674
17952.0,1.4586753961500866E-57,0.028005696771090688,0.9719943032289093
18227.0,0.024804139938656183,0.06206338813390959,0.9131324719274342
18642.0,0.03657073922322879,0.9189239046097857,0.04450535616698565
17330.0,0.911385658534316,0.0695189719577262,0.01909536950795792
17057.0,0.9311654823202081,0.056944301513390236,0.011890216166401632
17611.0,0.029625679655066364,0.9376695932187302,0.03270472712620341
17880.0,0.04615168736473996,0.05912517148532477,0.8947231411499352
18430.0,0.01473769272510283,0.9380092636708769,0.04725304360402041
18157.0,0.9068447901615324,0.06053508054231689,0.03262012929615068
18463.0,0.9336487459875035,0.05017590766172905,0.016175346350767356
18700.0,0.014737693779841575,0.9380092619214724,0.04725304429868615
17125.0,0.017634884493749538,0.03963198928216197,0.9427331262240886
17398.0,0.920434748479962,0.06287850113205251,0.01668675038798564
18089.0,0.04615168736473996,0.05912517148532477,0.8947231411499352
18362.0,0.9311654823202081,0.056944301513390236,0.011890216166401632
17820.0,0.038846880551160354,0.928899910669796,0.03225320877904361
17551.0,0.023575508656181313,0.052142389282708645,0.9242821020611101
18523.0,0.9311654823202081,0.056944301513390236,0.011890216166401632
17211.0,0.0352894757968981,0.0352840714911262,0.9294264527119758
18295.0,0.9255322558749156,0.060140996710501715,0.014326747414582593
18020.0,0.9311654823202081,0.056944301513390236,0.011890216166401632
17474.0,0.02492817112231687,0.05519337496294162,0.9198784539147415
17745.0,0.9353829546873073,0.05239994606452307,0.012217099248169674
18582.0,0.026375406727452755,0.047290994323271524,0.9263335989492758
17684.0,0.024687942144316112,0.9255541725947781,0.049757885260905826
17415.0,0.02952228426970535,0.9406369076217145,0.02984080810858019
17953.0,0.01876066986762258,0.9338582742555289,0.04738105587684863
18226.0,0.020666704144394393,0.04751597428016971,0.931817321575436
17005.0,0.9271699963477733,0.0633715260629464,0.009458477589280282
17278.0,0.8838543797591742,0.0741380923593403,0.04200752788148558
18643.0,0.9336487459875035,0.05017590766172905,0.016175346350767356
17610.0,0.017386584466762986,0.03964037128725672,0.9429730442459804
17881.0,0.9271699963477733,0.0633715260629464,0.009458477589280282
18431.0,0.03657073922322879,0.9189239046097857,0.04450535616698565
18156.0,0.04601451371972731,0.013091291627280332,0.9408941946529924
17331.0,0.027841427866016316,0.9316030333048675,0.04055553882911622
17056.0,0.9336487459875035,0.05017590766172905,0.016175346350767356
18462.0,0.024804139938656183,0.06206338813390959,0.9131324719274342
18701.0,0.03657073922322879,0.9189239046097857,0.04450535616698565
18088.0,0.06211202553489564,0.9068695435671664,0.031018430897937856
18363.0,0.05816947156799275,0.01743974332820652,0.9243907851038007
17821.0,0.04072143855457283,0.0684693689422412,0.8908091925031859
17550.0,0.9311654823202081,0.056944301513390236,0.011890216166401632
17124.0,0.05816947156799275,0.01743974332820652,0.9243907851038007
17399.0,0.9271699963477733,0.0633715260629464,0.009458477589280282
18522.0,0.020666704144394393,0.04751597428016971,0.931817321575436
18294.0,0.925459426006671,0.06020238869613539,0.014338185297193554
18021.0,0.015978802819571186,0.9411608841773041,0.0428603130031246
17475.0,0.02492817112231687,0.05519337496294162,0.9198784539147415
17744.0,0.015273926220793326,0.07544625491652887,0.909279818862678
17210.0,0.025756684440884994,0.9263683185729612,0.047874996986153724
18583.0,0.808803024418017,0.04412036226643914,0.14707661331554386
18640.0,0.9336487459875035,0.05017590766172905,0.016175346350767356
17277.0,0.9336487459875035,0.05017590766172905,0.016175346350767356
17006.0,0.9271699963477733,0.0633715260629464,0.009458477589280282
17412.0,0.7904439745355791,0.051951349992585584,0.1576046754718353
17687.0,0.9271699963477733,0.0633715260629464,0.009458477589280282
18225.0,0.9271699963477733,0.0633715260629464,0.009458477589280282
17954.0,0.9311654823202081,0.056944301513390236,0.011890216166401632
18702.0,0.9353829546873073,0.05239994606452307,0.012217099248169674
18461.0,0.03657073922322879,0.9189239046097857,0.04450535616698565
17059.0,0.9152581694209205,0.06679975036188864,0.0179420802171908
17328.0,0.024687942144316112,0.9255541725947781,0.049757885260905826
17882.0,0.0,0.9483046406948406,0.05169535930515937
17609.0,0.9152581694209205,0.06679975036188864,0.0179420802171908
18159.0,0.0352894757968981,0.0352840714911262,0.9294264527119758
18428.0,0.026375406727452755,0.047290994323271524,0.9263335989492758
18521.0,0.9127550886619907,0.06989243379611629,0.017352477541893046
17396.0,0.9255322558749156,0.060140996710501715,0.014326747414582593
17127.0,0.920434751811781,0.0628785018866055,0.01668674630161351
18360.0,0.9127550886619907,0.06989243379611629,0.017352477541893046
18091.0,0.04317344570635864,0.05086939160947004,0.9059571626841713
17549.0,0.9127550886619907,0.06989243379611629,0.017352477541893046
17822.0,0.8688825504494146,0.05631901261103271,0.07479843693955268
18580.0,0.9271699963477733,0.0633715260629464,0.009458477589280282
17209.0,0.026375406727452755,0.047290994323271524,0.9263335989492758
18022.0,0.024687942144316112,0.9255541725947781,0.049757885260905826
18293.0,0.029522276121184195,0.9406369169164767,0.029840806962339216
17747.0,0.015273926220793326,0.07544625491652887,0.909279818862678
17472.0,0.9336487459875035,0.05017590766172905,0.016175346350767356
18641.0,0.8774973685944022,0.05494306302397681,0.06755956838162089
17413.0,0.920434751811781,0.0628785018866055,0.01668674630161351
17686.0,0.020666704144394393,0.04751597428016971,0.931817321575436
18224.0,0.9271699963477733,0.0633715260629464,0.009458477589280282
17955.0,0.8827200088478638,0.06639584033499821,0.05088415081713783
17276.0,0.920434751811781,0.0628785018866055,0.01668674630161351
17007.0,0.9353829546873073,0.05239994606452307,0.012217099248169674
18703.0,0.9152581694209205,0.06679975036188864,0.0179420802171908
18460.0,0.9152581694209205,0.06679975036188864,0.0179420802171908
17883.0,0.9127550886619907,0.06989243379611629,0.017352477541893046
17608.0,0.9298910999762114,0.05766776580128301,0.012441134222505394
18158.0,0.9089781474037077,0.07184557426845192,0.019176278327840388
18429.0,0.8940926937386895,0.05082019509685263,0.055087111164457914
17058.0,0.9307145567166065,0.05234219831181328,0.016943244971580222
17329.0,0.029522276121184195,0.9406369169164767,0.029840806962339216
18520.0,0.026375406727452755,0.047290994323271524,0.9263335989492758
18361.0,0.024695084710504342,0.9255218133045715,0.04978310198492415
18090.0,0.03686333468428728,0.9155270143475739,0.04760965096813897
17548.0,0.9152581694209205,0.06679975036188864,0.0179420802171908
17823.0,0.023575508656181313,0.052142389282708645,0.9242821020611101
17397.0,0.008620817656686961,0.034483370493307984,0.9568958118500052
17126.0,0.020666704144394393,0.04751597428016971,0.931817321575436
18581.0,0.011587574466456928,0.017407028406323296,0.9710053971272197
18023.0,0.9089781474037077,0.07184557426845192,0.019176278327840388
18292.0,0.029522276121184195,0.9406369169164767,0.029840806962339216
17746.0,0.05816947156799136,0.01743974332820702,0.9243907851038016
17473.0,0.04615168736473996,0.05912517148532477,0.8947231411499352
17208.0,0.9353829546873073,0.05239994606452307,0.012217099248169674
17334.0,0.9353829546873073,0.05239994606452307,0.012217099248169674
17061.0,0.9353829546873073,0.05239994606452307,0.012217099248169674
18426.0,0.020666704144394393,0.04751597428016971,0.931817321575436
18153.0,0.9127550886619907,0.06989243379611629,0.017352477541893046
17615.0,0.920434751811781,0.0628785018866055,0.01668674630161351
17884.0,0.911385658534316,0.0695189719577262,0.01909536950795792
18459.0,0.029625679655066364,0.9376695932187302,0.03270472712620341
18696.0,0.023575508656181313,0.052142389282708645,0.9242821020611101
17000.0,0.023575508656181313,0.052142389282708645,0.9242821020611101
17275.0,0.02550246714284125,0.9390354249031658,0.035462107953992864
17956.0,0.8838543797591742,0.0741380923593403,0.04200752788148558
18231.0,0.930714556716535,0.05234219831188268,0.016943244971582266
17681.0,0.9298910999762114,0.05766776580128301,0.012441134222505394
17410.0,0.029522276121184195,0.9406369169164767,0.029840806962339216
18646.0,0.042644429060099666,0.9260130608563708,0.03134251008352951
17215.0,0.02550246714284125,0.9390354249031658,0.035462107953992864
17478.0,0.8774973685944022,0.05494306302397681,0.06755956838162089
17749.0,0.920434751811781,0.0628785018866055,0.01668674630161351
18291.0,0.9311654823202081,0.056944301513390236,0.011890216166401632
18016.0,0.015979060676934883,0.9411606376080764,0.04286030171498877
18578.0,0.04317344570635864,0.05086939160947004,0.9059571626841713
17121.0,0.03657073922322879,0.9189239046097857,0.04450535616698565
17394.0,0.04657893251588176,0.8864619557819798,0.0669591117021384
17816.0,0.05816947156799275,0.01743974332820652,0.9243907851038007
17547.0,0.9298910999762114,0.05766776580128301,0.012441134222505394
18093.0,0.029522276121184195,0.9406369169164767,0.029840806962339216
18366.0,0.9336487459875035,0.05017590766172905,0.016175346350767356
18527.0,0.920434751811781,0.0628785018866055,0.01668674630161351
18427.0,0.9271699963477733,0.0633715260629464,0.009458477589280282
18152.0,0.03529390412970897,0.029411348793049436,0.9352947470772416
17614.0,0.008620817656686961,0.034483370493307984,0.9568958118500052
17885.0,0.9298910999762114,0.05766776580128301,0.012441134222505394
17335.0,0.9127550886619907,0.06989243379611629,0.017352477541893046
17060.0,0.01473769272510283,0.9380092636708769,0.04725304360402041
18458.0,0.04072143855457283,0.0684693689422412,0.8908091925031859
18697.0,0.02492817112231687,0.05519337496294162,0.9198784539147415
17957.0,0.01763488449376399,0.03963198928216148,0.9427331262240746
18230.0,0.04317344570635864,0.05086939160947004,0.9059571626841713
17680.0,0.9298910999762114,0.05766776580128301,0.012441134222505394
17411.0,0.920434751811781,0.0628785018866055,0.01668674630161351
17001.0,0.9255322558749156,0.060140996710501715,0.014326747414582593
17274.0,0.020666704144394393,0.04751597428016971,0.931817321575436
18647.0,0.9307145567166065,0.05234219831181328,0.016943244971580222
17479.0,0.03728880499230645,0.914145558339116,0.048565636668577536
17748.0,0.027841427866016316,0.9316030333048675,0.04055553882911622
18290.0,0.9255322558749156,0.060140996710501715,0.014326747414582593
18017.0,0.023575508656181313,0.052142389282708645,0.9242821020611101
17214.0,0.0352894757968981,0.0352840714911262,0.9294264527119758
18579.0,0.9298910999762114,0.05766776580128301,0.012441134222505394
17817.0,0.025756684440884994,0.9263683185729612,0.047874996986153724
17546.0,0.9353829546873073,0.05239994606452307,0.012217099248169674
18092.0,0.9311654823202081,0.056944301513390236,0.011890216166401632
18367.0,0.04657893251588479,0.8864619557819755,0.06695911170213965
17120.0,0.04657893251588479,0.8864619557819755,0.06695911170213965
17395.0,0.8774973685944022,0.05494306302397681,0.06755956838162089
18526.0,0.008620817656686961,0.034483370493307984,0.9568958118500052
18698.0,0.9271699963477733,0.0633715260629464,0.009458477589280282
18457.0,0.9311654823202081,0.056944301513390236,0.011890216166401632
17063.0,0.04615168736473996,0.05912517148532477,0.8947231411499352
17332.0,0.02492817112231687,0.05519337496294162,0.9198784539147415
18155.0,0.02492817112231687,0.05519337496294162,0.9198784539147415
18424.0,0.05816947156799275,0.01743974332820652,0.9243907851038007
17886.0,0.920434751811781,0.0628785018866055,0.01668674630161351
17613.0,0.9298910999762114,0.05766776580128301,0.012441134222505394
18644.0,0.9271699963477733,0.0633715260629464,0.009458477589280282
17273.0,0.9255322558749156,0.060140996710501715,0.014326747414582593
17002.0,0.029625679659251305,0.9376695931984921,0.032704727142256584
18229.0,0.9152581694209205,0.06679975036188864,0.0179420802171908
17958.0,0.04317344570635864,0.05086939160947004,0.9059571626841713
17408.0,0.9311654823202081,0.056944301513390236,0.011890216166401632
17683.0,0.8838543797591742,0.0741380923593403,0.04200752788148558
18576.0,0.9353829546873073,0.05239994606452307,0.012217099248169674
17213.0,0.9127550886619907,0.06989243379611629,0.017352477541893046
17751.0,0.8838543797591742,0.0741380923593403,0.04200752788148558
17476.0,0.9127550886619907,0.06989243379611629,0.017352477541893046
18018.0,0.920434751811781,0.0628785018866055,0.01668674630161351
18289.0,0.8774973685944022,0.05494306302397681,0.06755956838162089
18525.0,0.920434751811781,0.0628785018866055,0.01668674630161351
17392.0,0.9271699963477733,0.0633715260629464,0.009458477589280282
17123.0,0.027841427866016316,0.9316030333048675,0.04055553882911622
17545.0,0.03529390412970897,0.029411348793049436,0.9352947470772416
17818.0,0.9152581694209205,0.06679975036188864,0.0179420802171908
18364.0,0.9089781474037077,0.07184557426845192,0.019176278327840388
18095.0,0.04615168736473996,0.05912517148532477,0.8947231411499352
18699.0,0.04072143855457283,0.0684693689422412,0.8908091925031859
18456.0,0.029522276121184195,0.9406369169164767,0.029840806962339216
18154.0,0.020666704144394393,0.04751597428016971,0.931817321575436
18425.0,0.9127550886619907,0.06989243379611629,0.017352477541893046
17887.0,0.026375406727452755,0.047290994323271524,0.9263335989492758
17612.0,0.029693631334206473,0.9375819029592686,0.03272446570652508
17062.0,0.0,0.9483046406948406,0.05169535930515937
17333.0,0.9089781474037077,0.07184557426845192,0.019176278327840388
18645.0,0.01763488449376399,0.03963198928216148,0.9427331262240746
18228.0,0.8838543797591742,0.0741380923593403,0.04200752788148558
17959.0,0.024804139938656183,0.06206338813390959,0.9131324719274342
17409.0,0.005412689570212835,0.06858841352907874,0.9259988969007084
17682.0,0.9353829546873073,0.05239994606452307,0.012217099248169674
17272.0,0.8688825504494146,0.05631901261103271,0.07479843693955268
17003.0,0.01876066986762258,0.9338582742555289,0.04738105587684863
18577.0,0.015979060676934883,0.9411606376080764,0.04286030171498877
17750.0,0.06211202553489564,0.9068695435671664,0.031018430897937856
17477.0,0.01876066986762258,0.9338582742555289,0.04738105587684863
18019.0,0.9336487459874866,0.05017590766174341,0.016175346350770135
18288.0,0.9336487459875035,0.05017590766172905,0.016175346350767356
17212.0,0.02307658426723433,0.046153422754609555,0.9307699929781561
18524.0,0.024687942144316112,0.9255541725947781,0.049757885260905826
17544.0,0.9336487459875035,0.05017590766172905,0.016175346350767356
17819.0,0.9336487459875035,0.05017590766172905,0.016175346350767356
18365.0,0.9336487459875035,0.05017590766172905,0.016175346350767356
18094.0,0.020666704144394393,0.04751597428016971,0.931817321575436
17393.0,0.05816947156799275,0.01743974332820652,0.9243907851038007
17122.0,0.026375406727452255,0.04729099432327126,0.9263335989492766
18498.0,0.9110192845112113,0.06987280058032698,0.01910791490846177
17148.0,0.008620817656686961,0.034483370493307984,0.9568958118500052
17391.0,0.03728880499230645,0.914145558339116,0.048565636668577536
18096.0,0.9271699963477733,0.0633715260629464,0.009458477589280282
18339.0,0.028119924781917917,0.9276997337233734,0.04418034149470864
17797.0,0.029625679655066364,0.9376695932187302,0.03270472712620341
17558.0,0.9271699963477733,0.0633715260629464,0.009458477589280282
18575.0,0.9255322558749156,0.060140996710501715,0.014326747414582593
17186.0,0.8688825504494146,0.05631901261103271,0.07479843693955268
18286.0,0.015979060676934883,0.9411606376080764,0.04286030171498877
18045.0,0.9127550886619907,0.06989243379611629,0.017352477541893046
17499.0,0.04615168736473996,0.05912517148532477,0.8947231411499352
17736.0,0.7904439745355791,0.051951349992585584,0.1576046754718353
18635.0,0.020666704144394393,0.04751597428016971,0.931817321575436
17013.0,0.9336487459875035,0.05017590766172905,0.016175346350767356
17254.0,0.015273926220793326,0.07544625491652887,0.909279818862678
17676.0,0.01763488449376399,0.03963198928216148,0.9427331262240746
17439.0,0.9336487459875035,0.05017590766172905,0.016175346350767356
17977.0,0.8774973685944022,0.05494306302397681,0.06755956838162089
18218.0,0.029625679655066364,0.9376695932187302,0.03270472712620341
18438.0,0.9127550886619907,0.06989243379611629,0.017352477541893046
18709.0,0.03728880499230645,0.914145558339116,0.048565636668577536
17323.0,0.8774973685944022,0.05494306302397681,0.06755956838162089
17080.0,0.04657893251588479,0.8864619557819755,0.06695911170213965
17618.0,0.9307145567166065,0.05234219831181328,0.016943244971580222
17857.0,0.023575508656181313,0.052142389282708645,0.9242821020611101
18407.0,0.015979060676934883,0.9411606376080764,0.04286030171498877
18164.0,0.9311654823202081,0.056944301513390236,0.011890216166401632
18499.0,0.920434751811781,0.0628785018866055,0.01668674630161351
18097.0,0.03728880499230645,0.914145558339116,0.048565636668577536
18338.0,0.04317344570635864,0.05086939160947004,0.9059571626841713
17796.0,0.03728880499230645,0.914145558339116,0.048565636668577536
17559.0,0.02345289321528673,0.045791301599000224,0.9307558051857131
17149.0,0.04317344570635864,0.05086939160947004,0.9059571626841713
17390.0,0.920434751811781,0.0628785018866055,0.01668674630161351
18574.0,0.04072143855457283,0.0684693689422412,0.8908091925031859
18287.0,0.9271699963477733,0.0633715260629464,0.009458477589280282
18044.0,0.9336487459875035,0.05017590766172905,0.016175346350767356
17498.0,0.9152581694209205,0.06679975036188864,0.0179420802171908
17737.0,0.8774973685944022,0.05494306302397681,0.06755956838162089
17187.0,0.9307145567166065,0.05234219831181328,0.016943244971580222
18634.0,0.920434751811781,0.0628785018866055,0.01668674630161351
17677.0,0.024687942144316112,0.9255541725947781,0.049757885260905826
17438.0,0.911385658534316,0.0695189719577262,0.01909536950795792
17976.0,0.008620817662538778,0.03448337050007591,0.9568958118373854
18219.0,0.8940926937386895,0.05082019509685263,0.055087111164457914
17012.0,0.8838543797591742,0.0741380923593403,0.04200752788148558
17255.0,0.0352894757968981,0.0352840714911262,0.9294264527119758
18439.0,0.023575508656181313,0.052142389282708645,0.9242821020611101
18708.0,0.03538818662562108,0.9270283416082162,0.03758347176616272
17619.0,0.03657073922322879,0.9189239046097857,0.04450535616698565
17856.0,0.9255322558749156,0.060140996710501715,0.014326747414582593
18406.0,0.9255322558749156,0.060140996710501715,0.014326747414582593
18165.0,0.8940926937386895,0.05082019509685263,0.055087111164457914
17322.0,0.9298910999762114,0.05766776580128301,0.012441134222505394
17081.0,0.9152581694209205,0.06679975036188864,0.0179420802171908
17389.0,0.01763488449376399,0.03963198928216148,0.9427331262240746
17150.0,0.9127550886619907,0.06989243379611629,0.017352477541893046
18337.0,0.042644429060099666,0.9260130608563708,0.03134251008352951
18098.0,0.9127550886619907,0.06989243379611629,0.017352477541893046
17556.0,0.02550246714284125,0.9390354249031658,0.035462107953992864
17799.0,0.9152581694209205,0.06679975036188864,0.0179420802171908
18496.0,0.0352894757968981,0.0352840714911262,0.9294264527119758
17184.0,0.04615168736473996,0.05912517148532477,0.8947231411499352
18047.0,0.9113856584266805,0.06951897206166348,0.019095369511656076
18284.0,0.023575508656181313,0.052142389282708645,0.9242821020611101
17738.0,0.9298910999762114,0.05766776580128301,0.012441134222505394
17497.0,0.9336487459875035,0.05017590766172905,0.016175346350767356
18573.0,0.9298910999762114,0.05766776580128301,0.012441134222505394
17252.0,0.9311654823202081,0.056944301513390236,0.011890216166401632
17015.0,0.911385658534316,0.0695189719577262,0.01909536950795792
17437.0,0.005412689570212835,0.06858841352907874,0.9259988969007084
17678.0,0.028119924781917917,0.9276997337233734,0.04418034149470864
18216.0,0.911385658534316,0.0695189719577262,0.01909536950795792
17979.0,0.9152581694209205,0.06679975036188864,0.0179420802171908
18633.0,0.042644429060099666,0.9260130608563708,0.03134251008352951
17082.0,0.02550246714284125,0.9390354249031658,0.035462107953992864
17321.0,0.9353829546873073,0.05239994606452307,0.012217099248169674
17859.0,0.04657887912681804,0.8864620311412522,0.06695908973192966
17616.0,0.028119924781917917,0.9276997337233734,0.04418034149470864
18166.0,1.452730918983022E-57,0.02800536570965839,0.9719946342903416
18405.0,0.8774973685944022,0.05494306302397681,0.06755956838162089
18711.0,0.9353829546873073,0.05239994606452307,0.012217099248169674
18436.0,0.02492817112231687,0.05519337496294162,0.9198784539147415
18336.0,0.01763488449376399,0.03963198928216148,0.9427331262240746
18099.0,0.01763488449392022,0.03963198928290746,0.9427331262231723
17557.0,0.04072143855457283,0.0684693689422412,0.8908091925031859
17798.0,0.01763488449376399,0.03963198928216148,0.9427331262240746
17388.0,0.8827200088478638,0.06639584033499821,0.05088415081713783
17151.0,0.023575508656181313,0.052142389282708645,0.9242821020611101
18497.0,0.9271699963477733,0.0633715260629464,0.009458477589280282
18046.0,0.029522276121184195,0.9406369169164767,0.029840806962339216
18285.0,0.9298910999762114,0.05766776580128301,0.012441134222505394
17739.0,0.04317344570635864,0.05086939160947004,0.9059571626841713
17496.0,0.029625679655066364,0.9376695932187302,0.03270472712620341
17185.0,0.9336487459875035,0.05017590766172905,0.016175346350767356
18572.0,0.04072143855457283,0.0684693689422412,0.8908091925031859
17436.0,0.9311654823202081,0.056944301513390236,0.011890216166401632
17679.0,0.023575508656181313,0.052142389282708645,0.9242821020611101
18217.0,0.9307145567166065,0.05234219831181328,0.016943244971580222
17978.0,0.920434751811781,0.0628785018866055,0.01668674630161351
17253.0,0.05816947156799039,0.01743974332820737,0.9243907851038022
17014.0,0.015273926220793326,0.07544625491652887,0.909279818862678
18632.0,0.9336487459875035,0.05017590766172905,0.016175346350767356
17858.0,0.005412689570212835,0.06858841352907874,0.9259988969007084
17617.0,0.04072143855457283,0.0684693689422412,0.8908091925031859
18167.0,0.01876066986762258,0.9338582742555289,0.04738105587684863
18404.0,0.026375406727452755,0.047290994323271524,0.9263335989492758
17083.0,0.920434751811781,0.0628785018866055,0.01668674630161351
17320.0,0.9311654823202081,0.056944301513390236,0.011890216166401632
18710.0,0.8940926937386895,0.05082019509685263,0.055087111164457914
18437.0,0.8827200088478638,0.06639584033499821,0.05088415081713783
18571.0,0.01876066986762258,0.9338582742555289,0.04738105587684863
17190.0,0.024687942144316112,0.9255541725947781,0.049757885260905826
17503.0,0.027841427866016316,0.9316030333048675,0.04055553882911622
17740.0,0.011587574466456928,0.017407028406323296,0.9710053971272197
18282.0,0.03750025595423334,0.9124994043626524,0.05000033968311421
18041.0,0.9353829546873073,0.05239994606452307,0.012217099248169674
18502.0,0.015979060676934883,0.9411606376080764,0.04286030171498877
17144.0,0.9307145567166065,0.05234219831181328,0.016943244971580222
17387.0,0.8940926937386895,0.05082019509685263,0.055087111164457914
17793.0,0.023575508656181313,0.052142389282708645,0.9242821020611101
17554.0,0.8688825504494146,0.05631901261103271,0.07479843693955268
18100.0,0.029625679655066364,0.9376695932187302,0.03270472712620341
18343.0,0.023575508656181313,0.052142389282708645,0.9242821020611101
18434.0,0.9311654823202081,0.056944301513390236,0.011890216166401632
18705.0,0.02492817112231687,0.05519337496294162,0.9198784539147415
17327.0,0.04072143855457283,0.0684693689422412,0.8908091925031859
17084.0,0.9336487459875035,0.05017590766172905,0.016175346350767356
18403.0,0.03728880499230645,0.914145558339116,0.048565636668577536
18160.0,0.03867645763207407,0.9226803767400931,0.03864316562783286
17622.0,0.9152581694209205,0.06679975036188864,0.0179420802171908
17861.0,0.025756684440884994,0.9263683185729612,0.047874996986153724
18639.0,0.9298910999762114,0.05766776580128301,0.012441134222505394
17009.0,0.9307145567166065,0.05234219831181328,0.016943244971580222
