18081.0,0.27633762266168976,0.7234361609351773,2.2621640313298064E-4
18354.0,0.6784655717833769,0.3211008317730034,4.3359644361966614E-4
17812.0,0.07004740528117995,0.01295117302392815,0.9170014216948918
17543.0,3.750446255663117E-4,0.0017801012085117925,0.997844854165922
17133.0,0.0011967677119317042,0.9858520210969749,0.01295121119109338
17406.0,0.7519423228310844,0.24708605951530133,9.716176536143045E-4
18752.0,0.0010591006679272306,0.9989335853730819,7.313958991005545E-6
18515.0,0.9941701021171399,0.00582404109603691,5.85678682323299E-6
18303.0,0.14150039521584287,0.8446178330068337,0.013881771777323406
18028.0,1.5655627834144194E-11,8.719947303070097E-11,0.9999999998971449
17482.0,7.269925437456964E-5,3.869478735751949E-4,0.9995403528720503
17753.0,0.9918877323640245,0.007781276806146463,3.3099082982899336E-4
17203.0,0.7772214136924487,0.15606010791664157,0.06671847839090979
18590.0,0.9951363350286965,0.004859395084825081,4.269886478518969E-6
17693.0,0.9998671646187848,1.324794501480845E-4,3.5593106718894234E-7
17422.0,0.007786722702896591,0.028456321422820906,0.9637569558742826
17960.0,0.9694681495436447,0.015014854628640826,0.015516995827714415
18235.0,0.956681178039784,0.009674965762479058,0.03364385619773681
16996.0,0.9958556550043802,0.004143513949142724,8.310464769388342E-7
17271.0,0.9996229931674427,3.741326655913452E-4,2.8741669659037417E-6
18650.0,0.9885060421032615,0.011465227115077838,2.8730781660662694E-5
17603.0,0.997809351221907,0.002188731686513005,1.9170915799798874E-6
17872.0,0.9997557078102581,1.736692519334105E-4,7.062293780844118E-5
18422.0,0.9970156005332924,0.002983895276408902,5.041902985599736E-7
18149.0,0.13257049100442336,0.8674281821675613,1.3268280153120946E-6
17338.0,1.6359415651494435E-5,0.28774985926012114,0.7122337813242273
17065.0,5.994303253859846E-6,0.9972187403014827,0.0027752653952634854
18455.0,0.9999600298423279,3.994604559437849E-5,2.4112077751059852E-8
18692.0,2.069825416242125E-5,2.3401580841772406E-9,0.9999792994056794
17132.0,4.7846709881534005E-6,5.0335075806463176E-5,0.9999448802532054
17407.0,0.021429199966517386,1.271449298020284E-4,0.9784436551036806
18080.0,0.991552998152274,0.007925596191016378,5.21405656709587E-4
18355.0,0.0029042840067316465,0.05471570314325084,0.9423800128500176
17813.0,0.010197816165572204,0.9897078536723983,9.43301620295285E-5
17542.0,0.9776851338691934,0.021739502028874085,5.753641019324778E-4
18514.0,0.8266304238613832,0.1577975452311113,0.015572030907505434
17202.0,0.4135303688975147,0.5808201713816432,0.005649459720842206
18302.0,0.9964230839876994,0.003568757161190202,8.158851110444614E-6
18029.0,0.9852837628514881,0.014710553935417639,5.6832130943116255E-6
17483.0,0.9714197220558556,0.02831397978005655,2.662981640879235E-4
17752.0,2.771729551513742E-13,2.3374666763316E-15,0.9999999999997204
18591.0,0.01564404711100009,2.201423375388503E-7,0.9843557327466624
16997.0,0.9974351007357641,0.0011041132966735196,0.0014607859675622068
17270.0,0.9975101021709832,0.002481746667045152,8.151161971538888E-6
17692.0,0.9914583129368562,0.008536060500434085,5.6265627096756915E-6
17423.0,2.7843044179842893E-9,1.9460783939997837E-6,0.9999980511373017
17961.0,0.804645029562966,0.19506657299212252,2.8839744491130465E-4
18234.0,0.15328324941234017,0.7546368205156027,0.09207993007205706
18651.0,0.015395338991609579,0.9835126422389018,0.00109201876948859
17339.0,0.9944034573856162,8.72183394905089E-4,0.00472435921947882
17064.0,0.9928671404750478,0.007033412372231207,9.94471527211154E-5
17602.0,0.03139900339833967,0.0014867594704419448,0.9671142371312185
17873.0,0.9994519704673169,5.458882751942174E-4,2.1412574887759217E-6
18423.0,2.819120128142147E-6,0.011462470722579651,0.9885347101572922
18148.0,0.5244619716211316,0.3970757234698401,0.07846230490902824
18454.0,1.6726990483421133E-4,0.9998326239020868,1.0619307895195775E-7
18693.0,0.48994665821136346,2.1614187018079662E-5,0.5100317276016184
18513.0,1.911228636367413E-5,0.009358313423523598,0.9906225742901127
18352.0,0.9924895306058876,0.007508694414506726,1.7749796056557958E-6
18083.0,1.124284099671638E-5,3.6653937455028226E-6,0.9999850917652577
17541.0,0.994963693340929,0.005033200869244999,3.105789825920248E-6
17814.0,0.0077004396796029415,0.9778622627154019,0.01443729760499524
17404.0,0.8429735786330126,0.15652433650715802,5.020848598293738E-4
17135.0,0.9994376819155236,3.84843113410297E-4,1.77474971066079E-4
18588.0,0.19038780869905833,3.98420271182644E-4,0.809213771029759
18030.0,4.2874923370502357E-10,7.29639288970882E-12,0.9999999995639545
18301.0,0.003257177871028325,0.5921303324617172,0.40461248966725455
17755.0,5.629344506333466E-13,0.9999999999959059,3.5310483932004504E-12
17480.0,2.088664304054674E-6,8.603100273382726E-7,0.9999970510256686
17201.0,0.9872676957688941,0.012730993871991475,1.3103591144284853E-6
18648.0,0.9921875576328025,0.007809274896462177,3.1674707353319416E-6
17420.0,0.015959764835889456,0.0068099179381657235,0.9772303172259449
17695.0,0.8178715192266144,0.1821237500902442,4.730683141402395E-6
18233.0,0.9930752141636742,0.006914740785742556,1.0045050583123944E-5
17962.0,0.7829133228059039,0.21686480159296184,2.2187560113427648E-4
17269.0,0.0016317357869200704,0.9983681669673925,9.724568734323844E-8
16998.0,0.9479439395904627,0.036564663088610304,0.015491397320926916
18694.0,0.9973190501018944,1.710038927693483E-4,0.0025099460053363085
18453.0,0.7612085657946064,0.15502701566679836,0.08376441853859533
17874.0,0.997398853521643,0.002599757538460891,1.3889398959580626E-6
17601.0,0.21161665567801818,0.15945877052225094,0.628924573799731
18151.0,0.9749002045033055,0.024780513624134626,3.192818725598976E-4
18420.0,6.011712164445035E-10,1.6513544931741587E-8,0.9999999828852839
17067.0,0.002393685433654544,5.6931822321197167E-5,0.9975493827440242
17336.0,0.30153996774994285,0.16583738716627228,0.5326226450837848
18512.0,0.812931463642247,0.18705970448669565,8.83187105741663E-6
17405.0,4.0797816319450385E-10,0.9999999995919419,7.995271718922925E-14
17134.0,0.09717782691622447,0.23330331200120802,0.6695188610825675
18353.0,0.042943197192101636,0.32520312287135056,0.6318536799365477
18082.0,0.04483220097117105,0.23770542241948497,0.717462376609344
17540.0,0.9723856667388091,0.020595023620529288,0.0070193096406616275
17815.0,0.9931233905501986,0.006870023908256062,6.5855415453025925E-6
18589.0,5.200081643192225E-9,6.906653661305397E-7,0.9999993041345522
17200.0,2.7304025930014093E-22,1.1843413423913082E-19,1.0
18031.0,0.9995200496518369,4.7991013487503156E-4,4.0213288084709955E-8
18300.0,0.05445048987590283,0.9343841767185345,0.011165333405562767
17754.0,0.4149356751599633,0.5716983734852692,0.013365951354767478
17481.0,6.671727407616637E-8,4.667915088613755E-4,0.9995331417738647
18649.0,0.42766984785898554,0.08503454116406733,0.4872956109769471
17268.0,0.9984348590113032,0.001534197922915521,3.094306578121191E-5
16999.0,0.0686354149807028,0.9286451024347916,0.0027194825845056067
17421.0,0.9999884423068481,1.1313604205382883E-5,2.4408894651477697E-7
17694.0,0.004453899674710719,2.062297707169629E-5,0.9955254773482176
18232.0,0.8453619051019007,0.0062832170303631545,0.14835487786773624
17963.0,0.7561771179881932,0.24266724025524822,0.001155641756558463
18695.0,0.9992802298382637,7.19755042664537E-4,1.5119071812196306E-8
18452.0,0.9994268318158697,2.94498637104178E-4,2.7866954702612535E-4
17066.0,0.9748362336329965,0.02512580325371932,3.7963113284215087E-5
17337.0,0.8571951084050388,0.0793265028351772,0.06347838875978412
17875.0,0.03540592835479152,0.053146572623780225,0.9114474990214282
17600.0,0.8673266486740288,5.36884368823705E-6,0.13266798248228295
18150.0,0.703058666615665,0.2314335330911462,0.06550780029318883
18421.0,0.4966489433863189,0.5031665249849027,1.845316287783697E-4
17486.0,0.9998699565133774,1.2902552276770668E-4,1.0179638549751666E-6
17757.0,0.28691760436926994,0.00733889317337452,0.7057435024573556
18299.0,0.9799949646746252,0.01996096463771916,4.4070687655607915E-5
18024.0,0.7624982292168943,0.04542639786298324,0.1920753729201225
17207.0,0.9985959057646334,0.0014040176086182606,7.662674829133394E-8
18586.0,1.6174396502702812E-6,0.9999983825552633,5.0865440862939175E-12
17808.0,0.8858690106844088,0.09533502434301688,0.018795964972574446
17539.0,0.016021772172960132,5.2101466333971616E-5,0.983926126360706
18085.0,0.0036517447741884566,0.17629564670243486,0.8200526085233767
18358.0,0.8997840391334047,0.09749783654467689,0.0027181243219183064
17129.0,0.494367119465279,0.5056130318116802,1.9848723040948444E-5
17402.0,0.8934101478427238,0.10568424028487895,9.056118723972322E-4
18519.0,5.216115345147714E-7,0.9999994783883744,9.115300308597573E-14
18418.0,0.983890324208789,0.016107033082699663,2.6427085114439043E-6
18145.0,1.6040979865316107E-11,1.0886388370451557E-12,0.9999999999828704
17607.0,0.998066498681939,0.0019284784307857178,5.02288727532891E-6
17876.0,0.9961470212938557,0.003847953016008561,5.025690135759391E-6
17342.0,0.8914193914956975,2.5171604137807625E-6,0.10857809134388875
17069.0,0.9996237028437278,3.7494318460636023E-4,1.3539716658352356E-6
18451.0,0.0011571105251452004,1.8146749471235153E-5,0.9988247427253836
18688.0,0.43163301761072104,0.035503926874344574,0.5328630555149345
17964.0,2.2369222337637875E-16,2.977247837532703E-18,0.9999999999999997
18239.0,3.117889645245919E-4,1.6484313778742298E-9,0.999688209387044
17689.0,0.9968732749316525,0.003126280377651319,4.44690696225547E-7
17418.0,0.03354324752169955,0.8064022106900552,0.16005454178824519
16992.0,0.07913092646264477,0.8909617181252405,0.029907355412114835
17267.0,0.13867759762512086,0.8602112439636974,0.0011111584111816212
18654.0,0.006129519587304063,9.673188753846406E-5,0.9937737485251574
17206.0,0.8378640984599025,0.16213025052898838,5.6510111092633385E-6
17487.0,0.9852901677578018,0.014709621554179162,2.1068801903831564E-7
17756.0,6.967784277555362E-4,0.18656475035587602,0.8127384712163684
18298.0,5.196761527560602E-4,5.156475684158254E-6,0.9994751673715598
18025.0,0.1719049430979569,0.8271598996815506,9.351572204926346E-4
18587.0,0.998574604901377,0.0013515705993705715,7.382449925238695E-5
17128.0,0.9835076643078935,0.016492235830540034,9.986156638988163E-8
17403.0,0.47868341449804935,0.012745127662058143,0.5085714578398924
17809.0,0.002506879822129791,3.7446615488175635E-4,0.9971186540229884
17538.0,0.9756768232472198,0.024323041344942332,1.3540783778548127E-7
18084.0,0.9394801039464424,0.002739706946098893,0.05778018910745864
18359.0,0.9499207963062802,0.03611027970579923,0.013968923987920505
18518.0,0.036668790463521346,0.0020635127209828,0.961267696815496
17343.0,0.37087022618551285,0.6277653394346548,0.0013644343798322634
17068.0,0.9477933302415872,0.05220452073259336,2.149025819456922E-6
18419.0,7.627537777961653E-6,6.477534838691E-5,0.9999275971138352
18144.0,0.02900917743713026,0.9709316034614841,5.921910138560919E-5
17606.0,0.3650691209508293,0.5146257355030416,0.12030514354612913
17877.0,0.08543453080018372,0.07280835368284322,0.8417571155169731
18450.0,0.6380371030604449,0.32496876929228047,0.03699412764727452
18689.0,0.9988695747737562,0.0010480586923125692,8.236653393127525E-5
16993.0,1.3311515256310206E-7,6.615967234397097E-8,0.9999998007251751
17266.0,0.9830519998239786,0.01694740840469136,5.917713299389672E-7
17965.0,0.9696932620032506,0.02934840601657969,9.583319801697989E-4
18238.0,0.9983242449170304,0.0016747954766122494,9.596063573354638E-7
17688.0,0.6131930770263113,3.9921747010392665E-4,0.3864077055035848
17419.0,1.2924817596339356E-7,1.188456238680924E-5,0.9999879861894372
18655.0,0.023646120322059837,0.06347295470009123,0.912880924977849
18584.0,0.31781214254631157,0.4100118119121038,0.27217604554158464
17759.0,1.2614589612563683E-6,0.9999986424546081,9.608643051445555E-8
17484.0,0.9984170484168541,0.0015829230260441317,2.8557101844507106E-8
18026.0,0.0061829712476209895,0.9854615511858813,0.008355477566497694
18297.0,0.9975067955906374,7.637727140912212E-4,0.0017294316952713008
17205.0,0.9998774630554859,1.225078970589955E-4,2.904745509287261E-8
18517.0,6.13579716887392E-8,0.99999993863891,3.1182998016777857E-12
17537.0,0.9886088356788165,0.010369092572145341,0.0010220717490380697
17810.0,0.9999201748836564,2.704708096071566E-5,5.2778035382845784E-5
18356.0,0.005230239065163274,0.9947681481632883,1.612771548409573E-6
18087.0,0.051318147649593394,0.9486378862750748,4.396607533172616E-5
17400.0,0.9994023548078417,5.298111887560719E-4,6.783400340224175E-5
17131.0,0.08603237822696301,0.910479564119462,0.003488057653575007
18690.0,0.025148565912295216,0.974558221725303,2.932123624017941E-4
18449.0,2.220836992813648E-7,0.9980566914715873,0.0019430864447135237
18147.0,0.03719759544923021,0.9331531499692916,0.02964925458147826
18416.0,0.99607684122277,0.003923109103981737,4.967324831003849E-8
17878.0,0.06468945539079142,0.9349295288615908,3.8101574761776637E-4
17605.0,0.700505757965839,0.13872660095458192,0.160767641079579
17071.0,0.9979496936017428,2.0144317935985926E-4,0.0018488632188973044
17340.0,0.9975170144688416,0.0024764724082467528,6.513122911671356E-6
18652.0,0.9987120989809781,0.0012439023199338696,4.399869908792927E-5
18237.0,0.002199333911269059,0.02226980065117622,0.9755308654375547
17966.0,0.9930425534335285,0.006921040080571038,3.6406485900468736E-5
17416.0,0.9944063258037903,0.004890451501853163,7.032226943564679E-4
17691.0,5.1951256683343E-6,5.4544838161605374E-8,0.9999947503294935
17265.0,0.9993177694619207,6.727163104473375E-4,9.514227631897797E-6
16994.0,0.013870157873276572,0.014536886752625508,0.9715929553740978
18585.0,0.9989333663818002,0.0010664607219335331,1.7289626626296532E-7
17204.0,0.43353758016014216,0.5517002488422091,0.014762170997648618
17758.0,0.3145151926484185,0.6848844985309611,6.003088206203622E-4
17485.0,0.8889439251226615,0.11092304296567906,1.330319116594728E-4
18027.0,0.021800394930762766,0.7783634492267962,0.19983615584244094
18296.0,0.9980478673877274,0.0019460814827379639,6.0511295344446425E-6
18516.0,0.4355059106921894,0.09181175088696651,0.47268233842084406
17401.0,0.5910552807044054,0.4088900655587694,5.465373682529946E-5
17130.0,0.4352039421247274,0.5647081999255864,8.785794968637022E-5
17536.0,0.985954940646296,2.4489400411655257E-5,0.014020569953292407
17811.0,2.409484550586022E-11,1.0827801663413049E-14,0.9999999999758943
18357.0,0.8449416596957479,0.10959212074265974,0.04546621956159246
18086.0,0.007322745005803784,0.3631830345772275,0.6294942204169687
18691.0,0.10504552087556007,0.019066481208062175,0.8758879979163778
18448.0,0.054104717166368985,0.565403192308057,0.38049209052557403
17070.0,0.11475765510052881,0.858837033132793,0.026405311766678166
17341.0,0.9180057733003163,0.0810691669272506,9.250597724330817E-4
18146.0,2.8334906592767394E-11,0.9973273280666676,0.002672671904997458
18417.0,0.05542726542681194,0.9438528030387894,7.199315343986239E-4
17879.0,8.432235665110592E-7,6.139903812471299E-11,0.9999991567150345
17604.0,0.9996331231991005,3.6047336139083196E-4,6.403439508819581E-6
18653.0,0.9984751954645711,0.001520777931259221,4.026604169596136E-6
17264.0,0.8356451677121609,0.10992387298946724,0.0544309592983718
16995.0,9.71756763214494E-7,0.9999990281712341,7.200276287521547E-11
18236.0,8.925715571437641E-6,0.9999910742513074,3.312116464843306E-11
17967.0,0.008112809108131723,9.702880713443657E-4,0.990916902820524
17417.0,6.435444557839936E-7,1.3291761250543726E-7,0.9999992235379317
17690.0,0.9997860626949436,9.268010996149416E-5,1.2125719509480053E-4
17004.0,0.8900971937434173,0.10928290077874234,6.199054778402965E-4
17279.0,0.8879208417229191,0.11147252757520013,6.066307018809084E-4
17685.0,0.0015556216418422548,9.230190931404209E-7,0.9984434553390646
17414.0,0.9172093286527422,0.02382799697195157,0.05896267437530632
17952.0,1.5258093361595207E-5,1.3104708267792912E-5,0.9999716371983706
18227.0,0.3264479194135327,0.008607316165430388,0.6649447644210369
18642.0,0.45384155439625545,0.5449412584428766,0.0012171871608679904
17330.0,0.012390057362777323,0.9876099417036898,9.335329323345638E-10
17057.0,0.9812049574874581,0.018784275613655026,1.0766898886974105E-5
17611.0,0.855032549948392,0.05216411866656372,0.09280333138504436
17880.0,0.15012256269037616,0.4030570892708633,0.4468203480387604
18430.0,0.9714647340897652,0.02849291778976887,4.2348120465937635E-5
18157.0,0.9982976116099358,0.0016848957672437664,1.749262282037627E-5
18463.0,0.999856049025154,1.4265305462358917E-4,1.2979202223730392E-6
18700.0,0.07479925057790056,0.015699297644213583,0.9095014517778859
17125.0,0.3429134237418905,0.3621844012306416,0.29490217502746796
17398.0,0.9362514630272767,0.06374042736147378,8.10961124956991E-6
18089.0,2.4778972093640484E-6,6.96891867962398E-4,0.9993006302348283
18362.0,0.8487991432898636,0.1481777695322685,0.0030230871778678305
17820.0,3.4031320968705187E-4,0.9996596309605402,5.582977271228657E-8
17551.0,0.8136801502157489,0.004388934936402829,0.18193091484784832
18523.0,0.29952340023151747,0.00614228978303838,0.6943343099854442
17211.0,7.77992314204339E-19,6.265979525932037E-20,1.0
18295.0,0.9716907251782824,0.028295913614615312,1.3361207102324002E-5
18020.0,0.8963172118994381,4.811046265545675E-5,0.10363467763790642
17474.0,0.9291550289187741,0.07076813347670077,7.683760452514904E-5
17745.0,0.9969267823563644,0.003061919090901996,1.1298552733507304E-5
18582.0,1.0141394473086097E-8,4.4027622797625677E-4,0.9995597136306293
17684.0,0.03225889763336497,1.0476258021237969E-4,0.9676363397864226
17415.0,3.140382418145862E-5,0.999967863510472,7.326653464990854E-7
17953.0,0.015324416036248612,0.0028098253961788737,0.9818657585675724
18226.0,3.2657246223033206E-11,6.516493348143453E-14,0.9999999999672776
17005.0,0.9718488470042758,0.02814709659784227,4.056397881931508E-6
17278.0,0.4266793905069596,5.010340171996807E-7,0.5733201084590234
18643.0,0.9447662283232351,0.055231281448524384,2.4902282405263127E-6
17610.0,0.9997991399618228,1.9583756552745302E-4,5.022472649742553E-6
17881.0,0.9666029129816741,0.03339652636326141,5.60655064583139E-7
18431.0,6.405141293817644E-5,0.9999325099642619,3.4386228000672478E-6
18156.0,2.0237221930644683E-15,4.550437795998118E-13,0.999999999999543
17331.0,0.9891145270945297,0.0069032585868253095,0.00398221431864501
17056.0,0.9824742814275367,8.482912029273907E-6,0.017517235660434113
18462.0,0.16139474693960815,0.0011860498704061616,0.8374192031899856
18701.0,4.610306522810707E-9,0.9999999953896871,6.4318895727346894E-15
18088.0,9.023653158643755E-12,0.9999999999909108,6.556952177634521E-14
18363.0,0.01334359282190933,0.9862543721276369,4.020350504538375E-4
17821.0,7.846440839451159E-4,0.7039587454339523,0.2952566104821026
17550.0,0.9991332833246421,8.260632967887382E-4,4.065337856911905E-5
17124.0,8.254605634491504E-10,0.34652323342349206,0.6534767657510473
17399.0,0.9568411284035727,0.043156909294043304,1.962302384009984E-6
18522.0,1.7399784940044386E-13,3.3901096469145415E-16,0.9999999999998256
18294.0,0.11400444073127737,0.8859946671822465,8.920864762803539E-7
18021.0,0.35750457816553904,0.6195471407346644,0.02294828109979653
17475.0,0.04792116570006648,0.9520767072779205,2.127022013135077E-6
17744.0,6.80601305648277E-4,0.9815815252174714,0.01773787347688025
17210.0,2.6139531114119715E-12,0.9999999999973861,5.131782427112965E-17
18583.0,1.9836234145948202E-8,2.874198236184498E-6,0.9999971059655297
18640.0,0.9998068250181781,1.6294825363580797E-4,3.0226728186023814E-5
17277.0,0.9309319030820374,0.06894210992606671,1.259869918957998E-4
17006.0,0.9998739163322319,1.260816458674829E-4,2.021900595758642E-9
17412.0,5.030764818461232E-6,9.507892079459348E-7,0.9999940184459736
17687.0,0.328886837617636,0.6708721269893442,2.410353930198934E-4
18225.0,0.9999585649768163,3.99728260516729E-5,1.4621971320379974E-6
17954.0,2.0012580957491129E-4,0.999627202366017,1.726718244081338E-4
18702.0,0.9932578102720359,0.006740021079272966,2.1686486912302596E-6
18461.0,0.15528511734532438,0.8443066759758444,4.0820667883119166E-4
17059.0,0.3167093947450826,0.683231542299374,5.906295554344653E-5
17328.0,8.522854273674469E-7,0.9999595045428761,3.964317169658762E-5
17882.0,1.6960039338761642E-6,2.998628237068801E-6,0.999995305367829
17609.0,0.9682365373534233,0.03176337338169612,8.926488046789368E-8
18159.0,2.893049109821584E-18,1.8851131164454772E-18,1.0
18428.0,6.284948230108852E-5,9.513587463227659E-5,0.9998420146430667
18521.0,0.9927363768337009,0.007261982832762178,1.6403335369796678E-6
17396.0,0.8352281238583285,0.16451499458118515,2.5688156048650355E-4
17127.0,0.9998876782023014,1.1212963203090062E-4,1.9216566766631978E-7
18360.0,0.9337991439459377,0.06604797338777944,1.5288266628283285E-4
18091.0,0.11274958577275374,0.010311543502169465,0.8769388707250768
17549.0,0.9989333663818002,0.0010664607219335331,1.7289626626296532E-7
17822.0,0.9939899481950729,1.562724715063359E-5,0.005994424557776496
18580.0,0.9998775238548738,1.2243181741393734E-4,4.4327712156569937E-8
17209.0,0.021372791444253494,0.9742369613611348,0.0043902471946117025
18022.0,0.3766390298864882,0.4584355397639064,0.16492543034960536
18293.0,0.8873110725254119,0.11174751474467466,9.414127299135493E-4
17747.0,0.0014408963237753053,0.0025739907418820375,0.9959851129343427
17472.0,0.9959334223249404,0.004046371070100343,2.020660495930219E-5
18641.0,0.49206503010006747,0.3367692054232051,0.17116576447672735
17413.0,0.0025515413382886268,0.8004493446356993,0.19699911402601206
17686.0,0.6449459594606963,0.005722228073291924,0.34933181246601175
18224.0,0.020509898822291414,0.9109609651810269,0.06852913599668163
17955.0,0.008043281923138086,0.3842231087256953,0.6077336093511666
17276.0,0.0031985358603007197,0.03657991697524012,0.9602215471644591
17007.0,0.987914363982727,0.012039828514038568,4.5807503234483704E-5
18703.0,0.4768068585400514,0.46734719690324567,0.055845944556703
18460.0,4.4573853154608335E-4,4.031498567995442E-6,0.9995502299698859
17883.0,0.9533460974920299,0.0465492033846496,1.0469912332044672E-4
17608.0,0.764194192920393,0.23484367799613265,9.621290834742257E-4
18158.0,3.6715187286114596E-6,0.9999963284786769,2.594450547793853E-12
18429.0,0.0020490393952595264,0.04898631987311631,0.9489646407316242
17058.0,0.9950845722202463,2.2294525138987533E-4,0.0046924825283637854
17329.0,9.671882605985101E-12,0.9999999999903204,7.626924408174198E-15
18520.0,1.0289486905808955E-17,9.316757381234528E-17,0.9999999999999999
18361.0,0.007689300029064331,0.7108775997740834,0.28143310019685225
18090.0,0.9541635456127879,0.04461878907689581,0.0012176653103162338
17548.0,0.6336501132145684,0.015070292938765722,0.35127959384666585
17823.0,7.372100707480276E-5,0.9999260183927033,2.606002217688763E-7
17397.0,0.8142525436576893,0.0013198936210166942,0.18442756272129404
17126.0,3.9500315365064336E-7,0.5320498551472388,0.4679497498496075
18581.0,3.657327718392178E-10,3.93089743551201E-5,0.9999606906599121
18023.0,4.1569273759807133E-4,3.071550605611331E-4,0.9992771522018409
18292.0,0.002609673856907795,0.9956761444086868,0.0017141817344054192
17746.0,0.003284640786509929,2.8639874916879703E-4,0.9964289604643213
17473.0,0.9974996609758073,2.5637312474122663E-4,0.002243965899451492
17208.0,0.8881699658818804,0.11161905020800866,2.1098391011097417E-4
17334.0,0.9901748931795198,1.8813991823528282E-4,0.009636966902244831
17061.0,0.9770876061987387,0.011664018266408003,0.011248375534853335
18426.0,0.017191599733596633,0.023237477710886377,0.959570922555517
18153.0,0.1836831642349822,0.81517676357448,0.001140072190537701
17615.0,0.9139658752315708,0.08421503778776797,0.0018190869806612934
17884.0,4.934305088346505E-5,0.0029121227594210873,0.9970385341896955
18459.0,4.072547032452307E-4,0.9995746541994687,1.8091097286183338E-5
18696.0,6.36618478634553E-5,0.9999363380841224,6.801414078160035E-11
17000.0,0.9993105909343848,4.889345895160828E-4,2.004744760990515E-4
17275.0,0.013411074858874465,0.002622394883108946,0.9839665302580165
17956.0,1.049221987687542E-8,0.9999999895071742,6.059331383673112E-13
18231.0,0.9867944259483391,0.012977449383567005,2.2812466809387987E-4
17681.0,0.9967931632968221,0.0032060985697658015,7.381334121903356E-7
17410.0,0.0010756083320063745,0.0042836576766511715,0.9946407339913425
18646.0,0.9178260398750696,0.08205055369165204,1.2340643327831888E-4
17215.0,0.9868770003123376,0.0127805092436993,3.424904439631137E-4
17478.0,0.9989977786390177,9.979964375656492E-4,4.224923416590727E-6
17749.0,0.9801594528979283,0.019835653881487204,4.893220584558937E-6
18291.0,0.9998223937852648,1.775431117825766E-4,6.31029526757668E-8
18016.0,1.9064975477997736E-6,0.004288406605637898,0.9957096868968144
18578.0,1.2377684673689257E-4,5.1730285621353964E-8,0.9998761714229775
17121.0,0.9840985445848865,0.015876368903615545,2.508651149794774E-5
17394.0,0.04038097305678288,0.63708241177732,0.3225366151658971
17816.0,0.009448812968426024,4.332134088417897E-5,0.9905078656906897
17547.0,0.9595455211601103,0.04010670261176676,3.477762281230401E-4
18093.0,0.050216646528157986,0.22407259815190833,0.7257107553199337
18366.0,0.9960836945592022,0.003771605123153719,1.4470031764397107E-4
18527.0,0.9915109279590061,0.008488179339955658,8.927010383016951E-7
18427.0,0.901329397365544,0.02944412324005665,0.06922647939439938
18152.0,2.173809922090225E-10,8.446727185434853E-11,0.9999999996981518
17614.0,8.83442082273959E-10,2.923928999908571E-14,0.9999999991165286
17885.0,0.991590533264898,0.008409256356457506,2.1037864455097803E-7
17335.0,0.26804920608727006,0.002462090310497521,0.7294887036022324
17060.0,0.4793062466709732,0.5205510594379574,1.4269389106930357E-4
18458.0,2.4372426966948497E-4,0.006313360537310287,0.9934429151930202
18697.0,0.03382817827493893,0.7751876348524963,0.19098418687256472
17957.0,0.5912893604985261,0.29384024110301776,0.11487039839845609
18230.0,0.027328150669319554,1.7564148025654312E-5,0.9726542851826548
17680.0,0.9965366583854502,0.003459650815847425,3.690798702433001E-6
17411.0,0.9959253571941047,0.004074125252492168,5.175534032664094E-7
17001.0,0.9996403845154811,3.5911150265875773E-4,5.039818601632156E-7
17274.0,1.6422533157552573E-11,9.411491718392591E-9,0.9999999905720857
18647.0,0.7239402017653334,0.27177266048628085,0.004287137748385686
17479.0,8.676319080441333E-9,0.9999784135313132,2.157779236766825E-5
17748.0,1.2350396264082996E-4,2.39847178486426E-4,0.9996366488588727
18290.0,0.9999275676628404,7.238289698181062E-5,4.944017779869662E-8
18017.0,0.0020763723081415916,0.9979223506168574,1.27707500097916E-6
17214.0,2.4145838699631464E-9,1.4078648142523681E-8,0.999999983506768
18579.0,0.9988978226059058,0.0011019947016608692,1.8269243339656281E-7
17817.0,1.884128954243927E-9,0.9999999981153196,5.513845452208396E-13
17546.0,0.9998021249341628,1.838945372677466E-4,1.3980528569612546E-5
18092.0,0.9999335579793683,1.2703324791750491E-5,5.373869583993269E-5
18367.0,2.0903520526967348E-20,5.838013376349395E-17,1.0
17120.0,9.261465490666272E-5,4.993287366400228E-7,0.9999068860163567
17395.0,2.0061226083666013E-5,3.5933877777802954E-5,0.9999440048961385
18526.0,0.008423261767296734,5.761259294397191E-6,0.9915709769734089
18698.0,0.9016235657669069,0.0982901817410591,8.625249203397673E-5
18457.0,0.9993955237243353,6.038173303012657E-4,6.589453635337116E-7
17063.0,0.9998342461910561,1.323593762853343E-4,3.3394432658651215E-5
17332.0,0.11455090203294914,0.22601815337576361,0.6594309445912873
18155.0,0.1980749698518639,0.8019181600759012,6.870072234899203E-6
18424.0,7.435370715119408E-12,4.54576228485634E-9,0.9999999954468024
17886.0,0.9959253571941047,0.004074125252492168,5.175534032664094E-7
17613.0,0.9722749845491166,0.027692811411676895,3.2204039206402744E-5
18644.0,6.052902381396677E-4,1.660872900867421E-4,0.9992286224717737
17273.0,0.9974624156037968,0.00251533694089918,2.2247455304150704E-5
17002.0,1.0205009605018944E-4,0.7481618199301909,0.2517361299737589
18229.0,0.9936857484197346,0.006246935713805065,6.73158664604691E-5
17958.0,7.882496530893916E-6,4.0366486107235017E-7,0.999991713838608
17408.0,0.5472465367699704,0.4479238613530589,0.004829601876970671
17683.0,0.9896481600621204,0.00991339107545039,4.384488624290789E-4
18576.0,0.9988980816198975,0.001101614147865314,3.042322371408147E-7
17213.0,0.20040261743898286,0.7995959806478631,1.4019131541267923E-6
17751.0,0.9999293005071225,6.534323500656645E-5,5.3562578710043555E-6
17476.0,0.08381044966889285,0.9156854264632343,5.041238678728427E-4
18018.0,0.14721672165773392,0.8527793577799944,3.920562271729798E-6
18289.0,0.47802685415535867,0.5219709423104918,2.2035341495053846E-6
18525.0,0.9649503352769934,0.03504656089461187,3.103828394778709E-6
17392.0,0.9935844584474767,0.0064154414770794515,1.0007544384512693E-7
17123.0,0.001219772476762995,0.6696404312696281,0.32913979625360895
17545.0,0.006963058354912491,0.013834058799895075,0.9792028828451924
17818.0,0.978774002034269,0.021225766764971975,2.312007590010624E-7
18364.0,6.9574700136145E-6,0.9999930425296055,3.8085355813334815E-13
18095.0,0.014527880293618657,0.005793950208972865,0.9796781694974085
18699.0,0.44549467153797423,0.5544952628197022,1.006564232354066E-5
18456.0,1.1017324766986024E-4,0.9970855261030959,0.0028043006492343347
18154.0,3.9850891033151086E-4,0.999599920312164,1.5707775043860569E-6
18425.0,0.9999803553376474,1.9603375608363628E-5,4.1286744341367846E-8
17887.0,0.055806762342303154,0.5574431003973923,0.38675013726030455
17612.0,0.9984895513026091,0.0015101604977607668,2.8819963017321176E-7
17062.0,1.1741204630968443E-4,0.9998814569601754,1.130993514896189E-6
17333.0,0.9998053916960619,2.6907260551700813E-6,1.919175778829156E-4
18645.0,2.3199612785317518E-6,0.0026094932533181447,0.9973881867854033
18228.0,0.018257803225206932,6.032961317781375E-5,0.9816818671616153
17959.0,0.9818615081463824,0.0072511100264228065,0.010887381827194863
17409.0,0.43090697538950923,0.04994131701747649,0.5191517075930142
17682.0,0.476835171142772,0.09084279379823808,0.4323220350589899
17272.0,0.8310730586125258,0.1688989130958058,2.802829166840479E-5
17003.0,4.1573800879599684E-12,0.9999999999487666,4.707594968890874E-11
18577.0,8.955836450363012E-5,0.9987116336311814,0.0011988080043149414
17750.0,8.648747031118344E-7,0.9999981029434604,1.0321818365536722E-6
17477.0,0.9916990877982211,0.008287622745346718,1.3289456432244862E-5
18019.0,0.9878482819009843,0.0119919740748246,1.5974402419123993E-4
18288.0,0.3437679010209252,0.6556276797092451,6.044192698297948E-4
17212.0,0.6552088187605563,0.06700623870364308,0.27778494253580066
18524.0,0.6590561065608868,0.018336973402646346,0.32260692003646685
17544.0,0.0021931237730224936,1.4226306550984435E-6,0.9978054535963224
17819.0,0.9351037121387199,0.06486448515220328,3.180270907678751E-5
18365.0,0.022380178817922366,0.4016538117295089,0.5759660094525687
18094.0,1.1802473259524347E-4,8.838617801466357E-5,0.9997935890893901
17393.0,0.02844640466423997,0.9664001625947594,0.005153432741000663
17122.0,5.327749148392354E-4,0.06466084869810405,0.9348063763870567
18498.0,7.037302198623409E-9,1.5065755237962947E-5,0.9999849272074599
17148.0,3.1364800732363882E-6,1.4540463592927856E-10,0.9999968633745222
17391.0,1.3484614142013184E-9,0.9999999985425534,1.0898522068839504E-10
18096.0,0.9144043590899045,0.08489487163251479,7.007692775807495E-4
18339.0,6.351199020985158E-10,1.2307320888430432E-7,0.9999998762916712
17797.0,0.439489498455789,0.5604665694748958,4.3932069315316154E-5
17558.0,0.9988408596317276,0.001039756955711799,1.1938341256050188E-4
18575.0,0.9787371078321617,0.02124711702949633,1.577513834210054E-5
17186.0,0.9651683922646971,1.1050539316989938E-5,0.034820557195985896
18286.0,0.6150005531856532,0.3844926503439416,5.067964704052376E-4
18045.0,0.996209504390093,0.003774040832635752,1.645477727127935E-5
17499.0,0.354440636837669,0.09348380845770682,0.5520755547046241
17736.0,2.8260082584379685E-15,8.958119374254094E-17,0.999999999999997
18635.0,3.0229829235331367E-12,6.467603353975344E-7,0.9999993532366416
17013.0,0.9995396457911033,4.4564671157200386E-4,1.4707497324602764E-5
17254.0,1.4097569866085832E-5,1.665982893516533E-6,0.9999842364472404
17676.0,2.70268199674416E-15,1.160641252595455E-7,0.999999883935872
17439.0,0.9687843752548985,0.031208111627117098,7.513117984549207E-6
17977.0,0.9990281563904715,9.614909550459845E-4,1.0352654482451053E-5
18218.0,0.0011783692463558806,0.9988216302961025,4.57541695982571E-10
18438.0,0.5206184852870136,0.4786998809615885,6.816337513979826E-4
18709.0,0.006638051691648858,0.9922329099779834,0.0011290383303676728
17323.0,1.3094435277748948E-4,0.9998507352272233,1.8320419999236853E-5
17080.0,1.2365103753700002E-7,0.9999998763459109,3.0515101532112564E-12
17618.0,0.002899826797425135,1.3497352745967208E-7,0.9971000382290474
17857.0,0.9835379341622645,0.010873520182633226,0.00558854565510224
18407.0,0.986179208151223,0.013501011183140146,3.197806656369706E-4
18164.0,0.6918853023082053,0.30805737146409035,5.732622770437333E-5
18499.0,0.8916119652482603,0.10503243137614166,0.0033556033755980687
18097.0,0.004080645829643059,0.9959189610327881,3.931375688787535E-7
18338.0,1.881648270337362E-4,2.592719794396534E-6,0.9998092424531718
17796.0,4.553602402245151E-10,0.9999999995446288,1.095248431635538E-14
17559.0,0.999600798971511,3.84715898043976E-4,1.4485130444900681E-5
17149.0,2.725854845666674E-4,9.050886861992234E-5,0.9996369056468134
17390.0,8.113621652836346E-4,0.99842931803226,7.593198024563714E-4
18574.0,4.023923164804039E-4,1.853397167716193E-10,0.9995976074981798
18287.0,0.9966535856281279,0.003342904929525832,3.5094423462650445E-6
18044.0,0.6383913480564372,0.2651079988476549,0.09650065309590779
17498.0,0.9983915730176777,0.0016052195090485455,3.207473273843235E-6
17737.0,3.093359115598773E-4,0.010924801930776757,0.9887658621576634
17187.0,0.008455906890758723,0.013691408559901273,0.9778526845493399
18634.0,0.996053464829749,0.003932980045125179,1.355512512583675E-5
17677.0,0.010790795920300989,7.484345294676054E-8,0.9892091292362462
17438.0,2.408391436150827E-6,1.2144295792980759E-5,0.999985447312771
17976.0,0.9948170896761493,4.885119611906971E-4,0.004694398362659883
18219.0,0.9989243867607981,9.984242463202096E-4,7.718899288174299E-5
17012.0,0.2686362230871024,0.6874746841071332,0.043889092805764494
17255.0,2.7281243487487445E-17,1.420873994825152E-8,0.99999998579126
18439.0,0.004879179707427371,1.1932353635805375E-7,0.9951207009690363
18708.0,0.002166282404744708,0.9198191080627142,0.07801460953254102
17619.0,1.0725811884472237E-8,0.9999942504422008,5.738831987392791E-6
17856.0,0.0898233653894574,0.17012961410733823,0.7400470205032044
18406.0,0.979521631856566,0.02045169319831175,2.6674945122261926E-5
18165.0,0.021708764763617876,0.03684173764135872,0.9414494975950234
17322.0,6.7815563691566935E-6,0.9999930054965056,2.1294712517922623E-7
17081.0,0.9987311738726667,0.0012684351961256364,3.9093120768496744E-7
17389.0,0.012295260604165805,0.8779526627990778,0.10975207659675645
17150.0,0.99930640418945,6.929813648541336E-4,6.144456957714002E-7
18337.0,0.009098703400659564,0.9903910155053656,5.102810939748851E-4
18098.0,0.9821843990751102,0.017808487636128967,7.113288760759251E-6
17556.0,0.9888333834437755,0.010117101622406652,0.0010495149338179408
17799.0,0.3251401037189876,0.4723600778818676,0.20249981839914483
18496.0,5.407075467660015E-10,1.0322420552976903E-7,0.999999896235087
17184.0,0.002312267487465559,1.8979860808327278E-4,0.9974979339044512
18047.0,0.9948698289262325,0.005094977860952391,3.519321281495502E-5
18284.0,0.999431425028807,5.671557522283131E-4,1.4192189646995631E-6
17738.0,0.9975794294107513,0.002420106506952922,4.6408229576942834E-7
17497.0,0.9116656164225636,0.08758128583847809,7.530977389583147E-4
18573.0,0.9458140903223419,0.048399801038281905,0.005786108639376148
17252.0,0.02052609664276556,0.42972063732164045,0.5497532660355942
17015.0,4.070626936306158E-5,0.06098493371083336,0.9389743600198035
17437.0,0.9922660136862271,0.007469375858201306,2.6461045557158835E-4
17678.0,7.028294894074711E-5,0.9428689514143407,0.057060765636718615
18216.0,0.997486852834916,0.0025129163399936006,2.3082509042612956E-7
17979.0,3.09774021899832E-8,1.2297265169989766E-9,0.9999999677928713
18633.0,0.8796983709755285,0.12027699352170018,2.4635502771244376E-5
17082.0,0.17397680479641278,0.22066943295642932,0.6053537622471579
17321.0,1.5986792581338687E-5,0.9999839433414569,6.986596178311378E-8
17859.0,0.004528568262312591,0.9954028037955055,6.862794218190252E-5
17616.0,0.753448543613104,0.24648830414531736,6.315224157865226E-5
18166.0,0.7118362766915951,1.1122546594859202E-6,0.2881626110537456
18405.0,0.8272722444513346,0.07499202162690076,0.09773573392176468
18711.0,0.9986684365929388,6.04078371566638E-4,7.274850354946098E-4
18436.0,2.0897539490438754E-4,0.0221490402665335,0.9776419843385621
18336.0,0.0022961619078755045,8.468394849824853E-4,0.9968569986071419
18099.0,0.011312449806339907,0.9886706436292453,1.6906564414803733E-5
17557.0,0.833735935236447,0.16000425494588263,0.0062598098176704295
17798.0,0.2323844914308912,0.6294804828594923,0.13813502570961647
17388.0,0.8788941817190897,0.11891290642497701,0.00219291185593329
17151.0,0.883838079031019,0.029849024220505456,0.08631289674847571
18497.0,0.6604902202824072,0.2866685957228838,0.052841183994709016
18046.0,1.496282300297657E-5,0.9999850279483938,9.228603266484311E-9
18285.0,0.9973921049660507,0.0025464501961527295,6.144483779665168E-5
17739.0,0.9793294586713653,1.8595891878775197E-4,0.02048458240984694
17496.0,0.0056041559489156435,0.9943213142977971,7.452975328724679E-5
17185.0,0.8589083861054452,0.1410522910927073,3.93228018476151E-5
18572.0,0.0040611617213816955,0.0033072057824460165,0.9926316324961724
17436.0,0.9953397040765058,0.004593696539835137,6.659938365894617E-5
17679.0,1.7975846633459482E-4,0.03293525098484899,0.9668849905488165
18217.0,0.44730891861558475,0.06787158204778511,0.48481949933663004
17978.0,0.19325142897546663,0.3532486930240577,0.45349987800047564
17253.0,2.7133648753688435E-4,0.19402437879612272,0.8057042847163403
17014.0,0.7615589126969057,0.216984447361368,0.02145663994172637
18632.0,0.9998614478225636,1.3831734675211053E-4,2.3483068433882516E-7
17858.0,0.9185032961535892,0.07273942329489476,0.008757280551516072
17617.0,9.981363544563232E-4,0.9060430449778845,0.09295881866765934
18167.0,4.410349347867171E-21,1.0,5.192408348944011E-18
18404.0,0.03915144289596736,9.786853753478827E-4,0.9598698717286848
17083.0,0.03453885136350681,0.9652614884629724,1.996601735207222E-4
17320.0,0.01412643957942692,0.12955569550566173,0.8563178649149115
18710.0,0.006717980352634501,0.0010810447062753572,0.9922009749410902
18437.0,0.1317886806972629,3.216147550462536E-8,0.8682112871412616
18571.0,2.1083749459086212E-11,0.9999999999744585,4.457623528470048E-12
17190.0,5.309326684294786E-8,0.01611028693927944,0.9838896599674537
17503.0,0.659266595686758,0.34037732105639423,3.5608325684775496E-4
17740.0,6.103793652011725E-12,5.176645025651493E-13,0.9999999999933786
18282.0,0.7021463154594764,0.29784224260535086,1.1441935172698241E-5
18041.0,0.9930138811400543,0.006984768838802565,1.3500211431239649E-6
18502.0,0.7546610349850578,0.24231885675290057,0.0030201082620416432
17144.0,6.688196957043854E-8,7.78892451858393E-12,0.9999999331102416
17387.0,0.9688530355701951,0.030979979092599533,1.6698533720529868E-4
17793.0,0.0026697476865449954,0.0017031439147917483,0.9956271083986633
17554.0,0.9969165595134889,1.1940030057169218E-4,0.0029640401859392816
18100.0,0.052873306269908785,0.8484392377626518,0.09868745596743937
