18081.0,0.6544615153470796,0.34491702837601823,6.214562769020709E-4
18354.0,0.6654107233449905,0.33039414206935236,0.004195134585657228
17812.0,0.6473857148741896,0.006462412046680312,0.34615187307913015
17543.0,0.004656732788913865,0.0023009329330950187,0.993042334277991
17133.0,0.011167130449207745,0.8147916228439139,0.17404124670687843
17406.0,0.7980315974548843,0.2009377338985922,0.0010306686465235016
18752.0,0.005316388827270488,0.994680737564898,2.873607831455771E-6
18515.0,0.9728949951923088,0.027026746913392262,7.825789429891218E-5
18303.0,0.13617252586272505,0.8318850557267464,0.03194241841052859
18028.0,1.7927654921417494E-8,4.836589541568399E-6,0.9999951454828034
17482.0,6.337471813135997E-6,0.006452578999027561,0.9935410835291593
17753.0,0.9932352488735059,0.003193208807683335,0.0035715423188108055
17203.0,0.09333762763455516,0.875181693834079,0.03148067853136601
18590.0,0.9854389724513459,0.014431856902702846,1.2917064595126314E-4
17693.0,0.9988109487376085,0.0011807075866424113,8.343675749057457E-6
17422.0,0.04733201121703096,0.023879030329408846,0.9287889584535601
17960.0,0.9981807440112384,7.161467798825473E-5,0.0017476413107733572
18235.0,0.7339697263638265,0.21762665139647183,0.04840362223970171
16996.0,0.9766273467983957,0.023294019996295347,7.863320530888208E-5
17271.0,0.9972579612396377,0.002640620230375536,1.0141852998667786E-4
18650.0,0.8203525341194945,0.1796196252139874,2.784066651815732E-5
17603.0,0.9960662616140287,0.0038607238801151287,7.301450585617512E-5
17872.0,0.9922662685728985,0.007704642754592619,2.908867250897378E-5
18422.0,0.9894775947558722,0.010503106034125676,1.9299210002131847E-5
18149.0,0.47286398705426647,0.5269561512066679,1.7986173906561306E-4
17338.0,2.542719591746043E-4,0.001658796770519483,0.9980869312703059
17065.0,0.02270527499369003,0.8230489548462226,0.1542457701600873
18455.0,0.9993256912902383,6.736663379109365E-4,6.423718507522205E-7
18692.0,0.004347253569896684,1.4990634555712107E-6,0.9956512473666477
17132.0,8.256985024461078E-4,0.0033109505980473543,0.9958633508995065
17407.0,0.02274118551391464,1.5888055144381888E-4,0.9770999339346416
18080.0,0.9463481654419729,0.04110472925798633,0.012547105300040795
18355.0,0.08325317482390422,0.5173638082915344,0.3993830168845614
17813.0,1.4621441751469732E-5,0.9999853694801455,9.078103007610356E-9
17542.0,0.4235268685704339,0.5763496852459135,1.2344618365266627E-4
18514.0,0.018536492525336574,0.4737419652531364,0.507721542221527
17202.0,0.17995558039254111,0.7144459351347935,0.10559848447266527
18302.0,0.9633911051265248,0.03649594435476947,1.1295051870578405E-4
18029.0,0.9632722532971465,0.036598863524271545,1.2888317858191645E-4
17483.0,0.8534617626499509,0.06675643304026284,0.07978180430978628
17752.0,2.4678039903105584E-7,8.848800411177314E-8,0.9999996647315968
18591.0,0.08429245557680407,5.650266235373116E-6,0.9157018941569606
16997.0,0.9484910680522867,0.021204682895530486,0.030304249052182902
17270.0,0.9810582691977087,0.01795588535373711,9.858454485542388E-4
17692.0,0.9836458012275311,0.015868940671948818,4.8525810052009905E-4
17423.0,5.948482213082323E-7,7.584544840968345E-5,0.999923559703369
17961.0,0.4854780054919809,0.5112482957423218,0.003273698765697291
18234.0,0.09773352631196135,0.25448119976269007,0.6477852739253487
18651.0,0.006423086802608857,0.9903059265027134,0.0032709866946777017
17339.0,0.9681389265853769,0.004684288895088794,0.02717678451953424
17064.0,0.9760485335510428,0.0237737415497146,1.777248992426008E-4
17602.0,0.3801218706242264,0.5154631451825522,0.10441498419322134
17873.0,0.9904165108995016,0.009416651611926898,1.6683748857155927E-4
18423.0,0.011620435521486328,0.01795512949977235,0.9704244349787413
18148.0,0.5121624391617149,0.12230045236686685,0.36553710847141824
18454.0,0.011643823310363477,0.9881575029733902,1.9867371624625056E-4
18693.0,0.6528612488243841,5.321236526571119E-4,0.3466066275229588
18513.0,0.0035827432538533903,0.015471500902572622,0.980945755843574
18352.0,0.9976005666685146,0.0023837272391975628,1.5706092287981895E-5
18083.0,3.670160546268942E-4,3.560637804913974E-5,0.9995973775673239
17541.0,0.9878604081939961,0.012043418554882232,9.617325112157993E-5
17814.0,0.03448525218531522,0.8083664338567065,0.15714831395797815
17404.0,0.9072332115490701,0.001848113533781412,0.09091867491714853
17135.0,0.9972146279768325,7.714223856509801E-4,0.002013949637516542
18588.0,0.570885284947158,0.016865994953270066,0.41224872009957186
18030.0,6.156519383107337E-6,3.39499012020818E-7,0.9999935039816049
18301.0,0.010514915492348908,0.08890584187007905,0.900579242637572
17755.0,1.1526688108023526E-9,0.9999998864262516,1.1242107963128212E-7
17480.0,2.0469566967243078E-7,4.2141631338790545E-7,0.999999373888017
17201.0,0.9796040848993489,0.020333134123363822,6.278097728721087E-5
18648.0,0.9863445446407187,0.013574634907173467,8.08204521076928E-5
17420.0,0.6330896749161353,0.01597755062602864,0.3509327744578361
17695.0,0.971172598395965,0.02875890981957398,6.849178446098915E-5
18233.0,0.98431196640877,0.015034534007781417,6.534995834487062E-4
17962.0,0.46536366642467625,0.5101805224373616,0.024455811137962306
17269.0,8.214416174381405E-5,0.9999144325535683,3.423284687929619E-6
16998.0,0.8768755003114169,0.06364794408574276,0.0594765556028403
18694.0,0.9796911604436752,5.342123441411556E-4,0.01977462721218354
18453.0,0.8913881388299392,0.07068468526756376,0.03792717590249703
17874.0,0.9944888340099601,0.005494740627282847,1.6425362757151177E-5
17601.0,0.12781758448659186,0.22850310810678992,0.6436793074066182
18151.0,0.9630779166539835,0.03597360489294412,9.484784530723559E-4
18420.0,5.1557473992755865E-8,1.0984666967588897E-6,0.9999988499758292
17067.0,0.0037814252778879337,6.330577691352591E-4,0.9955855169529768
17336.0,0.21891999077854193,0.6531652928568618,0.12791471636459628
18512.0,0.41608441935666074,0.5836143558367279,3.0122480661136624E-4
17405.0,1.2486959579231014E-7,0.9999998751210866,9.317606213004345E-12
17134.0,0.006656993995824802,0.04564144514030456,0.9477015608638706
18353.0,0.08563048214650304,0.810866072283006,0.10350344557049086
18082.0,0.0232189458306466,0.1415079986625031,0.8352730555068503
17540.0,0.7025952649031685,0.01342299163397769,0.2839817434628538
17815.0,0.9729374943094149,0.026985075174038035,7.743051654719209E-5
18589.0,0.004540666841674336,0.02896810277009309,0.9664912303882326
17200.0,1.9587961630125342E-13,4.3173399550747275E-10,0.9999999995680702
18031.0,0.9955097030556804,0.0044840025897133215,6.2943546062462445E-6
18300.0,0.4408280718372893,0.5567094933040749,0.0024624348586357
17754.0,0.21771286807741672,0.46830679378604784,0.3139803381365355
17481.0,1.49411573118104E-7,3.437442993470384E-4,0.9996561062890799
18649.0,0.015776438400014726,0.03403123049102489,0.9501923311089604
17268.0,0.9969562269037072,0.002758611066010633,2.851620302820891E-4
16999.0,0.6069545522622893,0.37566502215234787,0.017380425585362822
17421.0,0.9950446331873743,0.0049291685376975335,2.6198274928060944E-5
17694.0,6.584537022521043E-4,2.901908280546623E-4,0.9990513554696931
18232.0,0.85107657594587,0.14434670834731333,0.004576715706816484
17963.0,0.8636590569263203,0.13496006583426987,0.0013808772394098836
18695.0,0.9920785418806488,0.007917359949967416,4.098169383755936E-6
18452.0,0.9916430167179192,7.891533730475639E-4,0.007567829909033357
17066.0,0.8266015585110156,0.16900837719038062,0.004390064298603832
17337.0,0.6333332540901283,0.01779077217776039,0.3488759737321113
17875.0,0.048306687569613774,0.16513265747624206,0.7865606549541442
17600.0,0.9672279959860676,3.507756770575489E-5,0.03273692644622667
18150.0,0.42449867145623665,0.4171856397400813,0.15831568880368202
18421.0,0.5366265717376736,0.4585177657725509,0.004855662489775598
17486.0,0.999232154388948,7.199098970676526E-4,4.7935713984310816E-5
17757.0,0.27584138027974686,0.11188486926680957,0.6122737504534437
18299.0,0.954206035478842,0.045656736139294045,1.3722838186400538E-4
18024.0,0.10714664109468866,0.0021437410953537126,0.8907096178099576
17207.0,0.9919072835518885,0.008083668807324177,9.047640787282705E-6
18586.0,2.6655664679686502E-5,0.9999733441442307,1.910896548439075E-10
17808.0,0.9832081987439475,0.009947674781337875,0.006844126474714713
17539.0,0.022953073496385226,0.007979008647513058,0.9690679178561017
18085.0,0.0028460565547146132,0.07425263928458095,0.9229013041607044
18358.0,0.9329543158609528,0.06118519583127833,0.005860488307768911
17129.0,0.9097767042400429,0.08995087090833628,2.7242485162075173E-4
17402.0,0.20325647639393205,0.6691358265875276,0.12760769701854033
18519.0,1.5088575011367435E-6,0.9999984911406333,1.86551060465771E-12
18418.0,0.9668201889004845,0.033015945052648814,1.6386604686659218E-4
18145.0,6.041968410050219E-7,9.347574225619567E-9,0.9999993864555847
17607.0,0.8583173062310241,0.12598793894474888,0.015694754824227008
17876.0,0.9907538616019077,0.008774236813511162,4.7190158458103115E-4
17342.0,0.8590824836147415,2.2923789931867067E-5,0.14089459259532666
17069.0,0.9985734125747,0.001347485617384433,7.910180791548175E-5
18451.0,0.007820583013535247,9.404755977606935E-5,0.9920853694266887
18688.0,0.1784115774177703,0.4524837659263684,0.3691046566558612
17964.0,1.080088110720054E-8,1.8622854041183927E-9,0.9999999873368336
18239.0,0.7063985690390853,3.5230244928522544E-6,0.29359790793642193
17689.0,0.8927806444469096,0.10721654669359837,2.8088594920001465E-6
17418.0,0.007283637883568355,0.8947614991853968,0.09795486293103493
16992.0,0.09463224109140633,0.8211037349589444,0.08426402394964917
17267.0,0.15225861574787966,0.8458225670603694,0.0019188171917509037
18654.0,0.005486794586910184,1.8782438380751654E-4,0.9943253810292824
17206.0,0.9728999555791741,0.02708799369536854,1.2050725457429641E-5
17487.0,0.9610161463121374,0.03893332094668539,5.0532741177309505E-5
17756.0,5.645365659464443E-4,0.9969952704534722,0.002440192980581342
18298.0,6.142983403054915E-4,8.78082699507899E-5,0.9992978933897437
18025.0,0.024153791785388987,0.9744156173648284,0.0014305908497825655
18587.0,0.9887994732740727,0.007942615383009988,0.0032579113429173274
17128.0,0.9759374653343723,0.024055244182078796,7.290483548933484E-6
17403.0,0.02480317183800834,0.005530729211402831,0.9696660989505888
17809.0,0.007191624303875252,0.3258706435795242,0.6669377321166005
17538.0,0.9708470925777556,0.029140168223203772,1.2739199040679007E-5
18084.0,0.45603059517474825,0.00941755436598464,0.5345518504592671
18359.0,0.8720808605403022,0.08832548537944537,0.03959365408025245
18518.0,0.7711741396800355,0.12782805375001827,0.10099780656994622
17343.0,0.9923528638518332,0.007006782023683013,6.40354124483875E-4
17068.0,0.9783552713386016,0.02163653599747569,8.192663922665386E-6
18419.0,0.025049475226624342,0.04152874390496738,0.9334217808684083
18144.0,0.04486738931525511,0.9550877412090588,4.48694756860253E-5
17606.0,0.7045866485223385,0.26588821527385564,0.02952513620380584
17877.0,0.31579615357536384,0.20468496064656672,0.47951888577806945
18450.0,0.26787465747081524,0.687541638581293,0.04458370394789177
18689.0,0.9886362089539993,0.010958377718371624,4.054133276290147E-4
16993.0,1.97805225189293E-4,8.117552016401975E-5,0.9997210192546467
17266.0,0.9685384005508476,0.03143716232650098,2.4437122651460314E-5
17965.0,0.9437503303857057,0.048173454469462224,0.008076215144832095
18238.0,0.9939658896292627,0.006000994769622809,3.311560111438901E-5
17688.0,0.855541701699532,0.008006267417583273,0.13645203088288468
17419.0,0.022108793931136003,0.04045165485117516,0.9374395512176888
18655.0,0.20149396215695123,0.4699940140854977,0.3285120237575512
18584.0,0.7073015458146732,0.1521541842981412,0.14054426988718557
17759.0,5.123204965026129E-4,0.9988706060846496,6.170734188476867E-4
17484.0,0.9937464003106231,0.006248204736786782,5.3949525901178885E-6
18026.0,0.01677766818743709,0.896843868071437,0.08637846374112591
18297.0,0.9980621313671749,2.4679344717190934E-4,0.0016910751856532055
17205.0,0.9976906838947724,0.002302050844018758,7.265261208837014E-6
18517.0,0.0010895190655079818,0.9989103742309886,1.0670350334585542E-7
17537.0,0.9184692317093368,0.05633257788366218,0.025198190407001053
17810.0,0.9181321983955684,0.07388063675830703,0.007987164846124545
18356.0,0.07378502284211025,0.9261967811258627,1.8196032027009442E-5
18087.0,0.06693113560775348,0.9330006518065491,6.821258569739254E-5
17400.0,0.998752329551909,5.149013052866685E-4,7.327691428044242E-4
17131.0,0.6142406385986231,0.3210974127822259,0.064661948619151
18690.0,0.28763077708775253,0.7118168121694392,5.52410742808289E-4
18449.0,4.0503327524931724E-6,0.9688147985612189,0.031181151106028704
18147.0,0.007661952769724026,0.6828720839076484,0.30946596332262766
18416.0,0.9930323779999815,0.006965823057145485,1.798942873136347E-6
17878.0,0.3261592715415811,0.6716147846223363,0.002225943836082708
17605.0,0.5051111640442337,0.1735278473322489,0.32136098862351736
17071.0,0.9483823949433402,0.0066178782762821515,0.04499972678037757
17340.0,0.9765823300238777,0.023216280023649487,2.0138995247281696E-4
18652.0,0.9918510122875933,0.008051613107134585,9.737460527207875E-5
18237.0,1.2032562601192405E-4,0.043594784804276976,0.9562848895697111
17966.0,0.9921154513898003,0.007158370022841925,7.261785873578827E-4
17416.0,0.9568654472421515,0.033530568506079356,0.009603984251769154
17691.0,0.0011214329665519588,1.7516734048409757E-5,0.9988610502993996
17265.0,0.993229136673693,0.006579812447079374,1.9105087922761368E-4
16994.0,0.12436618220006769,0.3692969207285622,0.5063368970713702
18585.0,0.9941723338212357,0.005814477819522848,1.3188359241448505E-5
17204.0,0.9215901915861981,0.05390850499873868,0.024501303415063187
17758.0,0.2234595166821474,0.7763925685035484,1.4791481430427946E-4
17485.0,0.8580793004262586,0.14088333537041517,0.001037364203326196
18027.0,0.4173874307795809,0.42196390021185626,0.1606486690085628
18296.0,0.9938789439020971,0.006092410544676481,2.864555322644067E-5
18516.0,0.5136410001440548,0.21046087003200825,0.2758981298239371
17401.0,0.4872026018858972,0.5100784010528275,0.0027189970612753016
17130.0,0.09321087794777946,0.9001263380392697,0.0066627840129509135
17536.0,0.995794644518975,2.4586458975178136E-4,0.00395949089127318
17811.0,1.3814813949970053E-6,7.734158345629145E-8,0.9999985411770216
18357.0,0.9821232954740806,0.015833906675976103,0.0020427978499432246
18086.0,1.9355363456813305E-4,0.04362525325869557,0.9561811931067363
18691.0,0.00465887638772407,0.013703514854192194,0.9816376087580838
18448.0,0.11950469412078699,0.5989159037369015,0.2815794021423115
17070.0,0.006516064010254305,0.8931454491534287,0.1003384868363169
17341.0,0.9780176648572413,0.020256112541590664,0.0017262226011681098
18146.0,3.6942483879124002E-9,0.999982580864186,1.7415441565570165E-5
18417.0,0.25628488893049917,0.7391165510157275,0.004598560053773414
17879.0,3.103743021638065E-4,3.8739518354982125E-7,0.9996892383026527
17604.0,0.9988030426723834,0.0011925547820119558,4.402545604565382E-6
18653.0,0.9953128719527927,0.004286216997335547,4.0091104987173055E-4
17264.0,0.8797002585061194,0.08767955283123637,0.032620188662644135
16995.0,2.5648090967995537E-6,0.9999974347921444,3.987586892697381E-10
18236.0,2.755200126456721E-4,0.9997244792278182,7.595362489575967E-10
17967.0,0.004354716563375972,0.005600128635812589,0.9900451548008113
17417.0,1.164240012423513E-5,2.059803133988782E-5,0.9999677595685358
17690.0,0.9899878783622644,0.001165469494004935,0.008846652143730732
17004.0,0.9491036773079642,0.03154414793910991,0.019352174752925947
17279.0,0.07709115067938101,0.9228664271036439,4.2422216975105256E-5
17685.0,0.023228716416997728,1.51956564072509E-5,0.9767560879265951
17414.0,0.699474829145374,0.01536817766469732,0.2851569931899287
17952.0,0.05373906553034431,0.0029278754243862344,0.9433330590452694
18227.0,0.23312465143246353,0.06320873922460717,0.7036666093429294
18642.0,0.0017575153377731108,0.9647255467563361,0.03351693790589072
17330.0,7.945884529674061E-4,0.9992054114458905,1.0114212808349812E-10
17057.0,0.9815452863255824,0.018398176466725372,5.653720769219304E-5
17611.0,0.24066041095093,0.09143656724527442,0.6679030218037957
17880.0,0.10785449731040835,0.026950901061841132,0.8651946016277505
18430.0,0.9420778800508529,0.05709666330740903,8.254566417380353E-4
18157.0,0.9992250960645269,7.588355522430305E-4,1.606838323001602E-5
18463.0,0.9984096882423507,0.0014692191440410383,1.2109261360829529E-4
18700.0,0.1494235144603143,0.06487621183800169,0.7857002737016839
17125.0,0.5486426317939618,0.22590287936774725,0.2254544888382911
17398.0,0.8960038136433341,0.1037156635429978,2.8052281366806544E-4
18089.0,0.049374615209760706,0.05789217365974703,0.8927332111304923
18362.0,0.9010693005120437,0.09262843843664184,0.006302261051314415
17820.0,7.372516185180308E-4,0.9992625651261002,1.8325538180868405E-7
17551.0,0.8297823098891125,0.006422626784911149,0.1637950633259762
18523.0,0.6635409493171305,0.0012784212492831422,0.3351806294335863
17211.0,9.966220952643807E-11,2.0607590042665412E-11,0.9999999998797303
18295.0,0.9217412395093281,0.07818109747138595,7.766301928600052E-5
18020.0,0.8076463958657291,3.248986863229016E-6,0.19235035514740764
17474.0,0.379825512869154,0.5996418851957516,0.020532601935094468
17745.0,0.9900579473720846,0.009099420877932939,8.426317499823675E-4
18582.0,3.2658829421514167E-4,0.005347133628640194,0.9943262780771447
17684.0,0.12646355285579444,0.01644546276698091,0.8570909843772246
17415.0,8.067210763464866E-4,0.999191292986202,1.9859374513834695E-6
17953.0,0.0029062337106659283,0.384275164297363,0.6128186019919711
18226.0,2.089038369495109E-5,3.8986236691968744E-7,0.999978719753938
17005.0,0.9757511525649188,0.024195545797073965,5.33016380072554E-5
17278.0,0.061880040821580995,4.174378489716002E-7,0.9381195417405701
18643.0,0.9391923310917569,0.06076955778402681,3.8111124216301566E-5
17610.0,0.9518062191741268,0.033182612508818043,0.015011168317055106
17881.0,0.9888987394316098,0.011097012458526553,4.248109863661723E-6
18431.0,3.462043243839365E-4,0.9996095801815982,4.42154940179656E-5
18156.0,1.4545740317041623E-11,1.2505453067685027E-9,0.999999998734909
17331.0,0.9714479489529623,0.027369666953951207,0.001182384093086392
17056.0,0.9400599373359771,5.4473843012535015E-5,0.05988558882101034
18462.0,0.08394306056105809,0.020477165524727923,0.8955797739142141
18701.0,9.0534695937019E-8,0.9999999094649972,3.0681524875826936E-13
18088.0,1.5368865736614335E-8,0.9999999846270805,4.0537748385992414E-12
18363.0,0.03618922731915454,0.962317588900668,0.0014931837801775375
17821.0,0.02543020133415274,0.4153742940625656,0.5591955046032816
17550.0,0.996551864887872,0.003248427319872564,1.9970779225545412E-4
17124.0,1.6292402263132524E-7,0.13701924606731253,0.8629805910086648
17399.0,0.38155642534838113,0.618362580692555,8.099395906379709E-5
18522.0,7.134610809243048E-6,7.923067566762122E-7,0.9999920730824341
18294.0,0.1369392479074077,0.8630016434996257,5.910859296650559E-5
18021.0,0.12937108780983395,0.8632589632517121,0.007369948938453863
17475.0,0.5920568980903334,0.40794072394822195,2.3779614447472553E-6
17744.0,0.002508451025666955,0.9607121013525171,0.03677944762181597
17210.0,3.947588672849341E-10,0.9999999996051905,5.060573147115835E-14
18583.0,2.86315750829744E-4,0.005822485441193263,0.9938911988079769
18640.0,0.9991729001458438,3.6946956281295757E-4,4.5763029134314264E-4
17277.0,0.9879451712313903,0.011858307461090947,1.965213075187332E-4
17006.0,0.9982895597735806,0.0017097029980018704,7.372284175208614E-7
17412.0,3.341668709434534E-5,2.3889535046623038E-6,0.999964194359401
17687.0,0.7911218543319241,0.20156288951673285,0.007315256151343181
18225.0,0.9998217967261338,1.11179443683205E-4,6.702383018294607E-5
17954.0,0.005073930239796765,0.9939570709006774,9.68998859525805E-4
18702.0,0.9612404105798613,0.03820059417988084,5.589952402577646E-4
18461.0,0.14302621843286392,0.8548705621452792,0.0021032194218568536
17059.0,0.15998874266822033,0.8275307624621724,0.012480494869607174
17328.0,4.398216506540058E-4,0.9936017396795305,0.005958438669815465
17882.0,0.007593693249339707,0.020195814392161223,0.972210492358499
17609.0,0.9846106804532853,0.015362175133177659,2.7144413537053928E-5
18159.0,2.0836513880574904E-11,6.562742720035615E-11,0.999999999913536
18428.0,0.0013525725883369152,0.0017593969751270283,0.9968880304365361
18521.0,0.98431320489642,0.015610437240404958,7.635786317488738E-5
17396.0,0.9027727687298427,0.09689742952957438,3.2980174058297327E-4
17127.0,0.9970586654306594,0.002933917224019384,7.4173453213332605E-6
18360.0,0.8987305738828126,0.09857657264676051,0.0026928534704269364
18091.0,0.43294271262623807,0.0574739746371214,0.5095833127366406
17549.0,0.9846740489004379,0.01528915661100606,3.6794488555998236E-5
17822.0,0.9573606167158216,3.1544600118847074E-5,0.042607838684059464
18580.0,0.9992521881913494,7.474155138545368E-4,3.962947959975022E-7
17209.0,0.02450263603467208,0.8610475719655465,0.11444979199978153
18022.0,0.4017156080940971,0.26885075075863435,0.32943364114726853
18293.0,0.23090947862254496,0.7312463575536162,0.03784416382383884
17747.0,0.1461907750312551,0.18167470947476155,0.6721345154939833
17472.0,0.69146203748725,0.3074817499716092,0.0010562125411409
18641.0,0.13997523057358582,0.682101953562539,0.1779228158638752
17413.0,0.04120829022285718,0.7191062831620769,0.2396854266150659
17686.0,0.14731060553118722,0.003026110679513583,0.8496632837892992
18224.0,0.044187059059569704,0.8470766735326639,0.10873626740776636
17955.0,0.010456521041099613,0.9747852468390045,0.014758232119895923
17276.0,0.1910852961023125,0.037252409253958875,0.7716622946437286
17007.0,0.9987059383513555,8.619193973020705E-4,4.321422513424137E-4
18703.0,0.4440191924228929,0.4093492312430813,0.14663157633402585
18460.0,0.0671369363115017,0.009722570891605551,0.9231404927968927
17883.0,0.9523823180855437,0.043625159381026804,0.0039925225334295185
17608.0,0.9590349172856472,0.038928538442043616,0.0020365442723091903
18158.0,3.800178656642187E-5,0.9999619960081102,2.205323302692346E-9
18429.0,0.04771612817818135,0.3615751431353208,0.5907087286864979
17058.0,0.8418660935260882,5.601695228248349E-4,0.15757373695108692
17329.0,1.3461880736421828E-7,0.9999998650559665,3.2522608591289974E-10
18520.0,3.392509994736378E-10,8.406895946259621E-9,0.999999991253853
18361.0,0.008554656456352443,0.026138125693083002,0.9653072178505645
18090.0,0.977556033016887,0.007636940452122562,0.01480702653099047
17548.0,0.43828286236212116,0.004458025510494303,0.5572591121273844
17823.0,2.489770787836023E-5,0.9999629376405679,1.216465155386481E-5
17397.0,0.25781633096562506,0.0013489553429264973,0.7408347136914484
17126.0,5.226227631057089E-6,0.15828708018790233,0.8417076935844666
18581.0,8.221229273388127E-8,0.043613068894073966,0.9563868488936333
18023.0,0.6803195542019295,0.27960772235084036,0.040072723447230264
18292.0,0.01234514175066966,0.987302079656626,3.527785927043737E-4
17746.0,2.2544899219190933E-4,1.3330245820339559E-5,0.9997612207619878
17473.0,0.9563306982950419,3.399428387173671E-4,0.04332935886624073
17208.0,0.9562451766812397,0.04344641397679084,3.084093419694604E-4
17334.0,0.9006192754551057,0.004635068030372925,0.09474565651452142
17061.0,0.936643533182256,0.04264682835475033,0.020709638462993563
18426.0,0.10789078608904494,0.26187498666297987,0.6302342272479752
18153.0,0.7476525801086371,0.23830351679741293,0.01404390309395001
17615.0,0.42827727981672986,0.5586308026900465,0.013091917493223677
17884.0,0.06715405583462948,0.3120650359165356,0.6207809082488349
18459.0,0.029088914208040603,0.966600145671677,0.004310940120282548
18696.0,3.3759304654709427E-4,0.9996624038095591,3.143893806830232E-9
17000.0,0.9746590696043792,3.06598516085589E-4,0.02503433187953515
17275.0,0.09752232605476818,0.0536561595887669,0.8488215143564649
17956.0,6.381457805195279E-7,0.9999993618309169,2.3302464000778943E-11
18231.0,0.9683034180039927,0.03076973487187326,9.268471241340723E-4
17681.0,0.9860793506402087,0.013812144336439198,1.0850502335222728E-4
17410.0,0.03928740294774376,0.33227234411728895,0.6284402529349673
18646.0,0.7025875342197146,0.29207841032431375,0.005334055455971642
17215.0,0.9786287026538234,0.01657904575818861,0.004792251587987952
17478.0,0.9973137700896121,0.002651038886248241,3.519102413970683E-5
17749.0,0.9533035869469805,0.0465365801345952,1.5983291842428532E-4
18291.0,0.9973850835899243,0.002607171434604027,7.74497547165319E-6
18016.0,1.3028531635663642E-4,0.009984600242503274,0.9898851144411401
18578.0,0.0014847163673926314,6.347655884366861E-7,0.9985146488670189
17121.0,0.5554938383607905,0.43111249665966667,0.01339366497954285
17394.0,0.004582511911901164,0.9484516619061745,0.04696582618192432
17816.0,0.20772825733309902,0.015387374755827745,0.7768843679110733
17547.0,0.9843100652304504,0.014128343881176323,0.0015615908883732225
18093.0,0.05630242883295135,0.04342820228574981,0.9002693688812988
18366.0,0.965124562925223,0.03457224702152573,3.0319005325119165E-4
18527.0,0.9486609406153544,0.05133783066451507,1.228720130416497E-6
18427.0,0.979819888321796,0.00998290033854278,0.01019721133966123
18152.0,2.7681483200943254E-8,1.5137257690606047E-8,0.9999999571812591
17614.0,3.0235627268695783E-6,1.7449114889689117E-11,0.9999969764198241
17885.0,0.8731553691190578,0.1268028168989769,4.181398196534079E-5
17335.0,0.017139707053723044,0.0037457072085340876,0.9791145857377428
17060.0,0.690393445114566,0.3087863712889408,8.201835964931438E-4
18458.0,0.18873631914571531,0.3332481530078111,0.4780155278464736
18697.0,0.012435316568324504,0.9403062690914505,0.04725841434022496
17957.0,0.572926988006042,0.2803685114984304,0.14670450049552758
18230.0,0.12203216237290893,1.433000780571822E-4,0.8778245375490339
17680.0,0.9880348396071486,0.01180084302385636,1.6431736899504346E-4
17411.0,0.9882320534029064,0.01174148881767595,2.6457779417602712E-5
17001.0,0.9991627026782334,8.350194531189367E-4,2.2778686477326332E-6
17274.0,3.889643442996088E-8,1.082765764025303E-4,0.999891684527163
18647.0,0.632865562526161,0.3482042896479858,0.018930147825853075
17479.0,8.123166502575374E-4,0.9096257702293415,0.08956191312040093
17748.0,0.0011923833381240474,0.009819284046981439,0.9889883326148946
18290.0,0.9932277240009866,0.006766121746446122,6.15425256722174E-6
18017.0,0.5398427828473831,0.4600870316490445,7.018550357244604E-5
17214.0,7.506793780903056E-5,1.9635192782788567E-4,0.999728580134363
18579.0,0.9930809887205219,0.00690130669111704,1.7704588361002752E-5
17817.0,2.6290126864368177E-5,0.9999736939508559,1.592227971633997E-8
17546.0,0.9984363223988406,8.884776801147689E-4,6.75199921044651E-4
18092.0,0.9985343822353039,0.0011974419421741781,2.6817582252195907E-4
18367.0,1.999808893313545E-13,1.0928830360223283E-9,0.9999999989069169
17120.0,0.0030715573923658524,2.4546165057832317E-6,0.9969259879911284
17395.0,5.427334958253739E-4,5.479730259348799E-4,0.9989092934782398
18526.0,0.26069508449529283,0.004269232891621734,0.7350356826130855
18698.0,0.974172867866558,0.02573757644532746,8.955568811452064E-5
18457.0,0.9927612719940945,0.007202963244922343,3.5764760983180745E-5
17063.0,0.9988785153959069,4.3728267300166643E-4,6.842019310914671E-4
17332.0,0.6395947122743925,0.16868733380100925,0.19171795392459814
18155.0,0.5960051496779469,0.40391433016052875,8.052016152430918E-5
18424.0,1.0331454234013355E-7,2.762074400791421E-5,0.9999722759414498
17886.0,0.9882320534029064,0.01174148881767595,2.6457779417602712E-5
17613.0,0.8501501399087484,0.14870286714055306,0.0011469929506985955
18644.0,0.017846068197397875,1.0351118549935727E-5,0.9821435806840522
17273.0,0.999584084567984,4.0466262447554606E-4,1.1252807540487916E-5
17002.0,3.009630837332621E-4,0.41121957473462023,0.5884794621816465
18229.0,0.9874428351765683,0.010909999812585624,0.001647165010846184
17958.0,0.02674199367401535,1.93145787147156E-5,0.97323869174727
17408.0,0.81764959237232,0.17898109128916864,0.003369316338511266
17683.0,0.9735248503209636,0.02587063854283076,6.045111362057145E-4
18576.0,0.9945221330673505,0.005456075531415107,2.179140123451413E-5
17213.0,0.8674227361469817,0.13256391079681115,1.3353056207104515E-5
17751.0,0.9950326037857177,0.004747198318736132,2.2019789554625493E-4
17476.0,0.30070619719033637,0.6982695361781821,0.0010242666314814748
18018.0,0.3501251950230455,0.649778153511704,9.665146525051724E-5
18289.0,0.5876243618734129,0.41237069186761965,4.946258967295464E-6
18525.0,0.9331840150912529,0.06669890471616487,1.1708019258215531E-4
17392.0,0.9748577068702903,0.025124344137661944,1.7948992047675316E-5
17123.0,9.51249742351927E-4,0.6704791263628848,0.32856962389476324
17545.0,0.007888129480213737,0.020240231173503133,0.9718716393462832
17818.0,0.9843003758357096,0.01569507065309582,4.5535111945470345E-6
18364.0,1.9558060126562019E-4,0.9998044189537723,4.4496222248861014E-10
18095.0,0.016839753927451972,0.0027351338162353253,0.9804251122563128
18699.0,0.556353589110307,0.44359670909559135,4.9701794101650726E-5
18456.0,0.0035247109028025397,0.9826979368895791,0.013777352207618544
18154.0,1.1888484424365906E-5,0.9999856149314224,2.4965841532610843E-6
18425.0,0.9998738810837154,7.950282338355841E-5,4.661609290092773E-5
17887.0,0.0030472749742410923,0.006631678547252344,0.9903210464785066
17612.0,0.969591301597163,0.025495117454371403,0.004913580948465578
17062.0,1.2058195668638165E-4,0.999688243771151,1.9117427216259076E-4
17333.0,0.9870162731061478,5.898863308997949E-5,0.01292473826076215
18645.0,7.727294252322863E-6,0.0014951867915966202,0.9984970859141511
18228.0,0.12094610127989901,6.629413959939765E-4,0.878390957324107
17959.0,0.30073232879867756,0.6009022247683894,0.09836544643293317
17409.0,0.947569508816309,0.05076367226226736,0.0016668189214236952
17682.0,0.13707649445904302,0.0482292818034869,0.81469422373747
17272.0,0.18183334942848517,0.78421216240096,0.03395448817055474
17003.0,2.821282971852107E-9,0.999999978222383,1.8956334076317498E-8
18577.0,0.1530714899529056,0.8232669982499665,0.023661511797127794
17750.0,5.812122185128215E-5,0.999875067694837,6.681108331161669E-5
17477.0,0.9386431331248227,0.06132605092039176,3.08159547856127E-5
18019.0,0.367938431738202,0.5206515097656772,0.1114100584961208
18288.0,0.6166148708445333,0.3823504602910346,0.0010346688644321089
17212.0,0.9776461662593406,0.022164268368912686,1.8956537174653836E-4
18524.0,0.95967452402112,0.014910690387016819,0.025414785591863217
17544.0,0.011205240176465611,4.83490725503215E-5,0.9887464107509841
17819.0,0.9609826252432033,0.038315642521099216,7.017322356975302E-4
18365.0,0.26637957140771734,0.36279650295648674,0.3708239256357959
18094.0,0.008115692953059542,0.00965408432008772,0.9822302227268527
17393.0,0.006778527371945546,0.9747039485793787,0.018517524048675748
17122.0,1.4681380780511211E-4,0.3257658375052809,0.674087348686914
18498.0,2.294082065207674E-6,4.4277533515840614E-4,0.9995549305827764
17148.0,1.0388025123940327E-4,5.4643591199753194E-8,0.9998960651051694
17391.0,2.376326524268766E-7,0.999999728693897,3.3673450546292845E-8
18096.0,0.8069741134946098,0.19286880489138317,1.5708161400706706E-4
18339.0,2.1638349112111265E-5,0.0019566716104003237,0.9980216900404875
17797.0,0.7400953720589593,0.2579117037848853,0.001992924156155476
17558.0,0.9873336914455615,0.004741666036052595,0.00792464251838594
18575.0,0.9767591666406249,0.023172808671631174,6.802468774391544E-5
17186.0,0.9980314447752994,0.001393303000205193,5.752522244954369E-4
18286.0,0.6540680393651954,0.342808122082401,0.0031238385524033846
18045.0,0.9737570071370008,0.0224928375978365,0.0037501552651627956
17499.0,0.26078807005851723,0.00967298160429282,0.72953894833719
17736.0,2.4348595185525455E-9,1.0520855529100086E-9,0.9999999965130548
18635.0,2.4837786074629554E-6,3.517166433264042E-4,0.9996457995780662
17013.0,0.993755482716302,0.005723023306306093,5.214939773919878E-4
17254.0,6.016471976832633E-5,0.0014187602151464617,0.9985210750650851
17676.0,1.250972749796562E-10,0.002712335865042803,0.9972876640098599
17439.0,0.5944911563208686,0.40487068519802494,6.381584811064923E-4
17977.0,0.9982187871266512,0.001775105062987297,6.1078103613999435E-6
18218.0,0.0031414851568966513,0.9968578428691608,6.719739426297529E-7
18438.0,0.4384720488208946,0.5158371683929827,0.045690782786122736
18709.0,0.007159225681022502,0.9928314326921591,9.341626818455465E-6
17323.0,0.02599789628448977,0.9736123412000758,3.8976251543438423E-4
17080.0,8.50392363201004E-6,0.9999914909772091,5.099158961766316E-9
17618.0,0.01373466341367276,2.929315885539646E-6,0.9862624072704418
17857.0,0.9685532954000636,0.004474317769385797,0.026972386830550425
18407.0,0.5504200336386904,0.4207474689773205,0.02883249738398895
18164.0,0.8729012952128445,0.12605956823880876,0.0010391365483467141
18499.0,0.006327687244000408,0.9639415811484837,0.029730731607515968
18097.0,0.01785288849294633,0.9821391617697892,7.949737264378543E-6
18338.0,7.123963497902851E-4,8.695519427027722E-5,0.9992006484559394
17796.0,1.0611144706456694E-7,0.9999998938826761,5.876893373423036E-12
17559.0,0.9981698604595569,0.0011734214648025578,6.567180756406099E-4
17149.0,0.0021660088961040626,7.942353525028133E-4,0.9970397557513931
17390.0,0.006861337542031673,0.986983900851598,0.0061547616063703245
18574.0,0.011279460717332759,8.46746755825136E-9,0.9887205308151996
18287.0,0.9855213042582557,0.014350569684415419,1.2812605732890838E-4
18044.0,0.6736460427636267,0.056731365042241154,0.26962259219413204
17498.0,0.9785312107745852,0.020834337899518687,6.344513258962035E-4
17737.0,0.11205656595237888,0.7863245273251259,0.10161890672249525
17187.0,0.08100511177644762,0.011376975913814182,0.9076179123097383
18634.0,0.9882484136001852,0.011720871104382765,3.0715295431919196E-5
17677.0,0.3918963167019582,1.34319814931175E-5,0.6080902513165488
17438.0,3.369523170371254E-5,6.784389991061819E-4,0.99928786576919
17976.0,0.9697236207113856,0.011963125359686175,0.018313253928928266
18219.0,0.9942019451473264,0.0037566345919225336,0.0020414202607510314
17012.0,0.9304232270422316,0.06599268797423971,0.003584084983528676
17255.0,2.6090404014200477E-13,1.3827158225959736E-5,0.999986172841513
18439.0,0.033265095127132216,1.073154055220892E-6,0.9667338317188126
18708.0,0.0050297566083960564,0.970742612699761,0.0242276306918428
17619.0,1.332312269633005E-5,0.9541468072988185,0.045839869578485126
17856.0,0.014477723152693476,0.6727768487179407,0.3127454281293658
18406.0,0.9838564462656079,0.016006074983220778,1.3747875117135164E-4
18165.0,2.553213531450724E-5,0.01788102416274608,0.9820934437019394
17322.0,3.8911121509383736E-4,0.9995593863599858,5.150242492036125E-5
17081.0,0.993274334212314,0.0066705034051718895,5.516238251400815E-5
17389.0,0.30882182112955076,0.6581517127029659,0.03302646616748335
17150.0,0.9945487384001361,0.005439125803959764,1.2135795904044971E-5
18337.0,0.01647410098699472,0.9640645364936765,0.019461362519328836
18098.0,0.9898499804006734,0.010103548249310555,4.6471350015979094E-5
17556.0,0.9157585302870493,0.009347987224427418,0.07489348248852336
17799.0,0.131834157784927,0.6919692961458115,0.17619654606926155
18496.0,1.6700036105775328E-6,3.064229950164931E-4,0.9996919070013729
17184.0,1.2468341874765328E-4,6.482746360614744E-4,0.9992270419451909
18047.0,0.986445462403701,0.012817568124508513,7.369694717905095E-4
18284.0,0.9647586028200424,0.035233972544085695,7.4246358718878636E-6
17738.0,0.9913321781521551,0.008647776667016304,2.004518082852487E-5
17497.0,0.9721581570046008,0.027724141254889482,1.1770174050964067E-4
18573.0,0.9842765382815462,0.014906909071121278,8.165526473326352E-4
17252.0,0.0070521332103129376,0.04335689109640919,0.9495909756932779
17015.0,0.054577666609418644,0.7032598399965883,0.24216249339399304
17437.0,0.9876929686457026,0.011188076191360872,0.0011189551629365944
17678.0,1.596283184172823E-4,0.6943526274786643,0.3054877442029184
18216.0,0.9977884794252786,0.002189295722523827,2.2224852197669334E-5
17979.0,1.7211365823946556E-4,2.453947867667481E-6,0.9998254323938929
18633.0,0.30853703384042147,0.6905876217645057,8.75344395072777E-4
17082.0,0.23431370785109057,0.7357874329298842,0.02989885921902518
17321.0,0.00864916590687849,0.9913355977264017,1.523636671973918E-5
17859.0,1.0581038275742549E-4,0.9986676612073195,0.0012265284099229796
17616.0,0.8317761040287921,0.1678674403698825,3.5645560132545985E-4
18166.0,0.5410061693287423,2.7821734498880974E-5,0.4589660089367588
18405.0,0.915248557983884,0.029545517981043344,0.05520592403507265
18711.0,0.9969277745386436,6.974174560393274E-4,0.002374808005317179
18436.0,0.002107062520383556,0.06302026672445732,0.9348726707551591
18336.0,0.019811555567286736,0.0014611496313493967,0.9787272948013639
18099.0,0.09215317681079972,0.906676249381067,0.0011705738081333403
17557.0,0.691154661718568,0.30672997675268654,0.0021153615287454962
17798.0,0.0033451585756365276,0.5966311278429968,0.4000237135813667
17388.0,0.8236335046883629,0.1754975884583044,8.689068533327772E-4
17151.0,0.7720794663545812,0.02977908466325366,0.19814144898216507
18497.0,0.74698070251446,0.19291916764536993,0.06010012984017003
18046.0,4.1841644321485567E-4,0.999579811147577,1.7724092082262956E-6
18285.0,0.9975640403278411,0.0021396705179911515,2.962891541677792E-4
17739.0,0.5659963549480284,0.0017429538610101896,0.43226069119096144
17496.0,0.0036229606694233164,0.9962299908089197,1.4704852165692856E-4
17185.0,0.9501119926436064,0.04975144184656032,1.3656550983330573E-4
18572.0,0.01319637847679265,0.01284125215439778,0.9739623693688095
17436.0,0.9896735429616321,0.009462287867349307,8.64169171018574E-4
17679.0,0.03636850666557275,0.042504394510592826,0.9211270988238344
18217.0,0.9248014764867065,0.016108792252036777,0.05908973126125677
17978.0,0.1420414247313449,0.03952628114873147,0.8184322941199236
17253.0,0.0014130393311162438,0.19083398460638853,0.8077529760624952
17014.0,0.6985553827472175,0.26845483900092154,0.03298977825186094
18632.0,0.9913427575808881,0.008634205078277788,2.303734083416912E-5
17858.0,0.840716014750446,0.02141112374504111,0.13787286150451292
17617.0,0.004350561599767219,0.8508754496660582,0.14477398873417463
18167.0,3.986107183904864E-16,0.9999999999999996,2.5996574900380097E-17
18404.0,0.01675752979283501,0.005828772662610336,0.9774136975445546
17083.0,0.26105635289479123,0.7386557289628167,2.8791814239198716E-4
17320.0,0.2912561531302585,0.7058602213735916,0.0028836254961499413
18710.0,0.001060420153857684,0.0014834924809940082,0.9974560873651482
18437.0,0.006612515090918297,1.5533454275429617E-8,0.9933874693756275
18571.0,2.3074777531699232E-8,0.9999999767529844,1.722381759352678E-10
17190.0,1.2052881266921075E-7,0.002189857610048514,0.9978100218611388
17503.0,0.9223029253460732,0.07743777163906658,2.593030148602339E-4
17740.0,1.4496001640388048E-7,1.0505316278097798E-6,0.9999988045083558
18282.0,0.9546276575999525,0.04536838232193161,3.960078115928098E-6
18041.0,0.7805149427279494,0.21945192630905233,3.313096299819934E-5
18502.0,0.8608078357307359,0.13695253123282383,0.00223963303644022
17144.0,7.133834001674457E-4,1.0736265440039022E-6,0.9992855429732885
17387.0,0.9905486925034085,0.009229675329749202,2.2163216684228747E-4
17793.0,0.44158394259711425,0.10104751320226511,0.4573685442006207
17554.0,0.9828423909999628,0.0013471156653730016,0.01581049333466404
18100.0,0.8509276558501998,0.13937065687520747,0.0097016872745928
18343.0,0.5954822963946063,0.38785851797549886,0.016659185629894963
18434.0,0.9697863937454828,0.02058569358837621,0.009627912666141077
18705.0,0.07571866247201159,0.29390063972460095,0.6303806978033876
