18081.0,0.8140964769991613,0.16483766966510327,0.021065853335735386
18354.0,0.11368938162998374,0.7775308196223066,0.10877979874770952
17812.0,0.2853738710150426,0.1302102982778853,0.584415830707072
17543.0,0.6354051597243555,0.17481974575479864,0.18977509452084582
17133.0,0.4891935931905995,0.4593309193201822,0.051475487489218125
17406.0,0.013943646309308602,0.803552095592534,0.18250425809815735
18752.0,0.04468166369360801,0.9371018588171517,0.018216477489240223
18515.0,0.8902234989805228,0.10036731068318269,0.009409190336294532
18303.0,0.2892165680813132,0.5724144275661461,0.13836900435254057
18028.0,0.04002483739496383,0.0679734307895858,0.8920017318154504
17482.0,0.03509221330889987,0.5390419301960246,0.42586585649507547
17753.0,0.7274252143128744,0.2146504000272086,0.057924385659917074
17203.0,0.8694791170266424,0.11897105112713366,0.011549831846224103
18590.0,0.7512025852307139,0.23480669923293476,0.013990715536351258
17693.0,0.943685322140156,0.04117271538780882,0.015141962472035165
17422.0,0.018151915975406357,0.029420818424056992,0.9524272656005367
17960.0,0.829834374146633,0.07246521294885104,0.0977004129045158
18235.0,0.8390659012070724,0.10282892408181855,0.058105174711109084
16996.0,0.9097290286193348,0.08544473652106967,0.004826234859595379
17271.0,0.9153790900036989,0.04305738215358538,0.0415635278427157
18650.0,0.6205832817341895,0.36110920868168395,0.0183075095841266
17603.0,0.81076601237839,0.17990224011499292,0.009331747506617069
17872.0,0.9118600840762896,0.07695448652512181,0.011185429398588576
18422.0,0.8934068217046304,0.10362794938101232,0.002965228914357289
18149.0,0.3893967297596535,0.49170735267139726,0.11889591756894914
17338.0,0.012353207711904592,0.5652023299745769,0.4224444623135186
17065.0,0.48093234737905477,0.3789194087594824,0.14014824386146274
18455.0,0.9702730074537553,0.026914845748630005,0.002812146797614635
18692.0,0.11909104717451949,0.008944660649724885,0.8719642921757556
17132.0,0.010442956013929581,0.04516761685946179,0.9443894271266087
17407.0,0.005444637173975208,0.021600382965282647,0.9729549798607422
18080.0,0.21582756098454128,0.4735678945869619,0.3106045444284968
18355.0,0.06044411098560648,0.6511502081610852,0.2884056808533083
17813.0,0.28865352635302444,0.5026514052089893,0.20869506843798627
17542.0,0.1332507870085014,0.7595123884693367,0.10723682452216184
18514.0,0.4776746938031551,0.2948765038601555,0.22744880233668943
17202.0,0.18498291138606968,0.6969335020759917,0.11808358653793857
18302.0,0.8512693004109952,0.1434491613951956,0.005281538193809205
18029.0,0.8461719569235377,0.1469017201249008,0.006926322951561416
17483.0,0.3343206062693887,0.6147789705520773,0.05090042317853395
17752.0,0.29726592509336147,0.05070835849850539,0.6520257164081332
18591.0,0.7669293629876892,0.059152210865563985,0.17391842614674674
16997.0,0.9395199481620397,0.04388048860871385,0.01659956322924647
17270.0,0.9296869818216241,0.06741621592424793,0.0028968022541277796
17692.0,0.9371267160681402,0.04957536423096118,0.01329791970089868
17423.0,0.24350989009189977,0.28480282999531586,0.4716872799127843
17961.0,0.8284549244905375,0.15743727789092954,0.014107797618532848
18234.0,0.23604106989048315,0.7456630166243019,0.018295913485214976
18651.0,0.08298795622706592,0.8989516613407014,0.018060382432232788
17339.0,0.7854926720557223,0.15277817794180085,0.06172915000247693
17064.0,0.8911891100463545,0.09312956395568288,0.01568132599796284
17602.0,0.5074334746497492,0.13036005767809045,0.36220646767216047
17873.0,0.8561006380559277,0.13224930557182252,0.01165005637224982
18423.0,2.696142503639383E-4,0.06999581999401747,0.9297345657556185
18148.0,0.7621940684816711,0.08315969582962271,0.15464623568870622
18454.0,0.46636752657953495,0.4752853631271877,0.05834711029327737
18693.0,0.8948057615520831,0.06574452365819522,0.03944971478972167
18513.0,0.02862011742988144,0.061827955298897064,0.9095519272712215
18352.0,0.723544031917914,0.2124542057205742,0.0640017623615118
18083.0,0.002888628479062802,0.013726218577520823,0.9833851529434164
17541.0,0.9008567686968598,0.09548556754380243,0.003657663759337793
17814.0,0.2094460721446445,0.7792058794892931,0.011348048366062367
17404.0,0.8981342898218275,0.07359308916958887,0.028272621008583458
17135.0,0.7633757680335307,0.06039453130789808,0.17622970065857113
18588.0,0.7611124126613401,0.17819372222865962,0.060693865110000446
18030.0,0.020597005272971806,0.02284149290164534,0.9565615018253828
18301.0,0.08129438703516459,0.09197886006127318,0.8267267529035621
17755.0,0.08074525159843185,0.7070437583262412,0.21221099007532684
17480.0,0.7222559076245431,0.13426540427897776,0.14347868809647918
17201.0,0.9193998623826947,0.07468708350679222,0.005913054110513103
18648.0,0.8377889406331313,0.14650720522950603,0.015703854137362784
17420.0,0.0023107274785833533,0.013673392324403984,0.9840158801970126
17695.0,0.8530370905244335,0.13915249347005648,0.007810416005509969
18233.0,0.9296780337254519,0.06071516829222871,0.009606797982319342
17962.0,0.8311798213175702,0.163599076825653,0.005221101856776818
17269.0,0.5287805672696726,0.45239265036481346,0.018826782365513967
16998.0,0.30803002493757103,0.4955743030090856,0.1963956720533434
18694.0,0.8445493058422527,0.037917459227244016,0.11753323493050313
18453.0,0.8164259598789605,0.17749922548053973,0.0060748146404997205
17874.0,0.9097290286193348,0.08544473652106967,0.004826234859595379
17601.0,0.9076180469780525,0.07522485545245496,0.017157097569492505
18151.0,0.9017389369639552,0.08851892577547552,0.00974213726056921
18420.0,0.262642606890677,0.07958215194208992,0.6577752411672331
17067.0,0.018650841171696696,0.039423799556496296,0.941925359271807
17336.0,0.5166604872904563,0.41460914624055367,0.06873036646898996
18512.0,0.298339273742068,0.6581224617661595,0.043538264491772366
17405.0,0.8251341353133232,0.14786242952780382,0.027003435158873018
17134.0,0.3980814309870575,0.3053799605332826,0.29653860847965985
18353.0,0.618678163484767,0.34270811115294597,0.038613725362286966
18082.0,0.3692800190596253,0.23495974499998343,0.3957602359403914
17540.0,0.7767003441847206,0.04584005111302352,0.17745960470225586
17815.0,0.9008567686968598,0.09548556754380243,0.003657663759337793
18589.0,0.2133869495378354,0.34553895306029014,0.4410740974018745
17200.0,0.025338657214849625,0.03925626254972637,0.935405080235424
18031.0,0.9244776204633769,0.07286334275407143,0.0026590367825516104
18300.0,0.520912254405124,0.3545182048239633,0.12456954077091281
17754.0,0.6413540764778369,0.2433034175370771,0.11534250598508594
17481.0,0.0039029867987542123,0.013621234552565671,0.9824757786486801
18649.0,0.0721517367337589,0.27129473391717485,0.6565535293490663
17268.0,0.8965243863095693,0.08838428968004246,0.015091324010388272
16999.0,0.7071414997967327,0.2557554040337341,0.03710309616953319
17421.0,0.9223997281775528,0.06649360784627487,0.01110666397617245
17694.0,0.7646468970811114,0.04337996082048108,0.19197314209840738
18232.0,0.9259077789170246,0.07150083551807458,0.002591385564900804
17963.0,0.9002099757555463,0.0958254397022906,0.003964584542163055
18695.0,0.878399054506019,0.1170299549082396,0.004570990585741443
18452.0,0.9027725198213614,0.03402505648175274,0.06320242369688568
17066.0,0.8484293168006111,0.14092616505296374,0.010644518146425147
17337.0,0.7325239799951954,0.07725807621056699,0.1902179437942378
17875.0,0.37400167995770706,0.3075238666610992,0.31847445338119384
17600.0,0.6240211756347793,0.06763934444897866,0.3083394799162421
18150.0,0.07005764813674788,0.3489632537286027,0.5809790981346493
18421.0,0.3811549551096615,0.5796076511419945,0.039237393748343855
17486.0,0.9568251249883176,0.03562582039232081,0.007549054619361594
17757.0,0.008666216125251683,0.04876416686643854,0.9425696170083097
18299.0,0.8704678612468476,0.11964797085954999,0.00988416789360242
18024.0,0.42729505318647976,0.16853186593278952,0.4041730808807308
17207.0,0.8914986833067345,0.10274220940649707,0.005759107286768459
18586.0,0.6962929530096473,0.2869469568432545,0.016760090147098165
17808.0,0.9236401654398222,0.06200242403441273,0.01435741052576509
17539.0,0.00283492254086525,0.005372505070552309,0.9917925723885823
18085.0,0.27509982360125473,0.4804473039834306,0.24445287241531466
18358.0,0.8853466189613016,0.10347236266004142,0.011181018378656787
17129.0,0.8498822805443951,0.14133452633069954,0.008783193124905444
17402.0,0.17250882075768467,0.7236262879050827,0.10386489133723273
18519.0,0.8096253857126485,0.182078223722822,0.008296390564529415
18418.0,0.8005715377479411,0.1896802591039442,0.009748203148114582
18145.0,0.3846576892063556,0.11039209008698744,0.5049502207066568
17607.0,0.45077770962080743,0.49467173227049166,0.05455055810870087
17876.0,0.914785324148345,0.0793301956307341,0.0058844802209209075
17342.0,0.8181884784735021,0.026770141382182054,0.15504138014431587
17069.0,0.9334242434575896,0.06241650099503417,0.004159255547376175
18451.0,0.08095104520173983,0.022022708329521853,0.8970262464687383
18688.0,0.3672427999981176,0.472868779401821,0.15988842060006142
17964.0,0.26720151081808396,0.020104205860918278,0.7126942833209978
18239.0,0.09021641530984684,0.007989824116093638,0.9017937605740596
17689.0,0.45654074490730806,0.4704458949199802,0.07301336017271194
17418.0,0.06725299445464548,0.8117733277310352,0.12097367781431934
16992.0,0.26322729819885454,0.569780208903138,0.16699249289800755
17267.0,0.03381050373538371,0.931383278346835,0.034806217917781414
18654.0,0.543909191090663,0.1981717879336862,0.25791902097565095
17206.0,0.8114924852462088,0.17955339610290402,0.008954118650887136
17487.0,0.955224668593541,0.041525355369925375,0.003249976036533663
17756.0,0.5575045188014606,0.39426733685656246,0.048228144341976975
18298.0,0.6468503073942696,0.241298695050077,0.11185099755565327
18025.0,0.9410439841205732,0.05551641077295861,0.00343960510646826
18587.0,0.941658776204394,0.05331644605135569,0.005024777744250294
17128.0,0.9628250207621502,0.03472462833109653,0.0024503509067532172
17403.0,0.23611322447838992,0.10605171892234808,0.657835056599262
17809.0,0.3534759196810824,0.33228167072896536,0.31424240958995225
17538.0,0.9244776204633769,0.07286334275407143,0.0026590367825516104
18084.0,0.6454691819551959,0.19727617600045289,0.1572546420443511
18359.0,0.948338618621083,0.04152180182672907,0.010139579552187918
18518.0,0.2594090004481732,0.09131925103103036,0.6492717485207964
17343.0,0.9706651145762538,0.025000376087757896,0.004334509335988269
17068.0,0.5770911568323598,0.40691160418102373,0.015997238986616497
18419.0,0.6906820583089827,0.23735279368696569,0.07196514800405161
18144.0,0.6545199243405231,0.3212163126939048,0.024263762965572068
17606.0,0.08618475068551544,0.4801818077384775,0.43363344157600714
17877.0,0.6805732206918605,0.24407729257904814,0.07534948672909135
18450.0,0.6938604334511316,0.280204032428158,0.025935534120710344
18689.0,0.8885524877267229,0.10185318306826119,0.0095943292050161
16993.0,0.0011525914638393611,0.009660908997987544,0.9891864995381731
17266.0,0.6515779909678246,0.3323960249799078,0.01602598405226762
17965.0,0.8988438017524579,0.07806865832107412,0.02308753992646805
18238.0,0.9258758945492566,0.0701547049636114,0.003969400487132028
17688.0,0.8119113734800888,0.10526911219991482,0.08281951431999636
17419.0,0.8406405687579591,0.06563447806194145,0.09372495318009935
18655.0,0.15965265097617787,0.469837900313488,0.37050944871033403
18584.0,0.7381135826332005,0.24436476690365616,0.017521650463143253
17759.0,0.1313140967754638,0.8378252869790243,0.030860616245511948
17484.0,0.915386037168392,0.08103599424747222,0.003577968584135759
18026.0,0.020680175019716023,0.6937180257663802,0.2856017992139037
18297.0,0.9367947463232454,0.011507650265119398,0.05169760341163509
17205.0,0.9221568990960726,0.07455159699909628,0.003291503904831215
18517.0,0.09044578057151607,0.8729834981925795,0.03657072123590456
17537.0,0.11341234163882277,0.21640589565430443,0.6701817627068727
17810.0,0.7802836951386994,0.14751806935350617,0.07219823550779439
18356.0,0.07653293902451386,0.8697567057884928,0.0537103551869933
18087.0,0.8032182408698262,0.17214824513167779,0.024633513998496056
17400.0,0.8856748501621345,0.09734290758200798,0.016982242255857576
17131.0,0.01655439082261693,0.8984608160371861,0.0849847931401969
18690.0,0.8511965258609617,0.13984578802700326,0.008957686112035049
18449.0,0.006028113615331581,0.5819929262375456,0.4119789601471227
18147.0,0.6862594953695343,0.2850355705786651,0.02870493405180064
18416.0,0.795745956114458,0.1842221639863037,0.020031879899238377
17878.0,0.48450825180102036,0.39648895166978076,0.11900279652919889
17605.0,0.8150989968016935,0.16583275517450127,0.019068248023805204
17071.0,0.6257271150090332,0.08473325738114713,0.2895396276098196
17340.0,0.8877140138269562,0.09777780746566601,0.014508178707377826
18652.0,0.8206776411337354,0.16417047087619616,0.015151887990068431
18237.0,0.014816620187005126,0.25784727528841916,0.7273361045245758
17966.0,0.895876516118431,0.0964142702222232,0.007709213659345813
17416.0,0.6085379389111271,0.33839237140792994,0.053069689680943034
17691.0,0.04411650736960415,0.007836791631233372,0.9480467009991624
17265.0,0.9018421415639595,0.08711601827842731,0.011041840157613239
16994.0,0.8301422899943778,0.08173325049426781,0.08812445951135447
18585.0,0.8937642768959853,0.1000338615795729,0.0062018615244418835
17204.0,0.9168461267958563,0.07355315023458242,0.009600722969561284
17758.0,0.7596292913441345,0.22118125954335036,0.01918944911251511
17485.0,0.7314909640284489,0.25625744406529455,0.012251591906256507
18027.0,0.07110898481103163,0.5326858467134323,0.396205168475536
18296.0,0.7144938436529933,0.2727970930555503,0.012709063291456473
18516.0,0.7440749765333731,0.20320515183606488,0.052719871630562076
17401.0,0.8325809579404255,0.1576152782727994,0.009803763786775147
17130.0,0.7680344473337685,0.2153396284778874,0.016625924188344104
17536.0,0.8449337021151747,0.048040370457063906,0.10702592742776144
17811.0,0.03374896851183869,0.012225213036585596,0.9540258184515757
18357.0,0.8523031813196748,0.1291099117908502,0.018586906889474997
18086.0,0.06506675998847777,0.40345884152275663,0.5314743984887657
18691.0,0.005646311481973662,0.1406870690835563,0.8536666194344701
18448.0,0.022512944437443675,0.5791644932683938,0.3983225622941626
17070.0,0.796222267146964,0.09694555064342737,0.10683218220960854
17341.0,0.9146822261934572,0.08136957606921658,0.003948197737326328
18146.0,0.0014255517089795029,0.5215930770729934,0.47698137121802703
18417.0,0.4825215936314261,0.48391830116353457,0.033560105205039326
17879.0,0.31212187482821346,0.08287570136805456,0.605002423803732
17604.0,0.9714289168725502,0.023217613700455105,0.005353469426994704
18653.0,0.9085074967734306,0.08414460260691334,0.007347900619656171
17264.0,0.7002850947175191,0.269860891031332,0.029854014251148815
16995.0,0.21599138780525146,0.7728190056843928,0.011189606510355624
18236.0,0.7623783916446594,0.22314828877294277,0.014473319582397922
17967.0,0.8290994535927497,0.11778168649076083,0.05311885991648942
17417.0,0.23382218464436588,0.0606044226306147,0.7055733927250195
17690.0,0.47983605634307486,0.3025019880287236,0.21766195562820156
17004.0,0.8989435828889354,0.07495704823373428,0.02609936887733043
17279.0,0.9729756754230496,0.0255555322377999,0.0014687923391505267
17685.0,0.08503173511615938,0.038613685282719655,0.8763545796011211
17414.0,0.9520286569439786,0.03108333062870656,0.016888012427314823
17952.0,0.8759911302134638,0.08096102385668037,0.04304784592985595
18227.0,0.9068188047309484,0.07348185994148367,0.019699335327568
18642.0,0.08962279709168054,0.8317663884798423,0.07861081442847713
17330.0,0.8989999720113461,0.09790897330239724,0.003091054686256628
17057.0,0.9056483954722971,0.09165711647911469,0.0026944880485881935
17611.0,0.2838496800343427,0.20485492678665312,0.5112953931790043
17880.0,0.014852084243682931,0.2188933139117186,0.7662546018445985
18430.0,0.7767969849569257,0.19977057479939475,0.023432440243679447
18157.0,0.9124676763717087,0.07527057213353569,0.012261751494755587
18463.0,0.8903379495928497,0.10361526589208407,0.006046784515066165
18700.0,0.3728163584517829,0.5638393620373234,0.06334427951089372
17125.0,0.04936468989328889,0.38975909171327333,0.5608762183934377
17398.0,0.8392963504898987,0.14418459201980896,0.0165190574902924
18089.0,0.005140936514761121,0.11177511497735941,0.8830839485078794
18362.0,0.7360746315228811,0.2514061502620702,0.012519218215048556
17820.0,0.022887589235209706,0.8757343112334371,0.1013780995313532
17551.0,0.5851505557157477,0.12875336846604762,0.2860960758182048
18523.0,0.9330739990253626,0.057651555209865556,0.009274445764771768
17211.0,0.026872232274751585,0.00608323418101257,0.9670445335442358
18295.0,0.7989171986938538,0.18477939162147178,0.016303409684674294
18020.0,0.8167910451437427,0.045127526485944515,0.13808142837031293
17474.0,0.1657072249668698,0.7094381621151746,0.12485461291795569
17745.0,0.9376096576696656,0.055868561798917374,0.006521780531417022
18582.0,7.44238068234745E-4,0.04809824242148955,0.9511575195102758
17684.0,0.7630751055851619,0.1911493104570681,0.045775583957769886
17415.0,0.06996867529875055,0.9150310985068001,0.01500022619444927
17953.0,0.35471916724005664,0.6145417348039808,0.03073909795596261
18226.0,0.0878478508232886,0.021141040534550577,0.8910111086421608
17005.0,0.915386037168392,0.08103599424747222,0.003577968584135759
17278.0,0.818012266851664,0.03846524245742418,0.14352249069091183
18643.0,0.9340781372682894,0.062255966455330686,0.003665896276379959
17610.0,0.3972339759837332,0.5615911007969973,0.041174923219269424
17881.0,0.8277752402694353,0.16163595936187736,0.010588800368687321
18431.0,0.06086041305181981,0.7537066765772663,0.18543291037091375
18156.0,0.004077815132635739,0.036606423771903415,0.9593157610954609
17331.0,0.9255063259691231,0.06336654625147155,0.011127127779405468
17056.0,0.7975135105721166,0.07237588843972587,0.13011060098815738
18462.0,0.03870838167711817,0.19382906900223099,0.7674625493206509
18701.0,0.5056644327759688,0.44379396968102586,0.05054159754300549
18088.0,0.052243001334378765,0.9236642713768892,0.024092727288731977
18363.0,0.7150942396605918,0.24930548056802884,0.03560027977137945
17821.0,0.03574593454052483,0.8270512207879921,0.1372028446714831
17550.0,0.9042283251128246,0.06969412017776538,0.026077554709410002
17124.0,0.005540572319217791,0.46795999180787723,0.5264994358729049
17399.0,0.11567653798555483,0.8460300768843625,0.03829338513008281
18522.0,0.1099614673140959,0.051789648130658936,0.8382488845552453
18294.0,0.6463697368242968,0.3357616582043246,0.017868604971378724
18021.0,0.6613113178926223,0.27276534194098917,0.06592334016638841
17475.0,0.7699916210683816,0.21371673760609333,0.016291641325525207
17744.0,0.04617737909035804,0.6975355985621746,0.2562870223474674
17210.0,0.019477078769382282,0.8348551480909148,0.145667773139703
18583.0,0.05820813518022569,0.22462179749922853,0.7171700673205458
18640.0,0.8416192122570925,0.14551206927205038,0.0128687184708573
17277.0,0.8062675005378921,0.17530136340006727,0.018431136062040665
17006.0,0.915386037168392,0.08103599424747222,0.003577968584135759
17412.0,0.43028529906325547,0.07472770497169678,0.4949869959650477
17687.0,0.5116690400922893,0.33305970221003267,0.15527125769767805
18225.0,0.9380763247510259,0.05864680954240607,0.0032768657065682036
17954.0,0.290084364094285,0.20692843955962884,0.5029871963460861
18702.0,0.9090130719404043,0.08702332634837603,0.003963601711219657
18461.0,0.052017218585508805,0.9213320248332283,0.026650756581262966
17059.0,0.1480837907550972,0.8231839713198925,0.02873223792501027
17328.0,0.03679863059074363,0.5853118054231484,0.3778895639861079
17882.0,0.06487311830753573,0.09388892104633391,0.8412379606461303
17609.0,0.8787018521803638,0.11218825668456517,0.00910989113507095
18159.0,0.0252327523810807,0.004782978528549396,0.9699842690903698
18428.0,0.595205171432469,0.2876380622255665,0.11715676634196455
18521.0,0.8937642768959853,0.1000338615795729,0.0062018615244418835
17396.0,0.8447927573360865,0.1477799074898126,0.0074273351741009986
17127.0,0.9602024459630287,0.03555727435070695,0.004240279686264392
18360.0,0.6949003752258823,0.2796399793490356,0.025459645425082104
18091.0,0.01883487295125603,0.24476894487770992,0.7363961821710341
17549.0,0.8937642768959853,0.1000338615795729,0.0062018615244418835
17822.0,0.7535626361203246,0.07920653022784685,0.16723083365182873
18580.0,0.9453097617493667,0.05167487701799768,0.0030153612326356844
17209.0,0.4976132455262711,0.3314080281831063,0.1709787262906226
18022.0,0.9139315522958651,0.04356676911955553,0.042501678584579435
18293.0,0.8969840491487898,0.09533170866092057,0.00768424219028964
17747.0,0.6865649935812689,0.07629548706825176,0.23713951935047933
17472.0,0.9464109437507842,0.04904924596499304,0.0045398102842227565
18641.0,0.6016064485700612,0.2762013945569772,0.12219215687296171
17413.0,0.012215083096533451,0.8661202350198687,0.12166468188359794
17686.0,0.1354012190282256,0.054876272452512406,0.8097225085192621
18224.0,0.05074442784981428,0.7367464517871603,0.21250912036302544
17955.0,0.48219083375356303,0.49389174012751913,0.02391742611891786
17276.0,0.8303409194577203,0.08863444118742789,0.08102463935485192
17007.0,0.9274214623101953,0.0665080351976009,0.006070502492203809
18703.0,0.024962282146535196,0.6741063836317399,0.300931334221725
18460.0,0.10342753649503482,0.09147775097982426,0.8050947125251408
17883.0,0.7969166332782398,0.15605337938225775,0.047029987339502394
17608.0,0.8254622037649452,0.15347151265575928,0.021066283579295443
18158.0,0.6502450646227429,0.3299521907550343,0.01980274462222278
18429.0,0.5765518045676373,0.20974094253961992,0.21370725289274287
17058.0,0.7987552396901774,0.04115730978053378,0.16008745052928902
17329.0,0.8160137175830503,0.1381257823558539,0.04586050006109574
18520.0,0.29643850571192343,0.04597528453128826,0.6575862097567883
18361.0,0.2524611701667708,0.2088869265796842,0.538651903253545
18090.0,0.8165515321921748,0.09720995287428259,0.08623851493354241
17548.0,0.6461054482818933,0.07811342153156635,0.2757811301865404
17823.0,0.22284847470367328,0.7555382481165491,0.02161327717977752
17397.0,0.03128686389132824,0.2535257455648531,0.7151873905438187
17126.0,0.13655229347947279,0.16345356738003392,0.6999941391404934
18581.0,0.01304598157281851,0.0626708416766569,0.9242831767505246
18023.0,0.8439075968652906,0.13977007928715018,0.016322323847559116
18292.0,0.4465442484604602,0.15944828343813255,0.3940074681014074
17746.0,0.27701221737091886,0.04902281397526594,0.6739649686538153
17473.0,0.5284563423911905,0.09522052345687301,0.37632313415193647
17208.0,0.874296144503489,0.07379872545242695,0.051905130044084126
17334.0,0.2464609304440659,0.02690038937703837,0.7266386801788957
17061.0,0.9193800789887627,0.05421669874526652,0.026403222265970725
18426.0,0.21217352096007874,0.7010596608309759,0.08676681820894533
18153.0,0.7700151880117384,0.18114560527621584,0.048839206712045814
17615.0,0.6510761812920524,0.32061818435067563,0.028305634357272055
17884.0,0.47406469294460174,0.4593675310937613,0.06656777596163686
18459.0,0.835067564809042,0.12227715733246698,0.04265527785849084
18696.0,0.8771150921220539,0.11829984436127346,0.004585063516672727
17000.0,0.7921957403602737,0.02326532814626621,0.18453893149345998
17275.0,0.7147880395568665,0.14173893578781654,0.14347302465531697
17956.0,0.508782666893331,0.391566332497094,0.099651000609575
18231.0,0.8441623112304013,0.1328093252960323,0.02302836347356648
17681.0,0.883694091777114,0.11258862570366124,0.003717282519224693
17410.0,0.05583539622042014,0.5365572987741404,0.4076073050054395
18646.0,0.052007381256103304,0.914491677788802,0.03350094095509466
17215.0,0.3871939343657634,0.1999772202744401,0.41282884535979664
17478.0,0.9294447750082679,0.06866855960085125,0.0018866653908808397
17749.0,0.8858894696451259,0.10927138719293802,0.004839143161936042
18291.0,0.9457929094637431,0.05132334737603786,0.0028837431602190913
18016.0,0.6791368789329935,0.28517650572386904,0.03568661534313755
18578.0,0.7236763133189925,0.047339808071515284,0.22898387860949235
17121.0,0.27904584630322604,0.6725887130950595,0.04836544060171441
17394.0,0.30136047254217013,0.636031123935103,0.06260840352272685
17816.0,0.6198067039551672,0.06978930163016964,0.31040399441466304
17547.0,0.958978260089858,0.030624032087664062,0.01039770782247804
18093.0,0.4804627915087577,0.22836167957750564,0.2911755289137366
18366.0,0.8923459902208503,0.09740677226738807,0.010247237511761568
18527.0,0.8476148667510587,0.1441986577943932,0.008186475454548097
18427.0,0.8072611085020538,0.18147810864755312,0.011260782850393058
18152.0,0.0959706055408613,0.11766588592444742,0.7863635085346914
17614.0,0.009564284960732406,0.02049044943878228,0.9699452656004852
17885.0,0.9086549353438336,0.08593010690586599,0.005414957750300515
17335.0,0.03785083588037458,0.18360485464383727,0.7785443094757882
17060.0,0.038984777163554925,0.7678869788173085,0.19312824401913656
18458.0,0.6391436075241048,0.3005766443388632,0.060279748137032
18697.0,0.1878815927077431,0.5633485105599996,0.24876989673225736
17957.0,0.036654869683208434,0.3767878431784817,0.5865572871383099
18230.0,0.22248215961073606,0.08108176438377719,0.6964360760054868
17680.0,0.8578348101956841,0.12136941303041157,0.02079577677390445
17411.0,0.8680589240825968,0.1201689755172996,0.01177210040010349
17001.0,0.932113880401574,0.06335721457747577,0.004528905020950174
17274.0,0.003271771100504773,0.047389532197817476,0.9493386967016778
18647.0,0.45404852150054026,0.45621710598710347,0.08973437251235619
17479.0,0.06254741662516534,0.10889287582616108,0.8285597075486737
17748.0,0.09517426127074097,0.39538452110211525,0.5094412176271437
18290.0,0.9246828042486428,0.0722640965846577,0.0030530991666996767
18017.0,0.7984831697516792,0.13315335168404668,0.06836347856427397
17214.0,0.014317535211242502,0.07455816705280156,0.9111242977359559
18579.0,0.899388362507337,0.09613915811695603,0.00447247937570689
17817.0,0.4955481009732048,0.4495474208627203,0.054904478164074996
17546.0,0.87464920703519,0.054422940904956814,0.07092785205985323
18092.0,0.6695546775316527,0.31550010316964405,0.014945219298703256
18367.0,0.004535011748949363,0.048774413240545475,0.9466905750105052
17120.0,0.5045441368029269,0.046449934448755274,0.4490059287483179
17395.0,0.33679967651798726,0.34065707412549046,0.32254324935652223
18526.0,0.5305441243560474,0.054255058851981175,0.41520081679197135
18698.0,0.9009171670902224,0.09421785646925304,0.004864976440524672
18457.0,0.92137315007611,0.06853270103536568,0.01009414888852436
17063.0,0.9647661561125116,0.02307839986331117,0.012155444024177193
17332.0,0.7221728363878714,0.23262315786692148,0.045204005745207144
18155.0,0.9527796698533231,0.03664666728498626,0.010573662861690628
18424.0,0.39122539776518467,0.06979910220787125,0.5389755000269442
17886.0,0.8680589240825968,0.1201689755172996,0.01177210040010349
17613.0,0.10101296146683822,0.8303835278199907,0.06860351071317113
18644.0,0.02903022429351609,0.023259449619783008,0.9477103260867009
17273.0,0.9651576475662081,0.031256872856987646,0.003585479576804377
17002.0,0.08558882452292979,0.7682142357782783,0.146196939698792
18229.0,0.9222175474059137,0.06590315729572574,0.011879295298360577
17958.0,0.0010804050286059277,0.03337374151329756,0.9655458534580964
17408.0,0.7205360988475153,0.2645312433166265,0.0149326578358582
17683.0,0.7602200246450312,0.1945601990881047,0.04521977626686394
18576.0,0.9515172444616519,0.04608564982042349,0.0023971057179247176
17213.0,0.8876803715662341,0.09796682136556172,0.014352807068204134
17751.0,0.8970134075483388,0.0891020278514167,0.013884564600244441
17476.0,0.8302102645698457,0.1526078448976184,0.017181890532535906
18018.0,0.7989514232604663,0.17779947143708363,0.02324910530245
18289.0,0.7701793328128794,0.22337515186937426,0.00644551531774619
18525.0,0.8914986833067345,0.10274220940649707,0.005759107286768459
17392.0,0.9166116000021518,0.08101375523952552,0.0023746447583227006
17123.0,0.03628021817570339,0.8397190960287345,0.12400068579556213
17545.0,0.6684242925841553,0.10159005675803975,0.22998565065780502
17818.0,0.9063934209540184,0.0789103814274568,0.014696197618524913
18364.0,0.9266438259321508,0.06402533790599084,0.009330836161858386
18095.0,0.00254566298123553,0.016278981420443744,0.9811753555983207
18699.0,0.30218207644473555,0.6640214962521861,0.033796427303078476
18456.0,0.7110372270259606,0.2261241276105765,0.06283864536346268
18154.0,0.0018810329120414336,0.8588250636575714,0.13929390343038703
18425.0,0.9565722097760002,0.03692992746308694,0.0064978627609127695
17887.0,0.43846826967374475,0.19912057882342946,0.3624111515028258
17612.0,0.8298739573266527,0.1585980422989255,0.011528000374421829
17062.0,0.002019829201897714,0.847931595450169,0.1500485753479333
17333.0,0.911280424483848,0.06982807741711405,0.018891498099037903
18645.0,0.08718871484378868,0.7621223319237496,0.15068895323246176
18228.0,0.11625503062122197,0.025306879697005465,0.8584380896817726
17959.0,0.4394628150975828,0.4754996747146062,0.08503751018781096
17409.0,0.8470272860391104,0.1401342532599629,0.012838460700926617
17682.0,0.45068653373983963,0.14063106897794786,0.4086823972822124
17272.0,0.09713698825242754,0.8606592442013999,0.04220376754617262
17003.0,0.5645440056101328,0.39586575590114453,0.03959023848872267
18577.0,0.2722581674901059,0.6549560374061459,0.07278579510374823
17750.0,0.008420514731245938,0.834795188071475,0.15678429719727902
17477.0,0.7556066377961036,0.23226473214096066,0.012128630062935833
18019.0,0.6831202143934025,0.2172444853036286,0.09963530030296897
18288.0,0.027723798006371658,0.5869390392388133,0.38533716275481505
17212.0,0.911934463299213,0.07500228072152673,0.013063255979260224
18524.0,0.9590900424744325,0.0283532704142799,0.01255668711128771
17544.0,0.4661388721633327,0.05111957253377674,0.4827415553028906
17819.0,0.8642950939302328,0.11620372515831885,0.01950118091144818
18365.0,0.7719018623902015,0.12716305961591884,0.10093507799387959
18094.0,0.1795730333191312,0.17891384175494046,0.6415131249259284
17393.0,0.15391385726461507,0.4213587066134464,0.4247274361219387
17122.0,0.3559714668962674,0.4677324110162849,0.17629612208744763
18498.0,8.506653296561857E-4,0.01717983171887575,0.981969502951468
17148.0,0.011538668158116673,0.024637619579757887,0.9638237122621254
17391.0,0.021773236519265004,0.8434772551891399,0.1347495082915952
18096.0,0.8231190129840871,0.16712827054370324,0.009752716472209821
18339.0,0.01010022999017086,0.09171175006105524,0.8981880199487738
17797.0,0.8522585810295203,0.13659899331578793,0.011142425654691712
17558.0,0.8279631219846304,0.11603648160578313,0.05600039640958654
18575.0,0.8962159824995364,0.10139460987533339,0.0023894076251302384
17186.0,0.6498809793010736,0.07718668612795364,0.27293233457097293
18286.0,0.020401460263719837,0.8603595137444309,0.11923902599184916
18045.0,0.4982708733412524,0.3021999479169568,0.19952917874179077
17499.0,0.636123291057273,0.3310248266478268,0.03285188229490012
17736.0,0.08229461395984154,0.03716435783150616,0.8805410282086523
18635.0,0.04313403363098354,0.035317711102955014,0.9215482552660614
17013.0,0.8734072090623509,0.08094094855861647,0.04565184237903268
17254.0,0.3746436411239124,0.14503375745470062,0.480322601421387
17676.0,0.004403441847446424,0.17293720181760197,0.8226593563349515
17439.0,0.818912384252507,0.16684094206566644,0.014246673681826683
17977.0,0.9265498188383212,0.06847354177435644,0.004976639387322465
18218.0,0.29497600869926877,0.6629123171486686,0.042111674152062566
18438.0,0.9309871442737239,0.058434844214138824,0.010578011512137424
18709.0,0.7883995862622034,0.19096259268696414,0.020637821050832485
17323.0,0.0534637923257657,0.9198331447790021,0.026703062895232194
17080.0,0.07208134717412791,0.9153274138522679,0.012591238973604252
17618.0,0.3114657605226812,0.1166349621281799,0.5718992773491389
17857.0,0.1587391054797175,0.041917004088211425,0.7993438904320711
18407.0,0.7475997498002979,0.2162247368887059,0.03617551331099627
18164.0,0.7123212559525542,0.26810617562280736,0.01957256842463842
18499.0,0.7134147831456217,0.24440109633613197,0.042184120518246375
18097.0,0.8109357065499226,0.16955021365775583,0.01951407979232154
18338.0,0.0018702330414514144,0.012590880272779433,0.9855388866857692
17796.0,0.08461746696543077,0.8770034724488021,0.03837906058576727
17559.0,0.9035378683306313,0.056341326344174616,0.040120805325193944
17149.0,0.00252142872244001,0.03504792237140584,0.9624306489061542
17390.0,0.25163557451259794,0.6751442091290805,0.07322021635832165
18574.0,0.6366034122863652,0.056898409542319534,0.3064981781713152
18287.0,0.9472708551408068,0.04939651569492947,0.00333262916426387
18044.0,0.7876710842405573,0.19755373441958904,0.014775181339853482
17498.0,0.5705051730326111,0.3415954696652003,0.08789935730218863
17737.0,0.9196657899006193,0.07198132596446453,0.008352884134916057
17187.0,0.07388264665351127,0.5323386636489601,0.39377868969752866
18634.0,0.9157018816990777,0.0751837838293689,0.009114334471553527
17677.0,0.5708255613832197,0.04906199361694428,0.38011244499983593
17438.0,0.8170407007128052,0.119157159065804,0.0638021402213908
17976.0,0.9237631419887529,0.058311176661359314,0.017925681349887913
18219.0,0.7753886451305312,0.2122285146157558,0.012382840253713204
17012.0,0.7730943577177041,0.17674649675753126,0.05015914552476457
17255.0,0.0015484709576601714,0.08828254973286911,0.9101689793094707
18439.0,0.2708923572108489,0.11983466731587115,0.60927297547328
18708.0,0.01309101575907675,0.8188719690505348,0.16803701519038827
17619.0,0.07496385752638439,0.736604854582839,0.18843128789077657
17856.0,0.868510221290747,0.0946266540147659,0.036863124694487194
18406.0,0.8735807622337115,0.11505845575719624,0.01136078200909222
18165.0,0.16841929121912327,0.5373439225208381,0.2942367862600386
17322.0,0.18416837896433097,0.7266061201278806,0.08922550090778837
17081.0,0.84815961217613,0.1442256819732003,0.007614705850669529
17389.0,0.6069722789403332,0.3608515891952649,0.032176131864401894
17150.0,0.903681018959568,0.09005953526812231,0.006259445772309792
18337.0,0.6057195515236401,0.3374077799264357,0.05687266854992416
18098.0,0.9412458907520471,0.05539491283809237,0.003359196409860528
17556.0,0.8953657695386485,0.08831769908229997,0.016316531379051348
17799.0,0.34319141465399755,0.6182458212749669,0.03856276407103551
18496.0,2.2322992205722942E-4,0.02982282692013493,0.9699539431578078
17184.0,0.15701065863905567,0.45441501528869604,0.38857432607224834
18047.0,0.8973006909902022,0.09397615695531246,0.008723152054485492
18284.0,0.9429314569374758,0.05525097150989227,0.001817571552632029
17738.0,0.8587676961789106,0.1364582386209005,0.004774065200188874
17497.0,0.8481184076401287,0.1436663927075081,0.008215199652363142
18573.0,0.6006592537114741,0.34903898510851206,0.050301761180013754
17252.0,0.5890791698330816,0.18843877124616326,0.2224820589207552
17015.0,0.016786633644150804,0.297517848636825,0.6856955177190242
17437.0,0.9253096085190948,0.06909437442967879,0.0055960170512263955
17678.0,0.027270119808001057,0.6245473132640115,0.3481825669279876
18216.0,0.8987772855575413,0.09710247736547326,0.0041202370769853405
17979.0,0.2804706302044378,0.0708829313399073,0.6486464384556548
18633.0,0.7526683072800415,0.232043019720507,0.015288672999451535
17082.0,0.017140278752015212,0.7576212296689894,0.22523849157899534
17321.0,0.8155413638079666,0.16799509187100328,0.016463544321030137
17859.0,0.022675175304805062,0.7333663687692968,0.24395845592589802
17616.0,0.7756749669646583,0.21463057722052115,0.00969445581482049
18166.0,0.19775358034597457,0.030280588093955643,0.7719658315600697
18405.0,0.845152105568473,0.14408847257720223,0.010759421854324809
18711.0,0.9875169069077914,0.010818040975600856,0.0016650521166078564
18436.0,0.29296963756622496,0.15149422004749583,0.5555361423862792
18336.0,0.7716641583017854,0.2017560964234386,0.026579745274775964
18099.0,0.12218852888464832,0.7016640164201922,0.17614745469515944
17557.0,0.21489017679777886,0.7522271026858741,0.03288272051634701
17798.0,0.3435526717945083,0.5727328646380057,0.08371446356748598
17388.0,0.8358832978072384,0.15308419271774681,0.011032509475014772
17151.0,0.7978999247279911,0.04721053009586298,0.15488954517614598
18497.0,0.8946580613778967,0.0841390166714752,0.021202921950628114
18046.0,0.6993360252543297,0.26290325552397803,0.037760719221692336
18285.0,0.8484004514013586,0.14675205437938588,0.004847494219255663
17739.0,0.7130457110977725,0.06023290617717535,0.22672138272505218
17496.0,0.637722763109563,0.3144632231691034,0.047814013721333495
17185.0,0.7881326020343187,0.17044255984533757,0.04142483812034385
18572.0,0.7120892236761621,0.19754886012001316,0.09036191620382479
17436.0,0.9495534255639765,0.04681181930931994,0.0036347551267034094
17679.0,0.006993946910210109,0.044962367350115766,0.948043685739674
18217.0,0.7630546780060194,0.033267902483311636,0.20367741951066887
17978.0,0.8242549107297664,0.026066587712904772,0.14967850155732879
17253.0,0.35881724185453223,0.5660592249105549,0.07512353323491289
17014.0,0.6281689896626825,0.3214421050484013,0.05038890528891606
18632.0,0.8825544619182765,0.09497449099401083,0.022471047087712737
17858.0,0.8649065433552122,0.0801054963590796,0.05498796028570836
17617.0,0.013681443029571113,0.6676610153556833,0.3186575416147456
18167.0,0.0031650594207745823,0.7138083768613908,0.2830265637178345
18404.0,0.0037857513360523933,0.052936107150323056,0.9432781415136244
17083.0,0.7201872513697106,0.2690271109738933,0.010785637656396065
17320.0,0.2602864027352023,0.660996269986005,0.07871732727879278
18710.0,0.7830522846684628,0.04882413902712874,0.16812357630440855
18437.0,0.7614260746572157,0.043956815125725565,0.1946171102170586
18571.0,0.0023911011429084148,0.8061552870308097,0.1914536118262817
17190.0,0.005118191417406964,0.08021145149368653,0.9146703570889065
17503.0,0.824468155040428,0.16238317160548707,0.013148673354084935
17740.0,0.14779867921082304,0.07541824677296047,0.7767830740162165
18282.0,0.8814414837401748,0.10630478114687723,0.012253735112947861
18041.0,0.8019426673378737,0.1802768224232748,0.017780510238851348
18502.0,0.7892240182484099,0.2024423054010698,0.00833367635052036
17144.0,0.06287119605314516,0.018811740941514422,0.9183170630053404
17387.0,0.9497305890525058,0.04820275529754398,0.002066655649950072
17793.0,0.0840293138634292,0.46978084518620794,0.4461898409503629
17554.0,0.8516699676870199,0.09101854394908242,0.057311488363897725
18100.0,0.03962694936576718,0.7781779601206371,0.1821950905135958
18343.0,0.9046154961758429,0.08891786336755593,0.00646664045660112
18434.0,0.8365849968473748,0.15269554361248505,0.010719459540140122
18705.0,0.01484740127089178,0.14484117575721955,0.8403114229718885
17327.0,0.33059671874621793,0.01853089454611302,0.6508723867076691
17084.0,0.8915071456894844,0.10344460315125648,0.005048251159259127
18403.0,0.02383492496026238,0.04396108509467854,0.9322039899450592
18160.0,0.955673468667702,0.04016652631945611,0.0041600050128418
17622.0,0.3224577035390772,0.026975669827893654,0.650566626633029
17861.0,0.6640295679212108,0.30694804855457714,0.029022383524211992
18639.0,0.7082301193623124,0.2557906809524114,0.03597919968527625
17009.0,0.9622013101446287,0.027430450042160565,0.010368239813210672
17250.0,0.7894550594950817,0.2037843497706872,0.006760590734231056
17981.0,0.6050441131562236,0.36139666047757535,0.0335592263662009
