18081.0,0.2642720939355317,0.7355368383941053,1.9106767036293512E-4
18354.0,0.6823741850779604,0.31717819587303275,4.4761904900689735E-4
17812.0,0.06252799287933226,0.009292311261079069,0.9281796958595887
17543.0,3.083207294353232E-4,0.001509069564122333,0.9981826097064423
17133.0,0.0010977190172640754,0.9921216042785167,0.006780676704219165
17406.0,0.7552611776348057,0.24389261575327348,8.46206611920853E-4
18752.0,8.351170504446538E-4,0.9991591045601186,5.778389436797791E-6
18515.0,0.9944467217456442,0.005547942189244328,5.33606511153324E-6
18303.0,0.1238504097196026,0.8642353055451966,0.011914284735200854
18028.0,6.421723086515635E-12,1.4849053298297483E-11,0.9999999999787291
17482.0,2.7244137789666425E-5,7.32378048260772E-5,0.9998995180573843
17753.0,0.9932823747231617,0.006421938295801306,2.956869810368599E-4
17203.0,0.8175312146143179,0.12335115483498485,0.05911763055069721
18590.0,0.9952658876848612,0.004729980620097553,4.131695041272321E-6
17693.0,0.9999073726308251,9.231407584918082E-5,3.1329332565437675E-7
17422.0,0.0063523671794067284,0.020004143972104937,0.9736434888484884
17960.0,0.980189370580629,0.009865762909352154,0.00994486651001888
18235.0,0.9735906154556319,0.0056934490730247275,0.020715935471343438
16996.0,0.9960590712461016,0.003940124355045067,8.043988533363804E-7
17271.0,0.9997158101624999,2.81856590897744E-4,2.333246602312014E-6
18650.0,0.9904062615504734,0.009571653714717104,2.2084734809431114E-5
17603.0,0.9980857019415188,0.0019123517527629608,1.9463057182926483E-6
17872.0,0.9998291891991151,1.0891557555025852E-4,6.189522533467529E-5
18422.0,0.9973228376636077,0.0026766943584426543,4.6797794950210844E-7
18149.0,0.12514556434344284,0.8748533172514805,1.1184050765579719E-6
17338.0,8.899373035836322E-6,0.243465359585041,0.756525741041923
17065.0,3.5014666165204847E-6,0.9989054337147646,0.0010910648186188252
18455.0,0.999969117474191,3.086218311398958E-5,2.0342695157613328E-8
18692.0,8.001139563233358E-6,6.720961098944005E-10,0.9999919981883407
17132.0,4.635163967732568E-6,3.409141354198848E-5,0.9999612734224902
17407.0,0.014423065333208702,7.223645408473388E-5,0.9855046982127066
18080.0,0.9925465146272877,0.00701505660214621,4.384287705660481E-4
18355.0,0.0017542273484446689,0.03623435241197392,0.9620114202395814
17813.0,0.0010228999796544906,0.9989623745383077,1.4725482037805726E-5
17542.0,0.986196839894915,0.013460642060681292,3.4251804440370656E-4
18514.0,0.8534727956146906,0.13360491768237853,0.012922286702930944
17202.0,0.41932776827068935,0.5763737050040222,0.004298526725288449
18302.0,0.9968742215720834,0.0031176884604844973,8.089967432117677E-6
18029.0,0.9869591567011509,0.013035794409144548,5.048889704584034E-6
17483.0,0.9748038023768422,0.0250138981124638,1.8229951069398574E-4
17752.0,2.2443498301367194E-15,2.6850274832548547E-16,0.9999999999999976
18591.0,0.006223800956101926,6.160097906625167E-8,0.993776137442919
16997.0,0.9979918756618149,8.484723286950705E-4,0.0011596520094900706
17270.0,0.9980460111343427,0.0019471289995691206,6.8598660880995916E-6
17692.0,0.9920869355603489,0.007907951647235208,5.11279241601601E-6
17423.0,1.469856843081066E-9,6.858704641725009E-7,0.999999312659679
17961.0,0.8484604362472686,0.15131114345525828,2.2842029747304117E-4
18234.0,0.12172369516530683,0.8262334029313593,0.05204290190333399
18651.0,0.014725861475681024,0.9842465944261862,0.00102754409813275
17339.0,0.995490253732739,5.798694785437941E-4,0.003929876788717239
17064.0,0.9934655238907372,0.006445711603698154,8.87645055646604E-5
17602.0,0.028270441363085767,0.0012658536034221184,0.9704637050334921
17873.0,0.9995701871849819,4.2851118091967585E-4,1.3016340983840794E-6
18423.0,2.2952509120578766E-6,0.007806521966663105,0.9921911827824248
18148.0,0.5247968450547299,0.39945150235751203,0.07575165258775807
18454.0,9.490900412627675E-5,0.9999050471714493,4.382442436003251E-8
18693.0,0.4865900354394414,1.3946121071292504E-5,0.5133960184394875
18513.0,1.5634125564840063E-5,0.005507914046427306,0.9944764518280078
18352.0,0.99332864649032,0.0066697867549905905,1.566754689311523E-6
18083.0,6.98211879864661E-6,2.7168085492265364E-6,0.9999903010726522
17541.0,0.9952950506261062,0.004702138927018766,2.810446875051373E-6
17814.0,0.006658654588079564,0.9849778726112193,0.008363472800701221
17404.0,0.8453914746074177,0.15412977122352267,4.787541690596183E-4
17135.0,0.9994938765817113,3.5506569454725733E-4,1.5105772374155566E-4
18588.0,0.08175957099273502,1.1536449661911622E-4,0.9181250645106459
18030.0,1.4207494130545343E-10,1.3959985892896348E-12,0.9999999998565291
18301.0,0.00214813508979907,0.6018943986558808,0.39595746625432016
17755.0,1.2889325916279405E-13,0.999999999999177,6.941066316085974E-13
17480.0,8.956466466228876E-7,3.971873990049856E-7,0.9999987071659544
17201.0,0.9877046001054864,0.012294090035373167,1.309859140357133E-6
18648.0,0.992766402407833,0.007230647800139653,2.9497920274231252E-6
17420.0,0.009297152339914377,0.0035345339492613027,0.9871683137108244
17695.0,0.826456631739187,0.17353884177024909,4.526490563860953E-6
18233.0,0.9932952908804725,0.00669588582335235,8.823296175157116E-6
17962.0,0.778331031626747,0.22144981816726078,2.191502059921508E-4
17269.0,9.100818423644609E-4,0.9990898630689614,5.50886739781474E-8
16998.0,0.9535731904586252,0.03315442220426596,0.013272387337108811
18694.0,0.9977926188768338,9.701811159540284E-5,0.0021103630115707974
18453.0,0.7940804837108305,0.14010336747349675,0.06581614881567284
17874.0,0.9975203651811083,0.002478341407519008,1.2934113726045606E-6
17601.0,0.20419963036498212,0.143581983609141,0.6522183860258769
18151.0,0.9799502030798093,0.01978571355948408,2.64083360706766E-4
18420.0,3.6690332747102844E-10,1.0270524491766777E-8,0.9999999893625721
17067.0,0.0013860206597911338,3.624875428756365E-5,0.9985777305859213
17336.0,0.25530224868713897,0.17876570643901257,0.5659320448738485
18512.0,0.8312243576493737,0.16876812056294957,7.52178767677838E-6
17405.0,1.6813432892528674E-11,0.9999999999831819,4.698547817051784E-15
17134.0,0.09161234166526003,0.17491436907891514,0.7334732892558249
18353.0,0.02766964937301794,0.27862507409917975,0.6937052765278023
18082.0,0.032124124786576176,0.1456625475412652,0.8222133276721585
17540.0,0.9755773671835033,0.018821999864129562,0.005600632952367176
17815.0,0.9940295021337844,0.0059650543499302384,5.4435162853462E-6
18589.0,2.5479195245313475E-9,3.620370538738727E-7,0.9999996354150266
17200.0,1.9452671085076513E-23,2.5152597432169408E-20,1.0
18031.0,0.9995957147626422,4.0424775314050135E-4,3.748421729765337E-8
18300.0,0.042289556657225835,0.9493800535105836,0.008330389832190628
17754.0,0.40224382407167353,0.5895918383208882,0.008164337607438262
17481.0,1.0830539023919103E-8,7.965903650236621E-5,0.9999203301329586
18649.0,0.43647915076586546,0.06986784566521315,0.4936530035689214
17268.0,0.9984238313179825,0.0015455529004988454,3.061578151867062E-5
16999.0,0.05511199531591589,0.9428248133491629,0.0020631913349211353
17421.0,0.9999929792808216,6.8332075959803015E-6,1.8751158236334078E-7
17694.0,0.003905492062688857,1.4656280125443861E-5,0.9960798516571856
18232.0,0.8645491431205298,0.005344012202563104,0.13010684467690709
17963.0,0.772937743951764,0.2260448409750879,0.0010174150731481922
18695.0,0.9993800013857985,6.199855534638336E-4,1.3060737673811152E-8
18452.0,0.99954295155706,2.3316483654298634E-4,2.2388360639714384E-4
17066.0,0.9773884077242659,0.022580063856931763,3.152841880232883E-5
17337.0,0.8839510830824908,0.06474986853835536,0.05129904837915392
17875.0,0.025102797024409224,0.0435332738482447,0.931363929127346
17600.0,0.9061432597085383,2.609158040336261E-6,0.09385413113342139
18150.0,0.7186276936116062,0.21816184045218692,0.06321046593620688
18421.0,0.4754519788721116,0.5243838280637189,1.6419306416958865E-4
17486.0,0.9999020206663065,9.707841226665611E-5,9.009214269321854E-7
17757.0,0.2401968429852615,0.004005716144923631,0.7557974408698149
18299.0,0.9821224952471962,0.017835916693288198,4.158805951556825E-5
18024.0,0.7978624097210075,0.03938029277900634,0.16275729749998608
17207.0,0.9987375405040272,0.0012623899286157494,6.956735713271744E-8
18586.0,8.26429988124894E-9,0.9999999917356109,8.915968914933205E-14
17808.0,0.9045369790486296,0.07998601783180277,0.015477003119567519
17539.0,0.00857144993541183,9.51092455357321E-6,0.9914190391400346
18085.0,0.0031112271623324607,0.1902969745073227,0.8065917983303449
18358.0,0.904128293347318,0.09338942168167479,0.0024822849710072247
17129.0,0.488857432246546,0.5111257707831057,1.6796970348347924E-5
17402.0,0.8993805978527905,0.09977347806074048,8.459240864690243E-4
18519.0,5.863471955211955E-9,0.9999999941365254,2.66235366524658E-15
18418.0,0.9860457225753312,0.013951948682423512,2.3287422452460792E-6
18145.0,3.4363943527494124E-12,1.579457763740187E-13,0.9999999999964057
17607.0,0.9985792188073326,0.0014166640491232105,4.117143544186929E-6
17876.0,0.9971619254337862,0.002833299182730534,4.775383483435302E-6
17342.0,0.9257963578466455,1.0702493706681441E-6,0.07420257190398379
17069.0,0.9997065856179419,2.922568992482846E-4,1.1574828097669106E-6
18451.0,7.837928588517628E-4,1.101239919055089E-5,0.9992051947419577
18688.0,0.4896337939480822,0.025418684452069185,0.48494752159984866
17964.0,2.5649713178157917E-18,5.226750949381166E-19,1.0
18239.0,1.6952662425438953E-4,6.528282624550789E-10,0.9998304727229174
17689.0,0.9971396705366562,0.00285997290552487,3.5655781876527196E-7
17418.0,0.02236985721812385,0.880320510223861,0.09730963255801511
16992.0,0.06278689358888472,0.9147218274419417,0.022491278969173654
17267.0,0.10072720887586417,0.8984702183536921,8.025727704437155E-4
18654.0,0.0036830519786444325,7.694705184777028E-5,0.9962400009695077
17206.0,0.8477425238720723,0.15225215046826493,5.325659662660014E-6
17487.0,0.9862013020456771,0.013798536134934508,1.6181938837645017E-7
17756.0,4.783892541917805E-4,0.141006336833449,0.8585152739123593
18298.0,2.1635875577953408E-4,1.66120829651676E-6,0.9997819800359239
18025.0,0.11965500763271676,0.879673533849883,6.714585174003878E-4
18587.0,0.998892241202496,0.0010475474181547656,6.021137934926931E-5
17128.0,0.9842017976335694,0.015798109967023362,9.239940714297565E-8
17403.0,0.4737704221871931,0.006635621944338066,0.5195939558684688
17809.0,0.001176298908633314,1.6192176684667683E-4,0.9986617793245199
17538.0,0.9793381888307543,0.020661697713681676,1.1345556407353158E-7
18084.0,0.959723375555751,0.001891420299588783,0.03838520414466024
18359.0,0.9584168507961648,0.02887093499470906,0.01271221420912621
18518.0,0.024850956003946295,0.0016288465278056425,0.973520197468248
17343.0,0.35297655048413173,0.6457539144724767,0.0012695350433916941
17068.0,0.9559164873739633,0.044081614676191296,1.8979498455632684E-6
18419.0,4.0874760020167E-6,2.5845566026459855E-5,0.9999700669579715
18144.0,0.019711148420307356,0.9802454302745266,4.3421305165997876E-5
17606.0,0.31947762252685513,0.5757013988087849,0.10482097866436
17877.0,0.06850012367485567,0.04721763554468773,0.8842822407804566
18450.0,0.6226358582381991,0.34589170289546045,0.03147243886634041
18689.0,0.9989986658095225,9.267010375601305E-4,7.46331529174728E-5
16993.0,5.7069254615938955E-8,6.822533975397584E-9,0.9999999361082115
17266.0,0.9879948738998696,0.012004631190372438,4.949097580434768E-7
17965.0,0.9759776226365388,0.02320152640504371,8.208509584173619E-4
18238.0,0.9984061322244095,0.0015929704991939299,8.972763964781496E-7
17688.0,0.5923522368767442,2.631330927119997E-4,0.40738463003054376
17419.0,4.291094478148482E-8,4.9811383568952955E-6,0.9999949759506983
18655.0,0.016114889382212415,0.047485714525695895,0.9363993960920917
18584.0,0.2883541258130322,0.44041996967252,0.27122590451444784
17759.0,7.097217657916552E-7,0.9999992585531274,3.172510682940573E-8
17484.0,0.9985919470114057,0.0014080278623585017,2.512623582981388E-8
18026.0,0.004965591815101925,0.9884926087423709,0.00654179944252712
18297.0,0.9985647728374045,3.634167311234619E-4,0.001071810431472016
17205.0,0.999896488479916,1.0348689505435929E-4,2.462502968040543E-8
18517.0,2.0158105813576464E-8,0.999999979840873,1.021331326256268E-12
17537.0,0.9892460949649214,0.009833906241091468,9.199987939869379E-4
17810.0,0.99994870031375,1.8053761981726337E-5,3.324592426814334E-5
18356.0,0.0026213842114298936,0.9973779969625476,6.188260225882188E-7
18087.0,0.024749139717335833,0.9752264149156032,2.4445367060968233E-5
17400.0,0.9995411224080986,3.9890050250073774E-4,5.997708940070997E-5
17131.0,0.0779075722086551,0.9192572474138738,0.0028351803774710766
18690.0,0.019256198726094558,0.9805026420131886,2.411592607169077E-4
18449.0,1.0125306761931422E-7,0.9988693332025068,0.0011305655444255988
18147.0,0.026349278590190955,0.9545222659028625,0.019128455506946637
18416.0,0.9965403343561009,0.0034596219777461297,4.366615301086795E-8
17878.0,0.056116509894039594,0.943542801994098,3.4068811186239957E-4
17605.0,0.7584245914601045,0.12501939370309076,0.11655601483680467
17071.0,0.998045201080979,1.8544338649011908E-4,0.0017693555325309052
17340.0,0.9977778181385205,0.0022157354207370137,6.446440742401556E-6
18652.0,0.9991902862469535,7.730665972480925E-4,3.664715579848287E-5
18237.0,0.0014285187551393334,0.018345444440259224,0.9802260368046014
17966.0,0.993612397625551,0.0063550398059433995,3.256256850565863E-5
17416.0,0.9959333839977558,0.0034890254206697605,5.775905815745025E-4
17691.0,1.7242845425108494E-6,2.1977355014336608E-8,0.9999982537381025
17265.0,0.9993441065818064,6.466262648477881E-4,9.267153345808727E-6
16994.0,0.011176946060501304,0.013277871390372878,0.9755451825491258
18585.0,0.9989736278883433,0.0010262068010556224,1.6531060106212153E-7
17204.0,0.3724379524303959,0.617384382336678,0.010177665232926132
17758.0,0.2788826812965903,0.7205446171711254,5.727015322844015E-4
17485.0,0.896161440639956,0.10371200088887736,1.2655847116669632E-4
18027.0,0.01948533706753408,0.7950747377282606,0.18543992520420524
18296.0,0.9986809976122424,0.00131406078452244,4.94160323514861E-6
18516.0,0.4415272921802556,0.07074380156272622,0.48772890625701815
17401.0,0.5603393573430792,0.4396123258013885,4.8316855532444824E-5
17130.0,0.41884127298595114,0.5811288118260108,2.9915188038190993E-5
17536.0,0.9913815769628964,9.579492419261709E-6,0.008608843544684336
17811.0,3.8570604804678735E-12,8.91450439388723E-16,0.9999999999961421
18357.0,0.8972513493462627,0.07522998527442781,0.027518665379309387
18086.0,0.005421059965343455,0.35723363438252564,0.6373453056521309
18691.0,0.06733631691147397,0.007139154138731847,0.9255245289497941
18448.0,0.045416562805649624,0.6220936533924593,0.3324897838018911
17070.0,0.08946439465620087,0.8968669799725423,0.013668625371256885
17341.0,0.9274672160236062,0.07178827074277225,7.445132336216225E-4
18146.0,5.681645201864831E-12,0.9996850801917091,3.149198026093342E-4
18417.0,0.03670013651292426,0.9627753091349237,5.245543521521542E-4
17879.0,2.601166972377017E-7,2.1898655737839858E-11,0.9999997398614041
17604.0,0.9997004309637735,2.949929767288934E-4,4.5760594975361465E-6
18653.0,0.9985583676662736,0.0014380947684859123,3.5375652404436673E-6
17264.0,0.8649963037485261,0.09330163441448674,0.04170206183698716
16995.0,5.471528598408698E-9,0.999999994525865,2.606443791827455E-12
18236.0,5.1741450538588796E-8,0.999999948258005,5.445399923557397E-13
17967.0,0.0011267986851497508,1.8572531851300555E-4,0.9986874759963373
17417.0,3.439560626124152E-7,8.308248812601702E-8,0.9999995729614493
17690.0,0.9998496445647904,6.288490234984875E-5,8.747053285982036E-5
17004.0,0.902357751299657,0.09719126007806497,4.509886222779189E-4
17279.0,0.9110415033300611,0.08857999793360972,3.784987363293366E-4
17685.0,7.857453986623945E-4,2.065421245795556E-7,0.999214048059213
17414.0,0.9444403864231251,0.00859256244156418,0.04696705113531062
17952.0,5.836084111001992E-6,4.0360667885188005E-6,0.9999901278491005
18227.0,0.3851360347201414,0.008619652442743781,0.6062443128371149
18642.0,0.4526288457361218,0.546172251788361,0.0011989024755171922
17330.0,0.004728349080377175,0.9952716505517076,3.679152915398528E-10
17057.0,0.983322458921996,0.016667559186151135,9.981891852858263E-6
17611.0,0.887449118816552,0.037962409139498575,0.07458847204394937
17880.0,0.14197106348792246,0.42229184145866994,0.4357370950534077
18430.0,0.9746008111902186,0.025363074918027362,3.6113891753969995E-5
18157.0,0.9985783921818749,0.0014055319150835192,1.607590304151958E-5
18463.0,0.9998861221208752,1.1269269637722002E-4,1.1851827475555197E-6
18700.0,0.04143104355552013,0.006941707456880663,0.9516272489875992
17125.0,0.3845125292127976,0.31309637883510505,0.3023910919520973
17398.0,0.9444468254424402,0.05554508241040779,8.092147152030078E-6
18089.0,1.8716993135825005E-6,5.462726375379582E-4,0.9994518556631484
18362.0,0.8444810969498412,0.15255305654006832,0.0029658465100906375
17820.0,5.893527214965935E-5,0.9999410478663083,1.6861542114543546E-8
17551.0,0.8268954834057562,0.0027163031089655412,0.17038821348527824
18523.0,0.2882631001390075,0.0031729403922741923,0.7085639594687182
17211.0,8.693348812412524E-20,6.0095158872561314E-21,1.0
18295.0,0.9731082957863338,0.026878955590489216,1.2748623177063474E-5
18020.0,0.9198530218156145,2.7905750909507773E-5,0.08011907243347592
17474.0,0.9350679149718656,0.0648606349486684,7.145007946612327E-5
17745.0,0.9969358598993253,0.0030538836988070633,1.0256401867673087E-5
18582.0,4.358119711654255E-9,1.752979090850915E-4,0.9998246977327951
17684.0,0.007199047058452129,2.4930721485717636E-5,0.9927760222200621
17415.0,9.886386104941454E-6,0.9999898196500382,2.939638568764439E-7
17953.0,0.008661483145740646,9.139182240923619E-4,0.990424598630167
18226.0,1.7274430119073577E-12,3.783433408568229E-15,0.9999999999982688
17005.0,0.9745275410392646,0.025468663428390513,3.7955323448867113E-6
17278.0,0.38191979320369124,1.2325410333719995E-7,0.6180800835422054
18643.0,0.9441494597304486,0.05584804111980843,2.499149742871232E-6
17610.0,0.9998534046797931,1.423850522242067E-4,4.210267982593904E-6
17881.0,0.967682356953501,0.03231731136964542,3.3167685350926785E-7
18431.0,4.681346817260644E-5,0.9999517527536727,1.4337781547491467E-6
18156.0,5.509385378652556E-16,1.273499698231679E-13,0.9999999999998721
17331.0,0.9918673865029721,0.005499597105478743,0.0026330163915492064
17056.0,0.9876174401788766,5.208938529154844E-6,0.01237735088259432
18462.0,0.13497431351029254,9.464534117190063E-4,0.8640792330779884
18701.0,2.0554281867787716E-11,0.9999999999794457,5.3326921500774366E-17
18088.0,6.667382568459623E-14,0.9999999999999317,1.623633346026147E-15
18363.0,0.007464534464601979,0.9923459571434882,1.8950839190976749E-4
17821.0,7.021281505074172E-4,0.724525329988011,0.2747725418614816
17550.0,0.9993304955685455,6.345217502946738E-4,3.4982681159718716E-5
17124.0,3.1243734912172733E-10,0.3844976409843682,0.6155023587031945
17399.0,0.9587582074811078,0.041239950827320855,1.8416915713334054E-6
18522.0,1.349737479255139E-14,2.678002018904926E-17,0.9999999999999865
18294.0,0.08460741725045998,0.9153919316806841,6.510688559403872E-7
18021.0,0.36315666020502985,0.6175858517738543,0.019257488021115998
17475.0,0.031374536656474224,0.9686241877590209,1.2755845048230234E-6
17744.0,4.251254589998399E-4,0.987759989484137,0.011814885056863225
17210.0,4.036127468796687E-14,0.9999999999999597,1.0336966198127722E-18
18583.0,4.224335755233991E-9,4.1369153575943455E-7,0.9999995820841285
18640.0,0.9998723820418934,1.0382357718443897E-4,2.3794380922056094E-5
17277.0,0.9331004938705982,0.06678483052312288,1.146756062788727E-4
17006.0,0.9999019182554569,9.808016225210632E-5,1.5822909757736393E-9
17412.0,2.23769382090608E-6,4.480995749154252E-7,0.9999973142066041
17687.0,0.3024011446666662,0.6973885366511968,2.1031868213709174E-4
18225.0,0.9999656103423259,3.3157408394225374E-5,1.2322492799308153E-6
17954.0,8.278315155309678E-5,0.9998364981901098,8.071865833701706E-5
18702.0,0.9934879743990946,0.0065098924870665665,2.1331138386958837E-6
18461.0,0.1283883709776659,0.8712788469600293,3.327820623047469E-4
17059.0,0.3022261947336328,0.6977225838605384,5.122140582876692E-5
17328.0,4.867547860223498E-7,0.9999907605267665,8.752718447534951E-6
17882.0,5.722269594027379E-7,1.198490475451626E-6,0.9999982292825652
17609.0,0.971304615196195,0.028695314938956818,6.986484807189215E-8
18159.0,2.437074290216987E-19,1.722856860933745E-19,1.0
18428.0,6.6019291407500025E-6,4.848022203364366E-6,0.9999885500486559
18521.0,0.9930428242880299,0.0069555530612620915,1.6226507079362293E-6
17396.0,0.8492663128233895,0.15050292295649723,2.3076422011324352E-4
17127.0,0.9999162799841209,8.355877050088682E-5,1.6124537827289928E-7
18360.0,0.9332766278072692,0.06657245580306306,1.5091638966779306E-4
18091.0,0.11059100310157524,0.008137524904795544,0.8812714719936292
17549.0,0.9989736278883433,0.0010262068010556224,1.6531060106212153E-7
17822.0,0.995241236661646,6.556955672273544E-6,0.0047522063826817024
18580.0,0.9999115519464558,8.841199660642257E-5,3.605693769199463E-8
17209.0,0.016171159573504863,0.9806505324916417,0.003178307934853428
18022.0,0.37913877248777755,0.5343427788447453,0.08651844866747713
18293.0,0.9169362584109005,0.08218847627324295,8.752653158564146E-4
17747.0,7.113929384957759E-4,0.0013904909083066975,0.9978981161531975
17472.0,0.9968618554760993,0.003120858182481598,1.7286341419217605E-5
18641.0,0.5041243661485635,0.360585691771597,0.13528994207983963
17413.0,0.0017039689757133586,0.8829628600040542,0.11533317102023247
17686.0,0.6641799840436781,0.005974484655171369,0.3298455313011506
18224.0,0.01297966433915012,0.9296348548686548,0.057385480792195034
17955.0,0.006745142975868514,0.3592092562748702,0.6340456007492613
17276.0,0.002709497907044999,0.02520932786542739,0.9720811742275276
17007.0,0.989934028833483,0.010035482052529505,3.048911398739942E-5
18703.0,0.4790313917197391,0.4680901223394971,0.052878485940763796
18460.0,1.6063874305447443E-4,1.4774339480397885E-6,0.9998378838229975
17883.0,0.9524638081957462,0.04743791690048173,9.827490377207853E-5
17608.0,0.7755184552468863,0.22356902458074548,9.125201723682319E-4
18158.0,9.503127201213967E-7,0.9999990496866747,6.050490390730808E-13
18429.0,0.0018014265675151643,0.05279882756896008,0.9453997458635247
17058.0,0.9958763760761447,1.3501123552668692E-4,0.003988612688328698
17329.0,7.265382524901203E-13,0.9999999999992726,7.807878596849756E-16
18520.0,6.338724545299857E-20,6.959949154598779E-18,1.0
18361.0,0.006682091771910385,0.7708840009568009,0.22243390727128864
18090.0,0.9542665500975201,0.04464474972424052,0.0010887001782393126
17548.0,0.7132448232628824,0.013051231786822947,0.2737039449502947
17823.0,1.2365342362654671E-5,0.9999875939380003,4.071963716797747E-8
17397.0,0.8368302331263657,6.293970034440977E-4,0.16254036987019022
17126.0,2.722601663956879E-7,0.5049184148615511,0.49508131287828233
18581.0,4.3346543455240297E-11,8.14519778976749E-6,0.9999918547588638
18023.0,2.702076272041797E-4,2.199538393101928E-4,0.9995098385334856
18292.0,0.0011644768802223345,0.9980252673482293,8.102557715483576E-4
17746.0,0.002600243080132988,2.0768013631207457E-4,0.9971920767835549
17473.0,0.9979175488194685,1.2548360516361656E-4,0.0019569675753679087
17208.0,0.9039140108002369,0.09592687910991203,1.5911008985112097E-4
17334.0,0.992737440197663,1.4366800571874436E-4,0.007118891796618381
17061.0,0.9823905296849129,0.008843136335547874,0.008766333979539178
18426.0,0.011877408131096768,0.010162679667021033,0.9779599122018822
18153.0,0.15361350382133976,0.8455776419972759,8.088541813842814E-4
17615.0,0.926796391016058,0.07153972635636235,0.0016638826275796133
17884.0,2.9369739075633226E-5,0.0014850102738995848,0.9984856199870248
18459.0,1.3790699315296777E-4,0.9998554762075829,6.6167992641475555E-6
18696.0,1.9635477501674015E-5,0.9999803644959342,2.6564181829607386E-11
17000.0,0.9994244153847832,4.2278445756992677E-4,1.5280015764687505E-4
17275.0,0.00724672806734914,0.0013659494142604508,0.9913873225183903
17956.0,4.807208716689114E-10,0.9999999995192173,6.1970599292634E-14
18231.0,0.9888336696692993,0.010970780405097651,1.955499256030385E-4
17681.0,0.9972243023677976,0.002775086553121721,6.110790806807016E-7
17410.0,4.1320437440498414E-4,7.058544090179205E-4,0.9988809412165771
18646.0,0.9231724145923677,0.0767148567408195,1.127286668129201E-4
17215.0,0.9871582677987092,0.012522158517923657,3.195736833671983E-4
17478.0,0.9991915545481728,8.047233793624911E-4,3.722072464775095E-6
17749.0,0.9809935975803389,0.019001818981973645,4.583437687431012E-6
18291.0,0.9998748108822424,1.2513913032956327E-4,4.9987428145400505E-8
18016.0,8.044125332725059E-7,0.001872457736978201,0.9981267378504884
18578.0,4.410992777703666E-5,8.962048184854624E-9,0.9999558811101749
17121.0,0.9856837282575417,0.014294947954696092,2.1323787762126075E-5
17394.0,0.02952548215014123,0.7392837680548681,0.23119074979499082
17816.0,0.005326565545486072,2.633286090275474E-5,0.9946471015936112
17547.0,0.9761053348693748,0.023648125521246195,2.465396093788655E-4
18093.0,0.03858854738146369,0.20885785918346256,0.7525535934350738
18366.0,0.9968406482958332,0.0030286305250878274,1.307211790790034E-4
18527.0,0.9922753984873777,0.00772379749386722,8.040187550630831E-7
18427.0,0.9334264144854335,0.022768283579642806,0.043805301934923734
18152.0,8.16411834534149E-11,5.2366600232188517E-11,0.9999999998659923
17614.0,2.0758006942215204E-10,2.966300643514758E-15,0.9999999997924169
17885.0,0.9916180683443045,0.008381735586988882,1.9606870641125819E-7
17335.0,0.2513468490979933,0.0021307916435949104,0.7465223592584117
17060.0,0.4813660489366664,0.5185082494522937,1.2570161104003653E-4
18458.0,1.6223990001426893E-4,0.0035596304722591452,0.9962781296277267
18697.0,0.0331505286814445,0.8026520850486306,0.1641973862699249
17957.0,0.6437560724501714,0.2440793198747032,0.11216460767512541
18230.0,0.015113127766349663,6.559344860304202E-6,0.9848803128887901
17680.0,0.9967681207436319,0.0032284554633617833,3.4237930062276807E-6
17411.0,0.9962528287300384,0.0037467017816155625,4.694883460121832E-7
17001.0,0.9997803999833773,2.192612143801428E-4,3.3880224244388594E-7
17274.0,4.06259940187864E-12,3.2911565376977114E-9,0.9999999967047808
18647.0,0.8088629416555363,0.1888715174335239,0.0022655409109399627
17479.0,2.754878677762038E-9,0.9999908468859198,9.150359201622103E-6
17748.0,7.947806164904046E-5,1.357037275023285E-4,0.9997848182108486
18290.0,0.9999564346081783,4.3528143006178616E-5,3.7248815476466345E-8
18017.0,9.917631590420954E-4,0.9990073893390071,8.475019507246866E-7
17214.0,1.2530702700478355E-9,5.069988016873851E-9,0.9999999936769418
18579.0,0.9989854711230155,0.0010143566604248033,1.7221655965753487E-7
17817.0,3.9402442191390377E-10,0.9999999996059272,4.835859638458837E-14
17546.0,0.9999035554858487,8.608764570179148E-5,1.0356868449493698E-5
18092.0,0.9999353830463446,1.0866982404232283E-5,5.374997125121407E-5
18367.0,2.4124720190126427E-21,2.8749588278020036E-18,1.0
17120.0,5.989777685950249E-5,7.999209894384392E-8,0.9999400222310415
17395.0,1.1461426177615475E-5,1.916870295218942E-5,0.9999693698708702
18526.0,0.005959678115557734,2.5763101095938175E-6,0.9940377455743327
18698.0,0.9114722115546166,0.08844897756550228,7.881087988119662E-5
18457.0,0.9994830127005871,5.163305667301546E-4,6.567326827932568E-7
17063.0,0.9998507040615737,1.2029585605480614E-4,2.9000082371487303E-5
17332.0,0.0959941798193769,0.19335771301500343,0.7106481071656197
18155.0,0.15776664778598323,0.8422281418021902,5.210411826691793E-6
18424.0,1.390369603604146E-12,8.647128395446886E-10,0.9999999991338968
17886.0,0.9962528287300384,0.0037467017816155625,4.694883460121832E-7
17613.0,0.9738893661688747,0.02608090684183217,2.9726989293046547E-5
18644.0,4.035078285564267E-4,5.624464239288385E-5,0.9995402475290507
17273.0,0.9980088438008522,0.0019700471473514617,2.110905179626273E-5
17002.0,6.380527076276871E-5,0.8045798958941744,0.19535629883506264
18229.0,0.9939858575155057,0.005945768254973703,6.837422952051771E-5
17958.0,4.287592679365191E-6,2.4089621833841167E-7,0.9999954715111022
17408.0,0.5465292757713772,0.44920921101759076,0.004261513211032017
17683.0,0.992414470352497,0.007306112921525665,2.794167259775206E-4
18576.0,0.9989030131124994,0.001096694558519002,2.923289815345686E-7
17213.0,0.18805533207720276,0.8119438192621953,8.486606018151958E-7
17751.0,0.9999445874258353,5.158955338388453E-5,3.823020780807313E-6
17476.0,0.06529780160742428,0.9342889555118302,4.1324288074560527E-4
18018.0,0.13324461611869465,0.8667527701730345,2.6137082708350663E-6
18289.0,0.5758280902923956,0.42416979772030017,2.1119873042911133E-6
18525.0,0.9701135733551177,0.029883784358868536,2.6422860138113814E-6
17392.0,0.9941175373388556,0.005882368830969198,9.383017534283481E-8
17123.0,9.970275332315452E-4,0.685484143371228,0.3135188290955404
17545.0,0.004734779484570151,0.010904272023761846,0.9843609484916681
17818.0,0.9816328670277314,0.01836694267728285,1.9029498568814042E-7
18364.0,3.2394412903579537E-7,0.9999996760558428,2.819806672171954E-14
18095.0,0.01149385881868545,0.003016275754136015,0.9854898654271785
18699.0,0.4564111818175691,0.5435788967721068,9.921410324002495E-6
18456.0,8.413258672853413E-5,0.9978081643802852,0.002107703032986245
18154.0,1.346421256337875E-4,0.9998649135438413,4.4433052483443837E-7
18425.0,0.9999851694771736,1.4797034014293978E-5,3.3488812050550797E-8
17887.0,0.05211945119783117,0.5913186345633136,0.35656191423885536
17612.0,0.9986075029607446,0.0013922467658910413,2.502733642498098E-7
17062.0,5.6881178872405365E-5,0.9999425989794364,5.198416910681781E-7
17333.0,0.9998524611586714,1.4421919671240945E-6,1.4609664936145568E-4
18645.0,1.2583946789173173E-6,0.0014343339378619388,0.9985644076674591
18228.0,0.013333643154652554,1.1462214177905376E-5,0.9866548946311695
17959.0,0.9869353463590944,0.005831807778396006,0.007232845862509657
17409.0,0.4104726770622417,0.050704030520494464,0.5388232924172637
17682.0,0.4768570428229277,0.07287830645562306,0.4502646507214493
17272.0,0.833335409744646,0.16664028479679685,2.430545855695364E-5
17003.0,4.838030185755806E-13,0.9999999999945037,5.012525109432525E-12
18577.0,5.339037387893733E-5,0.9994595088354622,4.871007906589286E-4
17750.0,5.685674020238659E-7,0.9999989322776439,4.991549539336266E-7
17477.0,0.992343095472899,0.0076438655968375626,1.3038930263474247E-5
18019.0,0.9885524284426833,0.011306067443263124,1.4150411405349533E-4
18288.0,0.33522296759105163,0.6642410141917359,5.360182172125341E-4
17212.0,0.6734438149516806,0.06752860267066328,0.259027582377656
18524.0,0.695124706631049,0.016963012725015398,0.28791228064393554
17544.0,0.0011890400115168774,5.148839780310195E-7,0.998810445104505
17819.0,0.9353333432565833,0.06463646301394027,3.019372947627036E-5
18365.0,0.017641325082898368,0.3726003075097264,0.6097583674073752
18094.0,8.205445233457676E-5,7.580435615149161E-5,0.9998421411915139
17393.0,0.022160564290337817,0.974605322933125,0.0032341127765371266
17122.0,3.1615154602381983E-4,0.04282677011452608,0.9568570783394501
18498.0,4.010792578648062E-9,6.410689383324664E-6,0.9999935852998241
17148.0,1.1146289868769703E-6,2.2936481368134516E-11,0.9999988853480767
17391.0,5.680925120786988E-10,0.9999999994017594,3.0147979891517697E-11
18096.0,0.9341496927486689,0.06524618296139881,6.041242899321665E-4
18339.0,1.451577442213541E-10,2.4423371822053997E-8,0.9999999754314705
17797.0,0.3840275628908918,0.6159492660997917,2.317100931638153E-5
17558.0,0.9991576900968117,7.404665004893199E-4,1.0184340269901481E-4
18575.0,0.9808014606590834,0.019182835889052317,1.570345186431238E-5
17186.0,0.9766085357280521,5.519356163300822E-6,0.023385944915784544
18286.0,0.6108969171876726,0.38862751286008734,4.755699522401158E-4
18045.0,0.9962006812063467,0.0037832872299339605,1.6031563719093184E-5
17499.0,0.3398256242801878,0.07056675885094636,0.5896076168688659
17736.0,2.503437284113827E-17,1.1261473888771845E-17,1.0
18635.0,6.588883394461995E-13,2.1441230559664974E-7,0.9999997855870356
17013.0,0.9995877234957786,3.995145765513373E-4,1.2761927669968917E-5
17254.0,6.602498185738215E-6,1.009107814468411E-6,0.9999923883939998
17676.0,4.572429458814404E-16,6.6537083184387286E-9,0.9999999933462913
17439.0,0.9752436244348903,0.024749427649875633,6.9479152340511455E-6
17977.0,0.9992612735840284,7.299305828297706E-4,8.79583314188964E-6
18218.0,5.298096117865196E-4,0.9994701901851804,2.0303300440017863E-10
18438.0,0.5292209194687277,0.4702248684077318,5.542121235405264E-4
18709.0,0.003401396258936641,0.9960367937651919,5.618099758713265E-4
17323.0,2.47531737492377E-5,0.999970732077886,4.51474836477451E-6
17080.0,1.3850630139872919E-8,0.9999999861489104,4.593512316354475E-13
17618.0,0.0019308813217784294,3.188142542115002E-8,0.9980690867967961
17857.0,0.9891648583495037,0.00756495352685349,0.0032701881236427066
18407.0,0.9872723021142631,0.012451414014865143,2.7628387087172114E-4
18164.0,0.6881389868093839,0.31181404289542597,4.6970295190116714E-5
18499.0,0.9086738391806735,0.08802718541652599,0.003298975402800647
18097.0,0.0027790119936348745,0.997220797534713,1.9047165193597862E-7
18338.0,8.768053853778456E-5,9.39868040761338E-7,0.9999113795934214
17796.0,2.678501758684934E-11,0.9999999999732136,1.3316716436125046E-15
17559.0,0.9998143710399467,1.7894805985297447E-4,6.6809002002102824E-6
17149.0,2.0425369191323675E-4,1.8780003972696798E-5,0.9997769663041141
17390.0,2.6234355408043887E-4,0.9994936815765069,2.4397486941289448E-4
18574.0,1.0966901050751743E-4,1.0645216950374054E-11,0.9998903309788473
18287.0,0.9969933104000548,0.003003259035175404,3.4305647698379077E-6
18044.0,0.6598751712024215,0.26255964754783784,0.07756518124974064
17498.0,0.9988400332290779,0.0011569457695418694,3.0210013803158326E-6
17737.0,1.4831362055979855E-4,0.006332458231958931,0.9935192281474813
17187.0,0.006556051142850829,0.008592555529921657,0.9848513933272275
18634.0,0.9962296507205726,0.003757697277070097,1.2652002357315327E-5
17677.0,0.005542197757213176,3.227374637308798E-8,0.9944577699690406
17438.0,9.47967665816903E-7,3.548446439007758E-6,0.9999955035858952
17976.0,0.9962593201527085,2.547884178217512E-4,0.0034858914294697385
18219.0,0.9990815146162721,8.541851243215716E-4,6.430025940640507E-5
17012.0,0.2584524781235969,0.7058354209159983,0.035712100960404794
17255.0,6.90397460587475E-18,1.473751548228498E-9,0.9999999985262485
18439.0,0.0017907836128335877,2.2900396286186665E-8,0.9982091934867702
18708.0,0.001353965960479908,0.9450079338023847,0.053638100237135326
17619.0,3.8124566266595394E-9,0.9999990953649778,9.00822565724616E-7
17856.0,0.07818064336735622,0.136194111969464,0.7856252446631797
18406.0,0.9805937908907852,0.01938458263465255,2.1626474562215604E-5
18165.0,0.01133241495548864,0.01386755745885117,0.9748000275856601
17322.0,3.333777408845081E-6,0.9999965946643892,7.155820200803652E-8
17081.0,0.9987921088165256,0.0012075123233501463,3.7886012421845103E-7
17389.0,0.0091995301267747,0.8935369052167037,0.09726356465652164
17150.0,0.9994513813818189,5.48073086455274E-4,5.455317258482294E-7
18337.0,0.006857524338301518,0.9927827245918953,3.597510698031398E-4
18098.0,0.9830299189071215,0.01696305619913236,7.0248937461141794E-6
17556.0,0.9930592842710183,0.006000856097224411,9.398596317572396E-4
17799.0,0.31196405674389766,0.4746805862438005,0.21335535701230182
18496.0,2.4074561357026017E-10,3.7879292808548E-8,0.9999999618799617
17184.0,7.835421033370075E-4,7.139447666552964E-5,0.9991450634199975
18047.0,0.9956980008596261,0.004271317201423603,3.06819389503605E-5
18284.0,0.9995293511564968,4.692422816211973E-4,1.4065618821536831E-6
17738.0,0.9977612175832601,0.0022383449152260752,4.3750151390937084E-7
17497.0,0.899461248080052,0.0997311213969436,8.076305230042834E-4
18573.0,0.969915587682714,0.027651773732803392,0.0024326385844825227
17252.0,0.017332417676574043,0.3584576992991027,0.6242098830243233
17015.0,3.677646999462244E-5,0.047758922189898814,0.9522043013401065
17437.0,0.9942260400371451,0.005577469582725389,1.9649038012949633E-4
17678.0,5.084163158813377E-5,0.967131084756493,0.03281807361191878
18216.0,0.997696690384465,0.0023030940495597863,2.1556597529134897E-7
17979.0,1.3874231295447582E-8,5.847524703459736E-10,0.9999999855410162
18633.0,0.9102667714644916,0.08971334886442861,1.9879671079850778E-5
17082.0,0.1618237807642308,0.2105219966831938,0.6276542225525754
17321.0,7.243804165953684E-6,0.9999927344937413,2.17020928091902E-8
17859.0,0.0029380144634772913,0.9970163000176573,4.568551886530171E-5
17616.0,0.7968274498821548,0.20312858987231594,4.3960245529316916E-5
18166.0,0.7653600812638344,6.825012669836137E-7,0.23463923623489877
18405.0,0.8557469977055504,0.07194650669389578,0.07230649560055395
18711.0,0.9990460686942969,4.3626265699446255E-4,5.176686487086348E-4
18436.0,1.6175657097963078E-4,0.017653855908691105,0.9821843875203293
18336.0,0.0012403003358196524,3.6966776991720785E-4,0.9983900318942631
18099.0,0.006774455170923175,0.9932148273266345,1.0717502442334284E-5
17557.0,0.8367035082003513,0.1579427550069959,0.005353736792652872
17798.0,0.24263208436331957,0.667501549249156,0.0898663663875244
17388.0,0.9002438040077048,0.09827519065503505,0.0014810053372601628
17151.0,0.8955324781787968,0.028696389867751065,0.0757711319534522
18497.0,0.6771693049258064,0.2892514899769029,0.03357920509729052
18046.0,6.523412473469946E-6,0.999993473458463,3.129063504416117E-9
18285.0,0.9975825920538652,0.0023760348418769067,4.137310425792409E-5
17739.0,0.9895011266572978,6.785097832992798E-5,0.010431022364372258
17496.0,0.003307545044073648,0.9966628698669922,2.9585088934172417E-5
17185.0,0.8776728731572689,0.12229332236885553,3.380447387554028E-5
18572.0,0.0024064716506305194,0.0015135739182836243,0.9960799544310858
17436.0,0.9957050781458718,0.00423439559632838,6.05262577996705E-5
17679.0,1.4842219105464172E-4,0.02324944159783946,0.9766021362111059
18217.0,0.4440006289105756,0.053754090952807955,0.5022452801366163
17978.0,0.18730899711545385,0.3572992880467956,0.4553917148377505
17253.0,2.199830936206218E-4,0.13606644279463426,0.8637135741117452
17014.0,0.8113394791828379,0.17194005111577434,0.016720469701387703
18632.0,0.9998754967904,1.2428905160562798E-4,2.1415799449367752E-7
17858.0,0.9285365410644267,0.06360870047507451,0.007854758460498781
17617.0,8.430512014240371E-4,0.9338397577200429,0.06531719107853312
18167.0,3.374223603071501E-23,1.0,5.057028700890458E-20
18404.0,0.030676872935812956,6.150928166913351E-4,0.9687080342474957
17083.0,0.02778211522105297,0.9720639022395888,1.5398253935826895E-4
17320.0,0.010838551139025139,0.12009741815758339,0.8690640307033914
18710.0,0.003643334994014246,5.88497181331942E-4,0.9957681678246537
18437.0,0.06869343026554975,1.1366501361196024E-8,0.931306558367949
18571.0,4.308906680034093E-12,0.9999999999949059,7.852454213508945E-13
17190.0,1.5161642283993225E-8,0.0031788505109286965,0.996821134327429
17503.0,0.6618853761250111,0.3378120383456638,3.025855293250229E-4
17740.0,2.963766028616768E-13,8.08124172633144E-14,0.9999999999996229
18282.0,0.7012876754153943,0.29870261104257073,9.713542035039516E-6
18041.0,0.9942222428919967,0.005776565311652167,1.1917963510601192E-6
18502.0,0.768378122833623,0.2287742109660864,0.002847666200290655
17144.0,1.954655484234936E-8,7.685048508308718E-13,0.9999999804526767
17387.0,0.9684704334229035,0.03138527079273998,1.4429578435646914E-4
17793.0,0.0016980247878484315,9.533956473136959E-4,0.9973485795648379
17554.0,0.9978567648629092,6.154133128920152E-5,0.002081693805801543
18100.0,0.04603895475113046,0.8664196390596517,0.0875414061892179
