18081.0,0.6575597210058604,0.3419254743065766,5.148046875630133E-4
18354.0,0.6742110099444836,0.32149302863098406,0.004295961424532469
17812.0,0.6645307967263231,0.004040746282006359,0.33142845699167056
17543.0,0.004561702470801592,0.0018286030121949877,0.9936096945170034
17133.0,0.010347664210485231,0.8398494362006842,0.14980289958883056
17406.0,0.8059572035231932,0.19301757090817268,0.00102522556863395
18752.0,0.004165785017782021,0.9958316829624695,2.5320197484528498E-6
18515.0,0.9731719585144241,0.026750148671600454,7.789281397537699E-5
18303.0,0.12542004281240487,0.8458189278245181,0.02876102936307695
18028.0,9.791064723508925E-9,1.9769238693701176E-6,0.9999980132850659
17482.0,2.3752230172358492E-6,0.0029853396364937484,0.9970122851404889
17753.0,0.9945105744508489,0.002671255527195654,0.002818170021955492
17203.0,0.07700346878885396,0.891858351240476,0.031138179970670046
18590.0,0.9856990944224712,0.014173390882976297,1.2751469455267054E-4
17693.0,0.9991464236867753,8.465304097897289E-4,7.045903434931973E-6
17422.0,0.044267865926090236,0.02097381223948312,0.9347583218344266
17960.0,0.9985354711553115,5.193338360110637E-5,0.0014125954610873432
18235.0,0.7708072965286835,0.19211671236774217,0.037075991103574256
16996.0,0.9772536113215984,0.022668392579396762,7.799609900478923E-5
17271.0,0.9976696021689802,0.0022476443999963607,8.275343102357924E-5
18650.0,0.8226068513258882,0.17737444958798576,1.8699086126124683E-5
17603.0,0.9964144829986847,0.003505691700522997,7.98253007922071E-5
17872.0,0.9948988591464552,0.005077583860324026,2.3556993220795224E-5
18422.0,0.9898346581902323,0.010146776952191797,1.85648575758765E-5
18149.0,0.48204304701990397,0.5178503405429788,1.0661243711716775E-4
17338.0,1.5864520133845213E-4,8.948221249608369E-4,0.9989465326737007
17065.0,0.0208717502488885,0.8285970694057938,0.15053118034531768
18455.0,0.999445753902672,5.537088482587641E-4,5.372490692311011E-7
18692.0,0.0032814113032746243,7.860382807145682E-7,0.9967178026584446
17132.0,7.822023277237193E-4,0.003216984840171379,0.996000812832105
17407.0,0.01887432289378841,1.244429100923939E-4,0.9810012341961191
18080.0,0.9572718147110021,0.03159198428016755,0.0111362010088304
18355.0,0.08379803334129558,0.5016235722479424,0.41457839441076194
17813.0,2.1559041829118794E-6,0.9999978424312441,1.6645729682560904E-9
17542.0,0.3843194928482617,0.615590180748604,9.032640313423288E-5
18514.0,0.013814676995832142,0.4912048360733931,0.49498048693077473
17202.0,0.16126558565525134,0.7358377721814565,0.10289664216329208
18302.0,0.9649119690854738,0.03497508854888777,1.1294236563844532E-4
18029.0,0.9656675844707002,0.03421234352374199,1.2007200555778558E-4
17483.0,0.8737759517899517,0.06020234179108145,0.06602170641896693
17752.0,9.815573231396817E-8,2.536278948199884E-8,0.9999998764814781
18591.0,0.056431561659027296,3.571421524471749E-6,0.9435648669194483
16997.0,0.9562108191594016,0.01851060079998762,0.02527858004061062
17270.0,0.9842408099017194,0.014901642234196115,8.575478640844436E-4
17692.0,0.9843589662927721,0.015186467932834806,4.545657743930865E-4
17423.0,3.448127432910892E-7,4.788323067078197E-5,0.999951771956586
17961.0,0.4227786771179567,0.5742297431398601,0.0029915797421830705
18234.0,0.08366505160859612,0.21463414360171795,0.7017008047896858
18651.0,0.006455120665683642,0.9906322763623907,0.0029126029719258235
17339.0,0.969886717982746,0.004120305409216147,0.025992976608037916
17064.0,0.9762978125206001,0.023528797026337717,1.7339045306229029E-4
17602.0,0.3739890296515683,0.5511138745159889,0.07489709583244286
17873.0,0.9914213644542325,0.00844337054822563,1.3526499754199116E-4
18423.0,0.010615435903066675,0.016086244089613896,0.9732983200073194
18148.0,0.5428171713311425,0.1073949049109118,0.34978792375794576
18454.0,0.0058698237896147604,0.9940335921265504,9.658408383475704E-5
18693.0,0.6846761338910501,3.3705416712725625E-4,0.3149868119418226
18513.0,0.0029831650684090188,0.01064260689561843,0.9863742280359725
18352.0,0.997804767308837,0.0021794276936260063,1.5804997536836065E-5
18083.0,3.119910711322706E-4,2.9546570076557274E-5,0.9996584623587912
17541.0,0.9883064815968571,0.011602138594677517,9.13798084655402E-5
17814.0,0.027985573495804616,0.8427293750867918,0.12928505141740373
17404.0,0.9145196423255041,0.001409384450579306,0.08407097322391673
17135.0,0.9978860223161286,4.956926251291306E-4,0.001618285058742342
18588.0,0.5599710857525534,0.009646737022389334,0.43038217722505734
18030.0,2.9757478065437203E-6,1.4926936737494042E-7,0.9999968749828261
18301.0,0.005835071517966965,0.0373752262940579,0.9567897021879751
17755.0,2.678138138430089E-10,0.9999999695496179,3.018256825973551E-8
17480.0,1.267978289437186E-7,2.051813549035035E-7,0.9999996680208162
17201.0,0.9799591927238046,0.019976054218501623,6.475305769365187E-5
18648.0,0.9871036908384434,0.012820340053255188,7.59691083013472E-5
17420.0,0.6432483191957559,0.013922765476102217,0.34282891532814186
17695.0,0.9725359063658674,0.027396403755062367,6.768987907020942E-5
18233.0,0.9847399576335105,0.014624811131067294,6.35231235422291E-4
17962.0,0.4431654682251382,0.5341809359384717,0.022653595836390063
17269.0,5.152889669191082E-5,0.9999460251724033,2.4459309048927334E-6
16998.0,0.883917581481129,0.06178132377865768,0.054301094740213336
18694.0,0.9820277596516687,3.4939603595153095E-4,0.017622844312379732
18453.0,0.9108907521467076,0.057314240791525445,0.03179500706176692
17874.0,0.994641645802725,0.005342661823539682,1.5692373735335192E-5
17601.0,0.12718231312413256,0.2183855936089141,0.6544320932669533
18151.0,0.9649324717681107,0.03421386870351012,8.536595283792008E-4
18420.0,3.0221042376488506E-8,7.193828297003202E-7,0.9999992503961279
17067.0,0.003151532336417893,5.042987739589078E-4,0.9963441688896232
17336.0,0.20201509309014562,0.6862889083610482,0.11169599854880619
18512.0,0.4183737357653534,0.5813429260289338,2.833382057127772E-4
17405.0,9.553910070245905E-9,0.9999999904451691,9.208427058723604E-13
17134.0,0.004915978681101865,0.0366589938033409,0.9584250275155572
18353.0,0.07991518526415,0.8296985816798096,0.09038623305604034
18082.0,0.01740761664791081,0.09966875171003385,0.8829236316420553
17540.0,0.7171939250468348,0.012044960896973921,0.27076111405619135
17815.0,0.977407579966158,0.02251646949561917,7.595053822280762E-5
18589.0,0.002993444039457329,0.02134249817648112,0.9756640577840616
17200.0,3.984690169888087E-14,1.4686092528713376E-10,0.9999999998530992
18031.0,0.995753188161833,0.004240726395545658,6.085442621376485E-6
18300.0,0.4331203121423723,0.5645571536853182,0.002322534172309458
17754.0,0.20937040249236566,0.470986396197139,0.3196432013104954
17481.0,5.651871350934998E-8,1.422767162483947E-4,0.999857666765038
18649.0,0.01481762113762613,0.02793491035712231,0.9572474685052516
17268.0,0.9970506051987933,0.0026771956515040385,2.7219914970269836E-4
16999.0,0.6139269459275228,0.37234629541684516,0.013726758655631909
17421.0,0.9961838144002433,0.0037944423537852067,2.17432459715198E-5
17694.0,6.391838082845327E-4,2.352991817454492E-4,0.99912551700997
18232.0,0.8604938137538282,0.1353894079362097,0.004116778309962116
17963.0,0.8705380425121452,0.12816504601980763,0.001296911468047261
18695.0,0.9925884454829572,0.007407815584871043,3.7389321717018335E-6
18452.0,0.992634449903763,7.019161209553422E-4,0.006663633975281683
17066.0,0.8289909339084691,0.1676764250476107,0.0033326410439201717
17337.0,0.6469800102381843,0.013277673729883154,0.3397423160319326
17875.0,0.03463662573776334,0.15050653586118715,0.8148568384010495
17600.0,0.9774094951599346,2.1136755569196685E-5,0.022569368084496205
18150.0,0.4305516923132327,0.4120109447684769,0.1574373629182904
18421.0,0.5235849850320428,0.4719194223311681,0.0044955926367890656
17486.0,0.9993749201182027,5.816728431179668E-4,4.340703867932304E-5
17757.0,0.26521941998610654,0.11379829461625214,0.6209822853976413
18299.0,0.9549659472329993,0.04489579984856597,1.3825291843478084E-4
18024.0,0.11160165478241975,0.0014360514355100883,0.8869622937820701
17207.0,0.9921945265420973,0.007796648241383054,8.825216519610829E-6
18586.0,2.8163687590973596E-7,0.9999997183582722,4.851997386447191E-12
17808.0,0.9862777765028604,0.008411135923436144,0.005311087573703338
17539.0,0.015684754098797007,0.004437708239363612,0.9798775376618394
18085.0,0.002556557188191955,0.06544815654490975,0.9319952862668983
18358.0,0.9323892711388898,0.06157925656878329,0.006031472292326908
17129.0,0.9173779759639956,0.08236990267447011,2.52121361534313E-4
17402.0,0.2021004219523235,0.6707122220680249,0.12718735597965153
18519.0,9.217664776310951E-8,0.9999999078231666,1.8557745324446754E-13
18418.0,0.96951961616812,0.030326022362583655,1.5436146929622273E-4
18145.0,2.0955984474231796E-7,2.359247994503157E-9,0.9999997880809073
17607.0,0.8731553611144357,0.11262262252688104,0.01422201635868328
17876.0,0.991659083286422,0.007887149808384392,4.5376690519357367E-4
17342.0,0.8822554912940892,1.5941437937025262E-5,0.11772856726797379
17069.0,0.9986604957656037,0.001264008452255678,7.549578214068139E-5
18451.0,0.006772538699765099,5.789920029035916E-5,0.9931695620999444
18688.0,0.15742175676409173,0.5219795796318661,0.3205986636040421
17964.0,2.401555921238084E-9,6.85593506937213E-10,0.9999999969128506
18239.0,0.7299637588288437,2.3774585085593373E-6,0.2700338637126478
17689.0,0.9173971525529644,0.08260084830911074,1.9991379248601187E-6
17418.0,0.006155577272171381,0.9150929904355725,0.07875143229225604
16992.0,0.08320368641343592,0.8451745376157208,0.07162177597084335
17267.0,0.14267606598888802,0.855429478470321,0.0018944555407909226
18654.0,0.00397029874607137,1.2487053985233936E-4,0.9959048307140763
17206.0,0.9777171841313577,0.02227256708328169,1.0248785360638904E-5
17487.0,0.9631676396876993,0.03678843051306465,4.3929799236134176E-5
17756.0,3.562333879208954E-4,0.9980824514257159,0.0015613151863630597
18298.0,3.99173975508818E-4,3.804901860303917E-5,0.9995627770058881
18025.0,0.01721951615772564,0.9820130830518583,7.674007904160965E-4
18587.0,0.9910023940697467,0.006520342023948088,0.002477263906305184
17128.0,0.9766399827951239,0.02335322365316207,6.793551714166111E-6
17403.0,0.022438232718412165,0.003860499009392426,0.9737012682721954
17809.0,0.005871815765797839,0.2894015143536956,0.7047266698805065
17538.0,0.9719577153893821,0.028029897555322387,1.2387055295460166E-5
18084.0,0.47688296531893104,0.009254596351040303,0.5138624383300286
18359.0,0.8764489722129474,0.08546879301189078,0.03808223477516181
18518.0,0.8109782258291278,0.09963891274737244,0.08938286142349983
17343.0,0.9930983713087758,0.006346423036033226,5.552056551910088E-4
17068.0,0.9818197200292677,0.01817290813979326,7.371830939170883E-6
18419.0,0.018477913760001644,0.03639061343303893,0.9451314728069594
18144.0,0.03288137564079983,0.9670836735305065,3.4950828693787225E-5
17606.0,0.7032284473436194,0.2686013414899649,0.028170211166415656
17877.0,0.31710143616111613,0.1982118221842698,0.48468674165461395
18450.0,0.25302500031919284,0.7079675456433304,0.039007454037476796
18689.0,0.9891227943733828,0.010497900446444561,3.7930518017269846E-4
16993.0,1.6899672333774924E-4,4.7676668709394955E-5,0.9997833266079529
17266.0,0.9710930472272878,0.028882917428363013,2.40353443491392E-5
17965.0,0.9454840031518319,0.04649699519124462,0.008019001656923368
18238.0,0.9941014905498642,0.0058670872188383,3.142223129756419E-5
17688.0,0.9195697158559718,0.007132744272982494,0.07329753987104587
17419.0,0.014427800668398334,0.034388256322523125,0.9511839430090785
18655.0,0.191942256574993,0.47232207513609076,0.33573566828891616
18584.0,0.7100567171929066,0.1553238871914403,0.13461939561565303
17759.0,3.79273083075498E-4,0.9991515225909728,4.6920432595175834E-4
17484.0,0.9940436515172649,0.005951314081408604,5.034401326426403E-6
18026.0,0.014529904678823183,0.9104597805789569,0.07501031474221984
18297.0,0.9984168768639271,1.9513045845697143E-4,0.0013879926776158708
17205.0,0.9977012244417268,0.002291620230633847,7.155327639259756E-6
18517.0,4.615369466596146E-4,0.9995384041246927,5.8928647716948494E-8
17537.0,0.9289590703701164,0.04676240478074331,0.024278524849140382
17810.0,0.9351276489157565,0.058386787354348775,0.006485563729894737
18356.0,0.0469183657109555,0.9530698750836382,1.175920540640339E-5
18087.0,0.057888145707415725,0.9420600958387384,5.175845384591544E-5
17400.0,0.9988948151521564,4.42203182409441E-4,6.629816654341323E-4
17131.0,0.6422110365339105,0.2863516187828869,0.0714373446832026
18690.0,0.2653072394119566,0.7342182366310627,4.745239569806668E-4
18449.0,2.381375638653418E-6,0.9769369212717111,0.023060697352650258
18147.0,0.005658926985632859,0.7475102623220372,0.24683081069233004
18416.0,0.9936696203313132,0.0063287098920942406,1.6697765925614267E-6
17878.0,0.3221247438466875,0.6756757790782163,0.0021994770750962465
17605.0,0.5494209348974317,0.14755283519596551,0.3030262299066027
17071.0,0.955737069963665,0.005833598007556537,0.038429332028778386
17340.0,0.9775963184311054,0.02220021119600449,2.0347037289005868E-4
18652.0,0.9939129993336354,0.006005609792334806,8.13908740297428E-5
18237.0,9.144097332247918E-5,0.04439247705135401,0.9555160819753235
17966.0,0.9925685354028028,0.006734894444768999,6.965701524281507E-4
17416.0,0.9650329876316437,0.026313025964364658,0.00865398640399174
17691.0,7.229763366386583E-4,1.1227963793765892E-5,0.9992657956995676
17265.0,0.9939912069858939,0.005839911401114585,1.6888161299150202E-4
16994.0,0.10827535322127814,0.40687498073528033,0.4848496660434415
18585.0,0.9941873384127429,0.0057997892084877935,1.2872378769417113E-5
17204.0,0.9349913243278377,0.04378152465318116,0.021227151018981143
17758.0,0.196010227129141,0.8038519484484165,1.378244224425806E-4
17485.0,0.861599579575367,0.1373759168646509,0.0010245035599820418
18027.0,0.4326215437554675,0.4144152343577267,0.15296322188680564
18296.0,0.9954140360035564,0.004560569890793572,2.539410565009494E-5
18516.0,0.526856195486659,0.1948133262632531,0.27833047825008794
17401.0,0.46049499051470066,0.5370581451732294,0.0024468643120700764
17130.0,0.06576832738825597,0.9313158947946218,0.0029157778171221374
17536.0,0.9960451359619527,1.6475155528167617E-4,0.0037901124827656816
17811.0,7.836963387837978E-7,2.715485876786808E-8,0.9999991891488025
18357.0,0.9869876635539856,0.01141823805271965,0.0015940983932947392
18086.0,1.744053125835499E-4,0.028103277704411865,0.9717223169830045
18691.0,0.0031568159868871244,0.006217159188720075,0.9906260248243928
18448.0,0.1055070243833736,0.6340878913403144,0.260405084276312
17070.0,0.003629184927221142,0.9422326172188241,0.05413819785395464
17341.0,0.9808405144710595,0.017648198771477133,0.0015112867574634064
18146.0,1.4786644609855515E-9,0.9999934774854132,6.521035922327843E-6
18417.0,0.19495165973881276,0.8012747126278491,0.003773627633338197
17879.0,2.188406333886887E-4,2.0328548828888933E-7,0.999780956081123
17604.0,0.9991217329981269,8.752185297296146E-4,3.048472143510148E-6
18653.0,0.9962610623904473,0.003408905095057777,3.300325144949499E-4
17264.0,0.8886305045362509,0.08197528205014135,0.029394213413607803
16995.0,3.526291183140062E-8,0.9999999647239135,1.3174749170279066E-11
18236.0,2.8530749363670816E-6,0.999997146906852,1.821148602601665E-11
17967.0,0.0013241650762867176,0.002489040017555066,0.9961867949061582
17417.0,8.47906351086312E-6,1.6056099328499625E-5,0.9999754648371606
17690.0,0.9925235356348464,8.392498132300649E-4,0.006637214551923591
17004.0,0.9570259402668931,0.02710905362607724,0.01586500610702957
17279.0,0.07121844393013468,0.9287544368070523,2.7119262813081813E-5
17685.0,0.016515448282728076,7.529514424668014E-6,0.9834770222028473
17414.0,0.722748470210343,0.009758488069630119,0.26749304172002686
17952.0,0.02891342585480415,9.716389403711072E-4,0.9701149352048248
18227.0,0.2733795361861578,0.05061797681831856,0.6760024869955237
18642.0,0.001270229661604518,0.973171027925483,0.02555874241291257
17330.0,2.964044482590834E-4,0.9997035955166502,3.5090595098543855E-11
17057.0,0.9821671863603797,0.01777844475277607,5.4368886844172065E-5
17611.0,0.24255422922228648,0.08282015272268368,0.6746256180550299
17880.0,0.10008390392834882,0.026067639483894126,0.873848456587757
18430.0,0.9467149844808318,0.052538876307747326,7.461392114208557E-4
18157.0,0.9992975527988953,6.876423735394417E-4,1.480482756526452E-5
18463.0,0.9986189748264478,0.0012673700148839349,1.1365515866819223E-4
18700.0,0.114738530742521,0.043478827158859396,0.8417826420986195
17125.0,0.5548704051859722,0.22677668530560188,0.21835290950842595
17398.0,0.9162702108663844,0.08343714273001868,2.9264640359702475E-4
18089.0,0.04564020604459439,0.05410601106015468,0.9002537828952509
18362.0,0.8997061506518909,0.09443414086583604,0.005859708482273049
17820.0,2.9431531761565217E-4,0.9997055903435019,9.433888244958899E-8
17551.0,0.8315081006644561,0.004969116844729813,0.16352278249081398
18523.0,0.6809384869994022,8.052746733079838E-4,0.31825623832728994
17211.0,2.8580097126805083E-11,6.086276273049038E-12,0.9999999999653336
18295.0,0.9242743061838428,0.07565126875934751,7.442505680968144E-5
18020.0,0.8375096811551834,1.5796667866401063E-6,0.16248873917802995
17474.0,0.3827333824684228,0.596765300709202,0.020501316822375236
17745.0,0.990502047260131,0.008683056305511758,8.148964343573043E-4
18582.0,2.1224204714266016E-4,0.0038342429891227874,0.9959535149637346
17684.0,0.073539546486543,0.01018089100485841,0.9162795625085985
17415.0,2.9044279992520997E-4,0.9997089125873354,6.44612739406937E-7
17953.0,0.0025704161926575165,0.39125655394267284,0.6061730298646696
18226.0,5.758886309636449E-6,1.248449533634407E-7,0.999994116268737
17005.0,0.9767418175000173,0.02320534466354178,5.283783644092936E-5
17278.0,0.039649886163363394,1.5990675503060535E-7,0.9603499539298817
18643.0,0.9441823585357361,0.05578321380178136,3.442766248242622E-5
17610.0,0.9580327704844861,0.02843069971017565,0.013536529805338334
17881.0,0.9888738373123808,0.0111235957556619,2.5669319572353084E-6
18431.0,2.8020510065423083E-4,0.9996986297737399,2.1165125605706423E-5
18156.0,4.7576349708013595E-12,5.187160425721981E-10,0.9999999994765263
17331.0,0.974262597586794,0.024806380894170574,9.310215190355262E-4
17056.0,0.9525203789220961,3.9644954457371545E-5,0.04743997612344652
18462.0,0.07500444052596515,0.019412417875633185,0.9055831415984017
18701.0,1.2383640089228323E-9,0.9999999987616304,5.697941821020831E-15
18088.0,4.5412918568106397E-10,0.9999999995455227,3.4825194899162853E-13
18363.0,0.028079268169768426,0.971194380694791,7.263511354405348E-4
17821.0,0.02148408374806311,0.33007258846897486,0.6484433277829621
17550.0,0.9967813307720786,0.0030339274702143723,1.847417577068986E-4
17124.0,8.900682307344553E-8,0.11229653243639767,0.8877033785567793
17399.0,0.38495536603616654,0.6149866569111399,5.79770526937295E-5
18522.0,2.416753193691355E-6,2.1087774435869462E-7,0.9999973723690619
18294.0,0.1185544742185309,0.8813998196593088,4.5706122160341575E-5
18021.0,0.07510356869173418,0.9193892047489202,0.005507226559345608
17475.0,0.5774232626647873,0.42257514864382995,1.5886913828613252E-6
17744.0,0.0017202742517423602,0.9719969363922878,0.026282789355969848
17210.0,1.3352697756317426E-11,0.999999999986644,3.2413101219529658E-15
18583.0,1.781183084582579E-4,0.002803497161475163,0.9970183845300666
18640.0,0.9994107166588693,2.4128400575522356E-4,3.479993353754627E-4
17277.0,0.9877665516764822,0.01205042054408605,1.83027779431683E-4
17006.0,0.9984245401409519,0.0015748020513552897,6.578076926784789E-7
17412.0,1.9611305274713093E-5,1.2124613583368841E-6,0.9999791762333671
17687.0,0.7975423211804045,0.19533855265335726,0.007119126166238179
18225.0,0.9998594698520606,9.261616159496391E-5,4.791398634439996E-5
17954.0,0.002857356513636661,0.9965627077036262,5.799357827371568E-4
18702.0,0.9615492129831362,0.037890979123006,5.598078938577753E-4
18461.0,0.13630593213273223,0.8616314158402333,0.0020626520270343104
17059.0,0.1578167672180526,0.82967796659719,0.012505266184757502
17328.0,1.6452092675280297E-4,0.9978894179821466,0.0019460610911007606
17882.0,0.003064884980930518,0.012515140029457607,0.9844199749896119
17609.0,0.9862691859725227,0.013708626045791497,2.2187981685861066E-5
18159.0,6.782333848478781E-12,1.959586997860954E-11,0.9999999999736218
18428.0,5.349744404948057E-4,8.146566403460403E-4,0.9986503689191591
18521.0,0.9844590814156366,0.01546384568160717,7.707290275624996E-5
17396.0,0.9057171863783436,0.09397018875730437,3.126248643519538E-4
17127.0,0.997719962513608,0.002274144729577298,5.892756814661027E-6
18360.0,0.8993080144860287,0.098058418834316,0.002633566679655199
18091.0,0.4409892766238182,0.051474172813155854,0.5075365505630258
17549.0,0.9849402238520101,0.015023017568838127,3.675857915178419E-5
17822.0,0.961805388227616,1.7239753586827694E-5,0.03817737201879733
18580.0,0.9994501857137383,5.495281019197384E-4,2.8618434186037304E-7
17209.0,0.018273215274886588,0.892653797217478,0.08907298750763536
18022.0,0.4289477319174532,0.2999154528189488,0.271136815263598
18293.0,0.2215649747720058,0.7390614451867303,0.03937358004126389
17747.0,0.12246808704735451,0.1679813751103932,0.7095505378422523
17472.0,0.6792864437649319,0.3195373450694329,0.0011762111656352283
18641.0,0.11833942656087056,0.7151339694610437,0.1665266039780857
17413.0,0.027035631426433206,0.7859166476333467,0.18704772094022015
17686.0,0.13105019451480376,0.0027687426857317234,0.8661810627994645
18224.0,0.03221642510318447,0.8665411951076681,0.10124237978914738
17955.0,0.009891727419123817,0.977676354047274,0.012431918533602135
17276.0,0.18088901198064736,0.03157887327542886,0.7875321147439237
17007.0,0.998892396188352,7.599458928255272E-4,3.4765791882236213E-4
18703.0,0.4416956482269227,0.41183883314923975,0.1464655186238376
18460.0,0.04375936738193773,0.0058563286747580195,0.9503843039433043
17883.0,0.9560693328187904,0.04028269832257633,0.0036479688586331886
17608.0,0.9599506227084503,0.038060668136088674,0.0019887091554610793
18158.0,1.3194326745894394E-5,0.9999868048632629,8.099912120192978E-10
18429.0,0.04155040800754186,0.3927375027617799,0.5657120892306782
17058.0,0.8546280808905737,3.611406597449521E-4,0.14501077844968124
17329.0,2.89339484009873E-8,0.9999999709818218,8.422981729479765E-11
18520.0,6.221454157497867E-11,2.0192968229773404E-9,0.9999999979184886
18361.0,0.006878046912662171,0.0184522223074344,0.9746697307799035
18090.0,0.9793083483773105,0.006980359470388153,0.013711292152301331
17548.0,0.49435714077417553,0.0037132805778725044,0.5019295786479521
17823.0,7.520920890818348E-6,0.9999894659818243,3.0130972849923896E-6
17397.0,0.23274546797490256,9.147991579923178E-4,0.7663397328671051
17126.0,3.605777602320015E-6,0.1113981166705074,0.8885982775518902
18581.0,3.453425838290157E-8,0.024301397067723548,0.975698568398018
18023.0,0.7053630995948575,0.25951204455145543,0.035124855853686944
18292.0,0.006612329066167976,0.9931838468339073,2.0382409992476057E-4
17746.0,1.9122507729686723E-4,9.857392978719682E-6,0.9997989175297244
17473.0,0.9599926593074123,1.867003434492558E-4,0.039820640349138334
17208.0,0.9621966821714429,0.03760421606355071,1.991017650062034E-4
17334.0,0.9108801458425213,0.0045075340324874195,0.08461232012499131
17061.0,0.9462534230613715,0.03470089813011929,0.0190456788085092
18426.0,0.09847043660434097,0.2723024308310917,0.6292271325645673
18153.0,0.7765380453853601,0.21150941174541174,0.011952542869228184
17615.0,0.35436243004074924,0.6327771531402302,0.012860416819020537
17884.0,0.057107844862805526,0.32982131077257265,0.6130708443646218
18459.0,0.01469567780128406,0.98261128331383,0.002693038884885915
18696.0,1.166045353796399E-4,0.9998833945072716,9.573487635193345E-10
17000.0,0.9789316833136502,2.1340461349769486E-4,0.020854912072852134
17275.0,0.06997628409272179,0.03935275546731854,0.8906709604399596
17956.0,6.794646890288639E-8,0.999999932049675,3.855951885644796E-12
18231.0,0.9683751820412531,0.03071013780572911,9.14680153017815E-4
17681.0,0.9876688668968266,0.01223236881312516,9.876429004813313E-5
17410.0,0.027118160050427713,0.3112406768113873,0.661641163138185
18646.0,0.7023208082339847,0.2925389523670144,0.005140239399000857
17215.0,0.9793346350485953,0.01614575280891034,0.004519612142494335
17478.0,0.9980669946158891,0.0019004819455948562,3.2523438515996884E-5
17749.0,0.9541123401885101,0.045728392433499354,1.5926737799040817E-4
18291.0,0.9976066261821762,0.002387081946230807,6.291871593054858E-6
18016.0,7.880085768299665E-5,0.0049629747540812525,0.9949582243882357
18578.0,6.538748482163681E-4,1.9195978041779625E-7,0.9993459331920033
17121.0,0.5495327183985462,0.4379396851370029,0.012527596464450924
17394.0,0.0024388466281629784,0.9728884914803705,0.024672661891466663
17816.0,0.19381821583907297,0.013273449271971981,0.7929083348889551
17547.0,0.9861609843516412,0.012459779607547638,0.001379236040811103
18093.0,0.04459246277111467,0.028056098016913698,0.9273514392119716
18366.0,0.966313746960628,0.033399161059820534,2.8709197955150513E-4
18527.0,0.9523104323813372,0.04768883611399271,7.315046701003143E-7
18427.0,0.9856409148357383,0.008177138206058582,0.006181946958203044
18152.0,1.9180959983010953E-8,1.0345204628146773E-8,0.9999999704738353
17614.0,8.688944373129655E-7,2.7159779209523632E-12,0.9999991311028467
17885.0,0.8664327555080394,0.13352783882546534,3.940566649532805E-5
17335.0,0.011985598772438084,0.0017588547888336464,0.9862555464387284
17060.0,0.6992475516165275,0.30001576131947044,7.366870640021413E-4
18458.0,0.18931944232156797,0.29920341961432106,0.5114771380641109
18697.0,0.011373169334665553,0.949984889992978,0.038641940672356434
17957.0,0.5791586308757449,0.2854385331343149,0.13540283598994016
18230.0,0.09431919632382703,8.505960408095652E-5,0.905595744072092
17680.0,0.988551277000374,0.011294058158686702,1.5466484093920328E-4
17411.0,0.9886557066786804,0.011318849853658858,2.544346766068077E-5
17001.0,0.9992308128813534,7.670332599725425E-4,2.1538586740924884E-6
17274.0,1.662439842239031E-8,5.964707695429118E-5,0.9999403362986472
18647.0,0.6209670197560906,0.3634456366371856,0.015587343606724004
17479.0,4.910739979604025E-4,0.923078141030238,0.07643078497180163
17748.0,9.296292469282872E-4,0.006194532066433175,0.9928758386866385
18290.0,0.9941337043284345,0.0058606840448293595,5.6116267361943316E-6
18017.0,0.5462317572234971,0.4537296862307468,3.855654575619742E-5
17214.0,4.977577788045835E-5,1.3999935588135615E-4,0.9998102248662382
18579.0,0.993333078211799,0.0066493076371874375,1.7614151013628832E-5
17817.0,6.972129866589167E-6,0.9999930238478639,4.022269574737795E-9
17546.0,0.9989426132975529,5.285715005230052E-4,5.288152019241525E-4
18092.0,0.9988078828106944,9.959362193889094E-4,1.9618096991677416E-4
18367.0,6.381610114700205E-14,2.796696030504426E-10,0.9999999997202665
17120.0,0.0022272123989731047,8.549976615074793E-7,0.9977719326033655
17395.0,3.5586918441226316E-4,3.271707030406083E-4,0.9993169601125471
18526.0,0.25899740917853514,0.0029652425710189707,0.7380373482504459
18698.0,0.9751782643737281,0.02473547533547641,8.626029079557582E-5
18457.0,0.9932205957818437,0.006743648820358146,3.5755397798067055E-5
17063.0,0.9989909355799494,3.852811969787489E-4,6.237832230717837E-4
17332.0,0.6487892072424273,0.15008539580064378,0.20112539695692888
18155.0,0.5721963563551493,0.4277352425856702,6.840105918048271E-5
18424.0,5.3972643786905895E-8,1.0409334837240042E-5,0.999989536692519
17886.0,0.9886557066786804,0.011318849853658858,2.544346766068077E-5
17613.0,0.8558588981007176,0.14305238747470647,0.0010887144245759614
18644.0,0.013114283839192884,4.4932342263108135E-6,0.9868812229265809
17273.0,0.9996681618954157,3.2166132351982605E-4,1.0176781064468662E-5
17002.0,1.9241920209060376E-4,0.3877713984668721,0.6120361823310373
18229.0,0.9879713989594066,0.010399240750963712,0.001629360289629637
17958.0,0.0191843938707533,1.5326431374528226E-5,0.9808002796978723
17408.0,0.8262968449446595,0.17048575343314237,0.0032174016221980357
17683.0,0.9744497274012486,0.024952798362499168,5.974742362520955E-4
18576.0,0.9944938728733812,0.005484291026053833,2.183610056500397E-5
17213.0,0.8766915734970668,0.12329767875244087,1.0747750492221626E-5
17751.0,0.9949075203973576,0.004870088060932795,2.2239154170952073E-4
17476.0,0.24797490815466028,0.7510678037039858,9.572881413537706E-4
18018.0,0.3370742233286517,0.6628416106581574,8.416601319081082E-5
18289.0,0.6383220450667877,0.3616745132384666,3.441694745651429E-6
18525.0,0.9384997126510926,0.06139012502213681,1.1016232677062067E-4
17392.0,0.9756187237629237,0.02436358096419445,1.7695272881860065E-5
17123.0,7.052833808248237E-4,0.7021609829078986,0.29713373371127655
17545.0,0.005995911187654584,0.014581296433593145,0.9794227923787522
17818.0,0.9867129278432818,0.013283533031757146,3.5391249610321885E-6
18364.0,2.6360848534722933E-5,0.9999736390990115,5.245364568399028E-11
18095.0,0.014456738863698916,0.002237253515492265,0.9833060076208088
18699.0,0.5359865671948656,0.46397439979410937,3.903301102509756E-5
18456.0,0.0028689818791665543,0.9853142260849815,0.011816792035851807
18154.0,5.611180725387728E-6,0.9999934539511618,9.348681127943291E-7
18425.0,0.9998931592383655,6.672275456633471E-5,4.011800706812479E-5
17887.0,0.002467223461114326,0.004329868876983576,0.9932029076619021
17612.0,0.9750050435220915,0.020902352560243472,0.004092603917664958
17062.0,8.714794985853903E-5,0.9997646418568892,1.4821019325239574E-4
17333.0,0.9895531814223476,3.820247834214609E-5,0.010408616099310106
18645.0,2.785014875715581E-6,5.080436906316983E-4,0.9994891712944926
18228.0,0.10130145066686487,3.4294297341933347E-4,0.8983556063597158
17959.0,0.2821698618864366,0.6323627848427423,0.08546735327082103
17409.0,0.9481397669841558,0.05019430423702775,0.0016659287788164422
17682.0,0.1038981799693604,0.03546218266304863,0.8606396373675909
17272.0,0.17304633281904472,0.7933318212617164,0.03362184591923878
17003.0,9.054030281973686E-10,0.999999992022823,7.071773945024852E-9
18577.0,0.1365762314334443,0.8446985312342019,0.018725237332353796
17750.0,4.485499803453814E-5,0.9999031255783999,5.201942356564428E-5
17477.0,0.9511810514093689,0.04879015395861374,2.879463201732892E-5
18019.0,0.3451820106280136,0.5502328463440586,0.1045851430279278
18288.0,0.623361687772173,0.37569631128716324,9.420009406636492E-4
17212.0,0.9770231041886849,0.022788871477147504,1.8802433416766447E-4
18524.0,0.9677196990184327,0.011908999135387115,0.020371301846180117
17544.0,0.008376514998922896,2.3800904928603777E-5,0.9915996840961485
17819.0,0.9601979556568517,0.03909901061010511,7.030337330432258E-4
18365.0,0.2674056398127999,0.3721120669634349,0.36048229322376524
18094.0,0.006508502640756823,0.008894220938388289,0.9845972764208548
17393.0,0.005029168799970589,0.9797404927998954,0.015230338400133922
17122.0,1.0663745483293374E-4,0.3263492584831896,0.6735441040619775
18498.0,1.6576593929202277E-6,2.1303340913850493E-4,0.9997853089314686
17148.0,4.2572742369699546E-5,2.113182439354998E-8,0.9999574061258059
17391.0,1.1963633595613473E-7,0.9999998701377163,1.0225947742689895E-8
18096.0,0.8179745296078011,0.18186608857680736,1.5938181539163257E-4
18339.0,1.0522094187855772E-5,9.629006869585633E-4,0.9990265772188536
17797.0,0.7332458008284183,0.26478501703604557,0.001969182135536101
17558.0,0.9880384420937568,0.0042361416708091935,0.007725416235434093
18575.0,0.9779704771566013,0.0219596803861569,6.984245724173372E-5
17186.0,0.9984069920417935,0.0011399165630775847,4.5309139512892733E-4
18286.0,0.6556122620805586,0.3414185023749703,0.002969235544471317
18045.0,0.9766248266128151,0.01982736695417855,0.0035478064330063336
17499.0,0.22456235606621613,0.006828328268421985,0.7686093156653618
17736.0,7.174131328754931E-10,3.580762408909156E-10,0.9999999989245106
18635.0,1.1597375459781696E-6,2.234241630164525E-4,0.9997754160994375
17013.0,0.9945357689811426,0.004972601701960447,4.916293168969051E-4
17254.0,3.235113100265602E-5,6.737668066357599E-4,0.9992938820623615
17676.0,4.4343145482812055E-11,7.63287786685913E-4,0.999236712168971
17439.0,0.5678191175872997,0.4315429376946105,6.379447180897011E-4
17977.0,0.9983717125316854,0.0016225777231199336,5.709745194635051E-6
18218.0,0.0016010803182652104,0.9983984895250916,4.301566431725633E-7
18438.0,0.44219340747006725,0.5165033905132791,0.041303202016653606
18709.0,0.003301414857057774,0.9966942629125884,4.322230353720958E-6
17323.0,0.006789927481975352,0.9930642350852112,1.4583743281341462E-4
17080.0,1.6149659035880726E-6,0.9999983837180014,1.3160949698799525E-9
17618.0,0.011123186225995993,1.060024472949315E-6,0.988875753749531
17857.0,0.9780316438869839,0.0035972867853205645,0.018371069327695506
18407.0,0.540921616662737,0.4349183600345112,0.024160023302751812
18164.0,0.8767014762271619,0.12232410853232878,9.744152405093314E-4
18499.0,0.0037850420505385653,0.9765392018142189,0.019675756135242473
18097.0,0.014194389789114924,0.9858004731901284,5.137020756775849E-6
18338.0,6.125494808714209E-4,5.3940910748021326E-5,0.9993335096083805
17796.0,1.126301294564474E-8,0.9999999887362161,7.709328824031321E-13
17559.0,0.9988424171640085,7.383936729194897E-4,4.1918916307202066E-4
17149.0,0.00200409709672106,4.940156246564998E-4,0.9975018872786224
17390.0,0.004766322934031679,0.9905358249672946,0.004697852098673734
18574.0,0.004737852149692289,1.4432136424262852E-9,0.9952621464070941
18287.0,0.9859479256648234,0.013921632989405104,1.304413457715422E-4
18044.0,0.7032620812290277,0.05593282929164817,0.24080508947932436
17498.0,0.9760279246920275,0.023294207805370715,6.778675026018226E-4
17737.0,0.07110302656461023,0.848652332168961,0.08024464126642888
17187.0,0.06306591282679451,0.008360841147266259,0.9285732460259393
18634.0,0.9886948811240998,0.01127532462451823,2.9794251381977974E-5
17677.0,0.37932519397018133,9.68296186716416E-6,0.6206651230679514
17438.0,1.1767834322360134E-5,1.853288304723607E-4,0.9998029033352053
17976.0,0.9794057105757146,0.008040512542150746,0.012553776882134608
18219.0,0.9947209774443415,0.00348460634401562,0.0017944162116427602
17012.0,0.9291100516813489,0.06733831244906942,0.0035516358695815917
17255.0,7.42796561474513E-14,4.292061196047221E-6,0.9999957079387297
18439.0,0.01375852004572441,3.073661938478005E-7,0.9862411725880817
18708.0,0.0019459511687129945,0.9854495339087068,0.012604514922580207
17619.0,3.6418044395948117E-6,0.9876117868091064,0.012384571386453928
17856.0,0.0097098257093534,0.7095215578951393,0.2807686163955073
18406.0,0.9833229761567606,0.016555222127457008,1.2180171578249578E-4
18165.0,7.521127496826299E-6,0.0062166030143545065,0.9937758758581486
17322.0,2.0798828791757814E-4,0.9997706022149814,2.1409497100989235E-5
17081.0,0.9934081221235074,0.006538006280392139,5.3871596100427225E-5
17389.0,0.30219879562949403,0.6678806512050401,0.0299205531654659
17150.0,0.9952836511142359,0.004705513742339046,1.0835143424889316E-5
18337.0,0.013350575065579039,0.9718047824615241,0.014844642472896888
18098.0,0.9902753354764094,0.00967814003107023,4.6524492520254185E-5
17556.0,0.9298767670784698,0.006289801793220902,0.06383343112830939
17799.0,0.10761473281042716,0.740841259706685,0.15154400748288785
18496.0,1.009412945984483E-6,2.220550641668496E-4,0.9997769355228872
17184.0,7.867515042706402E-5,2.37709120441441E-4,0.9996836157291316
18047.0,0.9904373195506398,0.008935569567638751,6.271108817214336E-4
18284.0,0.9663459857122919,0.03364638301355236,7.631274155837762E-6
17738.0,0.9916300731571521,0.008350020693074304,1.9906149773506686E-5
17497.0,0.9726171844936421,0.02726924673324373,1.1356877311407338E-4
18573.0,0.9893551875349564,0.010143771141612226,5.010413234315166E-4
17252.0,0.006296124808100674,0.037455338294902794,0.9562485368969966
17015.0,0.05283304374484587,0.727545948240118,0.21962100801503617
17437.0,0.9889624721725063,0.010091124905140312,9.464029223534603E-4
17678.0,1.0938537725055195E-4,0.7541107481061607,0.2457798665165888
18216.0,0.9979254984055731,0.00205217186172439,2.2329732702444252E-5
17979.0,1.1034959465094074E-4,1.2803394889849112E-6,0.9998883700658601
18633.0,0.257419300193569,0.7418609207243151,7.197790821160205E-4
17082.0,0.23334958569483547,0.7400033269658636,0.02664708733930094
17321.0,0.005767762528570334,0.994220399623483,1.1837847946736817E-5
17859.0,7.336916257610493E-5,0.9990697604487669,8.568703886570738E-4
17616.0,0.8616507705842346,0.13803828849405944,3.109409217059266E-4
18166.0,0.5610382398118087,2.3428676935713423E-5,0.43893833151125555
18405.0,0.939683999220688,0.029061701784624836,0.03125429899468713
18711.0,0.9974854875388187,5.916544383086992E-4,0.0019228580228726477
18436.0,0.001816184282849225,0.06172277804815088,0.9364610376689998
18336.0,0.009917486707570106,6.847317745148593E-4,0.9893977815179151
18099.0,0.0643179235971715,0.9347751169461977,9.069594566307587E-4
17557.0,0.6936105726806409,0.30435729718673105,0.0020321301326281026
17798.0,0.003356661785742677,0.6673858437836353,0.32925749443062197
17388.0,0.830916880675389,0.1683576301402209,7.254891843901037E-4
17151.0,0.7748837021847869,0.028835581303131616,0.19628071651208143
18497.0,0.756191676827974,0.19557989538451745,0.04822842778750869
18046.0,1.969788638510524E-4,0.9998021752135533,8.459225956934952E-7
18285.0,0.997636097373538,0.0021302273432117556,2.336752832501398E-4
17739.0,0.6423595987773328,9.746724624863261E-4,0.35666572876018077
17496.0,0.0021606641100197347,0.9977588152197002,8.052067027999311E-5
17185.0,0.956377423505224,0.04349860362073565,1.2397287404035794E-4
18572.0,0.007385751792657649,0.009120584152286764,0.9834936640550556
17436.0,0.9897818121735338,0.009369607502056761,8.485803244093933E-4
17679.0,0.03394339469813482,0.036479555356372706,0.9295770499454925
18217.0,0.9348574067852916,0.013076167798278549,0.05206642541642994
17978.0,0.12716085127034155,0.02600012776867214,0.8468390209609863
17253.0,0.0011231601085880166,0.17738866256263414,0.8214881773287779
17014.0,0.6903408751935052,0.28373721524692574,0.02592190955956902
18632.0,0.9916895518148467,0.008288574492228324,2.187369292484343E-5
17858.0,0.8529428355315922,0.018222135623487623,0.12883502884492018
17617.0,0.00376922830448819,0.873318400654393,0.12291237104111881
18167.0,7.914777063026222E-18,1.0,6.571224365991288E-19
18404.0,0.014783440626073868,0.005071897813005849,0.9801446615609203
17083.0,0.2419688791788869,0.7578020314004396,2.290894206735984E-4
17320.0,0.28572245749103653,0.7114668157907699,0.0028107267181936165
18710.0,6.10950449751992E-4,0.001104998591709241,0.9982840509585388
18437.0,0.0029356815457726193,6.11445613383884E-9,0.9970643123397712
18571.0,8.875620452191112E-9,0.999999991076372,4.80075275885119E-11
17190.0,5.5261546652860355E-8,7.22284878325782E-4,0.9992776598601275
17503.0,0.9229586619256466,0.07682490632531418,2.1643174903934802E-4
17740.0,5.583366825156758E-8,5.131341134611924E-7,0.9999994310322183
18282.0,0.9566346923581819,0.04336185568477302,3.4519570450697283E-6
18041.0,0.7690768702780081,0.2308951879420302,2.794177996179905E-5
18502.0,0.8666484780338211,0.1311394825910089,0.0022120393751700915
17144.0,4.4165271634846E-4,2.716378313335771E-7,0.9995580756458202
17387.0,0.9908163520448894,0.008977208425100452,2.0643953001004214E-4
17793.0,0.44333005955965615,0.08454504627025888,0.472124894170085
17554.0,0.9849904824876653,8.549997535960327E-4,0.014154517758738584
18100.0,0.8654275424868638,0.12578476550669007,0.008787692006446026
18343.0,0.5925799031440773,0.3921352548628682,0.015284841993054575
18434.0,0.9729937742790272,0.01830893957149919,0.008697286149473534
