18081.0,0.9189037199911836,0.061521292919710854,0.019574987089105714
18354.0,0.031296680275583834,0.9191959499560441,0.04950736976837191
17812.0,0.016722823659346166,0.023842317888199214,0.9594348584524546
17543.0,0.023604609402596843,0.904588653245775,0.07180673735162815
17133.0,0.8670005934001304,0.06638669141054981,0.06661271518931985
17406.0,0.031296680275583834,0.9191959499560441,0.04950736976837191
18752.0,0.01808619625320901,0.9648585757340427,0.017055228012748357
18515.0,0.909005696397581,0.06717618483364708,0.02381811876877199
18303.0,0.021227306473074418,0.0336672502526163,0.9451054432743092
18028.0,0.003830846072684633,0.03200202064809404,0.9641671332792213
17482.0,0.021587211209326995,0.03231484325692344,0.9460979455337497
17753.0,0.9148525769433737,0.06128922802947918,0.023858195027147
17203.0,0.9197877390442982,0.056390790116186154,0.023821470839515694
18590.0,0.9125536517511216,0.0674490371200015,0.01999731112887699
17693.0,0.9077414503473765,0.07810266852455935,0.014155881128064199
17422.0,0.016722823659346166,0.023842317888199214,0.9594348584524546
17960.0,0.9178876572298627,0.06164864593567535,0.020463696834461982
18235.0,0.9006565170074565,0.04402570236116516,0.0553177806313784
16996.0,0.9189037199911836,0.061521292919710854,0.019574987089105714
17271.0,0.9178876572298627,0.06164864593567535,0.020463696834461982
18650.0,0.9171289411522215,0.06077545386031896,0.022095604987459452
17603.0,0.9062721960000106,0.0711939791489401,0.022533824851049402
17872.0,0.9189037199911836,0.061521292919710854,0.019574987089105714
18422.0,0.9178876572298627,0.06164864593567535,0.020463696834461982
18149.0,0.9148525769433737,0.06128922802947918,0.023858195027147
17338.0,0.9197877390442982,0.056390790116186154,0.023821470839515694
17065.0,0.9090056890321351,0.06717619074300331,0.023818120224861603
18455.0,0.9171289411522215,0.06077545386031896,0.022095604987459452
18692.0,0.028480589275419826,0.02142039758999493,0.9500990131345853
17132.0,0.032740300984551184,0.03284577616158461,0.9344139228538642
17407.0,0.02524777934253895,0.04990030331707106,0.9248519173403901
18080.0,0.018086196255470813,0.9648585757287383,0.017055228015790794
18355.0,0.02969691318255882,0.04387102826313299,0.9264320585543081
17813.0,0.9178876572298627,0.06164864593567535,0.020463696834461982
17542.0,0.882582302228145,0.07230266453956133,0.045115033232293544
18514.0,0.03833114226208689,0.9018696928534139,0.05979916488449917
17202.0,0.03851965399950241,0.8763929485459093,0.08508739745458818
18302.0,0.9148525769433737,0.06128922802947918,0.023858195027147
18029.0,0.9197877390442982,0.056390790116186154,0.023821470839515694
17483.0,0.9171289411522215,0.06077545386031896,0.022095604987459452
17752.0,0.022708854310194194,0.046777967144381864,0.9305131785454239
18591.0,0.02524777934253895,0.04990030331707106,0.9248519173403901
16997.0,0.024142325352454065,0.019245147269596762,0.9566125273779491
17270.0,0.03833114226208689,0.9018696928534139,0.05979916488449917
17692.0,0.9008094050400791,0.07678584199108059,0.022404752968840258
17423.0,0.8670005934001304,0.06638669141054981,0.06661271518931985
17961.0,0.022708854310194194,0.046777967144381864,0.9305131785454239
18234.0,0.9189037199911836,0.061521292919710854,0.019574987089105714
18651.0,0.9008094050400791,0.07678584199108059,0.022404752968840258
17339.0,0.9125536517511216,0.0674490371200015,0.01999731112887699
17064.0,0.909005696397581,0.06717618483364708,0.02381811876877199
17602.0,0.03851965399950241,0.8763929485459093,0.08508739745458818
17873.0,0.9125536517511216,0.0674490371200015,0.01999731112887699
18423.0,0.015946384002468533,0.036994206931094,0.9470594090664375
18148.0,0.03851965399950241,0.8763929485459093,0.08508739745458818
18454.0,0.015043217803657409,0.9106520691725274,0.07430471302381506
18693.0,0.9189037199911836,0.061521292919710854,0.019574987089105714
18513.0,0.022708854310194194,0.046777967144381864,0.9305131785454239
18352.0,0.9062721960000106,0.0711939791489401,0.022533824851049402
18083.0,1.872908714072626E-93,0.030577696743495718,0.9694223032565042
17541.0,0.9197877390442982,0.056390790116186154,0.023821470839515694
17814.0,0.016722823659346166,0.023842317888199214,0.9594348584524546
17404.0,0.9125536517511216,0.0674490371200015,0.01999731112887699
17135.0,0.9077414493068041,0.07810266765978376,0.014155883033412187
18588.0,0.9008094050400791,0.07678584199108059,0.022404752968840258
18030.0,0.02524777934253895,0.04990030331707106,0.9248519173403901
18301.0,0.010079065192257044,0.9496441589701542,0.04027677583758881
17755.0,0.02345312692246738,0.9139805621249296,0.062566310952603
17480.0,0.021587211209326995,0.03231484325692344,0.9460979455337497
17201.0,0.9125536517511216,0.0674490371200015,0.01999731112887699
18648.0,0.9062721960000106,0.0711939791489401,0.022533824851049402
17420.0,0.9125536517511216,0.0674490371200015,0.01999731112887699
17695.0,0.909005696397581,0.06717618483364708,0.02381811876877199
18233.0,0.02345312692246738,0.9139805621249296,0.062566310952603
17962.0,0.9178876572298627,0.06164864593567535,0.020463696834461982
17269.0,0.8670005934001304,0.06638669141054981,0.06661271518931985
16998.0,0.022708854310194194,0.046777967144381864,0.9305131785454239
18694.0,0.9062721960000106,0.0711939791489401,0.022533824851049402
18453.0,0.013352993978129809,0.9273017116702666,0.0593452943516036
17874.0,0.9189037199911836,0.061521292919710854,0.019574987089105714
17601.0,0.013352993978129809,0.9273017116702666,0.0593452943516036
18151.0,0.9148525769433737,0.06128922802947918,0.023858195027147
18420.0,0.015946384002468533,0.036994206931094,0.9470594090664375
17067.0,0.021231094265770755,0.0422826620271786,0.9364862437070507
17336.0,0.03173872129715352,0.03287476015176333,0.9353865185510831
18512.0,0.04790691778180395,0.8823476287570677,0.06974545346112837
17405.0,0.02969691318255882,0.04387102826313299,0.9264320585543081
17134.0,0.02969691318255882,0.04387102826313299,0.9264320585543081
18353.0,0.003830846072684633,0.03200202064809404,0.9641671332792213
18082.0,0.03833114226208689,0.9018696928534139,0.05979916488449917
17540.0,0.016722823659346166,0.023842317888199214,0.9594348584524546
17815.0,0.9197877390442982,0.056390790116186154,0.023821470839515694
18589.0,0.9178876572298627,0.06164864593567535,0.020463696834461982
17200.0,0.015946384002468533,0.036994206931094,0.9470594090664375
18031.0,0.9178876572298627,0.06164864593567535,0.020463696834461982
18300.0,0.03895497811917023,0.8970706032650123,0.06397441861581739
17754.0,0.013352993978129809,0.9273017116702666,0.0593452943516036
17481.0,0.05024713196057369,0.044319932481989927,0.9054329355574364
18649.0,0.909005696397581,0.06717618483364708,0.02381811876877199
17268.0,0.9197877390442982,0.056390790116186154,0.023821470839515694
16999.0,0.9008094050400791,0.07678584199108059,0.022404752968840258
17421.0,0.9197877390442982,0.056390790116186154,0.023821470839515694
17694.0,0.015043217803657409,0.9106520691725274,0.07430471302381506
18232.0,0.013352993978129809,0.9273017116702666,0.0593452943516036
17963.0,0.9077414503473765,0.07810266852455935,0.014155881128064199
18695.0,0.9148525769433737,0.06128922802947918,0.023858195027147
18452.0,0.9197877390442982,0.056390790116186154,0.023821470839515694
17066.0,0.9197877390442982,0.056390790116186154,0.023821470839515694
17337.0,0.9148525769433737,0.06128922802947918,0.023858195027147
17875.0,0.021587211209326995,0.03231484325692344,0.9460979455337497
17600.0,0.9197877390442982,0.056390790116186154,0.023821470839515694
18150.0,0.9171289411522215,0.06077545386031896,0.022095604987459452
18421.0,0.03895497811917023,0.8970706032650123,0.06397441861581739
17486.0,0.9077414503473765,0.07810266852455935,0.014155881128064199
17757.0,0.9197877390442982,0.056390790116186154,0.023821470839515694
18299.0,0.013352993978129809,0.9273017116702666,0.0593452943516036
18024.0,0.9197877390442982,0.056390790116186154,0.023821470839515694
17207.0,0.909005696397581,0.06717618483364708,0.02381811876877199
18586.0,0.9008094050400791,0.07678584199108059,0.022404752968840258
17808.0,0.9148497826866999,0.06128195084147117,0.023868266471828964
17539.0,0.025840469926813207,0.9091160946602141,0.06504343541297257
18085.0,0.9008094050400791,0.07678584199108059,0.022404752968840258
18358.0,0.9125536517511216,0.0674490371200015,0.01999731112887699
17129.0,0.909005696397581,0.06717618483364708,0.02381811876877199
17402.0,0.909005696397581,0.06717618483364708,0.02381811876877199
18519.0,0.035553786595666,0.921744542681397,0.04270167072293685
18418.0,0.9077414503473765,0.07810266852455935,0.014155881128064199
18145.0,0.8670005934001304,0.06638669141054981,0.06661271518931985
17607.0,0.9077414503473765,0.07810266852455935,0.014155881128064199
17876.0,0.015043217803657409,0.9106520691725274,0.07430471302381506
17342.0,0.0,0.026097756068625508,0.9739022439313745
17069.0,0.9077414503473765,0.07810266852455935,0.014155881128064199
18451.0,0.02524777934253895,0.04990030331707106,0.9248519173403901
18688.0,0.031296680275583834,0.9191959499560441,0.04950736976837191
17964.0,1.3158200034712942E-78,0.014550284340236364,0.9854497156597636
18239.0,0.9171289411522215,0.06077545386031896,0.022095604987459452
17689.0,0.9197877390442982,0.056390790116186154,0.023821470839515694
17418.0,0.9178876572298627,0.06164864593567535,0.020463696834461982
16992.0,0.9125536517511216,0.0674490371200015,0.01999731112887699
17267.0,0.03500311271769327,0.9097911881173342,0.05520569916497257
18654.0,0.02524777934253895,0.04990030331707106,0.9248519173403901
17206.0,0.9077414503473765,0.07810266852455935,0.014155881128064199
17487.0,0.9171289411522215,0.06077545386031896,0.022095604987459452
17756.0,0.03268942909212453,0.03284725214206876,0.9344633187658067
18298.0,0.05024713196057429,0.0443199324819898,0.9054329355574359
18025.0,0.9008094050400791,0.07678584199108059,0.022404752968840258
18587.0,0.9178876572298627,0.06164864593567535,0.020463696834461982
17128.0,0.016722823659346166,0.023842317888199214,0.9594348584524546
17403.0,0.016722823659346166,0.023842317888199214,0.9594348584524546
17809.0,0.003830846072684633,0.03200202064809404,0.9641671332792213
17538.0,0.9178876572298627,0.06164864593567535,0.020463696834461982
18084.0,0.9125536517511216,0.0674490371200015,0.01999731112887699
18359.0,0.9148525769433737,0.06128922802947918,0.023858195027147
18518.0,0.882582302228145,0.07230266453956133,0.045115033232293544
17343.0,0.9062721960000106,0.0711939791489401,0.022533824851049402
17068.0,0.9125536517511216,0.0674490371200015,0.01999731112887699
18419.0,0.9178876572298627,0.06164864593567535,0.020463696834461982
18144.0,0.9077414503473765,0.07810266852455935,0.014155881128064199
17606.0,0.01007906519225706,0.9496441589701542,0.0402767758375889
17877.0,0.9148525769433737,0.06128922802947918,0.023858195027147
18450.0,0.02345312692246738,0.9139805621249296,0.062566310952603
18689.0,0.9197877390442982,0.056390790116186154,0.023821470839515694
16993.0,0.02969691318255882,0.04387102826313299,0.9264320585543081
17266.0,0.9148525769433737,0.06128922802947918,0.023858195027147
17965.0,0.909005696397581,0.06717618483364708,0.02381811876877199
18238.0,0.9189037199911836,0.061521292919710854,0.019574987089105714
17688.0,0.021587211209326995,0.03231484325692344,0.9460979455337497
17419.0,0.8670005934001304,0.06638669141054981,0.06661271518931985
18655.0,0.027609683308606348,0.9233831287745218,0.04900718791687166
18584.0,0.9062721960000106,0.0711939791489401,0.022533824851049402
17759.0,0.023604609402596843,0.904588653245775,0.07180673735162815
17484.0,0.9008094050400791,0.07678584199108059,0.022404752968840258
18026.0,0.031296680275583834,0.9191959499560441,0.04950736976837191
18297.0,0.9148525769433737,0.06128922802947918,0.023858195027147
17205.0,0.9189037199911836,0.061521292919710854,0.019574987089105714
18517.0,0.027609683308606348,0.9233831287745218,0.04900718791687166
17537.0,0.021587211209326995,0.03231484325692344,0.9460979455337497
17810.0,0.9189037199911836,0.061521292919710854,0.019574987089105714
18356.0,0.03895497811917023,0.8970706032650123,0.06397441861581739
18087.0,0.04790691778184113,0.8823476287569505,0.06974545346120839
17400.0,0.9189037199911836,0.061521292919710854,0.019574987089105714
17131.0,0.024142325352454065,0.019245147269596762,0.9566125273779491
18690.0,0.9062721960000106,0.0711939791489401,0.022533824851049402
18449.0,0.042683009825935835,0.8827889204975163,0.07452806967654792
18147.0,0.023604609402596843,0.904588653245775,0.07180673735162815
18416.0,0.909005696397581,0.06717618483364708,0.02381811876877199
17878.0,0.03851965399950241,0.8763929485459093,0.08508739745458818
17605.0,0.9189037199911836,0.061521292919710854,0.019574987089105714
17071.0,0.909005696397581,0.06717618483364708,0.02381811876877199
17340.0,0.9062721960000106,0.0711939791489401,0.022533824851049402
18652.0,0.9197877390442982,0.056390790116186154,0.023821470839515694
18237.0,0.042986683370130056,0.8997258117021388,0.057287504927731124
17966.0,0.8670006947883272,0.06638670836581434,0.06661259684585837
17416.0,0.027609683308606348,0.9233831287745218,0.04900718791687166
17691.0,0.05476222061165849,0.036718179121755935,0.9085196002665855
17265.0,0.9062721960000106,0.0711939791489401,0.022533824851049402
16994.0,0.9008094050400791,0.07678584199108059,0.022404752968840258
18585.0,0.9062721960000106,0.0711939791489401,0.022533824851049402
17204.0,0.05796100007188036,0.8494782919240498,0.09256070800406994
17758.0,0.031296680275583834,0.9191959499560441,0.04950736976837191
17485.0,0.9189037199911836,0.061521292919710854,0.019574987089105714
18027.0,1.3158200034712942E-78,0.014550284340236364,0.9854497156597636
18296.0,0.9077414503473765,0.07810266852455935,0.014155881128064199
18516.0,0.016722823659346166,0.023842317888199214,0.9594348584524546
17401.0,0.9008094050400791,0.07678584199108059,0.022404752968840258
17130.0,0.9178876572298627,0.06164864593567535,0.020463696834461982
17536.0,0.909005696397581,0.06717618483364708,0.02381811876877199
17811.0,0.9148097862163824,0.06130809634939635,0.023882117434221233
18357.0,0.9178876572298627,0.06164864593567535,0.020463696834461982
18086.0,0.9197877390442982,0.056390790116186154,0.023821470839515694
18691.0,0.02524777934253895,0.04990030331707106,0.9248519173403901
18448.0,0.03833114226208689,0.9018696928534139,0.05979916488449917
17070.0,0.01808619625320903,0.9648585757340427,0.01705522801274837
17341.0,0.909005696397581,0.06717618483364708,0.02381811876877199
18146.0,0.9197877390442982,0.056390790116186154,0.023821470839515694
18417.0,0.9125536517511216,0.0674490371200015,0.01999731112887699
17879.0,0.02969691318255882,0.04387102826313299,0.9264320585543081
17604.0,0.9008094050400791,0.07678584199108059,0.022404752968840258
18653.0,0.909005696397581,0.06717618483364708,0.02381811876877199
17264.0,0.9178876572298627,0.06164864593567535,0.020463696834461982
16995.0,0.03851965399948613,0.8763929485460993,0.08508739745441458
18236.0,0.03851965399950241,0.8763929485459093,0.08508739745458818
17967.0,0.9171289411522215,0.06077545386031896,0.022095604987459452
17417.0,0.9008094050400791,0.07678584199108059,0.022404752968840258
17690.0,0.9008094050400791,0.07678584199108059,0.022404752968840258
17004.0,0.023604609402596843,0.904588653245775,0.07180673735162815
17279.0,0.9178876572298627,0.06164864593567535,0.020463696834461982
17685.0,0.016722823659346166,0.023842317888199214,0.9594348584524546
17414.0,0.9171289411522215,0.06077545386031896,0.022095604987459452
17952.0,0.003830846072684633,0.03200202064809404,0.9641671332792213
18227.0,0.9197877390442982,0.056390790116186154,0.023821470839515694
18642.0,0.03833114226208689,0.9018696928534139,0.05979916488449917
17330.0,0.8670005934001304,0.06638669141054981,0.06661271518931985
17057.0,0.9178876572298627,0.06164864593567535,0.020463696834461982
17611.0,0.023604609402596843,0.904588653245775,0.07180673735162815
17880.0,0.032740300984551184,0.03284577616158461,0.9344139228538642
18430.0,0.042683009825935835,0.8827889204975163,0.07452806967654792
18157.0,0.909005696397581,0.06717618483364708,0.02381811876877199
18463.0,0.9197877390442982,0.056390790116186154,0.023821470839515694
18700.0,0.9148525758872914,0.061289228848570396,0.023858195264138262
17125.0,0.003830846072684633,0.03200202064809404,0.9641671332792213
17398.0,0.909005696397581,0.06717618483364708,0.02381811876877199
18089.0,0.032740300984551184,0.03284577616158461,0.9344139228538642
18362.0,0.9178876572298627,0.06164864593567535,0.020463696834461982
17820.0,0.03851965399950241,0.8763929485459093,0.08508739745458818
17551.0,0.016722823659346166,0.023842317888199214,0.9594348584524546
18523.0,0.9178876572298627,0.06164864593567535,0.020463696834461982
17211.0,0.02524777934253895,0.04990030331707106,0.9248519173403901
18295.0,0.9148525769433737,0.06128922802947918,0.023858195027147
18020.0,0.9178876572298627,0.06164864593567535,0.020463696834461982
17474.0,0.024142325352454065,0.019245147269596762,0.9566125273779491
17745.0,0.9171289411522215,0.06077545386031896,0.022095604987459452
18582.0,0.021587211209326995,0.03231484325692344,0.9460979455337497
17684.0,0.02345312692246738,0.9139805621249296,0.062566310952603
17415.0,0.04790691777119472,0.8823476287905089,0.06974545343829626
17953.0,0.013352993978129809,0.9273017116702666,0.0593452943516036
18226.0,0.015946384002468533,0.036994206931094,0.9470594090664375
17005.0,0.9008094050400791,0.07678584199108059,0.022404752968840258
17278.0,0.9125536517511216,0.0674490371200015,0.01999731112887699
18643.0,0.9197877390442982,0.056390790116186154,0.023821470839515694
17610.0,0.003830846072684633,0.03200202064809404,0.9641671332792213
17881.0,0.9008094050400791,0.07678584199108059,0.022404752968840258
18431.0,0.03833114226208689,0.9018696928534139,0.05979916488449917
18156.0,0.024142325352454065,0.019245147269596762,0.9566125273779491
17331.0,0.909005696397581,0.06717618483364708,0.02381811876877199
17056.0,0.9197877390442982,0.056390790116186154,0.023821470839515694
18462.0,0.022708854310194194,0.046777967144381864,0.9305131785454239
18701.0,0.03833114226208689,0.9018696928534139,0.05979916488449917
18088.0,0.035553786595666,0.921744542681397,0.04270167072293685
18363.0,0.023615574383356857,0.9454957651669296,0.030888660449713546
17821.0,0.05024713196057429,0.0443199324819898,0.9054329355574359
17550.0,0.9178876572298627,0.06164864593567535,0.020463696834461982
17124.0,0.9189037199911836,0.061521292919710854,0.019574987089105714
17399.0,0.9008094050400791,0.07678584199108059,0.022404752968840258
18522.0,0.015946384002468533,0.036994206931094,0.9470594090664375
18294.0,0.9148525769433737,0.06128922802947918,0.023858195027147
18021.0,0.031296680275583834,0.9191959499560441,0.04950736976837191
17475.0,0.024142325352454065,0.019245147269596762,0.9566125273779491
17744.0,0.02969691318255882,0.04387102826313299,0.9264320585543081
17210.0,0.882582302228145,0.07230266453956133,0.045115033232293544
18583.0,0.04790691778184113,0.8823476287569505,0.06974545346120839
18640.0,0.9197877390442982,0.056390790116186154,0.023821470839515694
17277.0,0.9197877390442982,0.056390790116186154,0.023821470839515694
17006.0,0.9008094050400791,0.07678584199108059,0.022404752968840258
17412.0,0.7494516259225599,0.0834242481719743,0.16712412590546588
17687.0,0.9008094050400791,0.07678584199108059,0.022404752968840258
18225.0,0.9008094050400791,0.07678584199108059,0.022404752968840258
17954.0,0.9178876572298627,0.06164864593567535,0.020463696834461982
18702.0,0.9171289411522215,0.06077545386031896,0.022095604987459452
18461.0,0.03833114226208689,0.9018696928534139,0.05979916488449917
17059.0,0.9125536517511216,0.0674490371200015,0.01999731112887699
17328.0,0.027609683308606348,0.9233831287745218,0.04900718791687166
17882.0,0.02123109426577066,0.04228266202722322,0.9364862437070062
17609.0,0.9125536517511216,0.0674490371200015,0.01999731112887699
18159.0,0.02524777934253895,0.04990030331707106,0.9248519173403901
18428.0,0.021587211209349637,0.032314843256983965,0.9460979455336663
18521.0,0.9062721960000106,0.0711939791489401,0.022533824851049402
17396.0,0.9148525769433737,0.06128922802947918,0.023858195027147
17127.0,0.909005696397581,0.06717618483364708,0.02381811876877199
18360.0,0.9062721960000106,0.0711939791489401,0.022533824851049402
18091.0,0.022708854310194194,0.046777967144381864,0.9305131785454239
17549.0,0.9062721960000106,0.0711939791489401,0.022533824851049402
17822.0,0.909005696397581,0.06717618483364708,0.02381811876877199
18580.0,0.9008094050400791,0.07678584199108059,0.022404752968840258
17209.0,0.021587211209326995,0.03231484325692344,0.9460979455337497
18022.0,0.9171289411522185,0.06077545386032136,0.022095604987460066
18293.0,0.04790691778184091,0.8823476287569512,0.06974545346120789
17747.0,0.02969691318255882,0.04387102826313299,0.9264320585543081
17472.0,0.9197877390442982,0.056390790116186154,0.023821470839515694
18641.0,0.9008094050400791,0.07678584199108059,0.022404752968840258
17413.0,0.909005696397581,0.06717618483364708,0.02381811876877199
17686.0,0.015946384002468533,0.036994206931094,0.9470594090664375
18224.0,0.9008094050400791,0.07678584199108059,0.022404752968840258
17955.0,0.02969691318255882,0.04387102826313299,0.9264320585543081
17276.0,0.035553786595666,0.921744542681397,0.04270167072293685
17007.0,0.9171289411522215,0.06077545386031896,0.022095604987459452
18703.0,0.9125536517511216,0.0674490371200015,0.01999731112887699
18460.0,0.9125536517511216,0.0674490371200015,0.01999731112887699
17883.0,0.9062721960000106,0.0711939791489401,0.022533824851049402
17608.0,0.9189037199911836,0.061521292919710854,0.019574987089105714
18158.0,0.8670005934001304,0.06638669141054981,0.06661271518931985
18429.0,0.024142325352454065,0.019245147269596762,0.9566125273779491
17058.0,0.9062721960000106,0.0711939791489401,0.022533824851049402
17329.0,0.01808619625320901,0.9648585757340427,0.017055228012748357
18520.0,0.021587211209326995,0.03231484325692344,0.9460979455337497
18361.0,0.02345312692246738,0.9139805621249296,0.062566310952603
18090.0,0.023604609402596843,0.904588653245775,0.07180673735162815
17548.0,0.9125536517511216,0.0674490371200015,0.01999731112887699
17823.0,0.016722823659346166,0.023842317888199214,0.9594348584524546
17397.0,0.0,0.026097756068625508,0.9739022439313745
17126.0,0.015043217803657409,0.9106520691725274,0.07430471302381506
18581.0,1.3158200034712942E-78,0.014550284340236364,0.9854497156597636
18023.0,0.8670005934001304,0.06638669141054981,0.06661271518931985
18292.0,0.04790691778184113,0.8823476287569505,0.06974545346120839
17746.0,0.02969691318255882,0.04387102826313299,0.9264320585543081
17473.0,0.032740300984551184,0.03284577616158461,0.9344139228538642
17208.0,0.9171289411522215,0.06077545386031896,0.022095604987459452
17334.0,0.9171289411522215,0.06077545386031896,0.022095604987459452
17061.0,0.9171289411522215,0.06077545386031896,0.022095604987459452
18426.0,0.015946384002468533,0.036994206931094,0.9470594090664375
18153.0,0.9062721960000106,0.0711939791489401,0.022533824851049402
17615.0,0.03555379442373409,0.921744494763954,0.042701710812311805
17884.0,0.9077414503473765,0.07810266852455935,0.014155881128064199
18459.0,0.023604609402596843,0.904588653245775,0.07180673735162815
18696.0,0.016722823659346166,0.023842317888199214,0.9594348584524546
17000.0,0.016722823659346166,0.023842317888199214,0.9594348584524546
17275.0,0.882582302228145,0.07230266453956133,0.045115033232293544
17956.0,0.9125536517511216,0.0674490371200015,0.01999731112887699
18231.0,0.9062721960000106,0.0711939791489401,0.022533824851049402
17681.0,0.9189037199911836,0.061521292919710854,0.019574987089105714
17410.0,0.018086196253211152,0.9648585757340377,0.017055228012751236
18646.0,0.04790691778184113,0.8823476287569505,0.06974545346120839
17215.0,0.015043217803657409,0.9106520691725274,0.07430471302381506
17478.0,0.9008094050400791,0.07678584199108059,0.022404752968840258
17749.0,0.909005696397581,0.06717618483364708,0.02381811876877199
18291.0,0.9178876572298627,0.06164864593567535,0.020463696834461982
18016.0,0.031296680275583834,0.9191959499560441,0.04950736976837191
18578.0,0.05476222061165849,0.036718179121755935,0.9085196002665855
17121.0,0.03833114226208689,0.9018696928534139,0.05979916488449917
17394.0,0.042683017268306644,0.8827889037941102,0.07452807893758312
17816.0,0.02969691318255882,0.04387102826313299,0.9264320585543081
17547.0,0.9189037199911836,0.061521292919710854,0.019574987089105714
18093.0,0.04790691778184113,0.8823476287569505,0.06974545346120839
18366.0,0.9197877390442982,0.056390790116186154,0.023821470839515694
18527.0,0.909005696397581,0.06717618483364708,0.02381811876877199
18427.0,0.9008094050400791,0.07678584199108059,0.022404752968840258
18152.0,0.02123109426577066,0.04228266202722322,0.9364862437070062
17614.0,0.0,0.026097756068625508,0.9739022439313745
17885.0,0.9189037199911836,0.061521292919710854,0.019574987089105714
17335.0,0.9062721960000106,0.0711939791489401,0.022533824851049402
17060.0,0.042683009825935835,0.8827889204975163,0.07452806967654792
18458.0,0.025247779342540137,0.0499003033170707,0.9248519173403891
18697.0,0.024142325352454065,0.019245147269596762,0.9566125273779491
17957.0,0.003830846072684633,0.03200202064809404,0.9641671332792213
18230.0,0.05476222061165849,0.036718179121755935,0.9085196002665855
17680.0,0.9189037199911836,0.061521292919710854,0.019574987089105714
17411.0,0.909005696397581,0.06717618483364708,0.02381811876877199
17001.0,0.9148525769433737,0.06128922802947918,0.023858195027147
17274.0,0.015946384002468533,0.036994206931094,0.9470594090664375
18647.0,0.882582302228145,0.07230266453956133,0.045115033232293544
17479.0,0.023615574383356857,0.9454957651669296,0.030888660449713546
17748.0,0.03895497811917023,0.8970706032650123,0.06397441861581739
18290.0,0.9148525769433737,0.06128922802947918,0.023858195027147
18017.0,0.016722823659346166,0.023842317888199214,0.9594348584524546
17214.0,0.02524777934253895,0.04990030331707106,0.9248519173403901
18579.0,0.9189037199911836,0.061521292919710854,0.019574987089105714
17817.0,0.010079065192257044,0.9496441589701542,0.04027677583758881
17546.0,0.9171289411522215,0.06077545386031896,0.022095604987459452
18092.0,0.9178876572298627,0.06164864593567535,0.020463696834461982
18367.0,0.05796100007188036,0.8494782919240498,0.09256070800406994
17120.0,0.05796100007188036,0.8494782919240498,0.09256070800406994
17395.0,0.9008094050400791,0.07678584199108059,0.022404752968840258
18526.0,0.0,0.026097756068625508,0.9739022439313745
18698.0,0.9008094050400791,0.07678584199108059,0.022404752968840258
18457.0,0.9178876572298627,0.06164864593567535,0.020463696834461982
17063.0,0.9171289411522215,0.06077545386031896,0.022095604987459452
17332.0,0.024142325352454065,0.019245147269596762,0.9566125273779491
18155.0,0.024142325352454065,0.019245147269596762,0.9566125273779491
18424.0,0.02969691318255882,0.04387102826313299,0.9264320585543081
17886.0,0.909005696397581,0.06717618483364708,0.02381811876877199
17613.0,0.9189037199911836,0.061521292919710854,0.019574987089105714
18644.0,0.9006565170074565,0.04402570236116516,0.0553177806313784
17273.0,0.9148525769433737,0.06128922802947918,0.023858195027147
17002.0,0.023604609402596843,0.904588653245775,0.07180673735162815
18229.0,0.9125536517511216,0.0674490371200015,0.01999731112887699
17958.0,0.05476222061165849,0.036718179121755935,0.9085196002665855
17408.0,0.9178876572298627,0.06164864593567535,0.020463696834461982
17683.0,0.9125536517511216,0.0674490371200015,0.01999731112887699
18576.0,0.9171289411522215,0.06077545386031896,0.022095604987459452
17213.0,0.9062721960000106,0.0711939791489401,0.022533824851049402
17751.0,0.9125536517511216,0.0674490371200015,0.01999731112887699
17476.0,0.882582302228145,0.07230266453956133,0.045115033232293544
18018.0,0.909005696397581,0.06717618483364708,0.02381811876877199
18289.0,0.9008094050400791,0.07678584199108059,0.022404752968840258
18525.0,0.909005696397581,0.06717618483364708,0.02381811876877199
17392.0,0.9008094050400791,0.07678584199108059,0.022404752968840258
17123.0,0.03895497811917023,0.8970706032650123,0.06397441861581739
17545.0,0.02123109426577066,0.04228266202722322,0.9364862437070062
17818.0,0.9125536517511216,0.0674490371200015,0.01999731112887699
18364.0,0.8670005934001304,0.06638669141054981,0.06661271518931985
18095.0,0.032740300984551184,0.03284577616158461,0.9344139228538642
18699.0,0.05024713184957303,0.04431993250057256,0.9054329356498544
18456.0,0.04790691778184113,0.8823476287569505,0.06974545346120839
18154.0,0.010079065192257044,0.9496441589701542,0.04027677583758881
18425.0,0.9062721960000106,0.0711939791489401,0.022533824851049402
17887.0,0.021587211209326995,0.03231484325692344,0.9460979455337497
17612.0,0.9189037199911836,0.061521292919710854,0.019574987089105714
17062.0,0.031296680275583834,0.9191959499560441,0.04950736976837191
17333.0,0.9077414503473765,0.07810266852455935,0.014155881128064199
18645.0,0.003830846072684633,0.03200202064809404,0.9641671332792213
18228.0,0.021012350350005368,0.01680658587428866,0.962181063775706
17959.0,0.9197877390442982,0.056390790116186154,0.023821470839515694
17409.0,0.02123109426577066,0.04228266202722322,0.9364862437070062
17682.0,0.032740300984551184,0.03284577616158461,0.9344139228538642
17272.0,0.8638818535784328,0.0,0.1361181464215671
17003.0,0.013352993978129809,0.9273017116702666,0.0593452943516036
18577.0,0.031296680275583834,0.9191959499560441,0.04950736976837191
17750.0,0.03895497811917023,0.8970706032650123,0.06397441861581739
17477.0,0.013352993978129809,0.9273017116702666,0.0593452943516036
18019.0,0.9189059834960407,0.05707542520789206,0.02401859129606718
18288.0,0.9197877390442982,0.056390790116186154,0.023821470839515694
17212.0,0.02380942212267953,0.027777751290746958,0.9484128265865736
18524.0,0.02345312692246738,0.9139805621249296,0.062566310952603
17544.0,0.9197877390442982,0.056390790116186154,0.023821470839515694
17819.0,0.9197877390442982,0.056390790116186154,0.023821470839515694
18365.0,0.9197877390442982,0.056390790116186154,0.023821470839515694
18094.0,0.015946384002468533,0.036994206931094,0.9470594090664375
17393.0,0.02969691318255882,0.04387102826313299,0.9264320585543081
17122.0,0.0,0.02609775606862984,0.97390224393137
18498.0,0.9077414503473765,0.07810266852455935,0.014155881128064199
17148.0,0.0,0.026097756068625508,0.9739022439313745
17391.0,0.023604609402596843,0.904588653245775,0.07180673735162815
18096.0,0.9008094050400791,0.07678584199108059,0.022404752968840258
18339.0,0.03851965399950241,0.8763929485459093,0.08508739745458818
17797.0,0.023604609402596843,0.904588653245775,0.07180673735162815
17558.0,0.9008094050400791,0.07678584199108059,0.022404752968840258
18575.0,0.9148525769433737,0.06128922802947918,0.023858195027147
17186.0,0.0,0.026097756068625508,0.9739022439313745
18286.0,0.031296680275583834,0.9191959499560441,0.04950736976837191
18045.0,0.9062721960000106,0.0711939791489401,0.022533824851049402
17499.0,0.032740300984551184,0.03284577616158461,0.9344139228538642
17736.0,0.7494516259225599,0.0834242481719743,0.16712412590546588
18635.0,0.015946384002468533,0.036994206931094,0.9470594090664375
17013.0,0.9197877390442982,0.056390790116186154,0.023821470839515694
17254.0,0.02969691318255882,0.04387102826313299,0.9264320585543081
17676.0,0.031228697778482774,0.4999977650363064,0.46877353718521086
17439.0,0.9197877390442982,0.056390790116186154,0.023821470839515694
17977.0,0.9008094050400791,0.07678584199108059,0.022404752968840258
18218.0,0.023604609402596843,0.904588653245775,0.07180673735162815
18438.0,0.9062721960000106,0.0711939791489401,0.022533824851049402
18709.0,0.023615574383356857,0.9454957651669296,0.030888660449713546
17323.0,0.9008094050400791,0.07678584199108059,0.022404752968840258
17080.0,0.042683009825935835,0.8827889204975163,0.07452806967654792
17618.0,0.882582302228145,0.07230266453956133,0.045115033232293544
17857.0,0.016722823659346166,0.023842317888199214,0.9594348584524546
18407.0,0.031296680275583834,0.9191959499560441,0.04950736976837191
18164.0,0.9178876572298627,0.06164864593567535,0.020463696834461982
18499.0,0.909005696397581,0.06717618483364708,0.02381811876877199
18097.0,0.023615574383356857,0.9454957651669296,0.030888660449713546
18338.0,0.05476222061165849,0.036718179121755935,0.9085196002665855
17796.0,0.023615574383356857,0.9454957651669296,0.030888660449713546
17559.0,0.021587211209326995,0.03231484325692344,0.9460979455337497
17149.0,0.022708854310194194,0.046777967144381864,0.9305131785454239
17390.0,0.909005696397581,0.06717618483364708,0.02381811876877199
18574.0,0.02524777934253895,0.04990030331707106,0.9248519173403901
18287.0,0.9007711333045181,0.044154241356472695,0.055074625339009114
18044.0,0.9197877390442982,0.056390790116186154,0.023821470839515694
17498.0,0.9125536517511216,0.0674490371200015,0.01999731112887699
17737.0,0.9008094050400791,0.07678584199108059,0.022404752968840258
17187.0,0.882582302228145,0.07230266453956133,0.045115033232293544
18634.0,0.909005696397581,0.06717618483364708,0.02381811876877199
17677.0,0.02345312692246738,0.9139805621249296,0.062566310952603
17438.0,0.9077414503473765,0.07810266852455935,0.014155881128064199
17976.0,0.909005696397581,0.06717618483364708,0.02381811876877199
18219.0,0.9148525769433737,0.06128922802947918,0.023858195027147
17012.0,0.9125536517511216,0.0674490371200015,0.01999731112887699
17255.0,0.02524777934253895,0.04990030331707106,0.9248519173403901
18439.0,0.016722823659346166,0.023842317888199214,0.9594348584524546
18708.0,0.03895497811917023,0.8970706032650123,0.06397441861581739
17619.0,0.03833114226208689,0.9018696928534139,0.05979916488449917
17856.0,0.9148525769433737,0.06128922802947918,0.023858195027147
18406.0,0.9148525769433737,0.06128922802947918,0.023858195027147
18165.0,0.9148525769433737,0.06128922802947928,0.023858195027147006
17322.0,0.9189037199911836,0.061521292919710854,0.019574987089105714
17081.0,0.859701462787793,0.015400743095559439,0.12489779411664749
17389.0,0.003830846072684633,0.03200202064809404,0.9641671332792213
17150.0,0.9062721960000106,0.0711939791489401,0.022533824851049402
18337.0,0.04790691778184113,0.8823476287569505,0.06974545346120839
18098.0,0.9062721960000106,0.0711939791489401,0.022533824851049402
17556.0,0.015043217803657409,0.9106520691725274,0.07430471302381506
17799.0,0.9125536517511216,0.0674490371200015,0.01999731112887699
18496.0,0.02524777934253895,0.04990030331707106,0.9248519173403901
17184.0,0.032740300984551184,0.03284577616158461,0.9344139228538642
18047.0,0.8677511035289682,0.06651275753900525,0.06573613893202643
18284.0,0.016722823659346166,0.023842317888199214,0.9594348584524546
17738.0,0.9189037199911836,0.061521292919710854,0.019574987089105714
17497.0,0.9197877390442982,0.056390790116186154,0.023821470839515694
18573.0,0.9189037199911836,0.061521292919710854,0.019574987089105714
17252.0,0.9178876572298627,0.06164864593567535,0.020463696834461982
17015.0,0.8686353689151354,0.06666275396984445,0.06470187711502012
17437.0,0.02123109426577066,0.04228266202722322,0.9364862437070062
17678.0,0.03851965399950241,0.8763929485459093,0.08508739745458818
18216.0,0.9077414503473765,0.07810266852455935,0.014155881128064199
17979.0,0.9125536517511216,0.0674490371200015,0.01999731112887699
18633.0,0.04790691778184113,0.8823476287569505,0.06974545346120839
17082.0,0.015043217803657409,0.9106520691725274,0.07430471302381506
17321.0,0.9171289411522215,0.06077545386031896,0.022095604987459452
17859.0,0.042683009825935835,0.8827889204975163,0.07452806967654792
17616.0,0.9008094050400791,0.07678584199108059,0.022404752968840258
18166.0,1.730065940750667E-93,0.03057712041861006,0.96942287958139
18405.0,0.9008094050400791,0.07678584199108059,0.022404752968840258
18711.0,0.9171289411522215,0.06077545386031896,0.022095604987459452
18436.0,0.024142326065541883,0.019245148386798788,0.9566125255476593
18336.0,0.003830846072684633,0.03200202064809404,0.9641671332792213
18099.0,0.013352993978129809,0.9273017116702664,0.05934529435160365
17557.0,0.05024713196057429,0.0443199324819898,0.9054329355574359
17798.0,0.003830846072684633,0.03200202064809404,0.9641671332792213
17388.0,0.9189037199911836,0.061521292919710854,0.019574987089105714
17151.0,0.016722823659346166,0.023842317888199214,0.9594348584524546
18497.0,0.9008094050400791,0.07678584199108059,0.022404752968840258
18046.0,0.04790691778184031,0.882347628756953,0.06974545346120659
18285.0,0.9189037199911836,0.061521292919710854,0.019574987089105714
17739.0,0.022708854310194194,0.046777967144381864,0.9305131785454239
17496.0,0.023604609402596843,0.904588653245775,0.07180673735162815
17185.0,0.9197877390442982,0.056390790116186154,0.023821470839515694
18572.0,0.9178876572298627,0.06164864593567535,0.020463696834461982
17436.0,0.9178876572298627,0.06164864593567535,0.020463696834461982
17679.0,0.016722823659346166,0.023842317888199214,0.9594348584524546
18217.0,0.9062721960000106,0.0711939791489401,0.022533824851049402
17978.0,0.909005696397581,0.06717618483364708,0.02381811876877199
17253.0,0.023604609402596843,0.904588653245775,0.07180673735162815
17014.0,0.02969691318255882,0.04387102826313299,0.9264320585543081
18632.0,0.9197877390442982,0.056390790116186154,0.023821470839515694
17858.0,0.021012350350005368,0.01680658587428866,0.962181063775706
17617.0,0.02524777934253895,0.04990030331707106,0.9248519173403901
18167.0,0.8670005934001304,0.06638669141054981,0.06661271518931985
18404.0,0.021587211209326995,0.03231484325692344,0.9460979455337497
17083.0,0.909005696397581,0.06717618483364708,0.02381811876877199
17320.0,0.9178876572298627,0.06164864593567535,0.020463696834461982
18710.0,0.9148525769433737,0.06128922802947918,0.023858195027147
18437.0,0.9189037199911836,0.061521292919710854,0.019574987089105714
18571.0,0.013352993978129809,0.9273017116702666,0.0593452943516036
17190.0,0.02345312692246738,0.9139805621249296,0.062566310952603
17503.0,0.03895497811917023,0.8970706032650123,0.06397441861581739
17740.0,1.3158200034712942E-78,0.014550284340236364,0.9854497156597636
18282.0,0.027609683308606348,0.9233831287745218,0.04900718791687166
18041.0,0.9171289411522215,0.06077545386031896,0.022095604987459452
18502.0,0.025840469926813218,0.9091160946602141,0.06504343541297257
17144.0,0.882582302228145,0.07230266453956133,0.045115033232293544
17387.0,0.9148525769433737,0.06128922802947918,0.023858195027147
17793.0,0.016722823659346166,0.023842317888199214,0.9594348584524546
17554.0,0.909005696397581,0.06717618483364708,0.02381811876877199
18100.0,0.023604609402596843,0.904588653245775,0.07180673735162815
18343.0,0.9006565170074565,0.04402570236116516,0.0553177806313784
18434.0,0.9178876572298627,0.06164864593567535,0.020463696834461982
18705.0,0.024142325352454065,0.019245147269596762,0.9566125273779491
17327.0,0.02524777934253895,0.04990030331707106,0.9248519173403901
17084.0,0.9197877390442982,0.056390790116186154,0.023821470839515694
18403.0,0.023615574383356857,0.9454957651669296,0.030888660449713546
18160.0,0.042986683370130056,0.8997258117021388,0.057287504927731124
17622.0,0.9125536517511216,0.0674490371200015,0.01999731112887699
17861.0,0.02380942212273061,0.027777751290703607,0.9484128265865657
18639.0,0.9189037199911836,0.061521292919710854,0.019574987089105714
17009.0,0.9062721960000106,0.0711939791489401,0.022533824851049402
17250.0,0.9148525769433737,0.06128922802947918,0.023858195027147
