18081.0,0.9997712986035574,2.2806878300599508E-4,6.326134364667547E-7
18354.0,0.0372548933200301,0.9616904540871848,0.0010546525927851863
17812.0,1.0,3.00014861588137E-37,6.940605894144158E-17
17543.0,0.0017011510638939114,1.1754314196696239E-8,0.9982988371817918
17133.0,0.9999999843563634,3.578660971026246E-14,1.5643600852700748E-8
17406.0,1.513794391752152E-16,0.9478229826766487,0.05217701732335107
18752.0,4.8958912920908734E-9,0.9999999940432118,1.0608970037156378E-9
18515.0,0.9790348362081509,0.02096364870628769,1.5150855614706485E-6
18303.0,5.016041498532809E-16,0.9080643119795859,0.09193568802041367
18028.0,1.0393336854175916E-17,5.6859363712256E-7,0.9999994314063629
17482.0,2.0504348844896414E-17,2.455723294094115E-13,0.9999999999997544
17753.0,0.859899205401096,0.1400061500427451,9.464455615883826E-5
17203.0,9.042168302381117E-14,0.9999999999998959,1.373797150298223E-14
18590.0,0.7576254251967216,0.2393113757531256,0.0030631990501528822
17693.0,0.9999402496675922,5.975033017664765E-5,2.2311224002018136E-12
17422.0,1.4391702689247015E-13,0.03467232678908095,0.9653276732107751
17960.0,0.9903690163343792,0.009630978547601771,5.118019177004043E-9
18235.0,9.357450488411903E-10,0.9999992809788943,7.180853606346799E-7
16996.0,0.9999999952645895,1.0551463117737765E-9,3.680264131201964E-9
17271.0,0.8094062403510432,0.19059332094107845,4.387078783114995E-7
18650.0,0.9883998769479324,0.010072428484629447,0.0015276945674382067
17603.0,0.9774793216887436,0.022520674086324653,4.2249315304782376E-9
17872.0,0.93024359173155,0.06975572673405478,6.815343952515786E-7
18422.0,0.9724650030493451,0.027468135909191633,6.686104146330681E-5
18149.0,0.6444279373240257,0.33858674160077956,0.016985321075194813
17338.0,9.050748744737114E-4,0.9990935647497663,1.3603757600464166E-6
17065.0,2.3119020170175985E-4,0.016365891767145695,0.9834029180311525
18455.0,0.9970950070836477,0.002904992820900589,9.545156700408831E-11
18692.0,0.5217806319505349,2.2223911005741508E-4,0.47799712893940766
17132.0,4.7432747962771585E-16,6.228038218376625E-6,0.9999937719617813
17407.0,4.167697732238515E-8,0.0038467911027487782,0.9961531672202738
18080.0,0.021623506057923826,0.23246600083391383,0.7459104931081623
18355.0,1.6483760479382608E-20,8.739586029482557E-4,0.9991260413970517
17813.0,1.0,2.5888072611299066E-19,9.084792035124378E-23
17542.0,0.8372186257909171,0.003520530837422122,0.1592608433716607
18514.0,0.9982104283270623,0.001785908284414192,3.6633885235741256E-6
17202.0,0.07434123445766738,0.8839767278166553,0.04168203772567747
18302.0,0.99942087138774,5.791286122547534E-4,5.2100478142034E-15
18029.0,0.7968005819553116,0.20118568573402792,0.0020137323106604334
17483.0,0.8526426114028908,0.14735738859709838,1.0732264806536037E-14
17752.0,5.883755297663829E-8,0.9988151404746594,0.001184800687787731
18591.0,0.04667720871292241,0.8230406287372801,0.13028216254979738
16997.0,0.7019088259736983,0.23753814478741486,0.060553029238886766
17270.0,0.9995632160432829,4.3599625807677E-4,7.876986403540288E-7
17692.0,0.9138022203016432,0.08582033665314831,3.774430452085101E-4
17423.0,3.9638728770225277E-10,4.408230790819962E-7,0.9999995587805336
17961.0,0.8505721743309931,0.14921258524933487,2.152404196720325E-4
18234.0,0.9999999112082135,8.879028378726569E-8,1.502716828612224E-12
18651.0,0.411433282476961,0.5885667175173934,5.645544282084441E-12
17339.0,0.6223480618202339,0.37138208977468834,0.006269848405077772
17064.0,0.22193972276827054,0.7110664580882597,0.06699381914346962
17602.0,0.999998781972732,1.2180271587549313E-6,1.0929903930364957E-13
17873.0,1.0,3.1403554447290927E-21,4.003654701014805E-17
18423.0,4.515587782518394E-20,0.09145957143414954,0.9085404285658504
18148.0,0.9423256315166739,0.04152027073459293,0.01615409774873311
18454.0,1.5815584029930285E-23,0.9999998176284535,1.8237154646773322E-7
18693.0,0.9999999999996003,4.588011407045692E-19,3.995832314482015E-13
18513.0,0.008492002791696734,0.9913311399444396,1.7685726386364626E-4
18352.0,0.5613582098158478,0.43799175153864023,6.50038645511872E-4
18083.0,2.2646589410269137E-21,1.7505913074189858E-5,0.999982494086926
17541.0,0.999966770556343,3.3180363546385085E-5,4.908011066008997E-8
17814.0,0.2740719996892936,0.7208457320799858,0.005082268230720617
17404.0,0.9999999991258606,2.2644820273758392E-11,8.514946688376393E-10
17135.0,0.003589539503509942,5.4884133951066096E-14,0.9964104604964351
18588.0,0.9999999999237181,2.3556435170722152E-12,7.39262890576246E-11
18030.0,0.9912659333900449,7.941284280856513E-5,0.00865465376714659
18301.0,1.022955169574497E-4,0.014990708721744388,0.9849069957612981
17755.0,0.011086618535942259,0.0016305035501230946,0.9872828779139345
17480.0,2.402773939878951E-9,0.9994688759270292,5.311216701969398E-4
17201.0,0.9999999971147553,2.8352109879821825E-9,5.0033767497975644E-11
18648.0,0.9989653987187203,0.001034600567717402,7.135625647537901E-10
17420.0,1.240798980978851E-15,0.12629191078411758,0.8737080892158812
17695.0,0.8628313891653695,0.13716793538086314,6.754537672345518E-7
18233.0,4.1430971607661014E-5,0.9758872278380394,0.024071341190353018
17962.0,0.8388422912622674,0.1576204118982061,0.003537296839526537
17269.0,0.9999999996371987,3.627709022765417E-10,3.0312018963091276E-14
16998.0,1.1283791442356977E-4,0.36546362772156676,0.6344235343640097
18694.0,0.01185559114601713,0.12890093199573274,0.8592434768582502
18453.0,0.04235188818522962,0.9576481118147698,7.010172685785536E-16
17874.0,1.351172624836494E-8,0.9999999848303649,1.6579088237088527E-9
17601.0,0.9999084631400823,9.153670158697928E-5,1.5833067818694897E-10
18151.0,0.9868012949774364,0.012916689612788008,2.8201540977562385E-4
18420.0,2.744154137076687E-22,0.9999983805802655,1.6194197346750593E-6
17067.0,1.9720791801214687E-20,1.5937758638598533E-4,0.999840622413614
17336.0,0.08969284495908865,0.9103071327924381,2.2248473220730874E-8
18512.0,0.12836717803011274,0.8651912982595535,0.006441523710333732
17405.0,2.2238478215321884E-8,0.9999999776833837,7.81382692569627E-11
17134.0,9.882257290369533E-13,0.9999999619148506,3.808416111974113E-8
18353.0,0.9999999947682554,5.231211847556102E-9,5.327283380550891E-13
18082.0,0.8136394686377311,1.614405784518561E-5,0.18634438730442376
17540.0,0.039572349618904226,3.337440826486383E-11,0.9604276503477213
17815.0,0.8424056795643518,0.15759431909961621,1.3360319654254727E-9
18589.0,0.9998457293082411,1.5427055852349086E-4,1.3323547377227354E-10
17200.0,3.937044834133532E-22,9.517709135892368E-5,0.999904822908641
18031.0,0.9836894009329268,0.01628706595424398,2.3533112829364415E-5
18300.0,0.5057992624039859,0.4941766046052634,2.4132990750637135E-5
17754.0,1.2781887215195922E-6,7.57968873507167E-4,0.9992407529377714
17481.0,6.821214002876438E-7,5.7482289633915196E-5,0.9999418355889659
18649.0,0.0012693221940834848,0.5861636822933429,0.4125669955125736
17268.0,0.9937231976749735,0.006276757160971732,4.516405474542474E-8
16999.0,0.9820946886196118,0.01700785695646515,8.974544239232151E-4
17421.0,0.9999999999958764,4.123378738212703E-12,2.8606314215949207E-16
17694.0,4.958265398268799E-11,0.9999999999504174,1.1874976774895374E-19
18232.0,0.9491085193643535,0.05084745989291481,4.402074273164622E-5
17963.0,0.9999955313872754,2.297844207670302E-13,4.468612494899701E-6
18695.0,0.9672612170063333,0.03268905145324568,4.973154042106323E-5
18452.0,0.9929636460643126,0.005935247408290389,0.001101106527397008
17066.0,8.241988397809667E-12,0.9999999999917579,7.329311064976377E-19
17337.0,0.9928685027296318,0.007131331289043493,1.6598132492394308E-7
17875.0,0.5242067640234966,0.28725690239500806,0.18853633358149538
17600.0,0.9310945557532858,0.06795112546205974,9.543187846544275E-4
18150.0,2.0880014927322652E-15,0.9999999997992428,2.0075515223071102E-10
18421.0,0.037189374955493605,0.9621809201084783,6.297049360280406E-4
17486.0,1.0,1.371384497278904E-23,1.6992623133220036E-32
17757.0,0.9997955882785085,1.5888139541344E-5,1.8852358195012612E-4
18299.0,0.9924276317579055,0.007572320284987045,4.7957107301234795E-8
18024.0,0.11176169699614068,5.255873687797972E-22,0.8882383030038594
17207.0,0.9486480012793612,0.05131447389702584,3.7524823613055715E-5
18586.0,0.36770070596902293,0.6320179867029584,2.813073280186742E-4
17808.0,0.7220986693564329,0.034377425386260076,0.24352390525730708
17539.0,1.272331148795511E-9,6.835128683123231E-8,0.999999930376382
18085.0,0.9976313412792562,0.002368658720743642,8.76190037601502E-24
18358.0,0.982416529646174,0.017583470299262823,5.45632224432722E-11
17129.0,0.9999851470680035,1.4852649261212572E-5,2.8273544572590395E-10
17402.0,0.9999999976827394,2.3172602452783646E-9,5.482537075769327E-16
18519.0,3.6673090191562027E-4,0.9996329491105521,3.199875322460549E-7
18418.0,0.9999999999999942,6.204712771419473E-21,5.837444475216327E-15
18145.0,0.005224870641457164,0.9947751293585427,1.5763761728782957E-18
17607.0,0.9999999999865765,1.1514671853724573E-11,1.9088772672704203E-12
17876.0,0.9369021290274114,0.06172777883957668,0.0013700921330120147
17342.0,0.9429291119693103,0.04339356134454763,0.01367732668614215
17069.0,0.9999999998380897,1.6191019704750303E-10,6.30310700739462E-17
18451.0,4.7887848714528754E-8,5.230573584373211E-15,0.999999952112146
18688.0,0.6802995244585611,0.010298880793484967,0.30940159474795387
17964.0,0.686189869782927,0.003433838349225731,0.31037629186784726
18239.0,0.9999998693016676,3.5525618418329395E-22,1.306983323159645E-7
17689.0,0.9957978364203351,0.0013349897012228642,0.0028671738784419826
17418.0,0.7377409550872183,0.22801232500639004,0.03424671990639171
16992.0,0.4326075766549159,0.5056151493395732,0.06177727400551089
17267.0,2.895015381220624E-11,0.9778303227234907,0.022169677247559257
18654.0,0.10711566155678952,0.07171020872333682,0.8211741297198737
17206.0,0.28168030312130776,0.718249230000372,7.046687832026664E-5
17487.0,0.9999999981317564,1.8885480512927758E-11,1.8493580823758741E-9
17756.0,1.2415569079895141E-10,6.645663421449305E-13,0.9999999998751798
18298.0,0.4051600241291838,1.8135940924427195E-13,0.5948399758706349
18025.0,0.9038261298587137,0.09617385660078706,1.354049930654745E-8
18587.0,0.8841412742403856,0.10112009677171285,0.01473862898790143
17128.0,0.979413216435133,0.020586704141983277,7.942288362944503E-8
17403.0,0.9998920478653769,1.013254078074536E-4,6.626726815708359E-6
17809.0,0.9387986330220627,0.06118869118071892,1.2675797218414772E-5
17538.0,0.4235540072265899,0.5729428422657362,0.0035031505076738335
18084.0,1.0,3.84837439513234E-26,8.183780318874931E-22
18359.0,0.7330300542892089,0.2500227736584743,0.016947172052316842
18518.0,0.9999999999999998,6.601779509928666E-19,2.1450720237772488E-16
17343.0,0.9999999998730817,1.2672713526084762E-10,1.9116939910181798E-13
17068.0,0.9452493583834368,0.05475064157021964,4.6343655549555465E-11
18419.0,0.9999999997164652,2.8353466465476537E-10,1.130226676314339E-17
18144.0,3.907496638584583E-5,0.9999609213790489,3.6545652179110637E-9
17606.0,2.9548383792486727E-4,0.2231725472192892,0.776531968942786
17877.0,0.9817731037713696,0.018115077953726237,1.1181827490409701E-4
18450.0,1.475086507189572E-9,0.9999845433253518,1.5455199561659244E-5
18689.0,0.9826611542056403,0.016293679569997593,0.0010451662243621347
16993.0,4.1559011441182234E-19,1.4444547753948779E-5,0.9999855554522461
17266.0,0.965974065536918,0.03402590903353849,2.542954345220986E-8
17965.0,0.9992533862240061,7.456739466267323E-4,9.398293672434809E-7
18238.0,0.9290859340934013,0.0708221530019597,9.191290463896164E-5
17688.0,0.004478964035528613,2.0905121198972728E-6,0.9955189454523514
17419.0,0.9999999999953264,4.673368192249885E-12,1.2402026929031807E-16
18655.0,0.9820318782001028,0.01661812957133102,0.0013499922285660668
18584.0,0.9883875341735286,0.011168340575898687,4.441252505726935E-4
17759.0,2.703000412304112E-21,3.088026549435686E-33,1.0
17484.0,1.6890650331689323E-7,6.792766093862633E-69,0.9999998310934967
18026.0,5.0424176310258E-18,0.9999574657954514,4.253420454867009E-5
18297.0,0.6814894965104389,3.1313089430276986E-4,0.3181973725952584
17205.0,0.9999999809104972,1.0326634521591658E-10,1.8986236431748292E-8
18517.0,0.07185752196295547,0.9280414520242763,1.0102601276821883E-4
17537.0,0.0014941801867560133,0.07472934363108917,0.9237764761821547
17810.0,0.9922637929412609,0.007695634863141305,4.057219559779447E-5
18356.0,0.20175370265579637,0.7982034934998774,4.280384432617608E-5
18087.0,3.3854866059160854E-14,0.9997737831182765,2.2621688168955113E-4
17400.0,0.9888481917824633,0.009345171948067894,0.0018066362694688966
17131.0,6.6230864362721064E-21,0.013081848789453981,0.9869181512105462
18690.0,0.4656298549122921,0.5335518488398231,8.182962478848761E-4
18449.0,1.5719196641840697E-21,0.9999981785458977,1.8214541023208207E-6
18147.0,0.1750030258260175,0.8249969720835916,2.0903910075621755E-9
18416.0,0.9729740334848711,0.027024523354025092,1.4431611039609509E-6
17878.0,0.6732900387533214,0.3262472577383898,4.6270350828878277E-4
17605.0,2.0567416700029098E-15,0.999999704198868,2.958011299428893E-7
17071.0,0.8719273388763893,0.0015145483969271365,0.12655811272668355
17340.0,0.9999999999861875,4.949298943824495E-13,1.3317627778118095E-11
18652.0,0.9999786034932489,2.04494214121867E-5,9.470853389353844E-7
18237.0,2.698130329152357E-13,0.006970555528229697,0.9930294444715004
17966.0,0.8677694483902906,0.13164950455663876,5.810470530705007E-4
17416.0,0.9228219256068755,0.07715422183450522,2.3852558619321456E-5
17691.0,6.623826742972537E-4,0.0024366031619008762,0.996901014163802
17265.0,0.9999999664987596,3.3500419117672166E-8,8.213666828052018E-13
16994.0,0.9506288566408125,0.0492668145138178,1.0432884536982425E-4
18585.0,0.97562940079444,0.024221646798551866,1.4895240700818052E-4
17204.0,0.9999999993768767,6.231233713739852E-10,1.3326817662193262E-20
17758.0,0.9519646883162421,7.93233280092802E-8,0.04803523236042984
17485.0,0.999999999762853,2.3714703137830056E-10,6.300419652959593E-22
18027.0,3.450992043359927E-5,1.0919021811287613E-6,0.9999643981773852
18296.0,0.9999536330459994,4.636695025976228E-5,3.740831050835028E-12
18516.0,2.6280127147320988E-8,0.9999999559827611,1.7737111609978066E-8
17401.0,0.40541534589016426,0.5937637640978093,8.208900120263847E-4
17130.0,7.143801439195944E-4,0.9949354517081764,0.004350168147903892
17536.0,0.9966929393669911,9.606683455495428E-4,0.002346392287459352
17811.0,0.9797046629165752,0.0012450796419264608,0.0190502574414984
18357.0,0.999145712984388,8.537703316597381E-4,5.166839522508902E-7
18086.0,0.4490359525351522,0.40788739291783477,0.14307665454701296
18691.0,1.6449877719429656E-12,1.906964614391543E-9,0.9999999980913903
18448.0,9.474942106653606E-5,0.559531557713843,0.44037369286509037
17070.0,0.9400189783467504,0.058895693108582885,0.0010853285446667802
17341.0,0.5039802266546237,0.11651985302184623,0.3794999203235301
18146.0,1.632285809430348E-16,0.017355464481762135,0.9826445355182376
18417.0,0.29586685528160317,0.011622467654117093,0.6925106770642797
17879.0,0.9999999999986227,1.7803856913899953E-16,1.3771109461371375E-12
17604.0,0.9999999999999822,1.4895003368853407E-14,2.8153909914422555E-15
18653.0,0.9949549119405572,0.005045036035549493,5.20238932370376E-8
17264.0,0.9880301149342434,0.011969380297320812,5.047684357393945E-7
16995.0,0.029898463368517925,0.9692919495612806,8.095870702014311E-4
18236.0,0.9291703137015137,0.0706091879813236,2.2049831716271996E-4
17967.0,0.16816797721398088,0.006834838720336895,0.8249971840656822
17417.0,0.9992816522567037,7.18347743296326E-4,1.2730094153440682E-18
17690.0,2.2175179584432744E-6,0.99999778114269,1.3393514837454373E-9
17004.0,0.8946571140168327,0.10514183858742351,2.0104739574379045E-4
17279.0,0.36982655234874307,0.60639328919538,0.02378015845587688
17685.0,5.115999951705414E-4,0.005276920736183525,0.994211479268646
17414.0,0.9992895501752334,7.070952508830587E-4,3.3545738836539944E-6
17952.0,0.9999999915633281,1.1608602973910847E-31,8.43667187663534E-9
18227.0,4.9282637953485484E-9,7.216932613856549E-10,0.9999999943500428
18642.0,0.01853214321712234,0.9814678567796196,3.258154926642698E-12
17330.0,0.9192378807782347,0.08076211922176516,2.438039797373587E-16
17057.0,0.00584731252397286,1.9558020497767808E-5,0.9941331294555293
17611.0,0.6990599588518083,0.29228629789285193,0.008653743255339678
17880.0,1.3332573340717847E-16,1.2146084200054635E-5,0.9999878539157998
18430.0,0.9999999841455915,6.187557464611606E-11,1.5792532824508797E-8
18157.0,0.9919941262638462,0.007764474803283711,2.4139893287012333E-4
18463.0,0.7536438309957022,0.2462123457634884,1.4382324080937435E-4
18700.0,0.010837916903512483,4.4622024768766154E-5,0.9891174610717187
17125.0,6.922391585262734E-8,0.9927541158749421,0.0072458149011420305
17398.0,0.009176252765214407,0.5565870090029565,0.43423673823182896
18089.0,9.677781080502127E-18,0.9998847128107067,1.1528718929346477E-4
18362.0,0.9470184528758889,0.052961751172457494,1.9795951653544524E-5
17820.0,0.9817312737239562,0.018268725686375477,5.896684537312916E-10
17551.0,0.9196303301071749,0.03111721442737529,0.04925245546544977
18523.0,0.11597687746656986,0.8839221950276696,1.00927505760421E-4
17211.0,1.5324877983226158E-8,1.0406907491660165E-10,0.999999984571053
18295.0,0.9615226287732447,0.038469708005409345,7.663221345780424E-6
18020.0,1.3241545322779028E-6,0.999997997815453,6.780300148778008E-7
17474.0,0.9447952561410315,0.05511416105231155,9.058280665691731E-5
17745.0,0.9978420221355208,0.002157688536766038,2.8932771325911243E-7
18582.0,1.5090752413188363E-23,4.176607419321728E-5,0.9999582339258067
17684.0,0.4507868300197398,0.0033856434836272114,0.545827526496633
17415.0,0.9999999993272903,3.4725355642560834E-10,3.254561362104769E-10
17953.0,0.050327139547427915,0.9496728604525722,9.98567656228882E-27
18226.0,0.8463718285832879,0.0015927039746831558,0.1520354674420291
17005.0,0.7736165526817241,0.22638344141264882,5.905627099558287E-9
17278.0,0.9562880645259937,0.0345112613724704,0.009200674101535945
18643.0,0.9999999986403623,1.3596226536769433E-9,1.5083442077568014E-14
17610.0,0.34571975471866934,0.6542802452808092,5.214901466626618E-13
17881.0,0.9841023826405693,9.656278747594313E-4,0.014931989484671305
18431.0,1.671317166536223E-8,0.9999999832868284,8.32150972591496E-25
18156.0,3.309859327262514E-26,1.485662202797347E-7,0.9999998514337797
17331.0,0.999697900190531,2.967313359794089E-4,5.368473489586042E-6
17056.0,0.7557566406136561,0.011856895465051065,0.23238646392129292
18462.0,0.11021158989085303,0.604796763955589,0.284991646153558
18701.0,0.9166256335443639,0.08313026113262231,2.4410532301395686E-4
18088.0,0.9498989522974643,0.05010104767817412,2.4361449722182962E-11
18363.0,0.9999999748599615,2.3034646198765238E-8,2.105392315607641E-9
17821.0,7.216397609084354E-6,0.0023211104224747955,0.997671673179916
17550.0,0.9405516477243967,0.057810242053468706,0.0016381102221345143
17124.0,4.8042854927335776E-17,4.134346196226422E-4,0.9995865653803774
17399.0,0.7050331810748706,0.28992677506236225,0.0050400438627671565
18522.0,0.963180805420214,0.00112926348417247,0.0356899310956136
18294.0,0.07675487248897502,0.9231112604502517,1.3386706077331685E-4
18021.0,6.073199609898253E-4,0.9993926800385693,4.40993119560203E-13
17475.0,0.9017960648300163,0.09820363053427353,3.0463571015233174E-7
17744.0,6.210813909977611E-12,0.5009728809040361,0.49902711908975306
17210.0,9.848790674064124E-12,0.587951881876308,0.41204811811384323
18583.0,1.1239906337290811E-4,1.2753664653414556E-4,0.999760064290093
18640.0,0.8418601050966128,0.15813499443108525,4.900472301913794E-6
17277.0,2.81699891087421E-8,0.9999999677985815,4.031429205437124E-9
17006.0,0.9910074710080292,0.00890491591668603,8.761307528462816E-5
17412.0,0.8573128964131296,0.053249058129347326,0.08943804545752325
17687.0,1.3190974723498276E-14,0.9998091491340865,1.908508659004074E-4
18225.0,1.0,3.0256602170684635E-23,3.0640259613989714E-20
17954.0,0.02639023590498686,0.9421520830573216,0.03145768103769157
18702.0,0.9914733318490652,0.008038678698286282,4.8798945264857247E-4
18461.0,0.022485439975000743,0.9762413093557561,0.0012732506692429992
17059.0,0.1357374331841483,0.8518637568889662,0.012398809926885546
17328.0,6.707073625460803E-8,0.3042955259292167,0.695704407000047
17882.0,0.9985007537578652,1.0411953231334502E-4,0.0013951267098215514
17609.0,0.9556886045429933,0.04431139545700669,6.979680966594347E-21
18159.0,4.776778885061317E-9,1.6710983583173385E-9,0.9999999935521227
18428.0,0.013939623106270166,0.06521210888455876,0.9208482680091711
18521.0,0.9120949041294916,0.08764382381608732,2.6127205442099815E-4
17396.0,0.7600148604550375,0.23523159886356473,0.004753540681397718
17127.0,0.996619771426023,0.0033802168074405017,1.1766536416537056E-8
18360.0,0.8647045046162535,0.13343872746368024,0.0018567679200663066
18091.0,5.640286437790443E-4,0.02330045121100215,0.9761355201452189
17549.0,0.97562940079444,0.024221646798551866,1.4895240700818052E-4
17822.0,0.9999960222135988,2.315663751237815E-9,3.975470737363469E-6
18580.0,0.999999999988423,1.1519403972530142E-11,5.752330222651828E-14
17209.0,0.8705460406984633,0.12945360826361177,3.510379248469361E-7
18022.0,0.024051588271722147,0.017317128918303084,0.9586312828099748
18293.0,0.8117036041383572,0.18829639586164282,9.216743958727945E-18
17747.0,2.9859074797036082E-21,3.104558335435248E-8,0.9999999689544167
17472.0,0.9999999956387828,4.3612154556302555E-9,1.7857472013474292E-15
18641.0,0.7555758723860312,0.2444241276123462,1.6225703273188569E-12
17413.0,9.806242706676294E-4,0.9989292764251817,9.00993041507811E-5
17686.0,0.8024346304003119,0.012819802401891338,0.18474556719779675
18224.0,2.4227380932431032E-12,0.8069572054944465,0.1930427945031308
17955.0,0.949454084046704,0.05052009006033791,2.5825892958249445E-5
17276.0,0.9992514971992684,7.485028007316386E-4,5.130608431341852E-21
17007.0,0.5743435185534332,0.42181404297330355,0.0038424384732632603
18703.0,1.1936801416595597E-22,1.0307262111211574E-9,0.9999999989692738
18460.0,0.19234303788796173,0.08419466132974371,0.7234623007822946
17883.0,0.9999999880250844,1.1974915682618167E-8,1.252821286701401E-23
17608.0,1.0,3.1972586532413775E-27,1.4860756335774038E-61
18158.0,0.9950575582720042,0.004942441727995911,7.002288543639011E-19
18429.0,0.9430282076776036,0.055954346561915703,0.001017445760480583
17058.0,0.264972307870502,0.5370385378102994,0.19798915431919847
17329.0,0.023848153890734653,0.6099906084804122,0.3661612376288531
18520.0,0.25845371599490374,0.11548523075918729,0.626061053245909
18361.0,2.253160062581789E-10,0.949425360370662,0.050574639404021786
18090.0,0.7234837227035932,0.2759390765826316,5.772007137751937E-4
17548.0,0.9999494077955593,5.059220443846396E-5,2.259536269168573E-15
17823.0,1.9041796739355826E-10,0.9999999998001865,9.395698560590034E-12
17397.0,0.002653061663960444,0.9309980599693201,0.06634887836671954
17126.0,5.499129901925865E-12,3.537917390014663E-8,0.9999999646153269
18581.0,0.38917773860499244,0.08457879778070132,0.5262434636143062
18023.0,0.9999999999999998,2.2210900563494385E-17,1.5835131724586475E-16
18292.0,5.335701186210726E-6,0.9999946638446536,4.541600019498565E-10
17746.0,5.422006089261125E-21,6.03857229183115E-21,1.0
17473.0,0.11660580956491659,0.5589690575178919,0.32442513291719144
17208.0,0.9999999996713291,7.39926304159357E-15,3.286634728719313E-10
17334.0,0.941071451209662,9.016592132105795E-6,0.058919532198205796
17061.0,0.4543326633697523,0.5446050771521919,0.0010622594780559538
18426.0,1.0,1.2905233417788183E-26,2.6603649424436143E-21
18153.0,0.9063139790584941,0.09333629148594969,3.497294555563552E-4
17615.0,0.9999819914821604,1.8752910403433537E-9,1.8006642548589257E-5
17884.0,1.1842699667133784E-7,0.09875346211760182,0.9012464194554014
18459.0,0.0026651691353135744,0.9973317215658177,3.1092988686752264E-6
18696.0,0.7935499440251561,0.2059603456378007,4.897103370432337E-4
17000.0,0.9810820670564496,0.003152302360106583,0.01576563058344382
17275.0,0.0754823475500665,0.9196908962118999,0.0048267562380335995
17956.0,0.9999269783240444,7.302167595551134E-5,5.786619663272988E-22
18231.0,0.9999999896033279,3.705679006753028E-11,1.0359615192632128E-8
17681.0,0.9346532334804436,0.06505580782693365,2.9095869262266106E-4
17410.0,2.9134329789994725E-8,5.623978490564873E-7,0.9999994084678212
18646.0,0.014876329906687235,0.9685067920037528,0.01661687808956
17215.0,0.9372320098278264,0.05916126377036059,0.0036067264018130683
17478.0,0.999999999999966,3.4020982793512764E-14,7.97521518941503E-28
17749.0,0.8989243167274232,0.100983200836355,9.248243622181239E-5
18291.0,0.9999986131640395,1.3868359605182597E-6,6.234473084352817E-20
18016.0,2.587794262349386E-9,0.9956933599101095,0.004306637502096046
18578.0,0.9999736563989133,1.211328638304304E-10,2.6343479953849645E-5
17121.0,2.0586205231590446E-7,0.9999997941352647,2.683012693200561E-12
17394.0,0.9999473533205265,5.264667947342391E-5,4.0757321856984984E-19
17816.0,2.0448327062836652E-12,1.6106697374318383E-7,0.9999998389309814
17547.0,1.0,1.919138300954409E-40,3.8331499971864505E-17
18093.0,2.861212625458459E-14,5.766948678893887E-21,0.9999999999999714
18366.0,0.7070968899799,0.2929031021094331,7.910666854675787E-9
18527.0,0.9310651052021786,0.06893489252652533,2.271296123413879E-9
18427.0,0.9613650410094038,0.038634958800369885,1.9022626400951218E-10
18152.0,0.012171225116944939,5.606222788899557E-4,0.9872681526041652
17614.0,6.693713304507854E-23,4.250433616945201E-4,0.9995749566383054
17885.0,0.9941389114503923,0.005860798173638009,2.9037596980621017E-7
17335.0,4.317794097537104E-6,0.14099329217246082,0.8590023900334417
17060.0,2.7607896625766826E-21,0.8963593333245453,0.1036406666754546
18458.0,0.05635946234355616,0.9436405268237859,1.0832658060630367E-8
18697.0,6.706227201170471E-11,4.522004990120817E-4,0.9995477994339257
17957.0,6.702682871081115E-14,0.5978132301130159,0.4021867698869171
18230.0,1.5322265099226218E-13,3.6203696970249845E-11,0.9999999999636431
17680.0,0.9754798269067957,0.02430064440573473,2.195286874696371E-4
17411.0,0.927032788316758,0.0727478931002695,2.1931858297259598E-4
17001.0,0.9900844060533267,0.009915064724102156,5.292225711501336E-7
17274.0,2.1410177931695135E-21,3.4308473085286126E-4,0.9996569152691472
18647.0,0.9999999954260654,4.573934603984488E-9,1.058099105812775E-18
17479.0,0.001943912353472355,0.9975945807226673,4.615069238603211E-4
17748.0,6.59700784058955E-8,6.686170576203222E-10,0.9999999333613045
18290.0,0.8523828835457078,0.14761711645429199,2.71460127947711E-16
18017.0,0.7803452159007674,0.21956855808289918,8.622601633354283E-5
17214.0,0.001600137332156256,1.925838124665507E-6,0.9983979368297191
18579.0,0.9309097768287911,0.06905891679123204,3.130637997679455E-5
17817.0,0.9999999871383215,7.74660223468161E-16,1.2861677838215716E-8
17546.0,0.9999995733502793,4.2230491806117363E-7,4.344802686019464E-9
18092.0,0.9999800825027855,9.134419157905087E-6,1.0783078056762315E-5
18367.0,9.437039903199524E-25,0.9999999999977989,2.2011928098909696E-12
17120.0,0.996990034085618,0.0028099057207546635,2.0006019362718016E-4
17395.0,3.949500885520329E-9,0.030033959513674498,0.9699660365368246
18526.0,0.06887394793178075,0.4702981912584164,0.4608278608098029
18698.0,0.6107820534523802,0.3890815452984263,1.3640124919334212E-4
18457.0,0.999999999521296,3.4005415639843183E-10,1.386498589713217E-10
17063.0,0.9930990707094667,0.0055859726754630325,0.0013149566150702221
17332.0,0.9949624252067155,0.005036899888469063,6.749048154329168E-7
18155.0,1.0,2.2904224772211174E-28,1.5587118834077705E-33
18424.0,1.7747646368902137E-15,1.031773546130606E-15,0.9999999999999971
17886.0,0.927032788316758,0.0727478931002695,2.1931858297259598E-4
17613.0,0.0194500426342967,0.9657196389910746,0.0148303183746286
18644.0,1.8532948538161093E-13,2.307878488144515E-6,0.9999976921213266
17273.0,0.9856395181725429,0.014271819304578636,8.866252287829977E-5
17002.0,1.5622299738851377E-21,4.39029802218004E-4,0.999560970197782
18229.0,0.9601971066325167,0.03980289336748339,6.597749165531071E-19
17958.0,1.6099754740532543E-7,3.2659333073004033E-4,0.9996732456717224
17408.0,0.880793382900959,0.07826322652370686,0.0409433905753342
17683.0,0.9999414613499512,5.853854897791426E-5,1.0107079019385969E-10
18576.0,0.8623845129507357,0.13726077477461146,3.5471227465286103E-4
17213.0,0.6642357621935058,0.33572312078478356,4.111702171076157E-5
17751.0,0.9981660749022006,0.0017445142323111041,8.941086548855482E-5
17476.0,0.9966767627791797,0.003323237220367551,4.5271157632738083E-13
18018.0,0.9998951504728304,1.04634904425421E-4,2.146227442216182E-7
18289.0,6.503838762349473E-7,0.9999993479421645,1.6739591121469918E-9
18525.0,0.909157712765562,0.09068316202739012,1.5912520704781854E-4
17392.0,0.9999999970532716,2.0170123198203064E-9,9.297161623112536E-10
17123.0,0.9968988753372177,3.664502994370262E-9,0.0031011209982794324
17545.0,0.01629812118520448,5.543395990329624E-5,0.9836464448548923
17818.0,0.9824076991572896,0.01759226238040086,3.846230950602577E-8
18364.0,1.1488339795966666E-5,3.7773015016319226E-8,0.9999884738871891
18095.0,6.292309282181581E-13,5.6816623564480913E-5,0.9999431833758062
18699.0,0.7839230864481355,0.08610258706847104,0.12997432648339347
18456.0,0.8640899569850671,0.13581255315405497,9.748986087807376E-5
18154.0,2.0610592364380707E-15,0.9999976325946676,2.367405330440848E-6
18425.0,0.9999997344855306,2.6551446932799425E-7,7.582576663011447E-19
17887.0,4.8521553560747415E-6,0.04930685848611038,0.9506882893585336
17612.0,0.9999999999982514,1.7487110857984155E-12,5.517780611547671E-22
17062.0,1.0198365775041316E-12,0.9917438825594143,0.008256117439566016
17333.0,0.9902584134003769,0.009726825099683282,1.4761499939801949E-5
18645.0,4.2239444116726575E-18,0.2645354049028265,0.7354645950971735
18228.0,0.45687628033572525,0.011255852490430372,0.5318678671738444
17959.0,0.9974203912718792,0.002578581224594082,1.0275035265383136E-6
17409.0,1.2554884708767248E-4,1.0140275412830633E-5,0.9998643108774994
17682.0,0.9999999999999862,1.1895268711688875E-14,1.666566407120276E-15
17272.0,0.09846336028162052,0.8923934231602839,0.009143216558095496
17003.0,0.9626660313130047,0.03733396868699547,7.82295798088738E-18
18577.0,1.3644900028243462E-11,0.9999998187343089,1.8125204626953385E-7
17750.0,2.1604343649473578E-5,0.3394467373182427,0.6605316583381079
17477.0,0.3005905988194097,0.6893142677004986,0.010095133480091579
18019.0,0.9532187523940264,0.046565081567885636,2.1616603808789162E-4
18288.0,3.5620880915432E-13,0.959211746241389,0.04078825375825475
17212.0,3.754060484056549E-8,0.8087566326058336,0.1912433298535614
18524.0,0.9760451774041626,0.02395480498966317,1.7606174309976754E-8
17544.0,0.8452056022336794,0.006589364038117987,0.14820503372820262
17819.0,0.997964014752193,0.0020359852344060477,1.3401055219594298E-11
18365.0,0.03905378082893209,0.017366901104136658,0.9435793180669313
18094.0,0.1188050936256269,0.046966782600635824,0.8342281237737372
17393.0,6.291811811254382E-8,2.6903427308744385E-4,0.9997309028087944
17122.0,5.310728679355315E-5,3.4467851070789506E-5,0.9999124248621357
18498.0,4.591125991634303E-21,3.730811881919997E-5,0.9999626918811808
17148.0,2.951644481218046E-8,7.952884914146602E-5,0.9999204416344138
17391.0,4.818481797684891E-12,0.9723834235729728,0.027616576422208626
18096.0,7.711067622488511E-13,0.5484397209753301,0.4515602790238987
18339.0,1.0590735714568636E-15,0.9908121168323665,0.009187883167632385
17797.0,3.240045015133807E-12,0.9055355994988388,0.0944644004979213
17558.0,0.9975662783480624,0.002097521865003265,3.361997869343527E-4
18575.0,0.9396907484530344,0.060305136298914014,4.115248051630695E-6
17186.0,0.0010252614975443885,4.6810789551665305E-7,0.99897427039456
18286.0,2.3463490436139957E-17,0.8029942044362297,0.19700579556377035
18045.0,0.2147505248164047,0.7722188335679981,0.013030641615597189
17499.0,0.7690397735801335,0.21211297204710486,0.018847254372761593
17736.0,0.9999999999985401,5.095165585102062E-16,1.4594035574635083E-12
18635.0,2.961351318520208E-17,0.143222898145404,0.8567771018545959
17013.0,0.9936837994269704,0.006316200573028282,1.3225602735474056E-15
17254.0,0.7918569806518441,0.1487432834385455,0.059399735909610445
17676.0,9.055537815969564E-4,0.012224168097765881,0.9868702781206371
17439.0,0.5125724233621428,0.48734027168241956,8.730495543766674E-5
17977.0,1.7247124343361604E-7,1.9835636198778892E-23,0.9999998275287565
18218.0,0.0016484364412709953,0.9957610513596087,0.002590512199120376
18438.0,0.9999999990745214,9.254716952438908E-10,6.7870305208426495E-15
18709.0,0.9995631126037932,4.368873962066339E-4,2.0054685639308152E-16
17323.0,0.9999999848312553,1.516874445528681E-8,2.564903979549336E-16
17080.0,4.1485686560275056E-5,0.9999330097537009,2.550455973880397E-5
17618.0,0.9999363205676003,1.7180928589186751E-9,6.367771430682542E-5
17857.0,1.8274287176370842E-9,0.14716916832477028,0.852830829847801
18407.0,0.9966130841909103,0.0032253985526644368,1.6151725642519812E-4
18164.0,0.04222659282350027,0.9577734071762041,2.9567476804526354E-13
18499.0,0.7434815103142332,0.2565031654460858,1.5324239681023646E-5
18097.0,0.21076120576164828,0.7892387942383517,1.0799334431542543E-19
18338.0,5.884397569883229E-4,0.7027721998890007,0.29663936035401095
17796.0,0.011206515488940702,0.988490407886465,3.0307662459419033E-4
17559.0,1.3351161864828657E-7,3.417172196146342E-6,0.9999964493161851
17149.0,9.047211445522048E-6,3.5380583217637377E-4,0.9996371469563782
17390.0,0.9999965022987496,3.497701250462918E-6,1.0421366720294635E-20
18574.0,0.706450964232617,0.0012160125001326207,0.29233302326725047
18287.0,0.91318909396305,0.08680366814870263,7.237888247184119E-6
18044.0,0.10664726875401047,0.8697828719475559,0.023569859298433627
17498.0,4.1091954019260147E-4,0.9915395601448593,0.008049520314948011
17737.0,1.0,2.503689923631173E-19,2.457474928706745E-19
17187.0,4.271491449559889E-16,0.7805400355176907,0.21945996448230898
18634.0,0.9998038324032953,1.9616759670476263E-4,5.624553230407266E-17
17677.0,0.3861138908896848,0.03893300035855362,0.5749531087517616
17438.0,0.9945075311306361,0.005492265968371726,2.0290099205765705E-7
17976.0,1.2142127065037827E-7,3.4221260033929645E-20,0.9999998785787293
18219.0,0.9962705365735648,0.0036468063815625665,8.26570448727574E-5
17012.0,0.0025475909471130223,4.6817166761573486E-5,0.9974055918861253
17255.0,1.1741999560583613E-33,1.498430075717377E-11,0.9999999999850158
18439.0,0.999987256867097,3.281440178949113E-15,1.2743132899662005E-5
18708.0,5.222167301532802E-30,0.999993679677911,6.32032208898269E-6
17619.0,1.4693099507431731E-9,0.679082217666042,0.320917780864648
17856.0,0.1670736726957444,0.8329246900564421,1.6372478135420624E-6
18406.0,0.9999999999690641,3.0935888270691046E-11,1.057131748430009E-24
18165.0,0.022130273460571517,0.35766534038081876,0.6202043861586096
17322.0,0.29188267805859264,0.7029500957650703,0.005167226176336997
17081.0,0.9697656407531811,5.192319789300408E-8,0.030234307323620955
17389.0,2.6693383600907486E-8,0.9996117426973452,3.882306092713502E-4
17150.0,1.2110739230626037E-10,0.9999994785446379,5.213342547237232E-7
18337.0,0.880127620230754,0.11970464312745485,1.6773664179102842E-4
18098.0,0.9973543568487461,0.0026456377070628303,5.444191006420581E-9
17556.0,1.0139486926072603E-8,0.9999992377089217,7.521515914014881E-7
17799.0,0.04496853526675823,0.03246197026607566,0.9225694944671661
18496.0,0.018859361776804653,0.03473411626059428,0.946406521962601
17184.0,0.004954854716866502,0.9950451452829263,2.071789570180813E-13
18047.0,0.9999999999988531,7.451716619976961E-13,4.0165027727055143E-13
18284.0,0.99999999468664,2.96728718032248E-20,5.313359998246413E-9
17738.0,0.9522713723683832,0.047659086032349404,6.954159926737738E-5
17497.0,0.9928269025549078,0.007165350274351151,7.747170741027855E-6
18573.0,1.0,1.053033921627971E-38,1.2798383682965935E-40
17252.0,0.9079370371997422,0.09206296278416692,1.609099038065259E-11
17015.0,2.5876042865011868E-17,4.563943936910054E-8,0.9999999543605606
17437.0,0.9958780827449518,0.00411989436772904,2.0228873189187962E-6
17678.0,0.9709866329546142,0.02901336704530568,8.014331121144059E-14
18216.0,0.9999999985675865,1.4189690168559902E-9,1.3444656817073078E-11
17979.0,0.011407245787951175,4.7365509397748155E-6,0.9885880176611089
18633.0,0.9904242088050269,0.009575117819331506,6.733756415223488E-7
17082.0,0.06510298623770083,0.42660844791137204,0.5082885658509271
17321.0,0.9999999999837619,1.622748747417922E-11,1.058375506098089E-14
17859.0,3.282420775914207E-12,0.9995591878704435,4.408121262742138E-4
17616.0,1.1772953226374509E-5,0.5753424391392481,0.42464578790752555
18166.0,2.570948325590438E-13,1.9811539086174226E-13,0.9999999999995448
18405.0,0.9927953212393085,0.0030538629548348263,0.004150815805856776
18711.0,0.9803411438237903,0.019579657846293355,7.91983299164165E-5
18436.0,0.060969288274808305,0.935131935161991,0.00389877656320083
18336.0,0.05113938114191161,0.9110823108690774,0.037778307989010954
18099.0,0.0222782968261754,0.9775839736900485,1.3772948377610512E-4
17557.0,0.7783545515390607,0.13143256583347898,0.09021288262746022
17798.0,0.9673208146274413,0.03244294070572809,2.3624466683059124E-4
17388.0,0.8449672031055075,0.15503279689449243,2.720330661603845E-20
17151.0,0.6714405770586255,0.27660963321959875,0.05194978972177574
18497.0,0.7817791722376853,0.08835189514315465,0.12986893261916002
18046.0,0.19955539326083283,0.7976851488722753,0.0027594578668919505
18285.0,1.0,2.2655024758933637E-21,2.3081264018344283E-24
17739.0,0.6582183184716721,0.297855035725006,0.04392664580332187
17496.0,0.9930531797573612,0.004247192173128094,0.0026996280695107335
17185.0,0.9913306382744946,0.0074167573550998605,0.0012526043704053614
18572.0,3.7415596294902324E-17,8.252482475943092E-37,1.0
17436.0,0.9786855442821387,6.98672301661681E-11,0.021314455647994023
17679.0,1.2087319427233441E-15,0.10315972016488958,0.8968402798351092
18217.0,0.9997750569971263,1.8289239909969446E-4,4.205060377382186E-5
17978.0,3.3862576888257706E-5,0.03159989120829566,0.968366246214816
17253.0,0.9987950322462007,0.0012049674034369975,3.5036233920901567E-10
17014.0,0.9999999999910241,3.21439587266457E-16,8.975648469368804E-12
18632.0,0.9850110477588224,0.014760172496137808,2.287797450397817E-4
17858.0,0.9999999991718669,2.3400427933135764E-33,8.281332265293492E-10
17617.0,1.8885777369822503E-9,0.9466126856982723,0.05338731241314983
18167.0,9.08237048551972E-11,0.9999999999091762,1.093649535899791E-32
18404.0,3.5019033160645655E-4,0.001791840101677258,0.9978579695667164
17083.0,0.9999999999860993,1.3899786618188078E-11,9.650894452917655E-16
17320.0,0.999999817840754,1.7925211248869662E-7,2.907133494289519E-9
18710.0,0.5385903063027696,0.2934786988298026,0.16793099486742774
18437.0,0.952851111162054,0.031174298518235343,0.01597459031971076
18571.0,3.0401283906954224E-4,6.231792766838901E-6,0.9996897553681636
17190.0,0.010817671000907922,0.2750654214900586,0.7141169075090334
17503.0,0.9999958192529514,2.3334971517895118E-7,3.947397333390128E-6
17740.0,0.9927122547983547,0.0016992339427789713,0.0055885112588662696
18282.0,0.16647689898769025,0.7123203950783259,0.12120270593398377
18041.0,0.9993000860395546,6.503009148103605E-4,4.961304563508205E-5
18502.0,7.817823232565898E-9,0.9951072560995015,0.004892736082675369
17144.0,0.5858421679597512,1.4573661845989838E-12,0.4141578320387914
17387.0,0.37854032076359384,0.052026898322995264,0.5694327809134109
17793.0,0.14196376886119075,0.00838390505392978,0.8496523260848795
17554.0,0.9449572457110519,0.01489674896183268,0.04014600532711541
