18081.0,0.9531078659450758,0.0468921340549242,0.0
18354.0,0.4815230062671094,0.22571882091011505,0.2927581728227754
17812.0,0.2670877321669663,0.7087180228903434,0.024194244942690405
17543.0,0.3260913655220094,0.6545946531443023,0.01931398133368819
17133.0,0.9696370614917632,0.02465747917535163,0.0057054593328853005
17406.0,0.4815230062119824,0.22571882090787632,0.2927581728801413
18752.0,0.2661612170657069,0.6847246637081116,0.04911411922618146
18515.0,0.4204506986409103,0.2637778373609053,0.31577146399818445
18303.0,0.4815228404009468,0.2257188142409023,0.2927583453581509
18028.0,0.4190406271418653,0.25881285860047687,0.3221465142576578
17482.0,0.43169112562069,0.14366132325408754,0.42464755112522246
17753.0,0.47172481195790983,0.22471395005326908,0.3035612379888212
17203.0,0.8975034449495255,0.10249655505047461,0.0
18590.0,0.4815230043107319,0.22571882083146505,0.2927581748578031
17693.0,0.9696370614917632,0.02465747917535163,0.0057054593328853005
17422.0,0.46711396373836456,0.22554116199052127,0.3073448742711142
17960.0,0.9443557872295143,0.05564421277048579,0.0
18235.0,0.46711396373836456,0.22554116199052127,0.3073448742711142
16996.0,0.939452711739069,0.049292296641432747,0.01125499161949834
17271.0,0.9443557836992096,0.05564421630079037,0.0
18650.0,0.4060536452692433,0.5700900044964785,0.02385635023427813
17603.0,0.4834230773305948,0.21380552814509352,0.30277139452431173
17872.0,0.939452711739069,0.049292296641432747,0.01125499161949834
18422.0,0.4874036859880739,0.22115624465518266,0.2914400693567435
18149.0,0.4717248122935895,0.22471395006520734,0.3035612376412032
17338.0,0.8975034666987461,0.10249653330125388,0.0
17065.0,0.42045069864089807,0.26377783736089766,0.3157714639982043
18455.0,0.9717955769590639,0.028204423040936184,0.0
18692.0,0.4717248122935895,0.22471395006520734,0.3035612376412032
17132.0,0.48453907613373304,0.20571140551645611,0.3097495183498108
17407.0,0.48740368599449846,0.22115624465507383,0.29144006935042777
18080.0,0.41899192774074334,0.2504119000915173,0.33059617216773934
18355.0,0.48060983469692514,0.20922443691277007,0.31016572839030476
17813.0,0.9533043541988141,0.046695645801185896,0.0
17542.0,0.48342307732178075,0.21380552814552184,0.3027713945326975
18514.0,0.487403685519076,0.22115624464269484,0.2914400698382292
17202.0,0.46711396373836456,0.22554116199052127,0.3073448742711142
18302.0,0.9316732686827184,0.06832673131728163,0.0
18029.0,0.41914668463154564,0.250148504679981,0.3307048106884733
17483.0,0.48453907613373304,0.20571140551645611,0.3097495183498108
17752.0,0.7405487232108151,0.25945127678918495,0.0
18591.0,0.48740368599449846,0.22115624465507383,0.29144006935042777
16997.0,0.4717247967189987,0.22471394951098697,0.3035612537700143
17270.0,0.48740368599391937,0.22115624465508096,0.29144006935099975
17692.0,0.46711396373049835,0.22554116199043453,0.30734487427906715
17423.0,0.4190406271418653,0.25881285860047687,0.3221465142576578
17961.0,0.4863772931549483,0.13796383706839987,0.3756588697766518
18234.0,0.9612346095753859,0.03876539042461425,0.0
18651.0,0.2670877321669663,0.7087180228903434,0.024194244942690405
17339.0,0.4815230062681881,0.22571882091016757,0.2927581728216444
17064.0,0.4204506986408978,0.26377783736089755,0.31577146399820466
17602.0,0.18228541219922537,0.7602863430823242,0.05742824471845045
17873.0,0.9482729583471656,0.05172704165283436,0.0
18423.0,0.48342307733726114,0.21380552814478476,0.30277139451795404
18148.0,0.27350938979127903,0.1928424410679382,0.5336481691407827
18454.0,0.2927301053849989,0.6566561268836367,0.05061376773136434
18693.0,0.48060983469692514,0.20922443691277007,0.31016572839030476
18513.0,0.41899192774074334,0.2504119000915173,0.33059617216773934
18352.0,0.48342307733719464,0.21380552814475529,0.3027713945180501
18083.0,0.4375537391815957,0.13465991477780637,0.42778634604059795
17541.0,0.4214409356214758,0.24624582020935187,0.33231324416917235
17814.0,0.18222656741976703,0.7603433395379225,0.0574300930423104
17404.0,0.4815230062681881,0.22571882091016757,0.2927581728216444
17135.0,0.9472476278199519,0.049148110384555965,0.0036042617954922013
18588.0,0.942068193828828,0.05793180617117202,0.0
18030.0,0.29102267939747417,0.19263407626509746,0.5163432443374284
18301.0,0.48342307733726114,0.21380552814478476,0.30277139451795404
17755.0,0.9866004609052651,0.013399539094734928,0.0
17480.0,0.42045069864089807,0.26377783736089766,0.3157714639982043
17201.0,0.9482729583471656,0.05172704165283436,0.0
18648.0,0.9544882159306322,0.045511784069367865,0.0
17420.0,0.4815230062681881,0.22571882091016757,0.2927581728216444
17695.0,0.4204536709583354,0.2637652884703409,0.3157810405713236
18233.0,0.48453907607159236,0.205711405521693,0.3097495184067147
17962.0,0.48740368599442735,0.22115624465508343,0.2914400693504893
17269.0,0.4190406271418657,0.2588128586004787,0.3221465142576556
16998.0,0.4189919277407876,0.25041190009153946,0.33059617216767295
18694.0,0.48342307733726114,0.21380552814478476,0.30277139451795404
18453.0,0.2767827725516609,0.6797865163159258,0.043430711132413306
17874.0,0.3262434274033592,0.6544984888621348,0.019258083734505885
17601.0,0.27677954636727187,0.6797895723319337,0.04343088130079442
18151.0,0.4717248122803577,0.22471395006472888,0.3035612376549134
18420.0,0.3336522098625543,0.6427199344404176,0.023627855697028088
17067.0,0.4815230062681881,0.22571882091016757,0.2927581728216444
17336.0,0.9866004609052651,0.013399539094734928,0.0
18512.0,0.4189919288452105,0.2504118982118099,0.33059617294297955
17405.0,0.26370261141635654,0.6764601999685701,0.059837188615073374
17134.0,0.24887863273320296,0.2410130631473799,0.5101083041194172
18353.0,0.4190406271418653,0.25881285860047687,0.3221465142576578
18082.0,0.29102267939740584,0.1926340762650522,0.516343244337542
17540.0,0.46711396373836456,0.22554116199052127,0.3073448742711142
17815.0,0.9156033883133081,0.08439661168669192,0.0
18589.0,0.9533043541988141,0.046695645801185896,0.0
17200.0,0.3171949966400686,0.20663876303849926,0.4761662403214321
18031.0,0.48740368520257205,0.22115624478651438,0.29144007001091354
18300.0,0.42045069864089807,0.26377783736089766,0.3157714639982043
17754.0,0.4190406271418653,0.25881285860047687,0.3221465142576578
17481.0,0.29102267939747417,0.19263407626509746,0.5163432443374284
18649.0,0.43169112562069,0.14366132325408754,0.42464755112522246
17268.0,0.42034261897423275,0.2512187775219092,0.32843860350385806
16999.0,0.46711396373832276,0.2255411619905135,0.3073448742711637
17421.0,0.9223292790831276,0.07767072091687251,0.0
17694.0,0.3336541105038312,0.6427175711076765,0.02362831838849232
18232.0,0.41904062714186674,0.2588128586004827,0.3221465142576506
17963.0,0.4190406271418737,0.258812858600447,0.32214651425767926
18695.0,0.47172476372773475,0.2247139483370253,0.30356128793523995
18452.0,0.4934815260578363,0.12647835056811169,0.3800401233740521
17066.0,0.41899192774074334,0.2504119000915173,0.33059617216773934
17337.0,0.4717248122935895,0.22471395006520734,0.3035612376412032
17875.0,0.9424761325248823,0.057523867475117764,0.0
17600.0,0.4934815260578363,0.12647835056811169,0.3800401233740521
18150.0,0.48453907613373304,0.20571140551645611,0.3097495183498108
18421.0,0.4204506986409822,0.26377783736082205,0.3157714639981957
17486.0,0.947247627819923,0.04914811038458287,0.003604261795494092
17757.0,0.9223292790831276,0.07767072091687251,0.0
18299.0,0.4190407927515587,0.2588122680921325,0.3221469391563088
18024.0,0.27287574831778894,0.7271242516822111,0.0
17207.0,0.4204506986459593,0.2637778373640729,0.3157714639899678
18586.0,0.2670877321669663,0.7087180228903434,0.024194244942690405
17808.0,0.47172481229352436,0.2247139500651763,0.30356123764129933
17539.0,0.48152300626818456,0.22571882091016587,0.29275817282164956
18085.0,0.2670877321669663,0.7087180228903434,0.024194244942690405
18358.0,0.3197964595895046,0.6798364771589056,3.670632515898393E-4
17129.0,0.9424761325249809,0.057523867475019155,0.0
17402.0,0.946441775941898,0.0498407765037489,0.0037174475543530006
18519.0,0.251182552630406,0.6851628463912804,0.06365460097831356
18418.0,0.9472476278199519,0.049148110384556035,0.0036042617954921974
18145.0,0.9696370614917632,0.02465747917535163,0.0057054593328853005
17607.0,0.9696370614917632,0.02465747917535163,0.0057054593328853005
17876.0,0.48342297914114885,0.21380553311998568,0.3027714877388655
17342.0,0.43169112562069,0.14366132325408754,0.42464755112522246
17069.0,0.9692762458268677,0.025080734933417097,0.005643019239715238
18451.0,0.48740368599449846,0.22115624465507383,0.29144006935042777
18688.0,0.48152300626814554,0.22571882091015325,0.2927581728217013
17964.0,0.28942660231950296,0.2020934713184767,0.5084799263620203
18239.0,0.48453907613373304,0.20571140551645611,0.3097495183498108
17689.0,0.4192577617079312,0.2505707045652524,0.33017153372681646
17418.0,0.48740368599449846,0.22115624465507383,0.29144006935042777
16992.0,0.4815230062555022,0.22571882090970102,0.2927581728347967
17267.0,0.26710427846914775,0.7086945603934527,0.02420116113739945
18654.0,0.29102267939747417,0.19263407626509746,0.5163432443374284
17206.0,0.9472476278199508,0.04914811038455698,0.0036042617954922637
17487.0,0.9717955769610831,0.028204423038916994,0.0
17756.0,0.28942660231950296,0.2020934713184767,0.5084799263620203
18298.0,0.48740368599449846,0.22115624465507383,0.29144006935042777
18025.0,0.26881910199039466,0.19143669218367323,0.5397442058259321
18587.0,0.4874036859944845,0.22115624465506759,0.2914400693504479
17128.0,0.46711396385966564,0.22554116204909025,0.3073448740912441
17403.0,0.9465781906219173,0.04763582863280557,0.005785980745277064
17809.0,0.27677954636727187,0.6797895723319337,0.04343088130079442
17538.0,0.48740121189805236,0.22115618052883487,0.29144260757311274
18084.0,0.9669683148146295,0.03303168518537044,0.0
18359.0,0.47172481229352436,0.2247139500651763,0.30356123764129933
18518.0,0.48342307733726114,0.21380552814478476,0.30277139451795404
17343.0,0.3171949966400686,0.20663876303849926,0.4761662403214321
17068.0,0.9482694132395701,0.051730586760429895,0.0
18419.0,0.9533043541988141,0.046695645801185896,0.0
18144.0,0.4190406278373817,0.258812861507764,0.3221465106548542
17606.0,0.4834219242212531,0.21380558656792054,0.3027724892108263
17877.0,0.4717248122935895,0.22471395006520734,0.3035612376412032
18450.0,0.972863417026763,0.02713658297323699,0.0
18689.0,0.41899192774072846,0.2504119000915083,0.3305961721677632
16993.0,0.48060983469692514,0.20922443691277007,0.31016572839030476
17266.0,0.9316732686984662,0.0683267313015337,0.0
17965.0,0.4206692848689911,0.2628518448978893,0.31647887023311966
18238.0,0.4806102730641336,0.209224627771747,0.31016509916411944
17688.0,0.42045069864089807,0.26377783736089766,0.3157714639982043
17419.0,0.4190406271418653,0.25881285860047687,0.3221465142576578
18655.0,0.48453907613373304,0.20571140551645611,0.3097495183498108
18584.0,0.48342307733726114,0.21380552814478476,0.30277139451795404
17759.0,0.24887863273317953,0.24101306314735732,0.5101083041194632
17484.0,0.26881910199039466,0.19143669218367323,0.5397442058259321
18026.0,0.4815230062519383,0.22571882090949064,0.29275817283857103
18297.0,0.9316732686984662,0.0683267313015337,0.0
17205.0,0.3264002543398849,0.6548086695414872,0.018791076118627927
18517.0,0.3068428259338754,0.6333972045320054,0.05975996953411909
17537.0,0.4204507037913662,0.26377781561701,0.3157714805916238
17810.0,0.4806097718533625,0.20922445116235303,0.31016577698428455
18356.0,0.42045069864089807,0.26377783736089766,0.3157714639982043
18087.0,0.27287574831778894,0.7271242516822111,0.0
17400.0,0.4806098346372812,0.20922443694531892,0.31016572841739987
17131.0,0.4717248122936546,0.22471395006523837,0.30356123764110704
18690.0,0.33365261618199277,0.6427207065240016,0.02362667729400562
18449.0,0.27903251994244727,0.7158600460542627,0.005107434003290052
18147.0,0.2637028708572036,0.6764599458250614,0.05983718331773496
18416.0,0.4204507509415593,0.2637778701454948,0.3157713789129458
17878.0,0.46711396373836456,0.22554116199052127,0.3073448742711142
17605.0,0.48060983469692514,0.20922443691277007,0.31016572839030476
17071.0,0.42045069864088414,0.2637778373608884,0.3157714639982274
17340.0,0.4834166429186657,0.2138058541288434,0.30277750295249084
18652.0,0.4934815260578363,0.12647835056811169,0.3800401233740521
18237.0,0.9533043541988141,0.046695645801185896,0.0
17966.0,0.41904069777045083,0.258812606762982,0.32214669546656727
17416.0,0.48453907613373304,0.20571140551645611,0.3097495183498108
17691.0,0.4934815260578363,0.12647835056811169,0.3800401233740521
17265.0,0.31719499664006856,0.20663876303849923,0.4761662403214321
16994.0,0.46711396339564715,0.22554116197439353,0.30734487462995935
18585.0,0.48341134901203586,0.213806122297934,0.3027825286900302
17204.0,0.9193835116340412,0.07317339130614003,0.007443097059818663
17758.0,0.9669683148146295,0.03303168518537044,0.0
17485.0,0.48060983040035504,0.2092244378869622,0.3101657317126828
18027.0,0.48453907613373304,0.20571140551645611,0.3097495183498108
18296.0,0.9696370614917632,0.02465747917535163,0.0057054593328853005
18516.0,0.46711396373381914,0.225541162006583,0.30734487425959783
17401.0,0.4671139637383643,0.22554116199052118,0.3073448742711145
17130.0,0.48740368599449846,0.22115624465507383,0.29144006935042777
17536.0,0.43169112562069,0.14366132325408754,0.42464755112522246
17811.0,0.280256608815531,0.19497936043885408,0.524764030745615
18357.0,0.48740368599449846,0.22115624465507383,0.29144006935042777
18086.0,0.41899192774074334,0.2504119000915173,0.33059617216773934
18691.0,0.48740368599449846,0.22115624465507383,0.29144006935042777
18448.0,0.48704863970270085,0.22114696502668948,0.2918043952706097
17070.0,0.4189919295872676,0.25041190119487083,0.3305961692178616
17341.0,0.3476118540160851,0.6523881459839149,0.0
18146.0,0.41899192774074334,0.2504119000915173,0.33059617216773934
18417.0,0.4815230062681881,0.22571882091016757,0.2927581728216444
17879.0,0.48060983469692514,0.20922443691277007,0.31016572839030476
17604.0,0.9520780767131342,0.04791869492865358,3.228358212255406E-6
18653.0,0.43170088645228966,0.14374101886707474,0.42455809468063554
17264.0,0.4874036859944271,0.22115624465504177,0.291440069350531
16995.0,0.2670877321623076,0.708718022893946,0.024194244943746435
18236.0,0.2672136817331594,0.708591362421899,0.024194955844941652
17967.0,0.48453907613373304,0.20571140551645611,0.3097495183498108
17417.0,0.9465784646745551,0.047635611068756537,0.005785924256688386
17690.0,0.18222656737273332,0.7603433395553558,0.057430093071910986
17004.0,0.2638312853152592,0.6764614698141742,0.05970724487056657
17279.0,0.9470610034820783,0.052938996517921576,0.0
17685.0,0.46711396373836456,0.22554116199052127,0.3073448742711142
17414.0,0.48453907613373304,0.20571140551645611,0.3097495183498108
17952.0,0.276779546367272,0.6797895723319336,0.04343088130079443
18227.0,0.4189919277431877,0.2504119000873527,0.33059617216945963
18642.0,0.9533043541988141,0.046695645801185896,0.0
17330.0,0.29904645996140244,0.6592472190888506,0.04170632094974696
17057.0,0.4874036859944768,0.2211562446550642,0.29144006935045896
17611.0,0.48060983469692514,0.20922443691277007,0.31016572839030476
17880.0,0.48453907613373304,0.20571140551645611,0.3097495183498108
18430.0,0.47172481135337485,0.22471395003179528,0.30356123861482986
18157.0,0.9464418381601402,0.04984077979490154,0.0037173820449581483
18463.0,0.49172831226621366,0.12930339392896167,0.3789682938048247
18700.0,0.47172480697525104,0.22471394987592289,0.3035612431488261
17125.0,0.9696370614917632,0.02465747917535163,0.0057054593328853005
17398.0,0.4204506990721911,0.2637778355398497,0.3157714653879592
18089.0,0.9866004609052651,0.013399539094734928,0.0
18362.0,0.4874036859945475,0.22115624465509637,0.2914400693503561
17820.0,0.4671139644869768,0.22554116508818992,0.30734487042483327
17551.0,0.46711396373836456,0.22554116199052127,0.3073448742711142
18523.0,0.9533043419520294,0.04669565804797062,0.0
17211.0,0.9533043541988141,0.046695645801185896,0.0
18295.0,0.47172481223108403,0.2247139500630226,0.3035612377058933
18020.0,0.48740368599449846,0.22115624465507383,0.29144006935042777
17474.0,0.4717248122935895,0.22471395006520734,0.3035612376412032
17745.0,0.4845390760964464,0.20571140551961598,0.30974951838393766
18582.0,0.42045069864089807,0.26377783736089766,0.3157714639982043
17684.0,0.48453907613373304,0.20571140551645611,0.3097495183498108
17415.0,0.9223292790831276,0.07767072091687251,0.0
17953.0,0.9696370614917632,0.02465747917535163,0.0057054593328853005
18226.0,0.3171949966400686,0.20663876303849926,0.4761662403214321
17005.0,0.9387115249803231,0.06128847501967689,0.0
17278.0,0.4815230062681881,0.22571882091016757,0.2927581728216444
18643.0,0.9223292790831276,0.07767072091687251,0.0
17610.0,0.2991171792133212,0.6591767946925003,0.041706026094178464
17881.0,0.467160337616624,0.22556354328709946,0.3072761190962765
18431.0,0.2875405547691328,0.6710401928470612,0.041419252383806025
18156.0,0.280256608815531,0.19497936043885408,0.524764030745615
17331.0,0.4204503967824996,0.2637838847970075,0.31576571842049295
17056.0,0.9223292790831276,0.07767072091687251,0.0
18462.0,0.418991928122276,0.2504118994420241,0.3305961724357
18701.0,0.2875405547691328,0.6710401928470612,0.041419252383806025
18088.0,0.251182552630406,0.6851628463912804,0.06365460097831356
18363.0,0.24887863273320296,0.2410130631473799,0.5101083041194172
17821.0,0.4874036859944725,0.22115624465509165,0.2914400693504358
17550.0,0.48740368599449846,0.22115624465507383,0.29144006935042777
17124.0,0.24887863273320296,0.2410130631473799,0.5101083041194172
17399.0,0.46711396373872643,0.22554116199069602,0.3073448742705775
18522.0,0.3171949966400686,0.20663876303849926,0.4761662403214321
18294.0,0.4717248122935895,0.22471395006520734,0.3035612376412032
18021.0,0.3258930908432863,0.6455268323959475,0.028580076760766137
17475.0,0.9316732686984662,0.0683267313015337,0.0
17744.0,0.48060981285887194,0.2092244418644869,0.31016574527664126
17210.0,0.2927301053849989,0.6566561268836367,0.05061376773136434
18583.0,0.8975034647396389,0.10249653526036107,0.0
18640.0,0.4934815260578363,0.12647835056811169,0.3800401233740521
17277.0,0.4189996237357495,0.2503988011253123,0.3306015751389382
17006.0,0.477227644618793,0.23042234054570865,0.29235001483549833
17412.0,0.28942660231950296,0.2020934713184767,0.5084799263620203
17687.0,0.46711396373741154,0.22554116199050617,0.3073448742720823
18225.0,0.9387147958668558,0.06128520413314433,0.0
17954.0,0.28371687901234033,0.694481609465198,0.02180151152246164
18702.0,0.48453907585911105,0.2057114055394836,0.30974951860140537
18461.0,0.4874036859941256,0.2211562446550104,0.29144006935086403
17059.0,0.4815230062581274,0.22571882090979997,0.29275817283207267
17328.0,0.48453907613373304,0.20571140551645611,0.3097495183498108
17882.0,0.3258930908432863,0.6455268323959475,0.028580076760766137
17609.0,0.45495226060864064,0.22420541142983094,0.32084232796152845
18159.0,0.29102267939747417,0.19263407626509746,0.5163432443374284
18428.0,0.42045069864089807,0.26377783736089766,0.3157714639982043
18521.0,0.483423076901116,0.2138055281669076,0.3027713949319764
17396.0,0.4717248122925671,0.22471395006523118,0.3035612376422018
17127.0,0.946454982332396,0.049841475087482906,0.0037035425801212004
18360.0,0.9544882159306322,0.045511784069367865,0.0
18091.0,0.4934815260578363,0.12647835056811169,0.3800401233740521
17549.0,0.4834230116778667,0.21380553147148912,0.3027714568506442
17822.0,0.9464417759417588,0.049840776503741566,0.003717447554499527
18580.0,0.9465784646585936,0.047635611067931634,0.0057859242734748075
17209.0,0.42045069864089807,0.26377783736089766,0.3157714639982043
18022.0,0.48453907613373304,0.20571140551645611,0.3097495183498108
18293.0,0.4656567954990474,0.1719597543845128,0.36238345011643974
17747.0,0.48060983469692514,0.20922443691277007,0.31016572839030476
17472.0,0.9223292790829972,0.07767072091700282,0.0
18641.0,0.9465784646576969,0.04763561106788652,0.005785924274416536
17413.0,0.42045069864089807,0.26377783736089766,0.3157714639982043
17686.0,0.48342307733726114,0.21380552814478476,0.30277139451795404
18224.0,0.46711396373836456,0.22554116199052127,0.3073448742711142
17955.0,0.4798916690261591,0.20938711452700395,0.3107212164468369
17276.0,0.9424761325248823,0.057523867475117764,0.0
17007.0,0.40605364526924626,0.5700900044964768,0.023856350234276895
18703.0,0.48152300626818795,0.22571882091016746,0.2927581728216446
18460.0,0.2822062041023415,0.19288107656484674,0.5249127193328118
17883.0,0.95448821592518,0.045511784074820094,0.0
17608.0,0.939452711739069,0.049292296641432747,0.01125499161949834
18158.0,0.29904645996140244,0.6592472190888506,0.04170632094974696
18429.0,0.45772063610766217,0.2240936879336159,0.3181856759587219
17058.0,0.48342307733726114,0.21380552814478476,0.30277139451795404
17329.0,0.2661612170657069,0.6847246637081116,0.04911411922618146
18520.0,0.42045069864089807,0.26377783736089766,0.3157714639982043
18361.0,0.4597510511803179,0.20749185432214554,0.33275709449753665
18090.0,0.24887863273320296,0.2410130631473799,0.5101083041194172
17548.0,0.2822062041023415,0.19288107656484674,0.5249127193328118
17823.0,0.46711396373836456,0.22554116199052127,0.3073448742711142
17397.0,0.43169112562069,0.14366132325408754,0.42464755112522246
17126.0,0.3171949966400686,0.20663876303849926,0.4761662403214321
18581.0,0.28942660231950296,0.2020934713184767,0.5084799263620203
18023.0,0.41904062719421287,0.25881285841382345,0.3221465143919637
18292.0,0.2661612170657069,0.6847246637081116,0.04911411922618146
17746.0,0.24887863273320296,0.2410130631473799,0.5101083041194172
17473.0,0.48453907613373304,0.20571140551645611,0.3097495183498108
17208.0,0.9866004609052651,0.013399539094734928,0.0
17334.0,0.48453907613373304,0.20571140551645611,0.3097495183498108
17061.0,0.48453907613373304,0.20571140551645611,0.3097495183498108
18426.0,0.9544882159306322,0.045511784069367865,0.0
18153.0,0.48342307733726114,0.21380552814478476,0.30277139451795404
17615.0,0.9424761325248823,0.057523867475117764,0.0
17884.0,0.4190406271418653,0.25881285860047687,0.3221465142576578
18459.0,0.24887863273320296,0.2410130631473799,0.5101083041194172
18696.0,0.2670877321669663,0.7087180228903434,0.024194244942690405
17000.0,0.46711396373836456,0.22554116199052127,0.3073448742711142
17275.0,0.48342307733677764,0.21380552814481393,0.30277139451840845
17956.0,0.9669683148121895,0.03303168518781062,0.0
18231.0,0.9604862148195307,0.03951378518046939,0.0
17681.0,0.48060983469706076,0.20922443691282908,0.3101657283901101
17410.0,0.493481526057751,0.12647835056808981,0.3800401233741592
18646.0,0.418991928066587,0.2504118995369228,0.3305961723964902
17215.0,0.48342307464367046,0.21380552828126656,0.302771397075063
17478.0,0.9387147958669603,0.06128520413303969,0.0
17749.0,0.4204807200465394,0.2636510356767527,0.31586824427670784
18291.0,0.4874036859944973,0.2211562446550733,0.29144006935042943
18016.0,0.4815230062681881,0.22571882091016757,0.2927581728216444
18578.0,0.4934815260578363,0.12647835056811169,0.3800401233740521
17121.0,0.28371687901234044,0.6944816094651983,0.021801511522461244
17394.0,0.4717248122935895,0.22471395006520734,0.3035612376412032
17816.0,0.24887863273320296,0.2410130631473799,0.5101083041194172
17547.0,0.939452711739069,0.049292296641432747,0.01125499161949834
18093.0,0.4189919428334092,0.25041187440310664,0.3305961827634842
18366.0,0.9222823709132089,0.0777176290867911,0.0
18527.0,0.9424761325248823,0.057523867475117764,0.0
18427.0,0.9387147958668558,0.06128520413314433,0.0
18152.0,0.2822062041023415,0.19288107656484674,0.5249127193328118
17614.0,0.43169112562069,0.14366132325408754,0.42464755112522246
17885.0,0.48060983465226687,0.2092244369229188,0.31016572842481427
17335.0,0.3171949966400686,0.20663876303849926,0.4761662403214321
17060.0,0.4717248121498752,0.22471395006010328,0.3035612377900215
18458.0,0.2910226793975425,0.19263407626514267,0.5163432443373148
18697.0,0.4716849971945702,0.22471253230964805,0.30360247049578176
17957.0,0.4190406271418653,0.25881285860047687,0.3221465142576578
18230.0,0.4934815260578363,0.12647835056811169,0.3800401233740521
17680.0,0.48060979746147076,0.20922444570683202,0.3101657568316972
17411.0,0.42045069864135526,0.26377783736118443,0.3157714639974603
17001.0,0.4717248122935895,0.22471395006520734,0.3035612376412032
17274.0,0.3171949966400686,0.20663876303849926,0.4761662403214321
18647.0,0.9604862148195307,0.03951378518046939,0.0
17479.0,0.9030920505283906,0.0807215239419322,0.016186425529677178
17748.0,0.43169112562103046,0.14366132325746733,0.4246475511215022
18290.0,0.931673268698003,0.06832673130199687,0.0
18017.0,0.46711396373836456,0.22554116199052127,0.3073448742711142
17214.0,0.29102267939747417,0.19263407626509746,0.5163432443374284
18579.0,0.48060983469692514,0.20922443691277007,0.31016572839030476
17817.0,0.2927301053849989,0.6566561268836367,0.05061376773136434
17546.0,0.48453907613373304,0.20571140551645611,0.3097495183498108
18092.0,0.48740368599449846,0.22115624465507383,0.29144006935042777
18367.0,0.280256608815531,0.19497936043885408,0.524764030745615
17120.0,0.4717248122935895,0.22471395006520734,0.3035612376412032
17395.0,0.4671061232311531,0.2255407931197718,0.3073530836490751
18526.0,0.43169112562069,0.14366132325408754,0.42464755112522246
18698.0,0.4671139630703883,0.2255411619607121,0.3073448749688995
18457.0,0.4874036334578819,0.2211562432934856,0.29144012324863244
17063.0,0.48453907613373304,0.20571140551645611,0.3097495183498108
17332.0,0.9193835116340412,0.07317339130614003,0.007443097059818663
18155.0,0.9193835116340412,0.07317339130614003,0.007443097059818663
18424.0,0.24887863273320296,0.2410130631473799,0.5101083041194172
17886.0,0.42045069864135526,0.26377783736118443,0.3157714639974603
17613.0,0.4806098169920117,0.2092244432655929,0.31016573974239536
18644.0,0.46711396373836456,0.22554116199052127,0.3073448742711142
17273.0,0.4717248122935895,0.22471395006520734,0.3035612376412032
17002.0,0.2488786327922035,0.24101306314693818,0.5101083040608584
18229.0,0.9482729583471656,0.05172704165283436,0.0
17958.0,0.4934815260578363,0.12647835056811169,0.3800401233740521
17408.0,0.48740368599449846,0.22115624465507383,0.29144006935042777
17683.0,0.28220986232034345,0.1928835757083923,0.5249065619712642
18576.0,0.4845503434279642,0.20571619647659534,0.3097334600954404
17213.0,0.48342307733722795,0.21380552814477002,0.30277139451800206
17751.0,0.4815230062681134,0.22571882091015452,0.29275817282173205
17476.0,0.9603498731664478,0.039650126833552284,0.0
18018.0,0.9464417759417574,0.0498407765037415,0.0037174475545009057
18289.0,0.2670877321669663,0.7087180228903434,0.024194244942690405
18525.0,0.42045069889257486,0.26377783629836477,0.3157714648090604
17392.0,0.9387147958668558,0.06128520413314433,0.0
17123.0,0.34761185314899645,0.6523881468510035,0.0
17545.0,0.2822062041023415,0.19288107656484674,0.5249127193328118
17818.0,0.48152300626822314,0.2257188209101868,0.29275817282159017
18364.0,0.29904645996140244,0.6592472190888506,0.04170632094974696
18095.0,0.48453907613373304,0.20571140551645611,0.3097495183498108
18699.0,0.4874036859941755,0.22115624465503772,0.29144006935078676
18456.0,0.4934815260578363,0.12647835056811169,0.3800401233740521
18154.0,0.48342307733726114,0.21380552814478476,0.30277139451795404
18425.0,0.9544882159306322,0.045511784069367865,0.0
17887.0,0.42045069864089807,0.26377783736089766,0.3157714639982043
17612.0,0.32640079630055446,0.6543378474072787,0.019261356292166732
17062.0,0.4247480887591755,0.2214160203188786,0.3538358909219459
17333.0,0.4375537391815957,0.13465991477780637,0.42778634604059795
18645.0,0.4190406271418653,0.25881285860047687,0.3221465142576578
18228.0,0.6820364106217119,0.31796358756057996,1.8177081115542033E-9
17959.0,0.4934815220491493,0.12647835702020674,0.38004012093064393
17409.0,0.4815230062563606,0.22571882090964643,0.292758172833993
17682.0,0.9866004609052651,0.013399539094734928,0.0
17272.0,0.42045943372170425,0.26374095521268626,0.3157996110656095
17003.0,0.29904645996140244,0.6592472190888506,0.04170632094974696
18577.0,0.481522983367383,0.22571881998938775,0.2927581966432294
17750.0,0.42045069864089807,0.26377783736089766,0.3157714639982043
17477.0,0.4190406271418653,0.25881285860047687,0.3221465142576578
18019.0,0.4595496643089309,0.1820967803690446,0.35835355532202445
18288.0,0.8975034647396389,0.10249653526036107,0.0
17212.0,0.48342307727504147,0.21380552814794185,0.30277139457701674
18524.0,0.40605364526924626,0.5700900044964768,0.023856350234276895
17544.0,0.4934815260578363,0.12647835056811169,0.3800401233740521
17819.0,0.9223292790831276,0.07767072091687251,0.0
18365.0,0.41899192774074334,0.2504119000915173,0.33059617216773934
18094.0,0.3171949966400686,0.20663876303849926,0.4761662403214321
17393.0,0.4806107011655044,0.20922617925065704,0.3101631195838386
17122.0,0.42045069864089807,0.26377783736089766,0.3157714639982043
18498.0,0.4190406271418653,0.25881285860047687,0.3221465142576578
17148.0,0.43169112562069,0.14366132325408754,0.42464755112522246
17391.0,0.26370261141635654,0.6764601999685701,0.059837188615073374
18096.0,0.9385792185865101,0.06142078141349005,0.0
18339.0,0.26881910199039466,0.19143669218367323,0.5397442058259321
17797.0,0.4806098346968575,0.20922443691274056,0.310165728390402
17558.0,0.4671139637383776,0.22554116199053156,0.3073448742710908
18575.0,0.47172481229352436,0.2247139500651763,0.30356123764129933
17186.0,0.43169112562069,0.14366132325408754,0.42464755112522246
18286.0,0.4815230017840328,0.22571882072985772,0.29275817748610955
18045.0,0.4397943305610229,0.21497583432077655,0.34522983511820055
17499.0,0.48453907613373304,0.20571140551645611,0.3097495183498108
17736.0,0.9866004609052651,0.013399539094734928,0.0
18635.0,0.3171949966400686,0.20663876303849926,0.4761662403214321
17013.0,0.7314500158458,0.26854998415419995,0.0
17254.0,0.24887863273320296,0.2410130631473799,0.5101083041194172
17676.0,0.4190406271418653,0.25881285860047687,0.3221465142576578
17439.0,0.41899192814845215,0.2504118993975364,0.33059617245401146
17977.0,0.9387147958668558,0.06128520413314433,0.0
18218.0,0.48063050175230143,0.20933216327958726,0.3100373349681113
18438.0,0.4834230773246019,0.21380552814540846,0.3027713945299897
18709.0,0.2637026209508701,0.6764601905374694,0.05983718851166053
17323.0,0.9465784646576969,0.04763561106788652,0.005785924274416536
17080.0,0.27007032180439433,0.6931015186602799,0.036828159535325714
17618.0,0.48342307733726114,0.21380552814478476,0.30277139451795404
17857.0,0.46711396373836456,0.22554116199052127,0.3073448742711142
18407.0,0.4815230057737746,0.22571882089023687,0.2927581733359886
18164.0,0.48740368599448,0.2211562446550674,0.2914400693504526
18499.0,0.4204506986497307,0.2637778373235109,0.3157714640267584
18097.0,0.26370261142864193,0.6764601999687079,0.059837188602650235
18338.0,0.4934815260578363,0.12647835056811169,0.3800401233740521
17796.0,0.26370261141635654,0.6764601999685701,0.059837188615073374
17559.0,0.4316911264343081,0.14366133082798085,0.42464754273771105
17149.0,0.4934815260578363,0.12647835056811169,0.3800401233740521
17390.0,0.9462732205404941,0.04999699392543963,0.003729785534066231
18574.0,0.48740368599449846,0.22115624465507383,0.29144006935042777
18287.0,0.4671139637383621,0.2255411619905201,0.30734487427111784
18044.0,0.4189919277407903,0.2504119000915365,0.33059617216767323
17498.0,0.9482729583471656,0.05172704165283436,0.0
17737.0,0.18222656798263018,0.7603433419227833,0.05743009009458643
17187.0,0.48342307733726114,0.21380552814478476,0.30277139451795404
18634.0,0.9424761325248823,0.057523867475117764,0.0
17677.0,0.48453907613373304,0.20571140551645611,0.3097495183498108
17438.0,0.4190406271418653,0.25881285860047687,0.3221465142576578
17976.0,0.25118255263565714,0.6851628463831947,0.0636546009811482
18219.0,0.4716646410117084,0.22471180669351734,0.3036235522947743
17012.0,0.4815230062681901,0.22571882091016882,0.2927581728216411
17255.0,0.29102267939747417,0.19263407626509746,0.5163432443374284
18439.0,0.46711396373836456,0.22554116199052127,0.3073448742711142
18708.0,0.25172924543932007,0.6843385358413591,0.06393221871932088
17619.0,0.48740368599449846,0.22115624465507383,0.29144006935042777
17856.0,0.4717246138687313,0.22471394300447156,0.30356144312679706
18406.0,0.919383511766356,0.07317339131665547,0.007443096916988528
18165.0,0.4717248122935895,0.22471395006520734,0.3035612376412032
17322.0,0.2637059976086125,0.676452838185135,0.059841164206252476
17081.0,0.9482729583471656,0.05172704165283436,0.0
17389.0,0.4190406271418653,0.25881285860047687,0.3221465142576578
17150.0,0.48342307742751633,0.21380552818470225,0.30277139438778133
18337.0,0.4201692714053198,0.24840851941850886,0.3314222091761713
18098.0,0.3814536633409567,0.24847570937882224,0.37007062728022105
17556.0,0.3336522098625543,0.6427199344404176,0.023627855697028088
17799.0,0.2842656165236635,0.19348110345826194,0.5222532800180746
18496.0,0.29102267939747417,0.19263407626509746,0.5163432443374284
17184.0,0.48453907613373304,0.20571140551645611,0.3097495183498108
18047.0,0.9472476278199519,0.049148110384556035,0.0036042617954921974
18284.0,0.46711396373836456,0.22554116199052127,0.3073448742711142
17738.0,0.4806132377074095,0.20922591780932467,0.31016084448326586
17497.0,0.42091705544148117,0.24713662575900583,0.331946318799513
18573.0,0.939452711739069,0.049292296641432747,0.01125499161949834
17252.0,0.2937965342551095,0.1933719906747826,0.5128314750701078
17015.0,0.9696370614917632,0.02465747917535163,0.0057054593328853005
17437.0,0.4811441543065986,0.22570349669283477,0.2931523490005666
17678.0,0.18222656737273332,0.7603433395553558,0.057430093071910986
18216.0,0.4190409925097919,0.2588115559053254,0.3221474515848827
17979.0,0.9482729583471656,0.05172704165283436,0.0
18633.0,0.41899192774074195,0.2504119000915164,0.3305961721677416
17082.0,0.48342307733513695,0.21380552814486614,0.3027713945199969
17321.0,0.9866004609052651,0.013399539094734928,0.0
17859.0,0.471664592427964,0.2247118049609283,0.3036236026111077
17616.0,0.26730593658579244,0.7084462088553216,0.024247854558885906
18166.0,0.4375537391815957,0.13465991477780637,0.42778634604059795
18405.0,0.46711396373836456,0.22554116199052127,0.3073448742711142
18711.0,0.48453907613373304,0.20571140551645611,0.3097495183498108
18436.0,0.28624605912259177,0.196632817142752,0.5171211237346562
18336.0,0.4190406271418653,0.25881285860047687,0.3221465142576578
18099.0,0.4190406271498425,0.2588128586338219,0.3221465142163356
17557.0,0.4874036859944931,0.22115624465503386,0.291440069350473
17798.0,0.4190406271418654,0.25881285860047654,0.32214651425765806
17388.0,0.26370261141636375,0.6764601999685885,0.059837188615047804
17151.0,0.46711396373836456,0.22554116199052127,0.3073448742711142
18497.0,0.4671139637383265,0.22554116199050292,0.3073448742711706
18046.0,0.418991930134438,0.25041191970531373,0.3305961501602483
18285.0,0.9612346095755891,0.038765390424410906,0.0
17739.0,0.4934815260578363,0.12647835056811169,0.3800401233740521
17496.0,0.24903736157223338,0.24100963613512444,0.5099530022926422
17185.0,0.41899192774074334,0.2504119000915173,0.33059617216773934
18572.0,0.29102267939747417,0.19263407626509746,0.5163432443374284
17436.0,0.487403685994498,0.22115624465507366,0.2914400693504284
17679.0,0.46711396373836456,0.22554116199052127,0.3073448742711142
18217.0,0.48342307733726114,0.21380552814478476,0.30277139451795404
17978.0,0.42045069864089807,0.26377783736089766,0.3157714639982043
17253.0,0.24887868515083456,0.24101306202139047,0.5101082528277749
17014.0,0.9612346095623042,0.038765390437695856,0.0
18632.0,0.41899192774074334,0.25041190009151726,0.3305961721677394
17858.0,0.2822062041023415,0.19288107656484674,0.5249127193328118
17617.0,0.4874036859944502,0.22115624465505201,0.2914400693504977
18167.0,0.29904645993990125,0.6592472191087084,0.04170632095139041
18404.0,0.4204506986414607,0.2637778373583326,0.3157714640002068
17083.0,0.9424761325248823,0.057523867475117764,0.0
17320.0,0.944355782728935,0.055644217271065,0.0
18710.0,0.280256608815531,0.19497936043885408,0.524764030745615
18437.0,0.48060983469692514,0.20922443691277007,0.31016572839030476
18571.0,0.29904645996140244,0.6592472190888506,0.04170632094974696
17190.0,0.40605364526924626,0.5700900044964768,0.023856350234276895
17503.0,0.9464417759492431,0.04984077655801098,0.003717447492745804
17740.0,0.28942660231950296,0.2020934713184767,0.5084799263620203
18282.0,0.3068428259422727,0.6333972045281689,0.05975996952955847
18041.0,0.47434881908715326,0.20654022126014154,0.3191109596527051
18502.0,0.4815230054480516,0.22571882087723918,0.29275817367470924
17144.0,0.9604862148195307,0.03951378518046939,0.0
17387.0,0.47172481229146257,0.22471395006511383,0.30356123764342363
17793.0,0.4671139637383635,0.22554116199052074,0.3073448742711158
17554.0,0.9464417759417588,0.049840776503741566,0.003717447554499527
18100.0,0.4806098346965846,0.20922443691290726,0.3101657283905081
18343.0,0.2729105079028943,0.19266471826987785,0.5344247738272279
18434.0,0.48740368599449846,0.22115624465507383,0.29144006935042777
18705.0,0.4717248122935895,0.22471395006520734,0.3035612376412032
17327.0,0.48740368599449846,0.22115624465507383,0.29144006935042777
17084.0,0.4189919277679484,0.25041190004517033,0.33059617218688125
18403.0,0.48060983469692514,0.20922443691277007,0.31016572839030476
18160.0,0.2875405547691328,0.6710401928470612,0.041419252383806025
17622.0,0.9669683148146295,0.03303168518537044,0.0
17861.0,0.3336522098625543,0.6427199344404176,0.023627855697028088
18639.0,0.26370261141635654,0.6764601999685701,0.059837188615073374
17009.0,0.48342307733726114,0.21380552814478476,0.30277139451795404
17250.0,0.9193835116340412,0.07317339130614003,0.007443097059818663
17981.0,0.48453907613367625,0.20571140551647873,0.30974951834984493
18222.0,0.46711396115817094,0.2255411618691379,0.3073448769726912
17672.0,0.2822062041023415,0.19288107656484674,0.5249127193328118
17435.0,0.41899192774074306,0.2504119000915171,0.3305961721677399
18570.0,0.4815230062681881,0.22571882091016757,0.2927581728216444
17502.0,0.46711396373836456,0.22554116199052127,0.3073448742711142
17741.0,0.2875405547691328,0.6710401928470612,0.041419252383806025
18283.0,0.4717248122935895,0.22471395006520734,0.3035612376412032
18040.0,0.4717248122935895,0.22471395006520734,0.3035612376412032
17191.0,0.4845390761337671,0.20571140551647063,0.3097495183497622
18503.0,0.9391356485214081,0.06086435147859182,0.0
17792.0,0.29904645996140244,0.6592472190888506,0.04170632094974696
17555.0,0.48060983469692514,0.20922443691277007,0.31016572839030476
18101.0,0.9612059540604316,0.03879404593956832,0.0
18342.0,0.42045069864633183,0.2637778373643066,0.3157714639893616
17145.0,0.2927301053849989,0.6566561268836367,0.05061376773136434
17386.0,0.280256608815531,0.19497936043885408,0.524764030745615
18435.0,0.29102267939747417,0.19263407626509746,0.5163432443374284
18704.0,0.48740361550124006,0.22115624282804663,0.2914401416707133
18402.0,0.24887863273320296,0.2410130631473799,0.5101083041194172
18161.0,0.2822062041024088,0.19288107656489276,0.5249127193326985
17623.0,0.9316732686984662,0.0683267313015337,0.0
17860.0,0.46711396373836456,0.22554116199052127,0.3073448742711142
17326.0,0.41899219975365015,0.2504114371113244,0.33059636313502544
17085.0,0.4806098347121696,0.2092244369208336,0.31016572836699685
18638.0,0.48060983469692514,0.20922443691277007,0.31016572839030476
