18081.0,0.4282685810483987,0.5638642306554447,0.007867188296156642
18354.0,0.7389999008742164,0.22429408392446054,0.036706015201323036
17812.0,0.7924242734825709,0.03001411315119441,0.1775616133662346
17543.0,0.022052083443111624,0.06396770147638448,0.9139802150805038
17133.0,0.2710097103374142,0.36346835244296233,0.3655219372196235
17406.0,0.8368801366225127,0.15597448780187462,0.007145375575612765
18752.0,0.3683334730624708,0.630234966180223,0.001431560757306146
18515.0,0.8924385620233081,0.10519018490752698,0.002371253069165034
18303.0,0.24232663085218856,0.6639513336102939,0.09372203553751754
18028.0,3.912345980159611E-5,1.4151002533167485E-4,0.9998193665148667
17482.0,0.02300293338804481,0.4060821445291075,0.5709149220828477
17753.0,0.626542153246949,0.18816070406612845,0.18529714268692254
17203.0,0.7667581811732072,0.1811512979078451,0.05209052091894783
18590.0,0.9240528850739137,0.07201250897213854,0.003934605953947706
17693.0,0.9991559712927881,8.130839274199917E-4,3.0944779791926676E-5
17422.0,0.20636650840576137,0.039584572801171516,0.754048918793067
17960.0,0.9973453289707293,7.009439266388132E-4,0.0019537271026320315
18235.0,0.4132629445932308,0.5165111999082833,0.0702258554984858
16996.0,0.9540547668376307,0.04449428619305919,0.0014509469693100773
17271.0,0.9978203443847425,0.0017741275780411001,4.055280372163695E-4
18650.0,0.6230756311762821,0.36139188212850953,0.015532486695208422
17603.0,0.8392791602211296,0.15894670877641703,0.0017741310024535584
17872.0,0.9880030584897371,0.011409619299394899,5.873222108679082E-4
18422.0,0.9687632578647402,0.030710741027265308,5.260011079946136E-4
18149.0,0.5846528424708907,0.4132511539799965,0.002096003549112751
17338.0,0.007610388946034864,0.0420653712365848,0.9503242398173805
17065.0,0.08384261024573982,0.8715014301970553,0.04465595955720495
18455.0,0.9987662704926734,0.0012196877529346316,1.4041754392070839E-5
18692.0,0.017422085843851885,3.1058996997676753E-4,0.9822673241861715
17132.0,0.07608779977167214,0.003334544917752498,0.9205776553105754
17407.0,0.12655948766567096,0.0067590986866350455,0.866681413647694
18080.0,0.9332053005431031,0.05642422563382773,0.010370473823069253
18355.0,0.2491225864817933,0.4926623884246314,0.2582150250935752
17813.0,0.005550470251730906,0.9941636371453537,2.858926029152855E-4
17542.0,0.28772072010320515,0.6238264503251546,0.08845282957164027
18514.0,0.18821163794383763,0.5197292623069829,0.29205909974917926
17202.0,0.2192622969787346,0.7251341418758334,0.055603561145431954
18302.0,0.9061681767597541,0.09139794980282595,0.002433873437419987
18029.0,0.921936675632802,0.07638197577570613,0.001681348591491892
17483.0,0.654407233477271,0.22531954380850416,0.12027322271422486
17752.0,1.8932468060924967E-4,3.3019335985998216E-5,0.9997776559834047
18591.0,0.0958505252830134,1.4903212837493726E-4,0.9040004425886116
16997.0,0.899797852795487,0.060489333442534605,0.03971281376197837
17270.0,0.9607052066338742,0.03771544596528761,0.001579347400838352
17692.0,0.936942281216781,0.056884210267548856,0.006173508515670162
17423.0,2.070108419528224E-4,0.0010805152784887047,0.9987124738795585
17961.0,0.7248775990445804,0.26010776626523235,0.015014634690187236
18234.0,0.8160955010148604,0.16547070030622896,0.018433798678910714
18651.0,0.06912330692715579,0.866025444562975,0.06485124850986916
17339.0,0.8714369627275832,0.04933600151498112,0.07922703575743557
17064.0,0.9404701869235121,0.056348302210954736,0.0031815108655331836
17602.0,0.3726179174847468,0.41413238588938217,0.21324969662587098
17873.0,0.9217825862544669,0.06533179877295874,0.01288561497257453
18423.0,0.13560239700243307,0.12615105453410663,0.7382465484634602
18148.0,0.3798706364682288,0.06906307426206852,0.5510662892697027
18454.0,0.2757431463267684,0.6657738215270336,0.05848303214619804
18693.0,0.3943970197167835,0.054018589431913434,0.5515843908513032
18513.0,0.056058119833201546,0.034115278079985975,0.9098266020868125
18352.0,0.9020535709195621,0.09660418201375283,0.0013422470666851585
18083.0,0.017885455681135816,0.0014364422038259325,0.9806781021150384
17541.0,0.9599850246894123,0.03807811226333972,0.00193686304724801
17814.0,0.3253059273109785,0.6594125254620025,0.015281547227019155
17404.0,0.9049090227612642,0.022393017397187756,0.07269795984154809
17135.0,0.9919902885377603,0.0032046727427399303,0.004805038719499997
18588.0,0.8260814665266597,0.16501566027697642,0.008902873196364057
18030.0,0.006528469956113821,2.5912137444413825E-4,0.993212408669442
18301.0,0.1244930646765359,0.1695338415503777,0.7059730937730864
17755.0,5.7398754149523925E-5,0.9956727743064752,0.00426982693937532
17480.0,0.013021870368345128,0.007144372969024719,0.9798337566626302
17201.0,0.9338015575959874,0.06361688991119094,0.002581552492821811
18648.0,0.9624432849484656,0.036188561752540774,0.001368153298993521
17420.0,0.22491059404678737,0.07507278100245654,0.7000166249507561
17695.0,0.9301806412273858,0.06878024820551198,0.0010391105671022963
18233.0,0.9464748391096978,0.04824536908631461,0.005279791803987613
17962.0,0.7517601350663116,0.19714582020154345,0.05109404473214491
17269.0,0.0067256143933202015,0.9919584541075005,0.0013159314991792452
16998.0,0.8703739304524589,0.057713292127998764,0.07191277741954234
18694.0,0.9392650733305902,0.028589990260275335,0.03214493640913439
18453.0,0.8152127682911964,0.09248499812071381,0.09230223358808982
17874.0,0.9744247309849257,0.02486323082572033,7.120381893538205E-4
17601.0,0.31051268288062367,0.19115540601439898,0.4983319111049775
18151.0,0.9673661036225735,0.028893846373021805,0.0037400500044047534
18420.0,1.669309838150543E-4,1.6225620591790404E-4,0.9996708128102669
17067.0,0.10203272063920893,0.009273794797188335,0.8886934845636028
17336.0,0.3533463520981626,0.4660489554998043,0.18060469240203297
18512.0,0.5495609929156603,0.4484312262196203,0.002007780864719343
17405.0,0.008157642354456632,0.9918043068271557,3.805081838765811E-5
17134.0,0.24140936079526137,0.2688442168617295,0.48974642234300914
18353.0,0.30867834550060563,0.550039011494023,0.14128264300537133
18082.0,0.1625811523058076,0.1297948789340065,0.707623968760186
17540.0,0.893273072960552,0.029788328261813456,0.07693859877763438
17815.0,0.9651716941065153,0.03397184374708124,8.564621464034681E-4
18589.0,0.16774680302841238,0.09197144502939968,0.7402817519421879
17200.0,3.228506077419863E-7,5.441843177547118E-6,0.9999942353062148
18031.0,0.9832128388571987,0.01654102404304139,2.461370997600681E-4
18300.0,0.3277268023157015,0.6466059670897868,0.025667230594511745
17754.0,0.4447083303083492,0.20494184170885799,0.35034982798279285
17481.0,1.8640362344943612E-4,0.04534321011755728,0.9544703862589934
18649.0,0.09855053379809918,0.1491352446689249,0.752314221532976
17268.0,0.9692994020308099,0.025124554657145488,0.005576043312044612
16999.0,0.6203283805927718,0.3395407082514212,0.040130911155806935
17421.0,0.9958622167749709,0.004008952999054959,1.288302259739779E-4
17694.0,0.11073734831157328,0.015486706959640434,0.8737759447287863
18232.0,0.7850303046419036,0.19865350823921124,0.016316187118885335
17963.0,0.8399165099934833,0.1494113242059514,0.010672165800565209
18695.0,0.9704982713729784,0.02924084281284472,2.6088581417703924E-4
18452.0,0.9722624152955528,0.011657995673070666,0.016079589031376462
17066.0,0.8199880049144542,0.14704908115054866,0.032962913934997125
17337.0,0.7698914466112161,0.09320897704648003,0.13689957634230382
17875.0,0.1431756251877092,0.16522160259985008,0.6916027722124408
17600.0,0.9675311049661492,0.009093934379577876,0.023374960654273007
18150.0,0.4167188142298653,0.4071241459052438,0.17615703986489092
18421.0,0.4078162291854481,0.5609185980358539,0.03126517277869805
17486.0,0.9878122650201383,0.009235732556022837,0.0029520024238390563
17757.0,0.039396473602658105,0.08602577483279293,0.874577751564549
18299.0,0.8732843273574389,0.12282537828925918,0.003890294353301823
18024.0,0.10817274168903902,0.01957212911476066,0.8722551291962004
17207.0,0.9727899358214217,0.026910233916579117,2.998302619991487E-4
18586.0,0.09367036219895357,0.9060318749098268,2.977628912195282E-4
17808.0,0.9420929449686435,0.028382487431855574,0.02952456759950095
17539.0,0.05838224737151949,0.011040616359004626,0.9305771362694758
18085.0,0.10531186019800357,0.18769845015076117,0.7069896896512352
18358.0,0.966356426954153,0.029078044906028742,0.004565528139818196
17129.0,0.7801118924018242,0.2182722136977784,0.0016158939003973014
17402.0,0.3551280942199781,0.5221697958197712,0.12270210996025066
18519.0,0.07452887275079725,0.92543445968258,3.6667566622753586E-5
18418.0,0.9022045397084753,0.09550506496552999,0.002290395325994829
18145.0,0.0024392094169451628,2.4551727587151778E-5,0.9975362388554677
17607.0,0.8421863642410518,0.09920332515407611,0.05861031060487211
17876.0,0.9590034458367043,0.038995261813423825,0.002001292349871835
17342.0,0.8751504665859157,0.00172941696668086,0.12312011644740345
17069.0,0.9568216816040163,0.03827808444766291,0.004900233948320741
18451.0,0.2955427825179022,0.017424800434412763,0.687032417047685
18688.0,0.8120270511734857,0.15416217388113748,0.03381077494537689
17964.0,2.914199874455153E-4,1.5007533247243546E-5,0.9996935724793072
18239.0,0.35284766890651414,9.559697890267541E-4,0.6461963613044591
17689.0,0.9165007554139829,0.07947232606194836,0.004026918524068785
17418.0,0.010866925953329765,0.7007475586102543,0.28838551543641594
16992.0,0.3183803565302488,0.5200128082815388,0.16160683518821245
17267.0,0.2526111866468527,0.7385360327451601,0.008852780607987118
18654.0,0.009937157442708424,0.0036436421318307363,0.9864192004254609
17206.0,0.9761642277690235,0.02326777104897914,5.680011819974062E-4
17487.0,0.9651589574735387,0.03304887266291641,0.001792169863544755
17756.0,0.10406261213907958,0.830218288216795,0.06571909964412542
18298.0,0.02285741518924865,0.008867579283902012,0.9682750055268493
18025.0,0.6556615259488671,0.31183297392134957,0.03250550012978333
18587.0,0.9700351252204396,0.02495261204167101,0.005012262737889355
17128.0,0.9557880205238132,0.04365711503033595,5.548644458509696E-4
17403.0,0.07185579996995894,0.05393710064975059,0.8742070993802904
17809.0,0.18824846575161666,0.3648474177452419,0.4469041165031415
17538.0,0.9580658847798937,0.041610988249056804,3.2312697104950716E-4
18084.0,0.6540018659754178,0.07416063103304299,0.2718375029915392
18359.0,0.7107068352569373,0.11753564812253761,0.17175751662052505
18518.0,0.6077964751024297,0.16270160949842916,0.22950191539914105
17343.0,0.9642872445679191,0.030609678228539768,0.005103077203540997
17068.0,0.8394289232391058,0.15757542700038882,0.0029956497605053193
18419.0,0.5639882709110555,0.2178250972158471,0.2181866318730974
18144.0,0.06808501687768027,0.929562061332813,0.0023529217895068752
17606.0,0.6114861549289106,0.26009312999938367,0.1284207150717057
17877.0,0.12194433153624987,0.29960500569265935,0.5784506627710907
18450.0,0.44370497261139014,0.39859618025549604,0.15769884713311375
18689.0,0.9491154473781295,0.04582701520290963,0.005057537418960929
16993.0,0.005790225786448508,0.0031498060788878795,0.9910599681346636
17266.0,0.6692440896063546,0.3246784998242649,0.006077410569380459
17965.0,0.7590053559476313,0.14597248711115357,0.09502215694121499
18238.0,0.9726747216113504,0.02653842882403705,7.868495646126612E-4
17688.0,0.913957817028886,0.08205355697771848,0.003988625993395449
17419.0,0.28200359389692886,0.05338130986669781,0.6646150962363734
18655.0,0.7008264739192493,0.20261922859194412,0.09655429748880655
18584.0,0.5757604413136306,0.3885944982700638,0.03564506041630564
17759.0,0.029460530004499934,0.9676267211620517,0.002912748833448194
17484.0,0.9811329893889359,0.0186648009781152,2.0220963294906825E-4
18026.0,0.5288241880293292,0.39469086180978813,0.07648495016088265
18297.0,0.9215376362657206,0.01589929884438691,0.06256306488989244
17205.0,0.9581458956664559,0.040563253575330596,0.0012908507582135697
18517.0,0.015010524920174639,0.9849299745025366,5.950057728864008E-5
17537.0,0.8050669599636803,0.14934964042484458,0.045583399611475034
17810.0,0.734313955980878,0.16327448711811643,0.10241155690100562
18356.0,0.06118363720001424,0.938560389509835,2.5597329015088807E-4
18087.0,0.6918083555656765,0.29216268938619716,0.0160289550481263
17400.0,0.9707554346423978,0.01395658119090517,0.015287984166697015
17131.0,0.20636133457554598,0.7661139074280446,0.02752475799640946
18690.0,0.33038409517949263,0.6610558591995258,0.008560045620981612
18449.0,0.009827834628678669,0.8840824472982028,0.10608971807311847
18147.0,0.5965442265074953,0.1478430790679024,0.25561269442460227
18416.0,0.9323577775859356,0.06689358071474878,7.486416993154934E-4
17878.0,0.37074602595107586,0.5619244785037464,0.06732949554517768
17605.0,0.5955680693086395,0.3118646432649461,0.09256728742641435
17071.0,0.7104164636552547,0.035996921806100056,0.25358661453864517
17340.0,0.9642839355463755,0.03430083671987599,0.0014152277337484778
18652.0,0.9283911793243164,0.061659512963190374,0.009949307712493199
18237.0,0.006960200021387864,0.04135997448877324,0.9516798254898389
17966.0,0.9158665270557564,0.07402059137766155,0.010112881566582101
17416.0,0.7971570490811827,0.15656247992034164,0.04628047099847552
17691.0,0.2585852905441925,0.012763469618794088,0.7286512398370134
17265.0,0.9264402075930215,0.06745209260284517,0.006107699804133452
16994.0,0.5823653722024961,0.071383796737373,0.346250831060131
18585.0,0.9810821635075616,0.018588130434845328,3.297060575930924E-4
17204.0,0.8319053484589536,0.13672367946346287,0.03137097207758352
17758.0,0.3889045976124641,0.6063145852092472,0.004780817178288699
17485.0,0.7960995779547683,0.1808061518087712,0.023094270236460646
18027.0,0.34883992915280976,0.5190078594421211,0.13215221140506908
18296.0,0.9906869916123688,0.009205629526936165,1.073788606951927E-4
18516.0,0.5182052814461746,0.41449328042733535,0.06730143812649002
17401.0,0.7524200102931629,0.21274761128506203,0.034832378421775084
17130.0,0.427932131891645,0.5032946093009274,0.06877325880742763
17536.0,0.9580202567111908,0.015539941275384184,0.02643980201342491
17811.0,0.001505626894799163,6.887931525235336E-5,0.9984254937899484
18357.0,0.9198088752889181,0.0742614434966542,0.005929681214427577
18086.0,0.10558226192174332,0.24293131989774783,0.6514864181805088
18691.0,0.0031536610432363154,0.05182546773128103,0.9450208712254827
18448.0,0.13584068210503394,0.49205393428935007,0.372105383605616
17070.0,0.646637811799652,0.2943066465160052,0.05905554168434275
17341.0,0.8678174855796847,0.11112153423702902,0.02106098018328628
18146.0,1.6378022090103705E-6,0.9937166733889483,0.006281688808842687
18417.0,0.22501023269403533,0.7611005065204468,0.013889260785517972
17879.0,0.017781882479456636,0.002590700405979343,0.9796274171145639
17604.0,0.9969120716137376,0.0029031275112159603,1.8480087504638991E-4
18653.0,0.9224111558258669,0.07025893555687501,0.007329908617258021
17264.0,0.7652676064785021,0.10412649626395279,0.13060589725754515
16995.0,0.016227473011536656,0.9814248131954119,0.0023477137930514413
18236.0,0.23235424877438418,0.7668211252099084,8.246260157073136E-4
17967.0,0.5439331044285456,0.3655874269536938,0.09047946861776061
17417.0,0.0013350225191667284,0.001672674122154065,0.9969923033586792
17690.0,0.7946878322910473,0.06383630628643021,0.14147586142252258
17004.0,0.9439340275282976,0.04168190345024515,0.014384069021457224
17279.0,0.3832566764911921,0.6119307622308843,0.0048125612779236614
17685.0,0.3518845835444492,0.018187270798544507,0.6299281456570064
17414.0,0.5476356856256072,0.10608257734101313,0.3462817370333797
17952.0,0.23915400274119258,0.042034460355408365,0.718811536903399
18227.0,0.1614400208832768,0.16096673476552625,0.6775932443511969
18642.0,0.09365071029471662,0.6988121772506785,0.20753711245460493
17330.0,0.08985983095004794,0.9101297566544281,1.0412395524056084E-5
17057.0,0.9450443572557355,0.05393691597036616,0.001018726773898115
17611.0,0.29821628136374667,0.05755042148335493,0.6442332971528983
17880.0,0.29312023952625216,0.015278283738542306,0.6916014767352056
18430.0,0.9300299422464494,0.06564186679007297,0.00432819096347766
18157.0,0.9896253070603255,0.009522387410051627,8.523055296230638E-4
18463.0,0.9830679554610673,0.014992633091934188,0.001939411446998358
18700.0,0.64537208330221,0.24222684034337966,0.11240107635441031
17125.0,0.13593309576084284,0.17078343356889752,0.6932834706702597
17398.0,0.8267084878456348,0.1686522695258526,0.004639242628512665
18089.0,0.23436292759536895,0.1968730414859837,0.5687640309186474
18362.0,0.7495820055306529,0.2182814784879176,0.03213651598142941
17820.0,0.012348403498018573,0.9873393664356325,3.1223006634905677E-4
17551.0,0.6781540578860514,0.07666989045673692,0.24517605165721168
18523.0,0.5967086773077075,0.058620769787266,0.3446705529050266
17211.0,3.4896109051590445E-6,1.1179539418218515E-6,0.9999953924351531
18295.0,0.8458514716241993,0.15171237450742553,0.002436153868375243
18020.0,0.7523736572546756,0.0011569112643607686,0.24646943148096367
17474.0,0.5957696390023126,0.34762449526456896,0.05660586573311859
17745.0,0.9552336806571955,0.03520795693096093,0.009558362411843364
18582.0,0.04784504978887021,0.040513374387378565,0.9116415758237513
17684.0,0.8239092001030596,0.14958044441747395,0.02651035547946651
17415.0,0.2053750044654948,0.7874048721462402,0.007220123388264905
17953.0,0.37773408818092374,0.28847255313466785,0.3337933586844084
18226.0,0.005977990861233918,1.2795853909906423E-4,0.9938940505996671
17005.0,0.9536052833763349,0.04474509476948073,0.001649621854184359
17278.0,0.5726715737305716,0.0012781482202494988,0.42605027804917894
18643.0,0.9681903305706183,0.03129164828642228,5.180211429595755E-4
17610.0,0.7737114437774006,0.1714465856864011,0.05484197053619842
17881.0,0.9341066853831261,0.06567709526695018,2.1621934992360582E-4
18431.0,0.008789686655226907,0.9788484469390011,0.012361866405771946
18156.0,1.4912648962224429E-6,5.008814154190257E-6,0.9999934999209497
17331.0,0.9526321651719433,0.043843989349659496,0.0035238454783971607
17056.0,0.9462884227694217,0.003957945429825186,0.04975363180075322
18462.0,0.2606426883384636,0.07474693159440576,0.6646103800671306
18701.0,1.915100004817629E-4,0.9998084777943382,1.2205180121810981E-8
18088.0,0.0031394758332808333,0.9967596872846772,1.008368820419618E-4
18363.0,0.5104951613114411,0.41686340512375025,0.07264143356480866
17821.0,0.1526870953194078,0.3371500483391374,0.5101628563414548
17550.0,0.9044970689755928,0.08952473892722419,0.005978192097183107
17124.0,1.1401029223112558E-4,0.1654843704375595,0.8344016192702094
17399.0,0.6372393434567095,0.35006009952699757,0.012700557016292822
18522.0,0.0022688534595385022,1.4054266821534933E-4,0.9975906038722461
18294.0,0.7070715998599921,0.29136773146408446,0.0015606686759234622
18021.0,0.8387608247313111,0.1069474278877334,0.05429174738095552
17475.0,0.6264973402220678,0.3708249230447075,0.0026777367332245904
17744.0,0.006482343583312432,0.760574446272012,0.23294321014467576
17210.0,1.4417268880023785E-5,0.9999854131471619,1.6958395794453422E-7
18583.0,0.011274318916135366,0.2909616130200679,0.6977640680637968
18640.0,0.9823767611906953,0.0157189188149731,0.001904319994331716
17277.0,0.8219958621750078,0.1667556025440824,0.011248535280909938
17006.0,0.9811329893889359,0.0186648009781152,2.0220963294906825E-4
17412.0,0.015106779901710606,0.0018657715695000084,0.9830274485287894
17687.0,0.6598970446913902,0.2880075266017686,0.05209542870684127
18225.0,0.9935952870569118,0.005601405861728607,8.033070813597434E-4
17954.0,0.13738303079186268,0.7389244664282703,0.12369250277986707
18702.0,0.8793691080199808,0.10925200858368443,0.011378883396334841
18461.0,0.22052263755093146,0.7663755213123442,0.013101841136724194
17059.0,0.1828522901904028,0.7658144929679676,0.051333216841629656
17328.0,0.0020214916068239416,0.9566279731848965,0.04135053520827971
17882.0,0.07788627700680159,0.024981585890530175,0.8971321371026681
17609.0,0.9442512321384391,0.05379386123499139,0.0019549066265695616
18159.0,9.168201323188088E-6,3.957340580793097E-6,0.9999868744580961
18428.0,0.5326694599638677,0.21764911231680908,0.24968142771932314
18521.0,0.9623117044126271,0.036400933303037494,0.0012873622843352652
17396.0,0.8744778374263474,0.12248632439534327,0.003035838178309234
17127.0,0.9958952778958682,0.00395532372342299,1.4939838070874084E-4
18360.0,0.7706223874934295,0.20894337128260146,0.020434241223969026
18091.0,0.32461034926501037,0.2062055472616959,0.4691841034732937
17549.0,0.9637499680791485,0.03558333569804546,6.666962228060513E-4
17822.0,0.9307353834048301,0.0029902509085966925,0.06627436568657327
18580.0,0.9965487382396525,0.0033883371277596084,6.292463258803771E-5
17209.0,0.41086631898946885,0.3633438431643885,0.22578983784614262
18022.0,0.9091630197051221,0.06989925572208562,0.02093772457279219
18293.0,0.6347229519427792,0.25275491837717456,0.11252212968004624
17747.0,0.27627677114236066,0.07983504007702155,0.6438881887806178
17472.0,0.9171961717622873,0.0758564585839515,0.006947369653761141
18641.0,0.4348055472764303,0.3754674681787993,0.18972698454477033
17413.0,0.04300308080878437,0.6580186318578715,0.29897828733334403
17686.0,0.5549296118333759,0.020213009428836914,0.42485737873778723
18224.0,0.2457059082456687,0.6212793635122432,0.13301472824208804
17955.0,0.39771742603185856,0.45916618747875676,0.14311638648938477
17276.0,0.3226229300968999,0.10582140580512298,0.571555664097977
17007.0,0.9488220359327028,0.040356705575314615,0.01082125849198271
18703.0,0.40394520222325075,0.36467741854107205,0.2313773792356772
18460.0,0.13370505814189068,0.0976678896613523,0.768627052196757
17883.0,0.8583328128331164,0.10884906702461623,0.03281812014226744
17608.0,0.8307342486852366,0.13448999516696214,0.03477575614780114
18158.0,0.019148658505312527,0.9808444341600333,6.907334653991299E-6
18429.0,0.23209115002219205,0.20128649260569084,0.5666223573721171
17058.0,0.8867688337985259,0.014763822907420699,0.0984673432940534
17329.0,0.0012276619587950652,0.9987284826177947,4.38554234102809E-5
18520.0,2.0441478054054316E-5,2.16387894559141E-5,0.99995791973249
18361.0,0.0746373352474694,0.1306339902128267,0.7947286745397039
18090.0,0.9306274613179679,0.022815099280770832,0.046557439401261114
17548.0,0.7346578746475596,0.02549664075252406,0.23984548459991636
17823.0,0.028143371728594227,0.937260953578376,0.03459567469302968
17397.0,0.42482298305693744,0.032115356661516936,0.5430616602815457
17126.0,0.007664598781952198,0.7936379676057949,0.19869743361225287
18581.0,6.063370095060191E-4,0.07587912262372173,0.9235145403667723
18023.0,0.812409259636284,0.16539184391722817,0.022198896446487988
18292.0,0.11409289251924315,0.7403640719297994,0.1455430355509574
17746.0,0.02570420132723272,0.0028635847994318325,0.9714322138733356
17473.0,0.918800189472919,0.013393110809294393,0.06780669971778666
17208.0,0.9020836708610755,0.0845026733727722,0.013413655766152327
17334.0,0.9399321069405361,0.0016119371939637423,0.05845595586550026
17061.0,0.787087102628744,0.16834584623890825,0.04456705113234771
18426.0,0.7239049111053509,0.16012742289900217,0.11596766599564681
18153.0,0.9159423323996364,0.06527593911338275,0.01878172848698079
17615.0,0.8414767435377001,0.15041961572172866,0.008103640740571308
17884.0,0.248172240012228,0.3464480796849016,0.40537968030287036
18459.0,0.5342067849466717,0.38799994712100416,0.07779326793232413
18696.0,0.38545029837540057,0.6139511003399527,5.986012846467936E-4
17000.0,0.9434047400976409,0.006305255638653115,0.050290004263705876
17275.0,0.5668416537180929,0.2119039223588519,0.22125442392305517
17956.0,0.002275609074914091,0.9976788399292914,4.555099579447207E-5
18231.0,0.9279139309890442,0.060894791843623376,0.011191277167332344
17681.0,0.9675851484497149,0.0318459570078,5.688945424850571E-4
17410.0,0.08113312275726396,0.18664633353685892,0.7322205437058771
18646.0,0.603425948363908,0.35720016816802247,0.03937388346806959
17215.0,0.9567232592517294,0.032203651968279144,0.011073088779991358
17478.0,0.9781082897890323,0.0202290899304399,0.0016626202805277346
17749.0,0.8883657505566348,0.10974883820783517,0.0018854112355299588
18291.0,0.9410611325335603,0.05759603230906017,0.001342835157379655
18016.0,0.023133267291689366,0.3519235107306595,0.6249432219776512
18578.0,0.18306433755640752,0.0025066664365411624,0.8144289960070513
17121.0,0.6126774971459567,0.3400649300690113,0.04725757278503209
17394.0,0.4289864799664058,0.4770765131138494,0.09393700691974481
17816.0,0.3121416557676123,0.048659123410563734,0.6391992208218239
17547.0,0.9142702061830218,0.033199666917745514,0.052530126899232706
18093.0,0.31383754061156444,0.08022673738595523,0.6059357220024802
18366.0,0.9028976620371885,0.09128591445818372,0.005816423504627786
18527.0,0.934697724997015,0.06487207003753667,4.3020496544846765E-4
18427.0,0.9194574777864759,0.07890485488205286,0.0016376673314713055
18152.0,1.1813682015576701E-5,9.29459755254291E-6,0.999978891720432
17614.0,1.3307433708222322E-4,3.060600559804435E-6,0.999863865062358
17885.0,0.9789617287424672,0.020672671528536888,3.655997289957886E-4
17335.0,0.0400870900017267,0.08546935808140164,0.8744435519168717
17060.0,0.7404616552471612,0.2519388975003662,0.007599447252472681
18458.0,0.44370216044641575,0.373406262675615,0.1828915768779692
18697.0,0.3314949157915684,0.6276364508776452,0.0408686333307864
17957.0,0.5468556006737133,0.23875651899330294,0.2143878803329837
18230.0,0.025637886065293505,0.0021461973101053267,0.9722159166246013
17680.0,0.9500769894841864,0.04673380724130746,0.0031892032745061386
17411.0,0.9599998160299216,0.039228946043165076,7.71237926913233E-4
17001.0,0.9798865294841779,0.019321765842226182,7.91704673595971E-4
17274.0,0.0029862066420808867,0.013273223178688315,0.9837405701792308
18647.0,0.609549615584153,0.36316123752106944,0.027289146894777596
17479.0,0.020333935174309842,0.9182087648841722,0.06145729994151787
17748.0,0.011376782200689365,0.045259978618685984,0.9433632391806247
18290.0,0.9851746032437408,0.014622081841046363,2.0331491521290244E-4
18017.0,0.6724346629139268,0.29653672006385773,0.031028617022215346
17214.0,0.035409816540746576,0.017438645291353718,0.9471515381678998
18579.0,0.969639644458021,0.029845383268111123,5.149722738679735E-4
17817.0,0.0014460750268410992,0.9984724438743118,8.148109884700755E-5
17546.0,0.8981369428803944,0.05525489938230724,0.04660815773729838
18092.0,0.9266949821557952,0.027328381096963075,0.04597663674724176
18367.0,9.54139123019626E-8,6.226413156594554E-6,0.9999936781729309
17120.0,0.03134091880880884,0.0020160961991574477,0.9666429849920337
17395.0,0.032398699275843594,0.08775788039868418,0.8798434203254722
18526.0,0.18038617470738122,0.06527757838146114,0.7543362469111576
18698.0,0.9377840878781257,0.05954919129187651,0.0026667208299977216
18457.0,0.9875922676067833,0.011819406718366971,5.883256748496707E-4
17063.0,0.9849796236939367,0.00820128600758976,0.006819090298473618
17332.0,0.48967795652590285,0.37468381260056993,0.1356382308735271
18155.0,0.886573996551625,0.11152216389355375,0.0019038395548210915
18424.0,6.617383858880295E-4,0.0022816041222825786,0.9970566574918293
17886.0,0.9599998160299216,0.039228946043165076,7.71237926913233E-4
17613.0,0.839691548291413,0.15142690875217438,0.008881542956412615
18644.0,0.12868139339737236,0.004684883159646777,0.8666337234429808
17273.0,0.9889070722945441,0.010455312940487937,6.376147649678915E-4
17002.0,0.23272223697405053,0.5063545005742959,0.26092326245165354
18229.0,0.9405368781162776,0.0395480344536067,0.01991508743011569
17958.0,0.07585585100525442,0.005193747677871766,0.9189504013168739
17408.0,0.7245917548574198,0.26995012861507456,0.005458116527505711
17683.0,0.819265616875337,0.1636027415010394,0.017131641623623642
18576.0,0.9795602983723007,0.0198965178124531,5.431838152462216E-4
17213.0,0.9097384961831126,0.08941349666722438,8.480071496629238E-4
17751.0,0.9338608783728227,0.05943201668714118,0.006707104940036149
17476.0,0.9124262096466634,0.07664922521163227,0.010924565141704288
18018.0,0.5567019403700761,0.44060322138648145,0.0026948382434425263
18289.0,0.35320315954438514,0.6447790667523459,0.0020177737032689436
18525.0,0.9302467413827765,0.06877181596296153,9.814426542618362E-4
17392.0,0.934355696085622,0.06507695049824139,5.673534161365305E-4
17123.0,0.030051722261857806,0.44863598316339726,0.5213122945747449
17545.0,0.21655634093364284,0.11269028291367439,0.6707533761526827
17818.0,0.9337408545026877,0.06139871337751944,0.004860432119792914
18364.0,0.05722782671189507,0.9427673710325472,4.802255557586953E-6
18095.0,0.2518150976695999,0.0034127450483240162,0.744772157282076
18699.0,0.37868357901280014,0.6197953589681952,0.0015210620190046734
18456.0,0.17101208426347703,0.7811497136892744,0.04783820204724855
18154.0,6.939133997121527E-4,0.9923785858666945,0.006927500733593393
18425.0,0.9938481312839618,0.004521360291732758,0.0016305084243055134
17887.0,0.03941761805193591,0.05627859527195435,0.9043037866761098
17612.0,0.9576989115516266,0.02984941189978004,0.012451676548593475
17062.0,5.962705575735073E-4,0.9903513587133479,0.0090523707290786
17333.0,0.9813376955254655,0.0033172299559717645,0.015345074518562877
18645.0,0.10136094670272905,0.6499815412809126,0.2486575120163585
18228.0,0.44146958166453526,0.009285002676773296,0.5492454156586914
17959.0,0.49975879772795345,0.4576944768729811,0.04254672539906535
17409.0,0.9186001378529629,0.07277686778929114,0.008622994357746142
17682.0,0.39098011120016024,0.20642479934853114,0.4025950894513087
17272.0,0.2393979789426568,0.5714511503445335,0.1891508707128096
17003.0,0.001786385574542073,0.9981928168965316,2.0797528926436816E-5
18577.0,0.4453127562297705,0.47948431050793167,0.0752029332622978
17750.0,0.0165478170857631,0.9769586324007429,0.006493550513494046
17477.0,0.8690056614363288,0.12750722076448517,0.0034871177991858573
18019.0,0.6479132335130392,0.25397986967059155,0.09810689681636933
18288.0,0.7100921349409541,0.28376486100082615,0.006143004058219645
17212.0,0.9499045671294979,0.04768393418556215,0.0024114986849399053
18524.0,0.9513282406997272,0.04022858705955394,0.008443172240718872
17544.0,0.01173761334345641,0.0040971276696090166,0.9841652589869345
17819.0,0.8887830929347758,0.10252160050288213,0.008695306562342195
18365.0,0.8837879059000376,0.09021913773776374,0.025992956362198467
18094.0,0.01887752368038268,0.02825731673071094,0.9528651595889063
17393.0,0.4058435600554108,0.5326755708464659,0.061480869098123406
17122.0,0.012136277410002803,0.3441768895866517,0.6436868330033454
18498.0,0.0016831829649217997,0.009016018158739387,0.9893007988763388
17148.0,0.0066334286386321144,2.503755043012626E-5,0.9933415338109378
17391.0,0.0010263689068841168,0.9975417928642379,0.0014318382288779894
18096.0,0.717947715510939,0.2757766083314876,0.006275676157573319
18339.0,0.008137090513655071,0.036552710805508766,0.9553101986808361
17797.0,0.5512069394396171,0.43353467377949034,0.015258386780892549
17558.0,0.948190184883201,0.038726757339733936,0.013083057777065232
18575.0,0.938189038810476,0.05997839706869145,0.0018325641208325508
17186.0,0.9844940800989612,0.01099843618823133,0.004507483712807254
18286.0,0.7444893220227234,0.2446236894696088,0.01088698850766772
18045.0,0.9106852018297279,0.07597700754883081,0.013337790621441244
17499.0,0.2964332390585373,0.17477895458393033,0.5287878063575323
17736.0,3.4280948624385594E-6,2.211428741962912E-6,0.9999943604763956
18635.0,0.0022346402571464053,0.02896404108625654,0.968801318656597
17013.0,0.9616816975417982,0.02075998522565057,0.017558317232551097
17254.0,0.009573614179002161,0.042714401007026274,0.9477119848139716
17676.0,3.868024580151539E-5,0.0035177588694087366,0.9964435608847897
17439.0,0.8138013962569515,0.18369352654211177,0.0025050772009367413
17977.0,0.9859156254990635,0.013675569200781662,4.088053001547531E-4
18218.0,0.016348988833859057,0.9830616841321151,5.893270340259154E-4
18438.0,0.7324960535643026,0.22334747842950128,0.044156468006196235
18709.0,0.08027816204379427,0.905612098521044,0.014109739435161769
17323.0,0.052009610839000575,0.9433390598370827,0.004651329323916702
17080.0,0.0015422090481954686,0.9983881920297164,6.959892208805502E-5
17618.0,0.04382659772079304,0.005304187610348785,0.9508692146688581
17857.0,0.9020751756380843,0.035149118113931614,0.06277570624798416
18407.0,0.4572866796709615,0.42444334732255384,0.1182699730064848
18164.0,0.8237286710217262,0.151931758595951,0.024339570382322814
18499.0,0.7160452765680166,0.2656655969879991,0.01828912644398445
18097.0,0.29216837692740255,0.7062950388676056,0.0015365842049917511
18338.0,0.010586052772385736,0.016266141158139895,0.9731478060694743
17796.0,0.005949920553857586,0.99404480439017,5.275055972508866E-6
17559.0,0.9319423919537607,0.03398303972901976,0.034074568317219424
17149.0,0.06118931650798613,0.03789151603480843,0.9009191674572055
17390.0,0.1667118295174691,0.7697132503477742,0.06357492013475677
18574.0,0.3163875037596566,2.0475532252120216E-5,0.6835920207080912
18287.0,0.93953151412109,0.05815366133057775,0.0023148245483322325
18044.0,0.7255279057861524,0.2657302078140558,0.008741886399791723
17498.0,0.959523215172469,0.03825182074097946,0.0022249640865515774
17737.0,0.7303085948495049,0.23543041776680765,0.034260987383687325
17187.0,0.10416080344036105,0.22107589865339133,0.6747632979062477
18634.0,0.9518301199644392,0.046956125943302396,0.0012137540922582406
17677.0,0.5568286722716719,0.0012422432778912888,0.44192908445043694
17438.0,0.43267451217362035,0.15430840320664008,0.4130170846197396
17976.0,0.9541046896669051,0.017831484013077162,0.02806382632001762
18219.0,0.9646977253221537,0.028472010442236996,0.006830264235609243
17012.0,0.7854257543202228,0.1825763360785532,0.03199790960122402
17255.0,9.376403807151932E-8,3.449356158536962E-4,0.9996549706201082
18439.0,0.18548364861224614,5.022664187211127E-4,0.8140140849690327
18708.0,0.06693953006951624,0.8051220359974618,0.12793843393302187
17619.0,0.0016582503261460537,0.9102586386265797,0.08808311104727418
17856.0,0.7026321872067127,0.20640985293012715,0.09095795986316016
18406.0,0.8616089916898574,0.1325036832879216,0.005887325022220927
18165.0,0.1055366390706908,0.579502895127113,0.3149604658021963
17322.0,0.006189561462818781,0.9929581928617887,8.522456753925587E-4
17081.0,0.9461258082394418,0.05232605809659727,0.0015481336639610148
17389.0,0.570106313841221,0.3704133067202372,0.059480379438541765
17150.0,0.9637499680791485,0.03558333569804546,6.666962228060513E-4
18337.0,0.5867923412106657,0.3986359489490952,0.014571709840239033
18098.0,0.9548013851876037,0.04401483445408321,0.0011837803583129663
17556.0,0.9200015041259784,0.02805804283880223,0.05194045303521935
17799.0,0.5594322869825729,0.40253510333510184,0.038032609682325406
18496.0,4.932896039471626E-4,0.007083778955149413,0.9924229314409034
17184.0,0.00634205174401881,0.017420778369779063,0.9762371698862021
18047.0,0.9591736758181355,0.027389413230010658,0.013436910951853736
18284.0,0.9228058080667422,0.07670242202374872,4.917699095092543E-4
17738.0,0.969639644458021,0.029845383268111123,5.149722738679735E-4
17497.0,0.91981513738482,0.07821669773667539,0.0019681648785044603
18573.0,0.5915231371997792,0.13976626230309944,0.2687106004971212
17252.0,0.5265232657836355,0.14569543294926,0.32778130126710453
17015.0,0.35022949457015484,0.42886033209670443,0.22091017333314059
17437.0,0.9003257749117017,0.06363793312104306,0.036036291967255024
17678.0,0.009694907785305438,0.8862905792831027,0.10401451293159196
18216.0,0.9719814752955308,0.027259422280790545,7.591024236785857E-4
17979.0,0.0013531701440534392,1.1717831350321092E-4,0.9985296515424433
18633.0,0.7165287057770182,0.27832841431758865,0.005142879905393255
17082.0,0.369857529311688,0.34278010923618507,0.28736236145212696
17321.0,0.04291192603075707,0.9527172330462929,0.004370840922950123
17859.0,0.0010212857419416685,0.9328739520066496,0.06610476225140874
17616.0,0.8914094870761273,0.1077286382031083,8.618747207644506E-4
18166.0,0.20958693380344828,0.0013883272455187075,0.7890247389510331
18405.0,0.9045052633086034,0.07562047127672868,0.019874265414668003
18711.0,0.9745252572757143,0.009011066882038007,0.016463675842247904
18436.0,0.029062100224023748,0.038951962667787575,0.9319859371081886
18336.0,0.697227726433341,0.16099198568887907,0.14178028787778005
18099.0,0.07522009041068124,0.9141892192783988,0.010590690310920093
17557.0,0.7267091725445537,0.257087692291081,0.016203135164365248
17798.0,0.2732168229276703,0.3874987835607831,0.33928439351154654
17388.0,0.7912982245538295,0.19992296729582323,0.00877880815034736
17151.0,0.8698153513005565,0.036992849517782235,0.09319179918166119
18497.0,0.762925773386586,0.19495966074904028,0.04211456586437386
18046.0,0.012290037753507425,0.9848693480283515,0.0028406142181411037
18285.0,0.9400971706893687,0.05723109817627122,0.002671731134360082
17739.0,0.8789320007659849,0.03194595889629889,0.0891220403377161
17496.0,0.015691187575828717,0.981864048981049,0.0024447634431223747
17185.0,0.7945018588410528,0.1798764773032779,0.025621663855669326
18572.0,0.11432306060091245,0.06609200140015684,0.8195849379989308
17436.0,0.9685705580786084,0.028387512811664486,0.003041929109727126
17679.0,0.17661791345748587,0.07153761300116435,0.7518444735413499
18217.0,0.8579978125252945,0.03371515573260407,0.10828703174210133
17978.0,0.13984711076201078,0.05584613333806702,0.8043067558999222
17253.0,0.15102955170948248,0.20850880189782883,0.6404616463926888
17014.0,0.5757273453888856,0.3938066734598607,0.030465981151253728
18632.0,0.9663040271901022,0.03246984421219632,0.0012261285977015822
17858.0,0.7741990700223212,0.017698759730421586,0.2081021702472572
17617.0,0.12749955728101456,0.3967616665158193,0.47573877620316607
18167.0,2.7146430363494253E-9,0.999999997256398,2.8959078958791065E-11
18404.0,0.19265222910492136,0.026524751857354048,0.7808230190377247
17083.0,0.2702143481466315,0.7232409692554517,0.0065446825979168935
17320.0,0.3494329453086334,0.6338171739702664,0.01674988072110017
18710.0,0.17386375146714445,0.02858885183147285,0.7975473967013827
18437.0,0.4040569452036843,6.461520646896075E-4,0.5952969027316262
18571.0,1.361330232095064E-6,0.9999971050964885,1.5335732794056468E-6
17190.0,0.001398779642804703,0.015597254174470231,0.983003966182725
17503.0,0.8417334897193274,0.15361011624693313,0.004656394033739268
17740.0,7.193262465485036E-4,3.5550847401088847E-4,0.9989251652794405
18282.0,0.9284989487760121,0.07072146895299271,7.795822709951574E-4
18041.0,0.891729683321246,0.10602239882836295,0.0022479178503910973
18502.0,0.6815884481024548,0.29239301524963834,0.026018536647906914
17144.0,0.03429432993432566,0.008343204037627564,0.9573624660280469
17387.0,0.9550016443579801,0.04205865938909543,0.0029396962529244968
17793.0,0.5854904906594606,0.1996665832953012,0.21484292604523833
17554.0,0.9325676855943154,0.02077960786210175,0.046652706543582924
18100.0,0.6133282447133281,0.32560773813088795,0.06106401715578384
18343.0,0.8299067142253289,0.14758718670387397,0.02250609907079701
18434.0,0.8664221981246307,0.10935597210569611,0.02422182976967314
18705.0,0.17758503278299215,0.25234401561347225,0.5700709516035356
17327.0,0.8938394420321628,0.033792339384379796,0.07236821858345743
17084.0,0.8954962207294997,0.10000142985404797,0.004502349416452333
18403.0,0.05003957776769536,0.05941223877466991,0.8905481834576348
18160.0,0.959450221700022,0.03776222318567277,0.002787555114305228
17622.0,0.00269452945291328,1.1616750579706335E-4,0.9971893030412896
