18081.0,0.8052473208352582,0.15165670624333072,0.0430959729214111
18354.0,0.2828390194282306,0.4637472947601973,0.253413685811572
17812.0,0.7188512338068648,0.19800425782296038,0.08314450837017485
17543.0,0.3481270651948944,0.24147628500539042,0.4103966497997152
17133.0,0.41725283615986425,0.48710532720677174,0.09564183663336394
17406.0,0.005552705060120897,0.8653378522083774,0.12910944273150154
18752.0,0.0554173699720615,0.9030714888421308,0.04151114118580761
18515.0,0.9181010757541451,0.06608637661073216,0.015812547635122826
18303.0,0.5643452687604043,0.3658904080666625,0.06976432317293327
18028.0,0.15846635675597068,0.2867884007980158,0.5547452424460135
17482.0,0.2427704099579101,0.14833328945714266,0.6088963005849471
17753.0,0.8982326891326685,0.09194496539590052,0.009822345471430884
17203.0,0.6163386294212441,0.35232246196463585,0.031338908614120135
18590.0,0.8268717865365753,0.16585520365635514,0.007273009807069538
17693.0,0.8669148761897179,0.10450513066103444,0.028579993149247754
17422.0,0.009675631391612857,0.1438340021701967,0.8464903664381904
17960.0,0.5405100753445132,0.05910559684482596,0.40038432781066075
18235.0,0.398175171423728,0.572538028312586,0.0292868002636858
16996.0,0.9329433363205956,0.060024379199035215,0.007032284480369242
17271.0,0.801950357169468,0.15820075159727945,0.03984889123325252
18650.0,0.8373417639177825,0.13439383186160656,0.028264404220611
17603.0,0.8843427601174204,0.1026763280693665,0.012980911813213062
17872.0,0.8264301329698751,0.15197716185048243,0.02159270517964249
18422.0,0.9199993688317486,0.07093368886458808,0.009066942303663379
18149.0,0.2649997173036996,0.5232121181454003,0.2117881645509001
17338.0,0.002585903633537665,0.3633689660150894,0.6340451303513729
17065.0,0.5191416755185913,0.37745235317633996,0.1034059713050688
18455.0,0.9364375709155283,0.0565110184697862,0.0070514106146855595
18692.0,0.22326961975177131,0.03828374688817181,0.7384466333600569
17132.0,0.010620748203375937,0.08524056747091006,0.904138684325714
17407.0,5.263157894736842E-4,0.0025400457665903887,0.9969336384439359
18080.0,0.33880317985695974,0.2897727777548516,0.3714240423881887
18355.0,0.025617714050060313,0.2781401580558612,0.6962421278940786
17813.0,0.7415104422890518,0.13733453226741482,0.12115502544353336
17542.0,0.7542038589445615,0.14905361567461684,0.09674252538082168
18514.0,0.9055715698701181,0.07339786034059671,0.021030569789285143
17202.0,0.07392031865104942,0.8169775798424018,0.1091021015065488
18302.0,0.8627899785474236,0.10678767838648641,0.030422343066090034
18029.0,0.8699931471856596,0.11681905227895549,0.013187800535384946
17483.0,0.915088787162,0.05291490332834104,0.031996309509658906
17752.0,0.5137931767956055,0.05775792254594037,0.42844890065845415
18591.0,0.6935224276605073,0.07498623634330392,0.2314913359961888
16997.0,0.8172546173411068,0.08771080984264751,0.09503457281624557
17270.0,0.9207126080210147,0.07271763359923133,0.0065697583797539
17692.0,0.9375921808130946,0.04931061878994286,0.013097200396962655
17423.0,0.23679510438159343,0.31176469024194964,0.45144020537645696
17961.0,0.6465456385395598,0.32213378411383836,0.03132057734660175
18234.0,0.17431401645189376,0.7798081430467719,0.045877840501334394
18651.0,0.20818170205758205,0.6198169704476292,0.17200132749478864
17339.0,0.7972474555369032,0.1917800578403224,0.010972486622774412
17064.0,0.8661046076405416,0.11888167989484218,0.015013712464616233
17602.0,0.7292089716554774,0.20548079095723618,0.06531023738728657
17873.0,0.8218327151135992,0.16793201247899653,0.010235272407404364
18423.0,0.020601392491639423,0.10556224332607365,0.8738363641822868
18148.0,0.7103574734776049,0.09875316554350114,0.19088936097889406
18454.0,0.6448294769050228,0.2972252192543048,0.057945303840672445
18693.0,0.9194960065451874,0.07076442624409668,0.009739567210715956
18513.0,0.02074680200177704,0.10816538301528959,0.8710878149829334
18352.0,0.8342003752260267,0.12804038966609765,0.03775923510787558
18083.0,0.0,0.0,1.0
17541.0,0.8998646400080673,0.09124160593223471,0.008893754059697946
17814.0,0.3009473249758582,0.30390473260999046,0.39514794241415124
17404.0,0.8611156991269301,0.12702388823725408,0.01186041263581582
17135.0,0.19655383949808444,0.38510800620943353,0.4183381542924821
18588.0,0.6849969570211094,0.20192377904209205,0.11307926393679849
18030.0,0.14791000956497782,0.08493480382736521,0.767155186607657
18301.0,0.2971501771761075,0.2449056990188985,0.45794412380499405
17755.0,0.13088531429662142,0.28620783156400714,0.5829068541393714
17480.0,0.7631394074167883,0.06990033467813508,0.16696025790507663
17201.0,0.9303320978377065,0.06330123211056937,0.006366670051724125
18648.0,0.876211444428633,0.11560904861272056,0.008179506958646368
17420.0,6.451612903225806E-4,1.6129032258064516E-4,0.9991935483870968
17695.0,0.8888520237376234,0.10227614937397775,0.008871826888398847
18233.0,0.768348987842981,0.11774446145799393,0.1139065506990251
17962.0,0.6668987647192203,0.30499507348048444,0.02810616180029529
17269.0,0.6430215975616662,0.3312885003724029,0.025689902065931046
16998.0,0.00886006753565037,0.3139191218741417,0.6772208105902079
18694.0,0.6350544668663759,0.09502764071682253,0.2699178924168016
18453.0,0.7726252540165611,0.2021071650048183,0.02526758097862053
17874.0,0.9140272124469045,0.07702258646229272,0.008950201090802745
17601.0,0.7121776260522978,0.21131819749236422,0.076504176455338
18151.0,0.8691559342302208,0.11873832780459571,0.012105737965183475
18420.0,0.0828547640355617,0.24602983683668073,0.6711153991277576
17067.0,0.008343495188174822,0.13578097409929857,0.8558755307125265
17336.0,0.6526443464501853,0.3318183018409072,0.015537351708907472
18512.0,0.2981785428927622,0.6791259360459639,0.02269552106127398
17405.0,0.7396425923738531,0.23503400297554042,0.02532340465060646
17134.0,0.7191984465110468,0.22606969440281888,0.05473185908613425
18353.0,0.6255220866418402,0.20313267332878698,0.1713452400293729
18082.0,0.701607814088488,0.17542029283903074,0.12297189307248108
17540.0,0.6802419872782368,0.14358805239703604,0.17616996032472715
17815.0,0.867862149789299,0.11820472636525581,0.013933123845445147
18589.0,0.2710526222956757,0.24800719891128103,0.4809401787930432
17200.0,0.03051781199778733,0.18864050311656666,0.780841684885646
18031.0,0.9337292638131081,0.05866722448260303,0.007603511704288953
18300.0,0.7050044318102924,0.24736256683907018,0.047633001350637486
17754.0,0.04699118526849193,0.8168389466946749,0.1361698680368332
17481.0,0.25230978343780947,0.11133559789423193,0.6363546186679586
18649.0,0.10408831691710253,0.15099291227609238,0.7449187708068051
17268.0,0.8901902254211058,0.08728604555958637,0.02252372901930791
16999.0,0.5928349146936198,0.2581269745792944,0.14903811072708584
17421.0,0.9147820380161489,0.06286856869587458,0.02234939328797664
17694.0,0.7305819806922699,0.1734627574538484,0.09595526185388166
18232.0,0.7458325008683052,0.18129721381310887,0.0728702853185858
17963.0,0.8166075857752787,0.16390601004033345,0.019486404184387858
18695.0,0.9437030038407677,0.04822478940751047,0.008072206751721942
18452.0,0.9409306143152333,0.05113782711846876,0.007931558566297885
17066.0,0.7961241909389084,0.19502277591603176,0.008853033145059693
17337.0,0.7762285157198184,0.19758194127472542,0.026189543005456287
17875.0,0.7581391134574683,0.11557144328863615,0.12628944325389552
17600.0,0.30456067479410665,0.12072143092386592,0.5747178942820275
18150.0,0.02201178929903578,0.4562268269725142,0.52176138372845
18421.0,0.48527074013545124,0.4101449841920616,0.10458427567248717
17486.0,0.9350550439143344,0.05280319014962005,0.012141765936045611
17757.0,0.09904963507729725,0.07792263735029795,0.8230277275724048
18299.0,0.7280653822101188,0.2460011167831378,0.025933501006743506
18024.0,0.4925086836639602,0.0989666706579782,0.4085246456780616
17207.0,0.9366956041288483,0.056580121842971245,0.006724274028180467
18586.0,0.8419559675779945,0.14052597978334427,0.017518052638661286
17808.0,0.800186240493605,0.1413360176174399,0.058477741888955014
17539.0,0.6059320674239883,0.1474914337369101,0.24657649883910154
18085.0,0.5295220707471893,0.3639483892856027,0.10652953996720793
18358.0,0.817584421128745,0.16412834518726419,0.01828723368399078
17129.0,0.7087465068347208,0.21731374095177078,0.07393975221350842
17402.0,0.8992981996871058,0.09265426307086466,0.008047537242029576
18519.0,0.8906696412733953,0.09363928892354957,0.015691069803055034
18418.0,0.8438267804770617,0.15142725292346187,0.004745966599476544
18145.0,0.3197352813506776,0.3074799508591211,0.37278476779020137
17607.0,0.9067035454456248,0.08322328104853305,0.010073173505842201
17876.0,0.9397054484275325,0.053309480670338985,0.0069850709021285935
17342.0,0.2556678518142899,0.052779476000957386,0.6915526721847527
17069.0,0.9289158368166652,0.06366924149544667,0.00741492168788803
18451.0,0.35039537157124856,0.28557239537405477,0.3640322330546966
18688.0,0.7893718736813731,0.14190322102438427,0.06872490529424276
17964.0,0.45941363921039335,0.032619960383018946,0.5079664004065877
18239.0,0.44488406079888015,0.0995560754599133,0.45555986374120655
17689.0,0.7826860364988205,0.19406110096750334,0.023252862533676096
17418.0,0.07436948467256917,0.6680839328530611,0.2575465824743698
16992.0,0.44245144228775335,0.4411161403022873,0.11643241740995931
17267.0,0.11662334730449907,0.7397027525858377,0.14367390010966316
18654.0,0.6459653412676953,0.08504774435897505,0.26898691437332967
17206.0,0.7347148190076502,0.25332741969613176,0.011957761296218119
17487.0,0.892680343837941,0.10117676614712648,0.006142890014932444
17756.0,0.13835851306926536,0.8020387518758548,0.059602735054879875
18298.0,0.48570712484925693,0.23102922487949232,0.28326365027125067
18025.0,0.8397849870201769,0.13324611074157852,0.026968902238244562
18587.0,0.8784961962883501,0.10581980184257943,0.01568400186907053
17128.0,0.9048615380517662,0.08651059678601035,0.008627865162223542
17403.0,0.25535887259306445,0.23021462849428467,0.5144264989126509
17809.0,0.38464262655329867,0.30741607505355734,0.307941298393144
17538.0,0.11729950312585538,0.839636579993153,0.04306391688099166
18084.0,0.809020270218984,0.12431731979365714,0.0666624099873589
18359.0,0.839876105942169,0.14265269513262785,0.01747119892520318
18518.0,0.5552024707971654,0.20018655528215265,0.2446109739206818
17343.0,0.8576214723005552,0.12574513314366137,0.016633394555783453
17068.0,0.7102753170392149,0.1745056749477685,0.11521900801301665
18419.0,0.6211440139650093,0.2984371906322926,0.08041879540269806
18144.0,0.37590001001338563,0.5749109540067463,0.04918903597986811
17606.0,0.13594315798735745,0.37064610199384107,0.4934107400188015
17877.0,0.5609386810732991,0.3646727070732591,0.07438861185344182
18450.0,0.6586420697523938,0.1784556176523001,0.16290231259530605
18689.0,0.902271613723529,0.08301920727027229,0.01470917900619872
16993.0,0.0,0.0,1.0
17266.0,0.6810295610938292,0.26853553988603884,0.05043489902013197
17965.0,0.8378442528384515,0.10423418505619582,0.05792156210535266
18238.0,0.934130708089811,0.0589002488236912,0.0069690430864978135
17688.0,0.6961439717006942,0.14119462536902858,0.16266140293027717
17419.0,0.5258794309344362,0.08510292795250214,0.3890176411130616
18655.0,0.11143710935593865,0.7513223662668075,0.1372405243772539
18584.0,0.3521672831271861,0.3230682829459133,0.32476443392690063
17759.0,0.41680767418707537,0.3959029437319805,0.1872893820809441
17484.0,0.942977224332986,0.05087912570735785,0.0061436499596562106
18026.0,0.029129318506878752,0.3806200669287698,0.5902506145643514
18297.0,0.8352194599114047,0.06624973641856642,0.09853080367002885
17205.0,0.9394292650098266,0.05438446024502872,0.006186274745144677
18517.0,0.07730934546612805,0.8739411305606664,0.04874952397320572
17537.0,0.04333799558855712,0.22601425561560443,0.7306477487958385
17810.0,0.8775741024185156,0.0927472404417426,0.02967865713974184
18356.0,0.08038295514499454,0.6694912450411261,0.2501257998138794
18087.0,0.0747277147996477,0.8845303747837754,0.040741910416576835
17400.0,0.8998997961365182,0.08648504573759466,0.013615158125887207
17131.0,0.004442830771122578,0.7259646076324148,0.2695925615964626
18690.0,0.629627896892178,0.34007061672855526,0.030301486379266777
18449.0,0.008701735081729127,0.8510762102224196,0.14022205469585117
18147.0,0.6010512622264065,0.3867008736516558,0.01224786412193771
18416.0,0.9123070552287966,0.08021955042898367,0.007473394342219698
17878.0,0.6460239999798373,0.3322546936310528,0.02172130638910983
17605.0,0.42064285728890666,0.26495360790956957,0.31440353480152383
17071.0,0.8202589397173861,0.06625347529108716,0.11348758499152685
17340.0,0.9448769503355641,0.04719652223902709,0.007926527425409016
18652.0,0.8260928416788459,0.09273229066790717,0.08117486765324694
18237.0,0.20213201044056384,0.19923376812774873,0.5986342214316875
17966.0,0.9062102318542479,0.08122345003627798,0.012566318109474185
17416.0,0.8313445195136269,0.15401345268136726,0.014642027805005859
17691.0,0.10393353644336316,0.1692969028969229,0.726769560659714
17265.0,0.9466532821401908,0.04585124124727907,0.007495476612529976
16994.0,0.49497861731865284,0.31301574607156235,0.1920056366097848
18585.0,0.9435001538579728,0.04999911905539526,0.006500727086632004
17204.0,0.7068133360285873,0.2153279546910664,0.07785870928034623
17758.0,0.5650466457186707,0.4089143167965758,0.026039037484753415
17485.0,0.7224321938732702,0.2630193247367893,0.014548481389940528
18027.0,0.025460149005581717,0.19008311180502585,0.7844567391893924
18296.0,0.7764615188648993,0.1889494934516915,0.03458898768340923
18516.0,0.5310165208836214,0.17972188102204212,0.2892615980943365
17401.0,0.8552790193506543,0.1215166486489668,0.02320433200037888
17130.0,0.7070002987236272,0.24663305394857976,0.04636664732779288
17536.0,0.745526200521778,0.16673328874462143,0.08774051073360067
17811.0,0.471353284256952,0.03158329055704304,0.4970634251860051
18357.0,0.7039701321330999,0.17593940937694805,0.12009045848995203
18086.0,0.7158727338725299,0.24352746404043782,0.04059980208703236
18691.0,0.10976620120386162,0.015052761179413619,0.8751810376167247
18448.0,0.0024121429438308723,0.454210565203937,0.5433772918522323
17070.0,0.475465286734376,0.1820766047801112,0.3424581084855128
17341.0,0.7954973076382379,0.11187185435819698,0.09263083800356514
18146.0,0.10553742679794188,0.7049309358481606,0.1895316373538975
18417.0,0.3939987052725733,0.1908782935423629,0.4151230011850638
17879.0,0.38968636795215955,0.17034290578885355,0.43997072625898703
17604.0,0.8765373402752813,0.05238007648254877,0.0710825832421699
18653.0,0.8771765301411332,0.10967345479461942,0.013150015064247369
17264.0,0.8560407474256817,0.1300255226596051,0.01393372991471303
16995.0,0.8559114710173714,0.11293014606694074,0.031158382915687885
18236.0,0.5607545500050263,0.30108997616670113,0.13815547382827265
17967.0,0.5419288342851538,0.1421002626004949,0.3159709031143512
17417.0,0.24552493295890143,0.009220973947814824,0.7452540930932837
17690.0,0.8293249787250184,0.15098729733926625,0.01968772393571536
17004.0,0.8150850455753149,0.1394900466483207,0.04542490777636434
17279.0,0.8974919599447163,0.07087965949209508,0.031628380563188625
17685.0,0.2032356435086137,0.0839194652683643,0.712844891223022
17414.0,0.6554227542532891,0.29966020105167335,0.04491704469503757
17952.0,0.674196738082517,0.1506675328044115,0.17513572911307143
18227.0,0.4455324179989803,0.3604436165255824,0.19402396547543738
18642.0,0.6929215390201826,0.2892999860745083,0.017778474905308962
17330.0,0.8003349766065522,0.18108239190866193,0.01858263148478605
17057.0,0.8430829897713426,0.13044654560179406,0.026470464626863307
17611.0,0.4057112914321787,0.2584571149492316,0.3358315936185896
17880.0,0.01457536838598181,0.1630678438626838,0.8223567877513345
18430.0,0.8961960685248658,0.09512038269458724,0.008683548780547067
18157.0,0.9048616415713163,0.08041782396743012,0.014720534461253602
18463.0,0.9320737211967604,0.05873658396581221,0.009189694837427475
18700.0,0.24805530514515645,0.401033114198505,0.3509115806563387
17125.0,0.19740814753391708,0.5145329098929888,0.28805894257309406
17398.0,0.35972365629907593,0.5669686297714912,0.07330771392943294
18089.0,0.08705337536446252,0.1903519862719814,0.7225946383635561
18362.0,0.8289218918160223,0.14840123307525194,0.02267687510872577
17820.0,0.20960718827217947,0.6852359915780928,0.10515682014972773
17551.0,0.31688326426408464,0.08803998899420701,0.5950767467417083
18523.0,0.7612438588238698,0.18617280192740787,0.052583339248722306
17211.0,0.15489495019769026,0.025286756547419433,0.8198182932548903
18295.0,0.8952376320331392,0.09390354240762135,0.010858825559239432
18020.0,0.5986483653274374,0.1585532458253246,0.2427983888472381
17474.0,0.8698951342962262,0.11701643745886302,0.013088428244910822
17745.0,0.8778915972581235,0.07245714473795241,0.04965125800392422
18582.0,0.007738107392422936,0.0834948487234381,0.908767043884139
17684.0,0.4100479935110535,0.3145997740621477,0.27535223242679896
17415.0,0.1202252212143532,0.8282557063906758,0.051519072394971104
17953.0,0.5192419941460213,0.2990590254455591,0.18169898040841956
18226.0,0.3504282478766006,0.039357939067971935,0.6102138130554274
17005.0,0.8665678483868762,0.12498771678237569,0.008444434830748176
17278.0,0.7783572467449726,0.09560856995770486,0.12603418329732255
18643.0,0.9287079971964698,0.060445198121016556,0.010846804682513667
17610.0,0.9377366183384092,0.05583751499583663,0.006425866665754218
17881.0,0.9113616830261695,0.07781268555512462,0.010825631418705971
18431.0,0.05664830212324703,0.6823940895754563,0.2609576083012966
18156.0,0.003780463831658133,0.3014293559163006,0.6947901802520412
17331.0,0.8574209462679204,0.12207440109021529,0.02050465264186435
17056.0,0.7704876654191866,0.060379849772799456,0.1691324848080139
18462.0,0.19601063998872467,0.5255592620004584,0.27843009801081686
18701.0,0.7232970230996143,0.2528584126731183,0.023844564227267495
18088.0,0.08404377540636146,0.7189809885981426,0.1969752359954959
18363.0,0.2569216240422229,0.6162477863347856,0.1268305896229914
17821.0,0.06536424267197956,0.6495476380078268,0.2850881193201936
17550.0,0.8841663954357649,0.10522912731340939,0.010604477250825722
17124.0,0.5196736091438688,0.22112467878143482,0.25920171207469617
17399.0,0.700777738958823,0.26283935542776576,0.036382905613411225
18522.0,0.5385828129794021,0.05246908452151292,0.40894810249908486
18294.0,0.5630353710816586,0.40104742318992254,0.03591720572841894
18021.0,0.6269161908762547,0.22392497940633888,0.1491588297174064
17475.0,0.8425743023097,0.14271492345013234,0.014710774240167703
17744.0,0.07696459847104381,0.8144387090793488,0.10859669244960735
17210.0,0.04868886558065295,0.854676238561561,0.09663489585778597
18583.0,0.33319489417518416,0.12877266000839013,0.5380324458164256
18640.0,0.9000147262448599,0.09256428555978939,0.007420988195350761
17277.0,0.5779779843782429,0.3657669325503634,0.05625508307139371
17006.0,0.942977224332986,0.05087912570735785,0.0061436499596562106
17412.0,0.5968420260678369,0.09824801619616257,0.3049099577360006
17687.0,0.013885495389078437,0.5531983026227819,0.4329162019881396
18225.0,0.9164255765524959,0.06122784742827423,0.022346576019229968
17954.0,0.6591277491055898,0.0794341222310239,0.26143812866338634
18702.0,0.8245702494874151,0.16327827587550728,0.012151474637077607
18461.0,0.166558866137672,0.743252953938369,0.09018817992395901
17059.0,0.7618374764095723,0.1531569636407413,0.08500555994968646
17328.0,0.22983447685562988,0.6246269258189919,0.14553859732537816
17882.0,0.2054316863741873,0.0926825259060223,0.7018857877197905
17609.0,0.21869393375247467,0.7406700516679977,0.04063601457952756
18159.0,0.24148476767236515,0.013585237059746989,0.744929995267888
18428.0,0.20836858303713204,0.12541818506832622,0.6662132318945417
18521.0,0.8913929340205949,0.09560762705054406,0.012999438928861011
17396.0,0.8435264685496169,0.14775691625752715,0.008716615192855938
17127.0,0.9405659857423656,0.0519778106040024,0.007456203653632031
18360.0,0.8435526840661149,0.135725187509564,0.020722128424321112
18091.0,0.0,7.291666666666666E-4,0.9992708333333333
17549.0,0.9435001538579728,0.04999911905539526,0.006500727086632004
17822.0,0.7049033371842071,0.17790616817720048,0.11719049463859256
18580.0,0.9215329330932304,0.0683337923456084,0.010133274561161363
17209.0,0.36073566981756655,0.43501966533612274,0.2042446648463107
18022.0,0.8606855809296282,0.07419879754755991,0.06511562152281189
18293.0,0.34597399366794296,0.5682107742137553,0.08581523211830179
17747.0,0.10823840334693209,0.04832514130436408,0.8434364553487039
17472.0,0.8133660743467086,0.15466942876577455,0.031964496887516805
18641.0,0.6995974503739568,0.17521082521755324,0.12519172440848997
17413.0,0.5393856142074744,0.34417705860936804,0.11643732718315748
17686.0,0.7849658065509505,0.060752826297084686,0.15428136715196475
18224.0,0.0066212335390535585,0.6954111224046053,0.2979676440563411
17955.0,0.5498843991765847,0.38655748311394167,0.06355811770947362
17276.0,0.19245939892967115,0.08467636423582091,0.722864236834508
17007.0,0.7253206500339733,0.16268495485971193,0.1119943951063148
18703.0,0.08137946514059462,0.44720054049809704,0.4714199943613084
18460.0,0.5777819881232473,0.1753729225620048,0.2468450893147478
17883.0,0.796588607137858,0.14483672848357862,0.05857466437856346
17608.0,0.6143221780025502,0.22936144170903075,0.15631638028841896
18158.0,0.7194204159798888,0.23938507060669859,0.04119451341341267
18429.0,0.5129030479923369,0.25080111164171764,0.2362958403659455
17058.0,0.7306635331523293,0.04669380939771062,0.22264265744996
17329.0,0.4014674725051763,0.47006904627883417,0.12846348121598958
18520.0,0.449604534034741,0.09547247267320143,0.45492299329205754
18361.0,0.2943350134972609,0.21206347874118345,0.4936015077615557
18090.0,0.7666467373215723,0.18429717979033466,0.04905608288809303
17548.0,0.5671412485420112,0.0945766399125394,0.33828211154544924
17823.0,0.09685038361755532,0.7416150593057103,0.16153455707673448
17397.0,0.28087884249346257,0.1329925223507206,0.5861286351558169
17126.0,0.1331761799245168,0.14496914968568445,0.7218546703897987
18581.0,0.19585270857793433,0.26688223872844935,0.5372650526936164
18023.0,0.7437251073386795,0.17752146380402353,0.07875342885729698
18292.0,0.15333889600010867,0.20439492271712856,0.6422661812827628
17746.0,0.668603516084864,0.10947475656652982,0.22192172734860618
17473.0,0.4417456793643227,0.16207623988105638,0.3961780807546209
17208.0,0.8549860804668264,0.10140752700732765,0.04360639252584597
17334.0,0.5773414727232787,0.03669569805184331,0.3859628292248779
17061.0,0.8720709781307663,0.10751712621987078,0.02041189564936293
18426.0,0.5393041218062593,0.32349947890070424,0.13719639929303637
18153.0,0.7824703029527348,0.19102563726171964,0.026504059785545615
17615.0,0.7311409172300924,0.11396890784597694,0.15489017492393065
17884.0,0.5934336701642939,0.14570285703864574,0.26086347279706024
18459.0,0.5492230696093776,0.400443832647918,0.05033309774270434
18696.0,0.8372541178800457,0.11721197666344613,0.04553390545650832
17000.0,0.8706502515293566,0.0743475933326385,0.05500215513800505
17275.0,0.648185145707147,0.21264809573054097,0.13916675856231198
17956.0,0.8113369479602832,0.1549834536691383,0.03367959837057855
18231.0,0.8571215323637331,0.12123158740468025,0.021646880231586577
17681.0,0.9072013732237307,0.08248155589579217,0.010317070880477107
17410.0,0.49442812672743564,0.1857752959099786,0.3197965773625857
18646.0,0.06471291574136581,0.8318935476270123,0.10339353663162193
17215.0,0.4346853680985879,0.04069574997822828,0.5246188819231838
17478.0,0.8949859323595528,0.08753227615807294,0.017481791482374203
17749.0,0.9182937017180527,0.07331334183385929,0.008392956448087971
18291.0,0.9268498214683638,0.05578759675141123,0.01736258178022495
18016.0,0.5095942514925149,0.35672153664563444,0.13368421186185053
18578.0,0.713550159125396,0.06865271407007312,0.21779712680453087
17121.0,0.9123693189969507,0.06980253475673959,0.017828146246309594
17394.0,0.3756334973257672,0.5029892106630359,0.12137729201119692
17816.0,0.436049168606051,0.24579447803134646,0.3181563533626025
17547.0,0.7935192675895779,0.18913578764586284,0.01734494476455928
18093.0,0.15538013197667022,0.19627917393973832,0.6483406940835914
18366.0,0.8836146117399388,0.0998880499236019,0.01649733833645932
18527.0,0.9016671624007787,0.09078586173715808,0.0075469758620632516
18427.0,0.6484531325943133,0.29932828470422906,0.05221858270145768
18152.0,0.17390526498022987,0.08169888671801603,0.7443958483017541
17614.0,0.0,0.0,1.0
17885.0,0.9099435858802262,0.079864992541481,0.01019142157829278
17335.0,0.22006163520922087,0.4543003492982155,0.3256380154925636
17060.0,0.005255167041663184,0.8218172814819776,0.17292755147635921
18458.0,0.5237419939966659,0.20851100893540284,0.2677469970679312
18697.0,0.18067771631703616,0.3259355964311077,0.4933866872518562
17957.0,0.0015031567743568253,0.16448824974109122,0.834008593484552
18230.0,0.13068223273781987,0.015640820811943016,0.8536769464502372
17680.0,0.8976576949571059,0.09150074823905317,0.010841556803840949
17411.0,0.9079076703665739,0.08422436734103812,0.00786796229238784
17001.0,0.9150143947127576,0.0778465778905661,0.007139027396676243
17274.0,0.008760684203674176,0.4548656505029088,0.536373665293417
18647.0,0.5170593413483676,0.334043175838063,0.14889748281356924
17479.0,0.353617581155695,0.34405378185477703,0.30232863698952805
17748.0,0.6968407688516981,0.17036691016645295,0.13279232098184893
18290.0,0.9437094923650828,0.04823419284430452,0.008056314790612602
18017.0,0.6887997798455476,0.29240377170446435,0.018796448449988096
17214.0,0.2075064983754718,0.1200621066070762,0.672431395017452
18579.0,0.9394218840217827,0.05445677629800766,0.006121339680209612
17817.0,0.7183695441748971,0.1991073267445111,0.08252312908059173
17546.0,0.764060298953392,0.21791050773468637,0.018029193311921512
18092.0,0.9132797977739531,0.06555456594125197,0.02116563628479488
18367.0,0.010803191104385405,0.25245450972412464,0.7367422991714899
17120.0,0.44043701356252596,0.07646806386562952,0.48309492257184444
17395.0,0.22130627812735323,0.12128571504328897,0.6574080068293578
18526.0,0.1941188156029307,0.10671440969233661,0.6991667747047328
18698.0,0.7453370045838116,0.24628190528634852,0.008381090129839867
18457.0,0.93165208474123,0.058226146740818774,0.010121768517951293
17063.0,0.8922379698572542,0.09539575962125779,0.012366270521487957
17332.0,0.8384684707894696,0.1254033646726186,0.03612816453791179
18155.0,0.8587796415268489,0.08660772216441806,0.05461263630873309
18424.0,0.362113179217711,0.07653863637001118,0.5613481844122779
17886.0,0.9079076703665739,0.08422436734103812,0.00786796229238784
17613.0,0.13665615914143633,0.5707742350431958,0.292569605815368
18644.0,0.0,0.004613431951441422,0.9953865680485586
17273.0,0.9174987210742223,0.06528769944200252,0.017213579483775266
17002.0,0.007275528701631222,0.7645614068306598,0.22816306446770904
18229.0,0.880145699361016,0.10915341353591923,0.01070088710306471
17958.0,0.0,0.0015813559114506806,0.9984186440885493
17408.0,0.6976300216413396,0.15200748870779252,0.15036248965086782
17683.0,0.8257150265880863,0.12426983174607777,0.050015141665836
18576.0,0.9419669806920681,0.05198919489340091,0.006043824414530907
17213.0,0.9073132579804148,0.05881136879166721,0.03387537322791794
17751.0,0.9129409362099729,0.08012302279733924,0.0069360409926879085
17476.0,0.8223541320051865,0.1437771994459868,0.033868668548826635
18018.0,0.8553462230720711,0.10886881318777658,0.03578496374015227
18289.0,0.8012754295826536,0.1774466334967654,0.02127793692058093
18525.0,0.9296309187541402,0.06320881736294379,0.007160263882915971
17392.0,0.9402772760163594,0.05374501725988421,0.005977706723756471
17123.0,0.13966733788428937,0.5108931115899413,0.3494395505257693
17545.0,0.5728085330143844,0.07016785321515545,0.3570236137704601
17818.0,0.7595034219340615,0.22082166154906666,0.019674916516871893
18364.0,0.8290973174265118,0.14462909815297392,0.02627358442051424
18095.0,0.003555181377762022,0.18107158521917258,0.8153732334030654
18699.0,0.06482085565854129,0.6140222257098759,0.32115691863158297
18456.0,0.5306421619846683,0.4269228306615906,0.04243500735374119
18154.0,0.1083289354557807,0.7931455873816083,0.09852547716261104
18425.0,0.8733073244642681,0.11435485860592255,0.012337816929809363
17887.0,0.05978355728800477,0.32878230979763623,0.611434132914359
17612.0,0.9333981123618516,0.06041561289300377,0.006186274745144677
17062.0,0.0858320128740101,0.7933960920195272,0.12077189510646272
17333.0,0.9203890075093202,0.07265421394218725,0.006956778548492639
18645.0,0.04526300772755337,0.281407910723449,0.6733290815489976
18228.0,0.5231278068817249,0.16562062409066156,0.3112515690276136
17959.0,0.7639951637745982,0.16720819995921837,0.06879663626618335
17409.0,0.7455474420492909,0.17851028701125624,0.07594227093945277
17682.0,0.6730895485749089,0.11160407155708922,0.2153063798680018
17272.0,0.4739692415549125,0.40290717315891555,0.12312358528617193
17003.0,0.057079912397170404,0.6412718169230281,0.3016482706798013
18577.0,0.06254050390296922,0.8661305442170253,0.07132895188000551
17750.0,0.18637403450062442,0.3698621722459035,0.4437637932534721
17477.0,0.8418544546185434,0.11897971247676914,0.039165832904687434
18019.0,0.9154140705553502,0.05203923986554982,0.032546689579099924
18288.0,0.09104335080840245,0.8475198694032018,0.06143677978839584
17212.0,0.7493006855369904,0.20689515605057743,0.043804158412432195
18524.0,0.8059513107302536,0.11255964448374271,0.08148904478600368
17544.0,0.37395794023348805,0.19278376134866468,0.43325829841784735
17819.0,0.8551976543193321,0.13044224630506113,0.014360099375606707
18365.0,0.5750991159867807,0.10093531966844914,0.32396556434477014
18094.0,0.2538013088857332,0.14680956021128413,0.5993891309029826
17393.0,0.23291178802522614,0.6660348718751113,0.10105334009966255
17122.0,0.6170564958034733,0.30032242956786365,0.0826210746286631
18498.0,0.02628191050840395,0.16538042564652944,0.8083376638450667
17148.0,0.07159557236683328,0.04315222702118159,0.8852522006119851
17391.0,0.0351760173994566,0.8627469942691971,0.10207698833134625
18096.0,0.16160522348522055,0.709158713699907,0.12923606281487246
18339.0,0.09306061767339466,0.3076324569740221,0.5993069253525833
17797.0,0.08311739600864552,0.8310078712544136,0.08587473273694093
17558.0,0.841498607641824,0.08027084916755475,0.07823054319062124
18575.0,0.8956524526131321,0.09201201078021864,0.012335536606649307
17186.0,0.4381048942354627,0.08395669269743546,0.47793841306710183
18286.0,0.004589742097157936,0.8769142689688811,0.11849598893396092
18045.0,0.8027348409784715,0.11000687416729837,0.08725828485423022
17499.0,0.7104390115415746,0.26829081933713494,0.021270169121290403
17736.0,0.09148843309501854,0.17792991679242923,0.7305816501125524
18635.0,0.5190866964344093,0.03530357346865372,0.445609730096937
17013.0,0.5046123827689584,0.061306564083382115,0.43408105314765955
17254.0,0.2684977426733655,0.26613188134838,0.46537037597825454
17676.0,0.11074623781395593,0.24030255812983697,0.648951204056207
17439.0,0.8283372664488068,0.16179979724508797,0.009862936306105137
17977.0,0.9076406978826943,0.0671581340141305,0.025201168103175145
18218.0,0.8692129963948036,0.09370509652919194,0.0370819070760043
18438.0,0.7507087141766154,0.22468008827420285,0.024611197549181705
18709.0,0.7868594945534948,0.1916458762168949,0.021494629229610308
17323.0,0.09111375434923082,0.631646687330377,0.27723955832039215
17080.0,0.08269174813207407,0.8682840118799197,0.04902423998800629
17618.0,0.4744682246014792,0.05455066495133974,0.47098111044718116
17857.0,0.43564919199175495,0.24686334191095505,0.31748746609728984
18407.0,0.8602594274995014,0.1150975502827536,0.024643022217745083
18164.0,0.6783740997992566,0.27690207194859995,0.04472382825214349
18499.0,0.6775506838728357,0.27807727868339166,0.04437203744377266
18097.0,0.2924333834526415,0.6199443760527117,0.08762224049464681
18338.0,0.0,0.0015813559114506806,0.9984186440885493
17796.0,0.06857419483532887,0.8565188599306219,0.07490694523404934
17559.0,0.6317051595378658,0.22787271683009055,0.14042212363204376
17149.0,0.0,0.0015813559114506806,0.9984186440885493
17390.0,0.32962770330271507,0.23291318399936142,0.43745911269792365
18574.0,0.5829309609043349,0.09301496982127258,0.3240540692743924
18287.0,0.9223122208722582,0.06946732527367691,0.008220453854064998
18044.0,0.4593393413775017,0.0910321879607562,0.4496284706617421
17498.0,0.8630723743051133,0.12417718933037306,0.012750436364513508
17737.0,0.561644343279436,0.2884050646088573,0.14995059211170678
17187.0,0.009229145231093857,0.4018778635655024,0.5888929912034038
18634.0,0.8957709483596418,0.08813988128496215,0.016089170355395994
17677.0,0.5307223401802627,0.14076373961961133,0.328513920200126
17438.0,0.4502864759761801,0.20629255489965068,0.34342096912416925
17976.0,0.8496796920835121,0.13413284364783848,0.016187464268649313
18219.0,0.8145225580957997,0.1640950711699289,0.02138237073427152
17012.0,0.6476521083192105,0.20729049903347374,0.14505739264731576
17255.0,0.16776922171806177,0.25064788315245407,0.5815828951294842
18439.0,0.29403330009110723,0.13234600334449673,0.573620696564396
18708.0,0.007809859833898152,0.827698448079705,0.16449169208639683
17619.0,0.16608330136675023,0.548921570904896,0.28499512772835367
17856.0,0.822856783146682,0.14291962606028003,0.034223590793038085
18406.0,0.87259085050122,0.11515694527865644,0.012252204220123596
18165.0,0.19648273748269554,0.2995093182057279,0.5040079443115766
17322.0,0.2603306175556043,0.5916791520718373,0.1479902303725584
17081.0,0.7672378180990674,0.2203006909772988,0.012461490923633783
17389.0,0.5251314479982319,0.4026957621124534,0.07217278988931482
17150.0,0.9448021063476575,0.04870311136401203,0.006494782288330519
18337.0,0.6103610327464604,0.33431900570708883,0.05531996154645072
18098.0,0.8292286724226123,0.11739802968909566,0.053373297888291885
17556.0,0.75608679950856,0.22640630049980145,0.0175068999916386
17799.0,0.5616847031299457,0.36088205047266425,0.07743324639739013
18496.0,0.10532137457895979,0.23453032599620907,0.6601482994248311
17184.0,0.5283721093168581,0.386298756403102,0.08532913428003999
18047.0,0.924086416206695,0.05632306699045457,0.019590516802850434
18284.0,0.8519772933699427,0.12020017108444059,0.027822535545616794
17738.0,0.9160955814523852,0.07474191508503589,0.009162503462578929
17497.0,0.8455486744291549,0.1450100939686512,0.009441231602193949
18573.0,0.6963202562814425,0.25933484848188065,0.04434489523667679
17252.0,0.257870287443784,0.086186462056099,0.6559432505001169
17015.0,0.023300800382515613,0.3546694346410276,0.6220297649764568
17437.0,0.8598371159827969,0.12732314090474867,0.012839743112454472
17678.0,0.1055499384012145,0.8525519919489418,0.04189806964984375
18216.0,0.9357037868096998,0.05904459487078203,0.00525161831951818
17979.0,0.45863493243177894,0.09444968135290598,0.44691538621531507
18633.0,0.8768977721333565,0.10924086675330313,0.013861361113340373
17082.0,0.14106339078711994,0.3836397954666086,0.47529681374627153
17321.0,0.6093832411353219,0.3336087555604568,0.05700800330422128
17859.0,0.05233546194734326,0.810211360064689,0.1374531779879678
17616.0,0.8163676925167501,0.16068705469382571,0.022945252789424116
18166.0,0.1328749954990347,0.004401602507311086,0.8627234019936542
18405.0,0.7818134185631046,0.1712208665612689,0.046965714875626556
18711.0,0.9084750763557613,0.06057733949577338,0.030947584148465213
18436.0,0.6698349932758929,0.20634557047646046,0.1238194362476467
18336.0,0.4154851929212336,0.13912939522758214,0.44538541185118424
18099.0,0.05314310283498864,0.911421845956491,0.0354350512085203
17557.0,0.10449263707471797,0.5539819013944788,0.3415254615308032
17798.0,0.471085875350563,0.3907244639191738,0.13818966073026312
17388.0,0.7852599777460797,0.1875029414882911,0.027237080765629067
17151.0,0.6086169486886779,0.14102642586774594,0.25035662544357623
18497.0,0.6295292129031493,0.06989105415299633,0.30057973294385426
18046.0,0.4702271874550324,0.4299734332506587,0.09979937929430889
18285.0,0.8034753320319068,0.17740101837699593,0.01912364959109722
17739.0,0.3475365099509836,0.08081916904867698,0.5716443210003395
17496.0,0.6860991503138967,0.2522766219921191,0.06162422769398419
17185.0,0.8346779617590817,0.14124557323578366,0.02407646500513466
18572.0,0.6632346483638082,0.26805065682821444,0.06871469480797734
17436.0,0.9120884021454551,0.05602319827376316,0.031888399580781705
17679.0,0.00609984845575839,0.09098826773912495,0.9029118838051167
18217.0,0.7738059732405368,0.18565355364557476,0.040540473113888385
17978.0,0.6107916265117824,0.1518078311067756,0.23740054238144195
17253.0,0.5646084639182208,0.327544236155283,0.10784729992649618
17014.0,0.4032847947722179,0.35920160795958134,0.23751359726820062
18632.0,0.9362671323780398,0.05504636382791066,0.008686503794049488
17858.0,0.4154114850248255,0.305571944136969,0.2790165708382056
17617.0,0.0074180144814776925,0.7204676914898586,0.2721142940286638
18167.0,0.028572443836550172,0.5673067257286912,0.4041208304347586
18404.0,0.12679364101810464,0.6221124045831792,0.2510939543987161
17083.0,0.647618586679887,0.3382067504659574,0.014174662854155633
17320.0,0.3256795521604209,0.5466199966753861,0.1277004511641932
18710.0,0.6283159786285464,0.11940856686460653,0.2522754545068471
18437.0,0.7166264650221137,0.09273353664047118,0.1906399983374151
18571.0,0.02378179698879949,0.8551629250947371,0.12105527791646345
17190.0,0.19597485900069536,0.31615861789171906,0.4878665231075856
17503.0,0.6853468334003481,0.23366420529903859,0.08098896130061331
17740.0,0.6128897673253062,0.09104760271395272,0.29606262996074106
18282.0,0.13082909139904048,0.7657437252473571,0.1034271833536024
18041.0,0.8836830906504731,0.09159435101015874,0.024722558339368136
18502.0,0.06896128879294815,0.9043315047321502,0.026707206474901737
17144.0,0.4426113757039357,0.10284550094380203,0.45454312335226227
17387.0,0.8753496927695651,0.09393825678094395,0.030712050449490987
17793.0,0.08615563504499445,0.7269912000976224,0.18685316485738304
17554.0,0.7759039873899506,0.19054871875690935,0.03354729385314009
18100.0,0.007842437642531357,0.7853992151525341,0.2067583472049346
18343.0,0.8039571609009448,0.17077023913256126,0.025272599966493867
18434.0,0.8858182070733621,0.09436110972803863,0.019820683198599264
18705.0,0.018353578761963626,0.11886375122260155,0.8627826700154348
17327.0,0.7210810653914984,0.10041252355817346,0.1785064110503281
17084.0,0.004907085737776781,0.8599242672186216,0.13516864704360163
18403.0,0.5093066320756108,0.20789426223399635,0.2827991056903928
18160.0,0.8931038709009643,0.07316976332480518,0.033726365774230514
17622.0,0.3871626699444527,0.07978533434520725,0.5330519957103401
17861.0,0.6828428707530363,0.26393475823355456,0.05322237101340923
18639.0,0.7948841637449858,0.14323036053996813,0.061885475715045934
17009.0,0.3279488886453549,0.6360518745237128,0.03599923683093231
17250.0,0.798454775218329,0.18112042682307572,0.020424797958595392
17981.0,0.4131114729472209,0.4679350059361392,0.11895352111664004
18222.0,0.04278559463251381,0.8616499655015037,0.09556443986598247
17672.0,0.0023120781103912135,0.2947506730651927,0.7029372488244161
17435.0,0.8028336967919033,0.11192564009257379,0.08524066311552286
18570.0,0.7263935342756876,0.0685496877786892,0.20505677794562313
17502.0,0.8967864597318713,0.08236529396367705,0.02084824630445161
17741.0,0.6251756240947158,0.3323050139049749,0.04251936200030921
