21609.0,0.2583884791870865,0.06096329859026628,0.6806482222226472
20790.0,0.2745623682054367,0.08612198433838075,0.6393156474561825
20025.0,2.2855445163111704E-6,1.3145284418775653E-5,0.9999845691710649
20517.0,0.9923715801015216,2.042926885819893E-8,0.007628399469209686
20266.0,0.3903911614498565,0.5970866832468554,0.01252215530328809
20995.0,0.002478694433962387,0.01923710005490076,0.9782842055111369
21264.0,0.8557748590805563,0.11783636990259484,0.02638877101684889
21668.0,0.07736233207706766,0.0047204856738030255,0.9179171822491293
20455.0,0.8900341522040658,0.10939754963521581,5.68298160718345E-4
20712.0,0.3310577723439351,0.6331782380795334,0.0357639895765315
20987.0,0.07312786164708694,0.002946077407757366,0.9239260609451557
20212.0,0.966925988384053,0.020243297966916537,0.012830713649030578
21469.0,0.958634064102384,0.02037106097153708,0.02099487492607877
21198.0,0.6956946303371336,0.2779064943005075,0.0263988753623588
21728.0,0.8592757320785875,0.002619565468972948,0.13810470245243942
21130.0,5.379317048043177E-19,0.6825015185985741,0.3174984814014258
21401.0,2.6118098654939945E-13,5.184209210598168E-34,0.9999999999997389
20144.0,0.029218763259646053,0.2514668575257169,0.719314379214637
20927.0,0.35098048153822753,0.36596574248927255,0.28305377597249987
20387.0,0.752306231232088,0.22736227836993886,0.020331490397973148
20652.0,7.058755881004996E-12,0.9825047927968236,0.017495207196117638
21549.0,0.48663137214038976,0.4683499020028889,0.045018725856721294
21332.0,0.21044357196884625,0.2004767897665033,0.5890796382646505
21063.0,6.484974790625908E-17,5.145281016543797E-9,0.9999999948547189
20577.0,0.1573270128059537,0.24292036172724935,0.599752625466797
20334.0,4.238998989269967E-9,0.0925693785895069,0.907430617171494
20850.0,0.2367910955583111,0.014227756150418134,0.7489811482912708
20093.0,0.019003010598843004,0.3772719056910018,0.6037250837101552
20024.0,0.19413911998725772,0.02766595790170889,0.7781949221110334
20791.0,0.6681504832878028,0.30266739926259684,0.02918211744960036
20267.0,0.6762080088109439,0.19086903534262414,0.13292295584643193
20516.0,7.171074513985442E-10,0.3698396831151627,0.6301603161677299
20994.0,2.426826704622336E-20,0.009704576704274976,0.9902954232957251
21265.0,0.9999995888281764,1.5569302905628185E-10,4.110161306016962E-7
21608.0,0.11936985782683361,0.6777618023878248,0.20286833978534155
20713.0,0.7135455793363774,0.19455144196485044,0.09190297869877212
20454.0,0.137252159422774,0.7784668408552934,0.08428099972193263
20986.0,0.9840451158114711,0.015225759897028098,7.291242915008351E-4
20213.0,1.751462231738118E-5,0.8082868010091548,0.19169568436852785
21468.0,0.01390093987389714,0.11924380182839674,0.866855258297706
21199.0,0.31676932375539074,0.14067534891621086,0.5425553273283984
21669.0,1.372681117693062E-4,0.05266523246795035,0.9471974994202803
21131.0,0.14274401652312885,0.377768596570387,0.4794873869064841
21400.0,0.31313000727197493,0.6083738175093575,0.07849617521866763
20926.0,9.364616539504705E-6,0.9999690788777675,2.1556505693072508E-5
20145.0,2.6695427849193655E-6,1.0299541870869419E-19,0.9999973304572152
20386.0,3.4294537202245243E-15,0.8018740714181339,0.19812592858186276
20653.0,8.509735092731777E-5,0.23937149289961282,0.7605434097494598
21729.0,0.852591002815268,0.09606245522717398,0.051346541957558105
21333.0,0.37517191174827325,1.1541937033872377E-6,0.6248269340580234
21062.0,0.715587537349423,0.07037195789533995,0.21404050475523703
20576.0,0.9999866123893143,1.1613469132413439E-6,1.222626377257683E-5
20335.0,0.06313650487626368,0.1807553162524532,0.7561081788712832
20092.0,0.31268775588613174,0.6861228777412959,0.0011893663725723324
20851.0,0.8701376112073675,0.10031596090825605,0.029546427884376433
21548.0,0.9999859689591636,3.482796487179129E-7,1.3682761187732963E-5
21611.0,0.8578701628646204,0.10600495515118157,0.03612488198419809
20519.0,2.1937492087839918E-9,0.032650991045338675,0.9673490067609121
20264.0,1.3844373405792531E-52,7.96113616788471E-14,0.9999999999999203
20788.0,0.017111837509073437,0.8476607063190991,0.13522745617182752
20027.0,1.9129536159621007E-8,0.9999999769776459,3.8928179452504286E-9
21266.0,0.037320671703693235,0.9215647434139224,0.04111458488238439
20993.0,0.619181922149431,0.24888187703657266,0.1319362008139963
21670.0,0.632607823692805,7.38971599817365E-4,0.36665320470737756
20214.0,0.7768630404637057,2.5551847401756574E-7,0.2231367040178204
20985.0,0.010861681708006204,0.6911130280205303,0.29802529027146335
20453.0,0.02666841202025847,0.19587506052374878,0.7774565274559928
20714.0,0.10677635576158842,0.1281979261290446,0.7650257181093669
21196.0,0.3031357539687587,0.21200196890449158,0.48486227712674973
21471.0,0.40693738507120164,0.057256226804555437,0.5358063881242429
21730.0,2.894003021902772E-11,0.807469005150751,0.19253099482030886
21403.0,0.07400940740551379,0.327718144626574,0.5982724479679122
21128.0,0.027085265755236627,0.37332588163146,0.5995888526133034
20385.0,1.8099449773027916E-4,2.8605152489744638E-6,0.9998161449870206
20654.0,0.08180713844691342,0.7116060497565494,0.20658681179653723
20146.0,2.306040864397909E-7,0.6508208449254885,0.3491789244704252
20925.0,0.868750064758001,0.1292383695526905,0.0020115656893083997
21551.0,6.318369710791115E-10,0.006934167746427768,0.9930658316217351
21061.0,1.1777052666104493E-10,0.0066013836053071375,0.9933986162769223
21334.0,0.9796462373878806,1.035120111775652E-7,0.020353659100108314
20848.0,0.6437646667248533,0.25894664136653944,0.09728869190860727
20095.0,0.8797219945593604,0.06620232408946619,0.05407568135117336
20332.0,1.015233281862844E-14,5.021188842257415E-10,0.999999999497871
20579.0,0.06658759245583962,0.08832882028217921,0.8450835872619812
20265.0,6.937314822816665E-4,0.01922394683853749,0.9800823216791807
20518.0,0.9266929890407541,0.06446596999218389,0.008841040967061904
20026.0,0.4230561738261673,0.4070857584388701,0.16985806773496256
20789.0,2.0258682873129975E-6,1.2262181626248804E-5,0.9999857119500865
21267.0,2.5815941168065345E-9,1.6976216866506188E-7,0.9999998276562372
20992.0,3.8387619895651506E-4,0.02374622897596676,0.9758698948250767
21610.0,0.897068618187421,0.04945728725380112,0.05347409455877776
20984.0,0.04375091525886799,0.03413900191606965,0.9221100828250623
20215.0,1.5404811894044222E-17,0.5759093885871087,0.42409061141289117
20452.0,0.8104765970029174,0.1295035424923704,0.060019860504712134
20715.0,0.09981038492125499,0.31193585602997914,0.5882537590487659
21197.0,0.7714726123771649,0.19002944329966112,0.038497944323173994
21470.0,0.004556696073493255,1.1213287382647445E-8,0.9954432927132194
21671.0,0.01613106351300846,0.7292290620627444,0.2546398744242471
21402.0,5.206789306289299E-20,0.9389445120780536,0.061055487921946296
21129.0,0.24597565119086134,0.27365154928371327,0.48037279952542544
20384.0,3.9282317097667177E-7,0.1704668633562648,0.8295327438205642
20655.0,5.4004676155933684E-11,0.7796351986043332,0.22036480134166206
20147.0,0.5754756117861057,0.265027931806485,0.15949645640740925
20924.0,2.96365897860212E-16,3.052385603245326E-5,0.9999694761439673
21731.0,0.005268478565560953,0.5394032209996661,0.45532830043477296
21060.0,0.07750345887620314,0.4856524980380889,0.43684404308570796
21335.0,0.7615236972800407,0.09206015095560696,0.14641615176435233
20094.0,2.3403890417143057E-4,0.0016702595751715863,0.9980957015206569
20849.0,0.8963365697042924,0.09332291544359754,0.010340514852110072
20578.0,0.29962890954595905,0.38735433617826565,0.3130167542757753
20333.0,0.9506984503930243,0.042692842875217255,0.0066087067317585815
21550.0,0.04642280179609406,0.5258240747325997,0.4277531234713061
21664.0,0.47296347431532043,0.48404347780062057,0.042993047884058985
21465.0,1.1344574165971938E-4,0.1548686164106583,0.845017937847682
21194.0,0.00430533714027084,0.3587938715250759,0.6369007913346533
20451.0,0.5096335205297997,0.32403671340676016,0.16632976606344013
20716.0,0.505964421114988,0.45689780173635103,0.03713777714866107
20208.0,0.9999999999997695,4.392417443242996E-14,1.8658152154204192E-13
20991.0,1.1112720777939871E-11,0.3853086392164472,0.6146913607724401
21613.0,4.700857733080659E-5,5.942725311521626E-6,0.9999470486973577
20999.0,1.904732999788678E-4,0.763778553602034,0.23603097309798707
21268.0,0.3524577983695368,0.41162572997827857,0.23591647165218463
20029.0,2.4701613641163493E-5,0.007020111842943343,0.9929551865434154
20786.0,0.009388305079586594,0.16391924767091867,0.8266924472494948
20270.0,1.2428479563175878E-7,0.05712097015816301,0.9428789055570415
20513.0,2.331210850776874E-9,6.641082575972324E-8,0.9999999312579634
21545.0,0.9303836298055259,0.06203887048493795,0.0075774997095362255
20581.0,1.7530068224098263E-5,0.28477235624037467,0.7152101136914012
20330.0,5.027172754678954E-14,3.731501473823449E-5,0.9999626849852116
20089.0,0.4096837955892706,0.4481318231401699,0.14218438127055957
20854.0,0.06484015290625744,0.7452677995101933,0.18989204758354924
21328.0,0.07165642257190416,1.066987849360898E-9,0.9283435763611081
21059.0,0.8060647537541881,0.18067707514107162,0.01325817110474034
21732.0,2.537230433564102E-8,3.4343876422949697E-13,0.9999999746273522
20923.0,0.03028869187415795,0.3338665334746753,0.6358447746511667
20148.0,4.231491072693623E-15,0.9999999999999953,3.3960357145114556E-16
20648.0,1.5889924768686244E-9,6.125936328828377E-11,0.9999999983497481
20391.0,0.2900441817845478,0.15003405289615732,0.5599217653192949
21134.0,0.14793344699398928,0.2698377256839084,0.5822288273221022
21405.0,0.0013336017696288368,3.621133749713957E-5,0.9986301868928741
21464.0,0.01697123493958304,0.61707867530985,0.3659500897505669
21195.0,0.026788578026384558,0.07435624349633277,0.8988551784772826
20717.0,5.771033909288403E-13,0.9002161061595428,0.09978389383988012
20450.0,0.012485918612110625,0.27041435348862386,0.7170997278992656
20209.0,1.3785667669842457E-7,1.6441064098167392E-6,0.9999982180369135
20990.0,3.067585383513027E-7,0.4265951744370733,0.5734045188043884
21665.0,0.017175484568171365,0.4453421016307341,0.5374824138010945
20998.0,0.16743334413750136,0.01720700944914101,0.8153596464133577
21269.0,6.584803427400266E-8,4.978225319442622E-20,0.9999999341519658
20028.0,0.009732881237370448,0.8456674391496164,0.14459967961301318
20787.0,0.3209057308664018,0.20240988479788036,0.4766843843357179
20271.0,0.9026244355392339,0.026196499281360277,0.07117906517940592
20512.0,0.9565308645198756,0.004570956389026977,0.03889817909109755
21612.0,4.929979207487296E-10,0.9776462353048836,0.022353764202118574
20580.0,1.1522018866695038E-19,1.4105794941344004E-20,1.0
20331.0,6.274190738958671E-4,0.10123180482905167,0.8981407760970525
20855.0,0.9501326185365514,0.04464849005499685,0.005218891408451655
20088.0,0.7274000454076444,0.22554734771811102,0.047052606874244604
21329.0,0.052202188754522455,0.049283721802324425,0.898514089443153
21058.0,0.9163816976760526,1.1077314233113978E-7,0.083618191550805
21544.0,2.7410641744937122E-9,2.4490771635687955E-71,0.9999999972589357
20922.0,0.43549350038133344,0.3652588866876069,0.19924761293105966
20149.0,3.2457614374711427E-13,0.9999999999828488,1.682656474108437E-11
20649.0,4.957196299230063E-25,2.2787719484627017E-44,1.0
20390.0,0.6311973299990891,0.29795444608610094,0.07084822391481002
21135.0,0.11337025039808782,0.7026785142647386,0.18395123533717356
21404.0,4.9889132088365654E-17,0.12685898915941926,0.8731410108405807
21733.0,4.703009950778048E-19,0.05871780594834953,0.9412821940516504
21666.0,0.9999819131325584,1.7413171325963195E-30,1.8086867441650556E-5
21192.0,0.03699456059688493,0.042224552126626985,0.9207808872764881
21467.0,1.3600992302188522E-21,1.9754756448884704E-14,0.9999999999999802
20989.0,0.19503449983677051,0.7172480529042679,0.08771744725896159
20210.0,0.9995880600720263,3.09115981610269E-5,3.8102832981282896E-4
20718.0,1.4629746747478706E-4,0.014689431625042937,0.9851642709074822
20449.0,7.186560041468755E-4,0.022493715038803166,0.97678762895705
21615.0,0.22888506493681995,0.600152937904259,0.1709619971589211
21270.0,0.5559707117300348,0.3789518379428874,0.06507745032707786
20997.0,0.0404010773305244,0.09381768325636426,0.8657812394131114
20515.0,1.4531788133153294E-6,0.04330839133294353,0.9566901554882431
20268.0,0.8754471621879719,0.0822682207809404,0.04228461703108762
20031.0,0.9826495637147354,2.4892006169693457E-15,0.01735043628526206
20784.0,9.796063360711855E-10,0.907914601648138,0.0920853973722556
21547.0,0.002564797178637191,0.40240120496190673,0.5950339978594561
20091.0,1.6703021838869805E-7,0.26420236127900987,0.7357974716907717
20852.0,0.11510169243679158,0.00767324136268463,0.8772250662005238
20328.0,0.9999999529011243,1.3202339682862152E-9,4.5778641861927635E-8
20583.0,0.3756193251714823,0.13905735406840644,0.4853233207601113
21057.0,0.6013260996208039,0.32491095988749086,0.07376294049170533
21330.0,0.7686811409713143,0.22097476474660313,0.010344094282082536
21734.0,0.19595520524014928,0.594111439009162,0.20993335575068878
20650.0,3.5084528573774277E-8,0.9516405963114669,0.04835936860400452
20389.0,0.6520885260294983,0.34278903106181574,0.005122442908685959
20150.0,1.943275309155599E-9,0.7195661509465169,0.28043384711020775
20921.0,0.08035810780386168,0.8252000150389768,0.0944418771571615
21407.0,4.155883883153744E-7,0.005823987897118194,0.9941755965144936
21132.0,0.003996634164700273,0.8588646210216946,0.13713874481360516
21193.0,1.2071910608558337E-8,0.3618395581388797,0.6381604297892097
21466.0,4.786346844892738E-18,0.6724947946291575,0.3275052053708425
20211.0,1.9105767485908814E-5,0.23934423541765124,0.7606366588148629
20988.0,0.0013004961501299967,0.03389042758760911,0.964809076262261
20719.0,2.156657742492831E-20,0.005425342866128868,0.994574657133871
20448.0,3.391125695354799E-19,0.085937087883832,0.914062912116168
21667.0,1.0767220107849614E-9,0.0026146173911097597,0.9973853815321683
21271.0,0.8885980729010704,0.10838075710635833,0.0030211699925712992
20996.0,0.9814207536783957,0.007485442188147173,0.01109380413345734
20514.0,0.3687857329344296,0.6113371094543476,0.019877157611222808
20269.0,3.347284017298871E-12,3.3819833183470373E-5,0.9999661801634693
20030.0,1.9233529573242465E-8,0.19590213826610486,0.8040978425003654
20785.0,1.0,2.5023818726095325E-25,2.095952381616868E-21
21614.0,1.677846849884879E-19,0.005865448389535427,0.9941345516104646
20853.0,0.9999965549577802,3.3067882044924106E-6,1.3825401540786682E-7
20090.0,0.9999999999390445,8.465066699323311E-12,5.2490366118836647E-11
20582.0,1.3001331902137153E-12,0.17290693350739808,0.8270930664913018
20329.0,0.24181454106377043,0.6772332298363615,0.08095222909986811
21056.0,0.008365755522085848,0.9296067139161224,0.062027530561791736
21331.0,0.022543864658389232,0.9568426928090535,0.020613442532557272
21546.0,2.602574983552357E-7,0.14748892500369373,0.852510814738808
20388.0,0.8653135504853203,0.13132079165817517,0.003365657856504623
20651.0,1.74562619758749E-14,0.9703388992857518,0.029661100714230823
20151.0,4.351211152959657E-4,0.004396553892589759,0.9951683249921143
20920.0,0.06917587703138936,0.5282073376372618,0.4026167853313488
21406.0,0.08157129389878966,0.4547444824183168,0.4636842236828937
21133.0,3.7255686152093934E-20,0.9999999999996838,3.1609933702449374E-13
21735.0,0.5738479382330447,0.20624369075381727,0.219908371013138
21122.0,0.007631535656030909,0.021260136447754124,0.971108327896215
21393.0,0.09345307634472155,0.0027289117149220726,0.9038180119403563
20152.0,0.13195735635110006,0.7900678146361834,0.07797482901271659
20919.0,0.8151062128780593,0.18355558037348177,0.0013382067484587743
20644.0,7.79946683972849E-18,5.940855779856313E-21,1.0
20395.0,0.9999999999999933,7.511525728199771E-17,6.753932698879385E-15
21736.0,0.0010588420661166874,0.8692838700223714,0.12965728791151193
21340.0,1.0,2.190716041201096E-20,1.9580309018070015E-17
21071.0,0.6732175931036098,0.11073698455749678,0.21604542233889337
20585.0,0.4657070315086838,0.35471665279681586,0.17957631569450036
20326.0,5.117306260830382E-4,0.0040706042430115824,0.9954176651309055
20858.0,0.3946543070203062,0.27559045574716545,0.32975523723252836
20085.0,0.37447667967040427,0.01014334720539058,0.6153799731242051
21541.0,0.0036599557973985455,0.8115874210682184,0.18475262313438315
20798.0,0.12749670686097048,0.7430519680551412,0.12945132508388843
20017.0,0.8436825474698071,0.15252654944043664,0.0037909030897563326
20258.0,1.0959779096272847E-12,0.9157182202054266,0.0842817797934775
20525.0,0.9950211363436006,0.003220121458232378,0.001758742198166911
21003.0,0.7041512013260309,0.23698893006222663,0.058859868611742444
21272.0,0.007246425027919493,0.590642721369109,0.40211085360297155
21601.0,0.05957572917966389,0.06319865897497069,0.8772256118453654
20704.0,0.2724151267266041,0.1615995725073194,0.5659853007660764
20463.0,0.155173869031886,0.11241032544336374,0.7324158055247502
20220.0,0.0031239514091291696,0.10289062560204641,0.8939854229888244
20979.0,2.9138106864595296E-12,0.9999988769856434,1.123011442692179E-6
21461.0,0.2872690833092132,0.005884224175987229,0.7068466925147996
21190.0,0.004767708787935235,0.47522716697567596,0.5200051242363888
21676.0,4.8123433339639316E-4,0.8902915172135487,0.10922724845305483
21737.0,0.7863671176205168,0.09284191445771842,0.1207909679217648
21123.0,8.896894792000829E-13,0.6256497844394502,0.3743502155596601
21392.0,2.859593246534925E-12,1.7688722865207412E-9,0.9999999982282681
20918.0,0.9743436906751628,0.017642631594019183,0.008013677730817912
20153.0,0.8082433539566696,0.03243406842144601,0.15932257762188434
20645.0,1.2357615935702028E-11,0.0010113637732046886,0.9989886362144377
20394.0,3.6809232248958035E-7,0.7985175309791894,0.201482100928488
21540.0,6.818162239990285E-8,0.9999999083909783,2.342739951261928E-8
21341.0,1.9841840518565634E-13,2.9394177624346556E-66,0.9999999999998015
21070.0,1.0108340998363731E-29,1.2796691754679707E-8,0.9999999872033082
20584.0,0.3060098153679108,0.2784736715501141,0.4155165130819752
20327.0,0.9389919320471926,0.0377971433087346,0.02321092464407278
20084.0,0.7088126259139464,0.2583573082919182,0.03283006579413529
20859.0,3.691353265293657E-5,0.011618540964110451,0.9883445455032365
21600.0,0.9999978481329308,8.732000359677759E-13,2.151866195931464E-6
20016.0,2.3669539354936035E-5,0.3517837010419224,0.6481926294187226
20799.0,0.9124792834743982,0.08330536587338484,0.004215350652216843
20259.0,0.07255893654677602,0.16103420706057653,0.7664068563926475
20524.0,1.199156474997291E-4,2.2053382161244728E-10,0.9998800841319664
21002.0,0.3817431860843945,0.22648278915834882,0.39177402475725664
21273.0,0.14004959981599033,0.7892026472987603,0.0707477528852493
21677.0,0.16748299622032448,0.6912306107602387,0.14128639301943677
20705.0,0.001456703689634458,0.6402568233335229,0.35828647297684274
20462.0,0.033659592873084024,0.2636926122133617,0.7026477949135542
20221.0,0.39107987293231583,0.4544087067595817,0.15451142030810242
20978.0,2.5782177198749868E-8,0.0493953274343244,0.9506046467834983
21460.0,0.9733668105155737,0.02458343902218979,0.002049750462236392
21191.0,0.8427251936396709,0.02539262805996228,0.13188217830036686
21395.0,3.130931564423652E-6,2.287198975906243E-6,0.9999945818694598
21120.0,5.756528198720945E-12,0.9603705835433136,0.03962941645092984
20646.0,0.8905495573670709,0.09900112239468227,0.010449320238246849
20393.0,0.09720772418704773,0.8249228377910162,0.07786943802193609
20154.0,0.7930560592523584,0.20002363845839688,0.006920302289244674
20917.0,7.645024589972087E-11,5.6233339307984705E-11,0.9999999998673164
21738.0,0.7277355131363594,0.26395876003312724,0.008305726830513288
21069.0,0.8097681824066443,0.18352358586762937,0.006708231725726383
21342.0,0.7354657989570998,0.17916726658426227,0.08536693445863779
20087.0,8.247424700561175E-8,9.935332033304283E-7,0.9999989239925495
20856.0,0.007562494365428187,0.0021689690917904244,0.9902685365427815
20324.0,0.8208116787238021,0.04371169496933292,0.13547662630686497
20587.0,0.010011073287797736,0.7743328619450919,0.21565606476711047
21543.0,0.7664180736184493,0.22467509864835505,0.008906827733195627
20527.0,0.03720674090767158,0.43298436741276214,0.5298088916795662
20256.0,0.8759311613128377,0.07906101348589181,0.0450078252012705
20019.0,0.001675870868390609,0.022567405268854823,0.9757567238627545
20796.0,6.1676959410600375E-6,0.7438092252348245,0.2561846070692344
21274.0,0.0031294051658719018,0.9646476421126736,0.03222295272145437
21001.0,0.024417348827335896,0.6321012724012888,0.34348137877137536
21603.0,0.27984237107713245,0.706779284439487,0.013378344483380513
20977.0,1.408011820147605E-7,0.004808817264059714,0.9951910419347583
20222.0,0.014818352100526757,0.026265581306916037,0.9589160665925572
20706.0,0.9709801677741206,0.012368737324076923,0.016651094901802457
20461.0,0.012548233200846791,0.4692255631536026,0.5182262036455506
21188.0,8.384778368399611E-11,0.004425129644174692,0.9955748702719776
21463.0,0.03655009727477377,0.5893803041647849,0.3740695985604413
21678.0,0.7595851218606167,0.1996597953365627,0.040755082802820836
21739.0,0.578427915540076,0.3880270377868164,0.033545046673107565
21394.0,0.08122372564088261,0.8786246007360595,0.04015167362305791
21121.0,0.1956666849080303,0.6046942155478228,0.19963909954414696
20647.0,2.270103232989062E-6,0.3173052131765088,0.6826925167202582
20392.0,3.0729534749532656E-12,4.194752243293445E-10,0.9999999995774518
20155.0,0.29533002264408803,0.6787724684927441,0.025897508863167898
20916.0,8.270097112024132E-11,0.014878884681933635,0.9851211152353654
21542.0,0.4621156928382489,0.09313855186582924,0.44474575529592186
21068.0,5.505966401408295E-10,2.2264140949434355E-8,0.9999999771852625
21343.0,0.22848439056128597,0.20136784007881317,0.5701477693599009
20857.0,0.43197258119445064,0.31803132382631194,0.24999609497923747
20086.0,0.6144843660764975,0.37594632446574666,0.009569309457755824
20325.0,0.014659433266799275,0.07625064790001179,0.9090899188331889
20586.0,1.5002925069005025E-6,0.1674614586019341,0.832537041105559
21602.0,0.004870500418853753,0.015933432924650815,0.9791960666564954
20257.0,0.1303285306092124,0.8154280794965393,0.0542433898942483
20526.0,2.3216594484328252E-4,0.13213031636427522,0.8676375176908815
20018.0,0.8253591014641807,0.17065605901269948,0.0039848395231197814
20797.0,0.364929727597673,0.16913717138354753,0.4659331010187795
21275.0,1.5422736500503636E-22,0.01401988197762577,0.9859801180223743
21000.0,0.0010373345370382038,0.864952439113031,0.13401022634993073
21679.0,3.1248757774501184E-5,0.09524969403912491,0.9047190572031006
20976.0,0.2927057593689827,0.190412586282876,0.5168816543481413
20223.0,0.0014214381390491879,0.945907816165073,0.052670745695878006
20707.0,4.767347085525419E-6,0.5836243404547371,0.4163708921981773
20460.0,0.1602928444999263,0.28612573662116275,0.5535814188789109
21189.0,0.30152920169640623,0.6984706960854754,1.0221811848618084E-7
21462.0,0.2716540094896429,0.346917353822355,0.3814286366880021
20589.0,0.9550590324689887,0.03751468464775199,0.007426282883259104
20322.0,8.893981578506769E-6,0.73144148976133,0.26854961625709134
20081.0,0.11647835019678347,4.943994248326717E-7,0.8835211554037917
20862.0,0.32021939841122016,0.005397087116026645,0.6743835144727532
21336.0,4.428908008915364E-16,0.0401675646146894,0.9598324353853102
21067.0,0.8400237688952671,0.1539141216172953,0.006062109487437443
21537.0,0.9999999851528389,3.253927098035635E-12,1.4843907125685868E-8
20156.0,0.9371376329571147,8.142854897559466E-4,0.06204808155312917
20915.0,0.5561917295614198,0.41152012062289994,0.03228814981568019
20640.0,5.927700862823913E-4,0.8636769537659976,0.13573027614771993
20399.0,2.24928266426332E-14,0.029590896148211424,0.970409103851766
21126.0,0.004268599522030932,0.3587264596830891,0.63700494079488
21397.0,0.9899949535388183,5.089924004832455E-9,0.010005041371257682
21740.0,1.0425031940877009E-8,0.003314989689747846,0.9966849998852202
21457.0,6.692722070697398E-7,0.33085679886850705,0.669142531859286
21186.0,0.8088184196003171,0.16635175573651198,0.024829824663170894
20459.0,0.3220170934537867,0.5699294952171833,0.10805341132903003
20708.0,3.2837343210209024E-4,0.6233652188522019,0.3763064077156961
20983.0,0.3629837716284672,0.452771043142738,0.18424518522879485
20216.0,0.033914314662913544,0.8940130907648046,0.07207259457228189
21672.0,0.9782302224836439,1.093270031924143E-7,0.021769668189352866
21007.0,2.987596375327789E-10,0.24612317331540998,0.7538768263858304
21276.0,5.51088621609204E-21,0.03147557709256353,0.9685244229074366
20794.0,0.15361800417245688,0.8463797606071289,2.235220414200101E-6
20021.0,0.02497087130256469,0.11555508972999884,0.8594740389674365
20521.0,0.38491615850675553,0.6005837250170792,0.014500116476165236
20262.0,0.14690385961825378,0.25391115518988683,0.5991849851918594
21605.0,1.249374847320554E-10,0.013911926707904192,0.9860880731671584
21536.0,0.7052822690976752,0.28518152984059403,0.009536201061730804
20588.0,0.012299433405367847,0.3374249337897074,0.6502756328049247
20323.0,0.634108293304028,0.11149033696094618,0.2544013697350259
20080.0,0.9716649191200141,0.02474156708321502,0.0035935137967707605
20863.0,2.0082543464117585E-11,0.19823328155988731,0.8017667184200302
21337.0,2.952384153098214E-4,0.0023263829144349536,0.9973783786702551
21066.0,1.426315714946849E-5,0.10215536651953915,0.8978303703233114
21741.0,1.9970561910525814E-9,0.31368957123404606,0.6863104267688978
20157.0,1.1955106149134676E-10,6.62013824860317E-9,0.9999999932603107
20914.0,0.8005569509300249,0.19409640302526468,0.0053466460447105565
20398.0,0.981613898047582,0.017622099621466575,7.640023309514349E-4
20641.0,9.132745351733098E-10,2.7130268607989428E-8,0.9999999719564568
21127.0,0.05042802098043918,0.7746841802056919,0.17488779881386896
21396.0,9.570621141827281E-9,0.8411080646240662,0.1588919258053128
21673.0,0.8201760704363592,0.08877947345452278,0.09104445610911802
21456.0,0.5750633882344345,0.4041104521952669,0.020826159570298534
21187.0,5.762618902652118E-4,0.06743250868135107,0.9319912294283837
20709.0,0.5736381757407232,0.22855174429713201,0.1978100799621448
20458.0,0.7461724215933658,0.04155347158494749,0.21227410682168668
20982.0,0.0645633459042831,0.8198342308057571,0.11560242328995989
20217.0,0.10716854982832007,0.747644500842103,0.14518694932957696
21604.0,0.0727787780370231,0.0941399100294642,0.8330813119335126
21006.0,0.273433858688989,0.644550416659237,0.08201572465177408
21277.0,0.019648702335909714,0.012678688031027528,0.9676726096330629
20795.0,0.7251832713683907,0.21732144231037942,0.05749528632122994
20020.0,6.317427806331806E-4,0.8818533603461358,0.11751489687323106
20520.0,0.022374057475997165,0.8902894218658857,0.08733652065811716
20263.0,0.11948910022360748,0.002416503884647928,0.8780943958917445
20083.0,3.594916704572468E-4,0.9996397905871961,7.177423466738919E-7
20860.0,1.7175569395288497E-10,7.071241100627538E-10,0.9999999991211201
20591.0,2.941783095092842E-9,1.4135695893849424E-4,0.9998586400992784
20320.0,0.01933540106030799,0.8712928723546596,0.1093717265850324
21065.0,0.9671797728635837,0.03240863981232136,4.1158732409486503E-4
21338.0,0.038469267043081797,0.15607987337401433,0.8054508595829039
21539.0,0.9585381773772164,9.984780382803174E-9,0.041461812638003415
20642.0,2.796253492122944E-12,0.9592680093304928,0.04073199066671097
20397.0,7.369543511458866E-9,0.29793377682083166,0.7020662158096248
20158.0,0.9651841618248893,0.03481577862622576,5.954888491634654E-8
20913.0,0.9406173553228173,0.05699449432058129,0.0023881503566012484
21399.0,5.4558514123199026E-8,0.9597845388310854,0.040215406610400455
21124.0,1.890200419173066E-9,1.5994285898351762E-5,0.9999840038239012
21742.0,0.04775783289150332,0.8428895996606485,0.10935256744784817
21184.0,0.021943033678268463,0.09666866096179381,0.8813883053599377
21459.0,0.0011661301700269782,5.390973185857162E-10,0.9988338692908757
20981.0,2.2661493988256537E-37,0.9093880086917546,0.09061199130824542
20218.0,0.7672666675068707,0.16404683534731845,0.06868649714581085
20457.0,0.04228646720253422,0.3339015640069385,0.6238119687905272
20710.0,0.47380466449049347,0.4908009188240258,0.03539441668548065
21674.0,0.9219452217459173,0.0740032480566575,0.004051530197425134
21278.0,0.4805282410121403,0.30754841008275047,0.21192334890510925
21005.0,2.0677676430094876E-8,1.1314567205769857E-13,0.9999999793222105
20260.0,7.710038682017355E-4,0.5810200429667949,0.41820895316500334
20523.0,0.7995488310055566,0.15923001062371214,0.04122115837073111
20023.0,0.9574991613695581,0.042500835243942124,3.386499745355889E-9
20792.0,1.268535396497314E-7,0.0020740774693288975,0.9979257956771314
21607.0,0.003536630265141773,0.958176018585712,0.03828735114914617
21538.0,3.821156777608797E-4,2.3290840388960408E-6,0.9996155552382002
20861.0,0.058049966481638196,0.9355227969912984,0.006427236527063406
20082.0,0.6821480957774549,0.23946204819840225,0.0783898560241428
20321.0,3.294853881064261E-14,1.445508002883299E-46,0.9999999999999671
20590.0,3.231761791017533E-8,1.4691421316022625E-27,0.999999967682382
21064.0,0.8877180501014195,0.11166784328404435,6.141066145361763E-4
21339.0,9.262267926551519E-7,0.9944386793692511,0.005560394403956232
21743.0,0.047024444226621206,0.0538233107044107,0.8991522450689681
20396.0,1.0968183337220682E-13,0.5413996716033244,0.45860032839656606
20643.0,0.3415932284829142,0.42017855219489225,0.23822821932219357
20159.0,0.10996718399761918,0.8614979143167664,0.028534901685614334
20912.0,2.7281642538170342E-15,1.3105496273011434E-10,0.9999999998689424
21398.0,0.0982858456952068,0.1752829309514882,0.726431223353305
21125.0,0.9999991727835522,7.450642790507908E-17,8.272164478595053E-7
21675.0,0.18532381870036926,0.7901443563178596,0.024531824981771057
21185.0,0.07546644510410612,0.09347964836121861,0.8310539065346753
21458.0,0.06579031843030521,0.0730410885267854,0.8611685930429094
20980.0,1.2223209446113471E-11,5.481321021534901E-4,0.9994518678856233
20219.0,0.999999999999591,9.57402841655214E-15,3.9956609637602854E-13
20456.0,0.003295736824017388,0.874255776335291,0.12244848684069173
20711.0,0.8226830569145298,0.1773147851145313,2.15797093880306E-6
21606.0,0.18529825820154244,0.16229271550139354,0.652409026297064
21279.0,4.7739514164900076E-11,0.18037833157754632,0.8196216683747142
21004.0,2.682987827743162E-12,1.5799426951425775E-6,0.9999984200546219
20261.0,0.002314022012842875,0.01723674620007402,0.9804492317870831
20522.0,0.0416849450167618,0.9262093905921712,0.032105664391066935
20022.0,0.11551561416439918,0.22601107317885819,0.6584733126567426
20793.0,0.5016743642908023,0.05877923851461426,0.4395463971945835
20008.0,9.638283914096857E-12,2.1678965180808398E-9,0.9999999978224652
20775.0,0.5123032260791723,8.23075707998343E-11,0.48769677383852006
20532.0,5.047805319490288E-18,0.39792150520674824,0.6020784947932517
20283.0,1.4347089505381961E-8,0.0034360100240938326,0.9965639756288167
21010.0,0.7675431652348744,0.1557846268595269,0.07667220790559863
21249.0,3.1114037673766503E-6,9.101689218600284E-12,0.9999968885871309
21624.0,0.3412472732684743,0.491756520478031,0.16699620625349468
20729.0,2.0148579323888706E-9,0.7560394184358772,0.24396057954926484
20470.0,0.004099566687553069,0.4697796720415086,0.5261207612709384
20970.0,8.912873358095859E-10,0.05755829206346743,0.9424417070452452
20197.0,0.1544264892843775,0.10425963015054511,0.7413138805650774
21452.0,0.926677918462225,0.07286321127041405,4.5887026736090593E-4
21215.0,0.01377564779778707,0.326669022087733,0.6595553301144799
21685.0,0.011596703195070475,0.26997923645965793,0.7184240603452715
21147.0,7.851850131363587E-11,8.606343706709157E-4,0.9991393655508105
21384.0,3.6243782119696406E-7,0.42041625992719384,0.5795833776349849
20129.0,0.027257992500510392,0.8502200562315391,0.12252195126795051
20910.0,0.14117218058690334,0.09301756197006229,0.7658102574430344
20669.0,2.5162518487502005E-12,1.2114287148635342E-7,0.9999998788546123
20402.0,0.3060378882208055,0.68536140258493,0.008600709194264552
21745.0,0.8833948935069822,0.07192927951011516,0.044675826982902685
21317.0,4.32578433667512E-8,0.3897124108254111,0.6102875459167456
21078.0,0.030030479467764163,0.281728707671003,0.6882408128612328
20351.0,6.006495071090855E-7,0.37462419536258507,0.6253752039879078
20592.0,0.9993145371025453,6.01280567911885E-4,8.418232954286503E-5
20076.0,0.12801238494757772,0.7669251065752157,0.10506250847720658
20835.0,3.327809604438919E-7,0.5723709621247715,0.4276287050942681
21564.0,1.0,2.5007375234651948E-24,1.7461444721346722E-29
21625.0,0.48580672932434127,0.25117244719303417,0.2630208234826247
20774.0,7.765148921348027E-5,0.4667552723494251,0.5331670761613614
20009.0,0.0029211020918097925,0.09035186983439181,0.9067270280737983
20533.0,0.9999999505256021,4.837930107097248E-8,1.0950969433527925E-9
20282.0,5.600612743380698E-7,2.4472147424502284E-8,0.9999994154665783
21011.0,0.32913528968096345,0.5629266932648858,0.10793801705415076
21248.0,0.5573738350701014,0.3399766468228365,0.10264951810706202
21684.0,0.38816601861328737,4.4426363321426395E-7,0.6118335371230793
20728.0,0.9569586658972027,0.028981439120974277,0.01405989498182294
20471.0,0.9762141768641484,0.013222014236403292,0.010563808899448164
20196.0,0.0800389530497436,0.9055868951596073,0.014374151790648925
20971.0,9.153413512530158E-6,3.325673703556144E-8,0.9999908133297505
21453.0,1.917675707742403E-23,0.020351996042779014,0.979648003957221
21214.0,0.007485143574467902,0.9314094416329833,0.061105414792548635
21744.0,2.2935973967373993E-4,0.8865468651443119,0.11322377511601417
21146.0,0.9999999999999396,5.973374272387652E-14,6.288600702194331E-16
21385.0,0.44311906851971994,0.13760489104534343,0.4192760404349367
20128.0,0.41261019526172404,0.014354629227247295,0.5730351755110287
20911.0,1.98481733930857E-5,0.830966253440071,0.16901389838653583
20668.0,0.37429922800635795,0.07839867151236243,0.5473021004812796
20403.0,0.9999999954501213,4.513243214498533E-9,3.663532053910022E-11
21565.0,0.13998289080234935,0.24395797247052198,0.6160591367271286
21316.0,0.22954474523534327,0.3395098242779033,0.4309454304867535
21079.0,1.6752155329888656E-5,6.00699177574138E-8,0.9999831877747523
20593.0,0.011736770035171687,0.9328653341793899,0.05539789578543841
20350.0,1.342546445961089E-4,0.509147085731407,0.49071865962399686
20834.0,0.4278651617913872,0.272078734993844,0.3000561032147687
20077.0,0.030247088274723444,0.9376123567441698,0.032140554981106795
20281.0,0.44701612615277675,0.44083188975686943,0.11215198409035375
20534.0,0.8011707072537217,0.005180263793269939,0.19364902895300815
20773.0,0.0769251308865513,0.19898596550119396,0.7240889036122548
20010.0,1.3708886948417942E-4,0.9975552224143558,0.0023076887161598797
21251.0,1.9183105231402332E-16,0.17938986514122518,0.8206101348587747
21008.0,0.2880855383304297,0.38451535631332173,0.32739910535624855
21626.0,0.09100583046791454,0.29303246857579834,0.6159617009562871
20199.0,0.0019033957867673102,0.5067379596508376,0.4913586445623952
20968.0,2.4441401437047154E-28,1.229177341463985E-71,1.0
20468.0,0.743543512507987,0.24952239266783663,0.0069340948241763435
20731.0,0.016140283449425193,0.5755630626202449,0.4082966539303299
21213.0,0.3251649024624137,0.23249431528492234,0.442340782252664
21454.0,0.33963890687485604,0.05510405578542543,0.6052570373397185
21687.0,0.008721263562032434,0.06918054459039794,0.9220981918475696
21386.0,0.7171369931440494,0.24472818408809335,0.03813482276785727
21145.0,0.26175037279186697,0.7278601348125365,0.010389492395596474
20400.0,0.9719934494735597,0.027400517452100807,6.06033074339412E-4
20671.0,0.31091976674994476,0.6623667028849938,0.026713530365061404
20908.0,7.099668055785361E-4,0.2472426371790907,0.7520473960153308
20131.0,0.9134009499374157,0.0828942934674264,0.0037047565951579126
21747.0,0.6139020807818523,0.37760534300386805,0.008492576214279682
21076.0,0.5249503020565545,0.4475805339422903,0.027469164001155223
21319.0,2.5695499507875006E-15,1.1782315907865101E-7,0.9999998821768384
20833.0,0.14906122052536921,0.806870750983257,0.04406802849137386
20078.0,1.155935009275221E-14,3.892775761346042E-15,0.9999999999999845
20594.0,0.9417588297419823,0.04848378867020022,0.00975738158781748
20349.0,0.717645320712292,0.25573455731411654,0.026620121973591482
21566.0,0.9999871490581504,1.285045175731916E-5,4.900921788784825E-10
21627.0,1.4372219668324062E-4,0.02845989448581573,0.971396383317501
20280.0,0.9823729525725192,0.007779088291374989,0.00984795913610583
20535.0,0.8792253515593779,0.11193666038584055,0.008837988054781634
20011.0,5.362736442854327E-13,0.007653832456059718,0.9923461675434041
20772.0,0.4240971960545979,1.7240880634193125E-5,0.5758855630647679
21250.0,0.9394882286553321,0.05857988909826308,0.0019318822464047519
21009.0,6.510383481651788E-20,0.3392823047094752,0.6607176952905249
21686.0,3.424908490601E-8,0.3049334736941288,0.6950664920567863
20969.0,1.0060562735448265E-8,0.9899724353162098,0.010027554623227502
20198.0,2.7678281292474957E-6,0.6457505467174749,0.35424668545439597
20469.0,0.8903104480165295,0.04833785900391241,0.06135169297955819
20730.0,2.6580773304782833E-15,0.004194626201596573,0.9958053737984007
21212.0,0.0019142156018400332,0.18668880619915007,0.8113969781990099
21455.0,0.7933590831347802,0.16356634672045528,0.04307457014476455
21746.0,0.13686195424014003,0.8300071656706365,0.03313088008922352
21387.0,1.3222480278670044E-4,8.514301345764723E-9,0.9998677666829119
21144.0,0.14827681665686493,0.4106539231592284,0.44106926018390663
20401.0,2.9794759720444815E-8,1.0117078815027272E-7,0.999999869034452
20670.0,0.31440366498204614,1.357327383047881E-7,0.6855961992852155
20909.0,2.7646778256410617E-13,0.39482128338891714,0.6051787166108065
20130.0,4.467524379062449E-17,0.009449392991227464,0.9905506070087726
21567.0,0.5181391520009113,0.47037536740376457,0.011485480595324143
21077.0,0.13529157988878354,0.5022445830914415,0.36246383701977497
21318.0,0.3713061523110594,0.16770760799531967,0.46098623969362096
20832.0,2.0383292486242505E-23,1.6749255696521966E-24,1.0
20079.0,0.9986795817815315,6.64805845881971E-5,0.0012539376338803329
20595.0,0.6182354066247424,0.16381210078006062,0.21795249259519692
20348.0,0.004811782873538041,5.002873362584334E-8,0.9951881670977284
21448.0,9.671741595448832E-5,0.09307951836321571,0.9068237642208298
21211.0,0.9695122692020948,1.3581481491371996E-8,0.03048771721642394
20466.0,0.8127408377359869,0.18426605778560992,0.0029931044784031738
20733.0,4.812923752028217E-10,0.2959361313073396,0.7040638682113681
20974.0,2.4869707689176004E-5,0.0366808590842662,0.9632942712080446
20193.0,6.480660200621271E-8,2.028402345031974E-7,0.9999997323531634
21681.0,0.6679619343527586,0.2920544252941208,0.03998364035312064
21014.0,0.8405599533898616,0.1583070602251092,0.0011329863850292
21253.0,0.9530393442161442,2.3093348139118344E-9,0.04696065347452096
20012.0,0.4856693342426994,0.03958573070737932,0.4747449350499214
20771.0,0.7322750240446193,0.25474495807615066,0.012980017879230019
20287.0,0.1356395684887474,0.7801527881120957,0.0842076433991569
20528.0,0.6831453348545865,0.01068416370299065,0.3061705014424228
21628.0,1.932451480932734E-12,0.08347432215113305,0.9165256778469344
20596.0,0.0026833041788660306,0.006948168352738107,0.9903685274683958
20347.0,9.530357979474915E-7,0.9959135566204859,0.004085490343716238
20839.0,0.3787827075221012,0.5062986743423917,0.11491861813550702
20072.0,0.071489497535909,0.6582755178163117,0.27023498464777934
21313.0,0.8365275535733203,0.15079989590907983,0.012672550517599928
21074.0,0.0390768909235411,0.747586841997286,0.21333626707917294
