21609.0,0.6291752975815734,0.36140810945325624,0.009416592965170289
20790.0,0.016049466057802678,0.020074653960122493,0.9638758799820748
20025.0,0.4860173836933753,0.5139826108448237,5.461800971939327E-9
20517.0,0.9887712966275004,0.011223161991149123,5.54138135060299E-6
20266.0,0.7704535598799156,0.22954643514133669,4.978747796205608E-9
20995.0,1.472235611347336E-5,0.11134781513338284,0.8886374625105037
21264.0,0.9566621283236131,0.043337821184573314,5.049181353818039E-8
21668.0,5.345677170235141E-7,5.87816493019256E-5,0.9999406837829811
20455.0,0.003634754612110743,0.9962402469588468,1.249984290423331E-4
20712.0,0.5659072544811322,0.43409210749598465,6.380228831288625E-7
20987.0,1.2890971791598151E-6,4.356865348173039E-10,0.9999987104671344
20212.0,0.9991644621131356,1.1247940619790519E-4,7.230584806664738E-4
21469.0,0.9999964610433291,3.1734060718271388E-6,3.6555059905051386E-7
21198.0,0.8806282689536449,0.11937152499333413,2.0605302117506625E-7
21728.0,4.188813448578039E-5,8.685815464025743E-11,0.999958111778656
21130.0,6.069274627189564E-15,0.08917182887379176,0.9108281711262022
21401.0,0.03352806531440123,1.3792678917248292E-4,0.9663340078964263
20144.0,1.4101017289830325E-6,0.0982671844947602,0.9017314054035108
20927.0,0.37839108472966143,0.6211314418230455,4.7747344729297286E-4
20387.0,0.9054396449469262,0.09456035447797456,5.750993695541522E-10
20652.0,0.009491961965238153,0.2076800133271847,0.7828280247075773
21549.0,0.2672090903429957,0.7327908944898214,1.5167182804093444E-8
21332.0,0.1847656245489147,0.8110848772138679,0.004149498237217466
21063.0,5.185168853079654E-24,3.18341826011884E-14,0.9999999999999681
20577.0,3.759729761109347E-4,0.183707868428062,0.8159161585958271
20334.0,3.476305936793747E-13,1.3673570326503078E-7,0.9999998632639491
20850.0,0.947027118100225,0.002798164873239468,0.050174717026535524
20093.0,3.5870868525866445E-6,0.9777305587226968,0.02226585419045058
20024.0,2.1955389073247506E-15,8.366845108751319E-7,0.9999991633154869
20791.0,0.9010700414934616,0.09892901455282513,9.439537133591714E-7
20267.0,0.005354270844242855,0.30908463133274494,0.6855610978230121
20516.0,0.029556550710488752,0.30339220639690734,0.6670512428926039
20994.0,1.0913249054211249E-16,2.2289784135502074E-11,0.9999999999777102
21265.0,5.985452834523113E-9,3.5086818445429917E-4,0.9996491258300928
21608.0,0.23242248171631863,0.7675304425025419,4.707578113955852E-5
20713.0,0.01325945143096798,9.402256880899208E-5,0.9866465260002231
20454.0,0.610369720595764,0.38922565413494575,4.046252692901845E-4
20986.0,0.9998773488381532,1.2265116050497966E-4,1.3418109047314604E-12
20213.0,4.0683782914871636E-8,0.728077261061706,0.27192269825451104
21468.0,5.636356131748731E-4,0.7856989892746225,0.21373737511220275
21199.0,9.364418781445913E-7,2.2497018504656833E-4,0.9997740933730753
21669.0,7.108910670896514E-4,0.8157004368988713,0.183588672034039
21131.0,1.4410968966800419E-8,4.817569585092964E-5,0.9999518098931801
21400.0,0.6734798800746534,0.32651999324787356,1.266774729446096E-7
20926.0,1.4830751581681687E-7,6.496288192122072E-5,0.9999348888105629
20145.0,1.7430538003275293E-12,0.0028450960706509084,0.997154903927606
20386.0,0.023909538270117797,0.9337314229104312,0.04235903881945088
20653.0,3.923000799334991E-12,3.171538365806092E-4,0.9996828461594964
21729.0,0.7762305579613564,0.22376830221787786,1.1398207657425621E-6
21333.0,1.885090716343243E-9,3.4181641140313234E-5,0.999965816473769
21062.0,0.9846176051039434,0.014774207503451611,6.081873926049583E-4
20576.0,0.03119840866650777,0.015391389355568837,0.9534102019779235
20335.0,6.107017920100315E-13,6.128052594363024E-8,0.9999999387188633
20092.0,0.10550149054040073,0.8944947890259574,3.720433641907632E-6
20851.0,0.45327629440513056,0.5467228693142356,8.362806336691344E-7
21548.0,0.9424708739519597,0.05750246832711281,2.6657720927369142E-5
21611.0,0.8886344508177493,0.10362727447230874,0.007738274709942088
20519.0,5.63216667888113E-4,0.334641785451014,0.6647949978810979
20264.0,0.9900414366542003,0.009958561137104865,2.208694801670429E-9
20788.0,0.4601171198981814,0.5398801095979446,2.7705038740030233E-6
20027.0,0.7752226115054881,0.22477733429896218,5.4195549619910806E-8
21266.0,0.9821821876930421,0.017817812299033002,7.924796162158975E-12
20993.0,0.9731696545464241,0.026829830982446987,5.144711289343644E-7
21670.0,6.168371912738541E-7,2.4412561879448632E-11,0.9999993831383962
20214.0,4.655879148428967E-24,3.634503411302783E-8,0.9999999636549659
20985.0,2.555502199192192E-7,0.665265955804658,0.33473378864512204
20453.0,7.68151599027953E-7,0.009040478524525436,0.9909587533238755
20714.0,0.0015519044689940723,0.061956722311081326,0.9364913732199247
21196.0,0.04897006198831102,0.003933173210309657,0.9470967648013793
21471.0,0.9668615774905875,0.03312927295573158,9.149553680905603E-6
21730.0,1.9788822023350967E-5,3.818610076590881E-4,0.9995983501703175
21403.0,0.0032893201427256205,0.7840726832094937,0.2126379966477806
21128.0,3.393503707937152E-7,0.09569185131546934,0.9043078093341599
20385.0,0.48247725145857523,0.5175222810897087,4.6745171618188905E-7
20654.0,0.032792520037204696,0.9671941264169057,1.3353545889546417E-5
20146.0,0.1859116234605396,0.4599740228891392,0.3541143536503212
20925.0,0.9449872214617067,0.0550127700660308,8.47226255940563E-9
21551.0,3.807186772113067E-13,1.3759565539473982E-10,0.9999999998620237
21061.0,1.111017769270524E-8,2.62553723026136E-6,0.999997363352592
21334.0,0.030323715755812684,0.004262795907560241,0.9654134883366271
20848.0,0.8621000319083439,0.1378999183075415,4.9784114558998614E-8
20095.0,0.999962593424664,2.6303513612759913E-5,1.1103061723186638E-5
20332.0,7.84479169327381E-11,1.0983907465859806E-6,0.9999989015308054
20579.0,8.892971959853002E-9,4.5681221703158854E-8,0.9999999454258064
20265.0,1.5618048920970862E-14,2.549009831069693E-14,0.9999999999999589
20518.0,0.9972669585475806,0.002733041451191075,1.228219142255016E-12
20026.0,0.16313005151085533,0.7655565358480269,0.07131341264111785
20789.0,0.8757173891856231,0.12413377109532435,1.4883971905259297E-4
21267.0,0.43452567915466267,4.74956699852671E-5,0.5654268251753521
20992.0,1.347279984523358E-13,9.327522507279337E-6,0.999990672477358
21610.0,0.937714349751881,0.06194319083409301,3.42459414026051E-4
20984.0,4.9762433250710776E-9,3.964675843604441E-9,0.9999999910590809
20215.0,1.4780513182271425E-5,0.6602420939811888,0.3397431255056289
20452.0,0.48464103429091515,0.0827764930159491,0.4325824726931357
20715.0,6.560630892618563E-4,0.06991292469806153,0.9294310122126765
21197.0,3.7411045120601856E-8,0.3558159720853517,0.6441839905036031
21470.0,0.4634553177146104,0.5143089557340743,0.02223572655131528
21671.0,3.9635371403646033E-5,0.9986054341552585,0.001354930473337778
21402.0,0.973876522982285,0.026123437618392722,3.939932229846919E-8
21129.0,0.030478089364544287,0.821094055624198,0.14842785501125777
20384.0,1.923982332005375E-29,1.7382276417595868E-12,0.9999999999982617
20655.0,3.2587191299930076E-12,6.986367423314327E-4,0.9993013632544099
20147.0,0.9999950636616249,4.8142937323611955E-6,1.2204464263879207E-7
20924.0,9.541942207377591E-9,7.391473186533883E-8,0.9999999165433259
21731.0,1.1615711811006103E-5,0.24495027038383252,0.7550381139043565
21060.0,5.247531756535925E-12,8.825694385548406E-10,0.999999999112183
21335.0,0.9990645878459276,1.0192546472305638E-4,8.33486689349267E-4
20094.0,1.3611421453039072E-13,3.344020852946235E-13,0.9999999999995295
20849.0,0.9941044970970726,0.0058955028946511626,8.276163172089136E-12
20578.0,0.007089959258510609,0.9811261576182198,0.01178388312326976
20333.0,0.7182220957146347,0.28151945660408073,2.5844768128456015E-4
21550.0,4.5750265790479E-12,3.7515496752015164E-7,0.9999996248404573
21664.0,0.8560667860090946,0.14393321275680473,1.2341006240229393E-9
21465.0,1.955987317699096E-6,0.03951968617114962,0.9604783578415327
21194.0,7.5261458801474644E-6,0.9434555749755315,0.05653689887858851
20451.0,0.849083439296005,0.15091591686016695,6.438438280387169E-7
20716.0,0.5157375644738873,0.48378690620797754,4.7552931813517405E-4
20208.0,4.463015893441225E-9,0.05727970026543655,0.9427202952715475
20991.0,0.0021598670784508164,0.9906852214915652,0.007154911429983975
21613.0,0.4032507568295902,0.5958554685637215,8.937746066881849E-4
20999.0,3.6595200563510764E-5,0.8529603795229592,0.14700302527647732
21268.0,2.986710986032587E-13,2.929260319765459E-4,0.9997070739677248
20029.0,5.782248356966858E-16,6.730855561267405E-14,0.999999999999932
20786.0,1.6444758452161495E-6,8.243767996940264E-6,0.9999901117561578
20270.0,0.3078256303525975,0.12742058688712857,0.564753782760274
20513.0,4.980943755502782E-7,0.01004973005962707,0.9899497718459973
21545.0,0.7925957035551308,0.19202215333794667,0.015382143106922522
20581.0,0.0030165133527224365,0.8732340229588135,0.1237494636884641
20330.0,4.257476455523848E-10,0.039447036927386825,0.9605529626468656
20089.0,0.7996178065700046,0.19750091511341536,0.0028812783165800488
20854.0,2.3132477261071447E-7,0.0404495134848102,0.9595502551904171
21328.0,1.892605761645788E-15,4.035282143085766E-9,0.999999995964716
21059.0,0.08438603123110833,0.9156115543743786,2.4143945131213934E-6
21732.0,0.008817378096138544,0.991117826775775,6.479512808655634E-5
20923.0,0.9363216597752114,2.690308463394403E-4,0.0634093093784492
20148.0,2.7863185220875977E-34,1.8333956128180463E-17,1.0
20648.0,1.9495444581972988E-8,1.8325257939203267E-9,0.9999999786720296
20391.0,0.008276783077605284,0.009569481844044377,0.9821537350783504
21134.0,1.536796885301776E-5,0.14915412148702925,0.8508305105441177
21405.0,0.09559726617364721,0.6550715354883014,0.24933119833805142
21464.0,2.995206624785632E-9,9.562692980973468E-5,0.9999043700749836
21195.0,3.7572556357609706E-8,9.913109138886501E-9,0.9999999525143345
20717.0,0.21556280001999364,0.784436901335879,2.9864412736827766E-7
20450.0,7.65433510920448E-6,0.001378056025993358,0.9986142896388975
20209.0,0.8425831207757475,0.025371224550664467,0.13204565467358792
20990.0,0.034080392240355306,0.9651614274237241,7.581803359205488E-4
21665.0,0.08433316162467927,0.9156638582574497,2.9801178711539976E-6
20998.0,6.117708775346481E-8,0.0010508869756148424,0.9989490518472973
21269.0,0.12970315746794472,0.10047367179217026,0.7698231707398849
20028.0,3.265237088685513E-7,0.01135765001259795,0.9886420234636932
20787.0,0.07243476556099371,0.9264979062203917,0.0010673282186146101
20271.0,4.291718344025559E-7,1.483502634800124E-7,0.9999994224779022
20512.0,0.5939045884648071,0.37474962122190797,0.03134579031328487
21612.0,0.5600924727138386,0.00756778128863655,0.4323397459975249
20580.0,1.3978869530983244E-20,1.6137859079192086E-13,0.9999999999998386
20331.0,4.974397927685387E-5,0.020092956546776397,0.9798572994739467
20855.0,0.9987905816412003,0.001209418354867892,3.9318994548595E-12
20088.0,0.005720294659809743,0.007272179602946618,0.9870075257372436
21329.0,2.454486031022861E-9,7.746143032974376E-5,0.9999225361151842
21058.0,0.026195207266736756,0.4363672504607758,0.5374375422724874
21544.0,0.9716309934261396,0.028368781127376404,2.2544648406105263E-7
20922.0,0.8106468069840301,0.18932825126244388,2.4941753526119235E-5
20149.0,0.013949243613147127,0.003330215676220785,0.9827205407106321
20649.0,3.5656945127451768E-12,4.923657860438096E-14,0.999999999996385
20390.0,0.9595128200026649,0.04048717914614781,8.511872134179643E-10
21135.0,1.3953095550542688E-4,0.004722144481567681,0.995138324562927
21404.0,5.6957836657009554E-6,0.3531277647686659,0.6468665394476683
21733.0,1.3621315960981704E-16,8.004029593806164E-11,0.9999999999199596
21666.0,2.35298153291072E-23,8.246838881866085E-8,0.9999999175316111
21192.0,1.0883627622715304E-7,3.674707197815793E-4,0.9996324204439422
21467.0,1.5416316749039582E-14,2.2318647789730192E-4,0.9997768135220874
20989.0,0.20957233660832997,0.7904220352369288,5.628154741211695E-6
20210.0,1.0668540705750545E-11,6.650009091756811E-15,0.9999999999893248
20718.0,1.620333674195181E-10,1.563595567277075E-9,0.999999998274371
20449.0,0.0010125694431804468,0.004251483594424683,0.9947359469623949
21615.0,0.6343315407957666,0.3655441793520839,1.2427985214950182E-4
21270.0,0.5582322248095336,0.4415668814299909,2.0089376047544E-4
20997.0,0.015976011141791098,0.9453827355080123,0.038641253350196456
20515.0,1.869741501818142E-12,1.640872809024925E-6,0.9999983591253212
20268.0,0.9931610466734873,0.006838952512256108,8.142566190722636E-10
20031.0,3.6461008578423076E-5,0.9992804321977897,6.831067936319792E-4
20784.0,0.0012626252151296253,0.981862867875539,0.01687450690933151
21547.0,1.0075981516921715E-6,2.046733584269759E-4,0.9997943190434213
20091.0,8.2451887066849E-4,0.42789602992492,0.5712794512044115
20852.0,3.436116529080184E-7,6.718313786733698E-11,0.9999996563211639
20328.0,0.016082903327900976,0.9802280387209168,0.003689057951182191
20583.0,7.694603982574863E-7,1.277312247239318E-5,0.9999864574171293
21057.0,6.157897744584921E-6,0.9176725352688911,0.0823213068333643
21330.0,0.7471794543902316,0.2527814542744119,3.909133535655554E-5
21734.0,0.14321166825852025,0.8566468237437648,1.415079977149706E-4
20650.0,0.6275455341994045,0.37245005583629864,4.409964296933795E-6
20389.0,0.5312549783066993,0.4687450214337794,2.595213135858121E-10
20150.0,3.3986413749612425E-6,0.8007396841205351,0.19925691723808991
20921.0,0.6133688266779422,0.38663115058996567,2.273209205874173E-8
21407.0,0.009677436501069909,0.9900812776495885,2.4128584934153343E-4
21132.0,3.702382302353988E-7,0.9198297782025447,0.08016985155922506
21193.0,1.1655525381163486E-6,7.387832730094499E-4,0.9992600511744524
21466.0,3.777264612192216E-7,0.014132311216476103,0.9858673110570626
20211.0,2.1711001246704762E-7,0.004919551564699327,0.9950802313252882
20988.0,8.82946309461804E-8,0.0010093315398001623,0.998990580165569
20719.0,2.4574397515981423E-14,1.4125813020304444E-12,0.9999999999985628
20448.0,1.5756494207584298E-12,5.512836993254613E-8,0.9999999448700544
21667.0,3.739342303824054E-9,9.26648914600377E-4,0.9990733473460572
21271.0,0.9998009891286421,1.990091377367657E-4,1.7336210520356013E-9
20996.0,0.9991214728119746,8.785220459180847E-4,5.142107305785485E-9
20514.0,0.4798753287694517,0.5201109303844611,1.374084608712881E-5
20269.0,3.426504737377471E-21,1.0267470027438563E-17,1.0
20030.0,1.3304046284318418E-6,4.1043795585001425E-4,0.9995882316395216
20785.0,1.744236168786894E-5,0.0024225837467747686,0.9975599738915374
21614.0,8.67553415162423E-10,5.828106092368851E-6,0.9999941710263542
20853.0,0.717712230700928,0.2819828154314269,3.0495386764512605E-4
20090.0,0.966347720311491,0.029494151437359888,0.004158128251149116
20582.0,2.239871223189292E-8,5.8348641738950545E-5,0.9999416289595489
20329.0,2.5420457814139615E-4,0.23641190861482625,0.7633338868070323
21056.0,1.5735167762761903E-10,0.09920017860989083,0.9007998212327575
21331.0,0.5434579481860838,0.4565419665745068,8.52394092899408E-8
21546.0,2.4056817683516252E-11,4.479208471491907E-18,0.9999999999759431
20388.0,0.9979730892772767,0.0020269107227152082,8.035524418147019E-15
20651.0,0.002928104225335101,0.9896603431187788,0.007411552655886176
20151.0,8.916295332069802E-8,3.1883471175148884E-7,0.9999995920023349
20920.0,0.93748724148317,0.06224453457614912,2.6822394068098205E-4
21406.0,0.010487335266074028,0.0017028366247071553,0.9878098281092188
21133.0,0.2327520716321991,0.7672441889738536,3.7393939473826195E-6
21735.0,0.9051433989837768,0.09484231780923204,1.4283206991023253E-5
21122.0,1.6417422580239063E-18,1.8903520459589782E-12,0.9999999999981096
21393.0,2.699970709213722E-8,1.8973000848472578E-13,0.9999999730001032
20152.0,0.06860781681645779,0.9309948089188341,3.973742647080257E-4
20919.0,0.9421391595263302,0.05786084044954363,2.4126223951968972E-11
20644.0,0.0017908440748463062,0.8162103555400662,0.18199880038508742
20395.0,1.0294926214469078E-8,1.0309135393813991E-7,0.9999998866137199
21736.0,1.693332007265221E-4,0.7142210940430903,0.2856095727561832
21340.0,3.063229090247479E-7,4.0056399848747886E-5,0.9999596372772421
21071.0,0.4006395226193792,0.04511158868706697,0.5542488886935538
20585.0,0.6269344993719954,0.37304013789378815,2.536273421633402E-5
20326.0,3.496502383892591E-5,7.360174913208416E-13,0.9999650349754251
20858.0,0.17707511968900463,3.324997969599438E-6,0.8229215553130258
20085.0,1.6850573528987558E-9,8.899136374951254E-11,0.9999999982259513
21541.0,3.0382777954335983E-9,4.406358981116397E-5,0.9999559333719111
20798.0,0.028846592999456744,0.9711382066867965,1.5200313746665201E-5
20017.0,0.985969323429444,0.014030676569706519,8.49455713571921E-13
20258.0,8.211681333781606E-4,0.9682913787758628,0.030887453090759086
20525.0,0.8265972681250673,2.078277509653111E-4,0.17319490412396743
21003.0,0.972934821042869,0.026441970235398325,6.232087217327327E-4
21272.0,0.027381993858125345,0.13549699033225834,0.8371210158096164
21601.0,1.3080965732525424E-5,5.647718584014991E-5,0.9999304418484273
20704.0,0.004364577206710708,0.005287859978446758,0.9903475628148425
20463.0,2.6361778613040377E-6,1.2728664349256365E-4,0.9998700771786462
20220.0,0.6497240413646369,0.0012069311480861716,0.349069027487277
20979.0,1.6796483198815136E-16,1.8037832973108405E-13,0.9999999999998195
21461.0,1.450742059874607E-14,6.357056378207067E-9,0.9999999936429291
21190.0,1.7322488623764467E-4,0.0016532328674041881,0.9981735422463582
21676.0,0.006487553074891847,0.7173914929384951,0.27612095398661307
21737.0,3.5720924872312515E-5,5.824925607705133E-7,0.999963696582567
21123.0,1.1638322421607124E-5,0.010473031879840894,0.9895153297977375
21392.0,1.524933193003604E-10,3.7138412028901604E-9,0.9999999961336655
20918.0,4.348490396337369E-8,7.241781993879352E-6,0.9999927147331021
20153.0,5.816605634701173E-6,8.042499622322525E-6,0.999986140894743
20645.0,3.064270863557057E-8,0.02619641087604215,0.9738035584812492
20394.0,6.955470117161135E-5,0.5405148526820065,0.4594155926168219
21540.0,0.25115770909559837,0.7350121337040303,0.01383015720037139
21341.0,0.9617370612790422,9.113562630410385E-4,0.037351582457916595
21070.0,0.008413734143590383,0.3312682405565977,0.660318025299812
20584.0,0.07012564745619362,0.862413364014172,0.0674609885296344
20327.0,0.8020451817133598,0.19654256858301647,0.001412249703623748
20084.0,0.02805680643533252,0.9719431829026867,1.0661980817703543E-8
20859.0,5.552193123702303E-14,9.69492576856503E-9,0.9999999903050187
21600.0,2.887377719487363E-8,4.852350348003606E-5,0.9999514476227428
20016.0,4.495079168594496E-7,0.07857853554426428,0.9214210149478189
20799.0,0.785969735593386,0.21402999099410583,2.7341250809675377E-7
20259.0,2.7594404056184958E-11,2.717235135136786E-6,0.9999972827372704
20524.0,2.347753594438414E-10,1.2113981469874358E-8,0.9999999876512432
21002.0,0.013297760729225734,0.27710348779754046,0.7095987514732338
21273.0,0.3459591977109582,0.6540034755617736,3.732672726811957E-5
21677.0,0.011376894223951826,0.9880822601269661,5.408456490820816E-4
20705.0,5.22098552522504E-14,2.3034578177547475E-5,0.9999769654217703
20462.0,0.057473087409873884,1.5936398247605018E-4,0.94236754860765
20221.0,4.2498545660816545E-5,0.6905348087587145,0.3094226926956246
20978.0,2.1531583643524485E-19,2.7063186034043827E-12,0.9999999999972937
21460.0,0.9619921245988986,0.03800786719669492,8.204406474440702E-9
21191.0,0.21429571964313238,0.7854457041844474,2.5857617242028736E-4
21395.0,0.6392376268223923,0.36064607732829973,1.1629584930804159E-4
21120.0,0.001731119317266128,0.0013149410806811348,0.9969539396020528
20646.0,0.9937247890056672,0.006275194147698249,1.684663460616964E-8
20393.0,0.002600070785017641,0.9777367854812853,0.01966314373369717
20154.0,0.9549784764621303,0.0450215230383726,4.994971930819988E-10
20917.0,3.942659181085923E-11,2.261789867075443E-15,0.9999999999605711
21738.0,0.9906227316434184,0.009377268356267272,3.1415682292367935E-13
21069.0,0.9520534292409846,0.04794657075840727,6.081187167544012E-13
21342.0,0.1467038892565674,0.40430980743711303,0.4489863033063196
20087.0,0.2989400217998859,0.36967061142488117,0.33138936677523306
20856.0,3.62814974310428E-6,1.8493891209855313E-8,0.9999963533563657
20324.0,0.9936706855353069,0.006292631427315322,3.6683037377819346E-5
20587.0,1.1027820703275786E-7,0.10598578627128452,0.8940141034505085
21543.0,0.7304645890098077,0.26953540992504305,1.0651492034193514E-9
20527.0,5.172014228569627E-7,3.156509170659369E-4,0.9996838318815112
20256.0,0.9901396962168102,0.009860303781634293,1.555506863978969E-12
20019.0,1.0602388890011197E-12,9.74842441656262E-10,0.9999999990240973
20796.0,4.380275957831616E-13,7.184794836735367E-5,0.9999281520511946
21274.0,8.093629466021602E-8,0.9956319303924793,0.004367988671225999
21001.0,4.835460679641266E-6,0.26328501892810985,0.7367101456112105
21603.0,0.8011860483546562,0.19881389601563657,5.562970712825212E-8
20977.0,1.9558507792151414E-5,3.595507941393339E-5,0.9999444864127939
20222.0,2.0434508177557507E-5,3.154633226472293E-5,0.9999480191595578
20706.0,1.0613794969032244E-4,0.0021926549085710813,0.9977012071417386
20461.0,0.0011946391459382814,0.1815393583979547,0.817266002456107
21188.0,1.1424978349957111E-8,2.3214646207337727E-7,0.9999997564285595
21463.0,2.1036324350477695E-7,0.0361332957594528,0.9638664938773037
21678.0,0.9978081363312526,0.0020589216129526878,1.3294205579471725E-4
21739.0,0.01980304331849428,0.9800121091630081,1.8484751849770799E-4
21394.0,0.03342715544423776,0.9447182989410845,0.021854545614677798
21121.0,0.03203260255027648,0.967525875660184,4.4152178953950653E-4
20647.0,2.9802591814318385E-17,1.871602085171899E-5,0.9999812839791482
20392.0,1.2112117620505106E-13,8.297976146289971E-10,0.9999999991700812
20155.0,2.0570519441663368E-4,0.9981824179855338,0.0016118768200496746
20916.0,1.337709252244001E-6,3.270753003213794E-4,0.9996715869904265
21542.0,0.907882669657064,0.08070528884130387,0.011412041501632204
21068.0,2.5253778411209395E-5,4.0944085451571026E-4,0.999565305367073
21343.0,0.30895917068924683,0.6664568143294652,0.024584014981287913
20857.0,0.1109969832411272,0.8886985692197786,3.0444753909422586E-4
20086.0,0.8967150707115371,0.10328492927852238,9.940457544145738E-12
20325.0,2.2038509583380624E-5,0.03612478581316744,0.9638531756772492
20586.0,2.6596035630535248E-9,5.4936778569171445E-5,0.9999450605618273
21602.0,2.16379516535286E-7,0.008025638538975928,0.9919741450815076
20257.0,0.11311790327677658,0.8868820216394313,7.508379212538365E-8
20526.0,2.8374594965989506E-4,0.5697152760793189,0.43000097797102116
20018.0,0.9894718313145492,0.010528168684867193,5.835989014234473E-13
20797.0,0.5108591117381316,0.46991363588185675,0.01922725238001161
21275.0,1.0528790733702204E-11,6.118806129830208E-7,0.9999993881088582
21000.0,1.5289577134355575E-14,6.356596198196295E-10,0.999999999364325
21679.0,2.567759196174887E-13,1.4742727063259733E-9,0.9999999985254705
20976.0,0.5494076064685361,0.4031554365290229,0.047436957002440945
20223.0,5.199250069162739E-9,0.8004904444543538,0.19950955034639611
20707.0,0.008022541657033337,0.9716840304577675,0.020293427885199153
20460.0,0.049582881052980934,0.18569831608038265,0.7647188028666364
21189.0,0.6996062926054228,0.16159972222138316,0.13879398517319397
21462.0,0.05228663240715259,0.06507340349267617,0.8826399641001712
20589.0,0.9850813979469005,0.01491828279369989,3.1925939960129853E-7
20322.0,1.97203687732837E-4,4.968265658540928E-6,0.9997978280466085
20081.0,3.945351639076317E-9,3.6517472745340075E-4,0.999634821327195
20862.0,2.611528653028505E-4,5.575837174002999E-11,0.9997388470789388
21336.0,0.05628263086269804,0.00621737537011767,0.9374999937671843
21067.0,0.9846518657814517,0.015348134170471954,4.8076461789229795E-11
21537.0,6.578858825824169E-8,4.68855836343875E-6,0.9999952456530482
20156.0,1.9569447245457317E-36,2.1415385363476664E-16,0.9999999999999997
20915.0,0.20427079099428347,0.7957288096419656,3.9936375090233853E-7
20640.0,1.2910619794592573E-10,0.0161853067134432,0.9838146931574506
20399.0,7.435845387424276E-4,0.587335634228719,0.41192078123253867
21126.0,1.5970469905423698E-7,0.9338479767804592,0.06615186351484174
21397.0,0.005088307731386768,1.6966546245436545E-7,0.9949115226031507
21740.0,1.744376410541986E-5,8.119581532927239E-4,0.9991705980826019
21457.0,9.444504325436309E-14,9.395312697082214E-8,0.9999999060467786
21186.0,0.9994635765009957,5.364234939401464E-4,5.064155701860851E-12
20459.0,0.02582957872850054,0.9715444309669059,0.002625990304593591
20708.0,0.13824471588888806,0.4302095242163784,0.4315457598947335
20983.0,0.08012044280245394,0.919313206067845,5.663511297010637E-4
20216.0,0.0012994657447305382,0.9727887430060688,0.025911791249200684
21672.0,0.6465556979403582,0.3534426792448938,1.62281474819506E-6
21007.0,6.5774487486847984E-9,9.026165845695709E-5,0.9999097317640943
21276.0,8.374784035858987E-12,0.0013926617514537186,0.9986073382401714
20794.0,0.027492605535665467,0.9500405718015809,0.02246682266275367
20021.0,0.9877231398794264,0.011159312981206317,0.0011175471393672907
20521.0,0.6106034855623388,0.3893964421667881,7.227087319078548E-8
20262.0,4.5877941401289525E-21,2.172878975848811E-9,0.9999999978271211
21605.0,1.886467793335924E-8,2.8737851787898363E-6,0.9999971073501434
21536.0,0.9668322756592351,0.0331677243405572,2.076563415677278E-13
20588.0,0.005818631615936168,3.511922416488572E-4,0.993830176142415
20323.0,0.820761725345041,0.17080202224785127,0.008436252407107764
20080.0,0.8523431691139782,0.12662892941676743,0.021027901469254297
20863.0,6.291799553253689E-9,0.016111735459858844,0.9838882582483416
21337.0,8.392383143507825E-6,1.7172492859109767E-12,0.9999916076151392
21066.0,1.2062557058792135E-15,4.543044090470627E-7,0.9999995456955898
21741.0,3.2842439624532845E-11,0.002459699296693184,0.9975403006704644
20157.0,0.023944786403277657,0.1676525797491716,0.8084026338475507
20914.0,0.9890761644745761,0.010923835522081673,3.3421820299510162E-12
20398.0,0.8271955175091519,0.1564663242194942,0.016338158271353882
20641.0,1.550372062849948E-12,2.881335064332694E-6,0.9999971186633853
21127.0,0.9204630548979907,0.07953687382188052,7.12801288123634E-8
21396.0,1.1580689195947936E-4,0.0011623302332568013,0.9987218628747837
21673.0,0.4609777319177862,0.5221013291532334,0.016920938928980455
21456.0,0.9141783110849058,0.08582163650441473,5.241067956422184E-8
21187.0,2.1964316740070863E-8,1.299402107282755E-8,0.9999999650416622
20709.0,0.0012876786397849121,0.009214063339908244,0.9894982580203069
20458.0,0.002532897106573096,5.114223879674428E-4,0.9969556805054595
20982.0,0.17640732732715653,0.813417113713834,0.010175558959009505
20217.0,4.22896569872448E-5,0.4020516974671223,0.5979060128758905
21604.0,0.4169951503276954,3.542868259457863E-4,0.5826505628463589
21006.0,0.005175512969253884,0.3982900739906164,0.5965344130401298
21277.0,5.650688235925611E-12,5.578064507437369E-5,0.9999442193492749
20795.0,0.9840535437105403,0.015907228447598325,3.922784186123595E-5
20020.0,2.340777269130829E-5,0.37745805494089446,0.6225185372864143
20520.0,0.7032653806190619,0.2967332032096402,1.416171297783714E-6
20263.0,2.6000131530511717E-9,4.179397100586546E-15,0.9999999973999827
20083.0,0.6390820365906025,0.06011311494656746,0.30080484846283007
20860.0,2.852408408282272E-11,8.83572126830617E-6,0.9999911642502076
20591.0,0.11157698598107225,0.007641249811927406,0.8807817642070004
20320.0,0.004211999121657259,0.995157502568688,6.304983096546497E-4
21065.0,0.5129793702185101,0.48700861123031886,1.201855117089386E-5
21338.0,0.0467913892872617,0.12645617007304488,0.8267524406396934
21539.0,0.999754212305902,2.281306105906836E-4,1.7657083507292346E-5
20642.0,0.2886714313521599,3.0392632049603664E-5,0.7112981760157905
20397.0,8.018602022624157E-5,0.5036579405866274,0.4962618733931464
20158.0,0.014388783436871808,0.001626690936043688,0.9839845256270846
20913.0,0.9996451585390447,3.548414606371903E-4,3.1804999366397856E-13
21399.0,0.9922710732639655,0.007728919146500022,7.589534414835083E-9
21124.0,1.3578588762603648E-8,0.0011251633537620188,0.9988748230676492
21742.0,0.5925572315034132,0.36555765130026924,0.04188511719631761
21184.0,7.3414520584874E-5,0.6752835778069606,0.3246430076724547
21459.0,2.8664785895028446E-7,2.009456040367188E-5,0.9999796187917375
20981.0,3.6503780578671503E-26,9.863258014048908E-13,0.9999999999990137
20218.0,0.3369815290340148,0.2128252125003677,0.45019325846561753
20457.0,0.023783254731534798,0.7166300185210942,0.259586726747371
20710.0,0.017761971587630293,0.982121194921705,1.1683349066468915E-4
21674.0,0.9979131586282837,0.0020868413716389647,7.725849304655307E-14
21278.0,0.9581034833418475,0.04189597561357186,5.410445805989543E-7
21005.0,0.3808675847025679,0.6187885451966738,3.4387010075833535E-4
20260.0,1.6052693984923829E-7,0.7961837443579577,0.2038160951151024
20523.0,0.9925677926099898,0.007432200500090695,6.889919437261638E-9
20023.0,8.165965017664956E-5,0.38472705442807686,0.6151912859217464
20792.0,8.750783900733772E-4,2.062407746035075E-6,0.9991228592021806
21607.0,2.6681389717552772E-12,2.0464073171721164E-8,0.9999999795332587
21538.0,0.15281984229392914,0.16638369436395023,0.6807964633421206
20861.0,0.7525785857248716,0.24742141407642199,1.9870647758459553E-10
20082.0,0.06907543440653133,0.10649297971279001,0.8244315858806788
20321.0,4.386144545548772E-6,0.0012449314406206067,0.9987506824148339
20590.0,3.488701737421361E-17,4.333926689183692E-10,0.9999999995666073
21064.0,0.99757920967043,0.0024207903285052824,1.064640456749737E-12
21339.0,0.9970916900300325,7.359097364360875E-4,0.0021724002335314525
21743.0,0.008721439812459481,6.206372310632412E-7,0.9912779395503095
20396.0,3.632203834412289E-23,5.568768218557836E-6,0.9999944312317814
20643.0,0.0011362565519753346,0.3521441538548877,0.6467195895931369
20159.0,0.4253633804836471,0.5746366132344469,6.281906035581553E-9
20912.0,0.46204757422571485,0.5311236923429844,0.006828733431300732
21398.0,0.0012119510437291325,0.8323246250424909,0.16646342391377997
21125.0,0.9982148577668271,3.0920422643624344E-4,0.0014759380067367672
21675.0,0.8998549475515906,0.026669194749286303,0.07347585769912321
21185.0,0.006654232903916126,0.002326061605928913,0.991019705490155
21458.0,4.094986978056919E-7,3.1003863220284256E-5,0.999968586638082
20980.0,3.06433983252224E-8,4.746023993035379E-5,0.9999525091166713
20219.0,5.325041088131257E-11,1.182749339231355E-9,0.9999999987640003
20456.0,4.796219396049137E-5,0.9651641676519397,0.0347878701540998
20711.0,7.069777668039723E-9,1.7209748033633978E-4,0.999827895449886
21606.0,0.9993123592924071,6.875054874491829E-4,1.3522014367439866E-7
21279.0,9.022440275959342E-10,0.8548466960666806,0.14515330303107532
21004.0,0.05226705076211255,0.9476853364891309,4.7612748756491275E-5
20261.0,9.030571702078765E-16,1.1314618357382031E-16,0.999999999999999
20522.0,0.08542136246548228,0.9145786369164582,6.180594478717444E-10
20022.0,0.0035871545673243355,0.005239083257936487,0.9911737621747392
20793.0,0.024692376182251844,0.0015475544948909824,0.9737600693228572
20008.0,2.236025401323902E-8,2.7961860643377064E-7,0.9999996980211395
20775.0,5.559635245546164E-5,5.763274754952912E-7,0.9999438273200689
20532.0,9.691020380139673E-23,4.2590290238594825E-7,0.9999995740970976
20283.0,0.49522297619064637,1.8092421378536406E-5,0.5047589313879751
21010.0,6.319970511163394E-6,0.10503594550718863,0.8949577345223002
21249.0,6.183059432468714E-17,3.1835855122638596E-14,0.9999999999999681
21624.0,0.002619593154317671,0.07578843779215519,0.9215919690535271
20729.0,1.2351955159942311E-4,0.7323232914163574,0.26755318903204317
20470.0,0.5638599240798358,0.4361395608171157,5.151030485870419E-7
20970.0,0.0037191523537750404,0.006425647833329265,0.9898551998128957
20197.0,0.28784557086826157,0.4673378583452795,0.24481657078645896
21452.0,0.9944422799100733,0.005557720081201236,8.725471424300844E-12
21215.0,1.636808671282189E-4,0.23139142012829234,0.7684448990045795
21685.0,0.07425790246216367,0.2137309085318891,0.7120111890059472
21147.0,7.894948951938916E-13,7.16473701852444E-8,0.9999999283518403
21384.0,0.06077135756197268,0.9314464388149462,0.007782203623081151
20129.0,0.001318622937992771,0.9983212554981126,3.6012156389473644E-4
20910.0,0.4301166596610898,0.55891506691599,0.010968273422920094
20669.0,8.102720608959463E-4,0.06147382997469672,0.9377158979644074
20402.0,0.7955367649826952,0.20446323500788058,9.424142629129518E-12
21745.0,0.13472985868644707,0.1204231792749712,0.7448469620385818
21317.0,1.0996195342298918E-10,1.2413439441672807E-4,0.9998758654956214
21078.0,5.53862639908565E-4,0.02502363474920988,0.9744225026108815
20351.0,0.0037720782026245204,0.0014923345080294541,0.9947355872893461
20592.0,0.9996667037518197,3.327444418739152E-4,5.518063064414785E-7
20076.0,0.0052193374434349685,0.9823582362142186,0.012422426342346434
20835.0,0.15778572026836366,0.8415589508054647,6.553289261716942E-4
21564.0,0.9782638397063121,0.021736132696648258,2.7597039639444744E-8
21625.0,0.016373052964555573,0.7346986799056614,0.24892826712978303
20774.0,0.003910715029969721,0.37719194959733665,0.6188973353726936
20009.0,3.188202202040287E-5,0.0700760232860255,0.9298920946919541
20533.0,0.001007226656699973,0.7677762085033626,0.2312165648399375
20282.0,1.1253299387236458E-5,0.03538227909342932,0.9646064676071835
21011.0,0.004534760883532517,0.8733668917118764,0.12209834740459105
21248.0,0.03553551814628708,0.9635985681528935,8.659137008195377E-4
21684.0,1.541249039129739E-6,1.1892300966914014E-4,0.9998795357412917
20728.0,0.9967799034015071,0.003220059225221063,3.7373271797103E-8
20471.0,0.5128787265652683,0.00756904309094666,0.47955223034378514
20196.0,0.9883327491162115,0.011667112091121291,1.3879266734303754E-7
20971.0,1.3261360724160517E-6,1.176528364890541E-4,0.9998810210274385
21453.0,1.6195120577372678E-6,0.001055700417280173,0.998942680070662
21214.0,0.12610240253279925,0.8738059200454188,9.167742178186254E-5
21744.0,0.0011192400944867698,0.9984315716182068,4.491882873064993E-4
21146.0,2.370196662636916E-17,1.3770158303273963E-17,1.0
21385.0,0.23608259945874926,0.006442327919979105,0.7574750726212717
20128.0,6.224696573622297E-4,2.692859478132185E-4,0.9991082443948245
20911.0,0.0012664196117238083,0.2221039823984281,0.776629597989848
20668.0,0.016496349885185026,4.1384734718332523E-4,0.9830898027676317
20403.0,8.258532650181385E-12,5.209528863175539E-12,0.999999999986532
21565.0,0.04309367361232732,0.15419200579640163,0.802714320591271
21316.0,0.1395368880707941,0.7745949519123058,0.08586816001690013
21079.0,0.0032747591675049963,0.9575991653464068,0.039126075486088235
20593.0,0.8967964483669323,0.10320320217807183,3.494549958936573E-7
20350.0,2.3122747193641229E-4,0.8551293098556864,0.14463946267237718
20834.0,0.12297336519543252,0.8735012249065554,0.0035254098980121145
20077.0,0.9149966173323153,0.08500338266447546,3.2092174708511376E-12
20281.0,0.1609958589893571,0.8387062661442517,2.9787486639126505E-4
20534.0,4.7658637464161585E-8,1.3499938038326814E-10,0.9999999522063632
20773.0,5.085145473160022E-5,0.9216816561256048,0.07826749241966355
20010.0,0.9976115621118595,0.0023413982711477637,4.703961699281893E-5
21251.0,1.9961310724724042E-8,0.0018601792526974903,0.9981398007859917
21008.0,0.020106976264688426,0.0020666396522811847,0.9778263840830305
21626.0,0.05842553180313331,0.047145062218388385,0.8944294059784783
20199.0,1.2900672395517772E-6,0.9999343636619495,6.434627081094203E-5
20968.0,7.051159950598706E-22,1.1217810967390619E-26,1.0
20468.0,0.9962403189426725,0.0037596810563494593,9.78133266657551E-13
20731.0,0.10898582300486692,0.8897364261136288,0.0012777508815042908
21213.0,0.5262240230669041,0.02787609351297966,0.4458998834201162
21454.0,4.5348141129337536E-7,2.9691837054034615E-4,0.9997026281480484
21687.0,0.018632838479997634,0.045829021743607465,0.935538139776395
21386.0,0.9662383030142913,0.03376169577561374,1.2100950607946092E-9
21145.0,0.9711349781492631,0.01800168184518607,0.01086334000555089
20400.0,3.1240381126839014E-7,0.09181567869504442,0.9081840089011443
20671.0,0.003508067091697852,0.9964775092389699,1.4423669332236423E-5
20908.0,4.717576759422159E-4,1.1798744874360037E-9,0.9995282411441834
20131.0,0.8136626674429781,0.18632129186726404,1.6040689757773026E-5
21747.0,0.9718010558577478,0.028198944130837733,1.1414464113061244E-11
21076.0,0.8551657897758963,0.14483412131201737,8.891208640360043E-8
21319.0,2.350220009324853E-6,0.4301068546770328,0.5698907951029578
20833.0,0.07472029749976794,0.92527970025464,2.2455919472921292E-9
20078.0,1.7521327617670695E-9,6.252215490064012E-11,0.999999998185345
20594.0,0.99784241246647,0.0021575875332938135,2.362401809451256E-13
20349.0,0.9186614780085458,0.08133253447713434,5.987514319814673E-6
21566.0,3.8271769650819034E-4,0.27947109694697514,0.7201461853565166
21627.0,1.186856610404069E-10,1.8633668123674312E-11,0.9999999998626806
20280.0,0.39092568733129507,0.5855059926652759,0.023568320003429104
20535.0,0.9876594449843508,0.012340549645271493,5.370377765342873E-9
20011.0,3.6929013343311897E-10,1.990634560848104E-5,0.9999800932851014
20772.0,0.7936093734744586,0.18215379626505804,0.02423683026048339
21250.0,0.9971746927043538,0.002825307234745864,6.090053859744013E-11
21009.0,6.34764154735172E-10,0.026432860099672426,0.9735671392655634
21686.0,1.543613735248543E-9,5.043557736760144E-7,0.9999994941006126
20969.0,0.12232741493673721,0.7389317209091194,0.13874086415414333
20198.0,3.876041845876504E-15,7.312475850276916E-8,0.9999999268752375
20469.0,0.5651820735261532,0.009272398235589353,0.4255455282382574
20730.0,1.1662688042205815E-11,8.35211292691539E-6,0.9999916478754103
21212.0,9.951149066478177E-7,0.21648129979556277,0.7835177050895306
21455.0,0.9983241543579213,0.0016757057093759618,1.3993270276929633E-7
21746.0,0.02350770739526281,0.9762417172347285,2.505753700086809E-4
21387.0,1.6680550597359962E-12,1.218437460242507E-8,0.9999999878139573
21144.0,0.01537769277868575,0.9833289804420171,0.0012933267792971145
20401.0,2.0451632598246593E-9,0.07472949645473889,0.9252705015000978
20670.0,7.173873930677546E-9,3.677705987773001E-5,0.9999632157662484
20909.0,2.0631147085313088E-7,0.0011178934270481193,0.998881900261481
20130.0,1.6562856220220403E-7,5.663273692443869E-6,0.9999941710977454
21567.0,0.8965709724869861,0.1034290274306229,8.23909588321387E-11
21077.0,0.9018558084089998,0.09737727075371613,7.669208372840142E-4
21318.0,5.410135012714989E-6,0.035621869298681545,0.9643727205663057
20832.0,2.9435813941676216E-27,1.7341809551180493E-9,0.999999998265819
20079.0,0.03984177769673599,0.9601575823114075,6.399918565869008E-7
20595.0,0.0017848518437897079,0.025464961915386625,0.9727501862408237
20348.0,5.777981085676406E-7,6.142438371960421E-6,0.9999932797635195
21448.0,0.0691622127707232,0.6353261689679964,0.2955116182612804
21211.0,0.982700103386015,0.01729989660513016,8.854965657574145E-12
20466.0,0.9940290077313656,0.005970992268590799,4.3425844280416924E-14
20733.0,3.2892851969924466E-6,0.6214063761295731,0.3785903345852299
20974.0,0.13479839465025883,0.023671254383225974,0.8415303509665152
20193.0,0.2821967724406535,0.6848391563137401,0.03296407124560629
21681.0,0.8933171466699447,0.10668163955487034,1.2137751850424779E-6
21014.0,0.9972491664926858,0.0027508335072894095,2.486391388066123E-14
21253.0,0.5082629095889105,0.4753478209548309,0.016389269456258574
20012.0,2.643959141554482E-5,0.00251439062273638,0.997459169785848
20771.0,0.7126259459102138,0.2873736674843364,3.8660544986559324E-7
20287.0,0.06004609797061313,0.9399538060320245,9.599736229173057E-8
20528.0,1.7849246887002148E-8,1.072828559301814E-6,0.9999989093221938
