21609.0,0.781680047799226,2.9349061633709413E-9,0.2183199492658678
20790.0,0.04924315005505368,0.14927672436031858,0.8014801255846277
20025.0,1.2879659685585088E-9,0.9925182568380526,0.007481741873981344
20517.0,0.9985876720673204,4.498071531873293E-9,0.0014123234346081757
20266.0,0.3095575336235103,0.6880379228386794,0.00240454353781034
20995.0,1.2255083123713356E-7,0.014004678621603267,0.9859951988275655
21264.0,0.9714650750396121,0.024346288122958148,0.004188636837429847
21668.0,3.6230120677629867E-5,4.4759567619648705E-4,0.9995161742031259
20455.0,0.999768961909173,2.2914943680493654E-4,1.8886540220865042E-6
20712.0,7.81619013072412E-9,0.9682391349375649,0.031760857246245
20987.0,0.7968508239272137,6.195015910813279E-4,0.20252967448170503
20212.0,0.9718809084551573,0.006285886084776017,0.021833205460066635
21469.0,0.9997261383380676,1.674964800546119E-4,1.0636518187761012E-4
21198.0,0.7984456743307083,0.19519374204953216,0.0063605836197595765
21728.0,0.09535049876587094,3.383873321576409E-4,0.9043111139019714
21130.0,0.999999705865457,1.1985855014172574E-14,2.941345310629337E-7
21401.0,9.427684662824681E-14,1.602985562956543E-11,0.9999999999838758
20144.0,0.07370779488919371,0.15184287872262692,0.7744493263881794
20927.0,9.817240441759344E-5,0.4175839174500905,0.582317910145492
20387.0,0.9310722579141713,0.06823727930643096,6.9046277939784E-4
20652.0,7.057166415805542E-11,0.8955843862411923,0.10441561368823601
21549.0,0.4591851558377079,0.5151194967618067,0.025695347400485537
21332.0,9.740338817426931E-5,2.4476218599816136E-6,0.9999001489899657
21063.0,1.007615308943013E-34,1.017142810761307E-13,0.9999999999998983
20577.0,0.002697742683322092,0.015560596605275869,0.9817416607114021
20334.0,4.2298605725659E-16,0.002291218086115728,0.9977087819138839
20850.0,0.007101093060494432,0.00518997737043061,0.9877089295690749
20093.0,3.127952333792327E-5,0.9999687204678225,8.839593803259916E-12
20024.0,7.888987131140998E-6,6.299735306083908E-13,0.999992111012239
20791.0,0.9037052406644431,0.0936913140022907,0.002603445333266139
20267.0,0.035280621160386307,0.7902064771547069,0.17451290168490677
20516.0,1.599523366440996E-12,0.1307883491233318,0.8692116508750687
20994.0,8.905165776075832E-14,0.1779224935887454,0.8220775064111656
21265.0,1.09975731584073E-6,0.9437131929684204,0.056285707274263685
21608.0,0.2650014668087425,0.6123623637640636,0.12263616942719387
20713.0,0.7997186690591235,0.16524190382926437,0.03503942711161204
20454.0,0.011650098719385197,0.9344097664068687,0.0539401348737461
20986.0,0.8717761564040194,0.127239311006561,9.845325894195167E-4
20213.0,8.138118325122379E-5,0.2888662994618453,0.7110523193549034
21468.0,0.08855356761954557,0.269263643719467,0.6421827886609875
21199.0,5.821303638420959E-4,0.009261164382877813,0.99015670525328
21669.0,5.048237434645139E-6,0.007507323675014947,0.9924876280875503
21131.0,6.985812976680366E-5,0.0060657991876549855,0.9938643426825782
21400.0,0.1443337748101663,0.7585584714287587,0.09710775376107504
20926.0,4.729449441416572E-16,0.999986089845378,1.3910154621650279E-5
20145.0,0.2207039289580235,0.003179015252731209,0.7761170557892453
20386.0,6.685984076996949E-17,0.9892029873880356,0.01079701261196432
20653.0,1.1081690139965763E-12,0.9095703866687855,0.09042961333010631
21729.0,0.9010971589944239,0.04835098273523549,0.05055185827034072
21333.0,0.9997274295315614,2.7620152277495708E-9,2.7256770642344755E-4
21062.0,0.8896292036842054,0.04368872580952798,0.06668207050626658
20576.0,0.9987809818683542,0.0011218504496634581,9.716768198245347E-5
20335.0,2.8209944227386585E-11,0.9999999999717664,2.3682099837378653E-14
20092.0,1.1043127136724152E-5,8.236005593371167E-4,0.9991653563135261
20851.0,0.996704545868402,0.0031914835954058455,1.0397053619218911E-4
21548.0,0.0020549063597762323,0.05156115747617276,0.9463839361640509
21611.0,0.8129406063437322,0.1384073707197381,0.04865202293652966
20519.0,0.0011850038431479794,0.05115406256233359,0.9476609335945184
20264.0,1.313006354006518E-7,1.952965773371507E-7,0.9999996734027873
20788.0,0.006532739684109821,0.8895095775959677,0.10395768271992245
20027.0,1.6351708600058996E-6,0.9999983607237637,4.1053761927540775E-9
21266.0,2.310208351272789E-13,0.9551548863672178,0.04484511363255115
20993.0,0.999882215792001,7.40693847122629E-8,1.1771013861442671E-4
21670.0,0.9355781641936088,7.624362410727391E-5,0.0643455921822839
20214.0,0.0540967499274054,5.872777735916746E-10,0.9459032494853169
20985.0,1.047486749138E-4,0.9916368186845356,0.008258432640550758
20453.0,9.573957144892306E-12,0.0010830774566180216,0.9989169225338081
20714.0,0.04233879085538518,0.4187379540288271,0.5389232551157879
21196.0,0.8927220687747881,0.06283402236655965,0.04444390885865232
21471.0,0.7981549697984547,0.040682638107079415,0.16116239209446595
21730.0,1.2950129161721503E-7,0.6203677718632873,0.37963209863542124
21403.0,0.048582675506192725,0.22249077093771263,0.7289265535560947
21128.0,3.006633715905158E-4,0.15083727378668776,0.8488620628417217
20385.0,0.9994517967054869,8.770900545422015E-9,5.481945236125852E-4
20654.0,0.384199785569658,0.5043239830557309,0.1114762313746111
20146.0,0.9235674658477478,0.019236283731291364,0.05719625042096071
20925.0,0.9218392704077246,0.07744261333107856,7.181162611968929E-4
21551.0,2.5483294749839017E-13,1.2565102320467797E-11,0.99999999998718
21061.0,1.4400633810184605E-19,2.583755414428416E-6,0.9999974162445855
21334.0,0.0014619274775059506,1.790974083107837E-6,0.9985362815484109
20848.0,0.5892315358420067,0.28409148301704396,0.12667698114094933
20095.0,0.989226751068335,0.0033355499731124202,0.007437698958552667
20332.0,6.636993841653589E-34,3.7588826865657305E-9,0.9999999962411172
20579.0,0.004572695302918806,0.005721193457304181,0.9897061112397769
20265.0,3.106367780091461E-7,2.131601642494679E-9,0.9999996872316202
20518.0,0.9286956037325141,0.06774083108750323,0.0035635651799825994
20026.0,0.43969996206961315,0.541573269970819,0.01872676795956793
20789.0,0.0010454925938938008,0.45091505987626757,0.5480394475298387
21267.0,2.3701455180353135E-4,1.7246541726168585E-6,0.9997612607940239
20992.0,1.525939589738398E-10,6.42173531564156E-5,0.9999357824942497
21610.0,0.6372275623167011,0.3273719007150208,0.03540053696827813
20984.0,8.72541680508362E-4,0.003714600783846641,0.995412857535645
20215.0,5.054719121824101E-5,0.004603317589228133,0.9953461352195537
20452.0,0.9922544052847599,0.0030647065751206693,0.004680888140119428
20715.0,0.08433417467423554,0.031769234998493025,0.8838965903272714
21197.0,0.18446155858060007,0.49883690241695006,0.31670153900244985
21470.0,3.913382227484022E-6,2.465712886581116E-8,0.9999960619606436
21671.0,0.02487276173382003,0.6215302267027913,0.3535970115633887
21402.0,4.271120890559454E-6,0.9777080665620563,0.022287662317053324
21129.0,0.1680711873995748,0.4900849827797976,0.34184382982062766
20384.0,7.075605414625921E-6,0.5556411299256179,0.44435179446896744
20655.0,1.098613801580908E-10,0.0868002542236379,0.9131997456665008
20147.0,0.16825744731067177,0.27699491317841707,0.5547476395109112
20924.0,1.5448144967890268E-12,1.3211277971856656E-5,0.9999867887204832
21731.0,0.0012369259577461782,0.789288601846653,0.2094744721956009
21060.0,1.6684425623618145E-5,4.091205790879254E-12,0.9999833155702853
21335.0,0.9710368501144775,0.010353924242807275,0.018609225642715204
20094.0,5.743334252289944E-6,5.31437078248192E-6,0.9999889422949653
20849.0,0.9966484272245093,0.002514300440592785,8.37272334897853E-4
20578.0,0.2178354620284011,0.7537212868599454,0.02844325111165355
20333.0,0.6151884958062596,0.36405360339157894,0.0207579008021615
21550.0,4.598945773699288E-4,0.027114193674540394,0.9724259117480896
21664.0,0.9999999994228199,4.2228775362047493E-19,5.771800252792641E-10
21465.0,1.4621070693136703E-5,0.4175721963265311,0.5824131826027757
21194.0,1.5966440900190738E-4,0.32718939937929065,0.6726509362117074
20451.0,0.5349297174200159,0.27207061053725423,0.19299967204272983
20716.0,4.552430801488402E-4,0.9921158333487565,0.0074289235710947145
20208.0,0.99999985780416,8.158226829014488E-8,6.061357165236528E-8
20991.0,9.407557066009386E-12,0.30815919602111863,0.6918408039694738
21613.0,5.826325098840946E-4,1.0294052013250457E-6,0.9994163380849145
20999.0,0.004021727548928932,0.7830705648192484,0.21290770763182265
21268.0,0.6269938966316285,0.28662006315842065,0.08638604020995075
20029.0,2.4004281392504975E-13,7.696624638828768E-5,0.9999230337533718
20786.0,2.1641025279641463E-4,0.03744353445568535,0.9623400552915183
20270.0,1.8190700653231936E-8,0.004390390831098447,0.995609590978201
20513.0,0.0013869920954319923,4.1755089314774477E-7,0.9986125903536748
21545.0,0.9725156229742978,0.018668368840740777,0.00881600818496128
20581.0,0.6900357254408669,0.30931512137137124,6.491531877618873E-4
20330.0,1.874124544329447E-5,1.236570124789702E-7,0.9999811350975442
20089.0,6.017061038824158E-9,0.909590210696026,0.09040978328691296
20854.0,8.689533351035543E-6,0.7916830944027755,0.20830821606387348
21328.0,0.004484594920400251,0.002951579096362396,0.9925638259832374
21059.0,0.05774971081165326,0.9406029625267356,0.0016473266616112115
21732.0,2.0071148155389145E-10,1.4469289876631439E-6,0.9999985528703009
20923.0,0.004114862316999141,0.4667796181564855,0.5291055195265155
20148.0,1.5656761143786739E-4,0.025995431170458806,0.9738480012181033
20648.0,1.2039474082451579E-12,3.2646739616934954E-7,0.9999996735313998
20391.0,0.15362723037059792,0.044613702150301145,0.801759067479101
21134.0,0.5500563173359558,0.33318726581488456,0.11675641684915965
21405.0,4.9827503282387026E-6,2.9185724624387713E-7,0.9999947253924256
21464.0,0.10610551895986142,0.875904726209199,0.01798975483093958
21195.0,0.9953101194321118,7.470004746256614E-11,0.004689880493188309
20717.0,1.097466901942188E-11,0.979080391720151,0.02091960826887413
20450.0,0.015601232413124678,0.045086499933795474,0.9393122676530798
20209.0,2.0576290187246757E-12,0.07593043167794829,0.9240695683199942
20990.0,1.4421084965783185E-10,0.16465774212249765,0.8353422577332915
21665.0,0.04954425083735461,0.6827509510498683,0.26770479811277703
20998.0,0.07349776930785804,4.3541085292831967E-4,0.9260668198392136
21269.0,3.6121201868696065E-9,1.4566686040757596E-22,0.9999999963878798
20028.0,8.039169324633282E-4,0.8213752035224541,0.17782087954508263
20787.0,0.21561375357927753,0.1933826968575559,0.5910035495631666
20271.0,0.032741527809659436,0.025309606819592562,0.941948865370748
20512.0,0.2271517113260727,0.05140556198155809,0.7214427266923692
21612.0,5.258857522716959E-17,0.6883879721457675,0.3116120278542325
20580.0,1.7011260756218058E-30,2.906012970781546E-10,0.9999999997093987
20331.0,2.936709991466878E-6,0.34439793207963654,0.6555991312103719
20855.0,0.9748592069732052,0.023554810662609595,0.001585982364185226
20088.0,0.19960671098109312,0.44354339126636905,0.35684989775253784
21329.0,5.191850416239058E-12,0.03140754667532064,0.9685924533194876
21058.0,3.3467014166058846E-14,1.648776333915034E-8,0.9999999835122031
21544.0,0.028261658781855832,0.9714524036468919,2.8593757125235905E-4
20922.0,0.5004987308036144,0.17498840611451696,0.3245128630818686
20149.0,2.4399911718845967E-10,0.9999985560498383,1.4437061626176017E-6
20649.0,1.6794548593937186E-25,4.688817875843743E-24,1.0
20390.0,0.8409070598617409,0.1442651713897943,0.01482776874846483
21135.0,0.08088007802462158,0.010570135808542255,0.9085497861668361
21404.0,6.0826634638374896E-5,0.028280889235352245,0.9716582841300093
21733.0,2.488619665118913E-13,0.009032161228729213,0.990967838771022
21666.0,4.516780256501737E-11,2.4144710803107326E-8,0.9999999758101213
21192.0,0.9925551388941933,2.523241575365107E-6,0.007442337864231296
21467.0,1.782286470444545E-17,2.5593874030947694E-13,0.999999999999744
20989.0,4.725657896818167E-4,0.039937383867330395,0.9595900503429878
20210.0,0.9999999999992004,1.831023335662556E-24,7.994777782198288E-13
20718.0,1.9070249148721758E-7,3.078508366544237E-5,0.9999690242138429
20449.0,0.0015184704803833469,0.18440031586430353,0.814081213655313
21615.0,0.06724676132578696,0.8680998491127775,0.06465338956143546
21270.0,0.8312788229709412,0.1393911395718026,0.02933003745725609
20997.0,1.142197941679474E-6,0.875544088181256,0.12445476962080242
20515.0,6.817768429808954E-5,0.004467442186741361,0.9954643801289605
20268.0,0.9336705141497544,0.013448944362570802,0.05288054148767486
20031.0,0.014756931697177685,0.003955577747673351,0.981287490555149
20784.0,1.2844199655083097E-8,0.991310107012884,0.00868988014291627
21547.0,8.073807169978742E-8,0.9846595495491651,0.015340369712763273
20091.0,0.6053167751934168,3.780966919823853E-5,0.39464541513738505
20852.0,0.9999719731982619,1.0797409574123793E-5,1.722939216395082E-5
20328.0,1.475791681140937E-5,0.9998717347935744,1.1350728961415732E-4
20583.0,0.9743499841110639,3.874002428650699E-8,0.025649977148911866
21057.0,0.7505980723420548,0.14898067576799334,0.10042125188995189
21330.0,0.997329019812,0.002231488642149277,4.394915458508694E-4
21734.0,0.38110605118919094,0.19921102927417342,0.41968291953663567
20650.0,0.999999874729654,1.245895084948447E-7,6.808375431085919E-10
20389.0,0.3230344333122718,0.6261062868546093,0.05085927983311876
20150.0,0.6899473813181697,0.21008306217314604,0.09996955650868423
20921.0,0.01449599591317342,0.7573466585832922,0.22815734550353434
21407.0,0.009184366598687186,0.9814514690139978,0.00936416438731498
21132.0,6.901699351821278E-4,0.971938012879293,0.027371817185524696
21193.0,1.5450729551889608E-33,0.999999999999984,1.601785373651972E-14
21466.0,0.01887749667025116,0.9618398232344365,0.019282680095312366
20211.0,1.3797551670066041E-22,0.023580883770514444,0.9764191162294856
20988.0,0.00463525005015566,0.31744925101047283,0.6779154989393715
20719.0,1.583592259779648E-12,9.683698988894626E-4,0.9990316300995269
20448.0,2.968357789643974E-11,0.2708608244586397,0.7291391755116767
21667.0,6.853328160689761E-8,1.7539893759922927E-6,0.9999981774773423
21271.0,0.9941069620715828,0.0042067009314435775,0.0016863369969735982
20996.0,0.9992155868043585,6.11858369631599E-4,1.7255482600969053E-4
20514.0,0.4867278829373371,0.512047500937718,0.0012246161249448728
20269.0,1.2540233021072545E-6,0.08509232811396429,0.9149064178627335
20030.0,2.075549269109056E-18,2.4020026091907592E-17,1.0
20785.0,1.0,1.2763843175365045E-28,2.4682049669363012E-25
21614.0,1.7964985072831714E-14,7.399421730206551E-4,0.9992600578269614
20853.0,0.43644591330168675,0.26189291510934765,0.30166117158896555
20090.0,0.9999998412485948,1.2910950102506036E-7,2.9641904227198854E-8
20582.0,3.650085149388947E-11,0.009256300863109102,0.9907436991003901
20329.0,0.11880754350891083,0.8753157812357031,0.0058766752553862074
21056.0,1.525425553480837E-14,0.10774050928224889,0.8922594907177358
21331.0,1.5087731150787924E-5,0.9635791263594572,0.03640578590939214
21546.0,0.9999531802404097,5.509493243305081E-6,4.131026634703433E-5
20388.0,0.9351169199459597,0.06413813083802268,7.449492160175783E-4
20651.0,1.816453258313856E-8,0.6073035956209826,0.3926963862144849
20151.0,0.017120421737490732,0.021591300726382052,0.9612882775361272
20920.0,1.058886920739822E-11,2.2330131047122368E-4,0.99977669867894
21406.0,0.9906692049704778,0.006077704120899784,0.0032530909086224595
21133.0,1.808812405064033E-18,1.0,2.0744204527507055E-17
21735.0,0.327548807891179,0.3390921754035656,0.33335901670525536
21122.0,4.950013330158025E-6,0.0017916148565414547,0.9982034351301284
21393.0,0.9497196766425565,2.0542161168854198E-4,0.05007490174575491
20152.0,0.03590656430058266,0.9101644137481983,0.05392902195121889
20919.0,0.3829409699259293,0.6159924558304276,0.0010665742436430645
20644.0,6.689774890356272E-19,4.7076012866487474E-14,0.9999999999999529
20395.0,0.9999999998616325,1.287461304022202E-10,9.621376585221321E-12
21736.0,0.003931246063825405,0.9285098446563942,0.06755890927978045
21340.0,0.08066097278181585,1.1510687356245868E-5,0.9193275165308279
21071.0,0.6694158037033433,0.11328592946940648,0.21729826682725012
20585.0,0.2691780614602182,0.14455953601435345,0.5862624025254283
20326.0,2.4878787467200738E-8,0.003494089914657369,0.9965058852065553
20858.0,0.006008082425558979,0.8971890825745785,0.09680283499986243
20085.0,0.4740719288442876,4.639420371402537E-5,0.5258816769519984
21541.0,1.7490105951872953E-4,0.667638417468201,0.3321866814722803
20798.0,0.022951731085387284,0.8744708878007041,0.10257738111390864
20017.0,0.9619369327169804,0.0376437431716714,4.1932411134821765E-4
20258.0,4.464250804304477E-9,0.57942840967738,0.4205715858583692
20525.0,0.9818746605364468,0.010919765504474712,0.007205573959078535
21003.0,0.886772386491358,0.03985163223153889,0.07337598127710307
21272.0,0.1669117441047519,0.8330882539453592,1.9498890057788602E-9
21601.0,7.270811034072183E-15,6.863643016792472E-34,0.9999999999999927
20704.0,0.008785376098132756,0.06981066343401084,0.9214039604678566
20463.0,0.08255986614262416,0.08998744414198846,0.8274526897153873
20220.0,4.5050485519361597E-13,0.014668334799179934,0.9853316652003695
20979.0,0.9998257835405493,1.7376775688457616E-4,4.487025661907676E-7
21461.0,0.03141087994911688,0.0034836181926061263,0.965105501858277
21190.0,2.4823316547107334E-9,1.1937594503685931E-6,0.999998803758218
21676.0,6.507412433446999E-4,0.6806654477771128,0.31868381097954246
21737.0,0.6863281125065337,0.1346801790882406,0.1789917084052257
21123.0,4.781633110816058E-11,0.651019833810336,0.3489801661418476
21392.0,9.21807433249911E-13,1.4766248858469488E-8,0.9999999852328294
20918.0,0.9999806794677054,7.0314706257771044E-6,1.2289061668792904E-5
20153.0,0.9688391976641404,0.012379858168122895,0.01878094416773684
20645.0,1.8739213007390247E-25,0.9999432941707291,5.670582927085911E-5
20394.0,2.699422099916259E-11,0.8747931961859892,0.1252068037870167
21540.0,0.9930377056932499,0.006962291032890432,3.2738595852123706E-9
21341.0,1.5795934326109874E-13,0.9999999992511386,7.487036329545482E-10
21070.0,6.14655058193773E-23,0.964738901143088,0.03526109885691192
20584.0,0.04791156184491382,0.05368576553919561,0.8984026726158906
20327.0,0.9134973232226301,0.074505644706113,0.011997032071256906
20084.0,0.7729481609167401,0.21727339214212085,0.009778446941139038
20859.0,1.1766353446301403E-13,0.03895784939863511,0.9610421506012472
21600.0,1.0,1.4567799868814475E-18,1.0083790245868042E-18
20016.0,4.106127268315831E-7,0.13972144859271737,0.8602781407945558
20799.0,0.6058059930327713,0.3789159996912405,0.01527800727598816
20259.0,0.5728439664883438,0.344076711715382,0.08307932179627416
20524.0,0.12015268014204294,5.072688623283638E-13,0.8798473198574498
21002.0,0.07739268475108205,0.6184088313012474,0.30419848394767063
21273.0,0.34720644438169657,0.6306298378192587,0.02216371779904481
21677.0,0.891895412247442,0.10808292240076743,2.166535179064677E-5
20705.0,0.03520991662607944,0.08419080364963338,0.8805992797242871
20462.0,0.9510822206662679,0.023856048194292316,0.025061731139439773
20221.0,0.5879439679063028,0.24416656175377952,0.1678894703399177
20978.0,5.1512420886895535E-8,0.0013860462544029522,0.9986139022331763
21460.0,0.5833478366356772,0.3844011834019668,0.0322509799623559
21191.0,0.9970143952886199,3.9230340146428434E-5,0.002946374371233735
21395.0,7.744551130079142E-6,2.1627311914106177E-7,0.9999920391757507
21120.0,9.533998218966791E-30,0.9999999999999993,6.111369793994436E-16
20646.0,0.9157391817330767,0.07914169005018641,0.0051191282167368434
20393.0,0.0429866466386488,0.8920854942231444,0.06492785913820691
20154.0,0.9237831931042617,0.07291645639536934,0.0033003505003687964
20917.0,1.7620619590456617E-16,0.9999996332424379,3.667575618220217E-7
21738.0,0.8734864820176804,0.12512142320732575,0.0013920947749938208
21069.0,0.7671363444740195,0.21825675685355964,0.014606898672420892
21342.0,0.13011324156543025,0.6565512870988377,0.213335471335732
20087.0,8.768173431823982E-12,1.8326457524621314E-4,0.9998167354159857
20856.0,3.085148006525933E-9,3.5919211493622257E-7,0.9999996377227371
20324.0,0.9785658942821147,4.266187955696912E-4,0.021007486922315594
20587.0,0.009137273302982583,0.8352092208586459,0.15565350583837145
21543.0,0.595164654941058,0.4012005400842738,0.0036348049746682226
20527.0,0.008058188818410387,0.5154907599357411,0.4764510512458484
20256.0,0.8179667904412,0.059631422250856284,0.12240178730794368
20019.0,1.1974614769477347E-14,0.008864749177485996,0.991135250822502
20796.0,7.956059270437937E-7,2.0722621182847933E-7,0.9999989971678611
21274.0,5.123471903681993E-4,0.9913118115428791,0.00817584126675295
21001.0,4.154774337583598E-8,0.9895207922793315,0.01047916617292511
21603.0,0.16491790291784664,0.27292574038513445,0.5621563566970189
20977.0,2.8480499923907704E-6,0.013420803845477012,0.9865763481045307
20222.0,0.5030907626271405,0.00473112692281005,0.49217811045004944
20706.0,0.9999999983554779,1.6443819455625084E-9,1.4003382651644385E-13
20461.0,0.004972763229844195,0.8672300209551209,0.12779721581503484
21188.0,3.156259031679471E-11,0.9998909353653692,1.0906460306816971E-4
21463.0,0.03171471130986331,0.2842843946610581,0.6840008940290785
21678.0,1.0,1.410369247466623E-25,1.748444427516297E-28
21739.0,0.052663778196853674,0.7041668748381236,0.2431693469650227
21394.0,0.6056713016140606,0.2867866126772188,0.10754208570872069
21121.0,2.189664568805879E-7,0.9812809752652805,0.018718805768262684
20647.0,9.970582659464884E-7,0.11689017616935993,0.8831088267723741
20392.0,1.7610768802356056E-36,0.9687150321671981,0.031284967832801866
20155.0,0.018339043041316713,0.962407741485226,0.0192532154734571
20916.0,4.861589376329135E-8,0.008512167651017501,0.9914877837330888
21542.0,0.08913001986440637,0.02709617499187821,0.8837738051437155
21068.0,3.255928983109959E-12,2.7968237648616563E-15,0.9999999999967413
21343.0,0.15999325193260586,0.5353525535991512,0.30465419446824293
20857.0,0.6596338811222009,0.3129199299864581,0.02744618889134096
20086.0,0.7084068440256733,0.28912235912354234,0.0024707968507843825
20325.0,0.06189949190976005,0.2941539597629973,0.6439465483272426
20586.0,4.07056389009747E-9,0.07356488418699761,0.9264351117424384
21602.0,2.227665684545246E-4,0.0011827567819007708,0.9985944766496446
20257.0,0.08287082981868192,0.8739780185112571,0.04315115167006101
20526.0,1.7347255402913365E-13,0.5684443701560515,0.43155562984377505
20018.0,0.727655394017009,0.2695874140612238,0.002757191921767231
20797.0,0.36992775686527735,0.29424743730264596,0.33582480583207663
21275.0,1.7716367235525503E-17,0.27186169265227556,0.7281383073477244
21000.0,7.54722597988E-8,0.4952807456183093,0.5047191789094307
21679.0,1.4639276935859994E-28,0.9999999732399738,2.6760026070108984E-8
20976.0,0.2623912472727168,0.31930399740080206,0.4183047553264812
20223.0,3.4253743679096356E-6,0.9934280008068922,0.006568573818739951
20707.0,4.383428157334414E-6,0.9995009643769868,4.946521948561007E-4
20460.0,0.02846925629299416,0.2989129849221136,0.6726177587848923
21189.0,0.014172138662516121,0.9858278613241709,1.3312833238349595E-11
21462.0,0.07502714498068216,0.2709955248141515,0.6539773302051662
20589.0,0.9807159373401921,0.018587528153103126,6.965345067049742E-4
20322.0,5.2974192075639874E-15,0.847696577865381,0.15230342213461373
20081.0,3.0177773149931125E-23,5.756769866518022E-9,0.99999999424323
20862.0,0.033701798086696357,6.13929340700086E-5,0.9662368089792336
21336.0,6.505299067434743E-15,0.7934533534002703,0.2065466465997232
21067.0,0.7776128298012589,0.21159616136030018,0.01079100883844086
21537.0,0.9999997454968671,1.0505645233715787E-9,2.5345256836682263E-7
20156.0,0.017758346563445323,0.7451928959936043,0.23704875744295037
20915.0,0.294426115717174,0.6448031097661663,0.06077077451665973
20640.0,0.09739764243919777,0.8908329657288813,0.011769391831920991
20399.0,4.109177405547925E-16,0.04256971093414459,0.957430289065855
21126.0,0.007363049429813178,0.9598439920559925,0.03279295851419423
21397.0,7.841940846295688E-7,1.1281053306620966E-5,0.9999879347526088
21740.0,8.422915809118735E-31,1.0485825320456182E-8,0.9999999895141746
21457.0,6.415381679734221E-12,0.2468015225379266,0.7531984774556579
21186.0,0.8617603346038704,0.09673889000072253,0.04150077539540716
20459.0,0.3467176858278058,0.6140527833352758,0.03922953083691838
20708.0,2.5698579072437057E-16,0.7237209167702644,0.2762790832297353
20983.0,0.07433082057506726,0.39460005712291807,0.5310691223020146
20216.0,0.002403034986428955,0.9961062636022291,0.0014907014113419376
21672.0,0.6893189325507825,5.918293340150372E-7,0.3106804756198834
21007.0,1.809482530956125E-11,0.027689299925386546,0.9723107000565185
21276.0,3.37703548118689E-15,3.8366340844675874E-4,0.9996163365915499
20794.0,0.99999999957157,4.2842974065840797E-10,1.7570310456827692E-16
20021.0,0.2049696545997943,0.32595498289275593,0.4690753625074498
20521.0,0.9060751834924282,0.08710245144715732,0.006822365060414313
20262.0,1.2480817228685384E-12,1.8028589118614982E-7,0.9999998197128607
21605.0,5.967130943969556E-21,6.301822182939058E-4,0.9993698177817062
21536.0,0.6019116011513612,0.3912801078583261,0.00680829099031276
20588.0,9.596414506595029E-4,8.249389987639931E-7,0.9990395336103418
20323.0,4.483652520091565E-6,0.031839595946588396,0.9681559204008915
20080.0,0.9420116622421646,0.007956661813302663,0.05003167594453275
20863.0,6.513654318506069E-17,0.017612342522177617,0.9823876574778223
21337.0,0.011077258633199638,8.887183504080003E-4,0.9880340230163924
21066.0,3.0902736387980018E-6,0.003914654987410197,0.9960822547389511
21741.0,7.523317986491989E-11,0.6114004429612113,0.3885995569635555
20157.0,4.990179092591004E-17,6.230061775694387E-7,0.9999993769938225
20914.0,0.8187709326687924,0.17988401629135112,0.0013450510398563494
20398.0,0.9999999997679512,1.6617519607706735E-24,2.3204888200104954E-10
20641.0,0.05122020073042953,4.4304992694096417E-7,0.9487793562196435
21127.0,0.02279477329788792,0.6512778021785636,0.32592742452354856
21396.0,1.0705658591589304E-6,7.475937630523767E-8,0.9999988546747646
21673.0,0.9182728617450153,0.045661262741605174,0.036065875513379614
21456.0,0.836214227849098,0.1604733827545701,0.003312389396331778
21187.0,0.05782641979362552,0.24832614703696015,0.6938474331694143
20709.0,0.10533464113300557,0.6096475457234636,0.28501781314353086
20458.0,0.20916386568962717,0.0118567809461863,0.7789793533641866
20982.0,0.0013101122474632012,0.9100339242595401,0.08865596349299687
20217.0,0.009878852893279635,0.6997424703488268,0.2903786767578937
21604.0,3.2963648431811824E-6,0.01935472921033952,0.9806419744248173
21006.0,6.292631065730765E-7,0.9668587916401271,0.0331405790967664
21277.0,3.6047405399665452E-6,0.03229326236347547,0.9677031328959846
20795.0,0.9622167017439874,0.025291752652179488,0.012491545603833067
20020.0,1.1452940828913321E-5,0.5371422551030273,0.46284629195614374
20520.0,0.16990643242863254,0.8277737610641004,0.0023198065072669886
20263.0,0.10620578016297139,9.765540283320941E-6,0.8937844542967451
20083.0,1.65053599119861E-11,0.9999981286202793,1.871363215375876E-6
20860.0,1.088086392916178E-25,1.271235992991767E-10,0.9999999998728764
20591.0,3.8567077428384934E-26,9.383792948547735E-6,0.9999906162070515
20320.0,0.8102427633388956,0.15850060248254724,0.031256634178557195
21065.0,0.9955357214271197,0.004198027360048651,2.66251212831574E-4
21338.0,0.004463419069244674,0.0019274923527902608,0.9936090885779651
21539.0,0.7233202901125774,0.06903401182122462,0.207645698066198
20642.0,2.4867847361935586E-11,0.9431869971421109,0.05681300283302122
20397.0,4.911368958572195E-6,0.13562830485313454,0.8643667837779069
20158.0,4.170482973733077E-7,0.9999995829442864,7.416202421013997E-12
20913.0,0.9593932999840898,0.039501727717044154,0.001104972298866005
21399.0,1.162982179322239E-6,0.9923690287586889,0.007629808259131808
21124.0,1.8859924988946499E-22,8.029742037600701E-13,0.9999999999991971
21742.0,0.4226124808346379,0.4326656509940934,0.14472186817126872
21184.0,0.00538400226118128,0.7104622818374795,0.2841537159013392
21459.0,1.6193256632943977E-11,1.196307931257643E-13,0.999999999983687
20981.0,1.4741759738612953E-10,0.004507402439789606,0.9954925974127927
20218.0,0.8340688343006385,0.11334042249634642,0.05259074320301513
20457.0,0.00340134594598781,0.9909305513833435,0.005668102670668564
20710.0,0.36873197878827846,0.5669224968701857,0.06434552434153581
21674.0,0.9629679629731559,0.03612377730953611,9.082597173080085E-4
21278.0,9.97836390915556E-4,0.6197354785723659,0.37926668503671856
21005.0,3.287540257509471E-10,6.170981941849728E-7,0.9999993825730518
20260.0,0.012879046762589176,0.6559216258946678,0.331199327342743
20523.0,0.7146401374208597,0.26892333099247934,0.016436531586660905
20023.0,0.9095354314904205,0.09046450121868303,6.729089642230306E-8
20792.0,7.037435955299218E-12,1.303666377033766E-4,0.9998696333552591
21607.0,3.280296083642682E-4,0.8113913081848068,0.18828066220682904
21538.0,3.365278244579782E-5,0.4369790335790357,0.5629873136385185
20861.0,0.010247450788533395,0.9893625743438726,3.899748675939964E-4
20082.0,0.4971860680762615,0.22679360849534555,0.27602032342839294
20321.0,6.924249802141572E-28,1.4090454521274875E-17,1.0
20590.0,2.0240463987216288E-13,5.835044062116685E-15,0.9999999999997917
21064.0,0.9223709464185142,0.07762559418006049,3.459401425350344E-6
21339.0,0.5968973566311495,0.11962704409939569,0.2834755992694548
21743.0,0.9999999968814843,3.118363930753805E-9,1.5175942386247686E-13
20396.0,1.7217832648802597E-13,0.03323225216090688,0.9667677478389209
20643.0,0.0808156132585386,0.12543927051528672,0.7937451162261747
20159.0,0.03082474521012435,3.092068221144714E-8,0.9691752238691933
20912.0,5.424350256831456E-6,0.012354293340916084,0.987640282308827
21398.0,0.018027598411269986,0.3037851106377822,0.6781872909509478
21125.0,0.6959373381170192,0.061085359975333854,0.24297730190764696
21675.0,0.9786089402631967,7.820876271116846E-8,0.021390981528040687
21185.0,0.3977718492801848,0.04797222840034148,0.5542559223194737
21458.0,0.9740519821067101,0.0104632323500607,0.015484785543229157
20980.0,4.937505214470577E-20,3.864956916842197E-4,0.9996135043083159
20219.0,0.6233010459138668,6.493270106119061E-4,0.3760496270755213
20456.0,2.0960717943898106E-4,0.9944669805289609,0.005323412291600352
20711.0,0.9963644305085445,0.003635566301184721,3.190270570488353E-9
21606.0,3.311412010839516E-11,3.3269040522641647E-6,0.9999966730628337
21279.0,3.775317469628382E-7,0.21824516532590404,0.781754457142349
21004.0,3.4340053201380123E-4,2.0053080778873757E-4,0.9994560686601974
20261.0,1.2186452121547487E-6,1.0277106925862519E-5,0.999988504247862
20522.0,0.25805869119784647,0.6996497952700886,0.04229151353206494
20022.0,0.011924410432525291,0.6971006247142554,0.29097496485321933
20793.0,0.8361402787543416,0.006388868669302041,0.1574708525763564
20008.0,1.874905648333033E-11,4.154528188850842E-16,0.9999999999812506
20775.0,1.6463710928695618E-5,1.20539691105238E-17,0.9999835362890714
20532.0,1.0531559373158055E-14,0.1833858532795662,0.8166141467204233
20283.0,3.278734242076873E-10,9.164036679333691E-5,0.9999083593053333
21010.0,0.6338156202085119,0.040990285309511175,0.32519409448197695
21249.0,2.656952836262223E-13,9.733171240466798E-15,0.9999999999997247
21624.0,0.985014707396751,0.006219871121033693,0.008765421482215242
20729.0,1.7283515341108274E-10,0.9822067353573518,0.017793264469813087
20470.0,1.321295267241249E-7,0.9631372397622784,0.03686262810819477
20970.0,0.9705639355798271,1.166789848133719E-8,0.029436052752274313
20197.0,0.01703916367620535,0.6201207551865392,0.36284008113725547
21452.0,0.843742238326651,0.1562524032842563,5.358389092776652E-6
21215.0,3.4479410295697037E-7,0.9817354244792807,0.018264230726616374
21685.0,0.0038352658496466213,0.21193122225479288,0.7842335118955605
21147.0,1.9935386773191235E-22,5.607485088190008E-5,0.9999439251491182
21384.0,3.391019427922532E-8,0.09893839792652297,0.9010615681632826
20129.0,3.6058214980303793E-7,0.941364292290135,0.058635347127715357
20910.0,0.2229929520305429,0.09075497613431,0.6862520718351471
20669.0,8.667283323083036E-10,1.8376854381650897E-4,0.9998162305894551
20402.0,0.15752534572943178,0.8316597290516125,0.010814925218955863
21745.0,0.7296559484620713,0.1743841187354989,0.09595993280242979
21317.0,3.420367085088112E-11,0.9700885637952328,0.029911436170563604
21078.0,0.25088002219502803,0.30691564134311305,0.4422043364618589
20351.0,5.672901352078161E-5,0.4964371268948486,0.5035061440916305
20592.0,0.9998386898958687,1.4332972411267472E-4,1.7980380018583872E-5
20076.0,3.3157679047175447E-10,0.6927247509573939,0.30727524871102924
20835.0,0.2502877433453665,0.7467512212862701,0.0029610353683632543
21564.0,0.9999999999990983,9.016406367352694E-13,3.150729470355345E-20
21625.0,0.19368486426268705,0.7416370034831911,0.06467813225412186
20774.0,7.769940274927621E-4,3.0090689925712466E-8,0.9992229758818172
20009.0,0.006319079546198493,0.2747413044200636,0.7189396160337379
20533.0,0.9999954839967422,3.739496608259587E-15,4.516003254032367E-6
20282.0,0.002195261474385116,7.978082427162326E-7,0.9978039407173721
21011.0,0.7976983804342276,0.1866330850400032,0.015668534525769093
21248.0,0.796879179606554,0.12189113533209212,0.08122968506135392
21684.0,0.45555072600294205,8.49467584397673E-8,0.5444491890502995
20728.0,0.9401366417398255,0.033636446241870184,0.02622691201830435
20471.0,0.9799799271258817,0.012576766837571663,0.007443306036546753
20196.0,2.2011027513341107E-7,0.9996739585923404,3.258212973842547E-4
20971.0,1.9612471696902135E-13,4.2857347815471543E-7,0.9999995714263257
21453.0,1.166756952357885E-17,4.4132003673643035E-10,0.9999999995586799
21214.0,2.7588437704349444E-9,0.952005063663091,0.04799493357806516
21744.0,0.032913633119874795,5.415344153684178E-6,0.9670809515359716
21146.0,0.9999999829737712,3.254614654746407E-18,1.7026228873104935E-8
21385.0,0.3973347083684924,0.24409867002244356,0.35856662160906405
20128.0,0.9499207944407374,0.003294877719314712,0.04678432783994794
20911.0,0.17324001615719734,0.15513671902214254,0.6716232648206601
20668.0,0.006575697345615351,4.0261734421542545E-4,0.9930216853101693
20403.0,2.2930625807655352E-27,0.9999907435674567,9.25643254335244E-6
21565.0,0.0675955795170632,0.23031442934155016,0.7020899911413866
21316.0,0.020998068489107076,0.6365201152949055,0.3424818162159875
21079.0,5.457779892094067E-6,7.69916705799291E-7,0.9999937723034021
20593.0,0.08607341556758721,0.9123577384226158,0.0015688460097968795
20350.0,2.3342674660436826E-12,0.6687303397664277,0.3312696602312381
20834.0,0.5860416514474251,0.18740778610663789,0.2265505624459369
20077.0,0.017943618392746205,0.552917406575752,0.4291389750315019
20281.0,0.02711707086054841,0.8047042028171162,0.1681787263223354
20534.0,0.013241390777311707,0.0018396871287924281,0.9849189220938958
20773.0,0.9038146598159952,0.037129366256422776,0.0590559739275822
20010.0,0.980916543595387,0.019068119102840116,1.5337301772683884E-5
21251.0,1.8211493247863174E-12,0.15336637252736354,0.8466336274708153
21008.0,0.8112414956961777,0.096520464461531,0.09223803984229129
21626.0,3.018028933277028E-6,0.34356777897648677,0.6564292029945799
20199.0,0.012640462367800248,0.38042440040704806,0.6069351372251517
20968.0,3.1452579751421616E-13,1.295592765697101E-18,0.9999999999996854
20468.0,0.965870521011096,0.031108534320665383,0.003020944668238365
20731.0,0.04307685539515976,0.5010559965873872,0.455867148017453
21213.0,0.1172237047342202,0.5551492629087007,0.32762703235707913
21454.0,3.450975899994286E-17,0.9943900796282416,0.005609920371758512
21687.0,2.968658673805934E-11,0.006681207787109658,0.9933187921832038
21386.0,0.62224701898752,0.36894674986106213,0.008806231151417942
21145.0,5.540094230508665E-5,4.064959013094053E-6,0.9999405340986819
20400.0,0.9959281103425254,0.004044541698355888,2.73479591188169E-5
20671.0,0.589832660380049,0.4027941613406568,0.00737317827929418
20908.0,4.2640606080360635E-12,8.517485893639185E-6,0.9999914825098423
20131.0,2.7432034195308275E-7,0.9999997253764897,3.031682386755435E-10
21747.0,0.7806334114894762,0.21650847182700886,0.0028581166835149373
21076.0,0.9882797310878133,0.011572482329597301,1.477865825893665E-4
21319.0,4.94571176490731E-24,0.2220750893116687,0.7779249106883314
20833.0,0.14388654892833963,0.8113450377820022,0.04476841328965815
20078.0,2.0888184158126623E-22,3.1646501641422223E-10,0.9999999996835349
20594.0,0.9776492828799588,0.015503591295788427,0.006847125824252844
20349.0,0.9208756537930096,0.07536344199145081,0.0037609042155394706
21566.0,0.6629248254126209,0.33707514370919,3.087818910381033E-8
21627.0,5.009934894261644E-10,0.08292947210204667,0.9170705273969598
20280.0,0.9282988451631213,0.06882600166750497,0.002875153169373832
20535.0,0.9225492786027539,0.07503342898727992,0.002417292409966075
20011.0,3.180985411570965E-11,2.301925280077218E-5,0.9999769807153893
20772.0,0.9055307327525328,2.6903484121265767E-5,0.09444236376334601
21250.0,0.929013073188439,0.06987284060081196,0.0011140862107491887
21009.0,9.786954452395958E-12,0.06252200526923803,0.937477994720975
21686.0,1.6666990066931155E-4,0.8304752152584381,0.16935811484089267
20969.0,8.212245853562372E-7,0.993928806288422,0.006070372486992503
20198.0,1.555383009927547E-14,0.9999998554304628,1.445695217254158E-7
20469.0,0.8823091722666522,0.08356574491342095,0.03412508281992696
20730.0,1.5419704850482173E-12,6.084888594317659E-10,0.9999999993899691
21212.0,0.002148295645759703,0.03521036657913655,0.9626413377751039
21455.0,0.5743124100775999,0.2735845959826887,0.15210299393971138
21746.0,0.05742224565448648,0.9134122896247431,0.02916546472077046
21387.0,4.501719994175226E-7,1.7456198957976933E-9,0.9999995480823807
21144.0,2.941177110933424E-4,0.8705162591329081,0.12918962315599858
20401.0,3.64820038595587E-10,3.5528935794180145E-8,0.9999999641062443
20670.0,0.9999999979027137,1.823467995090145E-9,2.738182359631209E-10
20909.0,2.8058338421407274E-12,0.9859499417444043,0.014050058252789923
20130.0,2.2985974662647115E-13,0.2574320292202012,0.7425679707795689
21567.0,0.7266351857363302,0.2646833056459502,0.008681508617719656
21077.0,0.15827147004169348,0.5027959169909912,0.33893261296731525
21318.0,0.8629496559633917,0.08702863593458465,0.050021708102023756
20832.0,4.1442461565180936E-13,0.017582964043028698,0.9824170359565569
20079.0,0.8698548792390834,0.13007076102301687,7.435973789979198E-5
20595.0,0.01617514377681738,0.04417111427160317,0.9396537419515795
20348.0,0.9999103513087435,4.496238588515923E-12,8.96486867602449E-5
21448.0,6.780217750705627E-11,0.1628062761866014,0.8371937237455964
21211.0,0.9895278869743813,3.640092824325177E-9,0.010472109385526032
20466.0,0.8678413449020713,0.13153743117280048,6.212239251282317E-4
20733.0,1.5144726054025903E-10,0.7117353351914713,0.2882646646570814
20974.0,9.776223278052737E-15,1.8294812667677653E-9,0.999999998170509
20193.0,0.07049896865221536,3.285578208313521E-4,0.9291724735269533
21681.0,0.6394727664892824,0.3067804375889481,0.05374679592176951
21014.0,0.8708839964122543,0.12811737917306437,9.986244146813416E-4
21253.0,0.9983992614728949,3.815612610518324E-9,0.001600734711492441
20012.0,0.5534333978709262,0.12475865658215841,0.32180794554691533
20771.0,0.6723269972899768,0.31537850087922525,0.01229450183079793
20287.0,0.6209069243662481,0.21198608490880513,0.1671069907249468
20528.0,0.9999998234584663,3.466360350715525E-24,1.7654153373015634E-7
21628.0,1.0558686620801637E-7,3.089070308861943E-5,0.9999690037100452
20596.0,1.1008562137280784E-6,0.01652501327367305,0.9834738858701133
20347.0,7.097895827170973E-7,0.9995912983032088,4.0799190720827103E-4
