21609.0,0.5396225504919561,0.0668623031302084,0.39351514637783547
20790.0,0.6865718051829776,0.05347689169959576,0.2599513031174267
20025.0,0.15028707913855696,0.8440730516238167,0.005639869237626165
20517.0,0.8847361787313077,0.11024635151171275,0.0050174697569795625
20266.0,0.8577441323638166,0.14175770255363662,4.981650825467631E-4
20995.0,0.012230836753114609,0.2988443151086436,0.6889248481382418
21264.0,0.8939042723355914,0.09499802368376062,0.011097703980647945
21668.0,0.01840832369691756,0.06038524488929446,0.921206431413788
20455.0,0.6745469191480638,0.31823904363709077,0.007214037214845438
20712.0,0.29644060267765965,0.68972644144019,0.013832955882150387
20987.0,0.12792962878291145,0.03825745171662379,0.8338129195004648
20212.0,0.8340019269528417,0.026865595656001825,0.13913247739115636
21469.0,0.942167196631204,0.029830513542579207,0.0280022898262169
21198.0,0.5237110504815827,0.4713089448121756,0.0049800047062415805
21728.0,0.21866056263742387,0.024485307847919267,0.7568541295146568
21130.0,0.018471654566574052,0.6221263327355266,0.35940201269789934
21401.0,0.17610932823789466,0.0790572111561543,0.7448334606059511
20144.0,0.002291320688206717,0.08980147624670973,0.9079072030650835
20927.0,0.05454397852844521,0.2801792249759135,0.6652767964956412
20387.0,0.7450680017063127,0.24638137073303473,0.008550627560652384
20652.0,0.43746581924744865,0.2804723368826758,0.2820618438698755
21549.0,0.40344169810724706,0.578236802547513,0.018321499345239984
21332.0,0.38819149890402616,0.5073460762202361,0.10446242487573774
21063.0,5.453217835051474E-4,0.04362364663575338,0.9558310315807413
20577.0,0.09813576098899936,0.2419646357709799,0.6598996032400208
20334.0,8.65180268683434E-4,0.047405920278893836,0.9517288994524227
20850.0,0.09055191539688646,0.0404376312176957,0.8690104533854178
20093.0,0.052542120427336164,0.6295011161055658,0.317956763467098
20024.0,1.2140021622862456E-4,0.14885933255510728,0.8510192672286641
20791.0,0.5116617517073043,0.4853285242374565,0.0030097240552392733
20267.0,0.1987334230941597,0.187769676528394,0.6134969003774464
20516.0,0.0017143166916502872,0.03943911016616294,0.9588465731421867
20994.0,0.0013958659367596096,0.04679039524412891,0.9518137388191115
21265.0,0.0066257246506246205,0.2981635464716001,0.6952107288777752
21608.0,0.7765618273054438,0.17874569290720832,0.04469247978734784
20713.0,0.08990116606101231,0.07594450475886516,0.8341543291801226
20454.0,0.5066949628382169,0.487640040696351,0.005664996465432135
20986.0,0.9339726126513288,0.0657520491672261,2.753381814451954E-4
20213.0,0.013833684925472937,0.5990147954189199,0.387151519655607
21468.0,0.021415449768443725,0.07839483502151462,0.9001897152100417
21199.0,0.025006202100290857,0.0364065335873732,0.938587264312336
21669.0,6.168783222423755E-4,0.010612794112651593,0.988770327565106
21131.0,7.258200536184783E-4,0.047340246020091695,0.9519339339262899
21400.0,0.3069371430662295,0.690453778370794,0.0026090785629765455
20926.0,1.594807651696733E-4,0.020802824454169703,0.9790376947806605
20145.0,0.004864917273206479,0.914639040590016,0.08049604213677769
20386.0,0.5346513055300036,0.44400357352337255,0.021345120946623723
20653.0,2.3085555460123294E-4,0.027231619260399204,0.9725375251849995
21729.0,0.796413563769509,0.19834313977198653,0.005243296458504504
21333.0,0.11777416933877997,0.06296600888132883,0.8192598217798912
21062.0,0.7347248925701725,0.21145815838408302,0.05381694904574453
20576.0,0.6511477094095717,0.21158513865311784,0.13726715193731034
20335.0,0.006709743466975771,0.02803334647723355,0.9652569100557907
20092.0,0.42743897021776245,0.563352217953266,0.009208811828971592
20851.0,0.8678223214032879,0.10082747243102641,0.03135020616568573
21548.0,0.5713048563445957,0.14474250075340797,0.2839526429019963
21611.0,0.6872940656432408,0.1116940391302865,0.20101189522647261
20519.0,0.16291022941376104,0.23372487943737041,0.6033648911488685
20264.0,0.9130762731109817,0.08589188435486059,0.0010318425341576789
20788.0,0.1800165673729139,0.7523022160347568,0.06768121659232935
20027.0,0.9445676905097818,0.048391227064953045,0.007041082425265193
21266.0,0.4117102900931567,0.560305656270989,0.027984053635854177
20993.0,0.8512687494652336,0.1076433388897062,0.04108791164506025
21670.0,0.32109556198956823,0.013194581428227763,0.665709856582204
20214.0,0.013619775704078076,0.1907287937931925,0.7956514305027294
20985.0,0.1040351143497665,0.6150900778742245,0.280874807776009
20453.0,0.00398096899889553,0.08326719485955701,0.9127518361415474
20714.0,0.22526718848085947,0.20246143445955886,0.5722713770595816
21196.0,0.18654975178302022,0.19330538819058798,0.6201448600263917
21471.0,0.5631962036120409,0.08643021207591994,0.3503735843120393
21730.0,0.008817087961914723,0.7751684140816445,0.21601449795644076
21403.0,0.1681495899645777,0.036627656521507214,0.7952227535139151
21128.0,0.007927229714264511,0.33868308925270907,0.6533896810330264
20385.0,0.6111064809974187,0.38442969714464986,0.004463821857931408
20654.0,0.8271283215854476,0.17020887679851965,0.002662801616032701
20146.0,0.1652230249484892,0.16948991688654153,0.6652870581649694
20925.0,0.9052513141621658,0.09288024867494506,0.001868437162889253
21551.0,0.03407370232189845,0.02160365246069256,0.9443226452174089
21061.0,0.04205779544909038,0.06611826906143194,0.8918239354894777
21334.0,0.4704610981534199,0.18543202454801594,0.34410687729856415
20848.0,0.6011442644189195,0.3385902665273474,0.06026546905373303
20095.0,0.9086186514570804,0.06560981813598425,0.025771530406935268
20332.0,1.647671542419865E-4,0.03862215950550304,0.961213073340255
20579.0,0.033865444771353816,0.017107705786075848,0.9490268494425703
20265.0,0.006950911049121709,0.046195149507568395,0.94685393944331
20518.0,0.9149148700787736,0.08363103597283558,0.0014540939483907987
20026.0,0.216629034076408,0.040880081669386364,0.7424908842542056
20789.0,0.042440188791357525,0.18963220673227005,0.7679276044763724
21267.0,0.2563550494185716,0.2571719994487033,0.48647295113272515
20992.0,5.770558550953067E-4,0.1537436841671242,0.8456792599777805
21610.0,0.6371445350999112,0.10866630786836157,0.25418915703172745
20984.0,0.013415428627473937,0.010797104575066838,0.9757874667974591
20215.0,0.0024168859439710573,0.29969229791745305,0.697890816138576
20452.0,0.3854665799761492,0.26766071426664967,0.3468727057572011
20715.0,0.0325603903285879,0.05142068305942267,0.9160189266119894
21197.0,0.21327506895378573,0.7806491024885592,0.00607582855765504
21470.0,0.5215523154222009,0.1682975857860924,0.31015009879170663
21671.0,0.014318714129059914,0.6930626131543404,0.2926186727165997
21402.0,0.3610060579692253,0.611600931475915,0.027393010554859733
21129.0,0.0036322318278043516,0.11626392398266532,0.8801038441895304
20384.0,0.007152369988911079,0.1378919814459595,0.8549556485651295
20655.0,0.006192050968888612,0.24356851167691912,0.7502394373541923
20147.0,0.5928230548573108,0.20029018553630912,0.20688675960638017
20924.0,0.06007464817552576,0.044979413684980846,0.8949459381394933
21731.0,0.08487958501123913,0.13768919907372135,0.7774312159150395
21060.0,0.004628539488563369,0.03106685507992604,0.9643046054315106
21335.0,0.92408531831273,0.013336539181586966,0.06257814250568305
20094.0,0.001953214960552419,0.010222216678835211,0.9878245683606124
20849.0,0.9115437360849228,0.08036596178795871,0.00809030212711859
20578.0,0.14434155047027075,0.8068654615049156,0.04879298802481377
20333.0,0.6448309927186825,0.12232005354530272,0.23284895373601486
21550.0,0.3526917125044234,0.1745633968096999,0.4727448906858767
21664.0,0.7829758880108935,0.21421250862645505,0.002811603362651409
21465.0,0.0013769006746299137,0.14274830014592363,0.8558747991794464
21194.0,0.0015644079076270678,0.05885296791685828,0.9395826241755145
20451.0,0.3321217543695592,0.4466764152171054,0.22120183041333533
20716.0,0.7998570630250875,0.19575753532073936,0.00438540165417318
20208.0,0.0359403293538907,0.4376950161681625,0.5263646544779468
20991.0,0.002981194141580468,0.7226799505307299,0.27433885532768965
21613.0,0.7356530803420951,0.2557657941248398,0.00858112553306497
20999.0,0.012811919087170795,0.9533872894113073,0.033800791501521966
21268.0,0.03830843597890112,0.0853210725085963,0.8763704915125026
20029.0,0.0015714886309092548,0.0361582883868901,0.9622702229822006
20786.0,0.6011759404305509,0.0748958590098017,0.32392820055964744
20270.0,0.010302154746325573,0.044809250965037135,0.9448885942886374
20513.0,0.13697429324862098,0.39976702021609267,0.4632586865352864
21545.0,0.6613203447463601,0.13678933590557138,0.2018903193480686
20581.0,0.11720531033181852,0.8809905111708954,0.0018041784972860635
20330.0,0.0013420929167997282,0.04391815026002863,0.9547397568231717
20089.0,0.5679615914025955,0.11318641281911036,0.3188519957782942
20854.0,0.0324377208805142,0.866253447819406,0.1013088313000798
21328.0,0.0016165557031317854,0.04522523835473792,0.9531582059421303
21059.0,0.7428284813363734,0.24836241125550904,0.008809107408117654
21732.0,0.12026274020999987,0.8401349540610423,0.039602305728957836
20923.0,0.12079483794617109,0.08105595851105099,0.7981492035427779
20148.0,5.51921354813911E-4,0.00952540417364423,0.9899226744715417
20648.0,0.15443349220838246,0.04033777920794909,0.8052287285836685
20391.0,0.10754508565378855,0.1890283051649438,0.7034266091812676
21134.0,0.05285193325107519,0.3942940654454681,0.5528540013034566
21405.0,0.43292681273146144,0.08958397889070428,0.4774892083778342
21464.0,0.19389431118409164,0.21214222534113672,0.5939634634747716
21195.0,0.028211903750981013,0.019163762756150664,0.9526243334928685
20717.0,0.12789208116716577,0.8516328217983563,0.020475097034478026
20450.0,0.869206185637278,0.02336655655486061,0.10742725780786122
20209.0,0.47501175562017045,0.49203213524207884,0.03295610913775055
20990.0,0.46022130098252934,0.5150933862278972,0.02468531278957353
21665.0,0.31068158338423973,0.6259641364533511,0.06335428016240924
20998.0,0.056158140914675775,0.1733112011320781,0.7705306579532462
21269.0,0.8924895792692881,0.04536672746822941,0.06214369326248243
20028.0,0.022407623400617065,0.7407389023801512,0.23685347421923178
20787.0,0.3762883665810459,0.23518358659463107,0.38852804682432296
20271.0,0.16301870231701412,0.15631104449179312,0.6806702531911928
20512.0,0.05325873913406992,0.09635540929940999,0.8503858515665202
21612.0,0.06814966036804201,0.17940683071499744,0.7524435089169604
20580.0,0.005077840438411419,0.03178956457607871,0.9631325949855098
20331.0,0.015535760522154971,0.024990383872183688,0.9594738556056612
20855.0,0.8811563331219768,0.11799418173200507,8.494851460181453E-4
20088.0,0.5754557102447645,0.1284766865041447,0.29606760325109077
21329.0,0.0300086934000566,0.023161488943673106,0.9468298176562702
21058.0,0.3934281845810594,0.5544318417634149,0.05213997365552572
21544.0,0.9391491809512305,0.059749563608849754,0.0011012554399197772
20922.0,0.7231385405822854,0.12651026468995177,0.1503511947277627
20149.0,0.1895538988679397,0.06198076764345305,0.7484653334886071
20649.0,0.0014018329444935899,0.006324625925561245,0.9922735411299451
20390.0,0.9326771521819718,0.06096324603278188,0.006359601785246266
21135.0,0.07403238666532648,0.05657446684514817,0.8693931464895255
21404.0,6.360423541480787E-4,0.3576183199617932,0.6417456376840587
21733.0,0.0014888866924354191,0.0416793665383859,0.9568317467691787
21666.0,0.028294423890002463,0.08517147729927864,0.8865340988107188
21192.0,0.15703792806638442,0.24305934021398037,0.5999027317196352
21467.0,0.0013677960746704347,0.21883653836581948,0.7797956655595102
20989.0,0.04309751743359465,0.9317948853958488,0.025107597170556637
20210.0,0.017469597153839764,0.004999916381059916,0.9775304864651002
20718.0,0.0034947743634559094,0.014199847455696208,0.9823053781808478
20449.0,0.018298371135862388,0.01697501819153718,0.9647266106726003
21615.0,0.07168077641064627,0.9158473429400246,0.012471880649329251
21270.0,0.37123648270159615,0.31537345077912626,0.3133900665192774
20997.0,0.22045105407069168,0.3754472188081369,0.40410172712117143
20515.0,1.7962059999722513E-4,0.012900229556270695,0.986920149843732
20268.0,0.7725782549288265,0.20117827652918183,0.02624346854199179
20031.0,0.07972801129945356,0.8694462002641546,0.050825788436391725
20784.0,0.026063090882750415,0.9322135751381997,0.04172333397904989
21547.0,0.446759368059618,0.09624370962653393,0.4569969223138482
20091.0,0.09758833551167445,0.5902262916996814,0.3121853727886442
20852.0,0.05158484279689239,0.0372510464156967,0.9111641107874109
20328.0,0.8266900787553855,0.16936799186797932,0.003941929376635245
20583.0,0.16871278096645567,0.049691863533458405,0.781595355500086
21057.0,0.6487518118327921,0.2841392869040196,0.06710890126318833
21330.0,0.8210360389269421,0.17717428395286738,0.0017896771201904066
21734.0,0.12541194621569762,0.7351920073986801,0.13939604638562228
20650.0,0.4687990368007335,0.27623556474095295,0.25496539845831356
20389.0,0.35940143249627376,0.6376963723057237,0.0029021951980024293
20150.0,0.12882396451024364,0.8316586110392069,0.039517424450549545
20921.0,0.16591365001419592,0.8269109092252147,0.007175440760589365
21407.0,0.010335153859821025,0.6535801222904528,0.33608472384972615
21132.0,0.01840278606317159,0.5487803577123961,0.43281685622443233
21193.0,0.014582245234246179,0.2290680203669257,0.756349734398828
21466.0,0.3200455586279219,0.11255864481066878,0.5673957965614094
20211.0,0.0016562921795038716,0.13513470527604132,0.8632090025444548
20988.0,0.0012551401172606774,0.08746330180935977,0.9112815580733794
20719.0,0.006921476671069879,0.014208546779917822,0.9788699765490123
20448.0,0.018937560264895847,0.068678959792472,0.9123834799426321
21667.0,0.2831631624036942,0.19905862023502746,0.5177782173612782
21271.0,0.796272521702454,0.20250956667891984,0.0012179116186260732
20996.0,0.870108586784046,0.10398861041846148,0.025902802797492592
20514.0,0.8468874003662692,0.15186099397752778,0.0012516056562029898
20269.0,0.006370513251175415,0.011624069409709035,0.9820054173391156
20030.0,0.009567162663798232,0.4337816204876585,0.5566512168485432
20785.0,0.5316461227146086,0.3023331158109951,0.16602076147439612
21614.0,0.008931481018880185,0.06984241983037168,0.9212260991507483
20853.0,0.01928753355186047,0.35164208915744044,0.6290703772906991
20090.0,0.5570779227361754,0.34529964524412343,0.09762243201970117
20582.0,0.08558221909858799,0.12952309235903325,0.7848946885423788
20329.0,0.014425366709302508,0.8221047509728001,0.16346988231789736
21056.0,0.010886986093333358,0.7789163730600484,0.21019664084661818
21331.0,0.6657151714390506,0.32563596753386204,0.008648861027087422
21546.0,0.395445285613936,0.07807773840743254,0.5264769759786315
20388.0,0.9224359544459839,0.07734863763025959,2.1540792375665218E-4
20651.0,0.0010270448134795961,0.954400190483663,0.04457276470285738
20151.0,0.0014093317289170185,0.022818113235355323,0.9757725550357276
20920.0,0.1674298954548121,0.5784137944632077,0.2541563100819802
21406.0,0.006437171354219992,0.3663312077684795,0.6272316208773006
21133.0,0.7552824685680355,0.24149130467712768,0.0032262267548369486
21735.0,0.20651561648207034,0.6150985553487303,0.1783858281691995
21122.0,0.08713971067984806,0.06192857219792389,0.850931717122228
21393.0,0.08047476561352729,0.017921796627054416,0.9016034377594184
20152.0,0.532344898348829,0.20961338324060397,0.25804171841056706
20919.0,0.8929160381237415,0.10662926354165835,4.5469833460021517E-4
20644.0,0.014749928666963215,0.2073651820871333,0.7778848892459035
20395.0,0.770389412952067,0.012727095006952342,0.21688349204098065
21736.0,0.0029115441577008874,0.9060581105011734,0.09103034534112561
21340.0,0.32363735722826975,0.16194298959761746,0.5144196531741129
21071.0,0.01970739192885161,0.025295042067637333,0.954997566003511
20585.0,0.28143089123404375,0.48475845593103833,0.23381065283491798
20326.0,0.013658942912060167,0.013033857368840156,0.9733071997190996
20858.0,0.21616661486743102,0.6114942125566515,0.1723391725759175
20085.0,0.8114159606636381,0.03847951180058545,0.15010452753577652
21541.0,0.028640071780127452,0.05867530390560852,0.912684624314264
20798.0,0.044716288722770954,0.9495629023739349,0.005720808903294004
20017.0,0.8210703806193689,0.17786788243341511,0.0010617369472160124
20258.0,0.01291614120029179,0.9769437223029677,0.01014013649674059
20525.0,0.8759444831751044,0.024323971838069842,0.09973154498682571
21003.0,0.48564369647500016,0.09144025495558442,0.42291604856941534
21272.0,0.037212662908457414,0.12340397196788197,0.8393833651236606
21601.0,0.41293399942026016,0.0932562087416713,0.49380979183806856
20704.0,0.047310534322768064,0.0450735829023912,0.9076158827748408
20463.0,0.05071428591010207,0.05633050830861913,0.8929552057812787
20220.0,0.05799892323007064,0.05370685789489993,0.8882942188750295
20979.0,0.01103214564420878,0.025407203117380203,0.963560651238411
21461.0,0.00409326625333337,0.014636711981320227,0.9812700217653465
21190.0,0.16068525926181643,0.415940271450839,0.42337446928734446
21676.0,0.00892953323562072,0.7193076713203003,0.2717627954440791
21737.0,0.6245165331699151,0.13312512754631864,0.2423583392837663
21123.0,0.13448160323145977,0.28786493884319647,0.5776534579253437
21392.0,0.0036779862401656546,0.032888513204791074,0.9634335005550433
20918.0,0.05877416120386641,0.3615843501792322,0.5796414886169012
20153.0,0.03857894321241634,0.014180736243131813,0.947240320544452
20645.0,0.06590396166653771,0.34804858390016824,0.5860474544332941
20394.0,0.16943417430785646,0.6330018161774483,0.19756400951469522
21540.0,0.7661814964985612,0.08971413056044834,0.1441043729409906
21341.0,0.5082550451628026,0.0775018774040694,0.4142430774331281
21070.0,0.039675174268764477,0.6399067494509315,0.32041807628030405
20584.0,0.3518581290394564,0.38989985094415064,0.25824202001639296
20327.0,0.37211041215706364,0.4664962084233509,0.16139337941958556
20084.0,0.5162230205667155,0.47466269028129865,0.009114289151985849
20859.0,0.004715485305264864,0.12127281711326973,0.8740116975814655
21600.0,0.021626344990473167,0.7696631629723689,0.20871049203715808
20016.0,0.4251525908274566,0.3259716065970409,0.24887580257550254
20799.0,0.902227891775496,0.09517376247220403,0.0025983457522999465
20259.0,7.822559544020882E-4,0.020428249764642168,0.9787894942809557
20524.0,0.08597000562251665,0.026112963171840694,0.8879170312056427
21002.0,0.06705889789692086,0.18561139454540176,0.7473297075576774
21273.0,0.05233168867573989,0.9085202411052496,0.03914807021901062
21677.0,0.03325217463442424,0.7888115050120837,0.17793632035349202
20705.0,5.646095087660091E-4,0.15213182288931082,0.8473035676019232
20462.0,0.08863540254437918,0.13707261309638397,0.7742919843592369
20221.0,0.4183573043774233,0.5423076949520026,0.03933500067057415
20978.0,0.003715848866740136,0.09881067164734536,0.8974734794859145
21460.0,0.8720522009173999,0.1275009964041517,4.468026784485762E-4
21191.0,0.5860840989445051,0.29168443350564716,0.12223146754984786
21395.0,0.23105133722498652,0.6997138971683247,0.0692347656066889
21120.0,0.11584898182638755,0.7697762680746794,0.11437475009893311
20646.0,0.7708835279939374,0.22547012526370855,0.0036463467423540753
20393.0,0.23599097588226647,0.7476983118675413,0.016310712250192153
20154.0,0.7158449063530584,0.28104000266532403,0.003115090981617436
20917.0,0.017417016070397483,0.012442819591540574,0.970140164338062
21738.0,0.8783685597066483,0.11845659488754905,0.0031748454058027355
21069.0,0.8912198254500042,0.10826261422624306,5.175603237527603E-4
21342.0,0.3490329673097491,0.44902137109255785,0.20194566159769312
20087.0,0.15536214477963628,0.3676111603553851,0.47702669486497856
20856.0,0.4017666222558698,0.02438531842432986,0.5738480593198003
20324.0,0.9238817593386569,0.012128433169487342,0.06398980749185572
20587.0,0.0031961971639182813,0.15042803199101093,0.8463757708450709
21543.0,0.894480639098441,0.10470501214167911,8.143487598799652E-4
20527.0,0.7147601782366498,0.04385929654751491,0.24138052521583536
20256.0,0.7527667807104634,0.230652499604467,0.016580719685069533
20019.0,0.003319400600196488,0.05129693863825998,0.9453836607615436
20796.0,0.006973383116245181,0.18534451358532844,0.8076821032984264
21274.0,0.0013637519266636307,0.9211688966733192,0.07746735140001719
21001.0,0.07622687762374779,0.37805880456054036,0.5457143178157119
21603.0,0.47956523331810835,0.5090724970585518,0.011362269623339829
20977.0,0.02344278384604291,0.1305364877914409,0.8460207283625162
20222.0,0.033190309372172024,0.05188010961712085,0.9149295810107072
20706.0,0.11337052810149886,0.6494918367790398,0.23713763511946143
20461.0,0.03186391896278351,0.3044717887610785,0.663664292276138
21188.0,0.049164200060624524,0.11154530282067092,0.8392904971187045
21463.0,0.06826852969782382,0.691445521953029,0.2402859483491471
21678.0,0.06844112204578837,0.8638967222676923,0.0676621556865194
21739.0,0.8665394604344905,0.12704061084142249,0.00641992872408697
21394.0,0.5894638196349554,0.3800449798242574,0.03049120054078729
21121.0,0.17098505438035677,0.6876432812437979,0.14137166437584547
20647.0,0.0011565995313420408,0.04236038021371333,0.9564830202549445
20392.0,0.009581188113503539,0.15299860316853936,0.8374202087179572
20155.0,0.6756767391737442,0.31811245289734125,0.006210807928914527
20916.0,0.004519032985500745,0.04458676128626004,0.9508942057282394
21542.0,0.3622139187288686,0.09103044622333153,0.5467556350477998
21068.0,0.036811436253766254,0.18654943068632088,0.776639133059913
21343.0,0.05451443440993392,0.5744793583837057,0.37100620720636046
20857.0,0.6536932683600775,0.20327351274229624,0.14303321889762635
20086.0,0.907464505667239,0.09212730569796408,4.081886347967911E-4
20325.0,0.05791623326903199,0.35796667480537775,0.5841170919255904
20586.0,0.010292253420628368,0.012418153196845215,0.9772895933825264
21602.0,0.04210180009067086,0.22758679695642392,0.7303114029529052
20257.0,0.7526931860889502,0.24367602068158148,0.003630793229468209
20526.0,0.0030846641951790023,0.13449049823010079,0.8624248375747202
20018.0,0.9054866857474325,0.09391270091094996,6.006133416175644E-4
20797.0,0.1828245863748631,0.48553188757657917,0.33164352604855774
21275.0,0.003750550111069844,0.014836329682064083,0.9814131202068662
21000.0,0.041480652592845425,0.07468272734747769,0.8838366200596769
21679.0,0.014963572629304063,0.020969262209154887,0.964067165161541
20976.0,0.44266711254754676,0.13676654111197956,0.42056634634047374
20223.0,0.013600120794678178,0.9361095779560794,0.05029030124924239
20707.0,0.02466185326544949,0.867499453776959,0.10783869295759153
20460.0,0.17351781122717955,0.24326555552847914,0.5832166332443413
21189.0,0.463924208570881,0.522127260377695,0.013948531051424089
21462.0,0.08139765424001895,0.06738974572045214,0.8512126000395288
20589.0,0.8656771848013523,0.13089482378007486,0.003427991418572945
20322.0,0.5280809375259179,0.28016176499454354,0.19175729747953857
20081.0,0.016896305775163087,0.4721679829052139,0.510935711319623
20862.0,0.4918524549216812,0.01930027206521339,0.48884727301310543
21336.0,0.0886931632082909,0.10487559979206679,0.8064312369996424
21067.0,0.8960027289344927,0.10302507634720534,9.721947183019318E-4
21537.0,0.009451066587035727,0.20869464271020488,0.7818542907027595
20156.0,0.0024591260377825135,0.034071015296126335,0.9634698586660911
20915.0,0.2604031205075493,0.712766902635723,0.026829976856727847
20640.0,0.05745526842040265,0.7177011109733694,0.22484362060622792
20399.0,0.029750433737736764,0.18877336938211933,0.781476196880144
21126.0,0.02121289526503163,0.8767785856092077,0.10200851912576048
21397.0,0.10759987095307177,0.02416872779842842,0.8682314012484997
21740.0,0.053988572728289434,0.02936563483717118,0.9166457924345395
21457.0,0.0017271473109634102,0.12707741943936052,0.8711954332496761
21186.0,0.9639559322139942,0.029492536864680494,0.006551530921325395
20459.0,0.15854779313989573,0.6399673875362133,0.20148481932389087
20708.0,0.010073750952363545,0.20851760276912773,0.7814086462785087
20983.0,0.485543718067929,0.2101708090646461,0.3042854728674249
20216.0,0.011865762254691117,0.9618758052220627,0.026258432523246118
21672.0,0.8912266642021986,0.106461265705198,0.0023120700926033046
21007.0,0.011507496088817955,0.01688978143537143,0.9716027224758105
21276.0,0.005735279929273297,0.10354079684876229,0.8907239232219644
20794.0,0.13632978035098908,0.04612721627696094,0.8175430033720499
20021.0,0.03927544166106334,0.05851746417501812,0.9022070941639186
20521.0,0.765145422009273,0.23017325835415728,0.00468131963656964
20262.0,0.004419512290679501,0.03121525648907372,0.9643652312202469
21605.0,0.004430744015731943,0.02664080520200549,0.9689284507822626
21536.0,0.9212842678379989,0.0783408539532647,3.748782087363094E-4
20588.0,0.04331432409221236,0.056832296807306316,0.8998533791004814
20323.0,0.2033434069526289,0.06853071476048556,0.7281258782868855
20080.0,0.7149965349227757,0.28026169110290833,0.004741773974315953
20863.0,2.291399112350499E-4,0.1864881548739816,0.8132827052147835
21337.0,0.08953999856346395,0.032936152510141065,0.8775238489263951
21066.0,0.0012708291640684977,0.0334232055551906,0.9653059652807409
21741.0,0.003365356205544046,0.2243232071775332,0.7723114366169228
20157.0,0.7186658865344254,0.09560565712938054,0.1857284563361941
20914.0,0.9120666079694985,0.08754872152686913,3.8467050363253584E-4
20398.0,0.8469432134539723,0.13753228861246242,0.015524497933565334
20641.0,0.005208877997826756,0.01662763165403596,0.9781634903481372
21127.0,0.8630500968279945,0.1063125751535788,0.03063732801842666
21396.0,0.04568320050503113,0.03932133871862065,0.9149954607763482
21673.0,0.4558529346916958,0.37549037281752173,0.16865669249078247
21456.0,0.639085358361692,0.3589556201113341,0.001959021526974131
21187.0,0.09066689935522197,0.0961451182360686,0.8131879824087094
20709.0,0.6116031449725666,0.226833828270223,0.16156302675721054
20458.0,0.2396432084256694,0.09805844719192268,0.6622983443824079
20982.0,0.004955378629310418,0.9486772828472203,0.046367338523469255
20217.0,0.07682117342979553,0.5121099485804992,0.41106887798970526
21604.0,0.4281372844692604,0.34866192178339755,0.22320079374734197
21006.0,0.24069249365987702,0.22727619902782237,0.5320313073123005
21277.0,0.0022305699524813338,0.08079128338677291,0.9169781466607457
20795.0,0.9412641487790859,0.05411448950134774,0.0046213617195662625
20020.0,0.004013469271637841,0.7517044588761799,0.2442820718521823
20520.0,0.03542469692702707,0.9608551458390292,0.0037201572339438894
20263.0,0.023022654467109813,0.03479995489862368,0.9421773906342664
20083.0,0.005288282569058543,0.3026717709471433,0.6920399464837981
20860.0,0.021423355424801553,0.12140833409147873,0.8571683104837197
20591.0,0.873323554854035,0.11980367873733716,0.006872766408627771
20320.0,0.006821281516059143,0.7365374550619114,0.2566412634220294
21065.0,0.8169097307042655,0.17788889256306753,0.0052013767326669095
21338.0,0.020124653273178163,0.063825444055351,0.9160499026714709
21539.0,0.9132694088159496,0.023134126445439412,0.06359646473861093
20642.0,0.7566311987269441,0.05722058667593854,0.18614821459711745
20397.0,0.012117640331489,0.15665479481716904,0.831227564851342
20158.0,0.5357444055149613,0.12874703704407048,0.33550855744096825
20913.0,0.9254540387020709,0.0720978235907781,0.0024481377071510434
21399.0,0.8336880176833807,0.1648948096884109,0.0014171726282083067
21124.0,4.1322491453169394E-5,0.1783618839163487,0.8215967935921982
21742.0,0.5918636153871968,0.3794615159873123,0.028674868625490967
21184.0,0.07420040742083951,0.21612758301021331,0.7096720095689472
21459.0,0.2365910700041451,0.19630697889135085,0.567101951104504
20981.0,1.5316258633634995E-4,0.051344317987211306,0.9485025194264523
20218.0,0.7007932160873337,0.22203644458927058,0.07717033932339572
20457.0,0.013524890685912979,0.09194185561629134,0.8945332536977956
20710.0,0.35633321204125923,0.620374055140507,0.023292732818233682
21674.0,0.955638383965824,0.04376180941492248,5.998066192536181E-4
21278.0,0.19173537526293832,0.3360890736468558,0.4721755510902058
21005.0,0.3705623907264852,0.6201159241877149,0.009321685085799801
20260.0,0.02906713848928409,0.5920632436474871,0.3788696178632289
20523.0,0.8462117037554124,0.14561726794059862,0.008171028303989062
20023.0,0.3478037497346914,0.5345082074897421,0.1176880427755664
20792.0,0.5023341171363759,0.04106416759806161,0.45660171526556265
21607.0,0.022050629008541132,0.08077000459920668,0.8971793663922523
21538.0,0.6419510312913065,0.15310155552587223,0.20494741318282142
20861.0,0.10608361277982535,0.8843615041065995,0.009554883113575217
20082.0,0.41668789468412315,0.2125285518429664,0.3707835534729104
20321.0,0.117181900656537,0.32472781953332475,0.5580902798101383
20590.0,0.015420149083979618,0.061951295599967,0.9226285553160534
21064.0,0.8535469681671232,0.14409271624823683,0.0023603155846400096
21339.0,0.6569350215862064,0.23152745814649464,0.11153752026729882
21743.0,0.025823566686374564,0.07483000742281745,0.8993464258908079
20396.0,7.061730628239267E-5,0.2231181469217485,0.7768112357719691
20643.0,0.011398136833939497,0.8336882297413498,0.1549136334247107
20159.0,0.15923519638097544,0.8344818346152727,0.006282969003751856
20912.0,0.23738053430739176,0.2640866751450817,0.49853279054752664
21398.0,0.002553891298791686,0.12207633664469014,0.8753697720565182
21125.0,0.6245890513915667,0.24401561121049725,0.13139533739793602
21675.0,0.9286838318446596,0.033262623329875646,0.03805354482546475
21185.0,0.034276996379011666,0.1548862383602136,0.8108367652607747
21458.0,0.010860897968845167,0.034634977780982304,0.9545041242501725
20980.0,0.00992994745925881,0.046282923704704694,0.9437871288360364
20219.0,0.0040906908506849115,0.016313135270267613,0.9795961738790474
20456.0,0.002484159486902655,0.12131999164703923,0.8761958488660581
20711.0,0.01580616914874551,0.5204544483420965,0.46373938250915797
21606.0,0.5947497745853997,0.25796777811737637,0.14728244729722398
21279.0,8.641795792807963E-4,0.701454102721904,0.2976817176988153
21004.0,0.488457210202786,0.4903483540645332,0.021194435732680924
20261.0,0.04512084004629029,0.030757212537053075,0.9241219474166565
20522.0,0.044523544890882706,0.9498813315596124,0.005595123549504794
20022.0,0.6763690857582669,0.046722959101354725,0.2769079551403784
20793.0,0.22316338273607061,0.06838183541072293,0.7084547818532063
20008.0,0.05344553353141667,0.036425705002811636,0.9101287614657717
20775.0,0.7528736341444987,0.14531744874038363,0.10180891711511773
20532.0,4.8239552125423063E-4,0.03418746022735286,0.9653301442513929
20283.0,0.008828087695696206,0.018637694350863522,0.9725342179534402
21010.0,0.010824719751914593,0.2897076412342406,0.6994676390138448
21249.0,0.0017957650790738763,0.014927002312916975,0.9832772326080093
21624.0,0.527819072226693,0.1413130896681643,0.3308678381051427
20729.0,0.02612779812448052,0.9601221254183202,0.013750076457199391
20470.0,0.03506358581046961,0.9222499611655527,0.04268645302397774
20970.0,0.0036253519864893795,0.027883430631295184,0.9684912173822153
20197.0,0.6580197581708707,0.04183363112132751,0.30014661070780174
21452.0,0.8910631784318312,0.10801988759327671,9.169339748919496E-4
21215.0,0.6460317950965059,0.2025310335366364,0.15143717136685766
21685.0,0.11059453368125947,0.36800564462173074,0.5213998216970098
21147.0,4.945961929388611E-4,0.03605325203251492,0.9634521517745461
21384.0,0.6524563769259447,0.27411381955984426,0.0734298035142109
20129.0,0.08777825043339377,0.8587926966862475,0.05342905288035889
20910.0,0.08141885559970174,0.1874933984568467,0.7310877459434516
20669.0,0.009181001807519582,0.04595163143223806,0.9448673667602423
20402.0,0.8954157128344967,0.10388239288684345,7.018942786599236E-4
21745.0,0.8266009978274973,0.0598511564906551,0.11354784568184745
21317.0,0.0018371923533996649,0.06657978897987024,0.9315830186667301
21078.0,0.14203932273642506,0.08069361589878672,0.7772670613647882
20351.0,0.21302012731990097,0.4860938163168112,0.3008860563632878
20592.0,0.9007318049365945,0.08534533837369386,0.013922856689711537
20076.0,0.15370658705446713,0.4763769986004671,0.36991641434506567
20835.0,0.67969741654316,0.3084488397876181,0.011853743669221966
21564.0,0.24961171022233022,0.7019724369829494,0.048415852794720264
21625.0,0.21357837923257153,0.5209260233828694,0.26549559738455913
20774.0,0.021023265249289498,0.8640108352083536,0.11496589954235678
20009.0,0.03525226595222044,0.08537145579371189,0.8793762782540676
20533.0,0.8053636390543739,0.11374441954509625,0.08089194140052985
20282.0,0.11277709717602409,0.4037853605173065,0.48343754230666935
21011.0,0.6565784483733211,0.32051968920506163,0.022901862421617403
21248.0,0.8166736010741281,0.04012757703866929,0.14319882188720254
21684.0,0.7681986567621656,0.16040148516933983,0.07139985806849448
20728.0,0.9385289574074759,0.048268807086967284,0.013202235505556692
20471.0,0.5235288038359988,0.11804427304568473,0.3584269231183166
20196.0,0.9181600075291358,0.07875321551526882,0.0030867769555954034
20971.0,0.18399935700343442,0.040752224298484324,0.7752484186980811
21453.0,0.005414678894046714,0.15391242689567056,0.8406728942102827
21214.0,0.004902448475008608,0.9838216450795213,0.01127590644547006
21744.0,0.02230577281022334,0.9632157343639889,0.014478492825787602
21146.0,0.29433621463251064,0.04790899538827025,0.6577547899792191
21385.0,0.03790456066037791,0.049709670732035964,0.9123857686075862
20128.0,0.31374096156252385,0.0843414004231186,0.6019176380143576
20911.0,0.016985322541549882,0.2841470668954584,0.6988676105629916
20668.0,0.10402056747256022,0.14622084422845144,0.7497585882989882
20403.0,2.754633614649139E-4,0.023248977862054127,0.9764755587764808
21565.0,0.32068617908385666,0.1093395734406408,0.5699742474755024
21316.0,0.04008781289383927,0.21427885349703005,0.7456333336091308
21079.0,0.12144192975879928,0.8137355437145155,0.06482252652668524
20593.0,0.2440001660576458,0.7140520856126813,0.04194774832967289
20350.0,0.002164821568665655,0.840134398730955,0.1577007797003793
20834.0,0.08258164083877058,0.6595410038818156,0.2578773552794138
20077.0,0.08085747979929034,0.9118887212079217,0.007253798992787934
20281.0,0.14669917021632212,0.4625274198669373,0.3907734099167406
20534.0,0.037056421367411385,0.05588733784020004,0.9070562407923886
20773.0,0.15442057970777337,0.4089016571797808,0.43667776311244594
20010.0,0.11815283783673165,0.0732412241881881,0.8086059379750802
21251.0,0.3118914692239184,0.3698625822447432,0.3182459485313384
21008.0,0.7127647804691087,0.21394619096153725,0.07328902856935411
21626.0,0.8272328713731139,0.038658545067272995,0.13410858355961308
20199.0,0.009931096811955777,0.9752574252362436,0.014811477951800671
20968.0,0.021956153990825723,0.005258064248280209,0.9727857817608941
20468.0,0.8704552353981245,0.12770594161782464,0.001838822984050787
20731.0,0.07859872103286411,0.9013257718195107,0.020075507147625172
21213.0,0.1201016689315391,0.09478897330580897,0.785109357762652
21454.0,0.025302792928064907,0.16768599714187282,0.8070112099300624
21687.0,0.05333868953002833,0.20560657928930703,0.7410547311806647
21386.0,0.8905652297225436,0.10816043329397065,0.001274336983485662
21145.0,0.09503108511007749,0.8589111862927644,0.04605772859715805
20400.0,0.43918170117346944,0.2509465533744472,0.30987174545208346
20671.0,0.5595770368015638,0.43240270878428666,0.008020254414149604
20908.0,0.026266167449100555,0.02538066226375745,0.9483531702871419
20131.0,0.9198975555167442,0.07866859541961005,0.001433849063645765
21747.0,0.8735074120743567,0.12614580569740536,3.467822282379418E-4
21076.0,0.3371866121263895,0.5803347610607555,0.0824786268128549
21319.0,0.019331349672222522,0.9268325824349073,0.05383606789287024
20833.0,0.06933615960774059,0.920236835321017,0.010427005071242425
20078.0,0.03839566404591211,0.07726290040211904,0.8843414355519688
20594.0,0.9104953568812356,0.0860542952497984,0.0034503478689660314
20349.0,0.8517689995011277,0.14368178406103171,0.004549216437840594
21566.0,0.914446972340488,0.07442369315497528,0.011129334504536643
21627.0,0.006960012449678113,0.017355718044110482,0.9756842695062113
20280.0,0.5652248813844547,0.419487623351024,0.015287495264521295
20535.0,0.886304603102659,0.11291658484984922,7.788120474918563E-4
20011.0,1.602221786779245E-4,0.029894101833824713,0.9699456759874975
20772.0,0.39004035564040135,0.4719835689055266,0.13797607545407214
21250.0,0.9397734229123251,0.05925029009730225,9.762869903727133E-4
21009.0,0.07187484207226232,0.7421287172619188,0.185996440665819
21686.0,0.015621725507018758,0.03949045107061479,0.9448878234223663
20969.0,0.14308388243412526,0.7103342453791727,0.14658187218670216
20198.0,0.0028556532284095713,0.03300199724836412,0.9641423495232264
20469.0,0.16589853823883438,0.1262782134317274,0.7078232483294382
20730.0,0.01273573524747439,0.08069025737402107,0.9065740073785046
21212.0,0.007509969993393618,0.1869029912160461,0.8055870387905604
21455.0,0.9451732104999369,0.04739677248798595,0.007430017012077192
21746.0,0.1084211346924055,0.8517086202704824,0.03987024503711219
21387.0,0.004143860821554819,0.16360873171901266,0.8322474074594326
21144.0,0.07449568650928391,0.8714498792589304,0.0540544342317857
20401.0,0.01160870655370809,0.11612757608619753,0.8722637173600943
20670.0,0.007379749677908082,0.031087564179603764,0.9615326861424882
20909.0,0.004994573557293715,0.06548576883277424,0.929519657609932
20130.0,0.0015006063539868345,0.09866088222864704,0.8998385114173663
21567.0,0.22510472122620573,0.7731196771094909,0.001775601664303362
21077.0,0.7836934852602095,0.07237243839489471,0.14393407634489577
21318.0,0.04296017575708287,0.3590650655896656,0.5979747586532516
20832.0,5.168195505670716E-4,0.04625383854063831,0.9532293419087947
20079.0,0.6553856322665439,0.33552902711872706,0.009085340614729032
20595.0,0.01513369290783759,0.13621191787464645,0.8486543892175159
20348.0,0.01269768950635676,0.10032358221954743,0.8869787282740957
21448.0,0.001757393655373499,0.014935849247292904,0.9833067570973335
21211.0,0.623040961641157,0.334815552450086,0.04214348590875708
20466.0,0.9224359544459839,0.07734863763025959,2.1540792375665218E-4
20733.0,6.443853315044358E-4,0.12928529274513145,0.8700703219233641
20974.0,0.20010503288687814,0.15459324962607662,0.6453017174870452
20193.0,0.05187616826496952,0.12899102831419026,0.8191328034208402
21681.0,0.7538253261455735,0.22143659815677522,0.024738075697651293
21014.0,0.9288694514231718,0.07081333874408786,3.1720983274018653E-4
21253.0,0.4195036131572112,0.5535064733281689,0.026989913514620024
20012.0,0.11574610365176026,0.02665146448397412,0.8576024318642657
20771.0,0.8711116343458206,0.12767592235419123,0.001212443299988246
20287.0,0.4345849258937433,0.5563775443877824,0.00903752971847419
20528.0,0.053919260805037506,0.06970728162115936,0.876373457573803
21628.0,0.019264536879207574,0.7754998585016954,0.205235604619097
20596.0,0.0022345388519792704,0.047230900954341286,0.9505345601936795
20347.0,0.8379891574834941,0.1600064120254332,0.002004430491072684
20839.0,0.4802518334593435,0.5091438358437441,0.010604330696912157
20072.0,0.05003154525413867,0.10280110893088285,0.8471673458149784
21313.0,0.8975549260626762,0.10167669988332881,7.683740539949709E-4
21074.0,0.003109843547299352,0.577181998817132,0.4197081576355688
21560.0,0.007107114951558385,0.6400235612933413,0.3528693237551004
20133.0,0.012185273853085732,0.10711741908661516,0.8806973070602991
20906.0,0.002427208220528796,0.09647035035052627,0.9011024414289449
20665.0,0.8258722501590088,0.1728908083159244,0.0012369415250667037
20406.0,0.3538923430233926,0.624125480319391,0.02198217665721654
