21609.0,0.5137186201839474,0.2894820808439091,0.19679929897214357
20790.0,0.5459773389981019,0.08028441023429082,0.37373825076760725
20025.0,0.7854480696865233,0.18892474244895338,0.025627187864523244
20517.0,0.6690989871090626,0.2510580193755206,0.07984299351541696
20266.0,0.7408327949108743,0.24315100723443975,0.016016197854686026
20995.0,0.2010297955776047,0.37948933039213373,0.4194808740302616
21264.0,0.760811414274291,0.19570140175439485,0.04348718397131418
21668.0,0.014043895887609155,0.038204951762434505,0.9477511523499564
20455.0,0.7309523796775057,0.1906460921193947,0.07840152820309966
20712.0,0.7859647065176191,0.19894816437880694,0.015087129103574006
20987.0,0.159514778359385,0.0631661004379051,0.77731912120271
20212.0,0.36635320866051335,0.060797156971939575,0.572849634367547
21469.0,0.8481281884484383,0.09388911664094413,0.05798269491061759
21198.0,0.4020617743554017,0.5231010112396326,0.07483721440496566
21728.0,0.27548873050030626,0.03309275862080503,0.6914185108788886
21130.0,0.14822115316996715,0.3295716028350377,0.5222072439949951
21401.0,0.21771610043972797,0.21287537627489908,0.569408523285373
20144.0,0.019022736314049264,0.19309936168121675,0.787877902004734
20927.0,0.11905548094919842,0.3327889813530429,0.5481555376977587
20387.0,0.7404879475498092,0.23391613435814207,0.025595918092048794
20652.0,0.20502442420885214,0.2034323621645598,0.5915432136265881
21549.0,0.26140353776848646,0.6417606090875293,0.09683585314398416
21332.0,0.5335483248861866,0.40186442491052404,0.06458725020328931
21063.0,0.0012877746669955445,0.036745020517846616,0.961967204815158
20577.0,0.3171641440242148,0.2711199496202378,0.4117159063555473
20334.0,0.015324377202654825,0.13518178560478306,0.8494938371925621
20850.0,0.16715066003245577,0.31200747600875794,0.5208418639587862
20093.0,0.3121717232195517,0.623307463933535,0.06452081284691322
20024.0,8.699027695929108E-4,0.23555172317878387,0.7635783740516233
20791.0,0.4298791526040189,0.5213898830780668,0.04873096431791413
20267.0,0.14048079254817775,0.20453895696498064,0.6549802504868417
20516.0,0.024711287827105514,0.12234434799780776,0.8529443641750867
20994.0,0.014793635835945966,0.053533661698442675,0.9316727024656114
21265.0,0.03977626214343567,0.12505704477249238,0.835166693084072
21608.0,0.8592524903166727,0.08262451399696191,0.05812299568636529
20713.0,0.03206539661357925,0.047658777204740765,0.92027582618168
20454.0,0.36131498671753765,0.5878565962434489,0.05082841703901353
20986.0,0.7829906833268883,0.2018448558003673,0.015164460872744527
20213.0,0.0371947896259278,0.38981087190573793,0.5729943384683341
21468.0,0.07414968096686622,0.07388023120670756,0.8519700878264262
21199.0,0.02878707593068859,0.049621323439546484,0.9215916006297649
21669.0,0.13312920854534405,0.0854440652997746,0.7814267261548815
21131.0,0.006457770542142523,0.038587461525932364,0.9549547679319251
21400.0,0.7408327949108743,0.24315100723443975,0.016016197854686026
20926.0,0.012782821852424311,0.0462016915885861,0.9410154865589896
20145.0,0.04256017648142977,0.7616520581065219,0.19578776541204818
20386.0,0.34241096164084195,0.5428696163891689,0.11471942196998915
20653.0,0.0015798257386952436,0.028489954956894704,0.9699302193044101
21729.0,0.5974402159523036,0.35356997566978204,0.04898980837791441
21333.0,0.08012025003048254,0.017115840736730566,0.9027639092327869
21062.0,0.5228944603641819,0.13631376410203358,0.3407917755337846
20576.0,0.24036107538860627,0.4585563150050615,0.30108260960633204
20335.0,0.01909873379159725,0.057303222152404576,0.9235980440559981
20092.0,0.3853133833292122,0.5532233696528749,0.061463247017912906
20851.0,0.8000191709213281,0.10212497560917248,0.09785585346949943
21548.0,0.4643873583583464,0.12681345794887516,0.4087991836927784
21611.0,0.5780636365369074,0.17572476481240598,0.24621159865068665
20519.0,0.13474557103472784,0.3380790065479707,0.5271754224173015
20264.0,0.7040885871084273,0.26704682891226333,0.028864583979309452
20788.0,0.5177066072501537,0.417809810628918,0.06448358212092818
20027.0,0.7893665634814815,0.174083521679975,0.03654991483854352
21266.0,0.7332866428619961,0.22869775005250495,0.03801560708549897
20993.0,0.7256851355423221,0.23166347389882014,0.0426513905588578
21670.0,0.13949927424705116,0.014351852148957553,0.8461488736039913
20214.0,0.04058168807484019,0.36753056730909617,0.5918877446160637
20985.0,0.12462313801554595,0.4457008333390313,0.42967602864542276
20453.0,0.007888384581769206,0.06227582882741308,0.9298357865908176
20714.0,0.293299642021057,0.3443444608397672,0.36235589713917593
21196.0,0.044795310472535384,0.17539641393913621,0.7798082755883284
21471.0,0.6934526803891223,0.15729325921728093,0.14925406039359662
21730.0,0.5579356363992444,0.33998861668158575,0.10207574691916996
21403.0,0.11311583742068938,0.05300282800292008,0.8338813345763905
21128.0,0.008191505810851926,0.16316999323467088,0.8286385009544771
20385.0,0.3599978045126952,0.5626576328285289,0.07734456265877573
20654.0,0.7695019733518192,0.21488297865145897,0.015615047996721655
20146.0,0.2540704836473561,0.3015633103214514,0.44436620603119253
20925.0,0.6939204849547018,0.23097356755715104,0.07510594748814707
21551.0,0.03767978074134158,0.024357328955458463,0.9379628903032
21061.0,0.15836244884519013,0.07923403240787225,0.7624035187469377
21334.0,0.2539960266611804,0.22914981026178824,0.5168541630770314
20848.0,0.5657824566661702,0.21691067244820775,0.21730687088562203
20095.0,0.6606537473928691,0.16554699663092795,0.1737992559762029
20332.0,0.04435313020990766,0.13925577610057632,0.8163910936895159
20579.0,0.08965478808154759,0.074705852384493,0.8356393595339594
20265.0,0.021912964359558636,0.0325206040703851,0.9455664315700562
20518.0,0.7744284313434576,0.20492659577311792,0.020644972883424515
20026.0,0.3205847788117832,0.0882958614705321,0.5911193597176847
20789.0,0.180359414346522,0.18565124515660328,0.6339893404968748
21267.0,0.6005293017806177,0.1249146640488812,0.2745560341705011
20992.0,0.013936592163621383,0.2559768048481111,0.7300866029882674
21610.0,0.5865984471930028,0.23916859061841247,0.17423296218858472
20984.0,0.11067673345809606,0.07541807481903987,0.8139051917228641
20215.0,0.08400128182286912,0.4297416762849306,0.48625704189220026
20452.0,0.39008719625160104,0.20897860693677464,0.40093419681162423
20715.0,0.04992292027927931,0.06653241435855965,0.8835446653621611
21197.0,0.4892168255132873,0.47016291070479266,0.040620263781920005
21470.0,0.1448278340888442,0.15139186727012716,0.7037802986410285
21671.0,0.03901980779688417,0.42775665260661844,0.5332235395964974
21402.0,0.6408083042383497,0.3004531838657954,0.05873851189585483
21129.0,0.008976756323805917,0.11058650046942049,0.8804367432067737
20384.0,0.015559943588873406,0.17187280377164807,0.8125672526394786
20655.0,0.04828082584020056,0.16935940980304612,0.7823597643567534
20147.0,0.4623558237386676,0.08904158312520553,0.44860259313612694
20924.0,0.07394729494909075,0.24810989634582806,0.6779428087050813
21731.0,0.02836947902998644,0.06881670847110431,0.9028138124989094
21060.0,0.07122252559556548,0.04302905168587319,0.8857484227185614
21335.0,0.6911791967073793,0.14550472636266298,0.16331607692995784
20094.0,0.005320097749896084,0.0069214044137908895,0.987758497836313
20849.0,0.7796989822687618,0.20178685626150408,0.018514161469734114
20578.0,0.1434338617183704,0.6892388701804764,0.16732726810115323
20333.0,0.6497703941203672,0.15956149108030754,0.19066811479932524
21550.0,0.4883329497935138,0.4049463679255419,0.1067206822809444
21664.0,0.7425363278652539,0.2047837461769812,0.05267992595776488
21465.0,0.00576952108357335,0.19047169077897444,0.8037587881374523
21194.0,0.013262599970606564,0.2706082104982705,0.7161291895311229
20451.0,0.15904176889719016,0.4412134684184286,0.3997447626843812
20716.0,0.644848905852146,0.31053702327834176,0.04461407086951231
20208.0,0.21707115050537182,0.5922094834937073,0.19071936600092074
20991.0,0.03830747456160237,0.6459575638261069,0.3157349616122908
21613.0,0.5974402159523036,0.35356997566978204,0.04898980837791441
20999.0,0.487199738942652,0.4427944040775275,0.0700058569798206
21268.0,0.04273681078699083,0.20401105437999342,0.7532521348330158
20029.0,0.0025037272224351,0.02711072937771995,0.9703855433998448
20786.0,0.42488278683080377,0.19328248323075348,0.3818347299384427
20270.0,0.08361378623250403,0.2280857258625227,0.6883004879049732
20513.0,0.046746903004224044,0.2629090117315146,0.6903440852642613
21545.0,0.6801469675509652,0.09587875287078415,0.22397427957825072
20581.0,0.19234731598493093,0.7580465166467228,0.04960616736834617
20330.0,0.0843662543448256,0.04220175252492672,0.8734319931302478
20089.0,0.34785474467137273,0.10164131655545912,0.5505039387731683
20854.0,0.10305952469655952,0.6854383446984572,0.21150213060498335
21328.0,0.002182671014330681,0.028414168315071302,0.969403160670598
21059.0,0.5116154314944289,0.4131717566739525,0.0752128118316185
21732.0,0.20781248301512348,0.6371728826432863,0.15501463434159038
20923.0,0.6008546182061181,0.07535573056564915,0.3237896512282327
20148.0,0.0012299878708970568,0.007767289010532504,0.9910027231185705
20648.0,0.22650249805339348,0.11743943669044285,0.6560580652561636
20391.0,0.11614731741434613,0.16820842399681335,0.7156442585888405
21134.0,0.052838050724550785,0.1932015747202272,0.7539603745552221
21405.0,0.5831960339305919,0.16858975853093913,0.24821420753846885
21464.0,0.544712960521855,0.13705823719612983,0.31822880228201533
21195.0,0.05056504195816123,0.020926174335486696,0.9285087837063521
20717.0,0.7438842267068072,0.23573409360157607,0.020381679691616764
20450.0,0.7376143290342613,0.18367350928699314,0.07871216167874544
20209.0,0.40364361540000954,0.5029064547080795,0.09344992989191088
20990.0,0.3833332570596076,0.47426648686656403,0.1424002560738285
21665.0,0.6248862284281784,0.3304022292206384,0.04471154235118308
20998.0,0.12686165569246932,0.44514787696013447,0.4279904673473961
21269.0,0.7022365573530989,0.24951375091101594,0.04824969173588527
20028.0,0.03824630923272568,0.5459962036811247,0.41575748708614957
20787.0,0.30053481208489186,0.3551306748814323,0.34433451303367585
20271.0,0.11626988782887543,0.26904872358098714,0.6146813885901374
20512.0,0.04484358644639751,0.11303116700664526,0.8421252465469573
21612.0,0.21415861612734668,0.08148100211943653,0.7043603817532167
20580.0,0.010784977358312733,0.05885136091864795,0.9303636617230394
20331.0,0.134021445677694,0.09532531657774275,0.7706532377445633
20855.0,0.7040885871084273,0.26704682891226333,0.028864583979309452
20088.0,0.42759501254120086,0.14142781287797238,0.43097717458082685
21329.0,0.01063564403207991,0.02717592484532095,0.9621884311225991
21058.0,0.5207581186764302,0.2683925948386759,0.21084928648489384
21544.0,0.644848905852146,0.31053702327834176,0.04461407086951231
20922.0,0.6987734860587035,0.21755878031471734,0.08366773362657914
20149.0,0.11487565459461146,0.01565190409506527,0.8694724413103233
20649.0,0.009462855468431373,0.015923001685054398,0.9746141428465144
20390.0,0.7859647065176191,0.19894816437880694,0.015087129103574006
21135.0,0.3936746567061764,0.08058506491397126,0.5257402783798524
21404.0,0.013265044977476796,0.3119080913428529,0.6748268636796703
21733.0,0.020978345134871325,0.05604583547762658,0.9229758193875022
21666.0,0.24764454946426975,0.1807505345048617,0.5716049160308686
21192.0,0.20109435313494564,0.2746794303391785,0.5242262165258758
21467.0,0.22840510815320084,0.5877092108034688,0.18388568104333042
20989.0,0.28434395665918055,0.5764105110207819,0.13924553232003747
20210.0,0.02030236298576738,0.008390460634616622,0.971307176379616
20718.0,0.015068196724730235,0.02635804213377138,0.9585737611414985
20449.0,0.05977752174786342,0.01928043215963422,0.9209420460925025
21615.0,0.42986794908338005,0.5027031281239764,0.0674289227926436
21270.0,0.17257973496706586,0.2830143275614986,0.5444059374714355
20997.0,0.2895129103055222,0.6205955634505564,0.08989152624392151
20515.0,0.0011414948353005014,0.03405337230380137,0.9648051328608982
20268.0,0.5599078682264632,0.2534177418866381,0.1866743898868986
20031.0,0.6354510152964296,0.30616225684761134,0.058386727855958935
20784.0,0.24519675896052467,0.6389511150564917,0.11585212598298358
21547.0,0.472003266996145,0.10528469386275738,0.4227120391410975
20091.0,0.037050431458793213,0.767363735252747,0.1955858332884596
20852.0,0.07857607863238888,0.10097184328292108,0.8204520780846899
20328.0,0.6142873260008593,0.3022379249510818,0.08347474904805886
20583.0,0.13125097660232918,0.0462099874587331,0.8225390359389378
21057.0,0.616094880708209,0.29999508417632337,0.08391003511546759
21330.0,0.4050743178948577,0.5479667335437958,0.0469589485613466
21734.0,0.6136279282542443,0.3520840373702138,0.03428803437554193
20650.0,0.28071468156009743,0.16011764139252974,0.5591676770473727
20389.0,0.46793854820200476,0.4866079196254061,0.04545353217258901
20150.0,0.153593710654609,0.6264016021614703,0.22000468718392072
20921.0,0.7769978195168032,0.2056022236089593,0.017399956874237576
21407.0,0.5923535003732855,0.3562776544223385,0.05136884520437605
21132.0,0.315341348714975,0.6056428137591673,0.07901583752585771
21193.0,0.10706224820690986,0.27290452632925527,0.6200332254638348
21466.0,0.29862855166304075,0.21537944054719166,0.48599200778976764
20211.0,0.010464969941970503,0.31604015902132115,0.6734948710367082
20988.0,0.008834446495626815,0.15928998514655912,0.8318755683578142
20719.0,0.00945016493017399,0.012297047604036493,0.9782527874657895
20448.0,0.12301958242103998,0.15475948024848216,0.7222209373304779
21667.0,0.42978058238332684,0.4614358604987045,0.10878355711796864
21271.0,0.5071568247173147,0.43447307448225597,0.05837010080042933
20996.0,0.7438842267068072,0.23573409360157607,0.020381679691616764
20514.0,0.6163917587260201,0.34820734563458344,0.0354008956393963
20269.0,0.002791329839262823,0.007602080421027376,0.9896065897397098
20030.0,0.017453854199207402,0.3020472712651664,0.6804988745356263
20785.0,0.26799457919674613,0.3959856487118289,0.33601977209142503
21614.0,0.00884551009295913,0.1786575323103037,0.812496957596737
20853.0,0.2074139658617051,0.3013119465519501,0.49127408758634467
20090.0,0.46681282714465816,0.26473320989318566,0.26845396296215607
20582.0,0.13072683567839388,0.10005284919742369,0.7692203151241824
20329.0,0.12961293600124776,0.6859978753303612,0.18438918866839094
21056.0,0.018496282995879618,0.16529498570056889,0.8162087313035514
21331.0,0.81251524463802,0.17106157312886514,0.01642318223311463
21546.0,0.16380809165868962,0.03065425727135279,0.8055376510699576
20388.0,0.7829906833268883,0.2018448558003673,0.015164460872744527
20651.0,0.018273984405008933,0.8212048204842081,0.16052119511078308
20151.0,0.01803502624731227,0.062244477232121835,0.919720496520566
20920.0,0.41721266251043226,0.3235163841567989,0.2592709533327689
21406.0,0.059635882050260686,0.25495541978987135,0.6854086981598678
21133.0,0.2390341356252237,0.6881516296027335,0.07281423477204298
21735.0,0.40428108832995796,0.38794431637886206,0.20777459529118003
21122.0,0.06524032573703352,0.06407954371470719,0.8706801305482592
21393.0,0.09005662520574892,0.01456520316654583,0.8953781716277053
20152.0,0.25023230886866904,0.17248203431712633,0.5772856568142046
20919.0,0.763866724099642,0.21693081158969377,0.019202464310664406
20644.0,0.022907673307007208,0.2912693934750419,0.6858229332179508
20395.0,0.36574820499540067,0.033816164038288084,0.6004356309663113
21736.0,0.04738392241753264,0.7977969994114972,0.15481907817097013
21340.0,0.2772787690165488,0.1340102941317126,0.5887109368517386
21071.0,0.028453305484513122,0.029501795586227283,0.9420448989292596
20585.0,0.2639698586611596,0.42727550523289376,0.3087546361059466
20326.0,0.16238594302990336,0.03353093088095127,0.8040831260891453
20858.0,0.6389687295688402,0.3002328143944461,0.0607984560367137
20085.0,0.7482096608551356,0.09741735517412464,0.15437298397073967
21541.0,0.035556195497187325,0.04634120624455332,0.9181025982582595
20798.0,0.19937305147087003,0.7043555476254991,0.0962714009036307
20017.0,0.7597541604044082,0.2202224106650344,0.020023428930557505
20258.0,0.5332143525913146,0.4085143355164607,0.05827131189222481
20525.0,0.8429720459484025,0.07278405814428345,0.08424389590731408
21003.0,0.3875751958356689,0.06408240826201261,0.5483423959023184
21272.0,0.1280465958885579,0.13567620869362954,0.7362771954178127
21601.0,0.6512262441752392,0.10249566766206751,0.2462780881626933
20704.0,0.021303810251095744,0.025328486511735013,0.9533677032371691
20463.0,0.07459480105686354,0.046374538321666804,0.8790306606214696
20220.0,0.06510114299018067,0.03441543376533708,0.9004834232444823
20979.0,0.016611708555971917,0.025215911819679724,0.9581723796243483
21461.0,0.017976939768629803,0.02138707114971601,0.9606359890816542
21190.0,0.37610170484057603,0.5430057384816351,0.08089255667778875
21676.0,0.06262252570853463,0.5073527530364129,0.43002472125505237
21737.0,0.5344256514815723,0.25157865132330487,0.21399569719512293
21123.0,0.11968739675808256,0.3187227099909168,0.5615898932510006
21392.0,0.01705922012138154,0.09992915664368676,0.8830116232349318
20918.0,0.06863951027600658,0.39396545567430447,0.5373950340496889
20153.0,0.12780678948483837,0.1757911717222542,0.6964020387929074
20645.0,0.3519850497009773,0.45963218228434594,0.18838276801467688
20394.0,0.18073235729552245,0.5076894437272822,0.31157819897719546
21540.0,0.6737714473189921,0.272104758393254,0.05412379428775393
21341.0,0.4788855152713972,0.2597280152762638,0.26138646945233884
21070.0,0.2233854878931904,0.422343918886476,0.3542705932203335
20584.0,0.2981552613099833,0.3287575317932693,0.3730872068967474
20327.0,0.20408636804153174,0.3551509414275621,0.4407626905309062
20084.0,0.7926971150062145,0.1932703037177219,0.014032581276063587
20859.0,0.012767983580025021,0.05746638025831495,0.9297656361616601
21600.0,0.03813543381624983,0.5156978594895222,0.446166706694228
20016.0,0.3910873981503486,0.18525778720122343,0.42365481464842797
20799.0,0.7187349649347355,0.26090101609698974,0.020364018968274784
20259.0,0.015892017789734255,0.06191009510902569,0.9221978871012401
20524.0,0.013621135347971984,0.02303099280969728,0.9633478718423306
21002.0,0.07832162576352474,0.5124607254296221,0.4092176488068532
21273.0,0.35699478186998324,0.5499981245378968,0.09300709359212003
21677.0,0.37872034011375094,0.4696568109745817,0.15162284891166738
20705.0,0.0038148540776556453,0.2058288872111533,0.7903562587111911
20462.0,0.39986730122761727,0.2473664742229193,0.3527662245494636
20221.0,0.2678945997807162,0.6103167919259841,0.12178860829329967
20978.0,0.013125650101385302,0.2857578900245003,0.7011164598741144
21460.0,0.7769978195168032,0.2056022236089593,0.017399956874237576
21191.0,0.34201876780662543,0.6037562166614039,0.054225015531970636
21395.0,0.7228156879658798,0.2513888247828338,0.025795487251286348
21120.0,0.13535159697755803,0.7816723401793055,0.08297606284313636
20646.0,0.464581513229419,0.43426673623042683,0.10115175054015416
20393.0,0.22857544619060885,0.6776916584079122,0.09373289540147901
20154.0,0.5874958661079934,0.36972299320491975,0.042781140687086966
20917.0,0.05310616452441879,0.029733538352341094,0.9171602971232401
21738.0,0.8257796630081009,0.1474249739019213,0.02679536308997776
21069.0,0.754723952600655,0.2241978341857167,0.021078213213628395
21342.0,0.29816492184084753,0.25918771999450974,0.4426473581646426
20087.0,0.5570905014607808,0.10774005706195788,0.3351694414772614
20856.0,0.28036975028077366,0.020242572357105523,0.6993876773621208
20324.0,0.7887992229682108,0.04178074874745713,0.1694200282843321
20587.0,0.0230365471020515,0.1592051121308002,0.8177583407671484
21543.0,0.730412006291792,0.24652674301517774,0.02306125069303026
20527.0,0.7265162420000032,0.060784616248053785,0.21269914175194304
20256.0,0.754723952600655,0.2241978341857167,0.021078213213628395
20019.0,0.01150803045017769,0.04056237527425679,0.9479295942755656
20796.0,0.0991814415428935,0.49821232434448715,0.4026062341126195
21274.0,0.020726014070498143,0.5588527335368169,0.42042125239268496
21001.0,0.1354922410205395,0.4281512729270478,0.4363564860524126
21603.0,0.497998790728395,0.3983502812607275,0.10365092801087752
20977.0,0.017109230340781306,0.06364937263255145,0.9192413970266672
20222.0,0.030206762892631883,0.04908653121758187,0.9207067058897863
20706.0,0.20275682943534093,0.6901916997565617,0.10705147080809738
20461.0,0.09218596082040492,0.24337158090183977,0.6644424582777554
21188.0,0.04600647160538447,0.11527897299804651,0.838714555396569
21463.0,0.06127371324767658,0.204065965702149,0.7346603210501744
21678.0,0.33506794480766916,0.5701035011109611,0.09482855408136978
21739.0,0.7059068494039236,0.23278116738853266,0.06131198320754387
21394.0,0.4659048173486861,0.4023855913931334,0.13170959125818058
21121.0,0.15455794159488298,0.5228461102269288,0.3225959481781883
20647.0,0.02746685045269605,0.06374977217102111,0.9087833773762829
20392.0,0.11434369463599879,0.1816248556052354,0.7040314497587657
20155.0,0.3172563337969003,0.6213567164233128,0.06138694977978682
20916.0,0.008555471479246535,0.06491773702574792,0.9265267914950055
21542.0,0.21732072241641426,0.11441873035812454,0.6682605472254612
21068.0,0.05101489385671359,0.2929009152532493,0.656084190890037
21343.0,0.09692663666088445,0.3105281499291569,0.5925452134099587
20857.0,0.49178039936449075,0.43689502727234136,0.07132457336316786
20086.0,0.7164827990785774,0.25782484801724886,0.02569235290417381
20325.0,0.14715754066108655,0.4397738847325913,0.41306857460632224
20586.0,0.05554750252261612,0.0384873026200013,0.9059651948573826
21602.0,0.18625348929011604,0.46430869725198637,0.3494378134578976
20257.0,0.644848905852146,0.31053702327834176,0.04461407086951231
20526.0,0.14288896990895333,0.45980149868924686,0.39730953140179975
20018.0,0.7796989822687618,0.20178685626150408,0.018514161469734114
20797.0,0.1692881424070692,0.491764515692127,0.3389473419008038
21275.0,0.006434125035166068,0.01955690013663532,0.9740089748281987
21000.0,0.026971725566298142,0.04474459338502858,0.9282836810486733
21679.0,0.025136714711102185,0.08462392717044405,0.8902393581184537
20976.0,0.22042065433723562,0.3974719046184181,0.3821074410443464
20223.0,0.19966949603848763,0.576339423124892,0.22399108083662034
20707.0,0.031026814684757258,0.789394210774092,0.17957897454115085
20460.0,0.15796477357142888,0.12223938118561287,0.7197958452429583
21189.0,0.3106917202712882,0.6331903513531387,0.05611792837557322
21462.0,0.02123946728775746,0.10163705875246529,0.8771234739597774
20589.0,0.6040086743665877,0.2971993856499521,0.09879193998346038
20322.0,0.29410215398103656,0.5250903754348908,0.18080747058407276
20081.0,0.025988571781712305,0.38598772187427943,0.5880237063440082
20862.0,0.5375363161414298,0.02730714837899139,0.4351565354795787
21336.0,0.08651130242920403,0.13034235905689762,0.7831463385138983
21067.0,0.7470094333740994,0.22405704856801995,0.02893351805788062
21537.0,0.18675325891697706,0.09024392185882413,0.7230028192241988
20156.0,0.0024865407698110584,0.052640665487594926,0.944872793742594
20915.0,0.40864099555671146,0.42756616748627546,0.163792836957013
20640.0,0.5505106442557193,0.1931412470489301,0.2563481086953507
20399.0,0.20433344502879625,0.415877157176403,0.3797893977948008
21126.0,0.1288651290239536,0.49668376896146804,0.3744511020145785
21397.0,0.15793457542356287,0.026080144749410963,0.8159852798270262
21740.0,0.501222535054757,0.05359016867621627,0.4451872962690268
21457.0,0.04051013226844003,0.05045734717951571,0.9090325205520442
21186.0,0.8677603467009732,0.1127859852307809,0.019453668068245812
20459.0,0.2064563256789369,0.6603815819214038,0.13316209239965932
20708.0,0.11193966016327604,0.3843060830254118,0.5037542568113123
20983.0,0.4311726671395308,0.4234359795302425,0.14539135333022674
20216.0,0.11626438417258178,0.7513670917982346,0.13236852402918356
21672.0,0.6934971489373517,0.26457959751881893,0.04192325354382947
21007.0,0.022808946673802035,0.02494151078303338,0.9522495425431646
21276.0,0.20988338420650704,0.4638374551055771,0.32627916068791585
20794.0,0.3613336456952495,0.28420483630152665,0.35446151800322384
20021.0,0.15818621568222258,0.029731077632689146,0.8120827066850884
20521.0,0.7256851355423221,0.23166347389882014,0.0426513905588578
20262.0,0.022889746029088665,0.047520590238210286,0.929589663732701
21605.0,0.004732483316124041,0.02071839072194483,0.9745491259619312
21536.0,0.7638234029940201,0.21359648275386342,0.022580114252116448
20588.0,0.09278704702691869,0.05304530613225407,0.8541676468408274
20323.0,0.15436551004120813,0.09182569270411503,0.7538087972546769
20080.0,0.26936154217930497,0.6153395065071339,0.11529895131356137
20863.0,0.012710123674748962,0.19531934797846098,0.7919705283467899
21337.0,0.1943772479500367,0.024995843085483457,0.78062690896448
21066.0,0.03770057419869151,0.23805741975396766,0.7242420060473409
21741.0,0.052324938488866775,0.4244692775845305,0.5232057839266027
20157.0,0.3224701062484675,0.20235215675028187,0.4751777370012507
20914.0,0.7778920727991165,0.20386169075149427,0.01824623644938919
20398.0,0.6734125222798157,0.21815940351163884,0.10842807420854556
20641.0,0.006353474686901115,0.032276630801041394,0.9613698945120575
21127.0,0.7953223162357669,0.12280315898113962,0.08187452478309362
21396.0,0.2740008003367839,0.03491843957523745,0.6910807600879787
21673.0,0.6136279282542443,0.3520840373702138,0.03428803437554193
21456.0,0.49629192801205335,0.43978001844450343,0.06392805354344325
21187.0,0.27990146379364117,0.06098954208418844,0.6591089941221704
20709.0,0.26280121328167566,0.23145044228333816,0.5057483444349864
20458.0,0.09050615157701343,0.374936163675401,0.5345576847475857
20982.0,0.06981481813193137,0.715571057506975,0.2146141243610936
20217.0,0.1698770575967039,0.19243187637487913,0.6376910660284171
21604.0,0.5037138506139197,0.3249995054370043,0.17128664394907608
21006.0,0.3468613609695989,0.13812604904460313,0.5150125899857979
21277.0,0.053149742932384926,0.24666398797724703,0.700186269090368
20795.0,0.7362254316788038,0.1879157039883237,0.07585886433287263
20020.0,0.054041516852671154,0.26794764795295417,0.6780108351943748
20520.0,0.21186575303865626,0.7509841199594678,0.037150127001875984
20263.0,0.016243586439558175,0.007321327908131298,0.9764350856523104
20083.0,0.4686252259804478,0.2874402605929205,0.24393451342663178
20860.0,0.2651018808370345,0.1370309209386002,0.5978671982243654
20591.0,0.3553850559445121,0.5266990586240079,0.11791588543147992
20320.0,0.014025571783779615,0.43646744618351907,0.5495069820327013
21065.0,0.7246287498615148,0.23056808403796727,0.04480316610051784
21338.0,0.14371546344237907,0.12871815314753804,0.7275663834100831
21539.0,0.815322255395357,0.07069108712487493,0.11398665747976815
20642.0,0.3878249829964998,0.1066656482317779,0.5055093687717224
20397.0,0.1507827334395309,0.5118400352561706,0.3373772313042985
20158.0,0.39686767911779935,0.1134226947211314,0.48970962616106917
20913.0,0.827924910103848,0.14640288189940304,0.025672207996749012
21399.0,0.644848905852146,0.31053702327834176,0.04461407086951231
21124.0,0.001967267001324796,0.1475788303267866,0.8504539026718887
21742.0,0.38271374741426845,0.546594677508132,0.0706915750775995
21184.0,0.1265665325120413,0.16796357603573359,0.7054698914522252
21459.0,0.2840303248349437,0.17358703652815324,0.5423826386369031
20981.0,0.0028749484410948013,0.0832924012196082,0.9138326503392971
20218.0,0.5277521645571218,0.27971704651140145,0.19253078893147682
20457.0,0.1413989573589117,0.14235806487740923,0.7162429777636792
20710.0,0.5001910299859019,0.4290638160016723,0.07074515401242576
21674.0,0.879003493762452,0.10030965329078961,0.020686852946758347
21278.0,0.1547418733517185,0.2753473966102437,0.5699107300380376
21005.0,0.2192759092699139,0.6840577858709704,0.0966663048591156
20260.0,0.07550824476189195,0.8017903689088535,0.1227013863292546
20523.0,0.8397413464716084,0.1289558225930101,0.03130283093538157
20023.0,0.6876142122371973,0.251141197326026,0.061244590436776596
20792.0,0.09265913785866299,0.05544720919346437,0.8518936529478728
21607.0,0.011010357249093718,0.058619599860153686,0.9303700428907526
21538.0,0.4675693059876019,0.1328878432308116,0.3995428507815866
20861.0,0.7638234029940201,0.21359648275386342,0.022580114252116448
20082.0,0.2681571437519725,0.28840978242310195,0.44343307382492547
20321.0,0.5727669145256041,0.21335225080499648,0.21388083466939944
20590.0,0.030102106284096184,0.04857688940967473,0.921321004306229
21064.0,0.7027959140151165,0.2723979279798518,0.0248061580050317
21339.0,0.4596210792098818,0.21128051345196844,0.32909840733814977
21743.0,0.13209610866496405,0.21449535591879523,0.6534085354162408
20396.0,6.239713497014406E-4,0.23536871894993094,0.7640073097003676
20643.0,0.022121395660366944,0.45915897200380634,0.5187196323358266
20159.0,0.763866724099642,0.21693081158969377,0.019202464310664406
20912.0,0.7016860982006871,0.17829313094903446,0.12002077085027846
21398.0,0.03070386295354816,0.4174777385390158,0.551818398507436
21125.0,0.5138372440954502,0.3831101458050252,0.1030526100995246
21675.0,0.8048233605869962,0.10252902458774717,0.09264761482525656
21185.0,0.04006216629477274,0.1453087288784737,0.8146291048267535
21458.0,0.0060410702998516105,0.03708841921868203,0.9568705104814664
20980.0,0.07496371890822172,0.06121796955905309,0.8638183115327253
20219.0,0.006873133931029179,0.019278648049986594,0.9738482180189844
20456.0,0.031171956694476338,0.5853900248807659,0.3834380184247578
20711.0,0.025236647769809915,0.4226868836997877,0.5520764685304025
21606.0,0.3772872744349326,0.2601144008152224,0.36259832474984494
21279.0,0.004901730685795615,0.4590974165079726,0.5360008528062318
21004.0,0.33350214784233106,0.5535215579155713,0.11297629424209753
20261.0,0.04950678274360445,0.01655127687417838,0.933941940382217
20522.0,0.58483726318082,0.37366653701243113,0.04149619980674892
20022.0,0.5212730669985425,0.13949662104604954,0.33923031195540804
20793.0,0.20254175450686682,0.20395004967573224,0.5935081958174009
20008.0,0.046000989198519235,0.026299275750624716,0.9276997350508561
20775.0,0.31418930199919576,0.5865271705183215,0.09928352748248288
20532.0,0.0035256874211573386,0.04772170531518499,0.9487526072636577
20283.0,0.0015015189395886966,0.013893862105601973,0.9846046189548093
21010.0,0.055618139165716216,0.191337237078804,0.7530446237554798
21249.0,0.010775647779326726,0.01346956350874084,0.9757547887119324
21624.0,0.25692316009116467,0.15538848898747135,0.587688350921364
20729.0,0.2830222171991048,0.644796550163465,0.07218123263743016
20470.0,0.27311449011808925,0.6670868438770461,0.059798666004864824
20970.0,0.03468452861536444,0.08176626507636274,0.8835492063082728
20197.0,0.7033659222941911,0.14413740407386624,0.1524966736319426
21452.0,0.7796989822687618,0.20178685626150408,0.018514161469734114
21215.0,0.4875346318448078,0.4124046817404495,0.1000606864147428
21685.0,0.3465334431474167,0.2816731705319551,0.37179338632062814
21147.0,0.004026390601619575,0.01890163058495716,0.9770719788134231
21384.0,0.35994303643505543,0.3959272780884277,0.2441296854765168
20129.0,0.06218688724027688,0.45342034869489634,0.4843927640648268
20910.0,0.16139523968108352,0.21808262331968412,0.6205221369992323
20669.0,0.3584375404303036,0.1617417990283646,0.47982066054133177
20402.0,0.7597541604044082,0.2202224106650344,0.020023428930557505
21745.0,0.5293033490566392,0.1715957127274444,0.2991009382159165
21317.0,0.01668796753203403,0.17421112057475593,0.8091009118932101
21078.0,0.3499589879013233,0.18489708838563648,0.46514392371304025
20351.0,0.35100665729286,0.3650091760334953,0.2839841666736446
20592.0,0.7302242391370389,0.17387743090836033,0.09589832995460072
20076.0,0.18890598437152237,0.5974082589244248,0.2136857567040526
20835.0,0.4533140604455443,0.3441292972333501,0.2025566423211055
21564.0,0.7417461080550459,0.23477028378789194,0.023483608157062293
21625.0,0.2849150923449234,0.5481779773717863,0.16690693028329037
20774.0,0.45861190127504486,0.42198796104250563,0.11940013768244948
20009.0,0.023295717607135433,0.08426965624222738,0.8924346261506372
20533.0,0.361435850575102,0.2902679554385683,0.34829619398632955
20282.0,0.14558259236723567,0.7236579964319414,0.13075941120082296
21011.0,0.4380854906529523,0.3749914060238954,0.1869231033231523
21248.0,0.47681322185057623,0.15899013728894176,0.364196640860482
21684.0,0.44038694694965896,0.18570202795138735,0.37391102509895363
20728.0,0.8244312331890469,0.11574175007329032,0.05982701673766287
20471.0,0.4634690128831583,0.23004622949558987,0.30648475762125177
20196.0,0.879003493762452,0.10030965329078961,0.020686852946758347
20971.0,0.061223516332558715,0.048000154139854485,0.8907763295275867
21453.0,0.032040067971920376,0.2816460710089593,0.6863138610191204
21214.0,0.5071568247173147,0.43447307448225597,0.05837010080042933
21744.0,0.3644673379349811,0.5790920983672034,0.056440563697815395
21146.0,0.15227689588009752,0.04514777613967025,0.8025753279802322
21385.0,0.04100567966313943,0.06938324523538307,0.8896110751014774
20128.0,0.12503392541997274,0.075049484426964,0.7999165901530633
20911.0,0.0516035495357775,0.3224256462444399,0.6259708042197827
20668.0,0.1759537155120361,0.19011813640449,0.6339281480834739
20403.0,0.0028928806471342056,0.05625479140306985,0.940852327949796
21565.0,0.4112296306033767,0.16023609024856306,0.4285342791480602
21316.0,0.025875842497039832,0.12090385981685112,0.853220297686109
21079.0,0.10724913666425848,0.6661348095938496,0.22661605374189187
20593.0,0.4513022395833254,0.43911702632968513,0.1095807340869893
20350.0,0.2925053996539909,0.43970867818544473,0.2677859221605643
20834.0,0.1478477476052292,0.38614444941735054,0.4660078029774204
20077.0,0.7859647065176191,0.19894816437880694,0.015087129103574006
20281.0,0.2917285567622625,0.30088051790602083,0.4073909253317167
20534.0,0.07522341888748196,0.05206686293062719,0.8727097181818908
20773.0,0.2883851302872485,0.4331019815536296,0.278512888159122
20010.0,0.3329616941444027,0.05976209723097125,0.607276208624626
21251.0,0.29077607755813395,0.6217420080306479,0.08748191441121808
21008.0,0.6638263006647072,0.21047091781530505,0.1257027815199877
21626.0,0.5347779438786594,0.22640834146252975,0.23881371465881077
20199.0,0.17117938390017087,0.7304831462781056,0.09833746982172352
20968.0,0.028807597550967512,0.014835072820225568,0.9563573296288069
20468.0,0.7796989822687618,0.20178685626150408,0.018514161469734114
20731.0,0.44934432442626004,0.45235114624151845,0.09830452933222145
21213.0,0.08272960482317586,0.047348038416295854,0.8699223567605282
21454.0,0.028260094344908986,0.1908122095239338,0.7809276961311572
21687.0,0.09040111081103716,0.06746191638154721,0.8421369728074156
21386.0,0.7154870830206014,0.2520737101270887,0.032439206852309846
21145.0,0.21853144997185348,0.4712977879139651,0.31017076211418143
20400.0,0.3656141193118847,0.28556869828960185,0.34881718239851345
20671.0,0.482023138129184,0.46985270993137174,0.048124151939444235
20908.0,0.34710519323345784,0.08011610032069642,0.5727787064458456
20131.0,0.6626769231039235,0.3086523015624437,0.028670775333632815
21747.0,0.7769978195168032,0.2056022236089593,0.017399956874237576
21076.0,0.59949599882043,0.22053433032335576,0.1799696708562143
21319.0,0.09338441017425127,0.7463865940940693,0.1602289957316795
20833.0,0.14738654672292176,0.750781227022869,0.10183222625420933
20078.0,0.12639348579353768,0.07089312329811547,0.802713390908347
20594.0,0.7597541604044082,0.2202224106650344,0.020023428930557505
20349.0,0.7657180558836358,0.18285689935510754,0.05142504476125655
21566.0,0.8168735568983863,0.13589080004318088,0.04723564305843299
21627.0,0.024413195223668614,0.0336639629973979,0.9419228417789336
20280.0,0.4155317840646338,0.4935164301048418,0.09095178583052427
20535.0,0.6248862284281784,0.3304022292206384,0.04471154235118308
20011.0,0.006826992034438415,0.11306155408590611,0.8801114538796555
20772.0,0.5276065841671433,0.30312011107309433,0.16927330475976238
21250.0,0.7769978195168032,0.2056022236089593,0.017399956874237576
21009.0,0.44266830824014286,0.47693342825959256,0.08039826350026467
21686.0,0.4998337372032123,0.21790459728178707,0.2822616655150008
20969.0,0.4615155214172415,0.44714642353483264,0.09133805504792572
20198.0,0.0034535712063605804,0.03570541034483969,0.9608410184487998
20469.0,0.171504467032998,0.1062938103281729,0.722201722638829
20730.0,0.10775512820136732,0.33039014953134155,0.5618547222672913
21212.0,0.2561134624789861,0.3482366434311041,0.39564989408990997
21455.0,0.5623732367831028,0.16198516287364675,0.2756416003432505
21746.0,0.042340651343650726,0.6945609653649484,0.2630983832914009
21387.0,0.02809621887034029,0.2437198048420012,0.7281839762876584
21144.0,0.3199733468110861,0.5913221674244876,0.0887044857644262
20401.0,0.03569041506758464,0.5420967351731707,0.4222128497592447
20670.0,0.04501294175963403,0.17657293571308416,0.7784141225272817
20909.0,0.14721911264233897,0.12243731773249118,0.7303435696251697
20130.0,0.013354617354811431,0.1363747187660716,0.8502706638791171
21567.0,0.4865551238255324,0.4782993117667625,0.03514556440770521
21077.0,0.6335319293594025,0.16714131774634663,0.1993267528942509
21318.0,0.06160722038949989,0.32414220709009733,0.6142505725204028
20832.0,0.0021893854872400893,0.09635180721914535,0.9014588072936146
20079.0,0.8267770540791805,0.14646910317941422,0.02675384274140527
20595.0,0.012064311264055091,0.03731231147463592,0.9506233772613091
20348.0,0.031069590806086338,0.15193632042276925,0.8169940887711443
21448.0,0.01966441903498332,0.03334138486783646,0.9469941960971804
21211.0,0.5842826996266466,0.2037428440385841,0.21197445633476947
20466.0,0.7829906833268883,0.2018448558003673,0.015164460872744527
20733.0,0.021744404309785643,0.19024432331201568,0.7880112723781987
20974.0,0.2998914293488012,0.19875129318848686,0.5013572774627119
20193.0,0.25708804293664833,0.430329114827016,0.31258284223633553
21681.0,0.560365021748684,0.29507738390208665,0.1445575943492292
21014.0,0.7597541604044082,0.2202224106650344,0.020023428930557505
21253.0,0.16834135348385695,0.6833974017964876,0.14826124471965552
20012.0,0.08216321191857881,0.0642557474630239,0.8535810406183972
20771.0,0.6248862284281784,0.3304022292206384,0.04471154235118308
20287.0,0.38516669475371995,0.5556784308355195,0.05915487441076034
20528.0,0.02053287351063206,0.03892774626816339,0.9405393802212044
21628.0,0.1360780501569228,0.7387151407173522,0.1252068091257251
20596.0,0.01866280988626818,0.05722828438253562,0.9241089057311963
20347.0,0.7349846425324171,0.22449373489687444,0.040521622570708356
20839.0,0.44268832034817096,0.4766017778891534,0.08070990176267545
20072.0,0.06747911714156773,0.04025664223703916,0.8922642406213932
21313.0,0.6490653988360223,0.31922543465853587,0.03170916650544171
21074.0,0.03169627278842312,0.27555084929054546,0.6927528779210316
21560.0,0.012407192142039593,0.22187388577807,0.7657189220798903
20133.0,0.12473424844311073,0.13023430589039064,0.7450314456664986
20906.0,0.05055673548062465,0.16108026920930418,0.788362995310071
20665.0,0.7229987025064418,0.2467870927921603,0.03021420470139796
20406.0,0.48755578285825873,0.37404258554806097,0.13840163159368027
21151.0,0.051753893201483145,0.10798730519007048,0.8402588016084465
21388.0,0.43646912462452386,0.3614977753366401,0.20203310003883604
21749.0,0.03276110914020483,0.4014338443137164,0.5658050465460788
21680.0,4.585210742172703E-4,0.013079942529098812,0.986461536396684
21449.0,0.40278607783929543,0.043106906141936734,0.5541070160187679
