21609.0,0.26698796166704536,0.08756049476930353,0.6454515435636512
20790.0,0.3154511338709674,0.0989871395186698,0.5855617266103628
20025.0,0.13331551853782347,0.8585932121903577,0.0080912692718188
20517.0,0.8158325567302557,0.16872962553079862,0.015437817738945646
20266.0,0.852103957950997,0.1450192284176257,0.0028768136313773516
20995.0,0.02563368988246207,0.21692942116193636,0.7574368889556016
21264.0,0.8499388127132943,0.12868953040524395,0.021371656881461868
21668.0,0.08293684076087281,0.086653994966512,0.8304091642726151
20455.0,0.4944494744917482,0.488376574389178,0.01717395111907382
20712.0,0.3248481944138316,0.6506304309366058,0.024521374649562565
20987.0,0.1537591416341198,0.04488377206811962,0.8013570862977607
20212.0,0.8486352715764115,0.051467180348472384,0.09989754807511626
21469.0,0.8269092613143799,0.07682641483277221,0.09626432385284779
21198.0,0.5610376300217544,0.4201935171895038,0.018768852788741828
21728.0,0.5636197829647183,0.02957494879826224,0.40680526823701946
21130.0,0.01716791335725316,0.781752302721121,0.20107978392162593
21401.0,0.36769824149146585,0.04574466042298761,0.5865570980855465
20144.0,0.043272091440094244,0.29113810999022277,0.6655897985696829
20927.0,0.24159294046027438,0.22572666672275243,0.5326803928169732
20387.0,0.6490736830183655,0.32473901521762144,0.02618730176401306
20652.0,0.677329890926952,0.28978558334229937,0.032884525730748536
21549.0,0.6995633389251543,0.2866998034012307,0.013736857673614883
21332.0,0.37048812856089497,0.26624137285298827,0.3632704985861168
21063.0,8.126062209806357E-4,0.06322769747279054,0.9359596963062288
20577.0,0.11185411844075127,0.10339947556973644,0.7847464059895123
20334.0,0.0027014659221756294,0.09174376367207107,0.9055547704057534
20850.0,0.4114616742509445,0.04557569120235321,0.5429626345467022
20093.0,0.01862070012400621,0.3097790935152171,0.6716002063607767
20024.0,0.005439415142316261,0.16115168707057562,0.833408897787108
20791.0,0.6304864565694593,0.3542534728864752,0.015260070544065592
20267.0,0.4052176743743846,0.35851219937714357,0.23627012624847182
20516.0,0.006693798153241518,0.12339354430004063,0.8699126575467178
20994.0,0.0024765885714442145,0.38291637321374117,0.6146070382148145
21265.0,0.006964937640812502,0.2605521145423324,0.7324829478168552
21608.0,0.466127636011256,0.4672667972662638,0.06660556672248005
20713.0,0.4147859148766814,0.1088730066950391,0.47634107842827944
20454.0,0.617719724999855,0.35536825303126623,0.02691202196887888
20986.0,0.8870042716790781,0.11187891428534409,0.0011168140355776969
20213.0,0.02195106796726805,0.6045934276188363,0.3734555044138957
21468.0,0.03519347938443689,0.1529975630711271,0.8118089575444359
21199.0,0.16482535784467842,0.08681295442648414,0.7483616877288374
21669.0,0.002381639620311796,0.16691985358326633,0.8306985067964218
21131.0,0.0038238961704985127,0.12449193257233149,0.87168417125717
21400.0,0.27752740862621067,0.7093307613193134,0.013141830054475955
20926.0,2.3071450820314368E-4,0.03785245233117654,0.9619168331606203
20145.0,0.006443015889297944,0.7781606820286013,0.21539630208210084
20386.0,0.6671995802568292,0.30552995963812385,0.027270460105046804
20653.0,0.0011118232211529905,0.16715008157519523,0.8317380952036517
21729.0,0.7186953902714488,0.25659939337430687,0.024705216354244327
21333.0,0.24197961371099094,0.1246541040150019,0.6333662822740072
21062.0,0.681368296622645,0.23751968127359155,0.08111202210376332
20576.0,0.3101573604635104,0.11735780573958637,0.5724848337969033
20335.0,0.1047840955367632,0.21281648456573857,0.6823994198974982
20092.0,0.5435323955289886,0.43282995993664486,0.023637644534366554
20851.0,0.6334749484602992,0.30954588116145265,0.05697917037824816
21548.0,0.37815349480186894,0.3062739710113756,0.3155725341867556
21611.0,0.7925410172885258,0.1085985302151894,0.09886045249628486
20519.0,0.301258498617974,0.1753856543610101,0.5233558470210159
20264.0,0.9124627246234075,0.08482601546529166,0.002711259911300817
20788.0,0.13102010300364553,0.7955427425374889,0.07343715445886553
20027.0,0.8855573069005637,0.09926181208232931,0.015180881017106981
21266.0,0.23464565152188868,0.7507176958428722,0.014636652635239255
20993.0,0.666249854910016,0.22152244003484772,0.11222770505513617
21670.0,0.5066760483704258,0.02567110245145931,0.46765284917811495
20214.0,0.015928667120785167,0.14541038943617418,0.8386609434430405
20985.0,0.11686603479859217,0.6583021851823918,0.2248317800190161
20453.0,0.040053685710537565,0.18519636477401266,0.7747499495154496
20714.0,0.14534598760917047,0.15579214759526572,0.6988618647955639
21196.0,0.5608242890482271,0.1432081327596633,0.29596757819210967
21471.0,0.38051975397698584,0.14437239541581223,0.47510785060720184
21730.0,0.00783846099722414,0.708648651776654,0.28351288722612183
21403.0,0.4187625710689421,0.15914996716614038,0.4220874617649176
21128.0,0.07428032951784794,0.5528915105042294,0.3728281599779227
20385.0,0.7983209791187394,0.19215923812654517,0.009519782754715473
20654.0,0.6844386242004873,0.29090034967350037,0.02466102612601229
20146.0,0.30298378154038125,0.20893210157301775,0.488084116886601
20925.0,0.8783567456334272,0.1177427103078797,0.003900544058693094
21551.0,0.03509185438375024,0.015843587258716155,0.9490645583575336
21061.0,0.06071578286529681,0.08858754658162007,0.8506966705530831
21334.0,0.5395061809625016,0.15387788401479005,0.3066159350227083
20848.0,0.7840466578096018,0.14235412926450264,0.07359921292589572
20095.0,0.8563078972178171,0.1159292744027119,0.027762828379470982
20332.0,4.180168642497496E-4,0.06413843159673639,0.9354435515390138
20579.0,0.09720815245610102,0.06441098166006037,0.8383808658838386
20265.0,0.006562477067300123,0.06059720244695183,0.932840320485748
20518.0,0.9097514462434514,0.08581943985497305,0.004429113901575563
20026.0,0.5459821238007866,0.06606102372867564,0.3879568524705379
20789.0,0.172921704340231,0.45157541455591904,0.37550288110384983
21267.0,0.29928035807361264,0.4781564982337629,0.2225631436926246
20992.0,3.76439729498467E-4,0.1240148105702974,0.8756087497002041
21610.0,0.4057829122055137,0.1407813913963198,0.4534356963981665
20984.0,0.029039736726313346,0.025580231208675985,0.9453800320650108
20215.0,0.0030435233644230827,0.28805432858804597,0.7089021480475309
20452.0,0.5664300998279742,0.3577047528532746,0.07586514731875112
20715.0,0.10874124286432627,0.2405260395547108,0.650732717580963
21197.0,0.14015246370649098,0.821695841748705,0.03815169454480398
21470.0,0.5292964720993529,0.29287753083035784,0.17782599707028934
21671.0,0.03600420760373227,0.8116426683425619,0.15235312405370566
21402.0,0.1851575418920909,0.7741365630627395,0.040705895045169756
21129.0,0.04846084334296041,0.21261303657139588,0.7389261200856437
20384.0,0.01378940526059014,0.1187472317656574,0.8674633629737525
20655.0,0.003480407517322898,0.26334504279063065,0.7331745496920464
20147.0,0.7039989236856611,0.2081605591008273,0.08784051721351148
20924.0,0.04153529650980767,0.017259686587797845,0.9412050169023946
21731.0,0.3245956111958209,0.23041194001951024,0.4449924487846687
21060.0,0.0024645297168030783,0.07568986726205455,0.9218456030211425
21335.0,0.7205491456958054,0.04516071755181431,0.23429013675238017
20094.0,0.00331472524990226,0.027753558247743258,0.9689317165023544
20849.0,0.8406394434182255,0.12424204211274517,0.03511851446902942
20578.0,0.2598628532005328,0.6924744541228565,0.04766269267661081
20333.0,0.6370049659340977,0.206971278248927,0.15602375581697542
21550.0,0.28661154928525173,0.18450262213352098,0.5288858285812273
21664.0,0.6063108416676397,0.3881546668394907,0.005534491492869639
21465.0,0.0016525650616326924,0.1922579284929246,0.8060895064454427
21194.0,0.017591584976143253,0.2179125392722961,0.7644958757515606
20451.0,0.5851738345680007,0.23467438708543917,0.1801517783465602
20716.0,0.7271250313812072,0.24997862948218258,0.022896339136610246
20208.0,0.08386750774531909,0.5257211948723193,0.3904112973823615
20991.0,0.023385710451101972,0.713665578936812,0.2629487106120861
21613.0,0.6568455695099155,0.29989240757042585,0.043262022919658784
20999.0,0.015222118056634973,0.8600729242971248,0.12470495764624019
21268.0,0.09405009824345359,0.1443683359995125,0.7615815657570338
20029.0,0.008832896607324801,0.021424060283950563,0.9697430431087246
20786.0,0.31061699898940576,0.12692378636888116,0.562459214641713
20270.0,0.05948795744719986,0.0718050759847354,0.8687069665680648
20513.0,0.515401786509232,0.21999416840769667,0.2646040450830713
21545.0,0.6954742312306039,0.2092730134285182,0.09525275534087795
20581.0,0.2785147477999339,0.6482898329375147,0.07319541926255134
20330.0,0.0013371076922224275,0.18856503309440353,0.810097859213374
20089.0,0.6937573475332179,0.1263327899126574,0.1799098625541248
20854.0,0.1488820434621188,0.7000408502060532,0.15107710633182797
21328.0,0.020019191790818007,0.05801354981074624,0.9219672583984357
21059.0,0.7464289791273202,0.23888001183751112,0.0146910090351688
21732.0,0.4835196055960366,0.4886778086935098,0.02780258571045368
20923.0,0.0789343376974128,0.1818086820506838,0.7392569802519035
20148.0,0.0018709537726186991,0.06130472062457174,0.9368243256028096
20648.0,0.2952093206024279,0.07202782317193339,0.6327628562256388
20391.0,0.2251314288868238,0.11665012922882864,0.6582184418843475
21134.0,0.2528745369658432,0.27007711581733274,0.47704834721682393
21405.0,0.10606254399203147,0.04739746993270585,0.8465399860752626
21464.0,0.062073370547352194,0.3333159764161994,0.6046106530364483
21195.0,0.06174196388095383,0.01341890469583892,0.9248391314232072
20717.0,0.11336483432087609,0.8530288974497593,0.03360626822936461
20450.0,0.48828426180336926,0.0982043214887675,0.4135114167078633
20209.0,0.5855274023963984,0.32191073379126334,0.0925618638123382
20990.0,0.42188555432048824,0.49525562343580687,0.08285882224370496
21665.0,0.21575388532161294,0.5348468948928408,0.24939921978554622
20998.0,0.14339758735984195,0.13506141245276598,0.7215410001873922
21269.0,0.5789177467314598,0.08842148838611424,0.33266076488242596
20028.0,0.06555511456821726,0.43638545883345775,0.49805942659832503
20787.0,0.30595351163560935,0.2931666166148449,0.40087987174954576
20271.0,0.12768997743249577,0.08693865261826939,0.7853713699492347
20512.0,0.5094992693837587,0.15620173542233995,0.3342989951939013
21612.0,0.08953554997394116,0.44583356771936866,0.46463088230669036
20580.0,0.0020032914499928337,0.02600370908153176,0.9719929994684754
20331.0,0.017821649695053513,0.06242325036632853,0.919755099938618
20855.0,0.86403738135684,0.1333868749987037,0.0025757436444563513
20088.0,0.4491124150435377,0.12412567567982873,0.4267619092766335
21329.0,0.30898671553808843,0.05709940480542794,0.6339138796564836
21058.0,0.49838799554874336,0.3938099730917871,0.1078020313594695
21544.0,0.8778809816855272,0.11394643421696309,0.008172584097509617
20922.0,0.5351063142240268,0.20229064358806498,0.2626030421879083
20149.0,0.27460866970433734,0.06118712964272514,0.6642042006529376
20649.0,0.018726168276364134,0.028001549584385534,0.9532722821392503
20390.0,0.88105043919305,0.09193485135637816,0.027014709450571932
21135.0,0.08457933288096092,0.12221932287717714,0.793201344241862
21404.0,0.0023313406746943324,0.2314360964488863,0.7662325628764195
21733.0,0.003121694836921235,0.05296225436502965,0.9439160507980492
21666.0,0.0825033219530368,0.24306961886127249,0.6744270591856908
21192.0,0.21977863239235357,0.16827546766272902,0.6119458999449173
21467.0,0.0012130101364481501,0.17483063976899058,0.8239563500945613
20989.0,0.08599189259911764,0.8659226353810104,0.04808547201987195
20210.0,0.08060289498161731,0.010479113610788177,0.9089179914075944
20718.0,0.006627652538866629,0.008270450702946974,0.9851018967581864
20449.0,0.029662484583236177,0.04489000872645138,0.9254475066903125
21615.0,0.12200971421484433,0.8284553874160452,0.049534898369110555
21270.0,0.6989769556899709,0.24809517768836956,0.0529278666216595
20997.0,0.04096379630524686,0.08888351332833073,0.8701526903664224
20515.0,0.0019397835001475987,0.03488348314000963,0.9631767333598429
20268.0,0.8085746791614344,0.15103709099150048,0.04038822984706518
20031.0,0.07904071315560007,0.8402811816116587,0.08067810523274142
20784.0,0.09047621654155517,0.7740654024423064,0.13545838101613847
21547.0,0.2263064589665148,0.10681489738155578,0.6668786436519295
20091.0,0.11462257586976612,0.15137464726079766,0.7340027768694362
20852.0,0.20047562672351113,0.08257510423811869,0.7169492690383702
20328.0,0.7627226078053561,0.2174345394819652,0.01984285271267875
20583.0,0.22320285765614073,0.07179244106282778,0.7050047012810317
21057.0,0.722866335833391,0.2073101473514208,0.06982351681518813
21330.0,0.7213435786689498,0.2553775439031071,0.02327887742794307
21734.0,0.041579082578894186,0.34141975863238533,0.6170011587887204
20650.0,0.7008761757051909,0.17643336408830892,0.12269046020650005
20389.0,0.36406511991311097,0.6305577556233979,0.005377124463491197
20150.0,0.3316561341687958,0.6348261605495427,0.03351770528166148
20921.0,0.1519522810562033,0.8240800949980699,0.023967623945726838
21407.0,0.020416684416244724,0.3388581791358565,0.6407251364478989
21132.0,0.005670494686584868,0.27792917142934453,0.7164003338840707
21193.0,0.03993031081425406,0.41926867335224133,0.5408010158335047
21466.0,0.20814753843647496,0.07789165988535598,0.7139608016781692
20211.0,0.0014850718447570318,0.18428182854557593,0.8142330996096669
20988.0,0.014641847641220328,0.05236654103040081,0.9329916113283788
20719.0,0.02694376338992905,0.032542912230414715,0.9405133243796562
20448.0,0.028099627224315752,0.24288167572990044,0.7290186970457837
21667.0,0.05103172773300176,0.09091857868136065,0.8580496935856375
21271.0,0.750205250634317,0.24277579730255763,0.0070189520631252465
20996.0,0.8254116607858911,0.12270703217006096,0.05188130704404785
20514.0,0.7678275920898713,0.22333212157105883,0.008840286339069943
20269.0,0.02155694273006835,0.016182778596386952,0.9622602786735446
20030.0,0.017172931838680197,0.677064265975837,0.3057628021854828
20785.0,0.43238475330296844,0.18347911465139377,0.3841361320456379
21614.0,0.013894561844457259,0.09595692015934884,0.8901485179961939
20853.0,0.12120652468817911,0.3732412753868106,0.5055521999250103
20090.0,0.39881126875692197,0.4944753668730931,0.10671336436998499
20582.0,0.13634400868901492,0.49560716648164194,0.36804882482934315
20329.0,0.03569209360236706,0.7887878968288016,0.17552000956883146
21056.0,0.0636055444960204,0.8538691539408886,0.082525301563091
21331.0,0.5606443331939835,0.42102543651341456,0.018330230292601977
21546.0,0.2846256919304243,0.04516560381298464,0.6702087042565911
20388.0,0.8732872735298035,0.1258404957661903,8.722307040061848E-4
20651.0,0.06421023174647487,0.727145014246804,0.20864475400672122
20151.0,0.005167216475901108,0.025560760098553695,0.9692720234255452
20920.0,0.1749302743222083,0.7267170998493862,0.09835262582840558
21406.0,0.04902736793288618,0.21699074983451247,0.7339818822326014
21133.0,0.8024434304504847,0.18793757318957116,0.009618996359944119
21735.0,0.3483292697544233,0.3413989293733785,0.3102718008721982
21122.0,0.21407470855406208,0.118188232313778,0.66773705913216
21393.0,0.08113398202039908,0.012557403093075886,0.906308614886525
20152.0,0.6004101921206033,0.3403513387418981,0.059238469137498605
20919.0,0.8450959341160383,0.15359720079771655,0.0013068650862452032
20644.0,0.049937909726308204,0.19140882923615896,0.7586532610375328
20395.0,0.509485063024223,0.040231010381559934,0.45028392659421684
21736.0,0.0047924241916451745,0.735998420335437,0.2592091554729177
21340.0,0.42716030035565156,0.1746967891021555,0.3981429105421929
21071.0,0.1537685199612987,0.1298825503452475,0.7163489296934538
20585.0,0.5533434431876825,0.3475089632711458,0.09914759354117175
20326.0,0.009426426908306671,0.02348252587567976,0.9670910472160135
20858.0,0.14857615971788293,0.6310996828573299,0.22032415742478703
20085.0,0.2624624190400426,0.04430904284646635,0.693228538113491
21541.0,0.029259614570584083,0.14416956554097385,0.8265708198884422
20798.0,0.11672842893378588,0.8288969662998091,0.054374604766404926
20017.0,0.7169048115013459,0.2803951317918168,0.0027000567068374954
20258.0,0.028395725462563616,0.9416809977687208,0.029923276768715503
20525.0,0.7385536634821231,0.1021301880598968,0.15931614845798
21003.0,0.5750030934721566,0.18197778457413463,0.24301912195370884
21272.0,0.035227271803563685,0.16153643543493043,0.803236292761506
21601.0,0.24439878201399284,0.09194728602583002,0.6636539319601771
20704.0,0.19379229916428403,0.04209079700118609,0.7641169038345299
20463.0,0.13762557292973437,0.07667236060622269,0.7857020664640428
20220.0,0.08572127821844217,0.0875846792420155,0.8266940425395423
20979.0,0.052522748565110536,0.040981911045071505,0.9064953403898179
21461.0,0.028681846732521103,0.05774614368173723,0.9135720095857417
21190.0,0.03265194908674238,0.326833746440124,0.6405143044731337
21676.0,0.06121400911464535,0.7991473876713093,0.13963860321404545
21737.0,0.37504277569408473,0.10691286806641932,0.5180443562394961
21123.0,0.20736867001862064,0.07981817932583374,0.7128131506555456
21392.0,0.0026658061368329375,0.036961239386303954,0.960372954476863
20918.0,0.3111789448780593,0.259281192359538,0.42953986276240264
20153.0,0.057880435279670725,0.11018302190054323,0.8319365428197861
20645.0,0.04771662704760065,0.21505308820440805,0.7372302847479913
20394.0,0.49578696316659654,0.3790126024081056,0.12520043442529805
21540.0,0.46853793286867285,0.1357528325117296,0.3957092346195974
21341.0,0.33286838674753405,0.09363678720652122,0.5734948260459447
21070.0,0.056529035962976745,0.6588292467774405,0.28464171725958265
20584.0,0.2409139086491414,0.2940987666349556,0.46498732471590304
20327.0,0.5586779245237932,0.38029576585589553,0.06102630962031134
20084.0,0.5225308462335626,0.4637220524334969,0.013747101332940397
20859.0,0.004168387121180001,0.20376349112732572,0.7920681217514943
21600.0,0.10170973510073153,0.6918482727422374,0.20644199215703118
20016.0,0.19326340307135748,0.600738276473062,0.20599832045558059
20799.0,0.8633460749092845,0.12967956681890078,0.006974358271814653
20259.0,0.0072997369794190695,0.09889727288797817,0.8938029901326028
20524.0,0.15226445592846768,0.028016311768884073,0.8197192323026482
21002.0,0.21826154960753882,0.16969659669072676,0.6120418537017345
21273.0,0.09865421020035751,0.8481063056520143,0.05323948414762816
21677.0,0.02915854081058758,0.44347139387528595,0.5273700653141266
20705.0,0.004156304750685895,0.3173749509642854,0.6784687442850288
20462.0,0.03932400089029135,0.07706615642537404,0.8836098426843346
20221.0,0.31801637554785195,0.5869183949461857,0.09506522950596241
20978.0,0.03821123494215536,0.1397561745581891,0.8220325904996555
21460.0,0.8257927206846335,0.17147928427356557,0.002727995041801088
21191.0,0.404002380495657,0.27744798052635156,0.3185496389779915
21395.0,0.22351371205492654,0.6783050498579707,0.09818123808710273
21120.0,0.2869137920823171,0.26214437728513146,0.4509418306325514
20646.0,0.8491192287293529,0.1425147757272901,0.008365995543356885
20393.0,0.2525809239710171,0.6852760176951098,0.06214305833387296
20154.0,0.8024854529284486,0.19032452224893973,0.00719002482261155
20917.0,0.04308477127174374,0.054702702815289175,0.9022125259129671
21738.0,0.7835289842533819,0.20821586824136998,0.008255147505248238
21069.0,0.8309731348907883,0.16594026164116038,0.0030866034680513466
21342.0,0.4710361701442328,0.24153082416628058,0.28743300568948665
20087.0,0.13643586152974777,0.4163679311765243,0.44719620729372805
20856.0,0.3494834572063962,0.03406777377699511,0.6164487690166087
20324.0,0.7697909716730085,0.06026844566044011,0.16994058266655146
20587.0,0.010441175932449318,0.254969968455525,0.7345888556120256
21543.0,0.8353369051780735,0.162118046382407,0.0025450484395194467
20527.0,0.7756626626013566,0.05277613955276455,0.17156119784587887
20256.0,0.7020251786022934,0.2165647745238822,0.08141004687382442
20019.0,0.014429797070063016,0.088202361049856,0.8973678418800811
20796.0,0.007933453596874815,0.14506939638236102,0.8469971500207643
21274.0,0.0026509371950290466,0.9037665695568923,0.09358249324807857
21001.0,0.2004318306950536,0.16974188756673536,0.629826281738211
21603.0,0.4401242531908505,0.524503433634576,0.03537231317457339
20977.0,0.083858676070478,0.10444395209762335,0.8116973718318987
20222.0,0.06057838207012508,0.03482408810208465,0.9045975298277902
20706.0,0.17843301963136748,0.18146143852772015,0.6401055418409125
20461.0,0.04572834841729092,0.2579694409540628,0.6963022106286462
21188.0,0.06058698532445789,0.10477885042333787,0.8346341642522042
21463.0,0.12461958578330316,0.7450047527989192,0.1303756614177777
21678.0,0.07350496225281945,0.8176600880001021,0.10883494974707836
21739.0,0.7993782182319767,0.18746282901072764,0.013158952757295604
21394.0,0.4946778662636702,0.46183433359812,0.04348780013820987
21121.0,0.4018156819786834,0.5351438023888302,0.06304051563248647
20647.0,0.001137839640623411,0.10953875252971501,0.8893234078296616
20392.0,0.008610772085177649,0.5518386517489182,0.43955057616590404
20155.0,0.8324493296795571,0.1539193430587781,0.013631327261664859
20916.0,0.0590204554342758,0.06473838962914964,0.8762411549365746
21542.0,0.5569056434420103,0.06777712784986725,0.3753172287081224
21068.0,0.14574525706606664,0.2118251264707449,0.6424296164631886
21343.0,0.11762422809608666,0.2234200847636512,0.6589556871402623
20857.0,0.5935748919183406,0.1777801785291072,0.22864492955255217
20086.0,0.8811840342567584,0.11715348795390779,0.0016624777893337918
20325.0,0.04895107388433906,0.17949470639064277,0.7715542197250181
20586.0,0.038590245352048316,0.08110361176422393,0.8803061428837277
21602.0,0.049431376515287034,0.11872914086446487,0.8318394826202481
20257.0,0.6304864565694593,0.3542534728864752,0.015260070544065592
20526.0,0.006379226500936613,0.14351219503912274,0.8501085784599406
20018.0,0.8753414827389201,0.122464871875995,0.002193645385084756
20797.0,0.3244859458293982,0.3323957164077917,0.34311833776281014
21275.0,0.02852334855414641,0.04220569439575518,0.9292709570500983
21000.0,0.1408885759683388,0.08385500973498976,0.7752564142966715
21679.0,0.02091594393647082,0.053045138462898225,0.9260389176006311
20976.0,0.1851888513273951,0.10468189824573021,0.7101292504268746
20223.0,0.016551508979950648,0.8493913645394591,0.13405712648059034
20707.0,0.24840726865399404,0.49159759971694367,0.2599951316290623
20460.0,0.27437188908662685,0.23200661673136935,0.4936214941820039
21189.0,0.6948928955472659,0.27921362919001674,0.025893475262717437
21462.0,0.29899115746814725,0.1349224470515223,0.5660863954803305
20589.0,0.847904685423026,0.14322757824515403,0.008867736331819977
20322.0,0.32381363347604186,0.13167754363785697,0.544508822886101
20081.0,0.022973383502489557,0.5384427381333531,0.43858387836415724
20862.0,0.3659468206750209,0.03075654349106017,0.6032966358339188
21336.0,0.3799922593982712,0.22312652766014351,0.39688121294158524
21067.0,0.8638730503352068,0.13316328549489984,0.0029636641698933225
21537.0,0.019969831304944608,0.21756969048567962,0.7624604782093758
20156.0,0.0031871283979681177,0.0850971134187863,0.9117157581832456
20915.0,0.2849147557975706,0.6846538973432968,0.030431346859132635
20640.0,0.011751687917997498,0.8480400956882056,0.14020821639379694
20399.0,0.04042174396343571,0.20221091307675126,0.7573673429598131
21126.0,0.05014775916221929,0.7753286347791325,0.17452360605864803
21397.0,0.10712928594047468,0.03550687594480479,0.8573638381147206
21740.0,0.03204033782825965,0.031021164396646154,0.9369384977750941
21457.0,0.0018295591319010766,0.15609607255003283,0.8420743683180661
21186.0,0.8840600236564903,0.0852055550166782,0.030734421326831546
20459.0,0.17706582176095031,0.34834683958746565,0.474587338651584
20708.0,0.04138320263387572,0.30117713076089764,0.6574396666052265
20983.0,0.3903681780089645,0.17875669915582443,0.4308751228352111
20216.0,0.09376651285445504,0.8245975849433204,0.08163590220222469
21672.0,0.744096289568392,0.24366451056449107,0.012239199867116931
21007.0,0.053631536898600334,0.08513915146893813,0.8612293116324615
21276.0,0.015758917323576885,0.18456564229549982,0.7996754403809234
20794.0,0.12488867924119283,0.12375618292458136,0.7513551378342258
20021.0,0.18115382016161993,0.25954752109031537,0.5592986587480647
20521.0,0.6392186431975226,0.34590412511030677,0.01487723169217063
20262.0,0.008383468901170175,0.10002658243264653,0.8915899486661832
21605.0,0.03608288500760372,0.025334713864042083,0.9385824011283542
21536.0,0.8596490997663173,0.1387471865690497,0.0016037136646330416
20588.0,0.05306108235480342,0.1479663633320711,0.7989725543131255
20323.0,0.429730037968894,0.09825403309676788,0.47201592893433814
20080.0,0.8487891577701915,0.13997124896481147,0.011239593264997077
20863.0,0.0027368325511826002,0.3239431883477826,0.6733199791010348
21337.0,0.040952303521942214,0.024127112773167515,0.9349205837048903
21066.0,0.004801960972309004,0.08214043489101973,0.9130576041366711
21741.0,0.004328293121755999,0.11886753800172414,0.8768041688765199
20157.0,0.8460662428565835,0.045951205135499724,0.1079825520079168
20914.0,0.8485825260862478,0.1492599393664204,0.002157534547331728
20398.0,0.41666526774949086,0.4820392996603744,0.10129543259013479
20641.0,0.045816761440692244,0.09684239733801005,0.8573408412212978
21127.0,0.7300764475223682,0.2072376283036362,0.06268592417399546
21396.0,0.02801144542706554,0.05777921858634384,0.9142093359865906
21673.0,0.22701976726185097,0.25594716226653674,0.5170330704716123
21456.0,0.508698796785667,0.47441846537433663,0.016882737839996505
21187.0,0.015569616916413186,0.04294895190362506,0.9414814311799619
20709.0,0.758073896619496,0.2054695108313405,0.03645659254916356
20458.0,0.6629894177408738,0.0710317658749729,0.26597881638415327
20982.0,0.04133594015472192,0.8625452683156862,0.09611879152959182
20217.0,0.07626476174053336,0.7847779407835153,0.13895729747595126
21604.0,0.4788967443909629,0.2752878965088407,0.2458153591001963
21006.0,0.07460015379870891,0.30234510408676685,0.6230547421145243
21277.0,0.006609710828212972,0.09899138275240883,0.8943989064193781
20795.0,0.8726114083310988,0.11061814026857068,0.016770451400330545
20020.0,0.038013418735876554,0.8471069240346515,0.11487965722947192
20520.0,0.09924112105636827,0.8832997252372854,0.01745915370634639
20263.0,0.06822133049248609,0.03206531164419709,0.899713357863317
20083.0,0.006461021037692578,0.40182562323580584,0.5917133557265015
20860.0,0.01563212082279542,0.09877872510288276,0.8855891540743218
20591.0,0.7775698952132074,0.19716882985321715,0.025261274933575398
20320.0,0.02246941028815153,0.8158010033771544,0.16172958633469398
21065.0,0.71672627945018,0.2724177464418116,0.010855974108008351
21338.0,0.12252944867105284,0.3083115417506244,0.5691590095783228
21539.0,0.8100944679403507,0.07853136864552591,0.11137416341412341
20642.0,0.6698750353576212,0.0719704031607479,0.25815456148163096
20397.0,0.020502428923954763,0.1759225198940802,0.8035750511819651
20158.0,0.4955834374585688,0.14001097508524182,0.3644055874561894
20913.0,0.864925233112939,0.1256987351627121,0.009376031724348914
21399.0,0.7792805930296592,0.2136759353980479,0.007043471572292739
21124.0,1.0036138028608521E-4,0.5058106946941822,0.49408894392553165
21742.0,0.4325006601389544,0.45463999640531816,0.11285934345572746
21184.0,0.21957617242232805,0.41163766165904725,0.36878616591862473
21459.0,0.24886819367979826,0.25425709955847603,0.4968747067617258
20981.0,0.0026549912305473262,0.18609538812304297,0.8112496206464097
20218.0,0.3010185396476457,0.46584040170767554,0.23314105864467877
20457.0,0.05949087533060136,0.12725497306145384,0.8132541516079449
20710.0,0.41983011012580457,0.5320141540013659,0.04815573587282967
21674.0,0.8676336131168977,0.1296267341663694,0.002739652716732866
21278.0,0.7053156834298218,0.11883268778236789,0.17585162878781035
21005.0,0.6542518160877445,0.3207671535439509,0.02498103036830463
20260.0,0.01419425764747172,0.2548375747374847,0.7309681676150436
20523.0,0.6723295498693258,0.2959889532342506,0.03168149689642345
20023.0,0.1605489655657203,0.5320635248694375,0.307387509564842
20792.0,0.8034749490814131,0.036065806163403956,0.16045924475518297
21607.0,0.06021489661234299,0.198110956154257,0.7416741472334
21538.0,0.6521620503091795,0.14304273710834492,0.2047952125824755
20861.0,0.09485659235832666,0.8934265957789499,0.011716811862723338
20082.0,0.24495450243624037,0.1965636866731309,0.5584818108906286
20321.0,0.042727192907586586,0.21096184612096913,0.7463109609714443
20590.0,0.04740138782713491,0.05142593737664273,0.9011726747962223
21064.0,0.8059429103099749,0.18494622721599777,0.00911086247402725
21339.0,0.7388819973719117,0.1600005799141242,0.10111742271396411
21743.0,0.017477267579698252,0.06517272115655123,0.9173500112637506
20396.0,0.001032576242670583,0.5317397518003109,0.46722767195701864
20643.0,0.33432617721036423,0.5803159016974102,0.08535792109222558
20159.0,0.1381285907650603,0.8517841532613873,0.010087255973552443
20912.0,0.09696015648371498,0.33909985523843994,0.5639399882778451
21398.0,0.03231756072302067,0.15173956736050107,0.8159428719164783
21125.0,0.6100728052396073,0.22656177862871368,0.16336541613167896
21675.0,0.7529626676314618,0.10565532508252862,0.14138200728600958
21185.0,0.1547689284370773,0.13821909859308856,0.7070119729698342
21458.0,0.19547214263654036,0.0673277096189579,0.7372001477445017
20980.0,0.013974078519032984,0.11965639640477188,0.8663695250761951
20219.0,0.029558486996424067,0.07766347016035346,0.8927780428432226
20456.0,0.023423918780519033,0.17600813231265974,0.8005679489068211
20711.0,0.09523478512612639,0.22001896554108283,0.6847462493327908
21606.0,0.5975045476582184,0.170993488652749,0.23150196368903278
21279.0,0.004702187875070961,0.8234328352308605,0.17186497689406857
21004.0,0.5477710357000104,0.39412201214208786,0.05810695215790164
20261.0,0.04291248736767779,0.02537435307290882,0.9317131595594134
20522.0,0.042616514140540095,0.942382890849601,0.015000595009858866
20022.0,0.38335812393276714,0.1146159677687751,0.5020259082984577
20793.0,0.19089323620632287,0.07554269687633587,0.7335640669173414
20008.0,0.09354620973732064,0.08096338778395357,0.8254904024787258
20775.0,0.6966767727238248,0.0497650920822045,0.25355813519397064
20532.0,0.0011743886615827076,0.09291686499116326,0.9059087463472539
20283.0,0.41761311373797044,0.02432567342118384,0.5580612128408459
21010.0,0.09755408997749218,0.21880428033459928,0.6836416296879085
21249.0,4.3590766262891807E-4,0.02108779359710773,0.9784762987402634
21624.0,0.4406054319047022,0.44405775994554253,0.11533680814975526
20729.0,0.07645207490042724,0.8768648181071169,0.04668310699245582
20470.0,0.07526837364359848,0.8411560057150641,0.08357562064133744
20970.0,0.019616680663606945,0.08470550003091569,0.8956778193054775
20197.0,0.3716888632188293,0.07068725163890925,0.5576238851422616
21452.0,0.8557863727569119,0.1406011815964018,0.0036124456466861527
21215.0,0.5197912488446089,0.12202297070751575,0.35818578044787525
21685.0,0.06220115800000801,0.3638751837717177,0.5739236582282743
21147.0,4.3189667264236626E-4,0.03522917736000763,0.9643389259673499
21384.0,0.6957180213774606,0.2291265924729575,0.0751553861495819
20129.0,0.07646962020798838,0.8918187007309691,0.031711679061042455
20910.0,0.1377145086949218,0.26884324333348564,0.5934422479715925
20669.0,0.002983083852850789,0.09285613578269446,0.9041607803644547
20402.0,0.8291731929924092,0.16835690572079598,0.0024699012867948652
21745.0,0.6568738448182044,0.11502064775205946,0.22810550742973607
21317.0,0.007700995985701058,0.2377786760063698,0.7545203280079291
21078.0,0.07660305409411204,0.10236670955801443,0.8210302363478735
20351.0,0.10964458889318685,0.30554630930539545,0.5848091018014179
20592.0,0.8086237472072161,0.17048306860073345,0.020893184192050374
20076.0,0.10764845994379908,0.4671588810013747,0.4251926590548261
20835.0,0.6891228089988485,0.2937863771762291,0.017090813824922307
21564.0,0.2608344159105755,0.6647463214186037,0.0744192626708209
21625.0,0.0835039894880359,0.33897587665720563,0.5775201338547584
20774.0,0.021383268556597328,0.8161914108608652,0.16242532058253745
20009.0,0.061868352357318745,0.10743778867913673,0.8306938589635446
20533.0,0.8443644199121373,0.10413160164833918,0.051503978439523534
20282.0,0.045449731191155696,0.19225037725651065,0.7622998915523336
21011.0,0.5087682597027409,0.44094345218946157,0.05028828810779771
21248.0,0.6304103593891998,0.1293621335656399,0.24022750704516047
21684.0,0.7165343392486415,0.23909843926465285,0.044367221486705605
20728.0,0.8402875328066642,0.10978651381935677,0.04992595337397903
20471.0,0.558307114874667,0.08533671864757053,0.35635616647776236
20196.0,0.7636960005147181,0.22744246002128246,0.008861539463999483
20971.0,0.3603558317889886,0.15360331435597308,0.4860408538550384
21453.0,0.039210009477607916,0.20574102632298202,0.7550489641994101
21214.0,0.01589015942613587,0.9412578881958813,0.04285195237798271
21744.0,0.030486133629064324,0.9226844266472576,0.046829439723678146
21146.0,0.233628888621333,0.06652889876338795,0.699842212615279
21385.0,0.11672998927547337,0.07240979138769173,0.8108602193368348
20128.0,0.14082107610866806,0.03397417699323367,0.8252047468980981
20911.0,0.0537372017434065,0.2418694826938422,0.7043933155627514
20668.0,0.1973218933921308,0.21128772895766115,0.591390377650208
20403.0,9.00919860281756E-4,0.03912001824227982,0.9599790618974384
21565.0,0.533229738334924,0.11689159197723749,0.34987866968783843
21316.0,0.19018788991277924,0.21956347051628133,0.5902486395709395
21079.0,0.10917631514609727,0.742998240964469,0.14782544388943367
20593.0,0.18319213561343142,0.7549555533381823,0.061852311048386364
20350.0,0.001868113026760585,0.8922888908948527,0.10584299607838665
20834.0,0.27446896248181746,0.2758373770647407,0.44969366045344195
20077.0,0.06053491309793107,0.9315203096854671,0.007944777216601922
20281.0,0.3430310605951666,0.29602423417957013,0.36094470522526323
20534.0,0.20509634697445964,0.047288782514282396,0.747614870511258
20773.0,0.08646460608392116,0.31512395532120174,0.5984114385948772
20010.0,0.1656854155707953,0.25100815880015004,0.5833064256290548
21251.0,0.14527098317497625,0.14109490958681148,0.7136341072382122
21008.0,0.6892844619829566,0.24008808022420683,0.0706274577928366
21626.0,0.7019594905556574,0.09165480581979049,0.20638570362455214
20199.0,0.017189314841915306,0.9513991535683518,0.03141153158973291
20968.0,0.03734676402134388,0.010955709675902885,0.9516975263027533
20468.0,0.8221170960485658,0.17146318521847395,0.00641971873296027
20731.0,0.09741216297458506,0.8647620813385475,0.037825755686867524
21213.0,0.4345061854322566,0.14727993782648727,0.41821387674125615
21454.0,0.05953251262501963,0.16637371953784189,0.7740937678371385
21687.0,0.1159682641239866,0.35559073955515813,0.5284409963208552
21386.0,0.8288652397252566,0.16557249475931482,0.005562265515428616
21145.0,0.10588586426704238,0.876514446903702,0.017599688829255777
20400.0,0.29986251582421747,0.21042887212234604,0.4897086120534364
20671.0,0.5074799181968892,0.45747313510583204,0.03504694669727873
20908.0,0.030840884069774224,0.09104349177707302,0.8781156241531528
20131.0,0.8793862759910015,0.11128488457233966,0.00932883943665868
21747.0,0.8242317292610993,0.17380798177595813,0.0019602889629426064
21076.0,0.3814453133816778,0.481153101066368,0.1374015855519543
21319.0,0.021379822134652608,0.8255452322978201,0.1530749455675272
20833.0,0.14349556946562725,0.8442315344125761,0.012272896121796715
20078.0,0.024754632089247785,0.1995742052876145,0.7756711626231377
20594.0,0.845347853983959,0.1396967735229522,0.014955372493088976
20349.0,0.6595653593587251,0.30824632996362816,0.032188310677646825
21566.0,0.7167661250829335,0.20037580982459838,0.08285806509246803
21627.0,0.010689357279625004,0.04308349034952032,0.9462271523708546
20280.0,0.6062756516632964,0.3429041717516651,0.050820176585038616
20535.0,0.8063199872095775,0.18906576330152686,0.0046142494888955846
20011.0,2.3250178943959437E-4,0.03382847785430209,0.9659390203562582
20772.0,0.3631351203093733,0.45359454857500187,0.18327033111562493
21250.0,0.8968052238728095,0.09945387414358782,0.003740901983602596
21009.0,0.0595546115087651,0.71036221396624,0.23008317452499485
21686.0,0.01649501640141938,0.06630212592222107,0.9172028576763596
20969.0,0.1133496258304285,0.7127832570546758,0.17386711711489572
20198.0,0.019859423277428165,0.26743022147565193,0.71271035524692
20469.0,0.5322893885999865,0.11250774691335542,0.355202864486658
20730.0,0.008248552658934259,0.044036753916803,0.9477146934242626
21212.0,0.006810355290768258,0.2862101235344267,0.7069795211748051
21455.0,0.8587741184790489,0.1119058052451501,0.029320076275800973
21746.0,0.735001609157043,0.22234189694070736,0.042656493902249536
21387.0,0.010110351500890548,0.0865867080589407,0.9033029404401688
21144.0,0.06703522580027971,0.7094039228219068,0.22356085137781337
20401.0,0.015250857877331716,0.156402849472352,0.8283462926503162
20670.0,0.0384118858333132,0.09527506016508477,0.866313054001602
20909.0,0.00773314642967885,0.09460130614109256,0.8976655474292285
20130.0,0.008790524679072147,0.11265006187164697,0.8785594134492809
21567.0,0.2853219516829309,0.7070583495301314,0.007619698786937751
21077.0,0.47045538445271334,0.09705101553760805,0.4324936000096787
21318.0,0.12584696277045396,0.3314554378524096,0.5426975993771365
20832.0,0.004888981691900627,0.22717012651660848,0.7679408917914908
20079.0,0.6535401913753527,0.3274078732250408,0.019051935399606486
20595.0,0.06127071370669873,0.5371281668101161,0.4016011194831851
20348.0,0.04734566136629753,0.15770896184326294,0.7949453767904395
21448.0,0.005477041883151585,0.05435364062488296,0.9401693174919655
21211.0,0.7917018931391717,0.17467132023088788,0.0336267866299403
20466.0,0.8732872735298035,0.1258404957661903,8.722307040061848E-4
20733.0,0.007090414487183179,0.24505209704743647,0.7478574884653802
20974.0,0.3629613637652925,0.35566224304142113,0.28137639319328633
20193.0,0.17614442311900708,0.18243686694013372,0.6414187099408591
21681.0,0.7614383967794971,0.21641043314429373,0.022151170076209134
21014.0,0.8655913382893999,0.13310057670908187,0.0013080850015182055
21253.0,0.6140935319766361,0.29700095277259864,0.08890551525076539
20012.0,0.3676147213918199,0.04730193544234823,0.585083343165832
20771.0,0.7593357647796896,0.23110680791351287,0.009557427306797445
20287.0,0.40955369547118636,0.573908557564994,0.01653774696381966
20528.0,0.4842572916565365,0.11586674718588835,0.39987596115757496
21628.0,0.022561788458378373,0.6656764727486074,0.31176173879301416
20596.0,0.015647345825164482,0.08584373230183982,0.8985089218729958
20347.0,0.7305989874146108,0.26071789159181974,0.008683120993569406
20839.0,0.5041702512661183,0.47533607467585776,0.020493674058024
20072.0,0.06266481053679464,0.14820927767780642,0.7891259117853989
21313.0,0.8032830275064574,0.19066733958719564,0.006049632906346897
21074.0,0.03118177733303119,0.8102298709620466,0.15858835170492228
21560.0,0.025061264367702524,0.8038309141933695,0.17110782143892797
20133.0,0.0058153403200337,0.1575935928750302,0.836591066804936
20906.0,0.001290392142653993,0.14020942644021667,0.8585001814171295
20665.0,0.8447524704077921,0.15228959190782299,0.0029579376843848764
20406.0,0.11084657910442154,0.7890405087681487,0.10011291212742983
21151.0,0.020637504425857125,0.2661582625131292,0.7132042330610137
21388.0,0.01503237669464168,0.4105003165448553,0.574467306760503
21749.0,0.02702566323397218,0.4155151667379535,0.5574591700280742
