21609.0,0.7322720970927614,0.2631427976720644,0.004585105235174124
20790.0,0.6506697795315229,0.026182193024777124,0.32314802744369997
20025.0,0.9328104587890741,0.06716863343947871,2.090777144719933E-5
20517.0,0.8607386126278015,0.1385703403163317,6.910470558668248E-4
20266.0,0.8829568974051427,0.11701998214369393,2.3120451163325305E-5
20995.0,0.015513428616189213,0.5335369863081428,0.45094958507566785
21264.0,0.945757116359722,0.05420895378173676,3.392985854125492E-5
21668.0,5.427268496262769E-4,0.0025825100344314777,0.9968747631159421
20455.0,0.8907866145206056,0.10915976401710915,5.362146228504728E-5
20712.0,0.8973811653916469,0.10256583584495517,5.2998763397803186E-5
20987.0,3.2775149596014975E-5,7.143023940157758E-8,0.9999671534201645
20212.0,0.211247573674498,4.162180547993602E-8,0.7887523847036966
21469.0,0.9452672149991103,0.049077589413072005,0.005655195587817634
21198.0,0.5173598082360819,0.4818815761381475,7.586156257706553E-4
21728.0,6.931851851056848E-6,1.0366032715156352E-10,0.9999930680444885
21130.0,7.177961050566023E-4,0.3274269952541314,0.6718552086408119
21401.0,0.21525025320346372,0.048594298669021055,0.7361554481275152
20144.0,0.025705454679191678,0.7593710401187709,0.21492350520203746
20927.0,0.04794189528683097,0.3231486357023789,0.6289094690107901
20387.0,0.8626928148204619,0.1372841540335919,2.303114594612475E-5
20652.0,0.14930070469617188,0.355262681893894,0.4954366134099343
21549.0,0.3128223854954213,0.6867367174591281,4.4089704545054864E-4
21332.0,0.7103573026959991,0.28843893081711625,0.001203766486884726
21063.0,4.747047018370955E-10,1.4625659938894176E-5,0.9999853738653565
20577.0,0.3799206838793095,0.5076562914015812,0.11242302471910932
20334.0,2.5227195184264887E-5,0.025148956622865985,0.9748258161819497
20850.0,0.1237350461261784,0.14999910028388128,0.7262658535899404
20093.0,4.726996870222591E-5,0.9916342404497448,0.00831848958155291
20024.0,1.4783061809157134E-6,0.05160776127542643,0.9483907604183928
20791.0,0.2007702428974457,0.7977805185846596,0.0014492385178947363
20267.0,2.8666469411231825E-5,0.001035061438382091,0.9989362720922066
20516.0,8.55923114165273E-7,0.008616450716378697,0.9913826933605071
20994.0,2.631399833950629E-12,1.8429324835609795E-8,0.9999999815680437
21265.0,6.73449413614896E-5,5.896738675742631E-4,0.9993429811910644
21608.0,0.9270622216544427,0.07129676974578653,0.001641008599770785
20713.0,0.03365075359015795,0.03258971501381672,0.9337595313960253
20454.0,0.6557652568278,0.34368501226958653,5.497309026136157E-4
20986.0,0.9227957320190928,0.07719465236573257,9.615615174689152E-6
20213.0,0.0011344891213305086,0.9508601292246401,0.04800538165402923
21468.0,0.010670415339263814,0.09059935302353542,0.8987302316372007
21199.0,2.231463967218666E-6,1.6955580265280173E-4,0.99982821273338
21669.0,0.007392518815608838,0.04482710489161662,0.9477803762927746
21131.0,9.323018290568326E-12,1.7556449264293824E-8,0.9999999824342277
21400.0,0.5179675292671593,0.48193557302107,9.689771177069022E-5
20926.0,1.2590953808159219E-5,0.0010569163926689887,0.998930492653523
20145.0,4.042167356556064E-4,0.8419255506119394,0.15767023265240504
20386.0,0.5336005893788636,0.463561161477312,0.0028382491438242842
20653.0,6.57016686641167E-8,0.0015714064850601347,0.9984285278132712
21729.0,0.7472383549288992,0.2525327119266072,2.2893314449361408E-4
21333.0,0.0027059109160617414,4.002466180766015E-4,0.9968938424658615
21062.0,0.9485242214699859,0.007759246345690905,0.04371653218432326
20576.0,0.15054565771310893,0.6760114708434825,0.1734428714434086
20335.0,1.0250658874403197E-4,0.0027527302229431922,0.9971447631883127
20092.0,0.262050212183743,0.7369438271190972,0.0010059606971598235
20851.0,0.919879841870204,0.07973607991253995,3.840782172562657E-4
21548.0,0.8593906501991144,0.11959781631401384,0.02101153348687186
21611.0,0.9232454102431334,0.027553456674507554,0.04920113308235885
20519.0,0.09536465725465496,0.4481137710230524,0.4565215717222928
20264.0,0.9072568955419219,0.09270006448476024,4.3039973317891676E-5
20788.0,0.3280219464347703,0.670418108551805,0.0015599450134247239
20027.0,0.9394538811784141,0.06051499939455771,3.1119427028192305E-5
21266.0,0.9174799738146724,0.08250504461790148,1.4981567426149545E-5
20993.0,0.891994330164567,0.10798632029532171,1.9349540111314584E-5
21670.0,0.27621352682192435,1.3934353836234129E-6,0.723785079742692
20214.0,8.524092190619758E-7,0.2963218336752324,0.7036773139155486
20985.0,0.07343282525861633,0.8699079128439651,0.056659261897418677
20453.0,1.0583564334603263E-6,1.0269778281636247E-4,0.9998962438607502
20714.0,0.00950448266760002,0.2460215723447747,0.7444739449876253
21196.0,0.006967708619386703,0.008126597040690067,0.9849056943399231
21471.0,0.8888370201537078,0.10642960525624297,0.00473337459004931
21730.0,0.4310409377136356,0.5651874671660944,0.0037715951202700448
21403.0,0.032735177502320245,0.15845649398725692,0.8088083285104227
21128.0,6.700201209711702E-7,0.037372700557189095,0.9626266294226898
20385.0,0.35641487471216293,0.6427945949713081,7.90530316528879E-4
20654.0,0.8752085727325816,0.12472090101424174,7.052625317674042E-5
20146.0,0.665282733016404,0.3229407136255833,0.011776553358012849
20925.0,0.8894476361701523,0.10905131666587821,0.001501047163969581
21551.0,1.6511195006186073E-5,1.122714340446939E-5,0.9999722616615894
21061.0,4.7056617688914093E-4,3.4051979093694524E-5,0.9994953818440172
21334.0,0.18501324858539803,0.20181466158948125,0.6131720898251207
20848.0,0.824382424534433,0.17357606122383357,0.0020415142417334465
20095.0,0.9668957113499523,0.0322696752971293,8.346133529185265E-4
20332.0,0.10460775531315404,0.20899290929604455,0.6863993353908013
20579.0,0.011830034899354164,0.0038689452252421443,0.9843010198754037
20265.0,7.228118403348221E-8,2.0754082268566394E-9,0.9999999256434078
20518.0,0.8992358805576673,0.10075349339426931,1.0626048063334884E-5
20026.0,0.12338362936201429,0.10604510775940017,0.7705712628785855
20789.0,0.1963911297652221,0.445894890475805,0.35771397975897296
21267.0,0.9464836999156067,5.811404142009915E-4,0.0529351596701924
20992.0,1.8601725922061353E-9,3.223510343543002E-4,0.9996776471054731
21610.0,0.8934420809610016,0.09668252661889917,0.009875392420099254
20984.0,1.4932034976171632E-4,0.0028183815606479955,0.9970322980895902
20215.0,0.008754992770542449,0.9548582228082281,0.0363867844212293
20452.0,0.13715648758027335,0.1283853531688988,0.7344581592508279
20715.0,0.0011961959010496556,0.002024491216765318,0.9967793128821851
21197.0,0.006856175647092288,0.9860615647880653,0.007082259564842501
21470.0,0.4716851627759737,0.38229984500442327,0.14601499221960304
21671.0,0.024131208232141894,0.9204723979695891,0.055396393798269
21402.0,0.8544122567847797,0.14540651871917679,1.812244960435675E-4
21129.0,0.01774165184110391,0.573677623136493,0.4085807250224031
20384.0,3.5341866618763996E-20,7.3094639441416905E-6,0.999992690536056
20655.0,0.0025454698810772496,0.01059376014739242,0.9868607699715304
20147.0,0.9897901548252801,3.6665759823336676E-4,0.009843187576486487
20924.0,0.008527572517853145,0.027825463017999437,0.9636469644641473
21731.0,0.013526914366640106,0.17990446814443967,0.8065686174889202
21060.0,1.2189093960214514E-6,1.1213565112515977E-5,0.9999875675254914
21335.0,0.9627791325313965,0.0320993252383687,0.0051215422302348015
20094.0,1.1216999200895928E-11,4.675164365124337E-10,0.9999999995212665
20849.0,0.9314666650530886,0.06852652012551635,6.814821394975212E-6
20578.0,0.02336049705412269,0.9122317469481911,0.06440775599768603
20333.0,0.905823764925531,0.09189075843998955,0.0022854766344794827
21550.0,0.7954886924693961,0.20266484985776478,0.0018464576728391372
21664.0,0.9228745434783804,0.0771050872706718,2.036925094784059E-5
21465.0,2.3783523004822002E-4,0.414622522619018,0.5851396421509337
21194.0,0.0019379924460409751,0.9685070805086123,0.029554927045346742
20451.0,0.06624253986306437,0.8029685684350909,0.1307888917018448
20716.0,0.36047436649719705,0.6389604672185701,5.651662842328007E-4
20208.0,5.641368657037648E-7,0.7942260564871634,0.20577337937597093
20991.0,2.168791489913218E-4,0.8226726355132651,0.17711048533774373
21613.0,0.46179576871104117,0.5376598597352902,5.443715536686864E-4
20999.0,0.00957990022872667,0.9861986724812345,0.00422142729003884
21268.0,8.432544236199476E-6,0.061814143561296685,0.9381774238944671
20029.0,4.2091542034204244E-17,2.4355505718067287E-15,0.9999999999999976
20786.0,0.5674625056430392,0.32793923504770356,0.10459825930925713
20270.0,0.005254735593807972,0.06312862327285405,0.9316166411333379
20513.0,0.0013127864304063237,0.10268562179366476,0.8960015917759289
21545.0,0.957123742101191,3.434408572518035E-6,0.042872823490236515
20581.0,0.5034555623237553,0.49360550799381314,0.0029389296824314263
20330.0,0.003054238160857333,0.003435464058870993,0.9935102977802718
20089.0,0.5888737563525386,0.08555051286437344,0.32557573078308805
20854.0,8.623817100901984E-4,0.6097168889609891,0.3894207293289208
21328.0,9.07165652525988E-11,9.1385575582324E-7,0.9999990860535277
21059.0,0.7911130666477167,0.2085712671089839,3.1566624329952027E-4
21732.0,0.21153129770353363,0.7866557663978854,0.0018129358985809563
20923.0,0.8640227704782122,0.0013792061577041757,0.13459802336408355
20148.0,3.171211677099227E-21,5.019151673776944E-12,0.9999999999949809
20648.0,0.18012299496022993,0.07029991369187436,0.7495770913478957
20391.0,0.13532376838108803,0.016907746509037307,0.8477684851098746
21134.0,0.047770090543641515,0.24216650717344973,0.7100634022829089
21405.0,0.9287614385349744,0.03472512656968787,0.03651343489533772
21464.0,0.2599681230648519,0.1401625905100266,0.5998692864251216
21195.0,4.734355523759502E-6,3.5664572064489487E-8,0.9999952299799043
20717.0,0.6713040692408377,0.3286181281855194,7.780257364286693E-5
20450.0,0.961897682942816,0.034959426603943994,0.003142890453240037
20209.0,0.26511209652611223,0.6411765225451744,0.09371138092871323
20990.0,0.6837007291031368,0.3152643894022008,0.001034881494662295
21665.0,0.7448364105852673,0.2549270283378306,2.3656107690195723E-4
20998.0,0.034133382375135225,0.705374307023549,0.26049231060131567
21269.0,0.9043270453410651,0.09480670033147244,8.662543274625051E-4
20028.0,3.965868902804616E-4,0.20248793251991623,0.7971154805898033
20787.0,0.609608377483418,0.3849498133433073,0.00544180917327465
20271.0,0.006039350022850062,0.0024331922564835517,0.9915274577206663
20512.0,0.004182830907957671,0.03908224716588381,0.9567349219261585
21612.0,0.028139420064835302,0.4015093110878916,0.570351268847273
20580.0,1.3629236229465349E-9,3.1117399533697847E-6,0.9999968868971231
20331.0,0.3078358430058167,0.3603823532733648,0.33178180372081856
20855.0,0.8947148008591512,0.10526398049727707,2.121864357177041E-5
20088.0,0.8528774660947047,0.05063435027175966,0.09648818363353576
21329.0,3.0963093208030095E-6,4.417204212778837E-4,0.9995551832694014
21058.0,0.5672456361341349,0.41436859176803986,0.01838577209782521
21544.0,0.8449387939295117,0.15495963481329422,1.0157125719402844E-4
20922.0,0.8976737523100062,0.10091964636839529,0.0014066013215985494
20149.0,0.09514279176404712,3.6605034595157244E-4,0.9044911578900012
20649.0,2.2758854981483658E-7,6.479187440576955E-5,0.9999349805370443
20390.0,0.9268595768130801,0.0731304919782377,9.931208682261535E-6
21135.0,0.003088589092376538,8.064587994079488E-4,0.9961049521082155
21404.0,3.4820353124657614E-4,0.46200216732352517,0.5376496291452283
21733.0,4.322324100966264E-6,6.77513615866405E-4,0.9993181640600326
21666.0,0.001745913011340089,0.2743090810893444,0.7239450058993154
21192.0,0.1894713027117039,0.2779940882163043,0.5325346090719918
21467.0,4.591639425105189E-6,0.6587317691348176,0.34126363922575725
20989.0,0.0205926481893377,0.974587063521483,0.004820288289179191
20210.0,6.028443224004881E-8,1.5623419474268564E-9,0.9999999381532259
20718.0,7.574040064602696E-11,5.045435802472717E-11,0.9999999998738052
20449.0,0.0011209165671822632,1.9671526272184203E-5,0.9988594119065455
21615.0,0.6964042442189973,0.30115075514858913,0.0024450006324137842
21270.0,0.45875386190664674,0.3571199640825262,0.18412617401082707
20997.0,0.4345218166527217,0.5630481499908219,0.0024300333564563716
20515.0,3.632925625562799E-7,2.5694618112353278E-5,0.999973942089325
20268.0,0.9284597689978427,0.07122418212279803,3.160488793594255E-4
20031.0,0.560831845955791,0.4383040448690362,8.641091751725917E-4
20784.0,0.06356593636398596,0.9227889514542524,0.013645112181761633
21547.0,1.559430252435406E-4,2.164187515653358E-4,0.9996276382231911
20091.0,0.03108339404427,0.9177632632606195,0.05115334269511048
20852.0,0.004705994348345305,4.922963717657074E-6,0.995289082687937
20328.0,0.8296088318318439,0.16997184840850363,4.193197596524501E-4
20583.0,1.689635052279954E-4,5.435361365258138E-4,0.9992875003582462
21057.0,0.2133958353691908,0.7855560116729374,0.0010481529578717996
21330.0,0.67641890150747,0.32313971622108373,4.4138227144642457E-4
21734.0,0.6552095016722432,0.3446245485155784,1.6594981217853933E-4
20650.0,0.5865797276809629,0.20816753142058075,0.2052527408984564
20389.0,0.8222938917507893,0.17766027508159934,4.583316761140811E-5
20150.0,0.02469827921659112,0.9452292673532353,0.030072453430173562
20921.0,0.696654923392639,0.30322822636772073,1.1685023964022342E-4
21407.0,0.7994134550092441,0.20039596440892857,1.9058058182748488E-4
21132.0,0.3525135117091072,0.6463240720288921,0.00116241626200065
21193.0,0.016764572743537508,0.1267568538134576,0.8564785734430048
21466.0,0.7065710349266532,0.2678467534746377,0.025582211598709055
20211.0,5.047266969071707E-5,0.11285790804856069,0.8870916192817485
20988.0,4.6273379837080485E-5,0.15943621149881215,0.8405175151213509
20719.0,4.667830356442923E-11,3.470894553301285E-8,0.9999999652443762
20448.0,0.16692644642930626,0.36004238685533424,0.4730311667153595
21667.0,0.0015950883146914603,0.64615104408958,0.35225386759572863
21271.0,0.6684510169178671,0.3312750798492779,2.73903232855023E-4
20996.0,0.8913874511831729,0.10858025432500391,3.229449182324778E-5
20514.0,0.6977161951186146,0.30148808111489006,7.95723766495294E-4
20269.0,1.641275577204594E-11,1.896858319203648E-8,0.9999999810150041
20030.0,7.062724168333E-4,0.027925020545176923,0.9713687070379897
20785.0,0.49089875552334433,0.4988219455118833,0.010279298964772405
21614.0,3.1148672231749085E-4,0.01860788552116565,0.9810806277565168
20853.0,0.5809999946614818,0.40286751727859993,0.01613248805991827
20090.0,0.6509641784467548,0.3401961981805145,0.008839623372730601
20582.0,5.727265199611818E-8,5.606609380241029E-6,0.9999943361179678
20329.0,0.005963457247779454,0.9661230617205058,0.027913481031714746
21056.0,1.3090414633192578E-6,0.040224340953844896,0.9597743500046918
21331.0,0.9531843702098417,0.046804562268748906,1.1067521409399327E-5
21546.0,6.371616733480333E-7,1.562091264608819E-11,0.9999993628227059
20388.0,0.9227957320190928,0.07719465236573257,9.615615174689152E-6
20651.0,1.8964222677147812E-5,0.9795407441243963,0.020440291652926507
20151.0,1.0739824330927184E-8,3.4679905115424635E-7,0.9999996424611245
20920.0,0.8100802956484483,0.18858672083083494,0.0013329835207166931
21406.0,0.0013006041794347374,0.05541390833408901,0.9432854874864762
21133.0,0.418548660284375,0.5808271468041468,6.241929114781025E-4
21735.0,0.7896339157590386,0.20998818185522408,3.779023857371741E-4
21122.0,3.3680999433205596E-4,2.7964451096610825E-4,0.9993835454947019
21393.0,5.921842037486097E-4,5.428447234359042E-8,0.999407761511779
20152.0,0.5088132045981381,0.403667933598711,0.08751886180315097
20919.0,0.8806049873346911,0.11937252910033469,2.24835649744563E-5
20644.0,1.9382322718456655E-5,0.020622672903101963,0.9793579447741796
20395.0,0.20676483093513914,8.007765492112222E-5,0.7931550914099398
21736.0,2.494793875397406E-4,0.9608734651864912,0.03887705542596896
21340.0,0.28214969308759735,0.3337192904633703,0.3841310164490323
21071.0,0.0023331399945247643,0.0030740964486995355,0.9945927635567757
20585.0,0.5396778494356557,0.448375610214458,0.011946540349886292
20326.0,1.4024397706460684E-6,2.6732576947474643E-10,0.9999985972929035
20858.0,0.26696045255218787,0.7314146379637431,0.0016249094840690853
20085.0,0.8931120710753678,0.015008494789450925,0.0918794341351813
21541.0,2.2400678366231623E-4,0.0031907768679867365,0.9965852163483508
20798.0,0.058162508830842834,0.9349268038294702,0.006910687339686939
20017.0,0.9267052717284275,0.07328676141999156,7.96685158092728E-6
20258.0,0.4590627823496289,0.5397663154919171,0.0011709021584539526
20525.0,0.996518491980293,0.002133604229786185,0.0013479037899208953
21003.0,0.9290913157000943,0.017861771393054265,0.05304691290685166
21272.0,0.046903027050490265,0.061300669339318346,0.8917963036101915
21601.0,0.061577579485288456,0.02055307117605802,0.9178693493386535
20704.0,3.410158815317005E-4,5.134788534369011E-5,0.9996076362331245
20463.0,1.4749332567809472E-5,3.3542094857872674E-5,0.9999517085725743
20220.0,0.2338724254085919,5.486819948337063E-4,0.7655788925965743
20979.0,8.21075216548339E-8,2.3026388009109754E-7,0.9999996876285983
21461.0,1.359935064495196E-11,4.0213405237186817E-10,0.9999999995842666
21190.0,0.6773148869773575,0.31758507884702575,0.005100034175616706
21676.0,0.005132689298502974,0.9720778864706004,0.02278942423089648
21737.0,0.9173442693880185,0.07124292620902307,0.01141280440295837
21123.0,0.0038882622720340563,0.29029170510198393,0.705820032625982
21392.0,6.021879319893899E-4,2.0190358151369936E-4,0.9991959084864969
20918.0,0.0043300448529798455,0.29168967479021485,0.7039802803568053
20153.0,6.294023939476885E-5,0.004231127822168074,0.995705931938437
20645.0,0.035687560269636584,0.880807062075175,0.08350537765518848
20394.0,0.03459517132262414,0.9344577883989259,0.030947040278449894
21540.0,0.56473342920606,0.43427624951143684,9.903212825031116E-4
21341.0,0.9242914736936073,0.059683307884994784,0.016025218421397838
21070.0,9.035725439957034E-4,0.5713407487134898,0.4277556787425145
20584.0,0.36052811621790043,0.5423107229199793,0.0971611608621202
20327.0,0.020350044901457066,0.7079096760794349,0.2717402790191082
20084.0,0.9350785648199407,0.06491642660655625,5.008573503055135E-6
20859.0,1.443476603692661E-8,3.6607950942563706E-6,0.9999963247701398
21600.0,0.0012393156670538485,0.9508820682056492,0.047878616127296846
20016.0,0.6684335886412762,0.09682227689238869,0.23474413446633516
20799.0,0.9245767007192823,0.07538366314724303,3.9636133474803E-5
20259.0,7.774906950204974E-7,5.5660773765649094E-5,0.9999435617355392
20524.0,4.5405138587279885E-4,5.395276844403807E-4,0.9990064209296867
21002.0,0.004102777061270326,0.8948913212874595,0.10100590165127017
21273.0,0.4755013392135968,0.5163929957630444,0.008105665023358759
21677.0,0.5306246034513419,0.41450128398360736,0.05487411256505077
20705.0,4.1216800340706225E-5,0.18806570078899795,0.8118930824106613
20462.0,0.25109181017639554,0.04833511058112829,0.7005730792424762
20221.0,0.10623873247117413,0.8888046406114026,0.004956626917423179
20978.0,2.0449764990502725E-4,0.002793045061477561,0.9970024572886174
21460.0,0.9015039518032454,0.0984855299664539,1.0518230300583984E-5
21191.0,0.449770922444538,0.5494989803116153,7.300972438467634E-4
21395.0,0.20430756327996655,0.7949060597135903,7.863770064430502E-4
21120.0,0.20999094031584845,0.788134536563763,0.001874523120388598
20646.0,0.833825326837248,0.1643233661038098,0.0018513070589421937
20393.0,0.32001981099795956,0.6790621682798391,9.180207222012842E-4
20154.0,0.5429930980393137,0.45639535140368037,6.115505570059643E-4
20917.0,0.0018111383820618573,3.5809599122110813E-9,0.9981888580369783
21738.0,0.9408148603375428,0.05916931054982451,1.5829112632620533E-5
21069.0,0.924202266041146,0.07579088743396638,6.846524887790597E-6
21342.0,0.8411948416078691,0.1451253356464366,0.013679822745694327
20087.0,0.8268175322730915,0.06782430801972801,0.1053581597071806
20856.0,0.021542889508431456,3.306848086600463E-7,0.9784567798067598
20324.0,0.9248618449830951,2.3867091159394542E-4,0.07489948410531098
20587.0,1.1739711263808239E-6,0.08922442224944703,0.9107744037794266
21543.0,0.7962053853033135,0.20376044637587373,3.41683208127461E-5
20527.0,0.5839399062856007,0.02003389425393515,0.3960261994604642
20256.0,0.924202266041146,0.07579088743396638,6.846524887790597E-6
20019.0,2.2380238306997902E-8,1.168312385983856E-4,0.9998831463811633
20796.0,0.0026272286219332893,0.09214886934324172,0.905223902034825
21274.0,9.138171529918895E-5,0.9594870930087547,0.04042152527594613
21001.0,0.28068046590647394,0.6964223716148074,0.022897162478718768
21603.0,0.7519841805340433,0.24772518376535543,2.90635700601322E-4
20977.0,9.407690448126327E-9,7.57580555391849E-8,0.9999999148342539
20222.0,0.001968812580917489,0.0018333182353718605,0.9961978691837108
20706.0,0.08775173435933685,0.8819243702356578,0.030323895405005304
20461.0,0.1056307993357572,0.40327939246171807,0.4910898082025248
21188.0,4.96407563570629E-6,0.00390298780809886,0.9960920481162654
21463.0,0.001687158129399895,0.8044820579022232,0.19383078396837686
21678.0,0.535171859945916,0.4619435291681134,0.0028846108859706702
21739.0,0.5922724560479451,0.40720375906994993,5.237848821050041E-4
21394.0,0.6091189244823089,0.38965697014376427,0.0012241053739268839
21121.0,0.1357989305641431,0.8566072426536413,0.007593826782215592
20647.0,2.440141170577607E-10,3.104475014931038E-5,0.9999689550058365
20392.0,4.09863003788997E-7,1.2505363613177153E-6,0.9999983396006349
20155.0,0.5097079015757703,0.48829297795815974,0.001999120466070009
20916.0,9.463996010719002E-6,6.458322874703142E-5,0.9999259527752422
21542.0,0.7269091204000326,0.01258682843824487,0.26050405116172254
21068.0,0.019303063330210056,0.08243118322174042,0.8982657534480496
21343.0,0.044677231856168356,0.8745224755012083,0.08080029264262324
20857.0,0.3511641364701159,0.6479944237690224,8.414397608617711E-4
20086.0,0.7567982664524339,0.24311964458101254,8.208896655350858E-5
20325.0,0.03783081191228832,0.8890235877768733,0.07314560031083836
20586.0,1.2754664614609854E-4,4.29334985640812E-5,0.9998295198552899
21602.0,0.12542377747403421,0.5319129102213841,0.34266331230458164
20257.0,0.44822927132400253,0.5502255841939042,0.0015451444820932787
20526.0,0.36916946735166006,0.6257584351423225,0.005072097506017323
20018.0,0.9314666650530886,0.06852652012551635,6.814821394975212E-6
20797.0,0.3819749023134426,0.6150616418872519,0.0029634557993056094
21275.0,3.0688376401485084E-8,2.2023781460500635E-6,0.9999977669334775
21000.0,0.03776578391072684,5.80215273542448E-4,0.9616540008157307
21679.0,1.116180526821994E-4,0.006124014821534068,0.9937643671257836
20976.0,0.5447872042452171,0.407204013687846,0.048008782066937
20223.0,0.0778596364455774,0.7422717986025563,0.1798685649518664
20707.0,0.013290274265681268,0.9071270967514679,0.07958262898285111
20460.0,0.13427470776094017,0.014208678010349831,0.85151661422871
21189.0,0.5509639443625282,0.44860875948841433,4.2729614905750903E-4
21462.0,0.011586667968615775,0.07423215653579844,0.9141811754955859
20589.0,0.5495371484103817,0.4416066245348796,0.008856227054738748
20322.0,0.1721626390711272,0.6684658066724927,0.15937155425638017
20081.0,1.6607143913390969E-4,0.2456304118635584,0.7542035166973078
20862.0,0.12377997822938214,1.9102046923244806E-7,0.8762198307501485
21336.0,8.821666193135426E-5,0.0016119162591502652,0.9982998670789185
21067.0,0.9125189484253773,0.08746711167047735,1.3939904145550473E-5
21537.0,0.0037941922004180333,0.0017283488051557854,0.9944774589944263
20156.0,2.0098898892758417E-16,4.4133760438674134E-8,0.9999999558662394
20915.0,0.6677283082673874,0.3320639297469246,2.0776198568809938E-4
20640.0,0.0034182348008822763,0.5725965250422792,0.42398524015683864
20399.0,0.0032288153331309147,0.6845882349683161,0.31218294969855287
21126.0,0.35841869453111747,0.5889139519239924,0.052667353544889946
21397.0,0.2519614157473782,0.005334832497971505,0.7427037517546503
21740.0,0.5293138227993927,0.04030264292799779,0.43038353427260956
21457.0,2.000224317692264E-5,8.183233758580368E-5,0.9998981654192374
21186.0,0.9683802724903,0.03160927866873339,1.0448840966667537E-5
20459.0,0.01192969212107985,0.9758335352024669,0.012236772676453367
20708.0,0.3438905452706204,0.6153116112620554,0.040797843467324346
20983.0,0.6354013008933423,0.3635707362457555,0.0010279628609020665
20216.0,0.0019364589438621291,0.976130734712155,0.021932806343982817
21672.0,0.5648130824018933,0.4351118249911068,7.509260699976987E-5
21007.0,4.5213413965450674E-4,0.00538793032712754,0.9941599355332179
21276.0,9.151677577182003E-4,0.967904632611407,0.031180199630874886
20794.0,0.6160875470547093,0.3784684959720322,0.005443956973258646
20021.0,0.0019273640461587738,0.03207934130484851,0.9659932946489928
20521.0,0.8560204298666452,0.14394797141656912,3.159871678572216E-5
20262.0,1.317903918358301E-10,5.406530818808439E-6,0.9999945933373908
21605.0,7.936307811821219E-13,3.3541662762134875E-9,0.9999999966450401
21536.0,0.9079933449379709,0.09199719666889146,9.458393137568686E-6
20588.0,0.0827535952090262,0.009744394490774922,0.907502010300199
20323.0,0.39856930209825914,0.4949617215061873,0.10646897639555358
20080.0,0.012356506335231677,0.9739459807225578,0.013697512942210555
20863.0,8.638707474963382E-5,0.687922623189758,0.3119909897354922
21337.0,2.3338213360127156E-6,9.431653593576663E-10,0.9999976652354986
21066.0,1.9910028302888316E-7,0.02823685765946194,0.971762943240255
21741.0,5.028497243099409E-6,0.02596783944428422,0.9740271320584728
20157.0,0.16626449774262272,0.1745209408592037,0.6592145613981736
20914.0,0.9276675495634902,0.07231852246975325,1.392796675667036E-5
20398.0,0.6080312140983477,0.38805091367985434,0.003917872221797961
20641.0,2.047707834395995E-7,2.8136041667078055E-5,0.9999716591875494
21127.0,0.9667448033226225,0.033127748657730424,1.274480196470286E-4
21396.0,0.17236515638636213,0.0015697013859538437,0.826065142227684
21673.0,0.6633678799393635,0.3364277372262033,2.043828344332121E-4
21456.0,0.6475942016208063,0.35206638856076855,3.3940981842518503E-4
21187.0,4.5451086999446705E-5,3.2667103187991896E-8,0.9999545162458974
20709.0,0.1259140998209214,0.33241496372760504,0.5416709364514736
20458.0,0.021038164274959918,0.04659439579588882,0.9323674399291514
20982.0,0.00664609842941958,0.9859922913540594,0.007361610216520942
20217.0,0.0011728788758429902,0.5724519241119087,0.42637519701224824
21604.0,0.929248220060263,0.069365661498184,0.001386118441553148
21006.0,0.39039943914257,0.16689985556413203,0.4427007052932979
21277.0,0.003234385234036058,0.37654594257277385,0.6202196721931902
20795.0,0.9477533367531056,0.050489251450687334,0.0017574117962072249
20020.0,0.03563314864954206,0.3024343316157637,0.6619325197346941
20520.0,0.412362503438088,0.5867816159463307,8.558806155812667E-4
20263.0,2.280352371604065E-7,1.5679752450485898E-12,0.9999997719631948
20083.0,4.414485543331942E-4,0.9144055388454883,0.08515301260017849
20860.0,0.018397937143433775,0.0036567417756592766,0.977945321080907
20591.0,0.3126740780298826,0.6647587417706088,0.022567180199508752
20320.0,0.010771235293612638,0.9688054578152305,0.0204233068911569
21065.0,0.8694912262343312,0.1304854521546392,2.332161102977111E-5
21338.0,0.06778298945420788,0.8100166303339946,0.12220038021179745
21539.0,0.9808370802121913,0.014036451622667132,0.005126468165141744
20642.0,0.21189737463100264,1.797667442357028E-4,0.7879228586247616
20397.0,0.12731610152017733,0.7648108153614802,0.10787308311834252
20158.0,0.016502459721419352,0.002925385047838757,0.980572155230742
20913.0,0.9758932084766477,0.02407043738783075,3.635413552149081E-5
21399.0,0.8449387939295117,0.15495963481329422,1.0157125719402844E-4
21124.0,1.8367845757941224E-10,0.01044377013538632,0.9895562296809353
21742.0,0.5028965053475024,0.49619509555471225,9.083990977853785E-4
21184.0,0.21772652331046372,0.738733614841932,0.04353986184760418
21459.0,0.41303848488003025,0.3361807059148035,0.2507808092051662
20981.0,6.53331316799392E-12,8.770901034048767E-5,0.9999122909831262
20218.0,0.7415807331688309,0.2537105842756159,0.004708682555553309
20457.0,0.572033572917122,0.35551699141378784,0.07244943566909014
20710.0,0.7598478155276343,0.23962864052392985,5.235439484358884E-4
21674.0,0.9625830144410279,0.03740331103970882,1.3674519263341698E-5
21278.0,0.23023599975809134,0.2734400911239606,0.49632390911794805
21005.0,0.2156985831461782,0.7817332075315849,0.002568209322236937
20260.0,0.013235046596683618,0.9813097913550899,0.0054551620482265455
20523.0,0.9754340534777705,0.02433295610946454,2.3299041276506174E-4
20023.0,0.036556407018382635,0.920988295861107,0.04245529712051043
20792.0,0.08438562944860101,0.017763524701451396,0.8978508458499476
21607.0,5.3264493947592626E-9,9.930627086398342E-8,0.9999998953672798
21538.0,0.9252639239000264,0.05020880721905811,0.02452726888091542
20861.0,0.6221908182655669,0.37779585519653375,1.3326537899425733E-5
20082.0,0.8463865013055172,0.09330428976309713,0.06030920893138566
20321.0,0.04076515711053561,0.5654365873226231,0.39379825556684134
20590.0,3.562298785372714E-4,1.8122668102092496E-5,0.9996256474533606
21064.0,0.8851605075316366,0.114798839671908,4.065279645542869E-5
21339.0,0.4847152562693455,6.691296074165547E-4,0.5146156141232379
21743.0,0.01905885726187035,0.46875885423987035,0.5121822884982593
20396.0,7.848427612432213E-15,0.010358852059990327,0.9896411479400018
20643.0,3.0185575073838796E-5,0.34326842854157913,0.656701385883347
20159.0,0.84431232986541,0.15556845374385583,1.1921639073425352E-4
20912.0,0.8050547425067263,0.19046452016112608,0.0044807373321477115
21398.0,0.017352327463960822,0.80443415810749,0.1782135144285492
21125.0,0.4478400776168543,0.5515974191626795,5.625032204662693E-4
21675.0,0.9574379336971326,0.013861060834386391,0.028701005468481058
21185.0,0.032354497370315725,0.0890657954211048,0.8785797072085795
21458.0,3.12409773476317E-6,2.092503917678671E-6,0.9999947833983476
20980.0,2.4067549217568462E-8,2.4706400639026847E-5,0.9999752695318118
20219.0,1.1375639072541668E-6,3.6055832882399446E-7,0.999998501877764
20456.0,0.00642089865659817,0.32103106318916336,0.6725480381542384
20711.0,3.3081456517775916E-4,0.6722239343557946,0.3274452510790277
21606.0,0.9078477546498352,0.09139678160654599,7.554637436187935E-4
21279.0,7.944930364142406E-6,0.32442264675257476,0.6755694083170611
21004.0,0.5740654947635397,0.42502453922964406,9.09966006816159E-4
20261.0,2.783054905816815E-7,1.5432940026918782E-12,0.9999997216929661
20522.0,0.8309221178292977,0.16904494662984865,3.293554085367317E-5
20022.0,0.8431611328245961,0.1391034968280565,0.017735370347347346
20793.0,0.8857981552994088,0.06199371105483646,0.05220813364575469
20008.0,0.005302122943277199,0.002583094425236871,0.9921147826314859
20775.0,0.9284964269700925,0.062490539512596165,0.009013033517311307
20532.0,1.638460685996708E-11,8.091783109724389E-5,0.9999190821525181
20283.0,1.2343721951092734E-6,8.714826499517626E-7,0.999997894145155
21010.0,0.0018540200757060604,0.023304675705998045,0.974841304218296
21249.0,2.7280426603417958E-14,5.348046373673547E-13,0.999999999999438
21624.0,0.0020984404286063345,0.00933288793234189,0.9885686716390518
20729.0,0.08059039903093974,0.9136246965187488,0.005784904450311655
20470.0,0.5152542769958445,0.48421629528645727,5.294277176982526E-4
20970.0,1.7854995047632125E-4,0.0015607460302340468,0.9982607040192897
20197.0,0.9487915267549445,0.05007191797533641,0.0011365552697191225
21452.0,0.9314666650530886,0.06852652012551635,6.814821394975212E-6
21215.0,0.5243466486272709,0.45701752570479576,0.018635825667933283
21685.0,0.9405132175538106,0.04627843445251305,0.013208347993676397
21147.0,4.686656221405445E-11,4.565788214349085E-6,0.9999954341649192
21384.0,0.19024109250930016,0.791881402800185,0.017877504690514807
20129.0,0.11191838267215624,0.8767092389577927,0.011372378370051167
20910.0,0.3107533025559861,0.4398213077582438,0.24942538968577005
20669.0,0.7570563478604403,0.02344829318017534,0.21949535895938446
20402.0,0.9267052717284275,0.07328676141999156,7.96685158092728E-6
21745.0,0.8396098057918032,0.0894398045131327,0.07095038969506416
21317.0,5.753018310787563E-6,0.059741798366877576,0.9402524486148115
21078.0,0.531226032610493,0.04840060252565643,0.42037336486385074
20351.0,0.07846328372948957,0.825262086546519,0.09627462972399138
20592.0,0.9230185622315628,0.0691212533839019,0.007860184384535408
20076.0,0.1436114059731483,0.8491468196793797,0.0072417743474719395
20835.0,0.6272787866077638,0.3707003045201481,0.0020209088720880997
21564.0,0.5334735722239786,0.4662522250123023,2.742027637190993E-4
21625.0,0.1839941175205443,0.8052842200773453,0.01072166240211032
20774.0,0.6546303103930715,0.34410069374013735,0.001268995866791187
20009.0,0.0747547403805732,0.048157768275661816,0.877087491343765
20533.0,0.40998639636300904,0.48041908675262485,0.10959451688436608
20282.0,0.1497167707215791,0.8401346070080913,0.01014862227032968
21011.0,0.7390892904462067,0.25876577660060457,0.0021449329531887072
21248.0,0.8780230466322352,0.11630960405663113,0.005667349311133754
21684.0,0.5557937081900806,0.1884933593402134,0.25571293246970606
20728.0,0.9255765880353484,0.07399890618715842,4.245057774933123E-4
20471.0,0.985224837356162,0.0036233453145647705,0.01115181732927335
20196.0,0.9625830144410279,0.03740331103970882,1.3674519263341698E-5
20971.0,1.9822208550816385E-6,2.9101923977334763E-5,0.9999689158551676
21453.0,3.348851106382369E-4,0.15642865769226358,0.843236457197098
21214.0,0.1004933307379104,0.8983312330847075,0.0011754361773820355
21744.0,0.6570854214765672,0.3428701298107642,4.444871266851067E-5
21146.0,0.04300642863346174,0.004206010704874332,0.9527875606616639
21385.0,6.922152023150104E-4,8.409127352522561E-4,0.9984668720624327
20128.0,0.026513837627765734,0.003134485071025228,0.9703516773012091
20911.0,0.017320571632645217,0.23191587593271004,0.7507635524346447
20668.0,0.6670655529244974,0.23025038044908394,0.10268406662641863
20403.0,5.398278674411465E-7,3.475031263919958E-5,0.9999647098594933
21565.0,0.37262841828619603,0.2737807418299383,0.3535908398838657
21316.0,2.3723959160754186E-4,0.10825790009797057,0.8915048603104219
21079.0,0.010852349227011204,0.8955739492222832,0.09357370155070581
20593.0,0.645843834130082,0.3533762393934452,7.799264764728764E-4
20350.0,0.06611001424758561,0.9231468273023571,0.010743158450057305
20834.0,0.19071081740319695,0.7211311459104855,0.08815803668631751
20077.0,0.39406481011995215,0.6057764549746617,1.5873490538619072E-4
20281.0,0.4031294260499109,0.4361358041080805,0.16073476984200855
20534.0,3.1289855520641713E-6,3.456645486835393E-9,0.9999968675578025
20773.0,0.10437874338517605,0.8583802129868937,0.037241043627930265
20010.0,0.0032520721184335247,0.0014682089498863746,0.9952797189316801
21251.0,0.344383209377901,0.6477346820140588,0.007882108608040134
21008.0,0.8376996324118882,0.16147261273811286,8.277548499991019E-4
21626.0,0.7268837747947305,0.2283517483346406,0.044764476870628914
20199.0,0.01733723314638829,0.9823354120167521,3.273548368597824E-4
20968.0,1.5003015160812815E-5,5.581482459001975E-10,0.9999849964266909
20468.0,0.9314666650530886,0.06852652012551635,6.814821394975212E-6
20731.0,0.09354702230665322,0.9041595674941739,0.0022934101991728935
21213.0,0.01950164814693486,0.002879766331991877,0.9776185855210734
21454.0,1.0578374186972593E-4,0.0231207071214283,0.9767735091367019
21687.0,0.30312326097035,0.06411016256041908,0.6327665764692308
21386.0,0.8323701085544037,0.1675469621717906,8.29292738058155E-5
21145.0,0.6106767756558318,0.3826847577581188,0.006638466586049413
20400.0,0.7547300418267823,0.22687476520513636,0.018395192968081488
20671.0,2.7199549628101935E-4,0.9938900638086217,0.0058379406950975245
20908.0,0.4510442358708278,1.557953925184777E-5,0.5489401845899203
20131.0,0.6115928090083177,0.3882193396303155,1.878513613667175E-4
21747.0,0.9471087691561636,0.052886682230615614,4.548613220764908E-6
21076.0,0.9053331410612405,0.09393110082252543,7.357581162341156E-4
21319.0,0.007667521956766987,0.9389820942367022,0.053350383806530836
20833.0,0.21931860683985538,0.7804977301604596,1.8366299968487063E-4
20078.0,0.01747005835969621,0.10360813658434165,0.8789218050559622
20594.0,0.9267052717284275,0.07328676141999156,7.96685158092728E-6
20349.0,0.8888088719678832,0.11084713195763246,3.439960744844005E-4
21566.0,0.8399413810369685,0.1580723171570977,0.001986301805934005
21627.0,1.242710148329304E-4,1.8378224183583615E-7,0.9998755452029252
20280.0,0.5420740820631391,0.45725208492847647,6.738330083843991E-4
20535.0,0.8056403351675973,0.19424094192168365,1.1872291071915984E-4
20011.0,6.012439893411638E-7,0.008458431801640394,0.9915409669543702
20772.0,0.6938618830358956,0.28847233004451256,0.017665786919591905
21250.0,0.9015039518032454,0.0984855299664539,1.0518230300583984E-5
21009.0,0.022653977819019476,0.9612263276490822,0.016119694531898234
21686.0,0.4980584911095621,0.4582611358832191,0.043680373007218866
20969.0,0.33500169296124077,0.6627230562842098,0.0022752507545493483
20198.0,1.9071255036512007E-11,1.4798919856816664E-7,0.9999998519917302
20469.0,0.13875621323871357,0.07982790137734677,0.7814158853839397
20730.0,0.003412001264137828,0.1608795923194118,0.8357084064164504
21212.0,0.07913310790739664,0.5878024590689696,0.3330644330236338
21455.0,0.9301905714669386,0.06611532077355016,0.0036941077595111908
21746.0,0.004531919740884287,0.9551365552619931,0.040331524997122496
21387.0,1.7335070607515845E-4,0.001816757598947203,0.9980098916949776
21144.0,0.5301841091758064,0.46869483931177736,0.0011210515124161484
20401.0,0.015750291542700436,0.7609863778985322,0.22326333055876743
20670.0,0.03687551784450263,0.19270689304514002,0.7704175891103573
20909.0,0.016838159402863387,0.10068812290953402,0.8824737176876026
20130.0,1.778254496741019E-11,5.38692925222548E-6,0.9999946130529652
21567.0,0.8690078551067237,0.13094228236898947,4.9862524286876925E-5
21077.0,0.8940063222017393,0.09117942586924555,0.01481425192901518
21318.0,2.3830545190855584E-4,0.09005789657658199,0.9097037979715095
20832.0,1.4515749481243496E-10,0.001370872485720545,0.9986291273691219
20079.0,0.908817151850372,0.09103941392868485,1.434342209430933E-4
20595.0,0.004133918993150974,0.03273768284341239,0.9631283981634365
20348.0,0.003364810368436677,0.1587122916869144,0.8379228979446488
21448.0,0.12596622899994528,0.03177475018177075,0.842259020818284
21211.0,0.8573420423519045,0.14247866170539544,1.7929594270014543E-4
20466.0,0.9227957320190928,0.07719465236573257,9.615615174689152E-6
20733.0,0.01918372953987689,0.6714976220954783,0.30931864836464484
20974.0,0.7343640917835488,0.08815601195366052,0.17747989626279073
20193.0,0.056749615278809507,0.9140956829573214,0.029154701763869077
21681.0,0.7410249997379831,0.25589624988154636,0.0030787503804705694
21014.0,0.9267052717284275,0.07328676141999156,7.96685158092728E-6
21253.0,0.07465865809779788,0.9079582705638914,0.017383071338310588
20012.0,0.06688924010229069,0.005490933510761031,0.9276198263869483
20771.0,0.8056403351675973,0.19424094192168365,1.1872291071915984E-4
20287.0,0.4649626469051156,0.5349428215571668,9.453153771754571E-5
20528.0,4.374513408162215E-4,3.399733724865985E-4,0.9992225752866971
21628.0,3.6037533383183427E-9,0.8568509010262461,0.14314909537000062
20596.0,8.286176423982625E-10,1.81713399355679E-6,0.9999981820373888
20347.0,0.8758230770921833,0.12397315610425198,2.0376680356472282E-4
20839.0,0.28971884055353553,0.7043175325523775,0.005963626894087058
20072.0,2.7676875813095205E-4,0.006267582008504678,0.9934556492333644
21313.0,0.8857588666891467,0.11402917804845045,2.1195526240286463E-4
