21609.0,0.603595447313574,0.387747961783287,0.008656590903138854
20790.0,0.012184144919531473,0.015005549817319247,0.9728103052631493
20025.0,0.4907380582024532,0.5092619390237806,2.7737661347938652E-9
20517.0,0.9934058784271625,0.006590237721467157,3.88385137050405E-6
20266.0,0.803865061410373,0.19613493639075058,2.198876347546133E-9
20995.0,1.0314418598635867E-5,0.0948305820413195,0.9051591035400819
21264.0,0.966320555121501,0.03367942128607775,2.3592421204272278E-8
21668.0,2.964011766626629E-7,3.7657096893488955E-5,0.9999620465019299
20455.0,0.0020987799735774615,0.997858599907923,4.262011849962795E-5
20712.0,0.5989055416456419,0.4010941674608709,2.908934870570981E-7
20987.0,5.033952863325599E-7,1.7473465695218045E-10,0.999999496429979
20212.0,0.9995337149516861,6.113058183162028E-5,4.0515446648221E-4
21469.0,0.9999989902760027,8.595344325261761E-7,1.5018956472583265E-7
21198.0,0.8854799240229156,0.11451989681267707,1.791644073399184E-7
21728.0,5.975528053850993E-6,3.110472638935928E-11,0.9999940244408414
21130.0,1.9629617841786742E-15,0.046471456200879384,0.9535285437991187
21401.0,0.017369211481002563,7.354401854418183E-5,0.9825572445004532
20144.0,7.158317484689156E-7,0.01211564999980834,0.9878836341684432
20927.0,0.363403320638529,0.636162817988814,4.338613726568864E-4
20387.0,0.9249161167984999,0.07508388288704183,3.144581938073512E-10
20652.0,0.006938572560452983,0.20997135733648692,0.7830900701030602
21549.0,0.21065941884490244,0.7893405741514937,7.003603785401191E-9
21332.0,0.17955134314318066,0.8174752976411084,0.0029733592157110385
21063.0,1.4980146544862589E-24,4.104637839893365E-15,0.999999999999996
20577.0,2.816273082165662E-4,0.17250100357079556,0.827217369120988
20334.0,1.567701827926813E-13,5.65658468628529E-8,0.9999999434339963
20850.0,0.9670018381356453,0.0018672207833266973,0.031130941081027978
20093.0,1.1689101608793385E-6,0.9926329332645891,0.007365897825249882
20024.0,1.0393776875219873E-15,3.22442030606604E-7,0.9999996775579684
20791.0,0.9014279457353815,0.09857119643417911,8.578304393533912E-7
20267.0,0.002434151924689013,0.2456424851477191,0.7519233629275919
20516.0,0.029943380706142567,0.24814040007580698,0.7219162192180505
20994.0,2.990504948519004E-17,5.28814301347494E-12,0.9999999999947119
21265.0,3.631976595243212E-9,1.5722970818964264E-4,0.9998427666598338
21608.0,0.2229195399457761,0.7770442542743843,3.6205779839663606E-5
20713.0,0.009328242284374795,6.860115890353373E-5,0.9906031565567217
20454.0,0.6307015683149515,0.36894232684974787,3.5610483530054465E-4
20986.0,0.9999182861975285,8.171380182068257E-5,6.506843351866201E-13
20213.0,2.3386015425629195E-8,0.7878776289006987,0.212122347713286
21468.0,4.779808920426218E-4,0.8169310671286033,0.18259095197935413
21199.0,3.8547511479407967E-7,1.1634606333630113E-4,0.999883268461549
21669.0,5.691303880024794E-4,0.8376285246654079,0.1618023449465896
21131.0,8.201914821658916E-9,3.574055496541361E-5,0.9999642512431198
21400.0,0.6730206693690116,0.3269792660323377,6.45986507954126E-8
20926.0,1.0882342486252197E-7,3.116393214974655E-5,0.9999687272444254
20145.0,6.347741535296778E-13,0.001629989406688725,0.9983700105926766
20386.0,0.014005124180804194,0.9618621586598691,0.02413271715932674
20653.0,1.8117710085818232E-12,2.0025850807210325E-4,0.9997997414901161
21729.0,0.7989096897584074,0.2010894179668128,8.922747798643692E-7
21333.0,1.4355503504350972E-9,2.826747718013902E-5,0.9999717310872696
21062.0,0.9910050684994262,0.008748804865047177,2.4612663552672987E-4
20576.0,0.02463810190710932,0.008049264073386929,0.9673126340195037
20335.0,2.1229477546583322E-13,1.5927480729289007E-8,0.999999984072307
20092.0,0.08036355755903804,0.9196332219702078,3.220470754186601E-6
20851.0,0.4265989988414041,0.5734005269127738,4.742458220834979E-7
21548.0,0.9395777794499663,0.060397871770705484,2.4348779328222122E-5
21611.0,0.8922155324671083,0.1000529187818437,0.007731548751048046
20519.0,5.481000587613617E-4,0.34323428955796254,0.6562176103832761
20264.0,0.9920767037855736,0.00792329498585964,1.2285668399482183E-9
20788.0,0.4633424197111673,0.5366550358427707,2.5444460618742624E-6
20027.0,0.8115409371823681,0.1884590383834222,2.4434209787502922E-8
21266.0,0.9843095506542376,0.015690449341776994,3.985420210185165E-12
20993.0,0.9818335572483208,0.018166166683215697,2.7606846343950924E-7
21670.0,1.859974721987841E-7,1.0741898277286672E-11,0.9999998139917858
20214.0,2.0299052290110792E-25,1.5291663513041976E-11,0.9999999999847083
20985.0,1.954856790899758E-7,0.7111400967865242,0.2888597077277968
20453.0,4.0527485452336997E-7,0.007093172075496005,0.9929064226496495
20714.0,0.0013205387129789292,0.05324596221077332,0.9454334990762476
21196.0,0.044147345160415005,0.0033566843808674972,0.9524959704587175
21471.0,0.9759244156467102,0.02406917980990342,6.40454338638015E-6
21730.0,1.6024215355895878E-5,2.1799641351543804E-4,0.9997659793711287
21403.0,0.00244190246897478,0.8291896943810485,0.16836840314997667
21128.0,1.8492700559577745E-7,0.06915688317698752,0.9308429318960069
20385.0,0.4885822507831916,0.511417377331544,3.7188526438782367E-7
20654.0,0.0168917111099804,0.9831038107792299,4.47811078969348E-6
20146.0,0.18927821405874978,0.4472410499300556,0.36348073601119457
20925.0,0.9509916726382822,0.04900832317237547,4.189342209948752E-9
21551.0,2.720062188573045E-13,3.38770256287792E-11,0.999999999965851
21061.0,7.287721141220307E-9,1.2792190959017247E-6,0.9999987134931829
21334.0,0.027421784155970786,0.0025569150476652926,0.970021300796364
20848.0,0.8817330974717871,0.11826687745671874,2.5071494191283183E-8
20095.0,0.9999786242138873,1.463134419129304E-5,6.744441921448065E-6
20332.0,3.550318281350755E-11,3.363937461578394E-7,0.9999996635707507
20579.0,5.765867314797775E-9,2.160620175410604E-8,0.9999999726279309
20265.0,1.5616796818734833E-15,9.093009349447714E-15,0.9999999999999893
20518.0,0.9975309107706526,0.0024690892288089777,5.384515291327264E-13
20026.0,0.14572227995863088,0.7968829341949704,0.05739478584639877
20789.0,0.9163703491726612,0.08351707905216882,1.1257177517011194E-4
21267.0,0.43723938274032037,2.744572168847944E-5,0.5627331715379912
20992.0,6.246750772187323E-14,6.219927752830478E-6,0.9999937800721848
21610.0,0.9440765415840024,0.0556129535581534,3.1050485784413836E-4
20984.0,2.705298982994006E-9,2.338948137899534E-9,0.999999994955753
20215.0,1.0985531728605093E-5,0.7294876705590161,0.27050134390925534
20452.0,0.5117584548017056,0.06520930270990792,0.42303224248838656
20715.0,4.7854486667490677E-4,0.06384091789893799,0.935680537234387
21197.0,2.2833744244133556E-8,0.23514778914319767,0.7648521880230581
21470.0,0.4549896093522385,0.527682813628879,0.017327577018882493
21671.0,1.689284425546213E-5,0.999306588676151,6.765184795936904E-4
21402.0,0.9763100293235163,0.023689938989239986,3.168724376154197E-8
21129.0,0.021504444016451824,0.8672794382211795,0.11121611776236875
20384.0,2.394087539092514E-31,4.22074860860093E-16,0.9999999999999996
20655.0,2.2373655998625843E-12,4.1210670484698885E-4,0.9995878932929156
20147.0,0.9999963762587833,3.554940081085449E-6,6.880113550978628E-8
20924.0,4.368102461182495E-9,3.86392945391122E-8,0.9999999569926029
21731.0,8.175587062440287E-6,0.18047274676927041,0.819519077643667
21060.0,2.7968809866791047E-12,2.798694509573712E-10,0.9999999997173337
21335.0,0.9994742637242853,5.034218555618696E-5,4.7539409015864983E-4
20094.0,5.212424627924856E-14,1.2108740209469215E-13,0.9999999999998268
20849.0,0.9961502594678787,0.0038497405299704707,2.150845733347463E-12
20578.0,0.0034796121570237933,0.9889840564370684,0.007536331405907774
20333.0,0.7904513774208808,0.20943604437321256,1.1257820590656347E-4
21550.0,1.4113904699288204E-12,1.5573530055012594E-7,0.999999844263288
21664.0,0.8641608030399511,0.135839196397575,5.624737958253807E-10
21465.0,1.5459149035392452E-6,0.03304178695625647,0.96695666712884
21194.0,3.782412434506499E-6,0.9613098576078107,0.03868635997975468
20451.0,0.846982662466529,0.15301680788274494,5.296507261360312E-7
20716.0,0.5240473785868925,0.4754945757870422,4.580456260652407E-4
20208.0,2.0879818954616527E-9,0.02156788335809112,0.978432114553927
20991.0,0.00137813033323463,0.9946358555556873,0.003986014111078052
21613.0,0.36581004042810533,0.6334053733570564,7.845862148382977E-4
20999.0,2.420233166401869E-5,0.8775582985660958,0.1224174991022401
21268.0,9.503026358834426E-14,3.130990704748312E-5,0.9999686900928575
20029.0,1.2530632335416045E-16,1.8024471815341393E-14,0.9999999999999818
20786.0,6.261951868819369E-7,2.467677341446582E-6,0.9999969061274717
20270.0,0.3047620119622666,0.11228663371685807,0.5829513543208754
20513.0,3.4125685627314685E-7,0.007265508967978572,0.9927341497751652
21545.0,0.8657228952208631,0.12926200154215695,0.005015103236980043
20581.0,0.0014997442257215817,0.9173995234605282,0.08110073231375019
20330.0,3.7388615268273036E-10,0.02208229345659148,0.9779177061695223
20089.0,0.8126073824324272,0.18491886027124357,0.002473757296329283
20854.0,1.3299117960817288E-7,0.041527488599972455,0.9584723784088479
21328.0,7.27311655292967E-16,1.2025508204780985E-9,0.9999999987974484
21059.0,0.066209113976422,0.9337893199970866,1.5660264914456083E-6
21732.0,0.004159327226404184,0.9958073131031014,3.335967049434064E-5
20923.0,0.9605456730993653,1.684722992999784E-4,0.039285854601334554
20148.0,2.8971523540796396E-36,9.931550161561891E-21,1.0
20648.0,5.111813233580749E-9,5.146282098139275E-10,0.9999999943735586
20391.0,0.006832012361721984,0.005573799893362643,0.9875941877449153
21134.0,1.2386696055981919E-5,0.1378443973777784,0.8621432159261656
21405.0,0.076127373658004,0.7125491034890341,0.21132352285296188
21464.0,1.0859584561245232E-9,2.2215893625687954E-5,0.9999777830204158
21195.0,1.3554980011220434E-8,5.090327228792289E-9,0.9999999813546927
20717.0,0.19908032487095462,0.8009194781860365,1.9694300882589494E-7
20450.0,4.630592969098056E-6,7.810283292356981E-4,0.9992143410777952
20209.0,0.8609421965375211,0.016332205701508357,0.12272559776097047
20990.0,0.01948180588660226,0.9799753245324678,5.428695809300336E-4
21665.0,0.0626363169611033,0.9373618765531034,1.8064857932378348E-6
20998.0,4.6930149856595647E-8,8.482218942809518E-4,0.9991517311755691
21269.0,0.13684513552292116,0.05957142804472449,0.8035834364323543
20028.0,3.0299232225894776E-7,0.006278842930923032,0.9937208540767548
20787.0,0.04932808811715041,0.9499669139991366,7.049978837130791E-4
20271.0,2.458839707742121E-7,5.556379688028409E-8,0.9999996985522324
20512.0,0.5712305048562749,0.3993878814018433,0.02938161374188176
21612.0,0.5843643490282424,0.0063176827967718445,0.4093179681749858
20580.0,2.6281704680860312E-21,2.4671174033059908E-14,0.9999999999999754
20331.0,4.1962938936266616E-5,0.012623405897089001,0.9873346311639747
20855.0,0.9990264339131092,9.735660846349714E-4,2.25586196224516E-12
20088.0,0.004528606983299235,0.00636878211587773,0.989102610900823
21329.0,1.0824140846693969E-9,2.530877778824161E-5,0.9999746901397978
21058.0,0.02437593404877998,0.38395458045638076,0.5916694854948393
21544.0,0.975272031332233,0.024727795960061267,1.727077057549441E-7
20922.0,0.8236288704572381,0.17635102583948553,2.010370327633673E-5
20149.0,0.014375149650597795,0.0024100897783426857,0.9832147605710595
20649.0,1.4854815591132919E-12,1.6362940281701854E-14,0.9999999999984982
20390.0,0.9646417015195959,0.03535829804638602,4.340180187451689E-10
21135.0,9.327406011593118E-5,0.00296731598463382,0.9969394099552503
21404.0,4.212720172678028E-6,0.36312881146574155,0.6368669758140858
21733.0,3.8545329284950106E-17,1.7312331767511048E-11,0.9999999999826876
21666.0,7.748549967895003E-25,6.292632071304909E-11,0.9999999999370737
21192.0,6.025971780711889E-8,1.7166954707680297E-4,0.9998282701932054
21467.0,5.434098145753918E-15,2.1330714941979798E-5,0.9999786692850526
20989.0,0.19240763748439157,0.8075880059475513,4.356568057058928E-6
20210.0,2.8874790098588712E-12,1.6583033064003852E-15,0.999999999997111
20718.0,1.1365327342796342E-10,5.145646945754679E-10,0.999999999371782
20449.0,9.114177266256362E-4,0.00279367325052793,0.9962949090228463
21615.0,0.6623351541724279,0.3375698880293894,9.495779818269554E-5
21270.0,0.5722810459216991,0.42752866376047377,1.9029031782707919E-4
20997.0,0.006957984755871808,0.9679176769599801,0.02512433828414803
20515.0,4.684488237476197E-13,7.084493288538642E-7,0.9999992915502027
20268.0,0.9941419900469098,0.005858009493284684,4.59805428196372E-10
20031.0,1.0716246553524793E-5,0.9998368470770818,1.5243667636475748E-4
20784.0,7.795914378847583E-4,0.9893606792921833,0.009859729269931939
21547.0,5.697161083869835E-7,1.2772247001104807E-4,0.9998717078138807
20091.0,8.528386617938361E-4,0.43723748908227056,0.5619096722559357
20852.0,5.1847057146999004E-8,3.836552925212365E-11,0.9999999481145774
20328.0,0.010068067001197358,0.987477073137456,0.0024548598613465264
20583.0,4.553497322089284E-7,5.468576190463569E-6,0.9999940760740774
21057.0,5.460838654606817E-7,0.9938812300089305,0.006118223907204148
21330.0,0.7418468556757007,0.2581248508429927,2.829348130649333E-5
21734.0,0.13222405950048396,0.8676683592073364,1.0758129217967492E-4
20650.0,0.6114280770082955,0.3885694857522071,2.437239497375586E-6
20389.0,0.47774865513874415,0.5222513447491395,1.121164562972021E-10
20150.0,1.8104339277526174E-6,0.878610362277838,0.1213878272882342
20921.0,0.6439479285956237,0.35605205665315526,1.4751221150234576E-8
21407.0,0.0059429413435075846,0.9938889257577406,1.6813289875166896E-4
21132.0,1.3347403506865497E-7,0.9658567167098246,0.03414314981614035
21193.0,7.38803402083434E-7,3.9917873252509465E-4,0.9996000824640728
21466.0,2.3887553980167793E-7,0.006873985280948888,0.9931257758435114
20211.0,1.1095720398134993E-7,0.0030530216407471116,0.996946867402049
20988.0,5.910804087759769E-8,5.74891579999203E-4,0.99942504931196
20719.0,6.0462932412194505E-15,5.784157551685187E-13,0.9999999999994155
20448.0,6.785895669113925E-13,5.839545560920849E-9,0.9999999941597758
21667.0,1.8240392050851315E-9,4.954343488434823E-4,0.9995045638271174
21271.0,0.999887984274471,1.120147628393118E-4,9.626896623343908E-10
20996.0,0.9995677616242339,4.3223632904104236E-4,2.046725020740461E-9
20514.0,0.4355814363671147,0.564406570469181,1.1993163704406652E-5
20269.0,9.69707565299387E-22,2.3900673893510273E-18,1.0
20030.0,5.622643753530894E-7,1.879363466410967E-4,0.9998115013889836
20785.0,9.721985535692474E-6,8.404300030764864E-4,0.9991498480113878
21614.0,4.460159942161182E-10,3.2227738535297935E-6,0.9999967767801304
20853.0,0.7424591346848253,0.25724031849595885,3.00546819215761E-4
20090.0,0.9765991470033755,0.020179204493944676,0.0032216485026799087
20582.0,2.069222393383429E-9,2.141980833409325E-5,0.9999785781224435
20329.0,2.2430922150714643E-4,0.2107188073883243,0.7890568833901686
21056.0,1.0511713108556825E-10,0.04779679100677461,0.9522032088881084
21331.0,0.5416485637788165,0.45835138915593054,4.7065252892717966E-8
21546.0,9.615020988726252E-13,1.453516238632869E-18,0.9999999999990384
20388.0,0.9981851604616547,0.0018148395383409386,4.342446531782059E-15
20651.0,0.0024722641651934354,0.991613421882577,0.0059143139522297525
20151.0,5.266826859802225E-8,1.9974682205760384E-7,0.9999997475849094
20920.0,0.9567061603798668,0.04308457703944278,2.0926258069036528E-4
21406.0,0.008769896524579348,0.0013777821290471876,0.9898523213463735
21133.0,0.23654041040851023,0.7634567316904493,2.8579010404582865E-6
21735.0,0.9190248827417592,0.08096330051268992,1.1816745550910039E-5
21122.0,3.0654528377949175E-19,2.2363982492248236E-13,0.9999999999997764
21393.0,5.8311396619821555E-9,5.633878949438151E-14,0.999999994168804
20152.0,0.05574455813988643,0.9439361763548482,3.192655052654564E-4
20919.0,0.95322458266841,0.046775417321623235,9.966795278048373E-12
20644.0,0.0013264089127539408,0.8195159085414183,0.17915768254582776
20395.0,4.679290033107276E-9,3.1299031285706934E-8,0.9999999640216786
21736.0,1.607877733116563E-4,0.7160208143009072,0.28381839792578123
21340.0,9.435511870950426E-8,2.7698325848307675E-5,0.9999722073190329
21071.0,0.4107097096310514,0.03516560285889284,0.5541246875100557
20585.0,0.6255815152934749,0.374397615156313,2.086955021203176E-5
20326.0,4.1467828357786905E-6,4.0066353115349063E-13,0.9999958532167634
20858.0,0.1252361447451464,1.7876587389221348E-6,0.8747620675961147
20085.0,6.630041977732226E-10,2.727366070620229E-11,0.9999999993097222
21541.0,1.3011750001035034E-9,2.909516579940074E-5,0.9999709035330255
20798.0,0.023033055050861406,0.9769567162443876,1.0228704750854276E-5
20017.0,0.9875435258635844,0.012456474136056796,3.5885349942834406E-13
20258.0,5.382424922023256E-4,0.9831463088203869,0.01631544868741081
20525.0,0.839397624998192,1.690995191386885E-4,0.16043327548266922
21003.0,0.9865518253173736,0.01316714605159274,2.810286310337361E-4
21272.0,0.025728885865681995,0.10488060015460211,0.869390513979716
21601.0,9.130826250742791E-6,4.1904312530182226E-5,0.9999489648612191
20704.0,0.003277219436861962,0.003746690627469832,0.9929760899356682
20463.0,7.806659827054911E-7,3.159776279537059E-5,0.9999676215712219
20220.0,0.6931174450481666,8.363044679118829E-4,0.3060462504839215
20979.0,8.11330142001697E-17,4.176245150192229E-14,0.9999999999999581
21461.0,4.583841928836413E-15,4.463802323239279E-9,0.9999999955361931
21190.0,1.4178904048947011E-4,0.0011319059675830884,0.9987263049919274
21676.0,0.005234705985277297,0.7460176941728837,0.248747599841839
21737.0,9.373139800472056E-6,1.8365385737613961E-7,0.9999904432063422
21123.0,8.252543217992803E-6,0.0075974520522142765,0.9923942954045677
21392.0,8.774369988645397E-11,2.462660125813076E-9,0.9999999974495962
20918.0,2.414911184043915E-8,5.0957180082121075E-6,0.99999488013288
20153.0,4.468930361895014E-6,2.584309041987483E-6,0.999992946760596
20645.0,2.370748079686386E-8,0.019159399797435216,0.980840576495084
20394.0,4.1364038501694934E-5,0.5905912592580934,0.4093673767034049
21540.0,0.25443608632146597,0.7332991827372825,0.01226473094125151
21341.0,0.9763868295721797,4.570038730568145E-4,0.023156166554763335
21070.0,0.006845764491272921,0.32266249623004795,0.6704917392786792
20584.0,0.04420472318307195,0.9200652771316992,0.03572999968522894
20327.0,0.7942391061123899,0.20449544083208723,0.0012654530555228046
20084.0,0.02308073256640369,0.9769192629485101,4.4850861802176716E-9
20859.0,3.104970261930686E-14,4.551557074142137E-9,0.9999999954484118
21600.0,1.7514479121028105E-8,2.516366010632824E-5,0.9999748188254145
20016.0,2.2579337699083522E-7,0.08158358954262881,0.9184161846639942
20799.0,0.8429997069476397,0.15700016198944017,1.310629201488682E-7
20259.0,1.3845538726330431E-11,5.027180011315103E-7,0.9999994972681534
20524.0,1.5069007473720505E-10,5.200411867450046E-9,0.999999994648898
21002.0,0.013948328105291471,0.2700772649542154,0.7159744069404932
21273.0,0.33419501204563967,0.6657718177983165,3.31701560438261E-5
21677.0,0.004949724594260936,0.994744298160207,3.059772455319551E-4
20705.0,1.441481800981199E-14,2.621322327802756E-7,0.9999997378677528
20462.0,0.05174047620370918,1.0157746288320335E-4,0.9481579463334076
20221.0,2.527813451673701E-5,0.7670001996478154,0.23297452221766793
20978.0,8.176944667170843E-20,6.359902660650365E-13,0.9999999999993641
21460.0,0.9767585729442186,0.02324142223255505,4.823226425863678E-9
21191.0,0.20040520993391836,0.7993809539763248,2.1383608975680124E-4
21395.0,0.6817975767581077,0.3181397631874785,6.266005441380692E-5
21120.0,9.624892341347867E-4,4.742536440538474E-4,0.9985632571218114
20646.0,0.994328607263579,0.005671378543680381,1.4192740679638724E-8
20393.0,0.0013315402426004386,0.9861531998468152,0.012515259910584553
20154.0,0.9586793371437202,0.04132066256787653,2.8840333635344556E-10
20917.0,2.7617037863940175E-12,6.857163649905584E-16,0.9999999999972377
21738.0,0.9916465800351244,0.00835341996475057,1.2515710158106891E-13
21069.0,0.9569652524259481,0.04303474757374686,3.049931905173556E-13
21342.0,0.14709319407182952,0.412057109897252,0.44084969603091845
20087.0,0.3251515574624837,0.35974580470737877,0.31510263783013753
20856.0,1.5950912056304629E-6,5.649447171239988E-9,0.9999983992593472
20324.0,0.9965154480980455,0.0034721350198033546,1.2416882151122532E-5
20587.0,5.075539775177808E-8,0.03018506213946403,0.9698148871051383
21543.0,0.7581013048070901,0.24189869463749608,5.554137768457393E-10
20527.0,3.316274680992274E-7,1.6582465874115593E-4,0.9998338437137907
20256.0,0.9928921957954912,0.007107804203861453,6.473852183327591E-13
20019.0,3.6048691751192237E-13,6.382604010722225E-10,0.9999999993613791
20796.0,1.4298443366875186E-13,1.156781788144269E-5,0.9999884321819756
21274.0,5.260876106682407E-8,0.9968643110372717,0.003135636353967249
21001.0,4.1821049224700194E-6,0.147020070845651,0.8529757470494266
21603.0,0.7986082463539245,0.20139170697518421,4.6670891318814886E-8
20977.0,1.0325315231346552E-5,2.934110951810633E-5,0.9999603335752506
20222.0,1.7391318163182964E-5,2.5052437596201483E-5,0.9999575562442407
20706.0,4.627865845933465E-5,0.0016979106339310086,0.9982558107076097
20461.0,7.383646163227414E-4,0.1846208765360897,0.8146407588475877
21188.0,5.055756648063289E-9,9.801790430725456E-8,0.9999998969263391
21463.0,1.4896695657637864E-7,0.027258785309290455,0.972741065723753
21678.0,0.9990816115545746,8.512755393589003E-4,6.711290606643225E-5
21739.0,0.013195792520698708,0.9867332066946134,7.100078468785863E-5
21394.0,0.030657313506733754,0.9495213546331948,0.019821331860071543
21121.0,0.02100932005720508,0.9787068676903505,2.838122524444018E-4
20647.0,1.1465239131744553E-17,3.2087055952350452E-6,0.9999967912944047
20392.0,1.4730649062737906E-14,1.7882011100113272E-10,0.9999999998211652
20155.0,9.782015237992799E-5,0.9992471061985587,6.550736490613377E-4
20916.0,8.308361432955015E-7,2.3164469508716635E-4,0.9997675244687696
21542.0,0.9310879641199233,0.06040317980217133,0.008508856077905313
21068.0,2.2214451927530068E-5,3.2635585678960076E-4,0.9996514296912828
21343.0,0.2842185204796656,0.6987301579941512,0.017051321526183206
20857.0,0.09798726439278085,0.9017935253096273,2.1921029759169842E-4
20086.0,0.8977342236550399,0.10226577633979136,5.1688137387679425E-12
20325.0,1.6009126327023995E-5,0.02295938644696029,0.9770246044267127
20586.0,1.6117730699070978E-9,3.0409378241256065E-5,0.9999695890099857
21602.0,1.422544583289277E-7,0.005029705550107964,0.9949701521954337
20257.0,0.07450559232189123,0.9254943549934723,5.268463654060506E-8
20526.0,2.2769937334295376E-4,0.6134245215571067,0.38634777906955037
20018.0,0.9910215224074358,0.008978477592346509,2.1772593218446723E-13
20797.0,0.488386737152898,0.49426013484633385,0.01735312800076824
21275.0,4.044146977741683E-12,2.606424651632307E-7,0.9999997393534906
21000.0,4.818437258087722E-15,2.617763544975926E-10,0.9999999997382188
21679.0,7.989262902535465E-14,3.3806817743132416E-10,0.9999999996618519
20976.0,0.5679137488351008,0.3883170092801454,0.043769241884753805
20223.0,2.0767773747235E-9,0.8994783906677061,0.10052160725551665
20707.0,0.0061123178606491465,0.9781510722655735,0.015736609873777372
20460.0,0.05230000661463575,0.16110650423095516,0.7865934891544091
21189.0,0.7652393374132943,0.1298548801757722,0.1049057824109335
21462.0,0.04345983100475635,0.06176383326174932,0.8947763357334942
20589.0,0.9843394523288039,0.015660257736809024,2.899343871905321E-7
20322.0,8.298966911585643E-5,3.527798617031176E-6,0.9999134825322671
20081.0,1.529980316788062E-9,1.8434063762460284E-4,0.9998156578323951
20862.0,2.912642028956887E-5,1.985403512172859E-11,0.9999708735598564
21336.0,0.027403201093331202,0.0019376826435305377,0.9706591162631383
21067.0,0.9848742616716976,0.01512573830202737,2.62749893928597E-11
21537.0,3.2123496017492774E-8,1.4075148269705857E-6,0.9999985603616771
20156.0,1.317838521088027E-38,8.515587817385927E-21,1.0
20915.0,0.17104438875780473,0.82895531850012,2.927420752461576E-7
20640.0,5.458281111386585E-11,0.0029112055760645334,0.9970887943693527
20399.0,6.327424932950709E-4,0.5957420336450319,0.40362522386167315
21126.0,8.135080563921851E-8,0.9675530549358314,0.032446863713363
21397.0,0.0034008225142721704,7.952935092057479E-8,0.9965990979563769
21740.0,1.564649168709256E-5,5.672133174226511E-4,0.9994171401908903
21457.0,3.4564918499650107E-14,9.271038974795303E-10,0.9999999990728615
21186.0,0.9995242489076211,4.7575108990330405E-4,2.475458482515425E-12
20459.0,0.015005550726820386,0.9834321540879817,0.0015622951851979234
20708.0,0.1232078024527517,0.4788120803442174,0.39798011720303095
20983.0,0.062472417423267784,0.9371390929507148,3.8848962601722336E-4
20216.0,9.457188195988168E-4,0.9808147867487548,0.01823949443164649
21672.0,0.6591118367801855,0.34088722766897933,9.355508351055599E-7
21007.0,4.407572926080191E-9,5.4597153747372526E-5,0.9999453984386797
21276.0,5.360414013746341E-12,0.001007248187530812,0.9989927518071088
20794.0,0.020328130107945895,0.9651196285230925,0.0145522413689616
20021.0,0.9903539019195032,0.008773496222148597,8.72601858348204E-4
20521.0,0.6130609573564801,0.3869390033249162,3.931860365620117E-8
20262.0,8.617872089263504E-22,7.304708768391503E-11,0.999999999926953
21605.0,1.3605597892242998E-8,1.4630960962918167E-6,0.9999985232983057
21536.0,0.9728869977309108,0.027113002268995955,9.325946229368518E-14
20588.0,0.004602706443815843,2.1365792896657903E-4,0.9951836356272176
20323.0,0.8529479351214175,0.14081388769689718,0.006238177181685409
20080.0,0.8848681449032191,0.1013675499157871,0.01376430518099376
20863.0,2.50839002500743E-9,0.008836656278541353,0.9911633412130685
21337.0,6.139199628916163E-7,5.296839503637915E-13,0.9999993860795074
21066.0,3.831461584150154E-16,1.489346484246044E-7,0.9999998510653512
21741.0,2.2763958673653136E-11,0.0011546545651444026,0.9988453454120916
20157.0,0.01753110606089911,0.12997654590741528,0.8524923480316856
20914.0,0.9889740718403819,0.011025928157897392,1.7206969736417006E-12
20398.0,0.8770938104214033,0.11118721225409382,0.011718977324502864
20641.0,7.13459981878928E-13,8.080135043736977E-7,0.9999991919857821
21127.0,0.9318281111175146,0.06817184055095371,4.833153162585163E-8
21396.0,8.955788857878366E-5,3.1136928686848863E-4,0.9995990728245526
21673.0,0.4986793080765302,0.4909440985286859,0.010376593394783924
21456.0,0.9122833083819855,0.08771664284794807,4.877006644294383E-8
21187.0,9.104824789838726E-9,8.161581297299084E-9,0.9999999827335939
20709.0,8.775179574738559E-4,0.007309158163399365,0.9918133238791268
20458.0,0.0018446244518145766,4.2459045791316705E-4,0.9977307850902724
20982.0,0.18287502043853404,0.8077395696836763,0.009385409877789698
20217.0,1.9552812759375367E-5,0.44010126518061343,0.5598791820066271
21604.0,0.38591897409835074,2.8634580189546845E-4,0.6137946800997538
21006.0,0.004651873956433497,0.44247487886030235,0.5528732471832641
21277.0,2.81300033205194E-12,1.2937805697637801E-5,0.9999870621914894
20795.0,0.9864849789410642,0.013480694847033702,3.432621190216528E-5
20020.0,2.061633432647274E-5,0.35051503100738857,0.649464352658285
20520.0,0.7079350341750045,0.29206369021828826,1.2756067071295177E-6
20263.0,3.985664037879632E-10,1.9294838131025703E-15,0.9999999996014316
20083.0,0.6528392585369078,0.04550407458870073,0.3016566668743915
20860.0,1.448565168002074E-11,3.1583332702978186E-6,0.9999968416522441
20591.0,0.10409667501149503,0.004749625714329397,0.8911536992741756
20320.0,0.0036726915249060427,0.9958173436058484,5.099648692454185E-4
21065.0,0.508955634658504,0.49103816961092456,6.195730571400658E-6
21338.0,0.04748795602816236,0.09220062575434688,0.8603114182174908
21539.0,0.9997889191530893,1.9424888497265215E-4,1.6831961938078246E-5
20642.0,0.24276564018570743,2.2847165499145445E-5,0.7572115126487934
20397.0,4.542190453161022E-5,0.5511714119276356,0.44878316616783287
20158.0,0.011084602418456775,0.0010940288311509989,0.9878213687503923
20913.0,0.999674352218464,3.256477814035604E-4,1.325581979417558E-13
21399.0,0.9924724503046541,0.007527543439571062,6.255774922892308E-9
21124.0,8.129953936609046E-9,7.235349125038649E-4,0.9992764569575422
21742.0,0.6110943741607957,0.3510514610021906,0.03785416483701377
21184.0,5.109228011455463E-5,0.7468375829583643,0.25311132476152126
21459.0,1.6226270670864163E-7,1.0790805529507672E-5,0.9999890469317638
20981.0,4.954766751110448E-27,3.826140878447342E-15,0.9999999999999961
20218.0,0.30947372260190625,0.2362226131938605,0.4543036642042333
20457.0,0.019060155177741685,0.7569572060130059,0.22398263880925245
20710.0,0.013627452974871885,0.9862855885181512,8.695850697696948E-5
21674.0,0.9981612222658135,0.0018387777341492462,3.7206002541331676E-14
21278.0,0.9625025442442617,0.03749702491741489,4.3083832340066947E-7
21005.0,0.38214895758295175,0.6175438007770947,3.0724163995352104E-4
20260.0,1.0002368699577922E-7,0.8405239567941888,0.1594759431821242
20523.0,0.9951314425250648,0.004868553770500331,3.7044347807679197E-9
20023.0,5.0657846453616413E-5,0.35922648274838775,0.6407228594051586
20792.0,4.387529030361744E-4,8.594766132493849E-7,0.9995603876203506
21607.0,1.6040058372783737E-12,8.277378979977845E-9,0.9999999917210171
21538.0,0.1555476047639991,0.13454153378241204,0.709910861453589
20861.0,0.7532017392954161,0.24679826060930313,9.528073541660691E-11
20082.0,0.05301330093728146,0.1029727662606715,0.8440139328020471
20321.0,3.762884357406071E-6,6.784989499928774E-4,0.9993177381656497
20590.0,9.355477963132848E-18,1.0761885081967619E-11,0.9999999999892382
21064.0,0.9981345536994325,0.0018654463001843268,3.830846679817841E-13
21339.0,0.998482899408013,3.951261201779761E-4,0.001121974471808958
21743.0,0.004769447453747844,3.1277591827522974E-7,0.9952302397703339
20396.0,7.092493516879204E-24,8.54423069049917E-7,0.999999145576931
20643.0,9.241950029724487E-4,0.38101980756903414,0.6180559974279934
20159.0,0.43261991673664923,0.567380079612119,3.651231790460439E-9
20912.0,0.480157444180819,0.5159576010426907,0.0038849547764903763
21398.0,7.913685316309841E-4,0.8627624483874067,0.13644618308096243
21125.0,0.9988014439703489,2.033596285234136E-4,9.951964011275347E-4
21675.0,0.9126622056571642,0.02004252957322044,0.06729526476961534
21185.0,0.004050403595405664,0.0014451341606983245,0.9945044622438961
21458.0,2.769893175750244E-7,1.835240166333786E-5,0.999981370609019
20980.0,1.4273115577473162E-8,2.4225975802828784E-5,0.9999757597510817
20219.0,2.3234388647881176E-11,9.932156844504238E-10,0.99999999898355
20456.0,3.6060911392820856E-5,0.9740649623361872,0.02589897675242001
20711.0,4.1361036553703375E-9,8.112036479180329E-5,0.9999188754991046
21606.0,0.9996172455040694,3.826791912223965E-4,7.530470818886132E-8
21279.0,5.517450890538469E-10,0.891201434016885,0.10879856543136983
21004.0,0.03701353747951585,0.9629464003117602,4.006220872396132E-5
20261.0,1.174609177480249E-16,4.190307456652279E-17,0.9999999999999998
20522.0,0.06969893045369022,0.9303010692534535,2.928563751773224E-10
20022.0,0.0022410152914997088,0.0034073340684392904,0.994351650640061
20793.0,0.0198016846865464,0.0013683684644521066,0.9788299468490015
20008.0,1.8476198901991836E-8,1.531393013421704E-7,0.9999998283844997
20775.0,2.787532006195084E-5,2.571752522247039E-7,0.9999718675046859
20532.0,2.169643253487421E-23,1.1896419627364193E-8,0.9999999881035804
20283.0,0.5944629201304436,9.430101250724523E-6,0.4055276497683058
21010.0,5.1780696287700325E-6,0.10857358847998964,0.8914212334503816
21249.0,2.151755237377797E-17,7.81429902563136E-15,0.9999999999999921
21624.0,0.001374678278263558,0.041020214111243035,0.9576051076104934
20729.0,1.0837772307743474E-4,0.807197035768994,0.19269458650792862
20470.0,0.523578916017812,0.47642066790533866,4.160768492875556E-7
20970.0,0.002928873728155219,0.004569853887522042,0.9925012723843227
20197.0,0.32157883083548394,0.42666123612104995,0.25175993304346617
21452.0,0.9959928386925178,0.004007161304095089,3.3871535305087258E-12
21215.0,9.275702532435784E-5,0.22130092894695716,0.7786063140277185
21685.0,0.06592980249355893,0.17835854232517281,0.7557116551812683
21147.0,4.789270966419239E-13,2.9427471002093165E-8,0.9999999705720501
21384.0,0.041071564118452385,0.9551636912920608,0.003764744589486681
20129.0,9.964958327586288E-4,0.9987816950240057,2.2180914323556257E-4
20910.0,0.41515537876209285,0.5752875585084395,0.009557062729467799
20669.0,7.235960170876392E-4,0.05746362886497086,0.9418127751179415
20402.0,0.7878515874117334,0.21214841258504238,3.2243421610076846E-12
21745.0,0.14352830853517362,0.09918753279872383,0.7572841586661025
21317.0,6.705399401055928E-11,6.303610643301354E-5,0.999936963826513
21078.0,4.3593571805466795E-4,0.020677976668197075,0.9788860876137483
20351.0,0.003497904547975471,0.0011652421745100314,0.9953368532775144
20592.0,0.9998429711333108,1.56695489738335E-4,3.333769510130294E-7
20076.0,0.00380578621849878,0.988508298680689,0.0076859151008122645
20835.0,0.12318761432799086,0.8763228019810455,4.895836909636528E-4
21564.0,0.9841196780436201,0.015880306382517178,1.557386269889862E-8
21625.0,0.01068011973733304,0.7686188713925576,0.2207010088701094
20774.0,0.0031284440052364066,0.42216220689371764,0.5747093491010459
20009.0,1.667244604769873E-5,0.04917893794024188,0.9508043896137105
20533.0,6.398736674317266E-4,0.8425167255368359,0.15684340079573236
20282.0,6.758103594736995E-6,0.017352428358235073,0.9826408135381702
21011.0,0.002603292567701381,0.918213376517307,0.07918333091499179
21248.0,0.026481218406952813,0.9729249457671959,5.938358258513565E-4
21684.0,9.089982953713719E-7,7.525260723329363E-5,0.9999238383944713
20728.0,0.9973675548550799,0.0026324159957184065,2.9149201672359546E-8
20471.0,0.5487818771196928,0.005973930190942947,0.44524419268936427
20196.0,0.9954875505036236,0.004512423811181458,2.5685195056945467E-8
20971.0,8.151070099252963E-7,9.374506625115847E-5,0.999905439826739
21453.0,7.010954941604811E-7,4.465482343174016E-4,0.9995527506701885
21214.0,0.10497265852213089,0.8949628091249167,6.453235295251346E-5
21744.0,7.668408031857792E-4,0.9990753010246511,1.5785817216297095E-4
21146.0,1.0099260244723232E-17,2.030471157068869E-18,1.0
21385.0,0.21817932529332218,0.004990910074862875,0.776829764631815
20128.0,4.23201766218277E-4,1.6553924513174016E-4,0.9994112589886499
20911.0,0.0011449589277427604,0.2240896439043651,0.7747653971678922
20668.0,0.014216701875991267,3.143872597880021E-4,0.9854689108642207
20403.0,1.713904975079135E-12,1.583309829291617E-12,0.9999999999967027
21565.0,0.03709561742909872,0.11682754386673648,0.8460768387041647
21316.0,0.09108940063198259,0.8353759840837545,0.07353461528426289
21079.0,0.0026636173299801015,0.9666210863458268,0.030715296324193012
20593.0,0.9027680370238828,0.09723166672670015,2.9624941701170115E-7
20350.0,7.130901313054088E-5,0.9266884957019776,0.07324019528489176
20834.0,0.10558177050203268,0.8914459299459028,0.0029722995520646924
20077.0,0.9146594910613225,0.08534050893733731,1.3402798287113123E-12
20281.0,0.12085214808677047,0.8789282768793009,2.195750339286922E-4
20534.0,1.7167410211371115E-8,3.563722227137261E-11,0.9999999827969526
20773.0,2.4336029744793053E-5,0.9555284567865917,0.04444720718366352
20010.0,0.9985770494770811,0.0013871383239573965,3.581219896149297E-5
21251.0,1.3029421311218343E-8,0.001220242274850878,0.9987797446957278
21008.0,0.010685353193812842,8.659568169427311E-4,0.9884486899892444
21626.0,0.04171196556146238,0.0378437767058393,0.9204442577326983
20199.0,9.363682052644391E-7,0.9999731626269612,2.590100483352346E-5
20968.0,1.1048338857620813E-23,6.589266041031631E-28,1.0
20468.0,0.9971116701234657,0.0028883298762228736,3.114112669964344E-13
20731.0,0.07289795727893823,0.9263616209412909,7.404217797707281E-4
21213.0,0.5680080496246862,0.018499551401038615,0.41349239897427514
21454.0,3.5650924254709224E-7,2.1548146290145342E-4,0.9997841620278559
21687.0,0.013588865219492341,0.02376328440498466,0.9626478503755229
21386.0,0.9692647717544312,0.030735227557042343,6.885266034536093E-10
21145.0,0.9840935231254936,0.0102416172501221,0.005664859624384314
20400.0,1.6793843054039323E-7,0.05850736003165093,0.9414924720299185
20671.0,0.0015731637724747953,0.9984201228442271,6.713383298061397E-6
20908.0,7.998026163554396E-5,4.862407228853789E-10,0.9999200192521237
20131.0,0.8787443971208204,0.12124857937382039,7.023505359218138E-6
21747.0,0.972208523101255,0.027791476891082387,7.662679916058091E-12
21076.0,0.8819730658636152,0.11802690013667469,3.399970999026998E-8
21319.0,1.7885871836421381E-6,0.38830551533848384,0.6116926960743324
20833.0,0.058157038491667916,0.941842960571359,9.369731265548232E-10
20078.0,6.654493094993156E-10,8.531397809000377E-12,0.9999999993260192
20594.0,0.9983739025059442,0.001626097493967829,8.802463437949728E-14
20349.0,0.9237289345892149,0.07626559936006302,5.4660507220368966E-6
21566.0,2.9323905269051486E-4,0.32966182899878427,0.6700449319485252
21627.0,7.2159993015509535E-12,8.184755504599678E-12,0.9999999999845993
20280.0,0.36460694603844096,0.6164901105330873,0.018902943428471534
20535.0,0.9880265238213313,0.011973471837220369,4.34144832602855E-9
20011.0,3.0098059633184737E-10,1.1320849367322676E-5,0.999988678849652
20772.0,0.8264003604255473,0.15316678812764592,0.02043285144680675
21250.0,0.9978679809875219,0.0021320189777329383,3.474500068785225E-11
21009.0,1.5420289020868275E-10,0.003939465123381091,0.9960605347224161
21686.0,6.664548500271627E-10,3.3743558177302804E-7,0.9999996618979634
20969.0,0.09626678837136783,0.7950627380176518,0.10867047361098046
20198.0,8.599618922790853E-16,3.628215127768907E-8,0.9999999637178478
20469.0,0.607339150904097,0.006349166994609282,0.3863116821012937
20730.0,6.913737588082952E-12,5.625536497960988E-6,0.9999943744565882
21212.0,4.6328361130864046E-7,0.20979785414891317,0.7902016825674756
21455.0,0.9990723546272112,9.275450131374664E-4,1.0035965140816726E-7
21746.0,0.019902156554399066,0.9799007719678942,1.9707147770685343E-4
21387.0,1.066739246468933E-12,5.850333228795644E-9,0.9999999941486
21144.0,0.0075430839961080085,0.9918181758246991,6.387401791928958E-4
20401.0,1.3311573500632998E-9,0.04280931647761861,0.957190682191224
20670.0,4.735083035308635E-9,2.22353198754284E-5,0.9999777599450416
20909.0,1.1475792845691119E-7,8.017164540025076E-4,0.999198168788069
20130.0,1.0202576516804801E-7,1.7398278196110443E-6,0.9999981581464152
21567.0,0.9075596084870465,0.09244039148019884,3.275463296135128E-11
21077.0,0.9188383074663468,0.08048507709561362,6.76615438039498E-4
21318.0,3.3247661130153225E-6,0.026358609542902492,0.9736380656909845
20832.0,3.6012554534713486E-28,5.191140786971784E-12,0.9999999999948088
20079.0,0.03262058490319466,0.9673791191486119,2.9594819350476357E-7
20595.0,0.0010543434500849124,0.014833643712394162,0.9841120128375209
20348.0,2.9690088047023874E-7,3.301502639026021E-6,0.9999964015964805
21448.0,0.0721740877002975,0.691033193225144,0.23679271907455846
21211.0,0.9843570862908674,0.01564291370494663,4.1859815908299775E-12
20466.0,0.9945987536904439,0.00540124630953233,2.3669932070069208E-14
20733.0,1.53458553473689E-6,0.6940846957763442,0.305913769638121
20974.0,0.12619290145672937,0.011899804817969,0.8619072937253016
20193.0,0.27724631090303137,0.6933964830773205,0.02935720601964803
21681.0,0.9000688228221817,0.09993009706291162,1.080114906789264E-6
21014.0,0.9974373159524188,0.0025626840475709857,1.0221563843694444E-14
21253.0,0.4226113184350035,0.5619130030212832,0.015475678543713135
20012.0,1.5048689103044582E-5,0.0015850760949069227,0.99839987521599
20771.0,0.7351421622266827,0.26485750896416205,3.288091552317285E-7
20287.0,0.0437693959371627,0.9562305610480504,4.3014786953577446E-8
