21609.0,0.6233333333333331,0.0,0.376666666666667
20790.0,0.40333333333333343,0.11,0.4866666666666666
20025.0,0.24000000000000007,0.6666666666666665,0.09333333333333342
20517.0,0.6666666666666667,0.3133333333333333,0.020000000000000025
20266.0,0.4733333333333334,0.5266666666666666,0.0
20995.0,0.0,0.3600000000000002,0.6399999999999999
21264.0,0.6666666666666666,0.3333333333333333,0.0
21668.0,0.29,0.043333333333333376,0.6666666666666666
20455.0,0.6066666666666662,0.3933333333333337,0.0
20712.0,0.34333333333333343,0.6499999999999998,0.006666666666666673
20987.0,0.5133333333333332,0.003333333333333333,0.48333333333333345
20212.0,0.6666666666666666,0.016666666666666684,0.3166666666666666
21469.0,0.6666666666666665,0.24000000000000007,0.09333333333333342
21198.0,0.6666666666666666,0.3333333333333333,0.0
21728.0,0.3366666666666667,0.0,0.6633333333333333
21130.0,0.0,0.5866666666666663,0.4133333333333336
21401.0,0.42333333333333345,0.020000000000000004,0.5566666666666665
20144.0,0.09333333333333338,0.37000000000000005,0.5366666666666665
20927.0,0.0,0.6033333333333329,0.3966666666666671
20387.0,0.6566666666666666,0.3433333333333334,0.0
20652.0,0.006666666666666672,0.6266666666666665,0.3666666666666668
21549.0,0.5566666666666666,0.4400000000000001,0.0033333333333333344
21332.0,0.1433333333333335,0.21666666666666676,0.6399999999999997
21063.0,0.0,0.34,0.66
20577.0,0.24666666666666667,0.15000000000000013,0.603333333333333
20334.0,0.0,0.3333333333333333,0.6666666666666666
20850.0,0.3366666666666667,0.0,0.6633333333333333
20093.0,0.16333333333333352,0.663333333333333,0.17333333333333348
20024.0,0.016666666666666677,0.36333333333333345,0.6199999999999999
20791.0,0.6666666666666666,0.3333333333333333,0.0
20267.0,0.45333333333333325,0.4066666666666666,0.1400000000000001
20516.0,0.010000000000000002,0.47333333333333333,0.5166666666666666
20994.0,0.01000000000000001,0.33666666666666667,0.6533333333333333
21265.0,0.0,0.43000000000000005,0.5700000000000001
21608.0,0.3266666666666666,0.62,0.05333333333333336
20713.0,0.4433333333333334,0.3400000000000001,0.21666666666666665
20454.0,0.4466666666666667,0.5133333333333332,0.04
20986.0,0.6666666666666666,0.3333333333333333,0.0
20213.0,0.0,0.49000000000000016,0.5099999999999999
21468.0,0.09666666666666664,0.4,0.5033333333333334
21199.0,0.08666666666666673,0.2466666666666667,0.6666666666666665
21669.0,0.0,0.3333333333333333,0.6666666666666666
21131.0,0.026666666666666696,0.3066666666666666,0.6666666666666666
21400.0,0.29333333333333333,0.6466666666666666,0.06000000000000005
20926.0,0.0,0.33666666666666667,0.6633333333333333
20145.0,0.1333333333333335,0.6466666666666664,0.22000000000000008
20386.0,0.19333333333333347,0.6266666666666664,0.18000000000000013
20653.0,0.0,0.4899999999999999,0.5100000000000001
21729.0,0.6666666666666666,0.2733333333333334,0.06000000000000005
21333.0,0.2700000000000001,0.07666666666666672,0.6533333333333332
21062.0,0.6166666666666665,0.0933333333333334,0.29000000000000004
20576.0,0.6666666666666667,0.33,0.0033333333333333375
20335.0,0.16666666666666685,0.6299999999999997,0.2033333333333335
20092.0,0.27,0.6533333333333333,0.07666666666666672
20851.0,0.6666666666666666,0.3333333333333333,0.0
21548.0,0.6666666666666666,0.3333333333333333,0.0
21611.0,0.6666666666666667,0.3166666666666666,0.016666666666666687
20519.0,0.12000000000000013,0.22000000000000008,0.6599999999999998
20264.0,0.5933333333333332,0.10000000000000006,0.3066666666666667
20788.0,0.0,0.6533333333333333,0.34666666666666673
20027.0,0.4866666666666667,0.5000000000000001,0.013333333333333334
21266.0,0.03666666666666671,0.6666666666666666,0.29666666666666663
20993.0,0.6666666666666667,0.32333333333333325,0.010000000000000012
21670.0,0.48333333333333345,0.0,0.5166666666666665
20214.0,0.3099999999999999,0.1500000000000001,0.5399999999999999
20985.0,0.01,0.4900000000000002,0.4999999999999998
20453.0,0.003333333333333337,0.3333333333333333,0.6633333333333333
20714.0,0.30666666666666653,0.3333333333333332,0.3600000000000002
21196.0,0.5399999999999999,0.07999999999999999,0.38000000000000017
21471.0,0.6633333333333332,0.23333333333333342,0.10333333333333343
21730.0,0.21000000000000002,0.26333333333333336,0.5266666666666665
21403.0,0.31666666666666654,0.12333333333333343,0.56
21128.0,0.0,0.42666666666666675,0.5733333333333331
20385.0,0.6666666666666666,0.3333333333333333,0.0
20654.0,0.5566666666666666,0.37,0.07333333333333335
20146.0,0.5366666666666667,0.056666666666666685,0.4066666666666667
20925.0,0.6666666666666666,0.3333333333333333,0.0
21551.0,0.05000000000000005,0.2833333333333333,0.6666666666666666
21061.0,0.0,0.3366666666666667,0.6633333333333333
21334.0,0.6133333333333332,0.03000000000000002,0.3566666666666668
20848.0,0.5866666666666667,0.3266666666666666,0.08666666666666671
20095.0,0.6633333333333331,0.10666666666666677,0.23000000000000007
20332.0,0.0,0.3400000000000001,0.6599999999999999
20579.0,0.24000000000000002,0.09666666666666675,0.6633333333333331
20265.0,0.07333333333333339,0.26000000000000006,0.6666666666666666
20518.0,0.6666666666666666,0.3333333333333333,0.0
20026.0,0.5833333333333329,0.37666666666666704,0.040000000000000015
20789.0,0.0,0.42000000000000026,0.5799999999999997
21267.0,0.21000000000000005,0.15666666666666682,0.6333333333333331
20992.0,0.006666666666666675,0.32666666666666666,0.6666666666666667
21610.0,0.47666666666666657,0.5200000000000001,0.003333333333333333
20984.0,0.09333333333333342,0.24000000000000007,0.6666666666666665
20215.0,0.0,0.5,0.5000000000000001
20452.0,0.6533333333333333,0.03333333333333338,0.31333333333333335
20715.0,0.31999999999999995,0.14666666666666678,0.5333333333333333
21197.0,0.22999999999999993,0.44,0.33
21470.0,0.6333333333333334,0.0633333333333334,0.3033333333333333
21671.0,0.03,0.5433333333333332,0.4266666666666668
21402.0,0.6666666666666667,0.33,0.0033333333333333375
21129.0,0.13333333333333344,0.36666666666666664,0.49999999999999994
20384.0,0.03666666666666668,0.43000000000000005,0.5333333333333333
20655.0,0.0,0.36666666666666686,0.6333333333333331
20147.0,0.5266666666666667,0.21666666666666656,0.2566666666666667
20924.0,0.0833333333333334,0.25000000000000006,0.6666666666666666
21731.0,0.006666666666666668,0.4366666666666667,0.5566666666666668
21060.0,0.006666666666666675,0.32666666666666666,0.6666666666666667
21335.0,0.6666666666666666,0.03666666666666671,0.29666666666666663
20094.0,0.20333333333333345,0.13000000000000017,0.6666666666666664
20849.0,0.6633333333333333,0.3199999999999999,0.016666666666666684
20578.0,0.36333333333333356,0.6066666666666665,0.030000000000000016
20333.0,0.5499999999999998,0.4200000000000001,0.03
21550.0,0.12666666666666682,0.23666666666666678,0.6366666666666665
21664.0,0.6599999999999999,0.34,0.0
21465.0,0.0,0.3500000000000001,0.6499999999999999
21194.0,0.0,0.5499999999999996,0.4500000000000003
20451.0,0.5566666666666663,0.4166666666666669,0.026666666666666665
20716.0,0.14333333333333348,0.6566666666666663,0.2000000000000001
20208.0,0.16666666666666685,0.5799999999999998,0.25333333333333324
20991.0,0.0,0.5266666666666663,0.4733333333333337
21613.0,0.65,0.32666666666666666,0.02333333333333336
20999.0,0.03333333333333338,0.64,0.32666666666666666
21268.0,0.35000000000000003,0.16666666666666677,0.4833333333333333
20029.0,0.0,0.3333333333333333,0.6666666666666666
20786.0,0.050000000000000065,0.3166666666666666,0.6333333333333334
20270.0,0.10666666666666677,0.23000000000000007,0.6633333333333331
20513.0,0.12000000000000009,0.3433333333333332,0.5366666666666668
21545.0,0.58,0.31,0.11000000000000008
20581.0,0.5566666666666665,0.4433333333333336,0.0
20330.0,0.0,0.5933333333333333,0.40666666666666673
20089.0,0.2466666666666667,0.6466666666666665,0.10666666666666678
20854.0,0.08666666666666664,0.4866666666666664,0.42666666666666686
21328.0,0.033333333333333375,0.29999999999999993,0.6666666666666666
21059.0,0.38333333333333364,0.6166666666666665,0.0
21732.0,0.1333333333333334,0.44666666666666655,0.4200000000000001
20923.0,0.056666666666666705,0.2933333333333334,0.6499999999999999
20148.0,0.0,0.3333333333333333,0.6666666666666666
20648.0,0.29333333333333317,0.4266666666666669,0.27999999999999997
20391.0,0.3199999999999999,0.1533333333333334,0.5266666666666667
21134.0,0.030000000000000027,0.6,0.3700000000000001
21405.0,0.4899999999999999,0.1533333333333334,0.3566666666666668
21464.0,0.17666666666666678,0.57,0.25333333333333335
21195.0,0.3033333333333333,0.030000000000000034,0.6666666666666666
20717.0,0.05000000000000005,0.6666666666666666,0.2833333333333333
20450.0,0.12000000000000013,0.25999999999999995,0.6199999999999998
20209.0,0.30333333333333323,0.4166666666666668,0.2799999999999999
20990.0,0.15000000000000016,0.2833333333333333,0.5666666666666664
21665.0,0.016666666666666684,0.6533333333333332,0.33
20998.0,0.27,0.08000000000000004,0.6499999999999999
21269.0,0.1333333333333335,0.24333333333333335,0.6233333333333332
20028.0,0.0,0.66,0.34
20787.0,0.19333333333333347,0.1866666666666668,0.6199999999999998
20271.0,0.1433333333333335,0.32333333333333314,0.5333333333333333
20512.0,0.47333333333333316,0.03000000000000001,0.49666666666666687
21612.0,0.0,0.5133333333333334,0.4866666666666666
20580.0,0.04000000000000004,0.2933333333333333,0.6666666666666666
20331.0,0.0,0.3700000000000002,0.6299999999999998
20855.0,0.6666666666666666,0.3333333333333333,0.0
20088.0,0.4566666666666668,0.24333333333333335,0.2999999999999998
21329.0,0.053333333333333365,0.35000000000000014,0.5966666666666666
21058.0,0.3533333333333332,0.5266666666666667,0.11999999999999998
21544.0,0.6666666666666666,0.04666666666666671,0.2866666666666666
20922.0,0.4766666666666669,0.016666666666666666,0.5066666666666664
20149.0,0.26999999999999996,0.12000000000000016,0.6099999999999999
20649.0,0.11333333333333345,0.22000000000000008,0.6666666666666664
20390.0,0.6599999999999999,0.34,0.0
21135.0,0.2133333333333334,0.13000000000000012,0.6566666666666664
21404.0,0.0,0.3333333333333333,0.6666666666666666
21733.0,0.0,0.3333333333333333,0.6666666666666666
21666.0,0.06333333333333338,0.27,0.6666666666666666
21192.0,0.21333333333333335,0.3433333333333332,0.44333333333333347
21467.0,0.0,0.34,0.6599999999999999
20989.0,0.2100000000000001,0.6666666666666664,0.12333333333333348
20210.0,0.6266666666666664,0.0033333333333333357,0.3700000000000003
20718.0,0.12333333333333348,0.2100000000000001,0.6666666666666664
20449.0,0.0,0.33666666666666667,0.6633333333333333
21615.0,0.31,0.61,0.08000000000000006
21270.0,0.6466666666666665,0.34666666666666685,0.006666666666666674
20997.0,0.15,0.3933333333333332,0.4566666666666668
20515.0,0.003333333333333337,0.32999999999999996,0.6666666666666666
20268.0,0.6666666666666664,0.20666666666666678,0.12666666666666682
20031.0,0.14666666666666686,0.5233333333333333,0.3299999999999998
20784.0,0.0,0.6199999999999997,0.3800000000000002
21547.0,0.02333333333333333,0.4600000000000002,0.5166666666666664
20091.0,0.13333333333333341,0.3600000000000001,0.5066666666666665
20852.0,0.6666666666666666,0.016666666666666684,0.3166666666666666
20328.0,0.3033333333333333,0.6599999999999999,0.03666666666666671
20583.0,0.19333333333333347,0.16333333333333355,0.643333333333333
21057.0,0.5466666666666666,0.3500000000000001,0.10333333333333339
21330.0,0.6599999999999999,0.33666666666666667,0.0033333333333333366
21734.0,0.42000000000000015,0.26999999999999985,0.31
20650.0,0.6633333333333331,0.21666666666666676,0.12000000000000013
20389.0,0.4766666666666666,0.4933333333333333,0.029999999999999992
20150.0,0.013333333333333346,0.6366666666666664,0.3500000000000002
20921.0,0.25000000000000006,0.6599999999999999,0.09000000000000008
21407.0,0.26333333333333336,0.6666666666666666,0.07000000000000005
21132.0,0.006666666666666674,0.6666666666666666,0.3266666666666666
21193.0,0.0,0.3333333333333333,0.6666666666666666
21466.0,0.1833333333333334,0.48333333333333356,0.33333333333333304
20211.0,0.0,0.4833333333333331,0.5166666666666668
20988.0,0.033333333333333375,0.31666666666666665,0.65
20719.0,0.1433333333333335,0.19000000000000014,0.6666666666666663
20448.0,0.03666666666666669,0.3466666666666668,0.6166666666666665
21667.0,0.23333333333333345,0.14333333333333353,0.6233333333333331
21271.0,0.6666666666666667,0.33,0.0033333333333333375
20996.0,0.6666666666666664,0.10666666666666677,0.22666666666666674
20514.0,0.6466666666666664,0.3533333333333335,0.0
20269.0,0.0,0.3333333333333333,0.6666666666666666
20030.0,0.06000000000000005,0.3066666666666666,0.6333333333333333
20785.0,0.6666666666666665,0.2766666666666666,0.056666666666666705
21614.0,0.03666666666666671,0.29666666666666663,0.6666666666666666
20853.0,0.2533333333333332,0.3266666666666667,0.42000000000000004
20090.0,0.6666666666666666,0.2866666666666666,0.04666666666666671
20582.0,0.0033333333333333366,0.36333333333333345,0.6333333333333332
20329.0,0.3766666666666669,0.6199999999999998,0.0033333333333333357
21056.0,0.0,0.5266666666666667,0.4733333333333332
21331.0,0.5266666666666666,0.4500000000000002,0.02333333333333334
21546.0,0.6499999999999999,0.0,0.3500000000000001
20388.0,0.6666666666666666,0.3333333333333333,0.0
20651.0,0.0,0.6099999999999998,0.3900000000000002
20151.0,0.1833333333333335,0.1500000000000002,0.6666666666666663
20920.0,0.0,0.3433333333333334,0.6566666666666666
21406.0,0.5833333333333331,0.17000000000000018,0.2466666666666667
21133.0,0.29666666666666663,0.6566666666666666,0.04666666666666671
21735.0,0.5966666666666665,0.04333333333333337,0.3600000000000001
21122.0,0.2633333333333334,0.23666666666666658,0.49999999999999994
21393.0,0.5466666666666663,0.0,0.4533333333333338
20152.0,0.19666666666666677,0.6633333333333331,0.14000000000000018
20919.0,0.44000000000000017,0.5599999999999997,0.0
20644.0,0.0,0.33666666666666667,0.6633333333333333
20395.0,0.6566666666666666,0.01000000000000001,0.3333333333333333
21736.0,0.016666666666666684,0.6499999999999999,0.3333333333333333
21340.0,0.1333333333333335,0.25,0.6166666666666665
21071.0,0.4800000000000002,0.09666666666666669,0.4233333333333332
20585.0,0.4799999999999999,0.13666666666666674,0.38333333333333336
20326.0,0.1500000000000002,0.1833333333333335,0.6666666666666663
20858.0,0.22333333333333336,0.5233333333333332,0.2533333333333334
20085.0,0.31,0.030000000000000034,0.66
21541.0,0.0,0.3866666666666669,0.6133333333333331
20798.0,0.01000000000000001,0.6633333333333333,0.3266666666666666
20017.0,0.6666666666666666,0.3333333333333333,0.0
20258.0,0.3900000000000003,0.40999999999999986,0.1999999999999999
20525.0,0.6599999999999998,0.23666666666666675,0.10333333333333343
21003.0,0.6333333333333331,0.21666666666666679,0.1500000000000002
21272.0,0.2133333333333334,0.663333333333333,0.12333333333333346
21601.0,0.1733333333333335,0.18666666666666684,0.6399999999999997
20704.0,0.06666666666666672,0.2666666666666667,0.6666666666666666
20463.0,0.2733333333333334,0.09333333333333342,0.6333333333333332
20220.0,0.14666666666666683,0.2733333333333333,0.5799999999999997
20979.0,0.4033333333333335,0.013333333333333336,0.5833333333333331
21461.0,0.06666666666666672,0.2666666666666667,0.6666666666666666
21190.0,0.04666666666666669,0.603333333333333,0.3500000000000002
21676.0,0.0,0.41333333333333344,0.5866666666666666
21737.0,0.42333333333333345,0.3266666666666666,0.24999999999999992
21123.0,0.0,0.5033333333333332,0.4966666666666668
21392.0,0.0,0.3333333333333333,0.6666666666666666
20918.0,0.6566666666666665,0.1000000000000001,0.24333333333333343
20153.0,0.6433333333333333,0.023333333333333362,0.3333333333333333
20645.0,0.0,0.34,0.6599999999999999
20394.0,0.12000000000000004,0.38666666666666655,0.49333333333333335
21540.0,0.6333333333333333,0.3233333333333334,0.04333333333333338
21341.0,0.5100000000000002,0.006666666666666666,0.48333333333333306
21070.0,0.0,0.5433333333333332,0.45666666666666683
20584.0,0.2666666666666667,0.11000000000000011,0.6233333333333332
20327.0,0.6666666666666666,0.3333333333333333,0.0
20084.0,0.3866666666666668,0.6099999999999999,0.0033333333333333366
20859.0,0.0,0.33666666666666667,0.6633333333333333
21600.0,0.37333333333333335,0.3199999999999999,0.30666666666666675
20016.0,0.0666666666666667,0.34000000000000014,0.5933333333333333
20799.0,0.5433333333333333,0.4566666666666667,0.0
20259.0,0.3199999999999999,0.31333333333333313,0.3666666666666669
20524.0,0.07000000000000005,0.26333333333333336,0.6666666666666666
21002.0,0.08333333333333327,0.46666666666666684,0.4499999999999998
21273.0,0.37000000000000033,0.6299999999999997,0.0
21677.0,0.42666666666666686,0.5733333333333333,0.0
20705.0,0.03000000000000001,0.37333333333333346,0.5966666666666665
20462.0,0.5133333333333333,0.14000000000000012,0.34666666666666646
20221.0,0.2533333333333333,0.5399999999999999,0.2066666666666667
20978.0,0.16666666666666685,0.16666666666666685,0.6666666666666662
21460.0,0.6566666666666665,0.3433333333333334,0.0
21191.0,0.6033333333333332,0.26999999999999996,0.12666666666666682
21395.0,0.2166666666666667,0.5566666666666666,0.22666666666666674
21120.0,0.003333333333333337,0.6566666666666666,0.34
20646.0,0.6666666666666666,0.3333333333333333,0.0
20393.0,0.3766666666666665,0.5300000000000002,0.09333333333333334
20154.0,0.6666666666666666,0.3333333333333333,0.0
20917.0,0.1933333333333335,0.15333333333333357,0.653333333333333
21738.0,0.6666666666666666,0.3333333333333333,0.0
21069.0,0.6666666666666666,0.3333333333333333,0.0
21342.0,0.3966666666666668,0.31000000000000005,0.29333333333333317
20087.0,0.036666666666666695,0.35333333333333355,0.6099999999999998
20856.0,0.06333333333333338,0.27,0.6666666666666666
20324.0,0.6566666666666667,0.02333333333333336,0.32
20587.0,0.016666666666666666,0.53,0.45333333333333337
21543.0,0.5299999999999998,0.4700000000000003,0.0
20527.0,0.043333333333333314,0.45999999999999996,0.4966666666666667
20256.0,0.6666666666666666,0.2733333333333334,0.06000000000000005
20019.0,0.0,0.3333333333333333,0.6666666666666666
20796.0,0.0,0.41333333333333355,0.5866666666666666
21274.0,0.0,0.6666666666666666,0.3333333333333333
21001.0,0.10666666666666678,0.6133333333333333,0.28
21603.0,0.6533333333333332,0.34666666666666685,0.0
20977.0,0.0,0.3333333333333333,0.6666666666666666
20222.0,0.39,0.040000000000000015,0.57
20706.0,0.6533333333333331,0.11666666666666681,0.23000000000000007
20461.0,0.01666666666666667,0.563333333333333,0.4200000000000003
21188.0,0.05666666666666672,0.29000000000000004,0.6533333333333333
21463.0,0.07333333333333332,0.4233333333333337,0.5033333333333331
21678.0,0.6666666666666667,0.33,0.0033333333333333375
21739.0,0.5033333333333335,0.39666666666666656,0.10000000000000003
21394.0,0.6033333333333332,0.26666666666666666,0.13000000000000014
21121.0,0.3166666666666666,0.6633333333333333,0.02000000000000002
20647.0,0.0,0.5066666666666667,0.4933333333333333
20392.0,0.0,0.46333333333333343,0.5366666666666666
20155.0,0.11000000000000011,0.6633333333333331,0.22666666666666674
20916.0,0.17000000000000018,0.17333333333333348,0.6566666666666663
21542.0,0.4099999999999999,0.16333333333333339,0.4266666666666668
21068.0,0.2233333333333334,0.11000000000000011,0.6666666666666664
21343.0,0.15000000000000002,0.39666666666666656,0.4533333333333334
20857.0,0.3533333333333334,0.6433333333333332,0.0033333333333333375
20086.0,0.6533333333333332,0.34666666666666685,0.0
20325.0,0.14000000000000004,0.47333333333333344,0.3866666666666665
20586.0,0.1766666666666668,0.26666666666666666,0.5566666666666666
21602.0,0.05000000000000005,0.2833333333333333,0.6666666666666666
20257.0,0.3133333333333333,0.6666666666666667,0.020000000000000025
20526.0,0.0,0.5833333333333328,0.41666666666666713
20018.0,0.6633333333333333,0.3366666666666667,0.0
20797.0,0.2699999999999999,0.16666666666666677,0.5633333333333334
21275.0,0.0,0.3333333333333333,0.6666666666666666
21000.0,0.010000000000000004,0.4533333333333335,0.5366666666666666
21679.0,0.0,0.6099999999999999,0.3900000000000001
20976.0,0.2833333333333333,0.23333333333333323,0.48333333333333345
20223.0,0.0,0.6666666666666666,0.3333333333333333
20707.0,0.3400000000000001,0.6599999999999999,0.0
20460.0,0.04666666666666671,0.3,0.6533333333333333
21189.0,0.5133333333333334,0.4866666666666666,0.0
21462.0,0.5233333333333333,0.1633333333333334,0.3133333333333333
20589.0,0.6666666666666666,0.3333333333333333,0.0
20322.0,0.4266666666666666,0.3399999999999999,0.23333333333333336
20081.0,0.0,0.5533333333333331,0.4466666666666669
20862.0,0.32999999999999996,0.003333333333333337,0.6666666666666666
21336.0,0.18000000000000005,0.27666666666666667,0.5433333333333333
21067.0,0.6666666666666666,0.3333333333333333,0.0
21537.0,0.3133333333333333,0.020000000000000025,0.6666666666666667
20156.0,0.010000000000000012,0.32333333333333325,0.6666666666666667
20915.0,0.3033333333333333,0.6466666666666667,0.05000000000000006
20640.0,0.3933333333333333,0.4833333333333332,0.12333333333333338
20399.0,0.0,0.3333333333333333,0.6666666666666666
21126.0,0.01333333333333335,0.6666666666666667,0.31999999999999995
21397.0,0.3400000000000001,0.0,0.6599999999999999
21740.0,0.5133333333333333,0.1266666666666667,0.3599999999999999
21457.0,0.0,0.45666666666666694,0.5433333333333331
21186.0,0.6666666666666666,0.2866666666666666,0.04666666666666671
20459.0,0.44,0.45333333333333325,0.10666666666666663
20708.0,0.0,0.6033333333333329,0.396666666666667
20983.0,0.05333333333333332,0.5033333333333334,0.4433333333333332
20216.0,0.27666666666666667,0.6633333333333332,0.06000000000000004
21672.0,0.5066666666666664,0.47333333333333355,0.019999999999999997
21007.0,0.12333333333333346,0.22000000000000006,0.6566666666666665
21276.0,0.0,0.3333333333333333,0.6666666666666666
20794.0,0.59,0.09000000000000002,0.32
20021.0,0.17333333333333337,0.37666666666666676,0.4499999999999998
20521.0,0.6666666666666666,0.3333333333333333,0.0
20262.0,0.033333333333333375,0.34666666666666685,0.6199999999999999
21605.0,0.003333333333333337,0.32999999999999996,0.6666666666666666
21536.0,0.6633333333333333,0.3366666666666667,0.0
20588.0,0.10333333333333329,0.42666666666666664,0.4699999999999999
20323.0,0.24333333333333323,0.3466666666666665,0.41000000000000025
20080.0,0.6666666666666666,0.043333333333333376,0.29
20863.0,0.0,0.3466666666666667,0.6533333333333333
21337.0,0.3066666666666666,0.026666666666666696,0.6666666666666666
21066.0,0.003333333333333337,0.32999999999999996,0.6666666666666666
21741.0,0.0,0.40333333333333354,0.5966666666666663
20157.0,0.06333333333333337,0.3266666666666667,0.61
20914.0,0.6666666666666666,0.3333333333333333,0.0
20398.0,0.6666666666666666,0.3033333333333333,0.030000000000000034
20641.0,0.030000000000000027,0.3633333333333336,0.6066666666666664
21127.0,0.5433333333333333,0.2866666666666666,0.17000000000000012
21396.0,0.0,0.3633333333333335,0.6366666666666666
21673.0,0.653333333333333,0.17000000000000018,0.17666666666666686
21456.0,0.6433333333333331,0.35666666666666696,0.0
21187.0,0.030000000000000034,0.30999999999999994,0.66
20709.0,0.28666666666666646,0.2166666666666667,0.49666666666666687
20458.0,0.5399999999999997,0.0,0.4600000000000003
20982.0,0.016666666666666684,0.6666666666666666,0.3166666666666666
20217.0,0.023333333333333352,0.6199999999999998,0.3566666666666668
21604.0,0.01666666666666668,0.36000000000000026,0.6233333333333331
21006.0,0.2333333333333333,0.51,0.2566666666666666
21277.0,0.01333333333333335,0.32666666666666666,0.66
20795.0,0.6366666666666666,0.35000000000000014,0.013333333333333346
20020.0,0.0,0.52,0.48
20520.0,0.37000000000000033,0.6299999999999997,0.0
20263.0,0.3333333333333333,0.0,0.6666666666666666
20083.0,0.0,0.5699999999999998,0.4300000000000001
20860.0,0.0,0.3366666666666667,0.6633333333333333
20591.0,0.6499999999999998,0.12000000000000015,0.23000000000000004
20320.0,0.4899999999999999,0.4500000000000002,0.06
21065.0,0.6666666666666667,0.32333333333333325,0.010000000000000012
21338.0,0.06666666666666672,0.2666666666666667,0.6666666666666666
21539.0,0.6633333333333333,0.05000000000000005,0.2866666666666666
20642.0,0.11000000000000011,0.6166666666666665,0.2733333333333333
20397.0,0.006666666666666669,0.41333333333333344,0.5799999999999998
20158.0,0.5299999999999997,0.4433333333333336,0.026666666666666658
20913.0,0.6666666666666666,0.3333333333333333,0.0
21399.0,0.5266666666666662,0.47333333333333377,0.0
21124.0,0.0,0.3333333333333333,0.6666666666666666
21742.0,0.2999999999999999,0.4833333333333333,0.2166666666666667
21184.0,0.0,0.4066666666666669,0.5933333333333332
21459.0,0.4666666666666665,0.04333333333333333,0.49000000000000016
20981.0,0.01000000000000001,0.32666666666666666,0.6633333333333333
20218.0,0.5966666666666665,0.3166666666666667,0.08666666666666673
20457.0,0.09333333333333342,0.6666666666666665,0.24000000000000007
20710.0,0.2533333333333333,0.5999999999999999,0.1466666666666668
21674.0,0.6666666666666666,0.3333333333333333,0.0
21278.0,0.22333333333333333,0.5899999999999999,0.18666666666666676
21005.0,0.08666666666666667,0.5299999999999999,0.38333333333333347
20260.0,0.0,0.5299999999999998,0.47000000000000014
20523.0,0.5999999999999998,0.39666666666666694,0.003333333333333335
20023.0,0.3566666666666667,0.5533333333333333,0.09000000000000001
20792.0,0.19000000000000017,0.18000000000000016,0.6299999999999997
21607.0,0.003333333333333333,0.5566666666666665,0.44
21538.0,0.16666666666666677,0.3733333333333333,0.45999999999999996
20861.0,0.3333333333333333,0.6666666666666666,0.0
20082.0,0.4633333333333335,0.14000000000000004,0.39666666666666645
20321.0,0.0,0.33666666666666667,0.6633333333333333
20590.0,0.006666666666666675,0.33333333333333337,0.66
21064.0,0.6666666666666666,0.3333333333333333,0.0
21339.0,0.6299999999999998,0.18666666666666676,0.18333333333333346
21743.0,0.6666666666666667,0.0033333333333333375,0.33
20396.0,0.0,0.42666666666666675,0.5733333333333334
20643.0,0.07666666666666672,0.32333333333333325,0.6
20159.0,0.48000000000000026,0.5199999999999997,0.0
20912.0,0.10666666666666667,0.44999999999999984,0.4433333333333335
21398.0,0.003333333333333337,0.3400000000000001,0.6566666666666666
21125.0,0.6166666666666666,0.053333333333333365,0.3299999999999999
21675.0,0.5966666666666665,0.25333333333333335,0.15000000000000016
21185.0,0.32999999999999996,0.003333333333333337,0.6666666666666666
21458.0,0.15333333333333354,0.18000000000000016,0.6666666666666663
20980.0,0.020000000000000025,0.3133333333333333,0.6666666666666667
20219.0,0.39333333333333365,0.0033333333333333344,0.6033333333333329
20456.0,0.08666666666666673,0.6666666666666665,0.2466666666666667
20711.0,0.27333333333333343,0.17333333333333348,0.5533333333333331
21606.0,0.5866666666666667,0.17000000000000012,0.24333333333333332
21279.0,0.0,0.46666666666666684,0.5333333333333331
21004.0,0.5066666666666666,0.4266666666666668,0.06666666666666664
20261.0,0.003333333333333337,0.32999999999999996,0.6666666666666666
20522.0,0.4133333333333336,0.5433333333333331,0.04333333333333334
20022.0,0.21333333333333332,0.2633333333333334,0.5233333333333333
20793.0,0.6499999999999999,0.0,0.3500000000000002
20008.0,0.003333333333333337,0.3333333333333333,0.6633333333333333
20775.0,0.43333333333333374,0.0,0.5666666666666663
20532.0,0.0,0.3433333333333334,0.6566666666666665
20283.0,0.16333333333333352,0.17000000000000018,0.6666666666666662
21010.0,0.32,0.03666666666666671,0.6433333333333333
21249.0,0.10666666666666677,0.22666666666666674,0.6666666666666664
21624.0,0.6099999999999998,0.2166666666666667,0.17333333333333345
20729.0,0.11333333333333344,0.6166666666666665,0.2700000000000001
20470.0,0.14000000000000018,0.6499999999999998,0.2100000000000001
20970.0,0.033333333333333375,0.29999999999999993,0.6666666666666666
20197.0,0.17666666666666672,0.45999999999999996,0.36333333333333334
21452.0,0.6666666666666666,0.3333333333333333,0.0
21215.0,0.0033333333333333366,0.6299999999999999,0.3666666666666668
21685.0,0.0,0.3500000000000001,0.6499999999999999
21147.0,0.0,0.3333333333333333,0.6666666666666666
21384.0,0.033333333333333375,0.6366666666666666,0.33000000000000007
20129.0,0.01000000000000001,0.6633333333333333,0.3266666666666666
20910.0,0.3099999999999999,0.19666666666666663,0.4933333333333335
20669.0,0.16333333333333352,0.17000000000000018,0.6666666666666662
20402.0,0.41333333333333355,0.5866666666666663,0.0
21745.0,0.6533333333333329,0.1500000000000002,0.19666666666666682
21317.0,0.010000000000000004,0.57,0.4200000000000001
21078.0,0.1666666666666667,0.28333333333333344,0.5499999999999998
20351.0,0.2666666666666667,0.12333333333333348,0.6099999999999998
20592.0,0.6666666666666666,0.29666666666666663,0.03666666666666671
20076.0,0.033333333333333354,0.5833333333333331,0.3833333333333334
20835.0,0.4200000000000002,0.5733333333333331,0.006666666666666667
21564.0,0.5299999999999999,0.45333333333333337,0.016666666666666666
21625.0,0.37333333333333324,0.5000000000000001,0.12666666666666668
20774.0,0.026666666666666696,0.32,0.6533333333333333
20009.0,0.006666666666666673,0.36333333333333345,0.6299999999999999
20533.0,0.36666666666666675,0.5666666666666665,0.06666666666666667
20282.0,0.010000000000000012,0.32333333333333325,0.6666666666666667
21011.0,0.5333333333333332,0.3966666666666667,0.06999999999999998
21248.0,0.5199999999999997,0.4233333333333336,0.056666666666666664
21684.0,0.3600000000000002,0.010000000000000009,0.6299999999999998
20728.0,0.6666666666666666,0.27,0.06333333333333338
20471.0,0.6466666666666666,0.05000000000000005,0.3033333333333333
20196.0,0.5299999999999997,0.4666666666666671,0.0033333333333333335
20971.0,0.24000000000000007,0.12666666666666682,0.6333333333333331
21453.0,0.003333333333333337,0.32999999999999996,0.6666666666666666
21214.0,0.033333333333333375,0.6666666666666667,0.3
21744.0,0.0366666666666667,0.6,0.3633333333333334
21146.0,0.3566666666666667,0.02666666666666669,0.6166666666666666
21385.0,0.5933333333333333,0.05000000000000003,0.3566666666666668
20128.0,0.623333333333333,0.00666666666666667,0.37000000000000044
20911.0,0.026666666666666672,0.4066666666666667,0.5666666666666667
20668.0,0.35333333333333333,0.08999999999999998,0.5566666666666665
20403.0,0.0,0.3333333333333333,0.6666666666666666
21565.0,0.1966666666666668,0.16666666666666685,0.6366666666666663
21316.0,0.01666666666666667,0.41000000000000014,0.5733333333333333
21079.0,0.2466666666666667,0.6533333333333331,0.10000000000000009
20593.0,0.3333333333333333,0.6633333333333333,0.003333333333333338
20350.0,0.0,0.5000000000000001,0.49999999999999994
20834.0,0.14000000000000018,0.28666666666666657,0.5733333333333333
20077.0,0.09666666666666675,0.5833333333333334,0.3199999999999998
20281.0,0.010000000000000007,0.6166666666666665,0.3733333333333336
20534.0,0.32666666666666666,0.006666666666666675,0.6666666666666667
20773.0,0.4966666666666667,0.13666666666666671,0.3666666666666666
20010.0,0.020000000000000014,0.35666666666666685,0.6233333333333331
21251.0,0.003333333333333334,0.40333333333333354,0.593333333333333
21008.0,0.6133333333333333,0.05666666666666672,0.33
21626.0,0.6333333333333332,0.07666666666666673,0.29000000000000004
20199.0,0.046666666666666655,0.5733333333333331,0.3800000000000002
20968.0,0.3033333333333333,0.030000000000000034,0.6666666666666666
20468.0,0.6666666666666666,0.3333333333333333,0.0
20731.0,0.1833333333333335,0.6333333333333331,0.18333333333333351
21213.0,0.28999999999999987,0.1766666666666668,0.5333333333333332
21454.0,0.03000000000000001,0.3833333333333337,0.5866666666666663
21687.0,0.0,0.3366666666666667,0.6633333333333333
21386.0,0.6599999999999999,0.34,0.0
21145.0,0.5233333333333333,0.4133333333333335,0.06333333333333332
20400.0,0.6399999999999998,0.3533333333333335,0.006666666666666673
20671.0,0.5566666666666665,0.44333333333333347,0.0
20908.0,0.32333333333333325,0.010000000000000012,0.6666666666666667
20131.0,0.5299999999999999,0.47,0.0
21747.0,0.6599999999999999,0.34,0.0
21076.0,0.6666666666666666,0.3333333333333333,0.0
21319.0,0.0033333333333333357,0.6199999999999998,0.3766666666666668
20833.0,0.32333333333333325,0.6599999999999999,0.01666666666666668
20078.0,0.40333333333333327,0.12,0.4766666666666668
20594.0,0.6666666666666666,0.3333333333333333,0.0
20349.0,0.6666666666666666,0.3333333333333333,0.0
21566.0,0.603333333333333,0.2000000000000001,0.19666666666666677
21627.0,0.0,0.3333333333333333,0.6666666666666666
20280.0,0.6333333333333333,0.3533333333333334,0.013333333333333348
20535.0,0.6666666666666666,0.3333333333333333,0.0
20011.0,0.0,0.3333333333333333,0.6666666666666666
20772.0,0.36666666666666675,0.55,0.08333333333333334
21250.0,0.6666666666666666,0.3333333333333333,0.0
21009.0,0.020000000000000018,0.3666666666666667,0.6133333333333333
21686.0,0.3533333333333334,0.4799999999999999,0.1666666666666668
20969.0,0.3766666666666667,0.6166666666666665,0.006666666666666671
20198.0,0.1066666666666668,0.2533333333333334,0.6399999999999999
20469.0,0.5066666666666664,0.03333333333333333,0.4600000000000002
20730.0,0.0,0.3333333333333333,0.6666666666666666
21212.0,0.030000000000000034,0.3033333333333333,0.6666666666666666
21455.0,0.6366666666666666,0.3266666666666666,0.03666666666666671
21746.0,0.3066666666666666,0.6666666666666666,0.026666666666666696
21387.0,0.0,0.3333333333333333,0.6666666666666666
21144.0,0.020000000000000014,0.6066666666666665,0.37333333333333346
20401.0,0.0,0.36000000000000004,0.6399999999999999
20670.0,0.0,0.33666666666666667,0.6633333333333333
20909.0,0.0,0.5466666666666665,0.4533333333333336
20130.0,0.006666666666666668,0.43666666666666676,0.5566666666666665
21567.0,0.6066666666666664,0.3933333333333337,0.0
21077.0,0.3866666666666666,0.45333333333333337,0.16000000000000006
21318.0,0.41,0.1866666666666666,0.4033333333333334
20832.0,0.0,0.3433333333333334,0.6566666666666666
20079.0,0.5266666666666666,0.4733333333333334,0.0
20595.0,0.25000000000000006,0.10333333333333344,0.6466666666666665
20348.0,0.09000000000000005,0.25000000000000006,0.6599999999999998
21448.0,0.0,0.37666666666666676,0.6233333333333332
21211.0,0.6633333333333332,0.27999999999999997,0.056666666666666705
20466.0,0.6666666666666666,0.3333333333333333,0.0
20733.0,0.0,0.5466666666666667,0.45333333333333325
20974.0,0.48333333333333317,0.059999999999999984,0.45666666666666683
20193.0,0.16666666666666685,0.6366666666666664,0.19666666666666677
21681.0,0.6633333333333333,0.33666666666666667,0.0
21014.0,0.6666666666666666,0.3333333333333333,0.0
21253.0,0.6533333333333332,0.10333333333333344,0.24333333333333335
20012.0,0.17000000000000015,0.22666666666666677,0.603333333333333
20771.0,0.6166666666666665,0.3833333333333335,0.0
20287.0,0.5333333333333333,0.3699999999999999,0.09666666666666668
20528.0,0.3366666666666667,0.0,0.6633333333333333
21628.0,0.01666666666666667,0.45333333333333337,0.53
20596.0,0.15333333333333352,0.23000000000000007,0.6166666666666665
20347.0,0.4333333333333334,0.5666666666666665,0.0
20839.0,0.3366666666666667,0.66,0.0033333333333333375
20072.0,0.07333333333333339,0.26000000000000006,0.6666666666666666
21313.0,0.6666666666666666,0.3333333333333333,0.0
21074.0,0.41666666666666685,0.5599999999999998,0.023333333333333334
21560.0,0.0,0.6366666666666666,0.3633333333333335
20133.0,0.09666666666666672,0.3466666666666667,0.5566666666666665
20906.0,0.09333333333333342,0.24000000000000007,0.6666666666666665
20665.0,0.6266666666666664,0.3733333333333336,0.0
20406.0,0.5199999999999999,0.48000000000000015,0.0
21151.0,0.010000000000000009,0.3666666666666668,0.6233333333333333
21388.0,0.0,0.3633333333333334,0.6366666666666666
21749.0,0.1833333333333335,0.17000000000000015,0.6466666666666663
21680.0,0.016666666666666687,0.3166666666666666,0.6666666666666667
21449.0,0.2733333333333334,0.06666666666666672,0.6599999999999999
21210.0,0.6633333333333333,0.3366666666666667,0.0
20732.0,0.32333333333333336,0.6633333333333334,0.01333333333333335
20467.0,0.4733333333333334,0.003333333333333333,0.5233333333333333
20975.0,0.6466666666666665,0.33666666666666667,0.01666666666666668
20192.0,0.21000000000000008,0.13000000000000014,0.6599999999999998
21629.0,0.003333333333333334,0.4500000000000003,0.5466666666666664
21015.0,0.013333333333333348,0.6633333333333333,0.3233333333333333
21252.0,0.6199999999999998,0.0,0.38000000000000017
20013.0,0.12333333333333348,0.21333333333333346,0.663333333333333
20770.0,0.2100000000000001,0.15666666666666687,0.6333333333333331
20529.0,0.0,0.3366666666666667,0.6633333333333333
20286.0,0.0,0.4566666666666667,0.5433333333333333
21561.0,0.6666666666666666,0.3333333333333333,0.0
20346.0,0.5733333333333333,0.4266666666666667,0.0
20597.0,0.44666666666666677,0.23999999999999996,0.3133333333333333
20838.0,0.09666666666666675,0.24000000000000007,0.6633333333333331
20073.0,0.31999999999999995,0.3566666666666666,0.3233333333333335
21312.0,0.0,0.6499999999999999,0.3500000000000002
21075.0,0.3166666666666666,0.02000000000000002,0.6633333333333333
21748.0,0.46333333333333343,0.21666666666666662,0.32
20132.0,0.6666666666666666,0.3333333333333333,0.0
20907.0,0.6633333333333333,0.3066666666666666,0.030000000000000034
20407.0,0.0633333333333334,0.2833333333333333,0.6533333333333333
20664.0,0.23000000000000007,0.10333333333333343,0.6666666666666664
21150.0,0.053333333333333385,0.66,0.2866666666666666
21389.0,0.5066666666666667,0.49,0.003333333333333333
21209.0,0.2766666666666666,0.06000000000000005,0.6633333333333333
21450.0,0.0,0.4800000000000001,0.52
20972.0,0.5133333333333333,0.48666666666666664,0.0
20195.0,0.3433333333333332,0.49,0.1666666666666668
20735.0,0.016666666666666687,0.3166666666666666,0.6666666666666667
20464.0,0.013333333333333348,0.32333333333333325,0.6633333333333333
21683.0,0.19333333333333347,0.6099999999999997,0.19666666666666682
21255.0,0.0,0.3633333333333335,0.6366666666666664
21012.0,0.04666666666666671,0.6666666666666666,0.2866666666666666
20530.0,0.3099999999999999,0.12000000000000012,0.5700000000000001
20285.0,0.0,0.35666666666666685,0.6433333333333332
20769.0,0.6633333333333333,0.3366666666666667,0.0
20014.0,0.32666666666666666,0.6666666666666667,0.006666666666666675
21630.0,0.24,0.2233333333333333,0.5366666666666666
20837.0,0.6666666666666667,0.31999999999999995,0.01333333333333335
20074.0,0.6666666666666667,0.33,0.0033333333333333375
20345.0,0.01333333333333335,0.31999999999999995,0.6666666666666667
20598.0,0.03333333333333337,0.30999999999999994,0.6566666666666666
21072.0,0.6666666666666666,0.3333333333333333,0.0
21315.0,0.4999999999999997,0.04999999999999999,0.45000000000000023
21562.0,0.5999999999999998,0.22000000000000017,0.18000000000000013
20404.0,0.36999999999999994,0.10333333333333339,0.5266666666666666
20667.0,0.033333333333333375,0.29999999999999993,0.6666666666666666
20135.0,0.0,0.3333333333333333,0.6666666666666666
20904.0,0.29000000000000004,0.6666666666666667,0.04333333333333338
21390.0,0.0,0.4599999999999999,0.54
21149.0,0.23000000000000007,0.10333333333333343,0.6666666666666664
21751.0,0.08666666666666664,0.4733333333333332,0.4400000000000002
21682.0,0.0733333333333333,0.5066666666666666,0.4200000000000001
21208.0,0.3066666666666666,0.5433333333333333,0.15000000000000013
21451.0,0.21000000000000002,0.54,0.2499999999999999
20194.0,0.6499999999999999,0.0,0.3500000000000001
20973.0,0.6666666666666666,0.3333333333333333,0.0
20465.0,0.01333333333333335,0.31999999999999995,0.6666666666666667
20734.0,0.17333333333333348,0.663333333333333,0.1633333333333335
21631.0,0.6666666666666666,0.3333333333333333,0.0
21254.0,0.17666666666666658,0.38333333333333336,0.44000000000000006
21013.0,0.4599999999999999,0.03333333333333333,0.5066666666666667
20284.0,0.6599999999999999,0.3400000000000001,0.0
20531.0,0.0,0.5766666666666668,0.42333333333333334
