21609.0,0.28640024003297687,0.0871001974517754,0.6264995625152476
20790.0,0.21520328688554202,0.11340448117109349,0.6713922319433645
20025.0,0.24317394969122855,0.7550194341398573,0.0018066161689140744
20517.0,0.5869094148520472,0.27399123813729614,0.13909934701065665
20266.0,0.8222495765423027,0.16590935499102114,0.01184106846667616
20995.0,0.13673057947345074,0.2669820053843042,0.596287415142245
21264.0,0.7603001361399083,0.2128770804336786,0.02682278342641309
21668.0,0.20462868508992127,0.10404120543589383,0.6913301094741849
20455.0,0.639958446952067,0.35410478061392897,0.0059367724340038605
20712.0,0.2802059742090466,0.7163189267872795,0.003475099003673844
20987.0,0.09644990249096716,0.08400088494597105,0.8195492125630618
20212.0,0.7057104986735026,0.12507947483986515,0.16921002648663236
21469.0,0.5459043603651567,0.324313965022253,0.1297816746125903
21198.0,0.4631472409101919,0.5051222292216788,0.03173052986812937
21728.0,0.363017831318939,0.08132420490398472,0.5556579637770762
21130.0,0.08721063170027236,0.752756911555457,0.16003245674427066
21401.0,0.36657765259258446,0.10413819993714915,0.5292841474702664
20144.0,0.13254171890526747,0.15285961234628018,0.7145986687484523
20927.0,0.30031027757258494,0.20861105041168648,0.4910786720157285
20387.0,0.8485294268954625,0.14643822611713053,0.005032346987406782
20652.0,0.44613486289495075,0.3731339572224184,0.18073117988263093
21549.0,0.6441386381128318,0.3446047251898918,0.011256636697276293
21332.0,0.12444026461545732,0.3100052574457168,0.565554477938826
21063.0,0.05502300921964784,0.13235721069634734,0.8126197800840048
20577.0,0.1231786591795261,0.10984709902668746,0.7669742417937865
20334.0,0.042644557739053505,0.12172266388157663,0.8356327783793699
20850.0,0.27733595778294445,0.054399539135513854,0.6682645030815416
20093.0,0.0915217496093169,0.24168329184075193,0.6667949585499311
20024.0,0.13842768794051308,0.1614791539393975,0.7000931581200894
20791.0,0.3845270486094376,0.5831701597617674,0.032302791628795034
20267.0,0.4423686569538625,0.3854125040825915,0.1722188389635459
20516.0,0.08957295825815022,0.18928981883248502,0.7211372229093648
20994.0,0.16061700096747245,0.31855928812729717,0.5208237109052305
21265.0,0.2150208910559214,0.1436307851890297,0.6413483237550489
21608.0,0.5345180607995004,0.297880358560247,0.16760158064025274
20713.0,0.13042005462042736,0.1245459211947819,0.7450340241847908
20454.0,0.3802723892788343,0.5160834886146423,0.10364412210652332
20986.0,0.8841211543576364,0.10894711485006865,0.006931730792294974
20213.0,0.24692333693322638,0.5015467281397404,0.2515299349270332
21468.0,0.08673261572013781,0.09291338088235027,0.820354003397512
21199.0,0.09255080044424882,0.09810791570000912,0.8093412838557421
21669.0,0.0028416802721535008,0.06196301131637568,0.9351953084114708
21131.0,0.052001295837881586,0.20186023421511606,0.7461384699470024
21400.0,0.1754296032677922,0.8144259902198697,0.01014440651233809
20926.0,0.06723035988777253,0.1164602791231078,0.8163093609891198
20145.0,0.14624523500564296,0.682128298768943,0.171626466225414
20386.0,0.4992581292551752,0.4634702762069063,0.037271594537918507
20653.0,0.12687222402739584,0.17378788882260635,0.6993398871499978
21729.0,0.46640089316074024,0.45965465436819153,0.07394445247106818
21333.0,0.1659566190354592,0.19943556983537003,0.6346078111291708
21062.0,0.5383338293054062,0.23500161824651514,0.22666455244807876
20576.0,0.1911571651128021,0.19963120053364905,0.6092116343535489
20335.0,0.15809855153057525,0.17338223996963215,0.6685192084997926
20092.0,0.42664470819300016,0.5482945303147413,0.025060761492258637
20851.0,0.4125084396431821,0.4466540584601741,0.14083750189664387
21548.0,0.3946677789646024,0.32992328257509645,0.2754089384603012
21611.0,0.47578145738636674,0.12283534239464686,0.4013832002189863
20519.0,0.19706195100394755,0.2626236218511889,0.5403144271448636
20264.0,0.8718481717387082,0.11998722547091173,0.008164602790380114
20788.0,0.1726829609961265,0.6492650080690827,0.17805203093479083
20027.0,0.8475648449931582,0.13638066400961507,0.016054490997226712
21266.0,0.2029726967885464,0.5698003007938085,0.22722700241764515
20993.0,0.6935890405424014,0.18058887382052113,0.12582208563707753
21670.0,0.710195371218552,0.0634055329830071,0.22639909579844078
20214.0,0.10724919560060883,0.21477437011245906,0.6779764342869321
20985.0,0.260993264245767,0.33363313033854985,0.4053736054156831
20453.0,0.09283221666737107,0.18722804501383403,0.719939738318795
20714.0,0.28595088128048407,0.10748015172088034,0.6065689669986355
21196.0,0.22538235026050066,0.08742215567260504,0.6871954940668943
21471.0,0.330189131897647,0.137623473988442,0.532187394113911
21730.0,0.1876245693395886,0.580789953186994,0.23158547747341743
21403.0,0.13679367840178847,0.2782632460088454,0.5849430755893662
21128.0,0.38428705160081894,0.46032006382213236,0.15539288457704875
20385.0,0.5868341017488896,0.3884264672342651,0.02473943101684543
20654.0,0.8498414839392873,0.1374445235933567,0.012713992467355991
20146.0,0.22829817823016715,0.35674242106845105,0.41495940070138176
20925.0,0.8412563529451959,0.15238106651334388,0.0063625805414603215
21551.0,0.11870424893326499,0.10963711927846614,0.7716586317882689
21061.0,0.06900536016756742,0.11103682877507545,0.8199578110573572
21334.0,0.41647953658384296,0.24277713319592123,0.3407433302202358
20848.0,0.7662843370665663,0.13225499576555397,0.1014606671678796
20095.0,0.6489052288285508,0.23843170317888573,0.11266306799256345
20332.0,0.037814266460024545,0.05390300352988969,0.9082827300100857
20579.0,0.13295530297867,0.09470475949384298,0.7723399375274871
20265.0,0.13448311169264043,0.13657157186563068,0.7289453164417289
20518.0,0.8714455655469977,0.12185590741902282,0.0066985270339793655
20026.0,0.3460222927192125,0.08836038249171875,0.5656173247890687
20789.0,0.0966066996445294,0.34646928793252973,0.5569240124229408
21267.0,0.4618804465343284,0.2830392867656415,0.25508026670003003
20992.0,0.034376175865277366,0.13412167950605106,0.8315021446286717
21610.0,0.3795760199434048,0.2907368482032085,0.32968713185338666
20984.0,0.10579995365021473,0.1082039576274299,0.7859960887223554
20215.0,0.09315005939671321,0.2239344194907591,0.6829155211125276
20452.0,0.5432234191639096,0.30901634959201074,0.14776023124407967
20715.0,0.0932346208499863,0.18473561005521116,0.7220297690948025
21197.0,0.2671442890085536,0.6792429785678168,0.05361273242362962
21470.0,0.3340654761690567,0.38246442025309646,0.28347010357784685
21671.0,0.1027411454269146,0.6563849460882281,0.24087390848485732
21402.0,0.31153382926796575,0.5420280599507534,0.14643811078128088
21129.0,0.09950054799651216,0.1055403936675715,0.7949590583359163
20384.0,0.09014182054807952,0.13766050412326533,0.7721976753286551
20655.0,0.14158009714850112,0.33905676842337196,0.5193631344281269
20147.0,0.8204478731813694,0.12365179648433877,0.055900330334291995
20924.0,0.1551314314539317,0.125549054853766,0.7193195136923023
21731.0,0.08893016736731384,0.2681926121431957,0.6428772204894906
21060.0,0.17830482451200022,0.21741179095376365,0.6042833845342362
21335.0,0.5544434082739582,0.1719334775479824,0.27362311417805946
20094.0,0.032980970416737865,0.05665847614495123,0.9103605534383109
20849.0,0.8322520826651708,0.1074091988756232,0.06033871845920598
20578.0,0.2713063285064665,0.6352712785739809,0.09342239291955264
20333.0,0.7283389078837664,0.1667033703587291,0.10495772175750441
21550.0,0.5237740788538928,0.15475725863378706,0.32146866251232015
21664.0,0.7870657791412154,0.20773505511001517,0.0051991657487692544
21465.0,0.03985408804012016,0.07899103465506313,0.8811548773048167
21194.0,0.06411088578028722,0.18130043982579516,0.7545886743939176
20451.0,0.2439091437715473,0.45963870885173774,0.296452147376715
20716.0,0.6656796613022365,0.28538051183506785,0.04893982686269549
20208.0,0.12169744602982573,0.18338606399806973,0.6949164899721044
20991.0,0.12432339779959911,0.5382237696451336,0.3374528325552673
21613.0,0.49477383410285014,0.39897269780607764,0.10625346809107222
20999.0,0.10325305283441866,0.6117344788748723,0.28501246829070903
21268.0,0.20511085543249474,0.16024688888491503,0.6346422556825903
20029.0,0.03300280054037954,0.0623001095025724,0.904697089957048
20786.0,0.09688083823607012,0.22295069481933236,0.6801684669445975
20270.0,0.08203090462647067,0.09226888745483577,0.8257002079186936
20513.0,0.3722655863042361,0.38911273015097697,0.23862168354478683
21545.0,0.7508416212347113,0.24246578548605596,0.006692593279232772
20581.0,0.3789676681720194,0.5693980497313955,0.051634282096585
20330.0,0.1734800179618168,0.14047722074716965,0.6860427612910136
20089.0,0.437877736610949,0.18584378706166718,0.3762784763273838
20854.0,0.2879016875083664,0.5588983537695763,0.1531999587220572
21328.0,0.06115472991396818,0.10960289742541345,0.8292423726606185
21059.0,0.7399089245986238,0.22400189591259764,0.036089179488778524
21732.0,0.6339312603526076,0.3484374401216877,0.017631299525704802
20923.0,0.16854505574181458,0.3446622106690709,0.48679273358911457
20148.0,0.07215972598306998,0.08451669910278709,0.843323574914143
20648.0,0.089601675255462,0.17579471569121377,0.7346036090533242
20391.0,0.19637441568901057,0.1352091887731922,0.6684163955377973
21134.0,0.1717697843822986,0.26601688601971474,0.5622133295979868
21405.0,0.15880775422175789,0.14784763999116785,0.6933446057870744
21464.0,0.21842644227979477,0.22772010864690587,0.5538534490732994
21195.0,0.30246724699726146,0.17447554054255765,0.5230572124601809
20717.0,0.14077092441578493,0.7821749523359521,0.07705412324826282
20450.0,0.16916986580890497,0.2459191427571146,0.5849109914339805
20209.0,0.4643601881056429,0.37289919922719106,0.162740612667166
20990.0,0.6301974366451756,0.3206852453161483,0.04911731803867605
21665.0,0.3523592046679504,0.3082741846220432,0.3393666107100063
20998.0,0.043524567075117086,0.08560834734064818,0.8708670855842348
21269.0,0.3718908227554112,0.13554953234564684,0.49255964489894205
20028.0,0.291073394188454,0.19044540890231765,0.5184811969092283
20787.0,0.21472685838828556,0.24640106867048914,0.5388720729412253
20271.0,0.18498817243746127,0.12951265724132546,0.6854991703212132
20512.0,0.35103023604356537,0.15575606260056873,0.49321370135586595
21612.0,0.24438854536191992,0.23792064011232864,0.5176908145257514
20580.0,0.06882727426016569,0.186753462258124,0.7444192634817104
20331.0,0.05020966220716252,0.05922301133528129,0.8905673264575563
20855.0,0.8795057304991639,0.11639782999128405,0.004096439509552029
20088.0,0.5635352167450911,0.1699629107715491,0.26650187248335977
21329.0,0.1319731068067754,0.12143282301695679,0.7465940701762678
21058.0,0.29747874516446565,0.2687522179717541,0.4337690368637802
21544.0,0.8346048410243655,0.12899890576982206,0.036396253205812426
20922.0,0.18500540525796974,0.5004859013289971,0.31450869341303317
20149.0,0.22735475209998843,0.1193456214259043,0.6532996264741073
20649.0,0.1605343842472824,0.08241131976700004,0.7570542959857175
20390.0,0.6955893438451342,0.1731053419619104,0.1313053141929556
21135.0,0.23403989990343504,0.11499638514220749,0.6509637149543575
21404.0,0.04329137925811208,0.318112548194618,0.6385960725472699
21733.0,0.09085898173690848,0.14954008631942503,0.7596009319436665
21666.0,0.27654270375357354,0.21386107346560998,0.5095962227808165
21192.0,0.11548026676567115,0.11009943682841981,0.7744202964059091
21467.0,0.042601647013610945,0.09705628247701881,0.8603420705093703
20989.0,0.0793097652885959,0.8093788772477944,0.11131135746360964
20210.0,0.31743069565803933,0.04806868387112724,0.6345006204708334
20718.0,0.11636370837123577,0.03507488894006791,0.8485614026886964
20449.0,0.08769357632857687,0.08797103073756855,0.8243353929338546
21615.0,0.25427556354388137,0.6120147753716111,0.13370966108450769
21270.0,0.5032912849772113,0.3310869635091892,0.16562175151359954
20997.0,0.10764284268125766,0.16401890176582654,0.7283382555529159
20515.0,0.01850297885919385,0.06749538498389956,0.9140016361569067
20268.0,0.6844964643384209,0.20175603660593766,0.11374749905564135
20031.0,0.030216424394736655,0.949782374424183,0.020001201181080234
20784.0,0.30470071921465985,0.45202683665014054,0.24327244413519963
21547.0,0.3615138118274166,0.11498529794024849,0.5235008902323349
20091.0,0.050434291603012604,0.13422538308227386,0.8153403253147137
20852.0,0.2519623960854713,0.15177831738702408,0.5962592865275047
20328.0,0.4395385787827486,0.43924651355909616,0.12121490765815522
20583.0,0.1316548201738776,0.2089247964107306,0.6594203834153918
21057.0,0.6708166314715382,0.2388272027390348,0.09035616578942691
21330.0,0.6488202881436539,0.29593424044030064,0.055245471416045605
21734.0,0.14126160053558853,0.21885684691807117,0.6398815525463403
20650.0,0.758796996094744,0.10835916078393563,0.13284384312132033
20389.0,0.2773725840853777,0.6962697512607312,0.02635766465389116
20150.0,0.23759897953039327,0.7231837424739127,0.03921727799569398
20921.0,0.04557293104106053,0.9295803019731396,0.024846766985799826
21407.0,0.216254933011399,0.3002111679729722,0.4835338990156288
21132.0,0.18931376158763236,0.29644783386795537,0.5142384045444123
21193.0,0.08779514356190718,0.4884461399997452,0.4237587164383475
21466.0,0.2150494961221444,0.164010872472175,0.6209396314056805
20211.0,0.021402138895740427,0.15205687343210858,0.826540987672151
20988.0,0.0865230167937966,0.0870338541286016,0.8264431290776018
20719.0,0.16598776019927283,0.07164298581656217,0.762369253984165
20448.0,0.3806482002220947,0.17877202806506515,0.4405797717128402
21667.0,0.0630151645402443,0.10907641425795109,0.8279084212018045
21271.0,0.7394266258401987,0.23292598885620996,0.02764738530359123
20996.0,0.7354545073640696,0.20354291245077388,0.06100258018515653
20514.0,0.663612928868991,0.28498696721750516,0.05140010391350378
20269.0,0.054340547682261875,0.06822172307323127,0.8774377292445068
20030.0,0.14599529391012797,0.47738369986059825,0.3766210062292738
20785.0,0.31707853270206937,0.2521855686522222,0.43073589864570844
21614.0,0.053151368559207816,0.10851142688358763,0.8383372045572045
20853.0,0.1450809232177518,0.362819101109574,0.4920999756726742
20090.0,0.4987864409719917,0.14865082004556582,0.35256273898244245
20582.0,0.25939407903909,0.5719502389181879,0.1686556820427221
20329.0,0.14914092998257972,0.496536813058376,0.35432225695904424
21056.0,0.16023493639180308,0.6012746212996155,0.23849044230858138
21331.0,0.8229361543033024,0.16285460822230158,0.014209237474396102
21546.0,0.38212405715264763,0.131114343330615,0.4867615995167373
20388.0,0.8862818446000812,0.10802483120277794,0.00569332419714081
20651.0,0.09519788116993286,0.5987487605795109,0.30605335825055624
20151.0,0.0440072478247294,0.0648173975838694,0.8911753545914012
20920.0,0.16464926299880986,0.43557006842901735,0.39978066857217276
21406.0,0.1831119639702792,0.26191892208053774,0.554969113949183
21133.0,0.7270261972586853,0.24470159238937073,0.028272210351943855
21735.0,0.13338952063513254,0.2737352713547831,0.5928752080100844
21122.0,0.15908122440219208,0.1289037517941634,0.7120150238036445
21393.0,0.2863818490864379,0.06848912088321935,0.6451290300303427
20152.0,0.5927697266530054,0.3320537253014401,0.07517654804555444
20919.0,0.8627877599810411,0.13096629429644638,0.006245945722512508
20644.0,0.13757451466842294,0.13059360146193616,0.7318318838696408
20395.0,0.3415874544435931,0.09233384265721215,0.5660787028991947
21736.0,0.15738731396426986,0.49025633110674044,0.3523563549289898
21340.0,0.3959390063783876,0.2025700854937409,0.4014909081278714
21071.0,0.16179540445221074,0.19106087219218992,0.6471437233555993
20585.0,0.43494100786809475,0.3116390096749052,0.25341998245700004
20326.0,0.1987643012257956,0.0905648529184936,0.7106708458557108
20858.0,0.3331296616196303,0.4973632241342905,0.16950711424607914
20085.0,0.2670341336978894,0.0923103386007315,0.640655527701379
21541.0,0.05815746712383872,0.19904476785646316,0.7427977650196982
20798.0,0.10884354124008107,0.7751043496458129,0.11605210911410606
20017.0,0.6806521118370397,0.2864913069367886,0.03285658122617175
20258.0,0.10295151542825023,0.7885717872780876,0.10847669729366204
20525.0,0.6049030914447282,0.08300742178577071,0.31208948676950116
21003.0,0.6345626163556507,0.20860881392075187,0.15682856972359746
21272.0,0.026047690216165376,0.0830259872342238,0.8909263225496109
21601.0,0.164266328150346,0.15295842593003703,0.6827752459196169
20704.0,0.24859489519955294,0.15778138268510591,0.5936237221153412
20463.0,0.16965522192432264,0.23784372700063405,0.5925010510750434
20220.0,0.11494495355899426,0.26682514872560686,0.6182298977153988
20979.0,0.44940362057840255,0.08277781563118333,0.4678185637904142
21461.0,0.0480789229833771,0.0920930986681646,0.8598279783484584
21190.0,0.15302858404336492,0.3792881997643292,0.4676832161923058
21676.0,0.10800134809534305,0.616580245720801,0.275418406183856
21737.0,0.3128401340450375,0.2640987942456157,0.42306107170934676
21123.0,0.23447410800236257,0.17487584720216953,0.5906500447954679
21392.0,0.0686764413243493,0.060517050592810574,0.8708065080828402
20918.0,0.26288061838833315,0.2354227743227423,0.5016966072889245
20153.0,0.15809032395295505,0.21368453658465544,0.6282251394623896
20645.0,0.1918166976797395,0.20969655654691022,0.5984867457733504
20394.0,0.5546742911240372,0.2953908640011674,0.14993484487479533
21540.0,0.299787478494458,0.12489569256773268,0.5753168289378093
21341.0,0.3979859622285096,0.252292525770008,0.34972151200148244
21070.0,0.15682051929021112,0.5054871354093939,0.337692345300395
20584.0,0.48720141579114695,0.1943788814172461,0.3184197027916069
20327.0,0.5446722094046921,0.41538382986941164,0.03994396072589641
20084.0,0.7646708210077037,0.2154842395926423,0.019844939399654028
20859.0,0.06470860405272759,0.13841029722273718,0.7968810987245353
21600.0,0.22026360207031068,0.3255237233485317,0.4542126745811577
20016.0,0.48648912138284767,0.397684910876177,0.11582596774097528
20799.0,0.5638765383017167,0.4270743633231724,0.00904909837511094
20259.0,0.1486017605484899,0.08211589132667943,0.7692823481248307
20524.0,0.34576827456857934,0.13134138450198365,0.522890340929437
21002.0,0.3250682035061284,0.10568003362326679,0.5692517628706047
21273.0,0.3261931747028372,0.6413796657994832,0.0324271594976795
21677.0,0.06839234759755616,0.34821215432318164,0.583395498079262
20705.0,0.1264272428379015,0.3102902424425401,0.5632825147195585
20462.0,0.20058024050174175,0.06862937397386201,0.7307903855243962
20221.0,0.4212581500853452,0.5112416969827722,0.0675001529318825
20978.0,0.1010277877642128,0.21541623934194085,0.6835559728938463
21460.0,0.8245403053897851,0.16758043103852388,0.007879263571691046
21191.0,0.28492102861890733,0.38639730169827013,0.32868166968282253
21395.0,0.11645786960465547,0.7519778491714717,0.13156428122387284
21120.0,0.3548406840703165,0.25260954692398196,0.39254976900570154
20646.0,0.7972697431988321,0.1645796407025316,0.038150616098636264
20393.0,0.47228462561375667,0.2710120258182846,0.2567033485679586
20154.0,0.8084158393504457,0.18445797577651124,0.007126184873043156
20917.0,0.11685164250854851,0.16410440082420683,0.7190439566672446
21738.0,0.8474838100019968,0.1440933630519009,0.008422826946102345
21069.0,0.8629124089079361,0.1312751600379513,0.005812431054112579
21342.0,0.5057672927522116,0.24980544369585206,0.24442726355193636
20087.0,0.1804441047719139,0.18909968322852566,0.6304562119995605
20856.0,0.24497709972046328,0.16640783346327045,0.5886150668162663
20324.0,0.6397463970684368,0.1473395554130851,0.21291404751847798
20587.0,0.056871459921457805,0.16532607780259428,0.777802462275948
21543.0,0.8619052301483408,0.13416569899677958,0.003929070854879634
20527.0,0.3961815428167085,0.08608347076998432,0.5177349864133072
20256.0,0.7207679953142488,0.14002042230482883,0.13921158238092227
20019.0,0.08737182292160973,0.1234306869060906,0.7891974901722997
20796.0,0.1348336735807734,0.17306126733238494,0.6921050590868416
21274.0,0.05727714052575987,0.670735361221207,0.27198749825303303
21001.0,0.1717325650658029,0.174235710108972,0.6540317248252252
21603.0,0.5235199185722221,0.4525216235409373,0.02395845788684051
20977.0,0.05173291006667737,0.20846891253049699,0.7397981774028256
20222.0,0.1135459875350859,0.13233646912147978,0.7541175433434344
20706.0,0.25093917081577216,0.11314697318420071,0.6359138560000271
20461.0,0.16687527567914967,0.32929500365946174,0.5038297206613885
21188.0,0.25179217314909347,0.16427702810733155,0.583930798743575
21463.0,0.233563824414669,0.49193146556084344,0.27450471002448756
21678.0,0.12150991227852512,0.541861907014383,0.33662818070709194
21739.0,0.7856374858653861,0.16468053007929542,0.049681984055318554
21394.0,0.47417271932516203,0.45516006587696156,0.07066721479787645
21121.0,0.3427225612753565,0.48320131641796377,0.1740761223066797
20647.0,0.021171062977419716,0.0907891043225766,0.8880398327000038
20392.0,0.11749742110165558,0.5570432956942978,0.3254592832040465
20155.0,0.5893062843197846,0.26877541648671094,0.14191829919350452
20916.0,0.18216078350766224,0.09490002523358512,0.7229391912587527
21542.0,0.4899488077194267,0.09641121877862956,0.4136399735019436
21068.0,0.27450748310714373,0.18735178157982857,0.5381407353130276
21343.0,0.19340001764917467,0.1182588164826854,0.6883411658681399
20857.0,0.3670840102614272,0.29474050777326694,0.33817548196530595
20086.0,0.7852258737825275,0.1853517717728799,0.02942235444459274
20325.0,0.18032290635692824,0.3324718529661199,0.48720524067695187
20586.0,0.11986838480581277,0.14020057888074056,0.7399310363134466
21602.0,0.08259931976507301,0.17330209832751423,0.7440985819074127
20257.0,0.3242539076267024,0.604112305530977,0.07163378684232065
20526.0,0.1465429503049264,0.21401581406611117,0.6394412356289624
20018.0,0.8512681112329816,0.14227791152327976,0.006453977243738484
20797.0,0.23536623651489108,0.3260348271209895,0.4385989363641194
21275.0,0.0895334860704403,0.05244686447417391,0.8580196494553858
21000.0,0.12996579646983908,0.12353710096607542,0.7464971025640854
21679.0,0.24371102779151463,0.19326148519359038,0.563027487014895
20976.0,0.09677166454710187,0.13345293005823383,0.7697754053946643
20223.0,0.0655215321804477,0.7277036578287653,0.2067748099907869
20707.0,0.5912825473964918,0.20321795189979683,0.20549950070371145
20460.0,0.2867945766810738,0.3275252095260523,0.38568021379287387
21189.0,0.3842048285266013,0.44197307654884604,0.17382209492455267
21462.0,0.07499061504241532,0.11034631396375792,0.8146630709938267
20589.0,0.7293023429237447,0.20529783086147926,0.06539982621477587
20322.0,0.2749338457281524,0.17251456652509042,0.5525515877467572
20081.0,0.13923355297870063,0.6418087978778115,0.21895764914348792
20862.0,0.2881544555297786,0.27612709837260424,0.4357184460976172
21336.0,0.6892031716335758,0.231269746848874,0.07952708151755021
21067.0,0.86507961979989,0.12939792628333321,0.005522453916776781
21537.0,0.12874809895088662,0.23611099498267474,0.6351409060664387
20156.0,0.18737464404807316,0.22460598079923813,0.5880193751526889
20915.0,0.6340413322715266,0.28889516418739686,0.07706350354107656
20640.0,0.19095535960036153,0.5433018253784239,0.26574281502121466
20399.0,0.03993713621235341,0.15910142637281346,0.8009614374148332
21126.0,0.21950673693180348,0.6897200437706524,0.09077321929754406
21397.0,0.23738666703382358,0.07619319544657041,0.686420137519606
21740.0,0.11932323092634899,0.11929563715995224,0.7613811319136988
21457.0,0.018733028909652383,0.059986136192419444,0.9212808348979282
21186.0,0.8339093794295923,0.09175479767205831,0.07433582289834938
20459.0,0.1146965829728772,0.394960662730851,0.4903427542962719
20708.0,0.282301844858811,0.23989026819213805,0.4778078869490509
20983.0,0.31154346452264114,0.17227614310257322,0.5161803923747857
20216.0,0.08924046355253554,0.8044820427409731,0.10627749370649128
21672.0,0.8551855445361465,0.13790355031865936,0.006910905145194181
21007.0,0.07864354512444827,0.11800778874166915,0.8033486661338826
21276.0,0.13588147689859623,0.23347808495247568,0.630640438148928
20794.0,0.16830497865910585,0.15835066871492343,0.6733443526259708
20021.0,0.15640351648184403,0.10523294202856265,0.7383635414895934
20521.0,0.8358227529629978,0.15819382104731786,0.005983425989684245
20262.0,0.042284313468808406,0.1538197608755945,0.8038959256555972
21605.0,0.09417535968790341,0.06273148485879232,0.8430931554533043
21536.0,0.8728754688710124,0.1174619035174605,0.00966262761152708
20588.0,0.16377655819075226,0.31116687401024573,0.5250565677990021
20323.0,0.24673012200754887,0.11401158843312185,0.6392582895593293
20080.0,0.8023679978196396,0.14864704550246197,0.04898495667789839
20863.0,0.10040063859795187,0.18831221644752424,0.7112871449545239
21337.0,0.07906691856557714,0.06731563204597674,0.8536174493884462
21066.0,0.05347594305608177,0.1799535655009945,0.7665704914429238
21741.0,0.06073042690635432,0.1360749011994919,0.8031946718941537
20157.0,0.657633398568737,0.06991622245936241,0.2724503789719005
20914.0,0.8619926555799469,0.13269026005247606,0.005317084367577109
20398.0,0.36586365194672354,0.4699771551548558,0.16415919289842076
20641.0,0.025926177075543396,0.122672549078969,0.8514012738454876
21127.0,0.6266346026175085,0.259717335603087,0.11364806177940442
21396.0,0.046394937965567457,0.04806029757783659,0.9055447644565959
21673.0,0.30825184018097473,0.16686241419021774,0.5248857456288076
21456.0,0.41672374101290244,0.5527863311716024,0.030489927815495105
21187.0,0.08156951239282853,0.12985338788646086,0.7885770997207107
20709.0,0.5431471394617623,0.3525653262254874,0.1042875343127502
20458.0,0.4243791557263367,0.11785320228659128,0.4577676419870719
20982.0,0.13670335480599588,0.5807974134005173,0.2824992317934869
20217.0,0.10995318581664304,0.7141785327838912,0.17586828139946573
21604.0,0.24809123941988293,0.5580231286157187,0.1938856319643984
21006.0,0.32166817908220574,0.23542348192308954,0.4429083389947048
21277.0,0.06890804553272369,0.07916170612952893,0.8519302483377473
20795.0,0.715322598256266,0.19906505577871342,0.08561234596502063
20020.0,0.18479875804439636,0.5757811082420856,0.23942013371351792
20520.0,0.24645925525948514,0.6357443615245087,0.11779638321600619
20263.0,0.24922490890595508,0.17875012509622312,0.5720249659978218
20083.0,0.10467529725411806,0.3460499198671537,0.5492747828787282
20860.0,0.20657386291224739,0.11824005766898063,0.675186079418772
20591.0,0.6794234823062925,0.29056490372490734,0.030011613968800265
20320.0,0.2333275278971326,0.5861382025370272,0.18053426956584026
21065.0,0.7596300617981561,0.21290275444275014,0.027467183759093843
21338.0,0.04527506274228213,0.1709238366256235,0.7838011006320944
21539.0,0.6066604635156242,0.1984463606510752,0.19489317583330065
20642.0,0.45414111626620446,0.20754205619627955,0.3383168275375161
20397.0,0.11822839539676107,0.13113410334186976,0.7506375012613692
20158.0,0.3369379316204792,0.22583714981643124,0.4372249185630896
20913.0,0.8596454159732819,0.1155296782654914,0.024824905761226673
21399.0,0.8336656903730962,0.1327775183319927,0.03355679129491094
21124.0,0.047158792062932824,0.6165119117337878,0.3363292962032792
21742.0,0.45824629017316476,0.388255670644845,0.15349803918199026
21184.0,0.1879936041859792,0.24106664509699274,0.5709397507170281
21459.0,0.08312920159011798,0.1926513001711895,0.7242194982386925
20981.0,0.08075434777016342,0.11101543375994581,0.8082302184698907
20218.0,0.6059487916763937,0.2715153617690391,0.12253584655456719
20457.0,0.09478925367449713,0.139584646197785,0.7656261001277179
20710.0,0.4813405349029937,0.43987303171599756,0.07878643338100871
21674.0,0.8895255841485813,0.10237955956226026,0.008094856289158422
21278.0,0.39731415514045215,0.33157144145597006,0.2711144034035778
21005.0,0.4885849292171344,0.4623851437082193,0.04902992707464639
20260.0,0.04522097869713344,0.1850389313466323,0.7697400899562342
20523.0,0.5865876219300946,0.31623765698179584,0.09717472108810951
20023.0,0.20167989421526397,0.6586971045126737,0.13962300127206234
20792.0,0.3109436999410231,0.23002274845001594,0.45903355160896103
21607.0,0.12699544975117283,0.18262638882877114,0.690378161420056
21538.0,0.3660166508123763,0.1521726697418499,0.4818106794457737
20861.0,0.747914489323873,0.23380330261418675,0.018282208061940065
20082.0,0.21907171732413835,0.2132295086419024,0.5676987740339593
20321.0,0.10504219582031483,0.1451059145206756,0.7498518896590096
20590.0,0.1797253600284347,0.16796280810370806,0.6523118318678572
21064.0,0.8156032548535259,0.16952657418834047,0.01487017095813373
21339.0,0.6215563299742256,0.1978114267002912,0.1806322433254832
21743.0,0.12030028860655097,0.12113071194834726,0.7585689994451018
20396.0,0.05780448872194831,0.6479541666804054,0.2942413445976463
20643.0,0.3224873460984622,0.5560853687110363,0.12142728519050153
20159.0,0.17633956339692528,0.7527691841533708,0.07089125244970389
20912.0,0.25982110008988635,0.3476679382182299,0.3925109616918838
21398.0,0.03612249940992189,0.09306093380639509,0.8708165667836829
21125.0,0.5335115570363061,0.2653442322467749,0.20114421071691893
21675.0,0.3031088197934769,0.13962070050472775,0.5572704797017953
21185.0,0.09994749272932471,0.1601989448414665,0.7398535624292087
21458.0,0.24979805887257517,0.11020968348333347,0.6399922576440914
20980.0,0.08727937178315914,0.11042797991089487,0.802292648305946
20219.0,0.14387531207481066,0.1304377231618166,0.7256869647633727
20456.0,0.07601258006525408,0.2310899059635808,0.6928975139711651
20711.0,0.10525114083282247,0.1897067027589015,0.7050421564082759
21606.0,0.5537941190869087,0.17602828024111494,0.27017760067197627
21279.0,0.05902001354370065,0.7150781688181554,0.22590181763814393
21004.0,0.4831668691342278,0.44268709470619905,0.07414603615957316
20261.0,0.09483412755029953,0.08092170430155876,0.8242441681481417
20522.0,0.21976694539721134,0.7702044424214912,0.010028612181297528
20022.0,0.11199995757791649,0.21048450685308637,0.6775155355689971
20793.0,0.37434247836680257,0.140318896656906,0.48533862497629143
20008.0,0.12262186080043964,0.13802314078715414,0.7393549984124062
20775.0,0.4136171629646311,0.11235224636115626,0.4740305906742126
20532.0,0.05898197051331927,0.14288838175210122,0.7981296477345795
20283.0,0.24719773636537784,0.07583738173172236,0.6769648819028998
21010.0,0.21322655102667262,0.23838299149651448,0.5483904574768129
21249.0,0.07255300194379498,0.10924107374488257,0.8182059243113224
21624.0,0.5385042192855695,0.3414352845296979,0.1200604961847328
20729.0,0.2609333186047067,0.6219785528789099,0.11708812851638341
20470.0,0.11226448014017303,0.5126464157529934,0.3750891041068337
20970.0,0.09719033067056523,0.15027103673665965,0.7525386325927751
20197.0,0.37696041206606673,0.1578358095139218,0.4652037784200116
21452.0,0.8448597820534919,0.14350441949536383,0.011635798451144288
21215.0,0.23337337808060266,0.3105096706549655,0.4561169512644319
21685.0,0.06268689261948306,0.14972380111545006,0.7875893062650668
21147.0,0.12659066075535522,0.10147455841074346,0.7719347808339014
21384.0,0.5368844332565919,0.32288285976829134,0.14023270697511692
20129.0,0.21104910426349643,0.705591071063427,0.08335982467307665
20910.0,0.2531645816940748,0.1688914107430056,0.5779440075629196
20669.0,0.053390305592934346,0.10522667954449916,0.8413830148625665
20402.0,0.7388881868153319,0.24656120456039082,0.014550608624277336
21745.0,0.26810787705420824,0.1712309035758954,0.5606612193698963
21317.0,0.06267261037650151,0.16004619779235676,0.7772811918311416
21078.0,0.17262682633005952,0.12896551705728065,0.6984076566126598
20351.0,0.44417439402276215,0.11644212011991671,0.43938348585732107
20592.0,0.6823443278747208,0.22379949433136123,0.09385617779391804
20076.0,0.4547223863906726,0.2441443718415683,0.30113324176775913
20835.0,0.46625061837415865,0.4573950597657347,0.07635432186010659
21564.0,0.06658210960309871,0.8216428010756809,0.11177508932122045
21625.0,0.11920032411982236,0.2922736750879057,0.5885260007922719
20774.0,0.030550027671398854,0.7437045842532265,0.22574538807537478
20009.0,0.1219255739529868,0.1816693053899324,0.6964051206570809
20533.0,0.5600448211026191,0.2584641603246907,0.1814910185726902
20282.0,0.1897147690638013,0.14412727553958574,0.6661579553966129
21011.0,0.4977148338483156,0.4009538367220062,0.10133132942967817
21248.0,0.572813282204512,0.23179664312393464,0.1953900746715534
21684.0,0.3681975120548523,0.460943142385753,0.17085934555939458
20728.0,0.8072830701092721,0.09559028039245586,0.097126649498272
20471.0,0.2542194889362085,0.11491519017890939,0.630865320884882
20196.0,0.3096536103524538,0.6397308101571024,0.05061557949044387
20971.0,0.3114287756188378,0.1476396485084741,0.540931575872688
21453.0,0.21020740104965221,0.2737008642789092,0.5160917346714385
21214.0,0.07330391708199165,0.790183154381739,0.1365129285362693
21744.0,0.018957136104341927,0.9620836324993669,0.018959231396291226
21146.0,0.16493977473284693,0.12263527842274452,0.7124249468444086
21385.0,0.32006525022329113,0.09784859832703845,0.5820861514496704
20128.0,0.15149652821984264,0.06988298173028025,0.7786204900498771
20911.0,0.08858393533840633,0.20075204908753677,0.7106640155740568
20668.0,0.25433206947573384,0.3167323037141677,0.4289356268100984
20403.0,0.0901302170417017,0.114342309892983,0.7955274730653153
21565.0,0.24530224760225403,0.10129888793973052,0.6533988644580154
21316.0,0.06847402736349625,0.16967824294116454,0.7618477296953392
21079.0,0.2340460319585342,0.5722222772088044,0.1937316908326613
20593.0,0.43869659038068176,0.49504278364002546,0.0662606259792928
20350.0,0.05359871425684143,0.7392155533186161,0.20718573242454244
20834.0,0.16312184792888595,0.23053072791639811,0.6063474241547159
20077.0,0.22591480736403177,0.7714995805466154,0.0025856120893527545
20281.0,0.139070429648361,0.3574698837009746,0.5034596866506644
20534.0,0.1855165979956712,0.06147127506976965,0.7530121269345592
20773.0,0.04398529414920748,0.2476794101816366,0.708335295669156
20010.0,0.12694698695662748,0.19172957644846436,0.6813234365949081
21251.0,0.11016920294927465,0.10861197909832586,0.7812188179523996
21008.0,0.6442116316269451,0.1767887342259928,0.17899963414706205
21626.0,0.4753031552222998,0.12536911084312083,0.3993277339345794
20199.0,0.19126977862062838,0.7896014969728057,0.019128724406566017
20968.0,0.10765273041437151,0.06250478481539422,0.8298424847702344
20468.0,0.8506534289824857,0.14315541970293694,0.00619115131457726
20731.0,0.19632449052841242,0.6479620387028642,0.1557134707687235
21213.0,0.21937221350755007,0.11950042491341498,0.661127361579035
21454.0,0.07233093246646427,0.10152030523838762,0.8261487622951481
21687.0,0.2270750926594173,0.23590186455697096,0.5370230427836117
21386.0,0.8401624925235084,0.15540860097488046,0.0044289065016111205
21145.0,0.24364586066499516,0.6184902909317568,0.13786384840324797
20400.0,0.28227539306293925,0.21642484343387644,0.5012997635031843
20671.0,0.5198178882286466,0.4307536830634018,0.0494284287079516
20908.0,0.06666786327890079,0.11302955738220533,0.8203025793388938
20131.0,0.8554385938818843,0.13981250118477306,0.0047489049333425595
21747.0,0.8668320727968809,0.1283954645635795,0.004772462639539605
21076.0,0.578881768141406,0.28518599892797214,0.13593223293062182
21319.0,0.13736376166291836,0.5745426158648276,0.28809362247225406
20833.0,0.7101819122039517,0.2803847895852672,0.00943329821078121
20078.0,0.1318865587209131,0.23161788765092742,0.6364955536281593
20594.0,0.7855142594941603,0.1684826993529528,0.04600304115288691
20349.0,0.46592872292110044,0.3840200840983449,0.15005119298055458
21566.0,0.27608981708089664,0.4365852749779783,0.2873249079411251
21627.0,0.24300683546846064,0.12654474936432727,0.6304484151672121
20280.0,0.41359555607472764,0.4983829833397321,0.08802146058554024
20535.0,0.7385306153682066,0.24063751908646538,0.02083186554532807
20011.0,0.01612005675513841,0.05194055476490901,0.9319393884799525
20772.0,0.5322492517551997,0.3149932405098261,0.15275750773497432
21250.0,0.8605287279017578,0.1339473093054761,0.005523962792766066
21009.0,0.2600184740683191,0.5533804333386105,0.18660109259307037
21686.0,0.2262483955557944,0.10865053483790112,0.6651010696063044
20969.0,0.11498658478783712,0.45731442874950273,0.4276989864626601
20198.0,0.20245528053034217,0.24744591802010749,0.5500988014495504
20469.0,0.503526254887042,0.08073564997735767,0.41573809513560045
20730.0,0.11587284426180326,0.10602974709724973,0.778097408640947
21212.0,0.1445568848582128,0.14820731692899497,0.7072357982127921
21455.0,0.7855987452316378,0.12109531578734974,0.0933059389810125
21746.0,0.6085258889990757,0.32999722954913474,0.061476881451789644
21387.0,0.03199567122915199,0.06857729257310757,0.8994270361977406
21144.0,0.17695375494985024,0.40582015377606223,0.41722609127408755
20401.0,0.09226186800492177,0.103593249779442,0.8041448822156363
20670.0,0.06747749764188854,0.12538054158441503,0.8071419607736965
20909.0,0.01267771774828983,0.061453654529576206,0.925868627722134
20130.0,0.04854191733985929,0.17729029379068684,0.7741677888694539
21567.0,0.5458808807726233,0.4450423162071648,0.009076803020211929
21077.0,0.2501504386854661,0.19365340840524373,0.5561961529092901
21318.0,0.09106349784970748,0.3461032294151798,0.5628332727351126
20832.0,0.046478659346912254,0.22226298804664826,0.7312583526064396
20079.0,0.7127976050267936,0.25837174896420695,0.028830646008999476
20595.0,0.3479210186766797,0.26343435296373147,0.3886446283595889
20348.0,0.14235166402693233,0.09146164451373265,0.766186691459335
21448.0,0.14399358126178435,0.1306869595022152,0.7253194592360004
21211.0,0.7375130986257957,0.16723853511181916,0.09524836626238511
20466.0,0.8488730103245626,0.1409965461483442,0.01013044352709319
20733.0,0.15758941203956203,0.11962549679164641,0.7227850911687915
20974.0,0.4405407518357794,0.24565469763729172,0.3138045505269289
20193.0,0.2538735639585585,0.2094630341483702,0.5366634018930714
21681.0,0.7687026312920169,0.1860211724855374,0.04527619622244577
21014.0,0.8683833560399482,0.12454345109066656,0.007073192869385349
21253.0,0.5364726375722483,0.2839535061682422,0.17957385625950956
20012.0,0.3819381975158318,0.0985458653447684,0.5195159371393998
20771.0,0.723645009771046,0.260173090419608,0.016181899809346017
20287.0,0.7025201331076244,0.2911073651679237,0.006372501724451875
20528.0,0.32199666686994327,0.13157827174218883,0.5464250613878678
21628.0,0.21640404604254423,0.424727830578363,0.3588681233790927
20596.0,0.11672724729629252,0.14677298468558753,0.7364997680181199
20347.0,0.7125449389527035,0.2606254265079391,0.026829634539357352
20839.0,0.3060544516495896,0.5387913426528218,0.15515420569758853
20072.0,0.17819971548239857,0.19596405223271327,0.625836232284888
21313.0,0.7417133831105074,0.23168455724916837,0.026602059640324176
21074.0,0.21694200697561608,0.6122638937368076,0.17079409928757638
21560.0,0.17987735570602045,0.7095184094733307,0.11060423482064895
20133.0,0.07270785550533769,0.13733046064790003,0.7899616838467622
20906.0,0.16958410326711335,0.13249408333653576,0.697921813396351
20665.0,0.8485753926084797,0.14465745928566176,0.006767148105858444
20406.0,0.27985328647614965,0.6031817513311387,0.11696496219271166
21151.0,0.21603309631046855,0.20401600814749582,0.5799508955420355
21388.0,0.12622255384875222,0.433440490768632,0.44033695538261575
21749.0,0.1793929735962757,0.29745533554528314,0.5231516908584412
21680.0,0.027433242933999163,0.09206276795383328,0.8805039891121677
21449.0,0.3312966283847746,0.099610959233497,0.5690924123817285
21210.0,0.6764797663352793,0.11080924648382764,0.212710987180893
20732.0,0.3116473747275665,0.6488837454085844,0.03946887986384908
