21609.0,0.8092627827193839,0.18358544226839527,0.0071517750122207764
20790.0,0.5404685553465012,0.07295828276182298,0.3865731618916758
20025.0,0.3255781583969504,0.674333770752879,8.807085017048793E-5
20517.0,0.8596959491953958,0.1315254418182388,0.008778608986365276
20266.0,0.8702275275663127,0.12976925912866805,3.2133050192766705E-6
20995.0,3.8005952094447694E-5,0.05838378154692598,0.9415782125009796
21264.0,0.9651255401667925,0.034821435107235045,5.3024725972304664E-5
21668.0,0.0030609010898452107,0.0011542992526327503,0.995784799657522
20455.0,0.09165061799248267,0.9039849791121688,0.004364402895348573
20712.0,0.3206225572325461,0.6792250297252796,1.5241304217420272E-4
20987.0,1.2304229308961506E-5,6.670910573260458E-8,0.9999876290615853
20212.0,0.9996042245135394,6.954948233114048E-5,3.2622600412949676E-4
21469.0,0.995832952369782,0.004138017453835707,2.9030176382314805E-5
21198.0,0.5803836750731607,0.4193758209426173,2.4050398422198978E-4
21728.0,0.003493547598479464,3.040206729425265E-7,0.9965061483808476
21130.0,2.716648976250797E-7,0.3323751237813169,0.6676246045537854
21401.0,0.5972027879982957,0.007602889269751125,0.39519432273195315
20144.0,0.056712996429861405,0.8706430538133263,0.0726439497568124
20927.0,0.22453532411756771,0.7723614972675744,0.0031031786148578966
20387.0,0.9581623430735714,0.04183667552832833,9.8139810036513E-7
20652.0,0.2988602560549816,0.6167071163409326,0.08443262760408585
21549.0,0.8046232986595776,0.1953726737599145,4.027580507826133E-6
21332.0,0.34996817168549854,0.5891446915113826,0.06088713680311877
21063.0,4.70922774764118E-12,4.0305129407668325E-7,0.9999995969439968
20577.0,5.406800282768203E-4,0.013573246411116393,0.9858860735606068
20334.0,8.813849321065233E-7,0.005783492142510819,0.9942156264725571
20850.0,0.8903377437268477,0.03496528005222848,0.07469697622092382
20093.0,0.07824784722508007,0.9016755388296522,0.020076613945267673
20024.0,1.5258426187019954E-6,0.00524561730413522,0.994752856853246
20791.0,0.745516272661537,0.2544356104883007,4.8116850162374064E-5
20267.0,0.11309311882164963,0.786573189295331,0.10033369188301937
20516.0,0.002445023485628935,0.31283339862754606,0.684721577886825
20994.0,4.6917350030545014E-11,1.6385307098507052E-6,0.9999983614223728
21265.0,8.104240930609263E-6,0.017507739368511886,0.9824841563905575
21608.0,0.7513351566092081,0.24839824920032233,2.665941904695459E-4
20713.0,0.13626873393981176,0.015448417316889406,0.8482828487432988
20454.0,0.5450913693265756,0.4520352546510662,0.0028733760223582615
20986.0,0.9726870880155166,0.02731288732954055,2.465494279929958E-8
20213.0,3.69902253885194E-4,0.5595493204458282,0.4400807773002866
21468.0,0.014153693582567552,0.4217253578231545,0.564120948594278
21199.0,0.028152157351047435,0.021396166050639518,0.950451676598313
21669.0,0.03213590022130443,0.8245185874033636,0.14334551237533188
21131.0,7.462696426586034E-5,0.002797132298311752,0.9971282407374225
21400.0,0.8266051381841248,0.17337061764725673,2.424416861849461E-5
20926.0,4.2583957127499654E-7,8.824745083139571E-4,0.9991170996521148
20145.0,8.981128483256245E-6,0.10102817843136269,0.8989628404401541
20386.0,0.014296853849380436,0.9344148489180912,0.051288297232528354
20653.0,5.436690335779239E-7,0.029155360285787506,0.970844096045179
21729.0,0.9329038379144736,0.067090153419955,6.008665571418975E-6
21333.0,0.001094293288978119,0.007136641979635502,0.9917690647313865
21062.0,0.971518958975579,0.02262693549401689,0.005854105530403947
20576.0,0.04567484644812142,0.09549342138964219,0.8588317321622365
20335.0,7.379772643824319E-5,0.0065904431543217755,0.99333575911924
20092.0,0.23148951332021564,0.7682135088229733,2.9697785681098926E-4
20851.0,0.8619656351499476,0.13796654575739276,6.781909265966676E-5
21548.0,0.9696019545918155,0.03021658932105409,1.8145608713023443E-4
21611.0,0.9791551598293237,0.019138193905088665,0.0017066462655875721
20519.0,0.1178969381979279,0.5220740624615486,0.36002899934052346
20264.0,0.9711081401828471,0.028891075012635225,7.848045175189959E-7
20788.0,0.2724911797775725,0.7257088677068534,0.0017999525155740445
20027.0,0.9407106585597558,0.05928064972147235,8.691718771921336E-6
21266.0,0.7351581713159212,0.26484174054578785,8.81382909939175E-8
20993.0,0.9285246233339257,0.07146233304339926,1.3043622675012428E-5
21670.0,0.002084373471245896,1.54069081221877E-6,0.9979140858379419
20214.0,6.941231744382797E-11,1.1433495200463605E-4,0.999885664978583
20985.0,8.573148046998797E-5,0.07673120579668985,0.9231830627228401
20453.0,0.0013539512078779277,0.05190605987315273,0.9467399889189693
20714.0,0.1424324419801093,0.20111070020008484,0.6564568578198058
21196.0,0.14558087690393232,0.16033893884801828,0.6940801842480493
21471.0,0.9024980875733871,0.09629074609088421,0.0012111663357286763
21730.0,0.004885418899811987,0.3119254553098919,0.6831891257902961
21403.0,0.24704399024793516,0.5496998333136995,0.20325617643836524
21128.0,0.0028527490491752653,0.35485209423234276,0.6422951567184819
20385.0,0.8016134410573744,0.19838036764516886,6.191297456759982E-6
20654.0,0.5410830193369327,0.45827613461144934,6.408460516180809E-4
20146.0,0.12893148647631938,0.708311803454043,0.16275671006963754
20925.0,0.9429096221357328,0.05707976827290991,1.060959135735364E-5
21551.0,9.77904021439756E-10,6.522141405704155E-8,0.9999999338006819
21061.0,6.410056306694261E-6,2.4052964684870417E-5,0.9999695369790085
21334.0,0.07554908644150819,0.20854804214416894,0.7159028714143229
20848.0,0.8807252661173167,0.1192437121635848,3.102171909851398E-5
20095.0,0.9984672786728824,0.0015083237754996382,2.4397551617811955E-5
20332.0,2.5003830049503917E-6,0.017361527113291222,0.9826359725037038
20579.0,0.22086087638064789,0.04710464502172698,0.7320344785976252
20265.0,6.17934976310889E-8,1.0976320631965997E-9,0.9999999371088703
20518.0,0.9948971048134947,0.00510288518771044,9.998794884869487E-9
20026.0,0.20918883987646444,0.3169877003620088,0.4738234597615267
20789.0,0.8072375723532854,0.1916945245521188,0.001067903094595783
21267.0,0.010247921700541743,5.184692063294251E-4,0.9892336090931289
20992.0,8.141720325031889E-10,0.0014301440498158838,0.998569855136012
21610.0,0.6738599072012544,0.31306781069903855,0.013072282099706959
20984.0,0.004271612064353689,0.020523935112227797,0.9752044528234186
20215.0,1.8311600622409506E-4,0.3327853545876453,0.6670315294061306
20452.0,0.8606328050492424,0.13507401824181337,0.0042931767089442
20715.0,0.16932653340422413,0.1425298717890627,0.6881435948067132
21197.0,5.423623849815037E-4,0.9762896570280755,0.023167980586942968
21470.0,0.6071427888058963,0.3737195127617725,0.019137698432331214
21671.0,0.01321226976518476,0.9848931165655666,0.0018946136692486212
21402.0,0.945212658554517,0.054777604766365194,9.736679117717698E-6
21129.0,0.036850593374515156,0.7986001668657147,0.16454923975977004
20384.0,6.088001454549006E-4,0.022398004133641815,0.9769931957209033
20655.0,8.565334329584605E-8,0.0079034117670842,0.9920965025795725
20147.0,0.9979343320928582,0.0019506232752166343,1.1504463192523784E-4
20924.0,6.587029972277575E-5,6.164008988235779E-6,0.9999279656912891
21731.0,0.005907587641219344,0.7300876492979778,0.26400476306080284
21060.0,7.024072941495202E-7,4.116583946274052E-6,0.9999951810087596
21335.0,0.9962316766886204,0.0021575235722506155,0.001610799739129003
20094.0,1.773301302190486E-9,8.074157706136314E-8,0.9999999174851216
20849.0,0.9904193408186238,0.009580651646724354,7.534651917985525E-9
20578.0,0.04861545886975858,0.9422333737003356,0.009151167429905873
20333.0,0.6494230957799361,0.3500998695946589,4.770346254049733E-4
21550.0,0.002026635808987931,0.02433060276928765,0.9736427614217245
21664.0,0.8728664339774729,0.12713311968191918,4.4634060788847143E-7
21465.0,0.03164508564983389,0.06598666181287331,0.9023682525372928
21194.0,0.008010345032379684,0.9816123436852409,0.010377311282379346
20451.0,0.7059247668883747,0.29395502580214905,1.2020730947616129E-4
20716.0,0.7260639864045263,0.2733613941164088,5.746194790648664E-4
20208.0,1.009580806186456E-5,0.12569569043518017,0.874294213756758
20991.0,5.849519993818564E-4,0.994917453749053,0.004497594251565062
21613.0,0.7287478261596432,0.27081970411825274,4.324697221039452E-4
20999.0,0.004093359276686167,0.7642927535350672,0.23161388718824671
21268.0,2.0469485535132285E-5,0.03933155497999255,0.9606479755344723
20029.0,2.6223980271586975E-9,3.40442215223544E-9,0.9999999939731797
20786.0,0.0010277431487323299,0.006471063952171351,0.9925011928990963
20270.0,0.01853897365709561,0.04908594136423604,0.9323750849786683
20513.0,3.0785229303553963E-4,0.015350645528286487,0.984341502178678
21545.0,0.9997394326545004,2.419234685082297E-4,1.8643876991314843E-5
20581.0,0.035604749645759964,0.9271549303613233,0.03724031999291676
20330.0,1.251415264242276E-5,0.02432548445954182,0.9756620013878158
20089.0,0.7411239901522072,0.24113591340708057,0.017740096440712123
20854.0,0.002422245318797325,0.691085525738291,0.30649222894291167
21328.0,1.8104975616276365E-8,7.444745718814636E-6,0.9999925371493056
21059.0,0.690532954393201,0.30944508663086967,2.1958975929354893E-5
21732.0,0.2998113950910352,0.7000975675350659,9.103737389885918E-5
20923.0,0.9887789786485658,0.004044367841002481,0.007176653510431769
20148.0,2.6205167114450666E-6,7.184579671878765E-4,0.9992789215161006
20648.0,0.35128208518793114,0.019428796039440498,0.6292891187726283
20391.0,0.41356963953794335,0.10465543582803541,0.4817749246340212
21134.0,0.013173076693032899,0.1422814743475292,0.844545448959438
21405.0,0.8538766708647999,0.10381661137272993,0.042306717762470254
21464.0,0.001272616356927653,0.07747154870788,0.9212558349351924
21195.0,2.969371536924199E-4,5.502077900284926E-6,0.9996975607684073
20717.0,0.22885827879882134,0.7710921029011326,4.96183000461037E-5
20450.0,0.17372735010114404,0.07465417140564971,0.7516184784932062
20209.0,0.2125004263422861,0.7272206808958085,0.06027889276190537
20990.0,0.45920005378473333,0.5400008737839529,7.990724313138224E-4
21665.0,0.6766483488437461,0.3233428600985897,8.791057664222938E-6
20998.0,4.0163693207477525E-4,0.024191481248109204,0.9754068818198159
21269.0,0.32442798971308645,0.1804462115099271,0.49512579877698637
20028.0,3.014079541842284E-6,0.0037062172340308636,0.9962907686864273
20787.0,0.5250500896322118,0.47403620992008666,9.137004477017328E-4
20271.0,2.9841818104745876E-4,8.669327195619824E-4,0.9988346490993906
20512.0,0.7509186601052382,0.23756057266984307,0.011520767224918686
21612.0,0.13421940994234452,0.24231904639585156,0.623461543661804
20580.0,1.4867520808285874E-11,5.6279678321733625E-9,0.9999999943571647
20331.0,0.003040848058695274,0.17307438014595009,0.8238847717953547
20855.0,0.990449016209255,0.009550976774933792,7.015811163969203E-9
20088.0,0.16695143664128934,0.042632548641125534,0.7904160147175852
21329.0,2.3273823001588367E-4,0.002038859633581184,0.997728402136403
21058.0,0.009611738689797537,0.8156935272459227,0.1746947340642799
21544.0,0.9687996667922079,0.03119229080496631,8.042402825910183E-6
20922.0,0.9711731444767464,0.02879590156102734,3.095396222613228E-5
20149.0,0.02826901010112472,0.005340826251084139,0.9663901636477911
20649.0,7.465904837085362E-10,4.6713743784273807E-7,0.9999995321159717
20390.0,0.9960689029584515,0.003931038484406522,5.855714191743007E-8
21135.0,0.00994776133764649,0.017538181288923864,0.9725140573734297
21404.0,3.6356781508978156E-4,0.28891242005350426,0.710724012131406
21733.0,1.7051293947860527E-10,2.7855864454584785E-6,0.9999972142430416
21666.0,3.395398301369088E-10,4.8728886200122555E-4,0.9995127107984589
21192.0,1.0272798679251589E-4,0.002273678595878276,0.9976235934173292
21467.0,2.596818746589634E-8,0.015032175083976303,0.9849677989478361
20989.0,0.1581857644308258,0.8404525106178403,0.001361724951333859
20210.0,5.029605018421129E-9,3.755782797547238E-9,0.9999999912146122
20718.0,3.902496885073559E-4,3.0443000016212743E-4,0.9993053203113305
20449.0,6.87518133896978E-4,0.0017375637762913425,0.9975749180898117
21615.0,0.35104603700856896,0.6402052952017329,0.008748667789698213
21270.0,0.8292941658322909,0.17000598747073428,6.998466969748185E-4
20997.0,0.15840105646663036,0.7583359480298318,0.08326299550353787
20515.0,1.2026860943063948E-6,1.283292224281547E-4,0.9998704680914776
20268.0,0.884529508898908,0.10794234945792439,0.007528141643167574
20031.0,0.05381062815140065,0.9456263928731256,5.629789754736222E-4
20784.0,0.04027545286167234,0.9459934906951586,0.013731056443169005
21547.0,7.299021789916092E-5,5.513141370264359E-4,0.9993756956450744
20091.0,0.06679615292049657,0.4243791004953258,0.5088247465841775
20852.0,9.989362747951689E-5,2.0315133557941135E-6,0.9998980748591646
20328.0,0.4640331414272037,0.5343411044918801,0.0016257540809161298
20583.0,9.751070946935424E-4,2.7889930154749416E-4,0.9987459936037589
21057.0,0.85565094926441,0.1436128075611799,7.362431744100822E-4
21330.0,0.9397984171837417,0.05993435998906573,2.6722282719252434E-4
21734.0,0.19917204443866698,0.7927052256757229,0.008122729885610103
20650.0,0.8145952900664941,0.18495029250875797,4.544174247479346E-4
20389.0,0.8497145550574565,0.15028525004379303,1.9489875040859347E-7
20150.0,0.0015866186109723787,0.848391242169506,0.1500221392195216
20921.0,0.23803954211767878,0.7619572329986865,3.224883634866242E-6
21407.0,0.20055506043254684,0.7894564674153617,0.009988472152091608
21132.0,0.017896667308736545,0.8026972907746922,0.17940604191657128
21193.0,4.331442616330114E-6,0.026136547036230796,0.9738591215211528
21466.0,0.004909299163393464,0.13103781463199002,0.8640528862046165
20211.0,5.785555574610665E-6,0.1135925155864893,0.8864016988579361
20988.0,4.46625829436379E-5,0.0013957095436022975,0.998559627873454
20719.0,2.7435836344989375E-5,6.900833586776415E-4,0.9992824808049774
20448.0,4.7053986086582586E-9,7.986378370101827E-5,0.9999201315109003
21667.0,7.30942162260239E-5,0.0038159974608536476,0.9961109083229203
21271.0,0.9512061259408524,0.04879223742997262,1.636629175070142E-6
20996.0,0.9971066858303202,0.002876367858818621,1.6946310860996917E-5
20514.0,0.9349112223563691,0.06508628758533393,2.490058296869775E-6
20269.0,3.263210343292577E-11,3.643738214938423E-10,0.999999999602994
20030.0,0.0012605220275883544,0.08604722130452859,0.912692256667883
20785.0,0.0027747478323231073,0.010120766839943425,0.9871044853277334
21614.0,0.0013270932919326067,0.03529070077370087,0.9633822059343666
20853.0,0.5120308074919572,0.38514393808504904,0.10282525442299385
20090.0,0.5413862625647347,0.441247300818912,0.017366436616353353
20582.0,0.02978646577354283,0.4743177698369269,0.49589576438953026
20329.0,0.0011663166172404336,0.8682068523888018,0.13062683099395778
21056.0,1.878771927921146E-5,0.7191488924696043,0.2808323198111163
21331.0,0.8010493894873641,0.19889932807227803,5.128244035784656E-5
21546.0,8.394855214160483E-7,3.1384214490307823E-10,0.9999991602006364
20388.0,0.9963452761664134,0.0036547237172047334,1.1638188483763761E-10
20651.0,0.005686907605873258,0.8834879976433843,0.11082509475074252
20151.0,2.836405043839975E-5,1.3791490439719935E-4,0.9998337210451644
20920.0,0.4406901511309554,0.5575055184372947,0.0018043304317499642
21406.0,0.01840449724725113,0.02114058279656419,0.9604549199561847
21133.0,0.8769752928276535,0.12300989473443714,1.4812437909383358E-5
21735.0,0.8608848408444721,0.13908254516640442,3.261398912343857E-5
21122.0,3.974151711918823E-9,9.79832394323896E-7,0.9999990161934539
21393.0,2.0059577296430693E-6,4.04339827523566E-9,0.999997989998872
20152.0,0.6310015466583082,0.367205068115036,0.0017933852266557786
20919.0,0.9863742197933335,0.013625725328353865,5.4878312711908835E-8
20644.0,0.008310916629350252,0.1934371218249556,0.7982519615456941
20395.0,9.801468641338319E-4,1.047970849359916E-4,0.9989150560509301
21736.0,5.470493170507655E-4,0.746453129974212,0.25299982070873733
21340.0,2.1426794309078252E-4,0.020248769744437706,0.9795369623124716
21071.0,0.7016178017043467,0.1889059428959571,0.10947625539969616
20585.0,0.8134633796860518,0.1862998612714261,2.367590425221491E-4
20326.0,0.003792311583958912,2.6947531339952384E-7,0.9962074189407277
20858.0,0.41232728096339655,0.1920041738635489,0.39566854517305455
20085.0,6.219347408607321E-5,6.171745747727872E-7,0.9999371893513392
21541.0,6.940412201418303E-6,0.020053991935206555,0.979939067652592
20798.0,0.09517952971314872,0.9046230641784997,1.974061083515492E-4
20017.0,0.9878996582015834,0.012100338850301725,2.9481146810720197E-9
20258.0,0.0017876346091958639,0.9787682121004991,0.019444153290305057
20525.0,0.7662872329125339,0.03481472898851616,0.19889803809894985
21003.0,0.9924067928225399,0.006355010471188123,0.0012381967062721061
21272.0,0.01822737864691137,0.16161159412634207,0.8201610272267467
21601.0,6.769360717787297E-4,0.001512024148797274,0.997811039779424
20704.0,0.10570615426704422,0.012843700645193684,0.881450145087762
20463.0,0.0057222838461356606,0.022998222993145963,0.9712794931607184
20220.0,0.9496679402793008,0.002253594882329153,0.04807846483837004
20979.0,1.3125273346006791E-8,2.783327460738801E-7,0.9999997085419806
21461.0,2.472719908725427E-8,8.423633272900235E-6,0.999991551639528
21190.0,0.011724454555800765,0.19872996106855847,0.7895455843756407
21676.0,0.07350784222874514,0.7987015378712297,0.1277906199000253
21737.0,0.13001813902222822,4.89789809093648E-4,0.8694920711686781
21123.0,0.030452226743943624,0.06083400878834811,0.9087137644677084
21392.0,5.7722698582597404E-8,2.5040292178250873E-6,0.9999974382480836
20918.0,3.698214145498239E-5,2.7946119838222953E-4,0.9996835566601627
20153.0,6.397495024571113E-6,6.760629542177967E-4,0.9993175395507575
20645.0,1.1680530103036397E-4,0.0108236322767357,0.9890595624222338
20394.0,0.00884441733469635,0.9022536042406366,0.08890197842466711
21540.0,0.5741283376493463,0.4246749553222596,0.001196707028394126
21341.0,0.9472104564129996,0.008577305405764485,0.044212238181235965
21070.0,0.002227118801724264,0.39536078503138516,0.6024120961668906
20584.0,0.06648564565952116,0.83406021797847,0.09945413636200887
20327.0,0.6861516050993439,0.312037582733197,0.001810812167459122
20084.0,0.9163284946177753,0.08366938023324279,2.1251489819447754E-6
20859.0,6.5729598772404075E-9,1.5406865418509405E-4,0.9998459247728549
21600.0,7.824216291106671E-6,0.00948828923080962,0.9905038865528992
20016.0,0.0046014024547236625,0.6862371747420727,0.30916142280320374
20799.0,0.8836978222071676,0.11611330775754901,1.8887003528328107E-4
20259.0,3.554514598919939E-5,0.013971957907501043,0.9859924969465097
20524.0,4.958539719063506E-5,4.125749860105649E-5,0.9999091571042084
21002.0,0.018640792912514883,0.27331927857817273,0.7080399285093124
21273.0,0.2930831248818338,0.7062040470891737,7.128280289926134E-4
21677.0,0.20462725155587239,0.7822461120725047,0.013126636371622848
20705.0,3.59807197739366E-7,0.005712511694369249,0.994287128498433
20462.0,0.1097134840200894,0.004467148766452047,0.8858193672134586
20221.0,0.010019870640936096,0.9524239932125441,0.03755613614651979
20978.0,3.259978422733431E-11,5.4335673028913327E-8,0.9999999456317272
21460.0,0.8730632806703847,0.12693036799632185,6.351333293514111E-6
21191.0,0.470938528156289,0.5273341146433691,0.001727357200342003
21395.0,0.5415924353968775,0.4537501753492369,0.0046573892538855945
21120.0,0.0048403333661369025,0.029198329455347144,0.965961337178516
20646.0,0.977043546456414,0.022859402800705576,9.705074288051333E-5
20393.0,0.14256871363894894,0.8543262986605827,0.0031049877004683006
20154.0,0.9056627418608731,0.09433369188159545,3.5662575315106663E-6
20917.0,6.036148801244405E-9,3.9262161029074837E-10,0.9999999935712295
21738.0,0.9763617329078867,0.023638261683275846,5.408837431870571E-9
21069.0,0.9909237054247051,0.009076293676861389,8.984334482860826E-10
21342.0,0.5589863776914348,0.17055198218208523,0.27046164012648005
20087.0,0.046483173452964564,0.3746339270177539,0.5788828995292816
20856.0,0.025505965375870673,3.387880493619264E-5,0.9744601558191932
20324.0,0.9961939226689926,0.0028273358540849653,9.787414769224928E-4
20587.0,0.0012012095793068034,0.9369011400375447,0.06189765038314849
21543.0,0.8916977655399553,0.10830152689415921,7.075658855975317E-7
20527.0,0.0058737722573936274,0.0035704775493843014,0.9905557501932221
20256.0,0.9780354103438915,0.021964568061745175,2.1594363316043078E-8
20019.0,1.5004728805514167E-7,1.326803627015543E-5,0.9999865819164417
20796.0,2.6607439539498756E-7,0.00980656770765348,0.9901931662179511
21274.0,9.035707819486763E-5,0.9736778910671869,0.026231751854618224
21001.0,0.0213849219900447,0.9090902069325099,0.06952487107744552
21603.0,0.8593350511853057,0.14065795992312094,6.988891573364834E-6
20977.0,6.173192368706239E-4,7.643794240474434E-4,0.998618301339082
20222.0,2.1057077555962887E-4,1.3526313873005115E-4,0.9996541660857102
20706.0,0.07833981805943917,0.03481753800760135,0.8868426439329594
20461.0,0.01827685663913554,0.1456556690176263,0.8360674743432381
21188.0,1.5002906958860038E-4,8.8033149607658E-4,0.9989696394343348
21463.0,0.002742026274711225,0.6234801504852427,0.37377782324004594
21678.0,0.3946213548212946,0.602506855607046,0.0028717895716592733
21739.0,0.718108944333095,0.28165429342813314,2.3676223877171058E-4
21394.0,0.049633904449686114,0.649593869404344,0.30077222614596977
21121.0,0.07693067737074433,0.9225980701616134,4.7125246764220894E-4
20647.0,4.349843917235707E-10,1.9965192502971308E-4,0.9998003476399859
20392.0,1.580523288038552E-8,2.6245673664552294E-5,0.9999737385211026
20155.0,0.2215726632510578,0.7678788580036792,0.010548478745263058
20916.0,6.018611579056032E-4,0.010706573120340441,0.9886915657217539
21542.0,0.7317639237057016,0.09749174589423992,0.17074433040005843
21068.0,0.011587860702872071,0.021365887639460204,0.9670462516576678
21343.0,0.8291757251705834,0.16219352329866504,0.008630751530751614
20857.0,0.6953277778613228,0.30162825790923253,0.003043964229444694
20086.0,0.9803379806534454,0.0196620005854524,1.8761102232690844E-8
20325.0,0.0016144749813144595,0.025365218034264492,0.973020306984421
20586.0,0.13639953119437945,0.06526870639878911,0.7983317624068316
21602.0,0.003042453465251274,0.0850408278807031,0.9119167186540457
20257.0,0.8733129350489724,0.12668659367126325,4.7127976420893175E-7
20526.0,0.002087661723128985,0.5013032465089631,0.49660909176790785
20018.0,0.9882595290108405,0.011740468412480831,2.5766786335496902E-9
20797.0,0.2097138297998242,0.7851666590571276,0.005119511143048229
21275.0,1.6078172474645564E-7,2.6977546332648683E-5,0.9999728616719425
21000.0,0.00939756557087049,0.01746332291266015,0.9731391115164694
21679.0,3.018368459718494E-7,3.4507919558689977E-5,0.9999651902435953
20976.0,0.15584737096389942,0.5066765112682209,0.3374761177678796
20223.0,1.3102943372654856E-5,0.901716180420708,0.09827071663591926
20707.0,0.020569353024981113,0.8756496707420635,0.10378097623295542
20460.0,0.06733987321718034,0.20728809179848517,0.7253720349843344
21189.0,0.39573830064898646,0.5891614969812184,0.01510020236979528
21462.0,0.11331189462501581,0.4503486713788775,0.43633943399610653
20589.0,0.9433190244029566,0.05659722881733471,8.374677970878951E-5
20322.0,0.05158327956130017,0.07413470839469612,0.8742820120440037
20081.0,4.42123390802539E-7,0.02274805352821618,0.9772515043483931
20862.0,0.28645380120448544,1.5181370031537939E-6,0.7135446806585115
21336.0,0.4331748075889893,0.28165386537411163,0.28517132703689924
21067.0,0.9756699942386031,0.02432968418794851,3.215734484208992E-7
21537.0,1.7229863218420913E-4,0.006364027124397577,0.9934636742434182
20156.0,1.8668378022578718E-17,2.3350224977927025E-9,0.9999999976649775
20915.0,0.4394348047209417,0.5605445023126716,2.069296638670319E-5
20640.0,2.5206280801586873E-5,0.4715998986868465,0.5283748950323519
20399.0,2.7228559323051765E-4,0.49995789911257477,0.4997698152941946
21126.0,0.0150206634094941,0.9645708640720868,0.020408472518419044
21397.0,0.1295605901703971,2.6468556327239885E-4,0.8701747242663305
21740.0,0.00880721110202271,0.012189596837411604,0.9790031920605657
21457.0,1.5419968121048025E-7,1.8345480733299348E-4,0.9998163909929858
21186.0,0.9988562743963721,0.0011437181038679222,7.499759890067806E-9
20459.0,0.11464313848955082,0.8841237814923922,0.001233080018056806
20708.0,0.016589929349444886,0.9475159860170206,0.03589408463353454
20983.0,0.3235436157262966,0.6629512996905486,0.013505084583154933
20216.0,0.016162595047599964,0.9690716054810586,0.014765799471341406
21672.0,0.8128904192696365,0.1870822068934711,2.7373836892345185E-5
21007.0,1.3157637691971745E-5,3.739758143172915E-4,0.9996128665479906
21276.0,8.392129095894704E-8,0.017869139734680888,0.9821307763440282
20794.0,0.2777747415661906,0.704021413222585,0.01820384521122439
20021.0,0.8936127922894564,0.07573486002430928,0.030652347686234222
20521.0,0.8373045532155453,0.16268046671610023,1.4980068354561522E-5
20262.0,1.9879675843864057E-10,1.7098752764168782E-4,0.9998290122735616
21605.0,1.0725746403223564E-9,2.900541317002435E-6,0.9999970983861083
21536.0,0.9889128868094932,0.011087112797718613,3.9278825521903647E-10
20588.0,0.004360355814302525,0.010493488500917237,0.9851461556847801
20323.0,0.7804635211708553,0.20832380781746296,0.011212671011681788
20080.0,0.9062768699749604,0.06476546834755817,0.028957661677481535
20863.0,2.9543524571025037E-5,0.004766366389277224,0.9952040900861517
21337.0,1.0522152074371468E-4,4.1640871410230517E-7,0.9998943620705422
21066.0,1.6652193418636268E-8,0.0012690848524487687,0.9987308984953579
21741.0,1.2371571463454552E-6,0.008016655118341957,0.9919821077245117
20157.0,0.0036352163404813217,0.034659124922710796,0.9617056587368079
20914.0,0.9725124143974091,0.027487561455659573,2.4146931418795984E-8
20398.0,0.3255840343362469,0.671899677032318,0.0025162886314351166
20641.0,5.0223560073230784E-6,7.675391777487305E-4,0.999227438466244
21127.0,0.9701018461718561,0.029896245699120944,1.908129022937941E-6
21396.0,0.0021973415553724765,0.0654083705795489,0.9323942878650786
21673.0,0.6323746511769092,0.21455321015561166,0.15307213866747915
21456.0,0.9165599820334994,0.083438629569429,1.3883970714465674E-6
21187.0,0.01748489791977737,0.006108886449666021,0.9764062156305566
20709.0,0.15179271273902378,0.6953961971352035,0.15281109012577274
20458.0,0.49927898677046556,0.11968085978184644,0.38104015344768805
20982.0,0.04915583417240226,0.9308354120905945,0.020008753737003285
20217.0,0.011179335313335653,0.7020852490715961,0.2867354156150683
21604.0,0.34732267875327877,0.05235069856127333,0.6003266226854479
21006.0,0.42712738152930846,0.46649810681174336,0.10637451165894826
21277.0,6.569267469355783E-5,0.04593074862664881,0.9540035586986577
20795.0,0.9567403892938475,0.04309602304910403,1.635876570484216E-4
20020.0,3.4423797319745833E-4,0.4468410247873267,0.5528147372394758
20520.0,0.521492877417128,0.47844567340405014,6.144917882182553E-5
20263.0,1.6650752658796624E-5,3.465733341549851E-9,0.999983345781608
20083.0,0.09600700126787914,0.8219846648428754,0.08200833388924551
20860.0,8.939081823139327E-7,0.003093933508232441,0.9969051725835851
20591.0,0.38483791626815733,0.49312026602864106,0.12204181770320159
20320.0,0.11996254460768932,0.8151126902131332,0.0649247651791775
21065.0,0.7855852713172357,0.21439721384394184,1.7514838822526357E-5
21338.0,0.13315140635509373,0.15536756582805467,0.7114810278168516
21539.0,0.9939727380252146,0.0044409493116719986,0.0015863126631133564
20642.0,0.021448828100123794,4.045256313217061E-4,0.9781466462685545
20397.0,0.010834303188051833,0.9307665732364218,0.05839912357552642
20158.0,0.012361503922822148,0.005130497173213611,0.9825079989039642
20913.0,0.9992790377076863,7.209547713504619E-4,7.520963222371047E-9
21399.0,0.968315113171213,0.03168473846325327,1.4836553377773175E-7
21124.0,5.633931727321067E-8,0.006777261468681856,0.9932226821920008
21742.0,0.43986833972122324,0.5268635864377939,0.033268073840982945
21184.0,0.019516373706127875,0.91459491223897,0.06588871405490195
21459.0,0.0020011544015742866,0.06900912706129017,0.9289897185371355
20981.0,2.1608682120514738E-13,4.067301910333745E-6,0.9999959326978736
20218.0,0.17772069163910575,0.7555554536676742,0.06672385469322001
20457.0,0.1676968103225457,0.6830123882697342,0.14929080140772016
20710.0,0.7081872854442728,0.29166793824444637,1.4477631128097582E-4
21674.0,0.996935367398312,0.003064631397396341,1.2042916877063997E-9
21278.0,0.9531492865065463,0.04684202853236923,8.684961084463404E-6
21005.0,0.6360345330951501,0.3634805294916543,4.8493741319561017E-4
20260.0,0.0019294228109217782,0.7902896774743718,0.20778089971470634
20523.0,0.9804853169748953,0.019507775666090695,6.907359013977492E-6
20023.0,0.004725336637955986,0.9889544260260312,0.006320237336012877
20792.0,0.38624199252739666,0.030809925391927416,0.5829480820806759
21607.0,2.0899377137720335E-7,2.2349398640104314E-5,0.9999774416075885
21538.0,0.9331223293466769,0.06140079290594284,0.005476877747380172
20861.0,0.9287471628783057,0.07125281092180119,2.619989310972391E-8
20082.0,0.7282685512887072,0.09960743096076738,0.17212401775052544
20321.0,0.00648816041584006,0.06590237526565354,0.9276094643185064
20590.0,4.013783292824374E-9,1.3163766181720801E-6,0.9999986796095985
21064.0,0.9948593452999823,0.005140640709298052,1.3990719675253447E-8
21339.0,0.9933210035726561,0.0036003612470903897,0.0030786351802535605
21743.0,0.012694537059442668,0.007364158650592863,0.9799413042899645
20396.0,1.6905124733381637E-9,0.019969845075871493,0.9800301532336161
20643.0,0.0038501506381875537,0.4962133850880723,0.4999364642737401
20159.0,0.8340850368100395,0.16591310511270518,1.8580772553079048E-6
20912.0,0.23477999143359135,0.33695183641639437,0.4282681721500142
21398.0,0.0372912553402214,0.7894738103619133,0.17323493429786527
21125.0,0.9930813066898172,0.004871820303536961,0.0020468730066458673
21675.0,0.9060819665230273,0.03220210551224968,0.0617159279647231
21185.0,0.05020519691915292,0.1822538055864471,0.7675409974944001
21458.0,4.914655318630343E-4,0.001595990574402833,0.9979125438937341
20980.0,1.5534014758469807E-7,0.0014936390817173744,0.998506205578135
20219.0,9.705606516377918E-7,4.1741674409366645E-6,0.9999948552719075
20456.0,3.479890586455824E-4,0.9138906778167336,0.08576133312462098
20711.0,8.545935795577991E-6,0.004506049348322111,0.9954854047158823
21606.0,0.9974741077999086,0.0025228180701260786,3.0741299652260135E-6
21279.0,3.2128000545876036E-5,0.8638029972196799,0.13616487477977418
21004.0,0.6157893437095338,0.38412934625636574,8.131003410053192E-5
20261.0,3.8267892215966536E-11,1.0076712648063388E-10,0.999999999860965
20522.0,0.3227642816952428,0.6772144463336192,2.127197113798093E-5
20022.0,0.1582264585089826,0.03523834359429258,0.8065351978967249
20793.0,0.029245042379102575,0.011940249730638721,0.9588147078902587
20008.0,3.193256836010247E-4,1.3986192894822476E-4,0.9995408123874507
20775.0,0.059906329584686016,0.0201506251686035,0.9199430452467104
20532.0,1.404182769336924E-13,4.6133177777107604E-5,0.9999538668220824
20283.0,9.749770399427047E-4,6.29107113539903E-5,0.9989621122487032
21010.0,0.043006492118840896,0.212306925177879,0.74468658270328
21249.0,5.011453198340866E-13,2.1608465505096126E-8,0.9999999783910334
21624.0,0.14484427748157044,0.8295781244642221,0.02557759805420747
20729.0,0.01389915545679739,0.9126223813992094,0.07347846314399316
20470.0,0.6851177862968416,0.31487252137306415,9.69233009427664E-6
20970.0,0.0026259255523197107,0.0075264078417059815,0.9898476666059745
20197.0,0.47914785487537437,0.49766685584499476,0.023185289279630896
21452.0,0.9868661006359215,0.013133880612133272,1.8751945224511112E-8
21215.0,0.07941270959259097,0.8046688544988968,0.11591843590851232
21685.0,0.056208795138322186,0.28558169015558826,0.6582095147060896
21147.0,5.769349851472949E-10,4.106279422576772E-6,0.9999958931436423
21384.0,0.2746144957026347,0.7158969998759417,0.00948850442142379
20129.0,0.005989202902458552,0.993405505727718,6.05291369823432E-4
20910.0,0.38971362853343344,0.5672915255188606,0.04299484594770587
20669.0,2.124409954404724E-4,0.006353903693607786,0.9934336553109517
20402.0,0.9910417829531141,0.008958215557217855,1.4896679800292003E-9
21745.0,0.14462753931268604,0.1415983503468385,0.7137741103404754
21317.0,3.4622240273163677E-6,0.011796291073264279,0.9882002467027083
21078.0,0.017641335101627725,0.01891816145559664,0.9634405034427757
20351.0,0.028686766414798337,0.10209306828737356,0.8692201652978281
20592.0,0.8290338444051462,0.17049240063736332,4.737549574904695E-4
20076.0,0.14745784840069215,0.7451799644130724,0.10736218718623562
20835.0,0.6654566182917275,0.33385639048759375,6.869912206786591E-4
21564.0,0.9185304341094869,0.081468563496252,1.0023942610742733E-6
21625.0,0.10553919310301077,0.8859285958972349,0.00853221099975439
20774.0,0.05873371510031765,0.7837337985888712,0.1575324863108112
20009.0,0.012788949149916613,0.09011134314357723,0.8970997077065062
20533.0,0.46752237823031234,0.1678420843125365,0.3646355374571512
20282.0,0.009601864290215919,0.3146120564938626,0.6757860792159214
21011.0,0.2327477131853344,0.7587468670561373,0.008505419758528381
21248.0,0.8500238664975984,0.12989457145334804,0.020081562049053536
21684.0,0.31116986209883946,0.014892922561152487,0.6739372153400081
20728.0,0.9947428086211918,0.005255903134704772,1.2882441036017407E-6
20471.0,0.7763380032625785,0.021952860203640793,0.20170913653378078
20196.0,0.9424538355353526,0.05753876860873507,7.39585591233488E-6
20971.0,0.007691266326419073,0.027052487824731034,0.96525624584885
21453.0,7.775571029835422E-5,0.03971035687701618,0.9602118874126855
21214.0,0.003002827508903439,0.9964112993538612,5.85873137235253E-4
21744.0,0.053867515470028486,0.9428749287882248,0.003257555741746789
21146.0,1.5332771186555254E-6,7.446271224005382E-7,0.999997722095759
21385.0,0.19744651235068464,0.13264672780222275,0.6699067598470927
20128.0,0.06417716566079466,0.003886562067124148,0.9319362722720812
20911.0,0.027347681223283234,0.11244865188184992,0.8602036668948668
20668.0,0.01907993021751214,0.011100775428085194,0.9698192943544026
20403.0,2.399710688595092E-8,2.0721186256040397E-6,0.9999979038842676
21565.0,0.6399790474981467,0.314979388303321,0.045041564198532294
21316.0,0.23225131122822162,0.7117266013154504,0.05602208745632792
21079.0,0.012611896680051297,0.6927039461498804,0.29468415717006835
20593.0,0.9114541337344438,0.08847275416493602,7.31121006201748E-5
20350.0,6.116785303144183E-4,0.9899235190824976,0.009464802387187941
20834.0,0.07764787727922416,0.44060644977141805,0.48174567294935783
20077.0,0.6808060816437176,0.319193886103886,3.225239639408111E-8
20281.0,0.6456684485836756,0.35336908109888215,9.624703174422677E-4
20534.0,1.2279687011468631E-5,1.7252898902382202E-8,0.9999877030600897
20773.0,0.4788783442450275,0.5067437960292943,0.014377859725678286
20010.0,0.982818749031053,0.015623456956355537,0.0015577940125914864
21251.0,2.9642513613915314E-6,0.007291026136196295,0.9927060096124424
21008.0,0.5815487943945367,0.2009914917671905,0.21745971383827278
21626.0,0.30714501970824093,0.5417871361709699,0.1510678441207892
20199.0,0.005710358344768085,0.9913840152207001,0.002905626434531794
20968.0,3.7717863379438054E-10,6.258810331060083E-14,0.9999999996227587
20468.0,0.9975091751927051,0.0024908201161310314,4.691163877065845E-9
20731.0,0.1620692658286926,0.8366191379913928,0.0013115961799147423
21213.0,0.6012457821757325,0.02827592317592653,0.3704782946483409
21454.0,4.6651057780361534E-4,0.044633605219925016,0.9548998842022715
21687.0,0.12291890128496712,0.3015875324716347,0.5754935662433981
21386.0,0.8754477730315731,0.1245493862627717,2.840705655063887E-6
21145.0,0.3619495339015423,0.6174314741127255,0.020618991985732332
20400.0,0.03233225918621097,0.3858933331315982,0.5817744076821908
20671.0,0.09940930598606466,0.9005212220806212,6.94719333141646E-5
20908.0,0.8265747574664104,3.6032332993971207E-5,0.17338921020059575
20131.0,0.859439537750653,0.13967813617885444,8.823260704926942E-4
21747.0,0.9675574702824639,0.03244245484731862,7.487021751611994E-8
21076.0,0.9454408009843028,0.05452460084555594,3.459817014125278E-5
21319.0,1.5409561401415533E-6,0.21360394979895111,0.7863945092449087
20833.0,0.4495325173693213,0.5504634164783068,4.066152371971964E-6
20078.0,1.680629227302839E-5,9.415419893507954E-4,0.9990416517183762
20594.0,0.9913820886325804,0.008617904255648854,7.111770851910554E-9
20349.0,0.8012437699118018,0.195149938330534,0.003606291757664254
21566.0,0.08157730666304573,0.19371492873356103,0.7247077646033933
21627.0,7.944165429296557E-7,5.089844090574474E-8,0.9999991546850161
20280.0,0.5508496432239242,0.4444565643818021,0.00469379239427366
20535.0,0.9744602686611299,0.025539420146031076,3.111928389991506E-7
20011.0,9.9231827487616E-7,9.659785663705962E-4,0.9990330291153546
20772.0,0.2882500004650419,0.5759117481455114,0.13583825138944672
21250.0,0.9982478659858297,0.0017521026845363176,3.132963401510533E-8
21009.0,5.6033615016369555E-5,0.3866061793753814,0.6133377870096024
21686.0,1.1845177769667616E-6,9.960466993563717E-5,0.9998992108122875
20969.0,0.52446275197953,0.4259041422372304,0.04963310578323974
20198.0,1.7699912225483593E-8,2.046527887726163E-4,0.9997953295113152
20469.0,0.6336045366386477,0.10031928177484778,0.26607618158650453
20730.0,0.012342203543081326,0.018863278645153976,0.9687945178117647
21212.0,0.0012492100420182632,0.33085628461346545,0.6678945053445162
21455.0,0.9954200018951566,0.004577673879229959,2.3242256135768385E-6
21746.0,0.2607122218399392,0.733914588031111,0.005373190128949823
21387.0,1.974565877753153E-6,5.589963898782955E-4,0.999439029044244
21144.0,0.1031361091487805,0.8963460943651766,5.177964860428519E-4
20401.0,1.0015103647464864E-4,0.23338746526761714,0.7665123836959081
20670.0,0.0037732531228681695,0.00794211330333238,0.9882846335737994
20909.0,9.266554471505684E-4,0.043695697848560415,0.9553776467042889
20130.0,2.567392484241958E-7,6.507876885417866E-4,0.9993489555722098
21567.0,0.9713478125309895,0.028652154351707048,3.3117303531061274E-8
21077.0,0.9445278572721969,0.05332083325739877,0.0021513094704043094
21318.0,0.00844238707788228,0.42356854870606936,0.5679890642160483
20832.0,1.2857279852846193E-14,3.1525349980504713E-6,0.9999968474649891
20079.0,0.7977078402990097,0.2018644658950753,4.276938059150096E-4
20595.0,0.01754030297208942,0.3899728222760434,0.5924868747518672
20348.0,7.108857643872029E-4,0.013577095713274721,0.985712018522338
21448.0,0.05421814992013972,0.6737057245029764,0.2720761255768838
21211.0,0.9755574157303761,0.02444253563223221,4.86373916796909E-8
20466.0,0.9947007921920185,0.0052992073000081115,5.079734147107444E-10
20733.0,0.0030098346730213026,0.920861300150061,0.07612886517691779
20974.0,0.52184242512355,0.46021976950698895,0.017937805369461123
20193.0,0.15410263809264543,0.8328633796003804,0.013033982306974242
21681.0,0.8960166036598678,0.10395620878862692,2.7187551505245144E-5
21014.0,0.9919502435398114,0.008049755918630124,5.41558341450771E-10
21253.0,0.3518782190517412,0.635943267531712,0.012178513416546688
20012.0,0.8682971008559339,0.02195808323048124,0.10974481591358479
20771.0,0.9058850961572056,0.09411108454148377,3.819301310683957E-6
20287.0,0.6471856669935329,0.35280170589175913,1.2627114707946524E-5
20528.0,0.3940963766610538,0.18887216309116617,0.41703146024778015
21628.0,3.8020455518794754E-5,0.07750596745370925,0.922456012090772
20596.0,1.07489468039996E-7,2.0006272334499553E-6,0.9999978918832986
20347.0,0.9134497051808035,0.08654449418502275,5.800634173824482E-6
20839.0,0.31444305315822546,0.6852849136851821,2.7203315659246114E-4
