21609.0,0.39999931554474794,0.22367444887321533,0.3763262355820368
20790.0,0.4032857015841922,0.11741576295669648,0.4792985354591113
20025.0,0.5539673477995226,0.42427663930690435,0.021756012893573033
20517.0,0.5064460149689133,0.2257154446312208,0.26783854039986577
20266.0,0.8749371774194417,0.11591262104633236,0.009150201534226054
20995.0,0.23085251817322908,0.24539995456341873,0.5237475272633522
21264.0,0.6709385568904358,0.2911938406791707,0.03786760243039344
21668.0,0.15752448822183596,0.056747607215858496,0.7857279045623057
20455.0,0.6923160697618416,0.2815368301254198,0.026147100112738603
20712.0,0.5701085907278653,0.41248903951995225,0.017402369752182383
20987.0,0.1531696209590625,0.09565868250643572,0.7511716965345019
20212.0,0.721665115893102,0.10004896001604686,0.17828592409085126
21469.0,0.7175653999197683,0.15125782759655462,0.131176772483677
21198.0,0.636918244577865,0.33730523831355885,0.02577651710857621
21728.0,0.26296603416496983,0.10183533823537479,0.6351986275996555
21130.0,0.11950741916421385,0.6102514796210144,0.2702411012147718
21401.0,0.3693019848304122,0.17105538274047316,0.45964263242911463
20144.0,0.1483278756838134,0.28856506029281564,0.563107064023371
20927.0,0.14298308552884406,0.17581483341376905,0.681202081057387
20387.0,0.5251517154975509,0.4089575799978093,0.06589070450463978
20652.0,0.40369603681754485,0.4107643810350301,0.18553958214742508
21549.0,0.6645036393163865,0.29532039641029006,0.04017596427332351
21332.0,0.1192458092859912,0.2422195710784681,0.6385346196355408
21063.0,0.05955013868168162,0.10115764272128384,0.8392922185970345
20577.0,0.05377037364252964,0.08054470907618612,0.8656849172812843
20334.0,0.056969815256335474,0.08752558342215783,0.8555046013215066
20850.0,0.41607537798452826,0.10527101231953406,0.4786536096959377
20093.0,0.18698621390524395,0.44028326361207726,0.3727305224826787
20024.0,0.06834477309858686,0.21857890746047062,0.7130763194409425
20791.0,0.3913439371392085,0.5587870916719615,0.0498689711888301
20267.0,0.37469482408856597,0.35732533958637963,0.2679798363250543
20516.0,0.05286481952985864,0.1541495773476359,0.7929856031225054
20994.0,0.15554073580811473,0.32362001796257983,0.5208392462293053
21265.0,0.17738889290340917,0.13946681618815185,0.6831442909084389
21608.0,0.5186638317031358,0.3557420497091251,0.1255941185877392
20713.0,0.12898170969700615,0.12010714120183447,0.7509111491011594
20454.0,0.3704886344890595,0.4868673806025023,0.1426439849084382
20986.0,0.7423655704731978,0.2450494602590844,0.012584969267717775
20213.0,0.15874099586617538,0.53066612027434,0.3105928838594846
21468.0,0.03927892991366335,0.11643110942346849,0.8442899606628681
21199.0,0.05848218293837976,0.10640880907277532,0.8351090079888449
21669.0,0.16876181041337537,0.1065867544134124,0.7246514351732123
21131.0,0.09326588988720658,0.13686837767828056,0.7698657324345128
21400.0,0.6010526556929752,0.37768924800279574,0.021258096304229007
20926.0,0.11819918766411878,0.07650345036616352,0.8052973619697177
20145.0,0.18925043739071232,0.6119889986023058,0.19876056400698197
20386.0,0.523610101513603,0.35724294679884105,0.11914695168755601
20653.0,0.07560283044123173,0.10636877356026814,0.8180283959985001
21729.0,0.5032534125768868,0.42883613119035546,0.06791045623275772
21333.0,0.25505772961958767,0.12287740742156343,0.6220648629588489
21062.0,0.4599064449688573,0.26490574794869653,0.27518780708244617
20576.0,0.18905233541757713,0.2328189281987378,0.5781287363836851
20335.0,0.07395468987944886,0.0986117324690307,0.8274335776515204
20092.0,0.1978823510338124,0.669217304265557,0.13290034470063047
20851.0,0.5224412901528462,0.3017317959850004,0.17582691386215332
21548.0,0.41821909405478663,0.3306447433270998,0.2511361626181137
21611.0,0.40424228665897377,0.12536997456801346,0.47038773877301276
20519.0,0.11408574150506318,0.21371892090893638,0.6721953375860005
20264.0,0.811278953049401,0.1804397017873447,0.008281345163254352
20788.0,0.2286806951643203,0.5527187332687477,0.21860057156693208
20027.0,0.6502969060179896,0.3136106125921124,0.036092481389897936
21266.0,0.5616508963335364,0.3653016665326979,0.07304743713376563
20993.0,0.5754541519118894,0.38586266365931515,0.03868318442879545
21670.0,0.4298181692759069,0.10274825892511102,0.4674335717989821
20214.0,0.11391540328027357,0.18390939077590074,0.7021752059438257
20985.0,0.24197161899331235,0.24217508604385318,0.5158532949628344
20453.0,0.05994079604967137,0.07355123050226066,0.8665079734480681
20714.0,0.26797791436894114,0.12649342550126286,0.6055286601297959
21196.0,0.3972831860466545,0.16827942434073884,0.43443738961260664
21471.0,0.36608825262942946,0.33519003387506463,0.2987217134955059
21730.0,0.2878131104526924,0.4304092481976472,0.28177764134966027
21403.0,0.10351478909616316,0.2542953517084527,0.6421898591953842
21128.0,0.2795768156146858,0.4461301878024566,0.27429299658285755
20385.0,0.537542964853754,0.4332553857237407,0.029201649422505364
20654.0,0.8114172232858966,0.137552266913965,0.05103050980013849
20146.0,0.09652309533714822,0.26189879033271846,0.6415781143301333
20925.0,0.8179044456701541,0.16379808950405622,0.01829746482578974
21551.0,0.03928920004392449,0.06275381775183604,0.8979569822042395
21061.0,0.06551848183347903,0.046146868169547,0.888334649996974
21334.0,0.21887260185152213,0.20340898301270346,0.5777184151357745
20848.0,0.6449847446415103,0.20580477840627764,0.14921047695221207
20095.0,0.6122769514683528,0.18590398281322462,0.20181906571842262
20332.0,0.08990459071086994,0.17665445820033956,0.7334409510887905
20579.0,0.2106014864599951,0.08656475736906888,0.702833756170936
20265.0,0.2115734325984798,0.07980076014641133,0.7086258072551088
20518.0,0.8901235961831871,0.10010086851320063,0.0097755353036122
20026.0,0.32710038849489087,0.1324409107460871,0.5404587007590219
20789.0,0.32895519269136125,0.21841255118307334,0.45263225612556535
21267.0,0.4060924947943647,0.2537943393785005,0.3401131658271347
20992.0,0.06812712096724616,0.19027168675869036,0.7416011922740635
21610.0,0.3664814144864165,0.3105530955806743,0.32296548993290913
20984.0,0.12675317811880216,0.10717447626599136,0.7660723456152065
20215.0,0.2158977735278098,0.1965018290014851,0.5876003974707051
20452.0,0.4927667235795227,0.37119076931028644,0.13604250711019084
20715.0,0.4125073609933777,0.21186996503232253,0.3756226739742997
21197.0,0.21365117080977064,0.5734241025423511,0.21292472664787823
21470.0,0.2994047882154274,0.3550065733949056,0.3455886383896669
21671.0,0.24568583938304756,0.6156163896594499,0.13869777095750263
21402.0,0.6718081358814405,0.26194372327147436,0.06624814084708519
21129.0,0.07677158661935769,0.14636168626659193,0.7768667271140505
20384.0,0.061152769018237595,0.15317380672886902,0.7856734242528933
20655.0,0.1426358922295752,0.2882267630918754,0.5691373446785494
20147.0,0.7181399326873962,0.253764977571074,0.028095089741529772
20924.0,0.09326458491021886,0.15424487729967748,0.7524905377901036
21731.0,0.06356960730860413,0.28821528953722275,0.6482151031541732
21060.0,0.2504259258352396,0.12607329887654944,0.623500775288211
21335.0,0.5907519445951778,0.18566755101086627,0.2235805043939559
20094.0,0.059509108188581024,0.047001860740265286,0.8934890310711537
20849.0,0.7572438996764866,0.14970208715871336,0.09305401316480001
20578.0,0.2671430171560788,0.5808196765873731,0.15203730625654804
20333.0,0.5584476247183819,0.2119098301823792,0.22964254509923887
21550.0,0.3715763085310975,0.13414362043447173,0.4942800710344308
21664.0,0.50528066119799,0.4836901684864672,0.011029170315542876
21465.0,0.30744611869430566,0.06555882508220696,0.6269950562234875
21194.0,0.14221084329926054,0.4402460634424144,0.4175430932583251
20451.0,0.16773889501473088,0.3055622628479703,0.5266988421372988
20716.0,0.4304210287844664,0.44902097576615285,0.12055799544938084
20208.0,0.3476468346736683,0.18798482661490856,0.46436833871142313
20991.0,0.22697321293651726,0.5960755596710786,0.1769512273924041
21613.0,0.5110384000820951,0.3756676917955599,0.11329390812234486
20999.0,0.19477989891819572,0.6401951882962977,0.16502491278550657
21268.0,0.1415416535473204,0.22900979010535266,0.6294485563473269
20029.0,0.06803487604137856,0.09620227140719875,0.8357628525514228
20786.0,0.23477990556881032,0.16774786169679934,0.5974722327343904
20270.0,0.11014985585762424,0.2047217816622479,0.6851283624801279
20513.0,0.22850239964705468,0.47541690275292653,0.2960806976000188
21545.0,0.6161607127249518,0.3574341355733085,0.0264051517017397
20581.0,0.5026100198711464,0.43925387839997443,0.058136101728879216
20330.0,0.21307957852574094,0.20375192833401257,0.5831684931402464
20089.0,0.3772634082408796,0.20980875215847716,0.4129278396006432
20854.0,0.11032401162397218,0.6216857608764976,0.26799022749953016
21328.0,0.1125079939198873,0.07223980828565989,0.8152521977944528
21059.0,0.4430622627733404,0.4613725344468852,0.09556520277977448
21732.0,0.34302400894609564,0.5874499682982233,0.06952602275568098
20923.0,0.544226610499757,0.2621531730840983,0.19362021641614474
20148.0,0.049699120764363315,0.1824941304766945,0.7678067487589422
20648.0,0.1880396632014626,0.2391486948419505,0.572811641956587
20391.0,0.2062320878433715,0.17265213215190228,0.6211157800047262
21134.0,0.1713382363451553,0.21646680152269762,0.6121949621321471
21405.0,0.33909723723400653,0.23098755275974492,0.4299152100062486
21464.0,0.11705100440007842,0.23048957459077876,0.6524594210091429
21195.0,0.16547015452961042,0.09318676606970695,0.7413430794006827
20717.0,0.6174163067102372,0.3342590357016593,0.04832465758810357
20450.0,0.10180237820036099,0.29719033906149084,0.6010072827381482
20209.0,0.41272859524289224,0.32278260584560353,0.26448879891150423
20990.0,0.5100015740100843,0.3882009181333844,0.10179750785653117
21665.0,0.2791506134118626,0.46176517419935575,0.2590842123887816
20998.0,0.03850699777817036,0.07751138563586743,0.8839816165859622
21269.0,0.3186000991800335,0.20710033672043274,0.4742995640995337
20028.0,0.3390069618303037,0.166423171188265,0.4945698669814312
20787.0,0.31258222964828686,0.21935354937898532,0.4680642209727277
20271.0,0.3139162179564409,0.08811794185289783,0.5979658401906612
20512.0,0.09771133978062348,0.08084550401099681,0.8214431562083797
21612.0,0.3900311058119129,0.26397788796896704,0.34599100621912
20580.0,0.13744847239321245,0.15608472392125522,0.7064668036855323
20331.0,0.15259680478658824,0.22831354229675815,0.6190896529166536
20855.0,0.8590287660591688,0.13531406535222115,0.0056571685886100675
20088.0,0.2812912498020838,0.3117995384846589,0.4069092117132572
21329.0,0.10379960694878225,0.11682140308464548,0.7793789899665723
21058.0,0.2972042392861716,0.3201048095033386,0.3826909512104898
21544.0,0.7699717351086836,0.19942151450813292,0.030606750383183577
20922.0,0.19536321190323824,0.42098917104791733,0.3836476170488444
20149.0,0.2733413683349493,0.18332984536426747,0.5433287863007832
20649.0,0.11162506587812757,0.10422110794178704,0.7841538261800854
20390.0,0.7280342591277906,0.1634644072525615,0.10850133361964788
21135.0,0.23040669682325365,0.17824446812683437,0.591348835049912
21404.0,0.15272389850235876,0.2426797650408888,0.6045963364567525
21733.0,0.09489663281881881,0.23155820024671597,0.6735451669344653
21666.0,0.1901192358433491,0.19653690204754656,0.6133438621091043
21192.0,0.12914620517989672,0.12348770055168203,0.7473660942684213
21467.0,0.1268387081773763,0.2190218374443628,0.6541394543782609
20989.0,0.20977613148886562,0.7221949294888073,0.06802893902232722
20210.0,0.4728059537607981,0.05602347916677204,0.4711705670724299
20718.0,0.039070451551174855,0.03780070414556597,0.9231288443032593
20449.0,0.2554617269416038,0.13107004065033143,0.6134682324080648
21615.0,0.48205277106907957,0.4494761588535816,0.06847107007733877
21270.0,0.4239290365788339,0.31364941507996147,0.26242154834120457
20997.0,0.23702452980293742,0.4364117739011237,0.3265636962959389
20515.0,0.08167274049625782,0.07067097222475141,0.8476562872789907
20268.0,0.6121837196563604,0.2220698505707694,0.1657464297728702
20031.0,0.536937137035831,0.38150707896810115,0.08155578399606787
20784.0,0.20874125010937308,0.5382078904864919,0.25305085940413496
21547.0,0.18764521835032488,0.15000338035195088,0.6623514012977242
20091.0,0.0765024184984588,0.14644625426499955,0.7770513272365417
20852.0,0.15725933906530742,0.17203739784846106,0.6707032630862315
20328.0,0.3225638293310828,0.4427948366245941,0.23464133404432302
20583.0,0.21014254196157348,0.1824362203172707,0.6074212377211559
21057.0,0.6913819048284491,0.18314224826888498,0.12547584690266597
21330.0,0.7050121160592558,0.21408319173542154,0.08090469220532258
21734.0,0.2887921735899475,0.38925614641844725,0.3219516799916053
20650.0,0.5333806778792907,0.218309464911049,0.2483098572096604
20389.0,0.4660966712644361,0.5074349087926173,0.026468419942946565
20150.0,0.18946520093629177,0.668294338168069,0.14224046089563921
20921.0,0.5307402416441057,0.43644378504086684,0.0328159733150275
21407.0,0.23024477835112095,0.4175385557872526,0.3522166658616265
21132.0,0.10114177211570018,0.3060131705825243,0.5928450573017756
21193.0,0.2547215472683167,0.3303546624244041,0.41492379030727916
21466.0,0.0941649137809305,0.22639518177686696,0.6794399044422025
20211.0,0.04522556116977121,0.22528418553015897,0.7294902533000699
20988.0,0.06874337429870116,0.19933134312547066,0.7319252825758282
20719.0,0.14485683363515595,0.10845873990662826,0.7466844264582158
20448.0,0.16357659521338613,0.1371197439096273,0.6993036608769866
21667.0,0.2884472992496472,0.2597539222208374,0.45179877852951544
21271.0,0.703668884951172,0.27027365302859363,0.02605746202023437
20996.0,0.6560782345428897,0.2840848952695269,0.05983687018758339
20514.0,0.7625465898034971,0.2163697836292859,0.02108362656721697
20269.0,0.06587556122587059,0.07241812359450008,0.8617063151796294
20030.0,0.15541307983294086,0.5216196093254553,0.3229673108416038
20785.0,0.19726526546065526,0.185013260094036,0.6177214744453087
21614.0,0.07331023202345292,0.1725081790904669,0.7541815888860801
20853.0,0.4054393503136124,0.2995087196460683,0.2950519300403194
20090.0,0.4967085756499561,0.12673525182053624,0.3765561725295077
20582.0,0.2521387059601386,0.47004789691053606,0.27781339712932535
20329.0,0.1221757678807153,0.5349177805122945,0.3429064516069901
21056.0,0.2426792781735484,0.5285120749765929,0.22880864684985877
21331.0,0.6653965302366404,0.3238673747537105,0.010736095009649041
21546.0,0.21951293458654936,0.09571371934634411,0.6847733460671066
20388.0,0.9030819211061811,0.08940099611788352,0.0075170827759354205
20651.0,0.17084524372441195,0.6270625438562086,0.20209221241937947
20151.0,0.04792748635824401,0.0701768644084731,0.8818956492332829
20920.0,0.3548759328466362,0.4101682486049285,0.23495581854843536
21406.0,0.20931445497924844,0.16654233796385434,0.6241432070568971
21133.0,0.6755654533155016,0.23008239042328568,0.09435215626121282
21735.0,0.268566015919665,0.22790043785887124,0.5035335462214638
21122.0,0.1924174699945668,0.125708197307084,0.6818743326983492
21393.0,0.24079747088230932,0.08125483568579121,0.6779476934318995
20152.0,0.5051642322460501,0.3117727790005875,0.18306298875336233
20919.0,0.735231610301294,0.24527559399835266,0.019492795700353307
20644.0,0.293775738758158,0.1448785326590225,0.5613457285828195
20395.0,0.3349118029001171,0.0929515446295399,0.5721366524703431
21736.0,0.21035801627314132,0.5852360133741857,0.20440597035267286
21340.0,0.09796520657225499,0.08684409918410724,0.8151906942436378
21071.0,0.3175345795086333,0.1912209801051997,0.4912444403861671
20585.0,0.3889379114642917,0.44011859896569405,0.17094348957001426
20326.0,0.3774867214120401,0.12804015863001605,0.49447311995794385
20858.0,0.2588085939917708,0.48592623971992327,0.255265166288306
20085.0,0.19875618649782353,0.09905960727975614,0.7021842062224203
21541.0,0.07312501101170504,0.055836247783765475,0.8710387412045294
20798.0,0.20551803221206189,0.6943250869430425,0.1001568808448956
20017.0,0.5666502411465476,0.40770665763171443,0.025643101221738136
20258.0,0.28897362625050227,0.5634932794222621,0.1475330943272356
20525.0,0.4525532704615498,0.20765438025471983,0.33979234928373026
21003.0,0.5331634064960262,0.20998279191508,0.2568538015888937
21272.0,0.1149062515008636,0.1633399701389074,0.7217537783602291
21601.0,0.22188345992727274,0.1986347682146412,0.579481771858086
20704.0,0.27625220020134417,0.10128531734980269,0.6224624824488533
20463.0,0.06168007412003474,0.3893241631449388,0.5489957627350265
20220.0,0.3243604444037408,0.15294524924515776,0.5226943063511015
20979.0,0.1156443037373254,0.03838119318986054,0.8459745030728141
21461.0,0.036806158778054494,0.042832296375623295,0.9203615448463223
21190.0,0.26668325018258504,0.4914334371123588,0.24188331270505622
21676.0,0.19419608544158143,0.44074320443745946,0.3650607101209591
21737.0,0.3014543687026893,0.15416788165863926,0.5443777496386715
21123.0,0.08190283241076658,0.1845901878151222,0.7335069797741113
21392.0,0.07978125983538395,0.08220063945662932,0.8380181007079867
20918.0,0.15838006624090017,0.28715825984271726,0.5544616739163825
20153.0,0.15378255796290818,0.17713829438815384,0.6690791476489379
20645.0,0.0770403965970355,0.27193845801202327,0.6510211453909412
20394.0,0.46334734053214477,0.38461022943567474,0.1520424300321805
21540.0,0.35582130746149476,0.2751979415316913,0.36898075100681393
21341.0,0.39557918941337394,0.2596797522978613,0.3447410582887648
21070.0,0.1515175519874404,0.46470433600031746,0.3837781120122421
20584.0,0.16998263885553058,0.14504869787126412,0.6849686632732054
20327.0,0.5425572238883943,0.3888048511143743,0.06863792499723136
20084.0,0.44962105889264264,0.5026757428110731,0.04770319829628425
20859.0,0.058176611857091186,0.17217790712938824,0.7696454810135206
21600.0,0.21808137168082134,0.39690061426655737,0.3850180140526212
20016.0,0.37326943045245675,0.5669369512057869,0.05979361834175626
20799.0,0.5715000317465736,0.40929699189431773,0.019202976359108562
20259.0,0.10602634168135486,0.23561840048694893,0.6583552578316961
20524.0,0.1917853892036086,0.07620731383430367,0.7320072969620877
21002.0,0.4282424341972553,0.07383131745470627,0.49792624834803845
21273.0,0.4373468301880789,0.5039124928983145,0.05874067691360649
21677.0,0.21304122464055547,0.5805836695777912,0.20637510578165336
20705.0,0.0754921723361013,0.1981955235585172,0.7263123041053815
20462.0,0.12650259726667318,0.11833769976518338,0.7551597029681435
20221.0,0.340575257777532,0.5334667402318045,0.1259580019906635
20978.0,0.14846526886520786,0.10747473325036504,0.7440599978844271
21460.0,0.6374526180345206,0.31794246073471516,0.04460492123076415
21191.0,0.05903636820296615,0.3889183418240126,0.5520452899730212
21395.0,0.29684822630882374,0.4927780275806218,0.21037374611055457
21120.0,0.15294683383494567,0.15724806256116014,0.6898051036038942
20646.0,0.7003357254547041,0.2394709844202272,0.06019329012506851
20393.0,0.2639369454620514,0.4315272978341113,0.3045357567038372
20154.0,0.8329131966005517,0.14486597858942574,0.022220824810022476
20917.0,0.13558641301864013,0.16157833262340981,0.70283525435795
21738.0,0.843482738049139,0.14539887859812756,0.011118383352733473
21069.0,0.6635872767990065,0.310798485446084,0.02561423775490954
21342.0,0.34485485393829407,0.34052057570343647,0.3146245703582694
20087.0,0.13556685603465524,0.19350813257399724,0.6709250113913476
20856.0,0.45282413567459473,0.08659003412764209,0.4605858301977632
20324.0,0.5689871704246908,0.20154111438371838,0.22947171519159076
20587.0,0.14701672502210048,0.12739784474350394,0.7255854302343956
21543.0,0.6005460160271034,0.37652451453952956,0.02292946943336689
20527.0,0.36259077162565334,0.09829008135477209,0.5391191470195746
20256.0,0.6539522465266312,0.2507958905779837,0.09525186289538516
20019.0,0.06394482974211871,0.07580843172299921,0.8602467385348821
20796.0,0.19100330929541487,0.12171305728281494,0.6872836334217701
21274.0,0.10206333879963342,0.6137532668810621,0.2841833943193045
21001.0,0.07827830551202192,0.20500473980830974,0.7167169546796682
21603.0,0.46440635516017204,0.45739164449081204,0.07820200034901593
20977.0,0.05671914394432984,0.11902339535866265,0.8242574606970074
20222.0,0.09829352716052413,0.07979548234689982,0.8219109904925761
20706.0,0.22079998960244251,0.19812406500566748,0.58107594539189
20461.0,0.13863082870122,0.2046674754917086,0.6567016958070714
21188.0,0.19811224474643835,0.25956143260292924,0.5423263226506324
21463.0,0.35113911678760323,0.47858873812156394,0.17027214509083277
21678.0,0.623130702077813,0.2684908612422218,0.10837843667996516
21739.0,0.7026420169699082,0.21817270284186413,0.07918528018822768
21394.0,0.4169302967506089,0.44475339140013465,0.13831631184925644
21121.0,0.3615924974640611,0.4991596603655825,0.13924784217035646
20647.0,0.037910159848077836,0.1095511726570937,0.8525386674948284
20392.0,0.10878769531146713,0.48481518090433073,0.4063971237842021
20155.0,0.4919643418725066,0.3961342060471729,0.11190145208032053
20916.0,0.10123302777606435,0.1516237973167999,0.7471431749071358
21542.0,0.3201284750920261,0.12524807337861366,0.5546234515293602
21068.0,0.08004950931306105,0.15101900550490338,0.7689314851820356
21343.0,0.1993410724353382,0.22226185446392613,0.5783970731007357
20857.0,0.4146666352561582,0.23462931982018,0.35070404492366175
20086.0,0.5959691496772234,0.36368515972917315,0.04034569059360357
20325.0,0.2744033106584434,0.21339796172053146,0.5121987276210251
20586.0,0.05795708103107367,0.08217110062735311,0.8598718183415732
21602.0,0.18027318843693477,0.13022326611946158,0.6895035454436037
20257.0,0.7044926834650153,0.26424714036826874,0.03126017616671608
20526.0,0.23394340140059625,0.0965687502220628,0.669487848377341
20018.0,0.8744191980668341,0.11384908820241507,0.01173171373075078
20797.0,0.35662029899101605,0.1531192615935308,0.4902604394154531
21275.0,0.032724624972042225,0.08573200395429335,0.8815433710736644
21000.0,0.15798377166063277,0.17853103387839256,0.6634851944609748
21679.0,0.06717292720702014,0.24851113779974543,0.6843159349932344
20976.0,0.13452364709923714,0.1490952885276027,0.7163810643731602
20223.0,0.20644778699032035,0.5857928975747966,0.20775931543488313
20707.0,0.4350621190159301,0.30420061102233975,0.26073726996173013
20460.0,0.23820121669533667,0.2583314615467697,0.5034673217578934
21189.0,0.456262957288581,0.4306237616649017,0.11311328104651727
21462.0,0.13347015819183503,0.12154597810632026,0.7449838637018447
20589.0,0.7751836186356983,0.17734782449242933,0.047468556871872424
20322.0,0.14396149409052625,0.2507139996280856,0.6053245062813881
20081.0,0.19704974157807795,0.5866214851178131,0.2163287733041089
20862.0,0.2515585765813822,0.13043369474746472,0.6180077286711532
21336.0,0.6942212400244306,0.20863291363202718,0.09714584634354201
21067.0,0.7983002008095796,0.18711309017103825,0.014586709019382022
21537.0,0.17463048450864782,0.24819132668156643,0.5771781888097857
20156.0,0.1358874629936115,0.24376120968921078,0.6203513273171777
20915.0,0.2714817261031338,0.6661209011323282,0.062397372764537884
20640.0,0.42860285483690513,0.4248699206723496,0.14652722449074532
20399.0,0.09956159257829807,0.34296416470561,0.5574742427160919
21126.0,0.38345282412011356,0.5052426612599106,0.11130451461997583
21397.0,0.3684111918854145,0.07829416700890152,0.5532946411056839
21740.0,0.40833602795474966,0.20921730267546862,0.3824466693697817
21457.0,0.12602750292671733,0.05857768481822811,0.8153948122550545
21186.0,0.8184789829593322,0.11795121254347972,0.063569804497188
20459.0,0.15473342865012446,0.41188550000869384,0.4333810713411817
20708.0,0.1642975185303831,0.21609198965673182,0.6196104918128851
20983.0,0.22522789903485407,0.28253094394025996,0.49224115702488597
20216.0,0.2890688218377361,0.6098313684113343,0.1010998097509295
21672.0,0.8106272572027574,0.16545893154800306,0.02391381124923946
21007.0,0.10107606799256974,0.10303091418055238,0.7958930178268779
21276.0,0.1806916946017904,0.1828491416589368,0.6364591637392728
20794.0,0.20570056288136293,0.2840697356079447,0.5102297015106924
20021.0,0.47220350484912504,0.13592429855594607,0.39187219659492883
20521.0,0.7412632629247207,0.22936862889165446,0.02936810818362485
20262.0,0.08037779835228809,0.10522287805205191,0.81439932359566
21605.0,0.11672700033164571,0.18984474069277987,0.6934282589755745
21536.0,0.7751682220665693,0.20483472225489802,0.01999705567853277
20588.0,0.1882751704125444,0.19389451741045172,0.6178303121770039
20323.0,0.11599503515230138,0.12472878593236175,0.7592761789153368
20080.0,0.6695130685088464,0.21996010191301582,0.11052682957813774
20863.0,0.06855153286706159,0.16753946678013543,0.763909000352803
21337.0,0.346950142330931,0.08186256814257879,0.5711872895264901
21066.0,0.05822138303989017,0.09959382214179496,0.8421847948183149
21741.0,0.10478692760807759,0.26967239091927714,0.6255406814726453
20157.0,0.40532366159361877,0.08768586085062786,0.5069904775557533
20914.0,0.847758517948761,0.14203715341626397,0.01020432863497508
20398.0,0.41291962458669323,0.48452544092064664,0.10255493449266011
20641.0,0.09662563746619589,0.14014443874608945,0.7632299237877146
21127.0,0.46274817111923394,0.35646989193328144,0.18078193694748462
21396.0,0.14739191512767483,0.11213438773774624,0.7404736971345789
21673.0,0.1092602895966948,0.2370550664466973,0.6536846439566079
21456.0,0.5040402212280238,0.46801176711065356,0.027948011661322616
21187.0,0.27487811171612136,0.10433199715227495,0.6207898911316037
20709.0,0.4014923076121829,0.38062606249601744,0.2178816298917996
20458.0,0.32545942827648766,0.0662619740946749,0.6082785976288374
20982.0,0.1842093550289919,0.48764493006422194,0.3281457149067862
20217.0,0.35602397510827505,0.4035137510734556,0.24046227381826937
21604.0,0.4692783234714878,0.23042727097689286,0.30029440555161935
21006.0,0.3161863861519559,0.1988407554816987,0.4849728583663455
21277.0,0.07850009322363402,0.24804800799113097,0.673451898785235
20795.0,0.6106264455012507,0.22037759324395162,0.16899596125479774
20020.0,0.27778952087153813,0.40692500502374224,0.3152854741047195
20520.0,0.5609490935139323,0.4095510589323968,0.02949984755367077
20263.0,0.22287643719310715,0.12249008533316372,0.6546334774737291
20083.0,0.1398514661927955,0.45317144761058664,0.40697708619661777
20860.0,0.23060868267571927,0.08829159216573168,0.6810997251585491
20591.0,0.5817105513408888,0.32738106702494985,0.09090838163416144
20320.0,0.3563698795180715,0.45349795305935076,0.19013216742257782
21065.0,0.5122837901502323,0.4132681849436328,0.07444802490613485
21338.0,0.13312216738901386,0.24840808485315302,0.6184697477578331
21539.0,0.6001549208863602,0.16138841273544227,0.23845666637819746
20642.0,0.32530682922244075,0.125713310786109,0.5489798599914503
20397.0,0.14415307085732076,0.24206090115449416,0.6137860279881849
20158.0,0.14997715154541422,0.24968413335327255,0.6003387151013132
20913.0,0.8835939894961646,0.09094103846029696,0.02546497204353846
21399.0,0.7978250531883652,0.19070324946532316,0.011471697346311588
21124.0,0.18732047460892481,0.4762558964372727,0.3364236289538025
21742.0,0.4254191327746424,0.372848523502747,0.20173234372261056
21184.0,0.1530636962068186,0.20995815299831067,0.6369781507948707
21459.0,0.07547349832071097,0.19306416855379974,0.7314623331254893
20981.0,0.1442729638597348,0.1376337826977107,0.7180932534425545
20218.0,0.484097428847704,0.38634302881255345,0.1295595423397425
20457.0,0.04745603140768174,0.15501895424326617,0.7975250143490521
20710.0,0.39767611729164093,0.5227574670032539,0.07956641570510518
21674.0,0.9088109008853903,0.08073624154650252,0.010452857568107071
21278.0,0.3196938980116633,0.2951605986520074,0.38514550333632924
21005.0,0.46453677862222453,0.46177290727256504,0.0736903141052105
20260.0,0.05831121237898088,0.2454493542781848,0.6962394333428343
20523.0,0.43157018086761006,0.522242756146884,0.0461870629855059
20023.0,0.1668812237106446,0.7051397910947673,0.12797898519458809
20792.0,0.2818040069983777,0.15265994464170998,0.5655360483599123
21607.0,0.1728924287176228,0.1371850121410571,0.6899225591413201
21538.0,0.20592103364668504,0.1327517773826745,0.6613271889706405
20861.0,0.9072251327674141,0.0830477608049323,0.00972710642765366
20082.0,0.22731152204500024,0.28469712372362854,0.4879913542313713
20321.0,0.24644891789822765,0.23634049885932537,0.5172105832424471
20590.0,0.14642120115212864,0.23216172828683568,0.6214170705610357
21064.0,0.8089945455932892,0.17883350754186667,0.012171946864843977
21339.0,0.443767975621594,0.2301435421593932,0.32608848221901277
21743.0,0.23049215517107113,0.15188922462262333,0.6176186202063055
20396.0,0.041233244740119294,0.5502488791159464,0.40851787614393414
20643.0,0.16990843571497827,0.5392570637256171,0.2908345005594047
20159.0,0.5211471148289867,0.4460799511011678,0.03277293406984545
20912.0,0.26273634494179937,0.19481741950033396,0.5424462355578666
21398.0,0.042270069900418934,0.07957119980691832,0.8781587302926627
21125.0,0.40372197273094007,0.2812105904161927,0.31506743685286726
21675.0,0.3185476395841907,0.17128500522159626,0.5101673551942131
21185.0,0.0753625095130752,0.09376848690537982,0.8308690035815449
21458.0,0.12184381277337612,0.058449788064826036,0.8197063991617979
20980.0,0.2837427495446528,0.17975193123561592,0.5365053192197312
20219.0,0.1254859360749913,0.1336299359304984,0.7408841279945102
20456.0,0.07005156275996295,0.4032901381115116,0.5266582991285255
20711.0,0.18377812657987264,0.18757463478250755,0.6286472386376198
21606.0,0.5387180452251012,0.21408182318111943,0.24720013159377932
21279.0,0.07022378847772057,0.6706002584404844,0.259175953081795
21004.0,0.4951040521976747,0.4575068446319925,0.047389103170332784
20261.0,0.06963543509743472,0.08389705597939637,0.8464675089231688
20522.0,0.6629519719827305,0.30873529186385534,0.028312736153414172
20022.0,0.2256195526768494,0.12788425401904016,0.6464961933041105
20793.0,0.17972135121603103,0.12310683999754085,0.6971718087864281
20008.0,0.09287944728437954,0.14366648769022855,0.7634540650253919
20775.0,0.37911204772333784,0.1958621542181322,0.42502579805853
20532.0,0.049880424737891935,0.08095721351615813,0.86916236174595
20283.0,0.11018036030902849,0.07923723603791367,0.8105824036530578
21010.0,0.21642620609191943,0.06483753791892188,0.7187362559891587
21249.0,0.04822094051567304,0.11200554948774408,0.839773509996583
21624.0,0.3931262118878344,0.412040498628502,0.19483328948366357
20729.0,0.24352258505880453,0.4964024746122027,0.26007494032899275
20470.0,0.3722168535814619,0.558932385943792,0.06885076047474613
20970.0,0.09405802794614027,0.10684179739425763,0.7991001746596021
20197.0,0.27206991637410916,0.29104578803409936,0.4368842955917915
21452.0,0.8002916948441113,0.1863880647356039,0.013320240420284858
21215.0,0.19482660780447708,0.2128399923483392,0.5923333998471836
21685.0,0.07496448044859161,0.19482801920743337,0.730207500343975
21147.0,0.05001556550708361,0.04672709301696122,0.9032573414759552
21384.0,0.44745675914697075,0.3369437696259271,0.215599471227102
20129.0,0.19368499551771104,0.7044672412220008,0.10184776326028826
20910.0,0.2242323151984787,0.19759514450167973,0.5781725402998417
20669.0,0.045221942103685166,0.06363604118750213,0.8911420167088127
20402.0,0.6357786017729653,0.30394477338268255,0.06027662484435213
21745.0,0.1745097069666008,0.1361573353005609,0.6893329577328383
21317.0,0.10047715916360717,0.14714211943626052,0.7523807214001323
21078.0,0.20694550529890418,0.19917216121249762,0.5938823334885981
20351.0,0.3703152267593515,0.13184842745417524,0.49783634578647323
20592.0,0.5930139694856282,0.2932189645632307,0.11376706595114112
20076.0,0.3097487877755508,0.21832387398441588,0.47192733824003325
20835.0,0.4580143519832097,0.4560816623943248,0.08590398562246544
21564.0,0.1565151391847755,0.7413983373686519,0.10208652344657256
21625.0,0.07809979087460907,0.21363119206172257,0.7082690170636684
20774.0,0.16544216712297424,0.6018964758452287,0.23266135703179713
20009.0,0.08290242486161761,0.20844952111358572,0.7086480540247968
20533.0,0.5406306553908172,0.2318005292709827,0.22756881533820003
20282.0,0.24973457510839359,0.14598456874050886,0.6042808561510975
21011.0,0.3363001781798377,0.6097960356249361,0.053903786195226025
21248.0,0.29387796124185767,0.2084521956863398,0.49766984307180256
21684.0,0.2925536342876056,0.44543135019131014,0.2620150155210842
20728.0,0.795425339203356,0.09519357606373895,0.109381084732905
20471.0,0.20848136002286738,0.22275417574549344,0.5687644642316392
20196.0,0.7146221992389044,0.20298285979434752,0.08239494096674807
20971.0,0.22953929605798998,0.15718951289945388,0.6132711910425562
21453.0,0.14207224364605284,0.14674458952102612,0.711183166832921
21214.0,0.25066719120538145,0.6663981861307051,0.08293462266391347
21744.0,0.578361079274991,0.3952299621947494,0.02640895853025946
21146.0,0.15447774746579757,0.1311320349510469,0.7143902175831556
21385.0,0.3467301256383434,0.07939666608515099,0.5738732082765056
20128.0,0.18257675650077465,0.11745995309425855,0.6999632904049667
20911.0,0.04846705343589082,0.07608441634263736,0.8754485302214717
20668.0,0.30585164958495115,0.10738772745152113,0.5867606229635277
20403.0,0.10500451730579541,0.12262526224566785,0.7723702204485368
21565.0,0.18848680371292337,0.1807182616659309,0.6307949346211458
21316.0,0.05006772963753372,0.17602245163416652,0.7739098187282998
21079.0,0.3923354118674357,0.4008005652382936,0.20686402289427078
20593.0,0.310185708120342,0.6350532343338725,0.05476105754578537
20350.0,0.12411878454728881,0.7372305191440731,0.1386506963086381
20834.0,0.05126562558468224,0.1542118348294974,0.7945225395858203
20077.0,0.6837692121417978,0.17051504404112056,0.14571574381708166
20281.0,0.10621586283537832,0.4535494792711476,0.4402346578934741
20534.0,0.23507379558793157,0.10666809642607726,0.6582581079859913
20773.0,0.20876979919077288,0.4488934700998783,0.3423367307093487
20010.0,0.4205443562162624,0.10357837755047396,0.47587726623326354
21251.0,0.11433219448289414,0.17857096750661963,0.7070968380104863
21008.0,0.492329986788565,0.34521381770329057,0.16245619550814439
21626.0,0.4207428011048624,0.2332973112309778,0.34595988766415986
20199.0,0.3867556962408712,0.5286008958922891,0.08464340786683978
20968.0,0.12488051559484077,0.07454458347620889,0.8005749009289503
20468.0,0.8940103002334254,0.09804173685009215,0.007947962916482367
20731.0,0.24139190333982646,0.5953450877222826,0.16326300893789095
21213.0,0.2301628198750061,0.07694814943407476,0.6928890306909191
21454.0,0.044539340150725,0.058686248694067994,0.896774411155207
21687.0,0.34579806488052356,0.19180867821422054,0.46239325690525596
21386.0,0.7330370177343952,0.2599630868763839,0.006999895389220844
21145.0,0.4118268512603707,0.39853049641310545,0.18964265232652386
20400.0,0.3152171355867164,0.19709062828689938,0.4876922361263842
20671.0,0.5706486156581122,0.3716371202909691,0.05771426405091863
20908.0,0.2273695826147309,0.10014531097163318,0.6724851064136359
20131.0,0.7092130074521631,0.273440538601747,0.017346453946089864
21747.0,0.8049562323702515,0.1705421344778685,0.024501633151879924
21076.0,0.5377594231020985,0.3559221028551529,0.10631847404274863
21319.0,0.11637924566630692,0.6711932983170857,0.21242745601660742
20833.0,0.7658233068571967,0.20171854732435085,0.03245814581845248
20078.0,0.2912276626862245,0.16658651152987267,0.542185825783903
20594.0,0.7822080030411057,0.18294525884635932,0.03484673811253496
20349.0,0.5665743057773371,0.2990551134328074,0.13437058078985542
21566.0,0.2173643301743141,0.2975790078161525,0.48505666200953346
21627.0,0.16792571926395514,0.20017854458934828,0.6318957361466966
20280.0,0.3060567796631581,0.6077753168236137,0.08616790351322808
20535.0,0.8285549135715291,0.15384849522229674,0.01759659120617422
20011.0,0.039029356917123864,0.06435522222782451,0.8966154208550517
20772.0,0.6195135583346462,0.25633515405129365,0.12415128761406022
21250.0,0.8212649987507387,0.16116952631291304,0.017565474936348302
21009.0,0.23401791550785592,0.47548644865756,0.290495635834584
21686.0,0.13384202348545995,0.14635264799933678,0.7198053285152033
20969.0,0.41659439538447574,0.24941196040380798,0.3339936442117162
20198.0,0.09941486502839633,0.20605544283081548,0.6945296921407883
20469.0,0.20943083248172173,0.13323011640288296,0.6573390511153953
20730.0,0.0483337067113655,0.07424633200398675,0.8774199612846477
21212.0,0.17033909102758862,0.1382431216719329,0.6914177873004785
21455.0,0.6272061647342229,0.0972410102936451,0.27555282497213207
21746.0,0.4937155142269698,0.39298169314150483,0.1133027926315254
21387.0,0.06325521029267817,0.07820642804486501,0.8585383616624568
21144.0,0.4116265163140808,0.2592506059526208,0.32912287773329835
20401.0,0.1394036366422145,0.2213239671636686,0.6392723961941169
20670.0,0.10049126249836023,0.24203241823443963,0.6574763192672002
20909.0,0.05598867721518224,0.08928659465088254,0.8547247281339352
20130.0,0.228972119863235,0.1581006697721119,0.612927210364653
21567.0,0.5609501975843803,0.4125152775998172,0.026534524815802537
21077.0,0.29603801988718026,0.23304761684841468,0.47091436326440506
21318.0,0.06860388931704037,0.13299684451478883,0.7983992661681708
20832.0,0.07600118226639672,0.22007773091356658,0.7039210868200366
20079.0,0.8198160033132585,0.16369002067617974,0.016493976010561726
20595.0,0.3394393949565457,0.24483019074905268,0.4157304142944016
20348.0,0.1457546770242201,0.07663459156229632,0.7776107314134836
21448.0,0.22957266022334738,0.13328010136491758,0.637147238411735
21211.0,0.6834024266235189,0.21769922829523536,0.09889834508124579
20466.0,0.6853163405494351,0.2838835841621336,0.030800075288431202
20733.0,0.15614423739083788,0.24261410265358946,0.6012416599555727
20974.0,0.4390841710137504,0.3635471907172965,0.197368638268953
20193.0,0.252609494506382,0.1706530296604601,0.5767374758331579
21681.0,0.6124877795943873,0.2635358859597304,0.12397633444588245
21014.0,0.8583290165425396,0.13011392224353402,0.011557061213926453
21253.0,0.5685012381013658,0.31506142662038483,0.11643733527824943
20012.0,0.31313903412301,0.14186359098282098,0.544997374894169
20771.0,0.6236688580826456,0.3549696650893296,0.021361476828024722
20287.0,0.8925743018131809,0.10054175270563889,0.006883945481180259
20528.0,0.2976754491493248,0.08568682233426586,0.6166377285164093
21628.0,0.2933470267871962,0.4248884738592983,0.28176449935350545
20596.0,0.1015481124321152,0.06917428446486472,0.82927760310302
20347.0,0.6445257103402308,0.33432865234775766,0.021145637312011405
20839.0,0.40182763093018947,0.5032765113126351,0.09489585775717536
20072.0,0.07595811544545826,0.13231074269311546,0.7917311418614262
21313.0,0.8246711387725163,0.14481338109920616,0.030515480128277466
21074.0,0.2946024879699805,0.4845802516489593,0.22081726038106014
21560.0,0.13973469949758652,0.6028901094975614,0.25737519100485207
20133.0,0.05634801394507149,0.13729075439044033,0.8063612316644881
20906.0,0.07649918261255287,0.14952654192358042,0.7739742754638668
20665.0,0.3329346654445842,0.6569049603809147,0.010160374174501047
20406.0,0.23230243273896523,0.6294273979569437,0.13827016930409095
21151.0,0.3580684999631253,0.20859747549008364,0.4333340245467911
21388.0,0.16517892849660054,0.3180529045219041,0.5167681669814954
21749.0,0.21674552773821676,0.44074320960114244,0.3425112626606408
21680.0,0.05698343499553532,0.08034440854418526,0.8626721564602794
21449.0,0.2112300259900002,0.10959297917039999,0.6791769948395998
21210.0,0.5920338736722707,0.17883296736919657,0.22913315895853267
20732.0,0.27375527078329737,0.6603883437883501,0.06585638542835259
20467.0,0.2763547215192289,0.09787585186808967,0.6257694266126814
