21609.0,0.9043677352078855,0.09520914032573964,4.231244663748054E-4
20790.0,0.07129211117277141,0.0016790694838581491,0.9270288193433703
20025.0,0.8963466502398866,0.10365334696869406,2.791419412896191E-9
20517.0,0.9751893360134354,0.02481039760482103,2.663817433965621E-7
20266.0,0.9725482192343192,0.02745178036904646,3.966343619494242E-10
20995.0,4.615412912253876E-5,0.42782055534809166,0.5721332905227858
21264.0,0.9974877001133312,0.0025122945331822726,5.3534865043701495E-9
21668.0,2.7821307114987073E-6,2.5125068966772713E-5,0.9999720928003218
20455.0,0.7881962232556754,0.2118037635122056,1.3232119060095936E-8
20712.0,0.979267252502522,0.020732741595684178,5.9017936270694E-9
20987.0,1.6181976126101061E-9,2.329520552588402E-14,0.9999999983817791
20212.0,0.8830083297320305,3.5618091437377415E-11,0.11699167023235152
21469.0,0.9975371920454572,0.002457287279968495,5.520674574087919E-6
21198.0,0.41829472982195165,0.5817040859253074,1.1842527408616402E-6
21728.0,1.6322315615299573E-8,2.4634815072978784E-17,0.9999999836776843
21130.0,3.3807319605989254E-10,0.5390214359673122,0.46097856369461454
21401.0,0.19819662114178102,8.525760690498032E-4,0.8009508027891692
20144.0,0.00454253771677926,0.9768591042232775,0.018598358059943237
20927.0,0.07146872303558993,0.8722246030790649,0.05630667388534514
20387.0,0.990902658612167,0.009097340925710575,4.6212249699707446E-10
20652.0,0.318111726576446,0.6699799274989894,0.011908345924564712
21549.0,0.8081036149516458,0.1918963571077162,2.794063813869821E-8
21332.0,0.7470421457652048,0.25294600159020036,1.1852644594822707E-5
21063.0,4.583905213970975E-19,3.7872883991415515E-9,0.9999999962127115
20577.0,0.2324279227143217,0.6328435627451134,0.1347285145405649
20334.0,1.309724926543102E-8,0.001710301361126841,0.9982896855416239
20850.0,0.3741635717674355,0.009624879134338503,0.6162115490982261
20093.0,9.048232742315694E-9,0.9930337046534552,0.006966286298312065
20024.0,3.5579971875948007E-9,0.01670881474902338,0.9832911816929794
20791.0,0.14582543246078933,0.8541720400336597,2.527505551035711E-6
20267.0,6.51199622208246E-6,0.0013348528984279068,0.9986586351053501
20516.0,5.974116280893403E-11,0.0013906916997128613,0.9986093082405461
20994.0,1.269395890503032E-19,5.1078526205935356E-12,0.9999999999948921
21265.0,3.583744927396546E-7,5.9573199244781346E-5,0.9999400684262624
21608.0,0.8964066524409745,0.10358024687396372,1.3100685061789965E-5
20713.0,0.08079219308427942,0.002024083253881801,0.9171837236618388
20454.0,0.5928027985330359,0.40717920852948447,1.7992937479712935E-5
20986.0,0.9967046250965641,0.003295374898041777,5.394136077693052E-12
20213.0,1.4172775427815436E-6,0.9814716359956941,0.018526946726763072
21468.0,1.557567078095916E-4,0.026716515526718335,0.9731277277654722
21199.0,1.8039858176222074E-7,3.231881634522848E-5,0.999967500785073
21669.0,8.349229431247854E-5,0.047482486254738165,0.9524340214509495
21131.0,8.84461253857997E-15,8.118728804337086E-10,0.9999999991881183
21400.0,0.7249255460116497,0.2750744495628915,4.425458695112846E-9
20926.0,3.7494867021350364E-10,2.1151870163086244E-5,0.9999788477548883
20145.0,1.1853839530356654E-7,0.9561224923216325,0.043877389139972106
20386.0,0.058264197325404554,0.9417041079130826,3.169476151288353E-5
20653.0,7.352666917554254E-14,4.082789573677007E-5,0.9999591721041897
21729.0,0.8292898562909566,0.17070985315723783,2.9055180558444553E-7
21333.0,9.439814970552447E-5,5.9038530869368463E-5,0.999846563319425
21062.0,0.9994391535400661,2.8724363455491037E-4,2.736028253790758E-4
20576.0,0.08068251065400604,0.5979093697594486,0.3214081195865453
20335.0,5.024987850420307E-7,5.971921421347237E-4,0.9994023053590803
20092.0,0.14460234625643908,0.8553936161176403,4.037625920534063E-6
20851.0,0.9461709550269798,0.05382882470300229,2.202700179519101E-7
21548.0,0.9618691943760821,0.038006124147080766,1.2468147683693235E-4
21611.0,0.9982722536935661,0.0012156258817593126,5.121204246746034E-4
20519.0,0.034238120997340186,0.4789298434765265,0.4868320355261333
20264.0,0.9953354301601279,0.004664568475865166,1.3640068618612743E-9
20788.0,0.18160526275435707,0.818390315967392,4.421278250896583E-6
20027.0,0.9968510929478512,0.003148905382948199,1.669200382977882E-9
21266.0,0.946502162505267,0.05349783721662739,2.781058278579616E-10
20993.0,0.9778908669679728,0.02210913102002844,2.0119988132139316E-9
21670.0,0.016183842366824432,5.260939469613649E-12,0.9838161576279147
20214.0,3.1481066017723444E-12,0.010517657484460968,0.989482342512391
20985.0,1.4070572703323654E-4,0.9695563484565243,0.030302945816442536
20453.0,6.3840038390567445E-9,5.1486206046928686E-5,0.9999485074099492
20714.0,0.0029184617326917022,0.12876432055099793,0.8683172177163103
21196.0,0.0034212163596582337,0.0035710353491955186,0.9930077482911461
21471.0,0.9632572284991813,0.03667383807500354,6.893342581511068E-5
21730.0,6.733785329134677E-4,0.997821360628817,0.0015052608382695935
21403.0,0.026266772681480106,0.4659361207559378,0.507797106562582
21128.0,5.570162920854649E-8,0.1177051184244848,0.8822948258738861
20385.0,0.7445486300668649,0.2554512245139567,1.4541917828892262E-7
20654.0,0.6013159747312675,0.39868260377526465,1.4214934677390583E-6
20146.0,0.467266330237252,0.5287514862334199,0.0039821835293279
20925.0,0.9913721243093381,0.008627854307383376,2.1383278667546023E-8
21551.0,3.498095746972823E-10,3.2268256297658487E-10,0.9999999993275079
21061.0,3.132308555248151E-7,4.449796155961844E-8,0.9999996422711829
21334.0,0.38284239360881567,0.43713190694016574,0.18002569945101862
20848.0,0.9506347537162501,0.0493645549347867,6.913489631534388E-7
20095.0,0.9997460326529668,2.53714281955679E-4,2.5306507756715437E-7
20332.0,1.143245051118666E-5,0.039756821899503476,0.9602317456499854
20579.0,7.713688850736955E-5,4.433272239735602E-5,0.9998785303890952
20265.0,8.638141686136185E-14,2.102231448034348E-17,0.9999999999999136
20518.0,0.9979268159097578,0.002073184044573524,4.566877503672017E-11
20026.0,0.35041830035286403,0.12880969671558898,0.5207720029315469
20789.0,0.2595461611413518,0.7280608804107599,0.012392958447888259
21267.0,0.9837406146339132,1.122141073608473E-5,0.01624816395535062
20992.0,4.455512173559555E-15,1.1718807978209417E-5,0.9999882811920172
21610.0,0.9119022341804123,0.07896001666269346,0.009137749156894227
20984.0,3.008399900204333E-6,6.849035302102485E-6,0.9999901425647976
20215.0,6.8935350755731885E-6,0.9958352268742103,0.004157879590714098
20452.0,0.5781618017671488,0.3160671094638347,0.10577108876901654
20715.0,0.0011400509325754943,0.006247442295925936,0.9926125067714985
21197.0,6.424204588466937E-5,0.9997565957878658,1.7916216624963495E-4
21470.0,0.514155649128518,0.47670942699955987,0.009134923871922131
21671.0,1.8392754599911437E-4,0.9974164077266686,0.002399664727332197
21402.0,0.8591905661033272,0.14080929994490007,1.3395177267038124E-7
21129.0,0.002611771127017738,0.6538526857986262,0.34353554307435613
20384.0,8.469755639586715E-31,1.7591210745599078E-10,0.9999999998240878
20655.0,9.64069438528932E-10,3.7140759769015386E-4,0.9996285914382403
20147.0,0.9999910815979032,8.490255554502724E-8,8.833499541270159E-6
20924.0,1.5220550554868389E-6,2.0514785962667616E-6,0.9999964264663483
21731.0,0.001677931066719352,0.33598858259198966,0.6623334863412911
21060.0,2.926987091584441E-11,1.3731862666301728E-8,0.9999999862388675
21335.0,0.9992560902683578,3.9343799348149494E-4,3.504717381607322E-4
20094.0,1.547701735242941E-16,1.8217854390325405E-14,0.9999999999999816
20849.0,0.9962724281808795,0.0037275717887021763,3.0418335096887E-11
20578.0,0.008047152743579134,0.9908544652967961,0.0010983819596248065
20333.0,0.9906459085714837,0.009350039428809465,4.051999706940665E-6
21550.0,0.4919515503930493,0.492731317985512,0.015317131621438777
21664.0,0.9867242419290639,0.013275757975259131,9.567693109565082E-11
21465.0,1.0814233010017649E-6,0.4429404779405682,0.557058440636131
21194.0,1.6276581763535706E-5,0.9861829482511929,0.013800775167043613
20451.0,0.27171862871058394,0.7277839500752445,4.974212141715922E-4
20716.0,0.5779260382749577,0.4220716417145324,2.320010509842621E-6
20208.0,8.421789615090704E-10,0.5503041363725891,0.44969586278523177
20991.0,9.994362690981997E-8,0.9809685463957181,0.019031353660655174
21613.0,0.5475652164441707,0.4524338384724541,9.450833752340224E-7
20999.0,1.5243934563324211E-5,0.9998477529660446,1.370030993921272E-4
21268.0,1.2242258222346977E-8,0.027958645964782407,0.9720413417929594
20029.0,1.398440816523072E-23,2.909174847219395E-23,1.0
20786.0,0.06720417870176576,0.07037484691709345,0.8624209743811408
20270.0,4.702275851927778E-5,0.007633716703317601,0.9923192605381631
20513.0,4.5633309893168767E-4,0.06600120582505625,0.9335424610760121
21545.0,0.999918383291586,9.915708748029482E-10,8.16157168430581E-5
20581.0,0.06449534437697,0.9352731177738697,2.3153784916023096E-4
20330.0,1.765289312741707E-8,9.222704747793494E-4,0.9990777118723275
20089.0,0.9535804505275294,0.04245055699773653,0.003968992474733889
20854.0,7.691143461237684E-5,0.9742962023662946,0.025626886199093056
21328.0,4.906489639595018E-16,8.513728154981086E-10,0.9999999991486266
21059.0,0.9239202445111149,0.07607968915398915,6.633489594681383E-8
21732.0,0.34358994964002015,0.6564091401559947,9.102039851452404E-7
20923.0,0.6598182919449187,5.445756711630825E-6,0.34017626229836967
20148.0,7.723728770807132E-33,1.7329201268005387E-18,1.0
20648.0,0.02628289599028125,0.002066425969315844,0.9716506780404028
20391.0,0.38838983178402087,0.014021851007438286,0.5975883172085409
21134.0,0.004532280335748696,0.1758239738358979,0.8196437458283533
21405.0,0.260492905550033,0.008301475975736054,0.7312056184742308
21464.0,0.00552574699619483,0.32788554922829777,0.6665887037755074
21195.0,2.1419598077249734E-9,4.059094562682572E-14,0.9999999978579996
20717.0,0.10028922166079032,0.8997107501980408,2.8141168810656003E-8
20450.0,0.9831246164356786,0.009270238407547956,0.007605145156773235
20209.0,0.19875987854720223,0.7847537343131543,0.016486387139643517
20990.0,0.5531386117754628,0.44684627078408384,1.5117440453344449E-5
21665.0,0.3871957789222594,0.6128028560795329,1.364998207749248E-6
20998.0,0.0011214037000094905,0.12749759213884515,0.8713810041611453
21269.0,0.9497604950085017,0.04822990941076212,0.0020095955807362055
20028.0,7.398047584712026E-7,0.034351761392861495,0.9656474988023801
20787.0,0.245686250794436,0.7533980414995161,9.157077060478603E-4
20271.0,2.672411357863164E-5,2.061073685606347E-6,0.9999712148127357
20512.0,0.040174512978427036,0.24497504186267183,0.7148504451589012
21612.0,0.045039166859484746,0.4154527164978305,0.5395081166426847
20580.0,8.452542132833114E-18,1.3035474043251151E-12,0.9999999999986964
20331.0,0.0067579127664930995,0.19443152634868563,0.7988105608848213
20855.0,0.9958483923942555,0.004151607565187179,4.0557401645581115E-11
20088.0,0.9348607672749615,0.024075934121586144,0.041063298603452175
21329.0,2.0676636448048805E-8,6.991250409635628E-6,0.999992988072954
21058.0,0.13020822341183058,0.8685027004610381,0.0012890761271313622
21544.0,0.9866883964444109,0.013311585402096615,1.8153492443230277E-8
20922.0,0.9596496317870987,0.040347040493291214,3.3277196100355492E-6
20149.0,0.010019432242993502,5.8517715329488566E-6,0.9899747159854735
20649.0,1.4865544439537909E-13,7.131021137538324E-10,0.9999999992867492
20390.0,0.9977563541202202,0.0022436457582138054,1.215657717673802E-10
21135.0,7.28875869076258E-5,5.643993603075056E-6,0.9999214684194893
21404.0,6.848549662784786E-7,0.7175662726374458,0.28243304250758794
21733.0,2.647467797459042E-13,8.939229645419866E-7,0.9999991060767708
21666.0,4.024197017823961E-8,0.021724384332357495,0.9782755754256722
21192.0,4.0576655003899667E-4,0.008697015332707432,0.9908972181172537
21467.0,3.518823287681381E-13,0.2246352884832488,0.7753647115163993
20989.0,0.0033521734590400217,0.9966359033298905,1.1923211069465612E-5
20210.0,2.3274359011169436E-11,2.2367769553158286E-14,0.9999999999767033
20718.0,5.2937983416935704E-14,4.21419789593033E-14,0.999999999999905
20449.0,1.1931691412341945E-6,9.655236867929074E-8,0.99999871027849
21615.0,0.19979814308947566,0.800142158374014,5.9698536510335944E-5
21270.0,0.8206874302471605,0.1771604732729827,0.0021520964798567802
20997.0,0.22167339305464057,0.7773085619340865,0.0010180450112729897
20515.0,1.2600931688195197E-12,3.906372124596458E-9,0.9999999960923678
20268.0,0.9980169422478355,0.00198305359984435,4.152320137610933E-9
20031.0,0.028975570693425684,0.9710231093176623,1.3199889119901559E-6
20784.0,0.007685024479751508,0.9914094759598997,9.054995603488002E-4
21547.0,2.4331690412668383E-6,1.1012309128129328E-5,0.9999865545218306
20091.0,0.009545500850024974,0.9629833147700679,0.027471184379907133
20852.0,1.0776382674541691E-4,2.4722851675186396E-11,0.9998922361485318
20328.0,0.8514642956483769,0.14853247039732204,3.2339543011081737E-6
20583.0,1.028554537848249E-5,1.089782380095092E-5,0.9999788166308206
21057.0,0.10775662522880325,0.8922411476825456,2.2270886511056236E-6
21330.0,0.9113021826245619,0.08869741061346716,4.067619709047466E-7
21734.0,0.11718532009869252,0.8827766680253332,3.801187597436951E-5
20650.0,0.9653546490533211,0.03462469393706223,2.0657009616490152E-5
20389.0,0.9482548870130947,0.051745112791474035,1.954312343591456E-10
20150.0,1.9274077940856888E-4,0.9990033972015222,8.038620190692852E-4
20921.0,0.32822201702691844,0.6717779334630789,4.951000272625084E-8
21407.0,0.041941335947542714,0.9579824416386806,7.622241377663038E-5
21132.0,9.190192509269892E-4,0.99902866313495,5.23176141228561E-5
21193.0,1.7531186290482354E-5,0.02404630980495126,0.9759361590087582
21466.0,0.5123722522597732,0.43567653743726287,0.05195121030296395
20211.0,3.2844612258743545E-10,0.010338625133279433,0.9896613745382744
20988.0,6.546238591807548E-8,0.0012530741817927487,0.9987468603558213
20719.0,7.986893428644653E-19,2.6761396168655826E-14,0.9999999999999731
20448.0,2.6160760558835997E-6,0.018956603411566117,0.981040780512378
21667.0,2.2622384074101172E-7,0.0016130513030544146,0.9983867224731048
21271.0,0.8949419465176968,0.1050580208812673,3.2601035962601973E-8
20996.0,0.9992006180142162,7.993764279762264E-4,5.557807580494881E-9
20514.0,0.9465251866000418,0.05347474052995297,7.287000525310559E-8
20269.0,2.4064374457502177E-18,1.7002699003420108E-15,0.9999999999999982
20030.0,2.520468430465751E-6,0.061965707628688,0.9380317719028816
20785.0,0.6047561001275379,0.31381683232880186,0.08142706754366032
21614.0,1.0814125067418478E-11,2.892636422286913E-6,0.9999971073527635
20853.0,0.37052971668220164,0.628570273093679,9.000102241192793E-4
20090.0,0.43797692953729606,0.5607411051615054,0.0012819653011984292
20582.0,1.2633830036679187E-12,3.5614133544235804E-8,0.999999964384603
20329.0,6.982149081822988E-5,0.9975479239942403,0.002382254514941517
21056.0,8.441174546100462E-9,0.223147726923483,0.7768522646353424
21331.0,0.8996337043992774,0.10036627652484363,1.907587884931879E-8
21546.0,1.6645867067884058E-11,2.3492170624962685E-20,0.9999999999833542
20388.0,0.9982654639944352,0.001734536004630957,9.338914238181673E-13
20651.0,8.281869312854532E-7,0.9991836514787845,8.155203342841042E-4
20151.0,1.0575468341092728E-12,5.199367465742734E-10,0.9999999994790056
20920.0,0.8400878173336578,0.15987448703128307,3.769563505922452E-5
21406.0,2.5407368940679124E-5,0.01216628884368948,0.9878083037873697
21133.0,0.774434433103235,0.22556540850838652,1.5838837833071803E-7
21735.0,0.8432923896443967,0.15670627693944048,1.3334161629206814E-6
21122.0,1.8472608367194014E-9,3.2848903652898293E-9,0.9999999948678489
21393.0,1.0467584287221967E-8,1.0008036683647846E-15,0.9999999895324146
20152.0,0.7648173273682559,0.2348041492630922,3.7852336865188443E-4
20919.0,0.9972600523106743,0.0027399476861009755,3.2246759120750727E-12
20644.0,2.485434207655322E-7,0.00983819443742777,0.9901615570191514
20395.0,0.01871374103574818,3.087631526048871E-7,0.9812859502010991
21736.0,8.497636053282159E-8,0.9976630387597961,0.0023368762638432228
21340.0,0.2496407673306499,0.4592373383259067,0.2911218943434432
21071.0,4.799031527549858E-4,8.290195894238177E-4,0.9986910772578211
20585.0,0.8317520208173484,0.16818196879198954,6.601039066192215E-5
20326.0,2.9354161076246806E-11,1.0935805096004299E-18,0.9999999999706459
20858.0,0.6365863603141071,0.3620179859061891,0.0013956537797038177
20085.0,0.12825287323246232,9.33427423735073E-6,0.8717377924933004
21541.0,6.846218787321422E-8,6.658627896213183E-4,0.9993340687481908
20798.0,0.007919262858582752,0.9920359374641097,4.479967730751113E-5
20017.0,0.9964585275943971,0.0035414724033253457,2.277483721258259E-12
20258.0,4.5407907306869473E-4,0.9995429159437893,3.00498314210943E-6
20525.0,0.9963623658912035,2.1711516188863413E-4,0.0034205189469078594
21003.0,0.9994701426834675,3.055078268832502E-4,2.2434948964928126E-4
21272.0,0.001861738701544083,0.014360003094576775,0.9837782582038791
21601.0,7.947874110642614E-4,5.158898215329475E-5,0.9991536236067824
20704.0,7.038814088291246E-5,2.069208686642328E-6,0.9999275426504305
20463.0,2.139913783355912E-7,6.292694891388484E-7,0.9999991567391325
20220.0,0.02789143243872519,2.6053671566867616E-6,0.9721059621941182
20979.0,4.0959464487147776E-11,9.516467139971148E-11,0.9999999998638758
21461.0,6.137657344386329E-16,1.9096415913376043E-13,0.9999999999998084
21190.0,0.09652900654197633,0.6443041299288805,0.25916686352914303
21676.0,3.9144334796755386E-4,0.9991760048751022,4.3255177693040113E-4
21737.0,0.9752899285648904,3.4374578241402404E-4,0.024366325652695517
21123.0,0.005254074430433617,0.04340178273326835,0.951344142836298
21392.0,1.5758478783543136E-7,1.7751991845243776E-7,0.9999996648952937
20918.0,1.0734410429114769E-4,0.0027837295110193683,0.9971089263846896
20153.0,7.802958301753366E-8,3.307398257168322E-5,0.9999668479878454
20645.0,8.138860299824862E-4,0.9008979679271495,0.09828814604286787
20394.0,0.001012731341386873,0.9970731583072648,0.0019141103513481345
21540.0,0.5583875017680189,0.441488404361294,1.2409387068714205E-4
21341.0,0.9946313318087511,0.0020041722706581142,0.0033644959205908396
21070.0,2.5401190786376185E-5,0.9035166635826631,0.09645793522655052
20584.0,0.12156411400384068,0.8747286295892972,0.003707256406862191
20327.0,0.022413143603695725,0.9629213245940348,0.014665531802269576
20084.0,0.9675646950111909,0.032435304797722046,1.9108685433542995E-10
20859.0,3.850806604352697E-13,2.1577948093476597E-8,0.9999999784216669
21600.0,2.1270118927220774E-5,0.9751812135097572,0.024797516371315567
20016.0,0.013671117567577575,0.2901061127053509,0.6962227697270714
20799.0,0.9979293904372565,0.0020706093821987294,1.8054490759211054E-10
20259.0,3.4231175895069127E-10,9.454116520205427E-6,0.999990545541168
20524.0,1.0371975893011179E-7,7.252277643827221E-8,0.9999998237574645
21002.0,0.0010571956089518472,0.8952379712862369,0.10370483310481116
21273.0,0.09790037137511921,0.9020073595287156,9.226909616526476E-5
21677.0,0.023348396082286248,0.9256334223927781,0.051018181524935535
20705.0,2.482052112836669E-11,0.013574478963744504,0.986425521011435
20462.0,0.0018584306105469245,1.956086512038649E-4,0.9979459607382491
20221.0,0.0064526513557019655,0.9932806645200764,2.6668412422165737E-4
20978.0,1.0267613457298202E-9,9.312236131223964E-8,0.9999999058508773
21460.0,0.9937602532327116,0.006239746732705846,3.458249467131438E-11
21191.0,0.404968117302814,0.5950165691306936,1.531356649250135E-5
21395.0,0.2866407487797926,0.7133564941085775,2.757111629998851E-6
21120.0,0.07745089867561586,0.9223000543778844,2.490469464997059E-4
20646.0,0.9930265577192647,0.006973336329141101,1.059515941688774E-7
20393.0,0.026968137844874687,0.9730194376432403,1.2424511885130764E-5
20154.0,0.8600629170156476,0.1399370559859718,2.699838060025904E-8
20917.0,9.897988782717417E-8,3.2197626418034723E-16,0.9999999010201117
21738.0,0.9932829176227294,0.006717082300557592,7.671293612917458E-11
21069.0,0.9984732414534055,0.001526758545903347,6.910593024919418E-13
21342.0,0.9177266493989974,0.08002564811135345,0.002247702489649075
20087.0,0.17011391043477953,0.5282323798304497,0.3016537097347707
20856.0,5.703706681215934E-4,4.956007583695971E-12,0.9994296293269225
20324.0,0.9998433945275533,3.3631797464234753E-7,1.5626915447195444E-4
20587.0,1.5359783179359508E-8,0.45112669924586213,0.5488732853943546
21543.0,0.9396341506913065,0.060365848868860685,4.39832716499131E-10
20527.0,0.3285581099103729,0.003090264796948472,0.6683516252926786
20256.0,0.9961704771484039,0.0038295228382236772,1.3372390739133278E-11
20019.0,4.597273670334802E-13,4.6792957022833544E-8,0.9999999532065833
20796.0,5.799574086616356E-7,0.06025809784657757,0.9397413221960138
21274.0,2.683138969976046E-8,0.9992567602105313,7.432129580790059E-4
21001.0,0.07829046128041268,0.9184019715212914,0.003307567198296019
21603.0,0.6831317207841926,0.31686728935439024,9.89861417304546E-7
20977.0,3.335448204630502E-11,8.70487008580284E-11,0.9999999998795968
20222.0,3.1710462943754E-5,1.356617255174618E-5,0.9999547233645045
20706.0,0.04632953359393434,0.7451331765560244,0.20853728985004127
20461.0,0.0075158810640947125,0.7256994024334146,0.2667847165024908
21188.0,7.211108965158479E-8,2.0863340328694855E-5,0.9999790645485815
21463.0,1.3228865313747486E-5,0.9291910019338596,0.07079576920082642
21678.0,0.0367019644808837,0.9632374024739828,6.063304513361122E-5
21739.0,0.8891798356673017,0.11081914748315903,1.0168495392996296E-6
21394.0,0.44865288098863726,0.5513291485232068,1.7970488155941463E-5
21121.0,0.021271637016759617,0.978623241922411,1.0512106082923474E-4
20647.0,2.1813250630831228E-16,6.569523320168375E-7,0.9999993430476678
20392.0,1.2359333045112194E-11,1.56446310402363E-8,0.9999999843430096
20155.0,0.7478076669882582,0.2521822689011503,1.0064110591511172E-5
20916.0,2.088680365804164E-8,7.189517108700867E-7,0.9999992601614855
21542.0,0.991907861933431,0.0018407983897776197,0.006251339676791584
21068.0,0.0013223378983543827,0.008491463555709384,0.9901861985459363
21343.0,0.04193361882314717,0.9515945256519417,0.006471855524911081
20857.0,0.4816582950736914,0.5183152534362623,2.645149004620491E-5
20086.0,0.9832916906028046,0.01670830933492492,6.227048846027736E-11
20325.0,0.007643286930950911,0.8354314598233401,0.156925253245709
20586.0,8.211340470505346E-8,1.0605054697758134E-5,0.9999893128318974
21602.0,8.188581098186845E-4,0.06462446867953615,0.9345566732106451
20257.0,0.355928906240774,0.644068147639024,2.9461202019979585E-6
20526.0,0.006580266175114804,0.9821123811342676,0.01130735269061764
20018.0,0.9977092732743927,0.0022907267237509796,1.8563463369076233E-12
20797.0,0.18946282686009627,0.8104758148311465,6.13583087571914E-5
21275.0,2.0320027545696566E-13,1.1453150346750368E-9,0.9999999988544817
21000.0,1.0550302715170578E-6,1.6079923050791825E-8,0.9999989288898055
21679.0,8.663375193001245E-9,4.4423307790020555E-6,0.9999955490058459
20976.0,0.41554731281063817,0.533305065723965,0.05114762146539681
20223.0,2.561199977253122E-4,0.9853162362174326,0.014427643784842046
20707.0,1.6441404362268157E-4,0.9929390318019482,0.00689655415442901
20460.0,0.042695645931284575,0.0043365381535375065,0.952967815915178
21189.0,0.3872496142036094,0.6127419475993731,8.438197017556037E-6
21462.0,0.0026000947502489865,0.1290450449981768,0.8683548602515742
20589.0,0.8319765432656588,0.1680140025804693,9.45415387183369E-6
20322.0,0.022209785942588683,0.318457946712468,0.6593322673449433
20081.0,6.292803616267841E-7,0.12245865261226106,0.8775407181073773
20862.0,0.005268266780016356,4.363779399003979E-14,0.9947317332199399
21336.0,1.9563229648025293E-5,2.666120039902593E-4,0.9997138247663617
21067.0,0.9971074684167378,0.0028925315582949305,2.496737950365796E-11
21537.0,3.520010294031757E-6,1.922195549777573E-4,0.9998042604347281
20156.0,3.6335015049649124E-27,2.11638116375182E-13,0.9999999999997884
20915.0,0.5444489253401029,0.4555509417670027,1.3289289429155463E-7
20640.0,8.418959288123446E-7,0.9279858698360828,0.07201328826798849
20399.0,8.027195406544413E-6,0.7599625119490823,0.2400294608555112
21126.0,0.00307914197745261,0.987829145843614,0.009091712178933363
21397.0,0.01227252654587629,5.078725922560491E-6,0.9877223947282012
21740.0,0.006923893592899012,0.001200309959817474,0.9918757964472834
21457.0,3.5704127509291134E-10,2.5026957823590623E-7,0.9999997493733805
21186.0,0.9996309596523976,3.6904033871344705E-4,8.889027673277797E-12
20459.0,0.0012416076188155177,0.9983671822297978,3.912101513867417E-4
20708.0,0.029917455141679143,0.9654048016824447,0.004677743175876212
20983.0,0.7448960494890452,0.25507799192940006,2.595858155482104E-5
20216.0,1.1047308813163694E-4,0.9991221636744124,7.673632374560255E-4
21672.0,0.7719562493891218,0.22804374349842388,7.112454310671154E-9
21007.0,2.2761174331487776E-7,1.3707666182281735E-5,0.9999860647220744
21276.0,3.1143097282571817E-8,0.6514091839955708,0.3485907848613319
20794.0,0.2999962210509131,0.6959560765715141,0.00404770237757291
20021.0,0.00329593006303463,0.007313685336881425,0.9893903846000839
20521.0,0.8469177575174605,0.15308223773140278,4.751136791656911E-9
20262.0,1.46537628449609E-16,1.0599271114417497E-7,0.9999998940072886
21605.0,1.3991661997621522E-17,7.146939134288313E-13,0.9999999999992852
21536.0,0.997822172034332,0.002177827964783937,8.84033145790842E-13
20588.0,0.0024048361749494317,1.9013485651374893E-4,0.9974050289685369
20323.0,0.848847799740663,0.1318820021622031,0.01927019809713394
20080.0,0.11317277946295068,0.8868003264574329,2.6894079616460082E-5
20863.0,4.4095867614785606E-8,0.25451062936653,0.7454893265376025
21337.0,7.176593091747139E-11,4.2010178163496784E-17,0.9999999999282341
21066.0,2.1367723958460614E-13,3.7730129567306456E-4,0.9996226987041132
21741.0,1.541495128122237E-11,0.0011472952594812865,0.9988527047251038
20157.0,0.05332584414910659,0.11428509522266239,0.832389060628231
20914.0,0.9858343716629349,0.01416562815489993,1.8216518543824247E-10
20398.0,0.03201979651517792,0.9653699258460067,0.002610277638815249
20641.0,1.1354890011764527E-9,5.315968943880115E-6,0.9999946828955671
21127.0,0.9945024128231921,0.005497569182852967,1.7993954940796822E-8
21396.0,0.0020464394893293146,7.30532257381765E-5,0.9978805072849325
21673.0,0.5338500612713337,0.46614423602485094,5.702703815272413E-6
21456.0,0.6241270522293946,0.37587259360062203,3.5416998346729404E-7
21187.0,1.260678593971361E-10,9.169161348399292E-15,0.9999999998739231
20709.0,0.09480754321407628,0.8065756424628268,0.09861681432309687
20458.0,0.03230874750625895,0.03281824110253561,0.9348730113912055
20982.0,2.814472470227895E-4,0.9996524995108216,6.605324215581165E-5
20217.0,3.7644534630052476E-5,0.9712526055426967,0.028709749922673278
21604.0,0.991863380559695,0.007744750274256731,3.9186916604808694E-4
21006.0,0.05663556015816367,0.17976316154388708,0.7636012782979492
21277.0,3.752152812627495E-8,0.006452451745517591,0.9935475107329543
20795.0,0.9951229095993822,0.0048750330680943,2.0573325236671737E-6
20020.0,0.0010653328711215787,0.7713466635881274,0.22758800354075093
20520.0,0.07375610369115358,0.9262412134254288,2.682883417743463E-6
20263.0,1.2188018643598817E-10,3.9096906817940434E-20,0.9999999998781197
20083.0,4.6547652233422944E-5,0.8540888639257174,0.14586458842204914
20860.0,4.900905637593371E-6,2.4632243182178497E-4,0.9997487766625407
20591.0,0.5081530747625994,0.4894385538472953,0.0024083713901052965
20320.0,1.514630101147948E-4,0.9995946556944072,2.538812954781012E-4
21065.0,0.9264239752861962,0.07357602200183151,2.7119721982706647E-9
21338.0,0.06635537571583948,0.8554918281618027,0.07815279612235769
21539.0,0.9997860355532495,1.8726008813396144E-4,2.6704358616599745E-5
20642.0,0.2754505127931343,1.348483772658332E-6,0.7245481387230931
20397.0,5.928597886061259E-4,0.9078199005288986,0.09158723968249537
20158.0,0.020700462218249695,4.0989760886188517E-4,0.9788896401728883
20913.0,0.9998228590767468,1.7714086324275313E-4,6.001048122145082E-11
21399.0,0.9660980692376504,0.03390192273322481,8.029124671126919E-9
21124.0,2.705409115479657E-18,0.0016763302608658055,0.9983236697391341
21742.0,0.4266405221232007,0.5732219926043465,1.3748527245285367E-4
21184.0,0.012053599144372821,0.9855607653108119,0.0023856355448151644
21459.0,0.03530964655980708,0.4015553356538578,0.5631350177863351
20981.0,3.410577768935135E-21,3.3511680728793954E-7,0.9999996648831928
20218.0,0.4917355411193588,0.5071525720842933,0.0011118867963479813
20457.0,0.2705375960856267,0.6848423936547166,0.04462001025965675
20710.0,0.7400454117583491,0.2599508289136675,3.7593279833572176E-6
21674.0,0.9994381261149202,5.61873882935402E-4,2.1444097599313905E-12
21278.0,0.9094219419143362,0.08988429592540673,6.937621602569943E-4
21005.0,0.18716061164695877,0.8128219900065541,1.739834648714042E-5
20260.0,2.738087019087916E-4,0.9967146545176787,0.0030115367804123975
20523.0,0.9983405016058384,0.0016594795403315672,1.8853829928122018E-8
20023.0,0.0011723139938910345,0.9550590541352534,0.043768631870855515
20792.0,0.34593824419073665,0.003336768364255893,0.6507249874450074
21607.0,4.869638157147127E-13,2.3022649820998186E-10,0.9999999997692866
21538.0,0.9744221161694935,0.023678464934648466,0.0018994188958581287
20861.0,0.4128609920924139,0.5871390074388391,4.687469941896791E-10
20082.0,0.9432884772823453,0.05163358951236043,0.0050779332052941495
20321.0,0.006089642032978015,0.07778601141069202,0.91612434655633
20590.0,4.771900784689273E-8,3.8781283547635045E-9,0.9999999484028639
21064.0,0.9945185940222019,0.005481405917124065,6.067413816249143E-11
21339.0,0.9129272151962925,6.016433805372963E-6,0.08706676836990217
21743.0,4.447884874583103E-4,0.07293702687808463,0.926618184634457
20396.0,3.9695055534581364E-22,9.285979613155983E-4,0.9990714020386845
20643.0,1.6343951677109885E-5,0.939023725943951,0.060959930104371896
20159.0,0.6496492871225776,0.35035069122846874,2.164895356519255E-8
20912.0,0.21699061506906714,0.7589685209349168,0.024040863996016036
21398.0,0.0012768309315848807,0.9481976149553705,0.05052555411304458
21125.0,0.9882163286551872,0.011776252392365424,7.4189524472065875E-6
21675.0,0.9934098963454036,0.0010202600857799058,0.005569843568816596
21185.0,0.0659534714053638,0.05503908492498758,0.8790074436696487
21458.0,1.3592284383083726E-7,5.360580537580466E-9,0.9999998587165757
20980.0,2.3740634311272426E-14,1.5046102529414783E-8,0.9999999849538737
20219.0,3.8180859469913E-10,4.640450574920319E-11,0.999999999571787
20456.0,1.839730940858042E-4,0.5941955894817823,0.405620437424132
20711.0,5.16237429107514E-7,0.09122166973844263,0.9087778140241284
21606.0,0.9986250500120665,0.0013748448539904667,1.0513394309499222E-7
21279.0,5.513390593792295E-10,0.7608740257178017,0.23912597373085923
21004.0,0.5943862058858305,0.40560950407259294,4.290041576597161E-6
20261.0,1.3724116535564143E-13,7.023787882740138E-21,0.9999999999998628
20522.0,0.6041358566868626,0.395864139952629,3.3605083833806134E-9
20022.0,0.8512549861299987,0.07710099406335968,0.07164401980664158
20793.0,0.8604789747583657,0.02803735854573197,0.1114836666959023
20008.0,3.5274040660848835E-5,9.37641126507479E-6,0.999955349548074
20775.0,0.9862007075094741,0.0031609568534409177,0.010638335637085047
20532.0,3.570521620171997E-20,8.098759000600319E-7,0.9999991901240999
20283.0,4.9181591264992665E-8,2.9167140372238154E-10,0.9999999505267374
21010.0,0.003828555758151398,0.0846681260582672,0.9115033181835814
21249.0,1.7005145068707178E-22,1.8856500420230557E-17,1.0
21624.0,0.012889153547803964,0.1639705741777413,0.8231402722744546
20729.0,6.160720304357265E-4,0.9992609209360513,1.2300703351302456E-4
20470.0,0.07104809631656818,0.9289477312313671,4.172452064626922E-6
20970.0,1.6566910324815548E-6,4.0729860535870713E-5,0.9999576134484316
20197.0,0.9565041146460468,0.043066001318086855,4.2988403586626277E-4
21452.0,0.9982178316178082,0.001782168376159377,6.032375032269123E-12
21215.0,0.314715564242685,0.6642990542453895,0.020985381511925607
21685.0,0.8779603153676613,0.1122328773061274,0.00980680732621137
21147.0,3.106187376443192E-16,7.85938591970717E-9,0.9999999921406139
21384.0,0.46366535687326654,0.5358814042706889,4.5323885604463076E-4
20129.0,6.455660535720037E-4,0.9992474842707627,1.0694967566507559E-4
20910.0,0.4126171928522035,0.558951195484934,0.028431611662862528
20669.0,0.0029237964358429496,0.032647009371610344,0.9644291941925467
20402.0,0.9982353596571442,0.001764640340171288,2.684680509285198E-12
21745.0,0.9623598249699441,0.027251866183359036,0.010388308846696944
21317.0,2.770597844010624E-10,0.009134475856224842,0.9908655238667154
21078.0,0.015674524726573286,0.005912633523501112,0.9784128417499256
20351.0,0.0022191050791736345,0.9460236154911835,0.051757279429642734
20592.0,0.9790019201888804,0.020961895947227856,3.618386389152025E-5
20076.0,0.014226602950110266,0.9832308986688836,0.002542498381005988
20835.0,0.7281704876800325,0.2718253270249756,4.185294992072387E-6
21564.0,0.9834818455881577,0.01651814621515527,8.196687126600807E-9
21625.0,0.021890282311465167,0.977401834540279,7.078831482559955E-4
20774.0,0.05891887320484101,0.940944575450967,1.3655134419193125E-4
20009.0,3.0932337895098015E-4,0.001958786573745485,0.9977318900473036
20533.0,0.2509416276224295,0.6642001495517944,0.08485822282577603
20282.0,0.0359607049145053,0.9571805538288061,0.006858741256688601
21011.0,0.3959116207277047,0.6036935097584805,3.948695138148649E-4
21248.0,0.9195998061668808,0.08015389083854443,2.463029945749501E-4
21684.0,0.6107562982296711,0.32879039243893055,0.06045330933139831
20728.0,0.9974343928538912,0.0025655335681539957,7.357795464103488E-8
20471.0,0.9870869525479284,2.227059719204071E-6,0.012910820392352421
20196.0,0.995902201622005,0.004097798098791363,2.792034773968112E-10
20971.0,4.98373972257158E-7,7.2129128842325865E-6,0.9999922887131436
21453.0,9.040869737651017E-8,0.022039745791858422,0.9779601637994443
21214.0,7.012342492306985E-4,0.9992924568844725,6.308866296813563E-6
21744.0,0.008500728411710913,0.9914991433605562,1.282277326956892E-7
21146.0,1.5894487099557487E-4,1.0981384746611204E-6,0.9998399569905297
21385.0,2.2101664880707703E-4,1.424344477517557E-4,0.9996365489034412
20128.0,4.348544295072608E-4,5.039606071007309E-6,0.9995601059644217
20911.0,0.002857349928025426,0.15732081509301934,0.8398218349789552
20668.0,0.35901283005365425,0.1424633660041195,0.4985238039422262
20403.0,2.5411858283524136E-12,7.024688186075372E-10,0.99999999929499
21565.0,0.3923961197517455,0.17644412005266077,0.4311597601955937
21316.0,3.930523741546421E-4,0.4866633561318818,0.5129435914939636
21079.0,1.3590533945374245E-4,0.9804072410479188,0.01945685361262732
20593.0,0.18513044080667326,0.8148670454635626,2.5137297641815727E-6
20350.0,1.1010481788564798E-5,0.9996404171794989,3.4857233871261303E-4
20834.0,0.09892095847196879,0.8975475857575222,0.003531455770508835
20077.0,0.4731890612549259,0.5268109377536686,9.91405526700172E-10
20281.0,0.5492127757100951,0.4499938487989107,7.933754909942205E-4
20534.0,6.069472683473909E-9,5.807691336853865E-15,0.9999999939305215
20773.0,0.016664592956312216,0.9755160034638125,0.00781940357987515
20010.0,0.2548900297327975,0.008500013135916067,0.7366099571312864
21251.0,0.00550791837230061,0.8735223452983643,0.12096973632933508
21008.0,0.9706569491595218,0.029305038396786796,3.801244369142577E-5
21626.0,0.6548916389196104,0.3322288173223256,0.012879543758063884
20199.0,4.86514003487767E-4,0.9995134306161023,5.5380409851692884E-8
20968.0,2.8387429938890738E-12,2.4511778233931728E-21,0.9999999999971612
20468.0,0.9984422927914905,0.001557707204173642,4.335671233940822E-12
20731.0,0.0054043518364108685,0.9945810127873037,1.4635376285432176E-5
21213.0,0.01308175311678753,1.6742414252199006E-4,0.9867508227406905
21454.0,1.271586492465654E-6,0.0032678934637922967,0.9967308349497153
21687.0,0.26975641415996143,0.12486628982448791,0.6053772960155508
21386.0,0.9824174158613049,0.017582583117260624,1.0214344461315038E-9
21145.0,0.32831592126754944,0.6716462883464234,3.779038602725902E-5
20400.0,0.32157110170568776,0.6731311862151658,0.0052977120791465
20671.0,1.818013835197358E-5,0.9999590830979861,2.273676366213049E-5
20908.0,0.006260703302737979,3.027146200625303E-10,0.9937392963945474
20131.0,0.8978770635347653,0.10212284459475017,9.187048459440435E-8
21747.0,0.9950472595673874,0.00495274042587097,6.741699532240772E-12
21076.0,0.9237124040307544,0.07628586808318141,1.7278860640971704E-6
21319.0,5.122333975914729E-7,0.9973059801536309,0.0026935076129714986
20833.0,0.20526686372012232,0.7947331318444749,4.435402714800537E-9
20078.0,3.9743622006389634E-7,4.083892152697161E-4,0.9995912133485103
20594.0,0.9984079168549788,0.001592083139949015,5.07237525250018E-12
20349.0,0.9384783545033588,0.06152090434765052,7.411489906388275E-7
21566.0,0.801651580102992,0.19786146331429882,4.8695658270932196E-4
21627.0,1.4058927768419189E-9,6.58920461165417E-15,0.9999999985941006
20280.0,0.34473447299639753,0.6550020667567956,2.634602468067467E-4
20535.0,0.9680284054671751,0.03197159050074081,4.032084112589744E-9
20011.0,1.1350209632168907E-11,3.7022486156065707E-4,0.9996297751270891
20772.0,0.41236133316258294,0.5852566277231195,0.002382039114297575
21250.0,0.9989788462879076,0.0010211537067414417,5.350836156103394E-12
21009.0,7.342066144653607E-8,0.9913073488120749,0.008692577767263695
21686.0,1.6446777363023833E-4,0.005861117976757291,0.9939744142496125
20969.0,0.02594411668887717,0.9739040249825307,1.518583285920866E-4
20198.0,3.908804785020996E-15,1.1717239852833629E-8,0.9999999882827563
20469.0,0.18389241349355623,0.04092282264485498,0.7751847638615887
20730.0,6.933936955121776E-10,2.8791001625105486E-4,0.9997120892903553
21212.0,1.2464753212552203E-4,0.9303628153936723,0.06951253707420231
21455.0,0.9977364034561603,0.002263356792432312,2.3975140729413815E-7
21746.0,0.0029224553080822546,0.9965781088755864,4.994358163313076E-4
21387.0,8.410698995274593E-8,3.137100857128169E-5,0.9999685448844386
21144.0,0.1434675885056027,0.8564918879786749,4.0523515722492196E-5
20401.0,3.095369348200884E-5,0.29601788455098343,0.7039511617555344
20670.0,1.6801376224715028E-5,3.553531382532963E-4,0.9996278454855219
20909.0,8.568679726463857E-6,0.0033937663343480565,0.9965976649859256
20130.0,6.770880425582856E-17,5.052507867525978E-9,0.999999994947492
21567.0,0.95697671523082,0.04302328443565366,3.3352644014851583E-10
21077.0,0.9883685310436592,0.011242675883909443,3.8879307243120347E-4
21318.0,6.698665026887346E-5,0.30463287518228815,0.695300138167443
20832.0,1.159792160167642E-18,1.0517615112847526E-5,0.999989482384887
20079.0,0.9740676875781934,0.025932267392095407,4.502971116137335E-8
20595.0,2.9918758948632804E-4,0.04181675827440346,0.9578840541361102
20348.0,5.743396197659165E-4,0.07217174601758602,0.9272539143626481
21448.0,0.0014324101050922622,0.01601080774914475,0.9825567821457629
21211.0,0.9916182480612334,0.008381751505922217,4.32844391231025E-10
20466.0,0.9982654639944352,0.001734536004630957,9.338914238181673E-13
20733.0,6.598709211907304E-7,0.8298087720203656,0.1701905681087132
20974.0,0.9394332228838914,0.057754687919772354,0.0028120891963362947
20193.0,0.01630911375076096,0.9814578715399077,0.0022330147093314132
21681.0,0.8832638061762732,0.11673255357157784,3.640252148861639E-6
21014.0,0.998338577806444,0.0016614221920272577,1.5287229656683904E-12
21253.0,0.04287242307499732,0.9560164996280801,0.0011110772969225126
20012.0,0.010677386451695945,0.0010327858620654126,0.9882898276862386
20771.0,0.9244455413408393,0.07555442326889347,3.539026704215181E-8
20287.0,0.38469732386383754,0.615302660332448,1.5803714404404325E-8
