21609.0,0.881712104999299,0.10816306010818295,0.010124834892518102
20790.0,0.040394246976949544,0.016144016187801497,0.9434617368352489
20025.0,0.3957325005484913,0.6042674688373483,3.061416035304273E-8
20517.0,0.9910261684671023,0.00896236501392193,1.146651897570494E-5
20266.0,0.5555071379968974,0.44449284298934233,1.9013760421572437E-8
20995.0,1.4063364443187128E-7,0.005648440720360021,0.9943514186459956
21264.0,0.978527791919248,0.02147215140594157,5.667481044686208E-8
21668.0,3.7583391165208323E-7,1.2587662017308443E-5,0.9999870365040711
20455.0,0.0013166942547343209,0.9986826829561708,6.227890948852493E-7
20712.0,0.8481606291186267,0.15183916915340934,2.0172796401746187E-7
20987.0,1.572345787022679E-6,1.271505220289953E-9,0.9999984263827078
20212.0,0.6746114880858207,5.675060162738204E-5,0.3253317613125518
21469.0,0.9999072255380572,7.731816853371229E-5,1.545629340912883E-5
21198.0,0.6731197248770638,0.3268103952654411,6.987985749502406E-5
21728.0,3.801360689406258E-5,1.3052535225306052E-11,0.9999619863800534
21130.0,6.578637414053549E-15,0.1555421490673438,0.8444578509326497
21401.0,0.034734747582452444,8.910042845940127E-5,0.9651761519890881
20144.0,5.194093682566431E-7,0.035905181143686,0.9640942994469457
20927.0,0.38564076599643893,0.6035279306999918,0.010831303303569344
20387.0,0.9737529107789153,0.026247082776442575,6.444642047044743E-9
20652.0,0.15189981958018356,0.4244787409563023,0.4236214394635141
21549.0,0.6597865845063557,0.34021330044168496,1.1505195923128153E-7
21332.0,0.32300376654140756,0.6548597196232274,0.022136513835364996
21063.0,4.185409881232119E-20,2.139472670996153E-10,0.9999999997860527
20577.0,0.06559885320003578,0.6074965352977578,0.32690461150220645
20334.0,9.523658425932034E-8,4.260896658203071E-5,0.9999572957968337
20850.0,0.8148471778962323,3.011623724018634E-4,0.18485165973136575
20093.0,2.8460843105027846E-6,0.5507482063190342,0.4492489475966553
20024.0,2.2675213733653394E-9,4.1811247321148855E-4,0.9995818852592672
20791.0,0.6753314633287578,0.32456686079215596,1.01675879086257E-4
20267.0,0.02651569482102407,0.8261452128854557,0.14733909229352016
20516.0,2.1066473158930406E-5,0.014999370957490847,0.9849795625693503
20994.0,1.3143155308012657E-12,6.892924016628212E-9,0.9999999931057617
21265.0,5.426787487429397E-5,0.003856517987980879,0.9960892141371448
21608.0,0.28897727551162067,0.7101575808307449,8.651436576345063E-4
20713.0,0.7233791694265312,1.8033747947610124E-4,0.27644049309399266
20454.0,0.4643217992046314,0.5284751037154171,0.0072030970799516186
20986.0,0.9997619304403682,2.3806949865135666E-4,6.098042680089639E-11
20213.0,1.5754450812001145E-8,0.3188285735434469,0.6811714107021023
21468.0,1.431955954771212E-5,0.013512235792509803,0.9864734446479424
21199.0,0.017417867269103812,0.15794154884985298,0.8246405838810432
21669.0,1.0814682282316966E-4,0.3749860667585107,0.624905786418666
21131.0,9.219895595039699E-7,7.622634842170367E-4,0.9992368145262235
21400.0,0.4918786560252268,0.5081212601730718,8.380170149906435E-8
20926.0,4.1901119456385075E-10,1.8500842043448862E-4,0.9998149911605543
20145.0,2.754643297792941E-12,0.0017987694914266051,0.9982012305058187
20386.0,0.013759693078291488,0.9709068154530638,0.0153334914686446
20653.0,5.368133966107633E-13,9.84312729152737E-4,0.9990156872703104
21729.0,0.4632904037788748,0.5364939868236543,2.1560939747088513E-4
21333.0,3.3080637472889486E-5,0.004757673593520305,0.9952092457690068
21062.0,0.990600894881553,0.00915266264695007,2.4644247149689755E-4
20576.0,0.8246289230699614,0.07104611174918131,0.10432496518085731
20335.0,3.3746987655675337E-7,0.009705930399464302,0.9902937321306591
20092.0,0.1187244790429039,0.8812490640295643,2.6456927531884803E-5
20851.0,0.23975946067514098,0.7602355544798644,4.984844994805482E-6
21548.0,0.9878638478079571,0.012031532341631021,1.0461985041191509E-4
21611.0,0.9893029297898298,0.0073917555822593005,0.003305314627911071
20519.0,5.749553326106186E-4,0.12072337232157947,0.8787016723458099
20264.0,0.9836298230838423,0.016370061383815644,1.1553234205379162E-7
20788.0,0.24999759269476826,0.7497134765585837,2.889307466480489E-4
20027.0,0.9442707242896635,0.055728873703783564,4.020065529330813E-7
21266.0,0.738306051454018,0.26169392647661227,2.206936979429638E-8
20993.0,0.9613575588421248,0.03864091025739664,1.5309004783915783E-6
21670.0,4.2391020631061697E-4,2.3032411707593463E-11,0.999576089770657
20214.0,5.526713941758374E-18,4.750070436475136E-6,0.9999952499295636
20985.0,1.9876775044915533E-6,0.6074611822718929,0.3925368300506025
20453.0,1.6033779756251988E-6,0.10907106808175325,0.8909273285402711
20714.0,0.0012375331631765468,0.022090835239119304,0.9766716315977041
21196.0,0.0026110577382307426,2.0239736451717604E-4,0.9971865448972521
21471.0,0.935646252848265,0.05954383327515004,0.00480991387658504
21730.0,1.500219720162376E-7,0.030706415857059282,0.9692934341209687
21403.0,0.0017153078449062397,0.6118697698099196,0.3864149223451742
21128.0,2.654101851991896E-5,0.4862195378951495,0.5137539210863306
20385.0,0.4291430855426978,0.5708419642752888,1.4950182013360973E-5
20654.0,0.00906249282348203,0.9909078341044539,2.967307206411207E-5
20146.0,0.4489891901825858,0.3733717334078771,0.17763907640953713
20925.0,0.9852140385694448,0.014785959450844691,1.979710553020597E-9
21551.0,1.3608759166285724E-8,2.5125825209350386E-7,0.9999997351329887
21061.0,8.910917496497907E-5,0.02512689290732614,0.9747839979177089
21334.0,0.9832011860971815,0.011523520562711905,0.00527529334010654
20848.0,0.8690420897422737,0.13095769666293408,2.1359479226615566E-7
20095.0,0.9994671733796675,1.1423095653269854E-4,4.1859566379981564E-4
20332.0,5.656710861512323E-7,2.3585965971985122E-4,0.999763574669194
20579.0,4.431861675958128E-6,7.00843503527189E-5,0.9999254837879714
20265.0,8.537096445491764E-11,3.989955697813962E-13,0.99999999991423
20518.0,0.9925216678585415,0.007478329137896823,3.003561797622592E-9
20026.0,0.25861503024843574,0.529124720415662,0.21226024933590218
20789.0,0.5216341161377296,0.4677023467743044,0.010663537087965991
21267.0,0.051356772776603866,4.6317213450240336E-5,0.9485969100099458
20992.0,1.1130778266038418E-11,7.710927366855469E-4,0.9992289072521836
21610.0,0.441262327666336,0.001999510756964563,0.5567381615766994
20984.0,1.874874394692065E-4,4.0044143441390545E-6,0.9998085081461866
20215.0,2.5042699955775015E-4,0.7994119409715037,0.20033763202893853
20452.0,0.5116740151663489,0.43312861903958527,0.055197365794065846
20715.0,0.03379763332416356,0.1480105643861244,0.818191802289712
21197.0,3.8848380506974363E-4,0.8256496188844894,0.17396189731044082
21470.0,0.2171278440009066,0.683391270026807,0.09948088597228649
21671.0,6.207948776389343E-5,0.9827637102723983,0.017174210239837683
21402.0,0.7236431162137242,0.27629222828978584,6.465549649012248E-5
21129.0,0.04316212551017138,0.2959934598166226,0.660844414673206
20384.0,1.3156959592240352E-21,8.79656659767076E-9,0.9999999912034334
20655.0,2.674133926087621E-13,0.0011503798858638298,0.9988496201138688
20147.0,0.9996071304505746,3.666327543236113E-6,3.8920322188217276E-4
20924.0,1.7465838552868543E-7,1.4021903405085075E-6,0.999998423151274
21731.0,9.183243366902919E-5,0.770748649408683,0.22915951815764796
21060.0,7.706129052722903E-9,7.378269163470612E-6,0.9999926140247075
21335.0,0.948454525064162,4.324036830822438E-4,0.051113071252755805
20094.0,1.494298012122673E-9,2.4103008583277086E-10,0.9999999982646719
20849.0,0.9731569455038716,0.026843047521735018,6.9743934568496335E-9
20578.0,0.02759273688120164,0.923099980233261,0.04930728288553735
20333.0,0.989590533401232,0.010190681341418484,2.1878525734946323E-4
21550.0,2.0253420546438826E-5,7.378698864751883E-4,0.9992418766929784
21664.0,0.8100839889147268,0.18991598613971677,2.4945556390380397E-8
21465.0,1.6898317351628954E-6,0.018099101671752646,0.9818992084965121
21194.0,5.92521135138557E-6,0.4826321284339349,0.5173619463547137
20451.0,0.9332973701802995,0.06669728826722982,5.341552470851302E-6
20716.0,0.2750702591994992,0.7170546698074346,0.00787507099306618
20208.0,1.1185225001155794E-6,0.13969753704271906,0.8603013444347808
20991.0,3.324736976067404E-5,0.7870218577661988,0.21294489486404058
21613.0,0.34492471697200183,0.6514363806711508,0.0036389023568473605
20999.0,1.4791285451394837E-6,0.9386847982777862,0.061313722593668615
21268.0,1.0619989036849861E-9,0.0063857661343667904,0.9936142328036343
20029.0,2.5935801755051126E-13,1.2706766208258592E-13,0.9999999999996136
20786.0,0.002199795546499998,0.005916435179277787,0.9918837692742223
20270.0,0.2488472176278334,0.2890512861202768,0.4621014962518898
20513.0,0.004861400067559117,0.05934829967592663,0.9357903002565143
21545.0,0.826624017524458,0.006026760180797721,0.1673492222947442
20581.0,6.077437220358882E-4,0.019760978851590075,0.979631277426374
20330.0,1.8650504494913632E-10,0.11130440923987968,0.8886955905736152
20089.0,0.8865934689147555,0.11233673261125067,0.0010697984739937447
20854.0,6.895514641947657E-4,0.47343377555545824,0.5258766729803469
21328.0,1.3019088109457496E-12,2.482383083487407E-7,0.9999997517603897
21059.0,0.6349466562207232,0.365037110504757,1.6233274519844013E-5
21732.0,0.8215083542036458,0.17848584428236383,5.801513990342533E-6
20923.0,0.003805631130480267,4.610923159597701E-7,0.9961939077772038
20148.0,8.566730939206053E-24,2.0592574146484877E-12,0.9999999999979408
20648.0,2.7564579169861103E-6,5.291966324069242E-7,0.9999967143454507
20391.0,0.046038242676189466,0.014530754084719436,0.9394310032390911
21134.0,1.758947693799398E-4,0.46165717081146296,0.5381669344191572
21405.0,8.359294669025053E-6,5.305098736085128E-4,0.9994611308317225
21464.0,3.959428990313522E-6,0.004685957587987216,0.9953100829830224
21195.0,1.3858179230851348E-9,5.7045895216130444E-11,0.9999999985571363
20717.0,0.020895562922669215,0.9791038306858414,6.063914893920316E-7
20450.0,0.02525097052051685,0.049088969203196234,0.925660060276287
20209.0,0.22429273092529114,0.05169743181759893,0.7240098372571099
20990.0,0.15403856478444844,0.8396714827373114,0.00628995247824015
21665.0,0.009428286746220368,0.9902641825209202,3.0753073285949746E-4
20998.0,0.002472121995277421,0.04225627993805708,0.9552715980666655
21269.0,0.019897021962608744,0.009192515346705175,0.9709104626906861
20028.0,5.6532324893559145E-5,0.18524070823013086,0.8147027594449755
20787.0,0.008696408434828204,0.9640807476186513,0.02722284394652049
20271.0,2.2913349210655564E-4,1.34369499514664E-6,0.9997695228128982
20512.0,0.806230868651509,0.14957940905085246,0.04418972229763846
21612.0,0.8944966589442928,0.005812886016780735,0.09969045503892661
20580.0,5.0108344906512E-19,1.0370409439993584E-11,0.9999999999896296
20331.0,1.9771327169258876E-5,0.0031766760116312405,0.9968035526611995
20855.0,0.9953225504240656,0.004677447870570952,1.7053633533176513E-9
20088.0,0.4152684191454554,0.03240457632993324,0.5523270045246113
21329.0,1.659718878631403E-6,5.350397820314268E-4,0.9994633004990899
21058.0,0.38065801977841307,0.5404039402832596,0.07893803993832736
21544.0,0.9535967498766509,0.04639268446463582,1.0565658713442046E-5
20922.0,0.5456698335917756,0.4538009567926455,5.292096155788079E-4
20149.0,0.02489627421696953,0.004301666697588717,0.9708020590854417
20649.0,3.6289238078089123E-8,7.634544818478462E-13,0.9999999637099986
20390.0,0.855174856596521,0.14482506061288436,8.279059454085709E-8
21135.0,0.004052867537265227,0.001961010358677381,0.9939861221040575
21404.0,4.822859300272879E-7,0.7664307988481738,0.2335687188658962
21733.0,9.141779010506844E-15,1.9174298833987474E-8,0.9999999808256921
21666.0,2.9285448671929484E-17,7.268283746028989E-6,0.9999927317162539
21192.0,4.834384360993049E-7,0.0021375533715131696,0.9978619631900507
21467.0,1.9756822361744863E-14,8.874478954979155E-4,0.9991125521044824
20989.0,0.05307035308250141,0.9463925867292183,5.370601882802881E-4
20210.0,1.0047842709922714E-6,3.0970420123161214E-13,0.9999989952154194
20718.0,2.2642434274838845E-6,3.529891580012701E-6,0.9999942058649925
20449.0,2.6089472190327502E-5,0.002032825458342292,0.9979410850694674
21615.0,0.024432437200761225,0.9737471161007417,0.0018204466984970266
21270.0,0.6558305798336606,0.34149126580791284,0.002678154358426588
20997.0,0.06782890974703308,0.5524852852734401,0.37968580497952686
20515.0,9.6553909939945E-12,2.3159871610074105E-6,0.9999976840031836
20268.0,0.9860594950620398,0.013940496838910493,8.099049629860313E-9
20031.0,1.028236686870212E-4,0.9998915458485148,5.630482798095388E-6
20784.0,0.003425049830662843,0.9123776127892098,0.08419733738012726
21547.0,1.0089396618575552E-4,0.0073051406447668795,0.9925939653890474
20091.0,0.024611356805930303,0.8081567060762753,0.16723193711779447
20852.0,1.7717765239643919E-6,2.529280509452657E-13,0.9999982282232232
20328.0,0.12233665736538148,0.8733751719379454,0.004288170696673193
20583.0,0.01755475890785359,0.0018689323692817384,0.9805763087228647
21057.0,4.99998768726498E-4,0.9663078718329312,0.03319212939834224
21330.0,0.7923170324862869,0.2075467949921588,1.3617252155433035E-4
21734.0,0.0031032313238969077,0.9805328330458108,0.0163639356302921
20650.0,0.9789710921871151,0.021028897745960583,1.006692426339941E-8
20389.0,0.4873570791669173,0.512642915783562,5.049520719429454E-9
20150.0,2.8214365186008537E-5,0.6465621428865335,0.35340964274828063
20921.0,0.08219287368353126,0.9178069242051728,2.0211129589688252E-7
21407.0,8.1248810123763E-4,0.991732616426664,0.007454895472098343
21132.0,6.883328513822433E-9,0.6399098049340104,0.360090188182661
21193.0,6.082617925535805E-5,0.06814174206963684,0.9317974317511077
21466.0,8.243854108044985E-6,0.11184155396691697,0.888150202178975
20211.0,2.001759060672037E-9,0.002088757540246357,0.9979112404579946
20988.0,5.240864092411863E-6,0.005580197903020797,0.9944145612328867
20719.0,1.785683337740662E-10,2.0384084291547422E-9,0.9999999977830233
20448.0,1.2944320512702342E-8,2.5898839024619114E-6,0.999997397171777
21667.0,1.036296348491978E-8,0.0010420900370055135,0.998957899600031
21271.0,0.9950292209381791,0.004964811769141611,5.967292679249149E-6
20996.0,0.9982918557389151,0.0017073784089612805,7.65852123702225E-7
20514.0,0.54227990030083,0.4576656546438037,5.444505536632236E-5
20269.0,2.2382945905002814E-16,4.965679334920558E-13,0.9999999999995032
20030.0,8.162222984057757E-4,0.07528132425447702,0.9239024534471172
20785.0,0.37362554508717927,0.03070187466474237,0.5956725802480783
21614.0,1.4881404653208352E-11,5.937688102322493E-8,0.9999999406082375
20853.0,0.1896350559979016,0.7892257973507973,0.02113914665130099
20090.0,0.8959228730210853,0.052599708836659105,0.0514774181422556
20582.0,8.120825602324863E-6,0.004603248608948058,0.9953886305654496
20329.0,0.005172178537612614,0.6540615828160622,0.3407662386463251
21056.0,1.0929233025012979E-7,0.517753638208817,0.4822462524988527
21331.0,0.09170851259656577,0.9082094502517769,8.203715165728573E-5
21546.0,3.317567324783542E-8,1.009056831251845E-16,0.9999999668243267
20388.0,0.9910971937101521,0.008902806271170257,1.8677627634589027E-11
20651.0,0.015761824084173145,0.9710743782429816,0.013163797672845262
20151.0,5.137600042064126E-7,3.8119498681120263E-7,0.999999105045009
20920.0,0.7984274868328104,0.18785202098899298,0.013720492178196684
21406.0,4.256617156734024E-5,0.002608329669384612,0.9973491041590481
21133.0,0.6277648936541265,0.37219949582957135,3.561051630208009E-5
21735.0,0.7811116939273158,0.21732192619700655,0.001566379875677689
21122.0,3.3107558456680724E-16,3.404384827949405E-12,0.9999999999965952
21393.0,7.005002901362392E-7,2.6516927095401674E-13,0.9999992994994448
20152.0,0.12196899095724037,0.8772549654868534,7.760435559062123E-4
20919.0,0.9318459526001445,0.06815404731208774,8.776774429586459E-11
20644.0,7.500177546435647E-4,0.6096743114046992,0.38957567084065736
20395.0,3.895514879429549E-6,4.745397595522415E-8,0.9999960570311446
21736.0,1.2991758118682768E-4,0.6595152309215538,0.3403548514972592
21340.0,0.019614704792369403,5.803367477982476E-4,0.9798049584598324
21071.0,0.1673652404519873,0.04173406167023172,0.790900697877781
20585.0,0.9106027093037302,0.08931514291961315,8.214777665657615E-5
20326.0,1.0672776992658797E-7,1.581786047481462E-15,0.9999998932722285
20858.0,0.7787889238372051,6.829503603955907E-6,0.2212042466591909
20085.0,3.5294420725387076E-5,2.200101137991461E-8,0.9999646835782632
21541.0,4.4461345443963735E-7,1.925624681961789E-4,0.9998069929183494
20798.0,0.03729917759686487,0.9620358108449265,6.650115582085211E-4
20017.0,0.9778583461878911,0.02214165373989197,7.22168765459732E-11
20258.0,0.0014054942069388929,0.8832597873246356,0.11533471846842543
20525.0,0.6543624366293431,7.896776863073151E-5,0.34555859560202606
21003.0,0.989415689389137,0.007582383358282489,0.0030019272525804845
21272.0,0.007828264955841711,0.0034497452403633388,0.9887219898037949
21601.0,0.0041224219070795445,5.240011330715537E-4,0.9953535769598488
20704.0,0.11078454443842718,0.03274039903775432,0.8564750565238185
20463.0,1.0286270743357436E-4,0.0072782221784369475,0.9926189151141296
20220.0,4.304668034027656E-4,9.520532032383527E-6,0.9995600126645648
20979.0,7.229586463210993E-8,4.880249282571803E-8,0.9999998789016424
21461.0,3.0991190811065596E-8,1.352935752924495E-6,0.9999986160730563
21190.0,1.9100682666212947E-5,6.691783874797497E-5,0.9999139814785858
21676.0,0.11872505760268412,0.8462271873395748,0.035047755057741076
21737.0,0.005402022210471333,6.650012634803493E-6,0.9945913277768939
21123.0,0.0024650970927191165,0.013469475072786041,0.9840654278344948
21392.0,6.566986606466176E-6,7.603999743169114E-7,0.9999926726134193
20918.0,0.001628169904023706,0.0025786777201833757,0.9957931523757929
20153.0,0.016649726774795252,1.2974835599783904E-4,0.983220524869207
20645.0,6.7872616275026785E-6,0.10242105159009764,0.8975721611482749
20394.0,4.364513336431589E-4,0.8560929093776047,0.143470639288752
21540.0,0.4621164741872842,0.5276326164459647,0.01025090936675111
21341.0,0.8652969008863947,0.0011475518665602334,0.13355554724704505
21070.0,0.002388867238421902,0.865947374710088,0.13166375805149028
20584.0,0.17742510565066222,0.7751666219725094,0.04740827237682836
20327.0,0.6153362328597851,0.33421251215972475,0.05045125498049014
20084.0,0.266751566874106,0.7332480882256269,3.4490026704854657E-7
20859.0,5.32383743680887E-10,3.97600440335797E-6,0.9999960234632129
21600.0,5.966567592826899E-6,0.032885435476568116,0.967108597955839
20016.0,1.3909441856096392E-4,0.03956871156698703,0.9602921940144521
20799.0,0.984316202663541,0.01568379530361504,2.0328439416537193E-9
20259.0,2.7060509761580885E-7,0.008789144239177179,0.9912105851557251
20524.0,5.182108065728724E-9,3.844434023128376E-8,0.9999999563735517
21002.0,0.08385140480289384,0.5328870689759233,0.3832615262211829
21273.0,0.008138918997819178,0.9907119569958988,0.0011491240062820255
21677.0,0.0012485663672980663,0.8846472275154966,0.11410420611720543
20705.0,1.4372492622876357E-15,3.0423708380898255E-4,0.9996957629161897
20462.0,0.0026888717207869447,1.0886039331684326E-4,0.9972022678858963
20221.0,0.001645462339167303,0.5925877805194835,0.40576675714134924
20978.0,7.7391500064757E-12,1.123973196572861E-8,0.9999999887525288
21460.0,0.9972388810967874,0.0027610793611490035,3.9542063695791874E-8
21191.0,0.5070348803356733,0.4922627017258482,7.024179384784217E-4
21395.0,0.7176571044537992,0.2821481835533635,1.9471199283724254E-4
21120.0,0.6565659385607692,0.03593719263632198,0.30749686880290894
20646.0,0.9871157600520825,0.012883561014612572,6.789333050025077E-7
20393.0,0.00112261989309673,0.898529050890484,0.10034832921641938
20154.0,0.9870347948237341,0.012965194401624785,1.0774641125089419E-8
20917.0,2.414656313931658E-10,5.606060092361467E-16,0.9999999997585338
21738.0,0.9460937933308199,0.05390620569418932,9.749908645444716E-10
21069.0,0.954039995767355,0.04596000403114879,2.0149626495825003E-10
21342.0,0.910849070197951,0.06065367681777206,0.0284972529842769
20087.0,0.01576168747096302,0.5839977257052255,0.40024058682381153
20856.0,5.352355946821796E-7,4.1790911977054575E-10,0.9999994643464961
20324.0,0.9992727742721081,6.960807467583502E-4,3.114498113342893E-5
20587.0,6.561271584975531E-7,0.12711821834886533,0.8728811255239761
21543.0,0.7895183527747477,0.21048161511810068,3.2107151709139474E-8
20527.0,1.9486239306485992E-4,0.002252399663138901,0.9975527379437962
20256.0,0.9891766278849171,0.010823371880285303,2.347976191224519E-10
20019.0,1.2147826870602355E-7,5.6651409635269155E-8,0.9999998218703215
20796.0,4.6506606676834334E-11,0.009680098788205803,0.9903199011652876
21274.0,2.661160830605753E-7,0.9951666143532348,0.0048331195306820845
21001.0,1.4400475214198898E-4,0.29341659751125465,0.7064393977366034
21603.0,0.4577678096946082,0.5419199998231494,3.1219048224229076E-4
20977.0,3.4847158607061206E-4,3.5659115354145085E-5,0.9996158692985752
20222.0,9.404186505066427E-4,0.0022867221959280808,0.9967728591535652
20706.0,0.006132470879161774,0.023217687355679115,0.9706498417651591
20461.0,0.001699316195674126,0.9691320942832083,0.0291685895211176
21188.0,1.077145209107401E-7,1.066595495543212E-6,0.9999988256899836
21463.0,8.839373920781107E-7,0.04292473881710757,0.9570743772455004
21678.0,0.8492157916650886,0.13787565671659563,0.012908551618315705
21739.0,0.06882225436201567,0.9310176237554626,1.6012188252176763E-4
21394.0,0.15214830445658797,0.8430048202370819,0.004846875306330049
21121.0,0.15690911129248541,0.8255684603391744,0.01752242836834022
20647.0,7.852423277269155E-12,0.00324058079773922,0.9967594191944084
20392.0,1.686153010652953E-9,4.464606488329185E-6,0.9999955337073587
20155.0,0.02514712415882602,0.9731194262154064,0.0017334496257675955
20916.0,2.6399649115871364E-5,4.6005197389495383E-4,0.9995135483769891
21542.0,0.9650162191763348,0.031962498737255755,0.0030212820864093833
21068.0,4.2737215393884546E-5,9.318721469950142E-4,0.9990253906376111
21343.0,0.6899467871049441,0.2811899532683414,0.02886325962671454
20857.0,0.21932866032078335,0.7791360148799574,0.0015353247992593525
20086.0,0.4772159218870015,0.5227840704416139,7.67138459747957E-9
20325.0,0.005066678384034822,0.10030314321563882,0.8946301784003264
20586.0,7.784924826521256E-7,4.4933242815024663E-4,0.999549889079367
21602.0,2.0862589493956414E-6,0.020026605641363215,0.9799713080996874
20257.0,0.05211001395917087,0.9473268686878086,5.631173530205785E-4
20526.0,3.2360483939586587E-4,0.5648391198704958,0.4348372752901084
20018.0,0.9835053002327249,0.01649469971735539,4.991970143688132E-11
20797.0,0.18225797254557805,0.5780868534667349,0.2396551739876871
21275.0,9.4569688479232E-9,3.534453917460855E-6,0.9999964560891137
21000.0,1.1259915957283358E-11,5.1320290400029915E-9,0.9999999948567111
21679.0,2.8091126245695073E-12,6.12489134260097E-9,0.9999999938722994
20976.0,0.36939845482453004,0.4935854032564555,0.13701614191901457
20223.0,1.2145110028700217E-6,0.716578339852889,0.2834204456361082
20707.0,0.13060979142144338,0.5626826709504321,0.3067075376281245
20460.0,0.055745576494569814,0.40290041657643977,0.5413540069289904
21189.0,0.9666182244332506,0.021970417812362135,0.011411357754387294
21462.0,0.16827916767291476,0.13692315828280752,0.6947976740442777
20589.0,0.9688844672622079,0.03106737705437911,4.8155683413039093E-5
20322.0,0.002157720054807588,4.099565982679959E-4,0.9974323233469243
20081.0,1.0525940096862163E-5,0.0012216439876554983,0.9987678300722476
20862.0,5.995855006974456E-6,2.082613061065058E-13,0.9999940041447847
21336.0,0.8556036973454241,0.0012727297508639262,0.143123572903712
21067.0,0.987832047297847,0.01216795212933751,5.728154829786934E-10
21537.0,2.0355289946246648E-10,1.8603065210147294E-5,0.9999813967312369
20156.0,1.7958992564026432E-25,3.313467433370856E-9,0.9999999966865326
20915.0,0.22147802504324193,0.778504072410971,1.7902545787147684E-5
20640.0,2.548109330482754E-10,0.06346136758640342,0.9365386321587856
20399.0,0.025646721990271192,0.57797806845232,0.39637520955740874
21126.0,2.61217969248622E-7,0.5785846841657333,0.4214150546162974
21397.0,0.003053651759585623,3.395928282683763E-7,0.9969460086475861
21740.0,6.867635894455547E-5,0.0024423593708501035,0.9974889642702054
21457.0,1.561710345372117E-12,3.309820038744754E-7,0.9999996690164344
21186.0,0.9930787281687868,0.006921270212977525,1.6182356911391696E-9
20459.0,0.05172762069516938,0.9274662716372931,0.020806107667537575
20708.0,0.01965686033621601,0.7827341730924542,0.19760896657132984
20983.0,0.7093209006712599,0.28964596617747207,0.0010331331512680798
20216.0,0.0023206922734590194,0.9728817091096201,0.024797598616920886
21672.0,0.9384585133956038,0.06154147153634185,1.5068054347763852E-8
21007.0,5.371688690005313E-7,3.836174020353506E-4,0.9996158454290957
21276.0,7.662778213539717E-11,3.565339392474077E-5,0.9999643465294474
20794.0,0.002635793615007312,0.41891783182805603,0.5784463745569367
20021.0,0.644812728241569,0.0062550555751866195,0.3489322161832444
20521.0,0.17415364286706234,0.8258458857552955,4.7137764207833795E-7
20262.0,5.125956431566552E-13,5.141301634804747E-4,0.999485869836007
21605.0,3.6657125908808876E-4,2.597908964703544E-4,0.9993736378444416
21536.0,0.9495355636565528,0.0504644362009153,1.4253202503010767E-10
20588.0,6.626697032164537E-4,1.3223787825143688E-4,0.9992050924185321
20323.0,0.7667544561459841,0.015023211973282213,0.21822233188073376
20080.0,0.9980560897333868,0.0019427756574734785,1.1346091397782777E-6
20863.0,8.906183739533952E-7,0.5283385153250307,0.4716605940565954
21337.0,8.26722053512192E-7,2.4090335762081855E-14,0.9999991732779224
21066.0,1.3727710589091985E-13,7.2227348020684E-5,0.9999277726518421
21741.0,2.4141465480288605E-7,0.010013935698329755,0.9899858228870154
20157.0,0.11065543926169653,0.41654568625770527,0.47279887448059815
20914.0,0.947304843971082,0.052695152237973684,3.790944239844283E-9
20398.0,0.008904221382388215,0.058541569392118936,0.9325542092254929
20641.0,2.650237527906797E-7,0.00793592451372435,0.9920638104625229
21127.0,0.6593190210102615,0.34067186721887743,9.11177086098192E-6
21396.0,8.701795659811177E-5,5.996302812294615E-5,0.9998530190152789
21673.0,0.2807546148281406,0.7104097655234427,0.008835619648416539
21456.0,0.4813544494642991,0.5185832563619511,6.22941737498757E-5
21187.0,2.0492108199146074E-9,1.745663218405879E-10,0.999999997776223
20709.0,0.564549758556388,0.09991900429668595,0.33553123714692606
20458.0,0.2948165425740886,0.04424161299452244,0.660941844431389
20982.0,0.2687550982603207,0.6994072062341431,0.03183769550553619
20217.0,9.317215021753402E-4,0.8575893642775719,0.1414789142202526
21604.0,0.154582384159756,7.176827197435319E-4,0.8446999331205004
21006.0,0.0036958976141437828,0.41700534986574805,0.5792987525201081
21277.0,2.7787298984917074E-13,7.71693351192744E-6,0.9999922830662102
20795.0,0.9604019567422278,0.03917928212610613,4.1876113166600744E-4
20020.0,3.216661050851343E-5,0.36265341475275115,0.6373144186367403
20520.0,0.05952363895748623,0.940077820671866,3.985403706477928E-4
20263.0,4.856876257748513E-8,1.094116654727257E-15,0.9999999514312363
20083.0,0.046713418427776515,0.02659156483546147,0.9266950167367619
20860.0,1.7507976619447488E-7,0.002640536080905732,0.9973592888393281
20591.0,0.6004781516113571,0.19287280512912436,0.20664904325951858
20320.0,7.880185543410396E-6,0.9958273093032723,0.004164810511184245
21065.0,0.4798278484308708,0.5201563863235346,1.5765245594720432E-5
21338.0,0.5022423970574872,0.03663638145810689,0.4611212214844058
21539.0,0.999413462899025,4.104316682439049E-4,1.7610543273101603E-4
20642.0,0.8402388984883383,2.983460242237552E-5,0.15973126690923936
20397.0,4.5758256417431463E-4,0.5338929293889545,0.4656494880468712
20158.0,0.04202863041564645,0.002873491281765948,0.9550978783025876
20913.0,0.9969369112470037,0.003063088541366929,2.1162953290122955E-10
21399.0,0.9803329344152556,0.01965486798387418,1.2197600870272645E-5
21124.0,5.487658444648643E-13,8.953668538619722E-4,0.9991046331455893
21742.0,0.4571814733423235,0.19941186678360007,0.3434066598740764
21184.0,0.001261491833059051,0.12749117291304995,0.8712473352538911
21459.0,1.831806142681529E-5,1.4243370875559166E-5,0.9999674385676977
20981.0,1.615202399263675E-19,2.099464069439541E-9,0.999999997900536
20218.0,0.6540542422418966,0.027516079658443746,0.3184296780996597
20457.0,0.024579861655441654,0.5478488762504719,0.4275712620940864
20710.0,0.01534440565270135,0.9778165710759975,0.006839023271301199
21674.0,0.9926338728533942,0.0073661271120562715,3.454954870681497E-11
21278.0,0.9582636664292958,0.04171362904051637,2.270453018773824E-5
21005.0,0.28200551407516355,0.7107763753490138,0.007218110575822612
20260.0,6.566330599841184E-6,0.8975259674035967,0.10246746626580351
20523.0,0.9881705401100425,0.011829299949119555,1.5994083795954228E-7
20023.0,5.857525256224616E-4,0.026085837307139797,0.9733284101672378
20792.0,0.15334298351934386,0.007220497382498684,0.8394365190981575
21607.0,1.0584890381856061E-7,1.0041728264241385E-4,0.9998994768684538
21538.0,0.11361594440119778,0.03645007841463799,0.8499339771841642
20861.0,0.004042870636373766,0.9959569250814375,2.0428218877932272E-7
20082.0,0.5299577256891227,0.21209837559868558,0.25794389871219175
20321.0,9.269887455417996E-4,0.0011256787637420576,0.9979473324907161
20590.0,2.321467974436106E-13,8.711478468631494E-9,0.9999999912882893
21064.0,0.9955962952713697,0.004403704693069823,3.556039790709912E-11
21339.0,0.6808600415417521,7.351357555533293E-5,0.3190664448826925
21743.0,0.02234925760636462,4.807074088468581E-4,0.9771700349847885
20396.0,6.175557653596369E-16,0.016070830918095535,0.9839291690819039
20643.0,0.17960499688084408,0.7599463564292706,0.060448646689885414
20159.0,0.3105233810898849,0.6894765139831607,1.0492695443476833E-7
20912.0,0.19184691529841114,0.4556559487526488,0.3524971359489401
21398.0,0.0011949871213412044,0.6724132632442497,0.3263917496344091
21125.0,0.9846031559010656,2.6579802261362634E-4,0.015131046076320735
21675.0,0.5505474396460753,0.05652958374452879,0.3929229766093958
21185.0,0.17288919706467165,0.006610653643770004,0.8205001492915582
21458.0,9.450374156965326E-5,3.74720956065079E-5,0.9998680241628238
20980.0,6.730141438419755E-9,2.1018258660447272E-8,0.9999999722515999
20219.0,7.925391156285624E-8,1.8557646352010507E-9,0.9999999188903239
20456.0,8.413571863843364E-4,0.9560352673304571,0.04312337548315859
20711.0,7.656035447661935E-7,3.902603659211582E-4,0.9996089740305341
21606.0,0.9986860077913116,0.0013098151542563815,4.177054432116508E-6
21279.0,5.053132889433117E-7,0.8638717674707803,0.1361277272159307
21004.0,0.08526549984129284,0.9135149401344388,0.0012195600242682542
20261.0,1.0800103183939774E-12,1.1874208876682513E-15,0.9999999999989189
20522.0,0.0033428436628078844,0.9966571261552832,3.018190896690483E-8
20022.0,0.07985897684162091,0.04274802035539302,0.877393002802986
20793.0,0.1699794648500645,0.04469676496204015,0.7853237701878953
20008.0,1.4390293621845876E-6,1.2322486177650274E-5,0.9999862384844601
20775.0,5.775265599186559E-4,3.348553386110232E-8,0.9994224399545475
20532.0,2.1077421672306732E-14,0.0018002029086221253,0.9981997970913568
20283.0,0.36006525879469853,1.2122478115809229E-5,0.6399226187271858
21010.0,0.008038843331303358,0.9461076288926824,0.045853527776014064
21249.0,2.6476911642465822E-15,1.030887797445339E-9,0.9999999989691095
21624.0,0.09449727089914077,0.8202128235633318,0.08528990553752738
20729.0,2.8987474330605876E-4,0.873021579057332,0.1266885461993619
20470.0,0.20262599447314555,0.7938628398734964,0.0035111656533580236
20970.0,3.3729778728720854E-4,0.0010364636621117548,0.9986262385506011
20197.0,0.0834880693810355,0.05987303690081814,0.8566388937181464
21452.0,0.9890503581138199,0.010949640517283574,1.3688965976590243E-9
21215.0,0.0024145391784799147,0.043553988624003864,0.9540314721975162
21685.0,0.24924647734056876,0.34697454187910637,0.4037789807803249
21147.0,1.0419734099142776E-9,3.157629624909287E-5,0.9999684226617775
21384.0,0.5219789726268396,0.47300189821522987,0.005019129157930572
20129.0,9.604806451499124E-4,0.9912373187648892,0.007802200589960942
20910.0,0.3739920685688236,0.5415570695348823,0.08445086189629404
20669.0,2.597454353221503E-4,0.19868266382595423,0.8010575907387236
20402.0,0.6690655844555157,0.33093441106818555,4.476298684397808E-9
21745.0,0.7625239496098211,0.171702991283085,0.06577305910709405
21317.0,1.0245337232417856E-7,0.003112844820485839,0.9968870527261419
21078.0,2.92788698670864E-4,0.026119534372190837,0.9735876769291383
20351.0,0.004189563371814269,0.0024900358371309182,0.9933204007910548
20592.0,0.9995507800644592,4.215548863376587E-4,2.766504920310899E-5
20076.0,0.019624740614533908,0.9242516612073487,0.056123598178117316
20835.0,0.5429926148386646,0.45149264243169773,0.005514742729637599
21564.0,0.9998123233795251,1.8754273901735473E-4,1.338814575329751E-7
21625.0,0.004838829788465783,0.7717205288098293,0.22344064140170483
20774.0,8.406904481546662E-4,0.8464640352195315,0.15269527433231395
20009.0,6.770550781318807E-5,0.03374522327429905,0.9661870712178877
20533.0,1.0897416097292499E-4,0.9283209410429725,0.07157008479605459
20282.0,0.04599574682352706,0.23718460610426742,0.7168196470722055
21011.0,0.11602328557118742,0.5621534703725745,0.32182324405623813
21248.0,0.126874064349019,0.8719640489015474,0.0011618867494335874
21684.0,0.011705345832759518,0.0732037678798984,0.915090886287342
20728.0,0.9970129370125151,0.0029796195324895917,7.443454995334481E-6
20471.0,0.025112897663191112,2.930480160846013E-6,0.974884171856648
20196.0,0.9675415543028484,0.03245573415473632,2.7115424153807007E-6
20971.0,0.003061460898392976,0.0422198291414028,0.9547187099602041
21453.0,4.266655425172136E-5,0.017053620813632958,0.9829037126321153
21214.0,3.0583426666551015E-4,0.9988220462818533,8.721194514811958E-4
21744.0,4.402887524236523E-5,0.99930268918491,6.532819398475377E-4
21146.0,1.0785062146384405E-10,1.7446563689218057E-12,0.9999999998904048
21385.0,0.32858144366072345,0.0024498412289147855,0.6689687151103618
20128.0,7.573110634834896E-4,4.95688414312613E-5,0.9991931200950853
20911.0,0.31993846170601953,0.5607365757539418,0.11932496254003859
20668.0,0.03250345146567616,0.006230668393459958,0.9612658801408639
20403.0,5.46166456665364E-9,1.2448699033413655E-9,0.9999999932934656
21565.0,0.16502315528315809,0.06450475268412864,0.7704720920327134
21316.0,0.11773679663024535,0.8718400267658074,0.010423176603947214
21079.0,0.006324557908988272,0.43674969261258006,0.5569257494784318
20593.0,0.05071984229636554,0.9477093930519105,0.0015707646517239666
20350.0,3.334168438664771E-8,0.2966483973675876,0.703351569290728
20834.0,0.1702108336960398,0.8264412532036247,0.0033479131003355794
20077.0,0.08627967530711426,0.9137203221128803,2.5800054038621276E-9
20281.0,0.48624588511315286,0.5129730633961624,7.810514906847776E-4
20534.0,1.1116817316046926E-4,1.8023361488954467E-9,0.9998888300245034
20773.0,1.0469476872702702E-4,0.8070185782500982,0.19287672698117486
20010.0,0.9791929642567148,0.019395128671752866,0.0014119070715323675
21251.0,4.6632529565428245E-7,0.0034504832389007276,0.9965490504358036
21008.0,0.5431295794053068,0.021672825351263768,0.4351975952434295
21626.0,0.8113224138063267,0.10770596572722896,0.08097162046644421
20199.0,2.15108571459976E-5,0.9999654259136871,1.3063229166959747E-5
20968.0,2.85299656011866E-17,1.3835078791663688E-24,1.0
20468.0,0.966817001903803,0.033182997666977694,4.29219221164611E-10
20731.0,0.0016663778058506559,0.9742332673588779,0.02410035483527145
21213.0,0.18953900605311222,0.007955263870629104,0.8025057300762587
21454.0,1.3252796079356611E-5,4.815956696966539E-4,0.999505151534224
21687.0,0.008008105150668911,0.125325139767819,0.866666755081512
21386.0,0.9567892415077567,0.04321059115450159,1.6733774173069774E-7
21145.0,0.8045990145937818,0.0534921585531563,0.1419088268530618
20400.0,1.0859671375582203E-4,0.37305387306318616,0.626837530223058
20671.0,0.003757263477534677,0.9944645924434173,0.001778144079047867
20908.0,6.119576975617914E-7,7.707938060342353E-12,0.9999993880345944
20131.0,0.5946075383978568,0.40538772553522623,4.736066916795628E-6
21747.0,0.9407449096474865,0.05925508997830721,3.742063355464852E-10
21076.0,0.5449485665307803,0.4549474836690349,1.0394980018476161E-4
21319.0,1.4449038467805444E-5,0.31788890078558657,0.6820966501759456
20833.0,0.09414677118115598,0.9058532012038475,2.76149964831276E-8
20078.0,1.201280906511384E-10,5.646253312758468E-10,0.9999999993152465
20594.0,0.9969508022399645,0.0030491977209269974,3.9108512155878356E-11
20349.0,0.7535106232057688,0.24627106303049615,2.1831376373502586E-4
21566.0,0.013699368779666881,0.9099204510445056,0.07638018017582746
21627.0,1.860447605910369E-10,1.2139965056912828E-12,0.9999999998127413
20280.0,0.25637568222523927,0.3812442306184488,0.36238008715631176
20535.0,0.9814303677508522,0.018568380781182545,1.2514679651515555E-6
20011.0,9.943618285486847E-8,3.9381686745997913E-4,0.9996060836963572
20772.0,0.3609882519632162,0.49476316189743785,0.14424858613934605
21250.0,0.9832045191692412,0.016795479406714248,1.4240443846523575E-9
21009.0,3.355850675637356E-8,0.10262609128528477,0.8973738751562085
21686.0,4.695249057676953E-9,2.3864015324519687E-7,0.9999997566645977
20969.0,0.003065029165184825,0.7212789368206362,0.27565603401417904
20198.0,2.2408155600461352E-6,0.040526773964820864,0.959470985219619
20469.0,0.8498159940861766,0.12472531545980503,0.02545869045401841
20730.0,6.110963066931664E-13,2.152906177545142E-6,0.9999978470932114
21212.0,3.335937773383988E-7,0.3026555975921078,0.6973440688141148
21455.0,0.9906227631247302,0.009369678356298091,7.558518971702087E-6
21746.0,0.10415682030265175,0.8953499159636368,4.932637337115153E-4
21387.0,6.818316161641096E-9,2.056594433376447E-6,0.9999979365872504
21144.0,0.017588962962031017,0.9431459679215277,0.039265069116441176
20401.0,6.152620210564803E-7,0.37622248926994817,0.6237768954680307
20670.0,8.176539287006369E-11,4.774069571315882E-7,0.9999995225112775
20909.0,1.8667577125175118E-8,1.4694904836035398E-4,0.9998530322840625
20130.0,2.3657178290019806E-9,1.0147731877083268E-7,0.9999998961569634
21567.0,0.6422165514776437,0.3577834432225156,5.2998407223318566E-9
21077.0,0.616896533855422,0.2091677457180604,0.17393572042651773
21318.0,0.0018487537640138568,0.17497574513775815,0.823175501098228
20832.0,1.5976490825370682E-17,1.7482842112857738E-5,0.9999825171578871
20079.0,0.49461391698664625,0.5053688415328442,1.724148050949947E-5
20595.0,0.005721265749702053,0.011596279274045346,0.9826824549762526
20348.0,5.86924889490583E-4,0.0014626703745778682,0.9979504047359317
21448.0,0.0011829139589967072,0.22406224405260322,0.7747548419884001
21211.0,0.9715458910513795,0.028454108203569178,7.450513668556174E-10
20466.0,0.9850452057541834,0.014954794220174254,2.56424042752127E-11
20733.0,1.5593215145699165E-7,0.03846458613708892,0.9615352579307596
20974.0,0.9917395155690606,0.0031752162350740434,0.005085268195865361
20193.0,0.3730592858517335,0.6042174961312605,0.02272321801700596
21681.0,0.8053819765174469,0.19456395420906325,5.406927348992206E-5
21014.0,0.9978659048042721,0.0021340951924115788,3.3163784290899383E-12
21253.0,0.3904538982822729,0.5808549516318834,0.0286911500858437
20012.0,4.9447321153654474E-5,0.022422021325593393,0.9775285313532529
20771.0,0.6424861706435058,0.35748857230090747,2.5257055586852716E-5
20287.0,0.04421939307649526,0.9557785688432102,2.0380802945860366E-6
20528.0,4.3268919881643486E-5,0.0023242477075861617,0.9976324833725322
21628.0,2.939117770024367E-14,9.540540684053158E-4,0.9990459459315653
