21609.0,0.5183903341918559,0.4788792565684845,0.0027304092396595405
20790.0,7.326311340664826E-5,1.2286298271996717E-7,0.9999266140236107
20025.0,0.9394974520449956,0.06050034379289358,2.204162110772566E-6
20517.0,0.98068390592252,0.019284965007993492,3.1129069486541344E-5
20266.0,0.8446809464772728,0.1553189566429106,9.687981665889056E-8
20995.0,2.247451713063896E-5,3.2745698499164245E-4,0.9996500684978776
21264.0,0.7070116748043976,0.29298620134330294,2.1238522995514515E-6
21668.0,6.147635056332753E-9,2.3561816575313763E-7,0.9999997582341992
20455.0,0.9117828676993385,0.08821642737242028,7.049282412369833E-7
20712.0,0.9734605397233419,0.02639094247654047,1.4851780011762745E-4
20987.0,4.0134680944309214E-14,4.109945414553443E-17,0.9999999999999598
20212.0,2.3943691128096926E-5,1.9924468299298153E-8,0.9999760363844036
21469.0,0.9990433085727941,4.753961512254248E-4,4.8129527598059387E-4
21198.0,0.4287159242892737,0.5712498675849709,3.420812575554286E-5
21728.0,5.810249089110232E-12,1.544258309974905E-17,0.9999999999941898
21130.0,3.2531555529810748E-9,2.6612135691524407E-4,0.9997338753899293
21401.0,3.0082649644797677E-4,1.0133991202563204E-7,0.99969907216364
20144.0,1.4461576614114832E-9,8.34366156019135E-6,0.9999916548922821
20927.0,0.005495205454885613,0.340170509889435,0.6543342846556794
20387.0,0.27366588113619045,0.7263333951199992,7.237438104678829E-7
20652.0,1.3025849016529267E-5,5.740955535294011E-5,0.9999295645956305
21549.0,0.04806926264147002,0.9519007972184751,2.9940140055017955E-5
21332.0,0.329529064336846,0.6560730874096127,0.014397848253541245
21063.0,5.360559846222344E-18,4.087641051220519E-10,0.9999999995912359
20577.0,3.9015193340559884E-4,0.01535343663715239,0.984256411429442
20334.0,1.0722865788452027E-14,1.1316156658095258E-6,0.9999988683843234
20850.0,0.0011657109261664445,0.003089244516687084,0.9957450445571465
20093.0,4.113594074806019E-5,0.8981513151836765,0.10180754887557539
20024.0,4.246070939141624E-19,2.6390067298231007E-7,0.9999997360993271
20791.0,0.026449855542154503,0.9726751983071805,8.749461506650403E-4
20267.0,6.403607552064242E-8,8.888280180181773E-6,0.9999910476837444
20516.0,6.995042701114886E-5,0.16618982889476527,0.8337402206782235
20994.0,6.372034885792798E-18,2.157397418834397E-15,0.9999999999999978
21265.0,1.986500996867824E-8,3.449830732034527E-10,0.999999979790007
21608.0,0.45127876000886613,0.5465178572671567,0.0022033827239771376
20713.0,1.4770956711606018E-6,1.4461309748612622E-6,0.9999970767733539
20454.0,0.5127162724999094,0.48707597521624085,2.07752283849714E-4
20986.0,0.8661533562668129,0.13384627819527703,3.6553791009239723E-7
20213.0,1.7262919135165062E-8,0.025720758086723628,0.9742792246503572
21468.0,5.099685843790464E-5,0.0018193053056844472,0.9981296978358777
21199.0,6.089106456227772E-9,4.435310718301236E-7,0.9999995503798217
21669.0,8.317100616780848E-8,8.71441498239392E-7,0.9999990453874955
21131.0,9.146295902771134E-25,2.817943546434567E-17,1.0
21400.0,0.3846988750389818,0.6152993264446918,1.7985163263617127E-6
20926.0,2.619349308436006E-15,5.255093880980181E-11,0.9999999999474465
20145.0,5.743745240015E-11,4.209524818558461E-4,0.9995790474607066
20386.0,0.1972893471944549,0.7964432770863625,0.006267375719182614
20653.0,3.5904731312475046E-18,1.3022866002579782E-9,0.9999999986977135
21729.0,0.29498085530296125,0.7049612539856325,5.789071140628718E-5
21333.0,3.0658665680422764E-11,5.836464537408157E-13,0.9999999999687577
21062.0,0.009751781113852847,0.0018002259183538985,0.9884479929677933
20576.0,8.350038834058568E-5,0.0076844674205107065,0.9922320321911487
20335.0,6.420519392395158E-14,4.3172626950802545E-12,0.9999999999956186
20092.0,0.01135391788082854,0.9885396384381473,1.0644368102425686E-4
20851.0,0.9961875765582159,0.0036645481995793037,1.478752422048333E-4
21548.0,0.6236816531351586,0.0020219305814602327,0.37429641628338123
21611.0,0.8639601713318301,5.460613677827259E-4,0.13549376730038717
20519.0,1.61968200308782E-9,2.0492406796593775E-4,0.999795074312352
20264.0,0.9051474973327093,0.09485191878346182,5.838838289217645E-7
20788.0,0.6529135296097697,0.34704360082390673,4.2869566323584794E-5
20027.0,0.9157389686407787,0.08426058315089412,4.482083271533466E-7
21266.0,0.9031610796755825,0.0968388387510696,8.157334794507512E-8
20993.0,0.8990972496861306,0.10090268209828104,6.821558838255663E-8
21670.0,4.607860678617647E-8,6.671696609193907E-11,0.9999999538546762
20214.0,4.785514449641624E-26,1.686426011399201E-14,0.9999999999999831
20985.0,2.9069444769956358E-9,0.05316343478050311,0.9468365623125524
20453.0,5.812038721717709E-14,5.553781131610093E-9,0.9999999944461607
20714.0,7.2659543655455864E-9,1.2124457735956731E-9,0.9999999915215999
21196.0,8.75081128180858E-10,6.490477647084346E-9,0.9999999926344412
21471.0,0.7224930025057427,0.04543015826610453,0.232076839228153
21730.0,0.017184797598117876,0.9806803656104931,0.002134836791388894
21403.0,2.031639802717913E-6,2.214843283255013E-5,0.9999758199273647
21128.0,2.359084729418027E-9,3.511411660337117E-4,0.9996488564748817
20385.0,8.568235347161244E-4,0.999106543599835,3.663286544905401E-5
20654.0,0.5966385727125296,0.4033332916250168,2.813566245351599E-5
20146.0,0.9787244278347406,0.0020502841397028347,0.01922528802555659
20925.0,0.19547988546873035,0.8019785945436338,0.002541519987635954
21551.0,1.5659994468954596E-19,1.0336845474811198E-19,1.0
21061.0,6.356092066532252E-13,3.1198067862266136E-13,0.9999999999990524
21334.0,1.726339040560067E-8,2.9913567739112266E-7,0.9999996836009322
20848.0,0.7123761167922211,0.28754951387123523,7.436933654363133E-5
20095.0,0.9672343684950927,0.03079210327535062,0.0019735282295566
20332.0,4.267003301223185E-4,1.4519905062387217E-6,0.9995718476793715
20579.0,4.969403658062176E-7,2.7148752392442568E-8,0.9999994759108818
20265.0,1.5454597626028522E-19,2.0885786628503518E-19,1.0
20518.0,0.8168512712837798,0.1831483554385358,3.7327768440407186E-7
20026.0,5.4841842734209004E-8,2.0698435931125423E-5,0.999979246722226
20789.0,0.905063666265853,0.004476945316530537,0.09045938841761646
21267.0,6.961032783993479E-6,3.472625859445646E-9,0.9999930354945902
20992.0,1.424988304071457E-21,1.4975171253079117E-12,0.9999999999985025
21610.0,0.5779402488788751,0.14233060512106277,0.2797291460000622
20984.0,4.732684280394103E-10,2.5219496178020644E-9,0.9999999970047819
20215.0,6.87877303273734E-8,0.020625768505675907,0.9793741627065938
20452.0,7.961080731061724E-4,0.0032983202846985976,0.9959055716421953
20715.0,6.132492792232151E-9,5.576151413041514E-9,0.9999999882913558
21197.0,2.5271523956736674E-4,0.21758017649220618,0.7821671082682264
21470.0,0.07671225550843089,0.10458807414447996,0.8186996703470892
21671.0,2.393235561336339E-6,0.11785368552790906,0.8821439212365296
21402.0,0.8252417311146729,0.17472279896874227,3.546991658479294E-5
21129.0,7.212723477926425E-6,0.21232506621886765,0.7876677210576545
20384.0,8.03977510269455E-33,6.190668643833542E-23,1.0
20655.0,3.030522457319505E-11,3.9122193109925265E-6,0.9999960877503838
20147.0,0.8355310584616237,5.260816051152E-5,0.16441633337786493
20924.0,2.0638342405715433E-10,2.2817437149119345E-8,0.9999999769761795
21731.0,3.060807371589287E-7,0.011101276953793272,0.9888984169654697
21060.0,4.219734813589561E-15,1.734612476583189E-16,0.9999999999999956
21335.0,0.9967692648779468,1.8011878796128406E-4,0.0030506163340920153
20094.0,1.9806952892032925E-19,8.551640189427102E-28,1.0
20849.0,0.7128100783849073,0.2871889779695074,9.436455852698589E-7
20578.0,0.0021373997362107494,0.9350742192410372,0.06278838102275199
20333.0,0.0822645010341529,0.010830405393063819,0.9069050935727833
21550.0,0.007765379689469995,0.8216767392742899,0.17055788103623998
21664.0,0.6300253493380911,0.3699623888956879,1.2261766220920721E-5
21465.0,2.1603931943501086E-7,5.389769059266505E-4,0.9994608070547539
21194.0,2.3544170719051663E-9,0.03525612940923418,0.9647438682363487
20451.0,0.05830532458502937,0.6083827174318399,0.3333119579831306
20716.0,0.021256028534721447,0.9781197147991274,6.242566661511814E-4
20208.0,6.584193219823954E-11,5.473056097398197E-4,0.9994526943244183
20991.0,4.938098738861923E-7,0.9983266380552013,0.001672868134924812
21613.0,0.05766706390309473,0.9413778815285406,9.550545683647471E-4
20999.0,4.926231323104632E-5,0.9897589527847221,0.010191784902046941
21268.0,1.509836882039753E-13,1.4837944126969768E-9,0.9999999985160546
20029.0,7.140515730106074E-26,1.1261488282012633E-24,1.0
20786.0,6.416439075121654E-5,1.6829481295643737E-4,0.9997675407962923
20270.0,1.516721172910957E-7,3.927958731231075E-6,0.9999959203691515
20513.0,3.178247231980841E-7,0.003527288432248531,0.9964723937430282
21545.0,0.0023781531655594494,8.467864592384317E-6,0.9976133789698481
20581.0,0.010281418612029171,0.979304762283626,0.010413819104344843
20330.0,4.609622869231225E-9,2.2493622786686943E-8,0.9999999728967542
20089.0,0.004181592147402862,3.983418994501576E-4,0.995420065953147
20854.0,1.8046752623073965E-8,0.008477254479574108,0.9915227274736733
21328.0,3.516809183030035E-23,4.041613121298641E-17,1.0
21059.0,0.8847885448538335,0.11485473980804355,3.5671533812310467E-4
21732.0,0.0013599643484673049,0.9982688845674661,3.711510840665856E-4
20923.0,0.39763797584371746,8.195569055821709E-4,0.6015424672507004
20148.0,1.3144775951950575E-39,6.50882555236059E-29,1.0
20648.0,0.0018968639923836717,2.9119398612193427E-6,0.9981002240677551
20391.0,4.8519521784092996E-8,1.5886736705464904E-9,0.9999999498918046
21134.0,2.1912705649654267E-7,2.8029365231886807E-6,0.9999969779364203
21405.0,0.036161192022346335,0.03210942696675409,0.9317293810108996
21464.0,2.9678323328909226E-10,1.869681601280059E-7,0.9999998127350567
21195.0,1.1743541279827086E-15,4.033645153180598E-19,0.9999999999999989
20717.0,0.005377889543063349,0.9946216976004085,4.128565281778862E-7
20450.0,0.645119399596038,8.100757847201232E-4,0.3540705246192418
20209.0,0.7026642606413412,0.041654168345290954,0.2556815710133677
20990.0,0.07647475154848529,0.9235164580874241,8.79036409064266E-6
21665.0,0.7040860731714607,0.29581529349316543,9.863333537409255E-5
20998.0,2.0989523110180126E-6,0.0341826425524969,0.9658152584951922
21269.0,0.8884026664346741,0.02824530133005842,0.08335203223526734
20028.0,2.952804303423594E-11,4.002116276113869E-7,0.9999995997588444
20787.0,0.027479095465522005,0.35735182640800855,0.6151690781264694
20271.0,8.42770034523444E-8,9.134564453372031E-9,0.9999999065884321
20512.0,1.0378935607230567E-5,3.764293577755751E-4,0.9996131917066172
21612.0,5.032040124685079E-6,0.005215213979836388,0.994779753980039
20580.0,1.248894230247344E-25,6.022215507888761E-17,1.0
20331.0,5.598027162792073E-6,9.807689250670637E-4,0.9990136330477702
20855.0,0.8477598312772219,0.15224004158518148,1.2713759650750286E-7
20088.0,5.386888843687263E-4,0.0016232742554753816,0.9978380368601558
21329.0,9.03346809149765E-12,1.1249174734067602E-7,0.9999998874992191
21058.0,0.0018118882982552386,0.9974134451850327,7.746665167121043E-4
21544.0,0.6266442149085307,0.3733437816292525,1.2003462216810342E-5
20922.0,0.5652310406769279,0.4343277058276679,4.4125349540430456E-4
20149.0,8.973561800380117E-7,6.745984961197613E-13,0.9999991026431453
20649.0,2.7964639669210465E-16,6.20780238733443E-14,0.9999999999999377
20390.0,0.992558687680145,0.0074412304166347875,8.190322013067854E-8
21135.0,1.2437416749223382E-10,3.802466769238073E-11,0.9999999998376011
21404.0,3.0788273740490266E-7,0.016315543618004146,0.9836841484992584
21733.0,6.577179244461904E-17,1.1482613442337466E-13,0.9999999999998851
21666.0,2.927982309515452E-23,1.6563908163268563E-15,0.9999999999999983
21192.0,4.6784394533696485E-7,1.1598665921740064E-5,0.9999879334901329
21467.0,3.2136810927952976E-12,1.0918590110881199E-4,0.9998908140956776
20989.0,0.02169608740617,0.977611041047702,6.928715461279666E-4
20210.0,3.433578930048974E-20,5.873697628796452E-30,1.0
20718.0,9.587228449324106E-19,1.4984602147996832E-21,1.0
20449.0,2.5626186768944294E-11,2.1030017291276373E-13,0.9999999999741634
21615.0,0.35609352763660485,0.6395232911105467,0.004383181252848493
21270.0,0.05210415932625391,0.03549836824304144,0.9123974724307046
20997.0,0.3142983756364877,0.5369785090396099,0.14872311532390237
20515.0,1.3545723440978902E-15,1.2270636489501266E-10,0.9999999998772923
20268.0,0.9375233583432205,0.06237463483669966,1.0200682007974103E-4
20031.0,0.0012937077535136903,0.21576033077729107,0.7829459614691952
20784.0,0.0021648625083216934,0.9130186994885737,0.08481643800310469
21547.0,4.4881530307509285E-12,5.1143791295672E-9,0.9999999948811327
20091.0,9.358761610633413E-6,0.9187859998356589,0.08120464140273054
20852.0,3.6054221491415714E-8,2.8118652883522843E-11,0.9999999639176599
20328.0,0.9335148475527725,0.06635942518386288,1.2572726336461805E-4
20583.0,1.628484746621849E-13,1.346443204932141E-11,0.9999999999863727
21057.0,8.97350965022561E-5,0.026647729243670235,0.9732625356598276
21330.0,0.6181888113334513,0.3817948820765425,1.6306590006281607E-5
21734.0,0.03781287752293433,0.9616333422815336,5.537801955320601E-4
20650.0,0.5061886825807218,0.38963143060199096,0.10417988681728715
20389.0,0.3277241344017031,0.6722628203873303,1.3045210966562306E-5
20150.0,7.273777424483921E-5,0.9516301306605968,0.04829713156515841
20921.0,0.6908557682068377,0.30914224207178775,1.9897213746045367E-6
21407.0,0.141646623956188,0.8583115787008126,4.179734299940378E-5
21132.0,0.0290788860485096,0.9701299976879113,7.911162635790926E-4
21193.0,2.9643537720693167E-7,2.2053344262805587E-4,0.9997791701219947
21466.0,0.0016775622931387653,0.016171931080317004,0.9821505066265441
20211.0,1.3170157372331073E-16,4.290169777829313E-7,0.9999995709830221
20988.0,1.9228922039584155E-11,6.080585056714835E-6,0.9999939193957145
20719.0,4.748125078452223E-19,1.0162566093967562E-16,0.9999999999999999
20448.0,4.500768992996484E-8,6.944813475252142E-8,0.9999998855441754
21667.0,8.748888604096826E-9,0.019561780152431943,0.9804382110986796
21271.0,0.9941350923110176,0.005864376714023488,5.309749588360783E-7
20996.0,0.9956187245252743,0.0043808784686081475,3.970061175432162E-7
20514.0,0.7766273582580218,0.22314971352965865,2.2292821231947792E-4
20269.0,2.6606207465878295E-29,1.5294951614112032E-21,1.0
20030.0,1.322139237757988E-8,6.268716491603344E-4,0.9993731151294473
20785.0,0.9676591506186117,0.03205814531652239,2.827040648658591E-4
21614.0,7.332617899116875E-10,2.5220434761298155E-8,0.9999999740463035
20853.0,0.08732386131841137,0.9109551009524652,0.0017210377291233324
20090.0,0.9134714753090547,0.016103334984042417,0.070425189706903
20582.0,1.4512188737948743E-16,1.2198080203536757E-10,0.9999999998780189
20329.0,1.034676300532531E-4,0.8329809503820924,0.16691558198785414
21056.0,3.418001909314606E-13,7.816944081103695E-5,0.9999218305588471
21331.0,0.9957864373239514,0.004213547100300074,1.5575748394235507E-8
21546.0,3.821938641127114E-16,7.4285018139113605E-25,0.9999999999999997
20388.0,0.9045952882510614,0.09540466814463949,4.360429912484379E-8
20651.0,1.811925687465156E-5,0.9905293742959211,0.009452506447204204
20151.0,1.3271304719607944E-18,4.578152312218498E-15,0.9999999999999954
20920.0,0.7844149485190994,0.21552091615744376,6.413532345682276E-5
21406.0,2.1743197953513714E-7,2.0002584642309467E-7,0.999999582542174
21133.0,0.0024731710002363623,0.99744217374572,8.465525404364418E-5
21735.0,0.920465691678379,0.07884924896019425,6.850593614268686E-4
21122.0,1.74917686440392E-15,1.785978730636888E-14,0.9999999999999805
21393.0,6.933060949044248E-15,1.398488089281359E-19,0.999999999999993
20152.0,0.012504421025574268,0.932093285702386,0.055402293272039625
20919.0,0.5854727029245059,0.4145220418816191,5.255193875068178E-6
20644.0,3.1691610685423666E-9,2.589260607893167E-5,0.9999741042247601
20395.0,3.292244439387573E-4,1.535992984291559E-12,0.9996707755545252
21736.0,2.0064768155053645E-6,0.9671567169189025,0.03284127660428195
21340.0,6.88840446225422E-5,3.730065266798551E-5,0.9998938153027094
21071.0,5.338641909123039E-7,3.7102001562112433E-9,0.999999462425609
20585.0,0.3598647508713262,0.6046145721108791,0.03552067701779464
20326.0,1.581683014969681E-14,6.17304495670507E-19,0.9999999999999842
20858.0,0.9846755062593721,0.014490530420207245,8.339633204207507E-4
20085.0,0.01842498388645434,1.2844525982030725E-6,0.9815737316609475
21541.0,4.616185776048348E-12,1.0211337181171974E-8,0.9999999897840466
20798.0,0.0064485617818485766,0.9110810906990785,0.08247034751907299
20017.0,0.6178278014956222,0.3821719755158294,2.2298854855339763E-7
20258.0,0.11665437217118152,0.8809763086902078,0.0023693191386106737
20525.0,0.016271154911559168,2.5393238483876024E-6,0.9837263057645924
21003.0,0.4799474155907666,0.005705289316211768,0.5143472950930216
21272.0,0.1535186941201262,2.9676596907693127E-4,0.8461845399107969
21601.0,2.2872933780102605E-5,8.101043383170407E-7,0.9999763169618815
20704.0,2.0057491756307662E-8,1.2489097451544775E-10,0.9999999798176171
20463.0,5.0915880701938995E-9,1.6453913596539406E-8,0.9999999784544983
20220.0,7.947887274244038E-5,6.727726617479862E-7,0.9999198483545958
20979.0,1.0083576589756935E-21,3.776934036808068E-21,1.0
21461.0,1.433998220266637E-29,1.8885950546610666E-20,1.0
21190.0,0.060594518824364195,0.38606834496962256,0.5533371362060134
21676.0,0.2757896157154192,0.702899600878893,0.021310783405687747
21737.0,0.9510247318897511,0.0030080183199932605,0.04596724979025565
21123.0,7.582438336449226E-6,0.004838835533338936,0.9951535820283246
21392.0,1.6577097681285612E-14,4.40785595216519E-13,0.9999999999995427
20918.0,1.549764560998808E-9,3.611144606860852E-6,0.9999963873056287
20153.0,5.26186967979238E-12,1.0502620572771411E-8,0.9999999894921177
20645.0,2.895664195505151E-12,2.3512272692940624E-5,0.9999764877244114
20394.0,9.170027548013174E-6,0.167452809619959,0.8325380203524931
21540.0,0.10391613727419684,0.8708536998397496,0.025230162886053523
21341.0,0.9870896082430785,8.734705932653822E-4,0.012036921163656228
21070.0,1.982696508056235E-6,0.011340436586109566,0.9886575807173823
20584.0,0.010288998323907308,0.001422508367491951,0.9882884933086008
20327.0,0.0265311281574247,0.7257906329392037,0.24767823890337162
20084.0,0.02236774022299276,0.9776319716051874,2.8817181978861515E-7
20859.0,3.2563540301941086E-16,1.1553964484797715E-16,0.9999999999999997
21600.0,1.1107808115125458E-7,9.988599591935791E-4,0.9990010289627252
20016.0,0.016297955314745368,0.012771054184702224,0.9709309905005525
20799.0,0.9590658393619734,0.04093230534044687,1.8552975796677288E-6
20259.0,1.1121153234066643E-11,3.1373316912214436E-8,0.999999968615562
20524.0,2.1235143870274585E-14,2.3337795050807213E-12,0.9999999999976449
21002.0,4.359620025427871E-5,0.0620145130925288,0.9379418907072169
21273.0,0.01657137980176141,0.9804809168154482,0.0029477033827904073
21677.0,0.01587420623189845,0.017056917068378807,0.9670688766997229
20705.0,1.3707451265744992E-13,1.0449481049360174E-7,0.9999998955050524
20462.0,1.569968141569287E-5,8.318007996635422E-7,0.9999834685177846
20221.0,3.557747679018933E-4,0.8949733436377504,0.10467088159434783
20978.0,7.483766256003726E-15,2.6324838381679563E-12,0.9999999999973601
21460.0,0.9920179300040859,0.007981695203577405,3.7479233664659466E-7
21191.0,0.353108645709032,0.6467800653902113,1.1128890075676739E-4
21395.0,0.10158693640304908,0.8977354539586846,6.77609638266277E-4
21120.0,0.7368743871210822,0.26237562716404056,7.499857148771732E-4
20646.0,0.9849737605982231,0.01477628646527056,2.4995293650633294E-4
20393.0,0.0015307982963635104,0.9978720809416163,5.971207620201641E-4
20154.0,0.03657372540728096,0.9631434536620473,2.828209306716958E-4
20917.0,8.221393892835112E-10,9.07763862723213E-15,0.9999999991778515
21738.0,0.9505159725960842,0.049483953731861346,7.367205450162937E-8
21069.0,0.9298688608520501,0.070131114080021,2.5067928797217537E-8
21342.0,0.3092674159166372,0.05084706617093055,0.6398855179124324
20087.0,0.008516934664203132,0.002316282592674113,0.9891667827431229
20856.0,2.1141341106859913E-6,1.1938679760848508E-14,0.9999978858658775
20324.0,0.013896720029891447,3.6739594807655334E-6,0.9860996060106277
20587.0,6.108839106372367E-14,5.715005165984419E-10,0.9999999994284383
21543.0,0.1969979929533563,0.8030010110021841,9.960444595916164E-7
20527.0,0.033212653242743195,5.037907309386843E-5,0.966736967684163
20256.0,0.5279340448552653,0.4720649962294145,9.589153201322457E-7
20019.0,1.3821205488020797E-17,1.0427840819926816E-14,0.9999999999999896
20796.0,1.7192636151906975E-8,1.0651128984798928E-5,0.9999893316783791
21274.0,1.6388598080765025E-6,0.9885875911315223,0.01141077000866954
21001.0,4.624379415089083E-7,0.0026606659682174715,0.997338871593841
21603.0,0.7190431385485587,0.28092751507078007,2.934638066121097E-5
20977.0,5.915577773121382E-15,1.550447720042038E-14,0.9999999999999787
20222.0,9.34568628701411E-8,7.685726417308473E-11,0.9999999064662798
20706.0,5.1794503190758035E-6,0.9925305789020152,0.007464241647665696
20461.0,1.0845217996108491E-7,8.086847475762012E-4,0.9991912068002439
21188.0,5.160706559069614E-14,5.083270930172545E-10,0.9999999994916213
21463.0,4.938006709450562E-4,0.22671103660640154,0.7727951627226534
21678.0,0.9964159197827249,0.0035796524141005243,4.427803174678903E-6
21739.0,0.8155933877866871,0.18439701573602166,9.596477291351374E-6
21394.0,0.09492225511228908,0.7579530490303817,0.14712469585732918
21121.0,7.880006551623156E-4,0.9984494552198366,7.62544125001052E-4
20647.0,3.953340101455492E-23,2.5779569168837852E-15,0.9999999999999974
20392.0,2.7895821797359334E-13,4.381850417850398E-13,0.9999999999992829
20155.0,0.5703411011619671,0.40851148162683837,0.02114741721119448
20916.0,3.069377850421348E-11,1.0426147282655544E-10,0.9999999998650447
21542.0,0.0017813226946630878,4.534962571493642E-6,0.9982141423427654
21068.0,2.3075732767508247E-5,5.40318408609346E-6,0.9999715210831465
21343.0,0.004108965299332719,0.09874228164446217,0.8971487530562051
20857.0,0.025127300911546413,0.973201361098862,0.0016713379895914608
20086.0,0.6595490855435905,0.3404502116233455,7.028330640685026E-7
20325.0,9.615733587730547E-7,0.009153369659851926,0.9908456687667893
20586.0,1.2124472265262947E-13,1.7960767476853246E-16,0.9999999999998785
21602.0,1.1565231167737047E-8,6.928228249252089E-4,0.9993071656098436
20257.0,0.009846667646180331,0.9869641749555779,0.0031891573982419773
20526.0,0.07272832707008203,0.926453950659267,8.177222706511272E-4
20018.0,0.9155397534800064,0.08446022831964042,1.820035318126738E-8
20797.0,0.08617626079698958,0.7863169925876501,0.12750674661536043
21275.0,4.4270863298397696E-20,2.4567071470750406E-16,0.9999999999999998
21000.0,1.599705661099284E-8,4.685936732054756E-9,0.9999999793170066
21679.0,1.739300274349938E-13,2.386516877245104E-10,0.9999999997611743
20976.0,0.011681484192599215,6.254158642748003E-4,0.9876930999431259
20223.0,2.989414271049871E-6,0.0695747826579459,0.9304222279277831
20707.0,4.971266262234053E-6,0.012801352504954053,0.9871936762287836
20460.0,8.336480027222135E-7,5.173500828722085E-7,0.9999986490019145
21189.0,0.23708715038865394,0.7629011328621664,1.1716749179594234E-5
21462.0,1.1453450172312567E-6,3.0141698726440488E-5,0.9999687129562562
20589.0,0.03716757267343881,0.9599491179119761,0.002883309414585105
20322.0,6.554426898320928E-5,0.0028966090813121875,0.9970378466497045
20081.0,2.376685920634803E-12,3.6821976134676494E-7,0.999999631777862
20862.0,7.742691317343302E-8,1.1829906696134414E-12,0.9999999225719038
21336.0,0.0034847511139979334,0.006274947488176115,0.9902403013978259
21067.0,0.9385612254712794,0.061438751381943796,2.3146776735553697E-8
21537.0,8.270292174947491E-12,1.6704792990086016E-12,0.9999999999900593
20156.0,5.88659538266123E-39,2.8992135842580267E-24,1.0
20915.0,0.30751125431760057,0.6923821178470912,1.0662783530807208E-4
20640.0,1.1682871931481444E-12,3.1077353104394314E-8,0.9999999689214785
20399.0,1.0368848047959756E-7,0.03890441354806141,0.9610954827634581
21126.0,8.547160620478217E-5,0.9943802822310354,0.005534246162759961
21397.0,1.1030729174512967E-4,8.354085576250272E-9,0.9998896843541694
21740.0,1.573769863279305E-4,7.309085775775172E-7,0.9998418921050944
21457.0,1.0285342304821545E-13,1.1327248619411361E-15,0.9999999999998961
21186.0,0.9841671264118812,0.01583284231243448,3.1275684272531183E-8
20459.0,0.041328850242472,0.9568431685871177,0.0018279811704102434
20708.0,0.0664235149121621,0.31220269950435225,0.6213737855834857
20983.0,0.01501127438394871,0.9765332251285815,0.0084555004874698
20216.0,9.159456417675279E-4,0.9801899811649786,0.01889407319325404
21672.0,0.5622310860393995,0.4377673054237075,1.6085368929346716E-6
21007.0,1.50782821259932E-16,1.8696226065892506E-11,0.9999999999813035
21276.0,1.85486493552031E-6,0.007556882785980202,0.9924412623490843
20794.0,0.050596595830854074,0.8783648771398276,0.07103852702931833
20021.0,0.03556863209641365,7.306031174365458E-7,0.964430637300469
20521.0,0.9806581803280326,0.01934162312137519,1.9655059222900928E-7
20262.0,6.818255420931804E-28,2.7207209178216486E-15,0.9999999999999972
21605.0,1.3563295742177811E-16,2.7420028338957926E-16,0.9999999999999996
21536.0,0.9174131593636567,0.08258680940260577,3.123373756805298E-8
20588.0,8.368332626623328E-4,6.584730461056767E-7,0.9991625082642916
20323.0,0.010367020570859932,0.9148164322076292,0.07481654722151093
20080.0,0.0028097404206255516,0.9880240651918488,0.009166194387525643
20863.0,4.60733640894136E-11,5.597128329889279E-6,0.9999944028255967
21337.0,5.318268861786311E-10,6.156751858572978E-19,0.9999999994681731
21066.0,1.68801803524488E-16,1.3675225495548676E-10,0.9999999998632475
21741.0,1.8741450724391617E-18,4.181090010713554E-8,0.9999999581890999
20157.0,0.016093396223786548,6.417162744133918E-5,0.9838424321487722
20914.0,0.8065445063604384,0.1934554252615456,6.837801603870874E-8
20398.0,0.40738862745216303,0.46780349156791773,0.12480788097991918
20641.0,1.3201374041017769E-16,1.408188665444489E-12,0.9999999999985917
21127.0,0.9908375575676244,0.008678602055333308,4.838403770423628E-4
21396.0,0.00814342166307718,6.068198149746525E-7,0.9918559715171078
21673.0,0.019544315151819543,0.9770456714182497,0.003410013429930603
21456.0,0.6710309324324798,0.3289636410875606,5.426479959459788E-6
21187.0,1.0012824542515056E-15,3.681401995133038E-19,0.9999999999999989
20709.0,0.06348122213137711,0.026618309803799253,0.9099004680648236
20458.0,4.702244841008537E-10,1.4107376578282548E-8,0.9999999854223989
20982.0,0.5793378012540427,0.4017960806984975,0.01886611804745999
20217.0,2.734168122780074E-6,4.121841613795276E-4,0.9995850816704978
21604.0,0.06203001528113525,0.0011993686301508687,0.9367706160887139
21006.0,5.704430749375124E-7,2.4211827120481985E-5,0.9999752177298046
21277.0,3.589336407213633E-10,1.4428238643082893E-4,0.9998557172546355
20795.0,0.9887835731314818,0.004433301655860205,0.006783125212658095
20020.0,3.614926825138183E-6,0.014025529248633628,0.9859708558245412
20520.0,0.07040952462817922,0.929562952242305,2.7523129515771826E-5
20263.0,2.373510677278907E-17,1.9855734331219037E-23,1.0
20083.0,0.31609852836954566,0.6565831360864003,0.027318335544054016
20860.0,3.609302279821689E-10,1.037208346046602E-8,0.9999999892669864
20591.0,0.0026424940831394446,0.09586236888769314,0.9014951370291675
20320.0,1.7727722987252177E-5,0.9940711814223228,0.005911090854689842
21065.0,0.8157725678097429,0.18422720254395425,2.2964630273003475E-7
21338.0,0.006480362624513989,2.53094074202048E-4,0.9932665433012839
21539.0,0.9995980832724538,1.5358023144077194E-6,4.0038092523166476E-4
20642.0,6.523972352206323E-5,6.06614508100552E-10,0.9999347596698633
20397.0,0.001017656008932279,0.02534553300497313,0.9736368109860946
20158.0,1.9136206437563363E-10,5.443853184646331E-12,0.9999999998031941
20913.0,0.9946907227851244,0.005308686898580645,5.903162950312527E-7
21399.0,0.8793361922139422,0.12065884536050651,4.962425551164803E-6
21124.0,1.845881536173824E-10,2.880050064834728E-4,0.9997119948089284
21742.0,0.01554373287146123,0.9843054687286508,1.507983998880479E-4
21184.0,6.34385721502844E-6,0.026856010752363903,0.9731376453904211
21459.0,8.709753132325028E-6,1.738750589168953E-4,0.9998174151879508
20981.0,1.8845134564395473E-27,2.5512006260903866E-17,1.0
20218.0,0.48904883477952343,0.11767964964172231,0.3932715155787543
20457.0,0.001014127535045278,0.06605755410193895,0.9329283183630157
20710.0,0.30347117010861946,0.696270797564621,2.5803232675955377E-4
21674.0,0.9771395922786474,0.022860362201517326,4.5519835220216936E-8
21278.0,0.4432419790544756,0.3440326539845472,0.2127253669609772
21005.0,0.0695606165633162,0.9303629257406509,7.645769603287189E-5
20260.0,2.943755409646394E-7,0.9994273259671518,5.723796573072327E-4
20523.0,0.994920042536247,0.005053631368708771,2.6326095044171394E-5
20023.0,0.35130077350495303,7.387849488627729E-4,0.647960441546184
20792.0,1.2561656881555858E-7,1.2333395583015132E-8,0.9999998620500355
21607.0,2.263508024124673E-18,1.5793527504343714E-16,0.9999999999999999
21538.0,0.74872773518592,0.001988206756031227,0.2492840580580487
20861.0,0.9724843379258653,0.027515655012455197,7.061679553430848E-9
20082.0,0.0035489934111554594,4.199210968436638E-5,0.9964090144791602
20321.0,0.00751090035400649,0.0045963184665461605,0.9878927811794472
20590.0,1.6454617576074818E-19,3.072679559079126E-19,1.0
21064.0,0.833621046711325,0.16637874834764324,2.0494103186139128E-7
21339.0,0.0037117889408551977,4.420036101392395E-6,0.9962837910230434
21743.0,6.169840315404852E-5,8.737536766356521E-8,0.9999382142214782
20396.0,1.9352326174195503E-29,1.4675476998044117E-8,0.999999985324523
20643.0,1.424222159115456E-14,7.847616679317053E-5,0.9999215238331925
20159.0,0.46524908226487477,0.53474918366928,1.7340658452944654E-6
20912.0,0.03440712867994726,0.6249066808832461,0.34068619043680665
21398.0,1.0953320209556657E-4,0.9750986476988275,0.024791819099076726
21125.0,0.06468528386899783,0.9352826323889516,3.2083742050470743E-5
21675.0,0.8795828818234324,8.757638332616196E-6,0.12040836053823513
21185.0,9.412756363537548E-6,1.1632288024135646E-5,0.9999789549556123
21458.0,5.6310182133606485E-15,1.8761860103390573E-12,0.9999999999981183
20980.0,3.0607565987617264E-8,2.298442766525092E-10,0.9999999691625897
20219.0,1.3910692989960805E-19,9.88664696778235E-16,0.999999999999999
20456.0,1.3888762633987022E-10,0.04442290528061749,0.9555770945804949
20711.0,4.883939373255759E-8,0.002921395725151044,0.9970785554354552
21606.0,0.9982632353923703,0.0015792860529275166,1.5747855470221524E-4
21279.0,1.5857895055693418E-12,0.025788243060119093,0.9742117569382951
21004.0,0.07577500357189622,0.9234314608576932,7.935355704106003E-4
20261.0,1.6025447720307232E-22,7.463131796506634E-24,1.0
20522.0,0.33814937349760105,0.6616377770114396,2.1284949095942582E-4
20022.0,0.9016558510358313,7.20689577499356E-4,0.09762345938666928
20793.0,0.007401232368356549,2.4496489140970297E-6,0.9925963179827293
20008.0,4.742132650439205E-11,3.388481287119743E-13,0.9999999999522399
20775.0,0.26925884189795635,6.647568910437037E-4,0.7300764012109999
20532.0,1.6387684393334453E-25,5.967378900099797E-19,1.0
20283.0,3.6712632749804434E-12,5.637887454053639E-13,0.9999999999957649
21010.0,4.104850575162026E-11,1.7502121809698727E-5,0.9999824978371418
21249.0,4.0060030994414905E-24,3.8351154663458283E-25,1.0
21624.0,7.344341888636422E-8,4.8365355143845696E-5,0.9999515612014372
20729.0,0.00177458824976863,0.994047246568618,0.004178165181613383
20470.0,0.3295803451734253,0.670382259120371,3.739570620381536E-5
20970.0,6.137336021278366E-13,9.928866742762955E-12,0.9999999999894574
20197.0,0.987036249228546,9.611746747083901E-4,0.012002576096745599
21452.0,0.8820777111102904,0.11792220887333917,8.001637040643061E-8
21215.0,4.467342267242571E-6,1.55301151379708E-4,0.9998402315063529
21685.0,0.9724080685221076,1.1901291953486831E-4,0.027472918558357547
21147.0,1.5740231475408932E-20,2.604089448654913E-15,0.9999999999999973
21384.0,8.326150983156435E-5,0.3672321708130796,0.6326845676770888
20129.0,3.3970149039134626E-5,0.9577601787761005,0.04220585107486038
20910.0,7.193561939921577E-4,0.007154615553476891,0.992126028252531
20669.0,5.035547159962603E-5,3.0734793064069045E-6,0.999946571049094
20402.0,0.49835804442498366,0.5016419388325685,1.6742447876898137E-8
21745.0,0.008913561655800812,2.5666185965089765E-4,0.9908297764845483
21317.0,4.64763489303353E-16,3.613381760949333E-9,0.9999999963866179
21078.0,2.687553778261483E-7,1.380354565182182E-6,0.999998350890057
20351.0,0.19711385519289956,0.6662827682725991,0.13660337653450152
20592.0,0.9988565490857052,7.466546318394516E-4,3.967962824554243E-4
20076.0,1.8703801508034406E-4,0.9994731786746889,3.3978331023084895E-4
20835.0,0.1506015953670177,0.8490458040623404,3.5260057064176193E-4
21564.0,0.9487265701552168,0.05127292518795325,5.046568300379687E-7
21625.0,0.4880259138376863,0.5037603324810721,0.008213753681241543
20774.0,0.29503771758775593,0.5834862664059446,0.12147601600629952
20009.0,1.1365307397404321E-7,2.472053198811683E-7,0.9999996391416062
20533.0,0.010318353864121664,3.8478185736949837E-4,0.9892968642785089
20282.0,4.782435895330994E-4,0.8221492851695827,0.17737247124088418
21011.0,0.06902541333623524,0.18543170920653204,0.7455428774572328
21248.0,0.9900855196579874,0.006035731801176936,0.0038787485408355604
21684.0,0.0011492285389345732,0.0012647970594568494,0.9975859744016086
20728.0,0.9625265514933827,0.037440840819013145,3.260768760411275E-5
20471.0,0.023341877249010677,0.0131508449141844,0.9635072778368049
20196.0,0.9998976250828713,1.0237268455941164E-4,2.232569151131659E-9
20971.0,2.3727740237104846E-14,5.288695939585791E-11,0.9999999999470893
21453.0,1.0734261127068588E-6,0.01591506710945125,0.984083859464436
21214.0,0.020166003115100927,0.9797761573146062,5.783957029283521E-5
21744.0,0.0020581644849525646,0.9979406048978244,1.2306172230101032E-6
21146.0,2.0484637148214333E-11,8.299025340145047E-16,0.9999999999795144
21385.0,4.906624515104634E-8,2.4303194177953916E-11,0.9999999509094517
20128.0,9.739636573149113E-7,5.410605983247603E-10,0.9999990254952821
20911.0,7.277662370319737E-8,0.0019551228250777007,0.9980448043982986
20668.0,0.4902845146061167,0.17964250029365691,0.3300729851002263
20403.0,8.387463661449588E-12,6.546528198151594E-12,0.9999999999850661
21565.0,0.013397107730228452,0.0020829935042240536,0.9845198987655475
21316.0,3.12994383796288E-7,0.07927766644867212,0.9207220205569441
21079.0,5.448961239458356E-6,0.9196437724732308,0.08035077856552979
20593.0,0.3259292289022626,0.6738559783647101,2.147927330271117E-4
20350.0,0.07309503141703869,0.24889116012166249,0.6780138084612989
20834.0,9.591959173171187E-4,0.19358150733330565,0.8054592967493772
20077.0,0.8934219806863417,0.10657725147619158,7.678374666117123E-7
20281.0,0.14067311949246858,0.7614521738879968,0.09787470661953458
20534.0,2.4017627046395417E-16,1.2456038918096904E-20,0.9999999999999998
20773.0,1.7349976364215866E-5,0.020405835599828625,0.9795768144238071
20010.0,0.025607554061553833,1.6591197597313436E-8,0.9743924293472486
21251.0,0.02174263521008365,0.9376478435905687,0.040609521199347604
21008.0,0.14860401435577417,0.1589167010846825,0.6924792845595433
21626.0,2.0985375209138004E-5,8.081955337008032E-4,0.9991708190910901
20199.0,0.005009950167222865,0.9949833671459581,6.682686818928788E-6
20968.0,1.5220814297150943E-17,1.3780718264838777E-23,1.0
20468.0,0.9918148206001052,0.008185173295836765,6.104058119031308E-9
20731.0,0.013361502034912221,0.985822726239673,8.157717254146137E-4
21213.0,1.5804308049355986E-6,8.534098994588224E-12,0.9999984195606609
21454.0,1.8304498915664383E-9,3.1206204757286873E-7,0.9999996861075025
21687.0,2.093899958747672E-5,4.140809859505766E-5,0.9999376529018174
21386.0,0.6248204308845684,0.3751722873771809,7.2817382507152665E-6
21145.0,0.7390505171619418,0.031291007038711446,0.22965847579934673
20400.0,0.011843238554538981,0.07357840967212231,0.9145783517733387
20671.0,0.0019089833599599977,0.8797762051773104,0.11831481146272964
20908.0,1.4216186187972484E-5,1.0998697579252023E-8,0.9999857728151144
20131.0,0.023255736924595483,0.9767414386527814,2.8244226229890652E-6
21747.0,0.991308633757124,0.008691361069448466,5.173427467720544E-9
21076.0,0.6248967423909632,0.3725072374305209,0.0025960201785159105
21319.0,3.840312332592345E-5,0.45148076709075474,0.5484808297859195
20833.0,0.001700836886076882,0.9982979433627245,1.2197511985648481E-6
20078.0,1.1845478073280016E-6,6.616108244955769E-6,0.9999921993439477
20594.0,0.940212174669074,0.059787788082717404,3.724820849263231E-8
20349.0,0.9502607652824158,0.04968887242908097,5.03622885032433E-5
21566.0,0.9013489546492347,0.09368671122712292,0.004964334123642384
21627.0,6.083127234474295E-13,1.1061081445180003E-14,0.9999999999993806
20280.0,0.4211305437547502,0.5788124085883264,5.704765692342166E-5
20535.0,0.9661900086583537,0.03380883695491979,1.1543867264805974E-6
20011.0,4.600191808510549E-12,1.6805226387301191E-6,0.9999983194727611
20772.0,0.5136335469244739,0.45739144450235186,0.02897500857317421
21250.0,0.9858108711198246,0.014189052938506095,7.594166930415382E-8
21009.0,1.185933667068362E-10,9.087870214931787E-5,0.9999091211792573
21686.0,5.1991416849109156E-8,4.683342841873784E-5,0.9999531145801643
20969.0,0.0033166094408873916,0.9277947936559046,0.068888596903208
20198.0,2.950686589901004E-23,1.747251987551815E-14,0.9999999999999826
20469.0,3.0714794924125636E-4,0.0010371475210638214,0.998655704529695
20730.0,6.781076121030425E-9,1.7320026760588937E-5,0.9999826731921634
21212.0,2.325532660373736E-5,0.010041688371962348,0.9899350563014339
21455.0,0.9965581904375214,0.002986337188570797,4.554723739079436E-4
21746.0,2.545384278244438E-5,0.9957453231136815,0.004229223043536041
21387.0,5.852716081121091E-13,5.7795114488366536E-11,0.9999999999416196
21144.0,0.16159487326283886,0.8382510862502747,1.5404048688650045E-4
20401.0,8.049930428164263E-6,0.00946577997495139,0.9905261700946204
20670.0,0.025682168093404827,0.006858523263510349,0.9674593086430848
20909.0,3.2826883061226116E-9,5.636183375136595E-6,0.9999943605339365
20130.0,7.284712164429049E-10,2.3574929354145085E-6,0.9999976417785934
21567.0,0.8796990598996902,0.12030051328763072,4.2681267914202654E-7
21077.0,0.8157835168600511,0.17711938677031147,0.0070970963696374316
21318.0,4.4076346333941715E-8,9.735928460423628E-4,0.9990263630776113
20832.0,5.155273833832375E-28,8.485591754087866E-16,0.9999999999999991
20079.0,0.7788284583241316,0.2211601847776265,1.1356898241845371E-5
20595.0,4.0098980654014594E-8,1.1176436130136079E-7,0.9999998481366581
20348.0,3.905093557910697E-5,2.5143382717509776E-5,0.9999358056817034
21448.0,0.015424103888064995,8.021095710224501E-4,0.9837737865409125
21211.0,0.867942359755523,0.1320432937502527,1.4346494224344316E-5
20466.0,0.9045952882510614,0.09540466814463949,4.360429912484379E-8
20733.0,7.830683572016809E-6,0.026488060552016215,0.9735041087644117
20974.0,0.0010112343091825185,0.01021259032155804,0.9887761753692594
20193.0,3.2605598364824674E-4,0.8165832600646854,0.18309068395166647
21681.0,0.6840217141192625,0.3143676508372972,0.0016106350434403256
21014.0,0.9401086756089301,0.059891296953812075,2.74372577461882E-8
21253.0,0.021978246442724204,0.9551026419475809,0.022919111609694866
20012.0,2.237270759237484E-6,1.2240874306035275E-10,0.999997762606832
20771.0,0.6629559517401565,0.337040013889441,4.03437040254199E-6
20287.0,0.0019962177874750103,0.9979959654803601,7.81673216491845E-6
20528.0,6.941116110575906E-11,1.8177021601402529E-12,0.9999999999287711
21628.0,2.4259073037110005E-13,2.0108920621954726E-5,0.9999798910791354
