21609.0,0.7760512923228698,0.15088653947268485,0.07306216820444543
20790.0,0.828837564794713,0.02407924572820957,0.1470831894770774
20025.0,0.26796865372923523,0.7166593034275749,0.01537204284319002
20517.0,0.8354669403670232,0.14231906319683799,0.022213996436138833
20266.0,0.7643594498847325,0.23405679804594987,0.0015837520693177912
20995.0,0.1060475365554331,0.06357960760708127,0.8303728558374858
21264.0,0.8879463823862104,0.082605197933643,0.029448419680146512
21668.0,0.03602178798816683,0.01171725589805644,0.9522609561137767
20455.0,0.08843941998854622,0.89640758094147,0.01515299906998377
20712.0,0.17479752846125193,0.8066932317050927,0.01850923983365542
20987.0,0.24677740560945619,0.04464622121631561,0.7085763731742283
20212.0,0.888694800934861,0.023712909883117972,0.08759228918202101
21469.0,0.9351871133331133,0.030261092397350448,0.034551794269536265
21198.0,0.6442270147571354,0.34748019985405304,0.008292785388811466
21728.0,0.1776360833953576,0.017132396260850665,0.8052315203437919
21130.0,0.012989016553403464,0.8959962767179951,0.09101470672860143
21401.0,0.25796395866758,0.07660734480777995,0.6654286965246401
20144.0,0.02782313309292757,0.24300969031184375,0.7291671765952286
20927.0,0.08528259661152073,0.5243982365805678,0.39031916680791157
20387.0,0.638835661286561,0.35635270695504845,0.004811631758390593
20652.0,0.30139147687037443,0.629466692092481,0.06914183103714477
21549.0,0.651880444572346,0.3206779954103304,0.027441560017323643
21332.0,0.3023331940692504,0.5736641979407376,0.124002607990012
21063.0,6.059606395978285E-4,0.014368722570892273,0.98502531678951
20577.0,0.014607148527432877,0.027086958959342305,0.958305892513225
20334.0,2.3481942879378739E-4,0.036862017847525685,0.9629031627236806
20850.0,0.20179230416128763,0.04142092423350472,0.7567867716052077
20093.0,0.05665048771847879,0.6977852036637074,0.24556430861781364
20024.0,0.0028777159856655144,0.1300456804958404,0.8670766035184941
20791.0,0.6040492318133939,0.38885278348778113,0.007097984698825102
20267.0,0.3027848418187383,0.26098381109067537,0.4362313470905864
20516.0,0.0671902489392334,0.2700309133734076,0.662778837687359
20994.0,0.0018645378524004327,0.1639173652712691,0.8342180968763305
21265.0,0.0023819361765757816,0.13968426868751643,0.8579337951359077
21608.0,0.5935996884248171,0.3978615028588262,0.008538808716356523
20713.0,0.07488864417030303,0.0683613418341868,0.8567500139955101
20454.0,0.2364566229061066,0.7439592596920834,0.019584117401810073
20986.0,0.7822762743997886,0.2173851191970292,3.386064031820639E-4
20213.0,0.00980151385876861,0.7086603939649637,0.2815380921762676
21468.0,0.10226699295520879,0.07634675614754767,0.8213862508972435
21199.0,0.00677607261665489,0.004828646399262863,0.9883952809840822
21669.0,0.003889082005772994,0.10668114972151561,0.8894297682727115
21131.0,0.0021732318536419747,0.07235464849826227,0.9254721196480958
21400.0,0.8694258764311419,0.12926344644301926,0.0013106771258389394
20926.0,0.013115179808817587,0.013168102595405835,0.9737167175957766
20145.0,0.03684151899395838,0.3576246790287184,0.6055338019773233
20386.0,0.4864081593910342,0.43531830746055267,0.07827353314841318
20653.0,0.0011369830535981435,0.17450492100463252,0.8243580959417693
21729.0,0.8358662772161888,0.14368973225219495,0.02044399053161618
21333.0,0.03501102925823037,0.016841809686703325,0.9481471610550662
21062.0,0.6828315026746836,0.21443508982549098,0.10273340749982532
20576.0,0.46847481672031205,0.17305646942275119,0.35846871385693674
20335.0,0.0038064236602404627,0.019992810574552544,0.976200765765207
20092.0,0.13430790753302477,0.8588792151124631,0.006812877354512121
20851.0,0.8616022960941814,0.10482464357738505,0.03357306032843372
21548.0,0.722654241224976,0.21222520153760066,0.06512055723742337
21611.0,0.8133484878360979,0.046167678310707866,0.14048383385319413
20519.0,0.2011606950080223,0.1945309901928546,0.6043083147991232
20264.0,0.8753010606003531,0.12369187914002479,0.0010070602596222666
20788.0,0.045447223769174025,0.8878816277078508,0.06667114852297515
20027.0,0.7738590809633429,0.22029999634300917,0.005840922693647839
21266.0,0.5169544689529054,0.467347777394707,0.01569775365238746
20993.0,0.6825201687830237,0.27712420140604677,0.04035562981092961
21670.0,0.17098568925564683,0.01262767916299787,0.8163866315813554
20214.0,0.027701996098072265,0.12139418861297412,0.8509038152889536
20985.0,0.052350600309855375,0.5874953330279589,0.3601540666621857
20453.0,0.016408647794116837,0.05815781873455411,0.9254335334713291
20714.0,0.36509918595729934,0.1526376598092262,0.48226315423347454
21196.0,0.7229167929993265,0.05866496684732244,0.21841824015335096
21471.0,0.7534742174308805,0.1936507960306778,0.05287498653844181
21730.0,0.1909804440785835,0.39822346191345176,0.41079609400796474
21403.0,0.10623173849976811,0.2705226313926321,0.6232456301075998
21128.0,0.03315989829154304,0.25723522962654227,0.7096048720819147
20385.0,0.45858559621300493,0.5369439414110468,0.004470462375948315
20654.0,0.8107768127461674,0.18050255759346714,0.008720629660365482
20146.0,0.0603448331120006,0.2565486256868736,0.6831065412011259
20925.0,0.8964978214132127,0.10268069127460934,8.214873121781184E-4
21551.0,0.00805457901334054,0.01520448991186004,0.9767409310747994
21061.0,0.05722330253519666,0.021793928008999753,0.9209827694558036
21334.0,0.11310654907463996,0.3252428219455462,0.5616506289798137
20848.0,0.8506731206140807,0.1238222186863578,0.025504660699561463
20095.0,0.9273221642343603,0.038607341574123,0.03407049419151667
20332.0,9.486486511070312E-4,0.039542321506953644,0.9595090298419393
20579.0,0.02777003182841713,0.03550705709555269,0.9367229110760302
20265.0,0.005429717086979219,0.007560179830312681,0.9870101030827082
20518.0,0.97524477684741,0.023897103725796256,8.58119426793733E-4
20026.0,0.17649316335367365,0.05959825804075092,0.7639085786055755
20789.0,0.2647927824910227,0.266273702010676,0.46893351549830115
21267.0,0.3319902079001407,0.43365899032576677,0.23435080177409243
20992.0,0.004073272630051433,0.19000045484470676,0.8059262725252418
21610.0,0.3055772877399407,0.38746872975388214,0.30695398250617717
20984.0,0.0025136292894259067,0.007511585617607292,0.9899747850929669
20215.0,0.009100863681890609,0.23549851459827675,0.7554006217198326
20452.0,0.5918511778748115,0.17797149655460798,0.23017732557058054
20715.0,0.054329409793176534,0.03922759139896886,0.9064429988078546
21197.0,0.10041659306890757,0.8594983894709496,0.040085017460142834
21470.0,0.4553268963645351,0.40873540020782767,0.13593770342763717
21671.0,0.2567301651223522,0.6808895781800934,0.06238025669755438
21402.0,0.8282675224148502,0.15444960703427682,0.017282870550872857
21129.0,0.2147452436901377,0.4369570389380384,0.34829771737182375
20384.0,0.00874451064202641,0.1862331295061305,0.805022359851843
20655.0,0.003368893481439824,0.15436006600489666,0.8422710405136636
20147.0,0.7936290700524428,0.1496532411721893,0.05671768877536784
20924.0,0.03222151827190781,0.010518247244558276,0.9572602344835339
21731.0,0.23612518470967442,0.22881396706980608,0.5350608482205194
21060.0,0.005142960678899379,0.014070935953960544,0.98078610336714
21335.0,0.8662571861405716,0.023820613785103605,0.10992220007432485
20094.0,0.0015895218376604913,0.011900445966166455,0.986510032196173
20849.0,0.9619364942159621,0.03508658183834522,0.0029769239456928463
20578.0,0.05580501258246355,0.927994343502063,0.016200643915473538
20333.0,0.5813485695784416,0.3492749142535065,0.0693765161680517
21550.0,0.04923244180620513,0.11760057333209856,0.8331669848616964
21664.0,0.19863438640610684,0.798966129692237,0.0023994839016561837
21465.0,0.002874293515801286,0.17182674138565435,0.8252989650985444
21194.0,0.015092773192704932,0.4017868986774449,0.5831203281298503
20451.0,0.2523654936222464,0.6388495094233932,0.10878499695436045
20716.0,0.49968683183629203,0.4753885154121343,0.02492465275157361
20208.0,0.04902429256065599,0.7256785336806592,0.225297173758685
20991.0,0.007193934963378269,0.9494837048558892,0.04332236018073256
21613.0,0.609146179558353,0.3743041461554057,0.016549674286241163
20999.0,0.02594298598152751,0.7388133503285853,0.23524366368988708
21268.0,0.035162658279228896,0.09358683870106904,0.8712505030197021
20029.0,0.00326344891666094,0.008160283351695316,0.9885762677316438
20786.0,0.17059048042985583,0.1599829215809596,0.6694265979891846
20270.0,0.052250327710333354,0.09336361070254652,0.8543860615871202
20513.0,0.09457595557760025,0.3432817496838463,0.5621422947385534
21545.0,0.6972126966086839,0.15750810175569838,0.14527920163561756
20581.0,0.2121414810254001,0.7631729967627112,0.024685522211888675
20330.0,0.008598769734915924,0.13350129929689203,0.8578999309681921
20089.0,0.3972811929387084,0.3790633914085211,0.22365541565277056
20854.0,0.013181704742379653,0.6601737902231841,0.3266445050344362
21328.0,0.004548226292257698,0.014264886840507461,0.9811868868672348
21059.0,0.1566434590102952,0.8364908150734438,0.006865725916261035
21732.0,0.06685528787782934,0.9131573862762186,0.019987325845952177
20923.0,0.41033331838981063,0.1863605965870766,0.4033060850231128
20148.0,0.001027749148859343,0.039477006489092754,0.959495244362048
20648.0,0.6744149082236263,0.08012217028712611,0.2454629214892477
20391.0,0.18872585388571886,0.11336650729405466,0.6979076388202264
21134.0,0.07595118677949164,0.24525193148087446,0.6787968817396338
21405.0,0.5121968817791615,0.1662888274969799,0.3215142907238586
21464.0,0.20429402894085905,0.561320114948001,0.23438585611113985
21195.0,0.05135021761570628,0.006498332317216254,0.9421514500670773
20717.0,0.4527503290288441,0.539823050621869,0.007426620349287013
20450.0,0.14674287321512378,0.2169984410278769,0.6362586857569994
20209.0,0.46393507243997767,0.49016158410760696,0.04590334345241537
20990.0,0.3845557728999118,0.5617107130181516,0.05373351408193652
21665.0,0.7088362532913542,0.23541311317021693,0.055750633538428816
20998.0,0.009671651831799643,0.07654572626254934,0.913782621905651
21269.0,0.6968090104121215,0.07612199956649807,0.22706899002138053
20028.0,0.038677330588836746,0.5523495964030116,0.40897307300815167
20787.0,0.38093920453900976,0.35166812129153,0.2673926741694601
20271.0,0.12936467375639746,0.12120378110584443,0.7494315451377581
20512.0,0.32298942413745674,0.13296818824931983,0.5440423876132235
21612.0,0.0813901579125892,0.415973648637782,0.5026361934496287
20580.0,0.005049003314331913,0.016835698019436234,0.9781152986662318
20331.0,0.010264235089147523,0.09734595923407645,0.892389805676776
20855.0,0.8905902259869076,0.10888186544427697,5.279085688156134E-4
20088.0,0.4956775804407459,0.21995151877863978,0.2843709007806144
21329.0,0.45774642156004747,0.043224666285869025,0.49902891215408346
21058.0,0.23881844151626827,0.5767197247339706,0.18446183374976108
21544.0,0.9194759263682308,0.07847943974231754,0.002044633889451566
20922.0,0.3522256810015908,0.2799404806460941,0.36783383835231503
20149.0,0.2687361378513659,0.07888571282139756,0.6523781493272365
20649.0,0.002529436423914148,0.00426596331174073,0.9932046002643452
20390.0,0.9603019011320675,0.033851076081000575,0.00584702278693194
21135.0,0.018451056659504257,0.07025841516774702,0.9112905281727488
21404.0,0.005362615629438518,0.13936981519516045,0.855267569175401
21733.0,0.03685639382371204,0.0386157695029813,0.9245278366733066
21666.0,0.014664382519750295,0.08205734419327375,0.903278273286976
21192.0,0.15004998955234355,0.1292810103965214,0.720669000051135
21467.0,0.011656691125724759,0.37047224684820834,0.6178710620260669
20989.0,0.1670709893271081,0.8283032518161106,0.004625758856781216
20210.0,0.017345715247847455,0.0049023896632350945,0.9777518950889176
20718.0,0.003116458397147577,0.004687466986741325,0.9921960746161111
20449.0,0.7440232749171379,0.035502032983398865,0.2204746920994632
21615.0,0.5311757022683016,0.41453276244302134,0.05429153528867706
21270.0,0.6351029371817827,0.22471715111001395,0.1401799117082035
20997.0,0.42865558985334096,0.2752390960613338,0.2961053140853252
20515.0,0.006824034078923823,0.014413875498339024,0.9787620904227372
20268.0,0.8964045146156703,0.07089817709548202,0.03269730828884773
20031.0,0.5738474400456236,0.380795062060472,0.045357497893904385
20784.0,0.1682982569737193,0.7739903847838111,0.05771135824246961
21547.0,0.15033282797170416,0.10487463871082794,0.7447925333174678
20091.0,0.09594112037837721,0.11830090110471114,0.7857579785169115
20852.0,0.08907140031279295,0.08477368755086648,0.8261549121363405
20328.0,0.3824557567106816,0.5976746060753891,0.019869637213929276
20583.0,0.08986220607588609,0.012237318898676257,0.8979004750254377
21057.0,0.5371794650957579,0.39697265841248613,0.06584787649175596
21330.0,0.9144279110464117,0.07884115984445536,0.006730929109132864
21734.0,0.32532863919770577,0.44872513567924815,0.225946225123046
20650.0,0.39742410920985016,0.28820396861190206,0.31437192217824794
20389.0,0.2086342043467966,0.7772755635874979,0.014090232065705364
20150.0,0.04432419801379372,0.8627680911255311,0.09290771086067512
20921.0,0.2375308086401639,0.7565848759759273,0.00588431538390877
21407.0,0.12222963539551285,0.6377887858363359,0.23998157876815124
21132.0,0.03674165740833333,0.6013546256737545,0.3619037169179121
21193.0,0.01792495460536514,0.13825938838714635,0.8438156570074885
21466.0,0.08492621816053816,0.41198348617310515,0.5030902956663568
20211.0,0.007998418194999588,0.36773999923290623,0.6242615825720943
20988.0,0.007146863754105246,0.0560831549625743,0.9367699812833206
20719.0,0.0213183050845667,0.014406517513025222,0.9642751774024081
20448.0,0.004381290778457144,0.1861445948050559,0.8094741144164869
21667.0,0.016409367968658082,0.20743084076250015,0.7761597912688418
21271.0,0.734420378370348,0.2610081616337672,0.004571459995884567
20996.0,0.8757751088854376,0.10761056646209413,0.016614324652468204
20514.0,0.8698891309805225,0.12856785823128244,0.0015430107881951195
20269.0,0.009999726986733877,0.008699296016533275,0.9813009769967329
20030.0,0.08528327767672743,0.4140389844572997,0.5006777378659728
20785.0,0.2544586177756562,0.2338061164890207,0.511735265735323
21614.0,0.02061259534984076,0.05235762223732369,0.9270297824128355
20853.0,0.613314771984083,0.30950066572969365,0.0771845622862234
20090.0,0.611006709150834,0.2934527684680643,0.0955405223811016
20582.0,0.151154782801087,0.5862171497123575,0.26262806748655554
20329.0,0.01224263157706614,0.9265884385182578,0.06116892990467592
21056.0,0.014140320798064982,0.9295465469202294,0.056313132281705675
21331.0,0.7010579210510952,0.28818350170903695,0.010758577239867785
21546.0,0.0655227650217748,0.02963303898584924,0.904844195992376
20388.0,0.9647194819377608,0.0350798636366494,2.006544255896167E-4
20651.0,0.02083110062533144,0.844394628935618,0.1347742704390505
20151.0,0.011133228023995224,0.005685474768279909,0.9831812972077248
20920.0,0.14446093075142924,0.6596262400543701,0.19591282919420058
21406.0,0.10163630746698323,0.07843913090271502,0.8199245616303017
21133.0,0.8337647994040425,0.16250170872494482,0.0037334918710127995
21735.0,0.43203306489437787,0.28808587666263596,0.2798810584429863
21122.0,0.11702287636549381,0.08732931422862697,0.7956478094058792
21393.0,0.1770833151838506,0.022586072807804763,0.8003306120083448
20152.0,0.5123303886999367,0.382944104205573,0.10472550709449023
20919.0,0.9316891621897188,0.06789327475949107,4.175630507901182E-4
20644.0,0.024869318584558684,0.19318148808054914,0.7819491933348922
20395.0,0.4123173922986756,0.03359002454739326,0.5540925831539312
21736.0,0.020201827816524853,0.7758017887929641,0.20399638339051107
21340.0,0.030001159759338418,0.09047226865453216,0.8795265715861295
21071.0,0.2690141946968912,0.16110082642988735,0.5698849788732214
20585.0,0.503302837042879,0.3686321987361244,0.12806496422099647
20326.0,0.09111684004481328,0.018908731030987308,0.8899744289241995
20858.0,0.2420260758172953,0.624139109924953,0.1338348142577516
20085.0,0.22576138964663148,0.021445420033912338,0.7527931903194562
21541.0,0.005398549971235812,0.08850663749310149,0.9060948125356628
20798.0,0.2258691171831575,0.7208932515484997,0.05323763126834286
20017.0,0.8001438080091672,0.19898849478790515,8.676972029276942E-4
20258.0,0.32295178755053516,0.6342259154792539,0.0428222969702109
20525.0,0.8274286021992008,0.08184458604266016,0.09072681175813906
21003.0,0.2200705516963976,0.053374173290716115,0.7265552750128863
21272.0,0.14314286248886607,0.34729132280627967,0.5095658147048543
21601.0,0.08207960457313128,0.13292033190880886,0.78500006351806
20704.0,0.027313041323146072,0.010917133103534205,0.9617698255733198
20463.0,0.10059665202287442,0.1921816161107964,0.7072217318663291
20220.0,0.6742765065191402,0.030556795688337326,0.2951666977925226
20979.0,0.01276237638288071,0.00918736517652003,0.9780502584405993
21461.0,0.003628363792845349,0.02048136423298681,0.9758902719741679
21190.0,0.030975483507968807,0.44761080614558413,0.5214137103464471
21676.0,0.10788742175930588,0.5517644103994748,0.34034816784121935
21737.0,0.4145608178132939,0.09219607207512767,0.4932431101115784
21123.0,0.14997115188252585,0.1743035701789403,0.6757252779385338
21392.0,0.0013392382243252545,0.024286510046954774,0.9743742517287199
20918.0,0.09384721154367588,0.12213455358837477,0.7840182348679493
20153.0,0.028629184625063957,0.14970228344709235,0.8216685319278437
20645.0,0.04863788612408538,0.15762073741644067,0.793741376459474
20394.0,0.27217895637450906,0.5858727316452663,0.1419483119802246
21540.0,0.4738942488490878,0.4144899798008171,0.11161577135009529
21341.0,0.45550685106899796,0.047162907482301696,0.4973302414487003
21070.0,0.0810161327841914,0.33249468021328,0.5864891870025286
20584.0,0.04631860435444687,0.2741615858356274,0.6795198098099258
20327.0,0.7330938734574153,0.24587555904392538,0.021030567498659256
20084.0,0.38740929467602153,0.5975552488269765,0.01503545649700192
20859.0,6.779919969422168E-4,0.09392638965199003,0.9053956183510679
21600.0,0.01589167560970771,0.7379440065682705,0.24616431782202178
20016.0,0.09290097404484839,0.5080122289978839,0.39908679695726773
20799.0,0.7942366658550247,0.20065048457530366,0.00511284956967159
20259.0,0.011413788716297153,0.14791880955906533,0.8406674017246375
20524.0,0.04847041493868604,0.017373069455167343,0.9341565156061467
21002.0,0.11486435143628383,0.15446710210498965,0.7306685464587266
21273.0,0.044461061205243166,0.9497145748893033,0.005824363905453514
21677.0,0.214263621346964,0.7549754530615965,0.030760925591439437
20705.0,0.017796300286705178,0.28846955993767814,0.6937341397756166
20462.0,0.04404292696042859,0.041922740038543474,0.914034333001028
20221.0,0.07058174485215979,0.8395042101773192,0.089914044970521
20978.0,0.0021696511605612295,0.03512898724709159,0.9627013615923471
21460.0,0.8114247834534081,0.18454077068376226,0.0040344458628295094
21191.0,0.14380873645415446,0.7047280797413158,0.1514631838045298
21395.0,0.29564079429252493,0.5824834422167717,0.12187576349070318
21120.0,0.074292495167504,0.07700280320509033,0.8487047016274056
20646.0,0.9000600347377586,0.09503839928889858,0.004901565973342661
20393.0,0.1162540571308907,0.8263572969619356,0.05738864590717369
20154.0,0.8904494355034202,0.10639798354186861,0.0031525809547112344
20917.0,0.02030728772352066,0.01613566113326607,0.9635570511432133
21738.0,0.9016647363762809,0.09608706325812072,0.002248200365598427
21069.0,0.7436781727104071,0.25390541801125155,0.002416409278341224
21342.0,0.2122450250593195,0.2149678918119807,0.5727870831286999
20087.0,0.21247078398600308,0.6593875834797236,0.1281416325342734
20856.0,0.4623319114042886,0.019874975518271124,0.5177931130774404
20324.0,0.7726586376167381,0.08902855511125948,0.13831280727200246
20587.0,0.016263090391026618,0.23507167051021446,0.7486652390987588
21543.0,0.4848864335266619,0.5124018327719825,0.0027117337013556502
20527.0,0.614343447656443,0.07248992287920002,0.3131666294643571
20256.0,0.6212367792304768,0.3261502787030754,0.05261294206644787
20019.0,0.006984869340971792,0.024908815718682618,0.9681063149403456
20796.0,0.022301347504158683,0.16495702256597677,0.8127416299298645
21274.0,0.0025278971459530963,0.8949705918729582,0.1025015109810887
21001.0,0.18865676337034254,0.355628513706127,0.4557147229235305
21603.0,0.3241837787434213,0.6550969656964645,0.020719255560114315
20977.0,0.007544385557325971,0.0841234918222772,0.9083321226203969
20222.0,0.0332893356563317,0.004328067138072305,0.9623825972055959
20706.0,0.06810966828285356,0.1179461028817227,0.8139442288354237
20461.0,0.043827841275778684,0.21007691287827931,0.7460952458459421
21188.0,0.10986628285797319,0.09263124058835275,0.797502476553674
21463.0,0.07151330179811478,0.732201407845378,0.19628529035650719
21678.0,0.5410774206551161,0.4410010550392584,0.01792152430562562
21739.0,0.8194276843538769,0.16592696518812297,0.014645350458000087
21394.0,0.12555267427522654,0.798404757200686,0.07604256852408733
21121.0,0.09383647191194452,0.8860646235076617,0.02009890458039381
20647.0,8.840526052880113E-4,0.04011638721754535,0.9589995601771667
20392.0,0.013624036976876948,0.1651723214603623,0.8212036415627607
20155.0,0.4252918484097595,0.5579642337730643,0.016743917817176178
20916.0,0.017578559801341497,0.10614482495410775,0.8762766152445508
21542.0,0.43735458219151707,0.06693341767334594,0.49571200013513694
21068.0,0.04538306036035858,0.10476683512923736,0.8498501045104041
21343.0,0.23980966355659605,0.08662711353380419,0.6735632229095999
20857.0,0.7492788628833953,0.1403928754446801,0.11032826167192468
20086.0,0.8414899491480965,0.15689246714609212,0.0016175837058113839
20325.0,0.11775261915976808,0.2978515278392319,0.5843958530010002
20586.0,0.027679985131623792,0.06682517320200419,0.905494841666372
21602.0,0.2158706535013628,0.10509263013371407,0.679036716364923
20257.0,0.592590912534356,0.405471538900364,0.0019375485652798903
20526.0,0.017447806604133642,0.2918585570944876,0.6906936363013787
20018.0,0.9467483808042956,0.052957368367230626,2.9425082847376927E-4
20797.0,0.17009546112593496,0.4393314061160468,0.3905731327580182
21275.0,0.0015955077233106249,0.007554966365480797,0.9908495259112086
21000.0,0.07535991286234787,0.04079540120655966,0.8838446859310926
21679.0,0.031558686717634794,0.046925846834037055,0.921515466448328
20976.0,0.1090226192066539,0.13012004035881583,0.7608573404345302
20223.0,0.006342760130298728,0.9045985829970086,0.0890586568726927
20707.0,0.24982145579719398,0.6000864138381179,0.1500921303646881
20460.0,0.2543897431260847,0.3128343264291137,0.4327759304448016
21189.0,0.7243157625135106,0.25224442025796295,0.023439817228526356
21462.0,0.12652799677452276,0.04913315035146866,0.8243388528740084
20589.0,0.8935898886732068,0.09624963300160067,0.010160478325192545
20322.0,0.4282918559879362,0.13014199566233361,0.4415661483497302
20081.0,0.027665107392707385,0.3177897045396466,0.654545188067646
20862.0,0.30182334767587354,0.018185276137607162,0.6799913761865193
21336.0,0.15399314612054718,0.1585512694415345,0.6874555844379182
21067.0,0.890524585249232,0.10714093972965776,0.0023344750211102636
21537.0,0.11185795217061523,0.26250184890284395,0.6256401989265408
20156.0,0.009727651894752855,0.0732037541179292,0.9170685939873179
20915.0,0.038151178516564736,0.9556267699911366,0.0062220514922987046
20640.0,0.11113737656344873,0.727752631888212,0.1611099915483392
20399.0,0.02265390697734289,0.329755999444685,0.6475900935779721
21126.0,0.04423086556070334,0.9001776571341981,0.055591477305098586
21397.0,0.10880620078723535,0.008010723081324249,0.8831830761314404
21740.0,0.10316391422189733,0.10061613051466108,0.7962199552634416
21457.0,0.009269910996026599,0.09586953869666581,0.8948605503073076
21186.0,0.9661066519484022,0.029128127688951896,0.004765220362645962
20459.0,0.12903749433769202,0.7696096973619851,0.10135280830032285
20708.0,0.03609469127080181,0.2224369585319487,0.7414683501972495
20983.0,0.11559394408547552,0.6584339988063538,0.22597205710817078
20216.0,0.042983687274900324,0.8258691791233052,0.1311471336017946
21672.0,0.8542035057389925,0.14320950127759674,0.002586992983410809
21007.0,0.013237626454922751,0.05089449420056375,0.9358678793445135
21276.0,0.013446626681715205,0.13650476747862827,0.8500486058396565
20794.0,0.35798698302862003,0.28793447340987344,0.35407854356150636
20021.0,0.2705127075544279,0.2006388652162105,0.5288484272293617
20521.0,0.8601545172698492,0.13695495496449459,0.002890527765656388
20262.0,0.0015616434858909743,0.08352816997614529,0.9149101865379636
21605.0,0.014521474740999447,0.017483568688873092,0.9679949565701274
21536.0,0.8302787284963473,0.16849841778866737,0.0012228537149853586
20588.0,0.08232434672365394,0.050612657795495695,0.8670629954808503
20323.0,0.3599113096262398,0.260016612444517,0.38007207792924314
20080.0,0.6457517921747465,0.25325295920151836,0.10099524862373517
20863.0,0.005559156309547502,0.19260946371953258,0.8018313799709198
21337.0,0.023506833844527307,0.005279069047117152,0.9712140971083556
21066.0,0.01067999679264325,0.037516233342730736,0.951803769864626
21741.0,0.003678068204494521,0.20130219069226138,0.7950197411032441
20157.0,0.6014398409888769,0.10230038057463782,0.2962597784364852
20914.0,0.8770525101910357,0.12219003382876899,7.574559801954847E-4
20398.0,0.5137695114024159,0.4349772872398968,0.051253201357687114
20641.0,0.004653432309163352,0.03973675257878677,0.9556098151120499
21127.0,0.7169890700378387,0.2075970883573146,0.07541384160484665
21396.0,0.03798158762097871,0.15194111983601288,0.8100772925430084
21673.0,0.32958336245168435,0.2794199342407606,0.39099670330755515
21456.0,0.657538621240649,0.33464832228881375,0.00781305647053741
21187.0,0.09476773334492426,0.040253009183109825,0.8649792574719658
20709.0,0.36863846536411976,0.4480971411296822,0.18326439350619791
20458.0,0.5034927790901423,0.05912037860679702,0.43738684230306063
20982.0,0.021502720090080526,0.8531472758119678,0.12535000409795172
20217.0,0.09610411233964987,0.5456841465779888,0.35821174108236126
21604.0,0.8278931417758885,0.10484437020236981,0.06726248802174177
21006.0,0.21862616176884436,0.45838255527625077,0.3229912829549048
21277.0,0.05152335592925227,0.14111560700510406,0.8073610370656437
20795.0,0.9176811686280715,0.0769990314360596,0.005319799935868947
20020.0,0.0677986216638752,0.5728059680674796,0.3593954102686451
20520.0,0.4134455696552978,0.5834687329059546,0.0030856974387477123
20263.0,0.014872055182968713,0.005243252736683288,0.9798846920803481
20083.0,0.010465752278267206,0.31409681049376204,0.6754374372279707
20860.0,0.011812555081474798,0.08553939318723162,0.9026480517312936
20591.0,0.4146107896945226,0.5136271973627677,0.07176201294270965
20320.0,0.18098978552409808,0.5649574074930267,0.2540528069828753
21065.0,0.5797719943630899,0.4119595800979912,0.008268425538919015
21338.0,0.03272763575471483,0.1143832093743002,0.8528891548709849
21539.0,0.9061424486882459,0.04543767832947117,0.048419872982283105
20642.0,0.661554343568846,0.1387469751517097,0.1996986812794442
20397.0,0.08709540001246047,0.3423182095796107,0.5705863904079288
20158.0,0.7863066670443271,0.09314316877885895,0.12055016417681405
20913.0,0.9710150549941959,0.026849838059580723,0.002135106946223286
21399.0,0.8026201205652894,0.1951801348843307,0.0021997445503798676
21124.0,0.017228509405250076,0.12197463680400294,0.860796853790747
21742.0,0.39649682531441865,0.413147488029149,0.19035568665643238
21184.0,0.019176755622754397,0.19704860778975444,0.7837746365874912
21459.0,0.09397105004096774,0.18116497909212878,0.7248639708669035
20981.0,0.004813476187416447,0.10912875639601687,0.8860577674165667
20218.0,0.49762880762765793,0.3853575560507811,0.11701363632156113
20457.0,0.012269621653988323,0.13462374352823744,0.8531066348177743
20710.0,0.6563708562539979,0.3207982184584567,0.022830925287545347
21674.0,0.9766335340070503,0.022979506465519484,3.8695952743004596E-4
21278.0,0.5074112922037729,0.2796345770965781,0.21295413069964905
21005.0,0.5477034591508003,0.43984682676818654,0.012449714081013016
20260.0,0.0157969746956037,0.5953841439271266,0.38881888137726967
20523.0,0.5804089054471911,0.37571276274041365,0.04387833181239531
20023.0,0.08214155546966721,0.8543365092158421,0.06352193531449059
20792.0,0.43988730593782616,0.06540795577119132,0.4947047382909825
21607.0,0.0036071945305837395,0.03652373072554683,0.9598690747438694
21538.0,0.787990620543553,0.07795307484085004,0.13405630461559706
20861.0,0.9709315654704946,0.02884332733885055,2.251071906548481E-4
20082.0,0.32943537128515216,0.1170513799148054,0.5535132488000425
20321.0,0.020611976382099554,0.07413974482306528,0.9052482787948353
20590.0,0.013778956483658037,0.07337698022090457,0.9128440632954373
21064.0,0.9442229710305402,0.055050046394100396,7.2698257535953E-4
21339.0,0.8416651144476549,0.09715185470484815,0.06118303084749697
21743.0,0.09006142049186487,0.00985318659109404,0.900085392917041
20396.0,8.610231225827896E-4,0.4921298209078824,0.5070091559695349
20643.0,0.017716676886182996,0.5301871822378633,0.4520961408759536
20159.0,0.33886564521729934,0.6592032444438736,0.0019311103388271035
20912.0,0.2857419282727203,0.28439849094811714,0.42985958077916253
21398.0,0.005448309121784256,0.09914842905301742,0.8954032618251984
21125.0,0.629068526297027,0.22553369834750664,0.14539777535546647
21675.0,0.7626667267253882,0.0840651555311629,0.15326811774344895
21185.0,0.0682954452430198,0.2622564449920912,0.669448109764889
21458.0,0.04187981747491725,0.023419174280032283,0.9347010082450504
20980.0,0.04742745893169305,0.1347079289541499,0.8178646121141571
20219.0,0.0038799804430408764,0.01100465812512275,0.9851153614318364
20456.0,0.010808513167612664,0.49802384747235123,0.49116763936003627
20711.0,0.07316154081450536,0.32838891150040045,0.5984495476850942
21606.0,0.891353447248912,0.06440033511693513,0.044246217634152894
21279.0,0.002206738129641167,0.5732015458694967,0.42459171600086226
21004.0,0.40219083583246834,0.5626038438479611,0.03520532031957051
20261.0,0.0187234867601743,0.012165217305031525,0.9691112959347943
20522.0,0.15486322917194464,0.8085194642945751,0.036617306533480366
20022.0,0.2683151052056503,0.06639970363946941,0.6652851911548802
20793.0,0.15879976444747268,0.032008670836078175,0.8091915647164493
20008.0,0.011788478559202304,0.013377286713333082,0.9748342347274646
20775.0,0.6321200413144875,0.22127092539810508,0.14660903328740726
20532.0,4.61674845586606E-4,0.030662300113305382,0.9688760250411079
20283.0,0.2870452370867753,0.007148524893427626,0.705806238019797
21010.0,0.005499596728342062,0.014632571000632215,0.9798678322710256
21249.0,0.001949365292895678,0.004656480600024313,0.99339415410708
21624.0,0.24749054714461724,0.6551927468221703,0.0973167060332126
20729.0,0.3059486984841919,0.6061070302939976,0.08794427122181038
20470.0,0.117523764613897,0.8715565552461297,0.010919680139973392
20970.0,0.016169147927911114,0.01639294521676752,0.9674379068553213
20197.0,0.21614393811836827,0.09978843266627771,0.684067629215354
21452.0,0.8821085362406588,0.11730100074225563,5.904630170857211E-4
21215.0,0.7585686320797692,0.1340893139389721,0.10734205398125876
21685.0,0.024816612752583435,0.2227428110468592,0.7524405762005574
21147.0,2.3098577926033824E-4,0.006057863269995098,0.9937111509507445
21384.0,0.4298692039066347,0.5082504918897935,0.061880304203571684
20129.0,0.04576331511416991,0.9216153592896943,0.032621325596135814
20910.0,0.04920671916648624,0.33081765984667394,0.6199756209868399
20669.0,0.006263694426422923,0.03442346413956902,0.9593128414340081
20402.0,0.8512149190107564,0.14778733121159937,9.97749777644232E-4
21745.0,0.36730518916026017,0.1501384229866116,0.4825563878531282
21317.0,0.006651430538204174,0.20134025227673633,0.7920083171850596
21078.0,0.2128029385081681,0.10035078388782231,0.6868462776040097
20351.0,0.16023329913635467,0.19848583071897857,0.6412808701446668
20592.0,0.47111026421192403,0.45706143548507233,0.0718283003030036
20076.0,0.06768222467942461,0.6575537794136641,0.2747639959069113
20835.0,0.5954783418631696,0.3919859313099136,0.012535726826916654
21564.0,0.28692042178759736,0.6882543708270503,0.024825207385352276
21625.0,0.14824436697297624,0.6496824505703952,0.20207318245662864
20774.0,0.09637176551488755,0.6621579638509547,0.24147027063415763
20009.0,0.2396987468334301,0.17896822837749832,0.5813330247890715
20533.0,0.8831951326634471,0.03725030332619579,0.07955456401035703
20282.0,0.01132061704271864,0.138896243053692,0.8497831399035894
21011.0,0.24481539449796222,0.7412493637559164,0.013935241746121253
21248.0,0.594126847144434,0.04502659814620898,0.360846554709357
21684.0,0.5093610044342225,0.3429898044950813,0.14764919107069624
20728.0,0.9231035059014245,0.04453151120223833,0.0323649828963371
20471.0,0.44889564248225733,0.2889670410956722,0.26213731642207044
20196.0,0.9478817488837588,0.051154501300609716,9.637498156314615E-4
20971.0,0.1499881871135839,0.14128412031372042,0.7087276925726957
21453.0,0.0020799067194157287,0.0476290389328859,0.9502910543476984
21214.0,0.028396238988307253,0.9651431483748008,0.0064606126368919195
21744.0,0.26924168287350747,0.7039057699685267,0.02685254715796573
21146.0,0.3032861373451988,0.07318639505976252,0.6235274675950387
21385.0,0.08781635031180327,0.07659626860901418,0.8355873810791826
20128.0,0.2026161759460298,0.06743751551488551,0.7299463085390846
20911.0,0.014994136643494815,0.2168910978578433,0.768114765498662
20668.0,0.302063290853334,0.017672861651433145,0.6802638474952329
20403.0,4.299739765155126E-4,0.007290523620357804,0.9922795024031268
21565.0,0.3251424948331085,0.08044751195446864,0.5944099932124227
21316.0,0.005291970287195509,0.10020346401097943,0.894504565701825
21079.0,0.102043357419429,0.8490710951223098,0.048885547458261146
20593.0,0.5682525272893247,0.41585028649724093,0.015897186213434392
20350.0,0.014050383886559159,0.9611388204097155,0.02481079570372546
20834.0,0.0468006255030209,0.13637859710110764,0.8168207773958714
20077.0,0.555375641188482,0.4299999008832409,0.014624457928277157
20281.0,0.06346618709713397,0.4274284195465247,0.5091053933563412
20534.0,0.16801154153709802,0.01969049604158312,0.8122979624213188
20773.0,0.6082367989780979,0.1595808088225839,0.23218239219931835
20010.0,0.21009154505122335,0.0912045064051381,0.6987039485436386
21251.0,0.10550473754004036,0.15670219655095252,0.7377930659090072
21008.0,0.8932027380829884,0.06836574249602775,0.038431519420983856
21626.0,0.4036786211657963,0.3419432770535153,0.2543781017806886
20199.0,0.054711934960302085,0.8323754803825673,0.11291258465713055
20968.0,0.02191595082786019,0.0036737899027479664,0.9744102592693918
20468.0,0.9722001301802998,0.026336294188040836,0.0014635756316592672
20731.0,0.2748044652268402,0.7008286152203211,0.024366919552838533
21213.0,0.5244309975456701,0.11784017250224582,0.357728829952084
21454.0,0.007083885123706432,0.10382197935748622,0.8890941355188072
21687.0,0.33021130729187553,0.1974606954485252,0.4723279972595993
21386.0,0.6170562934102954,0.38117977207696496,0.001763934512739587
21145.0,0.26490361531082357,0.710842132790492,0.024254251898684423
20400.0,0.27211517240147404,0.22739238384472982,0.5004924437537962
20671.0,0.47236421469653683,0.5172568167637787,0.01037896853968438
20908.0,0.30733957583884425,0.014623071859212503,0.6780373523019434
20131.0,0.8385757925561381,0.15777354805787427,0.0036506593859875996
21747.0,0.8583277859635325,0.13921143478774362,0.002460779248723968
21076.0,0.8331778383466996,0.15281129154651713,0.01401087010678341
21319.0,0.004523280055077334,0.9510531139609714,0.0444236059839514
20833.0,0.12280956653052835,0.8653070497220449,0.011883383747426934
20078.0,0.1462495820036928,0.37488364917093453,0.4788667688253727
20594.0,0.8340794029775898,0.14877673969000269,0.017143857332407444
20349.0,0.885012802392879,0.10737744147981336,0.007609756127307651
21566.0,0.38692551320356405,0.13993742636482487,0.4731370604316111
21627.0,0.004472666778522727,0.020758405974219726,0.9747689272472575
20280.0,0.6542797776568674,0.31797379920778623,0.027746423135346223
20535.0,0.9336106069352051,0.06499280354354413,0.001396589521250709
20011.0,0.001094472140614235,0.08691648489298044,0.9119890429664054
20772.0,0.7406925214054751,0.18171674868184232,0.07759072991268239
21250.0,0.9862953186682152,0.013320218605915585,3.8446272586924353E-4
21009.0,0.07081893009621329,0.732123222232702,0.19705784767108483
21686.0,0.034500676433886775,0.10407468375277913,0.8614246398133342
20969.0,0.8901392731592295,0.10235887366002983,0.007501853180740723
20198.0,0.0032126191750757494,0.09641133426420198,0.9003760465607222
20469.0,0.32106670128430775,0.1516832066025453,0.527250092113147
20730.0,0.012312652099427637,0.04666540860131805,0.9410219392992544
21212.0,0.01469836375446267,0.2212750417023815,0.7640265945431559
21455.0,0.9444523961981931,0.03744520687545539,0.018102396926351447
21746.0,0.5055344421955429,0.40409024718840386,0.09037531061605317
21387.0,0.001832278338725086,0.03075800216989156,0.9674097194913834
21144.0,0.3581895034611549,0.5743424970479798,0.06746799949086517
20401.0,0.020999858451613333,0.13565151944094003,0.8433486221074467
20670.0,0.025005677288185618,0.049053428179844094,0.9259408945319703
20909.0,0.005119235903828092,0.13982229334650353,0.8550584707496683
20130.0,0.015278768442703695,0.11365600624832603,0.8710652253089702
21567.0,0.44629649286996426,0.5387481043440482,0.014955402785987542
21077.0,0.6748572627687505,0.13686088416784767,0.18828185306340178
21318.0,0.0265307253078852,0.3224889621617182,0.6509803125303967
20832.0,0.0017271177821349586,0.04934720409049427,0.9489256781273707
20079.0,0.725765295038751,0.25256365776664436,0.02167104719460464
20595.0,0.03502278478982054,0.3780231768109638,0.5869540383992157
20348.0,0.04971703845527124,0.04586619734002003,0.9044167642047088
21448.0,0.010651583951159468,0.02892753076821457,0.9604208852806259
21211.0,0.5801679711795359,0.3915097823420008,0.028322246478463237
20466.0,0.9028739653710105,0.09654542545466391,5.806091743254533E-4
20733.0,0.01130039834956843,0.37200903877813124,0.6166905628723003
20974.0,0.24908217999346882,0.43174971982428334,0.31916810018224784
20193.0,0.20052932029743548,0.5944875263965549,0.20498315330600964
21681.0,0.57607495283237,0.36792732697684266,0.05599772019078742
21014.0,0.9587208777032475,0.04102440202207979,2.5472027467267854E-4
21253.0,0.4587508498349311,0.43020619890454975,0.11104295126051918
20012.0,0.2915380553614786,0.0338986063023563,0.6745633383361652
20771.0,0.6587468701833702,0.33567929346383646,0.005573836352793251
20287.0,0.5183840403670635,0.46592590503840703,0.01569005459452942
20528.0,0.10645176362508069,0.04996637014503186,0.8435818662298874
21628.0,0.02073434619653326,0.5265343691821123,0.45273128462135453
20596.0,0.05467134500333253,0.0927395004727068,0.8525891545239606
20347.0,0.6209999631846395,0.3768420144657686,0.002158022349591903
20839.0,0.1098898869533387,0.8867845331543395,0.0033255798923217806
20072.0,0.009001797849654906,0.07210456425638619,0.918893637893959
21313.0,0.924196379779202,0.07293839954384843,0.002865220676949565
21074.0,0.15316947949740536,0.7042634968880604,0.14256702361453408
21560.0,0.0026057830888219905,0.4015946604928743,0.5957995564183037
20133.0,0.03259014529766551,0.10088765929224265,0.8665221954100919
20906.0,0.003478060562432426,0.02581361682018519,0.9707083226173824
20665.0,0.46696380650847036,0.5236617918473181,0.009374401644211524
20406.0,0.03212457726321809,0.8707605987388178,0.09711482399796406
21151.0,0.1523609284808764,0.20468222592774787,0.6429568455913758
21388.0,0.0037103778154853203,0.228416833728637,0.7678727884558777
