21609.0,0.38666666666666666,0.02666666666666668,0.5866666666666667
20790.0,0.3133333333333333,0.020000000000000025,0.6666666666666667
20025.0,0.23999999999999996,0.61,0.15000000000000013
20517.0,0.6666666666666667,0.33,0.0033333333333333375
20266.0,0.5233333333333331,0.4766666666666669,0.0
20995.0,0.0,0.3333333333333333,0.6666666666666666
21264.0,0.6666666666666666,0.3333333333333333,0.0
21668.0,0.31,0.04000000000000004,0.6499999999999999
20455.0,0.5333333333333331,0.4666666666666668,0.0
20712.0,0.41666666666666685,0.5766666666666664,0.006666666666666668
20987.0,0.33000000000000007,0.053333333333333365,0.6166666666666665
20212.0,0.6666666666666664,0.12333333333333348,0.2100000000000001
21469.0,0.6666666666666664,0.2100000000000001,0.12333333333333348
21198.0,0.6666666666666666,0.3333333333333333,0.0
21728.0,0.6166666666666665,0.003333333333333335,0.38000000000000017
21130.0,0.0,0.6333333333333331,0.366666666666667
21401.0,0.47333333333333344,0.01333333333333333,0.5133333333333332
20144.0,0.11333333333333334,0.40333333333333327,0.48333333333333334
20927.0,0.3466666666666665,0.5200000000000001,0.13333333333333344
20387.0,0.6666666666666666,0.3333333333333333,0.0
20652.0,0.02666666666666667,0.5666666666666664,0.40666666666666684
21549.0,0.613333333333333,0.38666666666666694,0.0
21332.0,0.13666666666666685,0.20666666666666678,0.6566666666666664
21063.0,0.0,0.3366666666666667,0.6633333333333333
20577.0,0.27333333333333326,0.22333333333333327,0.5033333333333335
20334.0,0.0,0.3333333333333333,0.6666666666666666
20850.0,0.41000000000000014,0.003333333333333333,0.5866666666666664
20093.0,0.019999999999999997,0.44000000000000017,0.5399999999999998
20024.0,0.006666666666666676,0.3333333333333333,0.66
20791.0,0.6633333333333333,0.33666666666666667,0.0
20267.0,0.5199999999999999,0.30666666666666664,0.1733333333333334
20516.0,0.003333333333333334,0.45,0.5466666666666666
20994.0,0.006666666666666675,0.32666666666666666,0.6666666666666667
21265.0,0.0,0.4000000000000001,0.6
21608.0,0.1666666666666668,0.5966666666666665,0.2366666666666667
20713.0,0.4900000000000002,0.28999999999999987,0.21999999999999992
20454.0,0.4933333333333335,0.4999999999999998,0.006666666666666666
20986.0,0.6666666666666666,0.3333333333333333,0.0
20213.0,0.0,0.6666666666666666,0.3333333333333333
21468.0,0.003333333333333337,0.32999999999999996,0.6666666666666666
21199.0,0.1933333333333335,0.2066666666666667,0.5999999999999998
21669.0,0.0,0.3333333333333333,0.6666666666666666
21131.0,0.01333333333333334,0.3900000000000001,0.5966666666666665
21400.0,0.34,0.6599999999999999,0.0
20926.0,0.0,0.3366666666666667,0.6633333333333333
20145.0,0.0,0.3633333333333335,0.6366666666666666
20386.0,0.20666666666666678,0.6499999999999997,0.14333333333333353
20653.0,0.0,0.3700000000000001,0.6299999999999999
21729.0,0.6666666666666666,0.2933333333333333,0.04000000000000004
21333.0,0.14333333333333342,0.38666666666666655,0.4700000000000001
21062.0,0.6633333333333333,0.04000000000000004,0.29666666666666663
20576.0,0.6499999999999999,0.34666666666666685,0.003333333333333337
20335.0,0.0833333333333334,0.2933333333333333,0.6233333333333334
20092.0,0.4200000000000001,0.5799999999999998,0.0
20851.0,0.6366666666666665,0.3633333333333336,0.0
21548.0,0.6633333333333333,0.30999999999999994,0.026666666666666696
21611.0,0.6666666666666666,0.3333333333333333,0.0
20519.0,0.016666666666666687,0.32666666666666666,0.6566666666666667
20264.0,0.5499999999999999,0.12666666666666673,0.3233333333333333
20788.0,0.01333333333333335,0.6666666666666667,0.31999999999999995
20027.0,0.5800000000000001,0.41666666666666674,0.0033333333333333344
21266.0,0.07666666666666672,0.6666666666666666,0.2566666666666667
20993.0,0.64,0.3166666666666667,0.04333333333333338
21670.0,0.5566666666666666,0.0,0.4433333333333334
20214.0,0.30333333333333307,0.16000000000000011,0.5366666666666667
20985.0,0.003333333333333334,0.5966666666666663,0.4000000000000004
20453.0,0.0,0.33666666666666667,0.6633333333333333
20714.0,0.2966666666666665,0.21999999999999992,0.48333333333333356
21196.0,0.3333333333333333,0.06000000000000005,0.6066666666666667
21471.0,0.5233333333333333,0.06666666666666667,0.41000000000000003
21730.0,0.0,0.4233333333333336,0.5766666666666663
21403.0,0.1266666666666668,0.32333333333333325,0.5499999999999999
21128.0,0.010000000000000002,0.4466666666666667,0.5433333333333333
20385.0,0.6666666666666666,0.3333333333333333,0.0
20654.0,0.24999999999999997,0.5733333333333331,0.17666666666666686
20146.0,0.2933333333333332,0.31999999999999995,0.3866666666666669
20925.0,0.6666666666666666,0.3333333333333333,0.0
21551.0,0.020000000000000025,0.3133333333333333,0.6666666666666667
21061.0,0.003333333333333337,0.32999999999999996,0.6666666666666666
21334.0,0.6666666666666666,0.06000000000000005,0.2733333333333334
20848.0,0.6633333333333334,0.33333333333333337,0.0033333333333333375
20095.0,0.663333333333333,0.1866666666666668,0.1500000000000002
20332.0,0.0,0.3333333333333333,0.6666666666666666
20579.0,0.12333333333333348,0.21666666666666673,0.6599999999999998
20265.0,0.003333333333333337,0.32999999999999996,0.6666666666666666
20518.0,0.6666666666666666,0.3333333333333333,0.0
20026.0,0.49,0.2966666666666667,0.21333333333333335
20789.0,0.0,0.5966666666666663,0.4033333333333336
21267.0,0.4266666666666664,0.13333333333333336,0.44000000000000017
20992.0,0.0,0.3333333333333333,0.6666666666666666
21610.0,0.66,0.04000000000000006,0.3
20984.0,0.1833333333333335,0.1500000000000002,0.6666666666666663
20215.0,0.0,0.4933333333333334,0.5066666666666665
20452.0,0.6199999999999998,0.24333333333333343,0.13666666666666685
20715.0,0.18666666666666668,0.35,0.4633333333333334
21197.0,0.5999999999999998,0.3833333333333335,0.01666666666666667
21470.0,0.5833333333333331,0.1966666666666667,0.22000000000000003
21671.0,0.0,0.6066666666666664,0.3933333333333336
21402.0,0.01000000000000001,0.6399999999999999,0.3500000000000002
21129.0,0.1566666666666668,0.31999999999999973,0.5233333333333335
20384.0,0.006666666666666674,0.32999999999999996,0.6633333333333333
20655.0,0.0,0.6433333333333332,0.3566666666666668
20147.0,0.6466666666666664,0.19666666666666685,0.15666666666666693
20924.0,0.023333333333333355,0.30999999999999994,0.6666666666666666
21731.0,0.010000000000000004,0.45333333333333337,0.5366666666666666
21060.0,0.040000000000000036,0.3366666666666667,0.6233333333333333
21335.0,0.6666666666666666,0.006666666666666674,0.3266666666666666
20094.0,0.16666666666666685,0.16666666666666685,0.6666666666666662
20849.0,0.6666666666666666,0.3333333333333333,0.0
20578.0,0.3300000000000001,0.6466666666666666,0.023333333333333355
20333.0,0.6466666666666667,0.30000000000000004,0.05333333333333339
21550.0,0.1333333333333334,0.5333333333333333,0.33333333333333337
21664.0,0.6366666666666664,0.3566666666666668,0.006666666666666673
21465.0,0.0,0.3433333333333334,0.6566666666666666
21194.0,0.0,0.4333333333333336,0.5666666666666664
20451.0,0.6333333333333332,0.34333333333333343,0.023333333333333355
20716.0,0.6199999999999999,0.3800000000000002,0.0
20208.0,0.5099999999999999,0.4000000000000001,0.09000000000000002
20991.0,0.0,0.4733333333333333,0.5266666666666666
21613.0,0.6666666666666667,0.3133333333333333,0.020000000000000025
20999.0,0.0,0.6599999999999999,0.3400000000000001
21268.0,0.39333333333333326,0.17999999999999994,0.42666666666666675
20029.0,0.010000000000000012,0.32333333333333325,0.6666666666666667
20786.0,0.030000000000000034,0.3333333333333333,0.6366666666666666
20270.0,0.11000000000000011,0.2233333333333334,0.6666666666666664
20513.0,0.2766666666666667,0.07333333333333339,0.6499999999999999
21545.0,0.6666666666666667,0.33,0.0033333333333333375
20581.0,0.6533333333333331,0.13000000000000017,0.21666666666666676
20330.0,0.0,0.5499999999999997,0.4500000000000003
20089.0,0.36333333333333334,0.44666666666666666,0.19
20854.0,0.12000000000000018,0.6233333333333331,0.25666666666666665
21328.0,0.003333333333333337,0.32999999999999996,0.6666666666666666
21059.0,0.6666666666666666,0.3333333333333333,0.0
21732.0,0.37000000000000033,0.31999999999999984,0.3099999999999999
20923.0,0.08666666666666674,0.25333333333333335,0.6599999999999999
20148.0,0.0,0.39333333333333376,0.6066666666666662
20648.0,0.0,0.3333333333333333,0.6666666666666666
20391.0,0.18000000000000022,0.1733333333333335,0.6466666666666663
21134.0,0.08000000000000006,0.30333333333333334,0.6166666666666666
21405.0,0.34333333333333316,0.15000000000000013,0.5066666666666666
21464.0,0.006666666666666666,0.5433333333333331,0.4500000000000003
21195.0,0.22000000000000008,0.12000000000000013,0.6599999999999997
20717.0,0.030000000000000034,0.6666666666666666,0.3033333333333333
20450.0,0.16666666666666685,0.22666666666666674,0.6066666666666665
20209.0,0.35000000000000003,0.1666666666666667,0.4833333333333332
20990.0,0.21999999999999992,0.3433333333333334,0.43666666666666665
21665.0,0.0,0.4566666666666669,0.5433333333333331
20998.0,0.21333333333333343,0.12333333333333348,0.6633333333333331
21269.0,0.38666666666666666,0.02666666666666668,0.5866666666666667
20028.0,0.0,0.6666666666666666,0.3333333333333333
20787.0,0.2100000000000001,0.13666666666666683,0.653333333333333
20271.0,0.6566666666666666,0.043333333333333404,0.3
20512.0,0.6633333333333333,0.01000000000000001,0.3266666666666666
21612.0,0.0,0.6333333333333332,0.36666666666666675
20580.0,0.04666666666666671,0.2866666666666666,0.6666666666666666
20331.0,0.0,0.3433333333333334,0.6566666666666666
20855.0,0.6666666666666666,0.3333333333333333,0.0
20088.0,0.6599999999999999,0.3333333333333333,0.006666666666666673
21329.0,0.043333333333333376,0.29,0.6666666666666666
21058.0,0.6066666666666666,0.3366666666666668,0.05666666666666668
21544.0,0.6666666666666665,0.09333333333333342,0.24000000000000007
20922.0,0.48666666666666686,0.4366666666666666,0.07666666666666663
20149.0,0.10666666666666672,0.3366666666666665,0.5566666666666668
20649.0,0.25000000000000006,0.0833333333333334,0.6666666666666666
20390.0,0.6633333333333333,0.33666666666666667,0.0
21135.0,0.08,0.4166666666666667,0.5033333333333334
21404.0,0.0,0.3533333333333335,0.6466666666666665
21733.0,0.0,0.39000000000000024,0.6099999999999997
21666.0,0.40666666666666684,0.006666666666666667,0.5866666666666666
21192.0,0.026666666666666703,0.32,0.6533333333333333
21467.0,0.0,0.35666666666666685,0.6433333333333331
20989.0,0.26333333333333336,0.6666666666666666,0.07000000000000005
20210.0,0.66,0.0033333333333333375,0.3366666666666667
20718.0,0.0,0.3333333333333333,0.6666666666666666
20449.0,0.0,0.3333333333333333,0.6666666666666666
21615.0,0.3166666666666666,0.6666666666666667,0.016666666666666687
21270.0,0.6099999999999998,0.3666666666666668,0.02333333333333335
20997.0,0.1600000000000002,0.17333333333333348,0.6666666666666662
20515.0,0.0,0.3333333333333333,0.6666666666666666
20268.0,0.6666666666666667,0.32666666666666666,0.006666666666666675
20031.0,0.21666666666666676,0.6633333333333331,0.12000000000000013
20784.0,0.0,0.6499999999999998,0.35000000000000014
21547.0,0.003333333333333336,0.3566666666666668,0.6399999999999998
20091.0,0.06333333333333337,0.27999999999999997,0.6566666666666665
20852.0,0.3400000000000001,0.003333333333333337,0.6566666666666666
20328.0,0.6233333333333332,0.37000000000000016,0.00666666666666667
20583.0,0.23333333333333328,0.23666666666666675,0.5299999999999999
21057.0,0.5999999999999998,0.3700000000000003,0.030000000000000016
21330.0,0.6466666666666665,0.35333333333333355,0.0
21734.0,0.003333333333333335,0.6166666666666664,0.3800000000000003
20650.0,0.5633333333333332,0.42333333333333345,0.01333333333333334
20389.0,0.6599999999999999,0.34,0.0
20150.0,0.02000000000000002,0.6633333333333333,0.3166666666666666
20921.0,0.3066666666666666,0.6666666666666666,0.026666666666666696
21407.0,0.030000000000000034,0.66,0.30999999999999994
21132.0,0.01333333333333334,0.6166666666666664,0.3700000000000002
21193.0,0.0,0.4566666666666668,0.5433333333333332
21466.0,0.02666666666666668,0.5733333333333331,0.4000000000000003
20211.0,0.0,0.38333333333333347,0.6166666666666665
20988.0,0.003333333333333337,0.3333333333333333,0.6633333333333333
20719.0,0.026666666666666696,0.3066666666666666,0.6666666666666666
20448.0,0.07999999999999997,0.5066666666666664,0.41333333333333366
21667.0,0.29000000000000004,0.07000000000000005,0.6399999999999999
21271.0,0.6666666666666666,0.3333333333333333,0.0
20996.0,0.6633333333333332,0.056666666666666705,0.27999999999999997
20514.0,0.5466666666666665,0.4533333333333334,0.0
20269.0,0.0,0.3333333333333333,0.6666666666666666
20030.0,0.11333333333333336,0.4466666666666665,0.44000000000000006
20785.0,0.6633333333333332,0.25666666666666665,0.08000000000000004
21614.0,0.0,0.3333333333333333,0.6666666666666666
20853.0,0.12000000000000009,0.31000000000000005,0.57
20090.0,0.6666666666666667,0.33,0.0033333333333333375
20582.0,0.013333333333333348,0.36666666666666686,0.6199999999999998
20329.0,0.3733333333333336,0.6233333333333332,0.0033333333333333366
21056.0,0.06000000000000005,0.6599999999999999,0.28
21331.0,0.23333333333333336,0.6533333333333332,0.11333333333333348
21546.0,0.31666666666666665,0.026666666666666693,0.6566666666666666
20388.0,0.6666666666666666,0.3333333333333333,0.0
20651.0,0.0,0.46666666666666673,0.5333333333333333
20151.0,0.0,0.3333333333333333,0.6666666666666666
20920.0,0.010000000000000004,0.4633333333333335,0.5266666666666665
21406.0,0.07666666666666672,0.3066666666666667,0.6166666666666666
21133.0,0.3366666666666668,0.6399999999999999,0.023333333333333355
21735.0,0.6399999999999999,0.06333333333333341,0.2966666666666667
21122.0,0.3800000000000002,0.046666666666666676,0.5733333333333331
21393.0,0.35333333333333355,0.01666666666666668,0.6299999999999998
20152.0,0.19333333333333347,0.663333333333333,0.1433333333333335
20919.0,0.6666666666666666,0.3333333333333333,0.0
20644.0,0.08666666666666673,0.2466666666666667,0.6666666666666665
20395.0,0.6533333333333331,0.0,0.3466666666666668
21736.0,0.0,0.6666666666666666,0.3333333333333333
21340.0,0.6633333333333332,0.08333333333333338,0.25333333333333335
21071.0,0.5799999999999998,0.010000000000000005,0.41000000000000014
20585.0,0.5499999999999998,0.3400000000000001,0.11000000000000004
20326.0,0.030000000000000034,0.3033333333333333,0.6666666666666666
20858.0,0.39666666666666683,0.2666666666666666,0.3366666666666666
20085.0,0.5433333333333331,0.0,0.45666666666666694
21541.0,0.0,0.5366666666666664,0.4633333333333335
20798.0,0.10666666666666677,0.6666666666666664,0.22666666666666674
20017.0,0.6666666666666666,0.3333333333333333,0.0
20258.0,0.01333333333333335,0.6633333333333334,0.32333333333333325
20525.0,0.6666666666666666,0.26333333333333336,0.07000000000000005
21003.0,0.5599999999999999,0.2566666666666667,0.18333333333333346
21272.0,0.006666666666666668,0.5233333333333334,0.47
21601.0,0.23333333333333345,0.1233333333333335,0.6433333333333331
20704.0,0.17333333333333348,0.17333333333333348,0.653333333333333
20463.0,0.17666666666666675,0.2166666666666667,0.6066666666666666
20220.0,0.03666666666666671,0.29999999999999993,0.6633333333333333
20979.0,0.2799999999999999,0.24999999999999983,0.4700000000000002
21461.0,0.23333333333333345,0.10666666666666677,0.6599999999999998
21190.0,0.013333333333333345,0.3366666666666667,0.6499999999999998
21676.0,0.0,0.6033333333333329,0.39666666666666694
21737.0,0.6066666666666665,0.21666666666666676,0.17666666666666683
21123.0,0.0,0.48333333333333334,0.5166666666666666
21392.0,0.0,0.3333333333333333,0.6666666666666666
20918.0,0.6333333333333331,0.23333333333333342,0.13333333333333353
20153.0,0.5933333333333329,0.010000000000000004,0.39666666666666706
20645.0,0.0,0.3333333333333333,0.6666666666666666
20394.0,0.1900000000000001,0.55,0.25999999999999984
21540.0,0.5366666666666667,0.3299999999999999,0.1333333333333334
21341.0,0.40666666666666684,0.013333333333333338,0.5799999999999998
21070.0,0.0,0.48333333333333345,0.5166666666666666
20584.0,0.5533333333333333,0.10000000000000005,0.3466666666666667
20327.0,0.6533333333333333,0.3366666666666667,0.010000000000000012
20084.0,0.48999999999999994,0.5066666666666668,0.0033333333333333335
20859.0,0.0,0.3333333333333333,0.6666666666666666
21600.0,0.006666666666666667,0.5899999999999997,0.40333333333333354
20016.0,0.0,0.5566666666666665,0.44333333333333347
20799.0,0.6666666666666666,0.3333333333333333,0.0
20259.0,0.01000000000000001,0.3366666666666667,0.6533333333333333
20524.0,0.1833333333333335,0.1500000000000002,0.6666666666666663
21002.0,0.40666666666666684,0.19000000000000006,0.4033333333333332
21273.0,0.06666666666666671,0.6666666666666665,0.26666666666666666
21677.0,0.05333333333333339,0.6533333333333333,0.29333333333333333
20705.0,0.0,0.5833333333333329,0.416666666666667
20462.0,0.09666666666666676,0.24000000000000002,0.6633333333333332
20221.0,0.3633333333333336,0.4166666666666666,0.21999999999999992
20978.0,0.003333333333333336,0.3600000000000001,0.6366666666666665
21460.0,0.6666666666666666,0.3333333333333333,0.0
21191.0,0.6499999999999999,0.31333333333333324,0.0366666666666667
21395.0,0.32999999999999996,0.5233333333333333,0.14666666666666672
21120.0,0.14000000000000018,0.5366666666666666,0.32333333333333314
20646.0,0.6666666666666666,0.3333333333333333,0.0
20393.0,0.2466666666666667,0.5866666666666666,0.16666666666666677
20154.0,0.6666666666666666,0.3333333333333333,0.0
20917.0,0.27,0.06666666666666672,0.6633333333333333
21738.0,0.6666666666666666,0.3333333333333333,0.0
21069.0,0.6666666666666666,0.3333333333333333,0.0
21342.0,0.5633333333333334,0.19333333333333336,0.24333333333333332
20087.0,0.02666666666666667,0.42000000000000026,0.5533333333333331
20856.0,0.18000000000000016,0.15333333333333354,0.6666666666666663
20324.0,0.6499999999999998,0.0,0.35000000000000014
20587.0,0.01666666666666668,0.6299999999999998,0.3533333333333335
21543.0,0.6666666666666666,0.3333333333333333,0.0
20527.0,0.29333333333333333,0.19666666666666674,0.5099999999999999
20256.0,0.6666666666666667,0.3166666666666666,0.016666666666666687
20019.0,0.0,0.3333333333333333,0.6666666666666666
20796.0,0.0,0.5466666666666666,0.4533333333333335
21274.0,0.02333333333333336,0.6666666666666667,0.31
21001.0,0.07999999999999996,0.4533333333333334,0.4666666666666665
21603.0,0.47666666666666707,0.523333333333333,0.0
20977.0,0.12333333333333348,0.2100000000000001,0.6666666666666664
20222.0,0.06333333333333338,0.27,0.6666666666666666
20706.0,0.6299999999999999,0.05666666666666672,0.3133333333333333
20461.0,0.0,0.43666666666666704,0.563333333333333
21188.0,0.016666666666666687,0.3166666666666666,0.6666666666666667
21463.0,0.13666666666666671,0.53,0.3333333333333332
21678.0,0.37,0.5666666666666667,0.06333333333333335
21739.0,0.5533333333333332,0.44666666666666677,0.0
21394.0,0.3566666666666669,0.6366666666666664,0.006666666666666671
21121.0,0.34000000000000014,0.5999999999999999,0.060000000000000005
20647.0,0.0,0.3966666666666668,0.6033333333333332
20392.0,0.0,0.3366666666666667,0.6633333333333333
20155.0,0.3400000000000001,0.6599999999999999,0.0
20916.0,0.030000000000000034,0.3033333333333333,0.6666666666666666
21542.0,0.3633333333333332,0.19999999999999998,0.43666666666666676
21068.0,0.04000000000000004,0.2933333333333333,0.6666666666666666
21343.0,0.12000000000000013,0.22666666666666677,0.6533333333333331
20857.0,0.24333333333333332,0.5566666666666666,0.2000000000000001
20086.0,0.6466666666666666,0.3533333333333335,0.0
20325.0,0.030000000000000034,0.3033333333333333,0.6666666666666666
20586.0,0.1600000000000002,0.2266666666666668,0.6133333333333331
21602.0,0.003333333333333337,0.32999999999999996,0.6666666666666666
20257.0,0.19666666666666674,0.6499999999999998,0.15333333333333354
20526.0,0.0,0.3333333333333333,0.6666666666666666
20018.0,0.6666666666666666,0.3333333333333333,0.0
20797.0,0.2833333333333334,0.12000000000000009,0.5966666666666665
21275.0,0.0,0.3333333333333333,0.6666666666666666
21000.0,0.006666666666666667,0.4933333333333333,0.5000000000000001
21679.0,0.0,0.36000000000000026,0.6399999999999998
20976.0,0.21666666666666673,0.12666666666666682,0.6566666666666664
20223.0,0.003333333333333337,0.66,0.3366666666666667
20707.0,0.5100000000000003,0.2566666666666665,0.23333333333333328
20460.0,0.023333333333333355,0.32333333333333336,0.6533333333333333
21189.0,0.6266666666666664,0.37333333333333363,0.0
21462.0,0.17333333333333345,0.2766666666666667,0.5499999999999998
20589.0,0.6666666666666666,0.3333333333333333,0.0
20322.0,0.663333333333333,0.15333333333333352,0.18333333333333346
20081.0,0.20000000000000007,0.1766666666666668,0.623333333333333
20862.0,0.36000000000000015,0.003333333333333336,0.6366666666666665
21336.0,0.44999999999999996,0.06666666666666665,0.48333333333333345
21067.0,0.6666666666666666,0.3333333333333333,0.0
21537.0,0.07666666666666667,0.3733333333333333,0.55
20156.0,0.07333333333333336,0.30666666666666664,0.6199999999999999
20915.0,0.4233333333333338,0.5766666666666663,0.0
20640.0,0.0,0.6299999999999997,0.37000000000000033
20399.0,0.003333333333333337,0.32999999999999996,0.6666666666666666
21126.0,0.0,0.48333333333333334,0.5166666666666666
21397.0,0.5100000000000001,0.0,0.48999999999999994
21740.0,0.08666666666666673,0.25333333333333335,0.6599999999999999
21457.0,0.0,0.3533333333333335,0.6466666666666665
21186.0,0.6666666666666667,0.32666666666666666,0.006666666666666675
20459.0,0.21333333333333346,0.5566666666666665,0.22999999999999995
20708.0,0.0,0.5799999999999998,0.42000000000000026
20983.0,0.23999999999999985,0.3533333333333335,0.40666666666666657
20216.0,0.06666666666666671,0.6666666666666665,0.26666666666666666
21672.0,0.6666666666666666,0.3333333333333333,0.0
21007.0,0.06333333333333338,0.27666666666666667,0.6599999999999999
21276.0,0.0,0.36000000000000015,0.6399999999999999
20794.0,0.26666666666666666,0.3266666666666666,0.4066666666666667
20021.0,0.20666666666666678,0.12666666666666682,0.6666666666666664
20521.0,0.6366666666666666,0.3633333333333335,0.0
20262.0,0.040000000000000056,0.31333333333333335,0.6466666666666666
21605.0,0.020000000000000025,0.3133333333333333,0.6666666666666667
21536.0,0.6666666666666666,0.3333333333333333,0.0
20588.0,0.0,0.4166666666666668,0.5833333333333331
20323.0,0.37000000000000005,0.16666666666666666,0.4633333333333332
20080.0,0.6666666666666667,0.33,0.0033333333333333375
20863.0,0.0,0.3500000000000002,0.6499999999999999
21337.0,0.15666666666666684,0.1766666666666668,0.6666666666666662
21066.0,0.0,0.3333333333333333,0.6666666666666666
21741.0,0.003333333333333334,0.39000000000000024,0.6066666666666664
20157.0,0.14333333333333353,0.2200000000000001,0.6366666666666664
20914.0,0.6666666666666666,0.3333333333333333,0.0
20398.0,0.6666666666666667,0.31,0.02333333333333336
20641.0,0.030000000000000034,0.3066666666666666,0.6633333333333333
21127.0,0.38333333333333325,0.5266666666666667,0.09000000000000001
21396.0,0.0,0.4300000000000002,0.5699999999999998
21673.0,0.6466666666666665,0.10666666666666677,0.2466666666666667
21456.0,0.6466666666666666,0.3533333333333335,0.0
21187.0,0.003333333333333337,0.32999999999999996,0.6666666666666666
20709.0,0.6599999999999996,0.16333333333333355,0.17666666666666683
20458.0,0.49666666666666665,0.003333333333333333,0.5
20982.0,0.01333333333333335,0.6666666666666667,0.31999999999999995
20217.0,0.15000000000000022,0.653333333333333,0.19666666666666677
21604.0,0.13000000000000014,0.22333333333333338,0.6466666666666664
21006.0,0.18000000000000002,0.5400000000000001,0.27999999999999986
21277.0,0.05000000000000005,0.29,0.6599999999999999
20795.0,0.6333333333333332,0.36666666666666686,0.0
20020.0,0.0,0.5766666666666663,0.4233333333333336
20520.0,0.1333333333333335,0.6666666666666663,0.2000000000000001
20263.0,0.29666666666666663,0.03666666666666671,0.6666666666666666
20083.0,0.0,0.5133333333333332,0.48666666666666686
20860.0,0.003333333333333337,0.32999999999999996,0.6666666666666666
20591.0,0.41,0.38999999999999996,0.20000000000000007
20320.0,0.0,0.6566666666666666,0.3433333333333335
21065.0,0.6666666666666666,0.3333333333333333,0.0
21338.0,0.026666666666666696,0.3066666666666666,0.6666666666666666
21539.0,0.6666666666666664,0.11000000000000011,0.2233333333333334
20642.0,0.2000000000000001,0.6233333333333331,0.17666666666666683
20397.0,0.0,0.376666666666667,0.623333333333333
20158.0,0.6666666666666666,0.06000000000000005,0.2733333333333334
20913.0,0.6666666666666666,0.3333333333333333,0.0
21399.0,0.35000000000000003,0.6066666666666667,0.043333333333333356
21124.0,0.0,0.37333333333333363,0.6266666666666664
21742.0,0.1633333333333335,0.6066666666666665,0.22999999999999998
21184.0,0.16666666666666688,0.1800000000000002,0.653333333333333
21459.0,0.4500000000000001,0.0,0.5499999999999998
20981.0,0.0033333333333333335,0.5200000000000001,0.47666666666666657
20218.0,0.6666666666666664,0.21333333333333343,0.12000000000000013
20457.0,0.006666666666666666,0.49666666666666665,0.49666666666666665
20710.0,0.48,0.43666666666666676,0.08333333333333331
21674.0,0.6666666666666666,0.3333333333333333,0.0
21278.0,0.47333333333333344,0.4099999999999998,0.11666666666666668
21005.0,0.24666666666666667,0.22000000000000006,0.5333333333333333
20260.0,0.0,0.4066666666666669,0.5933333333333332
20523.0,0.6633333333333333,0.33666666666666667,0.0
20023.0,0.5266666666666665,0.4633333333333335,0.01
20792.0,0.19333333333333344,0.15666666666666684,0.6499999999999997
21607.0,0.0,0.6299999999999997,0.3700000000000002
21538.0,0.21000000000000002,0.4500000000000001,0.33999999999999986
20861.0,0.3333333333333333,0.6666666666666666,0.0
20082.0,0.5533333333333333,0.2699999999999999,0.17666666666666675
20321.0,0.003333333333333337,0.33666666666666667,0.6599999999999999
20590.0,0.1500000000000002,0.20333333333333345,0.6466666666666664
21064.0,0.6666666666666666,0.3333333333333333,0.0
21339.0,0.6133333333333331,0.3600000000000002,0.026666666666666686
21743.0,0.01333333333333335,0.31999999999999995,0.6666666666666667
20396.0,0.0,0.5100000000000001,0.48999999999999977
20643.0,0.3666666666666667,0.41333333333333344,0.2199999999999999
20159.0,0.33666666666666667,0.6566666666666666,0.006666666666666674
20912.0,0.006666666666666675,0.32666666666666666,0.6666666666666667
21398.0,0.043333333333333376,0.29333333333333333,0.6633333333333333
21125.0,0.6666666666666667,0.0033333333333333375,0.33
21675.0,0.6533333333333332,0.3366666666666667,0.01000000000000001
21185.0,0.1533333333333335,0.1866666666666668,0.6599999999999997
21458.0,0.23000000000000007,0.10666666666666677,0.6633333333333331
20980.0,0.21666666666666676,0.1166666666666668,0.6666666666666664
20219.0,0.5333333333333331,0.003333333333333333,0.46333333333333343
20456.0,0.0033333333333333357,0.6266666666666664,0.3700000000000003
20711.0,0.2633333333333333,0.18666666666666668,0.5499999999999999
21606.0,0.35,0.27333333333333326,0.37666666666666676
21279.0,0.0,0.3966666666666667,0.6033333333333333
21004.0,0.6066666666666666,0.3600000000000001,0.03333333333333337
20261.0,0.06666666666666672,0.2666666666666667,0.6666666666666666
20522.0,0.20666666666666678,0.6666666666666664,0.12666666666666682
20022.0,0.09333333333333342,0.2500000000000001,0.6566666666666665
20793.0,0.5133333333333334,0.003333333333333333,0.4833333333333333
20008.0,0.0,0.33666666666666667,0.6633333333333333
20775.0,0.4933333333333334,0.0,0.5066666666666666
20532.0,0.0,0.42333333333333356,0.5766666666666663
20283.0,0.11000000000000014,0.23666666666666678,0.6533333333333332
21010.0,0.41666666666666685,0.2366666666666665,0.3466666666666666
21249.0,0.0,0.3333333333333333,0.6666666666666666
21624.0,0.40000000000000024,0.5799999999999997,0.02000000000000001
20729.0,0.0,0.6266666666666665,0.3733333333333336
20470.0,0.003333333333333336,0.6366666666666665,0.36000000000000015
20970.0,0.0,0.3333333333333333,0.6666666666666666
20197.0,0.2866666666666667,0.12333333333333339,0.5899999999999999
21452.0,0.6666666666666666,0.3333333333333333,0.0
21215.0,0.16666666666666674,0.3733333333333334,0.4599999999999999
21685.0,0.0,0.35000000000000014,0.6499999999999998
21147.0,0.0,0.3333333333333333,0.6666666666666666
21384.0,0.48000000000000004,0.29666666666666663,0.2233333333333333
20129.0,0.08333333333333341,0.6433333333333333,0.2733333333333334
20910.0,0.20666666666666678,0.15666666666666687,0.6366666666666663
20669.0,0.04000000000000004,0.2933333333333333,0.6666666666666666
20402.0,0.4800000000000002,0.5199999999999998,0.0
21745.0,0.6666666666666666,0.2866666666666666,0.04666666666666671
21317.0,0.07999999999999996,0.3666666666666668,0.5533333333333332
21078.0,0.023333333333333362,0.3233333333333333,0.6533333333333333
20351.0,0.1633333333333334,0.28333333333333327,0.5533333333333332
20592.0,0.6666666666666667,0.33,0.0033333333333333375
20076.0,0.18666666666666687,0.6399999999999997,0.1733333333333335
20835.0,0.14666666666666678,0.5833333333333333,0.26999999999999996
21564.0,0.6633333333333333,0.3066666666666666,0.030000000000000034
21625.0,0.2299999999999999,0.4033333333333332,0.3666666666666668
20774.0,0.0,0.5233333333333331,0.47666666666666685
20009.0,0.0,0.3333333333333333,0.6666666666666666
20533.0,0.4033333333333336,0.5833333333333331,0.013333333333333338
20282.0,0.4933333333333334,0.16666666666666685,0.33999999999999986
21011.0,0.5299999999999998,0.4433333333333334,0.02666666666666666
21248.0,0.5433333333333329,0.4366666666666671,0.019999999999999993
21684.0,0.5166666666666666,0.21333333333333332,0.27
20728.0,0.6666666666666666,0.2733333333333334,0.06000000000000005
20471.0,0.6666666666666664,0.2233333333333334,0.11000000000000011
20196.0,0.39000000000000007,0.5799999999999998,0.030000000000000013
20971.0,0.35000000000000003,0.003333333333333337,0.6466666666666666
21453.0,0.0,0.3400000000000001,0.6599999999999999
21214.0,0.0,0.6666666666666666,0.3333333333333333
21744.0,0.0,0.6533333333333332,0.34666666666666673
21146.0,0.2633333333333333,0.08000000000000004,0.6566666666666665
21385.0,0.4633333333333334,0.019999999999999997,0.5166666666666667
20128.0,0.39000000000000035,0.00666666666666667,0.6033333333333329
20911.0,0.043333333333333376,0.3233333333333334,0.6333333333333332
20668.0,0.4733333333333335,0.20333333333333345,0.3233333333333331
20403.0,0.0,0.3333333333333333,0.6666666666666666
21565.0,0.21666666666666673,0.19333333333333344,0.5899999999999999
21316.0,0.09333333333333338,0.32,0.5866666666666667
21079.0,0.09999999999999999,0.40333333333333343,0.4966666666666666
20593.0,0.07000000000000005,0.6666666666666666,0.26333333333333336
20350.0,0.0,0.5233333333333331,0.47666666666666685
20834.0,0.26000000000000006,0.2933333333333333,0.4466666666666667
20077.0,0.24666666666666676,0.6666666666666666,0.08666666666666674
20281.0,0.5933333333333332,0.36666666666666686,0.04000000000000002
20534.0,0.6366666666666665,0.013333333333333345,0.35000000000000014
20773.0,0.06333333333333341,0.2966666666666667,0.6399999999999999
20010.0,0.003333333333333334,0.3900000000000002,0.6066666666666665
21251.0,0.0,0.3433333333333335,0.6566666666666666
21008.0,0.5766666666666668,0.10000000000000007,0.3233333333333332
21626.0,0.36999999999999994,0.33333333333333354,0.2966666666666666
20199.0,0.003333333333333333,0.5733333333333331,0.42333333333333356
20968.0,0.2233333333333334,0.11000000000000011,0.6666666666666664
20468.0,0.6666666666666666,0.3333333333333333,0.0
20731.0,0.013333333333333348,0.66,0.32666666666666666
21213.0,0.4433333333333332,0.06666666666666664,0.49000000000000005
21454.0,0.20000000000000012,0.1766666666666668,0.6233333333333331
21687.0,0.016666666666666687,0.3166666666666666,0.6666666666666667
21386.0,0.6299999999999998,0.3700000000000002,0.0
21145.0,0.47333333333333355,0.5133333333333332,0.013333333333333334
20400.0,0.6533333333333333,0.3433333333333334,0.003333333333333337
20671.0,0.5466666666666665,0.4533333333333335,0.0
20908.0,0.01333333333333335,0.31999999999999995,0.6666666666666667
20131.0,0.6666666666666666,0.3333333333333333,0.0
21747.0,0.6666666666666666,0.3333333333333333,0.0
21076.0,0.5133333333333333,0.35666666666666674,0.1300000000000001
21319.0,0.0,0.5433333333333333,0.4566666666666667
20833.0,0.3033333333333333,0.6666666666666666,0.030000000000000034
20078.0,0.19000000000000014,0.14666666666666683,0.663333333333333
20594.0,0.6666666666666666,0.3333333333333333,0.0
20349.0,0.6666666666666666,0.3333333333333333,0.0
21566.0,0.6066666666666665,0.3933333333333336,0.0
21627.0,0.0,0.3333333333333333,0.6666666666666666
20280.0,0.6333333333333334,0.06666666666666674,0.3
20535.0,0.6666666666666666,0.3333333333333333,0.0
20011.0,0.0,0.3333333333333333,0.6666666666666666
20772.0,0.32,0.6433333333333332,0.03666666666666671
21250.0,0.6666666666666666,0.3333333333333333,0.0
21009.0,0.0,0.5333333333333333,0.46666666666666673
21686.0,0.21333333333333343,0.14333333333333353,0.6433333333333331
20969.0,0.0,0.6666666666666666,0.3333333333333333
20198.0,0.2566666666666666,0.17000000000000018,0.5733333333333331
20469.0,0.6666666666666666,0.04000000000000004,0.2933333333333333
20730.0,0.0,0.3333333333333333,0.6666666666666666
21212.0,0.0,0.3400000000000001,0.6599999999999999
21455.0,0.6466666666666664,0.3533333333333335,0.0
21746.0,0.3533333333333335,0.6466666666666665,0.0
21387.0,0.0,0.3333333333333333,0.6666666666666666
21144.0,0.02666666666666667,0.4800000000000002,0.4933333333333331
20401.0,0.0,0.36333333333333345,0.6366666666666665
20670.0,0.0,0.3566666666666668,0.6433333333333332
20909.0,0.0,0.3633333333333335,0.6366666666666665
20130.0,0.0,0.3333333333333333,0.6666666666666666
21567.0,0.6099999999999997,0.39000000000000035,0.0
21077.0,0.04,0.5433333333333331,0.41666666666666685
21318.0,0.4100000000000003,0.059999999999999984,0.5299999999999998
20832.0,0.0,0.35000000000000003,0.6499999999999999
20079.0,0.5533333333333331,0.4466666666666668,0.0
20595.0,0.4033333333333334,0.0833333333333333,0.5133333333333333
20348.0,0.033333333333333375,0.3033333333333333,0.6633333333333333
21448.0,0.0,0.3333333333333333,0.6666666666666666
21211.0,0.6666666666666667,0.29000000000000004,0.04333333333333338
20466.0,0.6666666666666666,0.3333333333333333,0.0
20733.0,0.0,0.3466666666666668,0.6533333333333331
20974.0,0.6566666666666666,0.006666666666666674,0.33666666666666667
20193.0,0.10666666666666677,0.58,0.31333333333333335
21681.0,0.6666666666666666,0.3333333333333333,0.0
21014.0,0.6666666666666666,0.3333333333333333,0.0
21253.0,0.6666666666666665,0.24333333333333337,0.09000000000000007
20012.0,0.31999999999999995,0.043333333333333376,0.6366666666666666
20771.0,0.6666666666666666,0.3333333333333333,0.0
20287.0,0.29666666666666663,0.6566666666666665,0.04666666666666671
20528.0,0.3933333333333335,0.010000000000000007,0.5966666666666665
21628.0,0.0,0.6366666666666664,0.3633333333333336
20596.0,0.04666666666666671,0.29,0.6633333333333333
20347.0,0.39000000000000035,0.6099999999999997,0.0
20839.0,0.2133333333333334,0.5799999999999998,0.20666666666666667
20072.0,0.04333333333333335,0.3766666666666667,0.5799999999999998
21313.0,0.6666666666666666,0.3333333333333333,0.0
21074.0,0.010000000000000012,0.6666666666666667,0.32333333333333325
21560.0,0.003333333333333336,0.6266666666666665,0.3700000000000001
20133.0,0.09000000000000005,0.2833333333333333,0.6266666666666665
20906.0,0.0,0.4200000000000002,0.5799999999999997
20665.0,0.6399999999999999,0.36000000000000015,0.0
20406.0,0.5666666666666664,0.43333333333333346,0.0
21151.0,0.016666666666666684,0.3199999999999999,0.6633333333333333
21388.0,0.013333333333333332,0.5066666666666666,0.48000000000000015
21749.0,0.16333333333333336,0.4066666666666666,0.43
21680.0,0.003333333333333337,0.32999999999999996,0.6666666666666666
21449.0,0.13000000000000017,0.20333333333333345,0.6666666666666664
21210.0,0.6666666666666667,0.32666666666666666,0.006666666666666675
20732.0,0.26000000000000006,0.6666666666666666,0.07333333333333339
20467.0,0.47666666666666657,0.11333333333333334,0.4100000000000001
20975.0,0.6366666666666666,0.3433333333333334,0.02000000000000002
20192.0,0.1166666666666668,0.21666666666666676,0.6666666666666664
21629.0,0.043333333333333356,0.5833333333333331,0.3733333333333336
21015.0,0.02333333333333336,0.6666666666666667,0.31
21252.0,0.5566666666666665,0.0,0.44333333333333347
20013.0,0.6166666666666665,0.20666666666666675,0.17666666666666683
20770.0,0.14000000000000015,0.24000000000000007,0.6199999999999997
20529.0,0.0,0.4000000000000002,0.5999999999999998
20286.0,0.0,0.3333333333333333,0.6666666666666666
21561.0,0.6666666666666666,0.3333333333333333,0.0
20346.0,0.5433333333333331,0.45666666666666694,0.0
20597.0,0.5033333333333334,0.35,0.14666666666666672
20838.0,0.0,0.3333333333333333,0.6666666666666666
20073.0,0.1533333333333335,0.5933333333333332,0.2533333333333333
21312.0,0.0,0.5499999999999996,0.45000000000000034
21075.0,0.3933333333333335,0.010000000000000004,0.5966666666666666
21748.0,0.29333333333333317,0.4133333333333337,0.2933333333333332
20132.0,0.6399999999999999,0.36000000000000015,0.0
20907.0,0.6599999999999997,0.17333333333333348,0.1666666666666668
20407.0,0.010000000000000012,0.32333333333333325,0.6666666666666667
20664.0,0.25000000000000006,0.0833333333333334,0.6666666666666666
21150.0,0.17333333333333348,0.653333333333333,0.17333333333333348
21389.0,0.6533333333333333,0.34666666666666673,0.0
21209.0,0.12333333333333348,0.2100000000000001,0.6666666666666664
21450.0,0.0,0.3600000000000001,0.6399999999999998
20972.0,0.5633333333333331,0.42666666666666686,0.010000000000000004
20195.0,0.5666666666666664,0.43333333333333357,0.0
20735.0,0.020000000000000025,0.3133333333333333,0.6666666666666667
20464.0,0.0,0.3333333333333333,0.6666666666666666
21683.0,0.18333333333333346,0.6566666666666663,0.16000000000000023
21255.0,0.0,0.39333333333333353,0.6066666666666665
21012.0,0.15000000000000016,0.6666666666666662,0.18333333333333346
20530.0,0.13000000000000012,0.3233333333333333,0.5466666666666665
20285.0,0.0,0.3333333333333333,0.6666666666666666
20769.0,0.633333333333333,0.366666666666667,0.0
20014.0,0.2233333333333333,0.5733333333333334,0.20333333333333337
21630.0,0.4966666666666665,0.4633333333333336,0.04
20837.0,0.6666666666666666,0.3333333333333333,0.0
20074.0,0.6666666666666665,0.25000000000000006,0.08333333333333338
20345.0,0.006666666666666675,0.32666666666666666,0.6666666666666667
20598.0,0.0,0.34,0.6599999999999999
21072.0,0.6666666666666666,0.3333333333333333,0.0
21315.0,0.6599999999999999,0.003333333333333337,0.3366666666666667
21562.0,0.6633333333333333,0.04666666666666671,0.29
20404.0,0.5066666666666665,0.05999999999999999,0.4333333333333335
20667.0,0.0,0.3333333333333333,0.6666666666666666
20135.0,0.003333333333333337,0.32999999999999996,0.6666666666666666
20904.0,0.13000000000000017,0.6666666666666664,0.20333333333333345
21390.0,0.003333333333333337,0.32999999999999996,0.6666666666666666
21149.0,0.2066666666666668,0.19000000000000014,0.6033333333333332
21751.0,0.14000000000000007,0.33666666666666656,0.5233333333333333
21682.0,0.01333333333333334,0.40666666666666657,0.5800000000000001
21208.0,0.14666666666666675,0.4766666666666668,0.3766666666666665
21451.0,0.09666666666666666,0.4333333333333331,0.47000000000000014
20194.0,0.6199999999999998,0.023333333333333352,0.35666666666666685
20973.0,0.6666666666666666,0.3333333333333333,0.0
20465.0,0.0,0.33666666666666667,0.6633333333333333
20734.0,0.06000000000000003,0.6166666666666666,0.32333333333333336
21631.0,0.6666666666666666,0.3333333333333333,0.0
21254.0,0.20000000000000007,0.2899999999999999,0.5099999999999999
21013.0,0.33333333333333337,0.003333333333333337,0.6633333333333333
20284.0,0.6666666666666666,0.3333333333333333,0.0
