21609.0,0.4473630121582223,0.18531319537885463,0.3673237924629231
20790.0,0.17102611107894308,0.03354785612915546,0.7954260327919015
20025.0,0.5880569796152558,0.41188487992085093,5.8140463893209554E-5
20517.0,0.8814658108390141,0.1173459451979586,0.0011882439630273038
20266.0,0.858466746015482,0.12436103866409154,0.017172215320426447
20995.0,0.1747922952648403,0.3641622000878858,0.4610455046472738
21264.0,0.903608975041588,0.09325795628496142,0.0031330686734506227
21668.0,0.1819967732007067,0.0573780734621523,0.760625153337141
20455.0,0.5031627913976187,0.49606207636002714,7.75132242354183E-4
20712.0,0.9351692985927904,0.06477671694423429,5.39844629753839E-5
20987.0,0.059067538673395245,0.0040976398875327774,0.9368348214390719
20212.0,0.9615115715732796,9.652557069388783E-5,0.03839190285602637
21469.0,0.8457635538901916,0.12383996208112265,0.030396484028685774
21198.0,0.48781306005103064,0.5086900401972076,0.0034968997517615657
21728.0,0.0019149164842946185,2.2361037584168845E-7,0.9980848599053296
21130.0,1.605217833994013E-6,0.6287145237972295,0.3712838709849366
21401.0,0.18117344060686552,0.028599754635347942,0.7902268047577865
20144.0,0.0025059297569553153,0.3911870099215427,0.606307060321502
20927.0,0.23604290981122616,0.3488565458553326,0.41510054433344135
20387.0,0.974283518824958,0.025658771034108022,5.771014093401267E-5
20652.0,0.5497437070402601,0.3992811694581252,0.05097512350161458
21549.0,0.9364609037594999,0.06308530437966543,4.53791860834777E-4
21332.0,0.2580004802181719,0.6062689643057849,0.13573055547604318
21063.0,0.03021786137007156,0.42827806287824605,0.5415040757516825
20577.0,0.05662379331309689,0.05384414264634807,0.8895320640405551
20334.0,1.000646139792483E-4,0.005686967025621979,0.9942129683603987
20850.0,0.30504025151807806,0.13589233137941698,0.559067417102505
20093.0,2.6229929750510735E-5,0.2795694491707575,0.720404320899492
20024.0,3.2512729384868603E-4,0.09865513148688805,0.9010197412192632
20791.0,0.6170517046042048,0.38008524305699765,0.0028630523387975534
20267.0,0.10477438352152561,0.504774973885728,0.3904506425927464
20516.0,7.339832446756846E-5,0.1055268554361856,0.8943997462393468
20994.0,8.86116248140791E-4,0.5690589647633133,0.4300549189885459
21265.0,0.005602060312803118,0.07901134249803177,0.9153865971891652
21608.0,0.3212122390629598,0.6488248091872301,0.029962951749809976
20713.0,0.46631644901156954,0.0317323553002141,0.5019511956882164
20454.0,0.43175263198502073,0.5132782029585878,0.05496916505639152
20986.0,0.858466746015482,0.12436103866409154,0.017172215320426447
20213.0,0.020443826703473944,0.47778295504185075,0.5017732182546752
21468.0,0.003200153056045147,0.01723642897880405,0.9795634179651507
21199.0,0.02674812129774468,0.020520070396876516,0.9527318083053788
21669.0,0.01940457781984383,0.37270388195396703,0.6078915402261892
21131.0,0.014431414877672546,0.13937062384270152,0.8461979612796259
21400.0,0.41806893497498476,0.5817392027745063,1.9186225050892727E-4
20926.0,2.8169520193217274E-4,0.030536854439183775,0.969181450358884
20145.0,0.0014342251039967074,0.9795647539069807,0.019001020989022652
20386.0,0.6248847594789819,0.3662994704326388,0.008815770088379377
20653.0,3.310198286265551E-7,0.023835463807983768,0.9761642051721876
21729.0,0.5433555746437921,0.43621460368451437,0.020429821671693587
21333.0,0.042610587759064206,0.04924303828677142,0.9081463739541643
21062.0,0.8988831929506138,0.08367445265797498,0.017442354391411195
20576.0,0.30854221460188974,0.1582653520891058,0.5331924333090045
20335.0,0.00699984505451144,0.10007922523467896,0.8929209297108095
20092.0,0.3535304107254372,0.6366601703379099,0.009809418936652754
20851.0,0.646280162402514,0.3465975700784578,0.007122267519028354
21548.0,0.7298296530193167,0.24709555211671266,0.023074794863970714
21611.0,0.7601977795858527,0.09293428842407668,0.14686793199007062
20519.0,0.2772385411010014,0.5057431039914869,0.21701835490751162
20264.0,0.9402977616373777,0.059436511722885395,2.6572663973708236E-4
20788.0,0.2530295425732939,0.7223282753505461,0.024642182076160018
20027.0,0.8840845358131194,0.11500721956589106,9.082446209895909E-4
21266.0,0.9852301132420782,0.014767867259084352,2.019498837439675E-6
20993.0,0.9384033092758143,0.06083086583363439,7.658248905513793E-4
21670.0,0.24151538680927487,0.004796276928822093,0.753688336261903
20214.0,0.0033309073379879884,0.19369550922390377,0.8029735834381083
20985.0,0.012879723415328666,0.5904290573462057,0.3966912192384656
20453.0,0.3557808938825363,0.3138935015308229,0.3303256045866409
20714.0,0.09441608230301725,0.14599528566907766,0.759588632027905
21196.0,0.20252975692203115,0.0871491763828643,0.7103210666951045
21471.0,0.640685474926056,0.25446874861872804,0.10484577645521607
21730.0,0.0023781706719091782,0.5843077141600201,0.41331411516807065
21403.0,0.0010566613768866655,0.213945899317375,0.7849974393057383
21128.0,0.026286338090940067,0.6882990761055452,0.28541458580351475
20385.0,0.9041774948380812,0.09576758365878392,5.4921503134930174E-5
20654.0,0.7958049188560867,0.19748311731648707,0.006711963827426071
20146.0,0.24378147917284054,0.3030217241133719,0.45319679671378765
20925.0,0.9660982290009701,0.03383505416792643,6.671683110342918E-5
21551.0,0.0037716672682082766,7.398915449147154E-4,0.995488441186877
21061.0,0.020858866085919383,0.011681429744010489,0.9674597041700702
21334.0,0.5023430053737036,0.2001763593070498,0.2974806353192467
20848.0,0.9378180675254755,0.06142416546908719,7.577670054373508E-4
20095.0,0.9649438826147264,0.03064002384636212,0.0044160935389114895
20332.0,0.00291866375599064,0.02459018716716229,0.9724911490768471
20579.0,0.1083404940726896,0.022756815951976497,0.868902689975334
20265.0,0.003798833059525071,0.02820236190506233,0.9679988050354125
20518.0,0.9601040552590653,0.039738100631915046,1.5784410901973928E-4
20026.0,0.29934724341653657,0.11832955702414544,0.5823231995593181
20789.0,0.2813388311130715,0.5574552133823147,0.16120595550461372
21267.0,0.30377017139720974,0.6728807660013187,0.023349062601471418
20992.0,1.0995665168265769E-8,0.004740111305358075,0.9952598776989768
21610.0,0.344551964968293,0.1511131509831826,0.5043348840485244
20984.0,3.9703219877445877E-4,5.19295480658041E-5,0.9995510382531597
20215.0,0.0055842579679473035,0.8309195805968121,0.16349616143524057
20452.0,0.28688464651708095,0.6785097213771998,0.03460563210571929
20715.0,0.02385314960389627,0.15190194254507597,0.8242449078510278
21197.0,0.2878881765382552,0.7035940163841776,0.008517807077567103
21470.0,0.4340211485989886,0.49887509333235425,0.06710375806865711
21671.0,0.0675026584372711,0.7413761748101841,0.1911211667525448
21402.0,0.31340671129979186,0.6773105888760502,0.009282699824158077
21129.0,0.1008889668209248,0.16754533539275515,0.7315656977863201
20384.0,4.064546826870185E-6,0.0025105428366941447,0.9974853926164791
20655.0,1.7837844091340993E-4,0.047365169129093034,0.9524564524299935
20147.0,0.9983004945081737,2.3456317050459522E-5,0.001676049174775697
20924.0,0.020115427760847293,0.031703927643996196,0.9481806445951565
21731.0,0.24871480743592192,0.33225850573166543,0.4190266868324127
21060.0,3.044925819384576E-4,0.0013248295543101761,0.9983706778637513
21335.0,0.912978428000004,0.02583622646958262,0.06118534553041348
20094.0,2.845465354436775E-6,0.041714963248493234,0.9582821912861524
20849.0,0.9782441333555127,0.02172475955712965,3.110708735768059E-5
20578.0,0.1745675699369411,0.735348693920155,0.09008373614290376
20333.0,0.9598882200355765,0.03968532628965907,4.2645367476436686E-4
21550.0,0.4796751673026823,0.39122064916145877,0.12910418353585895
21664.0,0.9262058702892653,0.07379048268471669,3.647026018044737E-6
21465.0,5.4235770982662144E-5,0.2693360552400989,0.7306097089889184
21194.0,0.020866109578098972,0.23774044905119052,0.7413934413707105
20451.0,0.6508621607707333,0.29745528074412453,0.05168255848514207
20716.0,0.8713029870578799,0.12581035927072295,0.002886653671397104
20208.0,5.220677311919459E-5,0.10009322615584665,0.8998545670710342
20991.0,0.012742242302287904,0.7998086097322213,0.18744914796549073
21613.0,0.734313588325491,0.2541034038115611,0.011583007862947976
20999.0,8.6565515433309E-5,0.9049146612250095,0.09499877325955718
21268.0,0.08038340151254056,0.36940901823685346,0.550207580250606
20029.0,1.3085284464241194E-5,1.0110978499871188E-5,0.9999768037370359
20786.0,0.0141147601395412,0.049204219784311956,0.9366810200761468
20270.0,0.009771539475970762,0.02222387813256994,0.9680045823914593
20513.0,0.05835504401413574,0.09621675083251562,0.8454282051533486
21545.0,0.9990501515068277,2.551804183559853E-4,6.946680748162258E-4
20581.0,0.06436880987169927,0.800162817008495,0.13546837311980583
20330.0,1.1980671741197698E-6,0.0810960796834757,0.9189027222493502
20089.0,0.7454769273091858,0.22240738963792075,0.03211568305289338
20854.0,0.020094403624401347,0.3012265278505703,0.6786790685250284
21328.0,0.00504978513993211,0.01816784062736066,0.9767823742327072
21059.0,0.7769879093122888,0.2221937140301397,8.18376657571417E-4
21732.0,0.7771227332289975,0.22182871668188492,0.0010485500891175698
20923.0,0.15245833112741977,0.012918270730584996,0.8346233981419953
20148.0,2.6433897510449426E-5,0.0012451813988422452,0.9987283847036473
20648.0,0.017473667187140548,0.008551257253429239,0.9739750755594302
20391.0,0.3904499599003274,0.11925054498252054,0.4902994951171521
21134.0,9.018395177681652E-4,0.05583536782070874,0.9432627926615231
21405.0,0.0032411796903412757,0.0033967758731763046,0.9933620444364825
21464.0,0.019103102174974514,0.5719870853347605,0.408909812490265
21195.0,0.03665098134233575,3.334834930550776E-4,0.9630155351646091
20717.0,0.16960520585715488,0.8295664049540727,8.28389188772442E-4
20450.0,0.4099759913349314,0.10198254469773599,0.4880414639673326
20209.0,0.3457834385378749,0.4794451322173202,0.1747714292448048
20990.0,0.43735711093723695,0.5009207338898183,0.06172215517294467
21665.0,0.06558780424117369,0.5604397939901239,0.3739724017687025
20998.0,0.10248059662102832,0.10026408513479144,0.7972553182441804
21269.0,0.5267220143406771,0.13457814837117066,0.3386998372881521
20028.0,0.03495740819850911,0.15395961709583314,0.8110829747056577
20787.0,0.41161435191500634,0.37887122605164214,0.2095144220333515
20271.0,0.2780470971244318,0.08485044084400846,0.6371024620315597
20512.0,0.6915304192011738,0.257089990009935,0.05137959078889113
21612.0,0.01187327520148193,0.004632226965452712,0.9834944978330653
20580.0,0.001104744355847305,0.0010692052262825877,0.9978260504178701
20331.0,0.01849853510236533,0.12876556873872652,0.8527358961589082
20855.0,0.9592975257421184,0.04062477191909422,7.770233878736884E-5
20088.0,0.5318856742163699,0.18270226366160577,0.28541206212202425
21329.0,0.06786988699011773,0.06002054859625606,0.8721095644136262
21058.0,0.10939790849610871,0.8218073661994021,0.06879472530448916
21544.0,0.8447637985404723,0.15337290316707836,0.0018632982924491961
20922.0,0.5242845368839903,0.4365517277799628,0.03916373533604677
20149.0,0.1069992378992198,0.05305612574016865,0.8399446363606115
20649.0,1.317621403153314E-8,4.361877651448352E-7,0.9999995506360209
20390.0,0.9842131983035826,0.015771887847142726,1.4913849274656303E-5
21135.0,0.12567182428304055,0.09872507620189339,0.775603099515066
21404.0,7.761555885003304E-4,0.5675052492917675,0.43171859511973226
21733.0,2.721962593724157E-4,0.05788315351285815,0.9418446502277694
21666.0,2.689000529823997E-4,0.15370736214673453,0.8460237378002831
21192.0,0.28921796414157097,0.17680659036293309,0.5339754454954961
21467.0,0.005950032166306711,0.25674374423605173,0.7373062235976415
20989.0,0.18277416845959207,0.8031630653498317,0.014062766190576418
20210.0,0.34169459799753354,0.01129087239795425,0.6470145296045122
20718.0,0.001463199563466818,5.855810853025188E-4,0.9979512193512307
20449.0,0.013663867698060739,0.027556208476277808,0.9587799238256615
21615.0,0.049929340816773346,0.9278870507503356,0.022183608432891144
21270.0,0.8566872524203826,0.12015711946944799,0.023155628110169493
20997.0,0.0612730514963769,0.617405660867929,0.32132128763569406
20515.0,5.8838245609828985E-5,0.07855237683220079,0.9213887849221893
20268.0,0.9836774140690865,0.016289083481932906,3.350244898051469E-5
20031.0,0.0556246286345772,0.9313598099716227,0.013015561393800034
20784.0,0.06690295788538493,0.8045225730606037,0.12857446905401135
21547.0,0.20170603019489616,0.19482214074651003,0.6034718290585938
20091.0,0.0607854110466271,0.16731777134765272,0.7718968176057202
20852.0,1.8640967238694493E-4,1.810603126965031E-8,0.9998135722215817
20328.0,0.9397324489286566,0.05911874647427536,0.0011488045970680304
20583.0,0.1277059343679507,0.2953880366360063,0.576906028996043
21057.0,0.9363840919874544,0.06347423114632328,1.416768662222572E-4
21330.0,0.5882352941176471,0.35294117647058826,0.058823529411764705
21734.0,0.0374070764130553,0.48317460706477,0.47941831652217476
20650.0,0.9441878454026755,0.05525393739033467,5.582172069899394E-4
20389.0,0.1437461745831857,0.8360474678604073,0.02020635755640705
20150.0,0.01097493794366,0.860480183030221,0.12854487902611894
20921.0,0.181563646745637,0.8171201355706285,0.0013162176837345527
21407.0,0.051020783070414834,0.600329325157994,0.3486498917715912
21132.0,2.0967302584351356E-4,0.688779590076993,0.3110107368971635
21193.0,0.05921546380158606,0.84686218237992,0.09392235381849388
21466.0,0.20027275639490824,0.25458296675573056,0.5451442768493612
20211.0,2.3698494735510815E-7,0.020521809914079755,0.979477953100973
20988.0,0.003199291224473863,0.005010126200920307,0.9917905825746057
20719.0,1.781729640308737E-4,0.0038310541302133097,0.9959907729057558
20448.0,1.2828275690453598E-7,0.010107695420022019,0.9898921762972211
21667.0,2.3731804845537093E-5,9.92262294678919E-4,0.9989840059004755
21271.0,0.8606789814565802,0.12299920972991041,0.0163218088135095
20996.0,0.9961339471533396,0.0038299780622146743,3.6074784445712245E-5
20514.0,0.858466746015482,0.12436103866409154,0.017172215320426447
20269.0,0.001758677682260676,0.021392856470597594,0.9768484658471417
20030.0,0.008154146021179977,0.7962258369430039,0.19562001703581608
20785.0,0.11707818811483423,0.09753103087494547,0.7853907810102203
21614.0,1.3567935692600074E-5,0.002020304890449813,0.9979661271738576
20853.0,0.08922627962122011,0.6966508183707002,0.21412290200807974
20090.0,0.39440863126265197,0.5574672159006303,0.04812415283671777
20582.0,0.0586939436377127,0.48166521302215004,0.4596408433401372
20329.0,0.01732423238134124,0.8860166441202315,0.0966591234984271
21056.0,0.02550983650273053,0.8655235312325648,0.1089666322647046
21331.0,0.5186276412243961,0.4795405268270012,0.0018318319486027967
21546.0,0.06200066259534175,8.654762461142084E-4,0.9371338611585439
20388.0,0.858466746015482,0.12436103866409154,0.017172215320426447
20651.0,0.08138196368249151,0.8461686742806545,0.07244936203685416
20151.0,0.00291866375599064,0.02459018716716229,0.9724911490768471
20920.0,0.04870079386178082,0.9063867103646631,0.04491249577355602
21406.0,2.845465354436775E-6,0.041714963248493234,0.9582821912861524
21133.0,0.872507073130173,0.12700463308690638,4.882937829206702E-4
21735.0,0.6863576916338829,0.26519796464511236,0.04844434372100468
21122.0,0.012669987045059592,0.010054705932570135,0.9772753070223703
21393.0,2.9239031311572973E-5,2.5614210037333127E-8,0.9999707353544783
20152.0,0.437741763997996,0.3938786602200754,0.1683795757819285
20919.0,0.7958049188560867,0.19748311731648707,0.006711963827426071
20644.0,0.018276436409178635,0.10555569341570784,0.8761678701751134
20395.0,0.3934408478731538,0.17187490722666482,0.4346842449001814
21736.0,0.0038928351396843694,0.9131192585673171,0.08298790629299842
21340.0,0.07825859272145474,0.7433123265471844,0.1784290807313609
21071.0,0.12271218111816447,0.12742321124507427,0.7498646076367613
20585.0,0.7949549053852017,0.17448639366592822,0.030558700948870064
20326.0,0.004806857928169698,0.05523545064267665,0.9399576914291536
20858.0,0.1523057996258061,0.7065343370289533,0.14115986334524075
20085.0,0.29483060565459324,0.1309940262165294,0.5741753681288775
21541.0,0.0010431305176382927,0.12335617643015423,0.8756006930522076
20798.0,0.06181134813895281,0.9295266591260195,0.008661992735027652
20017.0,0.9875735749445089,0.012425829262730833,5.95792760274143E-7
20258.0,0.009870215732130299,0.9859383573220565,0.004191426945813295
20525.0,0.10115892537266624,0.007794646050599916,0.8910464285767339
21003.0,0.9321924777311138,0.037725427678364454,0.030082094590521618
21272.0,0.01647569488259408,0.17357700092166284,0.8099473041957431
21601.0,0.1349348406946173,0.17126409223434214,0.6938010670710406
20704.0,2.673451634951514E-4,0.09650260305962835,0.9032300517768765
20463.0,0.015960956981079088,0.019127641471305572,0.9649114015476153
20220.0,0.0047170855233469354,0.003701656030177178,0.9915812584464758
20979.0,0.06516771450182457,0.004992578703134573,0.9298397067950408
21461.0,0.009095796137268502,0.019606200902716416,0.9712980029600151
21190.0,0.03225806451612903,0.06451612903225806,0.9032258064516129
21676.0,0.10658560689275282,0.7791454907065763,0.11426890240067095
21737.0,0.49492506018060134,0.052923079267019,0.45215186055237966
21123.0,0.19755853609508736,0.03335327178897731,0.7690881921159354
21392.0,3.875298482035435E-4,2.445681055074015E-4,0.999367902046289
20918.0,0.08747828091256436,0.09365104691234746,0.8188706721750881
20153.0,0.020115427760847283,0.03170392764399619,0.9481806445951565
20645.0,0.1240838970299676,0.619161327781826,0.2567547751882064
20394.0,0.2414153684921766,0.6458102203203153,0.11277441118750811
21540.0,0.5368021215344108,0.28121824031937176,0.18197963814621745
21341.0,0.43130092652263236,0.022597503265311913,0.5461015702120557
21070.0,0.001193354608341447,0.7718725361820963,0.22693410920956222
20584.0,0.16513424744636365,0.7927755596281169,0.04209019292551946
20327.0,0.5486069641746218,0.43031542004774936,0.02107761577762876
20084.0,0.5511822706252039,0.4486627331883866,1.5499618640939377E-4
20859.0,4.0762713591632147E-4,0.018437338055462663,0.9811550348086211
21600.0,0.33926448361560474,0.4818015628922442,0.1789339534921512
20016.0,0.002973628519902673,0.3891750344096443,0.607851337070453
20799.0,0.9895350050775304,0.010446362913667868,1.8632008801818663E-5
20259.0,4.1510095577662327E-4,0.12260387329842067,0.8769810257458026
20524.0,0.11045890881069613,0.0037055817779946855,0.8858355094113092
21002.0,0.09015553804779226,0.15353349278181652,0.7563109691703912
21273.0,0.14861576287390493,0.8371732614128428,0.014210975713252224
21677.0,0.0032269221452259286,0.44031102389297677,0.5564620539617973
20705.0,0.01406044702708839,0.5853364872204565,0.4006030657524552
20462.0,0.046730933634984574,0.15162779584821653,0.8016412705167989
20221.0,0.09315348261026114,0.7186217252493503,0.1882247921403885
20978.0,4.371477603835357E-6,1.3147813084463016E-4,0.9998641503915516
21460.0,0.9779176529798659,0.022075020600339137,7.326419794930859E-6
21191.0,0.32644855807333606,0.6258243888672136,0.047727053059450505
21395.0,0.37485591736162815,0.6168891081902338,0.008254974448138155
21120.0,0.3074750497396378,0.5890072530832107,0.1035176971771515
20646.0,0.9793161055821419,0.020621898969528447,6.199544832967505E-5
20393.0,0.295283248958899,0.3175207385233085,0.3871960125177926
20154.0,0.9505563212033239,0.04941885267889499,2.4826117781236904E-5
20917.0,0.7424593967517402,0.06960556844547565,0.18793503480278426
21738.0,0.9685849949139832,0.03141059366387807,4.411422138618406E-6
21069.0,0.9937560712865383,0.00624361565164221,3.1306181949305614E-7
21342.0,0.21432412707005488,0.4827344604217523,0.3029414125081929
20087.0,0.21539524778567434,0.5226984135674367,0.26190633864688906
20856.0,0.28896271166835347,0.05512036052235189,0.6559169278092946
20324.0,0.8505802792057302,0.13740954073551398,0.012010180058755876
20587.0,0.06249687304880149,0.42547983358370933,0.5120232933674892
21543.0,0.8157589823701823,0.1841931284040895,4.788922572825249E-5
20527.0,0.4910749830150676,0.05252154876720786,0.45640346821772454
20256.0,0.9781019773779549,0.021886570672717022,1.1451949328129663E-5
20019.0,0.0026070974402385852,0.039480597810813665,0.9579123047489477
20796.0,0.009280036229261438,0.6819267582420642,0.3087932055286744
21274.0,6.086765371685892E-4,0.9867523167935812,0.012639006669250127
21001.0,0.26257958592057856,0.45521480631115063,0.28220560776827086
21603.0,0.4742599046406683,0.5209624959769764,0.004777599382355257
20977.0,0.10396576776170217,0.1181244980437992,0.7779097341944985
20222.0,0.1241916346930049,0.017060073325683434,0.8587482919813116
20706.0,0.18857473778588693,0.4336359079286263,0.37778935428548677
20461.0,0.03395660928778262,0.6688513799614433,0.29719201075077417
21188.0,0.08733097974223962,0.1957378907533214,0.7169311295044389
21463.0,0.4236746141015401,0.5443964310137758,0.03192895488468408
21678.0,0.08663076251908618,0.8326912040477223,0.08067803343319159
21739.0,0.9774529987884839,0.021129527361862976,0.0014174738496530326
21394.0,0.40508757995276207,0.5551327846183721,0.039779635428865846
21121.0,0.16804058541372702,0.725233908620916,0.10672550596535692
20647.0,0.001651830247712096,0.06651608413836504,0.9318320856139228
20392.0,7.6079172136429E-5,0.01234599719072056,0.987577923637143
20155.0,0.5933447654989454,0.3927063465503668,0.013948887950687841
20916.0,0.4185303420595955,0.07478968472105019,0.5066799732193543
21542.0,0.6370828840918035,0.0859607451195762,0.2769563707886203
21068.0,0.025101654945156735,0.007930055432093923,0.9669682896227494
21343.0,0.1807538226769242,0.24285114201222827,0.5763950353108476
20857.0,0.38246797146054656,0.5070651333977287,0.11046689514172477
20086.0,0.8606789814565802,0.12299920972991041,0.0163218088135095
20325.0,0.04168896661968349,0.17033897478279622,0.7879720585975203
20586.0,0.017920222457771005,0.11805973559670675,0.8640200419455222
21602.0,2.3710610580109687E-6,0.0012355903226295005,0.9987620386163125
20257.0,0.6170517046042048,0.38008524305699765,0.0028630523387975534
20526.0,0.0035424003138899555,0.2542899960826158,0.7421676036034942
20018.0,0.9883871023460121,0.011612005397561246,8.922564266068991E-7
20797.0,0.21137022925064383,0.768336364528964,0.020293406220392135
21275.0,9.92551221451435E-4,0.013199459416902025,0.9858079893616466
21000.0,0.037300177619893425,0.06394316163410302,0.8987566607460035
21679.0,0.02187797852897941,0.0478032003724135,0.9303188210986071
20976.0,0.4364676304310244,0.24857952247436196,0.3149528470946137
20223.0,0.0025233502545758757,0.935749084924888,0.0617275648205362
20707.0,0.04880086114249609,0.6157013035390081,0.33549783531849575
20460.0,0.030013693293024127,0.11784377253865652,0.8521425341683193
21189.0,0.4573436458658554,0.5155877763893812,0.02706857774476328
21462.0,0.1878818157273006,0.4213516566314624,0.39076652764123704
20589.0,0.8599247683533958,0.12914585637321885,0.010929375273385347
20322.0,1.3569859978662427E-4,0.011789206868041432,0.988075094532172
20081.0,0.03175656877570515,0.7433347633388776,0.2249086678854173
20862.0,0.2023708547538733,1.9638002024851324E-6,0.7976271814459243
21336.0,0.06766547191525701,0.004030376784798594,0.9283041512999444
21067.0,0.9875589510389742,0.01243968571121835,1.3632498075204472E-6
21537.0,4.239732196978353E-5,0.1073307677891342,0.892626834888896
20156.0,3.94158348990711E-5,0.0025191599299063437,0.9974414242351946
20915.0,0.1459280428195736,0.8484789519755336,0.005593005204892817
20640.0,1.2210277477917383E-5,0.6696804103350499,0.33030737938747223
20399.0,7.42029230392104E-5,0.17872398356469632,0.8212018135122644
21126.0,0.002707310703821586,0.7886264310886649,0.20866625820751342
21397.0,0.10470800379251388,0.0011723740475754485,0.8941196221599107
21740.0,0.007742352078167006,0.011307263828514777,0.9809503840933183
21457.0,0.007751850962662944,0.17415036450640498,0.8180977845309321
21186.0,0.9460692813777324,0.05388001819451016,5.070042775751216E-5
20459.0,0.19794672506711608,0.6560142513637394,0.14603902356914455
20708.0,0.3871553357140395,0.3575500031159564,0.2552946611700042
20983.0,0.5078967076222864,0.3539238195910378,0.1381794727866757
20216.0,0.02518631734372295,0.6582995495226562,0.31651413313362076
21672.0,0.8034667032340584,0.1963474690186243,1.8582774731730703E-4
21007.0,0.01540615685043894,0.0525457980603295,0.9320480450892316
21276.0,0.0022364823137151144,0.11284987063649916,0.8849136470497857
20794.0,0.35744497519539437,0.16309630730228772,0.4794587175023179
20021.0,0.11480900513275438,0.06835992079304044,0.8168310740742052
20521.0,0.581245131109084,0.41815724304628965,5.97625844626431E-4
20262.0,1.12681089448676E-7,0.008463743161976778,0.9915361441569338
21605.0,1.6268192279417358E-5,4.474274536229722E-4,0.9995363043540976
21536.0,0.9963486423059407,0.0036510125849873016,3.4510907190307033E-7
20588.0,0.007849856747528274,0.05784373869464871,0.934306404557823
20323.0,0.8733478290238489,0.06289198797865374,0.06376018299749742
20080.0,0.8863512589334601,0.11112191763413677,0.0025268234324031507
20863.0,0.00841318776148226,0.5876587559649566,0.40392805627356115
21337.0,0.006391374258930819,2.209331710264873E-4,0.9933876925700427
21066.0,0.004224185212660383,0.06644771602707761,0.929328098760262
21741.0,1.6381019748438207E-5,0.07470697471574941,0.9252766442645023
20157.0,0.33429618242298076,0.3306661155351365,0.3350377020418827
20914.0,0.9124890035018295,0.0875010459500353,9.950548135166747E-6
20398.0,0.17729912669022582,0.6015139278289632,0.22118694548081097
20641.0,1.5728425390210322E-4,0.012243868519233422,0.9875988472268644
21127.0,0.9801808451431245,0.019565758462027568,2.5339639484799314E-4
21396.0,0.0012693440809458307,0.0340521314565501,0.964678524462504
21673.0,0.2100151084013075,0.4634172582796104,0.32656763331908223
21456.0,0.6081612891225033,0.3897610739813362,0.0020776368961605
21187.0,1.6465035055685122E-7,1.698023865720983E-6,0.9999981373257837
20709.0,0.3974722611857924,0.5021913112698986,0.10033642754430903
20458.0,0.6409117246657318,0.10789652412035614,0.251191751213912
20982.0,0.0039262069269788355,0.2961348427362633,0.6999389503367579
20217.0,0.010267522623853215,0.38700937409836367,0.6027231032777831
21604.0,0.5490394767011603,0.1691064395514366,0.2818540837474031
21006.0,0.11026527792869747,0.2776768353376941,0.6120578867336085
21277.0,1.3157348381187556E-6,0.001342220564496218,0.9986564637006657
20795.0,0.7346228282876281,0.2447914721655866,0.02058569954678527
20020.0,0.0019541462467964395,0.7471879442967795,0.25085790945642394
20520.0,0.1392242352605813,0.8578146320527277,0.0029611326866909623
20263.0,0.04051370649125124,0.0042418313291599135,0.9552444621795888
20083.0,0.008685103055160152,0.38168956165912876,0.6096253352857111
20860.0,0.032070589787238854,0.13828348864696058,0.8296459215658005
20591.0,0.6777088716893102,0.31186424990828926,0.010426878402400605
20320.0,0.009102664290366685,0.9174753575173104,0.07342197819232295
21065.0,0.7787412332879137,0.22100461314057163,2.541535715146951E-4
21338.0,0.16181480958113137,0.11612015327935991,0.7220650371395086
21539.0,0.8309774579268041,0.1268709083902863,0.042151633682909515
20642.0,0.5134762177956455,0.1054769676230557,0.3810468145812989
20397.0,0.001987170783273522,0.05242605168682538,0.9455867775299012
20158.0,0.629005252594794,0.0807790906478936,0.29021565675731237
20913.0,0.9729981737509021,0.026939658412651994,6.21678364459064E-5
21399.0,0.8958132830636333,0.10397725691418745,2.0946002217915087E-4
21124.0,1.5968353195979596E-8,0.08817438412115194,0.9118255999104948
21742.0,0.29726350960861075,0.6362089997547814,0.06652749063660784
21184.0,2.6229876885864382E-5,0.42668361818558487,0.5732901519375293
21459.0,0.005377361949893814,0.06151841348902571,0.9331042245610804
20981.0,4.0624953226108025E-6,0.00947125984997796,0.9905246776546994
20218.0,0.5040706166836696,0.46831418317980017,0.027615200136530144
20457.0,0.04567053619260802,0.21173056499795231,0.7425988988094397
20710.0,0.337699171108941,0.6360591859539528,0.026241642937106204
21674.0,0.8887172786503129,0.11125832387526668,2.4397474420305545E-5
21278.0,0.9175889086738755,0.07945112048495731,0.0029599708411670624
21005.0,0.5470759729441488,0.4363198541363185,0.016604172919532593
20260.0,8.637279629078592E-5,0.0422337127958342,0.9576799144078749
20523.0,0.7306331234942836,0.2666336980036727,0.0027331785020437683
20023.0,0.007306554842104232,0.1770907112584399,0.8156027338994559
20792.0,0.7272121599350114,0.0799875803949141,0.19280025967007453
21607.0,0.0333411672002227,0.11865054605385564,0.8480082867459217
21538.0,0.2442785620739464,0.6601869125702413,0.09553452535581217
20861.0,0.22970632182148015,0.7701916458861489,1.0203229237104917E-4
20082.0,0.4474601015080074,0.37487748001681787,0.17766241847517478
20321.0,0.07901296320970123,0.14735756622788893,0.7736294705624097
20590.0,0.03697536161451675,0.0746757845114917,0.8883488538739915
21064.0,0.9670492148648999,0.03294020919413924,1.0575940960819082E-5
21339.0,0.11137284319125033,3.9612591945236884E-4,0.8882310308892973
21743.0,0.010356853539908159,0.11164104765775779,0.878002098802334
20396.0,5.703670589193341E-10,0.07219268664280044,0.9278073127868325
20643.0,0.3799147341363393,0.5634691994855875,0.056616066378073156
20159.0,0.14374617458318564,0.8360474678604073,0.020206357556407047
20912.0,0.024327850910418784,0.08225286777398828,0.8934192813155929
21398.0,0.005809259301806782,0.41713658866824743,0.5770541520299457
21125.0,0.6931343424994602,0.03591303150422388,0.270952625996316
21675.0,0.12835918916108324,0.008351987556288078,0.8632888232826287
21185.0,0.04317086172124599,0.21926819239047238,0.7375609458882817
21458.0,0.029133130963771677,4.777220962022378E-4,0.9703891469400261
20980.0,1.5948164523925595E-6,0.001178386022909547,0.9988200191606381
20219.0,7.199642315996668E-4,2.433257510898996E-4,0.9990367100173104
20456.0,1.8982838637634011E-4,0.20008021809237514,0.7997299535212485
20711.0,3.497995866626076E-4,0.05300229376015366,0.9466479066531838
21606.0,0.990665952973519,0.0059890522451483625,0.0033449947813326097
21279.0,1.6355433530099913E-5,0.3758292172629458,0.6241544273035241
21004.0,0.6185947787169105,0.3692000725998607,0.012205148683228747
20261.0,8.60628445383982E-4,6.336887301473637E-6,0.9991330346673145
20522.0,0.36398598358322587,0.6356556141065802,3.5840231019391403E-4
20022.0,0.4609063721500424,0.14792929118843126,0.3911643366615263
20793.0,0.34137255144082107,0.06670636460743508,0.5919210839517438
20008.0,0.04674849442410723,0.048540050762997534,0.9047114548128954
20775.0,0.5205839361164049,0.03137413473353723,0.4480419291500579
20532.0,1.1818928890396248E-4,0.016133059161233865,0.9837487515498622
20283.0,0.006582664836821391,3.710493509600134E-4,0.9930462858122185
21010.0,0.22460042798266963,0.31396127187922984,0.4614383001381006
21249.0,8.629455799858749E-5,0.08493118643623707,0.9149825190057643
21624.0,0.22449945290534498,0.5102772904509544,0.2652232566437006
20729.0,0.004598455748019735,0.9303073727577053,0.065094171494275
20470.0,0.03484627585730234,0.9458984867706713,0.019255237372026338
20970.0,0.018619980403587585,0.03465059998612947,0.9467294196102829
20197.0,0.3477269011380516,0.40696043504782947,0.24531266381411895
21452.0,0.9883871023460121,0.011612005397561246,8.922564266068991E-7
21215.0,0.5990982015489138,0.12240140785429574,0.2785003905967905
21685.0,0.10312804675459943,0.47835921612913795,0.4185127371162626
21147.0,5.3628334106073715E-5,0.04410215928008501,0.955844212385809
21384.0,0.7433122287586112,0.22022673300550738,0.036461038235881454
20129.0,0.0056203344268525145,0.9486432449848964,0.04573642058825108
20910.0,0.4166094463400634,0.27001726370640194,0.3133732899535347
20669.0,6.545456446542713E-5,0.0081393724058129,0.9917951730297218
20402.0,0.9931411642688583,0.00685797804080365,8.576903380861411E-7
21745.0,0.4463289374767794,0.143223894734142,0.41044716778907864
21317.0,4.1256792300661875E-4,0.06743914655457446,0.9321482855224189
21078.0,0.019250932053315743,0.07104497160032235,0.909704096346362
20351.0,0.17408934856569627,0.5703270238070438,0.25558362762725995
20592.0,0.7757570020087893,0.19103436671142207,0.03320863127978871
20076.0,0.19207804116107968,0.6910239611268578,0.1168979977120624
20835.0,0.45084638822142886,0.5352233318901298,0.013930279888441375
21564.0,0.028285773532683755,0.9667237931717317,0.004990433295584531
21625.0,0.12377779494195108,0.46463638840086163,0.41158581665718735
20774.0,0.01375188352040454,0.9159580352429889,0.07029008123660646
20009.0,0.15397855672392527,0.1419223343144961,0.7040991089615787
20533.0,0.8990285164224098,0.07959038198640489,0.02138110159118541
20282.0,0.09232999435547314,0.4578576681867974,0.44981233745772936
21011.0,0.08771438937857699,0.7984234326268669,0.11386217799455622
21248.0,0.26481597806585505,0.42157003877463034,0.3136139831595146
21684.0,0.0635775206360831,0.7862644639301494,0.15015801543376756
20728.0,0.9802944201925421,0.019410135773414657,2.954440340432164E-4
20471.0,0.6840707217839715,0.009515962220905286,0.30641331599512317
20196.0,0.8620221965440117,0.13777743172417148,2.0037173181692224E-4
20971.0,0.09636006183297766,0.37417452142303304,0.5294654167439894
21453.0,2.554296389448274E-5,0.014237937827732526,0.9857365192083729
21214.0,0.017483263167718196,0.9636134199519704,0.01890331688031149
21744.0,0.09753300876285852,0.8550086536796058,0.04745833755753561
21146.0,0.033938622259989705,0.009507384459908216,0.956553993280102
21385.0,0.48025809214483656,0.20053193017818452,0.319209977676979
20128.0,0.19631166657779284,0.015615574608245798,0.7880727588139613
20911.0,0.004488151886862365,0.09433683479378453,0.9011750133193531
20668.0,0.04730071229903971,0.07984983525756746,0.8728494524433928
20403.0,1.6961592749901488E-7,2.4201597506865444E-6,0.9999974102243218
21565.0,0.2730086356092771,0.08769573453040813,0.6392956298603149
21316.0,0.24871480743592192,0.33225850573166543,0.4190266868324127
21079.0,0.004908217092718435,0.5887953699103604,0.40629641299692104
20593.0,0.2697559616790573,0.7227026563784444,0.007541381942498311
20350.0,0.0025099337619835095,0.989608745478294,0.007881320759722485
20834.0,0.4604715482628098,0.42053568189957274,0.11899276983761738
20077.0,0.7167767783505461,0.28321931382574284,3.907823711093579E-6
20281.0,0.3728421215000504,0.42668029105338057,0.20047758744656896
20534.0,0.16791240337110944,0.06122791268792454,0.770859683940966
20773.0,0.10670881884561424,0.38971262641749843,0.5035785547368873
20010.0,0.0017050385000174596,0.0033785458217967905,0.9949164156781858
21251.0,0.02102005277381489,0.14846026234946064,0.8305196848767245
21008.0,0.9133750054278925,0.07515521399153122,0.011469780580576384
21626.0,0.49542999788797604,0.3152200816862451,0.18934992042577897
20199.0,0.0015942095650073,0.9963937014531554,0.0020120889818372903
20968.0,0.05499001093175637,0.012098532263227341,0.9329114568050163
20468.0,0.8153814811760648,0.18457167166702057,4.684715691459064E-5
20731.0,0.012833606422376605,0.9749674548208208,0.01219893875680266
21213.0,0.6494121573393674,0.12048979264013683,0.23009805002049566
21454.0,0.008320676497954121,0.0834289790475383,0.9082503444545076
21687.0,0.0337455644251661,0.4255894940455283,0.5406649415293056
21386.0,0.8157589823701823,0.1841931284040895,4.788922572825249E-5
21145.0,0.3316870557580002,0.6469266996484089,0.02138624459359079
20400.0,0.04083508444284402,0.7760666486541247,0.1830982669030312
20671.0,0.06313327656557863,0.930907325623775,0.005959397810646337
20908.0,0.06772250407927356,0.03397997281859023,0.8982975231021362
20131.0,0.8446205276046619,0.15521721791655074,1.622544787873781E-4
21747.0,0.9718550731760325,0.028142598781695827,2.328042271628069E-6
21076.0,0.4223903410998836,0.5636714586581247,0.013938200241991846
21319.0,2.2649528053745693E-4,0.7531946919516466,0.246578812767816
20833.0,0.6019700591763195,0.3977099562623278,3.199845613528392E-4
20078.0,0.0012581907358816791,0.012578468431631238,0.9861633408324871
20594.0,0.9922823467208657,0.007715240164528135,2.413114606212627E-6
20349.0,0.6591713878068315,0.3344083771800592,0.006420235013109281
21566.0,0.5060544246570671,0.31648602605416293,0.17745954928876992
21627.0,6.906472985558078E-4,4.091714745489543E-4,0.9989001812268953
20280.0,0.6189420505303961,0.33009975289101684,0.050958196578587175
20535.0,0.8606789814565802,0.12299920972991041,0.0163218088135095
20011.0,7.407447633872817E-4,0.1030266438692285,0.8962326113673842
20772.0,0.1409517988447266,0.6874150908248297,0.17163311033044362
21250.0,0.9740512725315521,0.025834862746069057,1.1386472237883093E-4
21009.0,1.027648887505259E-4,0.3556458274019743,0.6442514077092751
21686.0,4.746702238274887E-6,1.2954153102490715E-4,0.9998657117667368
20969.0,0.031230561853195567,0.1060354444875765,0.8627339936592279
20198.0,0.01450616129872619,0.18751828762044495,0.797975551080829
20469.0,0.3046883929415915,0.11173056527675462,0.5835810417816538
20730.0,2.0365403385141134E-4,0.0037394642887596755,0.9960568816773889
21212.0,0.07875656360354806,0.4963413523455884,0.42490208405086366
21455.0,0.9849950407600826,0.014968438347617205,3.652089230020404E-5
21746.0,0.6754372286720933,0.31034950973098263,0.014213261596923989
21387.0,0.0032662456369589,0.025291327998653076,0.9714424263643879
21144.0,0.0020589982777523648,0.6271202439762376,0.3708207577460101
20401.0,0.0031921208132322486,0.058963629073351405,0.9378442501134163
20670.0,0.062236188292896316,0.02063355773417959,0.917130253972924
20909.0,0.005631885710250314,0.24779181155679547,0.7465763027329543
20130.0,6.288088816143714E-7,7.700593474619871E-5,0.9999223652563722
21567.0,0.8708208143922956,0.12917482748546458,4.358122239686266E-6
21077.0,0.7141829820626393,0.10728966254412732,0.1785273553932335
21318.0,0.07280076471275464,0.26633052110058875,0.6608687141866566
20832.0,6.967965457376853E-9,0.0017274996461707224,0.9982724933858638
20079.0,0.8668822534078321,0.1328142155084461,3.035310837217531E-4
20595.0,4.37415503481395E-4,0.045961270206063734,0.9536013142904548
20348.0,0.01180450499576717,0.2321279847435504,0.7560675102606824
21448.0,0.07849095406483869,0.11607520217038245,0.8054338437647789
21211.0,0.6565758321043443,0.21682552532499508,0.12659864257066067
20466.0,0.858466746015482,0.12436103866409154,0.017172215320426447
20733.0,3.6652098614676735E-5,0.18128052586446455,0.8186828220369208
20974.0,0.6677339290801488,0.29961816674141495,0.032647904178436396
20193.0,0.2821882344689713,0.4429355300518288,0.2748762354792
21681.0,0.6259850300880159,0.3663758776260818,0.007639092285902458
21014.0,0.9938748247289174,0.006124774471732756,4.0079934984799175E-7
21253.0,0.2774087420574241,0.29751643707080305,0.42507482087177284
20012.0,0.24296960966194353,0.03534248098786772,0.7216879093501888
20771.0,0.6690589942491572,0.3284905042438413,0.0024505015070013817
20287.0,0.5991764217686172,0.3993501576594981,0.0014734205718847017
20528.0,0.5048737980511112,0.14662623560346696,0.34849996634542185
21628.0,2.237535691010892E-8,0.10492533733212275,0.8950746402925204
20596.0,0.002116702618447511,0.010049172766951782,0.9878341246146007
20347.0,0.858466746015482,0.12436103866409154,0.017172215320426447
20839.0,0.17884352756772395,0.7949183983149339,0.02623807411734214
20072.0,0.04332818044521125,0.046006894635486795,0.9106649249193021
21313.0,0.9580374104380236,0.04192543695672646,3.715260524990274E-5
21074.0,0.01802980590332464,0.9139186835129877,0.06805151058368765
21560.0,3.535488430829875E-5,0.6982117033108197,0.30175294180487194
20133.0,1.8473405965020053E-6,0.006661727302523288,0.9933364253568803
20906.0,1.6719068195072701E-6,0.0010446095310600492,0.9989537185621206
