21609.0,0.8836960160279934,0.11626920133872404,3.4782633282575306E-5
20790.0,4.048650846287457E-6,2.998467724144793E-9,0.999995948350686
20025.0,0.8907787049859971,0.10922129501394238,6.058297931595003E-14
20517.0,0.999850798999601,1.492007884896628E-4,2.119093442310631E-10
20266.0,0.8561931406409752,0.14380685935902382,1.1166444408845844E-15
20995.0,2.875798772964747E-12,2.3693250871452293E-6,0.9999976306720371
21264.0,0.9899361355910952,0.010063864408837893,6.681869365629161E-14
21668.0,1.5827520917101916E-15,1.85706117362653E-12,0.9999999999981414
20455.0,0.009392725060511762,0.9906072749379018,1.5865745380223922E-12
20712.0,0.9949725128772969,0.005027487110925125,1.1777889075312087E-11
20987.0,4.293953150700618E-20,4.208642505389968E-26,1.0
20212.0,9.890126409648496E-5,4.547482761644349E-12,0.999901098731356
21469.0,0.9999999769907032,2.0662047397570083E-8,2.3472494381836865E-9
21198.0,0.5711967734541563,0.4288032234703698,3.0754740306476732E-9
21728.0,7.654491882649946E-17,1.7104678175767221E-28,0.9999999999999999
21130.0,2.0057905899527632E-23,5.3759767366142436E-5,0.9999462402326339
21401.0,9.16960134983001E-6,1.1546786117503062E-11,0.9999908303871035
20144.0,3.6697045406975924E-16,3.066941166774689E-8,0.999999969330588
20927.0,0.007636329814596628,0.9747464929796831,0.01761717720572014
20387.0,0.9340309734840386,0.06596902651595492,6.410867066632243E-15
20652.0,7.016603499863838E-6,1.3966784878690592E-4,0.9998533155477133
21549.0,0.0674705013136088,0.9325294986834184,2.9727893856929657E-12
21332.0,0.18408266339982787,0.8156207383165336,2.965982836383987E-4
21063.0,1.5018763562820877E-37,2.6520875887228673E-20,1.0
20577.0,8.67416158476167E-5,0.0502287550798142,0.9496845033043383
20334.0,9.48980358758297E-22,4.670824398157271E-11,0.9999999999532917
20850.0,0.008941320440414203,8.118549568161255E-6,0.9910505610100178
20093.0,1.404863416083205E-10,0.9612009109549471,0.03879908890456653
20024.0,1.0636406373677626E-27,1.0909261605809277E-10,0.9999999998909075
20791.0,0.043778823384185477,0.9562210288536162,1.477621985340827E-7
20267.0,1.8971119751723804E-8,1.452339615422431E-4,0.9998547470673379
20516.0,1.951487694157658E-9,0.0028152094457502383,0.997184788602762
20994.0,5.7584022444605095E-30,7.917867501268637E-24,1.0
21265.0,1.3740506556199371E-12,1.6101134072475372E-12,0.9999999999970158
21608.0,0.21460244170395937,0.7853956319402299,1.926355810849366E-6
20713.0,6.537524838516362E-6,9.615112661860722E-10,0.9999934615136502
20454.0,0.4486866065848354,0.5513116825282568,1.7108869079177033E-6
20986.0,0.9999674847222079,3.25152777920313E-5,9.292374597513878E-18
20213.0,2.932161841693561E-16,0.01802751403554336,0.9819724859644564
21468.0,8.078017793896124E-10,2.711013449763876E-5,0.9999728890577007
21199.0,1.5938384645387135E-10,1.3809236683481693E-7,0.9999998617482494
21669.0,1.5908194649333457E-11,7.868186676610938E-7,0.9999992131654242
21131.0,8.624169759423748E-31,2.858495298446418E-20,1.0
21400.0,0.33122058492327366,0.668779415076618,1.0834568477387097E-13
20926.0,1.3562780946384431E-24,8.336368009201961E-15,0.9999999999999916
20145.0,1.5714568142472559E-22,7.083025024194351E-7,0.9999992916974976
20386.0,0.0018278244889467752,0.9981234260564945,4.874945455864153E-5
20653.0,1.3917928138350392E-30,1.3208765922730369E-12,0.9999999999986791
21729.0,0.24110471136578943,0.7588952749554864,1.3678724096446595E-8
21333.0,1.0286578538200538E-15,3.601617539858045E-15,0.9999999999999953
21062.0,0.9911682971587908,0.0012881998691692351,0.007543502972039966
20576.0,0.0011307722485746493,0.006719900726825788,0.9921493270245997
20335.0,2.3414847079192318E-20,6.125304962777385E-14,0.9999999999999387
20092.0,0.0010443145320478682,0.9989556837714312,1.6965208215336433E-9
20851.0,0.9846060611045048,0.01539393751769725,1.3777979878326076E-9
21548.0,0.9999162517555373,4.389155607752002E-5,3.985668838512259E-5
21611.0,0.9996630078052455,4.8172720157109015E-6,3.321749227387886E-4
20519.0,1.4044519298160306E-12,4.277013927832612E-5,0.9999572298593172
20264.0,0.998138689084605,0.0018613109153628607,3.21677771378167E-14
20788.0,0.3416831681770573,0.658316814454885,1.7368057638629965E-8
20027.0,0.9946764999113926,0.005323500088542019,6.534871090065908E-14
21266.0,0.9560089961796512,0.04399100382034788,9.911128410372096E-16
20993.0,0.9962862314152324,0.003713768584720615,4.698349632601229E-14
21670.0,6.202184488982012E-12,1.4143853964545903E-21,0.9999999999937979
20214.0,4.82981691897292E-44,1.7175371545075394E-21,1.0
20985.0,1.7957511006336285E-14,0.1399061903720714,0.8600938096279107
20453.0,1.2393639800901235E-19,1.1275533850112368E-9,0.9999999988724466
20714.0,1.1925102646715642E-11,4.040118406967522E-11,0.9999999999476736
21196.0,2.7063251234653347E-12,1.401522088493079E-12,0.9999999999958922
21471.0,0.9965932450193982,0.0026351513719026385,7.716036086991258E-4
21730.0,5.2101953714225335E-8,0.9483533139060139,0.05164663399203253
21403.0,9.691723901681451E-9,5.8168446657030206E-5,0.9999418218616191
21128.0,1.2825181475353836E-13,5.730441447167192E-4,0.9994269558551551
20385.0,5.617774692863396E-4,0.9994382220513179,4.793958640029698E-10
20654.0,0.008542298788985077,0.9914577006750863,5.359285873143041E-10
20146.0,0.9933356534528922,0.00187042808440124,0.004793918462706569
20925.0,0.9334833499645129,0.06651665002612167,9.365437766851017E-12
21551.0,2.186179657932162E-27,2.4757341167463492E-26,1.0
21061.0,7.387681385842595E-17,1.126918635073568E-14,0.9999999999999887
21334.0,5.40890702312385E-6,1.1012659597450428E-6,0.9999934898270172
20848.0,0.9339865015295807,0.06601349846069786,9.721479378543926E-12
20095.0,0.9999970091771616,2.57183291946535E-6,4.189899189552356E-7
20332.0,2.191127882746842E-10,2.4654551151116933E-10,0.9999999995343417
20579.0,2.7051032292501878E-12,2.0100275013597935E-12,0.9999999999952848
20265.0,3.0630300579914864E-30,8.301330426078062E-32,1.0
20518.0,0.9981297107479161,0.001870289252083329,4.762835015413011E-16
20026.0,1.038814094835961E-7,9.800296618688057E-5,0.9999018931524035
20789.0,0.9944323045145731,0.004425649580567759,0.0011420459048590893
21267.0,3.025460795805838E-7,1.924736025128704E-13,0.9999996974537279
20992.0,1.6676477938135702E-32,1.7890811247779456E-15,0.9999999999999982
21610.0,0.7091985613593093,5.858991346595603E-4,0.29021553950603124
20984.0,8.681541847954682E-14,9.9319630640309E-15,0.9999999999999032
20215.0,1.0619390073465728E-10,0.1526624044741153,0.8473375954196908
20452.0,0.012328711576183229,0.047455902095711766,0.940215386328105
20715.0,3.272745733411457E-10,1.850655328676574E-9,0.99999999782207
21197.0,2.0203066501868435E-7,0.7922287880922797,0.20777100987705538
21470.0,0.1056308022984905,0.5720382298051151,0.3223309678963944
21671.0,6.75129523231079E-10,0.9405808742464447,0.05941912507842582
21402.0,0.9198795317756077,0.0801204660678848,2.15650751326178E-9
21129.0,6.028576595525621E-7,0.17760735472523406,0.8223920424171064
20384.0,1.5751297566993523E-54,3.995608688614228E-33,1.0
20655.0,8.297294698118373E-24,3.785087616452751E-9,0.9999999962149124
20147.0,0.9999769328835831,1.5521200296143767E-10,2.306696120493926E-5
20924.0,2.3164349400794617E-17,3.4648571399459934E-14,0.9999999999999653
21731.0,1.6159882602475847E-10,0.07091999732305318,0.929080002515348
21060.0,3.017780308263284E-23,1.2131908776795921E-21,1.0
21335.0,0.9999215035332591,4.5647793329415424E-8,7.845081894752452E-5
20094.0,2.51526560028222E-28,1.2137464833326593E-37,1.0
20849.0,0.9908327711967017,0.00916722880329657,1.9005696121988177E-15
20578.0,4.540819027747677E-5,0.9987784122521833,0.001176179557539187
20333.0,0.9986355565867036,8.384020389477007E-4,5.260413743486957E-4
21550.0,6.408516944500908E-7,0.005496442310605047,0.9945029168377005
21664.0,0.863241142612504,0.13675885738731802,1.779121508125456E-13
21465.0,4.194712398668511E-13,1.315767872145583E-5,0.999986842320859
21194.0,2.909305688702412E-14,0.05899190459401813,0.9410080954059529
20451.0,0.5266601228294301,0.4733292238876574,1.0653282912512071E-5
20716.0,0.005570349210751583,0.9944257262519562,3.924537292237364E-6
20208.0,8.342108406923488E-17,9.333060362141579E-5,0.9999066693963784
20991.0,1.1533636992220192E-11,0.9998268376653444,1.731623231217577E-4
21613.0,0.02191608423339374,0.9780812246696815,2.6910969248092703E-6
20999.0,5.188200564213426E-11,0.999642786873038,3.572130750797912E-4
21268.0,1.166931970718412E-22,3.2357804415510815E-12,0.9999999999967643
20029.0,2.8126706942073217E-39,7.956380295947014E-38,1.0
20786.0,1.551526491471267E-7,1.0386578194003998E-6,0.9999988061895315
20270.0,1.356971397545029E-7,4.815077969691545E-6,0.9999950492248905
20513.0,1.888601297251033E-9,3.4080794873302155E-4,0.9996591901626656
21545.0,0.042587981674745395,6.771785413925863E-7,0.9574113411467133
20581.0,1.901868555306653E-4,0.6899649501543541,0.3098448629901152
20330.0,1.3746476201938763E-18,4.594052271459786E-9,0.9999999954059476
20089.0,0.83661276765341,0.01119443121397367,0.15219280113261646
20854.0,2.782259260369046E-11,0.017960176807712624,0.9820398231644648
21328.0,2.2921075413380008E-35,6.602183938019945E-24,1.0
21059.0,0.9227546691550131,0.07724532538322643,5.461760439467425E-9
21732.0,0.006901196783920668,0.9930987969108702,6.305209011111635E-9
20923.0,8.789824954293921E-4,6.963475043168501E-10,0.9991210168082231
20148.0,1.400998016925459E-63,2.4523909586278202E-42,1.0
20648.0,3.557232262985795E-9,1.2428997787252702E-12,0.9999999964415248
20391.0,2.8130635131974447E-9,2.7056840501807335E-11,0.9999999971598797
21134.0,9.11921506419032E-11,4.4579587044505636E-6,0.9999955419501034
21405.0,2.0202905311448597E-7,2.4411441077428522E-5,0.9999753865298694
21464.0,8.463447991672072E-16,3.896134394654216E-10,0.9999999996103857
21195.0,3.755840953475455E-25,1.8923870544275144E-29,1.0
20717.0,8.42961049530549E-5,0.9999157038949397,1.0726788974730443E-13
20450.0,0.06284154056795241,1.443609089100465E-4,0.9370140985231376
20209.0,0.44777444071515216,0.007561638338553723,0.5446639209462942
20990.0,0.01104166562659572,0.9889582975417831,3.683162115380569E-8
21665.0,0.015097692744423498,0.9849022567653678,5.0490208655523706E-8
20998.0,8.434790730561291E-9,0.0020895689129287963,0.9979104226522805
21269.0,0.21555802917865616,0.0018352597208349778,0.7826067111005088
20028.0,2.382670736488765E-15,1.3950024413337546E-7,0.9999998604997534
20787.0,4.319580636342282E-4,0.9784607599182126,0.021107282018153137
20271.0,1.0915210178654999E-11,1.0678172635569788E-14,0.9999999999890742
20512.0,2.4628651597844234E-4,0.002126167169390694,0.9976275463146309
21612.0,8.845004762191552E-5,5.709835862269541E-4,0.9993405663661512
20580.0,2.734136922633605E-44,3.382563780643614E-28,1.0
20331.0,1.4227553590510923E-10,3.407288694703646E-6,0.9999965925690298
20855.0,0.9990797340765546,9.202659234453052E-4,1.1083699995458752E-16
20088.0,6.148734184365709E-4,1.3599110027266384E-4,0.9992491354812908
21329.0,1.6674571266185196E-17,6.426155062267433E-11,0.9999999999357384
21058.0,0.0012847058867245997,0.9986388802953031,7.641381797215159E-5
21544.0,0.9691046960128405,0.03089530387308676,1.1407265450318148E-10
20922.0,0.5865489665093033,0.413450760420864,2.7306983258485266E-7
20149.0,3.312682058717541E-8,3.860532240558947E-15,0.9999999668731756
20649.0,6.730967649644378E-24,2.207124517852329E-26,1.0
20390.0,0.9986658903828234,0.0013341096171738676,2.8793786933436584E-15
21135.0,5.043267018429585E-13,6.82563938449133E-14,0.9999999999994273
21404.0,8.397311754007712E-13,0.11373649142956453,0.8862635085695957
21733.0,2.371012313344254E-31,1.3575522264692025E-21,1.0
21666.0,1.7058972465521727E-40,2.0442824686679158E-22,1.0
21192.0,2.2597142550055788E-13,2.6219521074163414E-8,0.999999973780253
21467.0,5.06819226431014E-26,4.452011091114687E-8,0.9999999554798891
20989.0,0.0010081251378407723,0.9989916813181903,1.9354396898016442E-7
20210.0,1.716297478782766E-26,4.070124464603185E-43,1.0
20718.0,2.3123560290190288E-24,4.673163569000607E-27,1.0
20449.0,8.957963839360096E-16,5.591341783348483E-16,0.9999999999999986
21615.0,0.010960051280559487,0.9890332794355858,6.66928385457087E-6
21270.0,0.7053578163475889,0.2694078132089072,0.025234370443503948
20997.0,0.045487480212603085,0.8641127237922802,0.09039979599511663
20515.0,7.018696467635673E-27,2.352188861948568E-16,0.9999999999999997
20268.0,0.9989842536824389,0.001015746317194562,3.6650305082879716E-13
20031.0,4.0612492702680194E-7,0.9999942943167215,5.299558351434116E-6
20784.0,5.0432031341508625E-6,0.9965677332657513,0.003427223531114532
21547.0,5.380010820030938E-16,3.929236513386371E-11,0.9999999999607072
20091.0,2.587599255222313E-7,0.9902455000788996,0.009754241161174848
20852.0,4.1350308377386445E-15,4.285355817235539E-24,0.9999999999999959
20328.0,0.5648860205219011,0.43511225970936424,1.7197687348618096E-6
20583.0,3.0083115413081025E-15,2.5552075381827066E-14,0.9999999999999715
21057.0,1.883143216560745E-7,0.960172082078257,0.039827729607421286
21330.0,0.8436631329341209,0.15633686524470025,1.82117896725775E-9
21734.0,9.66499956471072E-5,0.9998985239029388,4.826101414066307E-6
20650.0,0.9854683859234257,0.01453161329089342,7.85680882693649E-10
20389.0,0.25467074991371036,0.745329250086252,3.7731321221744265E-14
20150.0,1.9178756765709742E-9,0.9873556744788234,0.01264432360330086
20921.0,0.13196046217187063,0.8680395378276077,5.216968537710002E-13
21407.0,7.643375852962094E-5,0.9999234004659263,1.6577554415562934E-7
21132.0,1.2050072527328297E-10,0.9998308728989058,1.6912698059349328E-4
21193.0,2.2521426412862135E-11,2.2903238526059893E-5,0.9999770967389525
21466.0,1.912578791826347E-8,0.0019964197468943,0.9980035611273177
20211.0,2.0629016836091148E-25,1.146941237536017E-9,0.9999999988530588
20988.0,8.802026986463863E-17,2.915128572407227E-8,0.9999999708487142
20719.0,3.104736750448161E-29,1.5213311030598915E-25,1.0
20448.0,6.478207871436958E-16,1.1586567158835255E-13,0.9999999999998835
21667.0,8.333605601810054E-17,2.522903197634477E-5,0.9999747709680236
21271.0,0.9999789465774606,2.105342118806477E-5,1.351355036348422E-12
20996.0,0.9999965021625611,3.4978373706457525E-6,6.844444489960098E-14
20514.0,0.7556674001041667,0.24433258620988652,1.368594683068054E-8
20269.0,4.1457898621867233E-45,5.268772174686162E-34,1.0
20030.0,8.660995056188923E-12,4.046177540009668E-5,0.999959538215939
20785.0,0.9976882651478637,0.0020465804855435143,2.6515436659278665E-4
21614.0,7.041088506329051E-21,1.1816440349981961E-15,0.9999999999999988
20853.0,0.01754826156726886,0.9824270196402796,2.471879245163289E-5
20090.0,0.9964838589199505,8.670135454501425E-4,0.0026491275345992896
20582.0,7.866239397903548E-22,4.622100010343982E-13,0.9999999999995377
20329.0,6.007433190484353E-7,0.953397143279187,0.046602255977493935
21056.0,1.0016983825664696E-19,1.519249335331399E-4,0.9998480750664668
21331.0,0.9311187074932616,0.06888129250103592,5.7023837026641685E-12
21546.0,1.8202838801105486E-24,3.886083558705851E-41,1.0
20388.0,0.9989335933272849,0.0010664066727150577,3.624936804636495E-19
20651.0,2.0865722232145665E-7,0.9999353183849972,6.447295778034111E-5
20151.0,6.603425871390683E-25,1.651880756409545E-21,1.0
20920.0,0.9450592870551816,0.054939944087395706,7.688574227917028E-7
21406.0,8.761913324541111E-12,5.874176890816706E-10,0.9999999994038204
21133.0,0.0037049097977374826,0.9962950861889267,4.013335751165302E-9
21735.0,0.9731308693034307,0.0268682073357749,9.23360794336801E-7
21122.0,2.569870895108561E-31,1.6459264675011085E-26,1.0
21393.0,2.2253920139209628E-21,2.0118961628907768E-32,1.0
20152.0,0.0013404392982305452,0.9986328656452578,2.669505651181172E-5
20919.0,0.9424700222460497,0.05752997775395006,2.8669234787287744E-16
20644.0,5.553433009718801E-12,7.405381223195534E-5,0.9999259461822146
20395.0,1.0289102571179012E-9,2.503069271930843E-20,0.9999999989710898
21736.0,3.826891395517224E-10,0.9883184878704298,0.011681511746881154
21340.0,1.24443415534764E-6,2.0692779993426215E-8,0.9999987348730646
21071.0,1.4122245319889193E-7,2.80854193080049E-10,0.9999998584966926
20585.0,0.8601258535501619,0.13986985260986598,4.293839972031914E-6
20326.0,2.6054913980022547E-22,9.351541275854462E-34,1.0
20858.0,0.9999081329903343,5.358043412935693E-8,9.181342923165983E-5
20085.0,4.911385067508596E-7,2.2780527988765666E-14,0.9999995088614704
21541.0,1.0128383051378027E-18,1.2646426230323611E-12,0.9999999999987353
20798.0,2.1888242099215089E-4,0.9997474533716845,3.3664207323345254E-5
20017.0,0.984286576080779,0.015713423919221033,8.246371704582194E-18
20258.0,1.0441755904777876E-4,0.9997743071179818,1.212753229705037E-4
20525.0,0.04500245818417449,7.477271972492643E-10,0.9549975410680982
21003.0,0.9987018067487777,5.742476143500712E-5,0.0012407684897872372
21272.0,0.0016914707240574384,1.3629847655128679E-6,0.998307166291177
21601.0,1.0011833835115943E-7,5.683674773569982E-10,0.9999998993132941
20704.0,3.5176275551352688E-9,6.08163613163338E-12,0.9999999964762909
20463.0,3.325718097545626E-13,7.218442663940048E-11,0.999999999927483
20220.0,1.5200472392526783E-8,6.69833602312667E-12,0.9999999847928293
20979.0,6.540024426643299E-29,1.6028556858018585E-28,1.0
21461.0,4.430101266448498E-37,4.175946077441762E-26,1.0
21190.0,2.7676894126330825E-6,5.319631774096956E-5,0.9999440359928464
21676.0,0.03876493418101529,0.9606372869089489,5.977789100357592E-4
21737.0,0.05529299681433832,3.2124866639778284E-7,0.9447066819369953
21123.0,1.7953695844472885E-8,9.246854368210247E-5,0.9999075135026221
21392.0,1.256972901944513E-19,5.045102707282676E-19,1.0
20918.0,2.130575485118013E-12,1.3739464786454859E-8,0.9999999862584047
20153.0,1.1566044433237896E-13,8.228017551764482E-13,0.9999999999990615
20645.0,2.0865625075046498E-17,3.2664253289763365E-6,0.9999967335746711
20394.0,1.0336838488129564E-8,0.7394583920597763,0.2605415976033852
21540.0,0.08471581799078666,0.9150062610564147,2.779209527986443E-4
21341.0,0.9990070679326963,7.240432576860321E-7,9.922080240457585E-4
21070.0,4.190850591873618E-8,0.1490568003239304,0.8509431577675637
20584.0,0.060369594001847056,0.06741606492393974,0.8722143410742133
20327.0,0.04946384172744125,0.9276226992317795,0.022913459040779172
20084.0,0.007517373611885773,0.9924826263880675,4.673749245474129E-14
20859.0,1.3045271893327462E-25,5.243659040219343E-22,1.0
21600.0,4.969630912963846E-13,3.126359796505744E-5,0.9999687364015379
20016.0,2.503218003236771E-6,8.235683339128575E-4,0.999173928448084
20799.0,0.99927889902433,7.211009756686145E-4,1.4282802924284726E-15
20259.0,3.0264401442565744E-18,2.15757157696029E-10,0.9999999997842429
20524.0,1.047050139283921E-22,6.735823468644237E-20,1.0
21002.0,1.0375873380301752E-5,0.14177740807303313,0.8582122160535866
21273.0,8.414283132326654E-5,0.9999140393660513,1.817802625502838E-6
21677.0,2.366963598161765E-4,0.24803780342523046,0.7517255002149533
20705.0,7.473797033791357E-29,1.2146338111463319E-12,0.9999999999987854
20462.0,4.9354436826808513E-8,1.134433887049998E-10,0.9999999505321198
20221.0,5.682107909602157E-7,0.957568473350094,0.04243095843911515
20978.0,3.166136666188055E-26,2.0277839757798632E-20,1.0
21460.0,0.9999819236190278,1.807638096499222E-5,7.131978552276536E-15
21191.0,0.3202781275380872,0.6797217801618627,9.23000501500021E-8
21395.0,0.208693273730607,0.7913065951345886,1.3113480459960345E-7
21120.0,0.990024199450364,0.009762629700621877,2.131708490141301E-4
20646.0,0.9997804037807676,2.1959611043154007E-4,1.0880096413694886E-10
20393.0,9.92133868322886E-7,0.99996697240875,3.203545738156973E-5
20154.0,0.7382624895123415,0.26173751046325733,2.4401258943112267E-11
20917.0,3.261008931385532E-20,2.3372924792663156E-30,1.0
21738.0,0.9966517644097005,0.0033482355902995794,2.5158581022089525E-17
21069.0,0.9960615433916019,0.0039384566083981365,2.0267730485432295E-18
21342.0,0.9570162698931884,0.00882320412192015,0.03416052598489142
20087.0,5.162711044177846E-4,0.006450930426500931,0.9930327984690812
20856.0,5.474312485172569E-13,3.2635428131625866E-24,0.9999999999994527
20324.0,0.9994091519700234,1.2213217382383165E-7,5.907258978027248E-4
20587.0,3.782344573655602E-20,6.112353771024015E-11,0.9999999999388764
21543.0,0.4491533749793783,0.5508466250205862,3.544632167693774E-14
20527.0,7.531972468973592E-6,1.2958111844309795E-7,0.9999923384464126
20256.0,0.9908213830211837,0.009178616978816185,1.4255061112023278E-16
20019.0,1.5154555571705321E-24,6.324874004999153E-22,1.0
20796.0,5.428836190581518E-19,5.2065663052602036E-8,0.999999947934337
21274.0,2.636851726658144E-13,0.9999733162854619,2.668371427439359E-5
21001.0,1.2133465908484057E-10,0.0011879110081425815,0.9988120888705226
21603.0,0.6399931377587699,0.3600068503466071,1.1894623008287564E-8
20977.0,1.8945819189536476E-18,8.143450726126971E-19,1.0
20222.0,1.1882882916659155E-10,2.0515964805298378E-13,0.999999999880966
20706.0,7.024686495862465E-7,0.777960183762563,0.22203911376878746
20461.0,8.292978744487524E-9,0.05221388557266635,0.9477861061343549
21188.0,4.139677976790296E-21,4.561501011100112E-16,0.9999999999999997
21463.0,7.79162118127742E-10,0.023528451725149006,0.9764715474956889
21678.0,0.9996449006501839,3.5507046064375033E-4,2.88891724900385E-8
21739.0,0.16613825850479233,0.8338617393986798,2.0965278235996E-9
21394.0,0.018947381293592132,0.9804434854790441,6.091332273636868E-4
21121.0,1.0793530985176488E-4,0.9998837516009806,8.313089167478392E-6
20647.0,3.070996218140946E-34,5.370198808393677E-18,1.0
20392.0,2.958701404119231E-22,8.68166701348116E-19,1.0
20155.0,0.01654914987202386,0.9834191605277195,3.1689600256586516E-5
20916.0,7.3224009389022015E-16,5.690036810020419E-14,0.9999999999999424
21542.0,0.4876368676484552,3.647843128475891E-5,0.51232665392026
21068.0,8.164407355917991E-10,6.225018711702896E-9,0.9999999929585406
21343.0,0.0549853059679173,0.6324417851504344,0.3125729088816482
20857.0,0.005590769674943823,0.9944076333782755,1.5969467806945293E-6
20086.0,0.5551176200066112,0.44488237999338504,3.8147976504301525E-15
20325.0,6.331815261939404E-9,0.0013406922157630356,0.9986593014524218
20586.0,9.636711600903311E-20,6.611890751470128E-20,1.0
21602.0,3.0259701265818937E-14,2.313396883427857E-5,0.9999768660311354
20257.0,3.3608493438630146E-4,0.9996630400104282,8.750551855197646E-7
20526.0,3.617966547214305E-5,0.9995987129320013,3.651074025265484E-4
20018.0,0.9982803716292699,0.001719628370729999,3.230276040659056E-19
20797.0,0.02090393038137275,0.9469053278066095,0.03219074181201759
21275.0,3.3127069939277336E-28,7.725417610500635E-22,1.0
21000.0,1.0970098788036964E-19,1.6043872668497522E-17,1.0
21679.0,3.5462519364364562E-25,1.1207601543906312E-18,1.0
20976.0,0.04509640808896352,0.0038398764206755602,0.951063715490361
20223.0,1.1927744385341033E-11,0.29383835603203445,0.7061616439560379
20707.0,3.705952420383801E-6,0.05488229598311159,0.9451139980644679
20460.0,1.3410769019161366E-7,6.020298577979088E-7,0.999999263862452
21189.0,0.934987635625293,0.06501207890364502,2.8547106194293265E-7
21462.0,3.921755078670609E-7,9.143617575411004E-6,0.9999904642069167
20589.0,0.4979831932372235,0.5020156378147107,1.1689480658269508E-6
20322.0,1.1442040680358724E-7,1.3475918422904921E-6,0.9999985379877508
20081.0,2.4281634382069453E-17,4.795352933904762E-10,0.9999999995204647
20862.0,3.87004640023493E-14,1.424034550637368E-25,0.9999999999999613
21336.0,0.06839402918809813,9.580523135655529E-5,0.9315101655805453
21067.0,0.9990478428679048,9.52157132095225E-4,5.659550580345771E-18
21537.0,1.2772650162658197E-21,1.992547880270859E-17,1.0
20156.0,1.9659094126820935E-64,1.2701398203625743E-35,1.0
20915.0,0.08897972673548711,0.9110202717981483,1.4663646601048974E-9
20640.0,2.9055856474090373E-22,1.5333231533867692E-9,0.9999999984666769
20399.0,9.046387262158252E-9,0.08932243667134086,0.9106775542822719
21126.0,2.0752752850032454E-11,0.9980344160905187,0.001965583888728431
21397.0,2.738986931530225E-7,2.375180541134207E-15,0.9999997261013045
21740.0,1.5359493272538952E-8,2.2584685759814315E-9,0.9999999823820381
21457.0,5.993038725513657E-26,3.428888027563122E-23,1.0
21186.0,0.999871206094579,1.2879390542098912E-4,1.947457643578103E-17
20459.0,0.0014561434475085326,0.9985238877865981,1.9968765893425052E-5
20708.0,0.002832744838404815,0.8086375196200914,0.18852973554150373
20983.0,0.02884906292794205,0.971135600818975,1.5336253082927892E-5
20216.0,1.721596156341733E-6,0.9997343378397283,2.639405641152349E-4
21672.0,0.9436984377369281,0.056301562263055875,1.605786467422752E-14
21007.0,9.625472520544798E-23,8.015385298342227E-15,0.9999999999999921
21276.0,1.5905489727045597E-16,2.32846357018394E-7,0.9999997671536428
20794.0,2.3554666174244648E-4,0.9453433149489012,0.054421138389356395
20021.0,0.08912418793075863,1.625329572832015E-8,0.9108757958159456
20521.0,0.8991633522724298,0.10083664772738724,1.829975084784051E-13
20262.0,3.0338196013839574E-40,5.724442141523712E-19,1.0
21605.0,5.557715437243539E-20,7.235206705197464E-20,1.0
21536.0,0.9949032935958084,0.005096706404191451,1.8313415232066263E-18
20588.0,6.655076924942289E-7,7.59212678629539E-11,0.9999993344163863
20323.0,0.3375088479802229,0.31953976318774713,0.34295138883203
20080.0,0.5961987905987524,0.40380008854042176,1.120860825899931E-6
20863.0,9.579613922763451E-17,1.12227702756715E-5,0.9999887772297243
21337.0,2.8036673388535376E-17,6.328254567733703E-33,1.0
21066.0,2.198411991646876E-29,7.915216251178799E-15,0.999999999999992
21741.0,5.570030024569623E-25,4.192776565079609E-10,0.9999999995807223
20157.0,0.004687231784791979,7.487223844493636E-5,0.995237895976763
20914.0,0.9839073536495688,0.016092646350430916,1.3373610756649872E-16
20398.0,0.025553805750394194,0.2332794889966712,0.7411667052529347
20641.0,3.736128116465096E-23,1.2662823859547477E-14,0.9999999999999873
21127.0,0.9944748325464553,0.005525163906386858,3.547157827283107E-9
21396.0,6.400532455817311E-7,1.5591585624508533E-11,0.9999993599311628
21673.0,0.006806926409652561,0.99317500553455,1.8068055797470076E-5
21456.0,0.6050483434962629,0.3949516560763342,4.2740283091469057E-10
21187.0,9.33120181124725E-25,6.742955121928239E-29,1.0
20709.0,0.13639823018628458,0.009720101013217687,0.8538816688004977
20458.0,2.9425638179920963E-10,1.4912806572212671E-9,0.999999998214463
20982.0,0.3298694073257072,0.6692632143674205,8.673783068722804E-4
20217.0,2.5818271269461927E-8,0.00661317590051062,0.9933867982812182
21604.0,0.01513488362033532,1.1685768384906485E-6,0.9848639478028262
21006.0,4.882225533340413E-9,3.289296847029364E-5,0.9999671021493042
21277.0,6.783573085314329E-23,7.459964927703883E-10,0.9999999992540035
20795.0,0.9998495763115078,1.4883609677827328E-4,1.5875917139735091E-6
20020.0,2.0358427214789593E-10,0.01150289164671242,0.9884971081497034
20520.0,0.003596262863866614,0.996403731677427,5.458706391105221E-9
20263.0,1.430939405979963E-25,1.314544341075269E-38,1.0
20083.0,0.2748136367444662,0.3345712390196574,0.39061512423587635
20860.0,6.011201339324765E-17,2.6997055157099615E-11,0.9999999999730028
20591.0,0.014643430069525759,0.16751697023491466,0.8178395996955595
20320.0,8.599156651419735E-11,0.9999885415153404,1.1458398668028048E-5
21065.0,0.788349579022081,0.21165042097558115,2.337863236900695E-12
21338.0,0.011042721402704594,2.3481953578211427E-5,0.9889337966437173
21539.0,0.9999999536624029,5.963138823077502E-10,4.574128321956178E-8
20642.0,6.600405497849663E-4,1.955544509984931E-13,0.9993399594500195
20397.0,1.1596126234215033E-6,0.05242946280164316,0.9475693775857335
20158.0,9.89853071838238E-12,1.500393924231936E-14,0.9999999999900865
20913.0,0.9999815396566059,1.846034339419342E-5,3.8435237101239973E-17
21399.0,0.9973494778543999,0.002650522103427017,4.2173258927521946E-11
21124.0,5.546142808141969E-23,2.41160758598706E-7,0.9999997588392414
21742.0,0.038735806387387946,0.9610861149350598,1.780786775522189E-4
21184.0,1.0486072792785922E-8,0.0035346950012070913,0.99646529451272
21459.0,1.652794938120912E-10,2.8352884255022433E-9,0.9999999969994321
20981.0,9.73758547600902E-47,1.5415352482904401E-27,1.0
20218.0,0.7996359310118533,0.006851405724592713,0.19351266326355393
20457.0,7.138797998378397E-5,0.1321462094766981,0.8677824025433181
20710.0,0.004198884214119881,0.995800038999179,1.076786701064891E-6
21674.0,0.9998067031307274,1.932968692725766E-4,6.019073111004256E-19
21278.0,0.9722353589437661,0.027758463692678453,6.1773635554651595E-6
21005.0,0.024519072113188496,0.9754804915069694,4.3637984220880734E-7
20260.0,1.6400667759176097E-12,0.999962600299843,3.739969851693244E-5
20523.0,0.9999434908754835,5.650912291703468E-5,1.5995085460925693E-12
20023.0,4.6244706886784285E-4,3.882402608312126E-5,0.999498728905049
20792.0,2.6008595853250247E-8,1.4221245743130987E-10,0.9999999738491916
21607.0,1.8166365922165672E-25,1.8156117442125858E-20,1.0
21538.0,0.3761813695464457,2.4062265583905002E-4,0.6235780077977153
20861.0,0.08193986335732445,0.9180601366426633,1.2270935649061831E-14
20082.0,0.010913913452008409,5.3116653562226566E-5,0.9890329698944293
20321.0,8.291275606263306E-6,4.7145441802510225E-6,0.9999869941802135
20590.0,3.190260656342591E-32,2.8460499170381696E-28,1.0
21064.0,0.9991596820303805,8.403179696194067E-4,2.4297147964329865E-18
21339.0,0.014673477495607844,1.5551989345512345E-9,0.9853265209491932
21743.0,1.4817747645126985E-6,3.7446229539487226E-11,0.9999985181877893
20396.0,7.650461796877226E-45,1.969726015946362E-10,0.9999999998030275
20643.0,6.045739808201908E-14,0.0019136667828355126,0.998086333217104
20159.0,0.23270741454716384,0.7672925854527126,1.2366659733197253E-13
20912.0,0.015128826991688608,0.787236444089463,0.19763472891884834
21398.0,1.0246762298073603E-7,0.9935030237921038,0.006496873740273301
21125.0,0.9965864420479505,0.0034101617471162574,3.3962049331367757E-6
21675.0,0.9317171296691964,8.552345048601503E-7,0.06828201509629868
21185.0,2.4311684898801524E-6,1.1959361731579534E-7,0.9999974492378928
21458.0,4.610673210687881E-19,9.625990409629367E-17,0.9999999999999999
20980.0,1.6043917184943625E-16,3.039858391003218E-18,0.9999999999999999
20219.0,8.683466249856986E-27,1.9308198940736355E-24,1.0
20456.0,1.2416114789166982E-12,0.6668692255821521,0.33313077441660627
20711.0,3.3380916976364936E-14,9.888771024400803E-7,0.9999990111228642
21606.0,0.9999992131259451,7.867118534393699E-7,1.6220143279058337E-10
21279.0,6.4555905759641195E-18,0.27967703032940316,0.7203229696705968
21004.0,0.004917199124006883,0.9950821921314732,6.087445199258329E-7
20261.0,1.749594636544581E-35,4.062645336436701E-39,1.0
20522.0,0.0011676761617490964,0.9988323238355664,2.684547457900283E-12
20022.0,0.537034752297723,2.450520727479934E-4,0.4627201956295291
20793.0,0.002040784722162164,2.388753567100636E-7,0.9979589764024811
20008.0,8.119423455688642E-17,3.451862719316945E-18,0.9999999999999999
20775.0,1.7250752969483825E-4,2.174176598428023E-11,0.9998274924485634
20532.0,2.351424417501961E-39,2.350006560401396E-22,1.0
20283.0,3.185739582735469E-12,1.0003261967134945E-17,0.9999999999968142
21010.0,1.1740743941691941E-11,8.212143871300727E-4,0.9991787856011292
21249.0,1.0664369439192121E-38,3.2953335739470875E-34,1.0
21624.0,1.2352097506066559E-7,9.842325742084436E-4,0.9990156439048165
20729.0,4.764142255956176E-7,0.9997629686298578,2.3655495591671477E-4
20470.0,0.08453036977658937,0.9154695302364354,9.998697513620566E-8
20970.0,2.1118822860000215E-16,1.28558788425783E-14,0.9999999999999869
20197.0,0.9177869943433723,4.381681638110826E-4,0.08177483749281646
21452.0,0.9986341948306408,0.0013658051693593058,3.591885196947956E-17
21215.0,9.893903549984015E-9,7.149137943813013E-6,0.9999928409681527
21685.0,0.9697187578360845,1.6503908853840612E-4,0.030116203075377143
21147.0,1.2045819756359308E-29,6.653670693411664E-20,1.0
21384.0,2.2338629068530827E-4,0.9909548051276844,0.008821808581630296
20129.0,2.4091061666332428E-8,0.9998535338742699,1.4644203466843863E-4
20910.0,0.004550240210761021,0.07997952843952072,0.9154702313497183
20669.0,1.9985395478688398E-8,1.4052382615880762E-6,0.999998574776343
20402.0,0.6162031305045947,0.38379686949540537,4.253847159788001E-17
21745.0,0.15071877956160973,8.880552676861511E-4,0.8483931651707041
21317.0,4.7581780291286285E-23,1.1138356495704467E-11,0.9999999999888617
21078.0,8.696508809470216E-11,5.7822827365162675E-8,0.9999999420902076
20351.0,0.005875517940172769,0.012389164031867697,0.9817353180279594
20592.0,0.9999998093876359,1.858342968645297E-7,4.778067128283966E-9
20076.0,2.1491068578381667E-6,0.9999898524502382,7.998442903899656E-6
20835.0,0.15488152405255962,0.8451163222372178,2.153710222449325E-6
21564.0,0.9999907280002857,9.271999680751155E-6,3.3498662118493424E-14
21625.0,0.004320469937782111,0.9932697667424917,0.002409763319726248
20774.0,2.965388125814041E-4,0.9857039504218268,0.013999510765591796
20009.0,6.383798637933464E-12,1.2606157858356884E-8,0.9999999873874584
20533.0,2.2116485783490633E-5,0.015296442040100888,0.9846814414741156
20282.0,5.656854962660206E-5,0.7122036196114662,0.2877398118389073
21011.0,0.028211856677608563,0.401533473214709,0.5702546701076825
21248.0,0.9437669970835321,0.056209761292266215,2.3241624201678806E-5
21684.0,1.6673086104112458E-5,1.0391364435962758E-4,0.9998794132695363
20728.0,0.9998734013314328,1.2659850630455095E-4,1.6226246668919017E-10
20471.0,2.1952095202768345E-4,4.678986574575639E-8,0.9997804322581065
20196.0,0.9999981779649313,1.8220350681329277E-6,6.605778132953293E-16
20971.0,9.84009177763677E-17,4.284410048972389E-12,0.9999999999957154
21453.0,4.231784190405154E-11,2.444680857154858E-4,0.9997555318719666
21214.0,4.632254697383943E-6,0.9999953413509617,2.6394340968857776E-8
21744.0,5.4167453653929506E-8,0.9999999456374783,1.950678991471593E-10
21146.0,2.5371971506872376E-21,6.915412646542682E-28,1.0
21385.0,3.136673876642243E-8,1.165064174568551E-13,0.9999999686331448
20128.0,1.006347814778162E-9,3.5625395648819696E-14,0.9999999989936166
20911.0,2.8972893731219024E-7,0.016221049988390867,0.9837786602826719
20668.0,0.050938962606908646,0.0035450751225929666,0.9455159622704984
20403.0,1.938618565670365E-20,5.8646728101412694E-21,1.0
21565.0,0.003283948756369745,2.3306107919747308E-4,0.9964829901644328
21316.0,3.8640539951616787E-7,0.9305699734907888,0.0694296401038116
21079.0,5.9411620455078954E-8,0.9413951267966587,0.058604813791720806
20593.0,0.014454353652938068,0.9855454216812718,2.246657900870478E-7
20350.0,3.5384732960375942E-9,0.23052746446276554,0.7694725319987611
20834.0,8.378211081233789E-4,0.9899504571407735,0.009211721751103123
20077.0,0.2967266789043103,0.703273321095686,3.837238831969464E-15
20281.0,0.1297278521261651,0.8701777917338235,9.435614001139984E-5
20534.0,1.6158578674359578E-20,1.3213156694501306E-29,1.0
20773.0,7.515954939880642E-9,0.1373804758034594,0.8626195166805857
20010.0,0.9695387573268516,9.828771976673355E-9,0.030461232844376497
21251.0,2.2043429953104445E-7,0.10226027392976364,0.8977395056359369
21008.0,0.25597222126276453,0.011102781496808904,0.7329249972404265
21626.0,3.4352329465847723E-4,0.0013083295235588738,0.9983481471817827
20199.0,8.480337537263145E-8,0.9999999151703055,2.631916032680739E-11
20968.0,1.14422098518412E-35,1.87963091035372E-48,1.0
20468.0,0.9997197257832016,2.8027421679841413E-4,7.046763032050666E-19
20731.0,1.4353477064900228E-5,0.999976226845481,9.419677454084732E-6
21213.0,5.205122125978361E-7,1.0652138689370479E-13,0.9999994794876809
21454.0,3.4299951063886524E-14,2.364537535958899E-10,0.9999999997635121
21687.0,1.8996930256627653E-7,6.778800648050745E-6,0.9999930312300493
21386.0,0.9754591668242418,0.024540833175112495,6.456522481555204E-13
21145.0,0.967121208581336,0.0021263381782939323,0.03075245324037005
20400.0,2.487596770268734E-6,0.07931758400035759,0.920679928402872
20671.0,4.226047084663677E-6,0.9999137964929343,8.197745998112723E-5
20908.0,1.7897680195992849E-12,4.860144016018108E-20,0.9999999999982102
20131.0,0.031453396975729256,0.9685466030136161,1.0654634552845477E-11
21747.0,0.9993578257397528,6.421742602470472E-4,9.95281002257213E-19
21076.0,0.6421208638219568,0.35787894209402,1.9408402330978108E-7
21319.0,1.061065163460173E-9,0.3741849571779148,0.6258150417610201
20833.0,1.1571380828341989E-4,0.9998842861917069,9.697319873203394E-15
20078.0,8.678908693380484E-17,1.0391546936040726E-15,0.9999999999999988
20594.0,0.9998215644683203,1.7843553167971703E-4,4.319622838065044E-19
20349.0,0.9807379529288878,0.019262037192489485,9.878622767991094E-9
21566.0,0.10267616371428323,0.8951459631194115,0.0021778731663053066
21627.0,6.958891365510338E-24,1.0627512900533868E-26,1.0
20280.0,0.29033488727094914,0.7096298921893638,3.522053968724382E-5
20535.0,0.9992896644067477,7.10335592285381E-4,9.668191348303043E-13
20011.0,4.860498005995811E-19,6.794959284290418E-10,0.9999999993205041
20772.0,0.4076099970155252,0.5866255872467236,0.005764415737751233
21250.0,0.9997739972961633,2.2600270383659878E-4,4.5483140579069286E-17
21009.0,3.4544194401760264E-18,5.151976483171795E-6,0.9999948480235169
21686.0,1.8869863380548844E-16,1.1948746131111027E-11,0.9999999999880511
20969.0,9.256507269383045E-6,0.9870928189841476,0.012897924508583078
20198.0,6.155228816329873E-29,1.2576070494386855E-15,0.9999999999999988
20469.0,0.015230552735812562,0.008672879473655654,0.9760965677905318
20730.0,3.4591715255528705E-21,3.412136471494689E-11,0.9999999999658786
21212.0,9.199930765342578E-12,0.0063804746207489285,0.993619525370051
21455.0,0.9999799316747678,2.006645533043716E-5,1.869901775615035E-9
21746.0,2.3140208792739807E-6,0.9999965549326055,1.1310465151548884E-6
21387.0,3.491607128930959E-21,9.156939682178285E-17,0.9999999999999999
21144.0,0.0026032775754586063,0.9973931519204555,3.570504085857282E-6
20401.0,1.0644068244724863E-11,0.010311691998915413,0.9896883079904406
20670.0,9.460010390510533E-13,3.3593770416827444E-9,0.9999999966396769
20909.0,4.979081016799858E-17,8.05859595963088E-10,0.9999999991941403
20130.0,1.0847933672982198E-18,1.0410852094580862E-13,0.999999999999896
21567.0,0.9171116442677418,0.08288835573225704,1.1748631396832934E-15
21077.0,0.9380258259811097,0.06063804039703759,0.0013361336218527123
21318.0,1.2036696171309707E-10,3.0812504171448063E-4,0.9996918748379185
20832.0,3.0193703045456166E-45,8.586076799308827E-22,1.0
20079.0,0.7670408212675063,0.23295917861441132,1.1808241421920362E-10
20595.0,1.6282294906253163E-10,1.1205159365317935E-9,0.9999999987166611
20348.0,2.5876435370673475E-8,4.814057815457675E-8,0.9999999259829865
21448.0,3.475022780528925E-5,3.8357682159960584E-4,0.9995816729505952
21211.0,0.9950836725222084,0.004916327477787551,4.1162481677810985E-15
20466.0,0.9982040375403199,0.0017959624596800103,4.98785043898996E-19
20733.0,1.1797445483890562E-12,0.0015347125862567989,0.9984652874125635
20974.0,0.43798876622390404,0.004563145259350591,0.5574480885167455
20193.0,2.038811807377403E-4,0.9952154530964922,0.004580665722770109
21681.0,0.8834328862394575,0.11656702063482673,9.31257156907144E-8
21014.0,0.9998417378616313,1.5826213836870012E-4,3.2804494387016445E-20
21253.0,0.009430420561639338,0.9899591645570892,6.104148812713841E-4
20012.0,1.1109602768729968E-10,3.794671909400421E-12,0.9999999998851092
20771.0,0.7508515555289617,0.2491484443561133,1.1492505664238475E-10
20287.0,6.287914465208448E-5,0.9999371208509544,4.39355051170918E-12
20528.0,2.3509560536263823E-15,4.623973984721594E-15,0.9999999999999931
21628.0,3.809231351162032E-27,5.284596214867485E-9,0.9999999947154038
20596.0,1.6631440231370398E-32,2.9670625449233014E-22,1.0
20347.0,0.26508183216305414,0.7349181626832189,5.153727076202109E-9
20839.0,0.011518098648579268,0.9884713672230718,1.0534128348918173E-5
