21609.0,0.8835780037646392,0.10707013058644627,0.00935186564891433
20790.0,0.03708844750132789,0.013921474047975627,0.9489900784506966
20025.0,0.3797368926544887,0.6202630918319623,1.5513549162136735E-8
20517.0,0.9935898526789098,0.006400760640455736,9.386680634426188E-6
20266.0,0.5617818236739464,0.4382181673196995,9.006354233075588E-9
20995.0,9.03677863549304E-8,0.004383629102484637,0.9956162805297291
21264.0,0.9795545312436079,0.02044543758283593,3.1173556134633084E-8
21668.0,1.8229556107725253E-7,4.781850221296902E-6,0.9999950358542177
20455.0,0.0010861616619162284,0.9989135052052406,3.331328432226211E-7
20712.0,0.8621506618804263,0.13784924384927444,9.427029927281139E-8
20987.0,7.575489393894975E-7,6.212786711507776E-10,0.999999241829782
20212.0,0.745192682791736,3.528169286923706E-5,0.2547720355153946
21469.0,0.9999560518993061,3.70791298898678E-5,6.868970803872732E-6
21198.0,0.6764121486070857,0.3235232703389125,6.458105400187143E-5
21728.0,9.348072166621695E-6,6.742380985316978E-12,0.9999906519210909
21130.0,3.887814644286323E-15,0.10826688495425388,0.8917331150457423
21401.0,0.021096001454626295,6.702542462399466E-5,0.9788369731207497
20144.0,1.7907515470553354E-7,0.0022047626439066405,0.9977950582809386
20927.0,0.35900643113358666,0.631108105412187,0.009885463454226277
20387.0,0.9777064493149068,0.022293547101437813,3.58365530077475E-9
20652.0,0.13403695663377854,0.5139184975527651,0.3520445458134563
21549.0,0.6293853058649873,0.37061463163385955,6.250115322574849E-8
21332.0,0.3399681433120643,0.642293345075805,0.017738511612130543
21063.0,1.9880556266475242E-20,3.949457998599463E-11,0.9999999999605054
20577.0,0.05093596591806424,0.6362912353306357,0.31277279875130004
20334.0,6.248422892392768E-8,2.4794161442741632E-5,0.9999751433543285
20850.0,0.844914477252031,2.4804779740274333E-4,0.15483747495056635
20093.0,2.3589284011282603E-6,0.6275452973563249,0.37245234371527386
20024.0,1.7770628580089709E-9,2.515752196025202E-4,0.9997484230033346
20791.0,0.6642396459294457,0.33566436303335984,9.599103719437204E-5
20267.0,0.018993146241498324,0.8903736535422132,0.09063320021628841
20516.0,1.640966441328422E-5,0.008547683064376883,0.9914359072712099
20994.0,6.398783108168947E-13,2.2266854156924716E-9,0.9999999977726748
21265.0,4.894012612548278E-5,0.002832876850610278,0.9971181830232642
21608.0,0.2815154019681075,0.7177580462767041,7.265517551884781E-4
20713.0,0.7584142027767029,9.773865710463926E-5,0.24148805856619243
20454.0,0.4751858499008507,0.5185367387925733,0.00627741130657593
20986.0,0.9998203369664194,1.7966300254200224E-4,3.103873063275123E-11
20213.0,8.401615502998346E-9,0.29741239644857376,0.7025875951498107
21468.0,1.1163045504531244E-5,0.008859902629342224,0.9911289343251533
21199.0,0.015463939212913282,0.15518744061453105,0.8293486201725556
21669.0,8.767851872646336E-5,0.35178221512598523,0.6481301063552884
21131.0,6.683842531546353E-7,6.140531423806201E-4,0.9993852784733662
21400.0,0.4812158948615785,0.5187840576683832,4.747003827213695E-8
20926.0,3.661812110479563E-10,9.535211380328517E-5,0.9999046475200155
20145.0,1.9223297555248498E-12,0.0010078909845026626,0.998992109013575
20386.0,0.008535411772212747,0.9813325805289073,0.010132007698879992
20653.0,2.748902594252908E-13,6.17035288732029E-4,0.999382964710993
21729.0,0.47173342860657397,0.5280737570450184,1.9281434840748591E-4
21333.0,2.3708732406893242E-5,0.003723788305283617,0.9962525029623095
21062.0,0.9938988716258832,0.005995732297463984,1.0539607665285186E-4
20576.0,0.8626014511404508,0.047344095072853455,0.09005445378669566
20335.0,2.5557159227192903E-7,0.008440904405340934,0.9915588400230667
20092.0,0.09602240157063241,0.9039540992463603,2.3499183007174336E-5
20851.0,0.21629085565021822,0.7837062465674829,2.897782298803507E-6
21548.0,0.9884397094568114,0.011467573081986522,9.271746120192915E-5
21611.0,0.990612933854042,0.006419438021760583,0.002967628124197159
20519.0,5.445378658831858E-4,0.11140170981002884,0.888053752324088
20264.0,0.9850307624916698,0.014969168125557724,6.93827725092634E-8
20788.0,0.24519810200064804,0.7545333150588648,2.685829404871364E-4
20027.0,0.9524735785388989,0.04752624128574935,1.8017535179217773E-7
21266.0,0.7325306019174399,0.26746938617374716,1.1908812989128712E-8
20993.0,0.9725431774221305,0.027455967883202315,8.54694667281028E-7
21670.0,9.518885870815533E-5,1.27428171569809E-11,0.999904811128549
20214.0,7.161541458836011E-19,6.19956489335111E-8,0.9999999380043512
20985.0,1.7477373689843044E-6,0.634742997699083,0.36525525456354807
20453.0,1.3441299215656981E-6,0.10877082650743242,0.891227829362646
20714.0,0.0011308991011070696,0.019574623627517877,0.9792944772713751
21196.0,0.002184733339239255,1.307065425072399E-4,0.9976845601182535
21471.0,0.9623256607101468,0.03439476040910705,0.003279578880746104
21730.0,8.71795490081112E-8,0.02346006800686751,0.9765398448135835
21403.0,0.0013066556762264924,0.6114268428394578,0.38726650148431574
21128.0,1.93538651202062E-5,0.4983930191861105,0.5015876269487693
20385.0,0.4331112115419673,0.566876605706499,1.2182751533589456E-5
20654.0,0.006785525534571722,0.9932016444038818,1.2830061546324524E-5
20146.0,0.4736282098393174,0.3618446256013603,0.1645271645593223
20925.0,0.9853189257169149,0.014681073211559903,1.0715251688159996E-9
21551.0,9.906008076566855E-9,1.4579354581389075E-7,0.9999998443004461
21061.0,8.004139335641473E-5,0.0212064892456816,0.9787134693609619
21334.0,0.9856741170314575,0.009890552073376918,0.004435330895165752
20848.0,0.8704528861505705,0.1295469911421487,1.2270728081122582E-7
20095.0,0.999641431771019,6.927851195131066E-5,2.8928971702960434E-4
20332.0,3.634020919313815E-7,1.0296348972670263E-4,0.9998966731081813
20579.0,3.847080742309643E-6,4.442037114693427E-5,0.9999517325481108
20265.0,1.4017665651722649E-11,2.3893083607294436E-13,0.9999999999857434
20518.0,0.9929984855803996,0.007001512963988144,1.4556122329267026E-9
20026.0,0.2572443723473048,0.5509713703795557,0.19178425727313958
20789.0,0.5612468406738801,0.4296193407405555,0.009133818585564413
21267.0,0.02980122797423623,3.226322786489666E-5,0.9701665087978989
20992.0,8.271102146592976E-12,7.176650308717946E-4,0.9992823349608572
21610.0,0.4549055501471476,0.0012970421487363114,0.5437974077041161
20984.0,1.2962982214585725E-4,2.3626131196745617E-6,0.9998680075647345
20215.0,2.0692373399635845E-4,0.8369995462316072,0.16279353003439648
20452.0,0.5330878018052497,0.4209627678431024,0.04594943035164781
20715.0,0.030506889930172854,0.1612526640813521,0.808240445988475
21197.0,2.2941300970971045E-4,0.8922983298426523,0.10747225714763797
21470.0,0.20801699009886462,0.7079834788118339,0.08399953108930147
21671.0,4.131357840562443E-5,0.9861107340323199,0.013847952389274503
21402.0,0.7391063455635504,0.2608368419934911,5.681244295855891E-5
21129.0,0.037065236929102005,0.3129626480987968,0.6499721149721012
20384.0,1.3846670571966298E-22,3.872546490537305E-11,0.9999999999612744
20655.0,1.9416283855962697E-13,5.885965825282152E-4,0.9994114034172776
20147.0,0.9998323599849012,2.1119286672383974E-6,1.6552808643161858E-4
20924.0,7.897433012675376E-8,9.108909331786273E-7,0.9999990101347367
21731.0,7.78622380772481E-5,0.8045759689530783,0.19534616880884453
21060.0,5.032012768008336E-9,4.195398274100385E-6,0.9999957995697132
21335.0,0.9647639079555383,2.0736780218016403E-4,0.035028724242281484
20094.0,8.981488597671347E-10,8.532060049248854E-11,0.9999999990165305
20849.0,0.9806807895587295,0.019319208438775194,2.0024952995774867E-9
20578.0,0.02225664699586546,0.9499761130631202,0.027767239941014297
20333.0,0.9944926120884762,0.0054404209543783165,6.696695714560286E-5
21550.0,1.0003200305631316E-5,6.891567325356223E-4,0.9993008400671588
21664.0,0.8120562771760356,0.18794371070515112,1.2118813392560077E-8
21465.0,1.3517655143431845E-6,0.014428441416900075,0.9855702068175857
21194.0,4.393159650001595E-6,0.5071495756224195,0.4928460312179305
20451.0,0.9315890529828688,0.06840626218939402,4.6848277372042185E-6
20716.0,0.2306957514468957,0.7614658160640223,0.007838432489081991
20208.0,8.124437823804852E-7,0.09294101916880991,0.9070581683874077
20991.0,2.358545151386612E-5,0.8532403136490486,0.1467361008994374
21613.0,0.2999288708577544,0.6969269870513678,0.003144142090877771
20999.0,1.161151044778617E-6,0.9453235689608943,0.05467526988806086
21268.0,5.431113248881791E-10,0.0013064293137160505,0.9986935701431726
20029.0,2.785938009983564E-14,4.247125386845816E-14,0.9999999999999296
20786.0,0.001700590445355901,0.0036891777163094424,0.9946102318383346
20270.0,0.2661967585579087,0.3109434968816342,0.42285974456045716
20513.0,0.003937867973843967,0.05447635744155275,0.9415857745846032
21545.0,0.9264793948126208,0.003549242712376521,0.06997136247500274
20581.0,4.364745463560235E-4,0.014025623587135938,0.985537901866508
20330.0,1.8820820996353168E-10,0.11057755618274823,0.8894224436290435
20089.0,0.8916030746521028,0.10743670266837128,9.60222679525993E-4
20854.0,4.8138165522329345E-4,0.5622631093762587,0.43725550896851806
21328.0,4.585928083946644E-13,9.798987134896831E-8,0.99999990200967
21059.0,0.6459392186070102,0.3540473730961259,1.3408296863886058E-5
21732.0,0.8570462894510648,0.14294964685680897,4.063692126175112E-6
20923.0,9.434849826409343E-4,3.111053053585744E-7,0.9990562039120537
20148.0,7.532814220609287E-25,2.2606760057396315E-14,0.9999999999999775
20648.0,1.3238282338370208E-6,2.5609583566746414E-7,0.9999984200759304
20391.0,0.03881475558040127,0.009720384971709805,0.9514648594478888
21134.0,1.5001741620658022E-4,0.4918366577106045,0.508013324873189
21405.0,3.692217174897288E-6,4.3101749509391396E-4,0.9995652902877312
21464.0,2.0040362766839995E-6,0.0012484499542149816,0.9987495460095083
21195.0,2.2619877833112387E-10,2.8202500607022705E-11,0.9999999997455987
20717.0,0.01787109745249003,0.9821284841851182,4.183623917868481E-7
20450.0,0.02428928540284342,0.03788255183649539,0.9378281627606612
20209.0,0.1678905204013535,0.040843107517873505,0.791266372080773
20990.0,0.1360291239048577,0.8583798179636917,0.00559105813145067
21665.0,0.007573870437049232,0.9921723105897288,2.538189732220301E-4
20998.0,0.0026561299268581646,0.03450446063665645,0.9628394094364854
21269.0,0.0177858712529756,0.004060498610321471,0.978153630136703
20028.0,4.6956020760535824E-5,0.17292366737995646,0.827029376599283
20787.0,0.006553149965461521,0.9731182405851635,0.02032860944937501
20271.0,9.159357952238847E-5,7.026585028855899E-7,0.9999077037619747
20512.0,0.791473779869326,0.16161457459095926,0.04691164553971469
21612.0,0.9203565252566882,0.004887208460629662,0.07475626628268216
20580.0,1.540407759819689E-19,3.3692873435376726E-12,0.9999999999966307
20331.0,1.788921124056818E-5,0.0020805060034049263,0.9979016047853545
20855.0,0.9956388035125179,0.004361195449083545,1.0383984994942915E-9
20088.0,0.43485682807636356,0.027256104129160578,0.5378870677944759
21329.0,1.3093418519716565E-6,3.4761724601820477E-4,0.9996510734121298
21058.0,0.4163147979124889,0.5020296995476214,0.08165550253988965
21544.0,0.9564479101189818,0.04354376551190193,8.324369116359796E-6
20922.0,0.5593503912314606,0.4401795125683273,4.7009620021220823E-4
20149.0,0.02553764639502245,0.0033400220739134585,0.971122331531064
20649.0,1.7145915303694802E-8,2.1367952043694431E-13,0.9999999828538709
20390.0,0.8674061806105478,0.1325937766772663,4.2712186051124664E-8
21135.0,0.002851732666752381,0.0010740777533316058,0.996074189579916
21404.0,3.762028703597655E-7,0.8248658680466509,0.17513375575047885
21733.0,2.5679498301023266E-15,7.105420011043639E-9,0.9999999928945774
21666.0,4.125322676956946E-18,7.487879523756215E-8,0.9999999251212048
21192.0,3.42258651817097E-7,0.0013741575437245376,0.9986255001976235
21467.0,1.1092713588455613E-14,2.445031297661371E-4,0.9997554968702228
20989.0,0.05081722579162,0.9487505272738457,4.3224693453441796E-4
20210.0,3.560719644757584E-7,4.16456750356834E-14,0.9999996439279939
20718.0,1.7046412657952776E-6,1.8711795531640716E-6,0.9999964241791811
20449.0,2.4556341230901123E-5,0.0015922894009714778,0.9983831542577976
21615.0,0.022869498921586795,0.9755308510028377,0.001599650075575666
21270.0,0.6759574196137327,0.32209000185745834,0.0019525785288090247
20997.0,0.061043314505262486,0.5762091958603885,0.36274748963434894
20515.0,3.6688274640249284E-12,1.163015181564255E-6,0.9999988369811496
20268.0,0.9871920148885525,0.012807980401668369,4.709779213479109E-9
20031.0,7.894858024540431E-5,0.9999186524528956,2.3989668590072934E-6
20784.0,0.0023772453460438638,0.9397375118771659,0.05788524277679015
21547.0,8.462206785778626E-5,0.0046315888189108895,0.9952837891132313
20091.0,0.02466914454160261,0.8239696575765556,0.15136119788184174
20852.0,8.069816823073494E-8,9.141988603950952E-14,0.9999999193017404
20328.0,0.09755008161274346,0.8993267652575405,0.003123153129716031
20583.0,0.012816923828104334,0.0011225096457612035,0.9860605665261345
21057.0,6.847039124111707E-5,0.998042388437145,0.0018891411716139492
21330.0,0.7959594719619404,0.20394869239200414,9.183564605546042E-5
21734.0,0.0028475692840395964,0.9834152285995775,0.013737202116382845
20650.0,0.983978305336028,0.016021689274634005,5.389337996943053E-9
20389.0,0.45119961675640724,0.5488003808568376,2.3867552632211047E-9
20150.0,2.0946252298238615E-5,0.7062501977730495,0.29372885597465237
20921.0,0.07355114119489757,0.9264487162163101,1.4258879239719569E-7
21407.0,5.399549865098024E-4,0.9938196534020302,0.005640391611460136
21132.0,3.519509934031979E-9,0.7430965334001124,0.25690346308037765
21193.0,5.068616444767898E-5,0.059168779313139915,0.9407805345224125
21466.0,7.413144505542099E-6,0.068860417125373,0.9311321697301215
20211.0,1.109649170251353E-9,0.0016247356259716415,0.9983752632643791
20988.0,3.211572137433787E-6,0.002867540251002875,0.9971292481768597
20719.0,4.6214212324398345E-11,8.981970228126842E-10,0.9999999990555888
20448.0,1.021344282678855E-8,1.0155845628001983E-6,0.9999989742019942
21667.0,6.621884071615793E-9,7.691510168873417E-4,0.9992308423612285
21271.0,0.9969943280441825,0.0030021307574601953,3.5411983571810198E-6
20996.0,0.9993190755171993,6.806822314415797E-4,2.422513590630417E-7
20514.0,0.5099263717885144,0.49002826768636387,4.536052512184357E-5
20269.0,1.1099839983125372E-16,2.070309469525634E-13,0.9999999999997928
20030.0,4.448019700535279E-4,0.0372883516989204,0.9622668463310261
20785.0,0.4271487694209137,0.022502351967513073,0.5503488786115732
21614.0,6.7866218277129156E-12,2.8111584489833393E-8,0.9999999718816289
20853.0,0.17676926304655588,0.8053547709928914,0.017875965960552777
20090.0,0.9165199078873936,0.0385641649712442,0.04491592714136215
20582.0,3.822251400466769E-6,0.0022683558552089667,0.9977278218933905
20329.0,0.004203825247387327,0.7109136790215844,0.28488249573102814
21056.0,9.629418334185799E-8,0.5387769194384028,0.4612229842674139
21331.0,0.0631210692482656,0.9368439628082927,3.496794344161227E-5
21546.0,3.3685077580421747E-9,3.144750813995505E-17,0.9999999966314922
20388.0,0.991430024059487,0.008569975929990252,1.0522760511853046E-11
20651.0,0.013058944414009399,0.97594835121251,0.010992704373480608
20151.0,3.5231324836224585E-7,2.1891171279219512E-7,0.9999994287750388
20920.0,0.8375871810686495,0.15062907732873526,0.011783741602615201
21406.0,2.8449793716723804E-5,0.0017622101182931244,0.9982093400879901
21133.0,0.6382571569740719,0.3617142841154031,2.8558910524948424E-5
21735.0,0.782290905294477,0.21630355421177339,0.001405540493749655
21122.0,1.0373204249052842E-16,5.536053377636404E-13,0.9999999999994462
21393.0,2.277644340288739E-7,8.757276862459113E-14,0.9999997722354784
20152.0,0.1044908049118584,0.8948458735842297,6.633215039117841E-4
20919.0,0.9315315488258752,0.06846845112925828,4.486657683448397E-11
20644.0,4.5556986590550817E-4,0.631978958535435,0.3675654715986595
20395.0,2.2255320636857787E-6,9.790697188743871E-9,0.9999977646772392
21736.0,1.3852017643512304E-4,0.6327153396994788,0.36714614012408603
21340.0,0.012700022480180003,3.2902974906200334E-4,0.986970947770758
21071.0,0.1521380453324934,0.037347912517196824,0.8105140421503098
20585.0,0.9239269233475351,0.07600700770181255,6.606895065226758E-5
20326.0,1.1734446078258002E-8,9.104533670742928E-16,0.9999999882655531
20858.0,0.8674602216175844,2.709707641835175E-6,0.13253706867477372
20085.0,1.8409971101365374E-5,1.0442613254554507E-8,0.9999815795862853
21541.0,1.5628483871417355E-7,7.442635631737206E-5,0.9999254173588439
20798.0,0.03493479211290658,0.9644728836551683,5.92324231925198E-4
20017.0,0.9785139940832075,0.021486005884621833,3.2170508391780164E-11
20258.0,8.560779010964044E-4,0.930006033764671,0.06913788833423269
20525.0,0.6682830840663025,6.0472913850364535E-5,0.33165644301984715
21003.0,0.9942499823033761,0.004125654247700552,0.0016243634489232987
21272.0,0.006593388335508299,0.0023188032028100243,0.9910878084616817
21601.0,0.003088352788338842,4.24160926570067E-4,0.9964874862850912
20704.0,0.10780296815382115,0.025561919808341275,0.8666351120378376
20463.0,4.6223022628074085E-5,0.0026632893648168023,0.9972904876125551
20220.0,1.352357106080233E-4,5.983809985210046E-6,0.9998587804794068
20979.0,4.5871915835257606E-8,2.551116724508936E-8,0.9999999286169169
21461.0,2.191218384694567E-8,1.3393166238062012E-6,0.9999986387711923
21190.0,1.793389777379972E-5,4.6411536250917274E-5,0.9999356545659753
21676.0,0.10544730788230822,0.8650118328972021,0.029540859220489647
21737.0,0.0019968367147155286,3.117584906242868E-6,0.9980000457003783
21123.0,0.0016468361962796091,0.011388481949614122,0.9869646818541062
21392.0,5.4014104467148455E-6,6.878819760774943E-7,0.9999939107075773
20918.0,9.691667326171354E-4,0.002279740589486741,0.9967510926778962
20153.0,0.015230012390287774,4.6276475345331634E-5,0.984723711134367
20645.0,4.703499560452937E-6,0.07707423577439328,0.9229210607260463
20394.0,2.6646144245900705E-4,0.8954812062937668,0.1042523322637742
21540.0,0.47291396786605616,0.5180512075955745,0.009034824538369304
21341.0,0.8960149632793761,6.243818657866759E-4,0.1033606548548372
21070.0,0.0017014457463309346,0.9001708878413678,0.09812766641230139
20584.0,0.1228327867994385,0.851129422603849,0.02603779059671245
20327.0,0.6031279051792154,0.35469510311977825,0.04217699170100644
20084.0,0.2805539085512737,0.7194458998850013,1.9156372496102956E-7
20859.0,2.8426593611338436E-10,2.762641969214015E-6,0.9999972370737648
21600.0,3.1029044591296373E-6,0.018450162180737594,0.9815467349148033
20016.0,1.0171652800162433E-4,0.036298783200915466,0.963599500271083
20799.0,0.9858492180964079,0.014150780872970684,1.0306213698223197E-9
20259.0,1.922969470055352E-7,0.004168816592166753,0.9958309911108862
20524.0,3.481349378449999E-9,1.733791975005378E-8,0.9999999791807309
21002.0,0.06895912884650483,0.558870243253197,0.3721706279002982
21273.0,0.005771401491978579,0.993238650817925,9.899476900965258E-4
21677.0,0.0010985669775667433,0.9180187929014166,0.0808826401210166
20705.0,3.856236399596029E-16,6.987517398998195E-6,0.9999930124826006
20462.0,0.002206857480407847,8.162177512341078E-5,0.9977115207444687
20221.0,0.0010713496319276602,0.6157076055930187,0.38322104477505364
20978.0,3.002022489594794E-12,4.6889797789582085E-9,0.9999999953080182
21460.0,0.9980785825834998,0.001921390806927506,2.6609572533079647E-8
21191.0,0.5011880214008294,0.49816613503448054,6.458435646900596E-4
21395.0,0.7325003886911904,0.2674018785131915,9.773279561805472E-5
21120.0,0.7564889443318338,0.017972622453262848,0.2255384332149033
20646.0,0.987722390742388,0.012277009940723227,5.993168887794147E-7
20393.0,7.033869263794813E-4,0.9175596800512336,0.08173693302238698
20154.0,0.9886867977916439,0.011313196233386705,5.974969295899177E-9
20917.0,2.80336376852265E-11,1.5448681578494562E-16,0.9999999999719663
21738.0,0.9475451785366035,0.052454821028491125,4.349053658813238E-10
21069.0,0.9573409956807177,0.042659004217116214,1.0216607658441594E-10
21342.0,0.9327888260922984,0.04445819277432161,0.022752981133380056
20087.0,0.015685284501170432,0.6182250527284947,0.36608966277033483
20856.0,1.8445416174804594E-7,1.6428804790989986E-10,0.9999998153815501
20324.0,0.9995923320929746,3.959085496030514E-4,1.1759357422287434E-5
20587.0,4.1244155241137407E-7,0.060841297585558035,0.9391582899728895
21543.0,0.7955841757737868,0.20441580671869805,1.750751503789885E-8
20527.0,1.549773870020559E-4,0.0015061283605378708,0.99833889425246
20256.0,0.9912713813648399,0.008728618524144539,1.1101548286568827E-10
20019.0,7.763736156069302E-8,3.67991871891692E-8,0.9999998855634512
20796.0,2.2330419350566108E-11,0.0029521265930217535,0.997047873384648
21274.0,1.8586292589116174E-7,0.9961606286329993,0.0038391855040749096
21001.0,1.4620311453325123E-4,0.2134207538298263,0.7864330430556404
21603.0,0.4475623553667549,0.5521498015631009,2.878430701441126E-4
20977.0,2.2710410006430637E-4,3.180582792840874E-5,0.9997410900720073
20222.0,8.999511636939E-4,0.0016208142103915615,0.9974792346259146
20706.0,0.0031643174461898306,0.015543307646026674,0.9812923749077835
20461.0,0.0013461880149264846,0.9751200862793931,0.023533725705680457
21188.0,5.679768946418368E-8,5.444337591800578E-7,0.9999993987685514
21463.0,8.437541232576579E-7,0.04739221914047418,0.9526069371054026
21678.0,0.9144673991489378,0.07708041909299101,0.008452181758071196
21739.0,0.05032708223013048,0.9495966023242335,7.631544563606226E-5
21394.0,0.15312057398725942,0.8423857041444248,0.004493721868315842
21121.0,0.13648797143416821,0.8481526822155374,0.015359346350294298
20647.0,5.4872372834241536E-12,0.0012506809758026894,0.9987493190187101
20392.0,7.555337449627178E-10,1.190745681370542E-6,0.999998808498785
20155.0,0.013954776376256686,0.9850245052284576,0.0010207183952856845
20916.0,1.6854915080199483E-5,3.2733539242417095E-4,0.9996558096924956
21542.0,0.9730120926880564,0.024415934784965895,0.002571972526977643
21068.0,2.518475144590421E-5,6.918962103262338E-4,0.9992829190382279
21343.0,0.6920176651097214,0.2823759194167769,0.025606415473501714
20857.0,0.20219716543436778,0.7965791458349606,0.0012236887306716375
20086.0,0.43292080311131853,0.567079192969481,3.9192004985066954E-9
20325.0,0.004224572376846754,0.07994950929463884,0.9158259183285143
20586.0,5.616202810701288E-7,2.2082887995251323E-4,0.9997786094997664
21602.0,1.8129063407216644E-6,0.01966464936264809,0.9803335377310112
20257.0,0.038081935939139853,0.9614844699314099,4.3359412945018303E-4
20526.0,3.19845978568365E-4,0.5951133382505781,0.40456681577085357
20018.0,0.9842339373029242,0.015766062674498187,2.2577628883462846E-11
20797.0,0.1486871199474772,0.6332275944436945,0.2180852856088284
21275.0,5.283230501336493E-9,1.8890083414158872E-6,0.9999981057084282
21000.0,4.846669114841176E-12,2.0543007583361447E-9,0.9999999979408525
21679.0,1.446159623560815E-12,2.844565822066303E-9,0.999999997153988
20976.0,0.36949619589748484,0.4999714138818382,0.13053239022067703
20223.0,8.502643364743279E-7,0.7720692549562417,0.22792989477942183
20707.0,0.12980508753245948,0.6344954511504546,0.235699461317086
20460.0,0.06272910235776843,0.38750580777722926,0.5497650898650023
21189.0,0.9734785950830371,0.018045637856675185,0.008475767060287734
21462.0,0.16995762337579914,0.12901912590682943,0.7010232507173715
20589.0,0.9675977459366997,0.032360904132095615,4.134993120468428E-5
20322.0,0.0012291586897061975,2.7842028643835815E-4,0.9984924210238555
20081.0,7.240717154117475E-6,7.881983997204637E-4,0.9992045608831254
20862.0,3.5467333597045604E-7,7.327594165889651E-14,0.9999996453265908
21336.0,0.9359127206636746,6.180824049891306E-4,0.06346919693133636
21067.0,0.9876641310560722,0.012335868624205767,3.197220036736834E-10
21537.0,1.0935296384606949E-10,7.2367790891004485E-6,0.9999927631115579
20156.0,2.3620085063756013E-26,2.633580875683135E-12,0.9999999999973663
20915.0,0.2055485689654293,0.7944376184911314,1.3812543439304949E-5
20640.0,1.713314245955141E-10,0.029158187182239347,0.9708418126464292
20399.0,0.025791900109235818,0.5774722723959381,0.39673582749482605
21126.0,1.7832909571050234E-7,0.6323816514224844,0.3676181702484199
21397.0,0.001752903737619618,1.7059379632688087E-7,0.9982469256685841
21740.0,6.910755120977998E-5,0.0018769760121470711,0.9980539164366431
21457.0,4.121074511022053E-13,1.8197184620804625E-8,0.9999999818024032
21186.0,0.9931780852284547,0.0068219139137006436,8.57844597178346E-10
20459.0,0.03784406779026321,0.9456843970883525,0.016471535121384398
20708.0,0.015936442354589686,0.8234813753619203,0.16058218228348997
20983.0,0.6938896792130199,0.30518439946015474,9.259213268253569E-4
20216.0,0.0021132305870373157,0.9756418670715244,0.022244902341438264
21672.0,0.9383222264755217,0.061677765659710705,7.864767504191223E-9
21007.0,4.4905488257147395E-7,2.5710287575641546E-4,0.999742448069361
21276.0,6.062113902509612E-11,1.83779747236689E-5,0.9999816219646551
20794.0,0.002323251353297892,0.45867148672963903,0.5390052619170631
20021.0,0.6497714498218091,0.004926502673913457,0.34530204750427745
20521.0,0.1714445587892272,0.8285551950655318,2.461452408917781E-7
20262.0,3.1569330198816983E-13,1.2806072128870193E-4,0.9998719392783956
21605.0,2.905070641157972E-4,1.5975529809312864E-4,0.999549737637791
21536.0,0.9538637219452707,0.046136277981811434,7.291781952164931E-11
20588.0,5.616407928000126E-4,6.920909115448037E-5,0.9993691501160454
20323.0,0.8280679894096448,0.007621555809990926,0.16431045478036427
20080.0,0.9983515382971964,0.0016476491573011224,8.125455025574475E-7
20863.0,6.716930310230872E-7,0.5464986817845179,0.4535006465224511
21337.0,3.722129893083341E-8,6.174451691775909E-15,0.999999962778695
21066.0,9.210835623965553E-14,3.47927307819172E-5,0.999965207269126
21741.0,2.0961179895949425E-7,0.006067244330257537,0.9939325460579435
20157.0,0.10709192491774436,0.3675978952891039,0.5253101797931519
20914.0,0.9447351899146897,0.05526480795073288,2.134577393488488E-9
20398.0,0.007080120117344584,0.04828641049245811,0.9446334693901973
20641.0,1.9874592894192925E-7,0.00537274357437254,0.9946270576796985
21127.0,0.6478676915943528,0.3521256249687236,6.683436923628212E-6
21396.0,5.5313585630995504E-5,1.5512116190285942E-5,0.9999291742981787
21673.0,0.2857729064665502,0.7080757091913921,0.006151384342057761
21456.0,0.4670616784457136,0.53288070167372,5.7619880566382945E-5
21187.0,6.586487928736429E-10,1.0989761714141107E-10,0.9999999992314537
20709.0,0.5675429981908184,0.0819820577640246,0.350474944045157
20458.0,0.29373426396051583,0.042123593136855514,0.6641421429026287
20982.0,0.27619310814611175,0.6923109111423771,0.03149598071151114
20217.0,6.2800605886129E-4,0.9058556361765963,0.09351635776454256
21604.0,0.14132600890902616,4.8413599533970525E-4,0.8581898550956342
21006.0,0.003321450794860299,0.44758562321167883,0.5490929259934609
21277.0,1.3408642535880794E-13,3.1468919056496176E-6,0.9999968531079602
20795.0,0.9721205438110402,0.027562226026368153,3.172301625916132E-4
20020.0,2.65925879607962E-5,0.3294840809948261,0.670489326417213
20520.0,0.05260702729132665,0.9471050929260165,2.878797826568034E-4
20263.0,4.242004738042585E-9,3.971345155945366E-16,0.9999999957579949
20083.0,0.04040057009174182,0.020126291886541078,0.9394731380217172
20860.0,1.1794377154944647E-7,0.001574106047966604,0.9984257760082618
20591.0,0.6668914679073737,0.17874348372505408,0.15436504836757214
20320.0,5.661767278448478E-6,0.9967929932284008,0.003201345004320721
21065.0,0.4992495940193599,0.5007430229407416,7.38303989852076E-6
21338.0,0.5328189079061267,0.02473217560036195,0.44244891649351137
21539.0,0.9995063996588321,3.3239759261938104E-4,1.612027485484382E-4
20642.0,0.877548116989687,2.3959326133929652E-5,0.12242792368417915
20397.0,3.6199403570211816E-4,0.560235613884372,0.4394023920799258
20158.0,0.03534777969926342,0.0016157123047681947,0.9630365079959683
20913.0,0.9970657080903976,0.0029342918181426885,9.145960251532751E-11
21399.0,0.9837786268643265,0.01621093284051217,1.0440295161413423E-5
21124.0,2.1303231342611404E-13,5.093106447888864E-4,0.9994906893549981
21742.0,0.49924614666751266,0.16625818964688702,0.33449566368560035
21184.0,0.0010612026843515553,0.07248818114752777,0.9264506161681206
21459.0,1.3433749131245824E-5,9.891253073582178E-6,0.9999766749977952
20981.0,3.6808188640491855E-20,3.631472861850166E-11,0.9999999999636854
20218.0,0.6858463135843639,0.02081959648956596,0.2933340899260701
20457.0,0.02281164003065705,0.5509972234397404,0.4261911365296025
20710.0,0.01116685512509306,0.9840465255546473,0.0047866193202596675
21674.0,0.9930251363742543,0.006974863607601055,1.8144608623701758E-11
21278.0,0.969391706349925,0.030590207415775002,1.8086234299931137E-5
21005.0,0.2806581301607695,0.7129348026180072,0.006407067221223331
20260.0,5.90302228874636E-6,0.9019405794763102,0.09805351750140105
20523.0,0.9906228519263476,0.009377063256080323,8.481757202851896E-8
20023.0,5.916713546883904E-4,0.020238923240939153,0.9791694054043725
20792.0,0.12727570503024285,0.006053089778062396,0.8666712051916947
21607.0,5.716739412061677E-8,6.908563743545242E-5,0.9999308571951704
21538.0,0.12160851531683314,0.02512947889427523,0.8532620057888918
20861.0,0.002962372436268357,0.9970375411834591,8.638027256977419E-8
20082.0,0.5531772425955852,0.19519554098057965,0.2516272164238352
20321.0,7.702431477711228E-4,6.083048625360757E-4,0.9986214519896928
20590.0,1.3642044808459917E-13,5.556145249344146E-10,0.9999999994442491
21064.0,0.996398110770082,0.0036018892160286,1.38895617971199E-11
21339.0,0.7376641769842809,5.597270583692551E-5,0.2622798503098821
21743.0,0.016815038777401585,2.531571699787373E-4,0.9829318040526196
20396.0,2.7688681653442294E-16,0.00799819838425486,0.9920018016157448
20643.0,0.16104340846896198,0.7853768631541331,0.05357972837690491
20159.0,0.2902214023695893,0.7097785388205068,5.880990398061471E-8
20912.0,0.18805567253797562,0.4593321971315355,0.352612130330489
21398.0,7.55985485817275E-4,0.6998201083233427,0.29942390619083986
21125.0,0.9902512031985056,1.9771952179826717E-4,0.009551077279696122
21675.0,0.5436409111498061,0.04272777525971284,0.41363131359048116
21185.0,0.15356312793545732,0.005189313283651334,0.8412475587808914
21458.0,5.832182360920152E-5,3.083221790561535E-5,0.9999108459584852
20980.0,3.717943720410187E-9,8.01101338009828E-9,0.9999999882710429
20219.0,4.446688845637136E-8,1.1737258637682858E-9,0.9999999543593856
20456.0,6.741258008213362E-4,0.9621564641154691,0.03716941008370964
20711.0,4.834737266415598E-7,2.054067443621139E-4,0.9997941097819113
21606.0,0.9995740664282463,4.244845581866595E-4,1.4490135670562114E-6
21279.0,3.96220174233288E-7,0.8980736709977125,0.1019259327821134
21004.0,0.06559294212968601,0.9333119411492683,0.0010951167210456931
20261.0,7.721637469626273E-14,3.272375543816889E-16,0.9999999999999225
20522.0,0.0026871666925806104,0.9973128194204869,1.3886932564711897E-8
20022.0,0.07851151354718627,0.038095624876735165,0.8833928615760785
20793.0,0.15523238297080058,0.047094973914151794,0.7976726431150476
20008.0,1.2196654206387148E-6,6.122364631926242E-6,0.9999926579699475
20775.0,3.3184988290098247E-4,1.4532938742307693E-8,0.9996681355841602
20532.0,1.0174921392782915E-14,2.3847875433439622E-4,0.9997615212456553
20283.0,0.38108701242196386,6.684555517243058E-6,0.6189063030225189
21010.0,0.006886619137983773,0.9590736840877214,0.03403969677429483
21249.0,1.8828080269891908E-15,5.165308650090704E-10,0.9999999994834673
21624.0,0.08248069266562277,0.8482444469216317,0.0692748604127455
20729.0,2.892045876956812E-4,0.9140914115697446,0.0856193838425597
20470.0,0.18005062577178757,0.8172817554595915,0.0026676187686208858
20970.0,2.448713793981576E-4,7.773773112631111E-4,0.9989777513093386
20197.0,0.08513120261639419,0.03580439668681011,0.8790644006967957
21452.0,0.9913000530030345,0.008699946443048738,5.539169357673057E-10
21215.0,0.0015325973757962642,0.026876343572705838,0.9715910590514979
21685.0,0.2676549017012745,0.3163471046754674,0.41599799362325807
21147.0,5.451436811086036E-10,1.5355808656267E-5,0.9999846436462001
21384.0,0.5362405206059369,0.4597987361984963,0.003960743195566807
20129.0,7.878738548976881E-4,0.9937681306492939,0.005443995495808303
20910.0,0.36922941383878144,0.5546150996515189,0.07615548650969974
20669.0,2.1909630019507917E-4,0.21517702050293458,0.7846038831968704
20402.0,0.6551154280721079,0.34488457002127726,1.9066148800676333E-9
21745.0,0.8040343401220095,0.13880934667554176,0.05715631320244887
21317.0,7.248025862457524E-8,0.0018636524310723305,0.9981362750886691
21078.0,2.2385094847886955E-4,0.024859804931625814,0.9749163441198954
20351.0,0.00292033767294968,0.0015483911700470993,0.9955312711570032
20592.0,0.9997710165527957,2.1189324104061146E-4,1.709020616362679E-5
20076.0,0.012724903052631496,0.9505362719422059,0.036738825005162574
20835.0,0.5479709925077823,0.44746023659439327,0.004568770897824376
21564.0,0.9998529258140555,1.469852578508939E-4,8.892809363409242E-8
21625.0,0.004203122197263481,0.7994177105974754,0.19637916720526116
20774.0,6.23258062290107E-4,0.8986646264382386,0.10071211549947122
20009.0,3.882067874967592E-5,0.029735251088314135,0.9702259282329361
20533.0,6.089593214512766E-5,0.959956639650025,0.03998246441782989
20282.0,0.03751552983420716,0.23375960533363463,0.7287248648321583
21011.0,0.12220953901194279,0.5547885132374918,0.3230019477505654
21248.0,0.10708916426224796,0.8919541105579359,9.567251798160407E-4
21684.0,0.009646349575284626,0.046476766890242424,0.943876883534473
20728.0,0.9972119689052831,0.002781284576136901,6.746518579888387E-6
20471.0,0.006390135282387148,2.0738908075515603E-6,0.9936077908268053
20196.0,0.9850990459911486,0.014900541936809711,4.120720416865389E-7
20971.0,0.0027960425747145133,0.046643383244474465,0.950560574180811
21453.0,2.7151036653119882E-5,0.009000767266834686,0.9909720816965121
21214.0,2.664901851735763E-4,0.9989903161874494,7.431936273769668E-4
21744.0,3.079838328463758E-5,0.9997055737595897,2.6362785712568645E-4
21146.0,8.760080157510394E-11,5.009176655356937E-13,0.9999999999118983
21385.0,0.31074238978200364,0.001980585741108713,0.6872770244768878
20128.0,7.302181760183409E-4,3.9550708590691994E-5,0.9992302311153909
20911.0,0.3205586925232384,0.5671407211794683,0.11230058629729328
20668.0,0.024868412871069657,0.004018771145944041,0.9711128159829863
20403.0,1.6319132285985272E-9,5.381444509367056E-10,0.9999999978299423
21565.0,0.1384524114312125,0.05415072722096037,0.8073968613478272
21316.0,0.10862737698804611,0.8820179670006271,0.009354656011326817
21079.0,0.005684419616850727,0.45728611561084426,0.537029464772305
20593.0,0.03444660537708926,0.9644038773494968,0.0011495172734139242
20350.0,2.0246270710351368E-8,0.3308085909075557,0.6691913888461735
20834.0,0.1669772085955398,0.8299293812365508,0.0030934101679094017
20077.0,0.055419357778606106,0.9445806410462081,1.1751858574566832E-9
20281.0,0.4855010655267046,0.5137833736450697,7.155608282257849E-4
20534.0,4.733622264651738E-5,6.362890059450569E-10,0.9999526631410645
20773.0,6.263072526930818E-5,0.821210216368897,0.17872715290583358
20010.0,0.9856233061997903,0.013229800640522798,0.0011468931596869388
21251.0,3.2317196770671764E-7,0.0029512921943045563,0.9970483846337278
21008.0,0.5272044172204469,0.018040997521461207,0.454754585258092
21626.0,0.8544692862251778,0.07173581301355732,0.07379490076126492
20199.0,1.983836204814008E-5,0.9999736307222794,6.530915672524843E-6
20968.0,5.2894816927628195E-19,8.181804037758367E-26,1.0
20468.0,0.9716828190962904,0.028317180746874417,1.5683513516270422E-10
20731.0,0.001210376785078846,0.9804545929776946,0.018335030237226706
21213.0,0.18752393687197183,0.0060465992363338186,0.8064294638916943
21454.0,1.329027539743638E-5,4.610218098729008E-4,0.9995256879147297
21687.0,0.005849174270958236,0.08904636277674083,0.905104462952301
21386.0,0.9654550695433247,0.03454485314936092,7.730731432506925E-8
21145.0,0.8421343721652728,0.03689512266205384,0.12097050517267331
20400.0,8.964119025937259E-5,0.3914244611326741,0.6084858976770665
20671.0,0.0022841011398645234,0.9967051195515023,0.0010107793086330955
20908.0,8.904090471981678E-8,2.656299245956984E-12,0.999999910956439
20131.0,0.6149633751584186,0.3850342066012203,2.418240360952383E-6
21747.0,0.9409107268455301,0.05908927290088109,2.535888204889549E-10
21076.0,0.5564272330295996,0.44351523086223227,5.753610816805086E-5
21319.0,1.1919463406601528E-5,0.30353347331989344,0.6964546072167
20833.0,0.0740030006689769,0.9259969871038761,1.2227147064742705E-8
20078.0,5.196732367690609E-11,9.513537409198482E-11,0.9999999998528972
20594.0,0.9976178603562166,0.002382139628374513,1.5408936941052355E-11
20349.0,0.7580713086889164,0.2417248379404471,2.0385337063636897E-4
21566.0,0.012877434937694046,0.9169525861966505,0.07016997886565525
21627.0,8.117413273525677E-12,5.848660862985112E-13,0.9999999999912976
20280.0,0.2644649840830701,0.40163020485782713,0.33390481105910275
20535.0,0.9831486753902932,0.016850206995659762,1.1176140471560338E-6
20011.0,7.471033091526315E-8,2.430029358639377E-4,0.9997569223538052
20772.0,0.3658181611275509,0.5048860662518162,0.1292957726206329
21250.0,0.9867213538108563,0.013278645366175457,8.229682138516473E-10
21009.0,1.9937278885390352E-8,0.033248359553997686,0.9667516205087233
21686.0,2.5668400887968666E-9,1.5336324574942835E-7,0.999999844069914
20969.0,0.0023675581153084608,0.7733233955924416,0.22430904629224988
20198.0,1.411799009484103E-6,0.04144498130250065,0.9585536068984898
20469.0,0.8538230060369348,0.12238150322805295,0.023795490735012154
20730.0,3.6052747231578325E-13,1.1820097154234452E-6,0.9999988179899241
21212.0,2.0188016276967103E-7,0.27816063190580065,0.7218391662140365
21455.0,0.9942824948914202,0.005711772221011317,5.732887568489732E-6
21746.0,0.0955141331769422,0.9040890408754452,3.9682594761269346E-4
21387.0,4.233231263356061E-9,9.64453276906243E-7,0.9999990313134918
21144.0,0.015195220980935994,0.9538928126498187,0.03091196636924529
20401.0,5.63974120846724E-7,0.39812956852565823,0.601869867500221
20670.0,2.5204300874082598E-11,2.8486300939522714E-7,0.9999997151117863
20909.0,1.0738730817287105E-8,8.673910409569274E-5,0.9999132501571736
20130.0,1.051402333189278E-9,2.6527783397931243E-8,0.9999999724208142
21567.0,0.6381765570157859,0.3618234406095716,2.3746424777892133E-9
21077.0,0.6728740165690704,0.17186634237399845,0.15525964105693102
21318.0,0.0016308732848516875,0.15945923597307332,0.838909890742075
20832.0,4.1470370075697105E-18,6.138936749121093E-7,0.9999993861063251
20079.0,0.5215037244718279,0.47848851659988534,7.758928286672673E-6
20595.0,0.002846536727647938,0.005973686171064928,0.991179777101287
20348.0,4.692013071341591E-4,0.0011577649733470142,0.9983730337195189
21448.0,0.0012152084093620793,0.2198968264631366,0.7788879651275012
21211.0,0.9733315308222951,0.026668468835760527,3.419443508165461E-10
20466.0,0.9856408762359998,0.01435912374959498,1.440511085925198E-11
20733.0,1.0047819632360716E-7,0.03284381662969594,0.9671560828921076
20974.0,0.9972851246128822,8.815436116051231E-4,0.0018333317755126217
20193.0,0.3683287314737525,0.610798616308011,0.02087265221823638
21681.0,0.8049675915149744,0.1949818196363551,5.058884867048875E-5
21014.0,0.9978905279040241,0.0021094720943869087,1.5888649913802172E-12
21253.0,0.3181530759041449,0.6538770771803707,0.02796984691548444
20012.0,3.445349768944361E-5,0.018259692245260205,0.9817058542570504
20771.0,0.6448692021281645,0.3551080286191521,2.2769252683618765E-5
20287.0,0.03535132394329031,0.9646477870749082,8.889818015435723E-7
20528.0,2.390096199156825E-5,0.0015239515656019522,0.9984521474724064
