21609.0,0.7868092595725609,0.2040278838768849,0.009162856550554176
20790.0,0.5006156475483705,0.06480958631739582,0.43457476613423357
20025.0,0.17174260126558444,0.8281212106332632,1.3618810115230618E-4
20517.0,0.9211708271959697,0.07843884244545461,3.9033035857565727E-4
20266.0,0.8525049849645702,0.14749069165091744,4.32338451223361E-6
20995.0,8.466856627372161E-5,0.04912823014206409,0.9507871012916621
21264.0,0.9603404825572509,0.039593838881009556,6.567856173956334E-5
21668.0,0.0021942131130823664,8.67355976184345E-4,0.9969384309107332
20455.0,0.07873767211331853,0.9156631333152139,0.005599194571467595
20712.0,0.19082469136138028,0.8089693987769199,2.0590986169989647E-4
20987.0,1.1177803592519287E-5,7.276654202739025E-8,0.9999887494298654
20212.0,0.9994543463165964,9.088334281903828E-5,4.5477034058477806E-4
21469.0,0.99371511701424,0.006257363740557425,2.7519245202656443E-5
21198.0,0.6818993613193997,0.31808368532873904,1.6953351861169197E-5
21728.0,0.00399121330061905,2.102921382251833E-7,0.9960085764072426
21130.0,1.9332277704670727E-6,0.46449683369422673,0.5355012330780027
21401.0,0.5369885824568639,0.009225680429801646,0.45378573711333453
20144.0,0.05921136841888295,0.8621048866740724,0.07868374490704455
20927.0,0.23100964622902787,0.7651377382933257,0.003852615477646483
20387.0,0.9140328180548145,0.08596465636572216,2.5255794634307164E-6
20652.0,0.42860795083912334,0.5482175025996753,0.023174546561201378
21549.0,0.774978978516775,0.22501515734530897,5.8641379159339935E-6
21332.0,0.3965152349811207,0.5989843057009889,0.004500459317890459
21063.0,1.699828173478633E-12,3.4302897444330836E-7,0.9999996569693257
20577.0,0.07140532975528822,0.2754073440975212,0.6531873261471907
20334.0,5.983815257193294E-7,0.0043989830056244406,0.9956004186128499
20850.0,0.9067081157752384,0.024898617268820866,0.06839326695594078
20093.0,0.001420595608687082,0.9777089640681244,0.020870440323188497
20024.0,3.1750725648400465E-6,0.006230636755453107,0.993766188171982
20791.0,0.7227541334249851,0.27719331085260296,5.255572241187803E-5
20267.0,0.1000680416224459,0.7554319014339769,0.14450005694357726
20516.0,7.959106801272982E-4,0.2368363576764053,0.7623677316434674
20994.0,4.366905896560746E-10,2.625851591858859E-6,0.9999973737117176
21265.0,6.1091019399683366E-6,0.018622887224470044,0.9813710036735901
21608.0,0.7222920385801367,0.2773288470155273,3.791144043360549E-4
20713.0,0.0964827357172371,0.012576486724456264,0.8909407775583066
20454.0,0.5497936308611591,0.44883410564245224,0.0013722634963887611
20986.0,0.9683806344281343,0.031619332261618505,3.331024711484503E-8
20213.0,2.5669224059869915E-4,0.5036610471059201,0.4960822606534812
21468.0,0.015607206157354047,0.3539618815838487,0.6304309122587972
21199.0,0.030871553747911132,0.030358230549530997,0.9387702157025578
21669.0,0.02586211495466643,0.8111076423973973,0.16303024264793634
21131.0,6.77405874846142E-5,0.002673698374719592,0.9972585610377958
21400.0,0.8905546437733715,0.10942975409792985,1.5602128698674795E-5
20926.0,6.283259689746912E-7,0.0012873431164092046,0.9987120285576219
20145.0,7.797379833055176E-6,0.08555679268586268,0.9144354099343043
20386.0,0.02860387209170428,0.9146094126238162,0.05678671528447935
20653.0,3.172972259179568E-7,0.02670060371171301,0.9732990789910609
21729.0,0.9193733122781569,0.08061782645974348,8.86126209971273E-6
21333.0,8.563329862526854E-4,0.006059900080966463,0.9930837669327809
21062.0,0.9650850423395959,0.026102241638040837,0.008812716022363403
20576.0,0.04215555203375192,0.10224354971275111,0.8556008982534969
20335.0,3.9068710734627326E-7,0.001145719422056633,0.9988538898908359
20092.0,0.2271863094065689,0.7724110337874508,4.026568059802265E-4
20851.0,0.8391481738243171,0.1607585770741275,9.324910155547737E-5
21548.0,0.9514314141389272,0.04833127070815019,2.3731515292259685E-4
21611.0,0.9771549539731617,0.020695559886040084,0.00214948614079832
20519.0,0.11657491795920646,0.5039722591236716,0.37945282291712196
20264.0,0.9666318376424545,0.03336709589839794,1.0664591474800218E-6
20788.0,0.3433144076130881,0.6565217907891158,1.6380159779613512E-4
20027.0,0.9318943833401557,0.06809367442724255,1.1942232601704021E-5
21266.0,0.5608255559794206,0.43917428906528794,1.54955291476182E-7
20993.0,0.9140193917847945,0.08596154705057582,1.9061164629623098E-5
21670.0,0.0016017473823305686,1.0767101812771748E-6,0.9983971759074882
20214.0,3.74006220084442E-10,2.0638161903044157E-4,0.9997936180069633
20985.0,1.577569975441489E-4,0.10747539961269713,0.8923668433897588
20453.0,0.0010056645729535972,0.044062871682969,0.9549314637440773
20714.0,0.10961666440122579,0.23744742647660705,0.6529359091221671
21196.0,0.15599858733624739,0.18260816631241084,0.6613932463513418
21471.0,0.8828577019750765,0.11535605742396862,0.0017862406009548474
21730.0,0.030657270316529265,0.2403476184527034,0.7289951112307674
21403.0,0.2102891251894907,0.546234089991685,0.24347678481882434
21128.0,0.003940887185337422,0.33823595513503896,0.6578231576796236
20385.0,0.7806980429794328,0.21929298765947278,8.96936109454074E-6
20654.0,0.5563129367882718,0.44325936957432144,4.2769363740675833E-4
20146.0,0.11693427720997339,0.6979970352313535,0.1850686875586731
20925.0,0.9344448774665407,0.06554046012890676,1.4662404552610115E-5
21551.0,6.722314260570164E-10,5.3337657582986795E-8,0.999999945990111
21061.0,3.895334813946189E-6,1.625331924877335E-5,0.9999798513459374
21334.0,0.08732958637382053,0.31328753595283315,0.5993828776733463
20848.0,0.8830917096877611,0.11687557605781802,3.2714254420910215E-5
20095.0,0.998665605657028,0.0013151058842402195,1.9288458732027437E-5
20332.0,5.655169594156697E-6,0.03402930909380422,0.9659650357366016
20579.0,1.4082484910836796E-4,9.802913048186331E-4,0.9988788838460729
20265.0,1.1109494122486059E-7,1.221890158712693E-9,0.9999998876831686
20518.0,0.9940913954390844,0.00590859011559766,1.4445317884625445E-8
20026.0,0.30464800071089215,0.2745947368341486,0.4207572624549593
20789.0,0.7754892220817177,0.2231573493330162,0.001353428585265954
21267.0,0.5747476263237689,0.011747183879065298,0.41350518979716583
20992.0,2.7790891097274417E-8,0.0038166564429167648,0.9961833157661921
21610.0,0.6542438107025592,0.32988395165508955,0.015872237642351347
20984.0,3.4704562824328653E-6,4.307071008524515E-6,0.999992222472709
20215.0,1.6401677981068324E-4,0.3911362689375984,0.608699714282591
20452.0,0.828712769167126,0.16486892911210876,0.006418301720765338
20715.0,0.6134983065432208,0.1741426828430279,0.21235901061375143
21197.0,0.001464601825386679,0.9852814952561588,0.013253902918454321
21470.0,0.5681327162285337,0.4064296278374133,0.025437655934053015
21671.0,0.0122518894900606,0.9852855623933787,0.002462548116560734
21402.0,0.9473124930510597,0.05267809736107117,9.409587869180497E-6
21129.0,0.0309927801897777,0.7677018177295973,0.20130540208062492
20384.0,1.6015618188744817E-16,1.4344668032703575E-7,0.9999998565533196
20655.0,2.499282250985991E-7,0.006471380321174742,0.9935283697506002
20147.0,0.9995387483626953,4.365847099411679E-4,2.466692736353548E-5
20924.0,1.03905909897699E-4,6.722943883296051E-6,0.9998893711462189
21731.0,0.052198582695672104,0.6471037516622445,0.3006976656420834
21060.0,5.70662637411086E-7,4.43741874282112E-6,0.9999949919186197
21335.0,0.9956196042575322,0.002335872354645178,0.0020445233878224594
20094.0,3.1987565657348264E-9,1.1971039446476788E-7,0.9999998770908489
20849.0,0.9889159657741887,0.011084023886348679,1.0339462713389294E-8
20578.0,0.22563587317782408,0.7717963865712375,0.002567740250938306
20333.0,0.6997952886429041,0.299805685918232,3.9902543886378213E-4
21550.0,0.004102603921142502,0.04439203683321549,0.951505359245642
21664.0,0.8479060382994592,0.15209328323592852,6.784646124288377E-7
21465.0,0.004154697017651066,0.6801394258280878,0.315705877154261
21194.0,0.006464304701376555,0.9808231252723176,0.012712570026305813
20451.0,0.6674132670026867,0.3324246535033255,1.6207949398786952E-4
20716.0,0.7416853378372242,0.2576903121869535,6.243499758224032E-4
20208.0,8.368616624004909E-6,0.11260453015837663,0.8873871012249994
20991.0,2.607148742384787E-4,0.9939568177255831,0.005782467400178561
21613.0,0.7387350852308604,0.26075788556893553,5.070292002039255E-4
20999.0,0.013606075160579384,0.8727865559406255,0.11360736889879514
21268.0,3.518098133153803E-5,0.044043634347939294,0.9559211846707292
20029.0,1.2959872069392474E-9,1.8956984059874988E-9,0.9999999968083144
20786.0,0.0020580840592120627,0.008479823948803736,0.9894620919919841
20270.0,0.04350733752001677,0.0489437429168483,0.9075489195631349
20513.0,0.0022061170697630335,0.10162201072510546,0.8961718722051315
21545.0,0.9998107424017898,1.7054677870287173E-4,1.8710819507330468E-5
20581.0,0.04337126672631489,0.9110926748529946,0.04553605842069056
20330.0,5.616042708979283E-5,0.027415061896391084,0.972528777676519
20089.0,0.7104340234734985,0.26652556288915524,0.023040413637346418
20854.0,0.0021183357319936027,0.6619345607350023,0.3359471035330042
21328.0,2.200236893499278E-8,7.877360090973767E-6,0.9999921006375402
21059.0,0.6720944181523291,0.32787920936527454,2.6372482396287813E-5
21732.0,0.32125533104359655,0.678644772440327,9.989651607640959E-5
20923.0,0.9836389413985256,0.004558724306727376,0.011802334294746942
20148.0,5.737057754883766E-18,1.0756206761811333E-9,0.9999999989243793
20648.0,0.5321991817013266,0.018379503532193187,0.4494213147664802
20391.0,0.3320306859723422,0.100029827484289,0.5679394865433688
21134.0,0.00918377883449241,0.11745809541498548,0.8733581257505221
21405.0,0.8155864405780529,0.11826288084058878,0.06615067858135835
21464.0,0.0014515206245272992,0.07948896785047403,0.9190595115249987
21195.0,5.91633073154082E-4,7.909102285952918E-6,0.9994004578245599
20717.0,0.19274106807751126,0.8071941851582544,6.474676423436338E-5
20450.0,0.20619797485646177,0.11288450161846794,0.6809175235250704
20209.0,0.3063261546544393,0.6367355518615518,0.05693829348400894
20990.0,0.47097796838436745,0.5281022287866621,9.198028289704483E-4
21665.0,0.6596252091066566,0.3403628796117944,1.191128154919071E-5
20998.0,5.968689784445847E-4,0.02761201001268255,0.971791121008873
21269.0,0.31221130826771726,0.15948212398157002,0.5283065677507127
20028.0,2.123341501281436E-6,0.00320615764877022,0.9967917190097284
20787.0,0.4875708492890373,0.5112626024993897,0.0011665482115730196
20271.0,2.2508980135707942E-4,6.199039668680241E-4,0.999155006231775
20512.0,0.7291175013407128,0.255328609994924,0.015553888664363151
21612.0,0.08073077617485842,0.27571631437455807,0.6435529094505834
20580.0,6.86184040693718E-12,3.897626127030512E-9,0.9999999960955119
20331.0,0.002587938577685486,0.149321140190108,0.8480909212322064
20855.0,0.9889195699572668,0.011080420511728242,9.531004984031322E-9
20088.0,0.1545472924425719,0.037855016964358494,0.8075976905930696
21329.0,1.569594030906346E-4,0.0016344129304921974,0.998208627666417
21058.0,0.045483732126578726,0.7119973263248314,0.24251894154858994
21544.0,0.9646304248980079,0.03535963659413865,9.938507853368436E-6
20922.0,0.9682819013648118,0.031674180147801684,4.391848738654946E-5
20149.0,0.019913236337507557,0.004243218265587965,0.9758435453969044
20649.0,2.634188273700599E-8,6.585047240112128E-7,0.9999993151533934
20390.0,0.9952029610449795,0.004796948114731557,9.084028907697306E-8
21135.0,0.007870797098010647,0.015737523305583954,0.9763916795964054
21404.0,1.9435080887198023E-4,0.28322009608930393,0.7165855531018241
21733.0,1.2016357296344687E-9,5.139015710129773E-6,0.9999948597826542
21666.0,2.6444164787454866E-9,8.496348917156329E-4,0.9991503624638678
21192.0,1.34575003320705E-4,0.0027459894682830277,0.9971194355283963
21467.0,1.814300383054013E-7,0.020332183015082585,0.9796676355548791
20989.0,0.21316834765596274,0.7866317795115833,1.9987283245414064E-4
20210.0,6.046521420289867E-8,1.4469685449741294E-8,0.9999999250651005
20718.0,4.868696333144486E-7,2.6179399697368886E-6,0.999996895190397
20449.0,7.786324146919694E-4,0.0019515773086914998,0.9972697902766164
21615.0,0.3406136100449478,0.6585275812641548,8.588086908973298E-4
21270.0,0.8348777792142413,0.16436682771623845,7.553930695201643E-4
20997.0,0.29344427728782674,0.6905634079312853,0.01599231478088792
20515.0,7.100259510716654E-7,7.923141366781508E-5,0.9999200585603811
20268.0,0.98916504646597,0.010830348600744694,4.6049332852632435E-6
20031.0,0.18383360511934443,0.815808562979124,3.5783190153155847E-4
20784.0,0.07252827864250305,0.909970026047144,0.017501695310352925
21547.0,5.692893002882254E-5,4.740962053806911E-4,0.9994689748645905
20091.0,0.052698642148315475,0.38667476734832296,0.5606265905033616
20852.0,7.974584432494313E-5,1.92329101734582E-6,0.9999183308646578
20328.0,0.23824353197101433,0.7575504203628229,0.004206047666162737
20583.0,0.0010792215861162814,2.863119197454805E-4,0.9986344664941383
21057.0,0.04803202013278444,0.9507740105090455,0.0011939693581701706
21330.0,0.9312482703840694,0.06838938284721462,3.6234676871592586E-4
21734.0,0.17450859737228386,0.8237995857709668,0.0016918168567494093
20650.0,0.8004969835067115,0.19894384876453103,5.591677287575359E-4
20389.0,0.8548437531621238,0.1451560209902966,2.2584757967812826E-7
20150.0,0.0018292242745657768,0.8608847809795409,0.13728599474589337
20921.0,0.3532272106378872,0.6467691857732256,3.6035888872538513E-6
21407.0,0.21675287546136837,0.7750823078092051,0.008164816729426582
21132.0,0.013988653861690311,0.9796028739851848,0.006408472153124817
21193.0,3.544204883353082E-5,0.08755861846752401,0.9124059394836425
21466.0,0.0038339049276683245,0.1043263573622728,0.891839737710059
20211.0,9.103627794095213E-6,0.09399697691733686,0.905993919454869
20988.0,3.445235337360425E-5,0.0012889302602806406,0.9986766173863458
20719.0,1.3224793469946409E-12,4.625343522828938E-9,0.9999999953733341
20448.0,4.498731419086885E-9,1.5480888367128893E-4,0.9998451866175972
21667.0,5.489179074610898E-5,0.003002088694164136,0.9969430195150897
21271.0,0.9436335834175784,0.056364026071844056,2.390510577619373E-6
20996.0,0.9914870444813136,0.008466548574502722,4.640694418348062E-5
20514.0,0.924633729718456,0.07536277157980623,3.498701737703018E-6
20269.0,2.0623185793844907E-11,2.6051949997644194E-10,0.9999999997188573
20030.0,0.0013699091868621895,0.07456173471316074,0.9240683560999771
20785.0,0.002512329116386614,0.009199446968636076,0.9882882239149774
21614.0,4.525407528151281E-7,4.365233889385554E-4,0.9995630240703085
20853.0,0.5183004198909535,0.4770098504391877,0.004689729669858756
20090.0,0.47427551855008626,0.5074563290159342,0.018268152433979536
20582.0,8.363050901970601E-5,0.008764867877725716,0.9911515016132547
20329.0,9.025688503245708E-4,0.8306571606549213,0.16844027049475407
21056.0,3.808712097522941E-5,0.760962634010276,0.23899927886874875
21331.0,0.7803002642050298,0.21969581357603207,3.922218938036435E-6
21546.0,6.126503247506898E-7,1.8760784775868286E-10,0.9999993871620675
20388.0,0.9957668141295367,0.004233185713608445,1.568548306013952E-10
20651.0,0.005234559247936979,0.8607026627515476,0.13406277800051547
20151.0,4.0286128214175334E-5,1.8899411925296305E-4,0.999770719752533
20920.0,0.2420921868051969,0.7549808552774862,0.002926957917317021
21406.0,0.01600514430658513,0.030006633076743953,0.9539882226166708
21133.0,0.8683703005034954,0.13161197738151112,1.772211499368363E-5
21735.0,0.8412572936336248,0.15869760733029098,4.5099036084327945E-5
21122.0,1.0355198477456798E-8,1.1761862336462698E-6,0.9999988134585679
21393.0,1.6606284315041688E-6,3.1484379497866723E-9,0.9999983362231305
20152.0,0.6246243516849971,0.37290378564836807,0.0024718626666347895
20919.0,0.9870330408601153,0.012966896701577775,6.243830703023264E-8
20644.0,0.018582996347434134,0.4217656452799556,0.5596513583726103
20395.0,8.935291777541541E-4,7.767420609942437E-5,0.9990287966161464
21736.0,4.945387269348182E-4,0.7199701680983961,0.27953529317466913
21340.0,6.236083857229084E-4,0.017213582466984803,0.9821628091472921
21071.0,0.6312623377067408,0.20931873352695188,0.1594189287663073
20585.0,0.7870424156632624,0.2126340609802844,3.235233564532016E-4
20326.0,0.0029157570266252503,1.718131527737247E-7,0.997084071160222
20858.0,0.4523339214771204,0.2090138380158393,0.33865224050704035
20085.0,7.022098498930201E-5,6.41757148366128E-7,0.9999291372578624
21541.0,1.9322848229921092E-5,0.017532267721908655,0.9824484094298614
20798.0,0.07895234202840914,0.9208066615020167,2.409964695740377E-4
20017.0,0.9862198540526939,0.013780142356984654,3.5903215356858816E-9
20258.0,0.007054090364488564,0.9766480592156593,0.016297850419851975
20525.0,0.726835988172929,0.0349965024517994,0.23816750937527145
21003.0,0.991200871328503,0.0071212841447706975,0.0016778445267262537
21272.0,0.010575657413594675,0.1297573825524035,0.8596669600340018
21601.0,7.130276025620689E-4,0.0012947840659860693,0.9979921883314518
20704.0,0.07602329253870141,0.010713375531347906,0.9132633319299507
20463.0,0.0031645442686476953,0.01382031761851374,0.9830151381128385
20220.0,0.9250571190964395,0.0023605693281575735,0.07258231157540283
20979.0,9.433240198360053E-9,2.1077577746663243E-7,0.9999997797909824
21461.0,3.259235975654695E-8,8.385652042991742E-6,0.9999915817555972
21190.0,0.006964820409215261,0.16691408992612053,0.8261210896646642
21676.0,0.06629631784298552,0.8650601986735856,0.06864348348342897
21737.0,0.13421549593532037,4.7111212096523445E-4,0.8653133919437145
21123.0,0.030994673627002634,0.0638528009416762,0.9051525254313212
21392.0,4.324384544520998E-8,3.1399202396044394E-6,0.999996816835915
20918.0,3.298195822793838E-5,2.4222590640208554E-4,0.99972479213537
20153.0,4.272904186864093E-6,5.810300325492652E-4,0.999414697063264
20645.0,1.1264141524464002E-4,0.010088345406819308,0.9897990131779362
20394.0,0.009018368964565145,0.8938988863303294,0.09708274470510546
21540.0,0.5545918975661513,0.4439786660577239,0.0014294363761247122
21341.0,0.9348995066019224,0.009196686497636877,0.055903806900440646
21070.0,0.0010676947633564238,0.3698932546509165,0.6290390505857272
20584.0,0.08759636705907713,0.8302134315016069,0.08219020143931594
20327.0,0.6561657626794893,0.3411348445153473,0.00269939280516344
20084.0,0.8715920494558019,0.12840740827946232,5.422647357225078E-7
20859.0,3.3870852688483338E-9,1.5864800629912778E-4,0.9998413486066157
21600.0,3.878734407330387E-5,0.022264834661174144,0.9776963779947524
20016.0,0.0033450343927655894,0.7571877572833231,0.23946720832391138
20799.0,0.9273623729780612,0.07261678019247315,2.0846829465503342E-5
20259.0,5.663101455728001E-5,0.013552221909998018,0.9863911470754447
20524.0,4.211484611637139E-5,3.287365919295005E-5,0.9999250114946906
21002.0,0.01269186199965086,0.2258275431876616,0.7614805948126876
21273.0,0.25144650387427214,0.7475723004511711,9.811956745567098E-4
21677.0,0.1306803031100166,0.8594556078213241,0.009864089068659371
20705.0,5.908054870805991E-7,0.006172359219573815,0.9938270499749391
20462.0,0.07709954230281121,0.003525900561613186,0.9193745571355756
20221.0,0.010704639284427109,0.9518058639189763,0.03748949679659652
20978.0,6.19123541237843E-11,5.713019120869008E-8,0.9999999428078964
21460.0,0.8708595386127963,0.12913188311197973,8.578275224032932E-6
21191.0,0.43227363508252653,0.565460314186909,0.002266050730564446
21395.0,0.4969198277473058,0.4980030421875792,0.005077130065114993
21120.0,0.003727912810148292,0.022118269341899914,0.9741538178479517
20646.0,0.9850792564621753,0.014916778665788997,3.964872035488546E-6
20393.0,0.12667605331095336,0.8693370775861581,0.003986869102888503
20154.0,0.8984574033943215,0.1015382921058875,4.304499790863618E-6
20917.0,8.324931015222599E-7,3.3819410949851674E-8,0.9999991336874876
21738.0,0.9727587628075399,0.027241229804057892,7.388402165053807E-9
21069.0,0.9901996902439256,0.00980030867929681,1.0767776334019956E-9
21342.0,0.5134517054202635,0.17093786142810166,0.31561043315163484
20087.0,0.0885472348563308,0.4031983049617456,0.5082544601819236
20856.0,0.016741982882890267,2.370521615726717E-5,0.9832343119009526
20324.0,0.9951502898776264,0.003371551081430034,0.0014781590409435128
20587.0,0.0011295380878142023,0.9287933809566646,0.07007708095552119
21543.0,0.8759738134423442,0.12402523546525693,9.510923989252662E-7
20527.0,0.010099132858447898,0.004249546883214758,0.9856513202583375
20256.0,0.9763191250745243,0.02368084930602845,2.561944717774224E-8
20019.0,6.80118018310665E-8,1.515290694065697E-5,0.9999847790812576
20796.0,1.668887764467235E-6,0.007789016084457904,0.9922093150277776
21274.0,6.265881770488108E-5,0.9682127082343982,0.03172463294789679
21001.0,0.049684556444935316,0.9105057844352231,0.039809659119841447
21603.0,0.8325057494729777,0.16748351906626044,1.0731460761781906E-5
20977.0,4.0569803017715864E-4,5.466151211996781E-4,0.9990476868486231
20222.0,1.5150543661765422E-4,1.1259480307958454E-4,0.9997358997603029
20706.0,0.06296679645258833,0.03793983564577413,0.8990933679016376
20461.0,0.013874105023168054,0.12178328695835366,0.8643426080184784
21188.0,1.6229129414255356E-4,0.001003731220360773,0.9988339774854967
21463.0,0.005524233733087104,0.7854065015261809,0.20906926474073204
21678.0,0.4037127024538399,0.592805484618327,0.0034818129278330096
21739.0,0.7798313930212588,0.21995757548436834,2.110314943728978E-4
21394.0,0.12122873753103987,0.7403284781912839,0.13844278427767626
21121.0,0.06849519113239826,0.930894995250513,6.09813617088746E-4
20647.0,2.878904096236141E-10,1.5163707852384526E-4,0.9998483626335858
20392.0,1.4733812030344055E-8,5.188809387829252E-5,0.9999480971723097
20155.0,0.2328188181056494,0.7572723924695107,0.009908789424839911
20916.0,4.023342461041715E-5,0.002771387735010719,0.9971883788403789
21542.0,0.8207207742492482,0.06756591992817193,0.11171330582257993
21068.0,0.007515131526977759,0.016479043497934893,0.9760058249750875
21343.0,0.8009063513789574,0.18713377851892138,0.011959870102121267
20857.0,0.6585102248570681,0.33731704172066934,0.004172733422262489
20086.0,0.9772286446050942,0.02277132837256786,2.7022337965870016E-8
20325.0,0.001499165716680905,0.022477956724857587,0.9760228775584615
20586.0,2.982109780191259E-5,0.01755120887886796,0.9824189700233302
21602.0,0.0025648234977164014,0.07077007209236165,0.926665104409922
20257.0,0.8581005162865412,0.14189891306585872,5.706476001502172E-7
20526.0,9.1458533357927E-4,0.4883076460619574,0.5107777686044632
20018.0,0.9903513177956226,0.009648680510580708,1.6937965587735778E-9
20797.0,0.24251989239680916,0.751229736816036,0.006250370787154772
21275.0,8.671727643168955E-8,2.231777004751859E-5,0.9999775955126761
21000.0,6.65652943377671E-8,2.391678497597523E-6,0.9999975417562081
21679.0,7.509718260071219E-7,3.420974360744281E-5,0.9999650392845666
20976.0,0.13352236774322992,0.49709347974009976,0.36938415251667034
20223.0,1.0758342653087678E-5,0.8994555974364903,0.10053364422085663
20707.0,0.0504141406764341,0.8373292406629188,0.11225661866064704
20460.0,0.05168493250213776,0.1877500748748438,0.7605649926230185
21189.0,0.4146419316309528,0.5708959832412458,0.014462085127801371
21462.0,0.09445465114907003,0.4227412732380215,0.4828040756129084
20589.0,0.9315072870813379,0.06836130446340644,1.3140845525571001E-4
20322.0,0.08300813333547243,0.10353066661485646,0.813461200049671
20081.0,2.4864147421769576E-7,0.019418660180413223,0.9805810911781125
20862.0,0.2126776636353381,1.1490993391420474E-6,0.7873211872653227
21336.0,6.768457341568485E-4,0.04148368660359781,0.9578394676622453
21067.0,0.9731806945507682,0.026818852807001414,4.5264223044042007E-7
21537.0,2.790132235502637E-4,0.009503290279872173,0.9902176964965776
20156.0,2.8629063941623366E-17,2.125025251697085E-9,0.9999999978749747
20915.0,0.41688735581858405,0.5830882960700831,2.4348111332942863E-5
20640.0,3.5236211104874057E-4,0.6172502075880002,0.382397430300951
20399.0,2.568722703487457E-4,0.4922470046886055,0.5074961230410457
21126.0,0.011850383814439563,0.9608155883108959,0.0273340278746645
21397.0,0.09365492180470254,2.2698920041943615E-4,0.906118088994878
21740.0,0.006624930674622633,0.011855353044420772,0.9815197162809565
21457.0,1.4525878691478368E-7,1.483248304037651E-4,0.9998515299108094
21186.0,0.9986783937284489,0.0013215960683152339,1.020323581844682E-8
20459.0,0.10000857963955577,0.898394320802277,0.0015970995581672995
20708.0,0.01089611430714642,0.9475876790172203,0.04151620667563339
20983.0,0.3041467454730384,0.6799753941109704,0.015877860415991266
20216.0,0.014937283188231747,0.9673357232637461,0.01772699354802208
21672.0,0.8069265967697415,0.19304208335017817,3.13198800804084E-5
21007.0,1.805950986573468E-5,6.194050059012561E-4,0.999362535484233
21276.0,2.990958672864045E-7,0.015287420773133165,0.9847122801309994
20794.0,0.2690976820822116,0.7101881681942385,0.02071414972354995
20021.0,0.8631911113486389,0.09159743546561272,0.045211453185748283
20521.0,0.8108221866863368,0.18916845878115646,9.354532506793532E-6
20262.0,1.010772231458916E-9,2.2006944063957993E-4,0.9997799295485882
21605.0,1.940453864428861E-9,2.3960893595174065E-6,0.9999976019701866
21536.0,0.9891870102822378,0.010812989253159173,4.646032215922529E-10
20588.0,0.0022974793631083197,0.010025899899029302,0.9876766207378623
20323.0,0.7572236347647404,0.22627807095880415,0.016498294276455362
20080.0,0.8773226408309709,0.07957330141811342,0.04310405775091553
20863.0,5.623910599635375E-5,0.00805449648554576,0.9918892644084578
21337.0,8.873494453837931E-5,2.8857977998267606E-7,0.9999109764756817
21066.0,1.7980155072088078E-8,0.001196188086282365,0.9988037939335624
21741.0,3.6193082879668994E-6,0.010864032997773464,0.9891323476939385
20157.0,0.009534132311282948,0.03561782337864847,0.9548480443100686
20914.0,0.9665384051334378,0.033461557713205484,3.715335671900555E-8
20398.0,0.349720299435255,0.6478100129184655,0.0024696876462796005
20641.0,4.190217176308369E-5,0.005066986361221357,0.9948911114670156
21127.0,0.9689192398877446,0.031078254995292515,2.505116962744081E-6
21396.0,0.009450092177214497,0.07097147251555908,0.9195784353072265
21673.0,0.7328732205616334,0.259448063701268,0.007678715737098654
21456.0,0.8993437804988859,0.10065404898568814,2.1705154259182817E-6
21187.0,3.9404807960679214E-5,7.014941662410658E-7,0.9999598936978731
20709.0,0.12109867532668207,0.6870634845993875,0.19183784007393037
20458.0,0.005819242848098335,0.0030015320477186657,0.9911792251041831
20982.0,0.03641173183468024,0.9370398851230664,0.026548383042253317
20217.0,0.016885096649355696,0.9091620092627313,0.07395289408791286
21604.0,0.4436665452961692,0.04331238495660275,0.5130210697472279
21006.0,0.282898869786955,0.254267313540649,0.4628338166723959
21277.0,3.6170461468353635E-4,0.07488492730663163,0.9247533680786849
20795.0,0.9499152171507762,0.04985801427776564,2.2676857145839002E-4
20020.0,0.001700008989897719,0.4569378318478413,0.541362159162261
20520.0,0.4893008360009363,0.5106126707543025,8.649324476112883E-5
20263.0,1.4333861049857401E-5,3.868784783845968E-9,0.9999856622701654
20083.0,0.044478655283073903,0.8504706742402101,0.10505067047671597
20860.0,4.677575193893515E-7,0.0026520327507042357,0.9973474994917764
20591.0,0.34967316617374833,0.5158716035033226,0.13445523032292914
20320.0,0.13034758166512578,0.8586180773045782,0.01103434103029597
21065.0,0.8155771067296539,0.18440866596267447,1.4227307671608532E-5
21338.0,0.09429509536344519,0.18397239383107064,0.7217325108054842
21539.0,0.9918751716491537,0.005770023773841505,0.002354804577004845
20642.0,0.015185260256777888,2.6889721837290443E-4,0.9845458425248491
20397.0,0.008063051786771054,0.9213315925672931,0.07060535564593573
20158.0,0.01389245170720006,0.00604817590183419,0.9800593723909657
20913.0,0.9991852438125249,8.147470606849499E-4,9.126790077250105E-9
21399.0,0.9640688507268155,0.03593096685120332,1.8242198119676687E-7
21124.0,3.3685678571136824E-8,0.005873461330560148,0.9941265049837612
21742.0,0.42308700988670667,0.5342221605383295,0.04269082957496383
21184.0,0.01634475708731597,0.9035105859386564,0.08014465697402764
21459.0,0.002244995872236431,0.056135687446019274,0.9416193166817443
20981.0,1.5944736360527958E-11,3.3273623813490153E-5,0.9999667263602416
20218.0,0.1886229302435319,0.7337875451851309,0.07758952457133718
20457.0,0.15197590387744964,0.6769898442618364,0.17103425186071392
20710.0,0.7146487848158666,0.28517732722948136,1.7388795465200278E-4
21674.0,0.9970150105798324,0.0029849879938894834,1.4262782589202092E-9
21278.0,0.9464637545986171,0.05352396168679275,1.2283714590103139E-5
21005.0,0.6019870830355257,0.39738238092386663,6.30536040607635E-4
20260.0,0.002218164098986839,0.7751195793272333,0.2226622565737798
20523.0,0.977370010578793,0.0226215914070046,8.39801420253252E-6
20023.0,0.0011606320169418275,0.9490569252293342,0.04978244275372412
20792.0,0.30577772058364566,0.02821495053018476,0.6660073288861696
21607.0,3.0170711817942116E-7,2.1279009374660462E-5,0.9999784192835072
21538.0,0.919319169546895,0.07225782559674762,0.008423004856357488
20861.0,0.9281862108091448,0.07181375738868925,3.180216593988319E-8
20082.0,0.6831064223553057,0.09870320921095636,0.21819036843373787
20321.0,0.004238338703297916,0.05267948124757514,0.9430821800491269
20590.0,2.6478331471831405E-8,1.338293710529999E-6,0.9999986352279581
21064.0,0.990187944773376,0.009812015204456993,4.002216692601492E-8
21339.0,0.9920529643255999,0.004207802222363645,0.003739233452036669
21743.0,0.009116005253514225,0.006000503908115732,0.98488349083837
20396.0,2.9551098839464485E-9,0.023928291751947224,0.9760717052929428
20643.0,0.004244031517119944,0.45502887231815176,0.5407270961647284
20159.0,0.8080677496925144,0.1919297330223974,2.5172850882204697E-6
20912.0,0.5930964097128191,0.2930736220343224,0.11382996825285846
21398.0,0.037129346949697446,0.7549540401103529,0.20791661293994956
21125.0,0.9918671494064019,0.0050293771145379276,0.003103473479060351
21675.0,0.9013019629439464,0.028474058889378404,0.07022397816667526
21185.0,0.051944780693076946,0.09953229144396217,0.8485229278629608
21458.0,3.1220774790860137E-4,0.0011324307100291694,0.9985553615420621
20980.0,6.806299281338404E-8,0.0012142943482453743,0.9987856375887618
20219.0,1.0752112814068929E-6,3.330972454316413E-6,0.9999955938162642
20456.0,0.0022202052409082047,0.8798392447080551,0.11794055005103675
20711.0,1.35340763677861E-5,0.005442340871111139,0.994544125052521
21606.0,0.9970880714649664,0.0029077023413260467,4.226193707419728E-6
21279.0,3.2145782619464824E-5,0.8443837058655571,0.15558414835182352
21004.0,0.5757688793375705,0.42412277805676335,1.0834260566611054E-4
20261.0,2.1624067299778059E-10,6.794825460659904E-11,0.9999999997158111
20522.0,0.2901790611063363,0.7098178829077623,3.0559859013220572E-6
20022.0,0.12924199163492003,0.03137532716481149,0.8393826812002686
20793.0,0.021428115811027694,0.010005993175531698,0.9685658910134406
20008.0,2.0652037289048362E-4,9.776138115185674E-5,0.9996957182459577
20775.0,0.08914937941765598,0.020804510376694958,0.8900461102056492
20532.0,4.421534822097315E-12,7.72740779501017E-5,0.9999227259176284
20283.0,0.014171695429121674,7.663091512631807E-5,0.9857516736557521
21010.0,0.003285629964109509,0.03374782279244801,0.9629665472434425
21249.0,5.293236934267575E-12,8.160670505716255E-8,0.9999999183880017
21624.0,0.12918595447538445,0.8435313844931186,0.027282661031496975
20729.0,0.044282304983404484,0.8761917203324562,0.07952597468413929
20470.0,0.6441862095169851,0.35580074268316547,1.3047799849315552E-5
20970.0,0.003701725352454391,0.005628747477906336,0.9906695271696392
20197.0,0.5943709572681902,0.3849499475800751,0.020679095151734717
21452.0,0.9856512147352987,0.014348765394597847,1.987010336354241E-8
21215.0,0.2867521581549099,0.6022061250493793,0.11104171679571077
21685.0,0.04934690361915633,0.2792264675546439,0.6714266288261997
21147.0,3.188690172789202E-10,4.450722863610099E-6,0.9999955489582674
21384.0,0.2607167668638061,0.7301936015305488,0.009089631605645094
20129.0,0.0098335400730466,0.9894437190042077,7.227409227455864E-4
20910.0,0.3598817602188375,0.5899224512012317,0.05019578857993081
20669.0,5.046047364006983E-4,0.005872273277707185,0.993623121985892
20402.0,0.9915574127020519,0.008442585694116052,1.603832079371687E-9
21745.0,0.10514546519386245,0.11842696236843024,0.7764275724377073
21317.0,2.618997048243986E-6,0.010341050897414642,0.9896563301055371
21078.0,0.012332563649517384,0.01599161044588893,0.9716758259045937
20351.0,0.022641076115050444,0.09290749512753965,0.8844514287574099
20592.0,0.802219690595502,0.19712527100977237,6.550383947255377E-4
20076.0,0.11886615545210735,0.7736411270462508,0.10749271750164181
20835.0,0.6315447068360598,0.3674929886089658,9.623045549743734E-4
21564.0,0.8869289788655083,0.1130694458458176,1.5752886741501008E-6
21625.0,0.08707905376107153,0.9024614902404394,0.010459455998489044
20774.0,0.0635169004387792,0.8059590624187689,0.1305240371424519
20009.0,0.00876219083746661,0.07169855413493068,0.9195392550276027
20533.0,0.4866823061129075,0.14412250230461243,0.3691951915824801
20282.0,0.008584707874407354,0.3041196676802472,0.6872956244453455
21011.0,0.32556935697958833,0.6685482900378373,0.005882352982574396
21248.0,0.8255384757137472,0.1472417647841026,0.027219759502150217
21684.0,0.09823994740047634,0.06975252881639663,0.832007523783127
20728.0,0.9949921361955535,0.005006569294525084,1.2945099213638986E-6
20471.0,0.779756060434289,0.01787306695386357,0.20237087261184747
20196.0,0.9433976033039456,0.056594345635526525,8.05106052784364E-6
20971.0,0.00629503841270086,0.02470975275314998,0.968995208834149
21453.0,3.4246151242630694E-5,0.03440056509177458,0.9655651887569827
21214.0,0.0014738283808204931,0.997749513131279,7.766584879006649E-4
21744.0,0.06912311518756177,0.9284359769399916,0.0024409078724468122
21146.0,1.9293160975086618E-7,8.343969104452243E-7,0.9999989726714797
21385.0,0.16366454832702404,0.12458189543718125,0.7117535562357947
20128.0,0.054443021053778386,0.0035945425527576427,0.9419624363934641
20911.0,0.001234837212183666,0.04842868262186746,0.9503364801659488
20668.0,0.016537218038393406,0.00955230062407125,0.9739104813375353
20403.0,7.935683842368294E-9,1.3941798899136982E-6,0.9999985978844264
21565.0,0.6097355222866679,0.3334822630794324,0.056782214633899625
21316.0,0.2049304508077409,0.7260220456165909,0.06904750357566829
21079.0,0.011434985561155213,0.6689506099263481,0.3196144045124966
20593.0,0.8950863059896504,0.10490438019540357,9.313814945909774E-6
20350.0,0.002463783963120149,0.9939316605231335,0.003604555513746183
20834.0,0.27630357885874396,0.6928967819191656,0.030799639222090516
20077.0,0.7148562102310345,0.28514375307725515,3.669171033266698E-8
20281.0,0.6081974818862461,0.3905222501243443,0.0012802679894096277
20534.0,1.2594810833541577E-5,1.6831710466436105E-8,0.999987388357456
20773.0,0.5081675320156909,0.4785398355610689,0.013292632423240336
20010.0,0.9767191523116007,0.020552935759351184,0.0027279119290481244
21251.0,6.590830247467674E-5,0.03662412821296031,0.9633099634845649
21008.0,0.6530940449649828,0.22468978844366438,0.1222161665913529
21626.0,0.14318405278010587,0.609747322562212,0.24706862465768215
20199.0,0.006290217444290536,0.9928954800557207,8.143024999886163E-4
20968.0,3.5262614723237787E-10,5.151136738133766E-14,0.9999999996473223
20468.0,0.997119424570403,0.0028805689795826065,6.450014323553076E-9
20731.0,0.19515221009694986,0.8031675280092434,0.0016802618938067061
21213.0,0.5468588939765452,0.029957104049792387,0.42318400197366246
21454.0,4.802845682701819E-4,0.043311031450467226,0.9562086839812627
21687.0,0.12510628245024347,0.25088356731683725,0.6240101502329193
21386.0,0.8591265621142058,0.14086968009448947,3.7577913047571353E-6
21145.0,0.3222756534588459,0.6716950013374925,0.006029345203661595
20400.0,0.08154712462794535,0.42315968735741055,0.4952931880146442
20671.0,0.10873182505966407,0.8911926045578942,7.55703824416862E-5
20908.0,0.8003998668861714,2.7045026829478634E-5,0.19957308808699906
20131.0,0.8007712792092894,0.1984598818474725,7.688389432382123E-4
21747.0,0.9670090169274957,0.03299088218505441,1.0088744995594329E-7
21076.0,0.9432339971108332,0.05673129800760725,3.4704881559518864E-5
21319.0,1.126082340576859E-5,0.8857359895455883,0.11425274963100582
20833.0,0.46617703345358485,0.5338183751088988,4.59143751636185E-6
20078.0,1.4205738517662077E-5,7.469951596992441E-4,0.999238799101783
20594.0,0.9907562503665681,0.009243741738002381,7.895429625947687E-9
20349.0,0.8737148678906442,0.1260290345914157,2.560975179400704E-4
21566.0,0.09803232730721238,0.19089029090662124,0.7110773817861664
21627.0,2.758346113217139E-7,2.6782854912507564E-8,0.9999996973825337
20280.0,0.5103220179471718,0.4834641190738206,0.006213862979007581
20535.0,0.9708745924150537,0.029124965558350483,4.4202659574742593E-7
20011.0,7.888190871664445E-6,0.0029470285780192904,0.9970450832311091
20772.0,0.3316488244581075,0.5215577574253814,0.14679341811651112
21250.0,0.9981037988642678,0.0018961614474986804,3.968823346190025E-8
21009.0,4.1529474273732273E-4,0.4481629302003457,0.5514217750569169
21686.0,3.0690228133964155E-6,7.899132105379743E-5,0.9999179396561327
20969.0,0.6118453543762876,0.3492398505340956,0.03891479508961688
20198.0,1.525553859858408E-8,1.6343969078803724E-4,0.9998365450536734
20469.0,0.5871444828026856,0.09783836830077577,0.3150171488965386
20730.0,1.5475991695634553E-6,1.2434534804873387E-4,0.9998741070527818
21212.0,0.004100469944660352,0.32323212503655463,0.672667405018785
21455.0,0.9944434311314027,0.005552894902489795,3.673966107684886E-6
21746.0,0.22023711282020514,0.7723272063487286,0.0074356808310662775
21387.0,1.6418607534098654E-6,5.113761064925863E-4,0.999486982032754
21144.0,0.2469908972313547,0.7526052115052244,4.038912634208853E-4
20401.0,7.128087218057911E-5,0.19009979844989913,0.8098289206779202
20670.0,0.002662333193116183,0.005576880035946181,0.9917607867709376
20909.0,6.21053753085951E-4,0.035687680116736314,0.9636912661301777
20130.0,4.2337766691794287E-7,4.998295776367778E-4,0.9994997470446964
21567.0,0.9620253733647313,0.03797458356165376,4.3073614927562595E-8
21077.0,0.9356967471443854,0.06127865819345967,0.0030245946621549383
21318.0,0.022143566594401667,0.4965620194090027,0.4812944139965956
20832.0,6.826961384497211E-14,4.546959293718211E-6,0.999995453040638
20079.0,0.7781575622326113,0.22128959903778148,5.528387296072034E-4
20595.0,0.01468592589250588,0.35704015457501187,0.6282739195324822
20348.0,8.34088418439298E-4,0.011084781615152892,0.9880811299664077
21448.0,0.025186565006846587,0.6553055820369524,0.319507852956201
21211.0,0.9717011910341024,0.02829873874259361,7.022330418924995E-8
20466.0,0.9938605514227309,0.006139447892029426,6.852396400552862E-10
20733.0,0.002900901918282922,0.9127920618443373,0.08430703623737995
20974.0,0.5262092577159951,0.4562092554138758,0.017581486870129153
20193.0,0.1368830517891015,0.848440915600347,0.014676032610551452
21681.0,0.880671729570126,0.11928859676991817,3.967365995580653E-5
21014.0,0.9924174786818314,0.007582520735227796,5.829409181087164E-10
21253.0,0.32080195066581435,0.6649934017579745,0.014204647576211045
20012.0,0.04683391226101808,0.009651218426097672,0.9435148693128842
20771.0,0.8918583383973862,0.10813610078336015,5.56081925377415E-6
20287.0,0.6068672536221758,0.39311586102325924,1.688535456514256E-5
20528.0,0.0011215627270120337,0.002365023850861752,0.9965134134221262
21628.0,2.9667165857656395E-9,0.005710015970431352,0.9942899810628519
20596.0,2.0064446946732657E-7,2.1189849261694313E-6,0.9999976803706044
20347.0,0.9003055346882813,0.09968649543435791,7.96987736085187E-6
20839.0,0.28332990567708083,0.7163084615435036,3.616327794155289E-4
