21609.0,0.69412121804461,0.20436705495286436,0.10151172700252566
20790.0,0.5022261156174951,0.09333832247428774,0.4044355619082171
20025.0,0.0,0.010266835094844369,0.9897331649051555
20517.0,0.6332443590145078,0.21985014820975085,0.14690549277574133
20266.0,0.1281178388491361,0.5543879225317923,0.31749423861907167
20995.0,0.06995297757089186,0.3232421683445942,0.6068048540845139
21264.0,0.6941212180446106,0.204367054952864,0.10151172700252545
21668.0,0.5464253757060904,0.07733626315663691,0.3762383611372727
20455.0,0.12208749750799552,0.4798788664386809,0.39803363605332365
20712.0,0.05502423634143586,0.6016992708520298,0.34327649280653444
20987.0,0.06438368722271591,0.24906960749367033,0.6865467052836138
20212.0,0.5466674233512212,0.0772824535466443,0.3760501231021345
21469.0,0.691947265255151,0.19478344724062074,0.1132692875042282
21198.0,0.6332443590145078,0.21985014820975085,0.14690549277574133
21728.0,0.42801830647765887,0.14447149364724848,0.42751019987509264
21130.0,3.916312934833296E-266,0.04053761856223992,0.9594623814377601
21401.0,0.0,0.003666965238286343,0.9963330347617138
20144.0,0.07187889023306011,0.2726848879410307,0.6554362218259092
20927.0,0.7162921265539061,0.19546120574523995,0.08824666770085403
20387.0,0.7101250955383593,0.17681836236099077,0.11305654210064996
20652.0,0.042110417646168984,0.3894482933790081,0.5684412889748229
21549.0,0.6880613864023694,0.20367954828852503,0.10825906530910558
21332.0,0.6332443590145087,0.21985014820975035,0.14690549277574091
21063.0,6.087159843593624E-180,0.0,1.0
20577.0,0.633244359014509,0.2198501482097502,0.1469054927757408
20334.0,0.5062249110659983,0.09545535574543002,0.3983197331885716
20850.0,0.7101249835731869,0.17681809304318927,0.11305692338362384
20093.0,0.042110417646168984,0.3894482933790081,0.5684412889748229
20024.0,0.02541703736955842,0.364280686985126,0.6103022756453155
20791.0,0.69412121804461,0.20436705495286436,0.10151172700252566
20267.0,0.05341360831823868,0.38283074668708866,0.5637556449946726
20516.0,0.02541703736955842,0.364280686985126,0.6103022756453155
20994.0,0.0,2.1879971807344698E-5,0.9999781200281926
21265.0,0.42801830647765887,0.14447149364724848,0.42751019987509264
21608.0,0.08025195238546573,0.4971122197280685,0.4226358278864658
20713.0,0.4472947417936926,0.12372432371428319,0.4289809344920241
20454.0,0.43621409819170637,0.1376906739226691,0.42609522788562465
20986.0,0.6919472652583863,0.19478344724731955,0.11326928749429407
20213.0,0.041762092529145076,0.3636338942989599,0.5946040131718949
21468.0,0.08024924566955134,0.49711813693076845,0.4226326173996802
21199.0,0.6880613863887076,0.2036795482936835,0.1082590653176089
21669.0,0.07187889023306011,0.2726848879410307,0.6554362218259092
21131.0,0.11457952276008243,0.5530081218514962,0.33241235538842134
21400.0,0.691926592688671,0.19479655756242076,0.11327684974890828
20926.0,0.11970976795826399,0.5441388865743256,0.33615134546741027
20145.0,0.0,0.009235098829073177,0.9907649011709269
20386.0,0.11970976795826399,0.5441388865743256,0.33615134546741027
20653.0,0.025417039368689054,0.36428068315066087,0.61030227748065
21729.0,0.7067090302257164,0.1982553562126325,0.09503561356165106
21333.0,0.5108957967976396,0.08676694142684287,0.4023372617755175
21062.0,0.7101250955383593,0.17681836236099077,0.11305654210064996
20576.0,3.916312934833296E-266,0.04053761856223992,0.9594623814377601
20335.0,0.04211146715249459,0.38945582740604845,0.5684327054414569
20092.0,0.19945856012548382,0.4943567569497824,0.3061846829247337
20851.0,0.7162921265539061,0.19546120574523995,0.08824666770085403
21548.0,0.0,0.004478778844634572,0.9955212211553655
21611.0,0.7620552774255639,0.16312874327970503,0.07481597929473117
20519.0,0.07187889023306011,0.2726848879410307,0.6554362218259092
20264.0,2.9061525929749216E-10,0.0178831373979023,0.9821168623114825
20788.0,0.6332443367007243,0.21985016280889957,0.14690550049037607
20027.0,0.09653805023799049,0.5723493855726032,0.3311125641894063
21266.0,0.126412604045884,0.5262586217349952,0.3473287742191208
20993.0,0.7067090302462913,0.1982553561992912,0.09503561355441756
21670.0,0.565103225869606,0.06663103986113221,0.36826573426926174
20214.0,0.4472947417937009,0.12372432371428066,0.4289809344920184
20985.0,0.1066397339368048,0.5005840845778815,0.3927761814853137
20453.0,0.053413608318468024,0.38283074668661776,0.5637556449949143
20714.0,0.10675791942301356,0.500325410728139,0.39291666984884754
21196.0,0.7101027932044913,0.17677807857594346,0.11311912821956517
21471.0,0.7067090302462896,0.19825535619929233,0.09503561355441811
21730.0,0.0802492413796323,0.49711810298762366,0.422632655632744
21403.0,0.055018583303130794,0.37962819565611333,0.5653532210407558
21128.0,0.05502287907756455,0.6016908484936425,0.3432862724287929
20385.0,1.4967876381339285E-104,0.017567524476181654,0.9824324755238184
20654.0,0.0864170088586616,0.4609248135303401,0.45265817761099825
20146.0,0.07187889023306011,0.2726848879410307,0.6554362218259092
20925.0,0.6416383800225447,0.22820379956953055,0.1301578204079247
21551.0,0.09653812956014345,0.5723495943813537,0.3311122760585027
21061.0,0.06135523230521941,0.3957826628194914,0.5428621048752892
21334.0,4.5831514382984313E-11,0.008457597898495617,0.9915424020556728
20848.0,0.7620552774035331,0.16312874329421956,0.07481597930224734
20095.0,0.6416383800222379,0.22820379956921708,0.13015782040854498
20332.0,0.0,0.004478778844634572,0.9955212211553655
20579.0,0.44153555991901855,0.14769504236290734,0.4107693977180741
20265.0,0.5651032255129981,0.06663103994041186,0.36826573454659006
20518.0,0.6880613864023694,0.20367954828852503,0.10825906530910558
20026.0,0.5466674054808534,0.07728245751889683,0.3760501370002498
20789.0,0.0,0.005591073296303437,0.9944089267036965
21267.0,0.0,0.0069113164108340315,0.9930886835891659
20992.0,0.07187889023306011,0.2726848879410307,0.6554362218259092
21610.0,0.5932802161041935,0.07329358020809813,0.3334262036877084
20984.0,0.4415355664840812,0.14769504470352018,0.4107693888123985
20215.0,0.03187800844426214,0.4534832145268684,0.5146387770288695
20452.0,0.7067090292466971,0.19825535684745815,0.09503561390584485
20715.0,0.07187889023306011,0.2726848879410307,0.6554362218259092
21197.0,0.10866932741710056,0.5659338626570386,0.32539680992586084
21470.0,0.0,0.004376989490870436,0.9956230105091296
21671.0,0.08024924643391412,0.49711813525940096,0.4226326183066848
21402.0,0.09653812957144499,0.5723495944110978,0.33111227601745724
21129.0,0.6880126557164561,0.2036840261889958,0.10830331809454817
20384.0,0.042110417646168984,0.3894482933790081,0.5684412889748229
20655.0,0.041762092529145076,0.3636338942989599,0.5946040131718949
20147.0,0.5466674233512212,0.0772824535466443,0.3760501231021345
20924.0,0.06135523259964581,0.3957826626997135,0.5428621047006407
21731.0,0.043562160683452096,0.34303693698083354,0.6134009023357143
21060.0,0.06135523259964581,0.3957826626997134,0.5428621047006408
21335.0,0.5038804865091262,0.09674321601275515,0.3993762974781186
20094.0,0.05341360831823868,0.38283074668708866,0.5637556449946726
20849.0,0.6416383800225447,0.22820379956953055,0.1301578204079247
20578.0,0.042154301096465494,0.38948286647973085,0.5683628324238037
20333.0,0.42801830647765887,0.14447149364724848,0.42751019987509264
21550.0,0.565103225869606,0.06663103986113221,0.36826573426926174
21664.0,0.6141655375647789,0.24556143686232765,0.14027302557289353
21465.0,0.08332535792896054,0.637516797943974,0.27915784412706546
21194.0,0.06135535864396093,0.39578241774321427,0.5428622236128249
20451.0,0.7162921265539061,0.19546120574523995,0.08824666770085403
20716.0,0.6941211860244579,0.2043670752867681,0.10151173868877408
20208.0,0.565103225869606,0.06663103986113221,0.36826573426926174
20991.0,0.03187816113376128,0.45348349277049066,0.514638346095748
21613.0,0.0,0.006810968513743964,0.9931890314862559
20999.0,0.04211041766388898,0.3894482935070152,0.568441288829096
21268.0,0.06135523259964581,0.3957826626997135,0.5428621047006407
20029.0,0.0,0.006810968513744269,0.9931890314862557
20786.0,0.07187889023306011,0.2726848879410307,0.6554362218259092
20270.0,0.06135523259963237,0.39578266269972234,0.5428621047006452
20513.0,0.0,0.005591073296303437,0.9944089267036965
21545.0,0.42801830647765887,0.14447149364724848,0.42751019987509264
20581.0,0.003260881907214009,0.012438184769332988,0.984300933323453
20330.0,1.4967876381339285E-104,0.017567524476181654,0.9824324755238184
20089.0,0.09654464181985926,0.5723455477450081,0.33110981043513255
20854.0,0.07187889023306011,0.2726848879410307,0.6554362218259092
21328.0,0.0,0.009235098829073177,0.9907649011709269
21059.0,0.7620552767534158,0.16312874372252914,0.07481597952405508
21732.0,0.0,0.005591073296303437,0.9944089267036965
20923.0,0.4472947417937009,0.12372432371428066,0.4289809344920184
20148.0,0.010105137433939513,0.012706526652950688,0.9771883359131098
20648.0,0.0,0.003666965238286343,0.9963330347617138
20391.0,0.10663972849112979,0.5005840751581814,0.3927761963506889
21134.0,0.041762290031605136,0.363633538756399,0.5946041712119959
21405.0,1.4967876381339285E-104,0.017567524476181654,0.9824324755238184
21464.0,0.06135523259964581,0.3957826626997135,0.5428621047006407
21195.0,0.503813712374606,0.09285408645439397,0.403332201171
20717.0,0.11223843060246,0.5501964148755255,0.3375651545220144
20450.0,0.06147793195219837,0.3955443528047514,0.5429777152430502
20209.0,0.043562160683451985,0.34303693698083304,0.613400902335715
20990.0,0.12641259405867966,0.5262586258041575,0.34732878013716273
21665.0,0.4601629712519553,0.12870071598119212,0.4111363127668525
20998.0,0.1090188671986066,0.5667322503742359,0.3242488824271575
21269.0,0.0,0.013432415078476456,0.9865675849215235
20028.0,0.06135523259964581,0.3957826626997135,0.5428621047006407
20787.0,0.7027627042177332,0.20401438745645303,0.09322290832581379
20271.0,0.503813712374606,0.09285408645439397,0.403332201171
20512.0,0.6141655375647789,0.24556143686232765,0.14027302557289353
21612.0,0.10663973393889122,0.5005840845815066,0.3927761814796022
20580.0,0.0,0.013432415078476456,0.9865675849215235
20331.0,0.04613493648687862,0.3854473232899484,0.568417740223173
20855.0,0.6919472652583863,0.19478344724731955,0.11326928749429407
20088.0,0.5108957967457657,0.08676694144067025,0.40233726181356405
21329.0,0.04196760102321668,0.36472432105944574,0.5933080779173376
21058.0,0.5108957967976396,0.08676694142684287,0.4023372617755175
21544.0,0.0,0.005591073296303437,0.9944089267036965
20922.0,0.6416383800225447,0.2282037995695306,0.1301578204079247
20149.0,0.03187800844426214,0.4534832145268684,0.5146387770288695
20649.0,0.0,3.1335329643447445E-4,0.9996866467035656
20390.0,0.6141655375647789,0.24556143686232765,0.14027302557289353
21135.0,0.5062249110651945,0.09545535574566515,0.3983197331891403
21404.0,0.027564221083289205,0.38562558012979303,0.5868101987869179
21733.0,0.03187800844426214,0.4534832145268684,0.5146387770288695
21666.0,0.0,2.18298042814307E-5,0.9999781701957187
21192.0,0.4472947417937009,0.12372432371428066,0.4289809344920184
21467.0,0.0,0.009235098829073177,0.9907649011709269
20989.0,0.6332443590145078,0.21985014820975085,0.14690549277574133
20210.0,0.46024816591580214,0.12865911980298447,0.4110927142812134
20718.0,0.042110417646168984,0.3894482933790081,0.5684412889748229
20449.0,0.062024629149795195,0.39448745706107174,0.5434879137891331
21615.0,0.6332443590144957,0.21985014820975832,0.14690549277574605
21270.0,0.7620552094473758,0.16312878702112774,0.07481600353149649
20997.0,0.633244358985522,0.21985014819778795,0.14690549281669
20515.0,0.04781174147334849,0.265150704064885,0.6870375544617665
20268.0,0.6332443590145078,0.21985014820975085,0.14690549277574133
20031.0,1.2728487886792929E-27,0.0,1.0
20784.0,0.031878009125045244,0.453483215767456,0.5146387751074988
21547.0,0.10882928853278416,0.5662996587519312,0.3248710527152846
20091.0,0.04781174147334849,0.265150704064885,0.6870375544617665
20852.0,0.0,0.013432415078476456,0.9865675849215235
20328.0,0.69412121804461,0.20436705495286436,0.10151172700252566
20583.0,0.4919517046390973,0.10066593598542482,0.4073823593754779
21057.0,0.1692759859934241,0.2723732423276979,0.558350771678878
21330.0,0.5108957967976396,0.08676694142684287,0.4023372617755175
21734.0,0.6332441820579607,0.2198502639864014,0.14690555395563787
20650.0,0.07187889023306011,0.2726848879410307,0.6554362218259092
20389.0,0.1066397471537895,0.500584082640709,0.3927761702055015
20150.0,0.11223843060246,0.5501964148755255,0.3375651545220144
20921.0,0.11223990751392456,0.5501954563642892,0.33756463612178617
21407.0,0.0,0.013432415078476456,0.9865675849215235
21132.0,0.042110417646168984,0.3894482933790081,0.5684412889748229
21193.0,0.043562160683451985,0.34303693698083304,0.613400902335715
21466.0,0.025417037348331794,0.3642806869929273,0.6103022756587408
20211.0,0.041762092529145076,0.3636338942989599,0.5946040131718949
20988.0,0.06135523259964581,0.3957826626997135,0.5428621047006407
20719.0,0.0421104176445788,0.38944829327854535,0.5684412890768759
20448.0,1.4967876381339285E-104,0.017567524476181654,0.9824324755238184
21667.0,0.42801830636546695,0.14447149368405543,0.4275101999504776
21271.0,0.6880613864023694,0.20367954828852503,0.10825906530910558
20996.0,0.7101250950328063,0.17681836114486768,0.11305654382232604
20514.0,0.6919471075711624,0.1947835472507989,0.11326934517803869
20269.0,0.0032608819072140094,0.012438184769332944,0.984300933323453
20030.0,0.046134936503009254,0.38544732334117726,0.5684177401558135
20785.0,0.5062249110659649,0.0954553557454365,0.39831973318859865
21614.0,0.042110417646168984,0.3894482933790081,0.5684412889748229
20853.0,0.6332443590145078,0.21985014820975085,0.14690549277574133
20090.0,0.4919517046392593,0.10066593598537589,0.4073823593753648
20582.0,0.042110417646168984,0.3894482933790081,0.5684412889748229
20329.0,0.025428139946578603,0.3643930641042851,0.6101787959491364
21056.0,0.08018120070220518,0.4970917941724819,0.42272700512531297
21331.0,0.08332594377038835,0.6375194384273355,0.2791546178022762
21546.0,0.0,0.003666965238286343,0.9963330347617138
20388.0,0.6919472652583863,0.19478344724731955,0.11326928749429407
20651.0,0.06135523259964581,0.3957826626997135,0.5428621047006407
20151.0,0.11223843036819457,0.5501964139649106,0.3375651556668949
20920.0,0.1386775389588256,0.535219005735903,0.32610345530527146
21406.0,0.5038137107086416,0.09285408696177197,0.40333220232958644
21133.0,0.11970976795826399,0.5441388865743256,0.33615134546741027
21735.0,0.6416383800225447,0.22820379956953055,0.1301578204079247
21122.0,0.5062243682599895,0.09545551959615589,0.3983201121438547
21393.0,0.42801830647765887,0.14447149364724848,0.42751019987509264
20152.0,0.11226280102634976,0.5501805986230207,0.33755660035062945
20919.0,0.10664769991314449,0.5005829145259277,0.39276938556092783
20644.0,0.0,0.03090864343887537,0.9690913565611247
20395.0,0.46024816591580214,0.12865911980298447,0.4110927142812134
21736.0,0.0614305920241769,0.39601180205059117,0.542557605925232
21340.0,0.46024816591580214,0.12865911980298447,0.4110927142812134
21071.0,0.6141655375647403,0.2455614368623032,0.1402730255729565
20585.0,0.7066635264849205,0.19828486206147344,0.09505161145360608
20326.0,0.46024816591580214,0.12865911980298447,0.4110927142812134
20858.0,0.641638380022057,0.22820379956906842,0.13015782040887452
20085.0,0.4919517046392593,0.10066593598537589,0.4073823593753648
21541.0,0.03187800844426214,0.4534832145268684,0.5146387770288695
20798.0,0.10906529037659131,0.5667136485490116,0.3242210610743971
20017.0,0.69412121804461,0.20436705495286436,0.10151172700252563
20258.0,0.11223843059956763,0.5501964148642828,0.3375651545361495
20525.0,0.0718788902435932,0.2726848879291581,0.6554362218272487
21003.0,0.6416383800225425,0.22820379956953254,0.13015782040792498
21272.0,0.08024056518545196,0.4971147799359308,0.4226446548786173
21601.0,0.5466674233512212,0.0772824535466443,0.3760501231021345
20704.0,0.5108757907506107,0.08677747631685168,0.40234673293253753
20463.0,0.02541703736955842,0.364280686985126,0.6103022756453155
20220.0,0.5035712626571671,0.09292794289943627,0.40350079444339665
20979.0,0.07187889023306011,0.2726848879410307,0.6554362218259092
21461.0,0.043562160683451985,0.34303693698083304,0.613400902335715
21190.0,0.055025364609188145,0.6016985373978092,0.3432760979930027
21676.0,0.03187800844426214,0.4534832145268684,0.5146387770288695
21737.0,0.503813712374606,0.09285408645439397,0.403332201171
21123.0,0.04781174147334849,0.265150704064885,0.6870375544617665
21392.0,0.0032608819072140094,0.012438184769332944,0.984300933323453
20918.0,0.5651032258696063,0.06663103986113215,0.3682657342692615
20153.0,0.0954672848737353,0.34127012906239235,0.5632625860638724
20645.0,0.07187889023306011,0.2726848879410307,0.6554362218259092
20394.0,0.041762092529145076,0.3636338942989599,0.5946040131718949
21540.0,0.07187889023306011,0.2726848879410307,0.6554362218259092
21341.0,0.0,0.005591073296303437,0.9944089267036965
21070.0,0.0,0.005591073296303437,0.9944089267036965
20584.0,0.4280183064776491,0.14447149364725106,0.42751019987509986
20327.0,0.6141655375647789,0.24556143686232765,0.14027302557289353
20084.0,0.6332443590145078,0.21985014820975085,0.14690549277574133
20859.0,0.041762092529145076,0.3636338942989599,0.5946040131718949
21600.0,0.565103225869606,0.06663103986113221,0.36826573426926174
20016.0,0.0718788902330648,0.27268488794105766,0.6554362218258776
20799.0,0.6332443590145078,0.21985014820975085,0.14690549277574133
20259.0,0.02541703736955842,0.364280686985126,0.6103022756453155
20524.0,0.0,0.005591073296303437,0.9944089267036965
21002.0,0.6880613863981613,0.2036795482868722,0.10825906531496653
21273.0,0.541089472060873,0.28103770894732283,0.17787281899180415
21677.0,0.11223843060264321,0.5501964148754055,0.33756515452195135
20705.0,0.05341360831823868,0.38283074668708866,0.5637556449946726
20462.0,0.4919517046392593,0.10066593598537589,0.4073823593753648
20221.0,0.05551393532871497,0.376826286722559,0.567659777948726
20978.0,0.02541703736955842,0.364280686985126,0.6103022756453155
21460.0,0.7101250955383593,0.17681836236099077,0.11305654210064996
21191.0,0.4472947417944178,0.12372432371455973,0.42898093449102254
21395.0,0.0,0.00559107329630356,0.9944089267036965
21120.0,1.4967876381339285E-104,0.017567524476181654,0.9824324755238184
20646.0,0.6332443590145078,0.21985014820975085,0.14690549277574133
20393.0,0.03187800844426214,0.4534832145268684,0.5146387770288695
20154.0,0.7620552774255609,0.16312874327970706,0.07481597929473205
20917.0,0.010105137433939513,0.012706526652950688,0.9771883359131098
21738.0,0.6416383800225447,0.22820379956953055,0.1301578204079247
21069.0,0.7620552774015232,0.16312874329554386,0.07481597930293275
21342.0,0.5659076168645928,0.0668121863892864,0.36728019674612084
20087.0,1.2728487886792929E-27,0.0,1.0
20856.0,0.46024816591580214,0.12865911980298447,0.4110927142812134
20324.0,0.5466677099856456,0.0772825393473695,0.3760497506669849
20587.0,0.04356216068796056,0.3430369370028864,0.6134009023091531
21543.0,0.6919472652583863,0.19478344724731955,0.11326928749429407
20527.0,0.04781174147334849,0.265150704064885,0.6870375544617665
20256.0,0.7620552774255609,0.16312874327970706,0.07481597929473205
20019.0,0.04781174147334849,0.265150704064885,0.6870375544617665
20796.0,0.043562160683451985,0.34303693698083304,0.613400902335715
21274.0,0.17162621302667458,0.3841577248715815,0.4442160621017439
21001.0,0.42780465979530957,0.13016313238661764,0.44203220781807273
21603.0,0.0478148103453562,0.2651542370108684,0.6870309526437756
20977.0,0.043562100919666356,0.34303689860034275,0.6134010004799909
20222.0,0.44792031958959844,0.12396747251641171,0.4281122078939898
20706.0,0.11970976795827275,0.5441388865743185,0.3361513454674087
20461.0,0.6141655375647421,0.24556143686235102,0.14027302557290686
21188.0,0.0,0.004478778844634572,0.9955212211553655
21463.0,0.5108690575561812,0.08677406912160622,0.4023568733222126
21678.0,0.7162921262806176,0.19546120547885193,0.08824666824053048
21739.0,0.1355349571645212,0.5366954394683046,0.32776960336717414
21394.0,0.08332591995251162,0.6375194985915096,0.2791545814559788
21121.0,0.08520599491549086,0.46353427617932036,0.4512597289051888
20647.0,0.05341360831823868,0.38283074668708866,0.5637556449946726
20392.0,0.003259829980468947,0.012438197338530957,0.9843019726810001
20155.0,0.4135710240615002,0.15589971500041255,0.43052926093808724
20916.0,0.042110417646168984,0.3894482933790081,0.5684412889748229
21542.0,0.10902278907458193,0.5667411888596832,0.3242360220657349
21068.0,0.0,3.1335329643447445E-4,0.9996866467035656
21343.0,0.7162921265539066,0.1954612057452395,0.08824666770085383
20857.0,0.6416252142523821,0.22821215959313115,0.1301626261544868
20086.0,0.6880613864023694,0.20367954828852503,0.10825906530910558
20325.0,0.6941137924636467,0.20437176838078797,0.10151443915556534
20586.0,0.042110417646168984,0.3894482933790081,0.5684412889748229
21602.0,0.09212007541823286,0.4769046873449515,0.43097523723681563
20257.0,0.6941212180445903,0.20436705495287608,0.10151172700253351
20526.0,0.09653807433160468,0.5723494489970056,0.3311124766713898
20018.0,0.6416383800225447,0.22820379956953055,0.1301578204079247
20797.0,0.614165537564779,0.2455614368623274,0.1402730255728936
21275.0,0.04613493648675525,0.38544732328952397,0.5684177402237208
21000.0,0.44153555991901855,0.14769504236290734,0.4107693977180741
21679.0,0.10902278907458193,0.5667411888596832,0.3242360220657349
20976.0,0.12641314116512492,0.5262573953770042,0.3473294634578709
20223.0,0.0550242363356318,0.6016992708160107,0.3432764928483575
20707.0,0.11970976795826399,0.5441388865743256,0.33615134546741027
20460.0,0.10902278911270892,0.5667411887690516,0.3242360221182395
21189.0,0.447295786681279,0.12372472709560194,0.428979486223119
21462.0,0.11223843095386632,0.5501964141036789,0.3375651549424548
20589.0,0.7101250955383593,0.17681836236099077,0.11305654210064996
20322.0,0.5631998705837051,0.067054804276625,0.36974532513966996
20081.0,2.9061525929749216E-10,0.0178831373979023,0.9821168623114825
20862.0,0.42801830647765887,0.14447149364724848,0.42751019987509264
21336.0,0.042110417646168984,0.3894482933790081,0.5684412889748229
21067.0,0.6141655375647789,0.24556143686232765,0.14027302557289353
21537.0,0.5466674233512212,0.0772824535466443,0.3760501231021345
20156.0,0.0,0.03090864343887537,0.9690913565611247
20915.0,0.1702211977423587,0.5204517158994636,0.3093270863581777
20640.0,0.02541703736955842,0.364280686985126,0.6103022756453155
20399.0,0.04613493648677242,0.38544732328955367,0.5684177402236739
21126.0,0.42277300507862775,0.14750329546740418,0.42972369945396804
21397.0,0.503813712374606,0.09285408645439397,0.403332201171
21740.0,0.025415658004416,0.3642811935310896,0.6103031484644943
21457.0,0.05341360831823868,0.38283074668708866,0.5637556449946726
21186.0,0.6416383800225447,0.22820379956953055,0.1301578204079247
20459.0,0.6880113060487169,0.2036599212629192,0.10832877268836398
20708.0,0.12641259405852415,0.5262586258040224,0.3473287801374535
20983.0,0.7618652773619449,0.1632539163065583,0.07488080633149681
20216.0,0.1264125940387329,0.5262586257863352,0.34732878017493185
21672.0,0.6416383800225447,0.22820379956953055,0.1301578204079247
21007.0,0.06326906707428245,0.40153105330046923,0.5351998796252483
21276.0,0.03187800844426214,0.4534832145268684,0.5146387770288695
20794.0,0.5108957967976396,0.08676694142684287,0.4023372617755175
20021.0,0.10894121609906199,0.5665551839113825,0.32450359998955547
20521.0,0.7067090302461995,0.19825535619935078,0.09503561355444971
20262.0,0.02541703736955842,0.364280686985126,0.6103022756453155
21605.0,0.043562160683451985,0.34303693698083304,0.613400902335715
21536.0,0.7067090205722345,0.19825536247223957,0.09503561695552602
20588.0,0.053413612156353034,0.3828307588519832,0.5637556289916639
20323.0,0.6141655375647791,0.2455614368623273,0.14027302557289362
20080.0,0.7101250955383593,0.17681836236099077,0.11305654210064996
20863.0,0.03187800844426584,0.4534832145267663,0.5146387770289679
21337.0,0.5062249110659649,0.0954553557454365,0.39831973318859865
21066.0,0.07187889023306011,0.2726848879410307,0.6554362218259092
21741.0,0.025417037369617566,0.3642806869857307,0.6103022756446518
20157.0,0.0,0.004478778844634572,0.9955212211553655
20914.0,0.6141655375647789,0.24556143686232765,0.14027302557289353
20398.0,0.4472947417937009,0.12372432371428066,0.4289809344920184
20641.0,0.0,0.005591073296303437,0.9944089267036965
21127.0,0.11223843060244877,0.5501964148755323,0.33756515452201896
21396.0,1.4967876381339285E-104,0.017567524476181654,0.9824324755238184
21673.0,0.6332443590145078,0.21985014820975085,0.14690549277574133
21456.0,0.7101250955375745,0.1768183623614732,0.11305654210095234
21187.0,0.042110417646168984,0.3894482933790081,0.5684412889748229
20709.0,0.706709028892454,0.1982553541267059,0.09503561698084007
20458.0,0.6332443589881885,0.21985014819889168,0.1469054928129198
20982.0,0.11224229347775687,0.5501939078820635,0.33756379864017977
20217.0,0.6332443587762895,0.2198501483656022,0.1469054928581083
21604.0,0.041762092529145076,0.3636338942989599,0.5946040131718949
21006.0,0.44153555991901855,0.14769504236290734,0.4107693977180741
21277.0,0.041762092529145076,0.3636338942989599,0.5946040131718949
20795.0,0.10902278907462044,0.5667411888596582,0.3242360220657213
20020.0,0.04613493648678681,0.3854473232896205,0.5684177402235927
20520.0,0.6141655357906878,0.24556143799169008,0.1402730262176221
20263.0,0.4919517046392593,0.10066593598537589,0.4073823593753648
20083.0,0.11970976795827158,0.544138886574321,0.33615134546740744
20860.0,4.624280796485584E-11,0.008488362061357507,0.9915116378923996
20591.0,0.0,0.003666965238286343,0.9963330347617138
20320.0,0.08332591989817725,0.6375194987261896,0.27915458137563315
21065.0,0.688061385070585,0.20367954909381386,0.10825906583560113
21338.0,0.10663973393884892,0.5005840845814629,0.39277618147968807
21539.0,0.0,0.004478778844634572,0.9955212211553655
20642.0,0.04781174147334849,0.265150704064885,0.6870375544617665
20397.0,0.06135523259964581,0.3957826626997135,0.5428621047006407
20158.0,0.4472947417937009,0.12372432371428066,0.4289809344920184
20913.0,0.69412121804461,0.20436705495286436,0.10151172700252563
21399.0,0.04613493648675525,0.38544732328952397,0.5684177402237208
21124.0,1.4967876381339285E-104,0.017567524476181654,0.9824324755238184
21742.0,0.13463794474752305,0.5371140523729351,0.3282480028795419
21184.0,0.041762092529145076,0.3636338942989599,0.5946040131718949
21459.0,0.0,2.182980428143074E-5,0.9999781701957187
20981.0,0.0032608819072140094,0.012438184769332944,0.984300933323453
20218.0,0.4919518277760627,0.1006659709831627,0.40738220124077457
20457.0,0.12216238419376942,0.5430720173209165,0.334765598485314
20710.0,0.10663976601177855,0.5005840162079338,0.39277621778028765
21674.0,0.7067090302462826,0.1982553561992969,0.09503561355442039
21278.0,0.6416383800225447,0.22820379956953055,0.1301578204079247
21005.0,2.9061525929749216E-10,0.0178831373979023,0.9821168623114825
20260.0,0.12641259209119235,0.5262586240402181,0.3473287838685896
20523.0,0.6941212180422857,0.2043670549543386,0.10151172700337568
20023.0,0.5466674233512212,0.0772824535466443,0.3760501231021345
20792.0,0.04356216068345197,0.34303693698083304,0.613400902335715
21607.0,0.03187801156489959,0.45348322021357107,0.5146387682215293
21538.0,0.0,0.010266835094844369,0.9897331649051555
20861.0,0.13463794505382784,0.5371140526951182,0.3282480022510539
20082.0,0.6416383800186427,0.22820379956575537,0.13015782041560195
20321.0,0.0,0.006810968513743964,0.9931890314862559
20590.0,0.0,0.009235098829073177,0.9907649011709269
21064.0,0.6416383800225447,0.22820379956953055,0.1301578204079247
21339.0,0.10663973393889122,0.5005840845815066,0.3927761814796022
21743.0,0.688061386328369,0.20367954833238366,0.10825906533924741
20396.0,0.04613493648675525,0.38544732328952397,0.5684177402237208
20643.0,0.6332443590145078,0.21985014820975085,0.14690549277574133
20159.0,0.1066397339388812,0.5005840845815057,0.3927761814796131
20912.0,0.0,0.013432415078476456,0.9865675849215235
21398.0,0.13463794505367868,0.5371140526949436,0.3282480022513777
21125.0,0.4602481659157989,0.12865911980298542,0.4110927142812157
21675.0,0.4919517046392594,0.10066593598537588,0.4073823593753647
21185.0,0.633244359014332,0.2198501482097923,0.14690549277587578
21458.0,0.46024816591580214,0.12865911980298447,0.4110927142812134
20980.0,0.043562160683451985,0.34303693698083304,0.613400902335715
20219.0,0.46024816591580214,0.12865911980298447,0.4110927142812134
20456.0,0.05341360831823809,0.3828307466870955,0.5637556449946663
20711.0,0.42801830647694605,0.1444714936474822,0.42751019987557165
21606.0,0.10902287426057922,0.5667411336600043,0.32423599207941645
21279.0,0.04613493648675525,0.38544732328952397,0.5684177402237208
21004.0,0.0,2.18298042814307E-5,0.9999781701957187
20261.0,7.997346990846036E-225,0.16106334923060098,0.838936650769399
20522.0,0.08334192413559967,0.6375025681953312,0.2791555076690691
20022.0,0.07213024256526722,0.2724019790257805,0.6554677784089522
20793.0,0.4605615411677412,0.12891195453844165,0.4105265042938172
20008.0,0.0032608819072140094,0.012438184769332944,0.984300933323453
20775.0,0.42801830647765887,0.14447149364724848,0.42751019987509264
20532.0,0.043562160683451985,0.34303693698083304,0.613400902335715
20283.0,0.025417037369558467,0.364280686985126,0.6103022756453155
21010.0,0.6332443590144957,0.21985014820974966,0.14690549277575457
21249.0,0.0,0.006810968538796821,0.9931890314612033
21624.0,0.706709030244886,0.19825535620020207,0.0950356135549119
20729.0,0.08024924553545075,0.49711813722394177,0.4226326172406074
20470.0,0.10663973393889122,0.5005840845815066,0.3927761814796022
20970.0,0.031878008444262244,0.45348321452686824,0.5146387770288694
20197.0,0.4280183064775883,0.14447149364733558,0.4275101998750761
21452.0,0.6416383800225447,0.22820379956953055,0.1301578204079247
21215.0,0.03187800844426214,0.4534832145268684,0.5146387770288695
21685.0,0.13463794505358076,0.5371140526948327,0.32824800225158657
21147.0,0.03187800844426214,0.4534832145268684,0.5146387770288695
21384.0,0.10663973393788682,0.5005840845797759,0.39277618148233734
20129.0,0.11223843060246,0.5501964148755255,0.3375651545220144
20910.0,0.7620552575959272,0.16312875634385943,0.07481598606021335
20669.0,0.0,0.009235098829073177,0.9907649011709269
20402.0,0.6941212179928196,0.20436705498575422,0.10151172702142625
21745.0,0.6880613864023694,0.20367954828852503,0.10825906530910558
21317.0,0.043562160683451985,0.34303693698083304,0.613400902335715
21078.0,0.42801830647765954,0.14447149364724832,0.42751019987509215
20351.0,0.05341360831823868,0.38283074668708866,0.5637556449946726
20592.0,0.7162921265539061,0.19546120574523995,0.08824666770085403
20076.0,0.637726640011916,0.23068659202373493,0.13158676796434898
20835.0,0.08024924553541729,0.49711813722368464,0.42263261724089807
21564.0,0.7101250955383593,0.17681836236099077,0.11305654210064996
21625.0,0.10896890089796218,0.5665941253647813,0.3244369737372565
20774.0,0.041762092529145076,0.3636338942989599,0.5946040131718949
20009.0,0.4495228555720365,0.132644898069521,0.41783224635844257
20533.0,0.503813712374606,0.09285408645439397,0.403332201171
20282.0,0.0,0.005591073296303437,0.9944089267036965
21011.0,0.11216931236181486,0.549926304438115,0.33790438320007016
21248.0,0.7162921265539243,0.19546120574522738,0.08824666770084835
21684.0,0.5062249110659649,0.0954553557454365,0.39831973318859865
20728.0,0.7101250955383593,0.17681836236099072,0.11305654210064991
20471.0,0.4472947417937009,0.12372432371428066,0.4289809344920184
20196.0,0.13463780400435305,0.5371139043334382,0.3282482916622087
20971.0,2.9061386552214157E-10,0.017883102738683973,0.9821168969707021
21453.0,0.04613493648675525,0.38544732328952397,0.5684177402237208
21214.0,0.032357671301052944,0.45434917796103236,0.5132931507379148
21744.0,0.1055043780711732,0.49860653276285294,0.39588908916597393
21146.0,0.07187889023306011,0.2726848879410307,0.6554362218259092
21385.0,0.7620552774247293,0.163128743279031,0.07481597929623954
20128.0,0.5038137073591983,0.09285408798186452,0.4033322046589372
20911.0,0.042110417646168984,0.3894482933790081,0.5684412889748229
20668.0,0.12641259405867966,0.5262586258041575,0.34732878013716273
20403.0,0.5062249110659649,0.0954553557454365,0.39831973318859865
21565.0,0.5466674214054198,0.07728245434514094,0.3760501242494393
21316.0,0.6919471623717511,0.19478351249687648,0.11326932513137235
21079.0,0.0,0.003920681275255841,0.9960793187247443
20593.0,0.08332591989851147,0.6375194987279093,0.2791545813735793
20350.0,0.043562160683451985,0.34303693698083304,0.613400902335715
20834.0,0.6332443590145078,0.21985014820975085,0.14690549277574133
20077.0,0.6141655375537313,0.24556143686936036,0.14027302557690835
20281.0,0.6919472652582566,0.19478344724740188,0.11326928749434155
20534.0,0.4919517046392593,0.10066593598537589,0.4073823593753648
20773.0,0.460248165915803,0.12865911980298425,0.41109271428121275
20010.0,1.4967876381339285E-104,0.017567524476181654,0.9824324755238184
21251.0,0.042110417646168984,0.3894482933790081,0.5684412889748229
21008.0,0.46024816591567635,0.12865911980303296,0.41109271428129074
21626.0,0.0833259198983747,0.637519498727219,0.2791545813744063
20199.0,0.08332591989851147,0.6375194987279093,0.2791545813735793
20968.0,0.0,0.013432415078476456,0.9865675849215235
20468.0,0.6416383800225447,0.22820379956953055,0.1301578204079247
20731.0,0.027086623625186268,0.380944390844377,0.5919689855304368
21213.0,0.20477968167790123,0.3865056588623973,0.4087146594597015
21454.0,0.428018306477668,0.1444714936472462,0.4275101998750858
21687.0,0.03187800844766112,0.4534832145330716,0.5146387770192673
21386.0,0.6919472652583863,0.19478344724731955,0.11326928749429407
21145.0,0.4602481659158023,0.1286591198029844,0.4110927142812132
20400.0,0.5062248875111963,0.09545536285564933,0.3983197496331544
20671.0,0.11970976795825947,0.5441388865743284,0.3361513454674121
20908.0,0.565103225869606,0.06663103986113221,0.36826573426926174
20131.0,0.2519719360700378,0.4748291987832484,0.27319886514671377
21747.0,0.7101250955382592,0.1768183623610524,0.11305654210068843
21076.0,0.10663973393895262,0.5005840845813977,0.3927761814796497
21319.0,0.0,0.0069113164108340315,0.9930886835891659
20833.0,0.13463797811606418,0.537114037285773,0.32824798459816285
20078.0,4.5831514382984313E-11,0.008457597898495617,0.9915424020556728
20594.0,0.69412121804461,0.20436705495286436,0.10151172700252566
20349.0,0.6332443590145078,0.21985014820975085,0.14690549277574133
21566.0,0.010105136706058464,0.012706526662231132,0.9771883366317105
21627.0,0.4472947417937009,0.12372432371428066,0.4289809344920184
20280.0,0.6919472652583744,0.1947834472472945,0.11326928749433117
20535.0,0.6880613864023694,0.20367954828852503,0.10825906530910558
20011.0,0.0,0.006810968513743964,0.9931890314862559
20772.0,0.5108957967976396,0.08676694142684287,0.4023372617755175
21250.0,0.710125094588504,0.17681836294481726,0.11305654246667866
21009.0,0.04781174147334849,0.265150704064885,0.6870375544617665
21686.0,0.07187889023306011,0.2726848879410307,0.6554362218259092
20969.0,0.11223843060246,0.5501964148755255,0.3375651545220144
20198.0,0.04613493648675525,0.38544732328952397,0.5684177402237208
20469.0,0.7620552551754192,0.1631287579385373,0.07481598688604356
20730.0,0.042110417646168984,0.3894482933790081,0.5684412889748229
21212.0,0.041762092529145076,0.3636338942989599,0.5946040131718949
21455.0,0.6141655375647789,0.24556143686232765,0.14027302557289353
21746.0,0.6903796292913492,0.18895925965022725,0.12066111105842353
21387.0,0.4472947417937009,0.12372432371428066,0.4289809344920184
21144.0,0.13463794467117338,0.5371140522926457,0.32824800303618096
20401.0,0.0,0.0033229512682689563,0.9966770487317311
20670.0,3.916312934833296E-266,0.04053761856223992,0.9594623814377601
20909.0,0.04781174147334849,0.265150704064885,0.6870375544617665
20130.0,0.04613493648675525,0.38544732328952397,0.5684177402237208
21567.0,0.6141655375647789,0.24556143686232765,0.14027302557289353
21077.0,0.6416383800029586,0.22820379958196393,0.13015782041507748
21318.0,0.4602481114409417,0.1286591457470372,0.41109274281202113
20832.0,0.0,2.18298042814307E-5,0.9999781701957187
20079.0,0.6416383800225447,0.22820379956953055,0.1301578204079247
20595.0,0.7620223376079822,0.1631341541552688,0.07484350823674897
20348.0,0.5108957967976253,0.08676694142684492,0.4023372617755297
21448.0,0.10663973384772735,0.500584084423839,0.39277618172843376
21211.0,0.6880613864023694,0.20367954828852503,0.10825906530910558
20466.0,0.6919472652583863,0.19478344724731955,0.11326928749429407
20733.0,0.07187913377234997,0.2726860429902194,0.6554348232374305
20974.0,0.09847627090251125,0.49495058250057683,0.40657314659691185
20193.0,0.0,0.005591073296311105,0.9944089267036889
21681.0,0.6880613864023694,0.20367954828852503,0.10825906530910558
21014.0,0.69412121804461,0.20436705495286436,0.10151172700252566
21253.0,0.5062249110660073,0.09545535574548457,0.39831973318850805
20012.0,0.042110417646168984,0.3894482933790081,0.5684412889748229
20771.0,0.6880613864023694,0.20367954828852503,0.10825906530910558
20287.0,0.6416380862849175,0.22820398608757345,0.1301579276275091
20528.0,0.042110417788186506,0.3894482931426486,0.5684412890691649
21628.0,0.010105137433939513,0.012706526652950688,0.9771883359131098
20596.0,0.0,0.006810968513744137,0.9931890314862559
20347.0,0.10902278907458193,0.5667411888596832,0.3242360220657349
20839.0,0.08026132462816664,0.497091133236426,0.42264754213540734
20072.0,0.5062249110660005,0.09545535574542964,0.3983197331885699
21313.0,0.6332443590145078,0.21985014820975085,0.14690549277574133
21074.0,0.633244359014431,0.21985014820980125,0.14690549277576775
21560.0,0.05341360831823868,0.38283074668708866,0.5637556449946726
20133.0,0.041762092529145034,0.3636338942989601,0.5946040131718948
20906.0,0.043562160683451985,0.34303693698083304,0.613400902335715
20665.0,0.13463794505382784,0.5371140526951182,0.3282480022510539
20406.0,0.6919472652582709,0.19478344724708016,0.11326928749464897
21151.0,0.04781174147334849,0.265150704064885,0.6870375544617665
21388.0,0.11970976795825743,0.5441388865743019,0.3361513454674408
21749.0,0.44153555991901855,0.14769504236290734,0.4107693977180741
21680.0,0.0,0.004477664073107188,0.9955223359268928
21449.0,0.4472947417937009,0.12372432371428066,0.4289809344920184
21210.0,0.7101250955367309,0.17681836236199158,0.11305654210127748
20732.0,0.04356216070265356,0.343036937074756,0.6134009022225905
20467.0,0.42801830647765887,0.14447149364724848,0.42751019987509264
20975.0,0.11453775642992045,0.5487049220097036,0.3367573215603759
20192.0,0.441706072477037,0.11829785910706239,0.4399960684159005
21629.0,0.11970978556122522,0.5441388789554077,0.33615133548336706
21015.0,0.048146755006492604,0.431953761309083,0.5198994836844245
21252.0,0.0,0.03090864343887537,0.9690913565611247
20013.0,0.46024816591513507,0.12865911980322797,0.411092714281637
20770.0,0.04613541857916553,0.38544884918711353,0.5684157322337209
20529.0,0.09656587019428764,0.5723323565395823,0.3311017732661301
20286.0,0.08024924458108947,0.4971181368548715,0.42263261856403905
21561.0,0.44153555991901855,0.14769504236290734,0.4107693977180741
20346.0,0.7067090302462896,0.19825535619929233,0.09503561355441811
20597.0,0.7162921265539061,0.19546120574523995,0.08824666770085403
