21609.0,0.7379638052767543,0.18392552829601985,0.07811066642722579
20790.0,0.025959029888316915,0.012912931254282676,0.9611280388574005
20025.0,0.4205616549049905,0.5793559837313809,8.236136362865198E-5
20517.0,0.8813447560613021,0.11823090173139338,4.2434220730455836E-4
20266.0,0.8461049301280277,0.15387648801961265,1.8581852359705746E-5
20995.0,0.0012000993145558803,0.277455369404576,0.7213445312808681
21264.0,0.9637680691602828,0.03602769672352192,2.0423411619527882E-4
21668.0,0.003583866601248817,0.005827623991180035,0.990588509407571
20455.0,0.3508395283637017,0.6490230962878885,1.3737534840995447E-4
20712.0,0.8627835638612286,0.13709234094476835,1.2409519400300115E-4
20987.0,3.4951590929784365E-5,1.9780405058031533E-7,0.9999648506050195
20212.0,0.9521109382315387,1.6700707797490485E-4,0.04772205469048629
21469.0,0.9598599828580711,0.03888797112838436,0.0012520460135446107
21198.0,0.4405042246732971,0.5582921973988909,0.0012035779278120305
21728.0,0.001667805536912862,1.443880473078674E-7,0.9983320500750398
21130.0,1.987835955523275E-7,0.5904960887415346,0.4095037124748698
21401.0,0.3721411787879288,0.006026394315336136,0.6218324268967351
20144.0,0.1269169263533886,0.7851972382447849,0.08788583540182639
20927.0,0.38039812655153316,0.587128065044846,0.032473808403620776
20387.0,0.9528759075982153,0.0471005801896069,2.3512212177869768E-5
20652.0,0.5658351827236802,0.4251319277632902,0.009032889513029583
21549.0,0.9163486265637637,0.08361981170274639,3.156173348981172E-5
21332.0,0.5810218531642987,0.41127995986942945,0.007698186966271882
21063.0,6.849805051907079E-10,1.5756531486442585E-4,0.999842434000155
20577.0,0.18176056780866554,0.31439113851939476,0.5038482936719396
20334.0,3.4404770804970865E-4,0.038340041736591654,0.9613159105553587
20850.0,0.7069587993004992,0.012852944176733877,0.28018825652276685
20093.0,9.404638853225697E-5,0.41765294061045133,0.5822530130010164
20024.0,0.0013820475005893959,0.15947550482942027,0.8391424476699902
20791.0,0.4429743141843813,0.5555189889296469,0.0015066968859717342
20267.0,0.08300038933561905,0.4004626795940504,0.5165369310703306
20516.0,4.4791508677184886E-5,0.08884660301019197,0.9111086054811307
20994.0,3.414654926274184E-8,1.6808779277688367E-4,0.9998318780606739
21265.0,0.0035422084820946258,0.05768496690417426,0.9387728246137311
21608.0,0.43876890496570214,0.5561448999586954,0.005086195075602372
20713.0,0.6254568849545465,0.013878808498607122,0.3606643065468464
20454.0,0.4637249199952858,0.5127017616200742,0.023573318384639958
20986.0,0.9673517611285197,0.03264753041897278,7.08452507380094E-7
20213.0,8.732312187770845E-4,0.6188956058734572,0.3802311629077657
21468.0,0.008184040623501448,0.1394756122494896,0.852340347127009
21199.0,0.049119451854641366,0.09769993542883405,0.8531806127165247
21669.0,0.004841958181891288,0.38593521579669093,0.6092228260214179
21131.0,6.540350041472312E-4,0.02722320520138261,0.97212275979447
21400.0,0.7416819814193798,0.25828389033082727,3.4128249792828304E-5
20926.0,2.0786422353581163E-5,0.011872147126020225,0.988107066451626
20145.0,2.1500688656015584E-4,0.709768548410048,0.2900164447033919
20386.0,0.05897531295870747,0.9324955781067263,0.008529108934566279
20653.0,7.804421442688187E-7,0.015542550103692791,0.984456669454163
21729.0,0.6582058377959972,0.34072974633928627,0.0010644158647165614
21333.0,0.02214846601592438,0.07996698606870442,0.8978845479153712
21062.0,0.9629349120555205,0.028986150092179492,0.008078937852299857
20576.0,0.13713385040901174,0.19233989074840063,0.6705262588425875
20335.0,0.003049758811261432,0.11457030980178284,0.8823799313869557
20092.0,0.35555438139638695,0.640792610194702,0.003653008408911087
20851.0,0.6409103739823987,0.3585816789716478,5.079470459536247E-4
21548.0,0.7995193327730299,0.19449326877231374,0.005987398454656483
21611.0,0.9539343291410787,0.033079965970840126,0.012985704888081174
20519.0,0.12936204556442643,0.3272823502430076,0.5433556041925659
20264.0,0.9622730906569066,0.03768771295000787,3.919639308571254E-5
20788.0,0.3473534989479983,0.6501301227295514,0.002516378322450512
20027.0,0.9595672081884083,0.040364423232295596,6.836857929604164E-5
21266.0,0.6515755862230224,0.34840780561208584,1.6608164891863954E-5
20993.0,0.862922045512466,0.13696221481682563,1.1573967070825356E-4
21670.0,0.029580747834496976,1.619957029825239E-6,0.9704176322084732
20214.0,1.8352112330161946E-6,0.01512940111990438,0.9848687636688626
20985.0,0.001119073612054359,0.5548890819256506,0.4439918444622951
20453.0,0.0032670999851275233,0.23077333943095968,0.7659595605839128
20714.0,0.12735323732829584,0.18504446889911433,0.6876022937725899
21196.0,0.21426259297074976,0.16429028584817057,0.6214471211810796
21471.0,0.7756569740235876,0.2096032647452145,0.014739761231197841
21730.0,7.615822538370251E-4,0.7260684357886382,0.27316998195752473
21403.0,0.1915382548842578,0.5965329253305961,0.21192881978514616
21128.0,0.020393031007230167,0.6627110215175543,0.3168959474752155
20385.0,0.859616780366565,0.14027652811620403,1.0669151723088968E-4
20654.0,0.1996876124487178,0.7919855912586986,0.008326796292583413
20146.0,0.27307506559465966,0.5410123537752747,0.18591258063006566
20925.0,0.9425898849740084,0.05739313471998265,1.698030600893733E-5
21551.0,1.5030309287963848E-5,1.7490513454806078E-5,0.9999674791772571
21061.0,4.6747428111046857E-4,7.823137086258931E-4,0.9987502120102637
21334.0,0.4775796865354936,0.4268719687087276,0.09554834475577877
20848.0,0.8264346157078856,0.17322218187338323,3.43202418731204E-4
20095.0,0.9931118301401808,0.006477687888989574,4.104819708296491E-4
20332.0,5.109081408485213E-5,0.07619353955132299,0.9237553696345921
20579.0,0.004485228056506472,0.006690824733044544,0.9888239472104491
20265.0,8.451090678836163E-7,6.087644214134751E-9,0.999999148803288
20518.0,0.9845935764151422,0.015401069937905366,5.353646952347462E-6
20026.0,0.5873514068303247,0.21522730124934014,0.19742129192033514
20789.0,0.478878575686515,0.5033385986027283,0.01778282571075675
21267.0,0.6975051030083135,0.010999823102545403,0.2914950738891411
20992.0,1.6570785668824922E-6,0.021375075042150613,0.9786232678792826
21610.0,0.3376066673905524,0.22958470423480476,0.4328086283746429
20984.0,0.01397640257401696,0.0014310270544752148,0.9845925703715079
20215.0,7.563473511543183E-4,0.845132690538008,0.15411096211083775
20452.0,0.6473923908845198,0.32133123734305435,0.031276371772425864
20715.0,0.191228051595217,0.5262239180384857,0.2825480303662973
21197.0,0.010287552470435012,0.9505480466004596,0.039164400929105496
21470.0,0.4851575639830753,0.4755111372404492,0.039331298776475614
21671.0,0.007757195087025981,0.9303448518511985,0.06189795306177545
21402.0,0.5473192085536627,0.4521137571560068,5.670342903304468E-4
21129.0,0.06430645355563178,0.4200168496138089,0.5156766968305594
20384.0,1.693482546891056E-11,1.4436068210644151E-5,0.9999855639148545
20655.0,2.598037428871674E-7,0.020629433286545942,0.9793703069097112
20147.0,0.9985510471406179,1.960866433806463E-4,0.0012528662160012749
20924.0,1.2098442432378502E-4,4.260086334049688E-5,0.9998364147123358
21731.0,0.043120072974389065,0.5543650906763646,0.4025148363492463
21060.0,1.688083387254859E-5,7.338368971457948E-4,0.9992492822689817
21335.0,0.9062540900270084,0.009104846034867187,0.0846410639381245
20094.0,9.756954296875574E-6,2.341847465300113E-5,0.99996682457105
20849.0,0.9581929368064825,0.04180142704756901,5.636145948452244E-6
20578.0,0.2669044687934667,0.714397230893113,0.01869830031342017
20333.0,0.9241347080924223,0.07375368896042206,0.0021116029471557767
21550.0,0.042900764896992155,0.1433385542328922,0.8137606808701157
21664.0,0.878625358016084,0.12136920144554467,5.440538371305473E-6
21465.0,0.0020131772122394436,0.4015081299759544,0.5964786928118062
21194.0,0.005453170782421354,0.563588278656599,0.4309585505609797
20451.0,0.8405629824992437,0.1583292076989425,0.0011078098018139247
20716.0,0.7384749713720712,0.2588465965490566,0.002678432078872142
20208.0,4.055885235970069E-4,0.1599848906177307,0.8396095208586722
20991.0,3.9820408348806795E-4,0.8692358922252145,0.1303659036912973
21613.0,0.6229723405562542,0.37573780868298634,0.0012898507607593868
20999.0,0.0017522128525903435,0.9476754436865555,0.050572343460854104
21268.0,7.80636138730009E-4,0.20732100799349273,0.7918983558677772
20029.0,2.34945563215116E-7,7.178690622507018E-9,0.9999997578757462
20786.0,0.009901928059738581,0.015248928057433117,0.9748491438828284
20270.0,0.005503226005875081,0.06339268154591085,0.9311040924482139
20513.0,0.1466505190016073,0.23069082074846867,0.622658660249924
21545.0,0.9972024382042991,2.3639607960088756E-4,0.0025611657161000536
20581.0,0.06972972083882152,0.8700623469209545,0.060207932240223985
20330.0,3.5078771394261436E-6,0.13976096055382958,0.860235531569031
20089.0,0.7852619223733737,0.2064057421074036,0.008332335519222868
20854.0,0.05790103829414403,0.8816827273878447,0.060416234318011276
21328.0,3.8029071704768868E-6,5.58396712080468E-4,0.999437800380749
21059.0,0.7900776125120778,0.20972135342851395,2.0103405940821636E-4
21732.0,0.6956652083064204,0.3040301987942694,3.0459289931016227E-4
20923.0,0.17639323302486207,7.823361607530202E-4,0.8228244308143849
20148.0,1.7211172783079192E-12,2.071077268645814E-7,0.999999792890552
20648.0,0.07281423653637911,0.01246613638888131,0.9147196270747396
20391.0,0.6267935822398235,0.15439018276606115,0.21881623499411526
21134.0,0.040464930288394395,0.26562179635283645,0.6939132733587691
21405.0,0.009768741138736423,0.007142330695068086,0.9830889281661955
21464.0,0.005912621051445812,0.5547133233271522,0.4393740556214019
21195.0,3.198359334518436E-4,6.837912335232875E-7,0.9996794802753147
20717.0,0.059861835421451286,0.9399334477191907,2.0471685935788246E-4
20450.0,0.2180333170257296,0.048221316260897436,0.733745366713373
20209.0,0.3669867331260436,0.5115830615163132,0.12143020535764329
20990.0,0.39745731139430807,0.5923769432081584,0.010165745397533567
21665.0,0.20339306869336216,0.7934371782115618,0.0031697530950760707
20998.0,0.006699224924337194,0.0314726591481558,0.9618281159275069
21269.0,0.21965044957121216,0.09069643519150376,0.689653115237284
20028.0,9.9839102555438E-4,0.07740001677818607,0.9216015921962595
20787.0,0.1744258565469455,0.722055532346769,0.10351861110628548
20271.0,0.0030916087983782472,5.029711683578332E-4,0.996405420033264
20512.0,0.5989952881418823,0.33532582896866137,0.06567888288945635
21612.0,0.4182113897237634,0.23047080621790098,0.3513178040583356
20580.0,4.363052353548577E-9,2.5122764109407145E-7,0.9999997444093065
20331.0,0.005641332514386547,0.11794616928250476,0.8764124982031087
20855.0,0.9706285813870016,0.029369068226065092,2.3503869332408685E-6
20088.0,0.5214076018243471,0.1931364126405801,0.2854559855350729
21329.0,0.004668663052757479,0.009491742745071256,0.9858395942021714
21058.0,0.10836966488145132,0.8449558472872494,0.04667448783129919
21544.0,0.9409119439851367,0.05888406426804746,2.0399174681597881E-4
20922.0,0.7553377387640242,0.24230622583128109,0.0023560354046948204
20149.0,0.06361190040272767,0.00814627195662171,0.9282418276406507
20649.0,4.651884145719289E-7,6.6125790183455885E-6,0.9999929222325671
20390.0,0.9761210548543384,0.023863300655233968,1.5644490427588644E-5
21135.0,0.016258114293504055,0.004101790073067523,0.9796400956334284
21404.0,9.480155853086251E-4,0.6421694529654488,0.3568825314492426
21733.0,4.356155458629868E-8,7.916136877607326E-4,0.9992083427506847
21666.0,1.1660971416188515E-5,0.034328596995368735,0.9656597420332149
21192.0,8.076454526836195E-4,0.010120552581747447,0.9890718019655689
21467.0,2.1770007647132197E-8,0.08257860866448925,0.917421369565503
20989.0,0.15737802363025186,0.8392378914631334,0.003384084906614798
20210.0,2.7490280881002405E-4,8.599920282959976E-6,0.999716497270907
20718.0,4.934199267423454E-4,5.005327795569491E-4,0.9990060472937007
20449.0,7.452652878901596E-4,0.0029293841862490615,0.9963253505258608
21615.0,0.1113374947193079,0.8752537846201548,0.013408720660537334
21270.0,0.8032697704819605,0.18930873305800208,0.007421496460037461
20997.0,0.22425396275183693,0.5151402133439664,0.2606058239041966
20515.0,2.4552930106457676E-6,9.220602220304178E-5,0.9999053386847864
20268.0,0.9784691976479383,0.02151387846425155,1.692388781039776E-5
20031.0,0.026438408331454222,0.9724598069656452,0.0011017847029006892
20784.0,0.10790545031139538,0.8089365724061075,0.08315797728249705
21547.0,0.010616877741004692,0.029565361081764264,0.959817761177231
20091.0,0.1563087625867802,0.45758501723909356,0.38610622017412627
20852.0,0.015782775146840546,2.950550024757802E-6,0.9842142743031348
20328.0,0.5763733488738424,0.41749145582874886,0.00613519529740873
20583.0,0.04057278574326555,0.011391503835325407,0.9480357104214091
21057.0,0.34301687613217446,0.6549406264594154,0.00204249740840995
21330.0,0.8511087038661548,0.14807036599307588,8.209301407693403E-4
21734.0,0.06680012086035522,0.8121350507193404,0.12106482842030436
20650.0,0.9208260531166849,0.07909431662153364,7.963026178150593E-5
20389.0,0.8228364432955259,0.17715923202890596,4.324675568007355E-6
20150.0,0.00820515834586097,0.9520955191765773,0.03969932247756179
20921.0,0.19880398825542653,0.8009434725268886,2.5253921768489884E-4
21407.0,0.011172165109786735,0.8677695473070277,0.12105828758318557
21132.0,0.001891359766607415,0.9519021706909893,0.046206469542403344
21193.0,5.908799224170546E-4,0.09153066055907795,0.9078784595185051
21466.0,0.1455331114454167,0.28002153203896646,0.5744453565156168
20211.0,3.941402521116868E-6,0.04759434120644396,0.952401717391035
20988.0,8.335785768941215E-4,0.003947708170854907,0.995218713252251
20719.0,1.2091254884060596E-8,4.625037859975189E-7,0.9999995254049591
20448.0,5.279683920744833E-6,0.015214973393883315,0.9847797469221959
21667.0,3.5481614143548904E-5,5.357293749336326E-4,0.9994287890109228
21271.0,0.8333660847594913,0.16652989568403626,1.0401955647239595E-4
20996.0,0.99418998922801,0.005594410822843329,2.155999491464942E-4
20514.0,0.8994917604201609,0.10042262008188749,8.561949795172768E-5
20269.0,1.0442940029662188E-7,5.385845651478109E-8,0.9999998417121432
20030.0,0.0010949360325930334,0.579201945320203,0.41970311864720394
20785.0,0.0948503223801326,0.04120724079907521,0.8639424368207922
21614.0,2.4067270404800665E-8,9.14768512308724E-5,0.9999084990814987
20853.0,0.3124472122156459,0.6488745163441612,0.03867827144019284
20090.0,0.29457150837843044,0.6151752017843128,0.09025328983725671
20582.0,1.552871929932597E-5,0.003795852959549609,0.996188618321151
20329.0,0.011504686581914175,0.8702954318753774,0.1181998815427085
21056.0,0.001107422316445407,0.8037269651811665,0.1951656125023882
21331.0,0.3411548756842916,0.657963490600385,8.816337153234837E-4
21546.0,1.8474239773293183E-5,9.038182621013938E-10,0.9999815248564085
20388.0,0.9825726009779433,0.017427274631938487,1.2439011827238448E-7
20651.0,0.04502502673543293,0.8965050806258353,0.05846989263873182
20151.0,6.964450706592481E-5,9.085058194928517E-4,0.9990218496734412
20920.0,0.576931769812182,0.4008209962271581,0.022247233960659852
21406.0,0.01157990420484825,0.11060743737477374,0.877812658420378
21133.0,0.8484844345819466,0.1513510178140922,1.6454760396109955E-4
21735.0,0.623417146187046,0.3736796900478841,0.002903163765069888
21122.0,3.8693826718416315E-6,7.050263975452438E-6,0.9999890803533527
21393.0,1.253336895000611E-5,1.1213289728154767E-8,0.9999874554177604
20152.0,0.7487175391701395,0.2482394738658228,0.0030429869640377014
20919.0,0.9830158072957297,0.016984015743069198,1.7696120110866046E-7
20644.0,0.006939085583786965,0.21939706449026292,0.7736638499259502
20395.0,0.04943619543975281,0.0017767095308764734,0.9487870950293708
21736.0,3.508343259631954E-4,0.9116446590172081,0.08800450665682875
21340.0,0.2845187925805011,0.3733121509014991,0.3421690565179999
21071.0,0.11104523101601119,0.12488664833970042,0.7640681206442884
20585.0,0.825144478406888,0.1706721853166675,0.004183336276444453
20326.0,1.4907614736286037E-5,2.4579546082241183E-9,0.9999850899273092
20858.0,0.5932124780359226,0.10562044137686713,0.30116708058721026
20085.0,0.010535443276898602,3.889594924687443E-5,0.9894256607738546
21541.0,1.9291669812610666E-4,0.1111244804634325,0.8886826028384415
20798.0,0.12950574110958837,0.8617997826884721,0.008694476201939475
20017.0,0.9631750139419392,0.03682462332662631,3.627314343598109E-7
20258.0,6.216298757556472E-4,0.997100209695376,0.0022781604288681532
20525.0,0.2138773974115664,0.01849966219490202,0.7676229403935315
21003.0,0.9811810881070496,0.013381880838725449,0.00543703105422509
21272.0,0.02222303180325551,0.11064097292037438,0.86713599527637
21601.0,0.00831293183890459,0.0013850860374162216,0.9903019821236791
20704.0,0.12499343150914631,0.020837865149615657,0.854168703341238
20463.0,0.010074339371615476,0.011174311157095754,0.9787513494712888
20220.0,0.06215047191039675,0.002103078229409335,0.9357464498601938
20979.0,3.5255614679769793E-4,2.482341168177196E-4,0.9993992097363846
21461.0,3.199656153778683E-5,2.8748093517538977E-4,0.9996805225032869
21190.0,0.0019388005660252044,0.023674365453680856,0.9743868339802939
21676.0,0.07862028629616952,0.8939080073569023,0.02747170634692801
21737.0,0.26017313289530497,0.001003485866229912,0.7388233812384651
21123.0,0.399402218958749,0.03786285958202358,0.5627349214592274
21392.0,1.8610275694367964E-4,5.274907474723848E-4,0.999286406495584
20918.0,0.012177152693925046,0.003984010727664083,0.9838388365784108
20153.0,8.636835943870546E-4,0.004642195333442917,0.9944941210721701
20645.0,0.008920716683324075,0.3400183866913523,0.6510608966253236
20394.0,0.028373729333285455,0.8871286253931843,0.08449764527353029
21540.0,0.4870878225370839,0.4256208295373139,0.08729134792560214
21341.0,0.7675080162165072,0.020375311787693372,0.21211667199579945
21070.0,0.016605968356856224,0.7947059983082772,0.18868803333486672
20584.0,0.19001055984087462,0.7796833078357236,0.030306132323401718
20327.0,0.46982340204143425,0.497727685898695,0.032448912059870876
20084.0,0.7092472647292829,0.29071572913428817,3.700613642895026E-5
20859.0,1.885897001213944E-5,0.003574310967401395,0.9964068300625865
21600.0,0.010586768524446764,0.5376364185931289,0.4517768128824243
20016.0,0.0030250767137148813,0.37664031051516383,0.6203346127711212
20799.0,0.97884860391711,0.021145550284321524,5.845798568531462E-6
20259.0,2.830120681709512E-4,0.09365514653651645,0.9060618413953125
20524.0,1.610611690847381E-4,8.062828277860326E-5,0.9997583105481367
21002.0,0.101322804118974,0.33184798319793596,0.56682921268309
21273.0,0.1198038012728234,0.870840073795482,0.009356124931694491
21677.0,0.013453894987102456,0.5850085002867845,0.40153760472611294
20705.0,3.384178994943054E-7,0.03447345790488371,0.9655262036772169
20462.0,0.0036359259169287308,0.0016947118005529497,0.9946693622825183
20221.0,0.05545800457970368,0.8752985053771922,0.06924349004310415
20978.0,3.551469036265424E-6,2.0229468869510968E-5,0.9999762190620942
21460.0,0.9530635512243644,0.04693243353192279,4.0152437127442915E-6
21191.0,0.4843925844920455,0.49970281497689506,0.015904600531059434
21395.0,0.6461184523399647,0.3515943103460869,0.0022872373139484346
21120.0,0.23644352478890043,0.6435095502612387,0.12004692494986086
20646.0,0.9705761292910168,0.029357867645819786,6.600306316360358E-5
20393.0,0.06422698650447484,0.9212906144164182,0.014482399079106948
20154.0,0.858696224576632,0.1412699307060695,3.384471729855531E-5
20917.0,3.8547843835112586E-5,5.383547631446795E-8,0.9999613983206885
21738.0,0.915548248470415,0.08444582795894195,5.923570643024411E-6
21069.0,0.9844003831268536,0.015599486817443605,1.3005570283143575E-7
21342.0,0.6088159771600437,0.2615229660854739,0.1296610567544826
20087.0,0.01883778186456129,0.6116751820474688,0.36948703608797
20856.0,0.01812691808397759,8.656247726479392E-6,0.9818644256682959
20324.0,0.9961719101975449,0.0011125010370201733,0.0027155887654347548
20587.0,0.0025256598824749954,0.8334339246932585,0.1640404154242664
21543.0,0.8234675368855586,0.17651979770940604,1.266540503519239E-5
20527.0,0.18276245458599508,0.04292832356143413,0.7743092218525708
20256.0,0.96168435941517,0.03831317632394448,2.4642608854304805E-6
20019.0,1.4537265702501232E-5,2.4285063970636088E-4,0.999742612094591
20796.0,1.0914914277096964E-4,0.2760938254617217,0.7237970253955074
21274.0,3.211712467421833E-4,0.9710912542041736,0.028587574549084293
21001.0,0.17284741172811877,0.7009836855881408,0.1261689026837403
21603.0,0.4521469772572066,0.5454586061399623,0.0023944166028310775
20977.0,0.0025063217430619645,6.935987564476696E-4,0.9968000795004904
20222.0,0.011206395024962405,0.00441640404135517,0.9843772009336824
20706.0,0.04812418027912337,0.06545129654775464,0.886424523173122
20461.0,0.029890368116228524,0.6484466719303422,0.3216629599534292
21188.0,0.010108092076108261,0.003186858888571855,0.98670504903532
21463.0,0.005195622763285805,0.6535346661837811,0.3412697110529331
21678.0,0.0365568828667887,0.9475166593001837,0.015926457833027565
21739.0,0.8651353739673894,0.13328264366389533,0.0015819823687153664
21394.0,0.3761024131811146,0.6132896713602748,0.010607915458610558
21121.0,0.13654803798859513,0.846387529482402,0.017064432529002856
20647.0,6.241970459791432E-7,0.012557885915317934,0.9874414898876361
20392.0,2.1316887445429206E-5,0.007460667627334456,0.9925180154852201
20155.0,0.7666748944205696,0.22959854526340445,0.0037265603160259323
20916.0,0.0015467206081421815,0.006622680424045601,0.9918305989678123
21542.0,0.8958037802529335,0.0819824288368487,0.022213790910217843
21068.0,0.040223376708840436,0.051026355331439496,0.9087502679597201
21343.0,0.4740308102995937,0.46846886436328505,0.05750032533712132
20857.0,0.6525112443985939,0.32640998286554146,0.02107877273586465
20086.0,0.9572830932025892,0.04271612209345615,7.847039545448676E-7
20325.0,0.05000329946637159,0.19785820772986565,0.7521384928037628
20586.0,3.9601764813187795E-4,0.12898094392038648,0.8706230384314817
21602.0,0.0016459594709724364,0.02603163132417875,0.9723224092048489
20257.0,0.4429743141843813,0.5555189889296469,0.0015066968859717342
20526.0,0.003955468325601493,0.29875576714472063,0.6972887645296779
20018.0,0.9739269574316165,0.026072693465592864,3.4910279061339694E-7
20797.0,0.2996096489701408,0.6827624486869323,0.01762790234292693
21275.0,4.67285968142936E-6,3.122179020753121E-4,0.9996831092382432
21000.0,1.898363212571788E-5,1.5986268230057285E-5,0.9999650300996442
21679.0,5.467418976209355E-5,4.3632844428802763E-4,0.9995089973659499
20976.0,0.22526461349180926,0.3290450954725314,0.44569029103565927
20223.0,0.002621107210578189,0.9072938048543083,0.09008508793511348
20707.0,0.011613937823185668,0.8733403862630895,0.11504567591372489
20460.0,0.14743731254916154,0.1208416715920832,0.7317210158587553
21189.0,0.36947328172003563,0.6158950110101058,0.014631707269858548
21462.0,0.07344184911404225,0.4874531833636758,0.43910496752228184
20589.0,0.8221607596096956,0.17702038532986725,8.188550604372052E-4
20322.0,0.020207027564438897,0.06341973709025761,0.9163732353453036
20081.0,0.0018303870399506879,0.20564124963225167,0.7925283633277976
20862.0,0.0259098246765773,1.1929207604145611E-7,0.9740900560313467
21336.0,0.12463631980369431,0.07890986521510175,0.7964538149812039
21067.0,0.9746940977726931,0.025303650371740326,2.2518555665360316E-6
21537.0,6.118472400467978E-4,0.06284275804361082,0.9365453947163425
20156.0,1.2784092565787925E-11,2.882002501325459E-6,0.9999971179847145
20915.0,0.41134798866538047,0.5881956912378954,4.563200967240727E-4
20640.0,1.5111685760990873E-4,0.8529638998809427,0.1468849832614475
20399.0,0.0012210608918111863,0.46384384741934886,0.5349350916888399
21126.0,0.0050811532919920405,0.8510103233906287,0.14390852331737938
21397.0,0.025235485577566958,4.191797413865488E-4,0.9743453346810466
21740.0,0.003979627327161834,0.00777224956654367,0.9882481231062944
21457.0,1.2598266496137448E-5,0.0018344621056488905,0.9981529396278549
21186.0,0.9903903956977086,0.009608453878399415,1.1504238919419919E-6
20459.0,0.10283761404942875,0.8528106839092789,0.04435170204129228
20708.0,0.054915998964915065,0.8425606797407984,0.10252332129428646
20983.0,0.6497397378047429,0.33046882682880757,0.019791435366449676
20216.0,0.05836942162059287,0.8909229849427737,0.05070759343663356
21672.0,0.7524265834112058,0.24749992162226334,7.34949665308838E-5
21007.0,3.514429279868684E-4,0.0015140432496268171,0.9981345138223863
21276.0,2.0922891923666675E-6,0.03490785353738803,0.9650900541734196
20794.0,0.1567942871409932,0.5056129277038408,0.3375927851551659
20021.0,0.5106246230336412,0.058130965915937374,0.4312444110504214
20521.0,0.5225391843058631,0.4773485177660742,1.1229792806271478E-4
20262.0,7.795657717898336E-7,0.011790338404914964,0.9882088820293131
21605.0,1.2501063136016368E-5,1.2901518633271446E-4,0.9998584837505312
21536.0,0.9820213594151105,0.017978522475741065,1.1810914842290191E-7
20588.0,0.01816444938807318,0.010365376164818392,0.9714701744471084
20323.0,0.8149291534379467,0.08745595593054097,0.09761489063151231
20080.0,0.9212527586928322,0.07846828391341243,2.789573937552631E-4
20863.0,1.391828524554831E-4,0.08510286045788865,0.9147579566896559
21337.0,2.1707571425873576E-5,2.674974042329554E-8,0.9999782656788336
21066.0,7.320675233910619E-7,0.007746245503692779,0.9922530224287838
21741.0,2.066679375562249E-6,0.025549955410951692,0.9744479779096726
20157.0,0.12033221608506128,0.21050209094251696,0.6691656929724218
20914.0,0.8634637264872927,0.13652129498029483,1.4978532412414892E-5
20398.0,0.01684794987764812,0.6827174812765082,0.30043456884584363
20641.0,0.0035032740699409183,0.10154790771985296,0.8949488182102061
21127.0,0.878418956730766,0.12141075229257606,1.7029097665801233E-4
21396.0,0.006767245280819844,0.022754455265562207,0.9704782994536181
21673.0,0.3983146113521516,0.5821424887910359,0.01954289985681251
21456.0,0.512652338664911,0.48656363503414424,7.840263009447243E-4
21187.0,1.95996446882673E-6,1.683629313475429E-7,0.9999978716725998
20709.0,0.24505827862477841,0.6711505643165159,0.08379115705870568
20458.0,0.4322897439644906,0.16829982430650534,0.399410431729004
20982.0,0.04584704104191261,0.9404317369585301,0.013721221999557205
20217.0,0.02047432517091644,0.918741638912352,0.060784035916731365
21604.0,0.683505536542491,0.06132907353620816,0.2551653899213008
21006.0,0.04144586335256166,0.26120729778316676,0.6973468388642716
21277.0,5.104653015307524E-6,0.006467937986689816,0.9935269573602948
20795.0,0.9258428851960567,0.07270155775115855,0.0014555570527846628
20020.0,0.011127895754232361,0.8075934811302369,0.1812786231155307
20520.0,0.11634732266807364,0.880778686991304,0.0028739903406222334
20263.0,3.758753396940953E-4,1.494807165647598E-8,0.9996241097122343
20083.0,0.03174484257354653,0.23898700045867594,0.7292681569677776
20860.0,1.776718894904917E-4,0.03836457334170398,0.9614577547688056
20591.0,0.6766441418106931,0.2605231598926459,0.06283269829666105
20320.0,0.015495153329069884,0.9651205218779969,0.019384324792933214
21065.0,0.691275525641323,0.308618548134079,1.0592622459792464E-4
21338.0,0.35108620033966403,0.3228862745625694,0.32602752509776656
21539.0,0.9819014572251086,0.01101073394605435,0.0070878088288369515
20642.0,0.49896410450948353,0.0024669385443683344,0.49856895694614817
20397.0,0.0020944217103109966,0.4551037713728887,0.5428018069168002
20158.0,0.45095210126099056,0.043208879117658736,0.5058390196213508
20913.0,0.9939239449035643,0.006073786617767409,2.2684786683061055E-6
21399.0,0.8599351788018788,0.1399806048993848,8.421629873653096E-5
21124.0,9.443801014162268E-9,0.08827871081010327,0.9117212797460958
21742.0,0.4150126373552286,0.48028916079482353,0.10469820184994787
21184.0,0.043352958069630555,0.8961701480808073,0.06047689384956202
21459.0,0.019970444506133486,0.23907169516008825,0.7409578603337783
20981.0,3.709287754470433E-10,0.002290283583422936,0.9977097160456482
20218.0,0.24534040509655938,0.6304711995903228,0.12418839531311777
20457.0,0.15865185520323466,0.549191608481678,0.29215653631508726
20710.0,0.510212180006147,0.48444094436396806,0.005346875629884917
21674.0,0.9878530971258515,0.012146691888819916,2.109853285005264E-7
21278.0,0.9329363790880193,0.06659828738873369,4.6533352324717634E-4
21005.0,0.4915810770424505,0.5030070456996688,0.005411877257880594
20260.0,0.012412053772777161,0.5184166682363383,0.4691712779908846
20523.0,0.9462531344965183,0.05364088716328706,1.0597834019478095E-4
20023.0,0.013492649576806046,0.3738208975253096,0.6126864528978843
20792.0,0.7761460066653563,0.030368227993123012,0.1934857653415207
21607.0,6.502132928963286E-5,0.0013909669387753183,0.9985440117319351
21538.0,0.6721463534794057,0.2581889092117343,0.06966473730886003
20861.0,0.3343859714193723,0.6655889633991234,2.506518150423835E-5
20082.0,0.6525656497036033,0.27794618289070017,0.06948816740569652
20321.0,0.04200831235362188,0.03287795210627257,0.9251137355401055
20590.0,9.41841713249775E-5,1.2825850953593205E-4,0.9997775573191392
21064.0,0.9648264116974723,0.03517178183319137,1.806469336098784E-6
21339.0,0.8835828637995755,0.0035958039421625926,0.11282133225826192
21743.0,0.008660647738785098,0.0487117219869867,0.9426276302742281
20396.0,3.3577011057867574E-8,0.05062869583819421,0.9493712705847946
20643.0,0.18078935565039808,0.7753491931016429,0.04386145124795905
20159.0,0.28609352790660464,0.7138104973243103,9.597476908487788E-5
20912.0,0.02386768788486724,0.3007971913417608,0.675335120773372
21398.0,0.04984412657962295,0.678580314509238,0.27157555891113916
21125.0,0.9837156909198133,0.008029095526334195,0.008255213553852595
21675.0,0.7539584838162298,0.045594588031444484,0.2004469281523257
21185.0,0.5123272481290894,0.13183906085034644,0.35583369102056434
21458.0,0.030011924217054363,0.001490777268941609,0.968497298514004
20980.0,6.992732161846316E-7,3.68646549206812E-4,0.999630654177577
20219.0,2.3898005320972012E-4,7.730678147982288E-5,0.9996837131653104
20456.0,0.011673142749571446,0.6408645334828958,0.34746232376753267
20711.0,3.872432288790699E-4,0.028885814059605955,0.9707269427115149
21606.0,0.988283212865841,0.011540482511157161,1.7630462300201118E-4
21279.0,2.7794656871446507E-5,0.7991468924455379,0.20082531289759056
21004.0,0.5567546878047369,0.4396644852667136,0.00358082692854951
20261.0,3.487228839366416E-7,2.7352379624813394E-9,0.9999996485418782
20522.0,0.26779030988397695,0.7321565096699248,5.318044609826621E-5
20022.0,0.1403566720729846,0.06548781095411764,0.7941555169728979
20793.0,0.22233665823065288,0.08879257328144177,0.6888707684879054
20008.0,0.004669228982274736,0.002149202499137043,0.9931815685185881
20775.0,0.38355952777841795,0.015668722728441695,0.6007717494931404
20532.0,1.5360111818738447E-9,0.0060239612402295875,0.9939760372237593
20283.0,0.02748552759429773,1.9804520776523456E-4,0.9723164271979371
21010.0,0.31905795722897906,0.47650264340214066,0.2044393993688803
21249.0,4.407964391899636E-9,2.1189923848524096E-5,0.9999788056681872
21624.0,0.2760407708021531,0.6710423300584846,0.052916899139362206
20729.0,0.007961502503536801,0.9609463432526942,0.031092154243769085
20470.0,0.0772714200262319,0.9164509361366443,0.006277643837123721
20970.0,0.006453813539706449,0.015312867563011135,0.9782333188972824
20197.0,0.4423530474198262,0.3237240015896041,0.23392295099056978
21452.0,0.9796065999711884,0.020392259551501053,1.1404773107136102E-6
21215.0,0.17614448721564513,0.3598664221807327,0.46398909060362215
21685.0,0.2308045139775561,0.5096010632885009,0.25959442273394306
21147.0,4.715647810359241E-6,0.0010332154163907965,0.9989620689357989
21384.0,0.7990574564893942,0.18912786622672081,0.011814677283884991
20129.0,0.005793750298396275,0.980863692300501,0.013342557401102628
20910.0,0.5168416139809708,0.4204149024366298,0.06274348358239937
20669.0,5.193555883355853E-4,0.15960531099250377,0.8398753334191605
20402.0,0.9813379039999195,0.01866166112735922,4.348727213833002E-7
21745.0,0.712450199635138,0.15977217687275477,0.12777762349210714
21317.0,2.979053433044486E-5,0.08076349214516208,0.9192067173205075
21078.0,0.0086406159309636,0.030686083489966223,0.9606733005790701
20351.0,0.016044359633175576,0.5526824268771258,0.43127321348969877
20592.0,0.8000622707812725,0.1950019374769262,0.0049357917418013895
20076.0,0.06241557438386587,0.6257992303081099,0.3117851953080242
20835.0,0.6512992383806656,0.347069372167699,0.0016313894516353758
21564.0,0.9837796889800646,0.016197778937107016,2.253208282822838E-5
21625.0,0.09529369729323771,0.8301372568599883,0.07456904584677383
20774.0,0.03478649997246866,0.9065933018871166,0.0586201981404147
20009.0,0.00252988667050492,0.02097920566919092,0.9764909076603041
20533.0,0.2123784494260117,0.4076997725311318,0.37992177804285654
20282.0,0.11085157129865453,0.44732324728819467,0.44182518141315075
21011.0,0.19168492467966317,0.7152649640600328,0.09305011126030407
21248.0,0.6173288917707005,0.3462597150774639,0.03641139315183558
21684.0,0.37662730258861493,0.5085959577569117,0.1147767396544734
20728.0,0.9729597479063138,0.026819208773449062,2.2104332023718953E-4
20471.0,0.3803367069180211,2.001483062275526E-4,0.6194631447757515
20196.0,0.9174122267767201,0.0825621710588497,2.5602164430087005E-5
20971.0,0.1342226917187144,0.11298500481186449,0.7527923034694212
21453.0,1.5313121282154195E-4,0.06798795523898593,0.9318589135481926
21214.0,0.007322563889156417,0.9847695615825488,0.00790787452829474
21744.0,0.005212079094699608,0.9931358700886637,0.0016520508166367569
21146.0,0.0024840009791820454,1.49135120435567E-4,0.9973668639003823
21385.0,0.16992459270279028,0.07661098723414288,0.7534644200630668
20128.0,0.01112357728970158,9.26740466416657E-4,0.9879496822438817
20911.0,0.07099150995844405,0.2477994322680096,0.6812090577735463
20668.0,0.06776787191245812,0.06627925317437137,0.8659528749131705
20403.0,3.3229978300778577E-6,1.2139747029376202E-5,0.9999845372551405
21565.0,0.3164594338371182,0.16593739753835432,0.5176031686245275
21316.0,0.26269918615134036,0.6086585270576023,0.12864228679105733
21079.0,0.010065461502471338,0.75387033840195,0.23606420009557866
20593.0,0.12747592623561557,0.8704957652647629,0.002028308499621512
20350.0,1.7159655444038514E-4,0.9526902226746179,0.047138180770941646
20834.0,0.317845055048379,0.6474184846759287,0.034736460275692306
20077.0,0.616810372639797,0.3831851054428304,4.521917372522716E-6
20281.0,0.6053996694994153,0.3915074910001432,0.003092839500441509
20534.0,0.0013627914918758572,1.00623630975744E-6,0.9986362022718143
20773.0,0.11297569697686168,0.6784194643770197,0.20860483864611853
20010.0,0.9287895121624381,0.05884884613712811,0.012361641700433808
21251.0,6.990490445572718E-4,0.05003551588387558,0.9492654350715671
21008.0,0.8419098992254516,0.11124303036972039,0.04684707040482805
21626.0,0.354271708798811,0.4856287104559564,0.16009958074523267
20199.0,0.03145900444617978,0.9682726106706914,2.6838488312886256E-4
20968.0,1.331119407610399E-7,2.6336862182743916E-12,0.9999998668854255
20468.0,0.9821333338904408,0.01786584448055384,8.216290054171513E-7
20731.0,0.05718016356329071,0.9339173156202768,0.00890252081643246
21213.0,0.31199601529119486,0.023004225543252543,0.6649997591655527
21454.0,0.0076489438894309725,0.07714768011438436,0.9152033759961846
21687.0,0.22958389900997767,0.42388539885397175,0.3465307021360507
21386.0,0.9294214711288339,0.07056485227105935,1.3676600106932757E-5
21145.0,0.26533347707675065,0.7307219928473508,0.00394453007589853
20400.0,0.1268785969195017,0.7516382600167902,0.12148314306370814
20671.0,0.07207144708161325,0.9219900272034474,0.0059385257149394115
20908.0,0.005392912730037811,6.415828771844471E-6,0.9946006714411905
20131.0,0.8669471135121285,0.1326456542549595,4.072322329119505E-4
21747.0,0.9290463454298414,0.0709518032807901,1.8512893684023668E-6
21076.0,0.5945967934654358,0.40345785458632133,0.001945351948242857
21319.0,6.86520112047945E-5,0.9265117014559927,0.07341964653280242
20833.0,0.5195746187643164,0.4804064230031574,1.8958232526139748E-5
20078.0,1.4156040983486383E-5,0.002094393670219869,0.9978914502887967
20594.0,0.9831344577191432,0.016864719280148616,8.23000708117866E-7
20349.0,0.690093252597419,0.30791407840148,0.001992669001100942
21566.0,0.4037491432074658,0.4494896850652481,0.14676117172728617
21627.0,8.025381916699751E-6,2.1816968398285972E-8,0.999991952801115
20280.0,0.2638298027852118,0.5074508085178338,0.22871938869695455
20535.0,0.8963766926947295,0.10358773525378183,3.557205148869102E-5
20011.0,1.2904776525055793E-5,0.02542890456973465,0.9745581906537402
20772.0,0.23612851810678098,0.6883271603700689,0.07554432152315012
21250.0,0.9920463261186232,0.00795303058268532,6.43298691331372E-7
21009.0,1.9698355435585065E-6,0.5370435199485045,0.46295451021595185
21686.0,1.0258374840418757E-5,3.3767593156380175E-4,0.9996520656935959
20969.0,0.05412670329711917,0.8799833081388706,0.06588998856401017
20198.0,1.3810217382803733E-4,0.04538616394406008,0.9544757338821119
20469.0,0.4188924471355998,0.13770718389651368,0.4434003689678864
20730.0,1.1994155990540486E-7,8.965906356881315E-4,0.999103289422752
21212.0,9.526590422834465E-4,0.8211350254938469,0.17791231546386976
21455.0,0.973271569933991,0.026645425715521233,8.300435048776969E-5
21746.0,0.41435248988762274,0.5744084571069625,0.011239053005414801
21387.0,3.3987325580025243E-4,0.01037584825376635,0.9892842784904333
21144.0,0.14433714436770298,0.8283972928449296,0.02726556278736745
20401.0,4.103825514830149E-4,0.06959479170706327,0.9299948257414538
20670.0,2.4804709642705633E-4,8.531883091540126E-4,0.9988987645944191
20909.0,3.1324400112657926E-4,0.017776154905356053,0.9819106010935172
20130.0,2.68642139564382E-6,5.629644928863713E-4,0.9994343490857179
21567.0,0.7962149048867595,0.2037782785143468,6.816598893755633E-6
21077.0,0.8856379401439207,0.08472904873791547,0.02963301111816377
21318.0,0.06680315045911872,0.6781704273252255,0.2550264222156559
20832.0,5.62270687281471E-9,0.004625893366596384,0.9953741010106967
20079.0,0.8140776386943331,0.18558626891196311,3.360923937038117E-4
20595.0,0.028223100541892976,0.423331033715008,0.5484458657430991
20348.0,0.08053724978644095,0.18321222683216495,0.7362505233813941
21448.0,0.005417254058864722,0.20462860432477536,0.7899541416163599
21211.0,0.9588548808368408,0.04114230924264211,2.8099205171724574E-6
20466.0,0.9825726009779433,0.017427274631938487,1.2439011827238448E-7
20733.0,1.881357540342246E-5,0.5744252271666321,0.4255559592579644
20974.0,0.6866812318845444,0.3013052276366583,0.012013540478797232
20193.0,0.21949571893648478,0.6976393793280381,0.08286490173547713
21681.0,0.7551439349990718,0.2438043468693645,0.0010517181315636544
21014.0,0.982412240791392,0.01758751133594433,2.478726636062851E-7
21253.0,0.3679771414666571,0.5740039202156214,0.05801893831772138
20012.0,0.08737358464018254,0.08739265784672591,0.8252337575130915
20771.0,0.7774027320365794,0.22231372071009584,2.835472533245836E-4
20287.0,0.45603908178170144,0.5438310381493117,1.2988006898685643E-4
20528.0,0.05394374162967968,0.055908785087273316,0.890147473283047
21628.0,6.058069047425105E-9,0.08022540578504257,0.9197745881568883
20596.0,2.04863053600548E-7,6.2946655538938255E-6,0.9999935004713923
20347.0,0.9060451840537252,0.09382961315504205,1.2520279123290158E-4
20839.0,0.15803187513533434,0.835452223212489,0.006515901652176873
20072.0,2.633568269691725E-4,0.0017879065838250076,0.9979487365892058
21313.0,0.9447648770060649,0.055198877055388736,3.624593854623507E-5
21074.0,0.04569689307622195,0.9377258047951207,0.016577302128657247
