21609.0,0.7118596783176013,0.20256362795510835,0.08557669372729032
20790.0,0.4503137708348875,0.14183381983289908,0.4078524093322134
20025.0,0.03863411051224067,0.6720059617107464,0.28935992777701297
20517.0,0.7091786251001153,0.1926363034926236,0.09818507140726107
20266.0,0.712372221566004,0.1946592393450309,0.09296853908896496
20995.0,0.018524617371468908,0.3578852178597957,0.6235901647687354
21264.0,0.7118596783199118,0.20256362795492813,0.08557669372516014
21668.0,0.4133112138217963,0.17139278349392748,0.4152960026842762
20455.0,0.4285215709302394,0.18183581222578155,0.38964261684397905
20712.0,0.018618442163229772,0.33740386425066077,0.6439776935861095
20987.0,0.4133112138217963,0.17139278349392748,0.4152960026842762
20212.0,0.41331143131795217,0.17139283345804565,0.41529573522400215
21469.0,0.7123722215236102,0.19465923933544993,0.09296853914093982
21198.0,0.7091786251001153,0.1926363034926236,0.09818507140726107
21728.0,0.4390332197560727,0.1543756600452537,0.4065911201986735
21130.0,1.7657544530506976E-290,0.009016034578867774,0.9909839654211323
21401.0,0.0,0.002947091323751477,0.9970529086762484
20144.0,0.03255710018708103,0.34248506577349636,0.6249578340394226
20927.0,0.029405360131584842,0.7244304075579615,0.24616423231045367
20387.0,0.7149940502277905,0.1953293277305869,0.08967662204162254
20652.0,0.031043992948052265,0.352604186896306,0.6163518201556417
21549.0,0.7038251057616681,0.19744584188216485,0.09872905235616705
21332.0,5.562885522596254E-309,0.0,1.0
21063.0,0.0,0.0,1.0
20577.0,0.7091785605546232,0.1926363143514406,0.09818512509393612
20334.0,0.0216849980139439,0.3822066541112722,0.5961083478747838
20850.0,0.7149940495129966,0.19532932783926338,0.08967662264773997
20093.0,0.031043992948052265,0.352604186896306,0.6163518201556417
20024.0,0.0,0.003518264290517766,0.9964817357094823
20791.0,0.7118596783199118,0.20256362795492813,0.08557669372516014
20267.0,0.1873591061941423,0.24170599097613202,0.5709349028297257
20516.0,0.018618442163229987,0.3374038642506677,0.6439776935861022
20994.0,0.020828576387831158,0.33712869953971886,0.64204272407245
21265.0,0.018618442163229772,0.33740386425066077,0.6439776935861095
21608.0,0.024975583131658867,0.680762238560242,0.2942621783080992
20713.0,0.4363816546038996,0.16291182366540471,0.4007065217306957
20454.0,0.42852162341056216,0.1818358230256738,0.3896425535637639
20986.0,0.712372221566004,0.1946592393450309,0.09296853908896496
20213.0,0.036754376502825745,0.7093980735420556,0.2538475499551186
21468.0,0.4285215709302394,0.18183581222578155,0.38964261684397905
21199.0,0.4285223556428693,0.1818359737110515,0.38964167064607913
21669.0,0.060456106823201745,0.6777371023773805,0.2618067907994177
21131.0,0.4688969291933081,0.1321892592066834,0.3989138116000085
21400.0,0.04585616232625456,0.6996838249281566,0.2544600127455888
20926.0,0.03255710018708103,0.34248506577349636,0.6249578340394226
20145.0,0.0,0.00708156715298148,0.9929184328470184
20386.0,0.03255710018708095,0.3424850657734977,0.6249578340394213
20653.0,0.03844259133276808,0.6689629353321171,0.29259447333511474
21729.0,0.7207298151186562,0.19839045640779704,0.08087972847354676
21333.0,0.46889692919331,0.13218925920668292,0.3989138116000071
21062.0,0.7149940502277364,0.1953293277305957,0.08967662204166799
20576.0,0.4503137708348875,0.14183381983289908,0.4078524093322134
20335.0,0.031043992948052265,0.352604186896306,0.6163518201556417
20092.0,5.56287449982561E-309,0.0,1.0
20851.0,0.7486285557613869,0.17816106416808525,0.07321038007052791
21548.0,2.704436203043138E-274,0.00151453998987451,0.9984854600101255
21611.0,0.7269670948347938,0.175635978815109,0.09739692635009714
20519.0,0.4611772852115855,0.15158155157410613,0.3872411632143084
20264.0,0.0,5.562939554262934E-309,1.0
20788.0,0.0496978840472719,0.6986336145985016,0.2516685013542264
20027.0,0.0367543769551615,0.7093980824814118,0.25384754056342673
21266.0,0.037125085721932606,0.6878429900500291,0.2750319242280383
20993.0,0.4503137708348875,0.14183381983289908,0.4078524093322134
21670.0,0.4611776860863417,0.1515814204594271,0.3872408934542313
20214.0,0.4363816546038996,0.16291182366540471,0.4007065217306957
20985.0,0.027909322571320904,0.36660307888467614,0.6054875985440029
20453.0,0.050112545118653574,0.6610099323268807,0.28887752255446564
20714.0,0.4282966739982492,0.18524298389576643,0.3864603421059844
21196.0,0.7149940501408585,0.19532932774380457,0.08967662211533692
21471.0,0.7207298151186562,0.19839045640779704,0.08087972847354676
21730.0,0.02117228453428263,0.3614953129947048,0.6173324024710126
21403.0,0.4503137708348875,0.14183381983289908,0.4078524093322134
21128.0,0.018618442163229772,0.33740386425066077,0.6439776935861095
20385.0,0.43903321976173426,0.15437566004689368,0.4065911201913721
20654.0,0.4282966739982492,0.18524298389576643,0.3864603421059844
20146.0,0.7269670948348665,0.1756359788151041,0.09739692635002938
20925.0,0.7105513561480534,0.19630677795774273,0.09314186589420381
21551.0,0.0,0.0,1.0
21061.0,0.027909322571320904,0.36660307888467614,0.6054875985440029
21334.0,0.0,5.575878989185353E-309,1.0
20848.0,0.7269670948348665,0.1756359788151041,0.09739692635002938
20095.0,0.7105513561480534,0.19630677795774273,0.09314186589420381
20332.0,5.56287449982561E-309,0.0,1.0
20579.0,0.4257529108232985,0.17946935582960957,0.3947777333470919
20265.0,0.4611776860863417,0.1515814204594271,0.3872408934542313
20518.0,0.7038251057616681,0.19744584188216485,0.09872905235616705
20026.0,0.4133112138350662,0.17139278349697604,0.4152960026679578
20789.0,0.037125085721932606,0.6878429900500291,0.2750319242280383
21267.0,5.562885522596254E-309,0.0,1.0
20992.0,0.03255710018708103,0.34248506577349636,0.6249578340394226
21610.0,0.7269670948348665,0.1756359788151041,0.09739692635002938
20984.0,0.4257529108232985,0.17946935582960957,0.3947777333470919
20215.0,0.4285215709302394,0.18183581222578155,0.38964261684397905
20452.0,0.7207292633578292,0.19839040913441236,0.08088032750775845
20715.0,0.03255710035173884,0.3424850676268344,0.6249578320214267
21197.0,0.030991605547802094,0.36767346224481035,0.6013349322073875
21470.0,5.56287449982561E-309,0.0,1.0
21671.0,0.42852157080695996,0.1818358122975398,0.3896426168955002
21402.0,0.03675437695514519,0.7093980824810969,0.2538475405637578
21129.0,0.7038251057616681,0.19744584188216485,0.09872905235616705
20384.0,0.031043992948052265,0.352604186896306,0.6163518201556417
20655.0,0.018524617371196726,0.3578852178545448,0.6235901647742583
20147.0,0.4133112138217963,0.17139278349392748,0.4152960026842762
20924.0,0.027909322571320904,0.36660307888467614,0.6054875985440029
21731.0,0.030991597202767267,0.3676734769782645,0.6013349258189682
21060.0,0.0,0.00708156715298148,0.9929184328470184
21335.0,0.43183459800033436,0.1660756126844768,0.4020897893151888
20094.0,0.4503137708348875,0.14183381983289908,0.4078524093322134
20849.0,0.7105513561480534,0.19630677795774273,0.09314186589420381
20578.0,0.7091786251000953,0.19263630349262703,0.09818507140727764
20333.0,0.4390332197560727,0.1543756600452537,0.4065911201986735
21550.0,0.4611776860863417,0.1515814204594271,0.3872408934542313
21664.0,0.6987849936197877,0.21237611670108522,0.08883888967912706
21465.0,0.42575213766874265,0.1794696260626087,0.3947782362686487
21194.0,0.42829662630651527,0.18524301506845478,0.3864603586250299
20451.0,0.7486285558162127,0.17816106415216876,0.07321038003161852
20716.0,0.7118596624084539,0.2025636392024789,0.08557669838906727
20208.0,0.4611776860863417,0.1515814204594271,0.3872408934542313
20991.0,0.024975580359893505,0.6807622413701013,0.29426217827000517
21613.0,5.56340804633166E-309,0.0,1.0
20999.0,0.03104399377002822,0.3526041861496305,0.6163518200803413
21268.0,0.4269606387625877,0.18572504980725058,0.38731431143016165
20029.0,0.4503137708348875,0.14183381983289908,0.4078524093322134
20786.0,0.16489042240536708,0.2615723723286822,0.5735372052659506
20270.0,0.027909322571320904,0.36660307888467614,0.6054875985440029
20513.0,0.0,0.0,1.0
21545.0,0.4390332197560727,0.1543756600452537,0.4065911201986735
20581.0,0.4285215709302394,0.18183581222578155,0.38964261684397905
20330.0,0.0,0.0,1.0
20089.0,0.03675437637769339,0.7093980713620126,0.253847552260294
20854.0,0.03255710020098299,0.3424850657584608,0.6249578340405562
21328.0,0.4282966739982475,0.1852429838957665,0.386460342105986
21059.0,0.7260404296425274,0.17626066354470044,0.09769890681277221
21732.0,0.0,0.0,1.0
20923.0,0.4363816546038996,0.16291182366540471,0.4007065217306957
20148.0,0.031043992948052265,0.352604186896306,0.6163518201556417
20648.0,0.0,3.6813515523561127E-4,0.9996318648447644
20391.0,0.4282966739982512,0.18524298389576618,0.3864603421059827
21134.0,0.4363816546038996,0.16291182366540471,0.4007065217306957
21405.0,0.0,0.0,1.0
21464.0,0.027909322571320904,0.36660307888467614,0.6054875985440029
21195.0,5.56340804633166E-309,0.0,1.0
20717.0,0.03809665614202268,0.6711148252219739,0.2907885186360034
20450.0,0.4282966739982492,0.18524298389576643,0.3864603421059844
20209.0,0.0309915972024066,0.3676734769723607,0.6013349258252326
20990.0,0.037125085721932606,0.6878429900500291,0.2750319242280383
21665.0,0.4285215709302394,0.18183581222578155,0.38964261684397905
20998.0,0.04585616232625456,0.6996838249281566,0.2544600127455888
21269.0,0.0,0.0,1.0
20028.0,0.027909322571320904,0.36660307888467614,0.6054875985440029
20787.0,0.4283450002604767,0.18525100385726856,0.38640399588225477
20271.0,0.4503137708348875,0.14183381983289908,0.4078524093322134
20512.0,0.6987849936197877,0.21237611670108522,0.08883888967912706
21612.0,0.027909322571320904,0.36660307888467614,0.6054875985440029
20580.0,0.0,0.00708156715298148,0.9929184328470184
20331.0,0.021684998016469264,0.38220665415870225,0.5961083478248285
20855.0,0.712372221566004,0.1946592393450309,0.09296853908896496
20088.0,0.46889692919331,0.13218925920668292,0.3989138116000071
21329.0,0.018524617371196726,0.3578852178545448,0.6235901647742583
21058.0,0.7123722215659469,0.19465923934501886,0.0929685390890342
21544.0,0.0,0.0,1.0
20922.0,0.43638165460390754,0.1629118236654069,0.4007065217306856
20149.0,0.02117228453428257,0.36149531299470367,0.6173324024710138
20649.0,0.0,0.0072686849241185795,0.9927313150758813
20390.0,0.6987849936197877,0.21237611670108522,0.08883888967912706
21135.0,0.4318070715781354,0.16606867844177126,0.40212424998009333
21404.0,0.03863411051224017,0.6720059617107424,0.2893599277770174
21733.0,0.02117228453428257,0.36149531299470367,0.6173324024710138
21666.0,2.7459809090937414E-274,0.0017958366224121519,0.9982041633775878
21192.0,0.0,0.0,1.0
21467.0,0.0,2.589836211392836E-4,0.9997410163788607
20989.0,5.562885522596254E-309,0.0,1.0
20210.0,0.0,0.0072686849241185795,0.9927313150758813
20718.0,0.031043992948052265,0.352604186896306,0.6163518201556417
20449.0,0.4282966739982492,0.18524298389576643,0.3864603421059844
21615.0,0.04969788404727282,0.6986336145984997,0.2516685013542274
21270.0,0.7269670948348665,0.1756359788151041,0.09739692635002938
20997.0,5.562885522596254E-309,0.0,1.0
20515.0,0.4133112138217963,0.17139278349392745,0.4152960026842762
20268.0,0.7091786251001153,0.1926363034926236,0.09818507140726107
20031.0,8.033889833154249E-289,0.01878250076863866,0.9812174992313614
20784.0,0.02497558040298614,0.6807622319358481,0.2942621876611658
21547.0,0.04055022819065817,0.54804936303124,0.4114004087781018
20091.0,0.020828576387831158,0.33712869953971886,0.64204272407245
20852.0,0.4282966739982492,0.18524298389576643,0.3864603421059844
20328.0,0.431807071552191,0.16606867845090933,0.40212424999689966
20583.0,0.4282966739982492,0.18524298389576643,0.3864603421059844
21057.0,0.12526221265928775,0.2965056169294236,0.5782321704112887
21330.0,0.712372221566004,0.1946592393450309,0.09296853908896496
21734.0,0.0496978840472719,0.6986336145985016,0.2516685013542264
20650.0,0.7269670946897429,0.17563597882639648,0.09739692648386065
20389.0,0.042480407163418374,0.6776417821674305,0.27987781066915113
20150.0,0.4133112138217963,0.17139278349392748,0.4152960026842762
20921.0,0.03809665614202268,0.6711148252219739,0.2907885186360034
21407.0,0.7486285558138872,0.1781610641528436,0.07321038003326913
21132.0,0.031043992948052265,0.352604186896306,0.6163518201556417
21193.0,0.0,5.562939554262934E-309,1.0
21466.0,0.03863411051224067,0.6720059617107464,0.28935992777701297
20211.0,0.018524617371196726,0.3578852178545448,0.6235901647742583
20988.0,0.42829667399764193,0.18524298389598567,0.3864603421063724
20719.0,0.031043992948052265,0.352604186896306,0.6163518201556417
20448.0,0.0,0.003518264290517766,0.9964817357094823
21667.0,0.4390332197560727,0.1543756600452537,0.4065911201986735
21271.0,0.7038251057616681,0.19744584188216485,0.09872905235616705
20996.0,0.7149940502277905,0.1953293277305869,0.08967662204162254
20514.0,0.7123722215660077,0.19465923934502882,0.09296853908896359
20269.0,0.4285215709302394,0.18183581222578155,0.38964261684397905
20030.0,0.0,0.0030412608379141544,0.9969587391620858
20785.0,0.4318070715781354,0.16606867844177126,0.40212424998009333
21614.0,0.031043992948052265,0.352604186896306,0.6163518201556417
20853.0,0.04969788404728171,0.6986336145984708,0.2516685013542475
20090.0,0.4282966739982492,0.18524298389576643,0.3864603421059844
20582.0,0.031043992948052265,0.352604186896306,0.6163518201556417
20329.0,0.6987840307514096,0.2123760298049716,0.08883993944361879
21056.0,0.02117228453428257,0.36149531299470367,0.6173324024710138
21331.0,0.031043992948052265,0.352604186896306,0.6163518201556417
21546.0,0.4611776860863417,0.1515814204594271,0.3872408934542313
20388.0,0.712372221566004,0.1946592393450309,0.09296853908896496
20651.0,0.029405360758037093,0.7244303791085444,0.24616426013341863
20151.0,0.020828576387831158,0.33712869953971886,0.64204272407245
20920.0,0.02358102019001919,0.3657420782483621,0.6106769015616187
21406.0,0.4503137708348875,0.14183381983289908,0.4078524093322134
21133.0,0.0325571001876869,0.34248506578030147,0.6249578340320117
21735.0,0.7105513561480534,0.19630677795774273,0.09314186589420381
21122.0,0.021684998067478128,0.3822066540176789,0.596108347914843
21393.0,0.4390332197560727,0.1543756600452537,0.4065911201986735
20152.0,0.7149940502277906,0.19532932773058687,0.08967662204162251
20919.0,0.42829667400530214,0.185242983896936,0.38646034209776187
20644.0,0.0,3.681351552356073E-4,0.9996318648447644
20395.0,0.4285215709302394,0.18183581222578155,0.38964261684397905
21736.0,0.4282953148577023,0.18524363988456316,0.38646104525773456
21340.0,0.4285215709302394,0.18183581222578155,0.38964261684397905
21071.0,0.6987849935168714,0.21237611669179618,0.08883888979133239
20585.0,0.7207298151186562,0.19839045640779704,0.08087972847354676
20326.0,0.02117228453428257,0.36149531299470367,0.6173324024710138
20858.0,0.4363816546038996,0.16291182366540471,0.4007065217306957
20085.0,0.4282966739982492,0.18524298389576643,0.3864603421059844
21541.0,0.02117228453428257,0.36149531299470367,0.6173324024710138
20798.0,0.04585616232625456,0.6996838249281566,0.2544600127455888
20017.0,0.7118596783199118,0.20256362795492813,0.08557669372516014
20258.0,0.020828576387831158,0.33712869953971886,0.64204272407245
20525.0,0.03255710018708103,0.34248506577349636,0.6249578340394226
21003.0,0.7105513561480534,0.19630677795774273,0.09314186589420381
21272.0,0.02117228453428257,0.36149531299470367,0.6173324024710138
21601.0,5.56287449982561E-309,0.0,1.0
20704.0,0.46889692919331,0.13218925920668292,0.3989138116000071
20463.0,0.018618442201746355,0.33740386419713464,0.643977693601119
20220.0,0.02358102019001919,0.3657420782483621,0.6106769015616187
20979.0,0.03255710018708103,0.34248506577349636,0.6249578340394226
21461.0,0.46889692919331005,0.13218925920668292,0.3989138116000071
21190.0,0.0,0.002941255983647581,0.9970587440163525
21676.0,0.02497558041101177,0.6807622301787472,0.29426218941024107
21737.0,0.4503137708348875,0.14183381983289908,0.4078524093322134
21123.0,0.03809665614202268,0.6711148252219739,0.2907885186360034
21392.0,7.125311654626698E-307,0.0,1.0
20918.0,0.4611776860863417,0.1515814204594271,0.3872408934542313
20153.0,0.4282966739982492,0.18524298389576643,0.3864603421059844
20645.0,0.03255710018708103,0.34248506577349636,0.6249578340394226
20394.0,0.018524617371196726,0.3578852178545448,0.6235901647742583
21540.0,0.7269670948348701,0.17563597881509996,0.09739692635002986
21341.0,0.0,0.0,1.0
21070.0,0.0,0.0030412570442855127,0.9969587429557145
20584.0,0.698784993599828,0.21237611669928355,0.0888388897008884
20327.0,0.6987742455850338,0.2123751466003631,0.08885060781460301
20084.0,0.7091786251001153,0.1926363034926236,0.09818507140726107
20859.0,0.018524617371196726,0.3578852178545448,0.6235901647742583
21600.0,0.4611776860863417,0.1515814204594271,0.3872408934542313
20016.0,0.03255710018708103,0.34248506577349636,0.6249578340394226
20799.0,0.7091786251001153,0.1926363034926236,0.09818507140726107
20259.0,0.018618442163229772,0.33740386425066077,0.6439776935861095
20524.0,0.4318070715781354,0.16606867844177126,0.40212424998009333
21002.0,0.4285215709302394,0.18183581222578155,0.38964261684397905
21273.0,0.7149940502277905,0.1953293277305869,0.08967662204162254
21677.0,0.0381141086680882,0.6711013013456906,0.2907845899862213
20705.0,0.02358102019001919,0.3657420782483621,0.6106769015616187
20462.0,0.4282966739982492,0.18524298389576643,0.3864603421059844
20221.0,0.7105513561480306,0.1963067779577448,0.09314186589422464
20978.0,0.018618442163229772,0.33740386425066077,0.6439776935861095
21460.0,0.7149940502277905,0.1953293277305869,0.08967662204162254
21191.0,0.43638355918954824,0.16291227650234824,0.4007041643081035
21395.0,0.0,0.0,1.0
21120.0,0.018618442163229772,0.33740386425066077,0.6439776935861095
20646.0,0.7091786251001153,0.1926363034926236,0.09818507140726107
20393.0,0.02117282341780612,0.3614947351300824,0.6173324414521115
20154.0,0.7269670948348665,0.1756359788151041,0.09739692635002938
20917.0,0.031043992948052265,0.352604186896306,0.6163518201556417
21738.0,0.7105513561480534,0.19630677795774273,0.09314186589420381
21069.0,0.7269670948348665,0.1756359788151041,0.09739692635002938
21342.0,0.46122139962319114,0.15158994858073713,0.3871886517960717
20087.0,8.033889833154249E-289,0.01878250076863866,0.9812174992313614
20856.0,7.628385263451468E-307,0.0,1.0
20324.0,0.41378650457689015,0.17150188628182608,0.4147116091412837
20587.0,0.0309915972024066,0.3676734769723607,0.6013349258252326
21543.0,0.712372221566004,0.1946592393450309,0.09296853908896496
20527.0,0.412821814993667,0.17155265085865384,0.41562553414767917
20256.0,0.7269670948348665,0.1756359788151041,0.09739692635002938
20019.0,0.020828576387831158,0.33712869953971886,0.64204272407245
20796.0,0.0,0.007141179251494537,0.9928588207485054
21274.0,0.029532842521855167,0.7187436628967288,0.2517234945814162
21001.0,0.018524617371196726,0.3578852178545448,0.6235901647742583
21603.0,5.56287449982561E-309,0.0,1.0
20977.0,0.0309915972024066,0.3676734769723607,0.6013349258252326
20222.0,0.7103958309153744,0.1963175859409386,0.09328658314368699
20706.0,0.4611776860863417,0.1515814204594271,0.3872408934542313
20461.0,0.03863411051224067,0.6720059617107464,0.28935992777701297
21188.0,0.020828576387831158,0.33712869953971886,0.64204272407245
21463.0,0.46889692919331,0.13218925920668292,0.3989138116000071
21678.0,0.7486285558162127,0.17816106415216876,0.07321038003161852
21739.0,0.45031413709004603,0.14183391734196624,0.4078519455679878
21394.0,0.4257529108232985,0.17946935582960957,0.3947777333470919
21121.0,0.05011242378252692,0.6610088109906133,0.28887876522685985
20647.0,0.02358102019001919,0.3657420782483621,0.6106769015616187
20392.0,0.0,0.0072686849241185795,0.9927313150758813
20155.0,0.4318070609857822,0.16606868217292595,0.4021242568412918
20916.0,0.031043992948052265,0.352604186896306,0.6163518201556417
21542.0,0.04585616232625456,0.6996838249281566,0.2544600127455888
21068.0,0.0,0.006608866032630024,0.9933911339673701
21343.0,0.7486285558150138,0.1781610641525166,0.07321038003246967
20857.0,0.7105513561480534,0.19630677795774273,0.09314186589420381
20086.0,0.7038251057616681,0.19744584188216485,0.09872905235616705
20325.0,0.4318070715781988,0.16606867844178994,0.40212424998001123
20586.0,0.031043992948052265,0.352604186896306,0.6163518201556417
21602.0,0.050112545118653574,0.6610099323268807,0.28887752255446564
20257.0,0.7118596783199118,0.20256362795492813,0.08557669372516014
20526.0,0.03675437695491929,0.7093980824767471,0.2538475405683338
20018.0,0.7105513561480534,0.19630677795774273,0.09314186589420381
20797.0,0.03863411051224067,0.6720059617107464,0.28935992777701297
21275.0,0.0216849980139439,0.3822066541112722,0.5961083478747838
21000.0,0.031043992948052265,0.352604186896306,0.6163518201556417
21679.0,0.0,0.007141179251494537,0.9928588207485054
20976.0,0.43180764410944605,0.16606882267388381,0.40212353321667016
20223.0,0.038633969396758484,0.6720037211153158,0.2893623094879257
20707.0,0.03255710018708103,0.34248506577349636,0.6249578340394226
20460.0,0.04585616232646097,0.699683824927463,0.254460012746076
21189.0,0.4363836106520493,0.16291228873811556,0.4007041006098352
21462.0,0.4133112138737222,0.17139278350585785,0.4152960026204199
20589.0,0.7149940502277905,0.1953293277305869,0.08967662204162254
20322.0,0.03255710018708103,0.34248506577349636,0.6249578340394226
20081.0,0.0,0.007141179251494531,0.9928588207485054
20862.0,0.4390332197560727,0.1543756600452537,0.4065911201986735
21336.0,0.031043992948052265,0.352604186896306,0.6163518201556417
21067.0,0.6987849936197877,0.21237611670108522,0.08883888967912706
21537.0,0.4133112138217963,0.17139278349392748,0.4152960026842762
20156.0,0.03255710018708103,0.34248506577349636,0.6249578340394226
20915.0,0.7269670948348665,0.1756359788151041,0.09739692635002938
20640.0,0.018618442163229772,0.33740386425066077,0.6439776935861095
20399.0,0.037125085721932606,0.6878429900500291,0.2750319242280383
21126.0,0.15579397784227994,0.4164420669668147,0.4277639551909054
21397.0,0.02358102019001919,0.3657420782483621,0.6106769015616187
21740.0,0.0,0.0,1.0
21457.0,0.02358102019001919,0.3657420782483621,0.6106769015616187
21186.0,0.7105513561480507,0.19630677795774193,0.09314186589420742
20459.0,0.7038251057535077,0.19744584188343486,0.09872905236305747
20708.0,0.037125085721932606,0.6878429900500291,0.2750319242280383
20983.0,0.7269670948348665,0.1756359788151041,0.09739692635002938
20216.0,0.02168499801394734,0.38220665411134364,0.5961083478747089
21672.0,0.4363816546038996,0.16291182366540471,0.4007065217306957
21007.0,0.027909322571320904,0.36660307888467614,0.6054875985440029
21276.0,0.02117228453428257,0.36149531299470367,0.6173324024710138
20794.0,0.46889692919331,0.13218925920668292,0.3989138116000071
20021.0,0.46866951905437154,0.13232578162105402,0.39900469932457444
20521.0,0.7207298151186562,0.19839045640779704,0.08087972847354676
20262.0,0.0,0.003518264290517766,0.9964817357094823
21605.0,0.0309915972024066,0.3676734769723607,0.6013349258252326
21536.0,0.7207298151186562,0.19839045640779704,0.08087972847354676
20588.0,5.56340804633166E-309,0.0,1.0
20323.0,0.018618442163229772,0.33740386425066077,0.6439776935861095
20080.0,0.4133112138217963,0.17139278349392748,0.4152960026842762
20863.0,0.02117228453428257,0.36149531299470367,0.6173324024710138
21337.0,0.4318070715781354,0.16606867844177126,0.40212424998009333
21066.0,0.03255710018708103,0.34248506577349636,0.6249578340394226
21741.0,0.018618442163229772,0.33740386425066077,0.6439776935861095
20157.0,5.56287449982561E-309,0.0,1.0
20914.0,0.6987849936197877,0.21237611670108522,0.08883888967912706
20398.0,0.0,0.0,1.0
20641.0,0.0,0.0030259962853750443,0.9969740037146249
21127.0,0.4133112136625738,0.1713927835946332,0.41529600274279305
21396.0,0.0,0.0,1.0
21673.0,0.7091786251001153,0.1926363034926236,0.09818507140726107
21456.0,0.7149940502277905,0.1953293277305869,0.08967662204162254
21187.0,0.42569033217951224,0.17949122858819283,0.39481843923229487
20709.0,0.4503137708348875,0.14183381983289908,0.4078524093322134
20458.0,0.4257529108232985,0.17946935582960957,0.3947777333470919
20982.0,0.038096670304802585,0.6711147735360238,0.29078855615917365
20217.0,0.424462054429298,0.17992066481565805,0.395617280755044
21604.0,0.018524617371196726,0.3578852178545448,0.6235901647742583
21006.0,0.049697884047242284,0.6986336145976241,0.25166850135513363
21277.0,0.018524617371196726,0.3578852178545448,0.6235901647742583
20795.0,0.712372221565993,0.19465923934503881,0.0929685390889682
20020.0,0.0216849980139439,0.3822066541112722,0.5961083478747838
20520.0,0.03863411051224067,0.6720059617107464,0.28935992777701297
20263.0,0.4282966739982492,0.18524298389576643,0.3864603421059844
20083.0,0.06045610682320047,0.6777371023773818,0.2618067907994177
20860.0,0.0,0.007141179251494537,0.9928588207485054
20591.0,0.0,0.002947091323751477,0.9970529086762484
20320.0,0.7091786251001153,0.1926363034926236,0.09818507140726107
21065.0,0.4285744948229369,0.18184670222856558,0.38957880294849756
21338.0,0.42829667392049064,0.18524298392381475,0.3864603421556945
21539.0,0.7149940501256462,0.19532932774611778,0.089676622128236
20642.0,0.4133112138217963,0.17139278349392748,0.4152960026842762
20397.0,0.027909322571320904,0.36660307888467614,0.6054875985440029
20158.0,0.018524617371196726,0.3578852178545448,0.6235901647742583
20913.0,0.7118596783199118,0.20256362795492813,0.08557669372516014
21399.0,0.0216849980139439,0.3822066541112722,0.5961083478747838
21124.0,0.0,0.003518264290517766,0.9964817357094823
21742.0,0.4503137708348875,0.14183381983289908,0.4078524093322134
21184.0,0.4363815408342376,0.16291186154012877,0.4007065976256337
21459.0,5.56287449982561E-309,0.0,1.0
20981.0,0.02117228453428257,0.36149531299470367,0.6173324024710138
20218.0,0.4282966739982492,0.18524298389576643,0.3864603421059844
20457.0,0.06248320074047252,0.6720831342770901,0.2654336649824375
20710.0,0.7486248235852908,0.17816214764217447,0.0732130287725346
21674.0,0.7207298151186562,0.19839045640779704,0.08087972847354676
21278.0,0.0367543769551615,0.7093980824814118,0.25384754056342673
21005.0,0.0,5.562939554262934E-309,1.0
20260.0,0.03712508572200443,0.6878429900497699,0.27503192422822564
20523.0,0.7118596783199118,0.20256362795492813,0.08557669372516014
20023.0,0.4133112138217963,0.17139278349392748,0.4152960026842762
20792.0,0.0309915972024066,0.3676734769723607,0.6013349258252326
21607.0,0.02117228453428257,0.36149531299470367,0.6173324024710138
21538.0,0.03862448095177834,0.6718530606769633,0.2895224583712583
20861.0,0.050112545118653574,0.6610099323268807,0.28887752255446564
20082.0,0.4363816546038996,0.16291182366540471,0.4007065217306957
20321.0,5.56340804633166E-309,0.0,1.0
20590.0,0.0,0.00708156715298148,0.9929184328470184
21064.0,0.7105513561480534,0.19630677795774273,0.09314186589420381
21339.0,0.4282967876593874,0.18524300276088038,0.38646020957973215
21743.0,0.4285215709302394,0.18183581222578155,0.38964261684397905
20396.0,0.0216849980139439,0.3822066541112722,0.5961083478747838
20643.0,0.4257529108232985,0.17946935582960957,0.3947777333470919
20159.0,0.4282966739982492,0.18524298389576643,0.3864603421059844
20912.0,0.0,0.0,1.0
21398.0,0.7180256456373346,0.20029755672941044,0.08167679763325492
21125.0,0.7038251057616681,0.19744584188216485,0.09872905235616705
21675.0,0.4282966739982492,0.18524298389576643,0.3864603421059844
21185.0,0.4257529108232985,0.17946935582960957,0.3947777333470919
21458.0,0.4285215709302394,0.18183581222578155,0.38964261684397905
20980.0,0.0309915972024066,0.3676734769723607,0.6013349258252326
20219.0,0.4285215709302394,0.18183581222578155,0.38964261684397905
20456.0,0.023581020351056272,0.365742080331809,0.6106768993171348
20711.0,0.018618474974520707,0.337403971670754,0.6439775533547254
21606.0,0.0,5.562939554262934E-309,1.0
21279.0,0.021684998030390087,0.382206654082521,0.5961083478870889
21004.0,5.56287449982561E-309,0.0,1.0
20261.0,0.023581067296708294,0.3657419890775727,0.610676943625719
20522.0,0.0496978840472719,0.6986336145985016,0.2516685013542264
20022.0,0.4611776860863417,0.1515814204594271,0.3872408934542313
20793.0,0.4363816546038996,0.16291182366540471,0.4007065217306957
20008.0,0.0,0.007268684924113676,0.9927313150758863
20775.0,0.0,0.003518264290517766,0.9964817357094823
20532.0,0.0309915972024066,0.3676734769723607,0.6013349258252326
20283.0,0.018618442163229772,0.33740386425066077,0.6439776935861095
21010.0,0.7091786250981762,0.19263630349294988,0.09818507140887388
21249.0,5.56340804633166E-309,0.0,1.0
21624.0,0.45039492646503093,0.1418554253297381,0.40774964820523096
20729.0,0.02117228453428257,0.36149531299470367,0.6173324024710138
20470.0,0.02940536013158477,0.724430407557962,0.24616423231045323
20970.0,0.0,0.0072686849241185795,0.9927313150758813
20197.0,0.4390332197560728,0.1543756600452537,0.4065911201986735
21452.0,0.7105513561480534,0.19630677795774273,0.09314186589420381
21215.0,0.0211722845349763,0.36149531299395987,0.6173324024710638
21685.0,0.13432716438423611,0.4661366748636018,0.39953616075216214
21147.0,7.6283852634506E-307,0.0,1.0
21384.0,0.029405360131584842,0.7244304075579615,0.24616423231045367
20129.0,0.03809665614202268,0.6711148252219739,0.2907885186360034
20910.0,0.7269670948348665,0.1756359788151041,0.09739692635002938
20669.0,0.027909322571320904,0.36660307888467614,0.6054875985440029
20402.0,0.7118596783199118,0.20256362795492813,0.08557669372516014
21745.0,0.4285215709302394,0.18183581222578155,0.38964261684397905
21317.0,0.0309915972024066,0.3676734769723607,0.6013349258252326
21078.0,0.4390332197560727,0.1543756600452537,0.4065911201986735
20351.0,0.02358102019001919,0.3657420782483621,0.6106769015616187
20592.0,0.7486285558162127,0.17816106415216876,0.07321038003161852
20076.0,0.036754329226939116,0.7093971634547267,0.2538485073183342
20835.0,0.4285215709302394,0.18183581222578155,0.38964261684397905
21564.0,0.4133112138217963,0.17139278349392748,0.4152960026842762
21625.0,0.04618771702736036,0.698569706165964,0.2552425768066756
20774.0,0.4363816546038996,0.16291182366540471,0.4007065217306957
20009.0,0.4285215709302394,0.18183581222578155,0.38964261684397905
20533.0,0.4503137708348875,0.14183381983289908,0.4078524093322134
20282.0,0.0,0.0030412608379141544,0.9969587391620858
21011.0,0.41331112029314315,0.17139284264890053,0.41529603705795626
21248.0,0.42829971724055693,0.18524348899923745,0.38645679376020564
21684.0,0.4318070715781354,0.16606867844177126,0.40212424998009333
20728.0,0.7149940502277905,0.1953293277305869,0.08967662204162254
20471.0,0.43638212290780565,0.1629119350101902,0.4007059420820041
20196.0,0.02358102019001919,0.3657420782483621,0.6106769015616187
20971.0,0.0,5.562939554262934E-309,1.0
21453.0,0.0,0.0030412608379141544,0.9969587391620858
21214.0,0.024975580359893505,0.6807622413701013,0.29426217827000517
21744.0,0.0,0.0,1.0
21146.0,0.0,0.002947090647133479,0.9970529093528666
21385.0,0.6800459920913413,0.1771595070155082,0.14279450089315038
20128.0,0.4503137708348875,0.14183381983289908,0.4078524093322134
20911.0,0.709178621172485,0.19263630415339014,0.09818507467412496
20668.0,0.037125085721932606,0.6878429900500291,0.2750319242280383
20403.0,0.0216849980139439,0.3822066541112722,0.5961083478747838
21565.0,0.4133112138217963,0.17139278349392748,0.4152960026842762
21316.0,0.30456717720690746,0.25964148281229055,0.4357913399808019
21079.0,5.56287449982561E-309,0.0,1.0
20593.0,0.0496978840472719,0.6986336145985016,0.2516685013542264
20350.0,0.04585616232625456,0.6996838249281566,0.2544600127455888
20834.0,0.7091786251001153,0.1926363034926236,0.09818507140726107
20077.0,0.03863411051224067,0.6720059617107464,0.28935992777701297
20281.0,0.7123721287147639,0.1946593041591615,0.09296856712607462
20534.0,0.4282966739982492,0.18524298389576643,0.3864603421059844
20773.0,0.703815468994417,0.19744734044602175,0.09873719055956118
20010.0,0.0,0.0,1.0
21251.0,0.031043992948052188,0.3526041868963076,0.6163518201556402
21008.0,0.4285215709302394,0.18183581222578155,0.38964261684397905
21626.0,0.04966475733371133,0.6976608292373547,0.25267441342893404
20199.0,0.0310439929482846,0.3526041868996766,0.6163518201520388
20968.0,0.0,0.00708156715298148,0.9929184328470184
20468.0,0.7105513561480534,0.19630677795774273,0.09314186589420381
20731.0,0.03863411051224067,0.6720059617107464,0.28935992777701297
21213.0,0.4318070715781355,0.16606867844177126,0.4021242499800933
21454.0,0.018618442163229772,0.33740386425066077,0.6439776935861095
21687.0,0.021573658591089877,0.36106764224672283,0.6173586991621871
21386.0,0.712372221566004,0.1946592393450309,0.09296853908896496
21145.0,7.628385263451468E-307,0.0,1.0
20400.0,0.4318070715781354,0.16606867844177126,0.40212424998009333
20671.0,0.06047794263711722,0.6777143280034998,0.26180772935938296
20908.0,0.0,0.002947091323751477,0.9970529086762484
20131.0,0.04585616232625411,0.6996838249281566,0.25446001274558927
21747.0,0.7149940502277905,0.1953293277305869,0.08967662204162254
21076.0,0.4282930144019663,0.18524537593145715,0.38646160966657656
21319.0,0.031043992948052265,0.352604186896306,0.6163518201556417
20833.0,0.72072981511797,0.19839045640828065,0.08087972847374943
20078.0,0.0,0.007141179251494537,0.9928588207485054
20594.0,0.7118596783199118,0.20256362795492813,0.08557669372516014
20349.0,0.7091786251001153,0.1926363034926236,0.09818507140726107
21566.0,0.47509841849609274,0.18820839601554606,0.33669318548836125
21627.0,8.034422077291345E-289,0.01878250705768784,0.9812174929423121
20280.0,0.712372221566004,0.1946592393450309,0.09296853908896496
20535.0,0.7038251057616681,0.19744584188216485,0.09872905235616705
20011.0,0.02358102019001919,0.3657420782483621,0.6106769015616187
20772.0,0.46889692919331,0.13218925920668292,0.3989138116000071
21250.0,0.7149940502277905,0.1953293277305869,0.08967662204162254
21009.0,0.020828576387831158,0.33712869953971886,0.64204272407245
21686.0,0.03255710018708103,0.34248506577349636,0.6249578340394226
20969.0,0.038095110616947286,0.6710809954864106,0.29082389389664204
20198.0,0.0216849980139439,0.3822066541112722,0.5961083478747838
20469.0,0.4611776860863313,0.1515814204594303,0.3872408934542385
20730.0,5.74073320809148E-309,0.0,1.0
21212.0,0.4363816546038996,0.16291182366540471,0.4007065217306957
21455.0,0.6987849936197877,0.21237611670108522,0.08883888967912706
21746.0,0.7149940502277905,0.1953293277305869,0.08967662204162254
21387.0,0.4363816546038996,0.16291182366540471,0.4007065217306957
21144.0,0.050112545118653574,0.6610099323268807,0.28887752255446564
20401.0,2.745980908504038E-274,0.0017958366180970986,0.998204163381903
20670.0,1.7657544530506976E-290,0.009016034578867774,0.9909839654211323
20909.0,0.03807637379145951,0.6706709732641652,0.2912526529443753
20130.0,0.0216849980139439,0.3822066541112722,0.5961083478747838
21567.0,0.6987849936197877,0.21237611670108522,0.08883888967912706
21077.0,0.7105513561480534,0.19630677795774273,0.09314186589420381
21318.0,0.7014813238052391,0.19780392296597527,0.10071475322878563
20832.0,0.020828576387831158,0.33712869953971886,0.64204272407245
20079.0,0.7105513561480534,0.19630677795774273,0.09314186589420381
20595.0,0.7269662768247178,0.17563604246871842,0.09739768070656368
20348.0,0.0,0.007141179251494537,0.9928588207485054
21448.0,0.029405360131584842,0.7244304075579615,0.24616423231045367
21211.0,0.7038251057616681,0.19744584188216485,0.09872905235616705
20466.0,0.712372221566004,0.1946592393450309,0.09296853908896496
20733.0,0.06045610682319932,0.6777371023773824,0.2618067907994182
20974.0,5.56287449982561E-309,0.0,1.0
20193.0,0.0,0.0030412608379141544,0.9969587391620858
21681.0,0.7038251057616681,0.19744584188216485,0.09872905235616705
21014.0,0.7118596783199118,0.20256362795492813,0.08557669372516014
21253.0,0.4812277064199648,0.17778100717481946,0.34099128640521575
20012.0,0.031043992948052265,0.352604186896306,0.6163518201556417
20771.0,0.7038251057616681,0.19744584188216485,0.09872905235616705
20287.0,0.7105513561480534,0.19630677795774273,0.09314186589420381
20528.0,1.3643009454777178E-305,0.006471933810517865,0.9935280661894822
21628.0,1.3643009454777178E-305,0.006471933810517865,0.9935280661894822
20596.0,0.02358102019001919,0.3657420782483621,0.6106769015616187
20347.0,0.04585616232625456,0.6996838249281566,0.2544600127455888
20839.0,0.29391124818857584,0.2749862744496638,0.4311024773617604
20072.0,0.4318070715781354,0.16606867844177126,0.40212424998009333
21313.0,0.7091786251001153,0.1926363034926236,0.09818507140726107
21074.0,0.7091786251001153,0.1926363034926236,0.09818507140726107
21560.0,0.02358102019001919,0.3657420782483621,0.6106769015616187
20133.0,2.9188086606623524E-295,3.2946337192989387E-77,1.0
20906.0,0.0309915972024066,0.3676734769723607,0.6013349258252326
20665.0,0.05437650260930436,0.6476321094501554,0.29799138794054025
20406.0,0.712372221563495,0.19465923934446103,0.09296853909204392
21151.0,0.020828576388153542,0.3371286995393675,0.642042724072479
21388.0,0.03255710018708103,0.34248506577349636,0.6249578340394226
21749.0,0.4257529108232985,0.17946935582960957,0.3947777333470919
21680.0,0.020828576387831158,0.33712869953971886,0.64204272407245
21449.0,0.4363816546038996,0.16291182366540471,0.4007065217306957
21210.0,0.7149940502277905,0.1953293277305869,0.08967662204162254
20732.0,0.04585616232625456,0.6996838249281566,0.2544600127455888
20467.0,0.4390332197560727,0.1543756600452537,0.4065911201986735
20975.0,0.4133112138217963,0.17139278349392748,0.4152960026842762
20192.0,0.02923812931622354,0.3653217598533806,0.605440110830396
21629.0,0.7269670948348261,0.17563597881513116,0.09739692635004267
21015.0,0.0496978840472719,0.6986336145985016,0.2516685013542264
21252.0,0.0,3.681351552356073E-4,0.9996318648447644
20013.0,0.4343127195206628,0.183013490978917,0.38267378950042014
20770.0,0.037125085721932606,0.6878429900500291,0.2750319242280383
20529.0,0.036754376955466954,0.7093980824802808,0.2538475405642522
20286.0,0.024975580359893505,0.6807622413701013,0.29426217827000517
21561.0,0.7091786251001153,0.1926363034926236,0.09818507140726107
20346.0,0.7207298151186562,0.19839045640779704,0.08087972847354676
20597.0,0.7486285558162127,0.17816106415216876,0.07321038003161852
20838.0,1.3643010053343175E-305,0.006471933812324148,0.9935280661876758
20073.0,0.4257529108232985,0.17946935582960957,0.3947777333470919
21312.0,0.06045610682320047,0.6777371023773818,0.2618067907994177
21075.0,0.4257529108232985,0.17946935582960957,0.3947777333470919
21748.0,0.4390332197560727,0.1543756600452537,0.4065911201986735
20132.0,0.7149940502277905,0.1953293277305869,0.08967662204162254
20907.0,0.712372221566004,0.1946592393450309,0.09296853908896496
20407.0,0.4363816546038996,0.16291182366540471,0.4007065217306957
20664.0,0.4363816546038996,0.16291182366540471,0.4007065217306957
21150.0,0.7091786250466744,0.1926363035016171,0.09818507145170847
21389.0,0.03255710018708103,0.34248506577349636,0.6249578340394226
21209.0,0.018524617371196726,0.3578852178545448,0.6235901647742583
21450.0,0.42816585805289625,0.16565321573032232,0.40618092621678137
20972.0,0.7091786251001153,0.1926363034926236,0.09818507140726107
20195.0,0.7091786251001153,0.1926363034926236,0.09818507140726104
20735.0,0.0309915972024066,0.3676734769723607,0.6013349258252326
20464.0,1.6428956668792512E-304,1.8558386756993002E-184,1.0
21683.0,0.7192293831636432,0.18085589332812296,0.09991472350823374
21255.0,5.56340804633166E-309,0.0,1.0
21012.0,0.42829656116376646,0.18524305764792684,0.38646038118830667
