21609.0,0.3248441720292719,0.18328164552606832,0.4918741824446592
20790.0,0.3583655747909198,0.13897552665345195,0.502658898555629
20025.0,0.3342674548373434,0.27712321946760693,0.3886093256950503
20517.0,0.5732110038083646,0.3463052856502468,0.08048371054138878
20266.0,0.47798501903599083,0.37993605225445737,0.14207892870955116
20995.0,0.14917020761781763,0.21034816252797248,0.6404816298542103
21264.0,0.47134013516459544,0.26768045402123897,0.2609794108141653
21668.0,0.10542339331546684,0.20557597706652717,0.6890006296180066
20455.0,0.6140220416200761,0.1845184620293564,0.20145949635056765
20712.0,0.2785225179345062,0.3572519450793334,0.36422553698616067
20987.0,0.372352753814897,0.10725657776685096,0.520390668418252
20212.0,0.3913814952678993,1.8898120630820527E-7,0.6086183157508948
21469.0,0.5235203297557098,0.20977455212395765,0.26670511812033343
21198.0,0.3400258007851323,0.5890095720237011,0.07096462719116581
21728.0,0.29305075771428135,0.11994360500109043,0.5870056372846283
21130.0,0.11290070783616653,0.5198799948828668,0.3672192972809671
21401.0,0.2610965675509283,0.10241979690951457,0.6364836355395569
20144.0,0.0776591991864822,0.2957702972050708,0.6265705036084475
20927.0,0.3311404192845351,0.50262619680378,0.16623338391168482
20387.0,0.3997647149982447,0.20823902518146503,0.39199625982028974
20652.0,0.1977043735323946,0.3560957448064024,0.4461998816612029
21549.0,0.328533725890925,0.27194408059824576,0.39952219351082874
21332.0,0.35441530586091247,0.19661351296914878,0.44897118116993867
21063.0,0.054261939985145856,0.17125396461206108,0.7744840954027927
20577.0,0.1336645467306606,0.27935134312005266,0.5869841101492866
20334.0,0.08540755295907262,0.23478994413977924,0.679802502901149
20850.0,0.46550458506544984,0.025887278055438775,0.5086081368791112
20093.0,0.13439049544960235,0.5052309323280696,0.36037857222232744
20024.0,0.16342169915777774,0.2281510144777052,0.6084272863645172
20791.0,0.35133207348429246,0.5105647326413916,0.13810319387431524
20267.0,0.2231913284551755,0.14370877751119157,0.6330998940336326
20516.0,0.28220783197288885,0.4837543354668195,0.2340378325602916
20994.0,0.06012334033295164,0.11683255273630895,0.8230441069307395
21265.0,0.26571182704604684,0.178949279573299,0.5553388933806543
21608.0,0.43619159815774533,0.24040502350063855,0.3234033783416161
20713.0,0.3703886069297608,0.12610374325155235,0.5035076498186873
20454.0,0.3550017081464092,0.47446300068002,0.17053529117357072
20986.0,0.5206939884303111,0.16263202327873352,0.3166739882909554
20213.0,0.11448304391560284,0.58976276795334,0.29575418813105686
21468.0,0.07374580599505653,0.20367536210300116,0.7225788319019422
21199.0,0.27692054598422633,0.14630721132577454,0.5767722426899992
21669.0,0.23378221063367363,0.1455980322196085,0.6206197571467182
21131.0,0.09972972495136778,0.12439485065794634,0.7758754243906862
21400.0,0.23646341564235326,0.43986341085582265,0.32367317350182356
20926.0,0.11348767566235558,0.05737474251331427,0.8291375818243303
20145.0,0.0586180435873455,0.45230983807909125,0.4890721183335635
20386.0,0.4334004898838357,0.5027565180810204,0.06384299203514399
20653.0,0.17349088381469183,0.27198074673281647,0.5545283694524915
21729.0,0.391527746985721,0.5111738983641397,0.09729835465013933
21333.0,0.35817554341422236,0.15036854608232755,0.49145591050345044
21062.0,0.280202407525706,0.21434096409615783,0.5054566283781357
20576.0,0.22472427834391215,0.2966208156890778,0.47865490596701027
20335.0,0.34728410434150625,0.20065039385652442,0.4520655018019689
20092.0,0.42312298131213316,0.5267515074319825,0.05012551125588434
20851.0,0.28299008609478127,0.43749510157915683,0.27951481232606207
21548.0,0.4503028280968477,0.3326345708464384,0.2170626010567138
21611.0,0.3378597003518369,0.2623610174334147,0.39977928221474873
20519.0,0.16470483784947285,0.37575254685710807,0.4595426152934193
20264.0,0.434685014875395,0.36184839367178245,0.20346659145282128
20788.0,0.30394655560818634,0.4612664293869837,0.23478701500482974
20027.0,0.3789888691366366,0.4532200629934452,0.16779106786991832
21266.0,0.3580350062445546,0.4073228005703182,0.23464219318512666
20993.0,0.2805157470741649,0.20570508488038244,0.5137791680454526
21670.0,0.3567480131007597,0.026588209769553846,0.6166637771296866
20214.0,0.1787515669186533,0.18064520894089767,0.6406032241404482
20985.0,0.19894949641859644,0.3412345040091937,0.45981599957221003
20453.0,0.13851469347626091,0.3453632600625389,0.5161220464612004
20714.0,0.2335389434419249,0.11776196678412029,0.6486990897739546
21196.0,0.22673936599342773,0.24402307536326895,0.5292375586433034
21471.0,0.353180344900574,0.15245375726039537,0.49436589783903073
21730.0,0.07616291654726434,0.4218064842066536,0.5020305992460815
21403.0,0.11490721747821644,0.29550374725011763,0.5895890352716661
21128.0,0.14851801794483535,0.3879070464508212,0.46357493560434376
20385.0,0.3152990137835802,0.5211179484342562,0.16358303778216438
20654.0,0.4255442378515406,0.398468127112458,0.17598763503600123
20146.0,0.47393940128854184,0.25337249786085275,0.27268810085060646
20925.0,0.5416963952347381,0.3135861751700804,0.1447174295951817
21551.0,0.15939336291669443,0.10430511904495512,0.7363015180383502
21061.0,0.3650395152994223,0.08471960989371145,0.5502408748068667
21334.0,0.24286728310345107,0.3309687554423168,0.4261639614542323
20848.0,0.3626022213531603,0.25210478728895375,0.3852929913578858
20095.0,0.6621139800102912,0.143093782214347,0.1947922377753621
20332.0,0.0541851328903664,0.34510130268954514,0.6007135644200883
20579.0,0.29368782468747684,0.31107085126864703,0.39524132404387574
20265.0,0.11652499619262938,0.05971135315832178,0.8237636506490491
20518.0,0.5783136064839713,0.23256746514409887,0.18911892837192945
20026.0,0.3789271966804409,0.18096034662449065,0.44011245669506743
20789.0,0.23840690114086197,0.185172928249863,0.5764201706092753
21267.0,0.3614780915476784,0.11499685022099401,0.523525058231328
20992.0,0.08029765589821117,0.3354912820667595,0.5842110620350296
21610.0,0.2218760454350851,0.39965853400809487,0.3784654205568193
20984.0,0.22951868119806795,0.12910639737187174,0.6413749214300598
20215.0,0.029477585430705715,0.4270075230638932,0.543514891505401
20452.0,0.2941553255354537,0.23858277158505445,0.4672619028794915
20715.0,0.23532678287546752,0.18102198760545227,0.5836512295190802
21197.0,0.21696278466240118,0.468173462966194,0.31486375237140407
21470.0,0.19313198229433576,0.44706663896139304,0.35980137874427237
21671.0,0.20466347875389304,0.5464475132281861,0.24888900801792102
21402.0,0.30089071557794156,0.3542694386172663,0.3448398458047933
21129.0,0.3385448347670936,0.26496072678694116,0.39649443844596455
20384.0,0.05036067060367837,0.2759097576010447,0.6737295717952769
20655.0,0.0532647938785459,0.5308846052365307,0.41585060088492276
20147.0,0.24604919816898974,0.08654487118596581,0.6674059306450447
20924.0,0.22973412085740016,0.11880209155939046,0.6514637875832093
21731.0,0.3288090984636886,0.40778236470844176,0.2634085368278693
21060.0,0.2756992000665127,0.2179337771583625,0.5063670227751249
21335.0,0.2828094503370225,0.3105570499484981,0.40663349971448004
20094.0,0.20184699873887696,0.13299482496470094,0.6651581762964223
20849.0,0.5870408857662589,0.08187870801779074,0.33108040621595036
20578.0,0.31654211358837536,0.6032357729154187,0.08022211349620607
20333.0,0.3347432094917837,0.20543123566784427,0.45982555484037224
21550.0,0.1855062291650357,0.32752926692168,0.4869645039132839
21664.0,0.5825506470186154,0.2827817537210794,0.13466759926030492
21465.0,0.23259536167795855,0.2393773772814678,0.5280272610405736
21194.0,0.15836734239317268,0.27179988937311905,0.5698327682337083
20451.0,0.43834630140355396,0.23491553446064534,0.32673816413580015
20716.0,0.32046583404195317,0.37291460908723617,0.30661955687080994
20208.0,0.14530940224496858,0.474547206333908,0.38014339142112336
20991.0,0.1191338337411442,0.567888756831963,0.312977409426893
21613.0,0.4049355248655215,0.33328421564796595,0.2617802594865127
20999.0,0.2205659071772806,0.5760566198272741,0.20337747299544584
21268.0,0.2521432106323533,0.3764911125619248,0.3713656768057223
20029.0,0.21841604007036342,2.2215580550019895E-7,0.7815837377738307
20786.0,0.17567129413202898,0.1874999296407784,0.6368287762271925
20270.0,0.34032794173130904,0.22265153545732796,0.4370205228113629
20513.0,0.44780270878096645,0.23414883232627526,0.3180484588927582
21545.0,0.27216183544922046,0.029063169360207485,0.6987749951905725
20581.0,0.32876757080302693,0.3342570564177645,0.3369753727792084
20330.0,0.12357158846504195,0.3249007260955272,0.5515276854394313
20089.0,0.4503319557712128,0.20953533489907789,0.3401327093297092
20854.0,0.19875355137178663,0.5570148882496908,0.24423156037852203
21328.0,0.09004418508082516,0.056572789578464615,0.8533830253407098
21059.0,0.3031118498662125,0.5261011401242498,0.17078701000953736
21732.0,0.2292172131668712,0.47393168084906945,0.2968511059840595
20923.0,0.29813664922979455,0.14128413736524625,0.5605792134049592
20148.0,0.0841042620969062,0.13426082170061057,0.7816349162024825
20648.0,0.10894512416763344,0.19720979287547302,0.6938450829568938
20391.0,0.15116549964409307,0.29286479745230126,0.5559697029036059
21134.0,0.34783938705906386,0.20512378386558236,0.447036829075354
21405.0,0.1432795981755751,0.2992055500956616,0.557514851728763
21464.0,0.1184000762492525,0.2045867165175025,0.6770132072332449
21195.0,0.24304198220581283,0.054860469635461026,0.7020975481587257
20717.0,0.3060694785220084,0.47980030159396114,0.21413021988402983
20450.0,0.11635809020311591,0.23414689069496858,0.6494950191019161
20209.0,0.5347289893692354,0.27692545454871637,0.1883455560820482
20990.0,0.2949469870659151,0.3871470568714358,0.31790595606264965
21665.0,0.3633876165322279,0.37694462555297575,0.2596677579147959
20998.0,0.15525028697835913,0.4469967668023733,0.3977529462192677
21269.0,0.4353757091956334,0.08792863460233868,0.47669565620202786
20028.0,0.1190395226882999,0.385835636552427,0.4951248407592727
20787.0,0.05496529819277797,0.43145701217581117,0.5135776896314111
20271.0,0.38090194801994637,0.14818806262828763,0.47090998935176603
20512.0,0.2951232885088951,0.21231430263129142,0.49256240885981334
21612.0,0.23689440624410277,0.23334723735952423,0.5297583563963734
20580.0,0.11919613671812478,0.11427260147964378,0.7665312618022314
20331.0,0.05591466947478468,0.2725786153500809,0.6715067151751346
20855.0,0.7334458253218799,0.21564926211933452,0.050904912558785376
20088.0,0.45003876239282203,0.20344556344874176,0.34651567415843565
21329.0,0.19859689265646951,0.16714375085660782,0.6342593564869224
21058.0,0.5851926034125803,0.27245244817123215,0.1423549484161878
21544.0,0.8146777892075925,0.12585343803980642,0.05946877275260102
20922.0,0.3877424247544064,0.30418429260126073,0.30807328264433353
20149.0,0.10204990605290874,0.11373465620231545,0.7842154377447755
20649.0,0.1053421301155147,0.025455940866577903,0.8692019290179077
20390.0,0.5441160733479611,0.14055466443641534,0.31532926221562335
21135.0,0.2534259437164517,0.17165777935364784,0.5749162769299007
21404.0,0.029115956934224235,0.375763990209185,0.5951200528565903
21733.0,0.13282831030632966,0.24228221106328307,0.6248894786303874
21666.0,0.1724979390314239,0.17478476865333287,0.6527172923152429
21192.0,0.374647834264363,0.17640977173025343,0.448942394005384
21467.0,0.05821838522571047,0.4357888411650382,0.505992773609251
20989.0,0.32240953207266243,0.6290231592926969,0.048567308634640816
20210.0,0.23647042065754373,0.08751076731296807,0.6760188120294881
20718.0,0.2895731297236456,0.08765205804180777,0.6227748122345467
20449.0,0.12009561696907507,0.11836541615740634,0.7615389668735187
21615.0,0.35333667564312665,0.5588323553446278,0.08783096901224537
21270.0,0.45654859444552087,0.2861999958231106,0.2572514097313686
20997.0,0.35242511955467715,0.2849492140482429,0.36262566639708027
20515.0,0.11593213607573395,0.09051921450254101,0.7935486494217252
20268.0,0.4153020983245258,0.14217151655516527,0.4425263851203078
20031.0,3.017969634016004E-7,0.28521255917037003,0.7147871390326667
20784.0,0.02503805361462806,0.4736199890945109,0.501341957290861
21547.0,0.29265498226411496,0.26051403196462064,0.44683098577126473
20091.0,0.14348941188227574,0.08706020316429795,0.7694503849534264
20852.0,0.2767877299530637,0.05391753800002128,0.6692947320469153
20328.0,0.5833988388025612,0.22737513994255032,0.18922602125488774
20583.0,0.3271449321228182,0.18883988172399682,0.4840151861531859
21057.0,0.13326973902268363,0.2865385283925386,0.5801917325847782
21330.0,0.5667145840581196,0.28964781382942734,0.14363760211245308
21734.0,0.2638262284586156,0.3378429631978492,0.398330808343535
20650.0,0.2944592563313723,0.21544278198171346,0.4900979616869143
20389.0,0.234721288292139,0.6115858811408336,0.15369283056702748
20150.0,0.28062017123096783,0.596069886805269,0.12330994196376281
20921.0,0.17197554822883623,0.5085788784632573,0.31944557330790646
21407.0,0.18077979024338195,0.5011428204349605,0.3180773893216579
21132.0,0.17322836012531648,0.34907607824077985,0.4776955616339038
21193.0,0.08656012997052477,0.19902620740174107,0.7144136626277343
21466.0,0.3162642202298523,0.09213239941829243,0.5916033803518552
20211.0,0.11307596466843438,0.5111269207122924,0.3757971146192737
20988.0,0.029490523714439422,0.15020198367410484,0.8203074926114562
20719.0,0.2855755965174218,0.027749044106064998,0.6866753593765137
20448.0,0.29125264979112536,0.2358469171265753,0.4729004330822992
21667.0,2.8080962774094224E-7,0.32554859548833665,0.6744511237020357
21271.0,0.7156154663397353,0.205489787446598,0.0788947462136671
20996.0,0.37009689766789194,0.15958925809381483,0.4703138442382934
20514.0,0.46347752589486285,0.39594651371143785,0.1405759603936988
20269.0,0.058062348191023176,0.11898333407137636,0.8229543177376007
20030.0,0.27641233666025145,0.41952103972686006,0.30406662361288844
20785.0,0.3281324599294315,0.08460803169790537,0.5872595083726629
21614.0,0.2635206807609559,0.26536990491632334,0.47110941432272035
20853.0,0.17735237528269462,0.33053060106154664,0.4921170236557583
20090.0,0.5158580698725881,0.3316519265295022,0.1524900035979091
20582.0,0.08577285560377712,0.4184091648844304,0.49581797951179263
20329.0,0.19102040691889696,0.2523696982371753,0.5566098948439275
21056.0,0.18574123044101648,0.41133010025534783,0.4029286693036354
21331.0,0.4763347863442045,0.3227141872949667,0.20095102636082876
21546.0,0.2691434828149039,2.2876909568035902E-7,0.7308562884160007
20388.0,0.30636195227464846,0.2615812241810397,0.43205682354428465
20651.0,0.22951664224121218,0.5478904090923247,0.22259294866646223
20151.0,0.20132849593839694,0.1463791810943659,0.6522923229672373
20920.0,0.2026526471132568,0.36539011523913706,0.4319572376476059
21406.0,0.317587058001042,0.2694344504514481,0.4129784915475103
21133.0,0.45935446847102845,0.3711899518894787,0.16945557963949284
21735.0,0.17001889566449213,0.22737903633721593,0.602602067998292
21122.0,0.17492722526791968,0.1702740956028082,0.6547986791292727
21393.0,0.41334609731182037,2.54274062180243E-7,0.5866536484141175
20152.0,0.5024413716180545,0.4267891095091022,0.07076951887284377
20919.0,0.38410689706416745,0.4823003671168095,0.13359273581902276
20644.0,0.12615206401390394,0.3741060395782345,0.49974189640786215
20395.0,0.5055710888413945,0.17795560208888386,0.3164733090697213
21736.0,0.20511923057090325,0.6800993634126962,0.11478140601640067
21340.0,0.45341880396893064,0.34311621205126275,0.20346498397980603
21071.0,0.26346181047003775,0.1461896436527088,0.5903485458772546
20585.0,0.4856337918778761,0.4172468590132681,0.09711934910885686
20326.0,0.3043621808067471,0.05695500681693612,0.6386828123763166
20858.0,0.5595243451995384,0.19150307313711162,0.2489725816633499
20085.0,0.4476817937005878,0.06146461266393692,0.4908535936354759
21541.0,0.15229856950291565,0.32070304278736134,0.5269983877097232
20798.0,0.46327821816738063,0.4921508310908418,0.044570950741778484
20017.0,0.24107316529144493,0.5690158900225725,0.18991094468598307
20258.0,0.36783686875600347,0.33220308108435254,0.29996005015964466
20525.0,0.5549453998367166,0.1734667894255246,0.27158781073775823
21003.0,0.3108901236684936,0.08776030826689747,0.6013495680646089
21272.0,0.32180658599557826,0.15800313520972942,0.5201902787946924
21601.0,0.1130758115300998,0.40569183732338526,0.48123235114651464
20704.0,0.11634441669373999,0.1205034467476892,0.7631521365585711
20463.0,0.2406373468065363,0.14623861003845487,0.6131240431550087
20220.0,0.2608728679517053,0.2605625913169138,0.4785645407313806
20979.0,0.2772304907494206,0.02795079419844956,0.6948187150521298
21461.0,0.17855173995205234,0.14664250948141155,0.6748057505665359
21190.0,0.09706891158810274,0.20234105362477647,0.7005900347871208
21676.0,0.4731718849933439,0.27854521594200865,0.24828289906464746
21737.0,0.32400083342899294,0.19527568536371948,0.48072348120728725
21123.0,0.25441911009150325,0.22217880292536615,0.5234020869831304
21392.0,0.1643226045441397,0.054409392858673813,0.7812680025971867
20918.0,0.19986992334877451,0.3024590574722761,0.4976710191789495
20153.0,0.22914221545874566,0.3508492595915986,0.4200085249496553
20645.0,0.25187487812112275,0.3515907018946526,0.39653441998422395
20394.0,0.4175771356850642,0.3620531956898401,0.22036966862509574
21540.0,0.20804882325114005,0.26309651233722336,0.5288546644116362
21341.0,0.17596560200240655,0.22330511615918755,0.600729281838406
21070.0,0.17668725432390395,0.4029976975466893,0.4203150481294074
20584.0,0.14051109043393478,0.19081975652034985,0.6686691530457156
20327.0,0.36722571136118676,0.3700190442167375,0.26275524442207554
20084.0,0.1791733861479369,0.4155888925178448,0.4052377213342186
20859.0,0.20465665519912216,0.34201478833079535,0.453328556470083
21600.0,0.1500080996196174,0.44092433220792304,0.40906756817245954
20016.0,0.2581283097915634,0.44469771697741844,0.29717397323101846
20799.0,0.4454564594867673,0.3024528369864224,0.2520907035268103
20259.0,0.024580356745340714,0.3815341030238042,0.5938855402308553
20524.0,0.12159476277303055,0.060070454195015895,0.8183347830319541
21002.0,0.2865247450808437,0.2683304802031582,0.4451447747159983
21273.0,0.289668088094105,0.6351939993568192,0.07513791254907534
21677.0,0.20344948384099598,0.39438487705886754,0.4021656391001371
20705.0,0.16711378225557516,0.2942513488786974,0.538634868865727
20462.0,0.33265256963626105,0.07861519643658249,0.588732233927157
20221.0,0.2336622630526024,0.443122077959146,0.3232156589882516
20978.0,0.12042442774766345,0.08508387376836198,0.7944916984839745
21460.0,0.41470090798217885,0.41353890496006707,0.1717601870577541
21191.0,0.2958152473678797,0.4476073935345413,0.25657735909757934
21395.0,0.41831651045002277,0.11900038458096651,0.46268310496901077
21120.0,0.3865243845893826,0.19587507239939153,0.41760054301122596
20646.0,0.6317851865917821,0.11484702641847543,0.2533677869897426
20393.0,0.2908995855170898,0.5103985753254459,0.19870183915746487
20154.0,0.3504780157541692,0.4213099050092593,0.2282120792365709
20917.0,0.3075474759031982,0.0581491310745843,0.6343033930222177
21738.0,0.4495146152966336,0.2892186264336933,0.26126675826967305
21069.0,0.5796916343545454,0.23759887651476852,0.18270948913068577
21342.0,0.4261159383560756,0.19278222716238239,0.38110183448154195
20087.0,0.17276273974680195,0.3883712779359518,0.438865982317247
20856.0,0.32250910649421444,0.05841202699766104,0.6190788665081246
20324.0,0.27619446063713105,0.12999652159867145,0.5938090177641976
20587.0,0.17223643566937427,0.3293676892513407,0.49839587507928507
21543.0,0.47093662427717586,0.38055694402768936,0.14850643169513483
20527.0,0.1934309178622951,0.13797795017621234,0.6685911319614928
20256.0,0.35877249809027795,0.2422785606643728,0.398948941245349
20019.0,0.3566182458891745,0.05658120819270451,0.5868005459181207
20796.0,0.028824733707221665,0.28030630755330777,0.690868958739471
21274.0,0.05539791540957589,0.7412328529778636,0.20336923161256074
21001.0,0.1897262169876846,0.34252019860267857,0.4677535844096371
21603.0,0.39539039065068393,0.3887047520292782,0.21590485732003814
20977.0,0.11351547176214291,0.3477555274559508,0.5387290007819063
20222.0,0.3610078639637449,0.08702612500491962,0.5519660110313356
20706.0,0.2075715859386393,0.18202566674730739,0.6104027473140532
20461.0,0.3527057869001977,0.21182249997142374,0.4354717131283782
21188.0,0.29555573831600673,0.06121941777624571,0.6432248439077477
21463.0,0.1479787395982992,0.5824159620532323,0.2696052983484684
21678.0,0.5171625376995034,0.3477366510951815,0.13510081120531528
21739.0,0.22088114428695652,0.1700378061202379,0.6090810495928061
21394.0,0.4642386849538808,0.39271341074779514,0.14304790429832331
21121.0,0.3567135896090249,0.5095467361512941,0.13373967423968064
20647.0,0.1426437105508882,0.3815095797198636,0.47584670972924814
20392.0,0.17079139431200624,0.09440185694052271,0.7348067487474707
20155.0,0.2901342175074609,0.5037779158804094,0.20608786661212974
20916.0,0.1624956392703077,0.21494697051552794,0.6225573902141636
21542.0,0.4538417393319855,0.07866623776961466,0.46749202289839953
21068.0,0.49768856569775344,0.1588616483245183,0.34344978597772946
21343.0,0.18907927146451292,0.1624848252171476,0.6484359033183389
20857.0,0.4230478685278783,0.2322702316128187,0.34468189985930336
20086.0,0.3312665005741566,0.35884644827586826,0.3098870511499747
20325.0,0.11490905216683633,0.2675818909397868,0.6175090568933765
20586.0,0.34770401152089037,0.19859238008209554,0.4537036083970142
21602.0,0.26293719417499867,0.1606890376835715,0.5763737681414288
20257.0,0.1886858639390208,0.6582490093521338,0.15306512670884512
20526.0,0.2648892920456893,0.058033388567322805,0.6770773193869883
20018.0,0.7265452014082653,0.09043146292326433,0.18302333566847048
20797.0,0.13857112204930275,0.4439924795123536,0.4174363984383438
21275.0,0.32767979948307907,0.11677930309074332,0.5555408974261776
21000.0,0.17128978137577627,0.21131371581021158,0.6173965028140117
21679.0,0.1676721275701777,0.10894743913970314,0.7233804332901197
20976.0,0.12227258239539107,0.3202532179661902,0.5574741996384189
20223.0,0.17842414307521312,0.32561794532751775,0.49595791159726876
20707.0,0.38537060269238366,0.41823663110344195,0.19639276620417498
20460.0,0.33818791913993584,0.05678932495661046,0.6050227559034541
21189.0,0.39499355435228956,0.38305847425460526,0.22194797139310551
21462.0,0.4107340998526809,0.20821584929281498,0.38105005085450444
20589.0,0.23169382865672244,0.40954528955432185,0.358760881788956
20322.0,0.3690536024340827,0.3167988319154036,0.3141475656505136
20081.0,0.2080853157604251,0.32185708234795224,0.470057601891623
20862.0,0.4941102684646998,0.032201972256360484,0.4736877592789397
21336.0,0.356174090289527,0.08332688439233142,0.5604990253181421
21067.0,0.5526854024423159,0.31402949167060645,0.13328510588707768
21537.0,0.029509668028445506,0.38963785814419327,0.5808524738273613
20156.0,0.15875972895852264,0.2495163426492426,0.5917239283922352
20915.0,0.10405480004250646,0.529454656958967,0.36649054299852696
20640.0,0.08921181794036298,0.44324903700548113,0.4675391450541559
20399.0,0.08734706474284713,0.47460296018024195,0.43804997507691074
21126.0,0.23292999034935,0.5376786415633854,0.22939136808726462
21397.0,0.2888752171023919,0.13610525064800263,0.575019532249605
21740.0,0.24683428208914657,0.11530195214720544,0.6378637657636481
21457.0,0.08633488582602462,0.2229078690549663,0.6907572451190092
21186.0,0.42177389735166126,0.10790483190408799,0.4703212707442502
20459.0,0.17726634866321975,0.5112882738352292,0.31144537750155094
20708.0,0.06762750248298008,0.4903750148648177,0.4419974826522022
20983.0,0.2868233669045938,0.26544760816088897,0.4477290249345174
20216.0,0.2213705011002741,0.5524133264939216,0.2262161724058042
21672.0,0.5494363547757527,0.28711495327201303,0.16344869195223394
21007.0,0.1401643331311526,0.13432728107979355,0.7255083857890541
21276.0,0.05473999527019023,0.29870850695278717,0.6465514977770225
20794.0,0.19958414058333865,0.2010224947078059,0.5993933647088557
20021.0,0.23380933780090998,0.21791248821322398,0.5482781739858663
20521.0,0.4952953301104443,0.40289560072633596,0.10180906916321918
20262.0,0.055176235981648995,0.280004758388142,0.6648190056302092
21605.0,0.18397796620134008,0.11869043959318605,0.6973315942054743
21536.0,0.4037108911207011,0.4336913389430161,0.1625977699362833
20588.0,0.26080472206334815,0.18998245177452985,0.5492128261621217
20323.0,0.2365020178408236,0.17997300672971447,0.5835249754294622
20080.0,0.30279078262266645,0.22430894865041065,0.47290026872692315
20863.0,0.09780994079310361,0.4302409367802278,0.47194912242666864
21337.0,0.27743969063105484,1.9716172397430892E-7,0.7225601122072214
21066.0,0.1095836141148008,0.05880133473805796,0.8316150511471414
21741.0,0.22356956753110077,0.1916525872831062,0.5847778451857926
20157.0,0.05212915975660807,0.21018760289429061,0.7376832373491015
20914.0,0.3348277115877942,0.38309111918026534,0.2820811692319403
20398.0,0.16373155173943976,0.45616052935129187,0.3801079189092681
20641.0,0.05926897289009315,0.3163906849961606,0.6243403421137467
21127.0,0.2902869272519725,0.33852069870148915,0.3711923740465386
21396.0,0.217865967337929,0.17564982539386856,0.6064842072682022
21673.0,0.08731995509627397,0.45622777067672915,0.4564522742269961
21456.0,0.31452910793328975,0.6854707084568447,1.8360986596154058E-7
21187.0,0.2020902289959989,0.1752147095618188,0.6226950614421823
20709.0,0.3132901341784088,0.2771056864537088,0.40960417936788224
20458.0,0.2929027859944018,0.35354375117028064,0.35355346283531763
20982.0,0.356042402770843,0.4773177344553808,0.1666398627737759
20217.0,0.23323169802478932,0.2601173940405349,0.506650907934675
21604.0,0.26455330181929376,0.09034689711150089,0.6450998010692056
21006.0,0.0844936596495543,0.24733490264406074,0.6681714377063849
21277.0,0.14305619638713846,0.24918699750844414,0.607756806104417
20795.0,0.6862786273350464,0.14506022430486706,0.1686611483600869
20020.0,0.23857914711297284,0.2638921181495432,0.49752873473748366
20520.0,0.413951106739154,0.5352144350120253,0.05083445824882118
20263.0,0.28536612999374006,0.0835833587279626,0.6310505112782977
20083.0,0.1459575730510226,0.43500481570717736,0.41903761124179995
20860.0,0.22108922958074248,0.25588130496016087,0.523029465459097
20591.0,0.3906601487868013,0.239163955116621,0.3701758960965779
20320.0,0.27041936949824313,0.3185765089915149,0.4110041215102419
21065.0,0.4788643469756135,0.19305652824057712,0.3280791247838086
21338.0,0.296130302730653,0.21991980260669003,0.48394989466265603
21539.0,0.44490041023589005,0.2481358766731712,0.30696371309093895
20642.0,0.45498360989792674,0.1961644726934562,0.3488519174086171
20397.0,0.4052485553511792,0.17335195354875374,0.4213994911000667
20158.0,0.1710102142193679,0.19345712805120815,0.6355326577294235
20913.0,0.4338131674924567,0.16966770369252007,0.3965191288150228
21399.0,0.4009209227029424,0.3705112970095611,0.22856778028749736
21124.0,0.3046164145451791,0.5360659991009479,0.159317586353873
21742.0,0.3606630956581465,0.45962097051018513,0.1797159338316689
21184.0,0.12327640773378723,0.37912368614157893,0.4975999061246339
21459.0,0.2925622438436029,0.3108556868069805,0.3965820693494174
20981.0,0.17247120190240492,0.2896304813445504,0.5378983167530447
20218.0,0.3764997238574239,0.16927733420780106,0.45422294193477514
20457.0,0.05625132487764369,0.1488172836963894,0.794931391425967
20710.0,0.43689535448977396,0.32987449628617915,0.23323014922404647
21674.0,0.7712724690051717,0.22872722002150575,3.109733227169603E-7
21278.0,0.3484155462284722,0.24898042588096553,0.40260402789056354
21005.0,0.43237260316111886,0.47415161378908127,0.09347578304979963
20260.0,0.1291897381541302,0.21290153265470427,0.657908729191165
20523.0,0.350076435981668,0.11936687728270715,0.5305566867356248
20023.0,0.3251107912399465,0.5287177533424813,0.14617145541757218
20792.0,0.2878118447764457,0.2404776606976455,0.4717104945259088
21607.0,0.3315149672492041,0.11176354445067786,0.5567214883001181
21538.0,0.3236442442567358,0.36123749945893896,0.3151182562843251
20861.0,0.17814831634007405,0.5871492345916735,0.23470244906825233
20082.0,0.3145818345235386,0.3221297719646849,0.36328839351177683
20321.0,0.2909345142381803,0.2621008196110381,0.44696466615078145
20590.0,0.13967664032833527,0.19616730279083103,0.6641560568808336
21064.0,0.6522508445472208,0.18121131355084,0.16653784190193968
21339.0,0.43459920302481725,0.1026416128384761,0.4627591841367072
21743.0,0.05865161447753542,0.381264166240375,0.5600842192820895
20396.0,0.05558683718607814,0.5035579383222173,0.44085522449170517
20643.0,0.24034836443647442,0.42954663444418983,0.33010500111933544
20159.0,0.2854354119244665,0.5829568200976114,0.13160776797792215
20912.0,0.17067216585763526,0.22694088760566405,0.6023869465367006
21398.0,0.22773042193683107,0.2624581192606714,0.5098114588024976
21125.0,0.3174865212403937,0.3444730143326981,0.3380404644269083
21675.0,0.21192154080961745,0.11135080940349587,0.6767276497868867
21185.0,0.2598715699142178,0.2362406128886842,0.5038878171970976
21458.0,0.45319830506245207,0.15632315282879944,0.3904785421087484
20980.0,0.20269360578527204,0.08686833056564494,0.7104380636490827
20219.0,0.24036630155867467,0.05774766692567241,0.7018860315156529
20456.0,0.17156353281265513,0.4725403664534198,0.3558961007339254
20711.0,0.1673502929416996,0.21938091815585833,0.6132687889024417
21606.0,0.34672546531777915,3.1219890345591834E-7,0.6532742224833172
21279.0,0.10761200332223625,0.6933641602124165,0.19902383646534708
21004.0,0.4857250595027654,0.28249599243915025,0.23177894805808424
20261.0,0.20537738545916084,2.3351637506173665E-7,0.7946223810244638
20522.0,0.2012611234915491,0.44872181628955454,0.3500170602188962
20022.0,0.23287934621446957,0.22090815457842236,0.546212499207108
20793.0,0.3480613471219043,0.21474044302286638,0.43719820985522934
20008.0,0.14899147987625008,0.17495039313179797,0.6760581269919523
20775.0,0.3050194175923866,0.0577561880521461,0.6372243943554668
20532.0,0.14229959942624162,0.4065085179019444,0.45119188267181387
20283.0,0.32872311309593955,0.059822346553852115,0.6114545403502083
21010.0,0.19530049716799525,0.24971729528816036,0.5549822075438446
21249.0,0.12107077481256796,0.11923227412828213,0.7596969510591499
21624.0,0.2599060905377599,0.09361164162791404,0.6464822678343258
20729.0,0.26119646452019946,0.380708844646021,0.35809469083377926
20470.0,0.26411679978088265,0.4045816992648578,0.3313015009542598
20970.0,0.1947517035952769,0.11367358891303779,0.6915747074916853
20197.0,0.4198508382031002,0.05768302891399111,0.5224661328829083
21452.0,0.5079428770722895,0.25793180290501566,0.23412532002269468
21215.0,0.16444492870629254,0.18986023788773781,0.6456948334059699
21685.0,0.14260592660755078,0.27806863687720124,0.5793254365152477
21147.0,0.20561777146373403,0.05829533599560076,0.7360868925406656
21384.0,0.17845520829306016,0.23369809423175583,0.5878466974751839
20129.0,0.23536747213176085,0.5569605952808531,0.20767193258738587
20910.0,0.21642118724066584,0.19889065073478907,0.5846881620245458
20669.0,0.08499221075116753,0.19075190065807862,0.7242558885907544
20402.0,0.4626563773745414,0.42515388377382984,0.11218973885162858
21745.0,0.4208212672304692,0.2917372918453477,0.28744144092418367
21317.0,0.16775844265316653,0.17798257386015,0.6542589834866831
21078.0,0.3930774787084773,0.28989985435321153,0.317022666938311
20351.0,0.48111694662883125,0.19966201809561543,0.31922103527555384
20592.0,0.572437849894802,0.2391760577795562,0.18838609232564213
20076.0,0.3499516212059315,0.264355772784226,0.3856926060098425
20835.0,0.2916319852631448,0.5763303330771884,0.13203768165966687
21564.0,0.28954935724845215,0.2689447892537102,0.44150585349783755
21625.0,0.12038001878591488,0.26208111316778565,0.6175388680462993
20774.0,0.35447055469893046,0.5377951892181013,0.1077342560829682
20009.0,0.30403237552780804,0.11178134854910224,0.5841862759230902
20533.0,0.30425195638800684,0.258786725113155,0.436961318498838
20282.0,0.3236442397945237,0.20565848256420857,0.47069727764126784
21011.0,0.3499982138005817,0.19097092584682332,0.4590308603525947
21248.0,0.4232575803871347,0.19327547434765824,0.3834669452652072
21684.0,0.3027644855266334,0.2548800293588365,0.4423554851145303
20728.0,0.48311664425424117,0.1026522696244433,0.4142310861213156
20471.0,0.333698847339564,2.236364766840343E-7,0.6663009290239597
20196.0,0.6849131907496026,0.08606296085496287,0.22902384839543477
20971.0,0.18194200040646477,0.17488804224237242,0.6431699573511629
21453.0,0.16433315526340272,0.30652321028612267,0.5291436344504746
21214.0,0.20490681915899214,0.6201772334852744,0.1749159473557327
21744.0,0.28973844774456786,0.4463424926455437,0.2639190596098887
21146.0,0.3514896360276422,0.2113245458240963,0.43718581814826174
21385.0,0.15511477805415205,0.1066933825053238,0.738191839440525
20128.0,0.11517875423907029,0.06834276151437707,0.8164784842465529
20911.0,0.17604762183822512,0.37925650400560823,0.44469587415616724
20668.0,0.1819708164836276,0.14445078574550588,0.6735783977708667
20403.0,0.21294248282590633,0.08969529036520056,0.6973622268088928
21565.0,0.4431558426785329,0.21837361821663856,0.33847053910482844
21316.0,0.3438990729442239,0.3260350989823888,0.3300658280733877
21079.0,0.22614403419214385,0.5530944450976802,0.2207615207101766
20593.0,0.4975030766285187,0.3858371831326194,0.11665974023886248
20350.0,0.10833923870509408,0.5852951879325815,0.3063655733623251
20834.0,0.35182151456878297,0.2513014547411799,0.3968770306900374
20077.0,0.0303535716851843,0.6196592502228879,0.34998717809192775
20281.0,0.28689180944247067,0.193551293326135,0.5195568972313943
20534.0,0.17555433956202626,0.12404364320373505,0.7004020172342386
20773.0,0.2848137694648667,0.14123361740963453,0.5739526131254986
20010.0,0.15997290172377654,0.07936099473579777,0.7606661035404257
21251.0,0.05488303231154551,0.36278594332166,0.5823310243667948
21008.0,0.4153682790928414,0.18752249101600074,0.39710922989115804
21626.0,0.3575681774200657,0.27505091211661026,0.36738091046332416
20199.0,0.028568688570028065,0.5468771344630075,0.42455417696696446
20968.0,0.33182717062567163,0.037422977860435344,0.630749851513893
20468.0,0.5494763063694712,0.3072996530232196,0.14322404060730945
20731.0,0.35004285386883305,0.599755075991477,0.05020207013969023
21213.0,0.2037613047254221,0.27168991440604723,0.5245487808685305
21454.0,0.3102456391775799,0.26289041045213085,0.42686395037028946
21687.0,0.1985745080213985,0.16715037523091125,0.6342751167476898
21386.0,0.478016326371847,0.315437916579155,0.20654575704899844
21145.0,0.2911272889843721,0.32520526102171404,0.3836674499939135
20400.0,0.39903710094053746,0.20455817971182522,0.39640471934763744
20671.0,0.173440624109476,0.45730704899625957,0.3692523268942641
20908.0,0.28629767005379986,0.05247583399892588,0.6612264959472738
20131.0,0.39752395198624213,0.3206971173374665,0.2817789306762911
21747.0,0.4648435876439239,0.2910862955718738,0.24407011678420226
21076.0,0.18697222524107882,0.4606959506005489,0.3523318241583726
21319.0,0.1720538458720168,0.5516164126042635,0.2763297415237196
20833.0,0.32038848437212925,0.5329585733726825,0.1466529422551877
20078.0,0.19332475686276804,0.25077157702337577,0.555903666113856
20594.0,0.6827298260602762,0.1716832057655682,0.14558696817415526
20349.0,0.36996199477840574,0.5518831415182546,0.07815486370333961
21566.0,0.5492791164186428,0.2955997965747078,0.15512108700664962
21627.0,0.3881254907839561,0.05671845247095788,0.5551560567450864
20280.0,0.2041940568221721,0.46534656287125753,0.33045938030657057
20535.0,0.6513904981104355,0.22408756284923084,0.12452193904033472
20011.0,0.15825028978949449,0.05245270891258122,0.7892970012979248
20772.0,0.4184953306476225,0.2191821868671385,0.36232248248523835
21250.0,0.6109659372757588,0.1595910597118968,0.22944300301234447
21009.0,0.2286052512936107,0.4019074665365266,0.3694872821698628
21686.0,0.1730286076941217,0.08145382143073937,0.7455175708751387
20969.0,0.39182939751936463,0.35264877700931163,0.2555218254713233
20198.0,0.10655600508426095,0.3426261788461627,0.5508178160695765
20469.0,0.33880245800223063,0.41498429168501283,0.24621325031275773
20730.0,0.15135140750636442,0.11550094114213377,0.7331476513515018
21212.0,0.16147312097054595,0.42893734439531406,0.4095895346341398
21455.0,0.5831841213461225,0.12097423944700934,0.29584163920686685
21746.0,0.40388492841509066,0.3024109793721587,0.29370409221275107
21387.0,0.2959351185920604,0.09388678959968033,0.6101780918082593
21144.0,0.11883476513884052,0.44045498819898016,0.4407102466621792
20401.0,0.19167682442456344,0.3347650304074977,0.4735581451679385
20670.0,0.22482901904220623,0.12293207792687554,0.6522389030309177
20909.0,0.285649991680656,0.15954488140215584,0.5548051269171884
20130.0,0.08571607227016191,0.27299643613774816,0.64128749159209
21567.0,0.11984110256544521,0.4837679591112455,0.3963909383233093
21077.0,0.2240857306144881,0.07940999090573918,0.696504278479773
21318.0,0.1518384805004215,0.2805614440471625,0.5676000754524158
20832.0,0.12412928425573876,0.35069626115971914,0.5251744545845418
20079.0,0.42385066145179734,0.31697175849081055,0.2591775800573918
20595.0,0.3182264824217918,0.13877290983132456,0.5430006077468836
20348.0,0.11206074653513362,0.0832391727877203,0.8047000806771464
21448.0,0.1800807897974314,0.22976926500756506,0.5901499451950032
21211.0,0.3286477025507289,0.2455819216761599,0.4257703757731119
20466.0,0.512107647023457,0.43991910168326254,0.047973251293280096
20733.0,0.2075461828076996,0.28179053324795955,0.5106632839443412
20974.0,0.3159527317923561,0.265297194317827,0.4187500738898172
20193.0,0.25601204056207577,0.3443523061178186,0.3996356533201054
21681.0,0.44740409701388467,0.31687905562221974,0.23571684736389514
21014.0,0.6415578854736187,0.24412316429313313,0.11431895023324766
21253.0,0.5561579653788868,0.23576133319893147,0.20808070142218132
20012.0,0.2348639103234062,0.17702540875187273,0.5881106809247213
20771.0,0.4878579504256152,0.3548385531944173,0.15730349637996732
20287.0,0.35634112320124584,0.20013248665935066,0.44352639013940387
20528.0,0.19199944679381953,0.20159649221105663,0.6064040609951237
21628.0,0.1438940155194376,0.3998032632323287,0.4563027212482343
20596.0,0.11933934122781409,0.20482501132685765,0.6758356474453286
20347.0,0.34893660961173906,0.47052955242263494,0.18053383796562647
20839.0,0.2522778520409844,0.7179042536287985,0.029817894330217462
20072.0,0.29881324138399196,0.17612295012357052,0.5250638084924367
21313.0,0.6618465064401006,0.2547136639125984,0.08343982964730101
21074.0,0.260588770993137,0.5543612398978988,0.1850499891089638
21560.0,0.10110068269457137,0.5767994054190818,0.3220999118863465
20133.0,0.05988491283941102,0.23082665562176538,0.7092884315388241
20906.0,0.15040142815793742,0.3752399355450515,0.47435863629701086
20665.0,0.37235551943770334,0.48130983319502535,0.1463346473672714
20406.0,0.3889321590575759,0.43639116368717246,0.17467667725525102
21151.0,0.11502038747324377,0.28594716690565253,0.5990324456211038
21388.0,0.30018063549569457,0.505448136158837,0.19437122834546877
21749.0,0.026901869039825527,0.21643622601791787,0.7566619049422567
21680.0,0.11317565620476477,0.22381525669174177,0.6630090871034932
21449.0,0.3123040262302774,0.14214467007672912,0.5455513036929933
21210.0,0.36453026754030876,0.20461274774632882,0.4308569847133628
20732.0,0.32555217477680537,0.6183289816156147,0.05611884360757997
20467.0,0.32288820122316614,0.08892745205300862,0.5881843467238254
