22958.0,2.3147250447812138E-7,0.978756393432089,0.02124337509540664
23195.0,0.20241162155584974,0.7922825628217988,0.005305815622351545
23432.0,1.7321345369689737E-7,0.01183487705709435,0.9881649497294519
24279.0,0.10984290694981982,0.8356676999382173,0.05448939311196289
24516.0,0.002998434904320772,2.333438093925173E-6,0.9969992316575854
24034.0,0.5568865384039731,0.3866464353873604,0.05646702620866651
23793.0,7.563639258965352E-10,0.4311062553567678,0.5688937438868683
23365.0,6.636688885335307E-7,0.007495222456439578,0.992504113874672
23126.0,0.999999999909738,1.0985684194573255E-11,7.927642406643899E-11
24329.0,5.453160734218514E-11,0.06159263613188406,0.9384073638135844
24580.0,0.9146680386450302,0.08525047704591093,8.1484309058764E-5
24090.0,8.916295674220064E-8,0.9925351290603209,0.007464781776722465
23612.0,0.9999999994129285,1.9478503914468802E-10,3.922863151906173E-10
23855.0,3.675789001791508E-10,0.9999998486382669,1.5099415428090483E-7
23058.0,0.5099268704438445,0.47164058392032276,0.0184325456358326
23297.0,8.749318436752515E-13,0.0214458393081896,0.9785541606909355
23915.0,1.2633314936581678E-9,0.8428342930486902,0.15716570568797833
23672.0,0.907388556757946,0.09044574856678957,0.0021656946752644716
24158.0,0.15326108959982435,0.8046908251267428,0.042048085273432755
24640.0,0.037226149763288585,0.9625329040408123,2.4094619589922798E-4
24397.0,3.97705377657433E-13,1.4766075666081024E-4,0.9998523392429415
23500.0,2.285462276786339E-4,0.9995122626489941,2.591911233273205E-4
23263.0,0.01378461711609785,1.5504210098717036E-12,0.9862153828823518
23018.0,1.3381678177274213E-30,5.170214939552416E-4,0.9994829785060446
23733.0,3.2567217278110555E-4,0.9868012244520432,0.012873103375175663
23974.0,0.9659326287454899,0.03402996712227454,3.7404132235458284E-5
24448.0,7.910369552998141E-9,0.0377671029484436,0.962232889141187
24717.0,0.9034529429918127,0.03591624676011459,0.06063081024807277
24211.0,9.782785432101714E-14,0.6645944874592139,0.33540551254068834
24278.0,0.4385027365283573,0.5464359804192706,0.01506128305237214
24517.0,0.0831930936026774,0.6754020394657031,0.24140486693161956
24035.0,0.9223057130303793,0.07737111621409509,3.231707555255307E-4
23792.0,0.11017397271108165,0.8859125082336422,0.003913519055276124
22959.0,1.0632888974309204E-8,0.9855497188159886,0.014450270551122397
23194.0,1.1745499327425598E-11,0.6143307140538912,0.3856692859343634
23433.0,0.9514963672914669,0.048440265954795725,6.33667537371818E-5
24581.0,0.4776655738973138,0.5222214453040981,1.1298079858811093E-4
24328.0,4.206629535647833E-15,0.30116923303928655,0.6988307669607092
24091.0,1.1916871406044484E-21,0.0011723464920665885,0.9988276535079335
23613.0,0.0031161818389306845,0.9749703201147747,0.021913498046294597
23854.0,0.5255975578970224,0.2732710866592833,0.2011313554436942
23364.0,4.521982570570142E-7,0.001674805470350979,0.9983247423313919
23127.0,0.987893564536131,0.012089383727175962,1.7051736693165523E-5
23914.0,8.669243232409189E-4,0.9746018198817158,0.024531255795043276
23673.0,6.992594807936656E-8,2.4040384898900895E-7,0.9999996896702029
24159.0,0.7315170355551686,0.2660601032784622,0.0024228611663692
24641.0,1.2209944431047176E-8,0.9996703718458206,3.296159442349912E-4
24396.0,0.9609185695411058,0.039056174243200875,2.525621569323157E-5
23059.0,9.10040312489457E-15,0.16826214429572423,0.8317378557042667
23296.0,0.2348474085262278,0.539053752133063,0.2260988393407093
23732.0,4.6333464396592314E-7,0.8362389343303479,0.16376060233500828
23975.0,0.8053578332981498,0.1944075319086456,2.3463479320464756E-4
24449.0,3.484155930953386E-20,1.837935445028121E-5,0.9999816206455496
24716.0,3.0647729407909544E-12,2.0311501747430313E-6,0.9999979688467604
24210.0,1.117841108122871E-26,3.777291997911167E-5,0.9999622270800209
23501.0,1.7145227188943743E-5,0.15555382209126573,0.8444290326815453
23262.0,2.0151684878198885E-13,1.5967243819004935E-4,0.9998403275616085
23019.0,0.9499215449298806,0.05007549771852324,2.9573515962108638E-6
22956.0,0.00147710489028723,0.9564023020309712,0.04212059307874168
23434.0,2.1545752082081138E-7,0.02018060561920328,0.9798191789232759
23193.0,2.3863243279259568E-8,0.9999721695333086,2.7806603448128907E-5
24518.0,4.361361314829265E-33,4.1437476696499816E-5,0.9999585625233035
24277.0,0.9636099404696715,4.0066546217544224E-8,0.036390019463782126
23795.0,4.380184714626399E-6,0.10151076882564532,0.8984848509896401
24032.0,2.067713685962717E-7,0.13214535404744288,0.8678544391811885
23124.0,0.7513595551351842,0.2432250278863557,0.005415416978460058
23367.0,3.059144275305523E-5,0.3738926462904765,0.6260767622667703
24088.0,2.6515160325077663E-5,0.8653176098574574,0.13465587498221768
24331.0,0.9670803965230744,0.03291015389445128,9.449582474386512E-6
24582.0,0.7864232400297863,0.21097122768709842,0.0026055322831154064
23853.0,2.9235165086358378E-6,0.9353015322836818,0.06469554419980938
23614.0,6.210341400589187E-58,0.9999999999999996,4.235465902837581E-16
23299.0,9.975879118093878E-32,0.9999670832262806,3.291677371948149E-5
23056.0,2.471889727410312E-8,0.9201489411747483,0.07985103410635452
23674.0,4.933131116961097E-4,0.1234609595168604,0.8760457273714434
23913.0,0.07581989271053503,0.8628809631048727,0.0612991441845923
24399.0,3.1910120202061803E-27,4.609768561731981E-10,0.9999999995390232
24642.0,1.0925586053113867E-6,0.999738108321458,2.607991199366039E-4
24156.0,1.0223450033411446E-38,0.5472413420823872,0.45275865791761283
23261.0,1.5344018891374372E-4,0.6042350983582713,0.395611461452815
23502.0,0.8939298054792479,0.10588167782177409,1.8851669897796788E-4
23016.0,0.9201126828523648,0.06619788069620226,0.013689436451433003
23972.0,9.296653908746308E-15,6.153094566106557E-14,0.9999999999999292
23735.0,0.9999994450199334,8.06094201188174E-9,5.4691912441851E-7
24209.0,1.378040716764456E-6,0.08787680719018161,0.9121218147691017
24719.0,0.03310520938834368,0.9286928142525026,0.03820197635915362
24450.0,0.9753552241752618,0.024570945017662677,7.383080707571625E-5
24519.0,0.012245273935313222,0.0025660743416579096,0.9851886517230288
24276.0,7.829509950439618E-26,2.0844310391155856E-34,1.0
23794.0,3.34125934883314E-19,0.9771727334492538,0.022827266550746222
24033.0,0.05674049161495489,0.3209090168839766,0.6223504915010685
22957.0,0.005441261410573436,0.8779717385219052,0.11658700006752125
23435.0,0.976217993222271,0.02372274781509706,5.9258962631882966E-5
23192.0,0.6192058486853317,0.36311967785396454,0.017674473460703673
24089.0,0.7380189470841325,0.26192228238655024,5.877052931730509E-5
24583.0,0.8989914113623696,0.10050764108132901,5.009475563013347E-4
24330.0,0.9816405344016461,0.01833964266262866,1.9822935725192877E-5
23852.0,0.9957397671368663,0.004243837332003543,1.6395531130089987E-5
23615.0,0.31355150748288513,0.6747189636796027,0.011729528837512175
23125.0,0.6897562191379201,0.3100303687273131,2.134121347668552E-4
23366.0,0.9999999957249923,1.987176521733954E-20,4.2750076265569696E-9
23675.0,0.0038919749239496254,0.5125613616924429,0.48354666338360747
23912.0,7.069307548403298E-9,0.996230064199507,0.003769928731185347
24643.0,0.9999999999999993,6.332782539433254E-16,1.3132020413769358E-19
24398.0,1.8170591202083266E-6,0.974738795804211,0.025259387136668737
24157.0,8.30354603230869E-15,0.9896758716953249,0.010324128304666806
23298.0,0.967944466460617,0.03202701314545704,2.8520393925919538E-5
23057.0,7.942435554761888E-4,8.248343749863837E-13,0.9992057564436989
23973.0,0.9679585392182323,0.03099977965056393,0.0010416811312037827
23734.0,3.2682023582876477E-12,0.9995481749519344,4.518250447975279E-4
24208.0,0.9557923037548777,0.044172088456203226,3.560778891917045E-5
24451.0,6.054524886510366E-7,0.5602287576813222,0.4397706368661891
24718.0,3.888771976028762E-4,0.7375383638705875,0.2620727589318097
23260.0,0.0010098573821987083,0.7738548248953875,0.22513531772241385
23503.0,0.026954321239102293,0.5746737199559312,0.39837195880496656
23017.0,0.019123018670829547,0.41123536200405497,0.5696416193251155
23361.0,3.135643322644601E-8,2.08203251645123E-4,0.9997917653919217
23122.0,7.029419976978711E-5,0.22974864955387514,0.7701810562463551
23608.0,0.7209470767576857,0.2308298792612467,0.048223043981067575
23851.0,2.1096687485237675E-10,0.4772726858696562,0.5227273139193769
24576.0,0.15791728779986874,0.7840237403086592,0.058058971891471974
24333.0,1.0330250223949048E-18,0.8939640935393895,0.10603590646061052
24094.0,0.00245170951798032,0.16053258873576837,0.8370157017462514
23199.0,1.0380909796242541E-5,1.9437692247099424E-6,0.9999876753209791
23436.0,7.067339993297245E-5,0.19499896412072804,0.804930362479339
22954.0,5.7502397960909964E-9,0.29939318144386046,0.7006068128058998
24038.0,0.43208735288871486,0.5657484881847729,0.0021641589265122465
23797.0,5.7974213134062696E-8,0.9999999398974474,2.1283396160052326E-9
24275.0,2.272537708422577E-32,2.0072977380282818E-30,1.0
24512.0,2.9986045423595533E-6,0.5901081585178153,0.4098888428776423
23022.0,8.464524362884956E-6,0.9882102667918508,0.01178126868378633
23496.0,0.8394283555647759,0.15932115601807523,0.0012504884171488598
23259.0,1.6345249147130412E-7,0.11584122816180578,0.8841586083857027
24452.0,0.9999967048621061,3.2950487892804294E-6,8.910472042922956E-11
24713.0,0.008688211552300096,0.9071923419401732,0.0841194465075268
24215.0,1.984399840142048E-6,0.9915136574932013,0.008484358106958488
23729.0,1.0826225264041549E-4,0.08604545330045474,0.9138462844469049
23970.0,0.07212126739061497,0.9257504172851899,0.0021283153241950913
23062.0,1.6458448153222721E-4,0.9928403730409366,0.0069950424775310814
23301.0,0.06438150265072075,0.9320574693919782,0.003561027957300978
24154.0,0.005129260095393403,0.8996927196605107,0.09517802024409586
24644.0,4.419443296813325E-10,0.2677038165110881,0.7322961830469675
24393.0,0.7858116378067295,0.1556202530306183,0.058568109162652184
23919.0,1.0681713304793984E-15,3.853193679776087E-4,0.9996146806320214
23676.0,0.3282097949433018,0.5323998410993327,0.13939036395736545
23609.0,0.03211142719608739,0.8635477484566756,0.104340824347237
23850.0,0.9712044484291265,0.025846068453832607,0.0029494831170409374
24577.0,0.15170194801537498,0.763871083082933,0.08442696890169211
24332.0,3.90452869218941E-35,0.4516407360579027,0.5483592639420973
24095.0,3.04744397669664E-10,0.5251860270049271,0.4748139726903286
23360.0,9.987410648836405E-5,0.08707351957266841,0.9128266063208432
23123.0,4.0008922100070326E-4,0.26172492026696687,0.7378749905120324
24039.0,0.007918265241055333,0.9886821913809581,0.0033995433779865935
23796.0,5.977414026981668E-14,4.8692807286910274E-5,0.9999513071926535
24274.0,8.237604780844698E-7,0.29041348590108657,0.7095856903384353
24513.0,2.1131205417318167E-5,0.08242176407791801,0.9175571047166646
23198.0,0.005764972394824123,0.9571681750419891,0.037066852563186765
23437.0,1.403767885549348E-7,0.2209161206230646,0.7790837390001468
22955.0,2.1952404864745183E-6,0.6917826702086878,0.30821513455082583
24712.0,0.991998269100589,0.007854822148376173,1.469087510347857E-4
24453.0,0.9560480487516979,0.04389454798755328,5.740326074879087E-5
24214.0,0.8989306548756779,0.10092466179896212,1.4468332536008216E-4
23728.0,0.050979686754255946,0.9277966638621252,0.02122364938361874
23971.0,2.1547524717529758E-8,0.9019952045532229,0.09800477389925233
23023.0,3.722912887245029E-10,0.5358478735071928,0.464152126120516
23497.0,0.9999806559407242,1.7155505251721437E-5,2.18855402414287E-6
23258.0,1.817615559953666E-10,0.030559825484230033,0.9694401743340085
24155.0,4.160403131644353E-10,0.5633814713781875,0.4366185282057722
24645.0,0.9287390834666021,0.07118102286025249,7.989367314529939E-5
24392.0,0.46156323512292474,0.538309353593849,1.2741128322628584E-4
23918.0,0.008655055919947594,0.18258236744149783,0.8087625766385546
23677.0,2.642350521892579E-8,0.8670109728049478,0.1329890007715471
23063.0,0.8402341321250801,0.15880926500885287,9.566028660669934E-4
23300.0,3.612035217023514E-7,0.9991677101033904,8.319286930877903E-4
23120.0,1.9707136153981274E-11,0.03448316739469122,0.9655168325856015
23363.0,0.7172061723912376,0.2821530667970515,6.407608117107808E-4
23849.0,0.004107337625308931,0.2475412296675247,0.7483514327071663
23610.0,1.2774445028878802E-7,0.8311600666949827,0.16883980556056696
24092.0,0.364924607569224,0.28086132908049966,0.3542140633502764
24578.0,4.7415402264660606E-8,0.9975318145613615,0.002468138023236308
24335.0,0.9999999928512839,1.6189381497857874E-12,7.147097120146404E-9
23438.0,3.6333201784387133E-13,0.9918406614537181,0.008159338545918559
23197.0,1.4530786348903196E-7,1.7335415358025075E-21,0.9999998546921365
22952.0,0.0255378790434205,0.6404242143120009,0.33403790664457855
23799.0,1.510054425442743E-13,0.0521755276120235,0.9478244723878254
24036.0,3.826569280444178E-8,0.038030626068027706,0.9619693356662796
24514.0,3.709160206940579E-4,0.22776252012674267,0.7718665638525634
24273.0,0.5300289678317668,0.4349406762305498,0.0350303559376835
23020.0,1.1945608619047022E-4,0.0953252834693796,0.90455526044443
23257.0,0.9579879856018424,0.04194642186517468,6.559253298295916E-5
23498.0,0.9867761494071291,0.011889497807249908,0.0013343527856209678
24213.0,7.210716673586456E-7,0.9687148060040724,0.03128447292426025
24454.0,0.0975962800004364,0.8725000951603977,0.02990362483916583
24715.0,9.35079921704469E-7,8.017821837802846E-11,0.9999990648399001
23968.0,3.2975446954233807E-8,0.9414611482045048,0.05853881882004835
23731.0,2.852623637416079E-7,0.7925751771214863,0.20742453761615
23303.0,0.14272615796002186,0.8426031585495117,0.014670683490466485
23060.0,7.187491709052492E-5,0.7990682275485914,0.2008598975343181
24395.0,0.49637406305690185,0.5034719828477755,1.5395409532267023E-4
24646.0,0.9961734310557886,0.0038116435622560954,1.4925381955382463E-5
24152.0,1.6938947346396292E-18,0.9969217516845765,0.00307824831542337
23678.0,0.40932195550214107,0.5601034293400861,0.03057461515777289
23917.0,0.8073476907423011,0.1920173652048072,6.349440528917107E-4
23848.0,2.9156918808813926E-7,0.2694024145548337,0.7305972938759782
23611.0,0.9997190436688298,3.517883686267798E-5,2.4577749430737766E-4
24093.0,1.0411414173989058E-5,0.7024881577829479,0.2975014308028781
24334.0,0.07427749666070435,1.6551909403846214E-8,0.9257224867873862
24579.0,0.0018035137490089728,0.8273020871890954,0.1708943990618956
23121.0,5.7264042023496E-14,0.007069630308152925,0.9929303696917898
23362.0,0.011196966093054928,0.9888030295949133,4.312031998009047E-9
23798.0,0.010765932498937454,0.9888724274453551,3.616400557073377E-4
24037.0,5.874017176644662E-4,0.9203534740247045,0.07905912425763102
24515.0,0.469764182828891,0.38946576338906724,0.14077005378204174
24272.0,0.7602661140323332,0.22621326970306976,0.013520616264597022
23439.0,0.8510251945621948,0.14705387321121743,0.0019209322265876965
23196.0,3.7618935012762546E-10,0.9999978345260744,2.1650977362497816E-6
22953.0,0.9703321035879523,0.029662624494869286,5.271917178582704E-6
24212.0,0.016871885099083835,0.9809238380287953,0.002204276872120844
24714.0,3.072138784944074E-6,0.5174575321474881,0.4825393957137269
24455.0,1.1479116914390343E-6,0.8451929952945476,0.15480585679376102
23969.0,0.5599925031995343,0.43171574090829407,0.008291755892171753
23730.0,7.587208305822074E-5,3.5320507237602025E-7,0.9999237747118694
23021.0,2.6506047402765415E-8,0.9988664245807416,0.0011335489132109026
23256.0,3.1394001267131573E-4,0.5885639395689398,0.41112212041838886
23499.0,0.06787936328083535,0.5986122523706737,0.33350838434849095
24647.0,2.8179033635439206E-4,0.025177230784853708,0.9745409788787919
24394.0,0.6198559681682682,0.3737873150218654,0.006356716809866449
24153.0,6.798138397246919E-4,0.9772750949167622,0.022045091243512952
23679.0,8.151561692942211E-22,2.174367647447073E-13,0.9999999999997826
23916.0,3.291010672492945E-20,0.9955239798812782,0.004476020118721873
23302.0,0.6887548928502831,0.0996366020123673,0.21160850513734966
23061.0,5.935366862513848E-13,0.2543922019699098,0.7456077980294966
23907.0,0.7651000188569672,0.2321054147967865,0.002794566346246328
23664.0,0.003066310502019312,0.6899645716271382,0.3069691178708424
24150.0,1.0275491454757618E-14,0.7956578613491353,0.2043421386508545
24648.0,0.06938653308575801,0.926533365437424,0.004080101476817928
24389.0,0.003333948560323362,0.10174492082812578,0.8949211306115508
23066.0,0.4187873389384409,0.5354846745270377,0.04572798653452137
23305.0,4.4958345112704283E-17,4.155877397156434E-4,0.9995844122602844
23741.0,0.023713106868870164,0.953946798087376,0.022340095043753883
23982.0,1.3136682078582468E-9,0.9986615780716964,0.0013384206146353468
24456.0,0.7610750588283647,0.23856025424080438,3.646869308309914E-4
24709.0,0.05559299185972674,0.9420624325215358,0.0023445756187374625
24219.0,2.0804790610700624E-4,0.9783297965900877,0.0214621555038052
23492.0,0.5017986048746138,2.8136061900153015E-6,0.49819858151919605
23255.0,1.5013051784760383E-9,0.007761497660095468,0.9922385008385993
23010.0,0.13332395696714613,0.8629600210194472,0.0037160220134065045
24287.0,0.011908629118892443,4.5329131432596866E-8,0.9880913255519761
24524.0,0.004942804324804327,0.9939448304958964,0.0011123651792992067
24042.0,2.1876213027673196E-11,0.9957129266026785,0.00428707337544535
23801.0,3.8826158664410925E-13,0.9999967730373643,3.2269622473190868E-6
23187.0,3.8919317621305806E-4,0.335821572971462,0.6637892338523249
23424.0,0.9999968440454217,3.1556717575543145E-6,2.8282074871152283E-10
24321.0,8.101053702417378E-8,0.0018193048521799203,0.9981806141372831
24588.0,1.1885134148036636E-9,0.9225771037497194,0.07742289506176714
24082.0,0.9999986183330561,8.823695411078006E-7,4.99297402779181E-7
23604.0,0.13510064330222038,0.8617995791592874,0.003099777538492199
23847.0,0.9983152044824185,0.0016826655520377932,2.1299655437494433E-6
23373.0,0.40377366933392606,0.5766122585405239,0.019614072125550074
23134.0,2.793329585196289E-13,0.9999999998777471,1.2197344419580476E-10
23067.0,0.48055097662624485,0.5088810655618959,0.010567957811859187
23304.0,1.4287358166359503E-9,0.3525328738675764,0.6474671247036878
23906.0,0.9305684352281605,0.06749031915634204,0.0019412456154973528
23665.0,0.76882209328997,0.21254270870013325,0.018635198009896697
24151.0,0.01505916668405505,0.9816022810839015,0.003338552232043519
24388.0,1.0391074635322822E-10,0.8849018523922706,0.11509814750381876
24649.0,1.0082364688854672E-14,0.13691498852879075,0.8630850114711991
23493.0,0.9296062278106091,0.06826505402145344,0.00212871816793757
23254.0,4.3175220839422075E-9,1.5443619273500986E-8,0.9999999802388586
23011.0,0.9952712531197319,1.4989311096576216E-6,0.004727247949158526
23740.0,0.007744213214831061,0.9905825619682082,0.001673224816960737
23983.0,0.0021651822364066836,0.98935175648262,0.008483061280973345
24708.0,7.723592244341444E-4,0.0038286810201045374,0.9953989597554613
24457.0,1.3474033252302371E-12,1.421253714974721E-5,0.9999857874615028
24218.0,6.534296127665154E-13,0.03621684145680963,0.9637831585425369
23186.0,0.8344720525659676,0.16545061428643354,7.733314759888437E-5
23425.0,3.746920238551616E-12,0.999602486262119,3.97513734134154E-4
24286.0,0.6382392498154712,0.27743607261953285,0.08432467756499591
24525.0,5.3839667184372725E-6,0.013668931970431203,0.9863256840628503
24043.0,0.20433358198652082,0.7615986871336338,0.03406773087984543
23800.0,0.9543716083267024,0.04497769323270016,6.506984405973891E-4
23372.0,0.11101422910104201,0.8544145638629513,0.03457120703600658
23135.0,2.736968836501826E-5,0.9845575237324096,0.015415106579225301
24320.0,0.0035698151579916224,0.5568247223139651,0.43960546252804333
24589.0,9.835595558837758E-26,0.03282283788676383,0.9671771621132362
24083.0,7.10350966449514E-5,0.1029941694819733,0.8969347954213817
23605.0,4.0212037737852455E-13,0.9557819827156164,0.04421801728398131
23846.0,4.411384881610059E-8,0.4370584395623944,0.5629415163237568
23666.0,0.9056148166657569,0.09430996855962505,7.521477461796764E-5
23905.0,1.5711115030217097E-4,0.014253267357264216,0.9855896214924336
24650.0,2.0068828200562037E-13,0.0071487555326146465,0.9928512444671846
24391.0,0.015545469139191123,0.980475158930959,0.003979371929850002
24148.0,6.314300654844147E-9,1.510480056684191E-8,0.9999999785808988
23307.0,0.8112392360920825,0.1878504639090659,9.10299998851644E-4
23064.0,5.106348326403826E-11,0.17694675730366388,0.8230532426452726
23980.0,0.6221895254586592,0.37659485386460884,0.0012156206767319113
23743.0,0.46803250060511375,0.18162844608750528,0.35033905330738097
24217.0,9.852596635986096E-18,1.5621815876003834E-27,1.0
24711.0,0.9630302073188133,0.03695308657862995,1.6706102556549467E-5
24458.0,0.008167219121342243,0.6499163214485426,0.3419164594301152
23253.0,4.255935572147233E-35,1.8960529657137058E-14,0.9999999999999811
23494.0,0.8355129449438887,0.1643427791624722,1.4427589363911255E-4
23008.0,2.253050225687841E-4,0.42554853437588647,0.5742261606015447
24526.0,5.239154571518666E-12,0.05605228179537803,0.9439477181993828
24285.0,4.4107968414169696E-39,3.816185502713979E-6,0.9999961838144974
23803.0,1.5847619642398884E-14,8.54322856485649E-14,0.9999999999998987
24040.0,3.289403565953424E-16,0.02904947243628963,0.97095052756371
23426.0,0.01719233043032685,0.9616736868380393,0.02113398273163391
23185.0,1.4214936520867585E-22,0.052779862963576556,0.9472201370364234
24080.0,8.021234893961316E-11,0.9980844958508908,0.0019155040688967134
24323.0,0.006016489010243335,0.9915870690802929,0.002396441909463813
24590.0,0.005446311247437924,0.9022016234827301,0.09235206526983182
23845.0,0.8618831497435854,0.13769700165824808,4.198485981666319E-4
23606.0,0.9648722997232391,0.035111417492772065,1.62827839888441E-5
23132.0,0.9874156089171631,0.00764708672859098,0.004937304354246032
23375.0,1.6967179837595344E-16,0.033748262924028695,0.9662517370759711
23306.0,1.653942803373203E-10,0.9991831447632809,8.168550713246773E-4
23065.0,8.683003471454596E-30,1.1793232244070363E-11,0.9999999999882068
23667.0,0.9653507355378946,0.034604540115233715,4.4724346871537774E-5
23904.0,1.3870209670299367E-8,0.6102715115041638,0.3897284746256265
24390.0,0.017435670790099247,0.9787277211027994,0.0038366081071013578
24651.0,0.9200287519059434,0.07658809475558304,0.0033831533384736136
24149.0,0.06593893794323212,0.9318144129572514,0.002246649099516403
23252.0,1.3525704364753678E-7,1.2106655295823029E-5,0.9999877580876605
23495.0,0.9986971496273813,0.0012956879347641218,7.162437854379126E-6
23009.0,2.2742744022933875E-7,0.9993129878637,6.867847088595958E-4
23981.0,5.1912349585719805E-9,3.9079217476257775E-12,0.999999994804857
23742.0,0.8872487066938245,0.08835780631367109,0.02439348699250449
24216.0,4.287859478957228E-6,0.28496485176889685,0.7150308603716242
24459.0,3.726588155679514E-5,0.9998306279596991,1.3210615874406813E-4
24710.0,2.360084469438521E-19,2.7619317919570296E-5,0.9999723806820804
23427.0,8.427586487541229E-24,1.3853606575578894E-9,0.9999999986146393
23184.0,0.02809360680604307,0.5218187827810983,0.4500876104128586
24527.0,0.4734075802694862,0.3558951835657643,0.17069723616474952
24284.0,2.4643153387369294E-29,0.98912141581495,0.010878584185049944
23802.0,1.4520529503773405E-5,1.4756728923766374E-8,0.9999854647137674
24041.0,0.9992538116062154,5.745272693645101E-6,7.404431210907925E-4
23133.0,3.946310402014739E-16,0.691665886682295,0.3083341133177045
23374.0,0.5829775935850633,0.40919957985737243,0.007822826557564236
24081.0,0.1213127932107005,0.5558592578940896,0.3228279488952099
24591.0,1.885357540974731E-4,0.966187783988023,0.03362368025787972
24322.0,0.999999796940762,2.030524926658145E-7,6.745178551071386E-12
23844.0,9.743300542443461E-9,0.9982695359683708,0.0017304542883285967
23607.0,0.002774496402634616,0.4875363742700477,0.5096891293273177
24705.0,8.540993913725615E-21,7.421623409929232E-4,0.9992578376590071
24460.0,0.45738748518889605,0.5420801278353933,5.323869757106267E-4
24223.0,0.9966729214828207,2.0732068738176952E-5,0.0033063464484410117
23737.0,0.9683762097588428,0.007770040227573085,0.023853750013584262
23978.0,0.7451239667433732,0.2542333978978061,6.426353588206438E-4
23014.0,0.13630152907410853,0.857283351878904,0.006415119046987399
23488.0,2.618296575597943E-17,2.1623846718159703E-11,0.9999999999783762
23251.0,1.5242421969485053E-6,0.9962597921757048,0.0037386835820983092
24146.0,0.9999999907859282,9.207057692222766E-9,7.014108897474692E-12
24652.0,3.942640293264137E-15,0.007990855501737223,0.9920091444982589
24385.0,0.9222820324001961,0.07771700838795685,9.59211847136205E-7
23911.0,1.6351716797167808E-5,0.8519541046626014,0.14802954362060142
23668.0,0.9793855002890574,0.020468030688758725,1.4646902218376596E-4
23070.0,1.7430167485673913E-13,0.5166101673066598,0.48338983269316604
23309.0,7.604663832946807E-6,0.9417340502617653,0.05825834507440185
23600.0,4.924533498856694E-4,0.6227877841530339,0.37671976249708045
23843.0,0.601824843197874,0.39590044964027576,0.0022747071618501057
24325.0,0.8372398098043098,0.16257467240715973,1.855177885304597E-4
24584.0,0.984697200675516,0.015289041151416362,1.375817306758351E-5
24086.0,5.504429334832532E-13,3.286413700660212E-4,0.9996713586293835
23369.0,0.7919793267914266,0.1207360296902925,0.087284643518281
23130.0,6.635160348983455E-4,0.9930613192629936,0.006275164702108008
24046.0,0.016219907402888742,0.5625966090165376,0.4211834835805737
23805.0,0.05705170707372192,0.8830363280700397,0.05991196485623837
24283.0,0.921312249300238,0.07866667216806165,2.107853170027854E-5
24520.0,0.9052091017849615,0.09151848478706148,0.003272413427976947
23191.0,0.007795232338001581,0.9919264379670767,2.783296949217983E-4
23428.0,0.7213504152342001,0.27815645462960825,4.931301361916809E-4
23015.0,0.9998828918553904,5.33950938509308E-7,1.1657419367108389E-4
23489.0,0.9351136151827529,0.06465194140395245,2.344434132945785E-4
23250.0,1.7944643819038876E-5,2.1414721823644262E-7,0.9999818412089628
24704.0,2.0221209433171627E-9,1.865974208621764E-18,0.9999999979778791
24461.0,0.9890216824976512,0.004776816224198479,0.006201501278150356
24222.0,1.896497662347938E-4,0.665734978934822,0.33407537129894316
23736.0,2.3159759353316796E-17,0.0017941958880549648,0.998205804111945
23979.0,0.9045776526735431,0.09278838134707858,0.0026339659793782272
23071.0,0.9627292406602714,0.037203132471642524,6.762686808605446E-5
23308.0,0.011753837748619668,0.9814490629980066,0.0067970992533736806
24147.0,3.65488822318638E-9,0.006883084266149323,0.9931169120789625
24653.0,1.3477063818669897E-4,8.534268864504692E-4,0.9990118024753629
24384.0,0.005288362578368656,0.34742377926240353,0.6472878581592278
23910.0,5.5753036169322594E-11,9.787543400235993E-10,0.9999999989654926
23669.0,0.9722186996780623,0.027726670600229195,5.462972170828981E-5
23368.0,3.1213989957998306E-10,0.6496807214387448,0.3503192782491153
23131.0,4.890608587515263E-14,0.999999482060032,5.179399192401196E-7
23601.0,0.6368069809424776,0.2772417483549887,0.08595127070253379
23842.0,6.036228512464528E-45,0.007073522672649606,0.9929264773273505
24324.0,1.3553316531408955E-5,0.1562040983715983,0.8437823483118703
24585.0,1.61753793787278E-8,0.5811025274252811,0.4188974563993395
24087.0,8.683703344525933E-9,0.019851053426684664,0.9801489378896121
23190.0,0.9165940600052749,0.08313619176688951,2.6974822783557104E-4
23429.0,3.9179636400171893E-4,0.8474338091538095,0.15217439448218872
24047.0,9.366106475422146E-12,0.9576890792060757,0.04231092078455815
23804.0,2.894748219371732E-11,1.04954093813488E-14,0.999999999971042
24282.0,0.008777915376656027,0.8619998037735701,0.12922228084977377
24521.0,0.09079421244161508,0.8639789152094596,0.04522687234892534
24221.0,2.585363955849906E-16,7.985660269319592E-4,0.9992014339730677
24462.0,1.5054765624284849E-16,0.021903440135326167,0.9780965598646737
24707.0,0.005929649952438367,0.9493430413588029,0.04472730868875868
23976.0,0.0033921475525748226,0.11091559136988169,0.8856922610775435
23739.0,0.021760089580617942,0.9708235168962472,0.007416393523134812
23012.0,0.16289369263204448,0.7506989629382781,0.08640734442967743
23249.0,1.085924215405072E-6,0.9945239340827207,0.005474979993064091
23490.0,1.5759562932643554E-9,2.027512074949959E-11,0.9999999984037686
24387.0,4.981551640588382E-11,0.5472751381914605,0.45272486175872406
24654.0,6.213234073810112E-54,2.0901221406631835E-12,0.9999999999979099
24144.0,0.9613179342975355,0.03868188060458218,1.8509788213703823E-7
23670.0,0.834703086593933,0.16513047988079724,1.664335252696082E-4
23909.0,0.9927318088592092,0.007266610713498558,1.5804272921303762E-6
23311.0,0.9999998799358296,1.2006379153432193E-7,3.787864024210155E-13
23068.0,2.5639628302530964E-12,6.646475513795486E-8,0.999999933532681
23841.0,0.005148885883984188,0.9691670446517404,0.02568406946427546
23602.0,0.11356395371716056,0.8395639932194213,0.04687205306341824
24084.0,0.7291585854510432,0.2701527612327437,6.88653316213142E-4
24327.0,2.3019272487311016E-14,0.007582495389417048,0.9924175046105598
24586.0,0.0019117789858535605,0.979350948863953,0.018737272150193607
23128.0,0.1582659296666447,0.8323112565250557,0.0094228138082996
23371.0,0.4170146191412778,0.36935902285226624,0.21362635800645602
23807.0,0.012316704189891897,0.935344728236149,0.05233856757395903
24044.0,3.30887553430892E-17,0.9958574724921768,0.004142527507823215
24522.0,0.5936717063508444,0.4058119313136775,5.163623354780617E-4
24281.0,1.0095532831777691E-10,0.9450388704017597,0.054961129497285106
23430.0,0.003210565466705243,0.7365219562969901,0.2602674782363047
23189.0,0.15889316296668324,0.8224928567688835,0.01861398026443316
23013.0,4.067173329496609E-6,0.5423777649215151,0.45761816790515525
23248.0,0.9927724164678178,1.9507772645383078E-4,0.007032505805728471
23491.0,0.21001068251282892,0.7837361252511632,0.006253192236007834
24220.0,0.9498820762629299,0.04949017973823678,6.277439988333632E-4
24706.0,0.1312713206212156,0.7152220090994151,0.15350667027936926
24463.0,0.9431346951224258,0.056838101679994396,2.7203197579745063E-5
23977.0,0.9286295695471787,0.07059229071918365,7.781397336374967E-4
23738.0,1.0328456726605896E-9,0.6847141215679395,0.3152858773992149
23310.0,2.1278867529857345E-27,1.3439409932410953E-5,0.9999865605900675
23069.0,0.031301678353376064,0.5902353541417067,0.3784629675049173
24386.0,0.998865051969264,0.0011349452444041682,2.7863318323067204E-9
24655.0,5.0783131769064356E-8,0.9943911003891186,0.00560884882774969
24145.0,0.9390576555844333,0.06091030208106877,3.2042334497962426E-5
23671.0,2.3853304787664312E-20,2.119114944618405E-4,0.9997880885055382
23908.0,4.976373505034415E-13,0.0025483251120555356,0.9974516748874468
23129.0,1.8160740715476516E-6,0.6860694259149203,0.31392875801100817
23370.0,0.9952197064596269,0.004742683886762278,3.760965361084245E-5
23840.0,1.777662085514961E-7,0.7441182211009864,0.25588160113280506
23603.0,0.897413273014048,0.10153616645894503,0.0010505605270067666
24085.0,1.1318887527951476E-22,6.168692749033179E-4,0.9993831307250967
24587.0,3.4112248915516466E-15,0.9978369642261027,0.002163035773894075
24326.0,0.35163611598226074,0.6073059087180547,0.041057975299684496
23431.0,5.5756717493162597E-14,0.9834219510784402,0.016578048921504163
23188.0,6.132298031078043E-7,0.13230475376011464,0.8676946330100823
23806.0,1.7185697225334838E-4,0.4748598233287908,0.524968319698956
24045.0,0.003576669668837606,0.9811661694436677,0.015257160887494636
24523.0,0.8591421873291177,0.13254488587823332,0.008312926792649004
24280.0,0.0017495375073490577,0.8333465809636273,0.16490388152902363
24262.0,1.9951389259882102E-14,0.0025444213592394852,0.9974555786407405
24533.0,2.730184055147097E-4,0.8049784366017873,0.19474854499269809
24051.0,9.878067533394738E-19,4.6961414318503174E-8,0.9999999530385857
23776.0,4.303693242645326E-9,0.0033569196511546145,0.9966430760451522
22975.0,1.309478713085284E-7,0.9948273445845988,0.0051725244675298754
23178.0,1.6564738070135905E-11,0.742126240363757,0.2578737596196783
23449.0,0.0013934515320873752,0.19706191252716357,0.8015446359407491
24344.0,7.647415537917899E-16,0.24128949199908994,0.7587105080009093
24597.0,0.22569706926460878,0.6078381368318039,0.16646479390358743
24075.0,3.6600405211035364E-8,2.3709429879766282E-11,0.9999999633758854
23597.0,2.009616614270457E-5,0.7287292183171613,0.271250685516696
23870.0,0.999999988667463,5.942206487902414E-16,1.1332536376537067E-8
23380.0,5.723412940781649E-7,0.20076374639448827,0.7992356812642176
23111.0,0.0010152024628242078,0.7499291857828763,0.24905561175429947
23930.0,0.9431346951224258,0.056838101679994396,2.7203197579745063E-5
23657.0,4.7216219636930894E-15,1.7284903613123595E-4,0.999827150963864
24143.0,1.2102679404145385E-7,0.5788928881596901,0.42110699081351594
24657.0,0.9721575098173468,0.027823192518998355,1.9297663654915323E-5
24412.0,0.9993152808678039,5.133831639036982E-8,6.84667793879648E-4
23043.0,0.10990115132565863,0.8018577349278004,0.08824111374654098
23312.0,0.9999999691188782,3.087881789832494E-8,2.3038737566038228E-12
23716.0,0.9711802610361407,0.02854151171057513,2.782272532840333E-4
23991.0,0.95213138790598,0.047758129023250134,1.1048307076986269E-4
24465.0,0.9958560692975789,0.004086141627940627,5.778907448035563E-5
24732.0,0.025475741508333812,0.9721766711019423,0.00234758738972394
24194.0,2.7116172240602535E-9,2.456617349238359E-4,0.9997543355534589
23517.0,7.44247946404082E-7,0.970227364566016,0.029771891186037576
23246.0,0.9999999999370361,3.488627781858535E-11,2.8077629967527742E-11
23035.0,0.9534903482756677,0.04129946655221886,0.005210185172113561
22974.0,0.00110124930218374,0.9311307020838056,0.0677680486140105
23179.0,9.555789991839822E-4,0.8989727588309437,0.10007166216987234
23448.0,5.458494182263749E-4,0.9989747565298185,4.7939405195510446E-4
24263.0,0.20253670007081379,0.7848662952877291,0.012597004641457134
24532.0,0.001975691711139151,0.749756706887129,0.24826760140173187
24050.0,0.9758628371130462,0.024087188134577976,4.9974752375760075E-5
23777.0,0.9999975360363003,2.6019312843091085E-10,2.46370350657205E-6
23381.0,0.9891401898139643,0.010848861236287477,1.0948949748272096E-5
23110.0,4.4471502580918414E-13,0.7127466320644825,0.2872533679350728
24345.0,4.86771794128308E-4,0.6148812661812523,0.3846319620246194
24596.0,1.498002485660259E-4,0.20858469302193797,0.791265506729496
24074.0,0.8646511936080814,0.13430417802845288,0.0010446283634658212
23596.0,6.969119557598186E-21,4.054220830343238E-13,0.9999999999995945
23871.0,3.066096364544301E-11,0.9312628993452372,0.06873710062410184
23042.0,3.5787567631621344E-20,1.7089708861818976E-14,0.9999999999999829
23313.0,0.022637359122489948,0.4339623117301113,0.5434003291473988
23931.0,0.0014226718866001801,0.3584036235994737,0.6401737045139262
23656.0,1.2610318740427283E-10,0.9003428955885531,0.0996571042853437
24142.0,0.149013166977201,0.24226388816941063,0.6087229448533884
24413.0,0.004235281302812592,0.07963523806534405,0.9161294806318434
24656.0,9.758599399874995E-11,0.9987252837764011,0.0012747161260129873
23516.0,3.846182184053287E-8,0.31477576515067995,0.6852241963874982
23247.0,0.9569304917947631,0.04303078940116606,3.871880407100368E-5
23034.0,0.011629824248927417,0.3181010847241684,0.670269091026904
23717.0,0.021794395937136817,0.07291020153352702,0.905295402529336
23990.0,1.6530053960957358E-4,0.966109703659638,0.03372499580075263
24464.0,2.5003913754670053E-10,0.6980841185164649,0.30191588123349594
24733.0,0.403671002953809,0.5950464630078471,0.0012825340383439128
24195.0,0.6880744469765526,0.31129082002670283,6.347329967445017E-4
24535.0,9.454318773949741E-8,0.9597905212176826,0.04020938423912983
24260.0,0.15906794655843037,0.8404588114954707,4.732419460987987E-4
23778.0,0.12729029086523805,0.8450371747406779,0.027672534394084066
24049.0,6.4859067777811944E-12,0.012166946463614773,0.9878330535298994
22973.0,0.9999999999753482,3.0729464039206383E-12,2.1578994047112194E-11
23451.0,5.345391035040221E-5,0.9323281882251009,0.06761835786454884
23176.0,0.9517115374233615,0.04823357426106579,5.488831557272142E-5
24073.0,1.1026080739103686E-4,0.99081478100963,0.00907495818297887
24599.0,0.06672071245790584,0.9274641945536309,0.005815092988463208
24346.0,8.346430869183392E-5,0.09006576458342355,0.9098507711078846
23868.0,0.10419091649673423,0.8781307348754197,0.01767834862784611
23599.0,0.9035774822912161,0.09597388334443104,4.486343643527577E-4
23109.0,7.522023201985623E-12,5.154210436970804E-6,0.9999948457820409
23382.0,6.325182884876797E-10,0.7565872624602786,0.2434127369072031
23659.0,1.7839064128567234E-15,0.0060624418392797065,0.9939375581607185
23928.0,0.33254058378765,0.6662611548054813,0.0011982614068686876
24414.0,2.07933779144393E-26,0.1349448990123435,0.8650551009876565
24659.0,8.931830148782505E-5,0.19818220206287987,0.8017284796356323
24141.0,0.8937926622084649,0.10603124208472436,1.7609570681086838E-4
23314.0,0.09089324751689333,0.8449760660164837,0.06413068646662293
23041.0,0.9643608686847754,0.035609477540281986,2.965377494266732E-5
23989.0,8.860575558323928E-12,1.4447008562239318E-18,0.9999999999911395
23718.0,6.782117732536738E-5,0.4758303707163097,0.524101808106365
24192.0,1.0897429069361903E-7,0.9944497919406536,0.005550099085055721
24467.0,1.1871051008207409E-5,0.6432736368856324,0.35671449206335926
24734.0,1.0200435569639928E-21,0.9999999999996281,3.7183578551325894E-13
23244.0,1.572955817300204E-4,0.8638190149399448,0.1360236894783251
23519.0,0.0040108085842882404,0.8031503323153097,0.1928388591004019
23033.0,0.4932089280642025,0.4803795600468173,0.02641151188898014
22972.0,1.7939134141907396E-21,0.999278878315446,7.211216845540138E-4
23450.0,0.019154828570822527,0.9710746744231996,0.009770497005977749
23177.0,0.505434261184804,0.032214276981829916,0.46235146183336606
24534.0,7.443174400067703E-10,0.1584739542131798,0.8415260450425027
24261.0,0.9806165499405528,0.01912802512526798,2.5542493417922017E-4
23779.0,1.6377742059171642E-12,0.9733241631559285,0.026675836842433645
24048.0,1.05687852033183E-4,0.5431006326773147,0.45679367947065225
23108.0,1.7069336674519795E-12,0.8031367329617585,0.19686326703653445
23383.0,0.026523304690466095,1.0227538448028503E-6,0.9734756725556891
24072.0,2.543600856801303E-6,0.4738137953230009,0.5261836610761423
24347.0,0.04924672829828404,0.5579800081385318,0.39277326356318415
24598.0,0.0025108820167436406,0.799669978946359,0.1978191390368972
23869.0,9.613467332624812E-8,2.2895189743599846E-9,0.9999999015758078
23598.0,0.01033152578091198,0.5279435096146493,0.4617249646044387
23315.0,0.3572965194468786,0.6426865900457698,1.6890507351625328E-5
23040.0,1.468664260408871E-6,0.06972324121846882,0.9302752901172707
23658.0,0.9730002426498146,0.026657184224435526,3.425731257500399E-4
23929.0,0.9999981615204678,1.8373679572810677E-6,1.1115747026108295E-9
24415.0,0.01738798765302291,0.3624451200376763,0.6201668923093008
24658.0,3.94569841997924E-6,0.8994085426768369,0.10058751162474305
24140.0,1.5113071100385636E-18,0.017628212793327477,0.9823717872066725
23245.0,1.507914865809244E-15,0.07168613778547298,0.9283138622145255
23518.0,0.010021580257548617,0.032059462903437766,0.9579189568390136
23032.0,0.9733401932759104,1.5543155889525035E-8,0.02665979118093365
23988.0,0.24979176249700252,0.715677764137278,0.03453047336571962
23719.0,1.8917608409994565E-11,6.370961438346693E-4,0.9993629038372478
24193.0,6.565439642832302E-15,1.1754271272261011E-26,0.9999999999999933
24466.0,1.5358618582120084E-10,6.019267612031581E-7,0.9999993979196525
24735.0,0.16678322020546693,0.828300063293129,0.0049167165014039746
23593.0,0.09740866104745854,0.9019766044813445,6.147344711967633E-4
23866.0,0.007586236258415868,0.9098232769183789,0.08259048682320522
