22958.0,0.01012452664385433,0.9038699779978017,0.08600549535834405
23195.0,0.04094142672021835,0.9214150743614621,0.03764349891831961
23432.0,5.172659414788739E-4,0.08187257024425305,0.9176101638142681
24279.0,0.1965148891390292,0.5755655536263015,0.22791955723466936
24516.0,0.00428333867194925,0.31648887182748675,0.6792277895005638
24034.0,0.15845486519254418,0.7264811128919275,0.11506402191552834
23793.0,0.005502881138098315,0.8053374157192909,0.18915970314261085
23365.0,6.506077586527353E-5,0.013550152899807854,0.9863847863243268
23126.0,0.7763133957146918,0.2093213604345404,0.014365243850767864
24329.0,0.3551334218198306,0.5351505585624343,0.10971601961773515
24580.0,0.7784549747908671,0.2199150062379864,0.0016300189711463777
24090.0,0.062282292021909574,0.7816347232438169,0.1560829847342734
23612.0,0.8925058331750005,0.10721057989058619,2.8358693441312745E-4
23855.0,0.16286771655372653,0.8284990539508271,0.008633229495446374
23058.0,0.5987233185706639,0.3909518638175924,0.01032481761174364
23297.0,2.699547415729572E-4,0.11776555267639639,0.8819644925820306
23915.0,0.6816774471513424,0.30110061631084056,0.017221936537816958
23672.0,0.5343100069591384,0.4368995065042628,0.02879048653659878
24158.0,0.07127141329100553,0.6980536157841014,0.23067497092489309
24640.0,0.21503423464512833,0.7802816032836742,0.004684162071197421
24397.0,0.0036646912289890815,0.20464172786005674,0.7916935809109541
23500.0,0.9261268136667562,0.07336661607773524,5.065702555087616E-4
23263.0,0.008816325529108679,0.5031569703050522,0.488026704165839
23018.0,1.4075838872244812E-5,0.027713407246931613,0.972272516914196
23733.0,0.7446824081904388,0.24684433096311895,0.00847326084644214
23974.0,0.9224588958249401,0.07730718888536102,2.3391528969879817E-4
24448.0,2.4372371668820748E-4,0.09506749913911805,0.9046887771441937
24717.0,0.2076139496608728,0.5804864609679763,0.21189958937115086
24211.0,0.0011923040928546581,0.2550812601325688,0.7437264357745765
24278.0,0.6978713341996292,0.2922030450537,0.009925620746670858
24517.0,0.45012387495325995,0.5191390462529809,0.0307370787937592
24035.0,0.9032593454799759,0.09611822998970017,6.224245303239049E-4
23792.0,0.08182504840985466,0.8945937996239832,0.023581151966162072
22959.0,0.08793646426006724,0.6925063377959815,0.21955719794395123
23194.0,0.029292362667565918,0.9552412766556047,0.015466360676829567
23433.0,0.5507525089493023,0.44716940067079175,0.0020780903799059855
24581.0,0.31722165556261595,0.6809165303374773,0.0018618140999066765
24328.0,0.05979431356163537,0.5697866303961887,0.37041905604217584
24091.0,0.0033216243757007977,0.29952348266274814,0.6971548929615511
23613.0,0.6178879843899263,0.37489198438607,0.007220031224003461
23854.0,0.5525645287286882,0.41331666765883823,0.034118803612473506
23364.0,7.661395471351669E-5,0.07074857296820929,0.9291748130770773
23127.0,0.9034731596568938,0.09612933575983054,3.975045832757942E-4
23914.0,0.04713566534543078,0.9380063832566928,0.01485795139787631
23673.0,0.3263296864265396,0.46148381613526135,0.21218649743819923
24159.0,0.7982697894224201,0.19933945766605043,0.0023907529115294677
24641.0,0.7801475675536454,0.218791592731718,0.0010608397146365856
24396.0,0.6584603449427775,0.33723771654898727,0.004301938508235163
23059.0,0.057195168940014876,0.8483943954397717,0.09441043562021346
23296.0,0.004959664121142975,0.49317214227438444,0.5018681936044725
23732.0,5.617814525637494E-5,0.05147050803624627,0.9484733138184973
23975.0,0.19412147507104147,0.7395785881216977,0.06629993680726078
24449.0,0.001438374549213999,0.4332290590284,0.565332566422386
24716.0,0.042412787711900234,0.5927822849258154,0.3648049273622843
24210.0,1.9044664115139133E-6,0.020114185693768154,0.9798839098398204
23501.0,3.184500838579447E-4,0.05187788370019643,0.9478036662159455
23262.0,1.387395458548251E-5,0.060923142626054166,0.9390629834193602
23019.0,0.7854777057844518,0.21315539752216386,0.0013668966933843441
22956.0,0.09594920756050958,0.890859672708486,0.013191119731004444
23434.0,1.2322994480525599E-4,0.09038070502298,0.9094960650322147
23193.0,0.018316450929533885,0.9067718764175811,0.07491167265288515
24518.0,1.1769044776942677E-4,0.04923671261008073,0.9506455969421498
24277.0,0.12499378960526793,0.7620192898151793,0.11298692057955288
23795.0,3.5933606395282066E-4,0.03553752202312434,0.9641031419129228
24032.0,6.837995416798451E-4,0.7582189425522681,0.24109725790605216
23124.0,0.5720068664089861,0.3173120793670321,0.11068105422398175
23367.0,0.004470802575712777,0.7235882822185818,0.27194091520570524
24088.0,0.0027029150311168914,0.759222134378768,0.23807495059011508
24331.0,0.9213571324370614,0.0783972031224541,2.456644404844916E-4
24582.0,9.75630552273966E-5,0.03080578011750806,0.9690966568272645
23853.0,0.014103497710734707,0.8811947856349123,0.1047017166543532
23614.0,2.461009048899898E-4,0.09340641138691719,0.9063474877081928
23299.0,0.05531305266421618,0.8612541003024845,0.08343284703329944
23056.0,0.6383819823529202,0.3505130061012611,0.011105011545818723
23674.0,0.08034676434574448,0.3345186462971174,0.585134589357138
23913.0,0.02334555259202316,0.6729687376616365,0.3036857097463405
24399.0,3.199742147541508E-5,0.012841692224617327,0.9871263103539074
24642.0,0.8830210643309468,0.11665129006582357,3.276456032294572E-4
24156.0,1.5438385185951466E-6,0.014950281184370839,0.9850481749771106
23261.0,7.196070846409655E-4,0.14986449477135055,0.8494158981440085
23502.0,0.811549764476673,0.18638530893332514,0.0020649265900017466
23016.0,0.7845156783490431,0.20381607033817667,0.011668251312780355
23972.0,5.867164642868085E-4,0.16304006873020885,0.8363732148055043
23735.0,0.8795659117421945,0.11992564258334613,5.084456744592268E-4
24209.0,0.019907388343649364,0.7504892816463847,0.22960333000996588
24719.0,0.05320597627247508,0.9257234801583132,0.02107054356921179
24450.0,0.659890982463621,0.33735365269340206,0.0027553648429769844
24519.0,0.010886223804109299,0.7271510930300725,0.26196268316581817
24276.0,4.731275584694063E-7,0.006926802650903032,0.9930727242215386
23794.0,0.00110008118518022,0.3269124322935613,0.6719874865212584
24033.0,0.11336288934909608,0.6963201506264153,0.19031696002448878
22957.0,0.12943136721235776,0.7658404712559954,0.10472816153164674
23435.0,0.5112523280655009,0.45240305132941944,0.03634462060507975
23192.0,0.6986849513446325,0.2843196593120725,0.016995389343294944
24089.0,0.7244982942034722,0.2740593239963422,0.0014423818001854855
24583.0,0.9410597455176647,0.058366137579065176,5.7411690327005E-4
24330.0,0.8576571844263549,0.14195062897163213,3.9218660201300514E-4
23852.0,0.47782492199926835,0.5204411531110608,0.0017339248896709389
23615.0,0.193492268499359,0.7147013742470992,0.09180635725354186
23125.0,0.6134146239475655,0.3804040975377496,0.006181278514684869
23366.0,3.027212783450958E-4,0.05393450531748135,0.9457627734041736
23675.0,0.008423648003571612,0.2805985880682999,0.7109777639281285
23912.0,0.7192803342868392,0.26938546438157296,0.011334201331587928
24643.0,0.05868752535387367,0.6216615499496406,0.3196509246964857
24398.0,0.49122662078323887,0.4347495318960212,0.07402384732074002
24157.0,0.07797196835070495,0.889197200784819,0.03283083086447604
23298.0,0.9247053484739732,0.07502377334188891,2.708781841378197E-4
23057.0,0.009667799466423065,0.9137582889484868,0.07657391158509019
23973.0,0.8573742862858251,0.13121200043616263,0.011413713278012222
23734.0,0.2025738130342169,0.7426056108038236,0.05482057616195958
24208.0,0.9283433675192179,0.07149602494070709,1.6060754007514363E-4
24451.0,0.0013483962146947227,0.7520027555558837,0.24664884822942149
24718.0,0.004881667590421255,0.39000323672631265,0.605115095683266
23260.0,0.051547838247080306,0.7514684475653146,0.19698371418760507
23503.0,0.049839382623605884,0.4022982978139619,0.5478623195624323
23017.0,0.018309960131532726,0.43811753905782014,0.543572500810647
23361.0,0.04319733109963504,0.6438930804661791,0.3129095884341859
23122.0,3.968198332000421E-4,0.03483447890470345,0.9647687012620966
23608.0,0.3748513181495463,0.5513439838660994,0.07380469798435417
23851.0,9.211518514628977E-7,0.0038499941395764036,0.996149084708572
24576.0,0.35122208013063233,0.5996927243346838,0.04908519553468388
24333.0,0.0017584845227032553,0.3291048033579418,0.6691367121193551
24094.0,0.006132056028528434,0.23160759906334308,0.7622603449081284
23199.0,0.6216268338866283,0.3464862189726405,0.03188694714073111
23436.0,0.0438514378271503,0.6190902512562092,0.33705831091664046
22954.0,0.04650501638736115,0.36899749371108576,0.5844974899015533
24038.0,0.3213787864780318,0.6103746387147502,0.06824657480721802
23797.0,0.8658061279110858,0.13339664371360696,7.972283753071905E-4
24275.0,2.0987088708900462E-6,0.00920182964119758,0.9907960716499314
24512.0,0.04280598756556959,0.7672644495200059,0.18992956291442437
23022.0,0.020103946391250727,0.9329844174707567,0.046911636137992645
23496.0,0.04958127078236204,0.6002249742965822,0.3501937549210558
23259.0,1.1761631362322305E-4,0.07611539863471775,0.923766985051659
24452.0,0.8657361618159742,0.13384551414594245,4.183240380833084E-4
24713.0,0.09832844665673786,0.6393241000332975,0.2623474533099645
24215.0,0.36971877432847167,0.5964842064123136,0.033797019259214675
23729.0,0.0192931460794538,0.15942762994939066,0.8212792239711556
23970.0,0.31054034904311506,0.6868283883678233,0.002631262589061714
23062.0,0.008926651074957577,0.7647198693674316,0.22635347955761087
23301.0,0.9236789288809933,0.07613321789848962,1.8785322051717974E-4
24154.0,0.018120439612800358,0.49498422541404496,0.4868953349731547
24644.0,2.918576405734082E-4,0.23441346580270112,0.7652946765567256
24393.0,0.45245679361791313,0.4681558197149472,0.07938738666713963
23919.0,1.121206201340589E-4,0.07075890456123858,0.9291289748186272
23676.0,0.7608626424211119,0.2313957571349546,0.007741600443933526
23609.0,0.0031487415018669985,0.2570788230393931,0.73977243545874
23850.0,0.5562141755333312,0.43382254691395883,0.009963277552709895
24577.0,0.0532280241033121,0.6631629396933709,0.283609036203317
24332.0,3.530239364406962E-5,0.05238375160096619,0.9475809460053898
24095.0,4.28937475760093E-5,0.11975407198913635,0.8802030342632877
23360.0,0.003615102960700441,0.13124657891227187,0.8651383181270278
23123.0,9.968068860542086E-4,0.11956467904076913,0.8794385140731766
24039.0,0.28810857464688544,0.6773665141152813,0.034524911237833196
23796.0,7.031757789654577E-7,0.004564845898166488,0.9954344509260545
24274.0,1.458207890447313E-4,0.039542444838711235,0.9603117343722439
24513.0,0.003016485363123253,0.2898827174157174,0.7071007972211591
23198.0,0.0554428098291858,0.9183481149746326,0.026209075196181444
23437.0,0.017235064809653384,0.46239703910956914,0.5203678960807775
22955.0,0.005032410132767932,0.3886176486371515,0.6063499412300806
24712.0,0.5109045782972452,0.4862476834787786,0.0028477382239762102
24453.0,0.9191905172474581,0.08044039411729195,3.690886352500211E-4
24214.0,0.9265792549790681,0.07316563344057483,2.5511158035687316E-4
23728.0,0.0026590440622356157,0.502120617101987,0.49522033883577754
23971.0,0.05486626458618949,0.9403120013799614,0.004821734033848996
23023.0,0.009298315097434789,0.5420126650840283,0.44868901981853704
23497.0,0.634989465995689,0.32281702973134324,0.042193504272967745
23258.0,1.884708087672415E-5,0.03256816352432144,0.9674129893948018
24155.0,0.03442446902314738,0.8985590019713234,0.06701652900552922
24645.0,0.8828893612540628,0.11669162579126266,4.190129546745879E-4
24392.0,0.5965889179375858,0.40159497808023104,0.0018161039821830748
23918.0,0.48763082741376984,0.5038039113468304,0.00856526123939981
23677.0,3.9270189288509504E-5,0.07078892314357303,0.9291718066671384
23063.0,0.8421007261896158,0.155988294398543,0.001910979411841228
23300.0,0.1830505076228557,0.8106742852171526,0.006275207159991598
23120.0,3.7700649220104144E-5,0.06973629670869345,0.9302260026420863
23363.0,0.7118539364719679,0.28512108418471477,0.0030249793433172844
23849.0,0.00705203245830364,0.5810071057303061,0.41194086181139034
23610.0,0.03403111216565995,0.8672157600279712,0.09875312780636893
24092.0,0.055848325268726656,0.5806412576547549,0.36351041707651854
24578.0,1.0614242861517485E-4,0.09230023450650027,0.9075936230648844
24335.0,9.78119580888048E-4,0.19372596855511307,0.805295911863999
23438.0,0.0011610636948711413,0.34865324126754343,0.6501856950375854
23197.0,2.634677986929636E-4,0.23712761082722236,0.7626089213740846
22952.0,0.046968092337678756,0.8138865610084702,0.13914534665385114
23799.0,3.457391007044638E-4,0.534288767123698,0.46536549377559755
24036.0,4.5243592301913E-5,0.1058423413871836,0.8941124150205144
24514.0,2.391359988520429E-4,0.02854643681158632,0.9712144271895616
24273.0,0.2312062817852943,0.7060244521582956,0.06276926605641017
23020.0,5.615338181063422E-4,0.2366287503189769,0.7628097158629168
23257.0,0.8877642783695183,0.11173878159442602,4.969400360555E-4
23498.0,0.6256377263377341,0.35164211674012463,0.022720156922141292
24213.0,0.5038025243217704,0.4774830539586548,0.01871442171957473
24454.0,0.21702922312679118,0.7758113637607993,0.007159413112409489
24715.0,0.007276181112988311,0.5846171985494921,0.4081066203375195
23968.0,0.012031173629453388,0.760858265713364,0.22711056065718246
23731.0,7.047885922427586E-6,0.018285796637283063,0.9817071554767944
23303.0,7.331739448827124E-5,0.05670345268500437,0.9432232299205073
23060.0,0.004374859175039507,0.3982543019044622,0.5973708389204984
24395.0,0.6377448429347615,0.35874326688654207,0.0035118901786965486
24646.0,0.6784137940118455,0.31826657761370025,0.003319628374454059
24152.0,0.0019228693160196712,0.6947794384744842,0.30329769220949626
23678.0,0.41957924285124476,0.5467393716729486,0.03368138547580658
23917.0,0.3802883293524985,0.6141750037290185,0.005536666918482982
23848.0,0.004394715552477969,0.2757058105462067,0.7198994739013155
23611.0,0.08021936076222724,0.8598814704041741,0.05989916883359857
24093.0,0.02085737651128173,0.6936531678765503,0.28548945561216793
24334.0,0.0046056520728914516,0.17619423015875793,0.8192001177683507
24579.0,0.005322972132960174,0.6829018484569546,0.31177517941008526
23121.0,0.0031338437492318613,0.4525600945865051,0.5443060616642631
23362.0,0.8222623534115842,0.17387760557013163,0.003860041018284223
23798.0,0.014989013950532672,0.5767474627665392,0.4082635232829281
24037.0,0.033699103560133926,0.805831133964043,0.160469762475823
24515.0,0.25437351202716973,0.6531134752931881,0.09251301267964217
24272.0,0.5763449819952612,0.36464067402610845,0.059014343978630444
23439.0,0.9088821950579246,0.08921276389186586,0.0019050410502096072
23196.0,1.0523035919370362E-4,0.02886466605264408,0.9710301035881622
22953.0,0.9029574906739636,0.09666606358383974,3.7644574219668653E-4
24212.0,0.032188936089954275,0.9576415794715317,0.01016948443851398
24714.0,0.002542010935672938,0.5897952114102633,0.40766277765406383
24455.0,0.0015272265319379514,0.14859214655697411,0.849880626911088
23969.0,0.17490276554868192,0.5972306062104205,0.2278666282408975
23730.0,0.9126825624674292,0.08638394666606534,9.334908665055611E-4
23021.0,0.0981915596605528,0.8954396380302797,0.006368802309167463
23256.0,2.524945539876331E-4,0.04946826791647826,0.9502792375295341
23499.0,0.051003353323473645,0.6998059843824531,0.2491906622940732
24647.0,1.5989241664537008E-4,0.04042485647427969,0.959415251109075
24394.0,0.4593921241422593,0.5238449878104068,0.016762888047333946
24153.0,0.08265349417016597,0.912170734070637,0.005175771759197071
23679.0,2.852377295019444E-4,0.028083975090856594,0.9716307871796414
23916.0,6.068585417440687E-5,0.048720603561477796,0.9512187105843477
23302.0,0.33760131883407096,0.5733250763124599,0.0890736048534692
23061.0,0.0048008382308755764,0.48648517027511673,0.5087139914940076
23907.0,0.47819397309712436,0.5086709852176636,0.013135041685211974
23664.0,0.03438917722088151,0.8823533889633068,0.08325743381581176
24150.0,0.005972888899495342,0.056145667039166035,0.9378814440613386
24648.0,0.11551500975666885,0.8772149779720475,0.007270012271283673
24389.0,0.005695419154421545,0.3384463256331805,0.6558582552123979
23066.0,0.6248231775816938,0.35042732715192493,0.02474949526638118
23305.0,1.0076604016289329E-4,0.04931657749314723,0.9505826564666898
23741.0,0.3155449336654541,0.5695515533646003,0.11490351296994558
23982.0,0.0034468780828226515,0.22863723026382424,0.767915891653353
24456.0,0.8040949931209107,0.19394995090308983,0.0019550559759994673
24709.0,0.1734299468035311,0.6196917331253738,0.20687832007109502
24219.0,0.017858264363616434,0.9315056198017782,0.05063611583460547
23492.0,0.3900382499820861,0.5586989811404637,0.051262768877450265
23255.0,6.681573901791765E-4,0.15338690761994223,0.8459449349898787
23010.0,0.11335446507394224,0.8431374659299333,0.04350806899612441
24287.0,2.3209768260526085E-4,0.19203877113973195,0.8077291311776628
24524.0,0.09885647642776738,0.8930525651459718,0.008090958426260784
24042.0,0.03785497772726872,0.9314708933448067,0.030674128927924565
23801.0,0.047208009348596966,0.7258521615339179,0.22693982911748517
23187.0,0.016412129334184046,0.49618023562404,0.4874076350417759
23424.0,0.8896748937933455,0.10959414419958365,7.309620070707996E-4
24321.0,1.321783658454798E-5,0.05548375169097643,0.944503030472439
24588.0,0.28241924844569977,0.6934380676864905,0.024142683867809697
24082.0,0.13271308425384393,0.8286661308183333,0.03862078492782273
23604.0,0.537110411788356,0.45812906237058176,0.004760525841062371
23847.0,0.9247053484739732,0.07502377334188891,2.708781841378197E-4
23373.0,0.08465335252797639,0.6843678622066321,0.23097878526539162
23134.0,2.9211992465256857E-4,0.54171608871242,0.4579917913629272
23067.0,0.6207223498224859,0.37264544329196575,0.006632206885548486
23304.0,0.4831812211898722,0.49666770087736795,0.020151077932759855
23906.0,0.7479148299643066,0.24994979253481453,0.0021353775008788223
23665.0,0.21281529864145962,0.6392327140984043,0.1479519872601362
24151.0,0.08782302416645672,0.9028439984342896,0.009332977399253786
24388.0,0.7372651847951093,0.2605399472393501,0.0021948679655404524
24649.0,6.053785660811174E-4,0.05410806228293067,0.9452865591509882
23493.0,0.925490082178246,0.07154768103837128,0.002962236783382805
23254.0,0.013596329334072614,0.46058122390633804,0.5258224467595892
23011.0,0.6811040737271725,0.3140628839934277,0.004833042279399775
23740.0,0.16895152714753608,0.8162951696697989,0.014753303182665125
23983.0,0.045918144602898746,0.9491818475073811,0.0049000078897201175
24708.0,0.0016242451525362276,0.13445778882893322,0.8639179660185304
24457.0,0.030913191916427076,0.9415105605956088,0.02757624748796413
24218.0,8.257235019695902E-6,0.031222032527502313,0.968769710237478
23186.0,0.5001317513988555,0.49787626325652445,0.0019919853446201466
23425.0,0.1284104310492955,0.8285513299246747,0.04303823902602979
24286.0,0.15874239262404685,0.6820556596420744,0.15920194773387886
24525.0,1.9227050812288082E-4,0.2443429575003997,0.7554647719914773
24043.0,0.22655977243350267,0.6679062390496264,0.1055339885168709
23800.0,0.9468901508565077,0.05254503943549819,5.648097079941146E-4
23372.0,0.03507993260215057,0.5701720141272788,0.39474805327057066
23135.0,0.002006922447722741,0.46594625630130443,0.5320468212509728
24320.0,0.06825183035488838,0.803322443418582,0.12842572622652962
24589.0,4.990780818447853E-5,0.046931570091702055,0.9530185221001135
24083.0,0.0019480734647925797,0.12905516235719908,0.8689967641780084
23605.0,0.005039301629477181,0.8631239878123059,0.13183671055821683
23846.0,0.011787227693065738,0.12597796279713566,0.8622348095097986
23666.0,0.8795659117421945,0.11992564258334613,5.084456744592268E-4
23905.0,8.436913974124951E-6,0.020205643607606405,0.9797859194784195
24650.0,4.7738563417904276E-4,0.2662541589515024,0.7332684554143186
24391.0,0.03678135387558954,0.9501501055885834,0.013068540535826997
24148.0,2.0158834835557127E-4,0.10663702238158981,0.8931613892700546
23307.0,0.813441128749743,0.18305118638178514,0.0035076848684718652
23064.0,0.05471463131602581,0.7994368177855214,0.14584855089845278
23980.0,0.8158647859716184,0.18218966826186286,0.0019455457665188054
23743.0,0.773996073629499,0.208850130062321,0.017153796308179967
24217.0,3.1721366255938294E-5,0.04020304021138531,0.9597652384223588
24711.0,0.9148483567902735,0.08488905564860634,2.625875611199479E-4
24458.0,0.019097068791954937,0.3024092858785044,0.6784936453295407
23253.0,1.618737891935255E-5,0.039253535993022545,0.960730276628058
23494.0,0.9054678581671334,0.09274879735664769,0.0017833444762189344
23008.0,0.0013636487744199649,0.2520937215486621,0.746542629676918
24526.0,7.397668324150619E-4,0.06704734877470231,0.9322128843928826
24285.0,6.769751775933681E-7,0.005155308741607962,0.9948440142832146
23803.0,0.0021826838807296727,0.24811557156933697,0.7497017445499334
24040.0,1.3205953350568808E-4,0.028612635753409516,0.9712553047130847
23426.0,0.12953598146878145,0.8652427196630316,0.005221298868186987
23185.0,1.5416271080175281E-6,0.01196111808948859,0.9880373402834035
24080.0,0.024894806549333213,0.8313892455442123,0.1437159479064544
24323.0,0.126848958456609,0.8663706270166205,0.00678041452677057
24590.0,0.15447900106155205,0.821034040295293,0.024486958643154824
23845.0,0.8449951986908975,0.15271853859083726,0.0022862627182652696
23606.0,0.9213571324370614,0.0783972031224541,2.456644404844916E-4
23132.0,0.11803263900744991,0.5140821261365243,0.3678852348560259
23375.0,0.009043401983565359,0.1051712754842545,0.8857853225321801
23306.0,0.04065604958097292,0.8912680802681137,0.06807587015091336
23065.0,2.6841057774211043E-5,0.033778648180849746,0.966194510761376
23667.0,0.9047992906891485,0.09496474084250295,2.3596846834871327E-4
23904.0,0.04156618787055112,0.6613817692115221,0.2970520429179267
24390.0,0.020875808777038103,0.7683200965901288,0.2108040946328331
24651.0,8.96462526621678E-4,0.4716767015562813,0.5274268359170969
24149.0,0.1495189064651864,0.7930269662706632,0.05745412726415048
23252.0,0.17776165915785547,0.7323280799071656,0.08991026093497897
23495.0,0.3092101866673167,0.6274975701266655,0.06329224320601763
23009.0,0.7946300545368735,0.20379351985681166,0.0015764256063147282
23981.0,0.0017415000163591829,0.3002160172378516,0.6980424827457892
23742.0,0.11036067428601799,0.8647947769100717,0.024844548803910394
24216.0,7.277500971702004E-5,0.05943724951212621,0.9404899754781568
24459.0,0.4705162459156257,0.5267769453993798,0.002706808684994461
24710.0,5.842764219757976E-6,0.00863461177148176,0.9913595454642984
23427.0,1.5187251723025198E-4,0.08712343459397166,0.912724692888798
23184.0,0.09984345781826931,0.5668998617381751,0.3332566804435558
24527.0,0.417946111911101,0.49051315635275183,0.09154073173614725
24284.0,2.2068666935255618E-4,0.5887036723197079,0.4110756410109394
23802.0,0.008517682511733649,0.3700130590843257,0.6214692584039407
24041.0,0.13710005217893914,0.7807795335803277,0.0821204142407332
23133.0,0.09519331538253753,0.8052620847657684,0.09954459985169412
23374.0,0.45527728694252617,0.4871545761513232,0.0575681369061507
24081.0,0.4343480000601605,0.5281286221656376,0.037523377774201894
24591.0,0.24966390096329408,0.674595490574282,0.07574060846242395
24322.0,0.812085158559396,0.18663781314269803,0.0012770282979060164
23844.0,0.0914398196574146,0.9061766323011247,0.0023835480414607035
23607.0,0.0520454662862269,0.5956803719465125,0.3522741617672606
24705.0,2.890715619851741E-5,0.0530412274600099,0.9469298653837915
24460.0,0.30117660317501244,0.6953190787335854,0.003504318091402103
24223.0,0.00305695395754219,0.6109345619842134,0.38600848405824434
23737.0,0.060135145971126625,0.895651932953349,0.04421292107552437
23978.0,0.4716775654400142,0.5155723658523153,0.012750068707670514
23014.0,0.13799613101318922,0.8543387353717317,0.007665133615078916
23488.0,1.727312458982846E-5,0.10372441771195783,0.8962583091634523
23251.0,0.01079514010104277,0.3303939399603523,0.658810919938605
24146.0,0.6508530668981921,0.3304566689853164,0.018690264116491394
24652.0,3.212042074780937E-4,0.39757374421889846,0.6021050515736235
24385.0,0.4212816533575562,0.5769020594871637,0.0018162871552800147
23911.0,0.002133052685299915,0.46529406286706987,0.5325728844476303
23668.0,0.8975050424121138,0.1019174032491607,5.775543387255647E-4
23070.0,0.09048825895630587,0.6540615999873088,0.25545014105638525
23309.0,0.020917922473881263,0.4716157526747542,0.5074663248513646
23600.0,8.068163174983545E-4,0.10784535794181284,0.8913478257406887
23843.0,0.931662078855998,0.06800536351106705,3.3255763293501417E-4
24325.0,0.8034753527303571,0.193429208213668,0.00309543905597491
24584.0,0.9269733627589472,0.07262401092460727,4.0262631644544277E-4
24086.0,0.0012159897301841965,0.07120841915102916,0.9275755911187867
23369.0,0.15866119702017936,0.5567915078445704,0.2845472951352501
23130.0,0.11094465855949173,0.8817020529786281,0.007353288461880223
24046.0,0.08737993870467214,0.758151117873484,0.15446894342184386
23805.0,0.38474763805868006,0.6088042725835519,0.006448089357768174
24283.0,0.4973312689138232,0.49839023292788726,0.004278498158289652
24520.0,0.7648572323479272,0.2299304545137435,0.005212313138329324
23191.0,0.17940495596893347,0.7954594002357023,0.02513564379536426
23428.0,0.423574746122351,0.5710144901974783,0.00541076368017071
23015.0,0.0459743563540206,0.7861000074166776,0.1679256362293018
23489.0,0.775583080214294,0.2234807371037555,9.361826819505737E-4
23250.0,0.005039587369890408,0.537221332514653,0.4577390801154565
24704.0,4.013286953495605E-6,0.041877445918241656,0.9581185407948049
24461.0,4.785196834501991E-4,0.07940908020153802,0.9201124001150118
24222.0,0.010506121756944256,0.3432054399053582,0.6462884383376974
23736.0,1.1301602434584562E-6,0.0044524345964206645,0.9955464352433359
23979.0,0.4204860825385694,0.5307815833718569,0.04873233408957377
23071.0,0.9265792549790681,0.07316563344057483,2.5511158035687316E-4
23308.0,0.06725962381978452,0.9244552820816792,0.008285094098536285
24147.0,9.365373943410803E-5,0.04035440909521721,0.9595519371653486
24653.0,0.0010188493524799856,0.05148339549413167,0.9474977551533883
24384.0,0.051975035955518646,0.874898182320701,0.07312678172378027
23910.0,3.8956617040719265E-5,0.014642206540144394,0.985318836842815
23669.0,0.8484568482928531,0.1509766273574184,5.665243497284699E-4
23368.0,0.008271379897301529,0.23696523617502796,0.7547633839276706
23131.0,1.8059134910670865E-4,0.106521865861772,0.8932975427891213
23601.0,0.15815114196199642,0.7215325314837392,0.12031632655426433
23842.0,0.029808197012373215,0.5328451337829602,0.4373466692046665
24324.0,7.860363264768233E-4,0.06862412951801769,0.9305898341555054
24585.0,0.008172750900444965,0.5621209975380108,0.4297062515615443
24087.0,8.504298492559542E-5,0.03480815539455687,0.9651068016205175
23190.0,0.8516524178413526,0.1472526207356867,0.001094961422960675
23429.0,0.07702573678125392,0.8719272530553704,0.05104701016337568
24047.0,0.023570453456569974,0.9301317428070106,0.04629780373641936
23804.0,0.0013065261776804033,0.42745972926123543,0.5712337445610842
24282.0,9.835453053718198E-4,0.36256957261042705,0.6364468820842012
24521.0,0.40639659206476403,0.5684329987224894,0.025170409212746384
24221.0,4.546104967839007E-4,0.042326571646671106,0.957218817856545
24462.0,1.480792946109486E-5,0.009602297568081244,0.9903828945024576
24707.0,0.13418516863072394,0.7474454566924157,0.1183693746768605
23976.0,0.0044815380322808535,0.09491033163315653,0.9006081303345627
23739.0,0.020747442988720794,0.8164823872789971,0.16277016973228203
23012.0,0.22362299748791215,0.6978076127303868,0.07856938978170101
23249.0,0.6379344379290416,0.3574474341745236,0.004618127896434873
23490.0,0.003051901490612725,0.45270758852211496,0.5442405099872724
24387.0,0.07797421514068113,0.8944256390273363,0.027600145831982472
24654.0,4.93309621191788E-6,0.014440185708892453,0.9855548811948956
24144.0,0.812085158559396,0.18663781314269803,0.0012770282979060164
23670.0,0.7753242478258213,0.22353988795984378,0.0011358642143348705
23909.0,0.6608176722191645,0.3376894254346434,0.0014929023461920628
23311.0,9.695284831688995E-4,0.36661842687785556,0.6324120446389756
23068.0,0.003108494307743471,0.3276815185187463,0.6692099871735102
23841.0,0.3204347789281241,0.6590533799992795,0.020511841072596394
23602.0,0.15682634852074187,0.823423726923965,0.01974992455529312
24084.0,0.09560991285457797,0.6555246475538241,0.24886543959159788
24327.0,4.250467469920734E-5,0.025767720523604633,0.9741897748016961
24586.0,0.8315448408133568,0.166388868176788,0.002066291009855256
23128.0,0.34358490684341625,0.5286409554552293,0.12777413770135437
23371.0,0.06551388686018496,0.5559748275479494,0.3785112855918657
23807.0,7.781937283341511E-4,0.6030913172687494,0.3961304890029163
24044.0,0.0050512271150281885,0.6385933303858559,0.3563554424991161
24522.0,0.4396304498539687,0.5087536898555032,0.05161586029052807
24281.0,0.004680236702688267,0.6409628448289045,0.3543569184684071
23430.0,0.021080412167494376,0.7190197928298574,0.25989979500264815
23189.0,0.220214797430078,0.7758891322814054,0.0038960702885165207
23013.0,2.7672668790362076E-4,0.09768179010478557,0.9020414832073109
23248.0,0.029920171654627827,0.9385764878872943,0.03150334045807784
23491.0,0.3189587278422445,0.6451495606884906,0.035891711469264884
24220.0,0.8874098115247575,0.11082305852701732,0.001767129948225001
24706.0,0.5535446377891498,0.4271083514450373,0.019347010765813022
24463.0,0.9148483567902735,0.08488905564860634,2.625875611199479E-4
23977.0,0.7578712896367947,0.22664844467159273,0.015480265691612592
23738.0,0.0828050851498652,0.7388478880804926,0.1783470267696422
23310.0,0.0029404728863452584,0.23585259063704814,0.7612069364766065
23069.0,0.04026861319314477,0.6543270916152919,0.3054042951915632
24386.0,0.013671006745382488,0.7496668032480515,0.23666219000656613
24655.0,0.01599397076944645,0.9643620149242758,0.019644014306277723
24145.0,0.903220214548683,0.09655031457081784,2.294708804992105E-4
23671.0,5.0547097753388706E-5,0.03201026126690396,0.9679391916353427
23908.0,3.609631369655247E-5,0.03554384892202996,0.9644200547642735
23129.0,0.0016500550331879648,0.5850711673424028,0.4132787776244093
23370.0,0.9191946887162604,0.07978827325096678,0.0010170380327727765
23840.0,0.009608981289227951,0.6112397962139311,0.37915122249684097
23603.0,0.7588114265192497,0.23007311460868726,0.011115458872062944
24085.0,1.2754400363819515E-5,0.009284151594727225,0.990703094004909
24587.0,0.0029086167323985157,0.3911838801948632,0.6059075030727382
24326.0,0.3118919928936623,0.5812905465612057,0.10681746054513191
23431.0,0.011327712730157022,0.9238501371847814,0.06482215008506165
23188.0,2.153329389823442E-4,0.11847445799122919,0.8813102090697885
23806.0,0.0043662624480745715,0.49624874355929166,0.49938499399263386
24045.0,0.1839544352926119,0.7236015015379446,0.09244406316944345
24523.0,0.6879932414400759,0.30664266438688415,0.005364094173039986
24280.0,0.02119099933919701,0.6718547041595299,0.30695429650127326
24262.0,6.040414585240513E-4,0.08839201364911338,0.9110039448923625
24533.0,3.1561991340783017E-4,0.3354890027008594,0.6641953773857329
24051.0,1.2921175671364908E-4,0.029847827214490273,0.9700229610287961
23776.0,7.71259538705086E-5,0.024476434859234536,0.9754464391868949
22975.0,0.2498730378766216,0.7431515747406915,0.0069753873826868705
23178.0,0.0025868780844621867,0.6009298537058126,0.39648326820972524
23449.0,0.013152886771263882,0.7194485460666143,0.2673985671621217
24344.0,0.033418205605548985,0.5199758806212664,0.4466059137731846
24597.0,0.1768104029086374,0.6900405073497395,0.13314908974162315
24075.0,4.623709318374731E-4,0.11071529671761232,0.8888223323505503
23597.0,0.0014588768152673853,0.39174193146389186,0.6067991917208408
23870.0,0.032711274364953385,0.7358333239733632,0.23145540166168352
23380.0,0.002187383933746808,0.1411434090871231,0.8566692069791302
23111.0,0.00805409239557911,0.3818071406646936,0.6101387669397274
23930.0,0.9148483567902735,0.08488905564860634,2.625875611199479E-4
23657.0,2.0229436192031303E-4,0.05736072836024045,0.9424369772778393
24143.0,0.09984194897138869,0.8860325312893116,0.014125519739299729
24657.0,0.9009632292724321,0.09879714452691479,2.3962620065331693E-4
24412.0,0.23189197196161637,0.7437342878846317,0.02437374015375184
23043.0,0.24331976969873492,0.5957506725270942,0.16092955777417065
23312.0,0.5330390295267893,0.446135248291416,0.02082572218179475
23716.0,0.8921152229026327,0.10432823645763979,0.003556540639727492
23991.0,0.9033847085734578,0.09627035469052743,3.449367360149005E-4
24465.0,0.7913131678491369,0.2056132171460637,0.003073615004799512
24732.0,0.1448255097485249,0.8367695497058115,0.018404940545663526
24194.0,0.6793417806811667,0.3180035746818909,0.0026546446369424136
23517.0,0.2209624635760084,0.7727655371040019,0.006271999319989642
23246.0,0.9281237179644029,0.07162956095803572,2.4672107756137067E-4
23035.0,0.052885888370115965,0.6418961162935178,0.305217995336366
22974.0,0.030294424875182555,0.5804794292406238,0.38922614588419363
23179.0,0.0026461367269035216,0.8347529240846101,0.1626009391884864
23448.0,0.015943310709661117,0.9748633224934893,0.009193366796849537
24263.0,0.7011403749844735,0.2962229233810179,0.0026367016345086054
24532.0,0.004386511642450377,0.2559396413510014,0.7396738470065483
24050.0,0.8782518224083261,0.12116624452362762,5.819330680462741E-4
23777.0,8.024154806986596E-4,0.18398343870124526,0.815214145818056
23381.0,0.9178484329800186,0.0818619777236634,2.895892963179425E-4
23110.0,0.014338114696115132,0.8906101703959582,0.09505171490792669
24345.0,0.001285573365243214,0.058506118318383746,0.940208308316373
24596.0,0.03272380285305267,0.3453837530214051,0.6218924441255421
24074.0,0.7038788888344162,0.2871986816205773,0.008922429545006463
23596.0,1.1343773194292938E-6,0.009649216611474047,0.9903496490112065
23871.0,2.0416415240598722E-4,0.11426537830137702,0.8855304575462171
23042.0,9.780462760640079E-7,0.015455413276492674,0.9845436086772313
23313.0,0.01592333984298604,0.14766085449927258,0.8364158056577415
23931.0,0.19341911463278913,0.7342820864724318,0.07229879889477907
23656.0,0.01636898311442356,0.7782227009988641,0.20540831588671224
24142.0,0.1258096643482646,0.5976318297584602,0.2765585058932752
24413.0,1.5608664357609695E-4,0.08995194362808168,0.9098919697283423
24656.0,0.019228915820608868,0.9651548866463243,0.015616197533066822
23516.0,0.008736758675880795,0.4754967703751681,0.515766470948951
23247.0,0.9078152012062322,0.09177266292841184,4.121358653559712E-4
23034.0,0.09134525547908012,0.3411005545621084,0.5675541899588114
23717.0,0.018458630674169148,0.16510103661135922,0.8164403327144717
23990.0,0.7295395168974784,0.25206784682460937,0.018392636277912284
24464.0,6.943226280058576E-4,0.22895616610886918,0.7703495112631249
24733.0,0.903329369445009,0.09441863682788651,0.002251993727104534
24195.0,0.8487706334732028,0.15030745667341147,9.219098533858367E-4
24535.0,0.045844906045657975,0.9521291320492282,0.0020259619051138135
24260.0,0.7995964163406346,0.19975167494564966,6.519087137158745E-4
23778.0,0.39375324646653276,0.5791434573586147,0.027103296174852583
24049.0,6.331344299697009E-7,0.004768835498482424,0.9952305313670875
22973.0,0.7347272486445942,0.26396329335637025,0.0013094579990355004
23451.0,0.022656737100072356,0.9261518976111038,0.051191365288823884
23176.0,0.7261107007922869,0.2721809210531232,0.0017083781545898802
24073.0,0.04384824359743646,0.9362661410980552,0.019885615304508244
24599.0,0.17319747432292054,0.8198829825386738,0.006919543138405845
24346.0,0.12468669646127933,0.8680817513467504,0.0072315521919703385
23868.0,0.11123271046462403,0.8820947260688908,0.006672563466485157
23599.0,0.8913102009747621,0.10766248224410137,0.0010273167811363805
23109.0,0.18848152510784708,0.714296346085139,0.09722212880701385
23382.0,0.3137651640660385,0.5724569434034673,0.11377789253049428
23659.0,1.8416193533154893E-5,0.015261045109144465,0.9847205386973223
23928.0,0.6328477863987911,0.3601634571209464,0.00698875648026253
24414.0,6.864217942629773E-6,0.03352406270556384,0.9664690730764934
24659.0,0.001878091643357121,0.12508368402778702,0.8730382243288558
24141.0,0.9334124567422123,0.06632824508531067,2.592981724771123E-4
23314.0,0.05956286904473471,0.8461632880341892,0.09427384292107605
23041.0,0.9195423770431063,0.08014862761400096,3.08995342892662E-4
23989.0,0.031877386386850615,0.8606574837516368,0.10746512986151271
23718.0,0.0013574604137802336,0.22336548819469873,0.7752770513915211
24192.0,0.6552909607377745,0.32959833496444,0.015110704297785481
24467.0,0.0015983295484717384,0.7957159011155998,0.20268576933592836
24734.0,9.689152698102591E-4,0.17937922191576527,0.8196518628144245
23244.0,0.05145753328037493,0.8901819192345727,0.058360547485052296
23519.0,0.027731243275313334,0.7567451092892727,0.21552364743541375
23033.0,0.07771393095803616,0.7779263340172086,0.14435973502475524
22972.0,1.2907820105609313E-5,0.01825649743770389,0.9817305947421904
23450.0,0.09604442648114458,0.8957311015267112,0.008224471992144211
23177.0,0.17408796166074883,0.49008476030077697,0.3358272780384741
24534.0,0.002045837133088488,0.1517664723017396,0.8461876905651718
24261.0,0.9277572602832056,0.07086388348772178,0.0013788562290727318
23779.0,0.01848240225647734,0.6917970986699591,0.28972049907356356
24048.0,0.0039251374368021105,0.15366465576928784,0.8424102067939102
23108.0,0.00905891503953965,0.7966271096536003,0.19431397530686
23383.0,1.804355063461494E-4,0.15222817942486913,0.8475913850687847
24072.0,0.001224731655280927,0.6389204375778085,0.35985483076691066
24347.0,0.007526452393021951,0.14374443003714588,0.8487291175698322
24598.0,0.00540239441716356,0.4372101766099251,0.5573874289729114
23869.0,0.012536289185532111,0.5120393202584815,0.47542439055598634
23598.0,0.00840895934174693,0.19478605874065782,0.7968049819175953
23315.0,0.5820126031455636,0.41670409988900114,0.0012832969654353087
23040.0,2.3974690412745437E-4,0.048337389271443904,0.9514228638244288
23658.0,0.8395797547369973,0.15837659084671174,0.002043654416291064
23929.0,0.01208145194478466,0.8745023755036713,0.11341617255154415
24415.0,0.023714777042443243,0.32360031255266203,0.6526849104048946
24658.0,0.10776149587956729,0.8818469519114361,0.010391552208996582
24140.0,5.271959710664819E-5,0.04946183182099378,0.9504854485818995
23245.0,6.769885767557855E-5,0.14631543130895028,0.853616869833374
23518.0,6.170384157818076E-5,0.025271161347087904,0.9746671348113339
23032.0,0.05016864838789673,0.5533385730450675,0.3964927785670358
23988.0,0.47311778255168113,0.49507042752675373,0.03181178992156524
23719.0,3.3992584956915245E-5,0.02717009600478512,0.9727959114102579
24193.0,2.3152316115092707E-4,0.04227631822553283,0.9574921586133163
24466.0,2.378153695102267E-4,0.11057352502355643,0.8891886596069334
24735.0,0.5078457466139258,0.47350264371910467,0.01865160966696943
23593.0,0.17715040530010784,0.7934735104065158,0.02937608429337644
23866.0,0.03988960842350453,0.9153459676155694,0.04476442396092608
24348.0,0.2945721055560004,0.45915204442604995,0.24627585001794963
24593.0,1.4642070004735376E-5,0.026553494141926832,0.9734318637880683
24079.0,4.1845675409513653E-4,0.127233208130733,0.8723483351151718
23376.0,0.15771614895114128,0.6366201441663001,0.20566370688255883
23107.0,0.042925687138936464,0.35815587387434655,0.5989184389867169
24055.0,0.7254586468866466,0.27258269577904237,0.0019586573343110536
23780.0,0.044320345902138,0.8041950292912151,0.15148462480664682
24258.0,5.287058436173529E-4,0.19892601768419682,0.800545276472186
24529.0,0.01819473038625616,0.7011458715406274,0.2806593980731164
