22958.0,0.02140105600890416,0.9785975252911933,1.4186999026093031E-6
23195.0,0.004549742331858748,0.9954145978582117,3.565980992952983E-5
23432.0,5.657792223543618E-11,2.5458218119325484E-5,0.9999745417253028
24279.0,0.2954004046925528,0.7045439180102917,5.567729715546856E-5
24516.0,2.458696405731531E-7,0.8676849977846455,0.13231475634571396
24034.0,0.0022730617520517423,0.9968696774455296,8.572608024185375E-4
23793.0,6.6502019116963684E-9,0.23220918750262168,0.7677908058471763
23365.0,9.716240798533424E-17,3.869866156325304E-9,0.9999999961301338
23126.0,0.7376531795587467,0.2622965487667711,5.0271674482254296E-5
24329.0,0.04873467988491317,0.9414758972540487,0.009789422861038143
24580.0,0.6903294191759273,0.3096658274007245,4.753423348395727E-6
24090.0,0.0019191310154345832,0.9972013060491212,8.795629354441666E-4
23612.0,0.9880853680873647,0.011914620897048003,1.1015587337161617E-8
23855.0,0.8358505696736948,0.1641476627483002,1.767578005022596E-6
23058.0,0.9894113890420918,0.010588602531946543,8.425961713032775E-9
23297.0,1.1778240999958134E-15,1.5177095385034152E-6,0.9999984822904604
23915.0,0.09432391750695768,0.9050077689244332,6.683135686090514E-4
23672.0,0.08591522063798011,0.9121642617894787,0.0019205175725411747
24158.0,0.00805426137345871,0.9877851121880866,0.004160626438454871
24640.0,0.8025764138088263,0.19741858634926207,4.999841911648541E-6
24397.0,4.124791312068636E-7,0.14437252546570464,0.8556270620551641
23500.0,0.9644751937343677,0.035524777705316396,2.856031577357889E-8
23263.0,7.223007577964329E-6,0.46900901586513066,0.5309837611272914
23018.0,6.379149794082072E-35,6.59952560418618E-14,0.999999999999934
23733.0,0.7376579260819615,0.2622679175906853,7.415632735319849E-5
23974.0,0.9957697259676741,0.004230272069127612,1.963198334505119E-9
24448.0,5.8151318004921965E-18,4.026172357326741E-8,0.9999999597382764
24717.0,0.002388185200244116,0.984753412912952,0.012858401886803797
24211.0,2.026352707918922E-12,0.0014416576168611165,0.9985583423811126
24278.0,0.4137698343334656,0.5861783924843311,5.177318220327839E-5
24517.0,0.23675113052428837,0.7631074089847629,1.41460490948803E-4
24035.0,0.7023404394334746,0.2976559844319615,3.5761345638221887E-6
23792.0,0.6982412224906313,0.3017578386422736,9.388670950361989E-7
22959.0,8.596396355651691E-5,0.8793477426066146,0.12056629342982887
23194.0,0.005058357819442972,0.994915935038275,2.5707142281878987E-5
23433.0,0.8148961791200312,0.18510003175240355,3.789127565243564E-6
24581.0,0.9728893076000624,0.02711061689512258,7.550481497487098E-8
24328.0,2.063456020360563E-5,0.9491056829002716,0.050873682539524734
24091.0,0.045235378717346654,0.9196024024664777,0.03516221881617558
23613.0,0.9181178364289971,0.08188169199175728,4.7157924560128275E-7
23854.0,0.9652301540830894,0.0347686810173733,1.164899537264047E-6
23364.0,2.0647144195958588E-19,2.537749075823113E-9,0.9999999974622509
23127.0,0.9814843693990299,0.01851558768464884,4.2916321146955536E-8
23914.0,0.9925330724826148,0.007466923831971014,3.685414290871402E-9
23673.0,0.0038787031087063103,0.9900933455662463,0.006027951325047453
24159.0,0.982615866889114,0.017384098528731153,3.458215489291359E-8
24641.0,0.8395620756955546,0.1604363726368136,1.5516676319619706E-6
24396.0,0.2358815534098387,0.7640886238596197,2.9822730541545477E-5
23059.0,0.9530765149976351,0.04692199662543069,1.4883769342045561E-6
23296.0,3.368804567902329E-13,6.0505515520110755E-5,0.9999394944841431
23732.0,1.2315835092197798E-15,4.3914621202007E-8,0.9999999560853775
23975.0,0.9004402792731299,0.0995594950600417,2.2566682831605228E-7
24449.0,1.3016897051612746E-7,0.0071545193902245625,0.9928453504408049
24716.0,2.748570346545751E-15,6.251396280287363E-7,0.9999993748603693
24210.0,1.0567368681956793E-25,1.396175997155835E-10,0.9999999998603823
23501.0,1.7147444909095403E-12,2.4410218906579226E-5,0.9999755897793786
23262.0,2.8963063962071242E-15,1.9155665697398697E-5,0.9999808443342998
23019.0,0.994504983807695,0.005495014543105188,1.6491998111229041E-9
22956.0,0.9404771206417759,0.059522750260931796,1.290972922845471E-7
23434.0,4.722984359218873E-24,2.6441698998217148E-11,0.9999999999735583
23193.0,0.8690178387353505,0.13097925606795321,2.905196696302065E-6
24518.0,4.382822147738088E-15,3.480234593526589E-4,0.999651976540643
24277.0,0.020756000280084827,0.9731537700949744,0.0060902296249407545
23795.0,5.104560507793724E-14,8.612568724498536E-8,0.9999999138742618
24032.0,1.418087008010021E-6,0.9806749671185253,0.019323614794466773
23124.0,0.038257235769971226,0.9550853319946462,0.006657432235382499
23367.0,0.001461518281105672,0.9850788143964692,0.013459667322425258
24088.0,1.0476588015627363E-5,0.9894395355661095,0.010549987845874648
24331.0,0.9962979126608547,0.0037020854509592525,1.8881859866961083E-9
24582.0,2.7358518802265655E-10,0.006216056938057652,0.993783942788357
23853.0,0.10507325746034499,0.8949180444857723,8.698053882670416E-6
23614.0,4.704199636243909E-8,0.2921648813895335,0.7078350715684701
23299.0,0.07022229697368915,0.9296915514973743,8.615152893662167E-5
23056.0,0.07127281729446684,0.9279935542877321,7.336284178009687E-4
23674.0,6.899626775016036E-4,0.9915784077787914,0.007731629543707248
23913.0,7.223783043555595E-11,0.01165041094274758,0.9883495889850147
24399.0,1.3231733520880735E-17,4.994271845847799E-8,0.9999999500572814
24642.0,0.9947249680737289,0.0052750280080604214,3.918210640102496E-9
24156.0,1.8368294227793487E-26,1.1813615276302412E-10,0.9999999998818638
23261.0,4.51041611261608E-8,0.18223080786029058,0.8177691470355483
23502.0,0.9959223061868614,0.00407769238279574,1.4303428025825907E-9
23016.0,5.300287086665027E-4,0.9773760093736307,0.02209396191770264
23972.0,3.5260626025687605E-8,0.01966139377788111,0.9803385709614929
23735.0,0.9959223061868614,0.00407769238279574,1.4303428025825907E-9
24209.0,8.203461832615161E-6,0.4255824053601072,0.5744093911780601
24719.0,6.2778759244898E-5,0.9998303649861696,1.0685625458543865E-4
24450.0,0.9669831929608175,0.033016722086549405,8.49526331601296E-8
24519.0,4.989811474590989E-7,0.3939290518713592,0.6060704491474933
24276.0,1.3361133546986517E-23,4.392437025987674E-11,0.9999999999560756
23794.0,1.5593783538663502E-13,3.2633960080520473E-5,0.9999673660397634
24033.0,3.54350866034872E-4,0.9916155536474749,0.008030095486490207
22957.0,3.738905472521797E-4,0.988290025830951,0.011336083621796878
23435.0,0.6067028085142409,0.39316612325492756,1.3106823083163297E-4
23192.0,0.9800655766611417,0.019934331415391655,9.192346664436673E-8
24089.0,0.34359636445205577,0.656390357909417,1.327763852722032E-5
24583.0,0.9879509005107441,0.012049088281497394,1.1207758610725653E-8
24330.0,0.9312721642662358,0.06872768958880919,1.461449551223316E-7
23852.0,0.9327656178234343,0.06723402154476617,3.6063179952952353E-7
23615.0,0.008725930178259587,0.9884843232394563,0.002789746582284106
23125.0,0.9951633112755918,0.0048366870724789535,1.651929322431695E-9
23366.0,3.373800815469549E-27,2.730167257692461E-13,0.9999999999997269
23675.0,3.018422328800884E-9,0.004541902093743591,0.9954580948878341
23912.0,0.9511638252900589,0.048835710624655214,4.640852858115865E-7
24643.0,4.319865489657057E-4,0.9409158107180452,0.05865220273298903
24398.0,0.8796405448951056,0.12035862674172992,8.283631644973913E-7
24157.0,0.906721791925467,0.093277717515444,4.905590888768735E-7
23298.0,0.9956667985814437,0.004333197170934843,4.247621526341851E-9
23057.0,7.595709938828549E-5,0.9881683822217074,0.011755660678904139
23973.0,0.9946363292630835,0.005363666419862156,4.317054374433569E-9
23734.0,0.731598475090564,0.2683957160616734,5.8088477626277814E-6
24208.0,0.9954867096457924,0.004513287931616589,2.422590919544256E-9
24451.0,4.891592400330542E-9,0.009866544558410132,0.9901334505499975
24718.0,4.715103417125448E-9,0.053485769531722765,0.9465142257531738
23260.0,0.011474616249301134,0.9867732716108927,0.001752112139806104
23503.0,2.2170948114423407E-9,6.378396396061234E-5,0.9999362138189446
23017.0,4.70076940813608E-4,0.7359383309137292,0.2635915921454573
23361.0,0.016503066257520436,0.9473883606216286,0.03610857312085093
23122.0,0.011167201277403,0.47510259651861325,0.5137302022039838
23608.0,6.575991717389846E-4,0.9079343381135564,0.09140806271470467
23851.0,1.7756997685873416E-25,6.130818686055505E-10,0.9999999993869182
24576.0,2.749337630106472E-4,0.9827667844204768,0.01695828181651256
24333.0,1.2633115509198154E-8,0.013292549474869821,0.9867074378920148
24094.0,4.2111493534703E-12,1.9857458090527096E-5,0.9999801425376983
23199.0,0.9260344812860295,0.0739597059238429,5.812790127530885E-6
23436.0,6.924874090871409E-5,0.23582256766750628,0.7641081835915849
22954.0,0.7724952429540073,0.2274878717753925,1.6885270600240368E-5
24038.0,0.06540393077052391,0.9345837541614854,1.231506799083105E-5
23797.0,0.9313382119643462,0.06866173704157964,5.099407417469059E-8
24275.0,3.4187728923722327E-32,1.8154360293877017E-13,0.9999999999998184
24512.0,1.7346900543021085E-4,0.9995590042392958,2.675267552738631E-4
23022.0,0.7440275007436921,0.2559675365451641,4.962711143928038E-6
23496.0,3.255635140868441E-8,0.06257482464705619,0.9374251427965924
23259.0,1.2095835602897012E-14,1.5392554615031563E-4,0.9998460744538376
24452.0,0.9944273807673613,0.005572610235809792,8.996828974453802E-9
24713.0,0.5674721114824333,0.43044895793794424,0.0020789305796224734
24215.0,1.2253678339285694E-5,0.6387242393828608,0.36126350693879977
23729.0,0.6271505427870785,0.37206943353279,7.800236801315001E-4
23970.0,0.9657097571686313,0.03429021305221205,2.9779156721378185E-8
23062.0,6.431105521710874E-4,0.9924399348884578,0.006916954559371198
23301.0,0.9956667985814437,0.004333197170934843,4.247621526341851E-9
24154.0,0.0015317373922388005,0.9861299925799708,0.012338270027790324
24644.0,6.707700669667897E-6,0.9129961223317236,0.0869971699676068
24393.0,0.38315479519760365,0.6166860769099923,1.5912789240387336E-4
23919.0,2.946694298188536E-17,1.2515458116646204E-8,0.9999999874845419
23676.0,0.20081116702560708,0.799005053584679,1.8377938971375654E-4
23609.0,0.018265942693295432,0.965178116044863,0.016555941261841473
23850.0,0.8420886479346819,0.1579086884282503,2.663637067995348E-6
24577.0,0.08385770158955531,0.9019095545110954,0.014232743899349217
24332.0,2.125831359179766E-20,5.015748660994711E-7,0.9999994984251339
24095.0,9.537569580331726E-23,4.669885739772767E-9,0.9999999953301142
23360.0,5.809448937342891E-11,4.9294243015812295E-6,0.999995070517604
23123.0,1.5626188301027714E-12,8.243609084712891E-5,0.9999175639075901
24039.0,0.5822666459318802,0.41772524493388247,8.10913423745016E-6
23796.0,2.156098926363597E-20,7.650750727682753E-11,0.9999999999234925
24274.0,1.2647927177761176E-16,3.612358390615126E-8,0.9999999638764161
24513.0,4.203708699921789E-10,0.0034739333556028595,0.9965260662240262
23198.0,0.9832374844059796,0.016762467862855058,4.773116529301968E-8
23437.0,5.597587593551473E-4,0.9986256075334481,8.146337071966515E-4
22955.0,7.17661216172789E-4,0.9347420390386103,0.06454029974521695
24712.0,0.8979239364784306,0.10206702291940471,9.040602164747134E-6
24453.0,0.9961130746241881,0.0038869231896261234,2.186185803860801E-9
24214.0,0.9860073801825613,0.013992588456703,3.136073588072526E-8
23728.0,7.5309678039262735E-6,0.31191735372262946,0.6880751153095667
23971.0,0.18413309457939628,0.8157796581657691,8.724725483456373E-5
23023.0,1.0576172313900961E-5,0.23769474087171696,0.7622946829559692
23497.0,0.0031236222308130687,0.9957717266655303,0.0011046511036565477
23258.0,1.866483902486077E-20,7.6728630945627E-9,0.9999999923271369
24155.0,5.14125587097634E-4,0.9972644913746123,0.002221383038290075
24645.0,0.8929999176449939,0.10699925872327226,8.236317337025104E-7
24392.0,0.9597264457131148,0.04027344343249946,1.1085438558054691E-7
23918.0,0.7551174463958469,0.24487944854440444,3.1050597487246687E-6
23677.0,3.1437034603580044E-24,3.2944746308177634E-10,0.9999999996705526
23063.0,0.9655855881832438,0.03441434313732024,6.867943601334487E-8
23300.0,0.9957697259676741,0.004230272069127612,1.963198334505119E-9
23120.0,7.120089469987557E-9,0.08725212023038234,0.9127478726495282
23363.0,0.5140228873621416,0.4859573583431947,1.975429466372737E-5
23849.0,0.00526158869855895,0.9930039005625823,0.0017345107388587208
23610.0,4.974892429435579E-5,0.9924978220626838,0.007452429013021804
24092.0,0.06728004570631886,0.877891483236092,0.054828471057589194
24578.0,4.576466587195158E-23,3.37994491735031E-11,0.9999999999662006
24335.0,1.9789025996828056E-6,0.24992790421859074,0.7500701168788096
23438.0,6.591227773338825E-21,4.071297873415299E-7,0.9999995928702127
23197.0,3.68611990080151E-10,0.01815505522235947,0.9818449444090287
22952.0,0.44775785708299987,0.5521685197554246,7.362316157551345E-5
23799.0,0.0018013046572154998,0.9976381202923594,5.605750504250287E-4
24036.0,6.28369517414188E-10,0.7034016558086439,0.2965983435629867
24514.0,3.2496424863023175E-9,6.105948006689871E-4,0.9993894019496885
24273.0,0.042774465347338905,0.9534689205418192,0.003756614110841907
23020.0,1.927399217894449E-15,6.859640237158073E-5,0.9999314035976264
23257.0,0.8962694113726795,0.10372974838863075,8.40238689742095E-7
23498.0,0.02881759560272815,0.9693016226423232,0.0018807817549485024
24213.0,0.7908334244699824,0.20915752376903335,9.051760984118354E-6
24454.0,0.16934069368265597,0.8306517944053387,7.5119120053944025E-6
24715.0,5.925331530001804E-5,0.317738338749761,0.6822024079349389
23968.0,0.9434413293642044,0.056558316311803206,3.543239923069093E-7
23731.0,1.2649895892443547E-24,1.9790839201365985E-11,0.9999999999802092
23303.0,5.7690359213185334E-11,5.223785390811275E-4,0.9994776214032286
23060.0,1.5281392315656176E-18,1.8363693687589004E-6,0.9999981636306313
24395.0,0.10147239304114007,0.8984956384816069,3.196847725289351E-5
24646.0,0.9859388928530408,0.014061090926714473,1.6220244715697244E-8
24152.0,8.854603235156839E-12,0.0016619018302373055,0.9983380981609081
23678.0,0.3283456691905337,0.6715159913577099,1.3833945175636752E-4
23917.0,0.9512387771527887,0.04876111835131701,1.0449589437397465E-7
23848.0,0.005888056394306016,0.9889792359015808,0.005132707704113195
23611.0,0.45759331359029753,0.5420719522993896,3.3473411031283775E-4
24093.0,0.008245274583492094,0.9106971737372369,0.08105755167927088
24334.0,2.7724451253890363E-6,0.6842711754350489,0.31572605211982574
24579.0,6.613271336758985E-10,0.09475000693514213,0.9052499924035309
23121.0,7.154858678370223E-8,0.12614467897725956,0.8738552494741537
23362.0,0.7006004994122902,0.2993806380568285,1.8862530881258828E-5
23798.0,4.650218999650296E-6,0.8817071411966362,0.11828820858436427
24037.0,0.009022284735034579,0.9902451034288786,7.326118360868718E-4
24515.0,0.6853534580856805,0.3140337829571054,6.127589572141951E-4
24272.0,0.4470754348084012,0.5527731157113183,1.5144948028053532E-4
23439.0,0.8559502374569128,0.1440471318742557,2.630668831572294E-6
23196.0,9.300037212006471E-29,1.769515035563866E-13,0.999999999999823
22953.0,0.9922110728207505,0.007788920796631723,6.38261773113282E-9
24212.0,0.9956667985814437,0.004333197170934843,4.247621526341851E-9
24714.0,2.7746215764373203E-10,0.0018016067731030008,0.9981983929494348
24455.0,3.698843797381793E-11,0.0026884777878895447,0.997311522175122
23969.0,0.040536745579101176,0.8641800648793033,0.09528318954159559
23730.0,0.9850767172835021,0.014923135078284824,1.4763821298218684E-7
23021.0,0.9583724529618,0.04162732751510563,2.195230944695548E-7
23256.0,4.376868966173632E-18,1.080526754472303E-5,0.9999891947324553
23499.0,4.7075416182302914E-5,0.5744117494150432,0.4255411751687745
24647.0,2.5601335121023973E-19,8.619491599310211E-9,0.9999999913805085
24394.0,0.989319657071587,0.010680328102081459,1.4826331668041275E-8
24153.0,0.034906040169146176,0.9650913704143946,2.5894164592723302E-6
23679.0,8.000017886488214E-15,2.1728169423496265E-7,0.9999997827182977
23916.0,7.284456050107056E-28,9.353381614565732E-14,0.9999999999999065
23302.0,0.7358443282559315,0.2641365269031633,1.9144840905184893E-5
23061.0,0.1232677468933242,0.8693766387829115,0.00735561432376434
23907.0,0.5580268419639326,0.44196935686286215,3.8011732053104323E-6
23664.0,0.03796969945500069,0.9507526334452177,0.011277667099781598
24150.0,1.0523988423760653E-4,0.03399988786179702,0.9658948722539653
24648.0,0.8846363598957979,0.11536252294686065,1.1171573414437093E-6
24389.0,2.3385971644830174E-6,0.5525199010357309,0.44747776036710457
23066.0,0.4621545308695161,0.5378163910042988,2.907812618512514E-5
23305.0,5.561791166388939E-12,1.3606440759167564E-4,0.9998639355868465
23741.0,0.13459025288308799,0.8651986647778378,2.1108233907414506E-4
23982.0,9.428365774450808E-18,1.2182407196961766E-7,0.9999998781759281
24456.0,0.8249581495828926,0.17503790219337861,3.948223728884239E-6
24709.0,0.024168814413680274,0.9739707762430369,0.001860409343282668
24219.0,5.178724082302313E-4,0.9993812083402069,1.0091925156282184E-4
23492.0,0.007060701116589991,0.9917740924237297,0.0011652064596802158
23255.0,6.49206894229528E-10,5.083520396859515E-4,0.9994916473111072
23010.0,0.7705690769824688,0.22942772868161987,3.194335911482622E-6
24287.0,8.15820193315849E-12,0.0019700961618027476,0.9980299038300392
24524.0,0.32656717647652944,0.6734324597847217,3.6373874885695923E-7
24042.0,5.738979040600581E-4,0.9993903210730901,3.578102284986811E-5
23801.0,0.04871295296237593,0.9484453294352011,0.0028417176024228353
23187.0,5.2514181961643736E-5,0.7863944479240202,0.21355303789401797
23424.0,0.9964129342974605,0.0035870603016415177,5.400898205832426E-9
24321.0,4.336451338495549E-12,7.998263169986125E-4,0.9992001736786651
24588.0,0.0038101777886972595,0.987973414256001,0.008216407955301753
24082.0,0.261824112751855,0.7381063539523858,6.953329575925425E-5
23604.0,0.1843573035547857,0.8156328488187308,9.847626483545424E-6
23847.0,0.9956667985814437,0.004333197170934843,4.247621526341851E-9
23373.0,0.6763881719661363,0.3234291771245247,1.8265090933897247E-4
23134.0,9.264998648212427E-6,0.9753264090188454,0.024664325982506407
23067.0,0.7936579016586693,0.20633750498902356,4.593352307111766E-6
23304.0,0.7850724441552075,0.2149235127992295,4.043045562907496E-6
23906.0,0.9807044195625337,0.01929554481447995,3.562298621959126E-8
23665.0,0.5952524789047966,0.4046806514453629,6.686964984039013E-5
24151.0,0.7982836304471769,0.20171624616347836,1.233893447272588E-7
24388.0,0.9519723097901679,0.048027532303777244,1.5790605479992957E-7
24649.0,3.662610064064168E-8,0.031213494788767854,0.9687864685851315
23493.0,0.3811807752790484,0.6188081423727306,1.1082348220910103E-5
23254.0,3.0220525416662324E-4,0.8497821731517312,0.14991562159410224
23011.0,0.9961130746241881,0.0038869231896261234,2.186185803860801E-9
23740.0,0.39773259944697315,0.6022657590476247,1.64150540216423E-6
23983.0,0.009183650390570541,0.9905949670671559,2.2138254227373552E-4
24708.0,2.196340411090266E-9,0.0022132868547403385,0.9977867109489192
24457.0,0.13672405533125248,0.8632654354094736,1.05092592739898E-5
24218.0,2.473720004357487E-17,4.9686746939236764E-8,0.9999999503132531
23186.0,0.977117377904106,0.022882588997718,3.309817591830448E-8
23425.0,0.008613651523214918,0.9912669941633718,1.1935431341329397E-4
24286.0,2.3651705605981163E-5,0.9948891039308797,0.005087244363514196
24525.0,0.010186621788281683,0.9163091929908983,0.0735041852208202
24043.0,0.43736162112975613,0.5624509200236453,1.874588465985892E-4
23800.0,0.9907443526792984,0.00925563792867899,9.392022472685604E-9
23372.0,0.07192687538218379,0.9278137952869969,2.5932933081930824E-4
23135.0,6.133703806253395E-6,0.6731342165430956,0.3268596497530982
24320.0,0.009226206189701238,0.9905528601275199,2.2093368277897407E-4
24589.0,8.336807357158348E-14,3.754054160025363E-5,0.9999624594583164
24083.0,5.804643121493502E-14,1.6878795318869658E-6,0.99999831212041
23605.0,2.509515499912777E-5,0.9570842078199043,0.04289069702509662
23846.0,0.45875844343280464,0.505224239798974,0.036017316768221355
23666.0,0.9959223061868614,0.00407769238279574,1.4303428025825907E-9
23905.0,7.947528200293372E-27,3.59542971949248E-13,0.9999999999996405
24650.0,9.141016457912255E-22,2.996195096566041E-11,0.999999999970038
24391.0,0.01636585580008203,0.983629109302204,5.034897713886425E-6
24148.0,0.0010284218566554827,0.9932343196027976,0.005737258540546806
23307.0,0.933125660589208,0.06687385483009145,4.845807006849307E-7
23064.0,5.815986107265229E-8,0.1250053228759799,0.8749946189641591
23980.0,0.9937056474444504,0.006294349550923596,3.0046259413865143E-9
23743.0,0.09041488035469214,0.9093212598068046,2.6385983850347956E-4
24217.0,4.8311824942786845E-23,2.1338406903694866E-11,0.9999999999786615
24711.0,0.9951633112755918,0.0048366870724789535,1.651929322431695E-9
24458.0,5.499604868420472E-8,0.01084474887189496,0.9891551961320563
23253.0,1.6718769709579438E-15,1.002204885447176E-5,0.9999899779511437
23494.0,0.9086549596847445,0.09133691993368973,8.120381565769029E-6
23008.0,1.268800475294759E-12,9.399189414918132E-5,0.999906008104582
24526.0,6.828913730265084E-5,0.790361937573837,0.2095697732888603
24285.0,8.219099829110136E-36,2.5925016839666747E-16,0.9999999999999998
23803.0,2.7490247117487142E-12,1.1494008215110214E-4,0.9998850599150999
24040.0,6.4785538210713966E-15,1.8045194632120273E-8,0.999999981954799
23426.0,0.9880853680873647,0.011914620897048003,1.1015587337161617E-8
23185.0,7.064608324662501E-37,4.1416227241904684E-17,1.0
24080.0,0.6434126063598812,0.35658160291074226,5.790729376553276E-6
24323.0,0.9729576338976242,0.027042339332690297,2.676968529755359E-8
24590.0,0.9472310393255349,0.05276873170499683,2.289694681280772E-7
23845.0,0.9834011632247197,0.01659880202961153,3.47456688195881E-8
23606.0,0.9962979126608547,0.0037020854509592525,1.8881859866961083E-9
23132.0,0.03902409587437711,0.9600352366739558,9.406674516670105E-4
23375.0,8.586084370636629E-11,2.150869014816124E-5,0.999978491223991
23306.0,0.6490933456742456,0.35088279316642385,2.386115933042717E-5
23065.0,2.6475377473118773E-14,9.189282152424813E-7,0.9999990810717583
23667.0,0.9562102825492395,0.04378957087967154,1.465710888598948E-7
23904.0,0.02121087055092722,0.7748190318285116,0.20397009762056112
24390.0,0.013344577611418421,0.9858596987957455,7.957235928360536E-4
24651.0,3.4477619338517367E-6,0.22381987884936785,0.7761766733886982
24149.0,0.6286695360180716,0.3713143547033462,1.610927858217656E-5
23252.0,2.7473522797193134E-4,0.9876547223828809,0.012070542389147195
23495.0,0.6816300559368449,0.3183076216528565,6.232241029842595E-5
23009.0,0.9949411001229541,0.0050588968315064455,3.045539275342066E-9
23981.0,1.4260350040743797E-13,0.006177886740821043,0.9938221132590364
23742.0,0.975986331005767,0.024013529708998723,1.3928523427680187E-7
24216.0,4.509705485183243E-5,0.9932994157760857,0.006655487169062429
24459.0,0.9524895684484527,0.04751019335933921,2.3819220824749673E-7
24710.0,2.482950826058092E-22,3.5119347183340897E-10,0.9999999996488065
23427.0,1.1232395374371854E-16,1.8934342109159924E-6,0.999998106565789
23184.0,1.8194743190695628E-4,0.880196073526141,0.11962197904195211
24527.0,0.9944452857423098,0.005554711113360957,3.1443290721815646E-9
24284.0,8.079147612255334E-15,1.8606426173442024E-4,0.9998139357382576
23802.0,2.7725623439579057E-4,0.7906154022169278,0.20910734154867638
24041.0,0.8006677885222253,0.19925839470413997,7.381677363473735E-5
23133.0,0.2706314944632425,0.7292904882731456,7.801726361196747E-5
23374.0,0.21150468882277998,0.7875774859935634,9.178251836566487E-4
24081.0,0.21703356959879175,0.7829492851757808,1.7145225427483168E-5
24591.0,0.4620366537173832,0.5378929750240403,7.037125857649398E-5
24322.0,0.9795913485927107,0.02040860022573625,5.118155293948271E-8
23844.0,0.014460786262727857,0.9855346731611263,4.540576145666147E-6
23607.0,0.0026949107776164075,0.9933469470996211,0.003958142122762493
24705.0,1.4572801956921846E-46,6.629399897806579E-23,1.0
24460.0,0.6437961718385835,0.35619698129232674,6.846869089728341E-6
24223.0,1.6003965606185284E-6,0.5868072792961803,0.4131911203072591
23737.0,0.9837514357690278,0.01624852805110121,3.6179870987888315E-8
23978.0,0.6082722644361696,0.39172442739415836,3.3081696720901608E-6
23014.0,0.9795913485927107,0.02040860022573625,5.118155293948271E-8
23488.0,1.5630002200055055E-28,8.416845827054127E-10,0.9999999991583155
23251.0,2.7104143607622108E-5,0.6148696372295012,0.38510325862689115
24146.0,0.6611676139816783,0.3348709205982056,0.003961465420116169
24652.0,2.797879122111688E-6,0.922565371124355,0.07743183099652282
24385.0,0.8633785624171114,0.13662021987777834,1.2177051102531471E-6
23911.0,6.85611088094752E-6,0.4710767674286573,0.5289163764604617
23668.0,0.9932675313172044,0.006732462590710496,6.0920850132911115E-9
23070.0,3.8465311147817716E-4,0.9828559664872403,0.016759380401281575
23309.0,0.00791761070937837,0.9871398174420308,0.004942571848590993
23600.0,9.10878817592816E-16,1.3058211019321395E-8,0.9999999869417882
23843.0,0.9946024248356924,0.005397572642116994,2.522190544574946E-9
24325.0,0.7541824573222051,0.24580853881257728,9.003865217463307E-6
24584.0,0.9933609857316082,0.006639007535484575,6.732907108491008E-9
24086.0,6.0847766628318866E-5,0.7461855082244768,0.2537536440088949
23369.0,8.174523073645768E-4,0.940978061732042,0.058204485960593445
23130.0,0.9954867096457924,0.004513287931616589,2.422590919544256E-9
24046.0,5.8272211485722046E-6,0.7396448839573309,0.26034928882152053
23805.0,0.8397266410309784,0.16027099905829653,2.3599107251110705E-6
24283.0,0.9033044674879823,0.09669460629065214,9.262213657033582E-7
24520.0,0.7697279397063524,0.2302566310609289,1.5429232718606973E-5
23191.0,0.759391039514726,0.24060094251451816,8.017970755712011E-6
23428.0,0.9430004040909901,0.05699952042583793,7.548317194492893E-8
23015.0,0.002859084498319875,0.9912147654152538,0.005926150086426213
23489.0,0.9794044187129084,0.020595534211938337,4.7075153229525516E-8
23250.0,1.538797376022469E-5,0.14068831293900164,0.8592962990872381
24704.0,1.3882425233069834E-17,1.9832804758923332E-5,0.999980167195241
24461.0,1.8646038381014515E-6,0.10443108282991251,0.8955670525662494
24222.0,1.0316324948540863E-5,0.0700326938694662,0.9299569898055854
23736.0,9.330102828833581E-17,1.8626941215899923E-7,0.9999998137305878
23979.0,0.15921739983616875,0.8390624047204289,0.001720195443402321
23071.0,0.9840241081652688,0.015975874205956486,1.7628774818409126E-8
23308.0,8.252726996690017E-4,0.999140341050657,3.438624967390365E-5
24147.0,1.7465604813044856E-26,1.1627333176684043E-12,0.9999999999988374
24653.0,8.990813891070027E-7,0.06277851288922412,0.9372205880293868
24384.0,0.016248961032508467,0.9836326670207949,1.183719466965786E-4
23910.0,7.297523212443114E-13,7.959140632475309E-5,0.9999204085929454
23669.0,0.9955565366597591,0.004443461039042548,2.301198375276849E-9
23368.0,5.044068812212234E-7,0.631750156150591,0.3682493394425277
23131.0,3.893219943355474E-20,1.8593780969329517E-7,0.9999998140621903
23601.0,0.007370366951566379,0.9832136316147747,0.00941600143365897
23842.0,2.5296532941611775E-6,0.052911703691902054,0.9470857666548038
24324.0,7.558164696572135E-5,0.08251235683270307,0.9174120615203313
24585.0,2.8477513555729915E-12,0.00646958545331172,0.9935304145438405
24087.0,3.486296790387634E-16,2.0187278216921836E-8,0.9999999798127215
23190.0,0.9916210860278215,0.008378905714315474,8.257862887200786E-9
23429.0,0.9908498897905932,0.009150094816822215,1.5392584658866564E-8
24047.0,0.05237357156122901,0.947385916572694,2.4051186607714276E-4
23804.0,4.4896750223616553E-13,2.8164515194760537E-5,0.9999718354843562
24282.0,1.1302952511793805E-16,1.0224748087564663E-6,0.9999989775251911
24521.0,0.8782200800364826,0.1217734866000048,6.433363512699458E-6
24221.0,3.2054650393852414E-13,2.18831505927681E-6,0.9999978116846201
24462.0,2.6229684058706807E-19,1.2820224735278228E-8,0.9999999871797752
24707.0,0.07780164293357089,0.9218799458664071,3.1841120002194497E-4
23976.0,4.959494508615638E-11,7.940024081478792E-5,0.9999205997095902
23739.0,0.004568978089998156,0.9773135769534824,0.018117444956519433
23012.0,0.8057724853675807,0.19421568395681188,1.1830675607325518E-5
23249.0,0.9925919921606314,0.007408004163238495,3.6761301719490004E-9
23490.0,9.939385215123196E-8,0.4240503660556197,0.5759495345505281
24387.0,3.230784182699931E-6,0.8749165916046954,0.12508017761112192
24654.0,1.482582994469999E-31,1.4531408524340073E-15,0.9999999999999984
24144.0,0.6228958480069327,0.3770888202436293,1.533174943816905E-5
23670.0,0.9962382365409065,0.0037617616513610217,1.8077325242861273E-9
23909.0,0.9234369473742889,0.07656282923083213,2.2339487894940935E-7
23311.0,9.785451234441413E-5,0.599894086415282,0.4000080590723735
23068.0,3.47970838263602E-5,0.8663243857293242,0.1336408171868495
23841.0,0.2611042315288818,0.738797084239419,9.868423169902052E-5
23602.0,0.9730912523420698,0.02690869872241726,4.8935512969975695E-8
24084.0,8.988872723794365E-4,0.9789837373699853,0.020117375357635157
24327.0,1.1534839989353887E-20,5.422139378636307E-10,0.9999999994577862
24586.0,0.8278998220848327,0.17209769469330385,2.4832218635154526E-6
23128.0,0.03202991763405487,0.9678573102411466,1.1277212479853431E-4
23371.0,2.0659701870376888E-7,0.16455683312799027,0.835442960274991
23807.0,2.0201555031597998E-6,0.27857775587553585,0.721420223968961
24044.0,1.5387441946721365E-4,0.9303304813542653,0.06951564422626727
24522.0,8.92390635604812E-4,0.9972681988964487,0.0018394104679464863
24281.0,2.2239698009566246E-15,9.833132572175467E-6,0.9999901668674255
23430.0,3.655656218801135E-5,0.9994216228987621,5.41820539049858E-4
23189.0,0.14818355917748263,0.8518048569618755,1.158386064179736E-5
23013.0,1.4999119203967059E-5,0.98872658015744,0.011258420723356147
23248.0,0.17792459320517257,0.8220730534720614,2.3533227660232928E-6
23491.0,0.19306576931700498,0.8060444227664552,8.898079165397645E-4
24220.0,0.9944452857423098,0.005554711113360957,3.1443290721815646E-9
24706.0,0.5356232098927057,0.464251501083073,1.2528902422127025E-4
24463.0,0.9951633112755918,0.0048366870724789535,1.651929322431695E-9
23977.0,0.5550017311222132,0.4447575731968534,2.4069568093337463E-4
23738.0,7.927829359178956E-5,0.5707535960371858,0.4291671256692225
23310.0,0.004713098046255322,0.9870371201058088,0.008249781847935917
23069.0,2.43051203025179E-6,0.6518568553169785,0.34814071417099135
24386.0,0.0013178602497001279,0.7602858877228568,0.23839625202744322
24655.0,0.0410034803317706,0.9589910109283909,5.508739838634584E-6
24145.0,0.9962979126608547,0.0037020854509592525,1.8881859866961083E-9
23671.0,2.9287395517728484E-8,0.02894366576063723,0.9710563049519673
23908.0,6.5621616279210805E-34,9.235814675248859E-19,1.0
23129.0,9.329942058757134E-5,0.9998641891340069,4.251144540556208E-5
23370.0,0.6871661632347169,0.3128326290036545,1.2077616284989577E-6
23840.0,1.0257146677413234E-4,0.9739016990473842,0.025995729485841595
23603.0,0.11959238733742161,0.8802480510513573,1.5956161122118162E-4
24085.0,3.181498246863011E-14,1.1052357695744208E-5,0.9999889476422724
24587.0,0.006877944055801844,0.9922986813195745,8.233746246236435E-4
24326.0,0.3119210118418384,0.6879738635538796,1.0512460428212231E-4
23431.0,4.704197397799229E-5,0.9999478459346939,5.112091328027324E-6
23188.0,3.901783623902545E-9,0.03248049658751062,0.9675194995107057
23806.0,1.2440407272600743E-7,0.3666485904617007,0.6333512851342266
24045.0,0.04113043771199038,0.9577415328934832,0.0011280293945263877
24523.0,0.43853383445005467,0.56133440902619,1.3175652375529875E-4
24280.0,0.014725897425786066,0.985096012706906,1.7808986730770865E-4
24262.0,5.542731663208136E-12,6.310784352049696E-5,0.9999368921509367
24533.0,2.6273488400719293E-13,6.390918170797136E-5,0.9999360908180293
24051.0,2.5952893527328314E-17,2.0227075796583383E-9,0.9999999979772924
23776.0,1.0027170746562318E-15,2.774638681602797E-9,0.9999999972253604
22975.0,0.035149444585354093,0.9647609892924991,8.9566122146817E-5
23178.0,0.0023193922720265276,0.9952939419026142,0.002386665825359357
23449.0,0.00908583345205742,0.8073647341448449,0.18354943240309762
24344.0,0.005249930337596801,0.9873046284516758,0.007445441210727456
24597.0,0.044413022051440924,0.9555572170634776,2.9760885081430475E-5
24075.0,2.055307964435147E-6,0.28557045630985906,0.7144274883821765
23597.0,7.796442626530612E-9,0.04107205972493588,0.9589279324786215
23870.0,8.517510868926451E-5,0.8060820815891752,0.19383274330213554
23380.0,7.4003128921566095E-6,0.9006527770939085,0.09933982259319932
23111.0,9.925353328784693E-5,0.9983649584131039,0.0015357880536081719
23930.0,0.9951633112755918,0.0048366870724789535,1.651929322431695E-9
23657.0,2.313387707152046E-17,2.302657148848261E-7,0.9999997697342851
24143.0,0.9889914595017171,0.01100852000219739,2.0496085376605547E-8
24657.0,0.989104011675459,0.01089596405804055,2.4266500589535402E-8
24412.0,0.38021219968705405,0.6168454703401363,0.0029423299728096024
23043.0,0.23640593424415932,0.7635157764530733,7.828930276734767E-5
23312.0,0.8466161372366123,0.15338180860451586,2.05415887182562E-6
23716.0,0.9056039959482342,0.09432973114113287,6.627291063292468E-5
23991.0,0.9549269756580695,0.04507211659588379,9.07746046774223E-7
24465.0,0.9765560119127699,0.023443957947843114,3.01393869012433E-8
24732.0,0.8845182213413191,0.11548074722399412,1.0314346869077824E-6
24194.0,0.9210159775709228,0.07898390359102103,1.188380561580497E-7
23517.0,0.8397266410309784,0.16027099905829653,2.3599107251110705E-6
23246.0,0.9955355646597841,0.004464433835672882,1.5045428167960021E-9
23035.0,0.020675642549294212,0.9780149915833695,0.0013093658673363155
22974.0,4.0805387526892966E-7,0.006398307312760886,0.9936012846333638
23179.0,0.0026622463940863933,0.9957572489006332,0.0015805047052802875
23448.0,0.5629454357995143,0.43705308816278915,1.4760376965978942E-6
24263.0,0.4518617037061399,0.5481379793985102,3.168953498448485E-7
24532.0,2.6893437948220178E-5,0.1554674067369615,0.8445056998250903
24050.0,0.9324721164409218,0.06752704506574848,8.384933297400123E-7
23777.0,1.4479359048098588E-4,0.20132777406115315,0.7985274323483659
23381.0,0.9954867096457924,0.004513287931616589,2.422590919544256E-9
23110.0,0.43064161473284,0.5693555818272061,2.8034399539147533E-6
24345.0,2.9897416985015904E-20,4.115074601266017E-9,0.9999999958849253
24596.0,4.003946470695308E-16,2.3083543440063473E-7,0.9999997691645652
24074.0,0.9773472937645555,0.022652609170882482,9.706456197138573E-8
23596.0,1.0831259777834577E-42,7.392128542187734E-22,1.0
23871.0,0.0013273850649619195,0.9916601955761608,0.007012419358877233
23042.0,2.0468656998324584E-28,9.26975450273552E-11,0.9999999999073024
23313.0,1.6795079110079592E-7,0.005558796345204872,0.994441035704004
23931.0,0.09650038660504891,0.9032995665856945,2.0004680925655725E-4
23656.0,8.471808747229762E-4,0.9816913480218977,0.017461471103379332
24142.0,8.226067750322484E-4,0.938625315633512,0.06055207759145568
24413.0,6.568502897171384E-13,3.0490608368222428E-5,0.999969509390975
24656.0,0.08455134231412113,0.9154323648829902,1.6292802888643403E-5
23516.0,2.397365250136176E-5,0.9359399368679431,0.06403608947955547
23247.0,0.9962382365409065,0.0037617616513610217,1.8077325242861273E-9
23034.0,0.052338596026236445,0.9469186892942961,7.427146794672476E-4
23717.0,7.957266076854528E-12,9.164865568040034E-7,0.9999990835054859
23990.0,0.9320036696090691,0.06799492719726451,1.4031936663534172E-6
24464.0,4.685526427385972E-7,0.10557474831638886,0.8944247831309685
24733.0,0.9954867096457924,0.004513287931616589,2.422590919544256E-9
24195.0,0.5001851431030001,0.4997969099800306,1.794691696925136E-5
24535.0,0.5368295475553142,0.46315223269186434,1.8219752821510618E-5
24260.0,0.9884293522191561,0.011570621453513863,2.632733005053877E-8
23778.0,0.5773505041959419,0.42244547523906256,2.0402056499545807E-4
24049.0,1.2028312908560188E-22,1.9393311297877576E-11,0.9999999999806066
22973.0,0.9809275423777843,0.019072409270259383,4.8351956227284544E-8
23451.0,0.18545437066474563,0.8145315619722568,1.4067362997583622E-5
23176.0,0.9204594941365994,0.07954034754593993,1.583174606223148E-7
24073.0,0.15471502185738298,0.8452807370140807,4.241128536220959E-6
24599.0,0.9961130746241881,0.0038869231896261234,2.186185803860801E-9
24346.0,0.922779175041459,0.07722022372317051,6.012353703651922E-7
23868.0,0.7774209042047746,0.2225750615666054,4.034228620145005E-6
23599.0,0.9951633112755918,0.0048366870724789535,1.651929322431695E-9
23109.0,0.5107285802662063,0.48926227318151233,9.146552281466616E-6
23382.0,0.3827653343081706,0.6163041583773385,9.305073144908767E-4
23659.0,7.055435652823597E-21,6.470347597734247E-11,0.9999999999352964
23928.0,0.7404563025493761,0.25953756482846607,6.132622157763728E-6
24414.0,2.7086180385200145E-18,5.2472889170459614E-8,0.9999999475271107
24659.0,1.5624227858078238E-6,0.09794610589759441,0.9020523316796197
24141.0,0.9803068530491166,0.019693092206175485,5.474470791394208E-8
23314.0,0.2781725643984021,0.7217791025481735,4.833305342438087E-5
23041.0,0.9957697259676741,0.004230272069127612,1.963198334505119E-9
23989.0,7.011755626726603E-6,0.987529409925317,0.012463578319056357
23718.0,3.5039159853992994E-9,0.041248880527047366,0.9587511159690365
24192.0,0.9346728025327914,0.06532638675112906,8.10716079542014E-7
24467.0,1.1438614381376247E-5,0.7415538052815756,0.2584347561040431
24734.0,2.8030764919598088E-11,0.002309431038826147,0.997690568933143
23244.0,0.3308510722516182,0.6689225977285166,2.263300198652445E-4
23519.0,0.0220665041226771,0.9777069457776287,2.2655009969405583E-4
23033.0,0.001386056901476843,0.9874645514475804,0.011149391650942824
22972.0,1.0441580234738563E-22,6.607464040436715E-11,0.9999999999339253
23450.0,0.2461165686315612,0.7538829471573472,4.842110917433758E-7
23177.0,0.004808997993551847,0.9817434734367605,0.013447528569687553
24534.0,7.738650963585113E-15,8.304117788613626E-6,0.9999916958822036
24261.0,0.9961130746241881,0.0038869231896261234,2.186185803860801E-9
23779.0,0.4458694919777744,0.5538870611942317,2.4344682799387718E-4
24048.0,6.350922069081283E-8,0.0018367106484531992,0.9981632258423261
23108.0,7.37389194919871E-4,0.8327544406980385,0.1665081701070417
23383.0,7.177890637544206E-9,0.1052823123286188,0.8947176804934904
24072.0,5.26037059553779E-24,3.998970742859579E-11,0.9999999999600102
24347.0,3.593569628969811E-10,0.00518014393520235,0.9948198557054406
24598.0,1.3535010396189234E-7,0.3514532334660196,0.6485466311838766
23869.0,7.975267292869765E-14,5.7369568204603225E-6,0.9999942630430999
23598.0,2.982505770757049E-11,4.440415527859629E-6,0.9999955595546471
23315.0,0.20393266013065997,0.7960533934912283,1.3946378111876793E-5
23040.0,6.159085879615915E-4,0.395949936799834,0.6034341546122045
23658.0,0.9557118923540333,0.044287985678575684,1.219673908639124E-7
23929.0,8.875766303050605E-9,0.0026946084721091858,0.9973053826521245
24415.0,1.3805883468904064E-14,6.299084856148069E-7,0.9999993700915006
24658.0,0.877615234373447,0.12238285158263836,1.914043914550516E-6
24140.0,1.667767128755049E-27,2.0925168107550053E-10,0.9999999997907483
23245.0,1.9870074195548827E-33,1.4839839930484362E-15,0.9999999999999984
23518.0,1.0297136483867602E-27,3.091447274068968E-13,0.9999999999996909
23032.0,0.0014466434560046456,0.9929349023087221,0.005618454235273293
23988.0,0.7348328114027189,0.26463141280885144,5.357757884296705E-4
23719.0,2.0180548921031622E-12,0.004054246628951923,0.99594575336903
24193.0,1.6820434473032495E-8,0.5888911007430851,0.4111088824364804
24466.0,1.2713738220357856E-20,7.722653809091795E-9,0.9999999922773463
24735.0,1.2029482853494682E-4,0.9707286669814473,0.029151038190017513
