22958.0,0.0,0.6566666666666666,0.3433333333333334
23195.0,0.17000000000000018,0.6666666666666662,0.16333333333333352
23432.0,0.0,0.3333333333333333,0.6666666666666666
24279.0,0.12333333333333346,0.6099999999999999,0.2666666666666666
24516.0,0.0,0.3733333333333335,0.6266666666666665
24034.0,0.4733333333333334,0.4966666666666666,0.03
23793.0,0.0,0.6066666666666664,0.39333333333333365
23365.0,0.0,0.3333333333333333,0.6666666666666666
23126.0,0.6633333333333334,0.33333333333333337,0.0033333333333333375
24329.0,0.1466666666666667,0.5233333333333333,0.3299999999999999
24580.0,0.6666666666666666,0.3333333333333333,0.0
24090.0,0.20666666666666675,0.6566666666666664,0.13666666666666685
23612.0,0.6666666666666666,0.3333333333333333,0.0
23855.0,0.3333333333333333,0.6666666666666666,0.0
23058.0,0.5266666666666666,0.4733333333333333,0.0
23297.0,0.0,0.3900000000000001,0.6099999999999998
23915.0,0.2733333333333334,0.6466666666666666,0.08000000000000006
23672.0,0.3833333333333334,0.3833333333333334,0.23333333333333323
24158.0,0.2933333333333333,0.6033333333333333,0.10333333333333346
24640.0,0.35333333333333355,0.6466666666666665,0.0
24397.0,0.0,0.3366666666666667,0.6633333333333333
23500.0,0.6566666666666665,0.3433333333333334,0.0
23263.0,0.21999999999999997,0.3966666666666667,0.3833333333333333
23018.0,0.0,0.33666666666666667,0.6633333333333333
23733.0,0.6533333333333332,0.3466666666666668,0.0
23974.0,0.6666666666666666,0.3333333333333333,0.0
24448.0,0.0,0.3333333333333333,0.6666666666666666
24717.0,0.3966666666666669,0.2733333333333332,0.32999999999999996
24211.0,0.0,0.42666666666666686,0.5733333333333333
24278.0,0.4633333333333335,0.5366666666666665,0.0
24517.0,0.47999999999999987,0.4666666666666668,0.05333333333333333
24035.0,0.6666666666666666,0.3333333333333333,0.0
23792.0,0.3333333333333333,0.6666666666666666,0.0
22959.0,0.08333333333333338,0.6599999999999999,0.2566666666666667
23194.0,0.0,0.6433333333333331,0.35666666666666696
23433.0,0.6566666666666665,0.3433333333333334,0.0
24581.0,0.39333333333333353,0.6066666666666665,0.0
24328.0,0.0,0.6,0.4
24091.0,0.0,0.3333333333333333,0.6666666666666666
23613.0,0.3333333333333333,0.6666666666666666,0.0
23854.0,0.5766666666666662,0.4033333333333337,0.020000000000000004
23364.0,0.0,0.3333333333333333,0.6666666666666666
23127.0,0.6666666666666666,0.3333333333333333,0.0
23914.0,0.1333333333333335,0.6666666666666663,0.2000000000000001
23673.0,0.55,0.35333333333333333,0.09666666666666665
24159.0,0.6666666666666666,0.3333333333333333,0.0
24641.0,0.5766666666666665,0.42333333333333356,0.0
24396.0,0.6633333333333333,0.33666666666666667,0.0
23059.0,0.0,0.5299999999999997,0.4700000000000003
23296.0,0.0,0.49333333333333323,0.5066666666666668
23732.0,0.0,0.5299999999999998,0.4700000000000001
23975.0,0.6099999999999997,0.39000000000000035,0.0
24449.0,0.0,0.36333333333333345,0.6366666666666665
24716.0,0.0033333333333333327,0.46666666666666684,0.5299999999999998
24210.0,0.0,0.3333333333333333,0.6666666666666666
23501.0,0.0,0.3333333333333333,0.6666666666666666
23262.0,0.0,0.3333333333333333,0.6666666666666666
23019.0,0.6666666666666666,0.3333333333333333,0.0
22956.0,0.2000000000000001,0.6666666666666663,0.1333333333333335
23434.0,0.0,0.33666666666666667,0.6633333333333333
23193.0,0.06666666666666671,0.6666666666666665,0.26666666666666666
24518.0,0.0,0.3333333333333333,0.6666666666666666
24277.0,0.42333333333333345,0.5533333333333332,0.023333333333333338
23795.0,0.0,0.3333333333333333,0.6666666666666666
24032.0,0.0,0.38666666666666705,0.6133333333333328
23124.0,0.5233333333333333,0.41000000000000014,0.06666666666666667
23367.0,0.0,0.4300000000000002,0.5699999999999998
24088.0,0.0,0.6533333333333333,0.34666666666666673
24331.0,0.6666666666666666,0.3333333333333333,0.0
24582.0,0.013333333333333332,0.5166666666666666,0.4700000000000001
23853.0,0.0,0.6666666666666666,0.3333333333333333
23614.0,0.0,0.3333333333333333,0.6666666666666666
23299.0,0.30333333333333323,0.6166666666666667,0.08000000000000006
23056.0,0.44666666666666693,0.5533333333333331,0.0
23674.0,0.04666666666666671,0.31000000000000005,0.6433333333333333
23913.0,0.06000000000000005,0.6566666666666666,0.2833333333333334
24399.0,0.0,0.3500000000000002,0.6499999999999999
24642.0,0.4400000000000005,0.5599999999999995,0.0
24156.0,0.0,0.3400000000000001,0.6599999999999999
23261.0,0.0,0.396666666666667,0.603333333333333
23502.0,0.6666666666666666,0.3333333333333333,0.0
23016.0,0.6666666666666666,0.3333333333333333,0.0
23972.0,0.003333333333333337,0.32999999999999996,0.6666666666666666
23735.0,0.6633333333333333,0.33666666666666667,0.0
24209.0,0.0,0.35666666666666685,0.6433333333333332
24719.0,0.33,0.6666666666666667,0.0033333333333333375
24450.0,0.6666666666666666,0.3333333333333333,0.0
24519.0,0.02333333333333333,0.5499999999999999,0.42666666666666664
24276.0,0.0,0.3333333333333333,0.6666666666666666
23794.0,0.0,0.5799999999999996,0.42000000000000026
24033.0,0.09666666666666669,0.55,0.35333333333333333
22957.0,0.09333333333333342,0.6433333333333332,0.26333333333333336
23435.0,0.6533333333333333,0.33,0.016666666666666687
23192.0,0.6666666666666666,0.3333333333333333,0.0
24089.0,0.6466666666666665,0.3533333333333335,0.0
24583.0,0.6633333333333333,0.3366666666666667,0.0
24330.0,0.6666666666666666,0.3333333333333333,0.0
23852.0,0.5933333333333332,0.40666666666666673,0.0
23615.0,0.37333333333333363,0.6266666666666665,0.0
23125.0,0.6499999999999999,0.3500000000000001,0.0
23366.0,0.0,0.3333333333333333,0.6666666666666666
23675.0,0.019999999999999993,0.5133333333333334,0.46666666666666656
23912.0,0.3333333333333333,0.6666666666666666,0.0
24643.0,0.32666666666666644,0.4333333333333335,0.23999999999999994
24398.0,0.42999999999999994,0.49,0.07999999999999996
24157.0,0.06666666666666671,0.6666666666666665,0.26666666666666666
23298.0,0.6666666666666666,0.3333333333333333,0.0
23057.0,0.0,0.6366666666666665,0.36333333333333345
23973.0,0.6666666666666666,0.3333333333333333,0.0
23734.0,0.31999999999999995,0.6666666666666667,0.01333333333333335
24208.0,0.6666666666666666,0.3333333333333333,0.0
24451.0,0.0,0.4733333333333334,0.5266666666666666
24718.0,0.010000000000000009,0.3900000000000001,0.5999999999999999
23260.0,0.043333333333333376,0.66,0.29666666666666663
23503.0,0.03,0.5299999999999999,0.44000000000000006
23017.0,0.05333333333333334,0.43333333333333335,0.5133333333333333
23361.0,0.07333333333333335,0.5966666666666666,0.33000000000000007
23122.0,0.0,0.3333333333333333,0.6666666666666666
23608.0,0.37000000000000016,0.5799999999999998,0.05000000000000002
23851.0,0.0,0.3333333333333333,0.6666666666666666
24576.0,0.4566666666666667,0.3966666666666666,0.1466666666666666
24333.0,0.0,0.543333333333333,0.45666666666666694
24094.0,0.11666666666666672,0.2933333333333331,0.5900000000000001
23199.0,0.5733333333333334,0.4033333333333333,0.023333333333333345
23436.0,0.006666666666666672,0.6133333333333332,0.38000000000000017
22954.0,0.03333333333333336,0.6199999999999999,0.34666666666666673
24038.0,0.4600000000000001,0.5333333333333332,0.006666666666666667
23797.0,0.42333333333333334,0.5766666666666665,0.0
24275.0,0.0,0.3333333333333333,0.6666666666666666
24512.0,0.049999999999999996,0.55,0.39999999999999997
23022.0,0.1000000000000001,0.6666666666666665,0.23333333333333342
23496.0,0.39333333333333337,0.4699999999999999,0.13666666666666674
23259.0,0.0,0.3366666666666667,0.6633333333333333
24452.0,0.6666666666666666,0.3333333333333333,0.0
24713.0,0.13000000000000012,0.27666666666666667,0.5933333333333333
24215.0,0.5166666666666666,0.4800000000000001,0.0033333333333333335
23729.0,0.02000000000000002,0.3366666666666667,0.6433333333333333
23970.0,0.3333333333333333,0.6666666666666666,0.0
23062.0,0.08666666666666673,0.6666666666666665,0.2466666666666667
23301.0,0.6666666666666666,0.3333333333333333,0.0
24154.0,0.14666666666666686,0.5666666666666665,0.2866666666666666
24644.0,0.0,0.34666666666666685,0.6533333333333332
24393.0,0.6099999999999999,0.34666666666666673,0.04333333333333336
23919.0,0.0,0.3366666666666667,0.6633333333333333
23676.0,0.563333333333333,0.436666666666667,0.0
23609.0,0.0,0.5633333333333331,0.43666666666666676
23850.0,0.6233333333333331,0.376666666666667,0.0
24577.0,0.10666666666666676,0.6233333333333332,0.27
24332.0,0.0,0.38000000000000034,0.6199999999999997
24095.0,0.0,0.4700000000000002,0.5299999999999998
23360.0,0.0,0.3366666666666667,0.6633333333333333
23123.0,0.0,0.39666666666666717,0.6033333333333328
24039.0,0.3400000000000001,0.6599999999999999,0.0
23796.0,0.0,0.3333333333333333,0.6666666666666666
24274.0,0.0,0.3366666666666667,0.6633333333333333
24513.0,0.0,0.48333333333333356,0.5166666666666664
23198.0,0.27,0.6666666666666666,0.06333333333333338
23437.0,0.0,0.3600000000000002,0.6399999999999998
22955.0,0.0,0.4000000000000003,0.5999999999999998
24712.0,0.6666666666666666,0.3333333333333333,0.0
24453.0,0.6666666666666666,0.3333333333333333,0.0
24214.0,0.6566666666666665,0.3433333333333334,0.0
23728.0,0.003333333333333335,0.603333333333333,0.3933333333333336
23971.0,0.33333333333333337,0.6633333333333333,0.0033333333333333375
23023.0,0.006666666666666666,0.5366666666666662,0.45666666666666716
23497.0,0.6666666666666667,0.29000000000000004,0.04333333333333338
23258.0,0.0,0.3333333333333333,0.6666666666666666
24155.0,0.11000000000000014,0.6533333333333332,0.23666666666666675
24645.0,0.6666666666666666,0.3333333333333333,0.0
24392.0,0.6266666666666665,0.3733333333333335,0.0
23918.0,0.5333333333333334,0.4666666666666665,0.0
23677.0,0.0,0.3666666666666668,0.6333333333333331
23063.0,0.6599999999999999,0.3400000000000001,0.0
23300.0,0.3333333333333333,0.6666666666666666,0.0
23120.0,0.0,0.3333333333333333,0.6666666666666666
23363.0,0.6633333333333333,0.33666666666666667,0.0
23849.0,0.00666666666666667,0.6166666666666665,0.376666666666667
23610.0,0.01000000000000001,0.6399999999999998,0.3500000000000002
24092.0,0.44333333333333336,0.4433333333333333,0.11333333333333336
24578.0,0.0,0.45333333333333337,0.5466666666666667
24335.0,0.013333333333333332,0.4733333333333334,0.5133333333333333
23438.0,0.0,0.52,0.4799999999999999
23197.0,0.0,0.3966666666666671,0.6033333333333329
22952.0,0.2866666666666667,0.5733333333333333,0.14000000000000012
23799.0,0.0,0.35666666666666685,0.6433333333333331
24036.0,0.0,0.3333333333333333,0.6666666666666666
24514.0,0.0,0.3333333333333333,0.6666666666666666
24273.0,0.573333333333333,0.40000000000000024,0.026666666666666675
23020.0,0.0,0.33666666666666667,0.6633333333333333
23257.0,0.6666666666666666,0.3333333333333333,0.0
23498.0,0.6666666666666666,0.3333333333333333,0.0
24213.0,0.3,0.66,0.04000000000000005
24454.0,0.3333333333333333,0.6666666666666666,0.0
24715.0,0.0,0.6266666666666665,0.3733333333333335
23968.0,0.0,0.40666666666666684,0.5933333333333332
23731.0,0.0,0.396666666666667,0.603333333333333
23303.0,0.0,0.6066666666666665,0.3933333333333335
23060.0,0.0,0.46666666666666656,0.5333333333333334
24395.0,0.6533333333333333,0.34666666666666673,0.0
24646.0,0.6666666666666666,0.3333333333333333,0.0
24152.0,0.0,0.6299999999999997,0.3700000000000003
23678.0,0.41000000000000014,0.5899999999999997,0.0
23917.0,0.5033333333333334,0.49666666666666665,0.0
23848.0,0.00666666666666667,0.37333333333333363,0.6199999999999997
23611.0,0.29333333333333333,0.58,0.12666666666666682
24093.0,0.020000000000000004,0.5966666666666662,0.38333333333333375
24334.0,0.0,0.3366666666666667,0.6633333333333333
24579.0,0.0,0.593333333333333,0.40666666666666695
23121.0,0.0,0.48000000000000015,0.5199999999999998
23362.0,0.6666666666666666,0.3333333333333333,0.0
23798.0,0.006666666666666674,0.6666666666666666,0.3266666666666666
24037.0,0.0,0.6666666666666666,0.3333333333333333
24515.0,0.2066666666666667,0.4966666666666669,0.29666666666666636
24272.0,0.6633333333333334,0.33333333333333337,0.0033333333333333375
23439.0,0.5733333333333331,0.42666666666666686,0.0
23196.0,0.0,0.3600000000000003,0.6399999999999998
22953.0,0.6666666666666666,0.3333333333333333,0.0
24212.0,0.17000000000000018,0.6666666666666662,0.16333333333333352
24714.0,0.0,0.4366666666666669,0.563333333333333
24455.0,0.0,0.47999999999999987,0.5200000000000001
23969.0,0.2166666666666667,0.5666666666666667,0.21666666666666673
23730.0,0.6666666666666666,0.26333333333333336,0.07000000000000005
23021.0,0.3333333333333333,0.6666666666666666,0.0
23256.0,0.0,0.43333333333333346,0.5666666666666664
23499.0,0.030000000000000016,0.5966666666666665,0.3733333333333335
24647.0,0.0,0.3933333333333337,0.6066666666666662
24394.0,0.4633333333333333,0.5366666666666667,0.0
24153.0,0.053333333333333385,0.6666666666666666,0.27999999999999997
23679.0,0.0,0.3333333333333333,0.6666666666666666
23916.0,0.0,0.4733333333333334,0.5266666666666666
23302.0,0.6066666666666667,0.2966666666666665,0.09666666666666676
23061.0,0.0,0.42666666666666686,0.5733333333333331
23907.0,0.6333333333333331,0.366666666666667,0.0
23664.0,0.03666666666666667,0.5099999999999999,0.45333333333333337
24150.0,0.0,0.42000000000000004,0.58
24648.0,0.3333333333333333,0.6666666666666666,0.0
24389.0,0.003333333333333337,0.3333333333333333,0.6633333333333333
23066.0,0.5599999999999998,0.44000000000000006,0.0
23305.0,0.0,0.3333333333333333,0.6666666666666666
23741.0,0.01000000000000001,0.6499999999999999,0.34
23982.0,0.1033333333333333,0.5033333333333332,0.39333333333333337
24456.0,0.5999999999999996,0.40000000000000047,0.0
24709.0,0.12000000000000012,0.6433333333333331,0.2366666666666667
24219.0,0.03666666666666671,0.6666666666666666,0.29666666666666663
23492.0,0.33666666666666667,0.4333333333333334,0.22999999999999993
23255.0,0.0,0.3333333333333333,0.6666666666666666
23010.0,0.36333333333333356,0.6333333333333331,0.0033333333333333357
24287.0,0.0,0.45333333333333337,0.5466666666666666
24524.0,0.3333333333333333,0.6666666666666666,0.0
24042.0,0.006666666666666674,0.6666666666666666,0.3266666666666666
23801.0,0.0,0.5133333333333335,0.48666666666666636
23187.0,0.0,0.5266666666666666,0.47333333333333333
23424.0,0.6666666666666666,0.3333333333333333,0.0
24321.0,0.0,0.3333333333333333,0.6666666666666666
24588.0,0.4266666666666668,0.48999999999999994,0.0833333333333333
24082.0,0.45333333333333325,0.5199999999999999,0.02666666666666667
23604.0,0.5766666666666664,0.40333333333333354,0.020000000000000007
23847.0,0.6666666666666666,0.3333333333333333,0.0
23373.0,0.19666666666666674,0.6166666666666666,0.18666666666666681
23134.0,0.0,0.6499999999999999,0.3500000000000001
23067.0,0.593333333333333,0.4066666666666669,0.0
23304.0,0.10666666666666667,0.4833333333333333,0.41000000000000014
23906.0,0.6633333333333333,0.3366666666666667,0.0
23665.0,0.5166666666666667,0.44666666666666655,0.03666666666666667
24151.0,0.31,0.6666666666666667,0.02333333333333336
24388.0,0.29000000000000004,0.6666666666666667,0.04333333333333338
24649.0,0.0,0.3700000000000003,0.6299999999999997
23493.0,0.6666666666666666,0.3333333333333333,0.0
23254.0,0.0,0.42333333333333356,0.5766666666666663
23011.0,0.6233333333333332,0.37666666666666687,0.0
23740.0,0.3333333333333333,0.6666666666666666,0.0
23983.0,0.13000000000000017,0.6633333333333331,0.20666666666666678
24708.0,0.003333333333333337,0.32999999999999996,0.6666666666666666
24457.0,0.03666666666666671,0.6499999999999999,0.3133333333333333
24218.0,0.0,0.3333333333333333,0.6666666666666666
23186.0,0.6633333333333333,0.33666666666666667,0.0
23425.0,0.3566666666666668,0.5599999999999999,0.08333333333333334
24286.0,0.3800000000000001,0.5733333333333331,0.046666666666666676
24525.0,0.0,0.3700000000000002,0.6299999999999998
24043.0,0.41666666666666674,0.5666666666666667,0.016666666666666673
23800.0,0.6666666666666666,0.3333333333333333,0.0
23372.0,0.26999999999999996,0.6599999999999999,0.07000000000000005
23135.0,0.0,0.6333333333333332,0.3666666666666668
24320.0,0.04666666666666671,0.6566666666666666,0.29666666666666663
24589.0,0.0,0.3633333333333335,0.6366666666666664
24083.0,0.0,0.3600000000000001,0.6399999999999999
23605.0,0.0,0.5566666666666665,0.44333333333333336
23846.0,0.0,0.4000000000000002,0.5999999999999999
23666.0,0.6666666666666666,0.3333333333333333,0.0
23905.0,0.0,0.3400000000000001,0.6599999999999999
24650.0,0.0,0.3333333333333333,0.6666666666666666
24391.0,0.2866666666666666,0.6666666666666666,0.04666666666666671
24148.0,0.0,0.39000000000000024,0.6099999999999998
23307.0,0.6666666666666666,0.3333333333333333,0.0
23064.0,0.0033333333333333366,0.6466666666666665,0.3500000000000002
23980.0,0.5833333333333331,0.41666666666666685,0.0
23743.0,0.3633333333333334,0.5666666666666665,0.07
24217.0,0.0,0.3333333333333333,0.6666666666666666
24711.0,0.6666666666666666,0.3333333333333333,0.0
24458.0,0.01000000000000001,0.3500000000000002,0.6399999999999999
23253.0,0.0,0.3333333333333333,0.6666666666666666
23494.0,0.5599999999999998,0.4400000000000001,0.0
23008.0,0.0,0.3700000000000002,0.6299999999999998
24526.0,0.0,0.3566666666666668,0.6433333333333331
24285.0,0.0,0.3333333333333333,0.6666666666666666
23803.0,0.0,0.3366666666666667,0.6633333333333333
24040.0,0.0,0.3333333333333333,0.6666666666666666
23426.0,0.2566666666666667,0.6599999999999999,0.0833333333333334
23185.0,0.0,0.3333333333333333,0.6666666666666666
24080.0,0.033333333333333375,0.6666666666666667,0.3
24323.0,0.17666666666666683,0.6666666666666663,0.15666666666666687
24590.0,0.10666666666666677,0.6666666666666664,0.22666666666666674
23845.0,0.66,0.34,0.0
23606.0,0.6666666666666666,0.3333333333333333,0.0
23132.0,0.5966666666666666,0.23333333333333328,0.17000000000000018
23375.0,0.0,0.3633333333333335,0.6366666666666665
23306.0,0.043333333333333376,0.6666666666666666,0.29
23065.0,0.0,0.3333333333333333,0.6666666666666666
23667.0,0.6666666666666666,0.3333333333333333,0.0
23904.0,0.030000000000000016,0.6166666666666665,0.3533333333333334
24390.0,0.11333333333333347,0.6666666666666665,0.2200000000000001
24651.0,0.0033333333333333335,0.43333333333333357,0.5633333333333331
24149.0,0.32666666666666666,0.6633333333333333,0.01000000000000001
23252.0,0.0833333333333333,0.4799999999999999,0.4366666666666667
23495.0,0.6666666666666666,0.3333333333333333,0.0
23009.0,0.3600000000000002,0.6399999999999998,0.0
23981.0,0.0,0.3466666666666667,0.6533333333333333
23742.0,0.20333333333333342,0.6599999999999998,0.13666666666666683
24216.0,0.0,0.42666666666666675,0.5733333333333333
24459.0,0.6099999999999997,0.39000000000000035,0.0
24710.0,0.0,0.3333333333333333,0.6666666666666666
23427.0,0.0,0.3400000000000001,0.6599999999999999
23184.0,0.003333333333333337,0.66,0.3366666666666667
24527.0,0.44,0.48333333333333345,0.07666666666666663
24284.0,0.0,0.6199999999999998,0.3800000000000002
23802.0,0.03000000000000002,0.5833333333333331,0.38666666666666677
24041.0,0.5666666666666665,0.4166666666666668,0.016666666666666666
23133.0,0.2833333333333333,0.6633333333333333,0.053333333333333385
23374.0,0.42333333333333356,0.5333333333333332,0.043333333333333335
24081.0,0.29666666666666663,0.6366666666666666,0.06666666666666672
24591.0,0.37666666666666687,0.6066666666666664,0.016666666666666673
24322.0,0.6666666666666666,0.3333333333333333,0.0
23844.0,0.33,0.6666666666666667,0.0033333333333333375
23607.0,0.0,0.5933333333333329,0.4066666666666672
24705.0,0.0,0.3333333333333333,0.6666666666666666
24460.0,0.41000000000000014,0.5866666666666666,0.003333333333333335
24223.0,0.0,0.3700000000000002,0.6299999999999998
23737.0,0.48333333333333334,0.4166666666666666,0.1
23978.0,0.6366666666666665,0.3633333333333336,0.0
23014.0,0.32333333333333325,0.6666666666666667,0.010000000000000012
23488.0,0.0,0.3333333333333333,0.6666666666666666
23251.0,0.16666666666666685,0.663333333333333,0.17000000000000018
24146.0,0.6666666666666666,0.3333333333333333,0.0
24652.0,0.0,0.3400000000000001,0.6599999999999999
24385.0,0.6466666666666666,0.3533333333333335,0.0
23911.0,0.0,0.5499999999999996,0.4500000000000004
23668.0,0.6666666666666666,0.3333333333333333,0.0
23070.0,0.05,0.5166666666666665,0.4333333333333335
23309.0,0.013333333333333336,0.5833333333333331,0.4033333333333335
23600.0,0.0,0.35333333333333355,0.6466666666666665
23843.0,0.6533333333333332,0.34666666666666673,0.0
24325.0,0.6599999999999999,0.34,0.0
24584.0,0.6666666666666666,0.3333333333333333,0.0
24086.0,0.0,0.3333333333333333,0.6666666666666666
23369.0,0.5999999999999999,0.2833333333333334,0.11666666666666675
23130.0,0.32666666666666666,0.6666666666666667,0.006666666666666675
24046.0,0.16666666666666677,0.5233333333333333,0.30999999999999994
23805.0,0.3333333333333333,0.6666666666666666,0.0
24283.0,0.6633333333333333,0.33666666666666667,0.0
24520.0,0.6633333333333333,0.33666666666666667,0.0
23191.0,0.2000000000000001,0.663333333333333,0.13666666666666683
23428.0,0.6299999999999997,0.37000000000000033,0.0
23015.0,0.11666666666666681,0.6299999999999998,0.25333333333333335
23489.0,0.6666666666666666,0.3333333333333333,0.0
23250.0,0.04333333333333333,0.5166666666666664,0.44000000000000017
24704.0,0.0,0.3333333333333333,0.6666666666666666
24461.0,0.043333333333333356,0.38333333333333336,0.5733333333333331
24222.0,0.0033333333333333357,0.6133333333333332,0.38333333333333347
23736.0,0.0,0.3333333333333333,0.6666666666666666
23979.0,0.6566666666666666,0.3400000000000001,0.0033333333333333366
23071.0,0.6666666666666666,0.3333333333333333,0.0
23308.0,0.3333333333333333,0.6666666666666666,0.0
24147.0,0.0,0.3333333333333333,0.6666666666666666
24653.0,0.03666666666666671,0.29666666666666663,0.6666666666666666
24384.0,0.003333333333333335,0.5833333333333333,0.4133333333333334
23910.0,0.0,0.3333333333333333,0.6666666666666666
23669.0,0.6666666666666666,0.3333333333333333,0.0
23368.0,0.11000000000000001,0.4733333333333333,0.4166666666666667
23131.0,0.0,0.4033333333333336,0.5966666666666663
23601.0,0.45666666666666667,0.5066666666666666,0.03666666666666667
23842.0,0.06333333333333334,0.5133333333333333,0.4233333333333333
24324.0,0.0,0.33666666666666667,0.6633333333333333
24585.0,0.023333333333333338,0.4,0.5766666666666665
24087.0,0.0,0.3333333333333333,0.6666666666666666
23190.0,0.6666666666666666,0.3333333333333333,0.0
23429.0,0.04333333333333339,0.6466666666666666,0.31
24047.0,0.0,0.6666666666666666,0.3333333333333333
23804.0,0.030000000000000037,0.3133333333333333,0.6566666666666667
24282.0,0.0,0.3800000000000003,0.6199999999999997
24521.0,0.3900000000000003,0.6066666666666665,0.0033333333333333357
24221.0,0.0,0.3333333333333333,0.6666666666666666
24462.0,0.0,0.33666666666666667,0.6633333333333333
24707.0,0.01333333333333335,0.6666666666666667,0.31999999999999995
23976.0,0.0,0.3333333333333333,0.6666666666666666
23739.0,0.09000000000000005,0.5900000000000002,0.3199999999999999
23012.0,0.3633333333333334,0.6199999999999999,0.01666666666666668
23249.0,0.3500000000000002,0.6399999999999997,0.01000000000000001
23490.0,0.0,0.3333333333333333,0.6666666666666666
24387.0,0.02000000000000001,0.6266666666666665,0.35333333333333355
24654.0,0.0,0.3333333333333333,0.6666666666666666
24144.0,0.6266666666666664,0.37333333333333363,0.0
23670.0,0.6666666666666666,0.3333333333333333,0.0
23909.0,0.6633333333333333,0.3366666666666667,0.0
23311.0,0.003333333333333333,0.5666666666666663,0.4300000000000004
23068.0,0.023333333333333345,0.39666666666666694,0.5799999999999997
23841.0,0.26000000000000006,0.6666666666666666,0.07333333333333339
23602.0,0.3566666666666669,0.6399999999999998,0.0033333333333333357
24084.0,0.2866666666666666,0.5433333333333333,0.17000000000000004
24327.0,0.0,0.3333333333333333,0.6666666666666666
24586.0,0.6666666666666666,0.3333333333333333,0.0
23128.0,0.3000000000000001,0.6266666666666666,0.07333333333333339
23371.0,0.23999999999999994,0.5100000000000001,0.24999999999999997
23807.0,0.0,0.6633333333333333,0.3366666666666667
24044.0,0.0,0.6033333333333332,0.39666666666666694
24522.0,0.21333333333333332,0.5566666666666668,0.22999999999999993
24281.0,0.006666666666666674,0.6533333333333333,0.34
23430.0,0.0,0.6666666666666666,0.3333333333333333
23189.0,0.34000000000000014,0.6333333333333331,0.026666666666666693
23013.0,0.0,0.46666666666666723,0.5333333333333328
23248.0,0.17666666666666683,0.6666666666666663,0.15666666666666687
23491.0,0.5466666666666664,0.4533333333333336,0.0
24220.0,0.6666666666666666,0.3333333333333333,0.0
24706.0,0.46333333333333326,0.5366666666666667,0.0
24463.0,0.6666666666666666,0.3333333333333333,0.0
23977.0,0.6666666666666666,0.3333333333333333,0.0
23738.0,0.24333333333333318,0.5433333333333333,0.21333333333333343
23310.0,0.0,0.3333333333333333,0.6666666666666666
23069.0,0.01333333333333334,0.6033333333333329,0.38333333333333364
24386.0,0.05333333333333339,0.64,0.30666666666666664
24655.0,0.17000000000000018,0.6666666666666662,0.16333333333333352
24145.0,0.6666666666666666,0.3333333333333333,0.0
23671.0,0.0,0.3366666666666667,0.6633333333333333
23908.0,0.0,0.3333333333333333,0.6666666666666666
23129.0,0.0,0.6599999999999999,0.3400000000000001
23370.0,0.6666666666666666,0.3333333333333333,0.0
23840.0,0.0,0.603333333333333,0.396666666666667
23603.0,0.6333333333333332,0.3433333333333335,0.023333333333333355
24085.0,0.0,0.3366666666666667,0.6633333333333333
24587.0,0.0,0.5933333333333332,0.4066666666666669
24326.0,0.40666666666666695,0.5933333333333329,0.0
23431.0,0.01333333333333335,0.6666666666666667,0.31999999999999995
23188.0,0.003333333333333337,0.34666666666666685,0.6499999999999999
23806.0,0.0,0.49000000000000005,0.5099999999999999
24045.0,0.41333333333333355,0.5766666666666663,0.010000000000000004
24523.0,0.3900000000000002,0.5833333333333331,0.026666666666666675
24280.0,0.0,0.6233333333333333,0.3766666666666668
24262.0,0.0,0.3333333333333333,0.6666666666666666
24533.0,0.0,0.6433333333333333,0.35666666666666674
24051.0,0.0,0.3333333333333333,0.6666666666666666
23776.0,0.0,0.3333333333333333,0.6666666666666666
22975.0,0.3333333333333333,0.6666666666666666,0.0
23178.0,0.0,0.5966666666666665,0.40333333333333343
23449.0,0.0,0.5199999999999998,0.48000000000000015
24344.0,0.0,0.5333333333333331,0.4666666666666669
24597.0,0.2300000000000001,0.6599999999999998,0.11000000000000013
24075.0,0.0,0.3333333333333333,0.6666666666666666
23597.0,0.0,0.49999999999999994,0.5000000000000001
23870.0,0.46000000000000013,0.4699999999999999,0.06999999999999999
23380.0,0.02000000000000002,0.3333333333333333,0.6466666666666666
23111.0,0.0,0.623333333333333,0.376666666666667
23930.0,0.6666666666666666,0.3333333333333333,0.0
23657.0,0.12333333333333348,0.2133333333333334,0.6633333333333331
24143.0,0.2233333333333334,0.6533333333333331,0.12333333333333346
24657.0,0.6666666666666666,0.3333333333333333,0.0
24412.0,0.30999999999999994,0.35333333333333344,0.33666666666666656
23043.0,0.3933333333333335,0.5966666666666665,0.010000000000000007
23312.0,0.6566666666666666,0.3433333333333333,0.0
23716.0,0.6533333333333333,0.34666666666666673,0.0
23991.0,0.6666666666666666,0.3333333333333333,0.0
24465.0,0.6666666666666666,0.3333333333333333,0.0
24732.0,0.3333333333333333,0.6666666666666666,0.0
24194.0,0.5966666666666662,0.40333333333333377,0.0
23517.0,0.32666666666666666,0.6666666666666667,0.006666666666666675
23246.0,0.6666666666666666,0.3333333333333333,0.0
23035.0,0.15333333333333346,0.5100000000000001,0.33666666666666645
22974.0,0.003333333333333335,0.603333333333333,0.39333333333333353
23179.0,0.0,0.6666666666666666,0.3333333333333333
23448.0,0.2933333333333333,0.6666666666666666,0.04000000000000004
24263.0,0.42666666666666714,0.5733333333333329,0.0
24532.0,0.0,0.6199999999999999,0.38000000000000006
24050.0,0.6633333333333333,0.3366666666666667,0.0
23777.0,0.06,0.37666666666666676,0.5633333333333334
23381.0,0.6666666666666666,0.3333333333333333,0.0
23110.0,0.0,0.6599999999999999,0.34
24345.0,0.0,0.34333333333333343,0.6566666666666665
24596.0,0.010000000000000004,0.5666666666666665,0.42333333333333356
24074.0,0.5833333333333329,0.416666666666667,0.0
23596.0,0.0,0.3333333333333333,0.6666666666666666
23871.0,0.0,0.47999999999999976,0.5200000000000001
23042.0,0.0,0.3333333333333333,0.6666666666666666
23313.0,0.0,0.3500000000000001,0.6499999999999999
23931.0,0.6633333333333332,0.07000000000000005,0.26666666666666666
23656.0,0.09000000000000007,0.6066666666666667,0.30333333333333323
24142.0,0.04333333333333333,0.49666666666666665,0.4599999999999999
24413.0,0.0,0.3333333333333333,0.6666666666666666
24656.0,0.2566666666666667,0.6666666666666666,0.07666666666666672
23516.0,0.059999999999999984,0.5366666666666663,0.40333333333333365
23247.0,0.6666666666666666,0.3333333333333333,0.0
23034.0,0.00666666666666667,0.3866666666666669,0.6066666666666665
23717.0,0.0,0.3366666666666667,0.6633333333333333
23990.0,0.5433333333333332,0.4533333333333335,0.003333333333333333
24464.0,0.0,0.4300000000000001,0.57
24733.0,0.6533333333333332,0.3466666666666668,0.0
24195.0,0.6666666666666666,0.3333333333333333,0.0
24535.0,0.2733333333333334,0.6666666666666666,0.06000000000000005
24260.0,0.3433333333333334,0.6566666666666666,0.0
23778.0,0.5599999999999996,0.43666666666666715,0.003333333333333334
24049.0,0.0,0.3333333333333333,0.6666666666666666
22973.0,0.6599999999999999,0.34,0.0
23451.0,0.01000000000000001,0.6566666666666666,0.3333333333333333
23176.0,0.6599999999999999,0.3400000000000001,0.0
24073.0,0.053333333333333385,0.6666666666666666,0.27999999999999997
24599.0,0.3333333333333333,0.6666666666666666,0.0
24346.0,0.2566666666666666,0.5033333333333334,0.24000000000000007
23868.0,0.34,0.6599999999999999,0.0
23599.0,0.6666666666666666,0.3333333333333333,0.0
23109.0,0.13999999999999999,0.47333333333333316,0.3866666666666668
23382.0,0.08000000000000006,0.5966666666666666,0.3233333333333333
23659.0,0.0,0.3333333333333333,0.6666666666666666
23928.0,0.5833333333333333,0.4166666666666668,0.0
24414.0,0.0,0.3466666666666668,0.6533333333333332
24659.0,0.0,0.3333333333333333,0.6666666666666666
24141.0,0.6666666666666666,0.3333333333333333,0.0
23314.0,0.35000000000000014,0.6399999999999999,0.01000000000000001
23041.0,0.6666666666666666,0.3333333333333333,0.0
23989.0,0.15333333333333346,0.4733333333333332,0.3733333333333333
23718.0,0.0,0.4900000000000002,0.5099999999999997
24192.0,0.5133333333333333,0.4866666666666667,0.0
24467.0,0.0,0.6266666666666665,0.37333333333333363
24734.0,0.003333333333333333,0.4533333333333335,0.5433333333333332
23244.0,0.25000000000000006,0.6599999999999999,0.09000000000000008
23519.0,0.010000000000000012,0.6666666666666667,0.32333333333333325
23033.0,0.2466666666666667,0.6299999999999998,0.12333333333333346
22972.0,0.0,0.3333333333333333,0.6666666666666666
23450.0,0.3333333333333333,0.6666666666666666,0.0
23177.0,0.4966666666666666,0.1433333333333334,0.3600000000000001
24534.0,0.006666666666666668,0.44333333333333347,0.5499999999999998
24261.0,0.6666666666666666,0.3333333333333333,0.0
23779.0,0.07000000000000005,0.6099999999999999,0.32
24048.0,0.0,0.3633333333333335,0.6366666666666665
23108.0,0.006666666666666674,0.6566666666666666,0.33666666666666667
23383.0,0.0,0.4533333333333334,0.5466666666666665
24072.0,0.0,0.4066666666666668,0.5933333333333333
24347.0,0.0,0.4133333333333335,0.5866666666666664
24598.0,0.013333333333333332,0.5100000000000001,0.4766666666666665
23869.0,0.0,0.3333333333333333,0.6666666666666666
23598.0,0.0,0.46333333333333326,0.5366666666666667
23315.0,0.4933333333333331,0.5066666666666669,0.0
23040.0,0.0,0.3733333333333337,0.6266666666666663
23658.0,0.6666666666666666,0.3333333333333333,0.0
23929.0,0.05666666666666672,0.6666666666666666,0.27666666666666667
24415.0,0.003333333333333336,0.3700000000000002,0.6266666666666665
24658.0,0.033333333333333375,0.6666666666666667,0.3
24140.0,0.0,0.3400000000000001,0.6599999999999999
23245.0,0.0,0.42666666666666686,0.5733333333333331
23518.0,0.0,0.3333333333333333,0.6666666666666666
23032.0,0.21666666666666665,0.41666666666666663,0.3666666666666668
23988.0,0.4100000000000003,0.5899999999999997,0.0
23719.0,0.0,0.3333333333333333,0.6666666666666666
24193.0,0.0,0.3333333333333333,0.6666666666666666
24466.0,0.0,0.34,0.66
24735.0,0.41666666666666685,0.5633333333333332,0.020000000000000004
23593.0,0.40333333333333343,0.5599999999999998,0.036666666666666674
23866.0,0.14666666666666686,0.6666666666666663,0.18666666666666681
24348.0,0.26333333333333336,0.6066666666666665,0.13000000000000012
24593.0,0.0,0.3333333333333333,0.6666666666666666
24079.0,0.003333333333333337,0.3333333333333333,0.6633333333333333
23376.0,0.1833333333333335,0.6399999999999997,0.17666666666666683
23107.0,0.11666666666666672,0.5266666666666668,0.3566666666666666
24055.0,0.5299999999999999,0.47000000000000014,0.0
23780.0,0.04000000000000004,0.6366666666666666,0.3233333333333333
24258.0,0.0,0.4700000000000001,0.5299999999999999
24529.0,0.0,0.5033333333333331,0.496666666666667
23182.0,0.2933333333333333,0.6300000000000001,0.07666666666666673
23453.0,0.0,0.3333333333333333,0.6666666666666666
22971.0,0.06333333333333338,0.6399999999999999,0.2966666666666667
24469.0,0.6666666666666666,0.3333333333333333,0.0
24728.0,0.0,0.3333333333333333,0.6666666666666666
24198.0,0.0,0.3566666666666668,0.6433333333333331
23712.0,0.3333333333333333,0.6666666666666666,0.0
23987.0,0.0,0.3333333333333333,0.6666666666666666
23039.0,0.026666666666666675,0.5466666666666666,0.4266666666666667
23513.0,0.6633333333333333,0.3366666666666667,0.0
23242.0,0.3866666666666669,0.6133333333333332,0.0
24139.0,0.48999999999999977,0.5066666666666669,0.003333333333333333
24408.0,0.6633333333333333,0.3366666666666667,0.0
24661.0,0.0,0.36666666666666686,0.6333333333333332
23934.0,0.0,0.4766666666666666,0.5233333333333334
23661.0,0.0,0.3533333333333335,0.6466666666666664
23047.0,0.30666666666666664,0.65,0.043333333333333376
23316.0,0.0,0.3700000000000001,0.6299999999999998
23377.0,0.0,0.5266666666666665,0.4733333333333335
23106.0,0.6133333333333332,0.20666666666666672,0.1800000000000001
23592.0,0.013333333333333332,0.5033333333333332,0.48333333333333334
23867.0,0.47999999999999965,0.48333333333333356,0.03666666666666667
24349.0,0.010000000000000002,0.45333333333333337,0.5366666666666666
24592.0,0.0,0.4666666666666668,0.5333333333333331
24078.0,0.0,0.3333333333333333,0.6666666666666666
23183.0,0.31,0.6666666666666667,0.02333333333333336
23452.0,0.0,0.3333333333333333,0.6666666666666666
22970.0,0.0,0.4799999999999999,0.52
24054.0,0.026666666666666696,0.3600000000000001,0.6133333333333332
23781.0,0.6666666666666666,0.3333333333333333,0.0
24259.0,0.0,0.5633333333333334,0.4366666666666666
24528.0,0.0,0.3333333333333333,0.6666666666666666
23038.0,0.01,0.43666666666666715,0.5533333333333329
23512.0,0.6666666666666666,0.3333333333333333,0.0
23243.0,0.013333333333333332,0.5299999999999997,0.45666666666666705
24729.0,0.0,0.3566666666666668,0.6433333333333331
24468.0,0.0033333333333333375,0.6666666666666667,0.33
24199.0,0.32666666666666666,0.6666666666666667,0.006666666666666675
23713.0,0.3466666666666668,0.6533333333333332,0.0
23986.0,0.0,0.3366666666666667,0.6633333333333333
23046.0,0.6366666666666665,0.3633333333333335,0.0
23317.0,0.26,0.5233333333333333,0.21666666666666667
24138.0,0.6633333333333333,0.3366666666666667,0.0
24660.0,0.04333333333333332,0.5133333333333332,0.44333333333333336
24409.0,0.33666666666666667,0.49000000000000005,0.17333333333333337
23935.0,0.5699999999999997,0.43000000000000027,0.0
23660.0,0.0,0.3333333333333333,0.6666666666666666
23864.0,0.0,0.39000000000000007,0.6099999999999999
23595.0,0.003333333333333335,0.58,0.41666666666666674
24077.0,0.0,0.3333333333333333,0.6666666666666666
24350.0,0.6599999999999999,0.34,0.0
24595.0,0.006666666666666672,0.6499999999999998,0.3433333333333334
23105.0,0.0,0.38000000000000017,0.6199999999999998
23378.0,0.0,0.45666666666666694,0.5433333333333331
23782.0,0.36333333333333345,0.6099999999999999,0.026666666666666693
24053.0,0.1600000000000002,0.17666666666666686,0.663333333333333
24531.0,0.3866666666666667,0.5766666666666665,0.036666666666666674
24256.0,0.32666666666666666,0.6666666666666667,0.006666666666666675
23455.0,0.49,0.51,0.0
23180.0,0.2866666666666666,0.43333333333333357,0.2799999999999998
22969.0,0.0,0.3333333333333333,0.6666666666666666
24196.0,0.0,0.3333333333333333,0.6666666666666666
24471.0,0.0,0.3666666666666668,0.6333333333333332
24730.0,0.6466666666666665,0.3533333333333335,0.0
23985.0,0.0,0.5366666666666666,0.46333333333333343
23714.0,0.20000000000000004,0.5666666666666667,0.2333333333333334
23037.0,0.0033333333333333344,0.5999999999999999,0.39666666666666683
23240.0,0.0,0.3333333333333333,0.6666666666666666
23515.0,0.003333333333333334,0.5866666666666663,0.4100000000000003
24410.0,0.07999999999999999,0.3466666666666667,0.5733333333333334
24663.0,0.0,0.3333333333333333,0.6666666666666666
24137.0,0.0,0.3466666666666668,0.6533333333333331
23663.0,0.0,0.37000000000000016,0.6299999999999998
23932.0,0.13666666666666677,0.55,0.31333333333333324
23318.0,0.6666666666666666,0.3333333333333333,0.0
23045.0,0.0,0.6,0.40000000000000013
23104.0,0.04000000000000004,0.6666666666666666,0.2933333333333333
23379.0,0.6666666666666666,0.3333333333333333,0.0
23865.0,0.6333333333333331,0.3666666666666669,0.0
23594.0,0.0,0.3333333333333333,0.6666666666666666
24076.0,0.3400000000000001,0.6433333333333332,0.016666666666666687
24594.0,0.0,0.3333333333333333,0.6666666666666666
24351.0,0.3299999999999996,0.4966666666666669,0.17333333333333342
23454.0,0.40666666666666673,0.5933333333333333,0.0
23181.0,0.0,0.5033333333333335,0.4966666666666664
22968.0,0.0,0.3333333333333333,0.6666666666666666
23783.0,0.0,0.36333333333333356,0.6366666666666665
24052.0,0.33000000000000007,0.6366666666666666,0.033333333333333375
24530.0,0.0,0.3333333333333333,0.6666666666666666
24257.0,0.6666666666666666,0.3333333333333333,0.0
23036.0,0.02333333333333336,0.6666666666666667,0.31
23241.0,0.5399999999999996,0.4600000000000003,0.0
23514.0,0.23000000000000007,0.6566666666666664,0.11333333333333345
24197.0,0.1833333333333335,0.6666666666666663,0.1500000000000002
24731.0,0.41666666666666685,0.3499999999999999,0.23333333333333328
24470.0,0.0,0.3333333333333333,0.6666666666666666
23984.0,0.6499999999999999,0.33333333333333326,0.01666666666666668
23715.0,0.0,0.3333333333333333,0.6666666666666666
23319.0,0.25000000000000006,0.6666666666666665,0.08333333333333338
23044.0,0.0,0.3366666666666667,0.6633333333333333
24411.0,0.4033333333333336,0.5966666666666665,0.0
24662.0,0.20000000000000015,0.6399999999999997,0.16000000000000017
24136.0,0.3066666666666666,0.6666666666666666,0.026666666666666696
23662.0,0.6666666666666666,0.3333333333333333,0.0
23933.0,0.08666666666666673,0.6666666666666665,0.2466666666666667
23051.0,0.07000000000000003,0.3466666666666668,0.5833333333333333
23320.0,0.0,0.5566666666666665,0.4433333333333336
23922.0,0.006666666666666666,0.5333333333333335,0.45999999999999985
23649.0,0.0,0.5966666666666663,0.40333333333333354
24135.0,0.0,0.3333333333333333,0.6666666666666666
24404.0,0.0,0.4300000000000001,0.5699999999999998
24665.0,0.003333333333333337,0.32999999999999996,0.6666666666666666
23509.0,0.016666666666666666,0.5733333333333331,0.41000000000000014
23238.0,0.003333333333333336,0.36000000000000015,0.6366666666666664
23027.0,0.20666666666666675,0.6599999999999998,0.1333333333333335
23724.0,0.34666666666666685,0.6533333333333332,0.0
23999.0,0.5666666666666664,0.4233333333333337,0.010000000000000004
24724.0,0.0,0.3333333333333333,0.6666666666666666
24473.0,0.0,0.3333333333333333,0.6666666666666666
24202.0,0.5699999999999995,0.42666666666666714,0.0033333333333333335
22967.0,0.02333333333333335,0.3700000000000001,0.6066666666666665
