22958.0,8.779648179828389E-7,0.9999691258519162,2.999618326588449E-5
23195.0,3.0229896847051574E-5,0.9999674057986989,2.3643044540404943E-6
23432.0,7.807872550260516E-16,3.713234617151644E-5,0.9999628676538278
24279.0,0.008328791665887864,0.9585775784415965,0.03309362989251562
24516.0,4.323542258220822E-7,0.2028960723952704,0.7971034952505038
24034.0,0.5224719784134485,0.4774458830977865,8.213848876503247E-5
23793.0,1.577802631405747E-7,0.4457481668714388,0.554251675348298
23365.0,9.916215848392233E-24,6.666637268106741E-10,0.9999999993333363
23126.0,0.9451797928420005,0.05480256985804623,1.7637299953226486E-5
24329.0,0.0014279338430831236,0.9875937667546728,0.010978299402244113
24580.0,0.7648901525074787,0.23510968661318035,1.6087934101327257E-7
24090.0,3.9254901391190807E-7,0.21588579642929515,0.784113811021691
23612.0,0.9964385374037239,0.0035614621887074017,4.075687963373877E-10
23855.0,0.4749549543963773,0.5250444592535003,5.863501223237837E-7
23058.0,0.6487355219202198,0.3512615095760839,2.968503696369622E-6
23297.0,7.154668386811967E-22,1.803524185807518E-8,0.9999999819647581
23915.0,0.17499952008450506,0.8246843747495822,3.161051659126647E-4
23672.0,0.12633044315179665,0.8676594374874609,0.006010119360742499
24158.0,1.394838592552694E-5,0.3075709810695283,0.6924150705445462
24640.0,0.3371191413828025,0.6628794838370473,1.3747801502099042E-6
24397.0,1.4061168070193203E-15,1.8502905157186495E-6,0.999998149709483
23500.0,0.9987810465387912,0.0012189534589112777,2.2975265474462316E-12
23263.0,2.4787579996006792E-17,3.006834312126356E-9,0.9999999969931657
23018.0,4.7453640759081E-42,7.557602118253273E-19,1.0
23733.0,0.7507978962277903,0.24911784718580615,8.425658640367108E-5
23974.0,0.9992670973869531,7.329026081857457E-4,4.861156554313096E-12
24448.0,4.1307360987962285E-26,1.680978832052847E-9,0.9999999983190212
24717.0,0.0012406103905700232,0.9959091536018692,0.002850236007560939
24211.0,2.2331502964903115E-16,2.859623034514351E-6,0.9999971403769652
24278.0,0.7052556237952217,0.29473827478890224,6.1014158759885525E-6
24517.0,0.045439559869236416,0.898773303859714,0.05578713627104964
24035.0,0.9688570056088822,0.03114298874233907,5.6487786729492025E-9
23792.0,0.0722389367054755,0.9277610232857693,4.00087551369917E-8
22959.0,1.242302121536019E-6,0.001266444952669135,0.9987323127452093
23194.0,8.730986111285844E-4,0.9991243618461855,2.5395426859416878E-6
23433.0,0.22291673229824832,0.7770802446593352,3.023042416445793E-6
24581.0,0.7075786725383618,0.29242132121843506,6.243203032408724E-9
24328.0,1.58666732746993E-5,0.9995826962260936,4.014371006315629E-4
24091.0,4.5886004430261876E-11,5.874563424273269E-4,0.9994125436116866
23613.0,0.10527827404224796,0.8947166751959605,5.050761791488845E-6
23854.0,0.954895444614244,0.045070585326684384,3.3970059071581334E-5
23364.0,1.5543831864272198E-23,2.5683546540495166E-7,0.9999997431645347
23127.0,0.9966506897959033,0.003349310081892303,1.2220433035019372E-10
23914.0,0.38530560097576805,0.6146943985690932,4.551386769312896E-10
23673.0,7.155839133272382E-6,0.010387260125404528,0.9896055840354622
24159.0,0.9850122624560104,0.014987722473761313,1.5070228366230655E-8
24641.0,0.5657298655511408,0.4342690158317519,1.1186171072497065E-6
24396.0,0.49331302799958965,0.5065722909640654,1.1468103634497889E-4
23059.0,9.30264343961348E-7,0.9900779440484166,0.009921125687239442
23296.0,1.1382079159190486E-16,1.4356574505517629E-6,0.9999985643425494
23732.0,3.8982178114730517E-13,0.023065809045157197,0.9769341909544529
23975.0,0.11737322822136528,0.882623460170978,3.311607656719935E-6
24449.0,6.121141659775188E-20,3.856018150057422E-8,0.9999999614398185
24716.0,3.3316190594846627E-13,2.461370069785844E-4,0.9997538629926882
24210.0,1.232383623717156E-23,1.3593992876670991E-6,0.9999986406007123
23501.0,3.386322035202112E-10,0.22136802185821672,0.7786319778031511
23262.0,3.66624283921471E-21,3.413267812865371E-7,0.9999996586732187
23019.0,0.9432718584806292,0.056728141508179925,1.1190959246269267E-11
22956.0,0.4405566657418052,0.5594433131157779,2.114241698025753E-8
23434.0,9.617564299562224E-18,8.250315513312089E-6,0.9999917496844867
23193.0,1.2703872617515612E-8,0.9411687185410694,0.05883126875505797
24518.0,3.366095927257135E-32,2.1103925799716258E-16,0.9999999999999999
24277.0,3.9957697283574126E-6,0.10744869871127173,0.8925473055189999
23795.0,6.066013236041819E-11,0.11365455992036964,0.8863454400189703
24032.0,8.446019130347388E-17,4.00613529660783E-5,0.9999599386470338
23124.0,0.020039203068671387,0.9618220284475959,0.018138768483732748
23367.0,7.218673160625625E-8,0.07762316233299074,0.9223767654802776
24088.0,1.7502918742110922E-7,0.9972010932895192,0.002798731681293481
24331.0,0.9998789527020022,1.2104729797383364E-4,2.3840337929621274E-14
24582.0,1.3993212500437968E-20,8.215312300902073E-8,0.9999999178468769
23853.0,4.4462802272988194E-9,0.999973040936921,2.6954616798724024E-5
23614.0,1.2249015363713365E-35,9.114314068114577E-17,0.9999999999999999
23299.0,3.2690134026312304E-7,0.9601804173586712,0.039819255739988596
23056.0,0.026461812954038343,0.9696531053853044,0.003885081660657341
23674.0,0.14571655741189513,0.7367967382052147,0.11748670438289015
23913.0,3.3026952416510674E-6,0.6237348241025301,0.37626187320222815
24399.0,3.310335440234981E-39,1.0763107728531082E-16,0.9999999999999999
24642.0,0.985909439459291,0.01409056035867461,1.8203434092508921E-10
24156.0,3.763760463002459E-47,3.241740451924496E-19,1.0
23261.0,4.5189299924010365E-15,3.472020983154114E-4,0.9996527979016802
23502.0,0.9509040246747754,0.04909597518196539,1.4325917142054022E-10
23016.0,0.3337227505693123,0.6660755286209592,2.0172080972859392E-4
23972.0,7.847314922417933E-22,9.031254132630388E-11,0.9999999999096875
23735.0,0.996323790023061,0.003676209068204195,9.087347021152403E-10
24209.0,0.001584696840562116,0.9950216916286316,0.0033936115308061754
24719.0,0.027796628537300486,0.9722032120129114,1.594497881781658E-7
24450.0,0.9152170323902027,0.08478296148653117,6.123266231569825E-9
24519.0,5.29426164295592E-12,1.6673587805319695E-5,0.9999833264069004
24276.0,3.902315791751948E-37,3.659460103788597E-15,0.9999999999999963
23794.0,4.0187406370697306E-21,4.0926666996005746E-8,0.9999999590733331
24033.0,0.0012633936540415716,0.9947022052906541,0.004034401055304186
22957.0,0.09991657195467353,0.8983351333401961,0.0017482947051303515
23435.0,0.9289462231770557,0.07105086618358177,2.910639362497438E-6
23192.0,0.9990638938762126,9.361060641824471E-4,5.96050333256471E-11
24089.0,0.9723073207385236,0.027692633447122812,4.5814353599246746E-8
24583.0,0.8878471731656307,0.1121528164818711,1.0352498304175676E-8
24330.0,0.9824380810987191,0.01756191847129524,4.299856683749412E-10
23852.0,0.002358902365648259,0.9975686144303136,7.24832040380673E-5
23615.0,0.0012964396832783197,0.9938365645542677,0.004866995762453982
23125.0,0.924677037378937,0.0753229625887852,3.2277827295779776E-11
23366.0,2.987677772214284E-26,2.0879629775555997E-10,0.9999999997912038
23675.0,4.7616877215476904E-11,0.002840871154903915,0.9971591287974791
23912.0,0.959447205062646,0.040544067079616886,8.727857737108365E-6
24643.0,1.5910660033022002E-17,4.22221408428318E-9,0.999999995777786
24398.0,0.001152260938257515,0.9438244773930615,0.0550232616686809
24157.0,3.5017951854247225E-4,0.999644225933405,5.594548052506049E-6
23298.0,0.9999148356652244,8.516433474155961E-5,3.3945102048062987E-14
23057.0,3.1349905615173405E-7,0.9047148203463528,0.0952848661545912
23973.0,0.5736423855258458,0.42635723603610853,3.784380457525295E-7
23734.0,0.03986905473804367,0.9601287504399462,2.194822010198997E-6
24208.0,0.9994254206059519,5.745793910577011E-4,2.990404673343383E-12
24451.0,1.1131925599149908E-17,3.4522463486149454E-7,0.999999654775365
24718.0,2.5759701592570735E-19,6.505847185304382E-9,0.9999999934941528
23260.0,0.018967021348164793,0.9804191076589707,6.138709928645511E-4
23503.0,6.868602793455803E-4,0.9027579523555019,0.09655518736515244
23017.0,1.9290342847247914E-8,1.0980834847878643E-4,0.9998901723611783
23361.0,8.966344098080997E-5,0.6039168961015586,0.3959934404574605
23122.0,1.8642569876522208E-5,0.9867448711858222,0.013236486244301226
23608.0,0.006200435318239293,0.8651821712213907,0.12861739346037
23851.0,5.3936993368157534E-39,1.0768297141395841E-15,0.9999999999999989
24576.0,0.9505460983909881,0.04913332848753601,3.2057312147587845E-4
24333.0,1.2000752586290427E-20,2.89892363301263E-7,0.9999997101076368
24094.0,3.513090816848566E-14,4.390551911439998E-6,0.9999956094480534
23199.0,5.912505539218834E-11,2.866846102578626E-6,0.9999971330947725
23436.0,4.8978767247020556E-8,0.861010080786797,0.13898987023443576
22954.0,7.2484377365533704E-6,0.2939177054082015,0.7060750461540619
24038.0,9.852012443699709E-4,0.9983939480410711,6.208507145589563E-4
23797.0,0.9987268307288635,0.0012731692704831365,6.534039656824324E-13
24275.0,5.815899026224665E-43,4.845948573410696E-17,1.0
24512.0,1.625046783056518E-7,0.9980176850257674,0.0019821524695542874
23022.0,3.2815402856228134E-8,0.9989514284293457,0.0010485387552513156
23496.0,2.8793970166201723E-7,0.0964512701294113,0.9035484419308871
23259.0,1.1981578630152684E-20,3.898845839380059E-5,0.9999610115416062
24452.0,0.9994881930695382,5.118069261410052E-4,4.320789354577095E-12
24713.0,9.06081661976001E-6,0.04313368177090338,0.956857257412477
24215.0,0.7028569634520223,0.2971001882627795,4.284828519820629E-5
23729.0,5.695972036240796E-7,0.03607267978506055,0.9639267506177359
23970.0,0.9527401698359265,0.047259829627538774,5.365348598358692E-10
23062.0,4.811874740456883E-9,0.06260679310058374,0.9373932020875415
23301.0,0.967736707490911,0.032263258464810776,3.404427822603031E-8
24154.0,7.220316048837304E-5,0.2732944411793039,0.7266333556602078
24644.0,6.081319233989847E-11,0.8151403209810131,0.18485967895817368
24393.0,0.22370079460948084,0.7637778569614804,0.01252134842903885
23919.0,2.9840768928642143E-25,4.812563406690087E-8,0.999999951874366
23676.0,0.45099584604848,0.5489467929366825,5.736101483741966E-5
23609.0,7.36515950895284E-6,0.999703605278777,2.890295617140568E-4
23850.0,0.6337016572957107,0.36629653945858837,1.8032457008140445E-6
24577.0,1.4113410763900877E-4,0.7540126060107178,0.24584625988164327
24332.0,9.468357306934099E-33,4.3293265817206984E-14,0.9999999999999567
24095.0,2.1243131282138508E-32,1.8442674593572003E-10,0.9999999998155732
23360.0,1.7130761160714106E-12,0.011542257037032289,0.9884577429612547
23123.0,7.560165743599366E-10,0.552986940312164,0.4470130589318194
24039.0,0.03191232661914827,0.9665501072776068,0.0015375661032449935
23796.0,5.484428722862631E-24,4.894567649001659E-6,0.999995105432351
24274.0,5.209148582813898E-18,5.75948828395315E-4,0.9994240511716046
24513.0,5.28572087978691E-18,1.2656205064660841E-5,0.9999873437949353
23198.0,0.05447595080383767,0.9455236686423953,3.805537670284225E-7
23437.0,7.112793367761278E-7,0.7997173714072474,0.20028191731341585
22955.0,1.0248045166462162E-6,0.25208242787682017,0.7479165473186632
24712.0,0.11360728592321352,0.883640034535551,0.0027526795412354415
24453.0,0.9998937362709723,1.062637290060287E-4,2.1620296733674904E-14
24214.0,0.9862668356113903,0.01373302938362429,1.3500498543008186E-7
23728.0,2.7945380490834385E-14,9.543100760524356E-5,0.9999045689923668
23971.0,0.004594975278807704,0.995375888527165,2.9136194027262807E-5
23023.0,3.519473089754357E-13,7.883864132074043E-5,0.9999211613583273
23497.0,5.203034762249523E-11,8.498592172882269E-6,0.9999915013557968
23258.0,9.260802348135258E-23,2.0361271815049433E-8,0.9999999796387281
24155.0,2.9604681259718245E-5,0.9990264190457906,9.439762729496526E-4
24645.0,0.9960012164508489,0.00399878344456452,1.0458645956367282E-10
24392.0,0.04484958316598027,0.9551499089770249,5.078569948310166E-7
23918.0,0.03938745264910163,0.9606086257026353,3.9216482630894815E-6
23677.0,5.1953998211730884E-30,2.44935619358941E-13,0.999999999999755
23063.0,0.9991859176999018,8.14082279982961E-4,2.0115185415382952E-11
23300.0,0.9259428965227638,0.07405710341119658,6.603959680550078E-11
23120.0,2.2070997555032995E-14,0.26334717995601753,0.7366528200439604
23363.0,0.9558795740708886,0.0441204176780356,8.251075819683768E-9
23849.0,1.3419912069379575E-9,0.0011423095125146347,0.9988576891454941
23610.0,1.597642450073059E-5,0.780557528960326,0.21942649461517316
24092.0,0.001654956808711074,0.8200034625202387,0.17834158067105021
24578.0,2.7965750827801975E-36,1.4223845270744356E-15,0.9999999999999986
24335.0,2.4606494562174204E-20,1.212521391203417E-7,0.9999998787478609
23438.0,3.0617492935951356E-25,3.9567488209192334E-10,0.9999999996043252
23197.0,6.525199659127679E-29,7.690762419935643E-14,0.9999999999999232
22952.0,0.0031935165137041734,0.9728889947624423,0.023917488723853613
23799.0,2.519302602893966E-14,1.367390151221637E-5,0.9999863260984625
24036.0,2.4330509233996807E-10,0.8876462026314162,0.11235379712527871
24514.0,3.643334442819382E-13,1.1964775079571832E-4,0.99988035224884
24273.0,0.801618167823275,0.19641115045627008,0.001970681720454931
23020.0,7.748961400257771E-20,3.3299646857387814E-7,0.9999996670035314
23257.0,0.9971960678046815,0.0028039321016336393,9.368475362347213E-11
23498.0,0.8277662331733365,0.17207699495919382,1.567718674697246E-4
24213.0,0.48636489793108423,0.5134879159020532,1.471861668625277E-4
24454.0,0.11734370728834767,0.8826560003707251,2.9234092720559534E-7
24715.0,2.93251890012226E-6,0.9263680997251816,0.07362896775591812
23968.0,2.9560025786074357E-9,0.09549304611275018,0.9045069509312473
23731.0,1.8223823492214453E-26,1.4164305461457958E-7,0.9999998583569455
23303.0,4.8236442959801274E-18,6.289337235436125E-5,0.9999371066276457
23060.0,4.209817079372911E-14,3.369202527589448E-6,0.9999966307974303
24395.0,0.9676015020408839,0.03239849780099122,1.5812491054483088E-10
24646.0,0.7329420215870486,0.2670561293652585,1.8490476928181908E-6
24152.0,4.4386543098528666E-20,4.276136129399925E-9,0.9999999957238639
23678.0,0.9473799370187969,0.05261977203400441,2.909471987784755E-7
23917.0,0.010086154280657985,0.9898120981360516,1.0174758329037278E-4
23848.0,1.5844591175184014E-5,0.9994164077341169,5.677476747078614E-4
23611.0,2.3569063353407824E-7,0.07122571052948862,0.9287740537798779
24093.0,0.0018539742733885793,0.9980852699365335,6.075579007799513E-5
24334.0,3.1208083995615707E-9,0.001886825189376267,0.9981131716898153
24579.0,2.0128317560397905E-4,0.5748118536741209,0.4249868631502751
23121.0,5.140029845139478E-12,0.0012218459958418346,0.9987781539990181
23362.0,0.3233626260972723,0.6766339012974907,3.4726052371479007E-6
23798.0,1.0733613338070931E-10,1.4055347766368502E-4,0.9998594464150001
24037.0,0.005386667772440819,0.9926166298678464,0.0019967023597127335
24515.0,0.1336311565582755,0.8650759434908961,0.0012928999508283203
24272.0,0.6885156387905939,0.31110660477257374,3.777564368322597E-4
23439.0,0.12769432052963228,0.8700307079184442,0.0022749715519235028
23196.0,3.1999198630019363E-27,2.578638832059556E-10,0.999999999742136
22953.0,0.989891467447639,0.010108532343016991,2.0934396450937191E-10
24212.0,2.402808699696789E-6,0.9997527094447293,2.44887746570943E-4
24714.0,9.793472106060289E-14,0.008041325739290698,0.9919586742606115
24455.0,3.0285730257429416E-10,0.0068746361808625644,0.9931253635162801
23969.0,9.389348273205857E-7,0.016597148845137494,0.9834019122200353
23730.0,0.9972296514402907,0.00277034674740636,1.8123029553062724E-9
23021.0,0.04153981360776585,0.958460143925586,4.246664819161328E-8
23256.0,1.8883464349630666E-18,2.3881533129404767E-6,0.999997611846687
23499.0,6.1031712025863465E-6,0.47470011276349083,0.5252937840653066
24647.0,1.214441732102765E-22,2.816187741026683E-8,0.9999999718381225
24394.0,0.406626968685361,0.5933717327741878,1.298540451276473E-6
24153.0,0.0010537599084777549,0.9989441272461608,2.112845361507616E-6
23679.0,2.6647334924749626E-22,1.1223537817252956E-8,0.9999999887764622
23916.0,1.0677371824827743E-45,2.4256432581595027E-19,1.0
23302.0,0.08493873045853416,0.9140212295476168,0.0010400399938489712
23061.0,1.9843924126545387E-8,0.369304331623929,0.6306956485321469
23907.0,0.2776919026629951,0.7222969459987524,1.1151338252532085E-5
23664.0,0.0016303308754593913,0.9811788309899657,0.017190838134574865
24150.0,3.47780445003822E-9,2.308776109638506E-4,0.9997691189112317
24648.0,0.10823069758208939,0.8917691030761289,1.9934178187854542E-7
24389.0,2.3780187885842455E-6,0.39104906985384036,0.6089485521273711
23066.0,0.9845622781148127,0.015437671092568946,5.079261841593892E-8
23305.0,4.569169936002678E-22,8.190696324081455E-11,0.9999999999180931
23741.0,0.03578782372210421,0.7896625009699019,0.17454967530799384
23982.0,4.3055748765797536E-16,1.5596731233677245E-5,0.9999844032687659
24456.0,0.4584308439658807,0.5415676324489942,1.523585125095625E-6
24709.0,0.017043107359723062,0.9071090803926477,0.07584781224762928
24219.0,2.3531838753884542E-5,0.9999745979351455,1.8702261006651565E-6
23492.0,0.018692678346913058,0.957882451799789,0.023424869853297954
23255.0,1.025960046902687E-6,0.9670136242492471,0.03298534979070591
23010.0,0.0015987610612663607,0.9983475317240249,5.370721470879017E-5
24287.0,6.320859212568708E-16,0.0038180997938343265,0.9961819002061651
24524.0,0.45947000573395,0.54052999356241,7.036399055118133E-10
24042.0,9.672987128379353E-4,0.9990322295372822,4.717498798652955E-7
23801.0,8.125061842933804E-5,0.9996480349207265,2.7071446084423855E-4
23187.0,1.1808588105560473E-5,0.46599379543724895,0.5339943959746456
23424.0,0.9990469340805828,9.530657489339399E-4,1.7048325463870644E-10
24321.0,8.251422977219215E-17,7.613227904807305E-4,0.9992386772095192
24588.0,0.7108818455614917,0.23514129627712213,0.053976858161386185
24082.0,0.5838979718231355,0.4160735064451206,2.8521731743962444E-5
23604.0,0.8929883509990437,0.1069657022862768,4.5946714679382416E-5
23847.0,0.9995550190288182,4.4498097066298866E-4,5.188216255265979E-13
23373.0,0.7370654291194529,0.26175342819266934,0.001181142687877633
23134.0,1.9130240515651175E-15,0.07215198474208653,0.9278480152579115
23067.0,0.8379324470724056,0.16206748892712097,6.400047344552468E-8
23304.0,7.676694140335906E-6,0.4620985895254245,0.5378937337804351
23906.0,0.953147775792053,0.046851846952749,3.7725519801524906E-7
23665.0,0.006335090939460947,0.9024156263240286,0.09124928273651056
24151.0,0.073233307709404,0.9267666881912897,4.099306221003809E-9
24388.0,0.5224517053171702,0.4775445478086063,3.7468742234830907E-6
24649.0,7.575368911661463E-9,0.006624456020825359,0.9933755364038057
23493.0,0.25111584662903125,0.7487747291994191,1.0942417154971466E-4
23254.0,1.915733426066832E-15,4.5958452830555325E-6,0.999995404154715
23011.0,0.9939538599666763,0.006046140029108343,4.215307727538609E-12
23740.0,0.5468659658746019,0.45313403186715656,2.2582414840095217E-9
23983.0,6.669426812605449E-5,0.9997966147854394,1.3669094643456607E-4
24708.0,1.129584622337567E-16,1.622434441841569E-5,0.9999837756555814
24457.0,1.9080065876497447E-5,0.9999577937872256,2.312614689792233E-5
24218.0,1.0602741554322655E-29,9.300453673491745E-10,0.9999999990699547
23186.0,0.3506614183568993,0.6493385079128814,7.373021924810335E-8
23425.0,0.014574138789352509,0.983371381363381,0.002054479847266403
24286.0,6.4497055536948E-5,0.9887107084398907,0.011224794504572403
24525.0,1.6031595380439008E-9,0.2618145311312808,0.7381854672655597
24043.0,0.12858833368784256,0.8390543035693576,0.03235736274279977
23800.0,0.9989825548090286,0.0010174449630215602,2.279497932768634E-10
23372.0,0.012139127657572666,0.9842770205850502,0.003583851757377132
23135.0,4.848358681846491E-14,0.12492385416468733,0.8750761458352642
24320.0,4.963504121619676E-4,0.9784165389231485,0.02108711066468949
24589.0,2.377531550658959E-31,2.292613480727051E-15,0.9999999999999978
24083.0,6.0074966903660564E-15,4.0586457255824065E-4,0.9995941354274358
23605.0,1.3407854183121034E-12,2.4035810778475095E-5,0.9999759641878808
23846.0,0.08688158422432356,0.9130621508611018,5.626491457471706E-5
23666.0,0.99063143125267,0.00936856838590362,3.614265259282201E-10
23905.0,5.917596231660358E-32,7.668374539647591E-11,0.9999999999233162
24650.0,1.4667985816326296E-16,1.8747922177248164E-4,0.9998125207782274
24391.0,1.8184579016596142E-4,0.9998170874834574,1.0667263766434802E-6
24148.0,2.3625304904670115E-17,2.5250288397952716E-7,0.999999747497116
23307.0,0.7993027527671659,0.2006965758434081,6.713894259287079E-7
23064.0,1.7853091735552738E-5,0.8756982448607556,0.12428390204750885
23980.0,0.9854120976580094,0.014587901932183263,4.098074379812328E-10
23743.0,7.497141543116122E-4,0.07943642592652024,0.9198138599191682
24217.0,4.457795932740895E-36,3.6343638118853305E-15,0.9999999999999963
24711.0,0.9999392448158514,6.0755184074405034E-5,7.421732629102514E-14
24458.0,1.0751200336410288E-4,0.18648610745085323,0.8134063805457827
23253.0,4.645190734307227E-28,1.3342646465726774E-10,0.9999999998665736
23494.0,0.908261232331127,0.09173284445085625,5.923218016694716E-6
23008.0,1.1208937758703015E-12,0.04362694000434881,0.9563730599945304
24526.0,2.1430708535472757E-14,6.951868437301944E-5,0.9999304813156056
24285.0,3.025229733711159E-41,3.5089612896875016E-13,0.9999999999996492
23803.0,2.6793209770288986E-25,4.654717505933255E-13,0.9999999999995346
24040.0,1.6290956369080312E-13,0.012533858927852805,0.9874661410719843
23426.0,0.33162847173559545,0.6683712598303283,2.684340762967671E-7
23185.0,1.319182889688635E-32,1.4658189285080284E-9,0.999999998534181
24080.0,1.0867433733990564E-4,0.9998760427649923,1.5282897667860157E-5
24323.0,5.87601197978615E-4,0.9993505083184046,6.189048361679031E-5
24590.0,0.02982515837951118,0.9701734142138498,1.4274066390061026E-6
23845.0,0.97121127592121,0.0287886813850425,4.2693747561653876E-8
23606.0,0.9998054040055598,1.9459599437919884E-4,6.098632899043016E-14
23132.0,1.3169183229830438E-6,0.021723083278307246,0.9782755998033698
23375.0,1.4282504013067817E-10,0.028357673882477962,0.971642325974697
23306.0,0.001544471501890127,0.9861275294112487,0.012327999086861115
23065.0,2.408777565885881E-25,2.105085856115667E-8,0.9999999789491415
23667.0,0.9982632785208354,0.0017367214300883609,4.907632890854582E-11
23904.0,0.0023972489514855334,0.355736740733198,0.6418660103153164
24390.0,7.688348524197431E-4,0.9453274226741365,0.05390374247344371
24651.0,1.9559684187019026E-23,1.4137021730100323E-11,0.9999999999858631
24149.0,0.0016564970161121351,0.99657200076991,0.0017715022139778752
23252.0,0.003808511213305393,0.7676950069596175,0.2284964818270771
23495.0,0.0017812807064575198,0.9974345037207567,7.842155727856935E-4
23009.0,0.9594734074307456,0.040526592391755524,1.7749879466073894E-10
23981.0,2.5646119741472938E-12,0.0023100700633701893,0.9976899299340651
23742.0,0.01645963533691947,0.9832802997313957,2.600649316846585E-4
24216.0,1.0332088949975496E-8,0.7201543078522543,0.2798456818156567
24459.0,0.00953663417590603,0.9904629327654235,4.330586703273323E-7
24710.0,2.5201417348964994E-29,1.4393350415903012E-9,0.9999999985606649
23427.0,7.175152945762341E-34,2.1352022635290732E-18,1.0
23184.0,2.132063023491427E-5,0.9195599532452078,0.08041872612455729
24527.0,0.005660964855326939,0.9936607326107257,6.783025339472878E-4
24284.0,2.512233301627534E-16,0.003624153904727012,0.9963758460952729
23802.0,2.1285529144845095E-15,2.663835940844738E-6,0.9999973361640571
24041.0,5.130125301449928E-4,0.2654256269986579,0.7340613604711971
23133.0,4.895585882584976E-4,0.999490775590177,1.9665821564606282E-5
23374.0,0.7426482938424344,0.2573104059952783,4.1300162287282944E-5
24081.0,0.003339441119359947,0.9933035485236644,0.0033570103569757212
24591.0,1.5026772417834836E-5,0.05725517889988545,0.9427297943276968
24322.0,0.9943348555203916,0.005665143878104532,6.015038524544966E-10
23844.0,0.028278192000614183,0.9717217186901117,8.930927420663259E-8
23607.0,1.5979116899915053E-4,0.6836194405899845,0.3162207682410164
24705.0,2.275200171184696E-45,6.662954174441798E-21,1.0
24460.0,0.08740664463291356,0.9125864133947732,6.941972313226698E-6
24223.0,4.743551490998342E-7,0.07802106399596458,0.9219784616488863
23737.0,8.507111049698993E-5,0.9981799725219758,0.001734956367527289
23978.0,0.5071695470561157,0.49282666930954827,3.783634336181063E-6
23014.0,0.11811698963109807,0.8818824064528011,6.039161007893027E-7
23488.0,7.937510364190608E-30,1.72593065396916E-10,0.999999999827407
23251.0,4.898291607540336E-13,8.966052979690591E-6,0.9999910339465304
24146.0,0.9993541017560433,6.45690943444041E-4,2.07300512584277E-7
24652.0,2.1349954872373084E-13,0.06257247842262242,0.9374275215771641
24385.0,0.10030986420830657,0.8996900586954716,7.709622178213914E-8
23911.0,3.4629553023712243E-13,0.0010935210504529093,0.9989064789492008
23668.0,0.9891520802594235,0.010847918751821745,9.887547307369996E-10
23070.0,7.552999136866798E-8,0.023745004861026767,0.9762549196089819
23309.0,5.160972377215142E-8,0.12477273963672206,0.8752272087535542
23600.0,1.6278849595179847E-15,1.516944979112026E-4,0.9998483055020871
23843.0,0.967658207082388,0.0323417894930305,3.424581326280334E-9
24325.0,0.31763297074854596,0.6823624274956436,4.601755810554571E-6
24584.0,0.99907428773883,9.257122390736657E-4,2.2096281253537483E-11
24086.0,5.138888931389229E-12,0.001479146627981632,0.9985208533668795
23369.0,0.01974774058221584,0.7477506699823325,0.2325015894354516
23130.0,0.8303022824947947,0.1696977173405289,1.6467654960939209E-10
24046.0,0.02492489464686886,0.9085381478627302,0.06653695749040098
23805.0,0.46996949966205626,0.5300300458609931,4.5447695053055177E-7
24283.0,0.3018058380986721,0.6981935861963793,5.75704948608834E-7
24520.0,0.7360175543297376,0.2639031328648884,7.931280537410474E-5
23191.0,4.299113902146456E-4,0.9927998947718852,0.006770193837900092
23428.0,0.05255539002913977,0.9474434678198331,1.142151027079286E-6
23015.0,8.980992175209461E-8,0.029936979593920075,0.9700629305961581
23489.0,0.9840265080095844,0.015973490976375588,1.0140399109882097E-9
23250.0,2.8226665814542798E-11,1.8491973534812348E-4,0.9998150802364252
24704.0,1.906619711564416E-29,2.6593714941695206E-10,0.999999999734063
24461.0,2.5666155486756552E-11,0.04700614423272857,0.9529938557416052
24222.0,6.271530974440941E-18,1.4071493833541752E-7,0.9999998592850616
23736.0,5.83830192883622E-26,4.0764810502335973E-8,0.9999999592351895
23979.0,0.3359048405396357,0.6637837853607238,3.1137409964048304E-4
23071.0,0.9960902195358797,0.0039097804431099635,2.1010365076900068E-11
23308.0,0.0018963123601397683,0.9980998219139966,3.865725863678731E-6
24147.0,6.0091767430548515E-25,2.1653718352832503E-8,0.9999999783462816
24653.0,1.2761340425421001E-11,6.083482840372527E-4,0.9993916517032013
24384.0,1.6741009994676014E-5,0.9998878633053971,9.539568460820601E-5
23910.0,1.8550951967612887E-22,3.6217299819457543E-8,0.9999999637827002
23669.0,0.9990395873335298,9.604126152788242E-4,5.1191308568375624E-11
23368.0,1.3586670066503575E-18,5.810937409983271E-8,0.9999999418906259
23131.0,3.742014824140784E-24,2.744454056426195E-6,0.9999972555459437
23601.0,0.00749124596482042,0.9613836494833428,0.03112510455183684
23842.0,3.93984998442227E-9,7.030099629031153E-6,0.999992965960521
24324.0,3.0636040724680405E-6,0.4893396039245207,0.5106573324714069
24585.0,4.946722412580611E-12,2.5326989619482233E-7,0.999999746725157
24087.0,2.3033335133209037E-15,0.001044210478016875,0.9989557895219808
23190.0,0.9978506884543902,0.0021493079480493873,3.5975604544165943E-9
23429.0,0.0035923815432072938,0.9963997920141555,7.82644263701434E-6
24047.0,1.5692900864753768E-5,0.9999793155015319,4.991597603352915E-6
23804.0,1.5179228480099236E-21,1.8790607640195842E-11,0.9999999999812094
24282.0,1.836736625419318E-17,1.3699679220563283E-5,0.9999863003207794
24521.0,0.5600801837087772,0.43983923690316,8.057938806267573E-5
24221.0,3.158532023781196E-23,3.5436170816092596E-8,0.9999999645638291
24462.0,1.0832261767778024E-28,1.2463824258696068E-9,0.9999999987536176
24707.0,0.0031579794347765516,0.9968266309214765,1.5389643746895984E-5
23976.0,5.44982292092584E-10,0.06415942870853773,0.9358405707464801
23739.0,2.7492487035754446E-9,6.724808594399192E-4,0.9993275163913115
23012.0,0.9174882770020143,0.08251164764577114,7.535221461137097E-8
23249.0,0.4733322468207691,0.5266667837938787,9.693853524079525E-7
23490.0,1.2102594448432316E-17,4.778711197990875E-7,0.9999995221288802
24387.0,9.09885727886013E-6,0.9999877086625487,3.1924801723462815E-6
24654.0,7.547328494150092E-48,2.849768309383058E-21,1.0
24144.0,0.12953860935762107,0.8702903740072843,1.7101663509467847E-4
23670.0,0.99965201479224,3.4798520762009514E-4,1.4000652387333052E-13
23909.0,0.5903604329595472,0.4096394356746249,1.3136582779131223E-7
23311.0,3.8682388205117693E-11,0.0010405135311313783,0.9989594864301863
23068.0,7.925389258634904E-16,5.270526794284028E-7,0.9999994729473198
23841.0,5.5465257244417084E-5,0.9889578337721027,0.010986700970652925
23602.0,6.014079990821148E-4,0.9718830770703639,0.027515514930554045
24084.0,3.3316333595011796E-8,9.173911878981307E-4,0.9990825754957683
24327.0,3.3204523381719434E-21,3.960861664844972E-6,0.9999960391383351
24586.0,0.9051341175291827,0.09486394447495454,1.937995862744453E-6
23128.0,0.003933236911674362,0.9865555607514104,0.009511202336915268
23371.0,0.014289036652172283,0.7359220868056728,0.24978887654215481
23807.0,2.5979777126311312E-12,0.0013127017049011983,0.9986872982925008
24044.0,3.3138663236673054E-8,0.7091374905192513,0.29086247634208534
24522.0,0.040895790082787,0.959058463716883,4.574620032995531E-5
24281.0,2.3225542077560432E-14,5.02208238083749E-4,0.9994977917618929
23430.0,3.499055250665904E-5,0.9995826192626746,3.823901848187593E-4
23189.0,2.2036731375965087E-4,0.997825004783749,0.001954627902491365
23013.0,2.051330159765097E-16,3.085938754930071E-5,0.9999691406124505
23248.0,2.6285983400252543E-5,0.9999731744773009,5.395392987167078E-7
23491.0,0.2326498730729412,0.7614004525586905,0.005949674368368449
24220.0,0.9956203516955077,0.004379646573701475,1.7307908737713814E-9
24706.0,0.8643762579167164,0.13556979645515338,5.3945628130200555E-5
24463.0,0.9998247951180608,1.752048819168739E-4,2.2355157324190262E-14
23977.0,0.9835451407066931,0.016454799184987032,6.010831978812438E-8
23738.0,0.0029812807926117477,0.9956301673338237,0.0013885518735646178
23310.0,2.1646043981890504E-12,0.0015235669422720749,0.9984764330555633
23069.0,1.4140124359941696E-8,0.008290326643806776,0.9917096592160689
24386.0,9.673739154604613E-6,0.6072931319124917,0.3926971943483537
24655.0,4.9268742637683624E-5,0.9999502759974698,4.552598925091487E-7
24145.0,0.9985794459653025,0.001420554020907043,1.3790511454418724E-11
23671.0,1.3749361054475792E-26,8.652427278400448E-12,0.9999999999913476
23908.0,1.5621750665200355E-22,7.3373806701792095E-9,0.9999999926626194
23129.0,2.698633542535477E-10,0.9988439346635114,0.0011560650666251867
23370.0,0.7935671672717826,0.2064269518802257,5.880847991593193E-6
23840.0,2.5884589030072806E-5,0.8852030674743648,0.11477104793660522
23603.0,0.0046596463587247885,0.5371296439449914,0.4582107096962838
24085.0,1.1084697141781324E-22,7.134648765130535E-6,0.9999928653512349
24587.0,6.4884173789179555E-16,9.065849001650959E-5,0.9999093415099829
24326.0,4.4090198510535086E-4,0.9979536799605704,0.0016054180543243644
23431.0,1.1229314079980113E-6,0.9999979719192743,9.051493176503804E-7
23188.0,2.7945636235581203E-19,4.7312287763635775E-7,0.9999995268771223
23806.0,3.464680261365881E-6,0.5178771793377299,0.48211935598200867
24045.0,0.010474954052946048,0.9884781970759048,0.0010468488711491777
24523.0,6.634274196460896E-7,0.6605883990444053,0.33941093752817514
24280.0,7.783821343513612E-5,0.9994753103921283,4.468513944366162E-4
24262.0,2.929546523334532E-23,1.4140991718966567E-10,0.99999999985859
24533.0,9.861741590742982E-11,0.00115413097891869,0.9988458689224639
24051.0,4.098645288826622E-20,7.316031311409164E-7,0.9999992683968689
23776.0,6.458286886210366E-17,1.8451209370372832E-5,0.9999815487906295
22975.0,0.00559312932230536,0.9943306114231593,7.625925453539584E-5
23178.0,2.872446330330864E-5,0.970911455617993,0.029059819918703718
23449.0,0.002094611657102012,0.9976375521624017,2.678361804963487E-4
24344.0,1.3719307911936044E-7,0.005204997459002384,0.9947948653479185
24597.0,0.004803700559693321,0.9893210515801257,0.0058752478601809145
24075.0,6.989548601569014E-12,0.0116262052217481,0.9883737947712623
23597.0,1.619408363736411E-18,6.272954055857257E-6,0.9999937270459442
23870.0,6.1964817496804555E-12,3.4539629129378167E-6,0.9999965460308906
23380.0,2.13574185218845E-13,9.625389553342628E-7,0.9999990374608311
23111.0,4.1595530284805E-7,0.9789926573044643,0.02100692674023273
23930.0,0.9998247951180608,1.752048819168739E-4,2.2355157324190262E-14
23657.0,7.650636541404891E-38,2.3574703670120897E-21,1.0
24143.0,0.08897733895329982,0.9110031046361534,1.955641054671694E-5
24657.0,0.9988265412664701,0.001173458709885047,2.3644841601894268E-11
24412.0,0.08636818802968627,0.9061865740627302,0.007445237907583532
23043.0,0.001682002612038609,0.7255609764930183,0.2727570208949431
23312.0,0.7102834118665533,0.2889120255550914,8.045625783553633E-4
23716.0,0.9893761034907038,0.010623797762750582,9.874654566798562E-8
23991.0,0.9756100538124332,0.024389939114105204,7.073461666482654E-9
24465.0,0.9835483640057192,0.016451622002173934,1.3992106787823913E-8
24732.0,0.031486891789257274,0.9685123152513474,7.929593953807306E-7
24194.0,0.3587851920489771,0.6412068836719723,7.924279050586983E-6
23517.0,0.5084395767287179,0.4915602726857085,1.505855737008372E-7
23246.0,0.9998996691442694,1.003308557113699E-4,1.9245373240975512E-14
23035.0,2.413655349451447E-7,0.009387047475956272,0.9906127111585087
22974.0,0.002396580112892127,0.9968929923025749,7.104275845329837E-4
23179.0,3.877696313741719E-5,0.9983281062474861,0.0016331167893764427
23448.0,1.4748938103631507E-4,0.9998524347861604,7.583280326895933E-8
24263.0,0.970605509477768,0.02939449028170786,2.4052417634395606E-10
24532.0,3.8936675980584625E-10,0.19194492160212398,0.8080550780085093
24050.0,0.9767004790066061,0.02329951887973451,2.113659455737657E-9
23777.0,2.469646629371245E-16,2.873643522220606E-5,0.9999712635647775
23381.0,0.9998878270484294,1.1217295143831463E-4,1.322876793660313E-13
23110.0,3.915440230431363E-6,0.9999946855007664,1.3990590031269824E-6
24345.0,1.4069001044002653E-13,0.024520557900594757,0.9754794420992645
24596.0,3.3348177387011417E-15,4.4626518090705124E-7,0.9999995537348156
24074.0,0.1530570158389306,0.8469427433451897,2.408158796156096E-7
23596.0,1.2160798608333446E-31,1.3033602713956536E-13,0.9999999999998697
23871.0,2.197845326146325E-9,0.8739935818515241,0.12600641595063056
23042.0,3.885719544803801E-33,4.834888499502346E-12,0.9999999999951651
23313.0,2.1782396462208108E-8,0.06964355942819196,0.9303564187894116
23931.0,0.12769918648317558,0.5779581879901565,0.29434262552666773
23656.0,4.9614343976026E-12,1.2188592547879996E-7,0.9999998781091131
24142.0,0.0036611682079299773,0.9511282823863281,0.045210549405742054
24413.0,1.2555722779664064E-14,4.787172470276476E-6,0.9999952128275171
24656.0,5.039900049806624E-6,0.9999387730739778,5.618702597233733E-5
23516.0,1.1597622395986037E-4,0.9526844822038883,0.047199541572151914
23247.0,0.9999157675634797,8.423243650235743E-5,1.7863737917468313E-14
23034.0,0.019479019562793156,0.9692868377623614,0.011234142674845505
23717.0,5.720575999188611E-8,0.12277352381423821,0.8772264189800019
23990.0,0.5290336432316802,0.4709051731100248,6.118365829492835E-5
24464.0,1.6362839970063296E-8,0.978296613550175,0.021703370086985037
24733.0,0.9982410257112592,0.0017589741810503817,1.0769036296038574E-10
24195.0,0.9439142580481472,0.0560856742650364,6.768681646539666E-8
24535.0,9.469816098857911E-5,0.9999044210811853,8.807578260910204E-7
24260.0,0.9786116008411878,0.021388398802280644,3.565315274398448E-10
23778.0,0.13826767808370055,0.8549210561155881,0.006811265800711344
24049.0,7.371134230673243E-20,0.011462747800735763,0.9885372521992641
22973.0,0.3032574723524971,0.6967416307052967,8.969422061429356E-7
23451.0,3.1334822982958546E-8,0.9998391280339481,1.6084063122890493E-4
23176.0,0.023683590050195897,0.9763145825565985,1.8273932056210391E-6
24073.0,3.387755769124161E-4,0.9995958140712032,6.541035188436239E-5
24599.0,0.9756230193168092,0.024376980674144667,9.046097055300553E-12
24346.0,0.013902289258834322,0.9860221061141885,7.560462697710346E-5
23868.0,0.0012652271650223502,0.9987171678673712,1.7604967606344932E-5
23599.0,0.9987525294580076,0.0012474705328290275,9.1632439170345E-12
23109.0,0.7907041610924954,0.20929227184268379,3.5670648208001115E-6
23382.0,1.3471261715131225E-14,2.537179719582776E-6,0.9999974628202669
23659.0,1.6610708848470888E-26,7.621573168040427E-11,0.9999999999237842
23928.0,0.09355121186941051,0.9027840407344615,0.0036647473961279532
24414.0,9.781791776518578E-32,5.08806617837431E-9,0.9999999949119338
24659.0,4.05018174865916E-5,0.9935979580710633,0.006361540111450161
24141.0,0.9982959829421051,0.0017040167190711041,3.3882377591262464E-10
23314.0,0.00378799142730698,0.976271489730729,0.019940518841964048
23041.0,0.9998913154594026,1.0868454056664047E-4,3.077163305511199E-14
23989.0,4.019920276863096E-4,0.9925334522128949,0.007064555759418789
23718.0,8.398796007541562E-10,0.2751553402731123,0.7248446588870081
24192.0,0.03016485611686321,0.9690349093389642,8.002345441726117E-4
24467.0,4.6571228648928274E-5,0.6318445534922874,0.36810887527906355
24734.0,5.892291694716821E-31,9.63634401207699E-18,1.0
23244.0,1.371497680770245E-4,0.984258365318661,0.015604484913261966
23519.0,5.188692976328484E-9,0.35083361429205373,0.6491663805192532
23033.0,0.002063744047420334,0.980642372752582,0.017293883199997525
22972.0,4.069155890405846E-34,1.0252554548863873E-14,0.9999999999999898
23450.0,0.7008819636426925,0.2991180361106456,2.466619737696481E-10
23177.0,0.043579302993611305,0.7132934540464954,0.2431272429598933
24534.0,1.452334622640575E-13,0.0010162914559240705,0.9989837085439306
24261.0,0.9625333024861275,0.037466479806066405,2.1770780615030715E-7
23779.0,1.974738512850456E-11,5.296393523911686E-4,0.9994703606278614
24048.0,3.402219039512996E-12,0.03582576925838437,0.9641742307382134
23108.0,1.3464191450816614E-14,9.668378385814175E-6,0.9999903316216008
23383.0,9.16692927471492E-19,1.483857569294174E-6,0.9999985161424307
24072.0,8.022540468520712E-28,2.3162736776950314E-10,0.9999999997683726
24347.0,1.7483241268951297E-10,0.03729269427182048,0.962707305553347
24598.0,1.6735708037589304E-14,8.827195650657673E-5,0.9999117280434767
23869.0,1.6502396612977477E-11,0.016139704196062116,0.9838602957874355
23598.0,2.677285854841872E-8,0.65612304267928,0.34387693054786156
23315.0,0.3175414166372149,0.6824585707091801,1.2653604907309292E-8
23040.0,1.9506872598187436E-6,0.9745622105098193,0.025435838802920944
23658.0,0.9982162541133291,0.0017837426792481988,3.207422585423497E-9
23929.0,5.3666474587032645E-14,1.4471898770427287E-4,0.9998552810122421
24415.0,2.686245774929133E-12,0.003229186956405511,0.9967708130409082
24658.0,0.002185313258706127,0.9977503195246666,6.436721662722557E-5
24140.0,1.9262169076241353E-27,2.39079590542072E-12,0.9999999999976091
23245.0,6.131104366520372E-42,3.293638721349415E-17,1.0
23518.0,7.099337982692513E-25,1.735170674838094E-8,0.9999999826482933
23032.0,2.773480608347038E-4,0.5575884064430555,0.44213424549610986
23988.0,0.7734984439946174,0.22650104097707338,5.150283090972191E-7
23719.0,1.2614925463390703E-13,5.2667839077614257E-5,0.9999473321607962
24193.0,1.7412256782313534E-16,3.219118017276259E-6,0.9999967808819825
