22958.0,6.03665968807591E-7,0.9999794364591038,1.995987492739218E-5
23195.0,2.7555916192040606E-5,0.9999703680593355,2.0760244724920084E-6
23432.0,3.2159159912068956E-16,2.0001803515976998E-5,0.9999799981964838
24279.0,0.005471237035787101,0.9717113088136013,0.022817454150611496
24516.0,3.261865846296854E-7,0.1778939771090236,0.8221056967043918
24034.0,0.5044538608458616,0.49546870543368865,7.743372044961695E-5
23793.0,7.085905584667379E-8,0.4223217204630849,0.5776782086778594
23365.0,3.4754872789584256E-24,2.9790055021513633E-10,0.9999999997020995
23126.0,0.9492664342147307,0.05071837891214642,1.5186873122790703E-5
24329.0,9.394414538659598E-4,0.9909931755431154,0.008067383003018723
24580.0,0.785137871189648,0.21486200934704314,1.1946330889546205E-7
24090.0,2.532760078909286E-7,0.1595455674835536,0.8404541792404384
23612.0,0.9966586043451503,0.0033413953064453,3.484042446127283E-10
23855.0,0.48951995833555945,0.5104795587117918,4.829526486749369E-7
23058.0,0.6707263715582638,0.32927101209306314,2.616348673017743E-6
23297.0,9.371670873760081E-23,4.535044948669699E-9,0.9999999954649551
23915.0,0.15335043369145376,0.8463548049332509,2.947613752952586E-4
23672.0,0.10728282298814014,0.8877969486260844,0.004920228385775519
24158.0,9.600904761949488E-6,0.30130745612970894,0.6986829429655292
24640.0,0.3213459001008424,0.6786527782052505,1.3216939069971288E-6
24397.0,7.529147822517803E-16,6.9909399539491E-7,0.9999993009060039
23500.0,0.9990287680388521,9.712319595291701E-4,1.6186032218177472E-12
23263.0,5.574718047245211E-18,6.308450013891348E-10,0.999999999369155
23018.0,1.2230571753482423E-43,5.282538588816696E-20,1.0
23733.0,0.7266967977904348,0.2732124166009802,9.078560858493263E-5
23974.0,0.9993387780240378,6.612219721335055E-4,3.828801301572209E-12
24448.0,1.4785578732224603E-26,8.143714635352684E-10,0.9999999991856285
24717.0,5.724775549959579E-4,0.9971503953449475,0.0022771271000564287
24211.0,1.3247559325417264E-16,1.7691687459399793E-6,0.9999982308312539
24278.0,0.7328127558043773,0.26718197811053407,5.266085088605272E-6
24517.0,0.030035408338531903,0.9253106047667734,0.04465398689469478
24035.0,0.9702221118641515,0.029777883178859526,4.9569890033962456E-9
23792.0,0.07422954033288089,0.9257704213947631,3.827235610122131E-8
22959.0,8.87680791838599E-7,8.304739544599489E-4,0.9991686383647482
23194.0,7.384527367895996E-4,0.9992593206280349,2.2266351756137044E-6
23433.0,0.17531108939895862,0.8246861874105887,2.7231904525751393E-6
24581.0,0.7107061225246539,0.28929387195235484,5.522991121616254E-9
24328.0,1.269416703350835E-5,0.999682332466833,3.0497336613346827E-4
24091.0,4.2339349344285933E-11,5.130138953463151E-4,0.9994869860623143
23613.0,0.1036736212941728,0.8963230224147715,3.356291055890652E-6
23854.0,0.9519106951508027,0.04805648859106884,3.281625812845609E-5
23364.0,5.290244703840349E-24,1.241539828724453E-7,0.9999998758460171
23127.0,0.9968773946530283,0.0031226052521989463,9.477287096398344E-11
23914.0,0.3857096933611436,0.6142903062170662,4.217903629635046E-10
23673.0,2.44296356145142E-6,0.005390896366192479,0.9946066606702461
24159.0,0.98607652227951,0.013923465673769906,1.2046720056965019E-8
24641.0,0.5894142932858168,0.41058482372838234,8.829858007954879E-7
24396.0,0.5518435967659954,0.44806938781503947,8.701541896524738E-5
23059.0,2.5780072220399334E-7,0.9961955957563817,0.0038041464428960974
23296.0,4.7659052509904486E-17,8.323389777374308E-7,0.9999991676610221
23732.0,1.4073925119003584E-13,0.01542008895345795,0.9845799110464013
23975.0,0.11379958265142874,0.8861980162215966,2.4011269748460563E-6
24449.0,1.5801627721745767E-20,1.3507214405761262E-8,0.9999999864927855
24716.0,1.03867071820265E-13,1.291978853874128E-4,0.9998708021145086
24210.0,5.9083240868293836E-24,9.797265785920108E-7,0.9999990202734214
23501.0,2.448273717661984E-10,0.21620625468667984,0.7837937450684928
23262.0,2.000021191402791E-21,2.0823774456139609E-7,0.9999997917622554
23019.0,0.956597006106938,0.043402993885625185,7.437005972401023E-12
22956.0,0.452153989951736,0.5478459928043758,1.7243888134790874E-8
23434.0,3.487903721282655E-18,4.8042551523260525E-6,0.9999951957448476
23193.0,7.29372311627754E-9,0.9483724843664458,0.051627508339831124
24518.0,2.9091562835669613E-33,3.688443232236827E-17,1.0
24277.0,1.3908757628118405E-6,0.08190780900449605,0.9180908001197411
23795.0,2.3584676656980242E-11,0.08849872215298782,0.9115012778234276
24032.0,3.588813773863874E-17,2.3061421014634473E-5,0.9999769385789853
23124.0,0.011719752546445807,0.9753370029509484,0.012943244502605818
23367.0,4.5044837924196195E-8,0.04435801181183083,0.9556419431433312
24088.0,1.1555837793388569E-7,0.998141928144173,0.0018579562974491445
24331.0,0.9998856902644513,1.1430973552776244E-4,2.0812190828112177E-14
24582.0,4.3725748065044256E-21,4.214146762514894E-8,0.9999999578585325
23853.0,1.893889311635728E-9,0.999983534745843,1.6463360267633276E-5
23614.0,1.1144218252893268E-36,1.0454769414099692E-17,1.0
23299.0,1.7943153052160374E-7,0.9781017632833122,0.021898057285157327
23056.0,0.009367697395584981,0.9885984560777137,0.0020338465267014166
23674.0,0.14700313920095867,0.7454950534352456,0.10750180736379573
23913.0,2.202101431699257E-6,0.6385496370372058,0.3614481608613624
24399.0,9.751568045819028E-41,8.494535007453852E-18,1.0
24642.0,0.9892770972967385,0.010722902580228772,1.2303264637370842E-10
24156.0,4.308240760479516E-48,1.470641861794769E-20,1.0
23261.0,2.2248529618032344E-15,3.41079494345545E-4,0.9996589205056523
23502.0,0.9768135495577892,0.02318645038434175,5.786889781679132E-11
23016.0,0.34002147611422623,0.6598021895162882,1.7633436948553187E-4
23972.0,3.128938222837511E-22,4.5318630881959636E-11,0.9999999999546813
23735.0,0.9975907376776374,0.002409261591895289,7.304672668964632E-10
24209.0,0.0012039953118523558,0.9966383636485747,0.002157641039572839
24719.0,0.02594226407189391,0.9740576267828706,1.0914523556712364E-7
24450.0,0.9282585851069546,0.07174141063935352,4.253691819093805E-9
24519.0,3.1204920122225622E-12,5.250009895217152E-6,0.9999947499869842
24276.0,4.786525290842877E-38,6.804337913647712E-16,0.9999999999999993
23794.0,1.2007343322973354E-21,1.4477788691577802E-8,0.9999999855222114
24033.0,9.948829695996385E-4,0.9956293754991122,0.003375741531288198
22957.0,0.0734840728053692,0.925103783957006,0.0014121432376247506
23435.0,0.9370685896115342,0.06292944234389146,1.9680445743197166E-6
23192.0,0.9991612038076445,8.387961416418093E-4,5.071368505010103E-11
24089.0,0.9734661190378808,0.02653384433784194,3.6624277421914625E-8
24583.0,0.9153358064490905,0.08466418544709861,8.10381080782606E-9
24330.0,0.9860093545784603,0.013990645117503201,3.0403660236075084E-10
23852.0,0.0015239891020753908,0.9984432235556397,3.278734228495509E-5
23615.0,7.752883525006171E-4,0.9955281929655609,0.003696518681938449
23125.0,0.9445267411632224,0.05547325881659097,2.018664398789302E-11
23366.0,1.0113002360883672E-26,1.3110321653615243E-10,0.9999999998688968
23675.0,3.2838802933664736E-11,0.002094750596776095,0.997905249370385
23912.0,0.9715003056967852,0.028492784707159147,6.909596055751307E-6
24643.0,4.432283911111815E-18,9.4879175730089E-10,0.9999999990512083
24398.0,7.685684350027727E-4,0.9715794336275347,0.027651997937462525
24157.0,2.632009122524721E-4,0.9997328734701763,3.925617571295909E-6
23298.0,0.999920407521568,7.959247840175057E-5,3.020957985091527E-14
23057.0,1.8387274703017966E-7,0.9160445926272656,0.08395522349998744
23973.0,0.6045405954510715,0.39545909914549615,3.054034324097227E-7
23734.0,0.03355357340963416,0.9664443789899375,2.0476004283660766E-6
24208.0,0.9994460387579489,5.539612393031716E-4,2.7478552140453616E-12
24451.0,5.1205841876134776E-18,1.5623133175414483E-7,0.9999998437686682
24718.0,5.995356662582808E-20,2.178965803197879E-9,0.9999999978210342
23260.0,0.015467327552124458,0.9841449527446338,3.877197032417451E-4
23503.0,4.848173697543441E-4,0.9338523802675728,0.06566280236267286
23017.0,6.0960467570864E-9,4.369564115228567E-5,0.999956298262801
23361.0,6.597125236350117E-5,0.6594296410345226,0.340504387713114
23122.0,1.664299448388293E-5,0.9883402459414916,0.011643111064024414
23608.0,0.0036825512497833455,0.8922144595590887,0.10410298919112793
23851.0,5.140727680087651E-40,2.4589584344855916E-16,0.9999999999999998
24576.0,0.9598332942375025,0.039916714806812116,2.49990955685386E-4
24333.0,2.0613267595368324E-21,9.627912124440896E-8,0.9999999037208788
24094.0,1.7167746145201177E-14,2.392576248955488E-6,0.9999976074237339
23199.0,9.120672803104451E-12,6.147950072693621E-7,0.9999993851958721
23436.0,2.0386733414700244E-8,0.9033614718552614,0.09663850775800512
22954.0,4.921184928501931E-6,0.22127134602423884,0.7787237327908327
24038.0,7.073626668504078E-4,0.9987163400896072,5.762972435424823E-4
23797.0,0.9988868414009879,0.001113158598506662,5.054454738096111E-13
24275.0,7.244886082430677E-44,2.248456675170466E-17,1.0
24512.0,1.0048655940931543E-7,0.9986577838827885,0.0013421156306521796
23022.0,1.566757538326238E-8,0.9993168778246873,6.831065077373252E-4
23496.0,1.6863532455950802E-7,0.08665080018722077,0.9133490311774546
23259.0,4.921339713244157E-21,3.1091927672968205E-5,0.9999689080723271
24452.0,0.9996321179441393,3.678820528013939E-4,3.0593578591870116E-12
24713.0,3.2720786799745756E-6,0.02810232432428949,0.9718944035970306
24215.0,0.7595444686388239,0.24042246192002745,3.3069441148717015E-5
23729.0,1.6864450838235202E-7,0.015243319671738543,0.9847565116837531
23970.0,0.9542235795782142,0.04577641994843671,4.73349124908486E-10
23062.0,3.150591798800891E-9,0.04918769635119704,0.9508123004982112
23301.0,0.9771384224211558,0.022861554538440354,2.3040403748849903E-8
24154.0,6.489185723266209E-5,0.2593781210809701,0.7405569870617972
24644.0,3.682463910040633E-11,0.8576798263492157,0.1423201736139597
24393.0,0.17711504588012386,0.81166498208538,0.011219972034496166
23919.0,1.0961648387100035E-25,2.0657933482537508E-8,0.9999999793420665
23676.0,0.427588862089533,0.5723626447546754,4.849315579165608E-5
23609.0,6.363121396311687E-6,0.9997280704398331,2.6556643877042273E-4
23850.0,0.6535019329865307,0.34649653499422145,1.5320192479165368E-6
24577.0,1.226289160754988E-4,0.7834823431180175,0.2163950279659071
24332.0,2.4970846679744792E-33,2.1764394707874177E-15,0.9999999999999979
24095.0,1.3848871326552914E-33,6.630202007492417E-11,0.9999999999336979
23360.0,8.608485156076331E-13,0.008722041508842352,0.9912779584902968
23123.0,3.6777651089764783E-10,0.5598108012577225,0.440189198374501
24039.0,0.02922018222141421,0.9691335288086799,0.0016462889699059068
23796.0,2.3429839000005043E-24,1.9382720808545174E-6,0.9999980617279192
24274.0,1.5757414836962301E-18,3.082162333965481E-4,0.9996917837666034
24513.0,2.1636004424631098E-18,7.4467495960301604E-6,0.9999925532504039
23198.0,0.049125108805060075,0.9508745761621678,3.150327722169498E-7
23437.0,5.439421030594586E-7,0.8230445279413526,0.17695492811654434
22955.0,4.0649555609817717E-7,0.17649345045546128,0.8235061430489826
24712.0,0.0804180270901861,0.9180414608061168,0.0015405121036971027
24453.0,0.9999039579545573,9.604204542600084E-5,1.6751968451220982E-14
24214.0,0.9899129978756445,0.010086913064325938,8.906002964330872E-8
23728.0,1.3674829590992119E-14,3.0242108053922864E-5,0.9999697578919323
23971.0,0.0038416363441720375,0.9961333951502762,2.4968505551817832E-5
23023.0,1.526684026031178E-13,3.961809652868553E-5,0.9999603819033187
23497.0,1.2094810871437644E-11,1.1652790844603457E-6,0.9999988347088208
23258.0,2.1080122800749067E-23,1.176965903292255E-8,0.999999988230341
24155.0,1.994215041190951E-5,0.9994502442642882,5.298135852999159E-4
24645.0,0.9961745685976032,0.0038254313162143574,8.618246056161471E-11
24392.0,0.029571160651175894,0.9704284340254774,4.053233466002566E-7
23918.0,0.03104867282701133,0.9689479976963755,3.329476613093619E-6
23677.0,8.146516024291537E-31,1.730330228891694E-14,0.9999999999999826
23063.0,0.9993190718004539,6.809281852382787E-4,1.4307847907687898E-11
23300.0,0.9358718180220376,0.06412818192755619,5.040626782742345E-11
23120.0,1.9816695295840364E-14,0.26065589413971635,0.7393441058602639
23363.0,0.9591465185316087,0.04085347445635142,7.012039860550888E-9
23849.0,8.721765608894006E-10,9.274316518518222E-4,0.9990725674759715
23610.0,8.674525629363738E-6,0.8498386300591265,0.150152695415244
24092.0,0.0011228123636874072,0.822427351623498,0.17644983601281458
24578.0,7.252721669293027E-37,2.925456706920876E-16,0.9999999999999998
24335.0,7.750766716938909E-21,5.278758258148268E-8,0.9999999472124175
23438.0,3.6576597009081147E-26,4.805963088978167E-11,0.9999999999519403
23197.0,8.233247493362445E-30,4.726663444719229E-15,0.9999999999999952
22952.0,0.0013411948518278777,0.9800743983912618,0.01858440675691043
23799.0,4.527594722906455E-15,3.311263678846987E-6,0.9999966887363166
24036.0,1.54138319887513E-10,0.9053207153236268,0.09467928452223495
24514.0,1.0586146931503589E-13,6.98789587235E-5,0.9999301210411706
24273.0,0.8650422875972714,0.13359491159413467,0.0013628008085937913
23020.0,1.912108507690584E-20,1.3525103614050812E-7,0.9999998647489637
23257.0,0.9973954289603936,0.002604570965154455,7.445192236050844E-11
23498.0,0.8535770392021872,0.1463044529207693,1.1850787704345362E-4
24213.0,0.47391035225375505,0.5259419373590848,1.4771038716009555E-4
24454.0,0.11478697650186417,0.8852127678611771,2.556369586065866E-7
24715.0,2.1518736795617684E-6,0.9410365094727933,0.05896133865352732
23968.0,1.2534102316420215E-9,0.0495396386628278,0.950460360083762
23731.0,6.71292247610406E-27,8.470002805002547E-8,0.9999999152999719
23303.0,1.9190423965212255E-18,3.715455264431838E-5,0.9999628454473557
23060.0,1.808968001026397E-14,1.6183235529813272E-6,0.999998381676429
24395.0,0.9750884598122105,0.024911540085269315,1.0252023139669452E-10
24646.0,0.7508481632673394,0.24915046904316537,1.3676894950895947E-6
24152.0,1.3781261636645603E-20,1.15631374732866E-9,0.9999999988436863
23678.0,0.9524630766099754,0.047536692477949415,2.3091207497697183E-7
23917.0,0.007806797232626982,0.9921209714700179,7.223129735528118E-5
23848.0,1.218528856302481E-5,0.9995424805661952,4.4533414524184647E-4
23611.0,1.4576126893816207E-7,0.044008471737215435,0.9559913825015156
24093.0,0.0015800095311359077,0.9983685167960056,5.147367285849858E-5
24334.0,1.885524470170427E-9,0.0014049228336712148,0.9985950752808044
24579.0,1.8209878897494487E-4,0.5431937211921519,0.4566241800188731
23121.0,4.6724855444075145E-12,0.0013529079805937201,0.9986470920147338
23362.0,0.32658700598865587,0.6734105482147441,2.445796599981842E-6
23798.0,4.554208121162727E-11,3.9630952552353115E-5,0.9999603690019057
24037.0,0.00371679292592242,0.99473346429772,0.0015497427763576214
24515.0,0.1076136578860969,0.8913976562376627,9.886858762404394E-4
24272.0,0.7129026196993803,0.28671759310043504,3.7978720018461116E-4
23439.0,0.09684015452965952,0.9010870550765108,0.0020727903938295156
23196.0,6.063581861287874E-28,9.783576644448692E-11,0.9999999999021643
22953.0,0.9913120313396077,0.008687968501845904,1.5854644366083248E-10
24212.0,6.015825336086263E-7,0.9998884622256489,1.109361918175575E-4
24714.0,2.3514753122126865E-14,0.004330940211914857,0.9956690597880616
24455.0,1.8375282643860808E-10,0.005220463476962349,0.9947795363392847
23969.0,5.409856246659354E-7,0.0077628427534624485,0.992236616260913
23730.0,0.997385931260932,0.00261406725787201,1.4811958423511487E-9
23021.0,0.03680789038138446,0.9631920759916511,3.362696437791328E-8
23256.0,7.857311347909804E-19,1.160831105376101E-6,0.9999988391688946
23499.0,3.6243385863688754E-6,0.5115723593474985,0.48842401631391513
24647.0,2.7064386668684463E-23,9.859734154643048E-9,0.9999999901402657
24394.0,0.4164744677984905,0.5835244069898969,1.1252116126547063E-6
24153.0,8.522571315065925E-4,0.9991460017491025,1.7411193909058683E-6
23679.0,4.981385446669686E-23,4.7995849757854084E-9,0.999999995200415
23916.0,6.114663943900474E-47,2.5755910137298627E-20,1.0
23302.0,0.08178054006264805,0.9173666632890703,8.52796648281655E-4
23061.0,1.3951523726726972E-8,0.3558229094067898,0.6441770766416866
23907.0,0.28691594635928924,0.7130743241203087,9.729520402112654E-6
23664.0,0.0014576891976759278,0.9819174594237605,0.016624851378563517
24150.0,1.5292933405564483E-9,1.7052542975484435E-4,0.9998294730409518
24648.0,0.1091147226643078,0.8908851038373712,1.7349832097642208E-7
24389.0,1.6520065054339458E-6,0.413645217838363,0.5863531301551316
23066.0,0.9854593117684887,0.014540644466296512,4.376521469026949E-8
23305.0,1.2239550233378893E-22,1.932183664850846E-11,0.9999999999806782
23741.0,0.020806410439566304,0.8407115274901924,0.13848206207024136
23982.0,2.151017049981262E-16,1.262967155181073E-5,0.999987370328448
24456.0,0.4754478127517353,0.5245509434097584,1.24383850644765E-6
24709.0,0.015939926154993532,0.9185375421425501,0.0655225317024564
24219.0,2.081709423191593E-5,0.9999776544703856,1.5284353825416192E-6
23492.0,0.009438292482303679,0.9752239421565149,0.015337765361181597
23255.0,6.660143261865988E-7,0.9692549661590736,0.030744367826600262
23010.0,0.001348297723894463,0.9986150397164283,3.6662559677282196E-5
24287.0,2.9437843276252753E-16,0.0027464314808177317,0.9972535685191819
24524.0,0.48133019157087725,0.5186698078258715,6.032512362009426E-10
24042.0,9.277445126879444E-4,0.999071861770828,3.9371648404710007E-7
23801.0,7.382233845840579E-5,0.9997463714272923,1.7980623424922014E-4
23187.0,9.558901838924127E-6,0.4419906538493825,0.5579997872487785
23424.0,0.9994943766942964,5.056232211983503E-4,8.450513729805462E-11
24321.0,3.2715099394740516E-17,5.707032142301118E-4,0.9994292967857699
24588.0,0.7718480556031699,0.18884931706074468,0.03930262733608544
24082.0,0.6192343708848971,0.3807464109103625,1.9218204740326365E-5
23604.0,0.9229969013950936,0.07696412292109713,3.897568380918169E-5
23847.0,0.9996392904051558,3.607095944290009E-4,4.153016176559579E-13
23373.0,0.7558883044743662,0.24324860125901454,8.630942666193824E-4
23134.0,8.989437276960322E-16,0.04294923089510118,0.957050769104898
23067.0,0.8637424228577211,0.1362575253321801,5.18100989095521E-8
23304.0,5.557767269084707E-6,0.4393448679567695,0.5606495742759614
23906.0,0.9579955586477437,0.04200409245952474,3.488927315439371E-7
23665.0,0.0036522882826937088,0.9370599840199776,0.059287727697328756
24151.0,0.043951794257194754,0.9560482026005662,3.142239045903023E-9
24388.0,0.4992687619296179,0.5007286059629287,2.63210745347774E-6
24649.0,5.587912394792147E-9,0.006193026200473648,0.9938069682116139
23493.0,0.16747802226149916,0.8324345391685568,8.743856994410946E-5
23254.0,5.656428247857992E-16,1.382246838607403E-6,0.9999986177531608
23011.0,0.9945413792641102,0.005458620732613273,3.276582484325618E-12
23740.0,0.5494118755334559,0.4505881227580319,1.7085122273502602E-9
23983.0,3.188474668175538E-5,0.9998856900921637,8.242516115456147E-5
24708.0,3.965640027025045E-17,1.2823772694633713E-5,0.9999871762273054
24457.0,1.342343840697506E-5,0.9999705861550022,1.5990406590849186E-5
24218.0,4.760991098917987E-30,6.410092848846865E-10,0.9999999993589908
23186.0,0.3421987460771635,0.6578011953639745,5.855886184183013E-8
23425.0,0.013403790297600882,0.9851773291455571,0.0014188805568420414
24286.0,4.843725864012921E-5,0.9912009950451027,0.008750567696257244
24525.0,9.290274575922553E-10,0.20304902821046614,0.7969509708605064
24043.0,0.07367622697942428,0.895069130172038,0.03125464284853769
23800.0,0.9990269249688579,9.730748349071373E-4,1.9623502990010176E-10
23372.0,0.008886367233897132,0.9882782090355934,0.002835423730509489
23135.0,2.3356325795677588E-14,0.08743236737245705,0.9125676326275196
24320.0,2.4212010483632885E-4,0.9839758940173969,0.015781985877766865
24589.0,3.2273150433837726E-32,2.0767342170776603E-16,0.9999999999999998
24083.0,2.5676494464846058E-15,2.5216914779375386E-4,0.9997478308522038
23605.0,5.765392841172219E-13,1.1469381254795185E-5,0.9999885306181686
23846.0,0.0708031151308819,0.9291536897821401,4.319508697812363E-5
23666.0,0.9917082818809388,0.00829171784329996,2.7576111904441843E-10
23905.0,1.2547037388378124E-32,3.664867028036761E-11,0.9999999999633513
24650.0,1.0079762504841102E-16,1.289554217855525E-4,0.9998710445782144
24391.0,1.4008750466737804E-4,0.9998590851844317,8.27310900949005E-7
24148.0,1.2573153522547243E-17,7.360197438797711E-8,0.9999999263980256
23307.0,0.8188482937524689,0.181151202678511,5.035690201727779E-7
23064.0,1.3533562487611196E-5,0.8700401637452636,0.12994630269224877
23980.0,0.9894599014617981,0.010540098266937593,2.7126436488470876E-10
23743.0,3.2030885698491846E-4,0.05185012420799351,0.9478295669350215
24217.0,8.348122306625192E-37,7.205757347056324E-16,0.9999999999999993
24711.0,0.999949809196691,5.019080325377615E-5,5.521769855511194E-14
24458.0,7.710878232180352E-5,0.12557380235253063,0.8743490888651476
23253.0,1.0076726207920534E-28,2.2393659221947786E-11,0.9999999999776065
23494.0,0.9290057754649302,0.07098915047847082,5.074056598939042E-6
23008.0,7.638041780291078E-13,0.039322849412484075,0.9606771505867521
24526.0,1.0141108460153611E-14,3.70009081348562E-5,0.999962999091855
24285.0,2.7495582105329674E-42,1.9854875365968645E-13,0.9999999999998015
23803.0,1.310220315680534E-26,5.6033826635731456E-14,0.9999999999999439
24040.0,6.918283366345551E-14,0.009123299080804382,0.9908767009191264
23426.0,0.31186015644476994,0.6881396488334423,1.9472178768245964E-7
23185.0,4.239033726176251E-33,1.0852568875120591E-9,0.9999999989147432
24080.0,6.098670364958752E-5,0.9999280064283232,1.1006868027208535E-5
24323.0,4.0103037155760394E-4,0.9995536546155004,4.5315012941981466E-5
24590.0,0.023455910339038516,0.9765432122126732,8.774482882753278E-7
23845.0,0.9740980472549443,0.02590191711349643,3.563155922669596E-8
23606.0,0.9998201254408239,1.798745591230397E-4,5.2999996200477225E-14
23132.0,2.9073926978359586E-7,0.01069192211897871,0.9893077871417516
23375.0,8.410816604000325E-11,0.022431812762382684,0.9775681871535091
23306.0,9.478294334252519E-4,0.9922956680172709,0.006756502549303809
23065.0,1.0562985160833976E-25,6.907422072559192E-9,0.9999999930925779
23667.0,0.998332797895802,0.0016672020617612198,4.243684837399582E-11
23904.0,0.0022404110324189285,0.35909836721307326,0.6386612217545079
24390.0,6.503057854711014E-4,0.9510437308906382,0.04830596332389058
24651.0,2.1106858747546977E-24,3.1583284316530676E-12,0.9999999999968416
24149.0,0.0011392149525289049,0.9973069273245588,0.0015538577229121356
23252.0,0.0034220927877454646,0.8023703275165807,0.19420757969567393
23495.0,0.0015438635730489836,0.9977940239870541,6.621124398969406E-4
23009.0,0.9629770616977963,0.03702293817240607,1.2979764152903074E-10
23981.0,1.776855776027629E-12,0.001959612421544476,0.9980403875766787
23742.0,0.015969164034447748,0.9838217385053265,2.0909746022568758E-4
24216.0,6.691094813979706E-9,0.7488119341911401,0.25118805911776504
24459.0,0.005922489223904833,0.9940771816688403,3.2910725474568234E-7
24710.0,7.367400271473705E-30,8.868638344401507E-10,0.9999999991131361
23427.0,8.933958146570523E-35,4.888223458759318E-20,1.0
23184.0,1.4536205785742826E-5,0.9365408017138968,0.06344466208031742
24527.0,0.0030996438908389916,0.9963687869940739,5.315691150869813E-4
24284.0,1.6149314713042879E-16,0.0022585919941253067,0.9977414080058745
23802.0,6.884459491217874E-16,5.753918447877022E-7,0.9999994246081545
24041.0,2.753910233452294E-4,0.20428002455464295,0.7954445844220118
23133.0,3.9348564900388124E-4,0.999590496216243,1.6018134753200943E-5
23374.0,0.7445400240335334,0.2554195098516183,4.04661148482372E-5
24081.0,0.0026385090075406632,0.9945867948596205,0.002774696132838662
24591.0,7.715832009075634E-6,0.03333481415619593,0.9666574700117949
24322.0,0.9964981823468974,0.003501817253927426,3.991752077053526E-10
23844.0,0.024381130187883238,0.9756188060585721,6.375354466959589E-8
23607.0,1.158574647863102E-4,0.7345443451322551,0.2653397974029586
24705.0,6.640272504754238E-47,8.770054136231708E-22,1.0
24460.0,0.0613864899179559,0.9386092336139791,4.276468065018301E-6
24223.0,3.2453286432288967E-7,0.06061799925531128,0.9393816762118244
23737.0,4.301913099551155E-5,0.998851232717591,0.0011057481514135613
23978.0,0.5897382784879901,0.4102593838534336,2.3376585763466056E-6
23014.0,0.11668376566441334,0.8833157009207895,5.334147972168222E-7
23488.0,1.7734708113948355E-30,5.6608666362709623E-11,0.9999999999433914
23251.0,1.4699533513921955E-13,2.642931036230218E-6,0.9999973570688168
24146.0,0.9996908652509352,3.0904164631823734E-4,9.310274653359186E-8
24652.0,1.2995992554244587E-13,0.04084075190284261,0.9591592480970275
24385.0,0.09112626836009845,0.9088736645203108,6.711959080128814E-8
23911.0,2.546451471377964E-13,8.620430974387489E-4,0.9991379569023067
23668.0,0.9916409550833954,0.008359044210174547,7.064299124263079E-10
23070.0,4.278805562610581E-8,0.010563894437185709,0.9894360627747587
23309.0,3.461637263120484E-8,0.11332443415837372,0.8866755312252537
23600.0,8.084398517884464E-16,1.0690891821083015E-4,0.9998930910817884
23843.0,0.976937923715769,0.023062074024690155,2.259540912143616E-9
24325.0,0.30854818021891156,0.6914479924278777,3.827353210848792E-6
24584.0,0.9991737501081597,8.262498743025236E-4,1.753778070309565E-11
24086.0,2.5326180974859637E-12,0.0010832475463024125,0.998916752451165
23369.0,0.016748824693613752,0.7750016140538784,0.2082495612525079
23130.0,0.8595164894632447,0.14048351041112422,1.2563116934720245E-10
24046.0,0.02275013770791062,0.9243277193230626,0.05292214296902679
23805.0,0.46721554749154526,0.5327840766667092,3.758417456416965E-7
24283.0,0.3364423796477465,0.6635571556285343,4.6472371922554744E-7
24520.0,0.814401305056804,0.1855458097868021,5.288515639385723E-5
23191.0,3.07540432897292E-4,0.9937865174446426,0.005905942122459951
23428.0,0.020598139285295577,0.9794010055558423,8.55158862114414E-7
23015.0,3.805530430432481E-8,0.022625514144012614,0.9773744478006832
23489.0,0.9855644817295028,0.014435517426501334,8.439959378931415E-10
23250.0,1.3812243968592329E-11,7.493536464493905E-5,0.9999250646215428
24704.0,4.1640678154180194E-30,8.247970292407017E-11,0.9999999999175203
24461.0,1.4709027366636295E-11,0.030823219381343792,0.9691767806039472
24222.0,2.958220149595034E-18,8.452989354008618E-8,0.9999999154701065
23736.0,2.2363961021024117E-26,2.4967688319145652E-8,0.9999999750323117
23979.0,0.3016901278089256,0.6980250915926491,2.847805984252769E-4
23071.0,0.997534120114822,0.0024658798741961662,1.0981751187188874E-11
23308.0,0.001478237660564097,0.9985189029845413,2.8593548945156056E-6
24147.0,1.6303271857871344E-25,1.3207498977708509E-8,0.9999999867925011
24653.0,6.063236404500805E-12,4.05045259519384E-4,0.9995949547344174
24384.0,1.1071435548256745E-5,0.9999249552775424,6.397328690928723E-5
23910.0,6.705211080699344E-23,2.063965035045047E-8,0.9999999793603497
23669.0,0.9992781153050432,7.218846540500618E-4,4.090663827944565E-11
23368.0,3.8367451117032806E-19,1.8453486746083686E-8,0.9999999815465133
23131.0,1.175304729614616E-24,1.8323002613619664E-6,0.9999981676997386
23601.0,0.005113532478569188,0.9708102814068299,0.024076186114600953
23842.0,1.7027891945005931E-9,1.632342496946377E-6,0.9999983659547138
24324.0,2.046951541863058E-6,0.5480282795730891,0.45196967347536915
24585.0,8.316599006828637E-13,6.872621520566521E-8,0.9999999312729531
24087.0,9.643688572741445E-16,9.908834821937978E-4,0.9990091165178052
23190.0,0.9983696645982444,0.0016303326300945826,2.771661046134181E-9
23429.0,0.0017171127220054155,0.9982795365771514,3.350700843123022E-6
24047.0,1.629081562049921E-5,0.9999792556017767,4.453582602909162E-6
23804.0,1.473964047438256E-22,1.7334019223863053E-12,0.9999999999982665
24282.0,6.3443445559651446E-18,1.1760782678688004E-5,0.9999882392173213
24521.0,0.6253544159112201,0.37458227499216606,6.330909661381794E-5
24221.0,6.894142557096843E-24,8.994268107169894E-9,0.9999999910057319
24462.0,2.6934802805166876E-29,7.456638440697656E-10,0.9999999992543361
24707.0,0.002467244322200668,0.9975208954824675,1.1860195331914699E-5
23976.0,3.2593913384010624E-10,0.05670178250672843,0.9432982171673325
23739.0,1.3299752372217568E-9,3.3449930495617607E-4,0.9996654993650685
23012.0,0.9307467755537732,0.06925317907378323,4.5372443736206286E-8
23249.0,0.4554966093203201,0.54450261794436,7.727353199055697E-7
23490.0,5.695150694532376E-18,1.654529893408839E-7,0.9999998345470106
24387.0,7.577828031316672E-6,0.9999899191829946,2.5029889740053948E-6
24654.0,6.5754179023739395E-49,2.3284904947991364E-23,1.0
24144.0,0.12317564095625273,0.8766748712291877,1.4948781455956397E-4
23670.0,0.9996953861617406,3.04613838149887E-4,1.0958146333982154E-13
23909.0,0.6076381829401675,0.3923617311788344,8.588099805011206E-8
23311.0,3.584127067703321E-11,9.846335285584853E-4,0.9990153664356003
23068.0,2.809042919038145E-16,2.4231865787694434E-7,0.9999997576813419
23841.0,3.0593879575454094E-5,0.9927213905581932,0.007248015562231321
23602.0,2.7137244379243496E-4,0.9793402496004003,0.020388377955807172
24084.0,1.5793572880677183E-8,4.787471118605287E-4,0.9995212370945666
24327.0,8.83134476905312E-22,1.2570780141000107E-6,0.999998742921986
24586.0,0.9218525162763622,0.07814604707745308,1.436646184598138E-6
23128.0,0.0029862580141134186,0.9887991997186392,0.008214542267247394
23371.0,0.014602334998105876,0.7199920760885439,0.2654055889133502
23807.0,1.2372450491682331E-12,6.106563504384447E-4,0.9993893436483243
24044.0,2.3879282527199E-8,0.7480093635103249,0.25199061261039263
24522.0,0.037466912319007485,0.9624983760266671,3.471165432538266E-5
24281.0,8.504202550499847E-15,1.794784900249905E-4,0.9998205215099665
23430.0,2.5920657053896825E-5,0.9996708130967485,3.0326624619757676E-4
23189.0,7.338993908531493E-5,0.99906711115982,8.594989010946376E-4
23013.0,3.93541197171544E-17,1.5136152963017881E-5,0.999984863847037
23248.0,2.191355632531806E-5,0.9999776826900947,4.0375358001910373E-7
23491.0,0.22134439638957426,0.7735237532627153,0.005131850347710359
24220.0,0.9960869745505377,0.00391302406469954,1.3847627526143938E-9
24706.0,0.8602085262487809,0.1397381324654473,5.334128577173226E-5
24463.0,0.9998362191965126,1.6378080346906595E-4,1.8465667902999227E-14
23977.0,0.9881143005183696,0.011885654366983555,4.511464689604085E-8
23738.0,0.0022671545189973806,0.996725813845065,0.0010070316359376392
23310.0,9.01729293767078E-13,4.372772456001983E-4,0.9995627227534981
23069.0,6.401868607297773E-9,0.003513055037284363,0.9964869385608471
24386.0,3.7478453523752315E-6,0.6528980861172905,0.3470981660373571
24655.0,3.0378167845789638E-5,0.9999692658868098,3.5594534431080244E-7
24145.0,0.9986351976091973,0.001364802378615689,1.2187015896041246E-11
23671.0,2.9412971429615162E-27,2.181274318949649E-12,0.9999999999978187
23908.0,5.617091636071872E-23,4.172094851741451E-9,0.9999999958279052
23129.0,1.543625821142567E-10,0.9992108954849488,7.89104360688549E-4
23370.0,0.7853477694767762,0.21464642121143535,5.809311788480977E-6
23840.0,1.411024326737134E-5,0.9251696868277559,0.07481620292897669
23603.0,0.0023005923501756686,0.515465947479058,0.4822334601707663
24085.0,3.74824188365364E-23,5.3088648800096475E-6,0.9999946911351201
24587.0,2.1353938612393973E-16,6.281285846709683E-5,0.9999371871415327
24326.0,2.3685857307507752E-4,0.9984250085669516,0.001338132859973276
23431.0,8.780583308341482E-7,0.9999983128689274,8.090727418262737E-7
23188.0,3.8997717544970545E-20,2.443278805727564E-7,0.9999997556721194
23806.0,2.4417189854428614E-6,0.5162146681852486,0.48378289009576586
24045.0,0.0068115884284641725,0.9922502973383492,9.381142331865694E-4
24523.0,2.826035673214812E-7,0.7013487105646837,0.2986510068317489
24280.0,5.4950129095212155E-5,0.9996046341775406,3.404156933640076E-4
24262.0,8.532863453225868E-24,7.06082183317148E-11,0.9999999999293918
24533.0,2.5286587042338766E-11,5.204562486613038E-4,0.9994795437260521
24051.0,1.4909308143695008E-20,3.7226684710547517E-7,0.9999996277331529
23776.0,3.483003072554682E-17,1.2246654515568343E-5,0.9999877533454845
22975.0,0.0038076881570373662,0.996142121872808,5.0189970154594745E-5
23178.0,2.359346302650704E-5,0.9778539387977697,0.02212246773920378
23449.0,0.0013588459487727884,0.9984364564770664,2.0469757416105832E-4
24344.0,5.196177007876923E-8,0.002416331228890884,0.997583616809339
24597.0,0.0027441198469273648,0.9932767724482175,0.003979107704855157
24075.0,3.2127274517976346E-12,0.008250069390293062,0.9917499306064942
23597.0,5.451178000743437E-19,2.6040829468332703E-6,0.9999973959170531
23870.0,2.352769589245142E-12,1.012147801052012E-6,0.9999989878498462
23380.0,1.028402795706299E-13,5.422965377819501E-7,0.9999994577033594
23111.0,2.9134214154586106E-7,0.9822226416640529,0.017777066993805556
23930.0,0.9998362191965126,1.6378080346906595E-4,1.8465667902999227E-14
23657.0,2.6945194741035342E-39,1.7632202950310646E-22,1.0
24143.0,0.06979013960711829,0.9301972376409127,1.2622751968992495E-5
24657.0,0.9988615799503076,0.0011384200284540907,2.1238354798436153E-11
24412.0,0.060604541003076016,0.9330521248458388,0.0063433341510850385
23043.0,0.0012751018306057453,0.737056843425214,0.2616680547441801
23312.0,0.7651531536158541,0.2342259371882122,6.209091959336994E-4
23716.0,0.9966650505608373,0.00333490416941798,4.526974460883386E-8
23991.0,0.9836500940719555,0.016349901952637066,3.975407574784563E-9
24465.0,0.9893970435590885,0.010602949034773915,7.406137541143109E-9
24732.0,0.02634900823461633,0.9736503506683658,6.410970178796847E-7
24194.0,0.3589442561001713,0.6410512725582667,4.471341562121426E-6
23517.0,0.5076681746080084,0.49233170434571566,1.2104627584995066E-7
23246.0,0.9999095266452879,9.04733546967054E-5,1.5547166428769403E-14
23035.0,1.4868155679281594E-7,0.005554541452109414,0.9944453098663337
22974.0,0.0017654180733208255,0.9976205321116565,6.140498150226761E-4
23179.0,2.954511688096379E-5,0.9986870862008855,0.0012833686822335572
23448.0,1.0711066400031538E-4,0.9998928224007374,6.69352624049005E-8
24263.0,0.9753969101684434,0.02460308965896933,1.7258733279013696E-10
24532.0,2.382645346075071E-10,0.1767215426993984,0.8232784570623369
24050.0,0.9802268076632388,0.019773190925850396,1.4109108092034213E-9
23777.0,1.3532128422661666E-16,8.330198000860297E-6,0.9999916698019989
23381.0,0.9998990925688519,1.0090743103711712E-4,1.1099947913133312E-13
23110.0,3.000903056722815E-6,0.9999959097633436,1.0893335995726336E-6
24345.0,8.164444654801006E-14,0.020141330354506513,0.9798586696454119
24596.0,7.758514912687977E-17,3.964936467580535E-8,0.9999999603506352
24074.0,0.14078191386834257,0.8592178979657041,1.8816595346562056E-7
23596.0,3.8581085529229676E-32,5.2495726850244756E-14,0.9999999999999476
23871.0,1.2033347534978876E-9,0.8990315493991429,0.10096844939752245
23042.0,9.924574619030493E-34,2.3592827103636316E-12,0.9999999999976407
23313.0,1.738811635222316E-8,0.06124470708171721,0.9387552755301665
23931.0,0.10508802194206548,0.6107777947488964,0.2841341833090382
23656.0,2.4220827733117167E-13,2.038138554220559E-8,0.9999999796183722
24142.0,0.002605851521129026,0.9657954591528303,0.031598689326040576
24413.0,4.7839951483345866E-15,2.5370129267856227E-6,0.9999974629870685
24656.0,2.217478566536424E-6,0.9999594643145504,3.8318206883017785E-5
23516.0,9.91712108374795E-5,0.9568150768506378,0.043085751938524604
23247.0,0.9999230818552594,7.691814472605574E-5,1.4655954724020673E-14
23034.0,0.013611376594222834,0.9775556198958495,0.008833003509927684
23717.0,2.8246390243298474E-8,0.10825319603059902,0.8917467757230106
23990.0,0.5230401431201596,0.4769043395242329,5.55173556075703E-5
24464.0,1.5618494144199954E-8,0.9817510211282985,0.018248963253207403
24733.0,0.9983475068202443,0.0016524930736601376,1.0609553552048729E-10
24195.0,0.9403662990349552,0.05963363471509477,6.624994992859288E-8
24535.0,6.813567705875674E-5,0.9999313050440056,5.592789354320202E-7
24260.0,0.9809187134907562,0.019081286231527956,2.777158621162998E-10
23778.0,0.10617710641660125,0.8889899718110462,0.004832921772352494
24049.0,3.3059512482719367E-20,0.007958878243971672,0.9920411217560283
22973.0,0.31335111131315313,0.686648094934818,7.937520288737087E-7
23451.0,2.1509388844226908E-8,0.9998794504625101,1.2052802810096949E-4
23176.0,0.011795364217689692,0.9882032270813713,1.4087009390971603E-6
24073.0,2.704065832658496E-4,0.9996900092107633,3.9584205970847114E-5
24599.0,0.977836447113746,0.02216355287914963,7.104425681313175E-12
24346.0,0.010236292682600514,0.989707501294901,5.620602249839847E-5
23868.0,5.759583213031927E-4,0.9994121579468084,1.1883731888324603E-5
23599.0,0.9988414925808704,0.0011585074111434472,7.986130341765207E-12
23109.0,0.8050858976848273,0.19491185927346613,2.24304170647574E-6
23382.0,6.822497362517259E-16,2.740566939545864E-7,0.9999997259433053
23659.0,6.464154623602735E-27,4.409276062474131E-11,0.9999999999559073
23928.0,0.05882589277004232,0.939205967679239,0.001968139550718626
24414.0,2.617530822541498E-32,1.9840926940796173E-9,0.9999999980159074
24659.0,3.371280295339037E-5,0.9945138904645212,0.005452396732525471
24141.0,0.9983129472073093,0.0016870524696572136,3.2303345709381065E-10
23314.0,0.0035254395860498055,0.9782713079029322,0.018203252511017867
23041.0,0.9999063396586816,9.3660341295073E-5,2.338285221508991E-14
23989.0,2.511132244506458E-4,0.9940675736208445,0.005681313154705034
23718.0,5.744631727661636E-10,0.23327656711319195,0.766723432312345
24192.0,0.02176004822223142,0.9776468541536453,5.930976241233815E-4
24467.0,4.641691772609292E-5,0.6567619690257033,0.34319161405657084
24734.0,5.749212119137515E-32,4.47969268422957E-19,1.0
23244.0,6.769748128688868E-5,0.9923743735591009,0.007557928959612147
23519.0,3.110247894315698E-9,0.2434587797417037,0.7565412171480483
23033.0,0.001515272065792541,0.9854760127500037,0.013008715184203668
22972.0,1.17255113067306E-34,3.2697229202391504E-15,0.9999999999999968
23450.0,0.7166387861264663,0.2833612136736749,1.9985880938553425E-10
23177.0,0.029441874045799083,0.7475063933313405,0.22305173262286052
24534.0,8.027472672261534E-14,7.267486825984082E-4,0.9992732513173213
24261.0,0.9711796757406608,0.028820126656923392,1.9760241592146234E-7
23779.0,7.331945755226054E-12,1.4272523060121349E-4,0.9998572747620668
24048.0,1.4597581422139759E-12,0.02993286419251369,0.9700671358060265
23108.0,7.085965513827689E-15,6.155417120521487E-7,0.9999993844582808
23383.0,4.2321022092162762E-19,9.422935233677839E-7,0.9999990577064767
24072.0,1.5526044351205899E-28,6.424176349542357E-11,0.9999999999357583
24347.0,1.0848524506543333E-10,0.03022966832132487,0.9697703315701899
24598.0,6.3437932231031255E-15,4.045546359766378E-5,0.999959544536396
23869.0,8.054668847850674E-12,0.014689272619907328,0.985310727372038
23598.0,1.516919767705996E-8,0.6828912357982272,0.31710874903257513
23315.0,0.3112739266335167,0.6887260640120906,9.354392735816796E-9
23040.0,1.323648231046421E-6,0.9824770212773426,0.017521655074426396
23658.0,0.9984619015002177,0.0015380960042988125,2.495483550466752E-9
23929.0,7.592739175717848E-15,5.463667248174741E-5,0.9999453633275107
24415.0,9.746258676171573E-13,0.002358763044214969,0.9976412369548104
24658.0,0.001616837968207167,0.9983520590645089,3.110296728397475E-5
24140.0,7.051307368782317E-28,8.873434609637989E-13,0.9999999999991126
23245.0,4.299040714321395E-43,1.59785901594198E-18,1.0
23518.0,1.2480861527607517E-25,5.746449568765415E-9,0.9999999942535504
23032.0,1.816556452850589E-4,0.610319975522263,0.3894983688324521
23988.0,0.8051745372040835,0.19482504979062673,4.130052899086052E-7
23719.0,7.00329560323059E-14,3.7491598244272355E-5,0.9999625084016857
24193.0,3.558823393748112E-17,1.8743413771644496E-6,0.9999981256586229
