22958.0,2.1889693830019776E-11,0.9999323150301592,6.768494795099229E-5
23195.0,0.030153577188462656,0.9685566369191895,0.0012897858923477878
23432.0,1.3776784290530574E-10,0.013410671943296827,0.9865893279189354
24279.0,9.247278515668523E-11,0.09191882216895121,0.908081177738576
24516.0,4.194396848811894E-4,4.6414870910241026E-5,0.9995341454442086
24034.0,0.023020195634590027,0.9748109270418792,0.0021688773235307734
23793.0,1.4599542811331057E-5,0.9993382062516807,6.471942055078566E-4
23365.0,4.493682057850501E-37,2.7150817278841896E-10,0.9999999997284919
23126.0,7.99809823894844E-30,0.9999999999999087,9.121689113528482E-14
24329.0,7.519332248118899E-12,1.4553031711908002E-14,0.999999999992466
24580.0,0.9944037242320781,0.005596275722501423,4.542045525388253E-11
24090.0,1.7954422984309657E-33,0.05295971686877259,0.9470402831312275
23612.0,0.9999999999344478,6.440182182694309E-11,1.150341556714189E-12
23855.0,0.07288808086097087,0.9266749461938465,4.369729451826649E-4
23058.0,0.8817864829281664,0.11803174965653683,1.8176741529684303E-4
23297.0,1.5443840483244675E-8,4.410455335438091E-5,0.9999558800028051
23915.0,1.0005335688042974E-9,0.9999268395000367,7.315949942981949E-5
23672.0,0.9997093090676357,2.9066335012165376E-4,2.758224263442488E-8
24158.0,0.0013065511715615419,0.7101538828867283,0.2885395659417101
24640.0,0.20913876213686075,0.7908612378333204,2.981876850401206E-11
24397.0,2.1680580585860354E-17,0.041626552914635545,0.9583734470853644
23500.0,1.169783701160498E-11,0.9999999999883022,2.642000055414724E-20
23263.0,0.4216860147008269,4.8249375071394795E-12,0.5783139852943482
23018.0,4.786562942807792E-67,3.4926868011016915E-55,1.0
23733.0,1.0519221119555093E-16,0.9999977643898557,2.2356101444846487E-6
23974.0,0.99639482064054,0.0036051784731834383,8.862766007252958E-10
24448.0,3.138133980794011E-17,2.0984652186441973E-4,0.9997901534781355
24717.0,0.04489866295216032,0.010807094272045814,0.9442942427757938
24211.0,2.6833553278923022E-33,1.524496560020586E-9,0.9999999984755035
24278.0,0.6626714678237395,0.3368602664301609,4.682657460996025E-4
24517.0,0.7624294341620816,0.040951260834034595,0.19661930500388375
24035.0,0.8827519803713615,0.11724801652200288,3.1066356487865287E-9
23792.0,0.007513133082833982,0.99245586875982,3.099815734606456E-5
22959.0,0.014095575775505501,0.9859044230741255,1.1503690164884448E-9
23194.0,3.4270938652670466E-14,0.9999077213073712,9.22786925947967E-5
23433.0,0.33757373443170885,0.6624258518479109,4.137203802439931E-7
24581.0,0.003062251286175955,0.9969377487119561,1.8680274629015673E-12
24328.0,4.5191347470943504E-23,4.28283910704396E-21,1.0
24091.0,4.26590045410041E-59,8.597409987433335E-35,1.0
23613.0,0.8374102470430269,0.16258939137764455,3.6157932850432885E-7
23854.0,0.6399684370668939,0.23572703657942867,0.12430452635367742
23364.0,2.0710776466412917E-22,1.2795393455870735E-6,0.9999987204606545
23127.0,0.9981311881438244,0.0018688118358511784,2.032455214202754E-11
23914.0,6.164968897691817E-9,0.9999354190114861,6.457482354497216E-5
23673.0,1.4993943401867033E-20,0.013896638714438468,0.9861033612855615
24159.0,0.9753282340275358,0.02467176206648949,3.905974535986363E-9
24641.0,0.981679123143509,0.018320875932986418,9.235044287096769E-10
24396.0,0.9997308955910518,2.69104408723799E-4,2.243432328435911E-13
23059.0,3.474983429841614E-28,0.023191844606392807,0.9768081553936073
23296.0,0.9999930716207511,1.4202776226628787E-26,6.928379249005287E-6
23732.0,4.891814799987622E-10,0.9998428310456444,1.5716846517405993E-4
23975.0,0.13175632338307938,0.8682436766168735,4.6998062308558554E-14
24449.0,3.893263388469151E-22,3.814772279544751E-14,0.9999999999999618
24716.0,3.7210003556429934E-23,3.526000462471608E-5,0.9999647399953754
24210.0,3.4226914850728805E-30,4.3759758172213776E-4,0.9995624024182778
23501.0,2.1765251060637383E-9,7.158282020668867E-4,0.9992841696214079
23262.0,1.5168658041691326E-10,6.98074763262327E-4,0.9993019250850511
23019.0,0.9994969947296656,5.030052703344839E-4,1.0670540267032586E-19
22956.0,1.4108158831989404E-8,0.9989657788525614,0.001034207039279574
23434.0,2.0830715307471694E-20,1.7268808652346344E-8,0.9999999827311913
23193.0,6.518185967085742E-21,0.9999999986371235,1.362876408323689E-9
24518.0,1.0095105565829827E-71,2.7668507365874225E-26,1.0
24277.0,1.0591473346353212E-10,1.0504472893123681E-54,0.9999999998940852
23795.0,2.575712395060107E-16,0.013535390339904568,0.9864646096600953
24032.0,4.2263670655482766E-22,2.3495851371265971E-4,0.9997650414862874
23124.0,1.005080841709108E-8,4.440158846958903E-6,0.9999955497903447
23367.0,5.7363199179421044E-5,0.09754146474207874,0.9024011720587418
24088.0,1.9410549451518653E-24,1.1929944892123698E-7,0.999999880700551
24331.0,0.9879963014057715,0.012003698594220019,8.393101215119232E-15
24582.0,0.9973280547812805,2.336114649015321E-4,0.0024383337538179156
23853.0,7.501641074828119E-12,0.9999741808292819,2.5819163216369637E-5
23614.0,0.9962560580198299,2.544110196330935E-17,0.0037439419801701323
23299.0,1.4556036508320808E-23,0.9998675158954532,1.324841045468037E-4
23056.0,4.975205590629459E-15,0.9710750181586587,0.028924981841336482
23674.0,1.663828016215767E-8,8.16835717623917E-6,0.9999918150045436
23913.0,0.04579420332252011,0.07583627518957917,0.8783695214879007
24399.0,2.0862409232938967E-45,5.277581307602697E-26,1.0
24642.0,2.3374254380488313E-18,0.9999999960166708,3.983329310774467E-9
24156.0,1.0351140373242642E-24,0.0011918347271529578,0.998808165272847
23261.0,2.382435622782509E-6,0.1514824229144339,0.8485151946499433
23502.0,0.9943172349885709,0.005682765011429057,3.221638040309724E-17
23016.0,0.9908374023618914,0.009054726418870337,1.0787121923831631E-4
23972.0,4.2656243498787976E-17,1.1132067380282629E-15,0.9999999999999989
23735.0,1.0,1.9362643794732423E-31,4.243052582148281E-31
24209.0,9.029898219419586E-9,4.92380981224746E-4,0.999507609988877
24719.0,0.02658147354080467,0.9731799648693643,2.3856158983085444E-4
24450.0,0.9999999872043183,3.1318788728532614E-9,9.663802755477514E-9
24519.0,2.0275201005322705E-21,0.9652895947965525,0.03471040520344751
24276.0,1.9530843265595407E-73,0.9999999844823015,1.551769834821605E-8
23794.0,2.7780659856219952E-55,2.7136802488518783E-21,1.0
24033.0,0.8402615043266854,0.1498711753712319,0.009867320302082806
22957.0,1.175354799323989E-15,9.977811218880995E-15,0.9999999999999889
23435.0,0.9983136374403524,0.0016863618805497802,6.790977322800591E-10
23192.0,0.8511227047461636,0.14876816427437242,1.0913097946394419E-4
24089.0,0.9959836331531278,0.004016366706154998,1.4071728434840634E-10
24583.0,0.8217402431196812,0.17825975242825462,4.45206432730747E-9
24330.0,0.9782142991782775,0.02178568935837689,1.1463345625102658E-8
23852.0,0.34671208349638877,0.6532879042655666,1.223804463854414E-8
23615.0,8.022071506988185E-6,0.007922729681804012,0.9920692482466891
23125.0,0.9968784135821358,0.003121566460037812,1.995782639202578E-8
23366.0,2.6573695099265944E-20,1.913263156247362E-15,0.999999999999998
23675.0,3.3000167469830275E-7,3.595591064167052E-4,0.9996401108919087
23912.0,7.288214543832717E-13,0.9975332837495446,0.0024667162497267647
24643.0,1.2301312632171868E-7,0.9999998769868736,7.168947105075252E-28
24398.0,0.010676017402969846,1.1181672565361407E-9,0.989323981478863
24157.0,1.0020885926607016E-11,0.5031858556800647,0.4968141443099144
23298.0,0.9854533525329774,0.01454664737947097,8.755167078770049E-11
23057.0,1.3029649309949343E-10,0.9999959334358972,4.066433806089656E-6
23973.0,5.259509390821072E-5,0.9999474033421532,1.5639386529423266E-9
23734.0,3.15313961477254E-8,0.9999999572944978,1.117410607990995E-8
24208.0,0.9939298239615836,0.006070175430864071,6.075523898186283E-10
24451.0,2.056642765532862E-31,8.867559497701256E-4,0.9991132440502297
24718.0,0.9649084362884635,0.035091368850318265,1.948612183220538E-7
23260.0,2.5893746540186334E-13,0.9999475006507065,5.2499349034747875E-5
23503.0,1.9453621034834806E-5,2.0793707378287504E-4,0.9997726093051822
23017.0,1.080998673516929E-6,0.008471018797330492,0.9915279002039958
23361.0,1.0138865895925373E-26,1.1039467852242223E-5,0.9999889605321477
23122.0,6.934786718774892E-7,0.08744455886442147,0.9125547476569066
23608.0,0.6160000924714689,0.3809407379514251,0.003059169577106031
23851.0,2.0240406965153264E-37,1.2800283210468901E-12,0.9999999999987199
24576.0,0.004260293370195087,0.9927167824724173,0.0030229241573876578
24333.0,1.597425097419087E-4,0.9956694817160003,0.004170775774257608
24094.0,4.3831175122563736E-5,2.8274579805936126E-5,0.9999278942450714
23199.0,0.04498380783689978,4.573341591834855E-16,0.9550161921630997
23436.0,2.9434866351040854E-42,0.9999966855762816,3.314423718350802E-6
22954.0,1.3216324566938497E-47,2.9436217544591746E-32,1.0
24038.0,0.35642481130579173,0.6435751877011873,9.93021058136861E-10
23797.0,0.40304554707877205,0.5969544395218133,1.3399414668669037E-8
24275.0,2.3632065508528605E-34,7.457183486052958E-9,0.9999999925428166
24512.0,5.4261740493719785E-8,5.137011604277542E-10,0.9999999452245584
23022.0,2.4424252474029802E-11,0.9999999999755749,8.711038798161917E-16
23496.0,0.8948970760706287,0.0034607260508591046,0.10164219787851225
23259.0,3.558922538474666E-8,0.9741214258481187,0.025878538562655935
24452.0,0.9520221815072855,0.047977816416530816,2.076183649826169E-9
24713.0,2.0378232823536147E-11,0.02611283105714408,0.9738871689224777
24215.0,6.1802071953513405E-9,0.9999895115856632,1.0482234129529179E-5
23729.0,5.249104332234601E-11,0.02345751015542649,0.9765424897920825
23970.0,0.027276202625988524,0.9727237919951393,5.3788722634569534E-9
23062.0,1.0,5.862809351345729E-24,1.1797862278810282E-36
23301.0,0.9999999999962443,3.7556316334600636E-12,3.891385487265454E-18
24154.0,9.298001890621541E-4,0.8386459528305561,0.16042424698038182
24644.0,8.419513426704582E-33,3.9696053818631693E-10,0.9999999996030395
24393.0,0.6229965541846118,0.37675397058177823,2.4947523360996734E-4
23919.0,1.153845109852778E-21,0.0022339274533849955,0.9977660725466149
23676.0,0.8885165511674978,0.11125461522978912,2.2883360271310594E-4
23609.0,3.5826787313493393E-4,0.00818875459785885,0.9914529775290063
23850.0,4.124609994083442E-16,0.9968835726281294,0.00311642737187013
24577.0,7.585915830200965E-9,0.5854744041714257,0.41452558824265845
24332.0,5.0344497567491555E-17,0.419184316265255,0.5808156837347449
24095.0,3.8836722520973173E-19,1.5598871081360697E-5,0.9999844011289186
23360.0,0.003257799746179139,0.9967318107013303,1.038955249047884E-5
23123.0,1.064258827786141E-29,0.03016200694699222,0.9698379930530078
24039.0,0.0021630739385025853,0.9978364003742736,5.256872237643179E-7
23796.0,4.5598072522589256E-21,4.4827404473947814E-8,0.9999999551725955
24274.0,1.020707166054587E-11,9.382856309234953E-4,0.9990617143588694
24513.0,6.351571203105743E-19,8.3125106670129E-5,0.9999168748933299
23198.0,9.692185532969393E-4,0.9724645240940656,0.026566257352637495
23437.0,4.211572684450906E-29,0.002366726592799232,0.9976332734072006
22955.0,6.391133853053223E-19,0.9999999999563454,4.365453347534792E-11
24712.0,0.9999999999294997,7.0500276480037E-11,5.317797311148005E-27
24453.0,0.9653272308653044,0.03467276639842497,2.736270792636397E-9
24214.0,1.632053424454107E-14,0.9999974685494528,2.5314505307102195E-6
23728.0,8.32618891790327E-25,1.0850319215435951E-10,0.9999999998914968
23971.0,1.0353195654298903E-24,0.2836924530236097,0.7163075469763902
23023.0,0.9954127872016953,0.004571749870172951,1.5462928131808176E-5
23497.0,0.9983293289052082,0.0016706710775719717,1.721976801531876E-11
23258.0,4.9510530925981565E-23,3.0886311873504942E-9,0.9999999969113689
24155.0,3.385062354499373E-8,0.9999999179831797,4.8166196823905E-8
24645.0,0.9931801365221016,0.006819858493278401,4.984619999722743E-9
24392.0,0.9999976455577243,1.2272259055284225E-6,1.127216370088624E-6
23918.0,1.3671804137678763E-18,1.0,1.3489005061591994E-30
23677.0,1.947781095963541E-35,2.3888564660966755E-8,0.9999999761114354
23063.0,0.0021899573991538083,0.9975013903514242,3.086522494220879E-4
23300.0,1.4398387360451625E-12,0.011219871483873711,0.9887801285146864
23120.0,4.8091157079093785E-27,3.2369356020430724E-10,0.9999999996763065
23363.0,0.6593865006589167,0.340613499337587,3.4963271713656837E-12
23849.0,1.454161778934898E-13,0.04069361231219907,0.9593063876876554
23610.0,4.1622945446489865E-5,5.113905600107466E-16,0.999958377054553
24092.0,0.01328573898870327,0.9867045191039939,9.741907302847918E-6
24578.0,0.8941133435752207,0.10588665642477943,6.197649714703964E-21
24335.0,1.2760295072791896E-18,3.7747786261282496E-58,1.0
23438.0,5.3173994952025064E-24,0.9999999882849725,1.171502756508487E-8
23197.0,2.286466515370283E-7,0.9999997713533485,4.043370572528183E-21
22952.0,9.660853426857841E-5,0.9162968171467052,0.08360657431902634
23799.0,2.4456571048591342E-65,0.0010577752974895455,0.9989422247025105
24036.0,2.9831809085447996E-9,0.0945423240252633,0.9054576729915558
24514.0,8.861567894896722E-8,0.8865045416531757,0.1134953697311455
24273.0,0.24559040127607534,0.7544080440304238,1.5546935008294505E-6
23020.0,2.260504672246273E-21,2.5535639081122125E-12,0.9999999999974465
23257.0,0.9688200637414572,0.031179926707049017,9.55149374319769E-9
23498.0,0.7450461201755226,0.2541983377914788,7.555420329985027E-4
24213.0,3.9294604944889904E-5,1.9100523452451955E-4,0.9997697001605306
24454.0,0.126088850670957,0.8739111492199447,1.0909827116994693E-10
24715.0,3.5642579232064147E-110,1.161239327962126E-79,1.0
23968.0,0.06133478447676093,0.0036541978957248876,0.9350110176275142
23731.0,5.411535458219225E-12,0.9996447931791177,3.552068154706623E-4
23303.0,1.4671201859455273E-10,0.7883581770439312,0.21164182280935678
23060.0,4.7937588632976147E-4,0.9994977766923919,2.2847421278234146E-5
24395.0,0.0024214362494670533,0.9975785637505329,1.2370790508184257E-18
24646.0,0.99821696845309,0.0015823813234272584,2.0065022348273115E-4
24152.0,2.070641391759379E-29,0.9997331460484179,2.6685395158208293E-4
23678.0,0.2794063331959379,0.7173974388582927,0.003196227945769433
23917.0,0.999872513933504,1.274843688109577E-4,1.6976852181672721E-9
23848.0,3.627166676062178E-18,3.4744339949249276E-4,0.9996525566005074
23611.0,3.224834416905728E-4,0.9996773229315177,1.9362679174078627E-7
24093.0,4.375260072832908E-7,0.7043783343895245,0.2956212280844683
24334.0,1.220013286093612E-25,2.9078396763201386E-8,0.9999999709216032
24579.0,5.324843102120198E-4,0.020996074360688077,0.9784714413290999
23121.0,1.185071661173359E-19,3.663803988495567E-7,0.9999996336196012
23362.0,0.9999999999999989,1.0678864445215838E-15,2.883590658080971E-26
23798.0,5.58992181637939E-7,0.9999600063843025,3.943462351576368E-5
24037.0,2.0015207664005316E-12,0.13253147792413844,0.8674685220738599
24515.0,0.9630716419570361,0.02784917231540555,0.009079185727558439
24272.0,0.9999999999997424,1.8847093460977693E-16,2.572800996780478E-13
23439.0,0.6611929861602809,0.33880585287462994,1.1609650892336232E-6
23196.0,3.0510815154892466E-14,6.0122237530455406E-5,0.9999398777624391
22953.0,0.9992497839457273,7.501646110572113E-4,5.1443215542046425E-8
24212.0,0.0011279699195499574,0.9988476438173531,2.4386263096933132E-5
24714.0,5.136431150610404E-11,0.9999999922284605,7.720175353462053E-9
24455.0,3.182992055491617E-30,4.103381348400387E-61,1.0
23969.0,0.999999999999899,4.2014547011535605E-19,1.0108868807538421E-13
23730.0,1.5297038741923716E-6,6.659321658334647E-9,0.9999984636368041
23021.0,3.2060552025697493E-7,0.9999996793944799,7.256220495772923E-27
23256.0,3.914276180154433E-11,0.9999449288029162,5.5071157941021754E-5
23499.0,5.32241353541667E-4,0.9994677582709921,3.7546611436673974E-10
24647.0,2.682949083342054E-5,0.9999731695035339,1.0056325745154946E-9
24394.0,0.2336196506828723,0.7662936736120368,8.667570509100174E-5
24153.0,7.675853149867749E-10,0.9998800871172946,1.1991211511987025E-4
23679.0,1.7255346851482561E-6,6.154760753953508E-14,0.9999982744652532
23916.0,7.059205750387858E-38,0.9999999999996654,3.3460969234063454E-13
23302.0,0.23072649459714237,0.743585526158855,0.025687979244002606
23061.0,4.072533674289659E-9,0.9999096040569354,9.03918705310989E-5
23907.0,0.11126013149999596,0.8875641563332383,0.0011757121667657457
23664.0,7.617033533598121E-14,0.9999999993057245,6.941993524620453E-10
24150.0,6.830984674294847E-22,1.3116023693038293E-6,0.9999986883976307
24648.0,3.5751761611053545E-5,0.9999640103134803,2.3792490876939866E-7
24389.0,2.1685153086791326E-9,3.5720313094791464E-5,0.99996427751839
23066.0,0.977931530948863,0.014164774507417842,0.007903694543719144
23305.0,7.893581006844245E-30,0.9140875955332082,0.0859124044667918
23741.0,2.5154498118411915E-8,0.9847648456742338,0.015235129171268144
23982.0,0.9999999992195405,6.317596247710731E-15,7.804532179310758E-10
24456.0,0.9258554454670591,0.07414422692647739,3.2760646352678275E-7
24709.0,3.4158022492338923E-25,3.719112831138335E-13,0.9999999999996281
24219.0,5.521372470424476E-4,0.9983898720996046,0.0010579906533529563
23492.0,0.9391760682505605,0.060310297633257515,5.136341161819276E-4
23255.0,3.598949625378617E-23,1.3154975007549958E-4,0.9998684502499244
23010.0,3.647215133167889E-13,0.9996202616947448,3.797383048905386E-4
24287.0,0.9975864309326267,3.95554718692081E-35,0.002413569067373383
24524.0,2.2510349055087308E-4,0.9997748964944075,1.5041476905217296E-11
24042.0,5.36610184560485E-13,0.9776510985550633,0.022348901444400073
23801.0,2.2412146064957266E-14,1.5308232593937858E-7,0.9999998469176515
23187.0,6.482129392861658E-7,0.9879323534912164,0.012066998295844287
23424.0,0.26634963982523246,0.7336503601329333,4.183415849362221E-11
24321.0,1.5888112287646468E-15,1.009657132249929E-8,0.9999999899034272
24588.0,8.56571942525291E-23,1.288738475817184E-5,0.9999871126152419
24082.0,1.3535204583498923E-5,0.9999864647951621,2.5440502878661426E-13
23604.0,0.0014804900103033876,0.998418809649538,1.0070034015869308E-4
23847.0,0.9957478367034711,0.00425216315118158,1.4534728322295047E-10
23373.0,0.008149658175296916,0.9399188489358207,0.051931492888882276
23134.0,8.463202113993144E-22,0.9999999999966451,3.354808730355846E-12
23067.0,0.4706568505581855,0.5289311724862954,4.119769555190223E-4
23304.0,1.6629439881456403E-8,3.435339748934636E-5,0.9999656299730707
23906.0,0.9822667808886567,0.017733203761503804,1.5349839490746236E-8
23665.0,0.9909104084040659,0.009089591126111027,4.698231322595051E-10
24151.0,2.185165311589943E-5,0.9984590465034922,0.0015191018433921384
24388.0,1.0,2.6918635458085475E-43,8.479407819705495E-25
24649.0,3.880982928583041E-24,1.3856089562004656E-11,0.999999999986144
23493.0,0.994867383732667,0.005132605269680769,1.0997652148515265E-8
23254.0,5.166511319888143E-5,1.6160379075138742E-15,0.9999483348867995
23011.0,1.0,9.802726774211774E-23,2.4044030646927137E-20
23740.0,7.429144801908826E-5,0.9999257017974825,6.754498358249699E-9
23983.0,9.449488873471577E-8,0.9999999055051112,4.4321756269471604E-17
24708.0,1.367483105159162E-16,4.2827868933351816E-16,0.9999999999999993
24457.0,0.004026941648833575,0.9959730583511656,7.746583573393246E-16
24218.0,3.6872366661867493E-41,1.0,9.993953819526518E-25
23186.0,0.7132338073383351,0.2867661926616649,4.7887155968993855E-17
23425.0,1.8051380247853756E-5,0.9779309034295586,0.022051045190193734
24286.0,0.7449902033415139,0.09207248464965455,0.16293731200883158
24525.0,6.357828653078316E-20,3.3981698862030114E-17,1.0
24043.0,0.07513866314847745,0.08222329666110746,0.842638040190415
23800.0,0.9361141069810963,0.06369601695065844,1.8987606824522337E-4
23372.0,4.627173147984341E-10,0.006032517978557518,0.9939674815587252
23135.0,0.9999999999966691,7.805930904771855E-34,3.330926921236928E-12
24320.0,3.2666622117854925E-4,0.9996732324802418,1.0129857982250655E-7
24589.0,1.3862910852310897E-29,3.720710915949506E-6,0.9999962792890841
24083.0,1.2361008695791008E-10,0.001366447048304909,0.9986335528280851
23605.0,4.531773246725317E-47,0.003972589410833304,0.9960274105891667
23846.0,3.694747574537189E-14,6.389422237079588E-4,0.9993610577762551
23666.0,0.9978275891352183,0.0021724108312056534,3.3576068561997966E-11
23905.0,5.470587273057358E-15,0.04579445477152268,0.9542055452284719
24650.0,2.432690345465357E-40,8.79389809687631E-4,0.9991206101903123
24391.0,0.0018538435652417791,0.9978097667549439,3.3638967981429555E-4
24148.0,1.845736363508169E-28,0.006864923130334724,0.9931350768696654
23307.0,0.3153026317509077,0.6846958703215849,1.4979275074188392E-6
23064.0,0.8695463648943529,0.1300096882697954,4.439468358517932E-4
23980.0,2.8455337754582975E-13,8.525542253023345E-9,0.9999999914741732
23743.0,0.3922840019647746,0.03084575501897159,0.5768702430162539
24217.0,0.9999999976828597,2.1480559783394027E-16,2.3171400593390694E-9
24711.0,0.8303816585868833,0.1696183201196257,2.1293491060432408E-8
24458.0,0.9999978296938028,2.041222172710421E-48,2.1703061972401056E-6
23253.0,4.024026527308319E-62,6.207127258145596E-31,1.0
23494.0,5.308788311601559E-17,0.9999465823303805,5.341766961962696E-5
23008.0,3.126852385473371E-5,1.1727747206897763E-4,0.9998514540040762
24526.0,8.833449773562024E-16,2.6158267190113836E-4,0.9997384173280979
24285.0,1.5486925314719986E-48,3.1040498339962776E-7,0.9999996895950165
23803.0,1.2387338431936387E-53,5.1840738645904536E-23,1.0
24040.0,1.6390966130450402E-29,2.6148606438724644E-21,1.0
23426.0,1.13096533229379E-19,0.9990762895922077,9.237104077923564E-4
23185.0,2.2675239777405647E-42,1.1750070150683564E-16,0.9999999999999998
24080.0,4.0503339332555616E-13,0.9999994689506255,5.310489694756987E-7
24323.0,1.0465320252438465E-7,0.9995331111673489,4.667841794486128E-4
24590.0,1.0786424133890925E-12,0.9888148686684303,0.011185131330491021
23845.0,0.9535719804618843,0.046427836252691396,1.8328542431924576E-7
23606.0,0.983282355346895,0.016717644653088694,1.6351673120936185E-14
23132.0,1.0,3.725494088522079E-33,9.542138115298698E-27
23375.0,1.3842720256028625E-17,0.9997987527948031,2.0124720519688744E-4
23306.0,5.4372394710629065E-6,0.9994804118522707,5.141509082582907E-4
23065.0,3.1320334966624303E-43,4.0069345900529753E-60,1.0
23667.0,0.9945168398193112,0.005483158427221895,1.7534670228320833E-9
23904.0,5.491628296729785E-13,0.06448356738868445,0.9355164326107664
24390.0,0.6279848862763621,0.1415171608438714,0.23049795287976654
24651.0,2.1569177991212386E-16,0.9999999999999998,1.4926971610604717E-55
24149.0,0.0014574693341679469,0.9985425306491114,1.6720608964581982E-11
23252.0,1.3400567438178913E-4,0.8067963404537183,0.19306965387189984
23495.0,0.999999981917277,1.808269933719016E-8,2.3658505322255392E-14
23009.0,4.2460997272332343E-8,0.9999999559535088,1.5854939832247442E-9
23981.0,2.983462893601593E-23,3.85012571407245E-16,0.9999999999999996
23742.0,0.061590603053111294,0.9283002654870338,0.010109131459855066
24216.0,3.365660714731432E-7,0.9999916857540921,7.977679836333895E-6
24459.0,0.004764595011415586,0.9952345906339105,8.143546739762256E-7
24710.0,2.0398240951807265E-21,0.006619894477934509,0.9933801055220655
23427.0,0.9999999971385756,1.6488303300525714E-25,2.8614244880366423E-9
23184.0,1.3760943073525274E-5,0.9771334169248375,0.02285282213208889
24527.0,9.696797197871262E-12,9.780715780342757E-14,0.9999999999902054
24284.0,2.592797968411122E-68,7.6180020001416E-10,0.9999999992381998
23802.0,0.9999999999997116,2.884372440550775E-13,1.6059811000431134E-23
24041.0,0.9999999999989724,1.0268372627772022E-12,8.6488683084610915E-16
23133.0,0.9999437690410102,5.001847073508028E-5,6.212488254701211E-6
23374.0,0.08995556912700299,0.910037826012847,6.6048601498411006E-6
24081.0,0.9699542721514827,4.557850057583332E-7,0.030045272063511506
24591.0,0.41851024755854643,0.5814897524397028,1.7506963586921693E-12
24322.0,0.9125120222328872,0.08748797776710018,1.259610361179483E-14
23844.0,2.5339164143868364E-4,0.9997095899157107,3.7018442850471514E-5
23607.0,0.001140746380224197,0.44403697006483284,0.554822283554943
24705.0,5.20128572356492E-25,4.596046452604057E-13,0.9999999999995404
24460.0,0.990505950016896,0.00949399321753689,5.6765566949545236E-8
24223.0,2.5481252930821037E-6,0.998896803381574,0.0011006484931328784
23737.0,0.9999999998613409,1.3865753311221479E-10,1.5611031977714106E-15
23978.0,0.0022590339935433814,0.9977409660064566,1.3791159282054917E-19
23014.0,0.001296684979417953,0.9987025860881399,7.289324421446851E-7
23488.0,3.3559646241349154E-19,4.286616042751997E-13,0.9999999999995712
23251.0,1.318744498179336E-7,0.9999998680516468,7.390364967148888E-11
24146.0,0.8562356189908472,0.0945375519477486,0.04922682906140416
24652.0,1.9881712690052583E-38,0.0030411682466233696,0.9969588317533767
24385.0,1.0,1.1136651005741723E-27,5.1537909947659905E-33
23911.0,1.4038772287728463E-4,0.9980594609074364,0.001800151369686469
23668.0,1.1858289820748152E-5,0.7434038955957526,0.2565842461144266
23070.0,0.9999999927335361,7.266458021663596E-9,5.706735367058305E-15
23309.0,9.339787695277971E-9,0.7182762957235735,0.28172369493663874
23600.0,1.0898693501691123E-31,1.3976192964459236E-18,1.0
23843.0,0.9733235362492738,0.02667646375072495,1.3830446508355083E-15
24325.0,0.24973876901964467,0.6390988131631701,0.1111624178171852
24584.0,0.9994060711029935,5.93928250043534E-4,6.469630284129669E-10
24086.0,9.335867289312551E-12,1.2995196046254446E-9,0.9999999986911445
23369.0,0.007492817480773014,3.233579311598387E-5,0.992474846726111
23130.0,2.4838964694744335E-11,0.9932285150831935,0.00677148489196756
24046.0,0.002144540942819779,0.9971968502137504,6.586088434298614E-4
23805.0,1.3324540514333199E-21,0.9998775229640083,1.2247703599158435E-4
24283.0,0.9941436428482139,0.005856357151786164,2.998293335004534E-22
24520.0,0.01629467733974675,0.17723093691057723,0.806474385749676
23191.0,6.314622326171805E-13,0.0030867022619677303,0.9969132977374008
23428.0,0.8762185850327847,0.12378141496721534,1.2796273151223016E-17
23015.0,0.9890037909463604,2.143969202001568E-9,0.010996206909670478
23489.0,0.9744234226239807,0.025576024351353865,5.530246653874216E-7
23250.0,0.9999909174643095,9.79979145709322E-13,9.082534710662025E-6
24704.0,2.4364064218623873E-34,5.601372517395251E-27,1.0
24461.0,2.7493488427027296E-8,0.99728319954574,0.0027167729607715835
24222.0,3.677203112740968E-12,0.8103002402398565,0.18969975975646625
23736.0,1.0470752274747775E-30,6.008698180856323E-16,0.9999999999999993
23979.0,0.015705863278081128,0.004154053455605661,0.9801400832663133
23071.0,0.9954232195308346,0.004572383302267344,4.397166898087892E-6
23308.0,0.09553887586824338,0.9021173330628454,0.0023437910689113064
24147.0,1.3847822934916923E-7,0.008421355256334011,0.9915785062654368
24653.0,5.94134109221191E-25,1.3086582947921779E-17,1.0
24384.0,1.1949481094236475E-22,1.5890983545271807E-52,1.0
23910.0,5.463625392203359E-11,0.014645822815599226,0.9853541771297646
23669.0,0.012711102494978763,0.13939866316231297,0.8478902343427083
23368.0,0.9988342373216675,1.3031589576076455E-6,0.0011644595193747737
23131.0,8.752390279027401E-36,0.9999999999222302,7.776973883255731E-11
23601.0,0.40927398691955313,0.5848328591546083,0.005893153925838582
23842.0,0.9998566278822615,1.4337211773828416E-4,3.06091192363743E-16
24324.0,0.005473664322177523,0.9104513500420595,0.08407498563576296
24585.0,2.6957972404592587E-16,0.9999873972464204,1.2602753579292918E-5
24087.0,1.0411984008640023E-13,1.7618841878920698E-6,0.9999982381157081
23190.0,0.7191461076884929,0.28085387637926085,1.5932246277847826E-8
23429.0,2.0883192403048152E-9,0.9820958082546618,0.017904189657018867
24047.0,5.92683891618137E-14,0.999966700765698,3.329923424262404E-5
23804.0,1.1507965298825774E-22,7.239082256314215E-16,0.9999999999999993
24282.0,2.5338330151507843E-14,0.9999999999999747,4.4660142070920814E-30
24521.0,0.9999895481156797,8.693186456841186E-6,1.7586978633993752E-6
24221.0,5.849818386199904E-26,7.34716649608178E-18,1.0
24462.0,3.2918779006697393E-6,0.9927666353533693,0.007230072768730055
24707.0,2.3538024153912947E-6,0.9999976461975683,1.614593688308588E-14
23976.0,0.04471201568992066,0.3319899089259222,0.6232980753841572
23739.0,4.121626732997883E-10,0.9999998193988149,1.8018902245418995E-7
23012.0,0.48364830301067535,0.5163466692211274,5.027768197340297E-6
23249.0,2.258588519504368E-16,0.9999999999999987,1.0364784450380769E-15
23490.0,1.4439462106927927E-28,6.525599504637845E-19,1.0
24387.0,7.115097409891248E-17,2.0453120756231968E-8,0.9999999795468792
24654.0,4.594097988374511E-67,1.1296933424800172E-11,0.999999999988703
24144.0,1.0,1.9647257686183687E-48,8.78319649929061E-19
23670.0,0.9725823244344529,0.027417464175359077,2.1139018785916527E-7
23909.0,1.0,3.767125940107621E-18,9.412036501011125E-24
23311.0,0.9966719288993788,0.003070115499930169,2.579556006909543E-4
23068.0,0.9889154830440533,1.353295823648048E-4,0.010949187373581913
23841.0,2.7994328418003753E-8,0.9999999712880961,7.175753439437605E-10
23602.0,1.0943075954571144E-6,0.9999989056924046,9.25535510701785E-25
24084.0,6.274083702615479E-13,0.9999995591771045,4.4082226804926933E-7
24327.0,8.0886515509459555E-22,5.8198626153738955E-9,0.9999999941801374
24586.0,0.973384022214152,2.6746382345574036E-8,0.02661595103946571
23128.0,0.0011510479624323622,0.9987680237259153,8.092831165230486E-5
23371.0,9.191257822735834E-8,0.05077793701995914,0.9492219710674626
23807.0,4.337768353506498E-20,0.9781058176125248,0.021894182387475165
24044.0,7.763334005469124E-10,0.004959651445011394,0.9950403477786551
24522.0,0.030493684211751963,0.9695061547984538,1.609897944281429E-7
24281.0,1.5823028060454698E-4,0.9998417539757319,1.57436634478787E-8
23430.0,2.764299026460323E-7,0.9982441636108749,0.0017555599592225044
23189.0,1.6406883724830252E-9,0.9999999983593115,4.345395041012337E-18
23013.0,3.769903628007248E-12,0.9984359521694219,0.0015640478268081858
23248.0,3.948170710300073E-8,0.9999998548648699,1.0565342301194017E-7
23491.0,0.4444240344808462,0.5555456751619993,3.0290357154525508E-5
24220.0,0.9826005017752948,0.017399498223575203,1.1300216777497239E-12
24706.0,1.8373814854485182E-12,0.9999703176165625,2.968238159996006E-5
24463.0,0.9831686574728169,0.016831338696706187,3.830477109155613E-9
23977.0,0.9776726207286458,0.022326695727849715,6.835435044713432E-7
23738.0,1.0483154593006252E-4,0.9811504076818081,0.01874476077226171
23310.0,4.2055209654539436E-68,1.0,6.614538754524326E-44
23069.0,4.2072930812967466E-8,0.9999999399089271,1.801814210726248E-8
24386.0,0.03345375760608789,0.9664741797014044,7.206269250786892E-5
24655.0,9.131209957459626E-9,0.9999999908674527,1.3373165376214009E-12
24145.0,0.9921235389519868,0.007876461047959388,5.3815090015508556E-14
23671.0,1.3191138038444669E-53,1.511914073876605E-7,0.9999998488085926
23908.0,6.623844193830934E-10,0.07867426051602165,0.9213257388215939
23129.0,7.473746372142735E-14,0.6446571725612545,0.3553428274386707
23370.0,0.9991349854828995,8.60410038073423E-4,4.60447902712287E-6
23840.0,2.7904813095136895E-8,0.7731462942834408,0.2268536778117461
23603.0,2.6732360732438336E-4,0.47510943786267923,0.5246232385299964
24085.0,1.4711904606580222E-26,1.3730923573642307E-6,0.9999986269076426
24587.0,9.627657322149237E-21,3.6923194130237675E-5,0.9999630768058697
24326.0,0.90198253939061,0.09801402091620184,3.4396931880012457E-6
23431.0,3.1225452353079304E-7,0.9934262245787334,0.006573463166742994
23188.0,0.08383070067580826,1.0839571405906472E-13,0.9161692993240833
23806.0,8.484311951105899E-14,1.0545721682539713E-18,0.9999999999999152
24045.0,1.3020657674761543E-8,0.9999988213104922,1.1656688502506646E-6
24523.0,0.9974898555654582,0.0021923357649611184,3.178086695805834E-4
24280.0,6.628658404455286E-16,0.19989127253206782,0.8001087274679315
24262.0,1.2517304445755116E-11,1.5525394558487034E-11,0.9999999999719573
24533.0,3.2116199750620345E-20,5.540386612807518E-7,0.9999994459613387
24051.0,2.461510172101356E-18,2.166704135045751E-8,0.9999999783329587
23776.0,8.066634782405322E-32,0.998033795449348,0.0019662045506521238
22975.0,0.9767792370829261,0.023220762917048516,2.5410694130153568E-14
23178.0,2.9901762821742453E-11,4.256271245100247E-6,0.9999957436988531
23449.0,0.5300778497686934,0.46948929278923446,4.328574420721115E-4
24344.0,5.279867660250304E-15,0.999932632608948,6.736739104666289E-5
24597.0,0.0744067305418807,0.917743493561133,0.007849775896986204
24075.0,1.1361981916729546E-20,6.284538554633703E-13,0.9999999999993716
23597.0,0.9999976280872989,1.977978686911012E-6,3.93934014268526E-7
23870.0,8.280101742182191E-9,5.445409586202137E-7,0.9999994471789396
23380.0,1.0000461862198683E-19,0.9663540431249299,0.03364595687507006
23111.0,9.33755765872175E-10,0.5159855332933703,0.484014465772874
23930.0,0.9831686574728169,0.016831338696706187,3.830477109155613E-9
23657.0,1.5067172858024486E-50,0.9999998638169562,1.361830438368652E-7
24143.0,1.6560433750112947E-13,0.9987559801506957,0.001244019849138832
24657.0,0.9901365372910994,0.00986345997166575,2.7372348026083817E-9
24412.0,0.8718452773449543,5.253570307505149E-7,0.12815419729801497
23043.0,2.4732133543155974E-27,0.9999999986335639,1.366435975955704E-9
23312.0,0.9999999999999998,1.4646081036545206E-16,5.678662398741513E-40
23716.0,0.999999982196688,1.7803068822598954E-8,2.431241483456457E-13
23991.0,0.7894947588912308,0.21050516438406403,7.672470527007212E-8
24465.0,0.9999999897999311,8.811300245730468E-9,1.3887685551846704E-9
24732.0,5.098163642042576E-4,0.995467174104532,0.004023009531263677
24194.0,0.2566360256421087,0.7417680395873574,0.001595934770533933
23517.0,1.1240621494990574E-29,0.999999951291587,4.870841285668311E-8
23246.0,0.9999999921188462,1.5554362950484958E-9,6.3257175720048936E-9
23035.0,1.6482587791592826E-29,0.9999999999999349,6.510991961892735E-14
22974.0,0.6445195043444972,0.35540652033553854,7.397531996427005E-5
23179.0,0.009306982358455099,0.13494759637628806,0.8557454212652568
23448.0,0.002178149637417313,0.9978218503623401,2.424999458236252E-13
24263.0,0.0017372128672121995,0.9981890656623151,7.372147047274076E-5
24532.0,1.4358856705693302E-7,0.005076759196645741,0.9949230972147873
24050.0,0.999999763564785,6.605983506922287E-12,2.364286089820619E-7
23777.0,8.034032552331373E-34,1.0,1.45305011471487E-23
23381.0,0.998772324566114,0.0012276754239194678,9.966442678764956E-12
23110.0,1.869691677492865E-15,0.9998840567588573,1.1594324114086269E-4
24345.0,1.9258780636117204E-9,0.03492444291313549,0.9650755551609865
24596.0,8.764604267283826E-4,4.356106315149133E-5,0.9990799785101202
24074.0,0.8452424492318197,0.15475755076818026,2.79364138546701E-17
23596.0,1.6282996484920187E-22,2.9049814162493335E-15,0.9999999999999971
23871.0,1.2222190833687813E-15,0.9999999999929432,7.0555539077878756E-12
23042.0,4.740700369027756E-37,6.738551012819117E-23,1.0
23313.0,0.12651165705515802,0.8717978520867172,0.0016904908581247768
23931.0,2.0469639722316554E-11,0.999999999979502,2.8517324980718103E-14
23656.0,1.4444570210827944E-20,1.2297341349654258E-10,0.9999999998770266
24142.0,0.10587590898214971,0.00850775101579548,0.8856163400020547
24413.0,1.7841876939928866E-16,0.9998039750283745,1.9602497162530524E-4
24656.0,0.14129556312833158,0.8586975907131293,6.846158539143628E-6
23516.0,4.7284410556636673E-7,0.9479874907690999,0.052012036386794636
23247.0,0.9746746402492491,0.025325212561087808,1.471896629418553E-7
23034.0,1.7704605324429188E-13,0.9952006079950425,0.004799392004780426
23717.0,1.7569309173815506E-4,0.04193708467965865,0.9578872222286032
23990.0,0.9295475552169693,9.50643880998732E-4,0.06950180090203201
24464.0,2.397838076432828E-19,0.037365006873421876,0.9626349931265781
24733.0,0.9784702314378538,0.02152970156500095,6.699714519070494E-8
24195.0,0.996257422580604,0.0037425681640380066,9.255358125764943E-9
24535.0,0.012606604950048967,0.9862108543404862,0.0011825407094648596
24260.0,0.02403027667429283,0.9759694179619792,3.053637280143605E-7
23778.0,0.8112816907909713,0.18871830920902846,2.41582536955513E-16
24049.0,8.528432454394159E-20,5.755394734572875E-6,0.9999942446052653
22973.0,0.9999998102822967,1.8952136308375617E-7,1.9634025732554086E-10
23451.0,2.431493598807693E-9,0.9996722210399952,3.277765285112512E-4
23176.0,0.9999998113631178,5.7736418987047185E-8,1.3090046323886403E-7
24073.0,1.4807870919597837E-4,0.9998498966743653,2.0246164387155774E-6
24599.0,0.009704004509024262,0.990282906156,1.3089334975681866E-5
24346.0,0.3555152128830306,0.6402555596527781,0.004229227464191239
23868.0,7.397405134214454E-7,0.9999991855140414,7.474544522164909E-8
23599.0,0.9782939522662027,0.021706047733795662,1.4460119385749459E-15
23109.0,5.50028319572081E-10,0.9912036523464638,0.008796347103507908
23382.0,0.999865428911701,1.345710882989289E-4,2.9078791722820018E-39
23659.0,1.3019948641204228E-22,0.0010398331583225716,0.9989601668416774
23928.0,5.815058848855471E-5,0.9999131488372165,2.8700574295003127E-5
24414.0,2.6885111494180232E-21,5.905482766441499E-7,0.9999994094517234
24659.0,1.9897704089973546E-20,2.9776892915618395E-5,0.9999702231070843
24141.0,0.9986347829280159,0.0013652081514209592,8.92056315124041E-9
23314.0,1.6548748856869787E-6,0.9990607438965108,9.376012286033474E-4
23041.0,0.9079870864802646,0.09201276259317787,1.5092655768301986E-7
23989.0,2.553899445141761E-46,5.932378799293631E-20,1.0
23718.0,1.5849423879343623E-5,0.010282808794088641,0.989701341782032
24192.0,0.9999926100615102,7.389938489804291E-6,3.4395697266524315E-18
24467.0,6.89895103287426E-5,6.497561363824694E-4,0.9992812543532889
24734.0,1.0,4.9549694008808E-54,5.031765078793836E-45
23244.0,0.7108784359663263,0.2891215640266172,7.056488237075951E-12
23519.0,0.9999993254546493,8.984454577575604E-9,6.655608959565989E-7
23033.0,0.06705092596994712,0.9329348746546099,1.4199375443155529E-5
22972.0,1.1092194285840561E-38,0.9999430322769891,5.696772301091387E-5
23450.0,0.34078260048619546,0.6592154723903615,1.9271234430531595E-6
23177.0,0.0017233553014274418,2.849230053460418E-4,0.9979917216932266
24534.0,3.234382837008001E-18,0.9999730122265325,2.698777346758813E-5
24261.0,0.9948273329818923,0.005096161641659894,7.650537644778682E-5
23779.0,0.9999999999817604,1.8239664718145512E-11,9.930793336825432E-19
24048.0,0.00369818600071957,0.9961009002923846,2.009137068957483E-4
23108.0,4.905390871137049E-20,2.8778300148166634E-11,0.9999999999712217
23383.0,4.1175351740153575E-47,7.739364719964281E-20,1.0
24072.0,5.09100086785503E-10,0.9999999994908999,6.486006495914068E-28
24347.0,7.134830938516711E-5,4.653048823397197E-4,0.9994633468082752
24598.0,0.00591812697560488,0.9940818730208011,3.5940439339818237E-12
23869.0,1.43741001124552E-14,2.750764646527209E-13,0.9999999999997105
23598.0,1.0,9.14338853708925E-25,3.4865131222482617E-19
23315.0,0.999373149754888,6.268502450952867E-4,1.669476171062335E-14
23040.0,8.425737351457706E-16,0.0018685221292556202,0.9981314778707435
23658.0,0.912606254986031,0.08739374501396806,9.83674640466816E-16
23929.0,0.8604604022672729,0.13953959773272706,1.0456250375763116E-39
24415.0,6.327706680894872E-15,7.919610592385578E-12,0.9999999999920741
24658.0,2.371744073099881E-27,0.9955301687897254,0.004469831210274546
24140.0,2.6269831305230854E-17,0.9962329370089242,0.0037670629910758623
23245.0,8.841052678550668E-35,4.742869776797038E-10,0.999999999525713
23518.0,0.9905547196959119,9.816763483416108E-20,0.009445280304088059
23032.0,1.0,2.902075666893045E-25,3.954121714511744E-24
23988.0,0.707156265315543,0.2863689216152924,0.006474813069164592
23719.0,3.8746867137503825E-8,1.0144846101148871E-8,0.9999999511082869
24193.0,1.3660080931618464E-18,6.442478692005653E-19,1.0
24466.0,1.4005896102661846E-25,1.9912781243930883E-14,0.99999999999998
24735.0,0.9909847926600179,0.009014977272152185,2.3006782982528176E-7
