22958.0,0.05276311178370455,0.8090103678619409,0.13822652035435476
23195.0,0.023971709716079852,0.9760280982250665,1.9205885373840506E-7
23432.0,1.9892833854717328E-7,0.17609324972339852,0.8239065513482627
24279.0,0.44726510147319115,0.36356114868679623,0.18917374984001273
24516.0,0.08068261160196395,0.3858386567967339,0.5334787316013019
24034.0,0.22005152299434425,0.5076202325307961,0.2723282444748595
23793.0,0.14490590085923835,0.6254759140897793,0.22961818505098247
23365.0,0.03165448353792175,0.07917366817926062,0.8891718482828175
23126.0,0.39794068413447825,0.3739580336203385,0.2281012822451833
24329.0,0.23120993240246435,0.47281289140778104,0.29597717618975455
24580.0,0.6268621611772897,0.3731376126793391,2.2614337084784992E-7
24090.0,0.24323026357641153,0.5256986660481944,0.2310710703753944
23612.0,0.701764509294232,0.2586806158921836,0.03955487481358546
23855.0,0.5154662953889892,0.48453350787027505,1.9674073526686638E-7
23058.0,0.3740813751716862,0.44256853038071564,0.1833500944475981
23297.0,0.11352768109063827,0.11966651282269254,0.766805806086669
23915.0,0.2644498193520322,0.4162710206640342,0.3192791599839341
23672.0,0.2880222794768186,0.4649076664344963,0.24707005408868518
24158.0,0.238613225861708,0.5659932667889125,0.19539350734937955
24640.0,0.31086956026690804,0.6443293249703218,0.044801114762769635
24397.0,0.02604526340721447,0.4759149952049342,0.4980397413878512
23500.0,0.6514951754131865,0.3485044211358214,4.034509922349432E-7
23263.0,0.27731297874353417,0.16443214518653546,0.5582548760699301
23018.0,3.2043552779354245E-7,0.029190040706708657,0.9708096388577636
23733.0,0.31001482226216903,0.37900405373328694,0.31098112400454403
23974.0,0.7205472437926309,0.24062668405569843,0.038826072151669756
24448.0,3.103213369222585E-7,0.3257932593015725,0.6742064303770905
24717.0,0.08467451138001199,0.4263842312323552,0.4889412573876331
24211.0,0.24681686221416033,0.43464984128989753,0.3185332964959419
24278.0,0.39143397944463976,0.5544862986022973,0.054079721953063105
24517.0,0.549870944998986,0.3961153655562564,0.054013689444757824
24035.0,0.6584175317339825,0.3415822913184216,1.7694759508862118E-7
23792.0,2.90248632465501E-7,0.9510941611360081,0.04890554861535952
22959.0,0.19920943324388646,0.3524613217833934,0.4483292449727202
23194.0,0.1902251470170532,0.8097746689022425,1.8408070399872138E-7
23433.0,0.36567333210059616,0.6063508168827494,0.027975851016654476
24581.0,0.43345505788538574,0.5665446019489783,3.4016563546794976E-7
24328.0,0.24578955332968705,0.23654410771404688,0.5176663389562662
24091.0,0.1496772786400897,0.3207524206318411,0.5295703007280692
23613.0,0.21840700977803773,0.687831040934679,0.09376194928728311
23854.0,0.43103462582256374,0.3131442318677593,0.25582114230967623
23364.0,2.878333954346897E-7,0.2454823795558291,0.7545173326107755
23127.0,0.6218328174416626,0.3781669497240581,2.3283427882719634E-7
23914.0,0.15126755116936824,0.8487321036722463,3.451583855205202E-7
23673.0,0.24629664405260446,0.38679325347715726,0.36691010247023864
24159.0,0.5905564575140867,0.30648564649738097,0.1029578959885329
24641.0,0.29241008219220427,0.5739345034250407,0.13365541438275555
24396.0,0.5504314685635135,0.4495682691366965,2.6229978980543245E-7
23059.0,0.1808170322565192,0.7623653817894593,0.05681758595402128
23296.0,3.345194962714262E-7,0.3584248370802846,0.6415748284002188
23732.0,2.1816246281878837E-7,0.2682275436833546,0.7317722381541825
23975.0,0.4022060226380588,0.48357541835207135,0.1142185590098695
24449.0,0.13818512984342027,0.5340548356685235,0.3277600344880563
24716.0,0.02236040949187474,0.1915926752952362,0.786046915212889
24210.0,2.9022306077678183E-7,0.19280001859111956,0.80719969118582
23501.0,0.027834015007479812,0.1961771253712094,0.7759888596213106
23262.0,2.7362406499969233E-7,0.2719995110263405,0.7280002153495945
23019.0,0.31809721734870505,0.6586250788014397,0.023277703849855662
22956.0,0.31101693189585955,0.632187737847906,0.05679533025623441
23434.0,2.3338927905251457E-7,0.14272453002477226,0.8572752365859491
23193.0,0.02637813578776593,0.9202917444182079,0.053330119794026146
24518.0,3.606977941829452E-7,0.3484527270571884,0.6515469122450177
24277.0,0.20374241178422825,0.5713343333743955,0.22492325484137632
23795.0,0.023522971397145504,0.259281051285538,0.7171959773173169
24032.0,0.05357731415555437,0.4200029710313978,0.5264197148130476
23124.0,0.3561519112861506,0.37397680832426833,0.2698712803895809
23367.0,0.1419388231473229,0.7015165343461955,0.15654464250648156
24088.0,0.029725946255175204,0.9120296900932694,0.0582443636515555
24331.0,0.24567367299110263,0.40760197623201083,0.3467243507769403
24582.0,3.2722757603329093E-7,0.22206273225595805,0.7779369405164658
23853.0,0.04964993619243196,0.8967995660815715,0.0535504977259965
23614.0,3.7160516409159487E-7,0.2928882414909553,0.7071113869038804
23299.0,2.9485412929620416E-7,0.8303586390816174,0.1696410660642532
23056.0,0.24760063294631837,0.5574006466020933,0.19499872045158798
23674.0,0.4807256748217974,0.39488191553635255,0.12439240964184986
23913.0,0.056613459279703335,0.4781826415597055,0.46520389916059135
24399.0,0.09457831491099247,0.06044388931840152,0.8449777957706059
24642.0,0.7267055215518264,0.2732941859326125,2.925155611608163E-7
24156.0,0.029562872626043964,0.1776347143512284,0.7928024130227276
23261.0,2.547592257895081E-7,0.18938541579457632,0.8106143294461979
23502.0,0.2219963411707715,0.5824957413585364,0.19550791747069224
23016.0,0.22340172144297302,0.38894072514322797,0.3876575534137992
23972.0,0.0839471140274258,0.2912764753713547,0.624776410601219
23735.0,0.8070513207337803,0.19294831919829897,3.60067920901952E-7
24209.0,0.2285419819868722,0.5238442862560455,0.24761373175708254
24719.0,0.0775617791138869,0.8778272871299433,0.044610933756169834
24450.0,0.5261923107139327,0.4738074219491936,2.67336873490463E-7
24519.0,0.1517955587458982,0.4232584589731111,0.424945982280991
24276.0,3.45943470744262E-7,0.20373042287051957,0.7962692311860098
23794.0,0.02634559831524319,0.2798218372120713,0.6938325644726854
24033.0,0.22057308050983762,0.4479150991653766,0.3315118203247859
22957.0,0.3874178094953029,0.4101010202067074,0.20248117029798957
23435.0,0.4426060775847074,0.4267182345385569,0.13067568787673525
23192.0,0.570697099273946,0.40106537617103144,0.028237524555022247
24089.0,0.3928323152040756,0.6071674819508984,2.0284502624666568E-7
24583.0,0.5082581511680329,0.3112201608533548,0.18052168797861184
24330.0,0.45252100825685265,0.5220979536458403,0.02538103809730689
23852.0,0.46688740016714525,0.5068338606928225,0.026278739140031468
23615.0,0.200974161231624,0.45352157607405597,0.34550426269431983
23125.0,0.21313623019300817,0.6403723722132266,0.14649139759376606
23366.0,0.029341466628010907,0.23179154076013675,0.7388669926118527
23675.0,2.915047106966661E-7,0.38553437759384074,0.614465330901448
23912.0,0.6500001771287439,0.3048066800022393,0.045193142869016684
24643.0,0.08937038667169205,0.40436083907904236,0.5062687742492658
24398.0,0.4662689689619268,0.45222305925952333,0.0815079717785497
24157.0,0.229323888389637,0.6630071687272555,0.10766894288310756
23298.0,0.48023754935812357,0.43420806049822563,0.08555439014365067
23057.0,0.0597567638723954,0.5280589789031974,0.41218425722440677
23973.0,0.3680482066593773,0.4469469096474749,0.1850048836931475
23734.0,0.4225106994950335,0.3858298467414874,0.19165945376347915
24208.0,0.5914282202618253,0.4085715308826201,2.488555543121297E-7
24451.0,0.05998672476484878,0.3940371978795084,0.5459760773556425
24718.0,0.12218758170244762,0.4099220116951361,0.46789040660241604
23260.0,0.22271461462658723,0.5479657195951524,0.2293196657782603
23503.0,2.9720236621532445E-7,0.3987974760768146,0.6012022267208191
23017.0,0.13612795932061014,0.43011906439723174,0.4337529762821586
23361.0,0.38034470449008956,0.4556138835188764,0.16404141199103425
23122.0,2.6046183249596555E-7,0.2007319240737277,0.7992678154644395
23608.0,0.4502753634839107,0.46826889328924126,0.08145574322684886
23851.0,2.443201106059953E-7,0.17028187932627217,0.8297178763536178
24576.0,0.40140894723396187,0.48072063410747573,0.1178704186585629
24333.0,3.4741841807702796E-7,0.3684619154985361,0.6315377370830453
24094.0,3.2967916786780174E-7,0.21953093198704915,0.7804687383337828
23199.0,0.20227098906992805,0.492764185512762,0.30496482541730996
23436.0,3.412693765772438E-7,0.1724960017109801,0.8275036570196433
22954.0,0.0564923685730722,0.4718401047513201,0.4716675266756081
24038.0,0.1895510115230967,0.612573706682629,0.19787528179427416
23797.0,0.4095435651268441,0.522833306523826,0.06762312834932986
24275.0,0.0302262772524441,0.028950223714119417,0.9408234990334366
24512.0,3.016941949034953E-7,0.672711081558068,0.3272886167477373
23022.0,0.13665168023111907,0.671867189472154,0.191481130296727
23496.0,0.0841746575524733,0.5420610089480027,0.3737643334995237
23259.0,0.055943960865039964,0.3064241906364509,0.6376318484985094
24452.0,0.8444467632504689,0.12824826872253714,0.027304968026994215
24713.0,0.4741679288370479,0.3359512335502147,0.18988083761273783
24215.0,0.31492267742307783,0.6597420305347074,0.02533529204221501
23729.0,0.025899500246765277,0.1639784580276193,0.8101220417256154
23970.0,0.45106257289377794,0.5489371540210458,2.7308517594149876E-7
23062.0,0.023835459921449437,0.45314612277665456,0.523018417301896
23301.0,0.6061634880952922,0.33193320435511264,0.06190330754959488
24154.0,0.1713395668598782,0.42194241166131397,0.4067180214788079
24644.0,0.0846717811299129,0.4615147545975931,0.4538134642724937
24393.0,0.36751074268410844,0.4123313433940991,0.22015791392179226
23919.0,2.8386192378876305E-7,0.20106119609167394,0.7989385200464023
23676.0,0.30293514849152964,0.4923918068323162,0.204673044676154
23609.0,0.05654725604858188,0.29022431435884416,0.653228429592574
23850.0,0.30575196035571783,0.4947848654148168,0.19946317422946577
24577.0,0.29661630699903196,0.2299909751869201,0.47339271781404746
24332.0,3.567475836298928E-7,0.1706991577796021,0.8293004854728143
24095.0,3.0854036099057366E-7,0.19028336600284002,0.8097163254567993
23360.0,1.8421171677718006E-7,0.22432782793035763,0.7756719878579255
23123.0,2.176804260082212E-7,0.08794739939799046,0.9120523829215835
24039.0,0.2601044082279557,0.43487915130084964,0.3050164404711947
23796.0,0.029562409167043446,0.058021390078063055,0.9124162007548937
24274.0,2.1383549871417995E-7,0.11313260122209662,0.8868671849424045
24513.0,0.15571278426038793,0.4189564360688206,0.425330779670791
23198.0,0.3711982637095837,0.6288015112452211,2.2504519553650835E-7
23437.0,2.868913745091905E-7,0.5291877352898338,0.4708119778187917
22955.0,0.10368368154866581,0.548046556193083,0.34826976225825107
24712.0,0.5636741397722148,0.37788934204721114,0.05843651818057404
24453.0,0.8351941281783786,0.1648055466176882,3.2520393332162715E-7
24214.0,0.7102313869872745,0.2296844627857507,0.06008415022697462
23728.0,0.05360829660894469,0.415458192675477,0.530933510715578
23971.0,0.23901224684332503,0.7609874251808221,3.279758527246924E-7
23023.0,0.1441854699741387,0.5007332547911291,0.3550812752347322
23497.0,0.2879236840033402,0.22456606162773748,0.48751025436892237
23258.0,0.02745960205874274,0.12786471867524402,0.8446756792660135
24155.0,0.13765297468542811,0.5508132374406819,0.31153378787388974
24645.0,0.6293489396475713,0.370650886714728,1.7363769998446468E-7
24392.0,0.336313555702106,0.607721830384324,0.05596461391357019
23918.0,0.3064298805959734,0.37939540654029497,0.3141747128637316
23677.0,0.026810781756019312,0.16615254898758974,0.8070366692563912
23063.0,0.49430211158871695,0.3647972189746828,0.14090066943660015
23300.0,0.2390700882329565,0.7609295615587274,3.502083157643208E-7
23120.0,0.05655684234141752,0.3022853728564654,0.6411577848021169
23363.0,0.5913072303649914,0.3794525558228506,0.029240213812158206
23849.0,0.12268523199540474,0.47157185591134443,0.40574291209325053
23610.0,0.12666924961740977,0.43261297938320875,0.4407177709993817
24092.0,0.2126109815018836,0.5271520223564506,0.2602369961416656
24578.0,3.209969370480592E-7,0.2695377915242279,0.7304618874788351
24335.0,0.05800380468582642,0.3606569827410512,0.581339212573122
23438.0,0.030615242170404233,0.20432334755193388,0.7650614102776621
23197.0,0.059186630989183246,0.2771454828678203,0.6636678861429963
22952.0,0.22373056688665718,0.5242209377491248,0.2520484953642183
23799.0,0.11199468944228108,0.4450284212178773,0.4429768893398417
24036.0,0.053106564045492285,0.4626556420484118,0.4842377939060962
24514.0,0.027927432732892787,0.08408919852692412,0.8879833687401831
24273.0,0.6805180843071315,0.2722531422941659,0.0472287733987027
23020.0,3.4025433800268754E-7,0.22173498610517503,0.778264673640487
23257.0,0.6679294858847891,0.3320703915634198,1.2255179212769796E-7
23498.0,0.4902190619586682,0.42112818136887764,0.0886527566724543
24213.0,0.6688959833051094,0.2203581091603772,0.11074590753451308
24454.0,0.3407646393540165,0.6592352051375311,1.5550845277566544E-7
24715.0,0.08274126578997343,0.5293279503070127,0.3879307839030138
23968.0,0.2695686944261108,0.43656242054303407,0.2938688850308549
23731.0,2.688723157061941E-7,0.18934219477097897,0.8106575363567058
23303.0,0.08774258991983686,0.20517627502311653,0.7070811350570466
23060.0,0.07882758814851751,0.44680125563366496,0.4743711562178172
24395.0,0.31518336423291504,0.44933807121757513,0.23547856454951005
24646.0,0.26775086002323817,0.44371237895306836,0.2885367610236938
24152.0,0.054882776042397954,0.3616823633482935,0.5834348606093085
23678.0,0.37021145879324435,0.5002077371050775,0.1295808041016777
23917.0,0.1431697303549486,0.5096552448263798,0.3471750248186713
23848.0,0.17661331613981723,0.35642437095155355,0.46696231290862944
23611.0,0.514938573652704,0.33248769865275885,0.15257372769453717
24093.0,0.20449158787601673,0.6828495252225764,0.11265888690140688
24334.0,0.13768040249369692,0.49928775371575557,0.36303184379054765
24579.0,0.25748479147958303,0.5494575721896031,0.19305763633081358
23121.0,0.17579806648638316,0.5912884703213651,0.2329134631922519
23362.0,0.5668329594379394,0.4058199753545546,0.027347065207506356
23798.0,3.077109379727417E-7,0.58683773628584,0.41316195600322225
24037.0,0.09957485629651021,0.5063126395949963,0.39411250410849413
24515.0,0.43850222591384025,0.4395069411005564,0.12199083298560343
24272.0,0.2454818798265888,0.43889446180851693,0.31562365836489426
23439.0,0.50750540459587,0.3469272084127324,0.14556738699139757
23196.0,2.8080309993291213E-7,0.11673534026360702,0.8832643789332929
22953.0,0.7312027567953325,0.21316197887190885,0.05563526433275865
24212.0,0.13869708642658138,0.7547591460625954,0.10654376751082324
24714.0,0.1196846831247944,0.5277132480643291,0.352602068810877
24455.0,3.0181795200815356E-7,0.08872579113281638,0.9112739070492315
23969.0,0.25535686353583653,0.3629173543902186,0.3817257820739452
23730.0,0.7052301148903981,0.29476961418395775,2.7092564412713947E-7
23021.0,0.26393986317549395,0.7360598949096907,2.4191481534121613E-7
23256.0,0.05937261322337298,0.17796644130276454,0.7626609454738627
23499.0,0.03034404757394052,0.36843495285148525,0.601220999574574
24647.0,0.057257154290658425,0.23076613937198787,0.7119767063373534
24394.0,0.393931564279479,0.40435291302819154,0.20171552269232967
24153.0,0.19422714523513865,0.7488461511986515,0.05692670356620975
23679.0,3.284493875784734E-7,0.03043899630058808,0.9695606752500244
23916.0,3.1154594344063163E-7,0.14316236789167502,0.8568373205623817
23302.0,0.35316249679940515,0.4682534351364552,0.17858406806413962
23061.0,0.191084545187555,0.5285825103070437,0.28033294450540125
23907.0,0.3713739279283818,0.5430241058710975,0.08560196620052096
23664.0,0.15992537088194905,0.5403125026394973,0.2997621264785539
24150.0,0.2092734646011746,0.35466978231013496,0.43605675308868996
24648.0,0.36085044747219325,0.639149329339216,2.2318859085143487E-7
24389.0,0.22982008974986837,0.48569381111163457,0.2844860991384965
23066.0,0.6230177848930721,0.2762198056612035,0.10076240944572454
23305.0,0.029713824907527237,0.3592061546048421,0.6110800204876308
23741.0,0.42513917295727893,0.3341527967240346,0.24070803031868643
23982.0,2.6216568329896095E-7,0.30036697477548346,0.6996327630588332
24456.0,0.5862869333242365,0.32972004462215965,0.08399302205360386
24709.0,0.09814976297371901,0.40610171322611344,0.4957485238001679
24219.0,2.195754947178934E-7,0.9999995608490105,2.195754947178934E-7
23492.0,0.2471668182272092,0.6116510335674741,0.1411821482053171
23255.0,0.23428026858123102,0.40902973751811456,0.3566899939006545
23010.0,0.6174079764604297,0.22702522512012893,0.15556679841944104
24287.0,0.028166569021972426,0.3776028655130444,0.5942305654649831
24524.0,0.1396608457379097,0.8092198660320429,0.05111928823004716
24042.0,0.1326301158645707,0.8258699806514094,0.041499903484020065
23801.0,0.2702973481788166,0.654907642434235,0.07479500938694872
23187.0,0.02841126385009329,0.5559600389782173,0.4156286971716891
23424.0,0.6790338070531233,0.22353936954280731,0.09742682340406963
24321.0,0.0544829802804196,0.3003839483871026,0.6451330713324778
24588.0,0.4101388976688218,0.457168533984347,0.13269256834683135
24082.0,0.24730188528494015,0.49862015961436307,0.25407795510069636
23604.0,0.47047835615074424,0.4361915971281103,0.09333004672114568
23847.0,0.5333299039770473,0.4235658380958409,0.043104257927111964
23373.0,0.1519492202557995,0.4533289665050619,0.39472181323913896
23134.0,0.030193575594567805,0.49708744433501834,0.47271898007041396
23067.0,0.3635976954858008,0.27549375428788786,0.360908550226311
23304.0,0.16059328660922284,0.44839836159192925,0.3910083517988485
23906.0,0.5160505880459658,0.4839491204979885,2.9145604522693335E-7
23665.0,0.35837351438054593,0.5290638780730521,0.11256260754640192
24151.0,0.09279596646507608,0.7466330592764691,0.16057097425845474
24388.0,0.2722431875564478,0.6766273612925621,0.051129451150989276
24649.0,0.07586255353670228,0.28412524999002137,0.640012196473276
23493.0,0.3875637488107312,0.37614252906206225,0.2362937221272068
23254.0,0.10811190448771484,0.47816804514388966,0.41372005036839504
23011.0,0.27177000380714467,0.6982281728921553,0.030001823300699858
23740.0,0.109984949629797,0.5634461565433057,0.32656889382689736
23983.0,0.16179624507696014,0.776562379898992,0.06164137502404798
24708.0,0.02842258632784428,0.1838510821942748,0.7877263314778807
24457.0,0.029694273539289936,0.9433538915661166,0.02695183489459372
24218.0,3.177254476510854E-7,0.2654363557495831,0.7345633265249693
23186.0,0.38805850127573516,0.49061853743665945,0.12132296128760581
23425.0,0.4429490671949015,0.5570506482956364,2.8450946194901185E-7
24286.0,0.028426020097591133,0.311063214770988,0.6605107651314212
24525.0,3.25240238052221E-7,0.275385707840157,0.724613966919605
24043.0,0.3252482631477372,0.3898049133375804,0.2849468235146829
23800.0,0.6704363783613645,0.29630919558740026,0.03325442605123636
23372.0,0.08455955441250276,0.46678954340141127,0.4486509021860858
23135.0,3.7095475538810744E-7,0.3661657838650422,0.6338338451802026
24320.0,0.2032313028738518,0.4142053617743304,0.38256333535181775
24589.0,3.463120888234032E-7,0.20282403205279217,0.7971756216351189
24083.0,2.0617138158756217E-7,0.35925785773245733,0.6407419360961614
23605.0,0.16753570267834983,0.44861880970857754,0.3838454876130724
23846.0,2.9273752085561415E-7,0.16802746328605353,0.831972243976426
23666.0,0.6569652861416723,0.2784817009316823,0.06455301292664567
23905.0,0.02960185337567914,0.08708278797673301,0.8833153586475879
24650.0,2.141500568620954E-7,0.42074682059389273,0.5792529652560506
24391.0,2.2760245421201627E-7,0.8360740287822565,0.16392574361528942
24148.0,0.02573966350265698,0.5477170408820632,0.4265432956152794
23307.0,0.24476517582648452,0.5462897868655073,0.20894503730800792
23064.0,0.13285194681574003,0.5277824043016253,0.3393656488826344
23980.0,0.37423698160075936,0.37560800149524126,0.25015501690399966
23743.0,0.5313162310778576,0.29094297133308994,0.1777407975890527
24217.0,2.920530365469083E-7,0.37545006409422255,0.6245496438527406
24711.0,0.6293655670938922,0.3149235963509344,0.05571083655517311
24458.0,0.23387587718038974,0.41934561583233027,0.3467785069872803
23253.0,0.029418262208855957,0.38122621651065597,0.589355521280488
23494.0,0.2725128012519313,0.5971085212313343,0.130378677516734
23008.0,2.0555289180271758E-7,0.29254941881727176,0.7074503756298363
24526.0,3.6099741070255977E-7,0.15648218242166392,0.8435174565809257
24285.0,2.5256958230143754E-7,0.055419909874017244,0.9445798375564007
23803.0,3.570296670744547E-7,0.23299515720969227,0.7670044857606406
24040.0,1.5493103214077892E-7,0.27217581711241806,0.7278240279565494
23426.0,0.1802141892806483,0.8197855079465861,3.027727656381332E-7
23185.0,2.5478634960588654E-7,0.14058898820356278,0.8594107570100876
24080.0,0.0450037871338583,0.6492351696336901,0.3057610432324517
24323.0,0.10122580687063372,0.7836271899256996,0.11514700320366696
24590.0,0.46994669496356545,0.5300529955206081,3.095158256790266E-7
23845.0,0.6344583704791812,0.3655413007035555,3.2881726342511665E-7
23606.0,0.5878209793003404,0.4121787076627555,3.130369042374043E-7
23132.0,0.35464677389168986,0.44124623521049644,0.2041069908978135
23375.0,0.023812338895701137,0.1772043261714789,0.7989833349328198
23306.0,0.3380322481393161,0.38858688012826625,0.27338087173241754
23065.0,0.027070001928104992,0.1122197404214599,0.8607102576504356
23667.0,0.5954077470092505,0.40459212343611467,1.2955463523478742E-7
23904.0,0.33668099587758893,0.4538427075852858,0.2094762965371253
24390.0,0.1251729942704662,0.5508266750312464,0.3240003306982879
24651.0,3.4481395176571695E-7,0.3230931963602088,0.6769064588258394
24149.0,0.2880523481127519,0.5846224181920993,0.12732523369514925
23252.0,0.0868096963064399,0.5805863053315522,0.3326039983620076
23495.0,0.2323135398862283,0.6051805059533899,0.16250595416038174
23009.0,0.21547351695687333,0.5598429052719173,0.2246835777712093
23981.0,3.1858811007544414E-7,0.41055919296522464,0.589440488446665
23742.0,0.47427730171037835,0.5000574089506531,0.02566528933896977
24216.0,0.19337957067589032,0.22477443701668431,0.5818459923074254
24459.0,0.23925753628685034,0.7607421287628239,3.3495032561082254E-7
24710.0,2.6092064737474733E-7,0.11577266785152558,0.8842270712278268
23427.0,0.11685656118263775,0.4501390896819265,0.4330043491354351
23184.0,0.05332277519973491,0.47934592145571436,0.46733130334455075
24527.0,0.3548905396269818,0.5415545116610558,0.10355494871196247
24284.0,0.05409771214456181,0.25600027667519465,0.6899020111802435
23802.0,0.2356601328351135,0.3202005709213619,0.4441392962435248
24041.0,0.3440851962486863,0.6024217304387627,0.053493073312551015
23133.0,0.38497004195631096,0.4996393980185446,0.11539056002514439
23374.0,0.3065685480335246,0.5238250642573882,0.16960638770908731
24081.0,0.16613958056094158,0.5570131277225686,0.27684729171648986
24591.0,0.27379392923857243,0.3119258005365709,0.41428027022485625
24322.0,0.6716479410014874,0.3283517620897514,2.9690876099295764E-7
23844.0,0.053068452189340164,0.9469312346508474,3.131598125000818E-7
23607.0,0.3997165905977504,0.3114659888714683,0.28881742053078097
24705.0,3.382079153690412E-7,0.05835219897704365,0.9416474628150409
24460.0,0.4696583745867651,0.503220363403946,0.027121262009288886
24223.0,0.05830285498498867,0.5060603749756236,0.43563677003938794
23737.0,0.08606828478594823,0.7090337859170532,0.2048979292969987
23978.0,0.3139937456957743,0.5482104002923839,0.13779585401184244
23014.0,0.30795369953322205,0.692046036355243,2.6411153492243276E-7
23488.0,3.2899437454395823E-7,0.15191362124791005,0.8480860497577155
23251.0,3.4318401777297203E-7,0.2571516846892247,0.7428479721267575
24146.0,0.5760950668172198,0.2082860868413271,0.21561884634145337
24652.0,3.176888448664242E-7,0.5221755830202464,0.4778240992909083
24385.0,0.31572058222884114,0.6842791981254457,2.1964571294187125E-7
23911.0,1.7502452557092736E-7,0.4294046933844053,0.5705951315910692
23668.0,0.5088418820710494,0.49115780657644537,3.1135250452248896E-7
23070.0,0.32428414701392866,0.2616441404224187,0.41407171256365266
23309.0,0.30789968138078005,0.24029789167387483,0.4518024269453449
23600.0,0.02639484461253406,0.2853409847469475,0.6882641706405189
23843.0,0.7407077453725466,0.2592920278917939,2.26735659769605E-7
24325.0,0.5784598914779726,0.33979949051531366,0.08174061800671417
24584.0,0.446035484300923,0.4513350600118479,0.10262945568722891
24086.0,0.3494359246985634,0.343495204759803,0.3070688705416338
23369.0,0.2621306966489482,0.40188171658858013,0.33598758676247187
23130.0,0.057883219311044294,0.8398651653426171,0.10225161534633848
24046.0,0.2120648584784271,0.36635658834863316,0.4215785531729394
23805.0,0.4293769984494892,0.5706227863714043,2.151791073540497E-7
24283.0,0.4052806153465965,0.5947190914466525,2.932067511689373E-7
24520.0,0.5768140718066519,0.2973522511945635,0.12583367699878445
23191.0,0.1497954976115343,0.32274648689612395,0.5274580154923422
23428.0,0.34765427367109797,0.36728469602674285,0.2850610303021597
23015.0,0.17466721303898053,0.5020902834877629,0.3232425034732565
23489.0,0.6021968785711899,0.39780292574898607,1.95679824004384E-7
23250.0,0.14052304700362617,0.47624391074274575,0.38323304225362864
24704.0,3.283365612144616E-7,0.37704202360555233,0.6229576480578862
24461.0,0.02996900566114753,0.3755918997956562,0.5944390945431963
24222.0,3.0572236608201637E-7,0.16815753724973256,0.8318421570279014
23736.0,2.4216019146987374E-7,0.09552266583648504,0.9044770920033233
23979.0,0.2833367493265557,0.4675647768750004,0.24909847379844416
23071.0,0.6281309431213098,0.37186878591206585,2.7096662413408545E-7
23308.0,0.2276300924166536,0.7723696767036075,2.308797390311889E-7
24147.0,0.028433702297787074,0.18607590162111587,0.7854903960810967
24653.0,2.943463734818393E-7,0.17624102108520956,0.823758684568417
24384.0,0.4978441853571713,0.5021555132546794,3.0138814876443795E-7
23910.0,3.0630271122312565E-7,0.14597368682136214,0.8540260068759263
23669.0,0.4861045854092826,0.37706748852803973,0.13682792606267774
23368.0,0.08423819750386216,0.4393741300237396,0.4763876724723979
23131.0,2.9201822597962326E-7,0.14377860714319177,0.8562211008385822
23601.0,0.2281136412875868,0.5037788286819024,0.26810753003051135
23842.0,0.09647900637469922,0.5584869916886877,0.3450340019366137
24324.0,0.04351532283548331,0.17716314914149284,0.779321528023023
24585.0,0.1974490673297353,0.36413176781219325,0.4384191648580711
24087.0,1.470005357329046E-7,0.19767978818977552,0.8023200648096892
23190.0,0.6488337524584036,0.3511659485937259,2.989478709429573E-7
23429.0,0.2866029944960858,0.5818305317956182,0.13156647370829577
24047.0,0.29182257004098955,0.6558237932298426,0.0523536367291681
23804.0,0.056225784612629746,0.29487953584949667,0.6488946795378736
24282.0,0.028399167283624856,0.3784840417491982,0.5931167909671765
24521.0,0.5332281511825726,0.438975524407053,0.02779632441037438
24221.0,0.030450020244168242,0.35242244940352857,0.6171275303523033
24462.0,0.03299187301769442,0.087727542399973,0.8792805845823324
24707.0,0.16154435345661042,0.4990794788628499,0.3393761676805398
23976.0,0.023582099258775337,0.2332086344951094,0.7432092662461157
23739.0,0.06411934831988779,0.7074197245269571,0.22846092715315516
23012.0,0.2807427876783477,0.33560107864099403,0.3836561336806576
23249.0,0.38345344931661285,0.48139595390421225,0.13515059677917496
23490.0,0.08709173834601798,0.31573257930197196,0.5971756823520101
24387.0,0.2380158490943161,0.7619839387642694,2.121414152440079E-7
24654.0,3.097776237296551E-7,0.2603780433113758,0.7396216469110007
24144.0,0.5630299958042928,0.38173538622784486,0.05523461796786236
23670.0,0.6227144433627756,0.37728520731631604,3.4932090867709195E-7
23909.0,0.21130069641061086,0.5570138116160891,0.2316854919732999
23311.0,0.06890125796326588,0.3184611642104775,0.6126375778262563
23068.0,0.05615298830790713,0.27119543841352345,0.6726515732785693
23841.0,0.02276818109275793,0.858665634192107,0.11856618471513591
23602.0,0.2554931746252806,0.43033803970365797,0.3141687856710614
24084.0,0.2656326554552117,0.5877849715830442,0.14658237296174412
24327.0,2.606278784623457E-7,0.15437056271316568,0.8456291766589557
24586.0,0.7324481947825962,0.23851274794354047,0.029039057273863286
23128.0,0.44224814697261106,0.3774476871612053,0.1803041658661837
23371.0,0.3799213732480146,0.45306897539493296,0.1670096513570523
23807.0,0.1154633776536135,0.4672041539422933,0.4173324684040937
24044.0,0.10761435853710627,0.49343658154708464,0.39894905991580887
24522.0,0.299955541208392,0.41198986057150266,0.2880545982201051
24281.0,3.1366097581369067E-7,0.4946967137187901,0.5053029726202336
23430.0,0.1394567872175195,0.502390940688288,0.35815227209419226
23189.0,0.3602339685567348,0.5848111245808434,0.05495490686242159
23013.0,0.05496192264353262,0.41374200439763636,0.5312960729588303
23248.0,0.024800355888027134,0.9209885398924876,0.05421110421948493
23491.0,0.4059019502061671,0.46538619473435433,0.12871185505947863
24220.0,0.6669292523230484,0.28302031501464114,0.050050432662309956
24706.0,0.5108562442720912,0.4355791976539889,0.05356455807392026
24463.0,0.7788580800367547,0.18184386437296488,0.03929805559028057
23977.0,0.33291125829434276,0.331002471298771,0.33608627040688605
23738.0,0.2515727045551,0.48971990446677227,0.25870739097812756
23310.0,0.02781893392686664,0.6147026381212352,0.35747842795189827
23069.0,0.1802556617963569,0.5301698910489975,0.2895744471546452
24386.0,0.24867034174954572,0.5043855142408429,0.24694414400961123
24655.0,2.0590461606293926E-7,0.9999995881907678,2.0590461606293926E-7
24145.0,0.8677255593378488,0.13227413319614983,3.0746600111770585E-7
23671.0,0.0579944522257092,0.3478784326642391,0.5941271151100521
23908.0,2.5231480541191633E-7,0.2309413316472798,0.7690584160379148
23129.0,0.05210996418604582,0.5900049024843896,0.3578851333295643
23370.0,0.5097912334230017,0.43545749502910014,0.05475127154789806
23840.0,0.09536610679226941,0.4944651590825047,0.41016873412522525
23603.0,0.3418677612522497,0.4887983063701208,0.16933393237762923
24085.0,0.027852431176835918,0.09220047793534573,0.8799470908878182
24587.0,0.05652704530261368,0.23553838180273337,0.707934572894653
24326.0,0.26005002870812,0.587915402142254,0.15203456914962601
23431.0,2.1296439207493525E-7,0.9999995740712159,2.1296439207493525E-7
23188.0,0.09997189270684653,0.32488937157711295,0.575138735716041
23806.0,2.933549988913529E-7,0.47703670448411206,0.5229630021608888
24045.0,0.37889036775964924,0.43001783162490115,0.19109180061544923
24523.0,0.14947597279356942,0.5056460051598985,0.3448780220465321
24280.0,0.05450792260345172,0.45030811279520305,0.4951839646013453
24262.0,0.05822567105332098,0.3565118129238889,0.5852625160227901
24533.0,0.2064449069853915,0.35340033025867684,0.44015476275593196
24051.0,0.03494208122100732,0.08791680337259954,0.8771411154063927
23776.0,2.1968413051853895E-7,0.0566297654638932,0.9433700148519765
22975.0,0.5318871089765949,0.4681125721367365,3.188866684147669E-7
23178.0,0.11593081118223045,0.593308586059723,0.2907606027580461
23449.0,0.11433569857523826,0.44306936230665783,0.4425949391181039
24344.0,0.11243972916958954,0.5865394899560732,0.30102078087433704
24597.0,0.11737024180031126,0.5142530431456428,0.36837671505404573
24075.0,0.0565091796710433,0.23308957565340752,0.7104012446755488
23597.0,0.06346353728839862,0.38930659120676614,0.5472298715048349
23870.0,0.057328294564409236,0.6153327113867036,0.32733899404888717
23380.0,0.08816362177767487,0.37951098367527913,0.5323253945470457
23111.0,0.024562735326690933,0.6279352071408508,0.3475020575324574
23930.0,0.9211385227946948,0.07886137429155408,1.0291375119010986E-7
23657.0,0.02988368996742427,0.2694734521979842,0.7006428578345917
24143.0,0.41661157388022296,0.5255638902676287,0.05782453585214803
24657.0,0.7117427958294393,0.2882570397880182,1.6438254193862595E-7
24412.0,0.3325584982127107,0.4283703674258022,0.23907113436148694
23043.0,0.27197516102791036,0.3638356012526919,0.3641892377193974
23312.0,0.4314010827011109,0.37141930264452766,0.19717961465436057
23716.0,0.5144459999526024,0.17283817569956647,0.31271582434783074
23991.0,0.8017912470801204,0.14202853813221372,0.05618021478766601
24465.0,0.492796518776722,0.47617578132983085,0.0310276998934471
24732.0,0.25794382665595456,0.7420559456236279,2.2772041809427965E-7
24194.0,0.3067797696950205,0.5557129699390585,0.13750726036592087
23517.0,0.46770098630881896,0.5322988435542302,1.701369515128171E-7
23246.0,0.8332324265677156,0.16676717104388433,4.023883999561228E-7
23035.0,0.1824702601909099,0.45157153178935416,0.3659582080197363
22974.0,0.43881555653218657,0.3683768741633929,0.19280756930442067
23179.0,0.15377712563647822,0.59342926383534,0.2527936105281819
23448.0,2.138388694271038E-7,0.999999572322261,2.138388694271038E-7
24263.0,3.043281549993228E-7,0.864370711277393,0.13562898439445195
24532.0,0.055638346635151964,0.25429720389847926,0.6900644494663687
24050.0,0.7056131230837377,0.2943865661256756,3.107905866816763E-7
23777.0,0.05603484653520278,0.3037509564301013,0.640214197034696
23381.0,0.5772829164047966,0.23132939902946925,0.19138768456573424
23110.0,0.025463015114365075,0.9228262532668701,0.051710731618764744
24345.0,2.0213054183928244E-7,0.1477925468246658,0.852207251044792
24596.0,0.12174813611488655,0.2882815537746187,0.589970310110495
24074.0,0.35669711095295564,0.47460328943888397,0.1686995996081603
23596.0,0.025657465279931447,0.07461068817998757,0.8997318465400809
23871.0,0.02968869159048704,0.17122238523830152,0.7990889231712113
23042.0,3.1741533886266433E-7,0.2356503834152365,0.7643492991694243
23313.0,0.02237884209232126,0.2507999564962836,0.7268212014113954
23931.0,0.36134369298315683,0.4977173596266327,0.14093894739021096
23656.0,0.09303806399880589,0.4128446458163007,0.4941172901848934
24142.0,0.14498168670556988,0.2768110010965857,0.5782073121978449
24413.0,0.058231088798283016,0.4791018560455856,0.46266705515613143
24656.0,0.1968609517357419,0.7474094360801328,0.0557296121841253
23516.0,0.2177733481133568,0.6040418131492183,0.17818483873742508
23247.0,0.9482580704864834,0.051741820642153706,1.0887136297928669E-7
23034.0,0.218787807713918,0.3768601806767411,0.4043520116093411
23717.0,0.02179365339744351,0.259558600140065,0.7186477464624911
23990.0,0.7233236578032568,0.17839266541806348,0.09828367677867993
24464.0,0.029404699453482255,0.7080411076758336,0.2625541928706842
24733.0,0.5236361189186266,0.33384914843142194,0.14251473264995168
24195.0,0.5157551067313791,0.4842447055819533,1.876866670843235E-7
24535.0,0.15829563384889342,0.8140066896601432,0.027697676490963403
24260.0,0.3237063830814775,0.6263688280459804,0.04992478887254232
23778.0,0.2684518291215786,0.5600814346959633,0.17146673618245817
24049.0,2.1371372325183852E-7,0.2060649596606091,0.7939348266256676
22973.0,0.6081695845738884,0.3648128195102492,0.02701759591586289
23451.0,0.026298860758976195,0.9737008831879045,2.560531193350988E-7
23176.0,0.4808546658512833,0.34675377062597285,0.17239156352274382
24073.0,0.12248245646786574,0.8775172199738274,3.2355830696618604E-7
24599.0,0.029239652779629453,0.9549231169316643,0.015837230288706476
24346.0,0.14168197408966596,0.7083234803663663,0.14999454554396757
23868.0,0.3834316001339491,0.5692396070606521,0.04732879280539889
23599.0,0.5615502689505716,0.33457341692079107,0.10387631412863728
23109.0,0.30760875535267007,0.3761309082496961,0.3162603363976333
23382.0,0.2667313585409529,0.32116616731387737,0.4121024741451691
23659.0,0.05607114378670119,0.08803113284763368,0.8558977233656648
23928.0,0.2976925394924302,0.44908128137358294,0.25322617913398626
24414.0,0.02894905592786702,0.1732383483764705,0.7978125956956629
24659.0,0.08740478597596434,0.14264145489441116,0.7699537591296244
24141.0,0.8036844847338598,0.15912008402085112,0.03719543124528825
23314.0,0.21974965818846207,0.5154370198158963,0.2648133219956422
23041.0,0.5615151882359583,0.4384844142292091,3.9753483297288467E-7
23989.0,0.08965517644242475,0.5815121941498722,0.32883262940770297
23718.0,0.10198432661802602,0.3605850652412675,0.5374306081407064
24192.0,0.3554919331538526,0.26602994584550643,0.37847812100064115
24467.0,0.08726264557308286,0.5780954591905074,0.3346418952364096
24734.0,0.059960643366734144,0.25791481670961197,0.6821245399236535
23244.0,0.08759019152482884,0.7401024813304384,0.17230732714473257
23519.0,0.1452715630749458,0.52340532670511,0.33132311021994404
23033.0,0.26653581095559753,0.5048311301904916,0.22863305885391028
22972.0,0.03051925485235409,0.2071157512577889,0.7623649938898571
23450.0,0.032034147825789956,0.9174270292476727,0.050538822926537365
23177.0,0.37754367102356645,0.2927021133511875,0.32975421562524604
24534.0,0.025374016086447692,0.23850045458877556,0.7361255293247775
24261.0,0.6136669276496801,0.18147815829801545,0.20485491405230472
23779.0,0.26427245695188245,0.3828440091462803,0.3528835339018376
24048.0,2.4119822976946553E-7,0.3271156181982771,0.672884140603493
23108.0,0.08463452473969027,0.4733533916504005,0.442012083609909
23383.0,0.11783944109171773,0.2286652721797052,0.6534952867285769
24072.0,2.99150524022695E-7,0.38602666830634985,0.6139730325431256
24347.0,0.0292078666223711,0.20038346143594443,0.7704086719416848
24598.0,0.13859228657927458,0.2745096346452462,0.5868980787754796
23869.0,2.640490883800864E-7,0.23620588662183456,0.7637938493290769
23598.0,1.2695630440737608E-7,0.2166266344938632,0.783373238549833
23315.0,0.5534331979523907,0.34439241995530573,0.10217438209230352
23040.0,0.026762693970407096,0.18902654964346455,0.784210756386128
23658.0,0.5509758808698971,0.40227766870727516,0.04674645042282696
23929.0,0.029299974846126856,0.38618281452138187,0.5845172106324911
24415.0,2.512713273794447E-7,0.3188795181027753,0.6811202306258971
24658.0,0.24509742135023682,0.7017431726727015,0.05315940597706156
24140.0,0.05809261369043737,0.028410836804467886,0.9134965495050948
23245.0,2.823705996017581E-7,0.41474772033343177,0.5852519972959689
23518.0,2.3227965941817275E-7,0.16222908550668463,0.8377706822136562
23032.0,0.23371313928915274,0.44992507849573354,0.3163617822151134
23988.0,0.45063102172660047,0.3320529843508181,0.2173159939225812
23719.0,3.0336121842561093E-7,0.38576349073425364,0.6142362059045281
24193.0,0.0908025987424572,0.3598403243779736,0.5493570768795694
24466.0,3.261434766339141E-7,0.3516176103276772,0.6483820635288458
24735.0,0.18853670160664307,0.473433905050823,0.33802939334253296
23593.0,0.4781440561675115,0.3927049333964738,0.1291510104360154
23866.0,0.23031853821910936,0.5112262086388429,0.2584552531420476
24348.0,0.13967408162425896,0.191927506924791,0.6683984114509498
24593.0,0.029660673749916197,0.3141704496288375,0.656168876621246
24079.0,0.19987802432063798,0.26711403143143037,0.533007944247931
23376.0,0.2386022975308305,0.34712409378959,0.41427360867957974
23107.0,3.1150866644782817E-7,0.1900272447780304,0.8099724437133031
24055.0,0.4407285910340777,0.4478470822410543,0.11142432672486774
23780.0,0.3480634943615541,0.368146986015337,0.2837895196231091
24258.0,0.03038379375637392,0.4153623574632936,0.5542538487803321
24529.0,0.158925057075218,0.6015620888401504,0.23951285408463177
23182.0,0.2751814755640805,0.37245043135909134,0.35236809307682854
23453.0,1.8251244824575364E-7,0.15391901195727514,0.8460808055302766
22971.0,0.23489095582929123,0.5289819606767767,0.2361270834939319
24469.0,0.6550172025890947,0.34498247179384917,3.256170557917491E-7
24728.0,2.8582757391642633E-7,0.13898053293695595,0.86101918123547
24198.0,2.885267671198671E-7,0.1160802104917974,0.8839195009814352
