22958.0,4.3647543307996997E-4,0.5500994732914231,0.4494640512754968
23195.0,0.019241347242312645,0.6149484792126686,0.36581017354501877
23432.0,0.4932698256592612,0.38612327010810676,0.120606904232632
24279.0,0.4865916347251002,0.3867576564574193,0.12665070881748056
24516.0,0.259694827499187,0.5187003154391561,0.22160485706165692
24034.0,0.6497894147680962,0.3024762916464443,0.047734293585459615
23793.0,0.019241347242312645,0.6149484792126686,0.36581017354501877
23365.0,0.0,0.6005137090982292,0.39948629090177085
23126.0,0.0,0.029433378395734906,0.970566621604265
24329.0,0.0,0.07438745941388153,0.9256125405861185
24580.0,0.6435244184476251,0.3564755815523749,0.0
24090.0,0.0014425386239156994,0.48305894258874776,0.5154985187873367
23612.0,0.2563541146119127,0.5324257152255264,0.2112201701625609
23855.0,0.004407835789767244,0.8089395325398195,0.18665263167041313
23058.0,0.6497894204662419,0.3024762873119713,0.04773429222178692
23297.0,0.0,0.608439811537578,0.391560188462422
23915.0,0.0,0.8549399450800519,0.14506005491994814
23672.0,0.3463516060103762,0.4332963050497707,0.22035208893985314
24158.0,0.49331188957237326,0.38609224694875605,0.1205958634788707
24640.0,0.259694827499187,0.5187003154391561,0.22160485706165692
24397.0,0.027433305103382436,0.4721978060694641,0.5003688888271535
23500.0,0.008056444256519817,0.8197197535190414,0.17222380222443887
23263.0,0.0,0.14298643392426127,0.8570135660757388
23018.0,0.0,0.057337992359259286,0.9426620076407406
23733.0,0.012577711759998306,0.49413435362383523,0.49328793461616655
23974.0,0.4865916347251002,0.3867576564574193,0.12665070881748056
24448.0,0.0,0.4799728433695668,0.5200271566304333
24717.0,0.49331188957237326,0.38609224694875605,0.1205958634788707
24211.0,0.0,0.06900959248456877,0.9309904075154313
24278.0,0.624513283293378,0.313335000625908,0.062151716080713904
24517.0,0.3400710652820945,0.4323535776341553,0.22757535708375018
24035.0,0.6158863815688491,0.3814110416405895,0.0027025767905613897
23792.0,0.6158863815688491,0.3814110416405895,0.0027025767905613897
22959.0,0.0063693545744028255,0.5916388090078604,0.40199183641773684
23194.0,0.0053262231259202045,0.8163507684773048,0.17832300839677512
23433.0,0.4865916347251002,0.3867576564574193,0.12665070881748056
24581.0,0.259694827499187,0.5187003154391561,0.22160485706165692
24328.0,0.008056444256519817,0.8197197535190414,0.17222380222443887
24091.0,0.0,0.05733799236067952,0.9426620076393204
23613.0,0.03018493749640604,0.696380812435669,0.27343425006792504
23854.0,0.3400710652820945,0.4323535776341553,0.22757535708375018
23364.0,0.49331188922349517,0.3860922471181137,0.1205958636583912
23127.0,0.6435244184476251,0.3564755815523749,0.0
23914.0,0.6158863815688491,0.3814110416405895,0.0027025767905613897
23673.0,0.0,0.1429864339242614,0.8570135660757386
24159.0,0.3400710652820945,0.4323535776341553,0.22757535708375018
24641.0,0.0,0.8549399450800516,0.1450600549199484
24396.0,0.6985790644969615,0.25404744225460046,0.04737349324843811
23059.0,0.0,0.608439811537578,0.391560188462422
23296.0,0.0063693545744028255,0.5916388090078604,0.40199183641773684
23732.0,0.0,0.4799728433695668,0.5200271566304333
23975.0,0.6033920023802191,0.36792468595468036,0.02868331166510071
24449.0,0.015235177589084459,0.14260363696959502,0.8421611854413205
24716.0,0.0021618729178829515,0.05917163439746047,0.9386664926846566
24210.0,0.014423208851265234,0.11197212974608611,0.8736046614026486
23501.0,0.2276798187315317,0.53838578970356,0.23393439156490828
23262.0,0.0,0.06916691284639415,0.9308330871536058
23019.0,0.6033920023802191,0.36792468595468036,0.02868331166510071
22956.0,0.03018493749640604,0.696380812435669,0.27343425006792504
23434.0,0.2822619703240145,0.444632080970204,0.27310594870578153
23193.0,0.0,0.8549399450800519,0.14506005491994814
24518.0,0.0,0.020141544854555438,0.9798584551454447
24277.0,0.0,0.053517255318615446,0.9464827446813846
23795.0,0.019241347242312645,0.6149484792126686,0.36581017354501877
24032.0,0.0,0.4799728433695668,0.5200271566304333
23124.0,0.4865916347251002,0.3867576564574193,0.12665070881748056
23367.0,0.3463481768086517,0.43329843270685614,0.22035339048449212
24088.0,0.008056444256521002,0.8197197535190344,0.1722238022244446
24331.0,0.6985790644972222,0.2540474422544081,0.047373493248369626
24582.0,0.0,0.47997284327689,0.5200271567231101
23853.0,0.2276798187315317,0.53838578970356,0.23393439156490828
23614.0,0.0,0.6064431796625686,0.3935568203374314
23299.0,0.0,0.1429864339242614,0.8570135660757386
23056.0,0.006141526656125861,0.4777403593938849,0.5161181139499893
23674.0,0.2563541146119127,0.5324257152255264,0.2112201701625609
23913.0,0.259694827499187,0.5187003154391561,0.22160485706165692
24399.0,0.0,0.03448804443474982,0.9655119555652502
24642.0,0.0,0.6005137090982292,0.39948629090177085
24156.0,0.0,0.1429864339242614,0.8570135660757386
23261.0,0.4893537716336553,0.38901066848410776,0.12163555988223701
23502.0,0.6033920023802191,0.36792468595468036,0.02868331166510071
23016.0,0.6245132832933866,0.3133350006259009,0.062151716080712474
23972.0,0.0,0.01054490253492559,0.9894550974650743
23735.0,0.6033920023802191,0.36792468595468036,0.02868331166510071
24209.0,0.017669077816416814,0.8486512711149482,0.13367965106863494
24719.0,0.6435244184476251,0.3564755815523749,0.0
24450.0,0.6497894195585615,0.30247628800243986,0.04773429243899855
24519.0,0.0,0.1429864339242614,0.8570135660757386
24276.0,0.0021618729378019915,0.059171634396180006,0.938666492666018
23794.0,0.006141526656125861,0.4777403593938849,0.5161181139499893
24033.0,0.4865916347251002,0.3867576564574193,0.12665070881748056
22957.0,0.2822619703240145,0.444632080970204,0.27310594870578153
23435.0,0.4891477555216488,0.37857834901498216,0.13227389546336907
23192.0,0.4891477555216487,0.37857834901498216,0.13227389546336907
24089.0,0.49331188957237326,0.38609224694875605,0.1205958634788707
24583.0,0.6497894204639599,0.30247628731369613,0.04773429222234406
24330.0,0.4891477555216487,0.37857834901498216,0.13227389546336907
23852.0,0.0,0.6005137090982292,0.39948629090177085
23615.0,0.3400710652820945,0.4323535776341553,0.22757535708375018
23125.0,0.649789420466125,0.3024762873120721,0.047734292221802865
23366.0,0.0,0.03565168484724886,0.9643483151527512
23675.0,0.4891477555216487,0.37857834901498216,0.13227389546336907
23912.0,0.0029050575686715456,0.5487350525010666,0.448359889930262
24643.0,0.0,0.06804647381028074,0.9319535261897193
24398.0,0.0,0.6005137090982292,0.39948629090177085
24157.0,0.004407835789767244,0.8089395325398195,0.18665263167041313
23298.0,0.624513283293378,0.313335000625908,0.062151716080713904
23057.0,2.1707546242198533E-33,0.08751681105664415,0.9124831889433558
23973.0,0.49331188957237326,0.38609224694875605,0.1205958634788707
23734.0,0.0063693545744028255,0.5916388090078604,0.40199183641773684
24208.0,0.6158863815688491,0.3814110416405895,0.0027025767905613897
24451.0,0.0,0.608439811537578,0.391560188462422
24718.0,0.0,0.608439811537578,0.391560188462422
23260.0,0.30979595434624424,0.47708751923493853,0.21311652641881731
23503.0,0.25719081063238775,0.5321739304101128,0.2106352589574994
23017.0,0.019241347242312645,0.6149484792126686,0.36581017354501877
23361.0,0.0,0.06804647442447942,0.9319535255755206
23122.0,0.3463516060103762,0.4332963050497707,0.22035208893985314
23608.0,0.4891477555216487,0.37857834901498216,0.13227389546336907
23851.0,0.0,0.027050260937935392,0.9729497390620645
24576.0,0.2563541146119127,0.5324257152255264,0.2112201701625609
24333.0,2.1707546242198533E-33,0.08751681105664415,0.9124831889433558
24094.0,0.34892851558867083,0.47524653125006217,0.175824953161267
23199.0,0.0,0.034488044434749815,0.9655119555652502
23436.0,0.005904629563060353,0.4702885299063045,0.5238068405306352
22954.0,0.0063693545744028255,0.5916388090078604,0.40199183641773684
24038.0,0.22769961346279646,0.5383812169675829,0.23391916956962064
23797.0,0.019241347242312645,0.6149484792126686,0.36581017354501877
24275.0,0.0,0.027050260937935392,0.9729497390620645
24512.0,0.019241347242312645,0.6149484792126686,0.36581017354501877
23022.0,0.259694827499187,0.5187003154391561,0.22160485706165692
23496.0,0.6985790644972222,0.2540474422544081,0.047373493248369626
23259.0,0.30979595434624424,0.47708751923493853,0.21311652641881731
24452.0,0.6158863815688491,0.3814110416405895,0.0027025767905613897
24713.0,0.027433305103382436,0.4721978060694641,0.5003688888271535
24215.0,0.008056444256517253,0.819719753517226,0.17222380222625674
23729.0,0.03018493710433643,0.6963808096323192,0.2734342532633444
23970.0,0.259694827499187,0.5187003154391561,0.22160485706165692
23062.0,0.22767981873149928,0.5383857897035826,0.2339343915649181
23301.0,0.0053262231259202045,0.8163507684773048,0.17832300839677512
24154.0,0.2563541146119127,0.5324257152255264,0.2112201701625609
24644.0,0.005904629563060353,0.4702885299063045,0.5238068405306352
24393.0,0.48914775552162393,0.3785783490149998,0.13227389546337637
23919.0,0.0,0.010544902527734273,0.9894550974722657
23676.0,0.4865916347251002,0.3867576564574193,0.12665070881748056
23609.0,0.019241347242312645,0.6149484792126686,0.36581017354501877
23850.0,0.30979595434624424,0.47708751923493853,0.21311652641881731
24577.0,0.3463516060103762,0.4332963050497707,0.22035208893985314
24332.0,0.0,0.12309868709777526,0.8769013129022247
24095.0,0.0063693545744028255,0.5916388090078604,0.40199183641773684
23360.0,0.30979595434624424,0.47708751923493853,0.21311652641881731
23123.0,0.49331188957237326,0.38609224694875605,0.1205958634788707
24039.0,0.3463516060103762,0.4332963050497707,0.22035208893985314
23796.0,0.006141526656125861,0.4777403593938849,0.5161181139499893
24274.0,0.027433305103382436,0.4721978060694641,0.5003688888271535
24513.0,0.027433305103382436,0.4721978060694641,0.5003688888271535
23198.0,0.30979595434624424,0.47708751923493853,0.21311652641881731
23437.0,0.017669077807963274,0.8486512711334,0.13367965105863677
22955.0,0.005954670238970535,0.4758434774606451,0.5182018523003844
24712.0,0.6033920023802191,0.36792468595468036,0.02868331166510071
24453.0,0.6435244184476251,0.3564755815523749,0.0
24214.0,0.027433305103382436,0.4721978060694641,0.5003688888271535
23728.0,0.005904629563066289,0.4702885299069926,0.5238068405299411
23971.0,0.001339959605164923,0.5942130122610706,0.4044470281337644
23023.0,0.006369247488450989,0.5916388682447546,0.4019918842667944
23497.0,0.006141526656125861,0.4777403593938849,0.5161181139499893
23258.0,0.0,0.47997284336956686,0.5200271566304331
24155.0,0.0063693545744028255,0.5916388090078604,0.40199183641773684
24645.0,0.6497894204436141,0.30247628732919374,0.04773429222719215
24392.0,0.4891477555216487,0.37857834901498216,0.13227389546336907
23918.0,2.1707546242198533E-33,0.08751681105664415,0.9124831889433558
23677.0,0.005904629563060353,0.4702885299063045,0.5238068405306352
23063.0,0.4865916347251002,0.3867576564574193,0.12665070881748056
23300.0,0.019241347242312645,0.6149484792126686,0.36581017354501877
23120.0,0.0,0.4799728433695668,0.5200271566304333
23363.0,0.6158863815688491,0.3814110416405895,0.0027025767905613897
23849.0,0.012577711759998306,0.49413435362383523,0.49328793461616655
23610.0,0.0,0.6005137090982292,0.39948629090177085
24092.0,0.6985789827526223,0.25404750414331945,0.04737351310405821
24578.0,0.0,0.1429864339242614,0.8570135660757386
24335.0,0.0,0.05733799236067952,0.9426620076393204
23438.0,0.006141471793704036,0.47774038477859343,0.5161181434277025
23197.0,2.1707546242198533E-33,0.08751681105664415,0.9124831889433558
22952.0,0.24873216591372332,0.5328848280622928,0.2183830060239839
23799.0,0.0,0.1429864339242614,0.8570135660757386
24036.0,0.2276798187315317,0.53838578970356,0.23393439156490828
24514.0,0.2822619703240145,0.444632080970204,0.27310594870578153
24273.0,0.3463516060103762,0.4332963050497707,0.22035208893985314
23020.0,0.005904629563060353,0.4702885299063045,0.5238068405306352
23257.0,0.6435244184476251,0.3564755815523749,0.0
23498.0,0.49331188957237326,0.38609224694875605,0.1205958634788707
24213.0,0.0063693545744028255,0.5916388090078604,0.40199183641773684
24454.0,0.6158863815688491,0.3814110416405895,0.0027025767905613897
24715.0,0.0,0.05733799236067952,0.9426620076393204
23968.0,0.0,0.1429864339242614,0.8570135660757386
23731.0,0.25635410299020056,0.5324257141686537,0.21122018284114571
23303.0,0.0,0.6064431796625686,0.3935568203374314
23060.0,0.3400710652820945,0.4323535776341553,0.22757535708375018
24395.0,0.6033920023802191,0.36792468595468036,0.02868331166510071
24646.0,0.4891477555216488,0.37857834901498216,0.13227389546336907
24152.0,0.0014425386239156994,0.48305894258874776,0.5154985187873367
23678.0,0.3400710652820945,0.4323535776341553,0.22757535708375018
23917.0,0.49331188957237326,0.38609224694875605,0.1205958634788707
23848.0,0.2276798187315317,0.53838578970356,0.23393439156490828
23611.0,0.3400710652820945,0.4323535776341553,0.22757535708375018
24093.0,0.4865916344593931,0.3867576566418107,0.12665070889879615
24334.0,0.0,0.12309850630596988,0.8769014936940301
24579.0,0.027433305103382436,0.4721978060694641,0.5003688888271535
23121.0,0.005904629563060353,0.4702885299063045,0.5238068405306352
23362.0,0.008056444256519817,0.8197197535190414,0.17222380222443887
23798.0,0.012577711759998306,0.49413435362383523,0.49328793461616655
24037.0,0.4865916347251002,0.3867576564574193,0.12665070881748056
24515.0,0.49331188957237326,0.38609224694875605,0.1205958634788707
24272.0,0.2822619703240145,0.444632080970204,0.27310594870578153
23439.0,0.3463516060103762,0.4332963050497707,0.22035208893985314
23196.0,0.012577711759998306,0.49413435362383523,0.49328793461616655
22953.0,0.4891477555216487,0.37857834901498216,0.13227389546336907
24212.0,0.0053262231259202045,0.8163507684773048,0.17832300839677512
24714.0,0.019241347242312645,0.6149484792126686,0.36581017354501877
24455.0,0.005904629563060353,0.4702885299063045,0.5238068405306352
23969.0,0.34007106442284274,0.43235357810299835,0.2275753574741589
23730.0,0.0,0.06804647381028074,0.9319535261897193
23021.0,0.008056444256519817,0.8197197535190414,0.17222380222443887
23256.0,0.0063693545744028255,0.5916388090078604,0.40199183641773684
23499.0,0.2822619703240145,0.444632080970204,0.27310594870578153
24647.0,0.3400710652443923,0.43235357765471644,0.22757535710089125
24394.0,0.6985790644972223,0.25404744225440806,0.04737349324836964
24153.0,0.2276798187315317,0.53838578970356,0.23393439156490828
23679.0,0.0,0.03448804443474982,0.9655119555652502
23916.0,0.0,0.4799728433695668,0.5200271566304333
23302.0,0.49331188957237326,0.38609224694875605,0.1205958634788707
23061.0,0.019241347242312645,0.6149484792126686,0.36581017354501877
23907.0,0.3400710652820945,0.4323535776341553,0.22757535708375018
23664.0,0.3463516060103762,0.4332963050497707,0.22035208893985314
24150.0,0.019241347242312645,0.6149484792126686,0.36581017354501877
24648.0,0.31813305546193743,0.5073375557210942,0.17452938881696844
24389.0,0.49331188957237326,0.38609224694875605,0.1205958634788707
23066.0,0.6497894204662465,0.30247628731196724,0.04773429222178629
23305.0,0.019241347244669766,0.6149484790344197,0.3658101737209104
23741.0,0.49331188957237326,0.38609224694875605,0.1205958634788707
23982.0,0.0,0.608439811537578,0.391560188462422
24456.0,0.6497894204624567,0.30247628731485704,0.047734292222686284
24709.0,0.25969482749918704,0.5187003154391561,0.22160485706165692
24219.0,0.49331188957237326,0.38609224694875605,0.1205958634788707
23492.0,0.0,0.1429864339242614,0.8570135660757386
23255.0,0.3400710652820945,0.4323535776341553,0.22757535708375018
23010.0,0.019241347242312645,0.6149484792126686,0.36581017354501877
24287.0,1.9483795133146014E-49,0.08595896180117465,0.9140410381988253
24524.0,0.259694827499187,0.5187003154391561,0.22160485706165692
24042.0,0.017669077807963274,0.8486512711334,0.13367965105863677
23801.0,0.008056444256519817,0.8197197535190414,0.17222380222443887
23187.0,0.2563541146119127,0.5324257152255264,0.2112201701625609
23424.0,0.49331188957237326,0.38609224694875605,0.1205958634788707
24321.0,0.019241347242312645,0.6149484792126686,0.36581017354501877
24588.0,0.005904629563060353,0.4702885299063045,0.5238068405306352
24082.0,0.0,0.05733799236067952,0.9426620076393204
23604.0,0.30979595434624424,0.47708751923493853,0.21311652641881731
23847.0,0.6245132832934133,0.3133350006258783,0.06215171608070837
23373.0,0.30979595434624424,0.47708751923493853,0.21311652641881731
23134.0,0.0,0.6005137090982292,0.39948629090177085
23067.0,0.49331188957237326,0.38609224694875605,0.1205958634788707
23304.0,0.0063693545744028255,0.5916388090078604,0.40199183641773684
23906.0,0.3463516060103762,0.4332963050497707,0.22035208893985314
23665.0,0.624513283293378,0.313335000625908,0.062151716080713904
24151.0,0.4891477555216487,0.37857834901498216,0.13227389546336907
24388.0,0.0,0.608439811537578,0.391560188462422
24649.0,0.005904629563060353,0.4702885299063045,0.5238068405306352
23493.0,0.3400710652820945,0.4323535776341553,0.22757535708375018
23254.0,0.0,0.06900959248456877,0.9309904075154313
23011.0,0.0,0.06804647381028074,0.9319535261897193
23740.0,0.2822619703240145,0.444632080970204,0.27310594870578153
23983.0,0.008056444256519817,0.8197197535190414,0.17222380222443887
24708.0,0.259694827499187,0.5187003154391561,0.22160485706165692
24457.0,0.0,0.12309850630596988,0.8769014936940301
24218.0,0.019241347242312645,0.6149484792126686,0.36581017354501877
23186.0,0.6033920023802191,0.36792468595468036,0.02868331166510071
23425.0,0.006059654792349713,0.47777823133520686,0.5161621138724435
24286.0,0.30979595434624424,0.47708751923493853,0.21311652641881731
24525.0,0.2822619703240145,0.444632080970204,0.27310594870578153
24043.0,0.3463516060103762,0.4332963050497707,0.22035208893985314
23800.0,0.49331188957237326,0.38609224694875605,0.1205958634788707
23372.0,0.49331188957237326,0.38609224694875605,0.1205958634788707
23135.0,0.005904629563060353,0.4702885299063045,0.5238068405306352
24320.0,0.37760058468361213,0.46526786128502395,0.1571315540313639
24589.0,0.0,0.056956523953627755,0.9430434760463722
24083.0,0.4891477555216487,0.37857834901498216,0.13227389546336907
23605.0,0.0014425386239156994,0.48305894258874776,0.5154985187873367
23846.0,0.004407835789767244,0.8089395325398195,0.18665263167041313
23666.0,0.6033920023802191,0.36792468595468036,0.02868331166510071
23905.0,0.0,0.018482383187272817,0.9815176168127273
24650.0,0.0029050575680467294,0.5487350525014111,0.4483598899305422
24391.0,0.49331188957237326,0.38609224694875605,0.1205958634788707
24148.0,0.0,0.12309850636629245,0.8769014936337076
23307.0,0.4865916347251002,0.3867576564574193,0.12665070881748056
23064.0,0.0,0.608439811537578,0.391560188462422
23980.0,0.6033872820510245,0.3679280785312982,0.028684639417677273
23743.0,0.49331188957237326,0.38609224694875605,0.1205958634788707
24217.0,0.0,0.027050260937935392,0.9729497390620645
24711.0,0.6497894204662419,0.3024762873119713,0.04773429222178692
24458.0,0.2822619703240145,0.444632080970204,0.27310594870578153
23253.0,0.0,0.07438745941388153,0.9256125405861185
23494.0,0.3098037510278869,0.4770853079163373,0.21311094105577577
23008.0,0.22767981873156198,0.5383857897035389,0.2339343915648991
24526.0,0.004407835789779574,0.8089395325386609,0.18665263167155943
24285.0,0.019241347242312645,0.6149484792126686,0.36581017354501877
23803.0,2.1707546242198533E-33,0.08751681105664415,0.9124831889433558
24040.0,0.005904629563060353,0.4702885299063045,0.5238068405306352
23426.0,0.2563541146119127,0.5324257152255264,0.2112201701625609
23185.0,0.0,0.608439811537578,0.391560188462422
24080.0,0.0053262231259202045,0.8163507684773048,0.17832300839677512
24323.0,0.6435244184476251,0.3564755815523749,0.0
24590.0,0.2563541146119127,0.5324257152255264,0.2112201701625609
23845.0,0.685837580447836,0.27293255344901207,0.041229866103151915
23606.0,0.6985790644972222,0.2540474422544081,0.047373493248369626
23132.0,0.2822619703240145,0.444632080970204,0.27310594870578153
23375.0,0.006141526656125861,0.4777403593938849,0.5161181139499893
23306.0,0.0,0.6005137090982292,0.39948629090177085
23065.0,0.0,0.012753849043114584,0.9872461509568855
23667.0,0.685837580447836,0.27293255344901207,0.041229866103151915
23904.0,0.0,0.4799728433695668,0.5200271566304333
24390.0,0.2822619703240145,0.444632080970204,0.27310594870578153
24651.0,0.005904629563060353,0.4702885299063045,0.5238068405306352
24149.0,0.259694827499187,0.5187003154391561,0.22160485706165692
23252.0,0.01442320885771152,0.11197212974538015,0.8736046613969083
23495.0,0.2627965200851857,0.5175815976034278,0.21962188231138646
23009.0,0.019241347242312645,0.6149484792126686,0.36581017354501877
23981.0,0.0,0.1429864339242614,0.8570135660757386
23742.0,0.2276798187315317,0.53838578970356,0.23393439156490828
24216.0,0.2822619118303544,0.44463211020032195,0.2731059779693237
24459.0,0.019241347242312645,0.6149484792126686,0.36581017354501877
24710.0,0.0,0.012753849043116015,0.987246150956884
23427.0,0.0,0.029433378383951957,0.970566621616048
23184.0,0.6494522130528743,0.30273275976633907,0.04781502718078663
24527.0,0.2822619703240145,0.444632080970204,0.27310594870578153
24284.0,0.0,0.6005137090982292,0.39948629090177085
23802.0,0.015235177589084459,0.14260363696959502,0.8421611854413205
24041.0,0.0,0.1429864339242614,0.8570135660757386
23133.0,0.0063693545744028255,0.5916388090078604,0.40199183641773684
23374.0,0.4891477555216222,0.3785783490150012,0.1322738954633766
24081.0,0.259694827499187,0.5187003154391561,0.22160485706165692
24591.0,0.006141526656125861,0.4777403593938849,0.5161181139499893
24322.0,0.6158863815688491,0.3814110416405895,0.0027025767905613897
23844.0,0.0,0.6005137090982292,0.39948629090177085
23607.0,0.49331188957237326,0.38609224694875605,0.1205958634788707
24705.0,0.0,0.020141544854555306,0.9798584551454447
24460.0,0.34892851578328227,0.4752465311188371,0.17582495309788065
24223.0,0.2563541146119127,0.5324257152255264,0.2112201701625609
23737.0,0.0,0.07438745941388153,0.9256125405861185
23978.0,0.2822619703240145,0.444632080970204,0.27310594870578153
23014.0,0.6158863815688491,0.3814110416405895,0.0027025767905613897
23488.0,2.1707546192187183E-33,0.08751681105654625,0.9124831889434537
23251.0,0.01442320885771152,0.11197212974538015,0.8736046613969083
24146.0,0.3400710652820945,0.4323535776341553,0.22757535708375018
24652.0,0.0021618729378563876,0.05917163440110678,0.9386664926610369
24385.0,0.6828329674328075,0.2659038418316916,0.05126319073550093
23911.0,0.255115342048411,0.5331615448991055,0.21172311305248354
23668.0,0.49331188957237326,0.38609224694875605,0.1205958634788707
23070.0,0.0,0.608439811537578,0.391560188462422
23309.0,0.0029050575687932343,0.5487350525025528,0.448359889928654
23600.0,0.2822619703240166,0.4446320809702027,0.2731059487057807
23843.0,0.6033920023802191,0.36792468595468036,0.02868331166510071
24325.0,0.4891477555216487,0.37857834901498216,0.13227389546336907
24584.0,0.6435244184476251,0.3564755815523749,0.0
24086.0,0.0014425386239156994,0.48305894258874776,0.5154985187873367
23369.0,0.2563541146119127,0.5324257152255264,0.2112201701625609
23130.0,0.6158863815688491,0.3814110416405895,0.0027025767905613897
24046.0,0.6985790644972222,0.2540474422544081,0.047373493248369626
23805.0,0.259694827499187,0.5187003154391561,0.22160485706165692
24283.0,0.6033920023802191,0.36792468595468036,0.02868331166510071
24520.0,0.30979595434624424,0.47708751923493853,0.21311652641881731
23191.0,0.685837580447836,0.27293255344901207,0.041229866103151915
23428.0,0.685837580447836,0.272932553449012,0.041229866103151915
23015.0,0.015235177589084459,0.14260363696959502,0.8421611854413205
23489.0,0.6158863815688491,0.3814110416405895,0.0027025767905613897
23250.0,0.0,0.12309850630596988,0.8769014936940301
24704.0,0.0,0.1429864339242614,0.8570135660757386
24461.0,0.006369354574390419,0.5916388090078677,0.4019918364177419
24222.0,0.002905057245091381,0.5487350526794886,0.44835989007541993
23736.0,0.0063693545744028255,0.5916388090078604,0.40199183641773684
23979.0,0.3463516060103762,0.4332963050497707,0.22035208893985314
23071.0,0.4891477555216487,0.37857834901498216,0.13227389546336907
23308.0,0.6435244184476251,0.3564755815523749,0.0
24147.0,0.012577711759998306,0.49413435362383523,0.49328793461616655
24653.0,0.2563457837018625,0.5324316796720313,0.21122253662610616
24384.0,0.6033920023802191,0.36792468595468036,0.02868331166510071
23910.0,0.0021618729378019915,0.059171634396180006,0.938666492666018
23669.0,0.2276798187315317,0.53838578970356,0.23393439156490828
23368.0,0.0021618729378019915,0.059171634396180006,0.938666492666018
23131.0,0.0,0.013908426452715856,0.9860915735472842
23601.0,0.3463516060103762,0.4332963050497707,0.22035208893985314
23842.0,0.0,0.05733799236067952,0.9426620076393204
24324.0,0.3400710652820945,0.4323535776341553,0.22757535708375018
24585.0,0.006141526656125861,0.4777403593938849,0.5161181139499893
24087.0,0.624513283293378,0.313335000625908,0.062151716080713904
23190.0,0.6158863815688491,0.3814110416405895,0.0027025767905613897
23429.0,0.6435244184476251,0.3564755815523749,0.0
24047.0,0.017669077807963274,0.8486512711334,0.13367965105863677
23804.0,1.3550590824975754E-130,0.12111721405011854,0.8788827859498816
24282.0,0.0,0.018477813025629182,0.9815221869743708
24521.0,0.2822619703240145,0.444632080970204,0.27310594870578153
24221.0,0.0014425386239156994,0.48305894258874776,0.5154985187873367
24462.0,0.0,0.4799728433695668,0.5200271566304333
24707.0,0.6033919944009097,0.3679246916895762,0.02868331390951419
23976.0,0.49331188957237326,0.38609224694875605,0.1205958634788707
23739.0,0.012577711759998306,0.49413435362383523,0.49328793461616655
23012.0,0.4865916347251002,0.3867576564574193,0.12665070881748056
23249.0,0.005904629563060353,0.4702885299063045,0.5238068405306352
23490.0,0.0,0.029433378383951957,0.970566621616048
24387.0,0.0,0.8549399450800519,0.14506005491994814
24654.0,0.0,0.07438745941388153,0.9256125405861185
24144.0,0.006345848217388951,0.591651810212825,0.4020023415697861
23670.0,0.49331188957237326,0.38609224694875605,0.1205958634788707
23909.0,0.25997901685853547,0.5313220988522991,0.20869888428916555
23311.0,0.0,0.054473184272133955,0.9455268157278661
23068.0,0.0,0.06804647381028074,0.9319535261897193
23841.0,0.0,0.8549399450800519,0.14506005491994814
23602.0,0.6985790644902584,0.2540474422596899,0.04737349325005168
24084.0,0.027433305103382436,0.4721978060694641,0.5003688888271535
24327.0,0.006141526656125861,0.4777403593938849,0.5161181139499893
24586.0,1.842667844408671E-4,0.8204869036632378,0.1793288295523212
23128.0,0.4865916347251002,0.3867576564574193,0.12665070881748056
23371.0,0.2276798187315317,0.53838578970356,0.23393439156490828
23807.0,0.49331188957237326,0.38609224694875605,0.1205958634788707
24044.0,0.027433305103382436,0.4721978060694641,0.5003688888271535
24522.0,0.3097959543527591,0.4770875192330518,0.21311652641418913
24281.0,0.0,0.608439811537578,0.391560188462422
23430.0,0.4865916347251002,0.3867576564574193,0.12665070881748056
23189.0,0.6033920023802191,0.36792468595468036,0.02868331166510071
23013.0,0.027433305103382436,0.4721978060694641,0.5003688888271535
23248.0,0.4865916347251002,0.3867576564574193,0.12665070881748056
23491.0,0.6497894204662419,0.3024762873119713,0.04773429222178692
24220.0,0.6033920023802191,0.36792468595468036,0.02868331166510071
24706.0,0.30979595434624424,0.47708751923493853,0.21311652641881731
24463.0,0.6497894204662419,0.3024762873119713,0.04773429222178692
23977.0,0.6985790644972223,0.25404744225440806,0.04737349324836964
23738.0,0.017669077807963274,0.8486512711334,0.13367965105863677
23310.0,0.0,0.05733799236067952,0.9426620076393204
23069.0,0.005904629563060353,0.4702885299063045,0.5238068405306352
24386.0,0.4865916347251002,0.3867576564574193,0.12665070881748056
24655.0,0.0063693545744028255,0.5916388090078604,0.40199183641773684
24145.0,0.6985790644972222,0.2540474422544081,0.047373493248369626
23671.0,0.005904629563060353,0.4702885299063045,0.5238068405306352
23908.0,0.019241347242312645,0.6149484792126686,0.36581017354501877
23129.0,0.624509884631389,0.31333735080699576,0.062152764561615254
23370.0,0.4891477555216487,0.37857834901498216,0.13227389546336907
23840.0,0.005904629563060353,0.4702885299063045,0.5238068405306352
23603.0,0.34635160601038145,0.43329630504976785,0.22035208893985064
24085.0,0.0063693545744028255,0.5916388090078604,0.40199183641773684
24587.0,0.006141526656125861,0.4777403593938849,0.5161181139499893
24326.0,0.49331188957237326,0.38609224694875605,0.1205958634788707
23431.0,0.0053262231259202045,0.8163507684773048,0.17832300839677512
23188.0,0.015235177589084393,0.14260363696959505,0.8421611854413205
23806.0,0.2822619703240145,0.444632080970204,0.27310594870578153
24045.0,0.0063693545744028255,0.5916388090078604,0.40199183641773684
24523.0,0.49331188957237326,0.38609224694875605,0.1205958634788707
24280.0,0.4891477555216487,0.37857834901498216,0.13227389546336907
24262.0,0.0014425386239156994,0.48305894258874776,0.5154985187873367
24533.0,0.2563541146119127,0.5324257152255264,0.2112201701625609
24051.0,0.0,0.012753849043114584,0.9872461509568855
23776.0,0.0029050575686715456,0.5487350525010666,0.448359889930262
22975.0,0.0014425386239156994,0.48305894258874776,0.5154985187873367
23178.0,0.0,0.8549399450800519,0.14506005491994814
23449.0,0.3400710652820945,0.4323535776341553,0.22757535708375018
24344.0,0.027433305103382436,0.4721978060694641,0.5003688888271535
24597.0,0.6435244184476251,0.3564755815523749,0.0
24075.0,0.0,0.06804647381028074,0.9319535261897193
23597.0,0.012577711759998306,0.49413435362383523,0.49328793461616655
23870.0,0.0,0.07438745941388153,0.9256125405861185
23380.0,0.012577711759998306,0.49413435362383523,0.49328793461616655
23111.0,0.259694827499187,0.5187003154391561,0.22160485706165692
23930.0,0.6497894204662419,0.3024762873119713,0.04773429222178692
23657.0,0.0,0.020141544854752804,0.9798584551452473
24143.0,0.0053262231259202045,0.8163507684773048,0.17832300839677512
24657.0,0.6245132832934063,0.3133350006258846,0.06215171608070924
24412.0,0.49331188957237326,0.38609224694875605,0.1205958634788707
23043.0,0.6497892946473175,0.3024763830202423,0.04773432233244023
23312.0,0.3400710652820945,0.4323535776341553,0.22757535708375018
23716.0,0.685837580447836,0.27293255344901207,0.041229866103151915
23991.0,0.4865916347251002,0.3867576564574193,0.12665070881748056
24465.0,0.2563541146119127,0.5324257152255264,0.2112201701625609
24732.0,0.6158863815688491,0.3814110416405895,0.0027025767905613897
24194.0,0.0021618729378019915,0.059171634396180006,0.938666492666018
23517.0,0.0,0.8549399450800519,0.14506005491994814
23246.0,0.4891477555216487,0.37857834901498216,0.13227389546336907
23035.0,0.49331188957237326,0.38609224694875605,0.1205958634788707
22974.0,0.6857192923067434,0.27302449690183483,0.04125621079142169
23179.0,0.2563541146119127,0.5324257152255264,0.2112201701625609
23448.0,0.2596948274992109,0.5187003154391696,0.2216048570616195
24263.0,0.2276798187315317,0.53838578970356,0.23393439156490828
24532.0,0.2563541146119143,0.5324257152255253,0.21122017016256045
24050.0,0.4865916347251002,0.3867576564574193,0.12665070881748056
23777.0,0.0,0.05733799236067952,0.9426620076393204
23381.0,0.6158863815688491,0.3814110416405895,0.0027025767905613897
23110.0,0.0053262231259202045,0.8163507684773048,0.17832300839677512
24345.0,0.2276798187315317,0.53838578970356,0.23393439156490828
24596.0,0.25969482749918704,0.5187003154391561,0.22160485706165692
24074.0,0.6033920023802191,0.36792468595468036,0.02868331166510071
23596.0,0.0021618729378019915,0.059171634396180006,0.938666492666018
23871.0,0.0,0.608439811537578,0.391560188462422
23042.0,0.0,0.1429864339242614,0.8570135660757386
23313.0,0.2563541146119127,0.5324257152255264,0.2112201701625609
23931.0,0.012577711759998306,0.49413435362383523,0.49328793461616655
23656.0,0.019241347242312645,0.6149484792126686,0.36581017354501877
24142.0,0.3400710652820945,0.4323535776341553,0.22757535708375018
24413.0,0.34635160601038073,0.43329630504976735,0.22035208893985192
24656.0,0.0053262231259202045,0.8163507684773048,0.17832300839677512
23516.0,0.0063693545744028255,0.5916388090078604,0.40199183641773684
23247.0,0.49331188957237326,0.38609224694875605,0.1205958634788707
23034.0,0.4865916347251002,0.3867576564574193,0.12665070881748056
23717.0,0.2596948274991815,0.5187003154391598,0.22160485706165867
23990.0,0.6985790644972222,0.2540474422544081,0.047373493248369626
24464.0,0.0,0.8549399450800519,0.14506005491994814
24733.0,0.6158863815688359,0.3814110416406026,0.002702576790561485
24195.0,0.49331188957237326,0.38609224694875605,0.1205958634788707
24535.0,0.03018493749640604,0.696380812435669,0.27343425006792504
24260.0,0.4865916347251002,0.3867576564574193,0.12665070881748056
23778.0,0.2822619703240145,0.444632080970204,0.27310594870578153
24049.0,0.006141526656125861,0.4777403593938849,0.5161181139499893
22973.0,0.6835208407830146,0.27473183424055386,0.04174732497643158
23451.0,0.019241347242462434,0.6149484792128523,0.36581017354468515
23176.0,0.489147755521643,0.3785783490149863,0.13227389546337057
24073.0,0.259694827499187,0.5187003154391561,0.22160485706165692
24599.0,0.6435244184476251,0.3564755815523749,0.0
24346.0,0.0053262231259202045,0.8163507684773048,0.17832300839677512
23868.0,0.2276798187315317,0.53838578970356,0.23393439156490828
23599.0,0.6497894204662419,0.3024762873119713,0.04773429222178692
23109.0,2.1707546242198533E-33,0.08751681105664415,0.9124831889433558
23382.0,0.0014425386239156994,0.48305894258874776,0.5154985187873367
23659.0,0.0,0.4799728433695668,0.5200271566304333
23928.0,0.49331188957237326,0.38609224694875605,0.1205958634788707
24414.0,0.006141526656125861,0.4777403593938849,0.5161181139499893
24659.0,0.4891477555216488,0.37857834901498216,0.13227389546336907
24141.0,0.685837580447836,0.27293255344901207,0.041229866103151915
23314.0,0.6245113122771146,0.31333636358850125,0.06215232413438412
23041.0,0.4865916347251002,0.3867576564574193,0.12665070881748056
23989.0,0.0,0.06804647381028074,0.9319535261897193
23718.0,0.3400710652820945,0.4323535776341553,0.22757535708375018
24192.0,0.0,0.4799728433695668,0.5200271566304333
24467.0,0.019241347242312645,0.6149484792126686,0.36581017354501877
24734.0,2.1707546242198533E-33,0.08751681105664415,0.9124831889433558
23244.0,0.008056444256519817,0.8197197535190414,0.17222380222443887
23519.0,0.2276798187315317,0.53838578970356,0.23393439156490828
23033.0,0.4891477555216487,0.37857834901498216,0.13227389546336907
22972.0,0.027433305103382436,0.4721978060694641,0.5003688888271535
23450.0,0.6435244184476251,0.3564755815523749,0.0
23177.0,0.019241347242312645,0.6149484792126686,0.36581017354501877
24534.0,0.006141526656125861,0.4777403593938849,0.5161181139499893
24261.0,0.3400710652820945,0.4323535776341553,0.22757535708375018
23779.0,0.0014425386239156994,0.48305894258874776,0.5154985187873367
24048.0,0.3463515482263571,0.43329634090203434,0.22035211087160847
23108.0,0.005904629563060353,0.4702885299063045,0.5238068405306352
23383.0,0.0,0.05272646599363912,0.9472735340063608
24072.0,0.019241347242312645,0.6149484792126686,0.36581017354501877
24347.0,0.3400710652820945,0.4323535776341553,0.22757535708375018
24598.0,0.3097959543462387,0.47708751923494236,0.213116526418819
23869.0,0.0,0.12309850630596988,0.8769014936940301
23598.0,0.4891477555216487,0.37857834901498216,0.13227389546336907
23315.0,0.6057629803477722,0.33534821847140267,0.05888880118082515
23040.0,0.019241347242312645,0.6149484792126686,0.36581017354501877
23658.0,0.6033920023802191,0.36792468595468036,0.02868331166510071
23929.0,0.2822619703240145,0.444632080970204,0.27310594870578153
24415.0,0.6985790644972251,0.2540474422544051,0.04737349324836982
24658.0,0.0063693545744028255,0.5916388090078604,0.40199183641773684
24140.0,0.019241347242312645,0.6149484792126686,0.36581017354501877
23245.0,0.0,0.029433378383951957,0.970566621616048
23518.0,0.013916897501164064,0.11202753954991926,0.8740555629489167
23032.0,2.1707546242198533E-33,0.08751681105664415,0.9124831889433558
23988.0,0.4865916347251002,0.3867576564574193,0.12665070881748056
23719.0,0.0,0.608439811537647,0.391560188462353
24193.0,0.0,0.07438745941388153,0.9256125405861185
24466.0,0.0,0.029469578958678085,0.9705304210413219
24735.0,0.4865916347251002,0.3867576564574193,0.12665070881748056
23593.0,0.2822619703240145,0.444632080970204,0.27310594870578153
23866.0,0.4891477555216487,0.37857834901498216,0.13227389546336907
24348.0,0.0,0.6005137090982292,0.39948629090177085
24593.0,0.259694827499187,0.5187003154391561,0.22160485706165692
24079.0,0.0,0.07438745941388153,0.9256125405861185
23376.0,0.0,0.07438745941388153,0.9256125405861185
23107.0,0.03018493749640604,0.696380812435669,0.27343425006792504
24055.0,0.4891477555216487,0.37857834901498216,0.13227389546336907
23780.0,0.027433305103382436,0.4721978060694641,0.5003688888271535
24258.0,0.019241347242312645,0.6149484792126686,0.36581017354501877
24529.0,0.012577711759998306,0.49413435362383523,0.49328793461616655
23182.0,0.489147755521649,0.37857834901498205,0.132273895463369
23453.0,0.0063693545744028255,0.5916388090078604,0.40199183641773684
22971.0,0.4891477555017733,0.3785783490289422,0.1322738954692844
24469.0,0.49331188957237326,0.38609224694875605,0.1205958634788707
24728.0,0.0,0.010544902527734273,0.9894550974722657
24198.0,0.0,0.608439811537578,0.391560188462422
23712.0,0.6985790644972222,0.2540474422544081,0.047373493248369626
23987.0,0.0,0.07438745941388153,0.9256125405861185
23039.0,0.012577711759998306,0.49413435362383523,0.49328793461616655
23513.0,0.6985790644972222,0.2540474422544081,0.047373493248369626
23242.0,0.6245132832933518,0.3133350006259296,0.062151716080718594
24139.0,0.008056444256519817,0.8197197535190414,0.17222380222443887
24408.0,0.2563541146119127,0.5324257152255264,0.2112201701625609
24661.0,0.0,0.4799728433695668,0.5200271566304333
23934.0,0.4891477555216487,0.37857834901498216,0.13227389546336907
23661.0,0.006141526656125861,0.4777403593938849,0.5161181139499893
23047.0,0.22767990943607722,0.5383857687528656,0.23393432181105722
23316.0,0.019241347242312645,0.6149484792126686,0.36581017354501877
23377.0,0.2563541146119127,0.5324257152255264,0.2112201701625609
23106.0,0.0,0.05733799236067952,0.9426620076393204
23592.0,0.0,0.07438745941388153,0.9256125405861185
23867.0,0.0063693545744028255,0.5916388090078604,0.40199183641773684
24349.0,0.30979595434624424,0.47708751923493853,0.21311652641881731
24592.0,0.027433305103382436,0.4721978060694641,0.5003688888271535
24078.0,0.0,0.12309850630596988,0.8769014936940301
23183.0,0.4865916347251002,0.3867576564574193,0.12665070881748056
23452.0,0.005904629563060353,0.4702885299063045,0.5238068405306352
22970.0,0.0,0.12309850630596965,0.8769014936940303
24054.0,0.0029050575686715456,0.5487350525010666,0.448359889930262
23781.0,0.6858375780876734,0.2729325552836253,0.04122986662870123
24259.0,0.259694827499187,0.5187003154391561,0.22160485706165692
24528.0,0.3463516060103762,0.4332963050497707,0.22035208893985314
23038.0,0.01442320885771152,0.11197212974538015,0.8736046613969083
23512.0,0.4891477555216487,0.37857834901498216,0.13227389546336907
23243.0,0.2276798187315317,0.53838578970356,0.23393439156490828
24729.0,0.019241347242312645,0.6149484792126686,0.36581017354501877
24468.0,0.0,0.608439811537578,0.391560188462422
24199.0,0.2822619703240145,0.444632080970204,0.27310594870578153
