22958.0,5.597996110710256E-4,0.9994196591354514,2.0541253477564407E-5
23195.0,8.898586850528628E-4,0.9989348449196056,1.7529639534158913E-4
23432.0,1.573089344258682E-8,0.002628203574135189,0.9973717806949713
24279.0,0.048804877642695664,0.9391397961846252,0.012055326172679225
24516.0,3.6871068591723627E-4,0.6706637069611993,0.3289675823528833
24034.0,0.5793563094878108,0.41915945598266197,0.001484234529527265
23793.0,6.916123675463815E-4,0.5874611836475492,0.4118472039849044
23365.0,6.2858048557939195E-15,5.428270047219969E-6,0.9999945717299464
23126.0,0.9331961796489671,0.06677199142507247,3.1828925960500415E-5
24329.0,0.02040618009465923,0.9405682811071049,0.03902553879823587
24580.0,0.7756142670014297,0.22437090638745616,1.4826611114194024E-5
24090.0,0.006229233138708922,0.8840282914580355,0.10974247540325545
23612.0,0.988757501245061,0.011242471900412944,2.68545260284187E-8
23855.0,0.6503558003564219,0.3496415001116237,2.6995319545036024E-6
23058.0,0.83091656181092,0.1690568235878393,2.6614601240650707E-5
23297.0,6.502220232004347E-11,0.005612470168789106,0.9943875297661886
23915.0,0.1996144068653775,0.7993506367284869,0.0010349564061354478
23672.0,0.7003641371822773,0.2985917412068703,0.0010441216108524006
24158.0,0.004413559406888122,0.8622496949585664,0.1333367456345455
24640.0,0.37769632613959575,0.6222963058200882,7.368040316002412E-6
24397.0,1.0512938919985934E-8,0.001255137917103527,0.9987448515699575
23500.0,0.9987293965882929,0.0012706032291141234,1.8259306223286802E-10
23263.0,6.886651334179166E-9,0.0034515573506741603,0.9965484357626745
23018.0,1.1859936375805784E-24,2.5547754316287943E-10,0.9999999997445224
23733.0,0.8998805012034137,0.10001076315824088,1.0873563834544022E-4
23974.0,0.996829599652546,0.00317039850682986,1.8406239072423253E-9
24448.0,4.1788402088024415E-14,3.0790662649071586E-6,0.9999969209336932
24717.0,0.11574758563596516,0.839226714348384,0.04502570001565083
24211.0,1.2780569334595163E-10,0.004949664045048053,0.9950503358271462
24278.0,0.898714213513367,0.10124526387216841,4.0522614464534494E-5
24517.0,0.1864615794910582,0.804059176410511,0.009479244098430891
24035.0,0.9722424223460225,0.027757328278978248,2.493749991931301E-7
23792.0,0.47695672250472226,0.5230408063312537,2.4711640240472412E-6
22959.0,0.002571104613348233,0.6357875913379534,0.3616413040486985
23194.0,0.0018412586054317322,0.9980737102180277,8.503117654049317E-5
23433.0,0.5065584780775143,0.49342472897768047,1.6792944805151854E-5
24581.0,0.8532381017560464,0.14676157419503266,3.2404892081349467E-7
24328.0,0.0018902823090502848,0.9925847384967152,0.005524979194234576
24091.0,4.5899588577815264E-9,0.007822971032208335,0.9921770243778328
23613.0,0.16526175253519118,0.8346443200713299,9.392739347890637E-5
23854.0,0.958711096709565,0.04127929628842105,9.607002014067388E-6
23364.0,1.1796989373000122E-12,3.2696334272780896E-5,0.9999673036645476
23127.0,0.9897156311006646,0.010284348694071098,2.020526436183926E-8
23914.0,0.6790129770681624,0.3209868883250982,1.346067393955538E-7
23673.0,0.005303026633711529,0.9564967751638821,0.03820019820240637
24159.0,0.9736467604034611,0.026352689710383632,5.498861552422124E-7
24641.0,0.9521546806093224,0.0478449802540538,3.3913662378694007E-7
24396.0,0.5025706697928577,0.49675307196917495,6.762582379673426E-4
23059.0,0.007812637941614204,0.9920427500834822,1.4461197490354922E-4
23296.0,3.156932920522538E-7,0.011323544891795297,0.9886761394149126
23732.0,3.2289939054717725E-9,0.028973822447214297,0.9710261743237918
23975.0,0.3216881313015536,0.678295122476616,1.6746221830229545E-5
24449.0,1.1585196085006813E-12,2.6356988320947995E-4,0.999736430115632
24716.0,2.3405636436248833E-6,0.011583121548767328,0.988414537887589
24210.0,5.195626215207987E-13,4.648080458358578E-4,0.9995351919536447
23501.0,6.52311482284727E-7,0.016828167421315293,0.9831711802672023
23262.0,5.698962201426512E-13,3.310352938675128E-4,0.9996689647055627
23019.0,0.9880732389503807,0.011926759442886972,1.6067324298265447E-9
22956.0,0.2734115842599803,0.7265859077340316,2.508005988116964E-6
23434.0,4.06256533098087E-12,1.4223419763692466E-4,0.9998577657983005
23193.0,1.6455570929927393E-5,0.9984120463791704,0.0015714980498997564
24518.0,3.0920353949350555E-18,1.4428279736598933E-7,0.9999998557172027
24277.0,0.0022933094013065916,0.6483904697852326,0.34931622081346086
23795.0,8.229617377066719E-8,0.009167524693372559,0.9908323930104537
24032.0,1.9782812081596767E-9,0.008201847576340716,0.9917981504453781
23124.0,0.5261425184699018,0.4717143009995316,0.002143180530566551
23367.0,1.341768520381917E-4,0.827666874729239,0.17219894841872282
24088.0,1.891961987645802E-5,0.9969081756594903,0.003072904720633321
24331.0,0.9990080010149345,9.919988581965176E-4,1.2686916784024548E-10
24582.0,2.0562445881977852E-10,1.536099575378346E-4,0.9998463898368378
23853.0,8.840953766436689E-5,0.9997168142144738,1.9477624786180695E-4
23614.0,2.77468451848155E-20,1.9712609635515154E-7,0.9999998028739037
23299.0,0.0015289888544340617,0.9945652286360565,0.003905782509509483
23056.0,0.4187968680435814,0.5810515466365537,1.5158531986494294E-4
23674.0,0.01883896844007738,0.718006535632791,0.2631544959271315
23913.0,0.0029783979439670107,0.6422184356482522,0.35480316640778076
24399.0,1.4612637265169446E-18,1.781544769825214E-8,0.9999999821845523
24642.0,0.9896877879742026,0.010312202997310359,9.028487021697584E-9
24156.0,2.724425989712909E-27,8.191595646240367E-11,0.999999999918084
23261.0,1.107629073357979E-8,0.00614575491339994,0.9938542340103095
23502.0,0.9931013388050897,0.00689865966591468,1.5289955377492715E-9
23016.0,0.8484984508128163,0.15091050867792893,5.910405092546091E-4
23972.0,4.931184980329312E-11,1.841900809389077E-4,0.9998158098697494
23735.0,0.9855328689445269,0.014467116321775712,1.4733697545683707E-8
24209.0,0.03619717909548575,0.9585167532228653,0.005286067681648842
24719.0,0.18060807488838887,0.8193842467732054,7.678338405699774E-6
24450.0,0.9286298598724106,0.07136972440896802,4.157186211918418E-7
24519.0,3.4626510508997673E-7,0.08591352251752753,0.9140861312173675
24276.0,1.4570818318898933E-18,1.8683868598566752E-6,0.9999981316131402
23794.0,2.085863099329495E-15,1.1321673931492938E-5,0.9999886783260664
24033.0,0.06234600901845007,0.9222386473846033,0.015415343596946605
22957.0,0.09416391844508601,0.8947537543222196,0.01108232723269449
23435.0,0.8273521481848034,0.17254110645616755,1.067453590290463E-4
23192.0,0.9911906227715774,0.008809241214760044,1.3601366261782235E-7
24089.0,0.9286487974335058,0.07134969371727383,1.5088492203546435E-6
24583.0,0.9919837645119477,0.00801621821821908,1.7269833201113215E-8
24330.0,0.9817256535631919,0.018274319162059356,2.7274748821917395E-8
23852.0,0.34222041384515506,0.6577657269572421,1.385919760274232E-5
23615.0,0.13685978446653144,0.8564935114751029,0.006646704058365594
23125.0,0.9715004599686938,0.028499534729108034,5.302198064968078E-9
23366.0,7.508728083073202E-14,1.0231339149036189E-5,0.9999897686607759
23675.0,4.230497935240747E-7,0.0212484137940233,0.9787511631561832
23912.0,0.9359431290397676,0.0639929217894166,6.394917081571453E-5
24643.0,5.047890243610811E-8,0.008071201435330647,0.991928748085767
24398.0,0.001598715110809051,0.9958715880870854,0.002529696802105314
24157.0,0.05126985903188557,0.9486365257947227,9.361517339159137E-5
23298.0,0.9990979131993722,9.02086627015244E-4,1.7361251362375155E-10
23057.0,1.3692710164042214E-4,0.9618545985116946,0.038008474386664895
23973.0,0.9853872129758552,0.014612363515219476,4.235089251781781E-7
23734.0,0.09150759476595711,0.9084128612815124,7.954395253028335E-5
24208.0,0.9971303285856226,0.002869669839758459,1.5746190322551155E-9
24451.0,5.50578957350324E-15,2.7205278738933185E-5,0.9999727947212556
24718.0,2.507386153567063E-9,9.341985107379504E-4,0.9990657989818759
23260.0,0.015008954165068172,0.9797590028380625,0.005232042996869271
23503.0,0.03731730237054631,0.7147700389725824,0.24791265865687134
23017.0,0.0014240131097767957,0.21545095506917528,0.783125031821048
23361.0,0.003987539160984263,0.7077450105667548,0.288267450272261
23122.0,9.146170404369005E-4,0.8057586204911935,0.19332676246836955
23608.0,0.27878958449484703,0.7129707002421407,0.008239715263012322
23851.0,2.6490778876202174E-23,7.099601768428032E-10,0.9999999992900399
24576.0,0.39727421402751384,0.6008086729341569,0.0019171130383293337
24333.0,1.507893959391695E-12,0.0014489998983648323,0.9985510001001273
24094.0,2.156468074119726E-5,0.0476439279017564,0.9523345074175024
23199.0,0.027999122559815213,0.8834251605284376,0.08857571691174711
23436.0,4.1225481482226775E-5,0.8981904703107385,0.10176830420777913
22954.0,0.04548810790009076,0.9319685895120045,0.022543302587904792
24038.0,0.20855442434264954,0.7907324895221509,7.130861351995013E-4
23797.0,0.9962864206762804,0.003713578494406159,8.293134658849496E-10
24275.0,9.376002070322736E-24,1.1359443205585766E-9,0.9999999988640558
24512.0,0.005884969409722253,0.9913379621538507,0.0027770684364270245
23022.0,3.028922724469332E-4,0.9994656447410892,2.314629864640496E-4
23496.0,2.668023236178143E-4,0.39200900111364884,0.6077241965627334
23259.0,6.521173513661485E-12,8.414283399902237E-5,0.99991585715948
24452.0,0.9964638762682911,0.0035361203309863696,3.400722441171685E-9
24713.0,0.14508419654929783,0.8373407811611024,0.017575022289599788
24215.0,0.5809012173531231,0.4185572043211638,5.415783257130824E-4
23729.0,7.447731323142623E-6,0.6276496433886677,0.37234290888000904
23970.0,0.9267443960805205,0.07325553266209738,7.125738200273852E-8
23062.0,2.7955158534979482E-5,0.8789700580273002,0.12100198681416474
23301.0,0.994983557061934,0.005016436565945759,6.372120213008903E-9
24154.0,7.073670264278188E-4,0.7185896188169244,0.2807030141566478
24644.0,1.136210010211235E-6,0.6063393412367799,0.3936595225532099
24393.0,0.2948336852371468,0.6970726090438477,0.008093705719005532
23919.0,1.0847151587152097E-15,8.262232511918424E-6,0.9999917377674871
23676.0,0.9426938064674077,0.05728273337248723,2.3460160105075423E-5
23609.0,5.444340476366807E-4,0.9825890587979151,0.01686650715444827
23850.0,0.917400919956429,0.08259562693859884,3.453104972176642E-6
24577.0,0.03452366155295029,0.9194504888020195,0.046025849645030203
24332.0,3.3986621940876404E-15,5.985512226194619E-5,0.9999401448777346
24095.0,1.6769581739070508E-18,7.059824343762295E-7,0.9999992940175656
23360.0,2.4021514939372597E-8,0.0032961714055372644,0.9967038045729479
23123.0,5.034828420338549E-6,0.24089691229896004,0.7590980528726196
24039.0,0.29525901692662243,0.7043296071195625,4.113759538150311E-4
23796.0,5.0533845594140463E-14,1.2943926354554999E-4,0.9998705607364039
24274.0,4.916307421293507E-10,0.0024314626513209426,0.9975685368570483
24513.0,1.8955307273051784E-9,0.004411318640853164,0.9955886794636161
23198.0,0.26585659314227655,0.7341342281550715,9.178702652103979E-6
23437.0,1.599293054335662E-5,0.9685830143288262,0.03140099274063041
22955.0,6.409763451462821E-6,0.8146022430971661,0.18539134713938238
24712.0,0.6935250955456056,0.3064546260768538,2.02783775406891E-5
24453.0,0.9991580032584173,8.419966618113068E-4,7.977124639760292E-11
24214.0,0.8915121711232599,0.10848737281730457,4.560594355306312E-7
23728.0,1.1709663227751517E-6,0.15226778967889754,0.8477310393547797
23971.0,0.04971575864221422,0.9502324251018425,5.1816255943310504E-5
23023.0,1.1350347339657509E-5,0.6082959197623579,0.3916927298903025
23497.0,0.01039133197156367,0.5959354759383284,0.39367319209010787
23258.0,1.856526174210954E-14,6.454756579376059E-6,0.999993545243402
24155.0,0.005901453260858207,0.9937027687329345,3.957780062073283E-4
24645.0,0.9759912704340317,0.02400864531177335,8.425419487211137E-8
24392.0,0.6852272403391751,0.3147707656445871,1.9940162377581006E-6
23918.0,0.5188246948880955,0.4811468159511898,2.8489160714829504E-5
23677.0,2.2844569168545618E-17,3.350338176946984E-6,0.9999966496618231
23063.0,0.9977292544543537,0.0022707413953914003,4.150254857106948E-9
23300.0,0.9527324480030661,0.047267528796686074,2.3200247789332234E-8
23120.0,2.2707192940329387E-9,0.2074948403470693,0.7925051573822115
23363.0,0.8518813746738845,0.14811482106101206,3.8042651034169764E-6
23849.0,4.332998823209178E-6,0.10447774746723373,0.8955179195339431
23610.0,0.0045806832206701596,0.9907030812755018,0.004716235503828078
24092.0,0.07651247849153935,0.8871012967101509,0.036386224798309615
24578.0,6.080743841304985E-22,1.1832883719297784E-9,0.9999999988167116
24335.0,4.29484651418466E-10,0.00585649847936299,0.9941435010911525
23438.0,8.55983052253497E-15,7.746123596587801E-7,0.9999992253876319
23197.0,4.222724366681714E-16,4.994427020707827E-6,0.9999950055729788
22952.0,0.08549022102601651,0.9055026815908779,0.00900709738310558
23799.0,1.7400357925490691E-9,0.04172208046199501,0.9582779177979692
24036.0,6.953257438338773E-7,0.47441014477739296,0.5255891598968632
24514.0,1.1876535833002731E-6,0.10092392931597718,0.8990748830304396
24273.0,0.6683200836662891,0.33051764228922875,0.001162274044482138
23020.0,7.211853992275846E-10,0.0018717341854174133,0.9981282650933971
23257.0,0.9802023048787301,0.01979762017852289,7.494274693103931E-8
23498.0,0.8045227486535069,0.19472004494394007,7.572064025531071E-4
24213.0,0.14690277890313602,0.8527139154186145,3.833056782495077E-4
24454.0,0.24343332732262865,0.7565548566535405,1.181602383087066E-5
24715.0,4.626173081260033E-4,0.8988951578391169,0.10064222485275709
23968.0,4.521635250505906E-6,0.9525886688083337,0.047406809556415776
23731.0,4.0104750417937954E-16,6.7509786185391555E-6,0.999993249021381
23303.0,2.524568520359297E-10,8.811707702396094E-4,0.9991188289773036
23060.0,3.548413075953768E-7,0.01108178275731773,0.9889178624013746
24395.0,0.9791971036058682,0.02080287747226323,1.8921868485066794E-8
24646.0,0.8690106690579877,0.13098893861579083,3.9232622138208266E-7
24152.0,3.788517471346073E-10,0.004108649860895245,0.9958913497602531
23678.0,0.8397015220176823,0.1602591903297972,3.9287652520472414E-5
23917.0,0.2356006532875816,0.7643292491874218,7.009752499655972E-5
23848.0,0.0013162961452968215,0.9973689224141132,0.0013147814405899602
23611.0,0.0197999298369326,0.9337845678282203,0.046415502334847224
24093.0,0.013583621549696544,0.984925685692746,0.001490692757557661
24334.0,2.6491594070669716E-5,0.4408898641212587,0.5590836442846706
24579.0,1.3642182873922694E-4,0.7044684926472198,0.29539508552404087
23121.0,4.0345618776703823E-7,0.03965030023551756,0.9603492963082947
23362.0,0.7023111954206989,0.2976617090000887,2.7095579212460147E-5
23798.0,1.903646562188219E-5,0.3229065212311121,0.6770744423032661
24037.0,0.03867746995002775,0.9435297061875717,0.01779282386240057
24515.0,0.5164568804760444,0.482026256765405,0.0015168627585505751
24272.0,0.4603567131936965,0.5387618223488666,8.814644574370204E-4
23439.0,0.8212946681418298,0.17861878411730306,8.65477408670142E-5
23196.0,1.4784213833410577E-15,4.4702530400375787E-7,0.9999995529746946
22953.0,0.9920760159838191,0.007923976113647924,7.902532950381225E-9
24212.0,0.01962402007877149,0.9803633560359752,1.2623885253415761E-5
24714.0,2.0733234217413498E-6,0.4709970473096661,0.5290008793669122
24455.0,1.484785859042278E-6,0.05184572702950336,0.9481527881846377
23969.0,0.0023397300593389968,0.6446707570635711,0.3529895128770899
23730.0,0.9899503271799298,0.01004954964322066,1.2317684965880084E-7
23021.0,0.2470237969986236,0.7529717033043146,4.4996970617309044E-6
23256.0,1.9211415906194264E-9,0.01092182086903425,0.989078177209824
23499.0,2.0614291766737322E-4,0.15228955064788363,0.8475043064344491
24647.0,4.4076845971479365E-12,2.4789654910668884E-5,0.9999752103406816
24394.0,0.879602231219706,0.12039454381949002,3.2249608038327717E-6
24153.0,0.1448425600195732,0.8551334308757857,2.4009104641170352E-5
23679.0,6.465465936872734E-12,8.838380717298608E-5,0.9999116161863615
23916.0,3.177058783555319E-21,1.152912454782499E-9,0.9999999988470876
23302.0,0.6284347764055933,0.3703308012164935,0.0012344223779132103
23061.0,8.678794339453233E-4,0.9771537841093122,0.021978336456742444
23907.0,0.6683634477483749,0.3316094220171912,2.7130234433932153E-5
23664.0,0.0038798319026254586,0.9104991980637025,0.08562097003367208
24150.0,9.487364184911234E-5,0.033934708408587554,0.9659704179495634
24648.0,0.23351091799376267,0.7664757109112714,1.3371094965967544E-5
24389.0,0.0010960870224241835,0.6034113553664721,0.39549255761110386
23066.0,0.9519695639831696,0.048023505410323436,6.930606506999998E-6
23305.0,1.1037886909413639E-13,2.126299782221389E-5,0.9999787370020673
23741.0,0.7199546756354342,0.2797727477470744,2.725766174913628E-4
23982.0,3.6964053666835907E-10,2.406928374075187E-4,0.9997593067929519
24456.0,0.9129622018600558,0.08703632863056829,1.4695093758187718E-6
24709.0,0.025431828463257134,0.8034105932447067,0.1711575782920363
24219.0,0.002339550016720475,0.9975994175228126,6.10324604668313E-5
23492.0,0.7349256305525079,0.264623446723907,4.509227235850437E-4
23255.0,3.059033185651263E-4,0.9758608082861732,0.023833288395261647
23010.0,0.06973447909916212,0.9300131615473243,2.523593535135817E-4
24287.0,1.6317323299177058E-9,0.041679017492244605,0.958320980876023
24524.0,0.618609996696032,0.38138969913521076,3.041687572312273E-7
24042.0,0.008678756186179953,0.9912780372293436,4.320658447634656E-5
23801.0,3.723207097988365E-4,0.9975221311953293,0.0021055480948718305
23187.0,2.8889679224898665E-4,0.5815890000086097,0.41812210319914134
23424.0,0.9935540102470263,0.006445975049715297,1.4703258668757839E-8
24321.0,1.1174596788258247E-8,0.00909334098641218,0.9909066478389911
24588.0,0.07022146358189657,0.9264493270710848,0.0033292093470185407
24082.0,0.4156317993904088,0.5839248396679191,4.433609416720769E-4
23604.0,0.44981882603075435,0.5501646579274379,1.6516041807795828E-5
23847.0,0.9990979131993722,9.02086627015244E-4,1.7361251362375155E-10
23373.0,0.559189384657104,0.4398730490753149,9.3756626758122E-4
23134.0,2.7392179068067304E-9,0.8355141564021243,0.16448584085865792
23067.0,0.9160699769834598,0.0839279846691296,2.0383474105401295E-6
23304.0,0.20316174880830187,0.7955428375110153,0.0012954136806829948
23906.0,0.9464238939529562,0.05357282826874473,3.27777829908109E-6
23665.0,0.09346253936174083,0.8701487211056138,0.0363887395326453
24151.0,0.8926405714903005,0.10735939650362208,3.20060773647439E-8
24388.0,0.10754926944435518,0.8924248126772323,2.591787841269307E-5
24649.0,1.6783232056752764E-6,0.03534952930849255,0.9646487923683017
23493.0,0.9385603825572997,0.06143007765163318,9.539791067081693E-6
23254.0,3.48559751242628E-6,0.02190863241712815,0.9780878819853593
23011.0,0.9845619669992944,0.015438027649341077,5.351364614005794E-9
23740.0,0.726376759207229,0.2736230362060864,2.0458668461212837E-7
23983.0,0.005581292405424453,0.9943788773386385,3.983025593696629E-5
24708.0,1.4286696787461743E-9,5.10134084938395E-4,0.999489864486392
24457.0,0.003327699170824636,0.9950534348440845,0.001618865985090889
24218.0,8.775174333183302E-16,2.906396971377042E-6,0.9999970936030277
23186.0,0.7377656984017338,0.2622325064102466,1.7951880197718489E-6
23425.0,0.0017056762220460304,0.9980807508765754,2.1357290137845975E-4
24286.0,0.014844576623224385,0.8957340096129124,0.08942141376386316
24525.0,2.056751898158481E-6,0.034400710174621194,0.9655972330734807
24043.0,0.44340819084223787,0.5523661990500687,0.00422561010769344
23800.0,0.9948246860093164,0.005175278721291672,3.526939198656918E-8
23372.0,0.06627237096663867,0.920393861237516,0.01333376779584539
23135.0,2.088260246205582E-5,0.9862207858298176,0.013758331567720302
24320.0,0.2747497962967418,0.7205783775053873,0.004671826197870975
24589.0,8.0286667638873275E-22,2.2623437352955516E-8,0.9999999773765628
24083.0,8.400633604553802E-9,0.0011180751663298191,0.9988819164330366
23605.0,1.0814941564385455E-6,0.16860187188748582,0.8313970466183578
23846.0,0.15697375015451953,0.8416436974160284,0.0013825524294521576
23666.0,0.9932275403405804,0.006772453657674162,6.0017454987128066E-9
23905.0,9.881075905783065E-17,1.0689227734559131E-6,0.9999989310772266
24650.0,8.18256055898975E-11,0.0014245908325536947,0.9985754090856208
24391.0,0.06333088387063106,0.9366407029091174,2.841322025161285E-5
24148.0,2.8239490040183034E-10,0.009641927569513169,0.9903580721480919
23307.0,0.9444512324696793,0.05554627606264444,2.491467676170595E-6
23064.0,0.0030923613407559977,0.750115380481629,0.24679225817761513
23980.0,0.9537877509832684,0.04621215730047866,9.171625304441763E-8
23743.0,0.4708966111302726,0.5240369113991948,0.005066477470532583
24217.0,3.3410215697367324E-20,8.52565510029789E-9,0.999999991474345
24711.0,0.9988435697000273,0.0011564302118468354,8.812593838201363E-11
24458.0,0.007964799369655788,0.8797248368812369,0.11231036374910734
23253.0,2.2050846718876312E-15,7.473272162757767E-5,0.9999252672783702
23494.0,0.6844544175527749,0.31545588875912545,8.969368809965971E-5
23008.0,1.444025463601565E-7,0.007811821154919786,0.9921880344425339
24526.0,1.7600748046504084E-5,0.6821373187431895,0.317845080508764
24285.0,7.622445454628499E-25,1.740540576757722E-9,0.9999999982594594
23803.0,2.8005963256332886E-12,4.948091285615296E-5,0.9999505190843433
24040.0,7.729262715499527E-10,7.583283657720036E-4,0.9992416708613018
23426.0,0.5026449026794337,0.49735440387036994,6.93450196408538E-7
23185.0,2.925718375383079E-19,4.894026933266611E-7,0.9999995105973066
24080.0,0.011608705712468213,0.9880894767148863,3.0181757264562055E-4
24323.0,0.297023072074351,0.7029736503455712,3.2775800778654883E-6
24590.0,0.3103712439884745,0.6896246693513939,4.086660131641563E-6
23845.0,0.9851615575165666,0.014838328850861239,1.1363257218640351E-7
23606.0,0.9990080010149345,9.919988581965176E-4,1.2686916784024548E-10
23132.0,0.022496783682387406,0.9395963066494576,0.037906909668155006
23375.0,3.186706058888892E-8,0.003278926862311365,0.9967210412706281
23306.0,0.08026671088798877,0.9156506942590513,0.004082594852959813
23065.0,9.015251925373589E-14,2.8210335975377452E-5,0.9999717896639345
23667.0,0.9885172390904459,0.011482732624481396,2.828507284717421E-8
23904.0,0.0024045915614074854,0.9765073935718988,0.02108801486669387
24390.0,0.0029993076331530206,0.9265664055139082,0.07043428685293864
24651.0,1.0957326552059932E-12,6.313604798563335E-4,0.999368639519048
24149.0,0.05515574013211105,0.943495674143315,0.0013485857245739078
23252.0,0.009809589912531502,0.981593029240125,0.00859738084734345
23495.0,0.04411953161751168,0.948805649002634,0.007074819379854266
23009.0,0.9931832287290223,0.006816767956825434,3.3141523851077394E-9
23981.0,5.7342328484570844E-8,0.006484095276391271,0.9935158473812803
23742.0,0.02995434455959727,0.9698067521209971,2.389033194057357E-4
24216.0,2.3703386197864625E-6,0.760043869539232,0.2399537601221484
24459.0,0.7520401878791109,0.24795888866695315,9.234539357846672E-7
24710.0,4.3405491925616376E-17,2.9388622513792546E-7,0.9999997061137749
23427.0,6.915265630992062E-20,1.1731703677165005E-9,0.9999999988268296
23184.0,0.016570021260676426,0.7146714474780351,0.2687585312612885
24527.0,0.7211947726683009,0.2783615072963132,4.437200353859446E-4
24284.0,2.264366815617547E-9,0.3231718560374265,0.6768281416982067
23802.0,2.7560613725058417E-9,0.004870092741974979,0.9951299045019637
24041.0,0.052043253891942295,0.9239892072234385,0.023967538884619444
23133.0,0.03208796268095539,0.9676206505399779,2.9138677906667465E-4
23374.0,0.8768484464168443,0.12310769124488119,4.3862338274493995E-5
24081.0,0.12072348908342642,0.8774706921822045,0.001805818734369107
24591.0,2.939664076108601E-4,0.9372766351045104,0.06242939848787872
24322.0,0.9829732078534438,0.01702673382783802,5.8318718227526414E-8
23844.0,0.3951720281533483,0.6048259404512298,2.031395421921695E-6
23607.0,0.007368208221914955,0.9253165485221582,0.06731524325592692
24705.0,4.498380097516849E-23,1.3204019757151157E-10,0.9999999998679598
24460.0,0.3488302247562541,0.6511477569766154,2.2018267130537313E-5
24223.0,2.6517389205552363E-5,0.21498119768656715,0.7849922849242272
23737.0,0.08694997357589232,0.9128066997475146,2.4332667659298323E-4
23978.0,0.7743341616856666,0.22565858701890493,7.251295428428247E-6
23014.0,0.6505479440706261,0.3494498383458356,2.217583538228008E-6
23488.0,2.988421244108412E-16,4.265064998665911E-6,0.9999957349350012
23251.0,2.144790840318924E-6,0.039284218131339206,0.9607136370778205
24146.0,0.9401517993971321,0.05982643079758278,2.1769805285263786E-5
24652.0,6.594232132465097E-8,0.8391735812742799,0.1608263527833987
24385.0,0.4393795421229819,0.5606148961758278,5.561701190215323E-6
23911.0,2.2631900422416347E-9,5.817665854121206E-4,0.9994182311513979
23668.0,0.9909894314689858,0.009010552744297665,1.578671643876552E-8
23070.0,5.244173481864767E-4,0.8433614712903164,0.1561141113614972
23309.0,7.242107597669021E-5,0.7780086150797985,0.22191896384422477
23600.0,4.990556262989918E-11,1.95668436134151E-4,0.9998043315139603
23843.0,0.9950969407795364,0.004903056433791908,2.786671900394819E-9
24325.0,0.7730816814920353,0.2269146415968654,3.6769110992918075E-6
24584.0,0.9950308180732299,0.004969176963210405,4.963559836396485E-9
24086.0,1.8984401276754978E-8,0.005420436648879519,0.9945795443667191
23369.0,0.03686540016843085,0.9066409336219912,0.056493666209578006
23130.0,0.6052922431277707,0.39470753695282107,2.1991940810590987E-7
24046.0,0.13216000598378705,0.8620150316036319,0.005824962412580953
23805.0,0.16560744520404547,0.8343646513559926,2.7903439961780265E-5
24283.0,0.6662584861599433,0.3337307959936627,1.0717846394147707E-5
24520.0,0.8428954003749686,0.15707412301384963,3.0476611181743515E-5
23191.0,0.025320358102565,0.9719976647841337,0.0026819771133010863
23428.0,0.8718524598195609,0.12814685749050328,6.826899357899618E-7
23015.0,0.006922294290814449,0.7867997916895307,0.20627791401965476
23489.0,0.9738860005499079,0.026113894748671977,1.0470142000294926E-7
23250.0,2.4880812205897375E-7,0.07577272670212973,0.9242270244897481
24704.0,1.3967641982642318E-16,3.402763861794572E-5,0.9999659723613818
24461.0,1.4885429961249323E-8,0.08374373868255795,0.9162562464320121
24222.0,4.25014556683641E-12,5.5706300456871864E-5,0.999944293695293
23736.0,1.9999713438126567E-16,1.1063784652653221E-5,0.999988936215347
23979.0,0.48703756180930047,0.5124787573427166,4.8368084798296066E-4
23071.0,0.9886267494589848,0.011373236309271362,1.4231743818585962E-8
23308.0,0.05771050363837409,0.942264412047529,2.5084314096907987E-5
24147.0,1.610377264266904E-14,7.85143159954724E-6,0.9999921485683844
24653.0,1.7935877229791483E-6,0.06909528056175526,0.9309029258505217
24384.0,0.010604676030592635,0.9890887929165881,3.0653105281925236E-4
23910.0,2.1691612551113793E-13,3.5703386458702815E-5,0.9999642966133243
23669.0,0.9882904550346301,0.011709540478860315,4.486509735659898E-9
23368.0,4.065523096756048E-8,0.015671026908318227,0.9843289324364509
23131.0,3.6555490587324036E-14,2.1412411414811237E-5,0.9999785875885487
23601.0,0.10341611946019523,0.8839969783312783,0.012586902208526445
23842.0,1.5066438126859323E-4,0.34201738777335644,0.657831947845375
24324.0,0.0018722925392050253,0.8357308312560441,0.162396876204751
24585.0,8.158943829821697E-6,0.024414904477008514,0.9755769365791618
24087.0,1.030287480099788E-9,5.883670261021289E-4,0.9994116319436104
23190.0,0.988603809098445,0.011396144027071576,4.687448331800904E-8
23429.0,0.4011801911146807,0.5988187027991695,1.1060861498266486E-6
24047.0,8.641016280145925E-5,0.9996541574701027,2.594323670959768E-4
23804.0,2.383282784178295E-9,5.059111229640858E-4,0.999494086493753
24282.0,1.590011448766511E-10,9.089111901285168E-5,0.999909108721986
24521.0,0.8201832762853868,0.17969509249139703,1.2163122321630204E-4
24221.0,1.0255955130228351E-12,3.849652756251072E-5,0.9999615034714119
24462.0,8.997734502505714E-15,5.650807139446329E-6,0.9999943491928516
24707.0,0.06655816956243713,0.9330362332726616,4.0559716490112146E-4
23976.0,8.935748043821316E-7,0.006086421861421419,0.9939126845637741
23739.0,0.02477236949244969,0.8300754044732465,0.14515222603430392
23012.0,0.9168133184478832,0.08317392104358064,1.2760508536193146E-5
23249.0,0.8560557879376868,0.14394260055082228,1.6115114909092127E-6
23490.0,5.786981698980894E-11,6.737202457468414E-4,0.9993262796963833
24387.0,0.004359902486584577,0.995503073472734,1.3702404068126047E-4
24654.0,3.4747181912909202E-25,3.0041230106889024E-10,0.9999999996995876
24144.0,0.935637030224347,0.06436180828795707,1.1614876959175253E-6
23670.0,0.9981973189070847,0.0018026807358408501,3.5707432335033413E-10
23909.0,0.8923004676706567,0.1076993591882056,1.7314113760700183E-7
23311.0,8.645644985441622E-5,0.500786236760225,0.49912730678992057
23068.0,8.995729920229875E-9,0.006132806650397764,0.9938671843538723
23841.0,8.880142273100769E-4,0.9983006204004546,8.113653722351816E-4
23602.0,0.22099498279664787,0.7784758313342459,5.29185869106213E-4
24084.0,0.001653678085366142,0.7210781707247,0.27726815118993386
24327.0,1.6538176457117176E-12,4.6510414631900856E-5,0.9999534895837142
24586.0,0.9418848441488407,0.05811266850972148,2.4873414379278223E-6
23128.0,0.19829507349035908,0.7995750546569137,0.0021298718527273546
23371.0,0.009438705133715777,0.8054045513017578,0.18515674356452655
23807.0,5.419564820913301E-7,0.11609034277480558,0.8839091152687124
24044.0,2.708461533049869E-4,0.9032385103013965,0.09649064354529857
24522.0,0.4397511550312335,0.5600438237297464,2.0502123902000277E-4
24281.0,5.04598448060404E-10,0.0124941582952055,0.9875058412001959
23430.0,0.01681236584204383,0.9809080468730939,0.0022795872848623273
23189.0,0.13679345403890433,0.8631478592747801,5.8686686315320276E-5
23013.0,4.147600379442315E-8,0.05485458413976251,0.9451453743842337
23248.0,0.013822429220861585,0.98616977439981,7.796379328379647E-6
23491.0,0.19786683847645045,0.7906945846557203,0.011438576867829205
24220.0,0.9827833161592094,0.017216520801817646,1.6303897282571322E-7
24706.0,0.7754575129401661,0.22430285503965328,2.3963202018063487E-4
24463.0,0.9988435697000273,0.0011564302118468354,8.812593838201363E-11
23977.0,0.8530665373104661,0.14686033071299018,7.31319765436947E-5
23738.0,0.04940168717000814,0.9479003797013104,0.0026979331286814644
23310.0,1.1144726314211757E-6,0.25056381216422574,0.7494350733631429
23069.0,1.5764192514239127E-4,0.8196381582790188,0.1802041997958388
24386.0,0.0015126999948903543,0.749182312710741,0.24930498729436856
24655.0,0.044104228968695834,0.9558833840293046,1.2387001999609503E-5
24145.0,0.9943453999181368,0.005654593738788425,6.3430747193204716E-9
23671.0,1.793946804909593E-17,6.622284770646256E-6,0.9999933777152292
23908.0,1.546149732920882E-15,6.723375106327759E-7,0.9999993276624879
23129.0,8.640960789655296E-6,0.9878979050097658,0.012093454029444544
23370.0,0.918228069109678,0.08176336984899449,8.561041327432414E-6
23840.0,0.001836544893712752,0.9715970981539389,0.026566356952348196
23603.0,0.1943212527381088,0.8053224521773684,3.562950845228342E-4
24085.0,9.436040677167238E-13,9.280242842964149E-5,0.9999071975706268
24587.0,1.6385714917611977E-10,0.0031180527192699015,0.9968819471168731
24326.0,0.06807224798030219,0.9220011141702317,0.009926637849466142
23431.0,4.063195797975264E-4,0.9995327909432719,6.088947693052514E-5
23188.0,6.196825240834568E-14,2.7563344379745268E-5,0.9999724366555582
23806.0,1.0541039066448612E-4,0.6709940105914732,0.32890057901786224
24045.0,0.2099516136108681,0.7861367166932921,0.00391166969583977
24523.0,0.16402229720049274,0.8344797818349801,0.001497920964527155
24280.0,0.005610641918395697,0.9916761580482897,0.0027132000333146603
24262.0,1.6822596676485897E-14,4.878319141081596E-6,0.999995121680842
24533.0,1.5079948127329739E-5,0.5979819824905466,0.4020029375613261
24051.0,9.237489824060493E-14,7.432504198810305E-5,0.9999256749579195
23776.0,1.4912791166035433E-10,1.4094946841890124E-4,0.9998590503824532
22975.0,0.1566511160699,0.8432063983319686,1.4248559813142484E-4
23178.0,0.0011522656755494109,0.993337322228011,0.005510412096439503
23449.0,0.07417855587963201,0.9111982142153822,0.014623229904986018
24344.0,1.9827611374752937E-6,0.23898303790818043,0.7610149793306821
24597.0,0.2720073961939218,0.7277676259440706,2.2497786200757625E-4
24075.0,2.1025828244208197E-7,0.02509331053136022,0.9749064792103573
23597.0,1.278671322712909E-9,0.0019597088575594133,0.9980402898637694
23870.0,7.880223466419012E-6,0.17635556116285203,0.8236365586136815
23380.0,1.2882482839574017E-5,0.1418875481380121,0.8580995693791482
23111.0,9.324684300230293E-4,0.972472816318527,0.026594715251450098
23930.0,0.9988435697000273,0.0011564302118468354,8.812593838201363E-11
23657.0,8.938530456695276E-21,1.3565861304510501E-9,0.9999999986434138
24143.0,0.04810485139437848,0.951889336964456,5.811641165689974E-6
24657.0,0.992599106509921,0.00740087879781435,1.4692264744928775E-8
24412.0,0.2788542679787835,0.72060488453467,5.408474865466034E-4
23043.0,0.23637943584794358,0.7554010983754988,0.008219465776557544
23312.0,0.280179203815552,0.719418642669619,4.0215351482908814E-4
23716.0,0.9938484327543441,0.006151506623051041,6.062260486254194E-8
23991.0,0.9943010185634192,0.005698974415294222,7.021286449138601E-9
24465.0,0.9712279643813311,0.02877174607013342,2.895485355450732E-7
24732.0,0.2325105024966533,0.7674792114508258,1.0286052520836453E-5
24194.0,0.857916154194757,0.14208223920617236,1.6065990706304327E-6
23517.0,0.22479173617972814,0.7751998190323239,8.444787947905857E-6
23246.0,0.9990894732393031,9.105266897710238E-4,7.092581820713126E-11
23035.0,0.001718622419095964,0.27655772797976125,0.7217236496011429
22974.0,0.055106920385934115,0.9414542465482736,0.003438833065792236
23179.0,0.013382769287522191,0.9721055670230928,0.014511663689384882
23448.0,0.020112030027946814,0.9798777836318501,1.0186340203217492E-5
24263.0,0.9791069670509179,0.020893021694624647,1.1254457515242424E-8
24532.0,4.087684822857883E-6,0.10387120186936108,0.8961247104458161
24050.0,0.9836177718453576,0.016382178184542108,4.997010033537576E-8
23777.0,1.343564738952939E-6,0.20763391641388915,0.7923647400213719
23381.0,0.9991173489508526,8.826509353075974E-4,1.1383979983045333E-10
23110.0,1.7128097193371282E-4,0.9997877105187225,4.1008509343705604E-5
24345.0,1.339478895639125E-7,0.011864853965926944,0.9881350120861836
24596.0,1.6129300317959205E-7,0.0017974032578302829,0.9982024354491666
24074.0,0.9345794630429597,0.06542035050631674,1.8645072352795985E-7
23596.0,3.6543522589656094E-22,1.2284798761108445E-8,0.9999999877152012
23871.0,5.665995992514437E-5,0.47409718511738463,0.5258461549226902
23042.0,1.458141126426094E-19,1.4450308644245307E-6,0.9999985549691355
23313.0,4.915521760764717E-6,0.007039979273823912,0.9929551052044154
23931.0,0.2210822503745674,0.7753030129056778,0.003614736719754673
23656.0,3.350661260454726E-5,0.11977600845374986,0.8801904849336456
24142.0,0.08164504849129245,0.7858854508062227,0.1324695007024848
24413.0,9.711954426527224E-7,0.01539923271564437,0.984599796088913
24656.0,0.01833813607885308,0.98154344509867,1.1841882247692666E-4
23516.0,0.0035202575322179574,0.671742350308594,0.32473739215918807
23247.0,0.9992042191938352,7.957807159335236E-4,9.02311602499976E-11
23034.0,0.056936162587410744,0.9201644880151174,0.022899349397471847
23717.0,4.037012239497747E-6,0.01499938571645852,0.9849965772713019
23990.0,0.8010051892084775,0.19886662472789782,1.2818606362458671E-4
24464.0,1.6690715251605544E-6,0.9199618067592286,0.08003652416924638
24733.0,0.9949571420064852,0.005042830969676258,2.7023838490279378E-8
24195.0,0.9600182903250404,0.03998135412995702,3.555450025458669E-7
24535.0,0.07278266939330841,0.9272089672400983,8.36336659337423E-6
24260.0,0.9512624581883181,0.04873739782159579,1.4399008611954264E-7
23778.0,0.6838346441723647,0.3146172849173812,0.0015480709102540105
24049.0,1.4000953801210132E-12,0.0021680167835334686,0.9978319832150664
22973.0,0.7606595037896329,0.2393360918091084,4.404401258869993E-6
23451.0,8.133581553062389E-4,0.9991020528692693,8.458897542434001E-5
23176.0,0.9643694492646614,0.03563043339210944,1.173432292191309E-7
24073.0,0.09958943218739118,0.9003965012060517,1.406660655700648E-5
24599.0,0.9780609958383987,0.0219389999222277,4.239373813342807E-9
24346.0,0.38057739073889996,0.6194105150819119,1.2094179188202961E-5
23868.0,0.2279800484551778,0.7720063179050508,1.3633639771442759E-5
23599.0,0.9922463119739233,0.00775367263140154,1.5394675187604817E-8
23109.0,0.8305711036159409,0.16935540777233332,7.348861172572685E-5
23382.0,0.005579637271390438,0.9325192442519415,0.061901118476668016
23659.0,2.1939518792634963E-15,4.065184197172017E-6,0.9999959348158006
23928.0,0.603064147068612,0.3967479723672341,1.8788056415393719E-4
24414.0,1.7815916970822698E-17,4.644952968381752E-6,0.9999953550470316
24659.0,0.004361899540881871,0.864101428130608,0.13153667232851002
24141.0,0.9937589885054932,0.00624099362191338,1.7872593446744397E-8
23314.0,0.004953099049310802,0.9918510036940718,0.003195897256617496
23041.0,0.9990743985182671,9.2560136050806E-4,1.2122487167430685E-10
23989.0,0.024426435017589763,0.7000224012920819,0.2755511636903283
23718.0,8.853558195206753E-6,0.4046771577343971,0.5953139887074076
24192.0,0.2255791319793044,0.7734074768141682,0.0010133912065273237
24467.0,9.610282308529531E-4,0.9106234694464888,0.08841550232265835
24734.0,5.033581352035318E-16,9.704309684150012E-8,0.9999999029569028
23244.0,0.002375650730433699,0.9958373510158204,0.0017869982537460569
23519.0,0.0019720773004109466,0.9619969966043235,0.03603092609526564
23033.0,0.042284089078970084,0.938168028413435,0.01954788250759476
22972.0,8.269795003185599E-21,1.639023029119455E-9,0.9999999983609769
23450.0,0.9218253316271967,0.07817463904510154,2.9327701705346444E-8
23177.0,0.0739400997834669,0.8824319649014245,0.04362793531510869
24534.0,3.3269552587028285E-8,0.0016914634616587063,0.9983085032687887
24261.0,0.9719017421551088,0.028097694523921704,5.633209694141867E-7
23779.0,4.471334579071871E-9,0.013547009137520546,0.9864529863911448
24048.0,1.687602649738616E-6,0.10618478522800524,0.893813527169345
23108.0,1.5688676087462576E-7,0.2799891059452413,0.7200107371679979
23383.0,1.498806996934889E-9,0.012831932506593757,0.9871680659945993
24072.0,4.203104493980206E-17,6.422507055207029E-7,0.9999993577492944
24347.0,3.856453191663774E-7,0.002972099816458536,0.9970275145382222
24598.0,4.285522473331107E-8,0.008565334826089642,0.9914346223186857
23869.0,1.53155140869689E-6,0.010297128278759525,0.9897013401698317
23598.0,1.0642085421824971E-4,0.12355809955101332,0.8763354795947684
23315.0,0.8540843929323815,0.14591529691178273,3.101558356537973E-7
23040.0,2.9788462264683594E-4,0.786415244258607,0.21328687111874628
23658.0,0.9715353374152512,0.028464161603964894,5.009807838570834E-7
23929.0,2.91530105652154E-7,0.09561580568813273,0.9043839027817615
24415.0,3.1849947814916116E-6,0.008997409122244312,0.9909994058829742
24658.0,0.0026759868509042373,0.9972855355722787,3.847757681686602E-5
24140.0,7.885023156646729E-19,8.454417857501196E-7,0.9999991545582143
23245.0,3.6161453902095526E-25,2.7927919456689725E-10,0.9999999997207207
23518.0,3.0158634253262163E-15,5.919208373074234E-7,0.9999994080791597
23032.0,0.012908509116700122,0.9659431636413487,0.021148327241951318
23988.0,0.7650480449457612,0.23489528330809767,5.667174614117762E-5
23719.0,2.1796719303541676E-9,0.002480781046256376,0.9975192167740717
24193.0,2.1367762800915586E-10,8.221776623126197E-4,0.9991778221240099
24466.0,4.0007784959655084E-10,0.004695212754361427,0.9953047868455608
24735.0,0.6343686915623095,0.36544892317024474,1.8238526744573046E-4
23593.0,0.02829160356308151,0.9678109685018816,0.0038974279350369443
