22958.0,0.005673611138721703,0.8578460311734878,0.13648035768779057
23195.0,0.002808675364379097,0.869411237645904,0.12778008698971696
23432.0,0.0027123596019436643,0.560140361213955,0.4371472791841012
24279.0,0.002808675364379097,0.869411237645904,0.12778008698971696
24516.0,0.37767790159655806,0.44929314333971526,0.17302895506372667
24034.0,0.3307837286799131,0.47322398953961253,0.19599228178047437
23793.0,0.0013307874878723104,0.5713453874006609,0.4273238251114668
23365.0,4.780823476261691E-139,0.021289137527443266,0.9787108624725568
23126.0,0.0,0.03255372048241856,0.9674462795175813
24329.0,0.0025003122739623664,0.548412631158318,0.4490870565677196
24580.0,0.7473153162468635,0.23421521574383075,0.01846946800930571
24090.0,0.0,0.02743505633282731,0.9725649436671727
23612.0,0.7471951227104011,0.2463968525398098,0.006408024749789199
23855.0,0.7473153162468635,0.23421521574383075,0.01846946800930571
23058.0,0.7471951227104011,0.2463968525398098,0.006408024749789199
23297.0,2.819693722228864E-174,0.08617477265976356,0.9138252273402364
23915.0,0.0,0.027435056332827924,0.9725649436671722
23672.0,0.7465123834280626,0.2397053746051119,0.013782241966825346
24158.0,0.3347279723163447,0.46125396227428433,0.20401806540937098
24640.0,0.7349918296680423,0.24561657694575814,0.019391593386199443
24397.0,0.001281656456729989,0.5594573721468934,0.4392609713963766
23500.0,0.0056197326719187105,0.862946571400022,0.13143369592805926
23263.0,1.2755411385650536E-168,0.03063180483668448,0.9693681951633155
23018.0,0.0,0.026536399066380716,0.9734636009336192
23733.0,0.0027123596019436643,0.5601403612139552,0.4371472791841012
23974.0,0.7338680371284204,0.25504143569620874,0.011090527175370814
24448.0,0.001286502788356666,0.5531014179895022,0.44561207922214113
24717.0,0.3347279723163447,0.46125396227428433,0.20401806540937098
24211.0,1.4205516235478612E-272,0.046568019858185025,0.9534319801418151
24278.0,0.7156182134911213,0.2598183312674401,0.024563455241438558
24517.0,0.34510823004657126,0.4601475187926582,0.19474425116077057
24035.0,0.7465123834280626,0.2397053746051119,0.013782241966825346
23792.0,0.7465123834280477,0.23970537460512498,0.013782241966827417
22959.0,0.002689295234168765,0.5542933314097888,0.44301737335604247
23194.0,6.82058613983454E-283,0.8634698045434227,0.13653019545657735
23433.0,0.002808675364379097,0.869411237645904,0.12778008698971696
24581.0,0.7349906782584705,0.2456175225986242,0.019391799142905203
24328.0,0.0,0.026536399066380716,0.9734636009336192
24091.0,1.7148743809717106E-15,0.5201649473473963,0.47983505265260207
23613.0,0.7329142862067012,0.2401608764442792,0.026924837349019605
23854.0,0.7473153162467087,0.23421521574397272,0.01846946800931868
23364.0,0.0027123596019436643,0.560140361213955,0.4371472791841012
23127.0,0.7473153162468635,0.23421521574383075,0.01846946800930571
23914.0,0.008458209847202136,0.8592338237010251,0.13230796645177295
23673.0,2.819693722228864E-174,0.08617477265976356,0.9138252273402364
24159.0,0.7473153162468635,0.23421521574383075,0.01846946800930571
24641.0,0.002500312273878433,0.548412631158365,0.4490870565677566
24396.0,0.37767790159655806,0.44929314333971526,0.17302895506372667
23059.0,9.024105890943834E-4,0.6520682290921729,0.3470293603187327
23296.0,2.7178680620839146E-163,0.03565346785810584,0.9643465321418941
23732.0,0.001286502788356666,0.5531014179895022,0.44561207922214113
23975.0,0.34039283416464833,0.45827591086572617,0.2013312549696255
24449.0,0.0,0.03255372048241856,0.9674462795175813
24716.0,4.7808231406252344E-139,0.021289137508463913,0.978710862491536
24210.0,1.2139867158079552E-60,0.04236242890863085,0.9576375710913692
23501.0,0.33246450160241175,0.48135762985776404,0.18617786853982426
23262.0,0.001286502788356666,0.5531014179895022,0.44561207922214113
23019.0,0.7387212938970679,0.24209991986666698,0.01917878623626523
22956.0,0.0017690638037554567,0.8431027658937554,0.15512817030248913
23434.0,0.003868345252479436,0.5545341585375337,0.44159749620998673
23193.0,0.0,0.8562542392659281,0.14374576073407186
24518.0,1.4205516235478612E-272,0.046568019858185025,0.9534319801418151
24277.0,0.0,0.024688561460799067,0.9753114385392009
23795.0,0.0013307874878723104,0.5713453874006609,0.4273238251114668
24032.0,0.001286502788356666,0.5531014179895022,0.44561207922214113
23124.0,0.0013307874878723104,0.5713453874006609,0.4273238251114668
23367.0,0.31970492670285633,0.4644491213962264,0.2158459519009172
24088.0,0.0038683452727496397,0.5545341617451713,0.44159749298207907
24331.0,0.7349918296680001,0.24561657694579742,0.01939159338620254
24582.0,0.001286502788356666,0.5531014179895022,0.44561207922214113
23853.0,0.33246450160241175,0.48135762985776404,0.18617786853982426
23614.0,2.7178680620839146E-163,0.03565346785810584,0.9643465321418941
23299.0,2.819693722228864E-174,0.08617477265976356,0.9138252273402364
23056.0,0.0026174222980344924,0.5703850530118909,0.42699752469007457
23674.0,0.33078372867991496,0.47322398953961103,0.19599228178047404
23913.0,0.37767790159655806,0.44929314333971526,0.17302895506372667
24399.0,2.7178680620839146E-163,0.03565346785810584,0.9643465321418941
24642.0,0.005673611138721703,0.8578460311734878,0.13648035768779057
24156.0,2.819693722228864E-174,0.08617477265976356,0.9138252273402364
23261.0,0.3347279723163447,0.46125396227428433,0.20401806540937098
23502.0,0.7387212938970679,0.24209991986666698,0.01917878623626523
23016.0,0.7156182134907552,0.25981833126772597,0.024563455241518907
23972.0,1.2139867158079552E-60,0.04236242890863085,0.9576375710913692
23735.0,0.34039283385820823,0.45827591090969233,0.20133125523209938
24209.0,0.7517884280001302,0.23143018025653816,0.016781391743331674
24719.0,0.34510823004657126,0.4601475187926582,0.19474425116077057
24450.0,4.7808231406252344E-139,0.021289137508463913,0.978710862491536
24519.0,2.819693722228864E-174,0.08617477265976356,0.9138252273402364
24276.0,4.7808231406252344E-139,0.021289137508463913,0.978710862491536
23794.0,0.0,0.03780015697410359,0.9621998430258965
24033.0,0.3457593284279894,0.4452021841413844,0.20903848743062622
22957.0,0.0053956301563371604,0.8161793906234758,0.1784249792201871
23435.0,0.33037353190088853,0.44942403073991893,0.22020243735919265
23192.0,0.7517884280766183,0.23143018019280845,0.016781391730573338
24089.0,0.7329142862066815,0.2401608764442947,0.026924837349023765
24583.0,0.3307837286799161,0.4732239895396119,0.19599228178047193
24330.0,0.7517884280766183,0.23143018019280845,0.016781391730573338
23852.0,0.005673611138721703,0.8578460311734878,0.13648035768779057
23615.0,0.34510823004657126,0.4601475187926582,0.19474425116077057
23125.0,0.7471951227104011,0.2463968525398098,0.006408024749789199
23366.0,0.0025003122739623664,0.548412631158318,0.4490870565677196
23675.0,0.33037353190088853,0.44942403073991893,0.22020243735919265
23912.0,2.410789983579335E-4,0.5510130312051981,0.44874588979644403
24643.0,0.0,0.03780015697410359,0.9621998430258965
24398.0,4.7808231406252344E-139,0.021289137508463913,0.978710862491536
24157.0,0.0,0.8427867860141856,0.15721321398581448
23298.0,0.7156182134911213,0.2598183312674401,0.024563455241438558
23057.0,0.0012816564733024512,0.5594573752095645,0.4392609683171331
23973.0,0.0017690638037554567,0.8431027658937554,0.15512817030248913
23734.0,0.002689295234168765,0.5542933314097888,0.44301737335604247
24208.0,0.7465123834280626,0.2397053746051119,0.013782241966825346
24451.0,2.819693722228864E-174,0.08617477265976356,0.9138252273402364
24718.0,9.024105890943834E-4,0.6520682290921729,0.3470293603187327
23260.0,6.82058613983454E-283,0.8634698045434227,0.13653019545657735
23503.0,0.33078372867991496,0.47322398953961103,0.19599228178047404
23017.0,0.0013307874878723104,0.5713453874006609,0.4273238251114668
23361.0,0.0026174222980344924,0.5703850530118909,0.42699752469007457
23122.0,0.3205202726572974,0.46442271616055,0.2150570111821527
23608.0,0.33037353190088853,0.44942403073991893,0.22020243735919265
23851.0,1.2755411385650536E-168,0.03063180483668448,0.9693681951633155
24576.0,0.33078372867991496,0.47322398953961103,0.19599228178047404
24333.0,1.0598065717162683E-245,0.03302208887263026,0.9669779111273697
24094.0,0.33037353190088853,0.44942403073991893,0.22020243735919265
23199.0,2.7178680620839146E-163,0.03565346785810584,0.9643465321418941
23436.0,0.003868345252479436,0.5545341585375337,0.44159749620998673
22954.0,3.874423794904731E-190,0.02533212505190972,0.9746678749480904
24038.0,0.33246450160241175,0.48135762985776404,0.18617786853982426
23797.0,0.7338680371284204,0.25504143569620874,0.011090527175370814
24275.0,1.2755411385650536E-168,0.03063180483668448,0.9693681951633155
24512.0,0.3457593284279894,0.4452021841413844,0.20903848743062622
23022.0,0.37767790159655806,0.44929314333971526,0.17302895506372667
23496.0,0.37767790159655806,0.44929314333971526,0.17302895506372667
23259.0,0.359871444684573,0.4355809875902197,0.20454756772520744
24452.0,0.7465123834280626,0.2397053746051119,0.013782241966825346
24713.0,0.001281656456729989,0.5594573721468934,0.4392609713963766
24215.0,0.005619980014669598,0.8630020845512296,0.13137793543410076
23729.0,0.0017690638037554567,0.8431027658937554,0.15512817030248913
23970.0,0.7349918296680001,0.24561657694579742,0.01939159338620254
23062.0,2.819693722228864E-174,0.08617477265976356,0.9138252273402364
23301.0,1.4205516235478612E-272,0.046568019858185025,0.9534319801418151
24154.0,2.410789983579335E-4,0.5510130312051981,0.44874588979644403
24644.0,0.003868345252479436,0.5545341585375337,0.44159749620998673
24393.0,0.751788423528436,0.23143018398234697,0.016781392489217006
23919.0,0.0027123596019436643,0.560140361213955,0.4371472791841012
23676.0,0.7338680371284215,0.25504143569620763,0.011090527175370832
23609.0,0.3457593284279894,0.4452021841413844,0.20903848743062622
23850.0,0.359871444684573,0.4355809875902197,0.20454756772520744
24577.0,0.31970492670285633,0.4644491213962264,0.2158459519009172
24332.0,0.002689295234168765,0.5542933314097888,0.44301737335604247
24095.0,0.002689295234168765,0.5542933314097888,0.44301737335604247
23360.0,0.001286502788356666,0.5531014179895022,0.44561207922214113
23123.0,0.0027123596019436643,0.560140361213955,0.4371472791841012
24039.0,0.31970492670285633,0.4644491213962264,0.2158459519009172
23796.0,0.0,0.02468856248061171,0.9753114375193883
24274.0,0.33037353190088853,0.4494240307399188,0.22020243735919262
24513.0,0.001281656456729989,0.5594573721468934,0.4392609713963766
23198.0,0.3599827731834104,0.4355680349437352,0.20444919187285443
23437.0,0.005211656853532731,0.8616504850412687,0.13313785810519863
22955.0,0.005619980014669598,0.8630020845512296,0.13137793543410076
24712.0,0.34039283385820823,0.45827591090969233,0.20133125523209938
24453.0,0.7473153162468635,0.23421521574383075,0.01846946800930571
24214.0,0.005211658065868967,0.8616505208769247,0.13313782105720634
23728.0,0.003868345252479436,0.5545341585375337,0.44159749620998673
23971.0,3.874423794904731E-190,0.02533212505190972,0.9746678749480904
23023.0,2.7178680620839146E-163,0.03565346785810584,0.9643465321418941
23497.0,0.0026174222980344924,0.5703850530118909,0.42699752469007457
23258.0,0.359871444684573,0.4355809875902197,0.20454756772520744
24155.0,0.31970492670285633,0.4644491213962264,0.2158459519009172
24645.0,0.747195122351909,0.24639685286787807,0.006408024780212872
24392.0,1.0598065717162683E-245,0.03302208887263026,0.9669779111273697
23918.0,1.0598065717162683E-245,0.03302208887263026,0.9669779111273697
23677.0,0.003868345252479436,0.5545341585375337,0.44159749620998673
23063.0,0.3457593284279894,0.4452021841413844,0.20903848743062622
23300.0,0.002808675364379097,0.869411237645904,0.12778008698971696
23120.0,1.4205516235478612E-272,0.046568019858185025,0.9534319801418151
23363.0,0.7465123834280626,0.2397053746051119,0.013782241966825346
23849.0,0.0027123596019436643,0.560140361213955,0.4371472791841012
23610.0,0.33078372867991496,0.47322398953961103,0.19599228178047404
24092.0,0.37767790159655806,0.44929314333971526,0.17302895506372667
24578.0,9.024105890943834E-4,0.6520682290921729,0.3470293603187327
24335.0,0.0,0.026536399066380716,0.9734636009336192
23438.0,0.0026174222980344924,0.5703850530118909,0.42699752469007457
23197.0,0.001281656456729989,0.5594573721468934,0.4392609713963766
22952.0,0.33246450160241175,0.48135762985776404,0.18617786853982426
23799.0,2.8217301903423508E-174,0.08617520516020669,0.9138247948397933
24036.0,0.33246450160241175,0.48135762985776404,0.18617786853982426
24514.0,0.34039283385820823,0.45827591090969233,0.20133125523209938
24273.0,0.31970492670285633,0.4644491213962264,0.2158459519009172
23020.0,0.34039283385820823,0.45827591090969233,0.20133125523209938
23257.0,0.7473153162468635,0.23421521574383075,0.01846946800930571
23498.0,0.732889492141935,0.2401804979565245,0.026930009901540482
24213.0,0.008458209847202136,0.8592338237010251,0.13230796645177295
24454.0,0.7465123834280626,0.2397053746051119,0.013782241966825346
24715.0,0.0,0.026536399066380716,0.9734636009336192
23968.0,2.819693722228864E-174,0.08617477265976356,0.9138252273402364
23731.0,2.410789983579335E-4,0.5510130312051981,0.44874588979644403
23303.0,1.6635821651349464E-55,0.28348227550294924,0.7165177244970508
23060.0,0.3451081747280572,0.46014755403392893,0.1947442712380139
24395.0,0.34039283385820823,0.45827591090969233,0.20133125523209938
24646.0,0.33037353190088853,0.44942403073991893,0.22020243735919265
24152.0,0.0025003122739623664,0.548412631158318,0.4490870565677196
23678.0,0.34510823004657126,0.4601475187926582,0.19474425116077057
23917.0,0.3347279723163447,0.46125396227428433,0.20401806540937098
23848.0,9.024105890943834E-4,0.6520682290921729,0.3470293603187327
23611.0,0.34510823004657126,0.4601475187926582,0.19474425116077057
24093.0,0.7338680371284204,0.25504143569620874,0.011090527175370814
24334.0,3.875198315443653E-190,0.02533215318793233,0.9746678468120678
24579.0,1.0553020240954724E-247,0.015106159644114112,0.9848938403558859
23121.0,0.003868345252479436,0.5545341585375337,0.44159749620998673
23362.0,0.005619980014669598,0.8630020845512296,0.13137793543410076
23798.0,0.3347279723163447,0.46125396227428433,0.20401806540937098
24037.0,0.002808675364379097,0.869411237645904,0.12778008698971696
24515.0,0.7329142862067012,0.2401608764442792,0.026924837349019605
24272.0,0.0,0.026536399066380716,0.9734636009336192
23439.0,0.7465036674029553,0.23971284380556082,0.013783488791483953
23196.0,0.0027123596019436643,0.560140361213955,0.4371472791841012
22953.0,0.7517884280766142,0.2314301801928121,0.01678139173057377
24212.0,0.7156182134911213,0.2598183312674401,0.024563455241438558
24714.0,0.0013307874878723104,0.5713453874006609,0.4273238251114668
24455.0,0.003868345252479436,0.5545341585375337,0.44159749620998673
23969.0,0.0,0.12806528191966565,0.8719347180803344
23730.0,0.0,0.024688561460799067,0.9753114385392009
23021.0,0.3399152630694628,0.4586792308513654,0.2014055060791718
23256.0,0.002689295234168765,0.5542933314097888,0.44301737335604247
23499.0,0.34039283385820823,0.45827591090969233,0.20133125523209938
24647.0,0.0026174222980344924,0.5703850530118909,0.42699752469007457
24394.0,0.37767790159655806,0.44929314333971526,0.17302895506372667
24153.0,0.33246450160241175,0.48135762985776404,0.18617786853982426
23679.0,3.874423794904731E-190,0.02533212505190972,0.9746678749480904
23916.0,1.4205516235478612E-272,0.046568019858185025,0.9534319801418151
23302.0,0.3347279723163447,0.46125396227428433,0.20401806540937098
23061.0,0.3457593284279894,0.4452021841413844,0.20903848743062622
23907.0,0.34510823004657126,0.4601475187926582,0.19474425116077057
23664.0,0.008458209847202136,0.8592338237010251,0.13230796645177295
24150.0,0.0013307874878723104,0.5713453874006609,0.4273238251114668
24648.0,0.7584368091756366,0.2237710303130505,0.017792160511313
24389.0,0.3347279723163447,0.46125396227428433,0.20401806540937098
23066.0,0.7471951227104011,0.2463968525398098,0.006408024749789199
23305.0,0.0013307874878723104,0.5713453874006609,0.4273238251114668
23741.0,0.0027123596019436643,0.560140361213955,0.4371472791841012
23982.0,0.33246450160241175,0.48135762985776404,0.18617786853982426
24456.0,0.33078372867991496,0.47322398953961103,0.19599228178047404
24709.0,0.0025003122739623664,0.548412631158318,0.4490870565677196
24219.0,0.3347279723163447,0.46125396227428433,0.20401806540937098
23492.0,9.024105890943834E-4,0.6520682290921729,0.3470293603187327
23255.0,0.0026174222980344924,0.5703850530118909,0.42699752469007457
23010.0,0.0028086482537737277,0.8694079854124542,0.1277833663337721
24287.0,1.0598065717162683E-245,0.03302208887263026,0.9669779111273697
24524.0,0.7349918296680001,0.24561657694579742,0.01939159338620254
24042.0,0.005211658065868967,0.8616505208769247,0.13313782105720634
23801.0,0.005619980014669598,0.8630020845512296,0.13137793543410076
23187.0,2.410789983579335E-4,0.5510130312051981,0.44874588979644403
23424.0,0.7329142862067012,0.2401608764442792,0.026924837349019605
24321.0,0.0013307874878723104,0.5713453874006609,0.4273238251114668
24588.0,0.003868345252479436,0.5545341585375337,0.44159749620998673
24082.0,0.0,0.026536399066380716,0.9734636009336192
23604.0,0.359871444684573,0.4355809875902197,0.20454756772520744
23847.0,0.7156182134911213,0.2598183312674401,0.024563455241438558
23373.0,7.593960925957226E-4,0.552711434302221,0.4465291696051832
23134.0,0.0056736111387216724,0.8578460311734876,0.13648035768779068
23067.0,0.3347279723163447,0.46125396227428433,0.20401806540937098
23304.0,0.002689295234168765,0.5542933314097888,0.44301737335604247
23906.0,0.31970492670285633,0.4644491213962264,0.2158459519009172
23665.0,0.359871444684573,0.4355809875902197,0.20454756772520744
24151.0,0.7517884280766183,0.23143018019280845,0.016781391730573338
24388.0,2.819693722228864E-174,0.08617477265976356,0.9138252273402364
24649.0,0.003868345252479436,0.5545341585375337,0.44159749620998673
23493.0,0.34510823004663843,0.460147518792611,0.1947442511607506
23254.0,1.4205516235478612E-272,0.046568019858185025,0.9534319801418151
23011.0,0.0,0.024688561460799067,0.9753114385392009
23740.0,0.34039283385820823,0.45827591090969233,0.20133125523209938
23983.0,0.005619980014669598,0.8630020845512296,0.13137793543410076
24708.0,0.37767790159655806,0.44929314333971526,0.17302895506372667
24457.0,0.008458209847202136,0.8592338237010251,0.13230796645177295
24218.0,0.0013307874878723104,0.5713453874006609,0.4273238251114668
23186.0,0.7387212938970679,0.24209991986666698,0.01917878623626523
23425.0,0.0026174222980344924,0.5703850530118909,0.42699752469007457
24286.0,0.359871444684573,0.4355809875902197,0.20454756772520744
24525.0,0.34039283385820823,0.45827591090969233,0.20133125523209938
24043.0,0.31970492670285633,0.4644491213962264,0.2158459519009172
23800.0,0.7329142862067012,0.2401608764442792,0.026924837349019605
23372.0,0.0017691145365525084,0.8430938320462988,0.15513705341714856
23135.0,0.0,0.059834491633258845,0.9401655083667412
24320.0,0.37767790159655806,0.44929314333971526,0.17302895506372667
24589.0,0.0026174222980344924,0.5703850530118909,0.42699752469007457
24083.0,0.33037353190088853,0.44942403073991893,0.22020243735919265
23605.0,0.0025003122739623664,0.548412631158318,0.4490870565677196
23846.0,0.0,0.8427867860141856,0.15721321398581448
23666.0,0.7387212938970679,0.24209991986666698,0.01917878623626523
23905.0,0.0025003122739623664,0.548412631158318,0.4490870565677196
24650.0,2.410789983579335E-4,0.5510130312051981,0.44874588979644403
24391.0,0.3347279723163447,0.46125396227428433,0.20401806540937098
24148.0,2.7178680620839146E-163,0.03565346785810584,0.9643465321418941
23307.0,0.7338680371284204,0.25504143569620874,0.011090527175370814
23064.0,0.33246450160241175,0.48135762985776404,0.18617786853982426
23980.0,0.7387212938970679,0.24209991986666698,0.01917878623626523
23743.0,0.3347279723163447,0.46125396227428433,0.20401806540937098
24217.0,1.2755411385650536E-168,0.03063180483668448,0.9693681951633155
24711.0,0.7471951227104011,0.2463968525398098,0.006408024749789199
24458.0,0.34039283385820823,0.45827591090969233,0.20133125523209938
23253.0,0.0,0.02743505633282731,0.9725649436671727
23494.0,6.82058613983454E-283,0.8634698045434227,0.13653019545657735
23008.0,0.33246450160241175,0.48135762985776404,0.18617786853982426
24526.0,0.0026174222980344924,0.5703850530118909,0.42699752469007457
24285.0,0.0013307874878723104,0.5713453874006609,0.4273238251114668
23803.0,1.0598065717162683E-245,0.03302208887263026,0.9669779111273697
24040.0,0.003868345252479436,0.5545341585375337,0.44159749620998673
23426.0,0.005673611138721703,0.8578460311734878,0.13648035768779057
23185.0,2.819693722228864E-174,0.08617477265976356,0.9138252273402364
24080.0,6.82058613983454E-283,0.8634698045434227,0.13653019545657735
24323.0,0.0,0.8427867860141856,0.15721321398581448
24590.0,0.005673611138721703,0.8578460311734878,0.13648035768779057
23845.0,0.7584368091756366,0.2237710303130505,0.017792160511313
23606.0,0.7349918296680001,0.24561657694579742,0.01939159338620254
23132.0,0.34039283385820823,0.45827591090969233,0.20133125523209938
23375.0,0.0026174222980344924,0.5703850530118909,0.42699752469007457
23306.0,2.4146617723236314E-4,0.5512007875238445,0.4485577462989232
23065.0,0.0,0.03780015697410359,0.9621998430258965
23667.0,0.7584368091756366,0.2237710303130505,0.017792160511313
23904.0,0.359871444684573,0.4355809875902197,0.20454756772520744
24390.0,0.34039283385820823,0.45827591090969233,0.20133125523209938
24651.0,0.003868345252479436,0.5545341585375337,0.44159749620998673
24149.0,0.0025003122739623664,0.548412631158318,0.4490870565677196
23252.0,1.2139867158079552E-60,0.04236242890863085,0.9576375710913692
23495.0,0.37767790159655806,0.44929314333971526,0.17302895506372667
23009.0,0.002808675364379097,0.869411237645904,0.12778008698971696
23981.0,2.819693722228864E-174,0.08617477265976356,0.9138252273402364
23742.0,0.33246450160241175,0.48135762985776404,0.18617786853982426
24216.0,0.34039283385820823,0.45827591090969233,0.20133125523209938
24459.0,0.002808675364379097,0.869411237645904,0.12778008698971696
24710.0,0.0026174222980344924,0.5703850530118909,0.42699752469007457
23427.0,0.0,0.032553720482394556,0.9674462795176054
23184.0,0.33078372867991496,0.47322398953961103,0.19599228178047404
24527.0,0.34039283385820823,0.45827591090969233,0.20133125523209938
24284.0,2.410789983579335E-4,0.5510130312051981,0.44874588979644403
23802.0,0.0,0.01379108866864109,0.986208911331359
24041.0,0.33246450160241175,0.48135762985776404,0.18617786853982426
23133.0,2.7178680620839146E-163,0.03565346785810584,0.9643465321418941
23374.0,0.33037353190089314,0.44942403073991727,0.2202024373591895
24081.0,0.0025003122739623664,0.548412631158318,0.4490870565677196
24591.0,0.0026174222980344924,0.5703850530118909,0.42699752469007457
24322.0,0.31970492670285633,0.4644491213962264,0.2158459519009172
23844.0,0.33078372867991496,0.47322398953961103,0.19599228178047404
23607.0,0.3347279723163447,0.46125396227428433,0.20401806540937098
24705.0,1.4205516235478612E-272,0.046568019858185025,0.9534319801418151
24460.0,0.7517884280766183,0.23143018019280845,0.016781391730573338
24223.0,0.33078372867991496,0.47322398953961103,0.19599228178047404
23737.0,0.37767790159655806,0.44929314333971526,0.17302895506372667
23978.0,0.34039283385820823,0.45827591090969233,0.20133125523209938
23014.0,0.7465123834280626,0.2397053746051119,0.013782241966825346
23488.0,0.33037353190088853,0.44942403073991893,0.22020243735919265
23251.0,1.2866415074514354E-53,0.03306781633512085,0.9669321836648792
24146.0,0.34510855435836,0.46014746031909437,0.19474398532254558
24652.0,3.703941763212857E-119,0.03791418546529048,0.9620858145347095
24385.0,0.0,0.02743505633282731,0.9725649436671727
23911.0,0.33078372867991496,0.47322398953961103,0.19599228178047404
23668.0,0.0017690638037554567,0.8431027658937554,0.15512817030248913
23070.0,9.024105890943834E-4,0.6520682290921729,0.3470293603187327
23309.0,2.410789983579335E-4,0.5510130312051981,0.44874588979644403
23600.0,0.003868345252479436,0.5545341585375337,0.44159749620998673
23843.0,0.34039283385820823,0.45827591090969233,0.20133125523209938
24325.0,0.7517884280766183,0.23143018019280845,0.016781391730573338
24584.0,0.7473153162468635,0.23421521574383075,0.01846946800930571
24086.0,0.0025003122739623664,0.548412631158318,0.4490870565677196
23369.0,0.33078372867991496,0.47322398953961103,0.19599228178047404
23130.0,0.008458209847202136,0.8592338237010251,0.13230796645177295
24046.0,0.37767790159655806,0.44929314333971526,0.17302895506372667
23805.0,0.0,0.8562542392659281,0.14374576073407186
24283.0,0.34039283385859953,0.4582759109096368,0.20133125523176365
24520.0,0.0012865027883564835,0.5531014179895024,0.44561207922214113
23191.0,9.024105890943834E-4,0.6520682290921729,0.3470293603187327
23428.0,9.024105890943834E-4,0.6520682290921729,0.3470293603187327
23015.0,0.0,0.03255372048241856,0.9674462795175813
23489.0,0.7465123834280626,0.2397053746051119,0.013782241966825346
23250.0,3.874423794904731E-190,0.02533212505190972,0.9746678749480904
24704.0,2.819693722228864E-174,0.08617477265976356,0.9138252273402364
24461.0,0.002689295234168765,0.5542933314097888,0.44301737335604247
24222.0,2.410789983579335E-4,0.5510130312051981,0.44874588979644403
23736.0,0.002689295234168765,0.5542933314097888,0.44301737335604247
23979.0,0.31970492670285633,0.4644491213962264,0.2158459519009172
23071.0,0.7517884280766183,0.23143018019280845,0.016781391730573338
23308.0,0.34510823004657126,0.4601475187926582,0.19474425116077057
24147.0,0.0027123596019436643,0.560140361213955,0.4371472791841012
24653.0,4.7808231406252344E-139,0.021289137508463913,0.978710862491536
24384.0,0.0,0.026536399066380716,0.9734636009336192
23910.0,0.33078372867979794,0.47322398953968725,0.19599228178051484
23669.0,9.024105890943834E-4,0.6520682290921729,0.3470293603187327
23368.0,2.4033560942240118E-4,0.55100345935843,0.4487562050321476
23131.0,7.754761071159419E-248,0.014331533712816773,0.9856684662871833
23601.0,0.31970492670285633,0.4644491213962264,0.2158459519009172
23842.0,0.003868345252479436,0.5545341585375337,0.44159749620998673
24324.0,0.34510823004657126,0.4601475187926582,0.19474425116077057
24585.0,0.0026174222980344924,0.5703850530118909,0.42699752469007457
24087.0,0.359871444684573,0.4355809875902197,0.20454756772520744
23190.0,0.7465123834280626,0.2397053746051119,0.013782241966825346
23429.0,0.0,0.8427867860141856,0.15721321398581448
24047.0,0.005211658065868967,0.8616505208769247,0.13313782105720634
23804.0,0.0,0.03255372048241856,0.9674462795175813
24282.0,0.0,0.017814934555697298,0.9821850654443026
24521.0,0.3403929762494443,0.45827589048085166,0.2013311332697041
24221.0,0.0025003122739623664,0.548412631158318,0.4490870565677196
24462.0,0.001286502788356666,0.5531014179895022,0.44561207922214113
24707.0,0.005619980017567493,0.8630020845350818,0.13137793544735082
23976.0,0.3347279723163447,0.46125396227428433,0.20401806540937098
23739.0,0.0027123596019436643,0.560140361213955,0.4371472791841012
23012.0,0.7338680371263658,0.2550414356979887,0.011090527175645548
23249.0,0.003868345252479436,0.5545341585375337,0.44159749620998673
23490.0,0.0,0.03255372048241856,0.9674462795175813
24387.0,0.0,0.02743505633282731,0.9725649436671727
24654.0,0.0,0.02743505633282731,0.9725649436671727
24144.0,3.874423794904731E-190,0.02533212505190972,0.9746678749480904
23670.0,0.7329142862067012,0.2401608764442792,0.026924837349019605
23909.0,0.005673611138721703,0.8578460311734878,0.13648035768779057
23311.0,0.003868345252479436,0.5545341585375337,0.44159749620998673
23068.0,0.0,0.03780015697410359,0.9621998430258965
23841.0,0.0,0.8562542392659281,0.14374576073407186
23602.0,0.37767790159655806,0.44929314333971526,0.17302895506372667
24084.0,0.001281656456729989,0.5594573721468934,0.4392609713963766
24327.0,0.34508400448072524,0.46016295186796596,0.19475304365130877
24586.0,0.0012865027874760882,0.5531014179904182,0.44561207922210566
23128.0,0.3457593284279894,0.4452021841413844,0.20903848743062622
23371.0,0.33246450160241175,0.48135762985776404,0.18617786853982426
23807.0,0.0027123596019436643,0.560140361213955,0.4371472791841012
24044.0,0.33037353190088853,0.44942403073991893,0.22020243735919265
24522.0,0.359871444684573,0.4355809875902197,0.20454756772520744
24281.0,9.024105890943834E-4,0.6520682290921729,0.3470293603187327
23430.0,0.3457593284279894,0.4452021841413844,0.20903848743062622
23189.0,0.0,0.026536399066380716,0.9734636009336192
23013.0,0.001281656456729989,0.5594573721468934,0.4392609713963766
23248.0,0.002808675364379097,0.869411237645904,0.12778008698971696
23491.0,0.33078372867991496,0.47322398953961103,0.19599228178047404
24220.0,0.7387212938970679,0.24209991986666698,0.01917878623626523
24706.0,6.820586139915851E-283,0.863469804543419,0.13653019545658088
24463.0,0.7471951227104011,0.2463968525398098,0.006408024749789199
23977.0,0.37767790159655806,0.44929314333971526,0.17302895506372667
23738.0,0.05653068442345709,0.7343202395295295,0.2091490760470134
23310.0,0.0038683452524795442,0.554534158537534,0.44159749620998656
23069.0,0.003868345252479436,0.5545341585375337,0.44159749620998673
24386.0,0.3457593284279894,0.4452021841413844,0.20903848743062622
24655.0,0.008458209847202136,0.8592338237010251,0.13230796645177295
24145.0,0.7349918296680001,0.24561657694579742,0.01939159338620254
23671.0,0.0,0.026536399066395606,0.9734636009336045
23908.0,0.0013307874878723104,0.5713453874006609,0.4273238251114668
23129.0,6.82058613983454E-283,0.8634698045434227,0.13653019545657735
23370.0,0.7517884280766177,0.23143018019280895,0.01678139173057341
23840.0,0.003868345252479436,0.5545341585375337,0.44159749620998673
23603.0,0.002689295234168765,0.5542933314097888,0.44301737335604247
24085.0,0.008458209816938166,0.8592338229924491,0.13230796719061275
24587.0,0.0026174222980344924,0.5703850530118909,0.42699752469007457
24326.0,0.3347279723163447,0.46125396227428433,0.20401806540937098
23431.0,6.82058613983454E-283,0.8634698045434227,0.13653019545657735
23188.0,0.0013307874878723104,0.5713453874006609,0.4273238251114668
23806.0,0.003868345252479436,0.5545341585375337,0.44159749620998673
24045.0,0.002689295234168765,0.5542933314097888,0.44301737335604247
24523.0,0.001769063803755509,0.8431027658937459,0.15512817030249856
24280.0,0.005211658065868967,0.8616505208769247,0.13313782105720634
24262.0,0.0025003122739623664,0.548412631158318,0.4490870565677196
24533.0,4.7808231406252344E-139,0.021289137508463913,0.978710862491536
24051.0,0.0,0.024688561460799067,0.9753114385392009
23776.0,4.7808231406252344E-139,0.021289137508463913,0.978710862491536
22975.0,0.37767790159655806,0.44929314333971526,0.17302895506372667
23178.0,0.7349914381966434,0.24561689846142082,0.019391663341935757
23449.0,0.34510823004657126,0.4601475187926582,0.19474425116077057
24344.0,0.001281656456729989,0.5594573721468934,0.4392609713963766
24597.0,0.34510823004657126,0.4601475187926582,0.19474425116077057
24075.0,0.0,0.03780015697410359,0.9621998430258965
23597.0,0.0027123596019436643,0.560140361213955,0.4371472791841012
23870.0,0.0,0.02743505633282731,0.9725649436671727
23380.0,0.0027123596019436643,0.560140361213955,0.4371472791841012
23111.0,0.73499181248453,0.24561659105859235,0.019391596456877574
23930.0,0.7471951227104011,0.2463968525398098,0.006408024749789199
23657.0,1.4205516235478612E-272,0.046568019858185025,0.9534319801418151
24143.0,6.82058613983454E-283,0.8634698045434227,0.13653019545657735
24657.0,0.7156182134911213,0.2598183312674401,0.024563455241438558
24412.0,0.3347279723163447,0.46125396227428433,0.20401806540937098
23043.0,2.410789983579335E-4,0.5510130312051981,0.44874588979644403
23312.0,0.0,0.8427867860141856,0.15721321398581448
23716.0,0.33246450160241175,0.48135762985776404,0.18617786853982426
23991.0,0.3457593284279894,0.4452021841413844,0.20903848743062622
24465.0,0.33078372867991496,0.47322398953961103,0.19599228178047404
24732.0,0.7465123834280626,0.2397053746051119,0.013782241966825346
24194.0,4.7808231406252344E-139,0.021289137508463913,0.978710862491536
23517.0,0.0,0.8562542392659281,0.14374576073407186
23246.0,0.7517884280766183,0.23143018019280845,0.016781391730573338
23035.0,0.0027123596019436643,0.560140361213955,0.4371472791841012
22974.0,0.33246450160241175,0.48135762985776404,0.18617786853982426
23179.0,0.33078372867991496,0.47322398953961103,0.19599228178047404
23448.0,0.37767790159655806,0.44929314333971526,0.17302895506372667
24263.0,0.7584368091756366,0.2237710303130505,0.017792160511313
24532.0,0.33078372867991496,0.47322398953961103,0.19599228178047404
24050.0,0.3457593284279894,0.4452021841413844,0.20903848743062622
23777.0,0.0,0.059834491633258845,0.9401655083667412
23381.0,0.7465123834280626,0.2397053746051119,0.013782241966825346
23110.0,6.82058613983454E-283,0.8634698045434227,0.13653019545657735
24345.0,0.33246450160241175,0.48135762985776404,0.18617786853982426
24596.0,0.0025003122739623664,0.548412631158318,0.4490870565677196
24074.0,0.34039283385820823,0.45827591090969233,0.20133125523209938
23596.0,4.7808231406252344E-139,0.021289137508463913,0.978710862491536
23871.0,9.024105890943834E-4,0.6520682290921729,0.3470293603187327
23042.0,2.819693722228864E-174,0.08617477265976356,0.9138252273402364
23313.0,0.33078372867991496,0.47322398953961103,0.19599228178047404
23931.0,0.002712359601901049,0.5601403612415294,0.43714727915656953
23656.0,0.0013307874878723104,0.5713453874006609,0.4273238251114668
24142.0,0.34510823004657126,0.4601475187926582,0.19474425116077057
24413.0,0.002689295234168765,0.5542933314097888,0.44301737335604247
24656.0,0.359871444684573,0.4355809875902197,0.20454756772520744
23516.0,0.008450569857636826,0.8590547837317476,0.13249464641061562
23247.0,0.7329142862067012,0.2401608764442792,0.026924837349019605
23034.0,0.0013307874878723104,0.5713453874006609,0.4273238251114668
23717.0,0.37767790159655806,0.44929314333971526,0.17302895506372667
23990.0,0.7349918296680001,0.24561657694579742,0.01939159338620254
24464.0,0.0,0.8562542392659281,0.14374576073407186
24733.0,0.7465123834280626,0.2397053746051119,0.013782241966825346
24195.0,0.7329142861921073,0.24016087645582868,0.026924837352064034
24535.0,0.0017690638037554567,0.8431027658937554,0.15512817030248913
24260.0,0.7338680371284204,0.25504143569620874,0.011090527175370814
23778.0,0.34039283385820823,0.45827591090969233,0.20133125523209938
24049.0,0.0026113130967622233,0.5703885773816793,0.42700010952155854
22973.0,0.7584368091756366,0.2237710303130505,0.017792160511313
23451.0,0.002808675364379097,0.869411237645904,0.12778008698971696
23176.0,1.0598065717162683E-245,0.03302208887263026,0.9669779111273697
24073.0,0.7348450494534731,0.245737116626831,0.019417833919696006
24599.0,0.7473153162468635,0.23421521574383075,0.01846946800930571
24346.0,0.359871444684573,0.4355809875902197,0.20454756772520744
23868.0,0.7584368091756366,0.2237710303130505,0.017792160511313
23599.0,0.7471951227104011,0.2463968525398098,0.006408024749789199
23109.0,1.0598065717162683E-245,0.03302208887263026,0.9669779111273697
23382.0,0.0025003122739623664,0.548412631158318,0.4490870565677196
23659.0,0.001286502788356666,0.5531014179895022,0.44561207922214113
23928.0,0.3347279723163447,0.46125396227428433,0.20401806540937098
24414.0,0.0026174222980344924,0.5703850530118909,0.42699752469007457
24659.0,0.001281656456730006,0.559457372146894,0.43926097139637604
24141.0,0.7584368091756366,0.2237710303130505,0.017792160511313
23314.0,0.001286502788356666,0.5531014179895022,0.44561207922214113
23041.0,0.7338680371284204,0.25504143569620874,0.011090527175370814
23989.0,0.0,0.03780015697410359,0.9621998430258965
23718.0,0.34510823004657126,0.4601475187926582,0.19474425116077057
24192.0,0.001286502788356666,0.5531014179895022,0.44561207922214113
24467.0,0.3457593284279894,0.4452021841413844,0.20903848743062622
24734.0,1.0598065717162683E-245,0.03302208887263026,0.9669779111273697
23244.0,0.34039283385820823,0.45827591090969233,0.20133125523209938
23519.0,0.33246450160241175,0.48135762985776404,0.18617786853982426
23033.0,0.33037353190088853,0.44942403073991893,0.22020243735919265
22972.0,0.001281656456729989,0.5594573721468934,0.4392609713963766
23450.0,0.345108230080784,0.46014751878650556,0.19474425113271043
23177.0,0.3457593284279894,0.4452021841413844,0.20903848743062622
24534.0,0.0026174222980344924,0.5703850530118909,0.42699752469007457
24261.0,0.7473153162468635,0.23421521574383075,0.01846946800930571
23779.0,0.0025003122739623664,0.548412631158318,0.4490870565677196
24048.0,0.31970492670285633,0.4644491213962264,0.2158459519009172
23108.0,0.003868345252479436,0.5545341585375337,0.44159749620998673
23383.0,0.003868345252479436,0.5545341585375337,0.44159749620998673
24072.0,0.0013307874878723104,0.5713453874006609,0.4273238251114668
24347.0,0.34510823004657126,0.4601475187926582,0.19474425116077057
24598.0,0.359871444684573,0.4355809875902197,0.20454756772520744
23869.0,3.874423795001403E-190,0.025332125051913217,0.9746678749480867
23598.0,1.0597712935023996E-245,0.03302190396879597,0.966978096031204
23315.0,0.33078372867991496,0.47322398953961103,0.19599228178047404
23040.0,0.002808675364379097,0.869411237645904,0.12778008698971696
23658.0,0.7387212938970679,0.24209991986666698,0.01917878623626523
23929.0,0.013918590448174721,0.586496007087418,0.39958540246440727
24415.0,0.0025003122739623664,0.548412631158318,0.4490870565677196
24658.0,0.008458209847202136,0.8592338237010251,0.13230796645177295
24140.0,0.0013307874878723104,0.5713453874006609,0.4273238251114668
23245.0,0.0,0.01379108866864109,0.986208911331359
23518.0,1.2866415074558261E-53,0.033067816335119134,0.9669321836648808
23032.0,1.0598065717162683E-245,0.03302208887263026,0.9669779111273697
23988.0,0.7338680371284204,0.25504143569620874,0.011090527175370814
23719.0,9.024105890943834E-4,0.6520682290921729,0.3470293603187327
24193.0,0.0,0.02743505633282731,0.9725649436671727
24466.0,0.0013307874878723104,0.5713453874006609,0.4273238251114668
24735.0,0.3457593284279894,0.4452021841413844,0.20903848743062622
23593.0,0.34039283385820823,0.45827591090969233,0.20133125523209938
23866.0,0.7517884280766183,0.23143018019280845,0.016781391730573338
24348.0,0.33078372867991496,0.47322398953961103,0.19599228178047404
24593.0,0.0025003122739623664,0.548412631158318,0.4490870565677196
24079.0,0.0,0.017814934555697298,0.9821850654443026
23376.0,0.0025003122739623664,0.548412631158318,0.4490870565677196
23107.0,0.3347279723163447,0.46125396227428433,0.20401806540937098
24055.0,0.3303735322682641,0.4494240307151411,0.22020243701659478
23780.0,0.001281656456729989,0.5594573721468934,0.4392609713963766
24258.0,0.0013307874878723104,0.5713453874006609,0.4273238251114668
24529.0,0.0027123596019436643,0.560140361213955,0.4371472791841012
23182.0,0.6667425531054486,0.298281140815958,0.03497630607859334
23453.0,0.006270907984908955,0.791613638855613,0.20211545315947807
22971.0,0.33037353190088853,0.44942403073991893,0.22020243735919265
24469.0,0.3347279723163447,0.46125396227428433,0.20401806540937098
24728.0,1.2866415074558261E-53,0.033067816335119134,0.9669321836648808
24198.0,1.2755411385654888E-168,0.030631804836684602,0.9693681951633155
23712.0,0.7349918296680001,0.24561657694579742,0.01939159338620254
23987.0,0.0,0.02743505633282731,0.9725649436671727
23039.0,0.0027123596019436643,0.560140361213955,0.4371472791841012
23513.0,0.37767790375914606,0.4492931428433782,0.1730289533974757
