22958.0,0.010620707631338953,0.9893789912706134,3.0109804765768585E-7
23195.0,0.001511088611081382,0.9984798649914355,9.046397483018123E-6
23432.0,8.970563184309626E-22,1.381368913343215E-10,0.9999999998618632
24279.0,0.018787319934477097,0.9783015544340682,0.0029111256314546937
24516.0,2.8265533399135525E-11,0.0062330752953059345,0.9937669246764286
24034.0,2.7578661185064385E-7,0.9975968621705207,0.0024028620428674548
23793.0,1.0065740735058605E-15,3.185184838968731E-4,0.999681481516102
23365.0,5.639283275246169E-27,2.247803926150374E-15,0.9999999999999978
23126.0,0.49259626104395254,0.5071667107374921,2.3702821855530997E-4
24329.0,9.971379211403306E-6,0.9941073638508453,0.005882664769943331
24580.0,0.15845254641095421,0.841540762271721,6.691317324634048E-6
24090.0,9.509638114124962E-9,0.268617111561563,0.7313828789287988
23612.0,0.9802063167722151,0.01979368127126021,1.9565245479455E-9
23855.0,0.5606766090707725,0.4393227884060686,6.025231589522148E-7
23058.0,0.6781248429477861,0.3218720319937422,3.125058471624352E-6
23297.0,5.880695791451523E-30,2.2092490845527757E-16,0.9999999999999998
23915.0,2.6365723176911755E-8,0.8981419881735211,0.10185798546075567
23672.0,0.0016712454965299537,0.9397504777449581,0.05857827675851185
24158.0,8.857197629430205E-5,0.9552831501988419,0.044628277824863755
24640.0,0.09819577465243363,0.9017922562748176,1.196907274861007E-5
24397.0,5.0878148328049847E-11,2.2595831291807893E-4,0.9997740416362038
23500.0,0.758752130093746,0.2412477426054982,1.273007557786226E-7
23263.0,4.3422107316856685E-14,7.972072893324427E-5,0.9999202792710233
23018.0,3.692032361254168E-48,7.952036712939423E-24,1.0
23733.0,0.13699080864966684,0.8627053744910216,3.038168593115776E-4
23974.0,0.9924921397284941,0.007507859987268604,2.8423708010313243E-10
24448.0,2.4434793988639286E-32,1.5185531906781933E-13,0.9999999999998481
24717.0,7.76571859460985E-11,0.9385662858294609,0.06143371409288203
24211.0,2.2253741776317543E-25,2.5984371064006E-11,0.9999999999740157
24278.0,0.0013024913319704067,0.9986828708889527,1.4637779076944185E-5
24517.0,0.0025551429921405965,0.9939763843618067,0.003468472646052822
24035.0,0.6501978757419278,0.349800954940344,1.1693177281993004E-6
23792.0,0.9111256157350869,0.08887436022737683,2.4037536318805964E-8
22959.0,8.680735701463611E-11,0.010938782067374529,0.9890612178458181
23194.0,0.2265779688885374,0.7733686245542849,5.3406557177742255E-5
23433.0,0.6090489725799214,0.39094238710392576,8.640316152908886E-6
24581.0,0.9332003521878824,0.06679959322812191,5.45839955976739E-8
24328.0,3.8429830197159E-8,0.006620224809287941,0.9933797367608819
24091.0,1.188404422274855E-4,0.8926590625579465,0.10722209699982613
23613.0,0.7042537864206811,0.2957460528061738,1.6077314511115156E-7
23854.0,0.8092679204798487,0.19073084153130224,1.2379888490284503E-6
23364.0,1.8656068503774655E-30,1.1082099351177834E-16,0.9999999999999999
23127.0,0.9778829690602853,0.022117026569638456,4.370076298973151E-9
23914.0,0.9913000010265288,0.00869999867145411,3.020170775419195E-10
23673.0,0.002419531634712636,0.9876468371971974,0.00993363116809005
24159.0,0.9024660176881699,0.09753393442646072,4.788536945029085E-8
24641.0,0.03113605434314175,0.9688536155752873,1.0330081571030097E-5
24396.0,0.043132701232127035,0.9566757071681523,1.915915997205781E-4
23059.0,0.1188472130495763,0.8810071901224732,1.4559682795057687E-4
23296.0,1.7145814560782673E-27,5.0962854490547697E-14,0.999999999999949
23732.0,7.732117460305375E-23,2.386281081609528E-9,0.9999999976137189
23975.0,0.0014139465669795938,0.9985080071831262,7.804624989429245E-5
24449.0,2.2592280712852374E-16,1.5916823943656447E-7,0.9999998408317603
24716.0,3.3799791824200985E-26,8.866815694461786E-12,0.9999999999911333
24210.0,1.99019222764754E-34,1.1431596990667072E-19,1.0
23501.0,4.3606588414902407E-17,9.906825750899657E-8,0.9999999009317425
23262.0,1.6470389334953824E-25,5.335386235930902E-13,0.9999999999994664
23019.0,0.9915163705775817,0.008483629188874237,2.3354402116973567E-10
22956.0,0.5878558358082853,0.4121441095154563,5.46762583468113E-8
23434.0,6.669990019722349E-34,8.396374004901871E-17,1.0
23193.0,0.09224946632457476,0.9076949859257287,5.5547749696443606E-5
24518.0,1.292438849657377E-28,5.298778006462919E-13,0.9999999999994701
24277.0,2.5703766564625122E-11,0.031164497830944764,0.9688355021433515
23795.0,1.7844652342462795E-21,1.027314948845031E-11,0.999999999989727
24032.0,7.709978447669522E-14,0.0015490559422243332,0.9984509440576985
23124.0,2.49238170645244E-4,0.9984793364812705,0.0012714253480841807
23367.0,1.2298423839817333E-7,0.4107227136358817,0.58927716337988
24088.0,0.0025635603928448724,0.9967616422771611,6.747973299940047E-4
24331.0,0.9946133698354737,0.005386629934063265,2.3046316152763918E-10
24582.0,8.48726126836454E-22,5.527661433750864E-6,0.9999944723385662
23853.0,0.054009908516017786,0.9459880195167061,2.0719672761417994E-6
23614.0,5.058612002991553E-19,1.9421981676299524E-8,0.9999999805780183
23299.0,0.012890488396540408,0.9869714720491646,1.380395542948852E-4
23056.0,0.005732545131814964,0.8327838493714665,0.16148360549671859
23674.0,2.3029826987509154E-6,0.9133633927334648,0.08663430428383663
23913.0,1.4056708857584717E-20,2.196946281471586E-7,0.9999997803053718
24399.0,8.173171379143066E-40,2.5915933403298198E-23,1.0
24642.0,0.98923199123114,0.01076800697355516,1.79530476730775E-9
24156.0,1.0402047397775358E-47,2.556615915883626E-23,1.0
23261.0,1.8873021178739628E-18,1.4561341179951153E-5,0.9999854386588202
23502.0,0.9993167405175295,6.83259480777897E-4,1.692693114609307E-12
23016.0,1.6377345076026844E-7,0.7291962788445281,0.27080355738202117
23972.0,3.341894678239513E-17,1.5215600789335758E-6,0.9999984784399211
23735.0,0.9537522916744833,0.046247699502273594,8.823243112214713E-9
24209.0,1.858428867958124E-14,2.606512579901413E-4,0.9997393487419913
24719.0,0.18840986159618925,0.81133711466949,2.5302373432064054E-4
24450.0,0.9552331121222074,0.044766878872889555,9.004902980018E-9
24519.0,6.39272355943044E-13,1.4206119244129794E-4,0.9998579388069194
24276.0,1.937053349061346E-34,1.3067842802461288E-20,1.0
23794.0,1.8348929589991056E-21,6.72855337602014E-11,0.9999999999327145
24033.0,7.198606663127895E-8,0.031092890520747343,0.968907037493186
22957.0,1.1617118656046984E-7,0.5677993310565598,0.4322005527722538
23435.0,0.03020365780451949,0.9695385423937168,2.577998017638185E-4
23192.0,0.9592567255042252,0.04074325907531702,1.542045783506446E-8
24089.0,0.01137764824113796,0.9885397627109264,8.258904793570589E-5
24583.0,0.9391946893827002,0.06080528578731089,2.4829988884662334E-8
24330.0,0.8276298742848761,0.17237002943924873,9.627587524852253E-8
23852.0,0.8455649246485577,0.1544348006474563,2.747039859924248E-7
23615.0,1.9129377585055632E-8,0.9704311088367149,0.029568872033907498
23125.0,0.9646595423244801,0.035340457329007854,3.4651189391829456E-10
23366.0,1.3362253260913458E-42,4.473139709338498E-22,1.0
23675.0,9.08886773990959E-22,8.007453776681464E-11,0.9999999999199255
23912.0,0.8788393273625014,0.12116011024513838,5.623923603004821E-7
24643.0,4.908036292076007E-8,5.179463884958007E-4,0.9994820045311412
24398.0,0.8314752089257311,0.16852414652462472,6.445496442019694E-7
24157.0,0.8742760439749906,0.12572356022748937,3.9579752005961655E-7
23298.0,0.994897302989069,0.005102696590171868,4.207592319844469E-10
23057.0,8.047054993904908E-7,0.005464564154512804,0.9945346311399879
23973.0,0.9900459810325017,0.009954018156876528,8.106217711640676E-10
23734.0,0.2556640275717856,0.7442723385053234,6.363392289102386E-5
24208.0,0.994449820474129,0.00555017931505881,2.108122393532989E-10
24451.0,3.2148340287764243E-14,9.45341006413851E-7,0.9999990546589614
24718.0,8.43057891132627E-17,2.319486803115987E-6,0.9999976805131967
23260.0,1.2228732723454984E-4,0.9877234290253818,0.012154283647383647
23503.0,2.8266891255614063E-16,9.52002783315007E-9,0.9999999904799718
23017.0,0.07975002438873681,0.45997536114241966,0.46027461446884355
23361.0,9.32074272763783E-12,0.0010328039280828474,0.9989671960625964
23122.0,1.1225402600216243E-7,0.055386700578317974,0.9446131871676561
23608.0,2.7220992050988387E-7,0.115830137227613,0.8841695905624665
23851.0,8.798730953240494E-32,5.1465090169266233E-17,1.0
24576.0,3.8139931690659355E-9,0.9527372139696819,0.047262782216325086
24333.0,8.799626474660293E-14,1.0564763842626763E-7,0.9999998943522735
24094.0,6.575378839009059E-21,8.159098888733723E-9,0.9999999918409012
23199.0,0.968502831719526,0.03149557621614501,1.592064328817529E-6
23436.0,2.8855718396558516E-11,1.404124611490283E-4,0.9998595875099953
22954.0,0.03269911114097805,0.9671827499429541,1.1813891606781401E-4
24038.0,0.002456273017265342,0.9909727316070167,0.006570995375717899
23797.0,0.8380602979512732,0.1619395776743388,1.243743879282581E-7
24275.0,3.2289034699472297E-47,3.6462619075260436E-26,1.0
24512.0,4.187624485541431E-6,0.9999013036518025,9.450872371195863E-5
23022.0,7.824535714423138E-5,0.9997376817197852,1.840729230706124E-4
23496.0,5.800325249712442E-14,8.792439299389602E-5,0.9999120756069481
23259.0,4.818980878543745E-19,1.420490282017714E-9,0.9999999985795096
24452.0,0.9946835818355267,0.005316416133851971,2.0306213590585734E-9
24713.0,0.004277183585424968,0.7443753405245028,0.25134747589007234
24215.0,1.9969549869850873E-12,0.02509326228125016,0.9749067377167527
23729.0,0.2029448551961039,0.7918966020089229,0.00515854279497312
23970.0,0.9919812932597201,0.008018705501048193,1.2392315632705065E-9
23062.0,2.4588145650316376E-4,0.09095743036955097,0.9087966881739459
23301.0,0.9920339516087802,0.007966036805680015,1.1585539806507745E-8
24154.0,1.5543360331597286E-5,0.7294115500793809,0.27057290656028754
24644.0,6.542172168685717E-11,0.0057882231078129846,0.9942117768267653
24393.0,0.05234400862687024,0.43046687842028253,0.5171891129528472
23919.0,3.898433154513815E-27,2.03523931551125E-14,0.9999999999999797
23676.0,8.437026998165492E-4,0.9991131311538517,4.316614633166792E-5
23609.0,2.4848520149558984E-5,0.9495283651041934,0.05044678637565706
23850.0,0.011933289780108486,0.9880469601907718,1.9750029119623344E-5
24577.0,0.04509493376025896,0.7798350106453105,0.17507005559443056
24332.0,5.741998234473178E-27,7.85885245001251E-15,0.9999999999999921
24095.0,2.1051685460334163E-31,1.440544292093934E-17,1.0
23360.0,7.790192955680496E-19,5.201752319984613E-9,0.9999999947982476
23123.0,8.864637410689949E-19,1.3620378864148343E-7,0.9999998637962114
24039.0,0.8828566131493678,0.11713538446700501,8.002383627282438E-6
23796.0,7.527329634976538E-27,2.5598532822422317E-16,0.9999999999999998
24274.0,4.1069562412910824E-23,1.4693573689663865E-12,0.9999999999985306
24513.0,3.016909024247336E-17,1.783245908632909E-9,0.9999999982167541
23198.0,0.9699715769083406,0.03002841877005241,4.32160705806398E-9
23437.0,0.0061530050526486055,0.9937178830298276,1.291119175239634E-4
22955.0,3.2493041317229583E-8,0.00509486658593126,0.9949051009210275
24712.0,0.04099439350314353,0.9586877256625868,3.1788083426961854E-4
24453.0,0.9944905678003025,0.005509431905867688,2.9382960769564917E-10
24214.0,0.9217245982575617,0.0782753170492078,8.469323049419473E-8
23728.0,2.6856541542986007E-15,3.8542953206014815E-8,0.9999999614570441
23971.0,0.06622457639307837,0.9331776133573233,5.978102495983289E-4
23023.0,3.5886720963338603E-12,1.7319026369745233E-7,0.9999998268061476
23497.0,1.0944722610768828E-5,0.13544877289778773,0.8645402823796016
23258.0,1.1978772324470704E-30,1.4759798787145357E-14,0.9999999999999852
24155.0,1.3167732228908467E-6,0.19857080375058458,0.8014278794761924
24645.0,0.8679462440555142,0.13205369435381112,6.159067458979532E-8
24392.0,0.8461172773214761,0.15388264066823243,8.20102915890389E-8
23918.0,0.007370803969124634,0.9926173277128453,1.186831803005092E-5
23677.0,6.695435287502949E-36,1.0699831781945083E-23,1.0
23063.0,0.23478068233154759,0.7652186252612411,6.924072114103201E-7
23300.0,0.9890565903051618,0.01094340917971921,5.15118857207336E-10
23120.0,2.6343688624091754E-6,0.005882265253034667,0.994115100378103
23363.0,0.15725312412994633,0.8427226691861713,2.420668388227457E-5
23849.0,7.053586684732187E-8,0.11902723978788976,0.8809726896762434
23610.0,1.1572182942485036E-10,1.2437476483389231E-5,0.9999875624077948
24092.0,1.381351137426697E-4,0.9680162065422034,0.031845658344054
24578.0,2.117696256268332E-41,2.403374823432915E-21,1.0
24335.0,1.227343842485595E-15,8.705955369396982E-7,0.9999991294044618
23438.0,5.264437235511784E-24,2.675251779157664E-12,0.9999999999973248
23197.0,1.1161701726216098E-22,2.2921713124883703E-11,0.9999999999770783
22952.0,0.016826355981043362,0.9831233390225542,5.0304996402451E-5
23799.0,1.4481320593292028E-4,0.994192541105911,0.005662645688156163
24036.0,3.368362222491289E-13,0.01339358787771964,0.9866064121219436
24514.0,8.491244918027942E-18,2.01319466118094E-8,0.9999999798680533
24273.0,1.0108970719943777E-4,0.3876342691359171,0.6122646411568835
23020.0,3.3287809427201967E-25,1.8163620777789025E-14,0.9999999999999818
23257.0,0.8802399736002742,0.11975996281242815,6.358729753632636E-8
23498.0,3.451879359912416E-4,0.9949446545003527,0.004710157563655967
24213.0,0.012176298455081678,0.9868447233498486,9.789781950697788E-4
24454.0,0.5708097708208894,0.4291901214987267,1.0768038405865467E-7
24715.0,2.120244511192716E-11,2.6180598251357326E-4,0.999738193996284
23968.0,0.8613762582712217,0.13860239216642165,2.1349562356650926E-5
23731.0,1.8749947455801247E-33,6.1614807600777735E-21,1.0
23303.0,4.998426475703009E-25,2.6049558882398946E-14,0.999999999999974
23060.0,1.4493055801466085E-29,8.837338068049281E-14,0.9999999999999116
24395.0,1.3824529339696533E-5,0.9994053409608693,5.808345097909702E-4
24646.0,0.05700499829651388,0.9429944288590675,5.728444186292667E-7
24152.0,3.051498258102799E-21,1.1022527994222281E-10,0.9999999998897748
23678.0,0.005556328361248288,0.9943413370220847,1.0233461666689521E-4
23917.0,0.4062151737838061,0.5937800278132154,4.798402978484806E-6
23848.0,0.0022977798183970214,0.9753548823096106,0.0223473378719923
23611.0,0.055047038877524074,0.9000757972465124,0.04487716387596354
24093.0,3.3447562125597506E-7,0.28737670511632823,0.7126229604080505
24334.0,8.601433465462379E-16,0.0012860687605448214,0.9987139312394543
24579.0,5.486811123199501E-18,2.286605021570779E-5,0.9999771339497843
23121.0,1.0870954589822806E-15,4.41141511917903E-5,0.9999558858488071
23362.0,0.04296140166505731,0.956904872200751,1.3372613419152836E-4
23798.0,6.233291811162328E-11,3.806736368216086E-4,0.9996193263008455
24037.0,3.8696855133539615E-9,0.978621273070114,0.02137872306020037
24515.0,0.10748032506053876,0.8725948135586821,0.01992486138077916
24272.0,0.10256469191315819,0.8947979067255301,0.0026374013613118075
23439.0,0.652026855892785,0.3479705344481086,2.609659106389126E-6
23196.0,9.475177236122213E-41,5.351405255011936E-23,1.0
22953.0,0.9856070191186151,0.014392979954490247,9.268947095717776E-10
24212.0,0.9861713829669752,0.013828613780136926,3.2528880231328703E-9
24714.0,1.1169943165597265E-17,2.7787831799687337E-9,0.9999999972212168
24455.0,2.2994181876160644E-18,8.365179774586314E-6,0.9999916348202255
23969.0,1.2249034401657163E-5,0.5681150163052539,0.4318727346603446
23730.0,0.8435146853628382,0.15647804818109573,7.266456066079181E-6
23021.0,0.9196478939301905,0.08035208845913713,1.761067230826721E-8
23256.0,3.202331968038165E-26,9.588599528577749E-14,0.9999999999999041
23499.0,2.5837387294972938E-11,0.19123835067463915,0.8087616492995233
24647.0,4.191328846869645E-32,4.500274373744577E-15,0.9999999999999954
24394.0,0.9655098794565325,0.03449011305786972,7.485597763796845E-9
24153.0,0.576218646211266,0.4237812157205387,1.3806819539303198E-7
23679.0,3.5118148848235856E-23,2.0413143836078616E-11,0.9999999999795869
23916.0,1.4838902656454867E-45,1.8546853064638182E-23,1.0
23302.0,0.058449532474048674,0.9410925314029074,4.579361230438492E-4
23061.0,3.849169478960185E-5,0.0620518093365679,0.9379096989686425
23907.0,0.005283806975990486,0.9947142435279374,1.949496072032194E-6
23664.0,1.4799803518609771E-5,0.9811310085031107,0.018854191693370572
24150.0,1.1149559256116105E-6,0.047128673842155806,0.9528702112019186
24648.0,0.8137847333645196,0.18621517927539954,8.736008082340754E-8
24389.0,7.470595884613654E-17,8.859898325627378E-4,0.9991140101674372
23066.0,4.206297212683826E-4,0.9994859258386792,9.344444005240198E-5
23305.0,9.258831588909376E-21,1.7492686932469426E-11,0.9999999999825073
23741.0,0.003660079638905242,0.7629947294636427,0.23334519089745206
23982.0,3.09824971414247E-32,4.9464044108697626E-14,0.9999999999999506
24456.0,0.7126808037724356,0.28731630795061935,2.888276945102285E-6
24709.0,3.391104336827382E-7,0.9984566595993135,0.0015430012902527483
24219.0,0.013024477783460992,0.9868761323968356,9.938981970349796E-5
23492.0,1.654253486632433E-6,0.9981885647695693,0.0018097809769439981
23255.0,1.5250901728465105E-17,3.20160053172045E-7,0.9999996798399468
23010.0,0.6163263537011238,0.3836721022949785,1.5440038975850668E-6
24287.0,1.6356311868844386E-21,1.5146000594918183E-11,0.999999999984854
24524.0,0.9878338574443924,0.012166142436529834,1.1907770284213658E-10
24042.0,0.019880801788437916,0.9800793951552779,3.98030562842492E-5
23801.0,0.21199966974867934,0.7829267128879025,0.005073617363418254
23187.0,5.364466610108334E-16,1.1418699157430484E-4,0.9998858130084252
23424.0,0.9964414627967086,0.0035585350984606427,2.104830819580118E-9
24321.0,5.598189704355687E-24,5.796668927000251E-11,0.9999999999420333
24588.0,3.170391079029401E-7,0.7809358040707616,0.21906387889013054
24082.0,1.0296198609492418E-5,0.9986955928663663,0.001294110935024208
23604.0,0.0057930193469500815,0.9941974480617368,9.532591313029662E-6
23847.0,0.994897302989069,0.005102696590171868,4.207592319844469E-10
23373.0,3.848568912365295E-4,0.9993119275392638,3.032155694998631E-4
23134.0,1.0455871955735074E-10,0.5069880920035059,0.4930119078919354
23067.0,0.10282193355897994,0.8970262685078186,1.517979332015026E-4
23304.0,0.0015533152332195567,0.998424398158681,2.2286608099531575E-5
23906.0,0.8301087712679363,0.16989117979316426,4.893889947321018E-8
23665.0,0.26760411997302197,0.7143370199589215,0.018058860068056473
24151.0,0.6462906366001056,0.3537093429338951,2.0465999493855412E-8
24388.0,0.5838603728936382,0.4161394727583579,1.5434800393681226E-7
24649.0,1.0354838626440397E-9,9.247355411143737E-6,0.9999907516091051
23493.0,0.013713241123611632,0.9849709399526377,0.001315818923750619
23254.0,8.068187007790279E-10,0.001238057371776961,0.9987619418214043
23011.0,0.9988885680246483,0.0011114319615045407,1.3847157216453818E-11
23740.0,0.5399347958962301,0.4600623958500739,2.808253695974712E-6
23983.0,6.020395440661287E-4,0.9930095162301105,0.006388444225823386
24708.0,5.499900858162269E-23,6.376024559220153E-12,0.9999999999936239
24457.0,0.08706546201081958,0.9129257989319275,8.739057252952801E-6
24218.0,1.1752464352753631E-30,2.959683286769453E-13,0.999999999999704
23186.0,0.12003688393891634,0.8799613924624405,1.7235986431172556E-6
23425.0,1.3812662978476158E-4,0.9994915865750413,3.7028679517387515E-4
24286.0,9.587075126631262E-7,0.4450007393139207,0.5549983019785666
24525.0,5.374806826421357E-7,2.6356799134634788E-5,0.9999731057201827
24043.0,0.005311147420965513,0.9926924698480615,0.001996382730972898
23800.0,0.8668628139335028,0.13313712228968405,6.377681295681687E-8
23372.0,1.749065031578659E-6,0.9997148955453391,2.8335538962921024E-4
23135.0,4.0677911084760226E-11,0.0034587661558369764,0.9965412338034852
24320.0,2.0188334059922025E-7,0.9215959695052267,0.07840382861143265
24589.0,1.5001135575972801E-25,9.110403585814127E-11,0.999999999908896
24083.0,2.923862411259749E-24,8.405971443017323E-12,0.9999999999915941
23605.0,8.29268848829187E-15,0.007283622463408228,0.9927163775365835
23846.0,0.0036147575547630334,0.8425516993884954,0.15383354305674157
23666.0,0.9936431288519607,0.006356870897318688,2.5072060882311215E-10
23905.0,4.683099318170226E-50,1.4967551866622178E-26,1.0
24650.0,3.805771179174094E-37,1.1255594425891743E-19,1.0
24391.0,0.01038352856697526,0.989615271891109,1.1995419157162125E-6
24148.0,7.0116703151328145E-9,0.16028411216472474,0.8397158808236049
23307.0,0.8707362129552323,0.12926305922454717,7.278202205365062E-7
23064.0,3.3542514982179246E-17,1.6522206469588474E-4,0.9998347779353041
23980.0,0.9922326544796731,0.007767344441801189,1.0785256724014492E-9
23743.0,0.008093997642453147,0.9895036116778654,0.0024023906796813996
24217.0,1.692652788885993E-38,1.4595221079929873E-21,1.0
24711.0,0.9925539352111027,0.007446064552269823,2.3662744039274883E-10
24458.0,1.374530746823885E-17,1.0657179226888375E-6,0.9999989342820773
23253.0,3.9246717233590613E-25,2.8771308256687426E-10,0.9999999997122869
23494.0,0.41202360144784933,0.587964327584745,1.2070967405467062E-5
23008.0,9.679018355302095E-21,1.0269503723520885E-8,0.9999999897304962
24526.0,1.1640689944279838E-7,1.910200945882442E-4,0.9998088634985123
24285.0,2.232078234727803E-53,1.2223029959779533E-25,1.0
23803.0,6.873440455902198E-28,3.5840623206918395E-14,0.9999999999999643
24040.0,3.068700909549001E-24,4.830342589294164E-13,0.9999999999995169
23426.0,0.9847744816804512,0.015225506654009076,1.166553975301673E-8
23185.0,7.026658572517637E-50,3.688581844628959E-30,1.0
24080.0,0.9686053608544538,0.03139348599641807,1.1531491281241212E-6
24323.0,0.4280497251317201,0.5719502272060262,4.766225379087907E-8
24590.0,0.8008794050028477,0.1991159464451793,4.64855197306461E-6
23845.0,0.9587319795091944,0.041268013864514855,6.626290648667058E-9
23606.0,0.9946133698354737,0.005386629934063265,2.3046316152763918E-10
23132.0,1.4111314324042406E-8,0.02594503646532298,0.9740549494233627
23375.0,1.0344821942029524E-19,5.055560754063692E-9,0.9999999949444393
23306.0,0.01680275563489479,0.9830854947091731,1.1174965593208448E-4
23065.0,2.6480967922410588E-24,6.853600165607633E-12,0.9999999999931464
23667.0,0.9502792310320829,0.04972075652346093,1.244445617090079E-8
23904.0,3.743722505397664E-7,0.19947063546331686,0.8005289901644326
24390.0,6.180115392355697E-4,0.993172400275656,0.006209588185108254
24651.0,7.54047588551605E-17,2.545305914517575E-8,0.9999999745469408
24149.0,0.06651100864347614,0.92528990442696,0.008199086929563826
23252.0,5.96988823697709E-9,0.004299441052692152,0.9957005529774197
23495.0,0.0014414998979769154,0.07852194990864944,0.9200365501933737
23009.0,0.9919281302852616,0.008071869275661383,4.390769350219022E-10
23981.0,2.535523771049924E-22,6.719453820736591E-10,0.9999999993280546
23742.0,0.43481988441745123,0.5651798336886577,2.8189389112318985E-7
24216.0,7.32454398108037E-12,0.01873972840045392,0.9812602715922215
24459.0,0.7291649739202719,0.27083432752140896,6.985583191300046E-7
24710.0,5.212717974345056E-29,1.3382655890481882E-14,0.9999999999999866
23427.0,3.8613619966063334E-28,2.2494371136045023E-14,0.9999999999999776
23184.0,1.0072436543491688E-10,0.021075738881922875,0.9789242610173527
24527.0,0.9578617194231828,0.04213827311686548,7.459951753300187E-9
24284.0,8.250424844697365E-18,1.7533071090610526E-10,0.9999999998246691
23802.0,2.289628903864226E-9,4.1224945875946125E-4,0.9995877482516116
24041.0,0.011008427016041222,0.9875817636808534,0.001409809303105332
23133.0,4.660155324301881E-4,0.9863473797083068,0.01318660475926308
23374.0,1.4923961244363578E-4,0.9810559459746113,0.018794814412945046
24081.0,3.058968032748213E-4,0.9985295380871945,0.001164565109530637
24591.0,0.002314431815816869,0.9680522417039564,0.029633326480226596
24322.0,0.5844130754752761,0.41558559128234757,1.3332423762974976E-6
23844.0,0.1497569370299593,0.8502377048797746,5.3580902662063165E-6
23607.0,7.358571535378168E-7,0.44595589411556474,0.5540433700272817
24705.0,1.2722863454841532E-68,2.9561819029706685E-38,1.0
24460.0,0.049173372380525326,0.9507584979270919,6.812969238281511E-5
24223.0,7.570731632742314E-20,3.0920652000725725E-6,0.9999969079347999
23737.0,0.6559544920998662,0.3440452918341836,2.160659501373895E-7
23978.0,0.00874064889954414,0.9906445195984394,6.148315020164955E-4
23014.0,0.9550647068494571,0.044935287761378846,5.38916397087065E-9
23488.0,1.5867977603571305E-52,2.707241583536742E-23,1.0
23251.0,7.2202079094146595E-12,8.207320423782119E-5,0.9999179267885421
24146.0,0.33379099956663216,0.6504090593578628,0.01579994107550505
24652.0,1.6666461907228458E-4,0.34153612025100794,0.6582972151299197
24385.0,0.7141314667249986,0.2858676366209168,8.966540845456247E-7
23911.0,1.990514159305925E-10,0.07444940927128932,0.9255505905296594
23668.0,0.9806346421521559,0.019365355751228396,2.096615719304592E-9
23070.0,9.981060704715675E-11,0.015310352342483754,0.9846896475577056
23309.0,6.046503215871413E-4,0.883488465873618,0.11590688380479487
23600.0,1.4917457235197767E-28,3.1702716416117504E-14,0.9999999999999684
23843.0,0.9943509344714256,0.005649065005295509,5.232788689226221E-10
24325.0,0.17882508737269567,0.8208287867380667,3.461258892377023E-4
24584.0,0.9822113205622539,0.01778867583854606,3.5992000305511236E-9
24086.0,1.9289881423934724E-16,3.485395796814117E-7,0.9999996514604202
23369.0,5.508607763200639E-9,0.002727111500870743,0.9972728829905214
23130.0,0.994449820474129,0.00555017931505881,2.108122393532989E-10
24046.0,1.6854438091278915E-15,9.476360915808158E-5,0.9999052363908402
23805.0,0.524211869547217,0.4757823071480228,5.823304760240689E-6
24283.0,0.02365089318693941,0.9763254779123427,2.3628900717836896E-5
24520.0,0.014260484524004484,0.984986505304169,7.530101718265589E-4
23191.0,0.020842709198216066,0.9791116598300065,4.563097177753182E-5
23428.0,0.14853602212744513,0.8514624582645182,1.5196080367287947E-6
23015.0,1.25437252812572E-7,0.6941303664652237,0.30586950809752345
23489.0,0.975882225995964,0.024117769938081707,4.065954514751882E-9
23250.0,4.485090042214297E-16,1.4526648573284537E-7,0.9999998547335138
24704.0,1.8273288755550474E-30,1.654753398435142E-14,0.9999999999999835
24461.0,1.0964508827694624E-9,4.8638824805139265E-5,0.9999513600787441
24222.0,3.251179422399475E-14,4.753717623983031E-8,0.9999999524627913
23736.0,1.5208321514842693E-23,1.290847219280498E-11,0.9999999999870915
23979.0,0.004226176083378899,0.9950437414296345,7.300824869866135E-4
23071.0,0.7864865317378945,0.21351342782461788,4.043748756266874E-8
23308.0,0.0013086061598299153,0.9986608580386219,3.053580154816656E-5
24147.0,2.9916940879942197E-40,4.9519517877109536E-21,1.0
24653.0,7.826060160639806E-13,1.1134542060009918E-6,0.9999988865450113
24384.0,0.019609110178494985,0.9760103572372708,0.00438053258423416
23910.0,3.520123497586116E-19,2.709178507467999E-7,0.9999997290821493
23669.0,0.9932056494428444,0.006794350228361529,3.287941540972642E-10
23368.0,2.568568233174742E-20,1.4840544425920916E-7,0.9999998515945557
23131.0,2.486140771534963E-36,7.755738669198707E-17,0.9999999999999999
23601.0,2.000391492102816E-6,0.6213061147898312,0.3786918848186767
23842.0,4.3569075239280395E-14,8.367519571225444E-7,0.9999991632479993
24324.0,1.8055392587232078E-8,8.327444796090249E-5,0.9999167074966464
24585.0,1.9922445587850384E-22,8.651957779287908E-10,0.9999999991348042
24087.0,1.1849390825327653E-24,7.397704117597219E-14,0.999999999999926
23190.0,0.9755175443861561,0.024482453842381395,1.7714626250541516E-9
23429.0,0.9978568944752749,0.0021431046267193178,8.980057184968272E-10
24047.0,0.004119826265735991,0.9934904998851379,0.002389673849126243
23804.0,7.215096873784216E-28,2.2352284405272682E-13,0.9999999999997765
24282.0,1.4422398003494004E-26,5.471140061245613E-11,0.9999999999452885
24521.0,0.8224035843830988,0.17753536550855686,6.105010834431675E-5
24221.0,6.586406296332524E-24,1.413523121933269E-10,0.9999999998586476
24462.0,8.957663433449584E-29,6.678508234478123E-14,0.9999999999999332
24707.0,0.10675091900827603,0.7904846332914582,0.10276444770026574
23976.0,9.88865116207748E-17,5.264208381466541E-9,0.9999999947357915
23739.0,4.898993077970361E-11,0.005531584280028858,0.9944684156709811
23012.0,0.5228536631478686,0.47551439235224,0.0016319444998912963
23249.0,0.9948945060914051,0.00510549357921375,3.293813122076931E-10
23490.0,1.7972116345803997E-15,1.7339765112977238E-5,0.9999826602348854
24387.0,0.00319725218738493,0.9874702818557842,0.009332465956830726
24654.0,3.3551253512834944E-46,3.090660235096925E-24,1.0
24144.0,0.08462731032239952,0.915361349328866,1.134034873458502E-5
23670.0,0.9953923849876032,0.004607614839105668,1.7329096976444746E-10
23909.0,0.42920574826741575,0.5707925880181373,1.6637144469805844E-6
23311.0,2.9097622415467714E-6,0.023380983286377315,0.976616106951381
23068.0,1.05041401561716E-11,1.3217859576828148E-5,0.999986782129919
23841.0,0.09911736171928658,0.8885405133569114,0.012342124923801956
23602.0,0.2969728447318621,0.7030268976185085,2.576496294317304E-7
24084.0,7.0759976679244E-7,0.9983080771321527,0.0016912152680804676
24327.0,8.739239729094068E-35,8.311287657679807E-19,1.0
24586.0,0.04569772711902039,0.9542763012848919,2.5971596087655865E-5
23128.0,1.995516758172418E-4,0.9790184551238712,0.02078199320031159
23371.0,1.5881567197473295E-12,7.736446389740661E-4,0.9992263553594377
23807.0,1.3376677579875279E-8,8.015665885364452E-4,0.999198420034786
24044.0,7.281430666974973E-5,0.723495381569114,0.27643180412421625
24522.0,2.2759336460126916E-9,0.30885912159699175,0.6911408761270746
24281.0,5.6792083537676006E-27,4.387047682768789E-14,0.9999999999999561
23430.0,3.823882043675067E-8,0.2185276870060631,0.7814722747551166
23189.0,2.9799836582016106E-4,0.9996744532443399,2.7548389839989023E-5
23013.0,1.1313815290500796E-11,0.024872005480830527,0.9751279945078556
23248.0,0.015526780829551683,0.9844713717974095,1.8473730388892454E-6
23491.0,0.003683877476155525,0.988869149194537,0.007446973329307495
24220.0,0.9908875431463999,0.009112456272147731,5.814524619457391E-10
24706.0,0.3198789035537154,0.6800989057220174,2.2190724267145914E-5
24463.0,0.9917807360343253,0.008219263704475984,2.61198827736499E-10
23977.0,0.011698595728347928,0.9803816123748536,0.007919791896798532
23738.0,1.0074589045531809E-7,0.06913623914738039,0.9308636601067292
23310.0,1.022949297870914E-4,0.7815694172209893,0.2183282878492237
23069.0,3.401470928696719E-12,9.087935893826453E-8,0.9999999091172397
24386.0,5.452007340923485E-7,0.0024338955604340583,0.997565559238832
24655.0,0.011794838518004721,0.9882032114600021,1.950021993127387E-6
24145.0,0.9986200815360402,0.0013799184173578216,4.660208857374469E-11
23671.0,3.4370978472834067E-17,5.973425681477922E-9,0.9999999940265742
23908.0,6.907444942765738E-47,2.4370693612365543E-23,1.0
23129.0,0.0012272476384285241,0.9914218661589957,0.007350886202575782
23370.0,0.7870458745981883,0.2129537468658658,3.78535945847061E-7
23840.0,3.376565134014499E-12,0.0010417724502460527,0.9989582275463774
23603.0,6.23690370371495E-7,0.05411162604861735,0.9458877502610122
24085.0,1.4213817759045116E-25,1.6016992441232174E-11,0.9999999999839829
24587.0,4.965983183039969E-4,0.9116114553395547,0.08789194634214133
24326.0,1.2960098328494765E-5,0.918026095842907,0.08196094405876453
23431.0,0.0018851082546199323,0.9981146137177688,2.7802761117367926E-7
23188.0,7.210154742576101E-18,5.8286894773022686E-8,0.9999999417131052
23806.0,5.3799673442783424E-17,1.344388857646644E-8,0.9999999865561113
24045.0,2.3084312249840346E-6,0.9930180841979245,0.006979607370850508
24523.0,4.071840161705406E-6,0.984016910692104,0.015979017467734346
24280.0,0.0170033070970642,0.9730502847789982,0.009946408123937604
24262.0,4.6586287566028636E-21,2.1304828622912298E-11,0.9999999999786953
24533.0,1.9650682827400432E-21,5.816127009452907E-13,0.9999999999994184
24051.0,6.461601089956544E-28,7.414699593143063E-16,0.9999999999999992
23776.0,4.669884423261144E-22,7.933049687648703E-13,0.9999999999992066
22975.0,0.02901304427810017,0.9709297569075662,5.719881433361266E-5
23178.0,5.120097010149246E-4,0.9921540405297083,0.007333949769276765
23449.0,2.575953169976797E-4,0.660879054013796,0.3388633506692063
24344.0,5.372705505100302E-7,0.04858552597432475,0.9514139367551248
24597.0,2.452993277144843E-4,0.9966016024391322,0.0031530982331533443
24075.0,1.0646310557662277E-11,1.4460869008421296E-5,0.9999855391203453
23597.0,1.500578227867519E-18,3.2750030306494915E-9,0.9999999967249971
23870.0,3.623564476677868E-12,0.0010360468862256678,0.9989639531101506
23380.0,3.147180609456194E-14,0.0012002542318067678,0.9987997457681618
23111.0,9.048726538948785E-6,0.9899309516142586,0.010059999659202366
23930.0,0.9918768959109949,0.008123103877755212,2.1124987967654105E-10
23657.0,1.4160326240535088E-36,1.8201851006524558E-20,1.0
24143.0,0.07115958422562105,0.928837373933243,3.0418411358404317E-6
24657.0,0.9897276404957559,0.010272357559878242,1.94436583116858E-9
24412.0,0.003922408772308089,0.9945350306048586,0.0015425606228331938
23043.0,1.6822182342540176E-4,0.639546432910512,0.3602853452660625
23312.0,0.19936838897796033,0.8006292936031115,2.317418928175163E-6
23716.0,0.08872882762101374,0.9024204933649901,0.008850679013996221
23991.0,0.5057546504328464,0.49424251129327096,2.8382738826479877E-6
24465.0,0.8678997928702034,0.13210011748715653,8.964264009678849E-8
24732.0,0.6661065062065684,0.33389345461601183,3.917741962666189E-8
24194.0,0.06758550757955281,0.9324136656785529,8.267418942813866E-7
23517.0,0.8364595004589049,0.16353977160207026,7.279390246242936E-7
23246.0,0.9939045941351397,0.006095405698944989,1.6591528104499906E-10
23035.0,4.764149827219135E-4,0.9374374626618843,0.06208612235539364
22974.0,2.3926318933234274E-9,2.923381732362978E-5,0.9999707637900443
23179.0,1.0264148072780016E-7,0.9747053449783367,0.025294552380182456
23448.0,0.39964825883123456,0.6003515661016899,1.7506707534806952E-7
24263.0,0.9539415232762193,0.0460584745382631,2.1855174506990062E-9
24532.0,3.6014865937409897E-10,1.4427315987062248E-4,0.9998557264799807
24050.0,0.8017960438621766,0.19820271105465487,1.24508316844135E-6
23777.0,3.165046751413646E-14,2.1511660126908745E-4,0.9997848833986992
23381.0,0.994449820474129,0.00555017931505881,2.108122393532989E-10
23110.0,0.8430455564795889,0.15694496994241872,9.47357799245083E-6
24345.0,1.0270603179753838E-25,7.57971517514372E-15,0.9999999999999925
24596.0,6.7730320050994025E-28,3.990448451355809E-14,0.9999999999999601
24074.0,0.987700973187662,0.012299016205398073,1.060693987278889E-8
23596.0,1.0649486840821305E-50,8.844446060381099E-30,1.0
23871.0,6.784704961861158E-5,0.4979359283128798,0.5019962246375015
23042.0,5.216344782637948E-32,2.1455733536383593E-16,0.9999999999999998
23313.0,4.5960073374193673E-10,3.074237327529005E-5,0.9999692571671239
23931.0,2.321424434261584E-4,0.9997050603246658,6.279723190816364E-5
23656.0,1.3451925997228382E-9,0.001141735051649933,0.9988582636031574
24142.0,1.288728948875986E-9,0.025137829363425047,0.9748621693478461
24413.0,3.554476535897765E-23,9.556181232774708E-12,0.9999999999904439
24656.0,0.08018716221868327,0.9197435348532064,6.930292811025492E-5
23516.0,2.0905027821814363E-13,3.332063996472558E-4,0.9996667936001438
23247.0,0.9952221535270327,0.0047778463255920955,1.473752452660168E-10
23034.0,4.155837012046138E-5,0.997906007964021,0.002052433665858371
23717.0,2.591466447095874E-18,2.3032124435484968E-10,0.9999999997696788
23990.0,0.5899955906289754,0.4099983637641768,6.045606847688646E-6
24464.0,1.2968843045082037E-9,0.13463066807236143,0.8653693306307542
24733.0,0.994449820474129,0.00555017931505881,2.108122393532989E-10
24195.0,0.5117751523070219,0.48821900341321767,5.844279760418107E-6
24535.0,0.056351471962771474,0.9436445272930597,4.000744168879796E-6
24260.0,0.901956274438742,0.09804370375079312,2.181046479958543E-8
23778.0,0.24337694073529512,0.7151498658075623,0.041473193457142545
24049.0,1.877517780023844E-34,3.421353665827467E-19,1.0
22973.0,0.9613934558223581,0.0386065306273352,1.355030666083055E-8
23451.0,0.3266650181212048,0.6732961106413367,3.887123745847933E-5
23176.0,0.054476736799281465,0.9455116537449724,1.1609455746207615E-5
24073.0,4.240046561078875E-4,0.9995742922681452,1.7030757469841608E-6
24599.0,0.9939240021195672,0.00607599755638701,3.2404574715798166E-10
24346.0,0.6195361549891132,0.3804608703272697,2.974683617038593E-6
23868.0,0.35946964525681263,0.6405272459343486,3.1088088386257446E-6
23599.0,0.9825545431606902,0.01744545378657233,3.0527373139152263E-9
23109.0,0.22782972610092986,0.7711831422904812,9.871316085887742E-4
23382.0,5.650630906847047E-6,0.015573935602581537,0.9844204137665116
23659.0,7.295808368945327E-38,3.3464318395102482E-21,1.0
23928.0,0.09356980066871647,0.9063457540804978,8.444525078571267E-5
24414.0,4.6839991320595027E-35,1.0533471439392323E-15,0.9999999999999989
24659.0,3.601875120650332E-15,0.0025835430082997214,0.9974164569916966
24141.0,0.94705866014411,0.05294120261765334,1.3723823674826317E-7
23314.0,0.10954814743186647,0.8900289464851324,4.2290608300108974E-4
23041.0,0.9937656216990448,0.006234378043165918,2.5778912184271935E-10
23989.0,8.146261905525608E-9,0.04959562340025693,0.9504043684534812
23718.0,4.596604397575205E-14,9.148414915005498E-6,0.9999908515850391
24192.0,0.9233714783189437,0.0766044638073676,2.405787368865284E-5
24467.0,9.827855734111177E-13,0.007272716727100308,0.992727283271917
24734.0,1.9995550962625142E-22,4.501441787988131E-13,0.9999999999995499
23244.0,0.10365672824471288,0.8961958609205605,1.4741083472667886E-4
23519.0,4.109835701789216E-7,0.0323510271874362,0.9676485618289936
23033.0,2.2737385455401803E-6,0.014800061085808076,0.9851976651756463
22972.0,6.890837297966966E-36,1.4037340808274192E-21,1.0
23450.0,0.9456196054945916,0.05438039046289333,4.0425150630485E-9
23177.0,5.9877457095904173E-5,0.8920746172613501,0.10786550528155397
24534.0,3.392420308002274E-23,4.017705738302446E-9,0.9999999959822943
24261.0,0.9921280499332603,0.007871949464421069,6.023186684611517E-10
23779.0,4.0018058572336056E-7,0.05024305804323447,0.9497565417761799
24048.0,4.3039374734011884E-14,6.564978517812657E-5,0.9999343502147788
23108.0,5.649607090947125E-16,1.2202299278661255E-6,0.9999987797700716
23383.0,3.0078220428301703E-15,7.859250159065366E-7,0.9999992140749812
24072.0,6.884455227672649E-39,1.330861116104302E-19,1.0
24347.0,3.784264906792567E-17,8.924040131173729E-6,0.9999910759598687
24598.0,2.9346596538940694E-20,2.434751147870401E-6,0.9999975652488522
23869.0,1.5503061015577298E-26,3.1824519029337086E-10,0.9999999996817549
23598.0,6.0882120461748044E-18,1.110591627000952E-9,0.9999999988894084
23315.0,0.003067999934614575,0.9969249689025615,7.03116282371155E-6
23040.0,1.6793684222776144E-6,0.8916863366936042,0.10831198393797355
23658.0,0.6876048475267518,0.3123937716705866,1.380802661582752E-6
23929.0,1.2112013713871738E-19,6.077098473066222E-7,0.9999993922901528
24415.0,1.0406865144960185E-28,1.938780211137461E-13,0.999999999999806
24658.0,0.4639665839482893,0.5360297204258905,3.6956258202121156E-6
24140.0,1.8443617209186247E-26,4.520183228852992E-18,1.0
23245.0,1.4625566023477403E-47,1.8636487398673583E-24,1.0
23518.0,5.863009557403916E-40,4.352737692389442E-23,1.0
23032.0,3.322684291316608E-5,0.1892409425618077,0.8107258305952793
23988.0,0.016086956620744036,0.9828377011058351,0.0010753422734208246
23719.0,2.0309998966514855E-23,4.0960677289261795E-7,0.9999995903932272
24193.0,3.174286636895681E-14,1.6579914562882747E-4,0.9998342008543395
24466.0,4.96163208124198E-32,1.0087849367605521E-16,0.9999999999999998
24735.0,4.077177275915477E-9,0.028139054856057458,0.9718609410667653
23593.0,0.0014546524196183124,0.6542136977823554,0.3443316497980264
23866.0,0.003615673788298312,0.9954530248297394,9.313013819622491E-4
