22958.0,2.0557870781990305E-6,0.9999977816878054,1.6252511651924483E-7
23195.0,2.5322826744869155E-5,0.9999746649116428,1.2261612369352678E-8
23432.0,3.890108001139092E-18,1.683590388267184E-5,0.9999831640961174
24279.0,0.12007003598929472,0.8792525792985889,6.773847121163654E-4
24516.0,2.677057358773395E-16,6.920155963342127E-4,0.9993079844036655
24034.0,0.14481444657829912,0.8549623587045843,2.2319471711669276E-4
23793.0,3.670789114249589E-10,0.6478267038352125,0.35217329579770856
23365.0,7.077862425995889E-26,3.93748746992155E-10,0.9999999996062513
23126.0,0.9949022575191006,0.005097742207811363,2.7308819644171037E-10
24329.0,2.4815261773472624E-5,0.8182138070518633,0.18176137768636316
24580.0,0.8639082090808236,0.13609178910667719,1.8124992547802022E-9
24090.0,9.328016347087357E-13,0.00298145777777325,0.9970185422212939
23612.0,0.9996630659327974,3.369340669975025E-4,2.0490682902366198E-13
23855.0,0.830491781971675,0.16950821726741078,7.60914284391301E-10
23058.0,0.9516608051071708,0.04833919383962693,1.053202263765352E-9
23297.0,2.6828107298363366E-28,4.839663715230203E-12,0.9999999999951603
23915.0,1.0824174883822223E-4,0.9978177891724685,0.0020739690786931893
23672.0,0.05283651094948822,0.9468675177198617,2.959713306500489E-4
24158.0,0.001307340343836694,0.47639786750253094,0.5222947921536323
24640.0,0.4755643915115025,0.5244356078654732,6.230245461121441E-10
24397.0,4.414408904306224E-21,3.669264631918257E-8,0.9999999633073537
23500.0,0.8864125238153044,0.11358746409413262,1.2090562947107334E-8
23263.0,4.1536142655704207E-20,2.4783352107167204E-7,0.999999752166479
23018.0,3.262156317399306E-51,8.438437464427347E-21,1.0
23733.0,0.4578539117235552,0.5421276632413645,1.842503508021998E-5
23974.0,0.9999498535173428,5.01464826560887E-5,9.49999335662518E-16
24448.0,2.37285998364545E-39,3.181891220971644E-14,0.9999999999999681
24717.0,7.305385412440676E-5,0.9949729954543606,0.004953950691515101
24211.0,2.5716589608095055E-21,8.266983350847115E-8,0.9999999173301665
24278.0,0.9907075056922852,0.009292481148163915,1.3159550817528843E-8
24517.0,3.3613322221871206E-5,0.9969148200561174,0.0030515666216606894
24035.0,0.999578935813244,4.210641866545371E-4,1.0151401187642822E-13
23792.0,0.6468211621002217,0.35317883785609433,4.368410242123045E-11
22959.0,2.8258302489202685E-7,0.0015984606228428447,0.9984012567941324
23194.0,0.016758177796046478,0.9832418216654053,5.385483636351556E-10
23433.0,0.6113434712772248,0.3886565240016405,4.721134793314815E-9
24581.0,0.028615563635966932,0.9713844350933399,1.270693062234669E-9
24328.0,1.2145386249797958E-8,0.9977436392491533,0.0022563486054604422
24091.0,1.053793475660985E-12,3.0791718644859194E-5,0.9999692082803013
23613.0,0.26450564451438874,0.7354943335503371,2.1935274157196453E-8
23854.0,0.8980815042658167,0.10190734207095306,1.1153663230248888E-5
23364.0,5.938837278888177E-27,4.775354453673111E-9,0.9999999952246456
23127.0,0.9995241748092819,4.7582519047904777E-4,2.3906671389166477E-13
23914.0,0.9988487965669544,0.0011512034330296236,1.594057023309287E-14
23673.0,1.3023622902278884E-9,0.0080645446515005,0.9919354540461373
24159.0,0.993056599678592,0.006943399489508364,8.31899593094287E-10
24641.0,0.6074552411987814,0.3925447454056797,1.3395538876964886E-8
24396.0,0.5268718074521789,0.4731243439897185,3.848558102648914E-6
23059.0,1.5883135737357962E-6,0.9928256706438721,0.007172741042554159
23296.0,1.1160350348059773E-16,1.182332953317915E-6,0.9999988176670466
23732.0,3.185156977971071E-13,0.002090059873446401,0.9979099401262351
23975.0,1.2939985620838304E-4,0.9998702481440535,3.519997381407956E-7
24449.0,5.5008268894374134E-24,4.101943087903465E-11,0.9999999999589805
24716.0,2.1361264350983256E-16,9.112276727666354E-6,0.999990887723272
24210.0,1.555884615766658E-26,1.76049985382752E-7,0.9999998239500146
23501.0,4.620066452146179E-10,0.3954593273413685,0.6045406721966249
23262.0,2.5530373751828237E-26,7.001850620857264E-10,0.999999999299815
23019.0,0.9833282275291243,0.016671772470852837,2.2874042188877174E-14
22956.0,0.4713632369587649,0.5286367630068457,3.4389489004637355E-11
23434.0,1.6403736068394851E-18,5.0347551078887693E-5,0.9999496524489211
23193.0,9.10629755005685E-13,0.825132215298394,0.17486778470069544
24518.0,5.170785231257054E-40,4.028982481815493E-21,1.0
24277.0,9.523242524981434E-12,0.0022717797349395955,0.9977282202555372
23795.0,3.317718049330099E-13,0.008105728419189067,0.9918942715804792
24032.0,4.5192896483316007E-17,6.047034531042644E-4,0.9993952965468957
23124.0,0.0012635955710284985,0.9892229816383994,0.009513422790572079
23367.0,3.4688224800017254E-9,0.09694109815691754,0.9030588983742599
24088.0,2.481773149474247E-6,0.9999955421614299,1.9760654206806434E-6
24331.0,0.9999976740484584,2.325951541698511E-6,2.4616079872444273E-19
24582.0,5.699543457523506E-25,2.390856848915892E-8,0.9999999760914315
23853.0,2.5362771753053203E-6,0.9999972875732667,1.761495580057905E-7
23614.0,2.4908608237973483E-43,1.2833464593027357E-19,1.0
23299.0,4.277853274614609E-9,0.9410984640835166,0.058901531638630086
23056.0,0.026589335888604324,0.9724856206643413,9.250434470543709E-4
23674.0,0.03792940577391993,0.9395358061019788,0.022534788124101184
23913.0,4.4076802644628285E-7,0.9131965152371313,0.08680304399484227
24399.0,6.446126534904726E-49,2.8018823699114866E-24,1.0
24642.0,0.9996934922336257,3.065077663672509E-4,7.133923353737682E-15
24156.0,8.814094761390697E-58,1.9299262516145044E-25,1.0
23261.0,2.3642698166759716E-19,1.5671641101362088E-5,0.9999843283588986
23502.0,0.9985639657529296,0.001436034247059215,1.1026049693162983E-14
23016.0,0.2912751641032107,0.708673252994667,5.158290212242273E-5
23972.0,4.640527638861254E-26,3.8767264757134145E-13,0.9999999999996124
23735.0,0.999930961907705,6.903809229086824E-5,4.1062256309821E-15
24209.0,0.0021336556287255308,0.9974963800577444,3.699643135300764E-4
24719.0,0.35861751020965044,0.6413824874855394,2.3048102840201007E-9
24450.0,0.9969199565395168,0.0030800434601899107,2.9347173316389697E-13
24519.0,2.0504998910364462E-14,1.3057442337020483E-6,0.9999986942557457
24276.0,3.8315525295438554E-45,4.238188328475787E-20,1.0
23794.0,2.703748895487936E-27,6.643928483304808E-11,0.9999999999335607
24033.0,9.580794594194336E-9,0.9643314324306032,0.03566855798860228
22957.0,0.19563191588898082,0.8043084885312173,5.959557980181998E-5
23435.0,0.15122394466799735,0.8487681676986185,7.887633384296553E-6
23192.0,0.9999541221742483,4.587782574874831E-5,3.1034652562696136E-15
24089.0,0.9940675737879566,0.005932425835487201,3.765562029395072E-10
24583.0,0.9798621309862954,0.02013786901099718,2.707382744589714E-12
24330.0,0.888037048294054,0.11196295157633476,1.2961116302548793E-10
23852.0,0.12473595809688656,0.8752636354380343,4.0646507905861177E-7
23615.0,4.310157519391597E-6,0.9969023801768627,0.0030933096656178623
23125.0,0.7995429451478762,0.20045705484852583,3.598023871942558E-12
23366.0,7.993724122134721E-33,1.1983851154249335E-13,0.9999999999998802
23675.0,4.323129535039544E-18,1.9627815289872258E-6,0.999998037218471
23912.0,0.9976439563957735,0.0023560435174147334,8.681179344907663E-11
24643.0,2.1945152112141413E-23,3.5939901065286524E-12,0.999999999996406
24398.0,0.022442897498337718,0.9771738349703728,3.832675312894223E-4
24157.0,0.022510343911060913,0.9774895204656493,1.3562328981806607E-7
23298.0,0.999990745994953,9.254005047094129E-6,1.2326785974102896E-17
23057.0,1.2743481711996988E-10,0.3326525225510188,0.6673474773215464
23973.0,0.9848056364423675,0.015194363503158158,5.4474297071325076E-11
23734.0,0.5143421279537035,0.48565604964687853,1.8223994179604452E-6
24208.0,0.999924556651089,7.54433489065704E-5,4.532421960541303E-15
24451.0,3.144571093438224E-15,5.202738573983006E-6,0.9999947972614229
24718.0,3.5422699424565035E-19,3.849359116159066E-9,0.999999996150641
23260.0,0.0015918923575919328,0.9984018712495555,6.236392852576739E-6
23503.0,5.64193615031537E-6,0.04352098404629304,0.9564733740175567
23017.0,1.3068084892415672E-5,0.0012329556217428668,0.9987539762933647
23361.0,1.3033573138339679E-5,0.050649289441138806,0.9493376769857228
23122.0,1.7720150348161465E-5,0.9993618150850105,6.204647646413513E-4
23608.0,1.549522213866224E-4,0.9054749935144701,0.09437005426414308
23851.0,2.1816881039522017E-51,2.965104211823029E-22,1.0
24576.0,0.6445826584794767,0.3538551474099319,0.0015621941105913337
24333.0,3.047135027148324E-22,9.812536480962295E-9,0.9999999901874635
24094.0,4.117504619155138E-18,8.602013189608599E-9,0.9999999913979868
23199.0,9.27112911662017E-12,8.077184606915967E-6,0.9999919228061219
23436.0,4.0736055441423595E-10,0.9623762874893368,0.037623712103302565
22954.0,1.1178014418652733E-5,0.2658871790460442,0.7341016429395373
24038.0,2.0220007852161842E-7,0.9940338557826355,0.0059659420172860555
23797.0,0.9978881831340285,0.0021118168659212825,5.0283139687343725E-14
24275.0,3.44307112739684E-51,7.114291329296016E-21,1.0
24512.0,1.1202497110678815E-6,0.9998391093612767,1.597703890121752E-4
23022.0,7.479097116425615E-10,0.9908035052216987,0.00919649403039168
23496.0,3.0474826270498665E-11,0.0070996524582060076,0.9929003475113191
23259.0,1.2742912655071122E-19,4.89072193316173E-5,0.9999510927806683
24452.0,0.9999692668815438,3.073311845593837E-5,2.596287482095963E-16
24713.0,3.1875417077879184E-8,8.76366120942045E-4,0.9991236020036408
24215.0,9.310982897563734E-4,0.9838723664227559,0.015196535287487718
23729.0,2.464807433077051E-9,0.001374330208935983,0.9986256673262566
23970.0,0.9998084847910907,1.9151520890854366E-4,7.441840852531003E-16
23062.0,9.36518528833445E-7,0.5421053457409097,0.4578937177405615
23301.0,0.9997535292363593,2.4647076357719804E-4,6.349719130393073E-14
24154.0,6.075065231835188E-6,0.11670412422063214,0.8832898007141361
24644.0,5.249975226261901E-13,0.18364107529642698,0.8163589247030479
24393.0,0.8346318198250136,0.16533788635151095,3.0293823475382507E-5
23919.0,1.991451948452153E-33,8.901959896111361E-13,0.9999999999991098
23676.0,0.9821040159634564,0.017895807220795895,1.768157474706764E-7
23609.0,2.1272288023481765E-6,0.9994887216449492,5.091511262485036E-4
23850.0,0.04126327619826212,0.9587185502272471,1.8173574490864823E-5
24577.0,2.2354244286258857E-7,0.4800441833405566,0.5199555931170006
24332.0,2.0203543619442013E-37,2.784887368215063E-16,0.9999999999999997
24095.0,1.7376891261586017E-47,4.840270447419164E-17,1.0
23360.0,1.2576923599892586E-14,0.004464117213000165,0.9955358827869872
23123.0,3.5870996191021803E-10,0.7449738878874527,0.25502611175383744
24039.0,0.04178808412282792,0.9582065191206333,5.396756538768418E-6
23796.0,1.837721224634649E-23,8.597877088384175E-9,0.9999999914021229
24274.0,1.1058770147991463E-24,3.261699018648846E-7,0.9999996738300981
24513.0,4.162630365410649E-20,1.4101443749016867E-7,0.9999998589855625
23198.0,0.7149243476395752,0.28507565204004515,3.2037952508164607E-10
23437.0,3.284754047120649E-8,0.9971017978912661,0.002898169261193429
22955.0,4.74011446081596E-5,0.993952006492251,0.0060005923631407995
24712.0,0.07780526029442485,0.9221925160013937,2.2237041813968385E-6
24453.0,0.9999973033767051,2.696623294792486E-6,3.278925148540455E-19
24214.0,0.9996100642025745,3.899357973100951E-4,1.15390432392166E-13
23728.0,1.7939273538122075E-16,3.749270578178623E-6,0.9999962507294218
23971.0,4.858281862247218E-4,0.9994092642822968,1.0490753147832433E-4
23023.0,1.302907424251976E-14,1.6630467555667406E-5,0.9999833695324313
23497.0,7.0778220529869576E-9,0.0017995889727195204,0.9982004039494584
23258.0,1.1250024635909879E-28,4.643731474816061E-11,0.9999999999535627
24155.0,2.7847175492287313E-9,0.9980521702006397,0.0019478270146427172
24645.0,0.9996699885446328,3.300114553048659E-4,6.217938020482136E-14
24392.0,0.5728597511110765,0.4271402466361148,2.2528086877162424E-9
23918.0,3.1498113699901954E-5,0.9998470834631865,1.2141842311358393E-4
23677.0,1.987879730973945E-31,1.403943967068691E-15,0.9999999999999987
23063.0,0.9415998838826115,0.05840011491615185,1.201236619870524E-9
23300.0,0.9910135988622273,0.00898640113771632,5.6402051645102126E-14
23120.0,3.771603887187973E-17,8.700050079892816E-4,0.9991299949920107
23363.0,0.8355172932481632,0.16448270508847485,1.6633620919393824E-9
23849.0,1.9323368542038523E-14,5.434717044323575E-4,0.9994565282955483
23610.0,1.5786916737239238E-10,0.8156219652787349,0.18437803456339594
24092.0,3.3509820156356785E-4,0.9218605679143645,0.0778043338840719
24578.0,4.828423233483086E-46,1.188806195254886E-20,1.0
24335.0,4.0012332008898137E-19,1.2470090021115982E-6,0.9999987529909979
23438.0,4.2122850065658885E-32,5.458054485184804E-14,0.9999999999999455
23197.0,1.5170408566086588E-27,7.463494533873543E-14,0.9999999999999253
22952.0,3.6056912524625343E-6,0.9159372798673725,0.0840591144413751
23799.0,9.4532055308676E-13,2.3777869099203953E-4,0.9997622213080627
24036.0,3.6682839463162974E-12,0.7145836812701584,0.28541631872617335
24514.0,1.3543194309188066E-14,3.4590228689762095E-6,0.9999965409771174
24273.0,0.2085463160066753,0.7905854651713536,8.682188219709164E-4
23020.0,4.5751550318742146E-20,3.3342835046056097E-7,0.9999996665716495
23257.0,0.999889266624507,1.107333754845202E-4,8.609898171441093E-15
23498.0,0.7189840118590237,0.28100206212935747,1.3926011618783155E-5
24213.0,0.8137986537317692,0.18619867628431436,2.6699839164066694E-6
24454.0,0.8929982787241659,0.10700172127468084,1.1532606811288644E-12
24715.0,2.8882714369723717E-8,0.931810544470189,0.06818942664709662
23968.0,6.667443748521856E-8,0.9302236355516995,0.06977629777386304
23731.0,2.155915291395826E-28,2.7369390473271774E-11,0.9999999999726306
23303.0,3.973906485649016E-27,1.1119674084585957E-8,0.9999999888803258
23060.0,7.885663024380797E-23,1.2914696420596093E-9,0.9999999987085304
24395.0,0.1463959081958926,0.8536040889686273,2.835480136510058E-9
24646.0,0.047151414152656626,0.9528484661816684,1.1966567499134284E-7
24152.0,1.1476777128899645E-20,2.1678220900824242E-8,0.9999999783217792
23678.0,0.5036091542486464,0.49639065490311984,1.9084823371629928E-7
23917.0,1.889491524487568E-5,0.9981969143113864,0.0017841907733689086
23848.0,8.042228660147014E-6,0.9992066236385645,7.85334132775363E-4
23611.0,2.3094013099231252E-8,0.38988369899482245,0.6101162779111644
24093.0,0.0022510328677590465,0.9977460666010644,2.900531176556196E-6
24334.0,7.513718238209248E-14,9.550973946232704E-7,0.9999990449025302
24579.0,5.522994645937033E-8,0.4154728817770516,0.584527062993002
23121.0,9.129223883982969E-17,7.576852556417306E-5,0.9999242314744358
23362.0,0.9782866255344362,0.021713374306413805,1.5914993889921103E-10
23798.0,4.84496334639922E-9,0.0010827994038290127,0.9989171957512077
24037.0,2.9083269028826132E-5,0.9930844044148948,0.006886512316076457
24515.0,0.6083946340698542,0.3913509634577265,2.5440247241930233E-4
24272.0,0.967225153403241,0.03277047164384714,4.374952911850503E-6
23439.0,0.018440138600514626,0.9815038519356236,5.600946386175739E-5
23196.0,4.085799362083786E-36,9.324296692862278E-14,0.9999999999999067
22953.0,0.9986378488072862,0.0013621511925167931,1.970619126647397E-13
24212.0,4.099874177354436E-6,0.999994647841273,1.2522845496476139E-6
24714.0,2.0480108966166807E-21,6.076725443855289E-7,0.9999993923274556
24455.0,1.6550831428963393E-10,0.012708873805490403,0.9872911260290013
23969.0,1.3886136900292659E-6,0.003929706651577247,0.9960689047347326
23730.0,0.8271267193569405,0.17287279923854873,4.814045108585258E-7
23021.0,0.25588935339308416,0.7441106465152248,9.169104534749607E-11
23256.0,6.557263630158609E-20,1.0045739779999992E-7,0.9999998995426022
23499.0,1.7355116297836524E-8,0.20892937124327154,0.7910706114016122
24647.0,1.2829720474730257E-32,2.3290999201864904E-13,0.9999999999997671
24394.0,0.7893074776491962,0.21069251854230886,3.808495076696524E-9
24153.0,1.9953276556079E-5,0.9999800264527308,2.027071319635864E-8
23679.0,1.3503030720743375E-26,4.4591863530014235E-10,0.9999999995540814
23916.0,8.79421153403804E-59,1.5267237449558384E-25,1.0
23302.0,0.02851407180046215,0.9714737637523836,1.2164447154363332E-5
23061.0,9.618278762538783E-8,0.5039145135998649,0.49608539021734743
23907.0,0.0037576710426232207,0.9962285196152838,1.3809342093028578E-5
23664.0,0.08155169959318638,0.9182665711292729,1.817292775406086E-4
24150.0,3.027377652315185E-12,7.702041095089044E-7,0.9999992297928632
24648.0,0.8867604714122087,0.11323952852140394,6.638728565223908E-11
24389.0,2.2397770025490323E-6,0.7709392601661047,0.22905850005689274
23066.0,0.8728613477606617,0.12713817362968888,4.786096493882885E-7
23305.0,2.0174579492963763E-23,6.814422931535188E-12,0.9999999999931856
23741.0,0.0016625202057168823,0.9596790233867732,0.03865845640750986
23982.0,1.0989423673286337E-17,4.301450627369537E-6,0.9999956985493726
24456.0,0.64916878119908,0.3508311613224246,5.7478495439275716E-8
24709.0,4.879129548780524E-6,0.8890122015684929,0.11098291930195836
24219.0,1.1459495718043445E-4,0.9998851398456656,2.651971539946224E-7
23492.0,0.12987984310490364,0.8673937981558307,0.0027263587392656508
23255.0,1.661693401576841E-14,3.511458425424349E-4,0.999648854157441
23010.0,4.07118847175507E-6,0.9999579802644389,3.794854708921175E-5
24287.0,1.128926729903777E-18,1.0933066028357873E-5,0.9999890669339716
24524.0,0.9843658723832478,0.015634127616742224,1.0078494522215135E-14
24042.0,0.03387760995356231,0.9661223860825638,3.963873823504346E-9
23801.0,8.805103053683184E-7,0.9999832604126383,1.5859077056297702E-5
23187.0,3.2078385813591105E-8,0.3159112026218921,0.6840887652997221
23424.0,0.9992775066498162,7.224933470349121E-4,3.148998997572508E-12
24321.0,4.420074204284893E-21,1.2257677170360899E-5,0.9999877423228296
24588.0,0.1567280310692613,0.8388700929770097,0.004401875953729166
24082.0,0.06911132682197343,0.9308862177615417,2.4554164850183482E-6
23604.0,0.010534721218139293,0.9893987817981102,6.649698375041753E-5
23847.0,0.9999961900840101,3.8099159899461943E-6,3.0584189083479836E-18
23373.0,0.2228122532141151,0.7771827203124109,5.026473474196753E-6
23134.0,1.4075706420739136E-17,0.07263182135272157,0.9273681786472785
23067.0,0.9230459587490296,0.0769540410858513,1.6511903147023378E-10
23304.0,2.0949142427549608E-5,0.9822876417651242,0.017691409092448224
23906.0,0.9981720957475864,0.0018279042444350703,7.978562502704142E-12
23665.0,1.308712972525698E-4,0.27470711852105134,0.7251620101816961
24151.0,0.45977196849628904,0.5402280314763901,2.7320958163885717E-11
24388.0,0.01863922080302913,0.9813586685767105,2.1106202604359136E-6
24649.0,3.8395738474333287E-8,0.18323793674443195,0.8167620248598295
23493.0,0.0041106411430467706,0.9905706563694054,0.005318702487547774
23254.0,2.2348349321214705E-18,3.307239042983218E-8,0.9999999669276096
23011.0,0.9996783211713088,3.216788286909247E-4,2.4290668060129127E-16
23740.0,0.7204722984104632,0.27952770122113507,3.684019057377602E-10
23983.0,5.001824110397816E-7,0.999984015078762,1.5484738827021145E-5
24708.0,4.04732096847428E-20,1.2720667071274218E-7,0.9999998727933292
24457.0,0.006070297806181512,0.9939295872899098,1.1490390865333108E-7
24218.0,2.96878965636662E-35,4.775831435403921E-12,0.999999999995224
23186.0,0.6633840714275004,0.33661592854234,3.015945910658772E-11
23425.0,4.6491117740517774E-5,0.9999021759026977,5.133297956184917E-5
24286.0,6.040771982371179E-7,0.9172163966042461,0.08278299931855566
24525.0,2.659563166156262E-12,3.7496126652698217E-4,0.9996250387308134
24043.0,0.02049364026262983,0.9737109558482652,0.005795403889104997
23800.0,0.9996788223209515,3.211776714318127E-4,7.616650522372436E-12
23372.0,0.0013128339129254317,0.9935903305682424,0.005096835518832195
23135.0,1.1605493360777654E-19,7.69478273327921E-5,0.9999230521726673
24320.0,1.3876869768479768E-9,0.9648719656934351,0.03512803291887784
24589.0,2.2164671664401227E-39,3.3332183938584974E-19,1.0
24083.0,1.071040059926153E-20,1.6369175833586567E-6,0.9999983630824166
23605.0,2.2867075810210972E-17,1.7952347518679296E-7,0.9999998204765248
23846.0,0.30527549784655067,0.6947203275809001,4.174572549278105E-6
23666.0,0.9998663460825852,1.3365391741007953E-4,4.85403161881254E-15
23905.0,2.1129275209066319E-41,6.722312879645454E-18,1.0
24650.0,7.083044272569124E-25,1.38718786746523E-7,0.9999998612812133
24391.0,0.0014371805393562703,0.9985627801078086,3.935283506814446E-8
24148.0,5.398023325572839E-9,0.8949298874946872,0.10507010710728953
23307.0,0.9662987782811006,0.033701211013130374,1.07057690363428E-8
23064.0,8.28794375582986E-10,0.7505877608510085,0.24941223832019702
23980.0,0.9935778253733806,0.0064221746263839865,2.354916669313515E-13
23743.0,3.2887889787473625E-9,2.4143683701863546E-4,0.9997585598741925
24217.0,1.5110105667008648E-40,5.4982340889729546E-18,1.0
24711.0,0.9999986133532276,1.3866467724800397E-6,9.615828549982577E-19
24458.0,2.286949155534309E-11,0.0017865463044220156,0.9982134536727085
23253.0,1.8390464415103508E-36,9.193526625430537E-15,0.9999999999999908
23494.0,0.9914910518372797,0.008508939713595298,8.449125062056542E-9
23008.0,7.131718733750168E-18,0.0038121841312734723,0.9961878158687265
24526.0,2.0147936991597297E-14,2.4838520787840646E-6,0.9999975161479011
24285.0,2.711872363211593E-45,1.446709677013153E-14,0.9999999999999856
23803.0,7.057278688957681E-36,3.116557501323256E-19,1.0
24040.0,3.3528258931752772E-15,0.00787075651887606,0.9921292434811206
23426.0,0.9921884541054686,0.00781154588890459,5.626757549602803E-12
23185.0,1.4348209219220505E-46,3.2808381034500327E-17,1.0
24080.0,0.0055247489596431795,0.994475228498598,2.2541758727498063E-8
24323.0,5.428585945744191E-4,0.9994570826023186,5.8803107104020945E-8
24590.0,0.13162746010975174,0.8683724023330748,1.3755717360463188E-7
23845.0,0.9993413438826569,6.586561121532309E-4,5.18992153340168E-12
23606.0,0.9999955902387316,4.4097612684480595E-6,1.435122863186323E-18
23132.0,8.734365406748564E-12,0.017911769953408718,0.982088230037857
23375.0,5.129959865534469E-15,1.6969211698851218E-4,0.9998303078830063
23306.0,3.13835412724591E-4,0.9978245381471208,0.001861626440154665
23065.0,1.4243057402402768E-33,2.7071288121259267E-12,0.9999999999972929
23667.0,0.9999680415332945,3.195846670475592E-5,8.417994279666742E-16
23904.0,1.0678850871109297E-7,0.004077662632199201,0.9959222305792921
24390.0,4.232964604388511E-5,0.5717917280931705,0.4281659422607855
24651.0,1.5758038840465573E-29,1.807056555866874E-13,0.9999999999998194
24149.0,4.503948268643014E-4,0.9995406594573669,8.945715768830577E-6
23252.0,1.878233594672899E-4,0.9653537046249638,0.03445847201556885
23495.0,1.202386008027424E-4,0.9996599544750783,2.198069241188352E-4
23009.0,0.9959495412300982,0.004050458769866493,3.535276586298502E-14
23981.0,2.8704985158912973E-18,5.215289135893832E-5,0.999947847108641
23742.0,0.19001408049342772,0.8099859178153751,1.6911971143980207E-9
24216.0,4.126105089106871E-12,0.7758620327181645,0.22413796727770943
24459.0,0.04546872098070158,0.9545312778624511,1.1568473225655822E-9
24710.0,3.6813424415888896E-28,5.046161792553125E-9,0.9999999949538382
23427.0,8.45894130005842E-42,6.237716492241085E-22,1.0
23184.0,1.3392396249152195E-11,0.23228167171215794,0.7677183282744495
24527.0,0.0020353751386037225,0.9975613608736962,4.0326398770010823E-4
24284.0,3.721275852617617E-23,4.009000171077952E-6,0.9999959909998289
23802.0,2.9413748865537267E-20,1.076159387782356E-8,0.999999989238406
24041.0,5.535813369642617E-4,0.9974507164220316,0.001995702241004005
23133.0,5.135572124969043E-7,0.9998026164836666,1.9686995912088443E-4
23374.0,0.729445617978867,0.27054522874948567,9.153271647344059E-6
24081.0,5.40542292292576E-4,0.9994492988111356,1.0158896571810817E-5
24591.0,1.8030557752038106E-5,0.11749486349970709,0.8824871059425409
24322.0,0.9189979198960849,0.08100208002348903,8.042617229913289E-11
23844.0,0.0031952256342303214,0.996804742772902,3.1592867616061506E-8
23607.0,7.018665338200561E-4,0.6395467967031795,0.3597513367630004
24705.0,6.584168904953824E-58,6.278117253994644E-26,1.0
24460.0,0.03618272120596252,0.963814146868556,3.1319254814498444E-6
24223.0,7.719643424356876E-11,0.04402824283235315,0.9559717570904505
23737.0,4.087622487080182E-5,0.9995760098504625,3.8311392466680247E-4
23978.0,0.002027826358653869,0.9979718472605034,3.263808427885445E-7
23014.0,0.9552594838296512,0.04474051614984158,2.0507190685136623E-11
23488.0,1.376448322674155E-44,3.879973045611424E-16,0.9999999999999996
23251.0,6.953062245231223E-8,0.008760192416315612,0.9912397380530619
24146.0,0.9999159953888526,8.400302855475028E-5,1.582592742701583E-9
24652.0,1.5336638538889258E-17,3.5057881489367575E-4,0.9996494211851064
24385.0,0.14042134265427425,0.859578656166888,1.1788376409033307E-9
23911.0,2.1858836472335634E-7,0.2611929237616833,0.738806857649952
23668.0,0.9782985042333614,0.02170149562884538,1.3779310409407213E-10
23070.0,1.78551579888328E-11,0.01946708822342176,0.980532911758723
23309.0,1.4982232140204287E-9,0.28755617000790074,0.7124438284938761
23600.0,5.1385475803952954E-26,5.069075803921326E-10,0.9999999994930925
23843.0,0.8385478277287884,0.16145217142378954,8.47422127784755E-10
24325.0,0.008695732242323395,0.9910484890028094,2.5577875486729906E-4
24584.0,0.9992478891105943,7.521108871546709E-4,2.251070883655613E-12
24086.0,2.2842970909793615E-14,0.0016425781204635174,0.9983574218795136
23369.0,4.330200214709103E-6,0.19324755084623108,0.8067481189535542
23130.0,0.9986820198580384,0.001317980141961308,3.9049683624415E-16
24046.0,8.101577869374176E-4,0.9677471112670198,0.03144273094604282
23805.0,0.9743688138020229,0.025631186181632515,1.634452096188105E-11
24283.0,0.16973249250689626,0.8302674576051219,4.98879819572188E-8
24520.0,0.5160386091568304,0.48396123483865994,1.5600450965209757E-7
23191.0,1.9335823713040396E-4,0.9979168039674943,0.0018898377953753965
23428.0,0.061850641608666795,0.9381493165267519,4.186458130282695E-8
23015.0,2.7233222104964164E-11,0.0677745844292205,0.9322254155435463
23489.0,0.9988598598582348,0.0011401401410202792,7.449761231776918E-13
23250.0,4.523028339399569E-13,4.988878484580452E-5,0.9999501112147019
24704.0,1.4186029876059253E-28,3.5598660460319035E-10,0.9999999996440133
24461.0,2.5868251071921507E-16,1.475917194616358E-4,0.9998524082805381
24222.0,1.1229830356193945E-20,1.4329392584246237E-10,0.9999999998567061
23736.0,1.8067173629494201E-28,1.133841022818712E-9,0.999999998866159
23979.0,0.6455908367905254,0.3544040768285853,5.086380889161421E-6
23071.0,0.9999409614375229,5.903856245791997E-5,1.923907760018722E-14
23308.0,6.695810325919618E-4,0.9993302465375892,1.7242981872709831E-7
24147.0,5.123145840045035E-29,1.7562068887744984E-11,0.9999999999824379
24653.0,1.8549193066563323E-14,6.420665251344637E-5,0.999935793347468
24384.0,1.0223995739308125E-7,0.9999457714220216,5.412633802115295E-5
23910.0,4.6225583745144737E-35,8.983155463763045E-13,0.9999999999991016
23669.0,0.9999703033707593,2.969662924033135E-5,3.272115495666705E-16
23368.0,1.3234236096071629E-25,5.129510690362228E-13,0.999999999999487
23131.0,9.345382280568289E-35,2.0329137765268062E-11,0.9999999999796708
23601.0,2.7912637850104423E-5,0.5485332594689319,0.4514388278932179
23842.0,5.0963732683249835E-11,3.6805443194475976E-5,0.9999631945058417
24324.0,1.4480595773010228E-7,0.026388562731045857,0.9736112924629964
24585.0,3.706351581116532E-13,7.619870114249377E-7,0.9999992380126179
24087.0,1.3888855449226558E-18,1.7387242200064117E-5,0.9999826127577999
23190.0,0.9999683072083374,3.1692791626469374E-5,3.615127660610776E-14
23429.0,0.03654655400064854,0.9634534439306276,2.068723834380867E-9
24047.0,0.007654588253897714,0.9923454016205786,1.012552372232498E-8
23804.0,1.5464699372173747E-24,9.475956498460293E-12,0.9999999999905241
24282.0,3.812592492407185E-23,4.0747918167554826E-8,0.9999999592520818
24521.0,0.9111138030320626,0.0888857055774365,4.913905009255232E-7
24221.0,6.619370376796303E-23,2.048492212815855E-9,0.9999999979515078
24462.0,6.044524884212599E-36,4.45502715505525E-12,0.9999999999955449
24707.0,2.1750123180266612E-5,0.9999196167815012,5.8633095318618334E-5
23976.0,1.3672805024578813E-11,0.011717738940761377,0.9882822610455658
23739.0,1.493020850394638E-8,0.015605668016299486,0.984394317053492
23012.0,0.7855720034388691,0.2144279919317466,4.629384224772975E-9
23249.0,0.9577336183144065,0.042266381256009705,4.295837411957136E-10
23490.0,7.707141002436073E-19,1.3813515648044307E-7,0.9999998618648435
24387.0,2.4329955793935805E-7,0.9999899356091647,9.82109127722718E-6
24654.0,6.19376906511651E-51,3.0348867373719568E-24,1.0
24144.0,0.9062394389274833,0.09376055047338169,1.059913507565927E-8
23670.0,0.9999675782161843,3.242178381567275E-5,2.572877004677416E-17
23909.0,0.011648443832010738,0.9883515003791689,5.578882032175139E-8
23311.0,6.142288427860118E-13,0.005253170876176411,0.9947468291232094
23068.0,5.373994322503492E-14,9.289870200628541E-6,0.9999907101297456
23841.0,1.3803695786229046E-5,0.9971201182898218,0.0028660780143918803
23602.0,2.2492273716136732E-9,0.9469893526703745,0.05301064508039798
24084.0,1.6180100407288565E-14,1.110331894428771E-4,0.999888966810541
24327.0,2.9725015447622116E-29,5.845987431847602E-9,0.9999999941540126
24586.0,0.21080377324438695,0.7891850765340448,1.1150221568342681E-5
23128.0,0.0022070764187602445,0.9899251317869544,0.007867791794285466
23371.0,3.866429705446044E-6,0.5877337855618873,0.4122623480084072
23807.0,1.6108417253510353E-11,0.027897689852916494,0.972102310130975
24044.0,1.1387849241924594E-12,0.003727272815139317,0.9962727271837218
24522.0,1.2271764221075026E-4,0.9996637922938019,2.1349006398743077E-4
24281.0,7.026303960454925E-20,8.762890046356226E-6,0.9999912371099536
23430.0,1.6321060570300096E-6,0.9999761012343013,2.226665964169458E-5
23189.0,2.6843493218022407E-7,0.9999967472280736,2.984336994136321E-6
23013.0,6.734648702778343E-14,7.171791507227569E-5,0.9999282820848604
23248.0,2.0690252628365327E-7,0.9999995918989799,2.0119849369584163E-7
23491.0,0.05012348071059874,0.9498425159651911,3.4003324210128274E-5
24220.0,0.9994153131130029,5.846868857879268E-4,1.2092586364393675E-12
24706.0,0.9682550808648765,0.03174486505753164,5.407759180064073E-8
24463.0,0.9999969805251995,3.019474800593078E-6,2.0285219248933995E-19
23977.0,0.05051114357453275,0.947545379231784,0.0019434771936832252
23738.0,6.217017046473315E-5,0.999207823393348,7.300064361872671E-4
23310.0,2.157240798528637E-11,0.04112599887718125,0.9588740011012463
23069.0,6.959133669333323E-17,2.050615585787109E-5,0.9999794938441421
24386.0,1.305220772879406E-7,0.8442960198760511,0.15570384960187156
24655.0,0.054158910193391994,0.9458410893512353,4.5537273120661835E-10
24145.0,0.9999740819186685,2.5918081331392198E-5,1.4655800629612918E-16
23671.0,2.723420904843233E-35,1.3147492935293856E-16,0.9999999999999998
23908.0,1.0247233358161437E-28,3.4875789905110596E-11,0.9999999999651241
23129.0,7.64334502623888E-12,0.9999858835716844,1.411642067227238E-5
23370.0,0.9824447352386825,0.01755520240321413,6.235810343273673E-8
23840.0,7.356554767237536E-9,0.9266093355947024,0.07339065704874277
23603.0,0.04878811056397206,0.9411241998503962,0.010087689585631941
24085.0,6.991485011914354E-27,7.420436130655256E-6,0.9999925795638693
24587.0,1.3880703746679713E-20,3.4671425003088035E-6,0.9999965328574997
24326.0,0.11452797897210207,0.8854564025895161,1.5618438381917578E-5
23431.0,6.080955445109566E-8,0.9999986314655611,1.3077248845183436E-6
23188.0,2.089034522545267E-26,7.004910884359992E-10,0.9999999992995089
23806.0,2.769333180402939E-7,0.9767962181017787,0.023203504964903136
24045.0,2.4058880979130398E-5,0.9957793622275651,0.004196578891455785
24523.0,1.603355560051522E-5,0.9993626734826153,6.212929617841221E-4
24280.0,1.1823124292908707E-6,0.9998594137144776,1.3940397309307145E-4
24262.0,1.2068859938792107E-33,2.660651264848394E-15,0.9999999999999973
24533.0,9.362311183016444E-14,1.2395869097010112E-5,0.9999876041308094
24051.0,6.351358760148358E-20,9.277186590717774E-7,0.9999990722813409
23776.0,8.613830336599241E-19,2.529535890020142E-6,0.99999747046411
22975.0,0.03560265718693461,0.9643962081299572,1.1346831080950016E-6
23178.0,6.198949223496117E-5,0.9948312166858395,0.005106793821925504
23449.0,0.0012639765205609858,0.9973883369576204,0.0013476865218185951
24344.0,4.0102540194828375E-8,2.6846729375759073E-5,0.999973113168084
24597.0,1.0248689600755533E-5,0.9965860754613002,0.003403675849099054
24075.0,3.664590840358111E-17,2.252979789298504E-4,0.9997747020210701
23597.0,1.228037080717961E-20,5.7685514512472855E-8,0.9999999423144855
23870.0,2.214279360319909E-14,1.560193830438022E-7,0.9999998439805948
23380.0,5.186230832703629E-15,6.051960662496538E-7,0.9999993948039285
23111.0,2.5666869697527285E-6,0.9996229562928324,3.74477020197817E-4
23930.0,0.9999969805251995,3.019474800593078E-6,2.0285219248933995E-19
23657.0,5.132243645823504E-45,7.336287206402815E-25,1.0
24143.0,6.550806795231464E-4,0.9993434548094189,1.4645110581413361E-6
24657.0,0.9999627038328127,3.729616718619192E-5,1.0911763645148399E-15
24412.0,1.2764355009175587E-5,0.7230860471293151,0.2769011885156757
23043.0,1.5170241022506597E-4,0.9131255528356538,0.08672274475412113
23312.0,0.3680583736942439,0.6318957946662037,4.583163955241063E-5
23716.0,0.8033878899335642,0.19660657175761473,5.538308820963468E-6
23991.0,0.983644458456243,0.01635554010410881,1.4396481794177046E-9
24465.0,0.989624804902069,0.010375195062822392,3.510846981953207E-11
24732.0,0.3538411477778155,0.6461588517293394,4.928452545956638E-10
24194.0,0.023603194623862164,0.9763959967075955,8.086685423765687E-7
23517.0,0.9666432934573304,0.03335670652673326,1.5936292794855125E-11
23246.0,0.9999499766517597,5.002334824019197E-5,2.1736484760535847E-16
23035.0,1.1445245781918852E-9,0.0027099234491495933,0.9972900754063259
22974.0,3.4258830769520876E-6,0.9852274178322151,0.014769156284707917
23179.0,4.6269430652088696E-7,0.9985632793576952,0.0014362579479983313
23448.0,0.00524949555528929,0.994750503340043,1.1046676355676225E-9
24263.0,0.9997913740856607,2.0862591433922322E-4,8.729909615874507E-17
24532.0,7.189376963112439E-11,0.07305405843828974,0.9269459414898165
24050.0,0.9944298277315603,0.005570172211368837,5.707081553855888E-11
23777.0,3.808335704336821E-16,6.45794479963884E-6,0.9999935420551999
23381.0,0.9999977763367393,2.2236632607192946E-6,2.2341137820645184E-17
23110.0,7.14708975511323E-5,0.9999285283056597,7.967891388271986E-10
24345.0,2.6898875604935364E-20,1.5619912838454384E-4,0.9998438008716154
24596.0,1.626492135092206E-17,3.8270275860240327E-7,0.9999996172972414
24074.0,0.003800427737147956,0.9961995705776331,1.685218975249839E-9
23596.0,2.131460354346577E-34,2.3709502833494943E-15,0.9999999999999976
23871.0,6.867745042377224E-12,0.1263024610595557,0.8736975389335766
23042.0,2.9714222593369803E-28,4.8672272929740034E-11,0.9999999999513277
23313.0,1.01730240398267E-7,0.434829521897261,0.5651703763724987
23931.0,0.009270349779248645,0.9782900686480791,0.012439581572672206
23656.0,2.991592183791809E-19,4.079769235845534E-9,0.9999999959202308
24142.0,0.0013761503240943907,0.982043489447005,0.016580360228900567
24413.0,1.1085765420331764E-22,5.407328517038457E-10,0.9999999994592672
24656.0,6.444570757743235E-4,0.9993534979227559,2.0450014697762333E-6
23516.0,3.9452876917676815E-8,0.9836984432619246,0.016301517285198568
23247.0,0.9999986416134047,1.3583865954134029E-6,2.521561272784824E-19
23034.0,0.003043560948643664,0.9957618893343558,0.0011945497170004788
23717.0,1.4673751983786475E-9,0.01894150934984755,0.9810584891827774
23990.0,0.9649373867676595,0.03506258956722832,2.3665112144790035E-8
24464.0,1.076686598697204E-9,0.9945410831861908,0.005458915737122579
24733.0,0.9999514233299044,4.857667008876125E-5,6.9248591837710916E-15
24195.0,0.9959588523267238,0.004041146728084052,9.451922804868925E-10
24535.0,7.260166642272277E-4,0.9992739717186357,1.161713695148889E-8
24260.0,0.9996712324121364,3.287675878578239E-4,5.795790930274739E-15
23778.0,0.29252989532567525,0.707377490343798,9.26143305267543E-5
24049.0,4.467162723101527E-23,2.599622099413881E-5,0.9999740037790059
22973.0,0.9954332241609868,0.004566775809709797,2.930345166603693E-11
23451.0,2.621225606642381E-8,0.9999998829053899,9.088235400672537E-8
23176.0,0.010683275535301259,0.9893166331332034,9.133149542180855E-8
24073.0,0.005046702368727166,0.9949524331042708,8.645270018898109E-7
24599.0,0.999559390050933,4.406099490670026E-4,8.406078157318619E-17
24346.0,0.019542501088890406,0.9794043340033409,0.0010531649077687138
23868.0,0.009393675620387319,0.9906062699242553,5.4455357423825844E-8
23599.0,0.9999648778112812,3.512218871830604E-5,4.593701728002414E-16
23109.0,0.30229568015868635,0.6977026665276492,1.6533136643408117E-6
23382.0,1.440091533037839E-19,2.4738070758198882E-9,0.999999997526193
23659.0,3.6679678173818003E-34,1.7527362743380799E-15,0.9999999999999982
23928.0,0.7941757849437696,0.20582377025642953,4.4479980078748714E-7
24414.0,6.033559638340957E-38,1.538270701116475E-12,0.9999999999984617
24659.0,1.5209969954643942E-8,0.8949817861734028,0.10501819861662716
24141.0,0.999820091881656,1.7990811696115043E-4,1.3828626614223078E-12
23314.0,1.8669335008596856E-5,0.9695018921311821,0.03047943853380924
23041.0,0.9999940962032865,5.903796713505161E-6,1.7022026414760292E-18
23989.0,7.87663322170351E-7,0.9407279520523618,0.05927126028431602
23718.0,5.965065872789994E-13,0.009747548687602721,0.9902524513118008
24192.0,0.6749149861732117,0.3250750491889469,9.964637841347102E-6
24467.0,2.8228387503616473E-9,0.17916513038437934,0.820834866792782
24734.0,2.2943792434411686E-34,4.6314973801012774E-17,1.0
23244.0,5.085809266287635E-5,0.9991719226065562,7.772193007809932E-4
23519.0,1.340216307373913E-12,0.0075339825239819766,0.9924660174746779
23033.0,1.6835218377369576E-6,0.8805876887872851,0.11941062769087721
22972.0,1.4679321069339394E-39,1.5926243867703855E-16,0.9999999999999999
23450.0,0.970073478647323,0.029926521352541948,1.3519935756909166E-13
23177.0,2.2631700219419466E-4,0.9845050440602036,0.015268638937602259
24534.0,8.527403331269273E-25,1.8151819349735756E-8,0.9999999818481806
24261.0,0.9995931103627972,4.068896210238695E-4,1.6178900643593893E-11
23779.0,2.36923832278187E-12,4.940274745287144E-4,0.999505972523102
24048.0,5.201646487048432E-10,0.049691583645380906,0.9503084158344544
23108.0,6.2948397499375985E-21,1.8743739627698543E-7,0.9999998125626037
23383.0,8.894115771571914E-20,1.2034248986397605E-7,0.9999998796575101
24072.0,3.082667474066221E-36,3.294065210446673E-15,0.9999999999999967
24347.0,9.888023638772486E-13,0.005398920667966254,0.994601079331045
24598.0,5.534275238326261E-20,6.562912634396573E-7,0.9999993437087367
23869.0,1.1006354842736128E-23,1.0015079207802179E-7,0.9999998998492079
23598.0,5.754729261203894E-9,0.7260805301199514,0.2739194641253194
23315.0,2.6411894066838735E-4,0.9997358442374891,3.682184261585597E-8
23040.0,8.351859195144171E-7,0.9992803704368095,7.187943772708835E-4
23658.0,0.9992180661926431,7.819338069147375E-4,4.421577543120683E-13
23929.0,3.7831854279084514E-19,1.2769754537004728E-6,0.9999987230245463
24415.0,1.7893266975599157E-18,2.897493939255418E-6,0.9999971025060607
24658.0,0.1074050595951151,0.892594928920631,1.1484253954093983E-8
24140.0,1.736622225764061E-36,3.3444898706707105E-15,0.9999999999999967
23245.0,2.7916274973477206E-55,9.955760634584043E-25,1.0
23518.0,2.195553806881577E-36,1.3442800346520404E-12,0.9999999999986556
23032.0,5.3992081860854745E-5,0.9958378180410673,0.004108189877071747
23988.0,0.8553376165777877,0.1446622933332508,9.008896161887811E-8
23719.0,1.46739103992256E-11,5.17462619882951E-5,0.9999482537233378
