22958.0,0.02653514057139225,0.9374607791191375,0.03600408030947011
23195.0,0.01765860217657269,0.9617807725891747,0.02056062523425274
23432.0,5.024464645720437E-4,0.07903386254559618,0.9204636909898317
24279.0,0.6245913330814271,0.3043475354671633,0.07106113145140967
24516.0,0.0031662377098288647,0.6263452383145595,0.37048852397561166
24034.0,0.040167133169527115,0.8518788524929272,0.1079540143375457
23793.0,0.0013516187584083012,0.8795411454277211,0.11910723581387053
23365.0,7.61171392942141E-5,0.00843502894905931,0.9914888539116464
23126.0,0.8031206223963752,0.19120085794510722,0.005678519658517684
24329.0,0.20407917804480064,0.6922796263010494,0.1036411956541499
24580.0,0.8306134041092962,0.16867133037616586,7.15265514537805E-4
24090.0,0.053770077022071955,0.8863731389690902,0.059856784008837795
23612.0,0.9092274989128308,0.09068663420806172,8.586687910733159E-5
23855.0,0.19863121535902864,0.7994776265288872,0.0018911581120840866
23058.0,0.8797571393428183,0.1197696643745137,4.7319628266813624E-4
23297.0,6.615130709788027E-5,0.02839697113000176,0.9715368775629004
23915.0,0.41164099865898973,0.571844223972697,0.016514777368313357
23672.0,0.6327829157820319,0.33075906684705997,0.03645801737090815
24158.0,0.04200962557920668,0.787583069972859,0.17040730444793425
24640.0,0.18570719677774286,0.8132736730393061,0.0010191301829509864
24397.0,0.0029492178387684168,0.2045971133616064,0.7924536687996251
23500.0,0.8653323242865211,0.13435535657470085,3.12319138778113E-4
23263.0,0.004431797266809914,0.4167807865216437,0.5787874162115464
23018.0,1.449226259767492E-5,0.018430519313413347,0.9815549884239889
23733.0,0.7997580698806812,0.1933167215972385,0.006925208522080326
23974.0,0.928529846324936,0.0713935100963458,7.66435787184658E-5
24448.0,2.0110470613302135E-4,0.13662448157367318,0.8631744137201939
24717.0,0.04273265279749202,0.7883528767418672,0.16891447046064084
24211.0,1.938271803309372E-4,0.06139742868961394,0.938408744130055
24278.0,0.46777789183114793,0.5155669584027321,0.01665514976611994
24517.0,0.5772343395329064,0.4146485410834067,0.008117119383686842
24035.0,0.7290145002978208,0.26995699002956225,0.00102850967261702
23792.0,0.07795752126694352,0.9125125805330475,0.009529898200009001
22959.0,0.007826809598377156,0.8696560384991507,0.12251715190247213
23194.0,0.01675502961576868,0.9767167279933091,0.006528242390922284
23433.0,0.47998505259411034,0.5191727195127812,8.422278931084092E-4
24581.0,0.2846329243148459,0.7147665522782171,6.005234069370229E-4
24328.0,0.006926490736323891,0.7698406090201648,0.2232329002435114
24091.0,0.00410343194378618,0.40380210811741546,0.5920944599387983
23613.0,0.7316752448878778,0.2665742090820394,0.001750546030082795
23854.0,0.8855330587674889,0.11149257007548558,0.002974371157025473
23364.0,3.852172150997298E-5,0.030578295931963425,0.9693831823465265
23127.0,0.9382924769856218,0.061580427373308044,1.2709564107035314E-4
23914.0,0.022210281154593715,0.9763878770750944,0.0014018417703119215
23673.0,0.04626367404202465,0.6020644477434403,0.35167187821453516
24159.0,0.7613170588394792,0.23826949949690496,4.134416636159464E-4
24641.0,0.6820374122425281,0.31591623647305295,0.002046351284418831
24396.0,0.6484491215260317,0.3503411984994849,0.001209679974483173
23059.0,0.10762811944543942,0.8230019426039796,0.06936993795058087
23296.0,8.064965404477976E-4,0.14582700404210566,0.8533664994174465
23732.0,6.518978910335047E-5,0.028230594651316093,0.9717042155595804
23975.0,0.31739660317761254,0.6656415057604023,0.016961891061985267
24449.0,0.006633977480274599,0.547302559417271,0.44606346310245437
24716.0,0.0034340412678014604,0.4895609328406787,0.5070050258915199
24210.0,5.070290819068064E-6,0.016281189223651592,0.9837137404855294
23501.0,3.391534994959065E-4,0.04018331478687923,0.9594775317136249
23262.0,2.1430267570333403E-5,0.03519108098542053,0.964787488747009
23019.0,0.7104739166562765,0.2887099820319072,8.16101311816369E-4
22956.0,0.06054837431375896,0.9381712788233562,0.0012803468628849546
23434.0,5.7709527036064136E-5,0.028222127674997148,0.9717201627979668
23193.0,0.022073571532082725,0.9434050177933814,0.03452141067453594
24518.0,6.769699537576888E-5,0.06789652564231179,0.9320357773623125
24277.0,0.10754243716038063,0.8204288457599339,0.0720287170796855
23795.0,1.9409933582033182E-4,0.020466913787069503,0.9793389868771102
24032.0,3.6659495735890215E-4,0.7859281587278744,0.2137052463147667
23124.0,0.2395710735039094,0.5455088520115875,0.214920074484503
23367.0,0.010392014148564674,0.7022742527635794,0.28733373308785604
24088.0,0.003732141611935213,0.8036715914519976,0.19259626693606705
24331.0,0.9334362847180574,0.06650219414620848,6.152113573414475E-5
24582.0,1.1452754302615865E-4,0.038778915866598596,0.9611065565903751
23853.0,0.008447681247066588,0.9483683797807652,0.04318393897216829
23614.0,3.7708818494695785E-4,0.12126791843243195,0.878354993382621
23299.0,0.0473701554838123,0.9326670693908528,0.019962775125334935
23056.0,0.4703462320428889,0.5181003136260619,0.011553454331049186
23674.0,0.022449400132390725,0.8145497695861791,0.16300083028143023
23913.0,0.0031087524815709097,0.3893186863762403,0.6075725611421887
24399.0,4.8002853958814786E-5,0.029163307542765665,0.9707886896032755
24642.0,0.9355265877327315,0.0643986937068648,7.471856040371185E-5
24156.0,1.9443060454720894E-5,0.045523225192000555,0.9544573317475449
23261.0,0.0017340473420674124,0.4518456418891395,0.5464203107687932
23502.0,0.790690648449566,0.20849272857667336,8.16622973760707E-4
23016.0,0.13690330618937754,0.811079584861466,0.05201710894915633
23972.0,0.0010457899825727496,0.27579185671931594,0.7231623532981114
23735.0,0.9201100956476381,0.07980156703640551,8.833731595621027E-5
24209.0,0.00308244236505715,0.4433522274508527,0.5535653301840903
24719.0,0.05144862099545598,0.8668746440505712,0.08167673495397271
24450.0,0.5582951043785378,0.43919555257855736,0.0025093430429047343
24519.0,0.00488275607160404,0.5294999373039999,0.465617306624396
24276.0,4.60355411602866E-6,0.012823194310912337,0.9871722021349716
23794.0,0.0019527627574461154,0.5209551876648686,0.4770920495776853
24033.0,0.009728596781225484,0.8677134145662141,0.12255798865256044
22957.0,0.051131782094737024,0.8903281016945023,0.05854011621076075
23435.0,0.5297912124250251,0.433635831301475,0.03657295627349994
23192.0,0.9084108817643237,0.09098659034218903,6.0252789348726E-4
24089.0,0.7074722038126445,0.2912766608543489,0.0012511353330066316
24583.0,0.9612569346496782,0.03860629471746581,1.3677063285611152E-4
24330.0,0.7495851189050937,0.2498870478883901,5.278332065161019E-4
23852.0,0.4224760795203039,0.576800665996924,7.232544827721686E-4
23615.0,0.19036481513411727,0.7530069907242347,0.05662819414164794
23125.0,0.5173321278946588,0.47990431734268196,0.0027635547626593633
23366.0,7.231937195818555E-5,0.03175884462963884,0.968168835998403
23675.0,0.0029294367061961832,0.34114758787058863,0.6559229754232151
23912.0,0.7486267124554332,0.24881475146414891,0.002558536080417797
24643.0,0.03830002212915649,0.6644988402515254,0.29720113761931827
24398.0,0.41930401335999506,0.5671841512925713,0.013511835347433679
24157.0,0.11196987252545625,0.8853288197496142,0.002701307724929555
23298.0,0.9339331455065731,0.06598519909278548,8.165540064140806E-5
23057.0,0.0054203460209143834,0.756705539533123,0.23787411444596263
23973.0,0.7964695977385314,0.2012768983531452,0.002253503908323512
23734.0,0.6755392787020275,0.3115098206640888,0.012950900633883863
24208.0,0.9447349005147975,0.05521885509761165,4.624438759087991E-5
24451.0,0.0023520943995028426,0.827568794765009,0.17007911083548827
24718.0,7.283880593019117E-4,0.1934279046433007,0.8058437072973973
23260.0,0.062234990092485676,0.8959882081963879,0.041776801711126445
23503.0,0.02011767281869652,0.4899949993301943,0.4898873278511093
23017.0,0.12487732928524826,0.7180341881233225,0.15708848259142918
23361.0,0.06874396087202032,0.6011912975502763,0.33006474157770344
23122.0,8.913151373312337E-5,0.017717298432889245,0.9821935700533776
23608.0,0.08963266288271449,0.6715512599228405,0.23881607719444498
23851.0,1.0102904325262675E-5,0.013677624617811782,0.986312272477863
24576.0,0.11380306303238606,0.8143318038700295,0.07186513309758441
24333.0,4.882850570094142E-4,0.12895874775531688,0.8705529671876736
24094.0,0.0025550040618588523,0.10660255009879686,0.8908424458393442
23199.0,0.746202099504028,0.2381570895197508,0.0156408109762211
23436.0,0.04721186576160062,0.7180477225859146,0.2347404116524847
22954.0,0.04432395871903215,0.6569953837763469,0.2986806575046208
24038.0,0.16608611957039254,0.802143980742185,0.031769899687422616
23797.0,0.741889420808095,0.2577250905352857,3.854886566192566E-4
24275.0,9.739018818699597E-6,0.014104175546448328,0.985886085434733
24512.0,0.013518557417780993,0.7025402619407304,0.28394118064148866
23022.0,0.05462439200334925,0.932098789889751,0.013276818106899839
23496.0,0.002141871940822366,0.21243433449053542,0.7854237935686421
23259.0,7.222828192660808E-4,0.2848843740888013,0.7143933430919325
24452.0,0.9119703944306226,0.08789284094841099,1.3676462096647444E-4
24713.0,0.15764969948081725,0.6938832703891193,0.14846703013006354
24215.0,0.029379708588700818,0.8435163506423414,0.12710394076895776
23729.0,0.10301755539500793,0.4042136430717536,0.49276880153323854
23970.0,0.25555454917963555,0.7438331165202395,6.123343001249445E-4
23062.0,0.014496102254394102,0.8121734709093269,0.173330426836279
23301.0,0.9346754779386212,0.06527538110684529,4.914095453354777E-5
24154.0,0.0044350903826255806,0.30753108012824865,0.6880338294891256
24644.0,3.5975791548161824E-4,0.17477991626758074,0.8248603258169377
24393.0,0.7119790969981148,0.2775799164595679,0.010440986542317301
23919.0,6.95061671405052E-5,0.03861057275039344,0.961319921082466
23676.0,0.45053103685296436,0.5433778035811659,0.006091159565869625
23609.0,0.001804307026388962,0.1773521825935559,0.8208435103800552
23850.0,0.5067684204780928,0.4845348834684375,0.008696696053469805
24577.0,0.05378637792421314,0.37681292902225033,0.5694006930535366
24332.0,3.185060942448816E-5,0.045652403330989334,0.9543157460595861
24095.0,8.767939038261364E-5,0.09000779363463922,0.9099045269749783
23360.0,0.004385049359236308,0.11870818729769088,0.8769067633430728
23123.0,2.8364313754230104E-4,0.03136875309903436,0.9683476037634234
24039.0,0.1891256317064264,0.8010599064015178,0.00981446189205573
23796.0,4.982970694129391E-6,0.0038803630292942584,0.9961146540000116
24274.0,2.647711565269348E-5,0.007801891311774756,0.9921716315725725
24513.0,5.199655989024266E-4,0.11754970120556538,0.881930333195532
23198.0,0.04896275732838299,0.9480799676310697,0.0029572750405473837
23437.0,0.033054428852952455,0.8224555923767518,0.1444899787702956
22955.0,0.010734335931121962,0.3056325434456612,0.6836331206232168
24712.0,0.5152938287711613,0.4834286454456356,0.0012775257832032233
24453.0,0.9243749502011274,0.07547629593957617,1.487538592965997E-4
24214.0,0.9546117856284787,0.04533765756332556,5.055680819572773E-5
23728.0,0.0033807369460834846,0.30624016395715137,0.690379099096765
23971.0,0.032976851293096125,0.9657378751272816,0.0012852735796223544
23023.0,0.020968263824915605,0.36075230971930655,0.6182794264557778
23497.0,0.29011590015147687,0.689889640561565,0.01999445928695814
23258.0,2.4267321421183648E-5,0.019413745709176256,0.9805619869694026
24155.0,0.007848377079262886,0.9406763777894681,0.05147524513126902
24645.0,0.9381460208522026,0.061753096939877954,1.0088220791960829E-4
24392.0,0.5729774838944125,0.42630330894903323,7.192071565543649E-4
23918.0,0.5123033058985053,0.48351993369143925,0.00417676041005542
23677.0,4.214863603969805E-5,0.04775832159739458,0.9521995297665657
23063.0,0.9260321364492577,0.07367552287192676,2.923406788156755E-4
23300.0,0.13465973881712284,0.8640159185085398,0.0013243426743375912
23120.0,2.2802762612338174E-5,0.05491796421013514,0.9450592330272525
23363.0,0.7383539236668855,0.2604551447959254,0.0011909315371890694
23849.0,0.008631697580342476,0.797831103826763,0.19353719859289448
23610.0,0.022944728548500607,0.8382614545566746,0.13879381689482476
24092.0,0.033627140536076454,0.20378123054190067,0.762591628922023
24578.0,1.5996477113019945E-4,0.06716598129146774,0.932674053937402
24335.0,0.0011363217182567649,0.25686153312949933,0.7420021451522438
23438.0,8.602998215365026E-4,0.2148182679102107,0.7843214322682528
23197.0,2.0734977034077875E-4,0.15057274548367144,0.8492199047459877
22952.0,0.20500552983451778,0.7577172533436382,0.037277216821844185
23799.0,2.7422754947755156E-4,0.7221807728568278,0.27754499959369455
24036.0,2.0242189144793984E-4,0.28863249225494403,0.7111650858536082
24514.0,9.843866781314541E-5,0.023426923953154755,0.9764746373790322
24273.0,0.11809892012201002,0.824154665354381,0.05774641452360893
23020.0,9.452133439128047E-5,0.03752815572024466,0.9623773229453639
23257.0,0.9238515600859887,0.07600524742313056,1.4319249088090542E-4
23498.0,0.3790884860696509,0.6125639154172854,0.008347598513063758
24213.0,0.4981995814930563,0.49790639873595194,0.003894019770991647
24454.0,0.18215909076670583,0.8156999997181577,0.002140909515136525
24715.0,0.0032646392464053043,0.08195843062563328,0.9147769301279614
23968.0,0.026029006444225337,0.9147951560798843,0.0591758374758903
23731.0,1.2251224450461225E-5,0.02090500461220314,0.9790827441633464
23303.0,5.080193869098223E-5,0.021451470166857656,0.9784977278944514
23060.0,9.665664568048159E-5,0.054799316309094216,0.9451040270452253
24395.0,0.14096895311826818,0.8502502472271243,0.008780799654607527
24646.0,0.5784061510341274,0.4199506739391144,0.0016431750267580903
24152.0,6.776097514728226E-4,0.17774626414272304,0.8215761261058041
23678.0,0.5263001247325665,0.43824116013701386,0.03545871513041957
23917.0,0.6255786150891389,0.37302993634679654,0.0013914485640645286
23848.0,0.0049838668011416495,0.2958952300818854,0.699120903116973
23611.0,0.27053830183467314,0.6303270220795415,0.09913467608578531
24093.0,0.0030456224237654993,0.1694882709191677,0.8274661066570667
24334.0,0.0027710824166471437,0.32152526023045314,0.6757036573528998
24579.0,6.478545480772226E-4,0.6100562588400392,0.3892958866118836
23121.0,0.005423506659026019,0.5608930992444314,0.43368339409654255
23362.0,0.8511281999562875,0.14525192103192996,0.003619879011782354
23798.0,0.005853663622664608,0.6615330630552685,0.33261327332206686
24037.0,0.02312275766494023,0.8624562054489213,0.1144210368861385
24515.0,0.6456549305541538,0.31087301241550375,0.043472057030342424
24272.0,0.5008403360891146,0.4434263053347281,0.05573335857615735
23439.0,0.9253795454199325,0.07393142871076394,6.890258693036075E-4
23196.0,3.6487281469453876E-5,0.02218253993061209,0.9777809727879185
22953.0,0.9473753790899826,0.05255828445915843,6.633645085905405E-5
24212.0,0.027836688581089973,0.9701944426756677,0.0019688687432423404
24714.0,0.004068124554308247,0.5668806653324008,0.42905121011329095
24455.0,4.827964522466776E-4,0.13608081507072275,0.8634363884770306
23969.0,0.03263605629976277,0.37221371341440546,0.5951502302858318
23730.0,0.9267201019554538,0.07270739701288757,5.725010316587665E-4
23021.0,0.035989610717878984,0.9630519351503793,9.584541317415654E-4
23256.0,9.220419781230912E-5,0.04649045045746219,0.9534173453447256
23499.0,0.01706657279673371,0.587099794485095,0.39583363271817124
24647.0,2.558784974695074E-4,0.12246288886658536,0.8772812326359452
24394.0,0.44335017366911433,0.5534048620861023,0.0032449642447833845
24153.0,0.058431695316557536,0.939539839032342,0.0020284656511005542
23679.0,8.620666453802444E-5,0.022034882343801316,0.9778789109916607
23916.0,3.0203441229377188E-5,0.0325114829033028,0.9674583136554677
23302.0,0.4203138328257667,0.5341602213518722,0.04552594582236111
23061.0,0.0040931063043089634,0.4547028441705436,0.5412040495251473
23907.0,0.7247620636067196,0.27382575087652916,0.0014121855167512612
23664.0,0.05259901008401363,0.7392729064369701,0.2081280834790163
24150.0,0.002375943928707459,0.024160143365728852,0.9734639127055636
24648.0,0.08511222256909759,0.9132443545232372,0.0016434229076653527
24389.0,0.00212584969855879,0.3925164892165667,0.6053576610848747
23066.0,0.5728491183793697,0.40637658156138257,0.020774300059247793
23305.0,7.637896484610477E-5,0.024988638880228092,0.9749349821549258
23741.0,0.053521074067751265,0.7391207071335258,0.20735821879872293
23982.0,5.825125721454527E-4,0.13521362230677986,0.8642038651210747
24456.0,0.7735070605044335,0.2246545629369895,0.0018383765585770933
24709.0,0.12401268694011733,0.8140598636558546,0.06192744940402798
24219.0,0.006458759015448225,0.9730202749170642,0.020520966067487587
23492.0,0.035067315096011464,0.900185689786087,0.06474699511790152
23255.0,7.832271915692536E-5,0.04214796804157968,0.9577737092392634
23010.0,0.1785333331433692,0.8080351078148919,0.013431559041738874
24287.0,2.12247838545314E-4,0.11408750631039279,0.8857002458510619
24524.0,0.05588876912689942,0.9427753355629797,0.0013358953101209273
24042.0,0.022948200054023378,0.966517252012285,0.010534547933691595
23801.0,0.07910528525169323,0.7754017002541407,0.14549301449416613
23187.0,0.008636566090378762,0.5715353538695653,0.4198280800400558
23424.0,0.953614005225453,0.04629153509668614,9.44596778606524E-5
24321.0,7.908272127660256E-5,0.07909792985154852,0.9208229874271748
24588.0,0.07978580367178187,0.8835614610504939,0.03665273527772418
24082.0,0.060000203999280355,0.9319903380115769,0.00800945798914268
23604.0,0.13990462763289763,0.858325820247623,0.001769552119479341
23847.0,0.9339331455065731,0.06598519909278548,8.165540064140806E-5
23373.0,0.17192687763920417,0.6557282153716832,0.17234490698911267
23134.0,0.0019587423055927654,0.5539712801541868,0.4440699775402204
23067.0,0.442842564720439,0.5048183441910943,0.05233909108846668
23304.0,0.5226468357335418,0.47084509110226686,0.0065080731641913615
23906.0,0.8890448253985839,0.11033163681022129,6.2353779119468E-4
23665.0,0.43563802718224437,0.49404871852604093,0.07031325429171473
24151.0,0.059282671165396116,0.9374950854402919,0.0032222433943118593
24388.0,0.7187859715892031,0.28010418629046807,0.0011098421203287947
24649.0,3.012246350395493E-4,0.09859048405706103,0.9011082913078994
23493.0,0.7736399268795071,0.22367024099037108,0.0026898321301217915
23254.0,0.007349947279466632,0.5231051647610625,0.4695448879594707
23011.0,0.6886851680368725,0.3095313404083,0.0017834915548275176
23740.0,0.05477495098763674,0.9349114448358594,0.01031360417650392
23983.0,0.04784678583060281,0.9342197386264883,0.017933475542908806
24708.0,6.317689135354578E-4,0.08616568571943109,0.9132025453670335
24457.0,0.019843290179389975,0.9730657311345121,0.007090978686098012
24218.0,2.925377782007906E-5,0.044433466420187355,0.9555372798019925
23186.0,0.7615589323713031,0.23776471864306728,6.763489856297064E-4
23425.0,0.02364311163700109,0.9574606451965605,0.018896243166438318
24286.0,0.08974653159298199,0.8948055695500149,0.015447898857003014
24525.0,7.319287867211125E-4,0.21836241021178107,0.7809056610014978
24043.0,0.2921864340862145,0.5592474897236146,0.14856607619017104
23800.0,0.9571884430467703,0.04264084829599574,1.707086572339985E-4
23372.0,0.02407769669777934,0.708469193201171,0.26745311010104966
23135.0,9.638466012743901E-4,0.3013523987376586,0.6976837546610669
24320.0,0.03756796030001129,0.8936011787463853,0.0688308609536034
24589.0,5.1872587214560466E-5,0.051920510936006886,0.9480276164767785
24083.0,0.0022356064692702405,0.1562245476064642,0.8415398459242656
23605.0,8.381563922360611E-4,0.8510430643497212,0.14811877925804276
23846.0,0.0014453207690129915,0.020837684005509477,0.9777169952254775
23666.0,0.9201100956476381,0.07980156703640551,8.833731595621027E-5
23905.0,8.355518871594722E-6,0.01460303872027568,0.9853886057608526
24650.0,3.252422324275072E-4,0.19501773577979786,0.8046570219877746
24391.0,0.018741361518148578,0.9767421944062177,0.0045164440756337906
24148.0,0.002792999079306672,0.4995241457220619,0.4976828551986314
23307.0,0.9396114141590911,0.060134708867106715,2.5387697380234935E-4
23064.0,0.006905755534303236,0.9097490943787656,0.08334515008693126
23980.0,0.898565745271446,0.1011407712468917,2.9348348166217074E-4
23743.0,0.5601137708791272,0.43104688240960604,0.008839346711266816
24217.0,5.588193318680985E-5,0.046393012494147,0.9535511055726662
24711.0,0.9281820853644602,0.07171229515253484,1.056194830048684E-4
24458.0,0.0061509439004405414,0.24029523824241247,0.7535538178571469
23253.0,4.167245113364417E-5,0.04685012971886362,0.9531081978300027
23494.0,0.9390569045554729,0.060438384040829116,5.047114036979557E-4
23008.0,0.006481598270842265,0.6093763543678333,0.3841420473613245
24526.0,3.015895088194593E-4,0.03774214316127941,0.9619562673299011
24285.0,4.703753367701709E-6,0.011656037575440157,0.9883392586711921
23803.0,0.0013060321758762176,0.2510770236431621,0.7476169441809618
24040.0,1.0468901676404942E-4,0.014667617983962487,0.9852276929992735
23426.0,0.07127685983106201,0.9278456498994243,8.774902695137554E-4
23185.0,1.5853761136305694E-5,0.019163118893002245,0.9808210273458615
24080.0,0.046649764255042074,0.9386881089417475,0.014662126803210449
24323.0,0.07279121015533223,0.9261680364605703,0.0010407533840974662
24590.0,0.16924127897366906,0.8250755765194381,0.005683144506892942
23845.0,0.8288992796137583,0.16926785023175933,0.0018328701544822108
23606.0,0.9334362847180574,0.06650219414620848,6.152113573414475E-5
23132.0,0.19674633897041197,0.6551758624385499,0.14807779859103815
23375.0,0.0040412202909649265,0.08475059755044907,0.911208182158586
23306.0,0.25101773382039083,0.73084326959654,0.018138996583069226
23065.0,6.732093557582917E-5,0.04210939886477334,0.9578232801996508
23667.0,0.9287514183257094,0.07113990510965115,1.0867656463956682E-4
23904.0,0.01056538479896894,0.20024881918345366,0.7891857960175774
24390.0,0.02731587617473424,0.8879350380516359,0.08474908577362995
24651.0,0.0017987935223390868,0.5018656999576557,0.4963355065200052
24149.0,0.48479788436625726,0.5012305335814975,0.013971582052245293
23252.0,0.050093225647910904,0.6962116251463525,0.2536951492057365
23495.0,0.5413512332912034,0.44897666927262675,0.009672097436169801
23009.0,0.8279716642174723,0.17153900595730134,4.893298252264472E-4
23981.0,4.386441611544815E-4,0.29619495802022755,0.703366397818618
23742.0,0.1184265501852499,0.876661602518213,0.0049118472965371225
24216.0,3.548381401973569E-4,0.15412493795546695,0.8455202239043357
24459.0,0.48282515627941053,0.516240484292699,9.34359427890376E-4
24710.0,1.9333104914953538E-5,0.011784658974587824,0.9881960079204972
23427.0,8.508947383585275E-5,0.06988160866248083,0.9300333018636833
23184.0,0.15565382774119682,0.6580642566686005,0.18628191559020277
24527.0,0.8149579347037391,0.18328665700088875,0.0017554082953722759
24284.0,6.179732230558488E-4,0.47005588647137875,0.5293261403055654
23802.0,0.0019807644091858197,0.12188822335752562,0.8761310122332886
24041.0,0.5111028282281513,0.470701408565706,0.01819576320614247
23133.0,0.13256538252803343,0.8448097308412841,0.022624886630682538
23374.0,0.2928945277196632,0.6875902889849181,0.01951518329541867
24081.0,0.18086155029407053,0.8139421349743652,0.005196314731564351
24591.0,0.1928809952875055,0.7518531151647029,0.055265889547791595
24322.0,0.8883668095744357,0.11145432455859729,1.7886586696705983E-4
23844.0,0.018373073117848693,0.9811780087518884,4.489181302629436E-4
23607.0,0.02398683943144407,0.6982409347709951,0.2777722257975607
24705.0,1.0159134199661417E-5,0.022073962796297218,0.977915878069503
24460.0,0.267743930135094,0.7303627142520271,0.0018933556128789516
24223.0,3.3331435791171803E-4,0.34347569861974736,0.6561909870223409
23737.0,0.07108072057559123,0.9261722903167802,0.002746989107628685
23978.0,0.4153535945892677,0.57346414375808,0.011182261652652237
23014.0,0.11526576906844978,0.8839977801119373,7.364508196128553E-4
23488.0,7.27753285303619E-6,0.0338509350534632,0.9661417874136838
23251.0,0.004738015113856079,0.2538407238564578,0.7414212610296861
24146.0,0.7889545737944936,0.08554153439682989,0.12550389180867652
24652.0,6.810633756355003E-4,0.7054435222929883,0.29387541433137615
24385.0,0.3434673213686742,0.6555341279827329,9.985506485928528E-4
23911.0,0.002772750255742771,0.888897731662195,0.10832951808206234
23668.0,0.9147049343270859,0.08514141304064748,1.5365263226652616E-4
23070.0,0.16187825504750206,0.6393032205665071,0.19881852438599087
23309.0,0.022459294253433043,0.5365136990345613,0.44102700671200584
23600.0,1.8693840168054944E-4,0.03724048366766262,0.9625725779306568
23843.0,0.9512059712247308,0.04873074830062126,6.328047464786438E-5
24325.0,0.7782146192592055,0.22102380632301027,7.615744177840872E-4
24584.0,0.9320457224274848,0.06782410078658112,1.3017678593409742E-4
24086.0,4.878324551789292E-4,0.14768536587536615,0.8518268016694549
23369.0,0.024145450964140332,0.3115235960295674,0.6643309530062923
23130.0,0.0800133929070506,0.9187016441739184,0.0012849629190311072
24046.0,0.0116627776148551,0.7268868867476402,0.2614503356375048
23805.0,0.46832813928684025,0.5294741147979365,0.002197745915223274
24283.0,0.5090213231685913,0.4873541098769453,0.0036245669544634927
24520.0,0.8654302141110064,0.13137476107115337,0.003195024817840116
23191.0,0.189788553743631,0.7654390260413404,0.0447724202150287
23428.0,0.609527496613088,0.38806765776746066,0.002404845619451312
23015.0,0.0621045191987203,0.9040114695936989,0.0338840112075808
23489.0,0.8998925516578936,0.09997843294447846,1.2901539762809227E-4
23250.0,0.0022824644130016994,0.2728135985869844,0.7249039370000138
24704.0,1.0299404948657893E-5,0.06293354651040144,0.9370561540846498
24461.0,1.342477057385153E-4,0.07919749812837018,0.9206682541658914
24222.0,0.012020695593459698,0.35749903290595964,0.6304802715005806
23736.0,9.705360983660221E-6,0.008101691644318048,0.9918886029946984
23979.0,0.3342462547211746,0.6260183433459897,0.03973540193283586
23071.0,0.9434647694798673,0.05647661582116271,5.861469896989922E-5
23308.0,0.037438263445200744,0.9527548199592399,0.009806916595559285
24147.0,4.1026952729541835E-5,0.03304777067567531,0.9669112023715952
24653.0,7.190050632906026E-4,0.043540667895207136,0.9557403270415022
24384.0,0.04818279324997069,0.9062822595032354,0.045534947246793904
23910.0,6.593308612613001E-4,0.13868415482720917,0.8606565143115297
23669.0,0.8967754650133912,0.10302053666262811,2.0399832398048314E-4
23368.0,7.380230166939151E-4,0.09599913919984596,0.9032628377834602
23131.0,2.4421732748432305E-4,0.09506356527007465,0.9046922174024411
23601.0,0.07051952409461182,0.7258316613884289,0.20364881451695935
23842.0,0.002875246564765019,0.2835420771231381,0.7135826763120968
24324.0,5.828722956999144E-5,0.009161841925363776,0.9907798708450662
24585.0,5.488684936892311E-4,0.4453901015195353,0.5540610299867753
24087.0,7.92698586505375E-5,0.0220141774740205,0.977906552667329
23190.0,0.8970724123278979,0.10273260617778872,1.949814943133592E-4
23429.0,0.058492802761102046,0.9185658022563715,0.022941394982526495
24047.0,0.02558475377049099,0.9496939817967649,0.02472126443274404
23804.0,0.001872848491108864,0.24588178408300743,0.7522453674258838
24282.0,4.8120750608846534E-4,0.21563613451005956,0.7838826579838519
24521.0,0.640733688896625,0.35389217404513235,0.005374137058242611
24221.0,3.4094645251542467E-4,0.03932813157125865,0.9603309219762258
24462.0,2.444019341266794E-5,0.012804179985519644,0.9871713798210677
24707.0,0.12915307255399194,0.8256972476513949,0.04514967979461317
23976.0,0.012705734305880236,0.3779730453880905,0.6093212203060294
23739.0,0.024020374830066873,0.593755612551543,0.3822240126183903
23012.0,0.7595051718002894,0.2339260335637437,0.006568794635966861
23249.0,0.7971538500134642,0.20233924953400412,5.069004525315558E-4
23490.0,0.0010856829962820635,0.7688586201701305,0.23005569683358731
24387.0,0.06270347916754215,0.8223914169191486,0.11490510391330928
24654.0,9.522661646602336E-6,0.016346133452823194,0.9836443438855302
24144.0,0.8372747343935965,0.16126916165128882,0.0014561039551146922
23670.0,0.8759734359979956,0.12387774466355621,1.4881933844811986E-4
23909.0,0.6074331793067741,0.3915666414102726,0.0010001792829533172
23311.0,0.0027683607808574643,0.43515264182343466,0.562078997395708
23068.0,0.006780236431399888,0.6052979274442504,0.38792183612434994
23841.0,0.24040826182558656,0.7524959931761439,0.00709574499826966
23602.0,0.161051743119182,0.8375804661470111,0.001367790733806779
24084.0,0.0677508098659339,0.7680591151667663,0.1641900749672998
24327.0,3.134447709342458E-5,0.021550182226139643,0.9784184732967668
24586.0,0.44224161131796413,0.5523678217018647,0.005390566980171086
23128.0,0.17156215643631706,0.8016470922716581,0.026790751292024805
23371.0,0.03411032846493078,0.5638129791723798,0.40207669236268934
23807.0,0.002798537325970134,0.67655603971042,0.3206454229636097
24044.0,0.00857462580894673,0.9206879934876956,0.07073738070335754
24522.0,0.2467854476417651,0.6325407372146394,0.12067381514359538
24281.0,0.002011478823544957,0.5513178910505758,0.44667063012587915
23430.0,0.002405449216991596,0.4573815617163168,0.5402129890666916
23189.0,0.5834630116170367,0.4156637320801336,8.732563028296594E-4
23013.0,1.868198495173749E-4,0.12529430023109134,0.8745188799193913
23248.0,0.023840443774433916,0.9610775856541335,0.015081970571432568
23491.0,0.34360545609290366,0.6136547854738945,0.04273975843320177
24220.0,0.9664492631296814,0.03348441268355718,6.632418676141467E-5
24706.0,0.6678758826770334,0.3306079073548056,0.0015162099681611755
24463.0,0.9281820853644602,0.07171229515253484,1.056194830048684E-4
23977.0,0.5112205261441616,0.437650589455171,0.051128884400667526
23738.0,0.057519865176019896,0.5410352046531679,0.4014449301708123
23310.0,0.007367423157243628,0.34741529640192076,0.6452172804408356
23069.0,0.022453164012552804,0.6554263420674948,0.32212049391995234
24386.0,0.024002089793103032,0.8375346883742535,0.13846322183264353
24655.0,0.016511832147314557,0.9757476173270346,0.007740550525650823
24145.0,0.9009468428379229,0.09899192869783734,6.122846423973249E-5
23671.0,1.1009527178983515E-4,0.0507595623079001,0.9491303424203101
23908.0,1.4602663802602776E-5,0.017932754625070418,0.9820526427111269
23129.0,0.0015364321854722653,0.8192479332086646,0.17921563460586298
23370.0,0.9458343643507537,0.054103994029909785,6.164161933643901E-5
23840.0,0.013780376915599926,0.7205770154909953,0.26564260759340486
23603.0,0.7741449965609833,0.20424319350736503,0.021611809931651602
24085.0,1.8657171245038523E-5,0.015224608893651155,0.9847567339351039
24587.0,0.002881355512472365,0.4510578013813295,0.5460608431061982
24326.0,0.7146051745174655,0.2758876106352352,0.009507214847299326
23431.0,0.010317796253956063,0.9499453608877386,0.039736842858305345
23188.0,1.251830320852831E-4,0.10666837312197287,0.8932064438459417
23806.0,6.060937119633414E-4,0.1932492917594757,0.8061446145285609
24045.0,0.06807817125321658,0.8013506785141704,0.1305711502326129
24523.0,0.6211010066938156,0.37510295501398355,0.003796038292200962
24280.0,0.03342272058238594,0.8064650722643344,0.16011220715327973
24262.0,1.9049027574788582E-4,0.05564434581263859,0.9441651639116135
24533.0,7.56096642251288E-5,0.06441356713864256,0.9355108231971324
24051.0,8.085047498152603E-5,0.010958976904965091,0.9889601726200533
23776.0,9.769451567958279E-5,0.016741380413937128,0.9831609250703832
22975.0,0.2608459916609587,0.7336041622957917,0.005549846043249558
23178.0,0.013158271036350562,0.8131230985355532,0.17371863042809618
23449.0,0.007671423868500071,0.6121991438192471,0.380129432312253
24344.0,0.03704777603229558,0.7420034890943135,0.22094873487339112
24597.0,0.14289964829244148,0.7627665793627691,0.09433377234478942
24075.0,0.0018916014938917885,0.16068323971774995,0.8374251587883583
23597.0,0.0017063201765829636,0.3018006147881074,0.6964930650353095
23870.0,0.009869222079121071,0.7193763031900087,0.2707544747308703
23380.0,6.330836619978937E-4,0.06401486373163089,0.9353520526063712
23111.0,0.012940759851552111,0.8301367406717697,0.15692249947667833
23930.0,0.9281820853644602,0.07171229515253484,1.056194830048684E-4
23657.0,5.601539883589135E-5,0.016850166354856547,0.9830938182463075
24143.0,0.038883250291236404,0.9595555241916475,0.0015612255171160167
24657.0,0.9214990449648431,0.07843886031167,6.209472348688843E-5
24412.0,0.2133842884785496,0.630283586592604,0.15633212492884635
23043.0,0.20973401992747445,0.6120147041128836,0.1782512759596418
23312.0,0.8610402972729659,0.13785699323008396,0.0011027094969499357
23716.0,0.726713673109239,0.2700970178618107,0.003189309028950315
23991.0,0.84547380792602,0.15266732864928131,0.0018588634246986758
24465.0,0.5786822858529207,0.41943544098936475,0.0018822731577146233
24732.0,0.10703528062413985,0.8904821051316375,0.002482614244222692
24194.0,0.5294131950200459,0.46991099426238125,6.758107175729002E-4
23517.0,0.25589307088817387,0.7427649640708298,0.0013419650409962204
23246.0,0.9399723468045613,0.05992666728306943,1.0098591236906995E-4
23035.0,0.15495028923356957,0.6966401885107235,0.14840952225570692
22974.0,0.005212164039745584,0.12486439019362673,0.8699234457666276
23179.0,0.005304436380249071,0.7933129408540511,0.20138262276569996
23448.0,0.017334091615770313,0.9789648491506117,0.003701059233618125
24263.0,0.7087953828468352,0.28992242518388794,0.0012821919692768795
24532.0,0.014807872879412527,0.8758362926116878,0.10935583450889962
24050.0,0.9116270801069236,0.08821930725583427,1.5361263724217729E-4
23777.0,0.0014869999284879843,0.16708844785858,0.831424552212932
23381.0,0.9294902745635671,0.07040452319664861,1.052022397841116E-4
23110.0,0.05615634035589622,0.8776711836395896,0.06617247600451431
24345.0,1.3337849017566115E-4,0.01591187292855039,0.983954748581274
24596.0,0.0029136012915133565,0.18240302064223374,0.8146833780662529
24074.0,0.7612851084215632,0.23689415509681339,0.0018207364816233808
23596.0,6.335704544044289E-6,0.01335671237240971,0.9866369519230462
23871.0,0.0022106225821315537,0.5730738185996773,0.42471555881819123
23042.0,4.4594391828282145E-6,0.014042263855857457,0.9859532767049598
23313.0,0.06201451238519893,0.6048938179683205,0.33309166964648046
23931.0,0.15528807199095518,0.8124041667521972,0.032307761256847735
23656.0,0.015533696172206452,0.6693274370095498,0.31513886681824377
24142.0,0.03930414774635576,0.7869202422846235,0.17377560996902075
24413.0,3.1015202481501035E-4,0.0930344518416488,0.9066553961335362
24656.0,0.02054960558250564,0.9730633372755253,0.006387057141969032
23516.0,0.006821176120143909,0.8976159854247283,0.09556283845512788
23247.0,0.9266617737747559,0.07324356518188374,9.466104336036396E-5
23034.0,0.03237746082524604,0.3339200010192334,0.6337025381555206
23717.0,0.005276943051024212,0.0708925019274668,0.923830555021509
23990.0,0.8871565385476922,0.11199311969711157,8.503417551961272E-4
24464.0,1.2831222789836006E-5,0.02047741225963016,0.97950975651758
24733.0,0.9405874047926512,0.0592297042484273,1.8289095892159196E-4
24195.0,0.9064772285975546,0.09292448889177238,5.982825106728191E-4
24535.0,0.025103549884150873,0.9742656030524575,6.308470633918386E-4
24260.0,0.829203280679731,0.1706175837203804,1.7913559988858732E-4
23778.0,0.33369851432069625,0.6405823795322588,0.02571910614704487
24049.0,2.806239566634083E-6,0.004734645069676029,0.9952625486907575
22973.0,0.7430456710602279,0.256464426292704,4.899026470679184E-4
23451.0,0.03447919301607533,0.9237336541492652,0.041787152834659384
23176.0,0.6062162369992755,0.3923926703328639,0.0013910926678604445
24073.0,0.02217904203731707,0.9756664460115613,0.0021545119511216025
24599.0,0.12968505166791428,0.8688319489853165,0.001482999346769176
24346.0,0.06178358087463078,0.9309731376003204,0.007243281525048852
23868.0,0.07907587955750726,0.9197576810181359,0.001166439424356658
23599.0,0.9417950868575569,0.058044106114754475,1.6080702768860543E-4
23109.0,0.4701511919241237,0.515548138068483,0.014300670007393343
23382.0,0.18618710459717563,0.5339217172147825,0.2798911781880418
23659.0,2.0637721895723143E-5,0.015781154053048644,0.9841982082250555
23928.0,0.5416313910043853,0.4553577568328178,0.003010852162796899
24414.0,1.6036607823652735E-5,0.020681789369226565,0.9793021740229497
24659.0,9.371515663404332E-5,0.014805039298435275,0.9851012455449307
24141.0,0.8875816067797402,0.11200353621414905,4.148570061107091E-4
23314.0,0.03868843805531292,0.9097752566547617,0.051536305289925345
23041.0,0.9262099421633221,0.07367905614382843,1.1100169284956338E-4
23989.0,0.005386449924132142,0.8313271409155515,0.16328640916031642
23718.0,7.439508442358919E-4,0.17149934257878605,0.827756706576978
24192.0,0.4939351267489175,0.4962167825629779,0.009848090688104567
24467.0,0.0025433557545932457,0.6290465287295189,0.36841011551588776
24734.0,4.3774792043414654E-4,0.09603716579180875,0.9035250862877571
23244.0,0.0718896294614993,0.8610954504306046,0.06701492010789616
23519.0,0.031875675430041266,0.8506850169555304,0.1174393076144284
23033.0,0.028356374777792816,0.8989977821832605,0.07264584303894665
22972.0,2.579550175480227E-5,0.027043454502198718,0.9729307499960465
23450.0,0.05960771560748619,0.9353321533901138,0.005060131002399889
23177.0,0.2004219833591606,0.5808137493414224,0.2187642672994172
24534.0,8.901956900478843E-4,0.21829023320003738,0.7808195711099148
24261.0,0.971698864918047,0.02822030747329978,8.082760865309357E-5
23779.0,0.033316014093538994,0.8004898199619247,0.16619416594453626
24048.0,0.002595284886278553,0.07740004579368352,0.9200046693200379
23108.0,0.009736949363452646,0.39230438671980716,0.5979586639167402
23383.0,4.859484700570914E-4,0.18929762631398372,0.8102164252159592
24072.0,6.816639719906506E-4,0.35008863454232897,0.6492297014856804
24347.0,0.010925897501115427,0.579671203340399,0.4094028991584856
24598.0,5.459155169493358E-4,0.11145064533201358,0.888003439151037
23869.0,0.002387611952364022,0.3634179785411929,0.634194409506443
23598.0,0.0033524677106522662,0.10756550057111584,0.889082031718232
23315.0,0.1493706092315746,0.8494276775519126,0.0012017132165127106
23040.0,1.5001843938337265E-4,0.022435229565448432,0.9774147519951683
23658.0,0.7595674506799884,0.23901298017455389,0.0014195691454577
23929.0,0.0051306782636723405,0.40936962932751314,0.5854996924088147
24415.0,0.0047699037724602085,0.3306099486929463,0.6646201475345934
24658.0,0.05419697966693536,0.9452378484590117,5.65171874052947E-4
24140.0,7.388916388622512E-5,0.053520550227137025,0.9464055606089767
23245.0,2.6886728914491147E-5,0.05095942987697684,0.9490136833941086
23518.0,2.368514397995297E-5,0.013293275860145951,0.9866830389958742
23032.0,0.05516338021929973,0.6751442271442235,0.26969239263647676
23988.0,0.590334378120707,0.3470163477526891,0.06264927412660386
23719.0,1.3596681650499478E-4,0.10676044362123767,0.8931035895622573
24193.0,1.7554506080224091E-4,0.08925509618205689,0.9105693587571408
24466.0,6.137074661494336E-5,0.09052492219804535,0.9094137070553396
24735.0,0.10305201892824158,0.8056558844907337,0.09129209658102476
23593.0,0.26441410690991995,0.6770490224918054,0.05853687059827463
23866.0,0.05554578242807718,0.9181214615473231,0.026332756024599786
24348.0,0.42721391054104924,0.2992086522648925,0.2735774371940583
24593.0,1.5497743424738607E-5,0.026909860714118418,0.9730746415424568
24079.0,9.008925952172565E-5,0.0361410557263791,0.963768855014099
23376.0,0.09233280679291667,0.7870073411954811,0.12065985201160215
23107.0,0.062392472429040675,0.32011554434325673,0.6174919832277027
24055.0,0.46037639107099876,0.537202369536557,0.002421239392444236
23780.0,0.017510047917310423,0.7626892053003067,0.21980074678238273
