22958.0,4.5347920458132635E-6,0.9999951842602606,2.809476936202648E-7
23195.0,2.9030119363757453E-5,0.9999709541708082,1.5709828031684003E-8
23432.0,8.732748162837566E-18,2.51600602789857E-5,0.9999748399397209
24279.0,0.13872548832082374,0.8604225605265727,8.519511526035328E-4
24516.0,7.202595785647885E-16,0.0011384639465434057,0.9988615360534558
24034.0,0.14553510599876107,0.8542374176446378,2.2747635660121148E-4
23793.0,7.195721174499684E-10,0.6234503465863955,0.37654965269403234
23365.0,1.382570695488205E-25,8.456301017845133E-10,0.9999999991543699
23126.0,0.9945031315676052,0.005496868106615203,3.2577958950982106E-10
24329.0,3.598822363119359E-5,0.75628134776451,0.24368266401185895
24580.0,0.8343995714128064,0.16560042570870812,2.8784855492101065E-9
24090.0,2.9532945434848113E-12,0.009833455236514526,0.9901665447605322
23612.0,0.999627706124302,3.7229387544636313E-4,2.5164437146561434E-13
23855.0,0.8016775513300534,0.19832244765098728,1.018959372706352E-9
23058.0,0.9421552775471241,0.057844721134401256,1.3184746046429128E-9
23297.0,1.284844238614842E-27,2.443220005414672E-11,0.9999999999755679
23915.0,2.3737361607162368E-4,0.9974185068267073,0.0023441195572210718
23672.0,0.054592591471760855,0.9449913191931868,4.160893350522388E-4
24158.0,0.0014566685102249785,0.48306275329824705,0.515480578191528
24640.0,0.4536821970516257,0.5463178021706933,7.776811166796991E-10
24397.0,1.1652916754879472E-20,7.943948750348519E-8,0.9999999205605126
23500.0,0.8267886235178398,0.1732113562368237,2.0245336510005997E-8
23263.0,2.3571524725628856E-19,6.941738812336176E-7,0.9999993058261188
23018.0,5.523796734525166E-50,7.03721211043127E-20,1.0
23733.0,0.43754772697422994,0.5624321811911988,2.0091834571301777E-5
23974.0,0.9999418936776039,5.8106322394836856E-5,1.2926008177493723E-15
24448.0,1.5665676872769369E-38,1.2288193418402105E-13,0.9999999999998771
24717.0,1.7721430864657005E-4,0.991636895042344,0.008185890649009481
24211.0,8.642065743013728E-21,1.6622272925374377E-7,0.9999998337772708
24278.0,0.9889406210697794,0.011059359909125861,1.902109474575407E-8
24517.0,4.9469430220479125E-5,0.9946657839017725,0.005284746668007047
24035.0,0.9995221562984813,4.778437013978755E-4,1.20819210514166E-13
23792.0,0.5705644031103879,0.42943559683348304,5.612896883299642E-11
22959.0,5.293360071217308E-7,0.003316253616834939,0.9966832170471579
23194.0,0.02312974879423265,0.9768702505700823,6.356850764093078E-10
23433.0,0.5662797465469117,0.4337202469844241,6.468664230361649E-9
24581.0,0.03374756148795043,0.9662524368957948,1.6162548170805569E-9
24328.0,2.12033468755585E-8,0.9966714342953875,0.0033285445012656055
24091.0,2.2312295761728425E-12,4.625794934581364E-5,0.9999537420484229
23613.0,0.2743287119189474,0.7256712643117947,2.376925795875438E-8
23854.0,0.8757181456726393,0.12426738817525239,1.4466152108318342E-5
23364.0,1.8156551925708205E-26,9.936080954780269E-9,0.999999990063919
23127.0,0.9994691336105471,5.308663891363055E-4,3.1655095659180366E-13
23914.0,0.9986892921499166,0.0013107078500645777,1.8770560605526114E-14
23673.0,2.04754209297818E-9,0.012195268270883314,0.9878047296815745
24159.0,0.9931629529681182,0.006837046041047421,9.908343198486201E-10
24641.0,0.5859545471744679,0.41404543662419835,1.6201333538177822E-8
24396.0,0.532203226410271,0.4677928041657763,3.969423952697891E-6
23059.0,2.9684487884101234E-6,0.9830234701504478,0.01697356140076381
23296.0,4.485012803494626E-16,4.193968212107333E-6,0.9999958060317874
23732.0,4.41395758007576E-13,0.002607681275753927,0.9973923187238047
23975.0,1.5986021421070755E-4,0.9998396725820495,4.672037397031464E-7
24449.0,3.8684059678934875E-23,2.7505680381035915E-10,0.9999999997249432
24716.0,1.3628091795500315E-15,1.3494906986638583E-5,0.999986505093012
24210.0,3.3768543299605495E-26,2.0808757911069446E-7,0.9999997919124209
23501.0,6.864356615636107E-10,0.38227549469757,0.6177245046159944
23262.0,6.966952820862425E-26,1.0770857787793321E-9,0.9999999989229142
23019.0,0.9776321900958981,0.02236780990406192,4.010396801507574E-14
22956.0,0.4526581961142713,0.5473418038397256,4.600314773401855E-11
23434.0,2.6906297141676338E-18,6.459427644243262E-5,0.9999354057235575
23193.0,2.3687367952091327E-12,0.7254346020858755,0.2745653979117557
24518.0,9.29045823861402E-39,3.5309697747754223E-20,1.0
24277.0,4.323919855995679E-11,0.005241045587391872,0.9947589543693689
23795.0,1.0153045631230053E-12,0.013656619065214565,0.98634338093377
24032.0,1.7771394366810863E-16,0.0011588872213144827,0.9988411127786853
23124.0,0.0022281383316854943,0.985043733971916,0.012728127696398582
23367.0,6.1850353969583785E-9,0.11839160368957354,0.881608390125391
24088.0,3.986222198105338E-6,0.9999927676535867,3.24612421528363E-6
24331.0,0.9999974404209432,2.5595790567958576E-6,2.9996542236520016E-19
24582.0,3.42968985775055E-24,5.424805424533557E-8,0.9999999457519457
23853.0,6.735309251427019E-6,0.9999929530755364,3.1161521222594813E-7
23614.0,7.008254170530418E-42,1.3904004112407572E-18,1.0
23299.0,8.617068523470804E-9,0.9189255202885158,0.08107447109441565
23056.0,0.036815884686314096,0.9619308905845916,0.0012532247290943765
23674.0,0.043650725420728974,0.9305743244911753,0.025774950088095834
23913.0,7.735663451980094E-7,0.9087880315190826,0.09121119491457215
24399.0,1.4665511832566187E-47,4.869635709998198E-23,1.0
24642.0,0.9996636630105473,3.363369894437303E-4,8.98181229060974E-15
24156.0,1.3752217965983218E-56,2.961900458416104E-24,1.0
23261.0,4.746614425566272E-19,1.9424132574608242E-5,0.9999805758674253
23502.0,0.997353966907993,0.0026460330919846737,2.237742312659269E-14
23016.0,0.27346683631641366,0.7264743789703226,5.878471326364352E-5
23972.0,1.1440520197841199E-25,1.3009682338708425E-12,0.999999999998699
23735.0,0.9999057348841032,9.426511589145425E-5,5.444228905289491E-15
24209.0,0.004100696614085694,0.9953718532509289,5.274501349853574E-4
24719.0,0.34641284147981966,0.6535871554898144,3.030365983220354E-9
24450.0,0.996210803897575,0.0037891961019194285,5.056669256372601E-13
24519.0,4.55600810628321E-14,2.955078732300345E-6,0.9999970449212222
24276.0,2.0532352180279496E-44,2.0425788351486316E-19,1.0
23794.0,1.7738579161947897E-26,3.768836805154469E-10,0.9999999996231164
24033.0,3.271282986198236E-8,0.9496828228750263,0.050317144412143806
22957.0,0.23307404525379077,0.7668621826293072,6.377211690206038E-5
23435.0,0.15736010828921032,0.84263057427049,9.317440299688596E-6
23192.0,0.9999471853597126,5.281464028358145E-5,3.904311651916609E-15
24089.0,0.9936064759825709,0.006393523537278917,4.801503149082119E-10
24583.0,0.9723269263574774,0.02767307363872808,3.794578206643128E-12
24330.0,0.8546380352187416,0.1453619645395544,2.417040145494145E-10
23852.0,0.1536378360598304,0.8463616149950565,5.489451132500819E-7
23615.0,1.0351332209439231E-5,0.9963338645894744,0.0036557840783162225
23125.0,0.7427157360952042,0.2572842638986736,6.122180763429505E-12
23366.0,4.8888096502586994E-32,3.763094272333338E-13,0.9999999999996237
23675.0,2.8381582502263264E-17,3.8379155665164056E-6,0.9999961620844334
23912.0,0.9969676649483344,0.003032334931605181,1.20060373130398E-10
24643.0,7.498812439388314E-23,1.5592282054965745E-11,0.9999999999844077
24398.0,0.03272188999505852,0.9666254337435275,6.526762614138468E-4
24157.0,0.026300490504492357,0.9736993264273482,1.8306815941922753E-7
23298.0,0.9999894647891737,1.0535210826222015E-5,1.4709499627055293E-17
23057.0,2.646800033233074E-10,0.3933364077906943,0.6066635919446256
23973.0,0.9793166401643115,0.020683359762366772,7.332166528560774E-11
23734.0,0.4510706969437537,0.5489266875369667,2.6155192796932316E-6
24208.0,0.9999123233485555,8.767665143882157E-5,5.752203568735343E-15
24451.0,6.782300926293207E-15,1.1392744625144329E-5,0.999988607255368
24718.0,9.179399917066216E-19,1.1871404806450183E-8,0.9999999881285951
23260.0,0.004322847134129691,0.995669254391315,7.898474555238777E-6
23503.0,6.597352978835841E-6,0.06541908317825787,0.9345743194687632
23017.0,1.9826631002806368E-5,0.0022271078209487385,0.9977530655480484
23361.0,2.1891310513946042E-5,0.08109053317290069,0.9188875755165853
23122.0,2.314695171538171E-5,0.9991962961589205,7.805568893641658E-4
23608.0,2.695411667938338E-4,0.8671053771395446,0.13262508169366163
23851.0,3.0308730844885415E-50,2.2334193364398974E-21,1.0
24576.0,0.6241270465804829,0.37410852630644625,0.0017644271130708314
24333.0,2.1778557678719484E-21,2.7789978053319866E-8,0.9999999722100219
24094.0,1.2362649306350988E-17,1.6297650330096914E-8,0.9999999837023497
23199.0,9.764779288165703E-11,3.523603528509886E-5,0.9999647638670672
23436.0,9.806832053515442E-10,0.9255130240298972,0.07448697498941952
22954.0,2.024246664913764E-5,0.3606288543700457,0.6393509031633051
24038.0,6.570404190522961E-7,0.9873362179840443,0.012663124975536651
23797.0,0.9973633895229932,0.002636610476936725,7.010248704442579E-14
24275.0,4.912789534028153E-50,2.701584661032873E-20,1.0
24512.0,1.2625171897914765E-6,0.9998133807658887,1.853567169214545E-4
23022.0,1.7874592477478743E-9,0.9843809774147357,0.015619020797805121
23496.0,9.181251842811964E-11,0.010932574722544127,0.9890674251856433
23259.0,3.7150151499909454E-19,1.1220418628116885E-4,0.9998877958137189
24452.0,0.9999655517805013,3.444821949842361E-5,3.0367489911126784E-16
24713.0,6.200562357785968E-8,0.00246629538232588,0.9975336426120505
24215.0,0.0021461760565151247,0.9811153466503977,0.016738477293087136
23729.0,8.616662439409459E-9,0.0034231214241341786,0.9965768699592035
23970.0,0.9997958838872684,2.0411611273071553E-4,8.999837268132715E-16
23062.0,1.2206761176261436E-6,0.5420780820821381,0.45792069724174433
23301.0,0.9997167284253337,2.832715745866975E-4,7.952546111582215E-14
24154.0,1.0260520874271768E-5,0.18426632274635169,0.815723416732774
24644.0,8.230640659709149E-13,0.20433912561152778,0.7956608743876491
24393.0,0.8231472281827034,0.1768243880282888,2.838378900784967E-5
23919.0,2.0298929691331977E-32,5.724011758350963E-12,0.999999999994276
23676.0,0.9748916112281316,0.025108142230818465,2.4654104993200473E-7
23609.0,4.673052605144027E-6,0.9992662960719169,7.290308754780012E-4
23850.0,0.05931846226417801,0.9406575335412992,2.400419452277969E-5
24577.0,2.7672298399524945E-7,0.4740592692778297,0.5259404539991862
24332.0,1.4387416763918399E-36,4.295580163594179E-15,0.9999999999999958
24095.0,1.9140918567124892E-46,2.901054279914505E-16,0.9999999999999997
23360.0,2.2176266753171803E-14,0.006054862132649127,0.9939451378673287
23123.0,8.564787297639695E-10,0.6998930899744769,0.3001069091690445
24039.0,0.05472958584732446,0.9452641129827262,6.301169949476649E-6
23796.0,7.194198924590129E-23,1.8283120344310867E-8,0.9999999817168796
24274.0,3.9907692093976496E-24,8.484497663971036E-7,0.9999991515502336
24513.0,1.042786881883445E-19,3.7131795814081396E-7,0.999999628682042
23198.0,0.679860139051898,0.3201398605694929,3.7860909244485517E-10
23437.0,6.253936293594501E-8,0.9946166168009973,0.0053833206596397235
22955.0,5.9582287830433864E-5,0.9926516644160621,0.0072887532961074695
24712.0,0.12290981895025568,0.8770862733843704,3.907665373883285E-6
24453.0,0.9999968290665359,3.1709334640556E-6,4.748809236931529E-19
24214.0,0.9994805416271667,5.194583726326102E-4,2.0065815527431108E-13
23728.0,4.707655276307079E-16,1.0893668367693902E-5,0.9999891063316317
23971.0,8.313624631876541E-4,0.9990083025954543,1.6033494135816206E-4
23023.0,5.483534260307634E-14,5.2289216946703915E-5,0.9999477107829985
23497.0,2.742330673068567E-8,0.007883981017000686,0.9921159915596925
23258.0,7.773694381069016E-28,9.714347976488988E-11,0.9999999999028566
24155.0,5.835192365325459E-9,0.9964603236680901,0.0035396704967175226
24645.0,0.9996162807596224,3.837192403024989E-4,7.524266521249233E-14
24392.0,0.5480910671127865,0.4519089302779918,2.6092216870447625E-9
23918.0,8.455348768904854E-5,0.9996777812462565,2.3766526605442306E-4
23677.0,1.0011985465056163E-30,1.0700578734569055E-14,0.9999999999999893
23063.0,0.9245033438356441,0.07549665413634402,2.0280119599914597E-9
23300.0,0.9890601795313494,0.010939820468569663,8.093757403171846E-14
23120.0,7.406343803257939E-17,0.0014184960373297185,0.9985815039626702
23363.0,0.8125960256994468,0.18740397211968762,2.1808655698594877E-9
23849.0,3.553824611815647E-14,6.67536416888422E-4,0.999332463583076
23610.0,2.712084003896601E-10,0.7720087188823288,0.22799128084646283
24092.0,6.003631501456261E-4,0.9046481206825878,0.09475151616726658
24578.0,4.173833490784632E-45,5.287933315862106E-20,1.0
24335.0,2.7420648419047804E-18,2.781854892240095E-6,0.9999972181451078
23438.0,8.236428671597904E-31,8.014204658353343E-13,0.9999999999991986
23197.0,1.3466031432572248E-26,4.32057532027983E-13,0.999999999999568
22952.0,1.2953390840236217E-5,0.864979656665152,0.13500738994400774
23799.0,2.8831198425030023E-12,5.548191721352923E-4,0.9994451808249817
24036.0,7.414339797178008E-12,0.7140818152876637,0.285918184704922
24514.0,5.3006810627337116E-14,1.002421152719784E-5,0.9999899757884197
24273.0,0.24955314805261458,0.7494982199626229,9.486319847624164E-4
23020.0,1.553625492060639E-19,1.3007856360405224E-6,0.999998699214364
23257.0,0.9998740930359175,1.2590696407057233E-4,1.1954933669023993E-14
23498.0,0.671350593788923,0.32863181687821114,1.7589332865873656E-5
24213.0,0.7808783223978523,0.21911841093182471,3.2666703229228624E-6
24454.0,0.8589331359270204,0.141066864071217,1.7627228138670216E-12
24715.0,5.459518256271901E-8,0.8973256969742559,0.1026742484305614
23968.0,9.270410565470519E-8,0.9205265691569882,0.07947333813890609
23731.0,1.1837302743834466E-27,8.527851241539879E-11,0.9999999999147215
23303.0,1.1991191617350397E-26,1.688685045811392E-8,0.9999999831131495
23060.0,5.054865051893457E-22,5.437332818923929E-9,0.9999999945626672
24395.0,0.15691198726944863,0.8430880088409758,3.8895756191704376E-9
24646.0,0.07083542931310134,0.9291644003494776,1.7033742117546983E-7
24152.0,3.0927096907699455E-20,6.280162970083383E-8,0.9999999371983703
23678.0,0.5306821123340054,0.46931766361341637,2.2405257827806078E-7
23917.0,3.6260342147411276E-5,0.9971583935770262,0.0028053460808262678
23848.0,1.2349845138946393E-5,0.9988839311074085,0.0011037190474524352
23611.0,4.5513249347763824E-8,0.37204246649401407,0.6279574879927365
24093.0,0.0031245368119450245,0.9968716704834965,3.7927045585434105E-6
24334.0,1.7604679677731447E-13,1.700625007757817E-6,0.9999982993748162
24579.0,7.59482509592091E-8,0.438219038893568,0.5617808851581811
23121.0,1.4204459475853769E-16,9.661544280834102E-5,0.9999033845571915
23362.0,0.9656747302989585,0.03432526937553347,3.2550804652883566E-10
23798.0,1.6791125761764868E-8,0.0034798852807887484,0.9965200979280854
24037.0,8.545946877354118E-5,0.9905047742963649,0.009409766234861684
24515.0,0.5649814477005086,0.43470784411367075,3.1070818582062113E-4
24272.0,0.9590162519338589,0.040980085228738396,3.662837402730787E-6
23439.0,0.03050600250112332,0.9694095180299322,8.44794689443739E-5
23196.0,1.9105504561556866E-35,2.374318486105265E-13,0.9999999999997625
22953.0,0.9980605956203723,0.001939404379291884,3.3578921331119163E-13
24212.0,2.0529798497125686E-5,0.9999768837257935,2.5864757094657063E-6
24714.0,1.3084701283311321E-20,1.324749847825823E-6,0.9999986752501522
24455.0,2.3039519238806555E-10,0.015439179838286847,0.984560819931318
23969.0,3.0511711325966513E-6,0.0078563167035474,0.99214063212532
23730.0,0.7813206206341539,0.21867867706244934,7.023033969129382E-7
23021.0,0.2899876612831981,0.7100123386030597,1.1374220292104707E-10
23256.0,1.4263667510611815E-19,1.6125773578229868E-7,0.9999998387422642
23499.0,5.250975538900906E-8,0.22746073344732132,0.7725392140429233
24647.0,6.19594627657185E-32,8.679416181240763E-13,0.999999999999132
24394.0,0.7518248999707242,0.2481750958342644,4.19501140560483E-9
24153.0,2.5748937964153346E-5,0.9999742262770094,2.478502634887734E-8
23679.0,6.395315256991007E-26,9.569571346025587E-10,0.9999999990430429
23916.0,3.930521421529048E-57,1.127254835072666E-24,1.0
23302.0,0.04708040426968186,0.9529017178734022,1.7877856916081305E-5
23061.0,1.617011391455766E-7,0.5131529681272714,0.4868468701715895
23907.0,0.005294885010982939,0.9946855521427659,1.9562846251094102E-5
23664.0,0.09523493394236233,0.9045726134089886,1.9245264864913025E-4
24150.0,8.158862044228145E-12,2.226049720017331E-6,0.9999977739421212
24648.0,0.8564889242715114,0.14351107564164647,8.68420565828939E-11
24389.0,2.7765442179373807E-6,0.7403607693554822,0.25963645410029984
23066.0,0.8419180269030673,0.15808134221454048,6.308823923052757E-7
23305.0,8.430841215163063E-23,3.797574618790299E-11,0.9999999999620242
23741.0,0.003974787336124758,0.9420955359849894,0.053929676678885846
23982.0,7.106621181970139E-17,9.476670479611891E-6,0.9999905233295203
24456.0,0.6191395717469153,0.380860351717824,7.653526065926772E-8
24709.0,6.119705272400791E-6,0.8711903609039496,0.12880351939077794
24219.0,1.443670989460844E-4,0.9998552808475467,3.5205350716155787E-7
23492.0,0.17973157633981,0.8164953399341598,0.003773083726030212
23255.0,6.135015713245E-14,6.462599708157116E-4,0.999353740029123
23010.0,8.90126050806988E-6,0.9999279150259592,6.318371353279286E-5
24287.0,4.280156122651455E-18,2.5771843919881183E-5,0.9999742281560801
24524.0,0.9779360898614422,0.022063910138542333,1.5504310904834998E-14
24042.0,0.040310720001626686,0.9596892745381792,5.4601941361748875E-9
23801.0,1.0197442868807907E-6,0.9999767097176735,2.2270538039654214E-5
23187.0,4.027152693737211E-8,0.33794067385144466,0.6620592858770284
23424.0,0.9989883299853279,0.001011670010017232,4.654825104154732E-12
24321.0,2.163636423451417E-20,2.0665610516255158E-5,0.9999793343894838
24588.0,0.21063953922187484,0.7841428867145135,0.005217574063611744
24082.0,0.07962001098514233,0.9203770009321802,2.9880826774416205E-6
23604.0,0.016170757065804457,0.9837464650053844,8.277792881096608E-5
23847.0,0.999995637388502,4.362611497946715E-6,3.656726829326789E-18
23373.0,0.21802488225676742,0.7819676225904416,7.495152790995407E-6
23134.0,4.304071468821066E-17,0.14071730098138793,0.8592826990186121
23067.0,0.9066914681592917,0.09330853163733799,2.0337021628300326E-10
23304.0,5.361312266499585E-5,0.9755973819398033,0.024349004937531726
23906.0,0.9976651892112437,0.0023348107785134287,1.0242962538602194E-11
23665.0,2.2677339902293158E-4,0.3122516646237464,0.6875215619772307
24151.0,0.509178547388555,0.4908214525760469,3.5398067900057355E-11
24388.0,0.02682946377459422,0.9731670367173738,3.499508032030627E-6
24649.0,5.73673660171298E-8,0.19796640045957378,0.8020335421730602
23493.0,0.007745156364056351,0.9847269782348704,0.007527865401073178
23254.0,6.539923260068785E-18,9.942547931088985E-8,0.9999999005745207
23011.0,0.9996707457422737,3.292542577259659E-4,2.9031643336678025E-16
23740.0,0.6996448856434654,0.3003551138044281,5.521066377148886E-10
23983.0,1.364314540160139E-6,0.9999717439455752,2.689173988475709E-5
24708.0,1.3375000769878921E-19,2.80383263720723E-7,0.9999997196167363
24457.0,0.007126750000566301,0.9928731083753098,1.416241239081113E-7
24218.0,1.2881615547688214E-34,1.3008602184892294E-11,0.9999999999869914
23186.0,0.6346143224439654,0.36538567751459516,4.143942863842276E-11
23425.0,7.627996063187257E-5,0.9998585180210159,6.520201835212046E-5
24286.0,7.458198384636251E-7,0.8918409700455768,0.10815828413458455
24525.0,7.08991379021683E-12,7.944081837731998E-4,0.9992055918091368
24043.0,0.05368025678793121,0.9386183990368612,0.00770134417520759
23800.0,0.999613993862968,3.86006126571366E-4,1.0460559796376623E-11
23372.0,0.00247564503570947,0.9901491892672252,0.007375165697065401
23135.0,3.518577933597239E-19,2.2888814471479248E-4,0.9997711118552851
24320.0,7.195747041658143E-9,0.9430515018095416,0.0569484909947114
24589.0,1.9318263820340044E-38,3.537992999178644E-18,1.0
24083.0,5.36480084568535E-20,3.847218339111281E-6,0.9999961527816609
23605.0,7.159815746838962E-17,7.298441399494389E-7,0.99999927015586
23846.0,0.34778422052904334,0.6522098193897976,5.960081159112124E-6
23666.0,0.999846817987075,1.5318201291847667E-4,6.509759464608228E-15
23905.0,8.202868508849043E-41,2.246766829663595E-17,1.0
24650.0,1.8901266027942713E-24,2.7131885431987267E-7,0.9999997286811457
24391.0,0.0031664219522788335,0.996833508962936,6.908478515656405E-8
24148.0,8.775019868188217E-9,0.8283896748195322,0.171610316405448
23307.0,0.9548987601339411,0.045101222648965995,1.7217093012658343E-8
23064.0,2.434496828845171E-9,0.7255480098638134,0.2744519877016898
23980.0,0.9903703678928669,0.009629632106768543,3.645267906407505E-13
23743.0,1.1156956892572083E-8,6.710588749541953E-4,0.9993289299680889
24217.0,1.8585097578750005E-39,3.2845735883967095E-17,1.0
24711.0,0.9999983078490033,1.6921509966536297E-6,1.3357388335007925E-18
24458.0,4.4709133693798266E-11,0.0026208354002587348,0.9973791645550321
23253.0,2.6973201292564E-35,8.11654562230903E-14,0.9999999999999188
23494.0,0.9882609317901816,0.011739057341736477,1.0868082023298443E-8
23008.0,2.708333146327818E-17,0.0052299169934176895,0.9947700830065823
24526.0,8.193902545272466E-14,8.459926364548514E-6,0.9999915400735536
24285.0,5.810884904491843E-44,3.229342081644076E-14,0.9999999999999677
23803.0,1.5555202534635348E-34,5.023185215814404E-18,1.0
24040.0,8.320738432855997E-15,0.010930359796640648,0.989069640203351
23426.0,0.988525020934986,0.011474979055323272,9.690642181153284E-12
23185.0,9.692185999863924E-46,5.339259733965588E-17,1.0
24080.0,0.008542209733100667,0.9914577606581053,2.960879394366073E-8
24323.0,0.001009554677758177,0.9989903275391964,1.177830454526382E-7
24590.0,0.16736856967726801,0.8326311339247128,2.9639801921493566E-7
23845.0,0.9992486578566967,7.5134213712187E-4,6.181436404927983E-12
23606.0,0.9999951612847966,4.838715203432626E-6,1.7209937064724653E-18
23132.0,8.384045812496131E-11,0.048753893845113555,0.951246106071046
23375.0,1.6601699890265595E-14,3.194100332517554E-4,0.9996805899667316
23306.0,4.6518612573895725E-4,0.996723404774494,0.002811409099767063
23065.0,6.760860292165468E-33,5.722693990230265E-12,0.9999999999942772
23667.0,0.9999652584301958,3.474156980310433E-5,1.0104899499597432E-15
23904.0,1.4864551655320805E-7,0.010077290974244674,0.9899225603802388
24390.0,5.160994355653749E-5,0.5520396483446592,0.4479087417117842
24651.0,3.163903404086507E-28,9.275873423252256E-13,0.9999999999990724
24149.0,6.325423107404212E-4,0.999355035072789,1.2422616470675208E-5
23252.0,4.962715271083648E-4,0.9389849023001499,0.06051882617274178
23495.0,1.835281630585794E-4,0.9994023702330678,4.141016038735204E-4
23009.0,0.9931139026593818,0.0068860973405475475,7.060389077145899E-14
23981.0,5.172972082223386E-18,6.888453395368041E-5,0.9999311154660464
23742.0,0.22531400538651855,0.7746859927154752,1.898006227608204E-9
24216.0,1.0710504473892537E-11,0.7286196500359745,0.27138034995331506
24459.0,0.059692520227510044,0.9403074780673084,1.7051815589739652E-9
24710.0,1.090226829462104E-27,8.978763914364345E-9,0.999999991021236
23427.0,1.5013690611803353E-40,8.080848472074148E-21,1.0
23184.0,7.466576939895185E-11,0.29103398644863854,0.7089660134766956
24527.0,0.004968680551569135,0.9943789144386842,6.524050097467252E-4
24284.0,1.0262348032396045E-22,9.410279969417937E-6,0.9999905897200305
23802.0,2.4840016493626306E-19,6.252412917186092E-8,0.9999999374758708
24041.0,0.001466053758386074,0.9959521935253741,0.002581752716239822
23133.0,1.015986341842541E-6,0.9996397055378249,3.592784758332507E-4
23374.0,0.704418911594212,0.2955711952862317,9.89311955627075E-6
24081.0,7.908808956703412E-4,0.9991946534377276,1.4465666602130516E-5
24591.0,2.7630709365683057E-5,0.16324241926580893,0.8367299500248254
24322.0,0.8787386890538259,0.12126131083234382,1.1383028524093639E-10
23844.0,0.0034206223615599533,0.9965793342963544,4.334208569302774E-8
23607.0,0.0010552492584540577,0.6462364190641361,0.35270833167740995
24705.0,1.5657310201189854E-56,1.0157226790782658E-24,1.0
24460.0,0.04521452649689526,0.9547809187434317,4.554759673003649E-6
24223.0,1.54526972830396E-10,0.06761176825764575,0.9323882315878272
23737.0,1.0533360361441175E-4,0.9994008832517315,4.93783144654114E-4
23978.0,0.0034878809027858193,0.9965115584216278,5.60675586335084E-7
23014.0,0.9462816120579863,0.05371838791479081,2.7222890516171464E-11
23488.0,4.5690305582596295E-43,1.4003288659353755E-15,0.9999999999999986
23251.0,2.3004921345846424E-7,0.022525387670016783,0.9774743822807698
24146.0,0.9998612013839887,1.3879595604318992E-4,2.6599680764508335E-9
24652.0,5.962958941299414E-17,0.0015988540706956583,0.9984011459293043
24385.0,0.16328889469034238,0.8367111039093486,1.4003090749301794E-9
23911.0,2.7011026183854697E-7,0.26200324112301593,0.7379964887667222
23668.0,0.9736220755070816,0.026377924309637868,1.8328048761646074E-10
23070.0,1.1294585340548832E-10,0.05328502799812417,0.94671497188893
23309.0,2.2571806062418342E-9,0.2896748351473931,0.7103251625954263
23600.0,1.4605873410778666E-25,1.074910915707906E-9,0.9999999989250891
23843.0,0.7975667721384839,0.20243322664245475,1.219061218490744E-9
24325.0,0.013732101798965498,0.9859602251270033,3.076730740312396E-4
24584.0,0.9991288857363996,8.711142604653384E-4,3.135017978947632E-12
24086.0,5.857581214880664E-14,0.0028064289985330498,0.9971935710014084
23369.0,9.150325781780503E-6,0.24884803094625282,0.7511428187279654
23130.0,0.9984536015571674,0.0015463984428319003,5.042937832465774E-16
24046.0,0.0010143254019886984,0.9535290350235769,0.04545663957443434
23805.0,0.956968361565968,0.043031638410095274,2.3936708524601314E-11
24283.0,0.14909758314606464,0.8509023529958518,6.38580835696791E-8
24520.0,0.4581697825363482,0.5418299796238832,2.3783976854058926E-7
23191.0,2.386660425914254E-4,0.9977044614109009,0.002056872546507697
23428.0,0.1551225107994565,0.844877433629279,5.5571264623073876E-8
23015.0,9.872971680628825E-11,0.07721451562536233,0.9227854842759079
23489.0,0.9987751576023239,0.0012248423967786734,8.972738968892894E-13
23250.0,1.3915968832322966E-12,1.351992267133922E-4,0.999864800771895
24704.0,1.1205611300248036E-27,1.2255347617313644E-9,0.9999999987744652
24461.0,4.733169035842561E-16,2.5291103504388867E-4,0.9997470889649557
24222.0,1.8758218001702777E-20,4.286830905575274E-10,0.9999999995713169
23736.0,5.4114492068645445E-28,2.2384923369373876E-9,0.9999999977615077
23979.0,0.6105243474374082,0.3894684979229137,7.154639678070623E-6
23071.0,0.9998856369819655,1.1436301798968994E-4,4.473302924873523E-14
23308.0,7.744484968550499E-4,0.9992253122733686,2.3922977639520327E-7
24147.0,2.063422826759144E-28,3.810550096780106E-11,0.9999999999618945
24653.0,4.9575799206792434E-14,1.1395249935570113E-4,0.9998860475005946
24384.0,1.740561442345011E-7,0.9999157800671745,8.404587668120444E-5
23910.0,4.3917778035206815E-34,2.076610141580229E-12,0.9999999999979233
23669.0,0.9999494069236385,5.05930763608334E-5,5.218530276581847E-16
23368.0,1.9261163587861477E-24,6.748286181647684E-12,0.9999999999932517
23131.0,1.301331464038643E-33,5.3083422059200945E-11,0.9999999999469167
23601.0,4.9196064413355036E-5,0.50616817737323,0.4937826265623565
23842.0,1.8292318133797617E-10,9.710579348387253E-5,0.999902894023593
24324.0,4.5845202543086704E-7,0.04224693060848867,0.9577526109394858
24585.0,1.487550373743799E-12,3.5266142573435013E-6,0.999996473384255
24087.0,4.533789438531294E-18,2.3024145228240277E-5,0.9999769758547717
23190.0,0.9999564933701504,4.350662980019606E-5,4.9455373577281656E-14
23429.0,0.06710932828882768,0.9328906678223408,3.888831460978415E-9
24047.0,0.00913405108236118,0.9908659336791742,1.5238464608040887E-8
23804.0,2.3644428998735996E-23,9.455511875100635E-11,0.999999999905445
24282.0,1.0987324109601963E-22,5.22743789872623E-8,0.9999999477256211
24521.0,0.9081973692745646,0.09180206547073871,5.652546967162738E-7
24221.0,3.341966431794389E-22,6.731871428084818E-9,0.9999999932681285
24462.0,4.127051185851237E-35,1.441368675854683E-11,0.9999999999855863
24707.0,5.3330001310418116E-5,0.9998389609241517,1.0770907453788237E-4
23976.0,2.6027200482591582E-11,0.017720006439263056,0.9822799935347097
23739.0,4.777127289292108E-8,0.03105568672161889,0.9689442655071082
23012.0,0.7467175173488246,0.2532824759882504,6.6629249139254854E-9
23249.0,0.9415359066634458,0.05846409275166988,5.848842254796445E-10
23490.0,1.4306900038242196E-18,4.2078070313386445E-7,0.9999995792192969
24387.0,3.0882714240337657E-7,0.9999860751488465,1.3616024011008678E-5
24654.0,1.7719136532032417E-49,1.7576827238505816E-22,1.0
24144.0,0.8422906677196563,0.1577093186182836,1.3662060062293433E-8
23670.0,0.9999594110747387,4.058892526131986E-5,3.723781214420574E-17
23909.0,0.013823509357488412,0.986176405079363,8.55631485147836E-8
23311.0,1.4225099648374251E-12,0.006455240348024091,0.9935447596505534
23068.0,1.2891618693432556E-13,1.97065173764757E-5,0.9999802934824946
23841.0,3.223430707522007E-5,0.995604843578565,0.004362922114359662
23602.0,1.4252085864505462E-8,0.9323146447292007,0.0676853410187135
24084.0,6.595255379937357E-14,1.9941180745835016E-4,0.9998005881924757
24327.0,1.9322090391102916E-28,1.3888071159225326E-8,0.9999999861119288
24586.0,0.21818194302225893,0.7818060833708621,1.1973606878981402E-5
23128.0,0.0036431762755433097,0.9823149917660251,0.014041831958431568
23371.0,5.0295732458185755E-6,0.5703660697749086,0.42962890065184567
23807.0,4.320612717720944E-11,0.04680692732885648,0.9531930726279374
24044.0,1.677187248350043E-12,0.005193314748913019,0.9948066852494098
24522.0,1.639166143006464E-4,0.9995301774711711,3.059059145281881E-4
24281.0,2.8685770863854243E-19,2.107781126190814E-5,0.9999789221887382
23430.0,3.0555225220582856E-6,0.9999644514682917,3.249300918619661E-5
23189.0,4.2792584572461886E-7,0.9999948202731271,4.751801027194546E-6
23013.0,4.88284524686171E-13,3.0934099598451797E-4,0.9996906590035272
23248.0,3.218450978421591E-7,0.9999993693109382,3.0884396393321864E-7
23491.0,0.06711966988435436,0.9328322424357991,4.808767984661212E-5
24220.0,0.9991596338812618,8.403661168837671E-4,1.8543069916854688E-12
24706.0,0.9628590786560155,0.0371408581646936,6.317929084944942E-8
24463.0,0.9999966496339742,3.350366025794106E-6,2.595136857777959E-19
23977.0,0.048903795271712416,0.9486698940380088,0.0024263106902787037
23738.0,7.045675528925409E-5,0.9989168988151061,0.0010126444296045078
23310.0,4.5914841770027004E-11,0.0932949788252493,0.9067050211288358
23069.0,2.831170810308133E-16,9.545096078090446E-5,0.9999045490392189
24386.0,3.498714613056606E-7,0.7878395616861142,0.2121600884424244
24655.0,0.06684952475079506,0.9331504746104707,6.387341699054521E-10
24145.0,0.9999722679349569,2.7732065043067464E-5,1.7499354954498265E-16
23671.0,8.440599777634892E-35,6.502468415181168E-16,0.9999999999999993
23908.0,4.575786118906515E-28,6.774743156686901E-11,0.9999999999322526
23129.0,1.5745391793205063E-11,0.9999781041308593,2.1895853395357205E-5
23370.0,0.9717890049578348,0.028210897378594432,9.766357077156538E-8
23840.0,1.0436772536653221E-8,0.8899249540869373,0.11007503547629019
23603.0,0.06476774033135764,0.9229656076661283,0.012266652002514058
24085.0,2.579791168700508E-26,1.2028348454966691E-5,0.999987971651545
24587.0,6.07881945019821E-20,8.964774639384241E-6,0.9999910352253606
24326.0,0.1539797588101528,0.8460029304343307,1.731075551656529E-5
23431.0,7.98667927957993E-8,0.9999984006124869,1.5195207203535624E-6
23188.0,4.4188084444828505E-25,1.7561897352532739E-9,0.9999999982438103
23806.0,4.40368742445866E-7,0.9691709176340205,0.03082864199723705
24045.0,8.436193078758611E-5,0.9947807982188567,0.005134839850355563
24523.0,3.031167803750469E-5,0.9990204514682549,9.492368537075874E-4
24280.0,1.923154975367515E-6,0.9997050818807519,2.9299496427266625E-4
24262.0,1.1965117841523858E-32,1.1312210847455288E-14,0.9999999999999887
24533.0,4.1550538802929813E-13,4.688404923040427E-5,0.9999531159503541
24051.0,2.600947765093904E-19,1.839072260688462E-6,0.9999981609277393
23776.0,2.2116918156081333E-18,6.636701361311633E-6,0.9999933632986386
22975.0,0.03605049902505924,0.96394784080489,1.660170050687971E-6
23178.0,9.233742500517517E-5,0.9935513329074319,0.006356329667562837
23449.0,0.0025118800980163205,0.9952197874091955,0.0022683324927880812
24344.0,9.071776874915205E-8,9.148192392329505E-5,0.999908427358308
24597.0,1.8284119835790345E-5,0.9953004137500817,0.004681302130082583
24075.0,8.508640774974639E-17,2.9110065188844565E-4,0.9997088993481114
23597.0,3.647905300898672E-20,1.8389653647032622E-7,0.9999998161034636
23870.0,6.541274369298718E-14,5.066019470704499E-7,0.9999994933979874
23380.0,1.3456712599601843E-14,1.7471382867260734E-6,0.9999982528616997
23111.0,2.9195051451183895E-6,0.9995230990071478,4.7398148770710376E-4
23930.0,0.9999966496339742,3.350366025794106E-6,2.595136857777959E-19
23657.0,2.493924527074683E-43,2.0027255375841242E-23,1.0
24143.0,0.0012142711977821499,0.9987826307076513,3.098094566590746E-6
24657.0,0.9999598606253666,4.013937463220044E-5,1.2776496049497898E-15
24412.0,2.3627092047929747E-5,0.7213098357109113,0.27866653719704076
23043.0,1.815971491506389E-4,0.9025317141798005,0.09728668867104899
23312.0,0.36997261294364236,0.6299730542148577,5.4332841500075914E-5
23716.0,0.7669500527750821,0.2330423656042603,7.5816206576825496E-6
23991.0,0.9739009023910528,0.026099095121042838,2.487904461298897E-9
24465.0,0.9866905718647963,0.01330942808764054,4.7563278219421814E-11
24732.0,0.33936535448586924,0.6606346447895936,7.245371573448703E-10
24194.0,0.03087744464585659,0.9691210702032512,1.4851508921700314E-6
23517.0,0.9464740219189525,0.053525978054112605,2.6934760001175843E-11
23246.0,0.9999375378968316,6.246210316816992E-5,3.3566434675766505E-16
23035.0,2.158207148823909E-9,0.005233833236448266,0.9947661646053446
22974.0,7.218875953575232E-6,0.9795908864609412,0.020401894663105172
23179.0,6.642402419039936E-7,0.9980826249843391,0.001916710775418908
23448.0,0.0076725159488472295,0.9923274827366524,1.3145004301379371E-9
24263.0,0.9997257510862633,2.7424891373660336E-4,1.186467777874392E-16
24532.0,1.6710701604799254E-10,0.0969953596291092,0.9030046402037837
24050.0,0.9932882709170832,0.006711729007179772,7.573709876641929E-11
23777.0,6.084309438938582E-16,1.3661268471668143E-5,0.9999863387315276
23381.0,0.9999966737436715,3.3262563285501286E-6,3.604201220164965E-17
23110.0,1.0558886067079561E-4,0.9998944100175575,1.1217717499445087E-9
24345.0,7.017094088115412E-20,2.3259674190505498E-4,0.999767403258095
24596.0,1.8370199856305598E-16,1.792434655000943E-6,0.9999982075653447
24074.0,0.007805794961104447,0.9921942026171774,2.4217181211453743E-9
23596.0,6.005936289276568E-34,5.305777191096318E-15,0.9999999999999948
23871.0,1.6174437931138688E-11,0.13748052635437227,0.8625194736294534
23042.0,6.279075711023276E-28,7.707079435780282E-11,0.9999999999229291
23313.0,1.3434145189796167E-7,0.4235110712295417,0.5764887944290064
23931.0,0.014984334328162333,0.9717557337564654,0.013259931915372393
23656.0,1.9801627763721853E-18,1.6315555443351093E-8,0.9999999836844445
24142.0,0.002343078383866234,0.9702366428447765,0.027420278771357214
24413.0,6.0637313727375865E-22,1.5153463469781202E-9,0.9999999984846536
24656.0,0.0010585322882834796,0.9989379754681192,3.4922435972739523E-6
23516.0,1.0087769866147046E-7,0.981254564580603,0.01874533454169835
23247.0,0.9999984541574125,1.5458425875612327E-6,3.1674271663056924E-19
23034.0,0.004886355399242881,0.9935172528434838,0.0015963917572733492
23717.0,3.2613950669484675E-9,0.02549277985296167,0.9745072168856432
23990.0,0.9511607000204378,0.04883926557867208,3.4400890001393954E-8
24464.0,1.2288123645155901E-9,0.9926274524215027,0.007372546349684976
24733.0,0.9999444072232859,5.55927767062889E-5,7.764237807587853E-15
24195.0,0.995321943123782,0.004678055697352494,1.1788655549828487E-9
24535.0,0.0015467926294302039,0.9984531877769459,1.9593623876256526E-8
24260.0,0.9996108500141293,3.891499858625955E-4,8.059510547709614E-15
23778.0,0.29407502630198834,0.7058025929612458,1.2238073676590854E-4
24049.0,1.7238658547385434E-22,4.727603150951068E-5,0.9999527239684904
22973.0,0.9933763634943176,0.006623636469702573,3.597975103247571E-11
23451.0,7.172654793148576E-8,0.9999998105695211,1.1770393105011482E-7
23176.0,0.021623872013296883,0.9783759902866292,1.3770007390147162E-7
24073.0,0.005473227487344448,0.9945256867230003,1.0857896552773244E-6
24599.0,0.9994853366873105,5.146633126893001E-4,1.2038051419333041E-16
24346.0,0.027971030983252168,0.9706322842148603,0.0013966848018874814
23868.0,0.02144025854342038,0.978559635925102,1.05531477795955E-7
23599.0,0.9999624105376759,3.758946232359202E-5,5.27611245753206E-16
23109.0,0.2916456434589371,0.7083517324325734,2.6241084895228215E-6
23382.0,5.271666183141683E-19,2.45658454289602E-8,0.9999999754341546
23659.0,1.429903808322353E-33,4.176561900301679E-15,0.9999999999999959
23928.0,0.7841918726859426,0.2158075592078922,5.681061653319763E-7
24414.0,5.165729631504488E-37,8.422687258824336E-12,0.9999999999915774
24659.0,2.1533254541488582E-8,0.8690677784761583,0.13093219999058708
24141.0,0.9998097249429843,1.902750554570615E-4,1.5586368756677253E-12
23314.0,2.5409849021674437E-5,0.9672984404391528,0.032676149711825524
23041.0,0.9999924078704447,7.592129555316802E-6,2.6250435865482933E-18
23989.0,1.808132627966261E-6,0.9132652064031798,0.08673298546419224
23718.0,1.5955064032637292E-12,0.01579238341914739,0.9842076165792571
24192.0,0.6670928080014862,0.3328961444856249,1.1047512889091403E-5
24467.0,4.0921242167735215E-9,0.20355956818278148,0.7964404277250944
24734.0,5.0105792267084814E-33,7.613992741620364E-16,0.9999999999999993
23244.0,9.91440383139269E-5,0.9986234111617098,0.0012774447999763605
23519.0,4.715686532072942E-12,0.025859201716702532,0.9741407982785818
23033.0,3.1214634742295895E-6,0.8374031669460141,0.16259371159051159
22972.0,8.918712705131908E-39,5.450401006850362E-16,0.9999999999999994
23450.0,0.9587101111175679,0.041289888882218004,2.1421231398894896E-13
23177.0,5.381754143016209E-4,0.9799398379755501,0.019521986610148295
24534.0,3.5977578084224234E-24,3.816952192489893E-8,0.9999999618304781
24261.0,0.999514180449316,4.858195298591932E-4,2.082485957116118E-11
23779.0,7.681177492976861E-12,0.0021579321121015962,0.9978420678802172
24048.0,9.209878894150358E-10,0.06536299672023645,0.9346370023587757
23108.0,2.796722077153447E-20,8.737337470893733E-7,0.9999991262662529
23383.0,2.654877371745688E-19,2.178396407736802E-7,0.9999997821603592
24072.0,3.06191671194253E-35,2.4048663202196365E-14,0.999999999999976
24347.0,3.353418496428735E-12,0.00814181488925249,0.9918581851073941
24598.0,1.5641887101734934E-19,1.6166046830544556E-6,0.9999983833953169
23869.0,5.2887099624781314E-23,1.3499480839296144E-7,0.9999998650051916
23598.0,1.1993948830451354E-8,0.6877879353597397,0.31221205264631136
23315.0,3.228523769677126E-4,0.9996771049876318,4.263540044347577E-8
23040.0,1.385395288824502E-6,0.9989803544339263,0.0010182601707849754
23658.0,0.9989298995250466,0.0010701004742622552,6.910315576212269E-13
23929.0,1.9239134778267237E-18,3.3135654501090938E-6,0.99999668643455
24415.0,1.010249477296562E-17,4.796897246077846E-6,0.9999952031027539
24658.0,0.12601007890063423,0.8739899026849587,1.841440710535505E-8
24140.0,1.0468727541635752E-35,1.3029705082593664E-14,0.9999999999999869
23245.0,9.639497581388068E-54,2.1000024127062197E-23,1.0
23518.0,7.606819381184017E-36,3.041826603675928E-12,0.9999999999969582
23032.0,8.553594090303218E-5,0.9947180755359567,0.005196388523140303
23988.0,0.831312749513306,0.1686871367592153,1.1372747867003789E-7
23719.0,3.776542828534808E-11,1.3752046985723363E-4,0.9998624794923774
24193.0,1.4123452332340745E-20,2.503045799650424E-6,0.9999974969542004
