22958.0,0.02000064570226538,0.9529715440984134,0.027027810199321208
23195.0,0.021573314659421944,0.9575593210943433,0.02086736424623476
23432.0,0.007447786389444618,0.11699350681764074,0.8755587067929147
24279.0,0.26274756971136587,0.4585031898460481,0.278749240442586
24516.0,0.005693925522497423,0.2121139836131697,0.782192090864333
24034.0,0.043395070442414446,0.6447659152679638,0.31183901428962174
23793.0,0.004368054078984104,0.28551212555430283,0.7101198203667132
23365.0,0.012159157297610988,0.06956464359342258,0.9182761991089664
23126.0,0.5112066433645268,0.4042994280749889,0.08449392856048427
24329.0,0.24159443338773928,0.3775063914890926,0.380899175123168
24580.0,0.788319279588426,0.19959677200444942,0.012083948407124548
24090.0,0.19693452578510326,0.5772275593313904,0.22583791488350635
23612.0,0.6009939892983966,0.39338222545460266,0.005623785247000715
23855.0,0.02008669201292918,0.9530133004775899,0.02690000750948088
23058.0,0.3530181806932251,0.5681441219733968,0.0788376973333781
23297.0,0.011320558971242936,0.12554710299647287,0.8631323380322842
23915.0,0.3728995136808775,0.5310745361406405,0.09602595017848208
23672.0,0.27187490844949536,0.6124898014131996,0.11563529013730507
24158.0,0.20473182705842702,0.5475820132364132,0.2476861597051598
24640.0,0.09121069977892839,0.8839517107719632,0.024837589449108508
24397.0,0.1594815814441334,0.3917262385753615,0.448792179980505
23500.0,0.7121462168302245,0.2720840096360842,0.015769773533691314
23263.0,0.27708396678381736,0.47843550547177055,0.24448052774441215
23018.0,0.0016557147167006055,0.03061191271905239,0.967732372564247
23733.0,0.7088471474542447,0.2479388361066432,0.043214016439112005
23974.0,0.9027171451382295,0.09597596571538992,0.0013068891463805566
24448.0,0.010387270103429764,0.2634196237387675,0.7261931061578027
24717.0,0.10525294603795295,0.5791403515114069,0.31560670245064015
24211.0,0.044678436230825756,0.25334699141562983,0.7019745723535444
24278.0,0.33604645458233007,0.5877590471323915,0.07619449828527855
24517.0,0.38418026891619567,0.47292584059543125,0.14289389048837314
24035.0,0.7536093024928976,0.23496447980252388,0.01142621770457852
23792.0,0.019408034422354156,0.9609411380579747,0.019650827519671107
22959.0,0.07417127148023218,0.48563898108612163,0.44018974743364614
23194.0,0.011394871785652204,0.96851129547158,0.020093832742767832
23433.0,0.510789061271211,0.4678894830384264,0.02132145569036255
24581.0,0.08445894620282851,0.8572617540860272,0.05827929971114425
24328.0,0.1233994280981595,0.24002434544940637,0.6365762264524341
24091.0,0.030289056791078052,0.4737621976934821,0.4959487455154399
23613.0,0.5835167043207626,0.3990206918344182,0.01746260384481917
23854.0,0.6020763650742008,0.31669635499099913,0.08122727993480007
23364.0,0.006881834964158965,0.15408999393439224,0.8390281711014488
23127.0,0.8896167696761219,0.10906905728835882,0.0013141730355193304
23914.0,0.019408034422354156,0.9609411380579747,0.019650827519671107
23673.0,0.5244546304240836,0.4156303280421006,0.059915041533815626
24159.0,0.751918887539608,0.22098586060035258,0.027095251860039284
24641.0,0.6278940222427503,0.36224967284802034,0.009856304909229428
24396.0,0.6486219924695259,0.3137671463410242,0.03761086118944992
23059.0,0.10509284737850058,0.8660716163579656,0.028835536263533947
23296.0,0.06776525730838394,0.4649765564668416,0.4672581862247744
23732.0,0.034103385728221004,0.19132805392142718,0.7745685603503517
23975.0,0.40931176675432207,0.5590792734658193,0.031608959779858545
24449.0,0.00891980158371038,0.3286232914434775,0.662456906972812
24716.0,0.08692251840816623,0.4011638768304223,0.5119136047614115
24210.0,0.004040138766849075,0.07177752317952428,0.9241823380536266
23501.0,0.001771212417043769,0.057764308459796194,0.94046447912316
23262.0,0.025157812842320798,0.17527440130463162,0.7995677858530477
23019.0,0.483878820510745,0.5071101403873477,0.009011039101907266
22956.0,0.052633748984303036,0.9424582822746843,0.004907968741012613
23434.0,0.003264415120039894,0.10344075440855444,0.8932948304714057
23193.0,0.01588228319083454,0.9605654900728579,0.02355222673630759
24518.0,0.0027417964083168316,0.15646277013934043,0.8407954334523428
24277.0,0.03282071962227645,0.5032050817925231,0.46397419858520045
23795.0,0.009943982674531383,0.15715083330576637,0.8329051840197023
24032.0,0.046542332537618435,0.28608850023352267,0.667369167228859
23124.0,0.2556320411519015,0.5048163323542896,0.239551626493809
23367.0,0.08033849790316473,0.6301968018231432,0.28946470027369203
24088.0,0.012348701062931235,0.9588974864095988,0.028753812527469932
24331.0,0.9137091218781659,0.0855755304565522,7.153476652818756E-4
24582.0,0.01059225074276001,0.22123273781202926,0.7681750114452107
23853.0,0.017507481288880862,0.9598054668408815,0.02268705187023753
23614.0,0.06959250368107078,0.3196416585488476,0.6107658377700816
23299.0,0.02193420809889113,0.9130929712378082,0.06497282066330065
23056.0,0.6317348935412648,0.34880325025639436,0.019461856202340904
23674.0,0.18553687667469615,0.5087982835716272,0.3056648397536768
23913.0,0.08601247945357006,0.5711140690386112,0.34287345150781884
24399.0,0.00808400554131946,0.08666458842094263,0.9052514060377379
24642.0,0.5999546213058249,0.3901455058480729,0.009899872846102298
24156.0,0.005204442411131673,0.07897805714464967,0.9158175004442187
23261.0,0.0010357506821952163,0.15744053884663695,0.8415237104711678
23502.0,0.82127137710838,0.1763001041339113,0.002428518757708643
23016.0,0.07924459440186687,0.7375140974171392,0.18324130818099377
23972.0,0.09522244681259752,0.3075080200694826,0.5972695331179199
23735.0,0.8568937876275163,0.1393224632054058,0.0037837491670778957
24209.0,0.026279078835991374,0.5190471906159771,0.45467373054803156
24719.0,0.34993048440280966,0.6376687870841012,0.012400728513089081
24450.0,0.5074113963558979,0.48273099192552626,0.009857611718575682
24519.0,0.1559218068371375,0.4602134950923608,0.3838646980705016
24276.0,0.002096844486043124,0.11836480757814646,0.8795383479358104
23794.0,0.0141367525989641,0.358336514869639,0.6275267325313969
24033.0,0.053638923183613595,0.555092181375161,0.3912688954412254
22957.0,0.266644498402652,0.52656645248789,0.20678904910945797
23435.0,0.45138565749609527,0.4659817753711937,0.08263256713271103
23192.0,0.5620296344614555,0.34812998480786816,0.08984038073067635
24089.0,0.5378753707511168,0.43539831418444735,0.026726315064435898
24583.0,0.8222471557795971,0.16974308262799867,0.008009761592404227
24330.0,0.6631348452186936,0.3218026698245783,0.015062484956728028
23852.0,0.4618969360452187,0.5217458326345656,0.016357231320215646
23615.0,0.0632622216440499,0.615611529275256,0.32112624908069415
23125.0,0.5827056763629812,0.4093225370845459,0.007971786552472762
23366.0,0.011493651162194262,0.18208605357342406,0.8064202952643817
23675.0,0.011678416538170202,0.16066568122647915,0.8276559022353507
23912.0,0.7254534173424277,0.24776605957259829,0.026780523084973997
24643.0,0.07216704452454897,0.3916660183400583,0.5361669371353927
24398.0,0.5452287149811009,0.433145313108874,0.021625971910025073
24157.0,0.021563574361065686,0.9516519026418279,0.026784522997106416
23298.0,0.8802441687039746,0.11769038248292475,0.002065448813100593
23057.0,0.014804661488712434,0.1814191538337374,0.8037761846775501
23973.0,0.3608796553616587,0.325287026500108,0.3138333181382332
23734.0,0.572774089982674,0.39579898999900265,0.03142692001832331
24208.0,0.9015207045592855,0.09656227277847688,0.0019170226622375918
24451.0,0.03704371184914489,0.6161863453249562,0.3467699428258989
24718.0,0.03308773793232492,0.38624342926012944,0.5806688328075457
23260.0,0.4267954815139586,0.4735633487572386,0.09964116972880298
23503.0,0.004654564979407918,0.18605394108927273,0.8092914939313194
23017.0,0.2453483316775691,0.42283408392713023,0.33181758439530074
23361.0,0.1773298940082215,0.33808299660442265,0.4845871093873558
23122.0,0.02651242710165818,0.18481467382045028,0.7886728990778916
23608.0,0.15583801320781715,0.5496748251259711,0.2944871616662116
23851.0,0.0010553585368131974,0.03600446454624391,0.9629401769169429
24576.0,0.17411661382252078,0.53297381046501,0.29290957571246923
24333.0,0.07148685341648925,0.46000295334739405,0.46851019323611676
24094.0,0.045860670968380736,0.17898736634502124,0.775151962686598
23199.0,0.6944537562575622,0.25918582267396945,0.046360421068468334
23436.0,0.07120684694411974,0.871576258045359,0.05721689501052124
22954.0,0.07488338213794896,0.36927637626633386,0.5558402415957172
24038.0,0.4891961086981616,0.4733700939908202,0.037433797311018174
23797.0,0.6771595397806827,0.31780860421621165,0.005031856003105765
24275.0,0.0017557056910317264,0.04838763793703103,0.9498566563719372
24512.0,0.04703818767282133,0.3329416562687512,0.6200201560584273
23022.0,0.07769497548768654,0.8691946246171743,0.05311039989513909
23496.0,0.18420273082607602,0.46134495781982543,0.3544523113540985
23259.0,0.00572768455536498,0.3645453104460454,0.6297270049985896
24452.0,0.8879066419625209,0.11026165449072033,0.0018317035467588008
24713.0,0.20262833549275144,0.4551053444819783,0.34226632002527024
24215.0,0.1581268419335069,0.49123707631527613,0.35063608175121697
23729.0,0.06986624442359791,0.16286573011076425,0.7672680254656379
23970.0,0.09436065762717835,0.8806766535159554,0.024962688856866328
23062.0,0.29094328069251846,0.4754463852736906,0.23361033403379097
23301.0,0.8344701367889932,0.16313836868747983,0.0023914945235268955
24154.0,0.16917988751121932,0.4854246533894371,0.3453954590993436
24644.0,0.017758195252588475,0.37643135698827046,0.6058104477591411
24393.0,0.2969621515936785,0.5587648298457915,0.14427301856053001
23919.0,0.0051223890670201895,0.10921533787266048,0.8856622730603193
23676.0,0.44447512456043314,0.48614978407637055,0.06937509136319628
23609.0,0.03348215918016174,0.2618138210232437,0.7047040197965946
23850.0,0.10260395671930048,0.6038925633560677,0.2935034799246318
24577.0,0.014867654559015522,0.18679219446254985,0.7983401509784347
24332.0,0.008955623630225435,0.24641749204481983,0.7446268843249547
24095.0,6.339424218690741E-4,0.008001039782334702,0.9913650177957962
23360.0,0.11453577818293458,0.19093057938356892,0.6945336424334965
23123.0,0.011985564552011205,0.2042473722836052,0.7837670631643836
24039.0,0.549463604882151,0.39145153305109803,0.059084862066751
23796.0,0.005558685633506168,0.04158156462964554,0.9528597497368483
24274.0,0.0047132451044732855,0.09187159091809795,0.9034151639774288
24513.0,0.12738790156602048,0.5270455899694297,0.3455665084645498
23198.0,0.011394871785652204,0.96851129547158,0.020093832742767832
23437.0,0.13503185221605213,0.4380693362405467,0.4268988115434012
22955.0,0.014931792127980334,0.29702398940859,0.6880442184634298
24712.0,0.19581392313210041,0.7652646393473976,0.038921437520501846
24453.0,0.9058764375389218,0.09299232428969016,0.0011312381713881868
24214.0,0.8328580366113032,0.16400290552206095,0.003139057866635813
23728.0,0.022180735532610688,0.24657834363637185,0.7312409208310174
23971.0,0.02683507959939934,0.9454865694977724,0.0276783509028283
23023.0,0.276002511527908,0.48856647237121265,0.2354310161008794
23497.0,0.11274482576625791,0.5532033376382013,0.3340518365955407
23258.0,0.0019086587798763672,0.04411947576070555,0.953971865459418
24155.0,0.08033982819012496,0.8291431628083544,0.09051700900152056
24645.0,0.8785465777623419,0.12007984913372724,0.0013735731039308783
24392.0,0.7212879946463914,0.2644547280502533,0.014257277303355412
23918.0,0.6478237105614901,0.31874560987290623,0.033430679565603666
23677.0,0.002792503580737275,0.11408872294987638,0.8831187734693864
23063.0,0.544439604731397,0.40222110742719414,0.0533392878414089
23300.0,0.019061287168013013,0.9600198021939995,0.020918910637987335
23120.0,0.003837784594267758,0.08127665050013777,0.9148855649055945
23363.0,0.7630778861695516,0.20363838471423068,0.03328372911621774
23849.0,0.051362252871279324,0.5242770597430065,0.4243606873857141
23610.0,0.03454695992862687,0.6026517160392512,0.36280132403212195
24092.0,0.16704972033850873,0.4296550923117863,0.403295187349705
24578.0,0.0036871651682394576,0.14021363486943433,0.8560991999623262
24335.0,0.0258926667972919,0.21160063441277047,0.7625066987899376
23438.0,0.03668633972675658,0.37215552202268404,0.5911581382505593
23197.0,0.012309351812985887,0.2846923869508803,0.7029982612361338
22952.0,0.26835316178141705,0.5220260837723961,0.20962075444618683
23799.0,0.05430192509553916,0.533898229776747,0.4117998451277139
24036.0,0.08414650478599194,0.3370990847779324,0.5787544104360756
24514.0,0.015178827780417013,0.15763912037391212,0.8271820518456708
24273.0,0.11996140642295376,0.5941409126552383,0.28589768092180795
23020.0,0.0198062592915263,0.4134836400460999,0.5667101006623738
23257.0,0.8975456892008218,0.10071600953945983,0.0017383012597183228
23498.0,0.22911084454080635,0.6297745206888327,0.141114634770361
24213.0,0.6922322070516566,0.2962993262572149,0.011468466691128557
24454.0,0.2963641401414922,0.6851913381609782,0.018444521697529484
24715.0,0.038168894814002007,0.4063298804690737,0.5555012247169243
23968.0,0.021421500417241668,0.8839173674223549,0.09466113216040342
23731.0,0.051540439142249844,0.2987798100984535,0.6496797507592966
23303.0,0.012787315437214928,0.25994434490655394,0.7272683396562312
23060.0,0.04975081040067031,0.47094759395518954,0.47930159564414004
24395.0,0.49440198244865013,0.4398343862063133,0.06576363134503647
24646.0,0.5209834193122618,0.4561926812664929,0.022823899421245207
24152.0,0.04121034143448828,0.5657518475012173,0.3930378110642945
23678.0,0.5408444707732041,0.36289418094153936,0.09626134828525652
23917.0,0.6818089270517923,0.30510006520410143,0.01309100774410623
23848.0,0.03150685503918933,0.23675954590664475,0.7317335990541659
23611.0,0.34167721889466446,0.5224516728519615,0.13587110825337403
24093.0,0.2905762712239435,0.4103956880765317,0.2990280406995247
24334.0,0.006855514656197053,0.19076452043645487,0.802379964907348
24579.0,0.0018280752727479344,0.5027767627399445,0.49539516198730754
23121.0,0.003405345504444961,0.2256812950423381,0.7709133594532169
23362.0,0.8444203940217193,0.1520512147055541,0.0035283912727265836
23798.0,0.41194551478751595,0.4610164841658571,0.12703800104662685
24037.0,0.12640742365428,0.5461761578038883,0.3274164185418317
24515.0,0.13853960837191096,0.4397938968856996,0.42166649474238943
24272.0,0.5708828790286652,0.33594998691014644,0.09316713406118834
23439.0,0.579794194143159,0.3938034496269082,0.02640235622993288
23196.0,0.0035736014288542724,0.10628703043729987,0.8901393681338459
22953.0,0.869482371077484,0.12788712400313304,0.0026305049193828187
24212.0,0.29404337844409556,0.6974478020464097,0.008508819509494652
24714.0,0.08273423937249572,0.42233042725402403,0.49493533337348017
24455.0,0.03099865545954604,0.3793264951390825,0.5896748494013715
23969.0,0.13791793393693788,0.38159672417316004,0.48048534188990216
23730.0,0.6933552790722748,0.22855011139467443,0.0780946095330508
23021.0,0.1281433542607984,0.867955631539816,0.003901014199385594
23256.0,0.004066303266044609,0.22607849624847165,0.7698552004854836
23499.0,0.04759997946309765,0.6341993114743167,0.31820070906258563
24647.0,0.005754737758541511,0.11201750096327895,0.8822277612781795
24394.0,0.6350194856375373,0.3275540818196369,0.0374264325428258
24153.0,0.017507481288880862,0.9598054668408815,0.02268705187023753
23679.0,0.023917085681842944,0.17996373351896797,0.7961191807991891
23916.0,0.009422692049049495,0.18256211103204156,0.8080151969189089
23302.0,0.3365137276173149,0.5186109962527655,0.1448752761299196
23061.0,0.5023583554205583,0.35505307890379817,0.1425885656756435
23907.0,0.5425347532652208,0.37849967281890423,0.07896557391587483
23664.0,0.13452545116716189,0.6209808506009338,0.24449369823190434
24150.0,0.06503468500453963,0.19032842572048594,0.7446368892749744
24648.0,0.11320315981821531,0.8834341847988334,0.003362655382951338
24389.0,0.15624579952978057,0.4853194269798931,0.35843477349032626
23066.0,0.19090631570157038,0.6423420636437653,0.1667516206546642
23305.0,0.012669175515540662,0.23423400392822546,0.753096820556234
23741.0,0.04866582315001507,0.6782868337067862,0.2730473431431986
23982.0,0.021745785316213084,0.37755737552557933,0.6006968391582075
24456.0,0.8244676225085785,0.17095618202620896,0.004576195465212442
24709.0,0.03903048688623481,0.5594864631988934,0.40148304991487194
24219.0,0.04852983304594168,0.9395583831653207,0.01191178378873776
23492.0,0.176235912116098,0.5724820316059663,0.25128205627793554
23255.0,0.02964887516042907,0.31479049306206625,0.6555606317775046
23010.0,0.2867325762130196,0.6598274507791277,0.05343997300785257
24287.0,0.0019875881690869647,0.20300247083565562,0.7950099409952575
24524.0,0.136586953789086,0.8411982316820952,0.02221481452881891
24042.0,0.022124247728395583,0.9650829491319167,0.012792803139687708
23801.0,0.02043901238763691,0.3635132583923841,0.616047729219979
23187.0,0.04245495614383777,0.615721795673347,0.3418232481828151
23424.0,0.8401326490297234,0.156237274240134,0.003630076730142705
24321.0,0.030407403095066236,0.1403786556981775,0.8292139412067563
24588.0,0.0868578979619465,0.6462161459949838,0.2669259560430697
24082.0,0.2445690952222783,0.5928909633853885,0.16253994139233321
23604.0,0.6069253790189407,0.3791894128479488,0.013885208133110404
23847.0,0.9167059438349493,0.08186589757564203,0.0014281585894086399
23373.0,0.0637374768984934,0.6667222829574501,0.2695402401440566
23134.0,0.07709839562991055,0.8143034322334626,0.10859817213662691
23067.0,0.6497590347042442,0.3133802899050173,0.03686067539073843
23304.0,0.18733085927817839,0.4372457813899917,0.3754233593318299
23906.0,0.7127714629862986,0.27598803996818605,0.011240497045515453
23665.0,0.5453484652724374,0.3871035980531796,0.06754793667438293
24151.0,0.03205449323241157,0.955771035421568,0.01217447134602044
24388.0,0.5780458647486532,0.393867442188402,0.028086693062944902
24649.0,0.009863365538116432,0.20972792959662143,0.7804087048652621
23493.0,0.5456821905905218,0.33116772867542044,0.12315008073405789
23254.0,0.03531225076282321,0.4351502000937241,0.5295375491434527
23011.0,0.6890537107090193,0.30540785025568956,0.005538439035291163
23740.0,0.19492570302047013,0.7592596039455881,0.04581469303394169
23983.0,0.20542645318307892,0.7545850240618176,0.03998852275510346
24708.0,0.06028372310522074,0.4000535481414572,0.5396627287533221
24457.0,0.08497456500347136,0.9025709757348103,0.012454459261718195
24218.0,0.03290539238643422,0.1791124146710559,0.7879821929425098
23186.0,0.4329850606794173,0.5104339908607384,0.05658094845984436
23425.0,0.42895235751041966,0.5399062584913552,0.031141383998225115
24286.0,0.00948364821704608,0.4727439045267597,0.5177724472561943
24525.0,0.05688167798463401,0.3122075715428082,0.6309107504725578
24043.0,0.6967324063234988,0.2595536206019921,0.04371397307450914
23800.0,0.7941963306629586,0.19544455748498968,0.010359111852051739
23372.0,0.23336221741900523,0.42822187799094225,0.3384159045900525
23135.0,0.0393659143854499,0.6023514709639187,0.3582826146506313
24320.0,0.10840957208770687,0.579437248011794,0.31215317990049923
24589.0,0.012028444835602002,0.2810123726971737,0.7069591824672242
24083.0,0.00782782331290024,0.20217614884320198,0.7899960278438979
23605.0,0.07783586323322222,0.3916856780586545,0.5304784587081233
23846.0,0.08246083903256703,0.1854357124015412,0.7321034485658918
23666.0,0.8555083352356739,0.14306145412509405,0.0014302106392320637
23905.0,0.005938996717700004,0.08829150118801776,0.9057695020942822
24650.0,0.006963007729382809,0.3671305512853711,0.6259064409852462
24391.0,0.02388443995716724,0.9556413007075546,0.020474259335278203
24148.0,0.016789607499233365,0.516636082900825,0.4665743095999418
23307.0,0.7742341499647691,0.21519640988755984,0.010569440147671041
23064.0,0.04974260554407969,0.35926318068383245,0.5909942137720878
23980.0,0.8609802264076621,0.1349004482108435,0.004119325381494238
23743.0,0.2905307509514416,0.4942051675560657,0.21526408149249276
24217.0,0.008091603233690039,0.20152085175443854,0.7903875450118715
24711.0,0.9162291451503063,0.08206732766844801,0.0017035271812457303
24458.0,0.02664528672882262,0.41275650607331804,0.5605982071978594
23253.0,0.010994921831677752,0.2504849575721934,0.7385201205961288
23494.0,0.7414717257340281,0.23195773499528607,0.026570539270685863
23008.0,0.01291740297535627,0.24264221640255312,0.7444403806220906
24526.0,0.034472520959591156,0.21216256642529802,0.7533649126151108
24285.0,0.004221635614905086,0.0744442820716902,0.9213340823134046
23803.0,0.011574791915083451,0.2830289680890053,0.7053962399959113
24040.0,0.0014983908437692763,0.04262688400012753,0.9558747251561032
23426.0,0.07156251969515946,0.9230050369383731,0.005432443366467306
23185.0,0.005435694181113556,0.08103534786910781,0.9135289579497786
24080.0,0.09679054526255575,0.6272995197566158,0.27590993498082844
24323.0,0.1367328079854047,0.851229735869846,0.012037456144749317
24590.0,0.09494181835715775,0.9037459264667171,0.0013122551761250174
23845.0,0.8594253843817925,0.13458849125889677,0.005986124359310786
23606.0,0.900815600292732,0.09841510320995041,7.692964973174707E-4
23132.0,0.31620974319208234,0.543086455298296,0.14070380150962172
23375.0,0.006550466141014537,0.11092228352951473,0.8825272503294708
23306.0,0.07378764751331367,0.6347387023824408,0.2914736501042456
23065.0,0.0042988752075949505,0.0707529554326253,0.9249481693597797
23667.0,0.9016008262091093,0.09693722175992195,0.0014619520309687925
23904.0,0.2018372534619155,0.5624847544008454,0.23567799213723903
24390.0,0.07729136939645015,0.46353891809493386,0.459169712508616
24651.0,0.003943022522331506,0.21215652769651683,0.7839004497811517
24149.0,0.4764474230023636,0.48829130126770354,0.03526127572993284
23252.0,0.5291144049045117,0.4151676109442755,0.05571798415121277
23495.0,0.5188739991446835,0.4430759279543488,0.038050072900967694
23009.0,0.6090745591839001,0.38558576084545093,0.005339679970648995
23981.0,0.007901354176116964,0.2597683974789602,0.7323302483449228
23742.0,0.0180904283320049,0.959459165031548,0.022450406636447
24216.0,0.03493301770977061,0.39113504147883477,0.5739319408113946
24459.0,0.29584497563992496,0.6992433519807357,0.0049116723793394094
24710.0,0.004608268450764814,0.11537498447081847,0.8800167470784167
23427.0,0.014794075473744053,0.19503907628760547,0.7901668482386505
23184.0,0.26843589336498364,0.5592498502252669,0.1723142564097494
24527.0,0.5385089210879134,0.298924951165621,0.16256612774646562
24284.0,0.014980790284997955,0.6123007906302418,0.37271841908476033
23802.0,0.041147834687027054,0.2254535247387727,0.7333986405742003
24041.0,0.34078636332308937,0.4650242799978633,0.19418935667904738
23133.0,0.2581329854488875,0.6461533759860452,0.09571363856506741
23374.0,0.15426184719352304,0.6354618070682815,0.21027634573819537
24081.0,0.4998096681379696,0.46414134045335026,0.03604899140868015
24591.0,0.2861030382180639,0.5438788048631923,0.17001815691874395
24322.0,0.5769310672139243,0.4078179422366939,0.015250990549381858
23844.0,0.023502313160027925,0.9477000272915707,0.028797659548401456
23607.0,0.0714377881332766,0.6197790592603966,0.3087831526063267
24705.0,0.01891784166521169,0.13524600652807967,0.8458361518067086
24460.0,0.4202817607848353,0.5563957508972278,0.02332248831793675
24223.0,0.11818252476627064,0.5454613811550342,0.33635609407869516
23737.0,0.028282620256167176,0.8810462450173064,0.09067113472652644
23978.0,0.4246271776252128,0.5327062270577475,0.04266659531703969
23014.0,0.019408034422354156,0.9609411380579747,0.019650827519671107
23488.0,9.875268269203593E-4,0.2237026529124835,0.7753098202605961
23251.0,0.0010879737189374479,0.16551703336346077,0.8333949929176018
24146.0,0.3212668175770384,0.28792789879186637,0.3908052836310952
24652.0,0.012504104568417645,0.3199787149167555,0.6675171805148269
24385.0,0.21136970539208638,0.7788745498184314,0.009755744789482197
23911.0,0.13270618968759523,0.5366203741144551,0.3306734361979496
23668.0,0.877707457153932,0.12029411783077805,0.001998425015290113
23070.0,0.17715004248343127,0.5577603833446861,0.2650895741718825
23309.0,0.09280385883273479,0.21292990342461526,0.69426623774265
23600.0,0.004499858205449505,0.18026768497904397,0.8152324568155065
23843.0,0.775303702037168,0.22147221374991302,0.003224084212918953
24325.0,0.4714022735408261,0.47846768701558895,0.05013003944358495
24584.0,0.8931394782046355,0.10580238029855672,0.001058141496807793
24086.0,0.015020948334426642,0.29323771419677774,0.6917413374687956
23369.0,0.09512729380630122,0.4386030612329468,0.46626964496075196
23130.0,0.019408034422354156,0.9609411380579747,0.019650827519671107
24046.0,0.10932038656778684,0.5391478755302485,0.3515317379019646
23805.0,0.035469532023886266,0.9596823567346294,0.004848111241484388
24283.0,0.553250335621876,0.4180743571254695,0.028675307252654596
24520.0,0.8154231808993158,0.1773957203681249,0.007181098732559212
23191.0,0.3919439682923954,0.5062414343833079,0.1018145973242967
23428.0,0.5971580938966151,0.38400288512639785,0.018839020976986927
23015.0,0.11732047470015593,0.5036253854216498,0.37905413987819414
23489.0,0.869813384511062,0.1283849886955406,0.0018016267933973437
23250.0,0.13483461419376044,0.5424141112468986,0.32275127455934094
24704.0,0.007270593481574953,0.4839694708309151,0.5087599356875099
24461.0,0.005617257403214224,0.12963599736420722,0.8647467452325786
24222.0,0.004457118401111959,0.32605697512368037,0.6694859064752076
23736.0,5.089424218690741E-4,0.006126039782334703,0.9933650177957962
23979.0,0.3790745745728777,0.45935530026742977,0.16157012515969263
23071.0,0.9038042196309783,0.09422939751833567,0.001966382850685981
23308.0,0.01862706642455775,0.9542516243486925,0.027121309226749782
24147.0,0.007601268061361823,0.1406190533042041,0.851779678634434
24653.0,0.004321352902258399,0.09258382899976722,0.9030948180979744
24384.0,0.1504994233142064,0.8021894137542317,0.04731116293156197
23910.0,0.007538533671039695,0.12446811264218473,0.8679933536867755
23669.0,0.8720940142380609,0.1234713481405213,0.004434637621417889
23368.0,0.05549507685278161,0.35460515614913,0.5898997669980885
23131.0,0.027656976833926906,0.09417903965542672,0.8781639835106464
23601.0,0.11655916897310008,0.5197551031747522,0.36368572785214764
23842.0,0.22014576515998516,0.5818897039978846,0.1979645308421302
24324.0,0.04672684869531737,0.13202938095083225,0.8212437703538503
24585.0,0.034902399628907295,0.47288562127220035,0.49221197909889247
24087.0,0.002725184958095453,0.054625922252545034,0.9426488927893596
23190.0,0.8770782802846309,0.12011572397573939,0.0028059957396296973
23429.0,0.16112289232037053,0.8174099213932863,0.021467186286343223
24047.0,0.12435099509157178,0.7866044917767703,0.089044513131658
23804.0,0.002110130368590556,0.20005156392577303,0.7978383057056365
24282.0,0.01260232337284429,0.15099463222108828,0.8364030444060674
24521.0,0.25565048239933813,0.5201086963953853,0.22424082120527666
24221.0,0.010805712021711912,0.22869826948181513,0.760496018496473
24462.0,0.002600457180006035,0.03803389463067589,0.959365648189318
24707.0,0.4355467450721373,0.45658760943087967,0.10786564549698294
23976.0,0.004578661617404289,0.2563268430392094,0.7390944953433863
23739.0,0.139161501380592,0.5726596731881171,0.2881788254312909
23012.0,0.477086099515303,0.41572568009572963,0.10718822038896735
23249.0,0.7885943483666956,0.2043512867280632,0.0070543649052412435
23490.0,0.3214954525082394,0.412162162835912,0.26634238465584864
24387.0,0.016698199738594665,0.9626445564715165,0.020657243789888848
24654.0,0.004158716638904899,0.13352109770872947,0.8623201856523656
24144.0,0.7268434280060622,0.25530403612553687,0.017852535868400896
23670.0,0.8349549096451186,0.16043330155366445,0.004611788801216949
23909.0,0.310933320161865,0.5781787436658871,0.11088793617224803
23311.0,0.03679423598035556,0.3688658265807762,0.5943399374388683
23068.0,0.17803128362053958,0.40646845204343024,0.4155002643360302
23841.0,0.37113497277336954,0.618146591083389,0.010718436143241547
23602.0,0.29793958667563814,0.45823680796652994,0.24382360535783199
24084.0,0.09495653632706523,0.5285711936637862,0.3764722700091485
24327.0,0.00800864963454416,0.09438939934550622,0.8976019510199497
24586.0,0.5563756524332085,0.3892236241403223,0.05440072342646921
23128.0,0.08684939865529326,0.40526810623569787,0.5078824951090088
23371.0,0.12362101069948243,0.49112263355446734,0.38525635574605027
23807.0,0.05525420787603243,0.5685171342475407,0.37622865787642684
24044.0,0.00115524120474112,0.44815375049428235,0.5506910083009765
24522.0,0.2807907050473672,0.5964722432393185,0.12273705171331438
24281.0,0.04018686304517868,0.510734191440417,0.4490789455144044
23430.0,0.08836625727295425,0.541646444455366,0.3699872982716797
23189.0,0.14434680737531508,0.7920974886903194,0.06355570393436567
23013.0,0.04788322011499816,0.3789494542696749,0.5731673256153269
23248.0,0.03126062252064286,0.9477832199860262,0.020956157493330987
23491.0,0.3288734748062632,0.5684512180224285,0.10267530717130843
24220.0,0.8896346754782607,0.10654200522044519,0.0038233193012942672
24706.0,0.49670312923821214,0.43078211999985694,0.07251475076193091
24463.0,0.9176997823488603,0.08059669046989397,0.00170352718124573
23977.0,0.26234142756998813,0.4157687142408181,0.3218898581891937
23738.0,0.17531077651181096,0.3948978144450056,0.42979140904318336
23310.0,0.12527206002141808,0.5624390309459467,0.3122889090326352
23069.0,0.20465589369864468,0.6461722106864718,0.14917189561488356
24386.0,0.17723272723664085,0.6233849867563089,0.19938228600705016
24655.0,0.019408034422354156,0.9609411380579747,0.019650827519671107
24145.0,0.9107948275159315,0.08837791922641366,8.272532576548558E-4
23671.0,0.024946415018491132,0.3695707781032586,0.6054828068782503
23908.0,0.0068927969865355335,0.12071790946051797,0.8723892935529465
23129.0,0.037321952411981316,0.5318014768327142,0.43087657075530444
23370.0,0.7597206437065487,0.21225949148624745,0.028019864807203837
23840.0,0.01293581410077867,0.2802400546056104,0.7068241312936109
23603.0,0.7527761419006959,0.21670169740275189,0.03052216069655235
24085.0,0.021870393182922075,0.11835848694109684,0.8597711198759811
24587.0,0.33884593161294085,0.3676711966973749,0.2934828716896843
24326.0,0.23490395469086098,0.5923796079040724,0.1727164374050666
23431.0,0.011182105828205394,0.9686649597741804,0.02015293439761417
23188.0,0.01324914665201835,0.2428543121938292,0.7438965411541524
23806.0,0.010763198896104373,0.33536587834127507,0.6538709227626206
24045.0,0.24639737555778032,0.4992298365748022,0.25437278786741757
24523.0,0.4363574816692346,0.531620295559224,0.03202222277154138
24280.0,0.16315568261677768,0.5268828133257996,0.3099615040574226
24262.0,0.014678384091556444,0.18254892845389112,0.8027726874545524
24533.0,0.016489339132330364,0.2553661884732576,0.728144472394412
24051.0,0.016299038341375336,0.11312265806357313,0.8705783035950516
23776.0,0.005055662097183616,0.19946106769843855,0.7954832702043778
22975.0,0.0690311494572568,0.8814396588533201,0.04952919168942315
23178.0,0.14255325799440993,0.5884946115865511,0.2689521304190388
23449.0,0.07184164760849793,0.5470428116367361,0.38111554075476595
24344.0,0.07029484029978403,0.4708678493230571,0.4588373103771589
24597.0,0.16570594689337279,0.7806237458394378,0.05367030726718941
24075.0,0.00943561604032743,0.07743927955165784,0.9131251044080148
23597.0,0.05814027354735494,0.4900821837565229,0.45177754269612214
23870.0,0.30945884747197555,0.46853379717769217,0.22200735535033242
23380.0,0.07062695715578796,0.4316470802640308,0.4977259625801813
23111.0,0.07534193625349693,0.651155254434231,0.2735028093122722
23930.0,0.9176997823488603,0.08059669046989397,0.00170352718124573
23657.0,0.04624058353200807,0.40255023365567744,0.5512091828123145
24143.0,0.08549023950687566,0.9011740682953281,0.013335692197796145
24657.0,0.8959066344279958,0.10224902034139904,0.0018443452306052387
24412.0,0.33323140885596625,0.45042614304379636,0.21634244810023745
23043.0,0.26265768924199817,0.6200015117752438,0.11734079898275807
23312.0,0.4266851546711765,0.5260785894016016,0.04723625592722191
23716.0,0.5522821676409515,0.4364034204000479,0.011314411959000457
23991.0,0.8000868615470109,0.19071938757215243,0.009193750880836671
24465.0,0.7123741581541095,0.279283381118951,0.008342460726939402
24732.0,0.31617755845294965,0.6653779198495209,0.01844452169752948
24194.0,0.48384177471780093,0.48427547024550793,0.03188275503669119
23517.0,0.02353260912358613,0.9716192796349296,0.004848111241484388
23246.0,0.8853109519128894,0.11356233458267641,0.0011267135044342727
23035.0,0.3002506914942401,0.4885049443470812,0.21124436415867873
22974.0,0.13860488187958825,0.46804374839834695,0.3933513697220648
23179.0,0.08038234108901071,0.5595241200396177,0.3600935388713716
23448.0,0.14754577628443244,0.842306934114201,0.010147289601366653
24263.0,0.6515793926806552,0.3453293564676119,0.0030912508517329327
24532.0,0.48453810097454647,0.2720702913426303,0.24339160768282322
24050.0,0.7289095993455602,0.25542977654926785,0.01566062410517192
23777.0,0.003940555871533391,0.2943801570745449,0.7016792870539217
23381.0,0.9111488313146959,0.08721788093114874,0.0016332877541554234
23110.0,0.011394871785652204,0.96851129547158,0.020093832742767832
24345.0,0.010928072224487367,0.1120423399608892,0.8770295878146235
24596.0,0.1300202888570367,0.3910023582033436,0.4789773529396196
24074.0,0.6757686095083958,0.28945591586703495,0.03477547462456918
23596.0,0.005129637563185071,0.048503167031831454,0.9463671954049835
23871.0,0.0050255706860707385,0.41941664366080766,0.5755577856531215
23042.0,0.01395302368060388,0.14974772512445514,0.8362992511949411
23313.0,0.016389822711688727,0.400199766760199,0.5834104105281124
23931.0,0.3073774655594109,0.41619828331977266,0.2764242511208164
23656.0,0.09314182208461291,0.43659027090886565,0.47026790700652144
24142.0,0.03510510669134484,0.588844113904671,0.37605077940398424
24413.0,0.01369707418189852,0.15816569546073633,0.8281372303573651
24656.0,0.015426184707052967,0.8907957718837228,0.09377804340922428
23516.0,0.05542749038048639,0.4684714719739901,0.4761010376455235
23247.0,0.918792837761743,0.08007835202689188,0.0011288102113649646
23034.0,0.2282994658569329,0.3998345986329237,0.3718659355101434
23717.0,0.014237063251069035,0.14582326165700088,0.8399396750919301
23990.0,0.8144763520037237,0.16171523633752286,0.023808411658753414
24464.0,0.021359064701397774,0.22302133040303462,0.7556196048955676
24733.0,0.842368535502682,0.15318273216351955,0.004448732333798359
24195.0,0.85257201220118,0.14293612694006858,0.004491860858751564
24535.0,0.11112897397615593,0.8860652446492554,0.0028057813745887145
24260.0,0.5584948745576789,0.43492114041836166,0.00658398502395942
23778.0,0.3835028242512074,0.49817536105640003,0.11832181469239274
24049.0,0.004262801232214541,0.14829914539494424,0.8474380533728412
22973.0,0.8677133457682351,0.12307751970227891,0.00920913452948605
23451.0,0.021573314659421944,0.9575593210943433,0.02086736424623476
23176.0,0.5702988450181268,0.417809560057699,0.011891594924174173
24073.0,0.004077821010766245,0.5496724304688769,0.4462497485203567
24599.0,0.01819593571040817,0.9551681624223679,0.026635901867223977
24346.0,0.14490429095584073,0.8403156151735479,0.014780093870611388
23868.0,0.08385639091112028,0.8944724428346671,0.021671166254212598
23599.0,0.8046765520533755,0.18833524757790646,0.006988200368717955
23109.0,0.10922839938144159,0.6286321894702209,0.2621394111483374
23382.0,0.2057220872815763,0.3403004185186819,0.4539774941997418
23659.0,0.00799979702654599,0.08635926758382384,0.9056409353896302
23928.0,0.46046357780910674,0.4859313389639176,0.053605083226975755
24414.0,0.009345737036433268,0.08350471857319673,0.90714954439037
24659.0,0.00834576846959136,0.08535123802397175,0.906302993506437
24141.0,0.9026690057476937,0.09547184179745344,0.0018591524548528602
23314.0,0.035273080481345934,0.8919849384353381,0.0727419810833159
23041.0,0.906325045837787,0.09258054924886179,0.0010944049133511467
23989.0,0.023021869009275088,0.5673202063587369,0.409657924631988
23718.0,0.030762586936006902,0.1926474878364075,0.7765899252275856
24192.0,0.761324498757239,0.22869638497611244,0.009979116266648644
24467.0,0.0034678879273573665,0.274612027839972,0.7219200842326707
24734.0,0.06207928923953769,0.4222136069781634,0.5157071037822989
23244.0,0.1962480774552149,0.656417168999271,0.14733475354551412
23519.0,0.3744043004000888,0.49658524403853016,0.12901045556138108
23033.0,0.18043149523086777,0.4598479981912336,0.35972050657789856
22972.0,0.004989510091272439,0.1583632740173364,0.8366472158913912
23450.0,0.01819593571040817,0.9551681624223679,0.026635901867223977
23177.0,0.25437278214417114,0.299614581413664,0.4460126364421648
24534.0,0.007653545718699331,0.15484011558692717,0.8375063386943735
24261.0,0.8524964689357096,0.13813990131385948,0.009363629750430858
23779.0,0.16448417963954842,0.4575794351160885,0.37793638524436307
24048.0,0.08284919057029287,0.42871445525468177,0.48843635417502534
23108.0,0.18928190302691866,0.4473871005929784,0.36333099638010297
23383.0,0.02597871716533219,0.4018442169472342,0.5721770658874336
24072.0,0.007265656747232858,0.41761267063935337,0.5751216726134138
24347.0,0.00899891753169783,0.11749797971772478,0.8735031027505773
24598.0,0.028880895727316995,0.5993227984836167,0.37179630578906636
23869.0,0.02432847715801245,0.1997348003489586,0.775936722493029
23598.0,0.013874744080300995,0.17044176675129977,0.8156834891683992
23315.0,0.48858019194293684,0.4784635971722644,0.03295621088479879
23040.0,0.011142591313945373,0.06345510666119245,0.9254023020248622
23658.0,0.7421290881046725,0.24702387328619493,0.010847038609132692
23929.0,0.13496508057489773,0.5680947760398137,0.2969401433852886
24415.0,0.01288589636276896,0.1954288222945616,0.7916852813426695
24658.0,0.023318242790073773,0.96614837160678,0.010533385603146074
24140.0,0.006654122523096256,0.4122725572244695,0.5810733202524342
23245.0,0.003974424982908053,0.13944808805546685,0.8565774869616251
23518.0,0.0020164957551834623,0.05455302907316543,0.943430475171651
23032.0,0.11689029987316978,0.6566522383590523,0.22645746176777806
23988.0,0.5500178560784288,0.3706371881232399,0.07934495579833128
23719.0,0.07569560970898792,0.43105249088348563,0.49325189940752645
24193.0,0.020954917493432975,0.3645206593026649,0.6145244232039021
24466.0,0.003841144876697115,0.10697330710759066,0.8891855480157121
24735.0,0.5108088337608122,0.4018191657727844,0.08737200046640346
23593.0,0.45931333079136216,0.5121948963408219,0.02849177286781604
23866.0,0.14320132718364717,0.6219839038261944,0.23481476899015827
24348.0,0.006090429541728744,0.27236668967113925,0.721542880787132
24593.0,0.004805248495007316,0.09496358269441384,0.9002311688105789
24079.0,0.021623278746624158,0.14623356829880024,0.8321431529545755
23376.0,0.14848213168603416,0.6351422773971297,0.21637559091683625
23107.0,0.0609285769185962,0.12601802210870533,0.8130534009726984
24055.0,0.34919993932051113,0.49408320650798837,0.1567168541715005
23780.0,0.04342388395060074,0.49299771412166765,0.4635784019277317
24258.0,0.018050880017080783,0.2400450565510267,0.7419040634318925
24529.0,0.08253645921699057,0.5767103971663972,0.34075314361661235
23182.0,0.02255705035218707,0.5318617398270347,0.4455812098207783
23453.0,5.089424218690741E-4,0.006126039782334703,0.9933650177957962
22971.0,0.20988670083069277,0.5143565056733349,0.27575679349597243
24469.0,0.6715786788032143,0.31930914287552903,0.009112178321256542
