22958.0,1.737473574956789E-5,0.9931639534208847,0.006818671843365693
23195.0,8.424832519157023E-5,0.998518844751587,0.0013969069232213208
23432.0,6.889774004958505E-7,0.00493320862697086,0.9950661023956286
24279.0,0.08938517516538005,0.8917804260440856,0.01883439879053434
24516.0,3.8299615270437457E-4,0.04087989212471747,0.9587371117225783
24034.0,0.49768835297629943,0.4989865354377948,0.003325111585905812
23793.0,0.003273298363909956,0.619358443823629,0.37736825781246097
23365.0,6.5812260418985785E-12,7.080750705109096E-5,0.9999291924863677
23126.0,0.9553017284152229,0.044400758236180456,2.975133485965759E-4
24329.0,0.6810148226390086,0.3029119190096693,0.016073258351322117
24580.0,0.7462381567644838,0.2524924918290405,0.0012693514064758403
24090.0,0.007053375437883912,0.2477064990371709,0.7452401255249451
23612.0,0.8751646887574699,0.12472281703620969,1.1249420632034325E-4
23855.0,0.006878366771440282,0.992294879664433,8.267535641266994E-4
23058.0,0.9080954889946664,0.0918585690148672,4.5941990466465084E-5
23297.0,2.2054864260372494E-9,0.010819912287486851,0.9891800855070267
23915.0,0.02046359444451222,0.9628122219160707,0.01672418363941705
23672.0,0.7812738039194682,0.19377020658355032,0.02495598949698152
24158.0,0.004104880604588611,0.9285215957100068,0.0673735236854047
24640.0,0.22524166707624055,0.7746510536083743,1.0727931538520448E-4
24397.0,0.0013041790259280593,3.056669592018889E-5,0.9986652542781517
23500.0,0.8673024832253767,0.1326537578648099,4.3758909813362266E-5
23263.0,3.36368707125476E-6,0.0077627219050848874,0.9922339144078438
23018.0,0.12893982808022922,0.6189111747851003,0.2521489971346705
23733.0,0.9324812745386531,0.06736622727637619,1.5249818497064892E-4
23974.0,0.9366100346773867,0.06331841614050754,7.154918210589313E-5
24448.0,0.04,0.12,0.84
24717.0,0.18105070871828133,0.7301069194606935,0.08884237182102517
24211.0,7.043362591518401E-8,0.03780561169769175,0.9621943178686824
24278.0,0.8676431551711572,0.13109364882012853,0.0012631960087143587
24517.0,0.606682952119827,0.38360128538200744,0.009715762498165468
24035.0,0.9226758645760689,0.07731838817700773,5.747246923282303E-6
23792.0,0.2238848347049153,0.7760963841038833,1.878119120138359E-5
22959.0,0.04816526975662117,0.7474411901280281,0.20439354011535074
23194.0,4.5568132374599116E-4,0.9992722201468791,2.720985293748623E-4
23433.0,0.40433221568245586,0.5946121647203645,0.0010556195971797742
24581.0,0.3784516927001711,0.621465389551694,8.291774813494162E-5
24328.0,0.0030615222344927465,0.8994133555820824,0.09752512218342503
24091.0,2.0562392401786877E-7,0.007818659225527873,0.9921811351505481
23613.0,0.7457650623509295,0.2529701258166531,0.0012648118324174278
23854.0,0.9458852651961528,0.053143092229748334,9.716425740988737E-4
23364.0,6.480667406810612E-10,6.95446863090942E-4,0.9993045524888423
23127.0,0.889076752168079,0.11085677597720876,6.647185471219907E-5
23914.0,0.33280370796245135,0.6671940676106117,2.2244269369485834E-6
23673.0,0.21567989034528215,0.7798563829798213,0.004463726674896594
24159.0,0.9453620399417011,0.054570109607581005,6.785045071799889E-5
24641.0,0.9149871721032734,0.08500560250209946,7.225394627171344E-6
24396.0,0.7368482379146407,0.26286347950106187,2.882825842973541E-4
23059.0,0.004483596209762433,0.995122204492078,3.9419929815959274E-4
23296.0,2.998710669789824E-6,0.01727484749021868,0.9827221537991115
23732.0,0.004672974904039645,0.0410097760871604,0.9543172490087999
23975.0,0.3962216706996642,0.6037474034653203,3.0925835015585735E-5
24449.0,2.9194504387366033E-6,0.11677236430190378,0.8832247162476575
24716.0,1.4727709266347254E-4,0.08292928211905665,0.9169234407882799
24210.0,0.003599100112653923,0.02623155808679409,0.9701693418005519
23501.0,3.2521072203062736E-8,7.128702831429233E-4,0.9992870971957848
23262.0,4.9409242815955805E-9,0.02454839426175966,0.9754516007973161
23019.0,0.8673024832253767,0.1326537578648099,4.3758909813362266E-5
22956.0,0.15843307640318258,0.8392530485022555,0.002313875094561976
23434.0,8.151193403582491E-12,7.351490326085761E-6,0.9999926485015227
23193.0,2.9297301673100273E-4,0.9990946964314195,6.123305518494084E-4
24518.0,6.108225422479453E-10,0.0015495798113895917,0.9984504195777879
24277.0,0.5648535564853556,0.2259414225941423,0.20920502092050208
23795.0,0.037037037037037035,0.037037037037037035,0.9259259259259259
24032.0,4.3081883006042477E-7,0.12829902969171195,0.8717005394894579
23124.0,0.15131976226517205,0.8072262868726325,0.041453950862195485
23367.0,0.00308229598617357,0.748464877699754,0.24845282631407248
24088.0,3.776664810773115E-5,0.9917800236349581,0.008182209716934214
24331.0,0.9886802475268802,0.011319706868911998,4.560420773600644E-8
24582.0,1.1918816362868822E-8,0.006155368166769354,0.9938446199144143
23853.0,6.29955940025731E-5,0.9995456704356508,3.913339703466072E-4
23614.0,0.0022067734223164565,0.3323331894350714,0.6654600371426121
23299.0,3.3209948570757744E-4,0.9309757199722117,0.06869218054208062
23056.0,0.05365988595660535,0.9328903575470282,0.013449756496366467
23674.0,0.017638684361508918,0.5231111731913658,0.4592501424471252
23913.0,0.0013850796674221492,0.5190041559975554,0.4796107643350223
24399.0,1.2573462385744674E-17,1.0912488855789056E-8,0.9999999890875112
24642.0,0.9364539171129946,0.06352848539674973,1.7597490255654728E-5
24156.0,8.802986766367432E-4,0.02575589048198591,0.9733638108413772
23261.0,0.010718793791197572,0.11160355690246448,0.8776776493063378
23502.0,0.26273874771015693,0.7367404718269924,5.207804628506216E-4
23016.0,0.7310320174707978,0.2547132061545665,0.014254776374635772
23972.0,2.161330495119816E-7,0.012214169084808197,0.9877856147821423
23735.0,0.9721212461009772,0.027878539661009054,2.1423801379886031E-7
24209.0,0.04687226603608265,0.9100713815640658,0.04305635239985153
24719.0,0.002502639489240422,0.9928563264623692,0.004641034048390474
24450.0,0.24603871883611908,0.7522994162005131,0.0016618649633678168
24519.0,0.07947610100654241,0.7017432215871626,0.21878067740629498
24276.0,3.1968758475039827E-13,1.923129660343379E-4,0.999807687033646
23794.0,0.04329896907216494,0.07216494845360824,0.8845360824742268
24033.0,0.05208080005831253,0.6729783040540435,0.274940895887644
22957.0,0.21364483177963567,0.7459105241718134,0.040444644048551026
23435.0,0.4864836714922189,0.5059505287763468,0.007565799731434354
23192.0,0.958089426547351,0.0418843346134846,2.6238839164310907E-5
24089.0,0.8060364292388972,0.19355051958157146,4.130511795312993E-4
24583.0,0.9978313689936076,0.002168566263868031,6.474252432347131E-8
24330.0,0.9619037068968656,0.038093922190598296,2.3709125361370654E-6
23852.0,0.11680760573006856,0.8813864200528752,0.001805974217056303
23615.0,0.06812932874943435,0.6596654874624996,0.27220518378806613
23125.0,0.5832171258957877,0.41667643119132514,1.0644291288723474E-4
23366.0,0.02916252253282099,0.3264249552113471,0.6444125222558319
23675.0,8.979157358768085E-6,0.044188160372307335,0.9558028604703338
23912.0,0.9736334648322916,0.026316588554423256,4.99466132849861E-5
24643.0,0.4647969134427854,0.5298396455440475,0.005363441013167138
24398.0,0.04267443003326109,0.8620841886553511,0.09524138131138789
24157.0,0.006429462997459378,0.927534605723702,0.06603593127883858
23298.0,0.8738221257595034,0.12502839037924524,0.0011494838612514727
23057.0,0.1778322573995325,0.778209979587969,0.04395776301249846
23973.0,0.9906727355816776,0.009321471153073229,5.793265249227432E-6
23734.0,0.32173429978683277,0.6382354813098804,0.04003021890328696
24208.0,0.9897793113288484,0.010220649388437881,3.9282713774606415E-8
24451.0,0.04,0.16,0.8
24718.0,0.07947610100654241,0.7017432215871626,0.21878067740629498
23260.0,0.019427550070527135,0.7041166546553833,0.2764557952740896
23503.0,0.08547217834166793,0.7670915572244332,0.14743626443389882
23017.0,0.001642862659147577,0.39156868478682466,0.6067884525540278
23361.0,0.03581981819531875,0.6967866717693545,0.26739351003532663
23122.0,5.465470101928575E-4,0.43456716737929346,0.5648862856105137
23608.0,0.2456211659405447,0.7269047045880156,0.027474129471439592
23851.0,3.972955834913174E-20,9.527161681235785E-9,0.9999999904728383
24576.0,0.5431173950181926,0.4497873298702805,0.007095275111527005
24333.0,0.028907235697520323,0.2436309155971505,0.7274618487053292
24094.0,1.5442852379387283E-5,0.02119344161924834,0.9787911155283723
23199.0,0.08857574232511323,0.24157020634121792,0.6698540513336689
23436.0,4.357890988477662E-5,0.3946397712004369,0.6053166498896783
22954.0,0.08981400892908677,0.8415306987432168,0.06865529232769631
24038.0,0.15523562719022993,0.8428892664559461,0.0018751063538241092
23797.0,0.9366100346773867,0.06331841614050754,7.154918210589313E-5
24275.0,4.141502461306041E-21,3.919720589173444E-9,0.9999999960802795
24512.0,0.042891266659084354,0.7445027949104405,0.21260593843047512
23022.0,2.8876323230067114E-5,0.9993699552190755,6.01168457694463E-4
23496.0,8.069384543629923E-4,0.48981204504355236,0.5093810165020846
23259.0,0.02134544270588538,0.16130889231635748,0.8173456649777572
24452.0,0.9805527368472522,0.01944712474366794,1.384090798248036E-7
24713.0,0.06965740206185086,0.7984931170675429,0.13184948087060616
24215.0,0.5097637071087935,0.4830280951269046,0.007208197764302033
23729.0,0.0010621868717636661,0.04802873577559698,0.9509090773526393
23970.0,0.5397551503873157,0.4602335471954242,1.130241725999288E-5
23062.0,3.155827591222962E-5,0.8665185344717642,0.13344990725232353
23301.0,0.8738221257595034,0.12502839037924524,0.0011494838612514727
24154.0,0.019399098044518535,0.944472020599184,0.03612888135629743
24644.0,7.73156935993805E-5,0.6061016830902638,0.3938210012161367
24393.0,0.22528072348813039,0.7166399865353488,0.05807928997652088
23919.0,1.449912790978701E-10,0.0022464546465264935,0.9977535452084823
23676.0,0.904689374893082,0.09409079741736498,0.0012198276895529867
23609.0,0.001371480102941066,0.33029820933253384,0.6683303105645252
23850.0,0.9006980409817608,0.07565863544246791,0.023643323575771223
24577.0,0.04475842828475017,0.7210765119515863,0.23416505976366359
24332.0,9.250602280688831E-11,0.0013045019298372094,0.9986954979776568
24095.0,0.00819448238186288,0.0409724119093144,0.9508331057088226
23360.0,0.02134544270588538,0.16130889231635748,0.8173456649777572
23123.0,6.441242767563364E-7,0.018451592160863048,0.9815477637148603
24039.0,0.232396591207326,0.49627984068597997,0.271323568106694
23796.0,0.014084507042253521,0.028169014084507043,0.9577464788732394
24274.0,0.006211180124223602,0.043478260869565216,0.9503105590062112
24513.0,0.00824087945286528,0.36116257336627977,0.6305965471808549
23198.0,0.021933665892387953,0.9597882791972888,0.01827805491032329
23437.0,0.003547603261815039,0.834895442548005,0.16155695419018004
22955.0,1.0311822074848832E-4,0.49364356642282575,0.5062533153564258
24712.0,0.668022156855042,0.3318424678727966,1.3537527216140664E-4
24453.0,0.9861096261226472,0.01388893535179204,1.4385255606537587E-6
24214.0,0.9840172054532836,0.015982123829205167,6.707175111220136E-7
23728.0,1.0933494237282686E-4,0.35687429931852765,0.6430163657390995
23971.0,0.03899755362298463,0.9607860132598516,2.1643311716389722E-4
23023.0,0.03166401804095514,0.801789598422575,0.1665463835364698
23497.0,0.8758782243946385,0.12372385199663477,3.979236087267438E-4
23258.0,0.004672974904039645,0.0410097760871604,0.9543172490087999
24155.0,0.0046215569231014735,0.9938398515757974,0.001538591501101188
24645.0,0.7745745445250488,0.22488677239381313,5.386830811380813E-4
24392.0,0.9128993095614292,0.0870896148129983,1.1075625572559776E-5
23918.0,0.3679883516221729,0.6315557658153343,4.558825624927634E-4
23677.0,0.18321186227695402,0.7853732093490827,0.0314149283739633
23063.0,0.8941721746954094,0.10464290738513145,0.0011849179194590273
23300.0,0.27207011568413036,0.7267646878227898,0.0011651964930798479
23120.0,0.01916858924923719,0.02536584148336557,0.9554655692673972
23363.0,0.703711781374711,0.29625087404937805,3.734457591081851E-5
23849.0,0.0033971702418428068,0.9476855244573333,0.048917305300823846
23610.0,0.01684882891807127,0.9724844541428601,0.010666716939068432
24092.0,0.1265702463633827,0.6862608352323459,0.18716891840427136
24578.0,0.013299765701864509,0.31706582031337854,0.6696344139847569
24335.0,0.02910882221227049,0.6448723690103001,0.3260188087774295
23438.0,1.2817715560421933E-5,0.24874338922035233,0.7512437930640872
23197.0,0.15459015657058048,0.8017868358028614,0.043623007626558116
22952.0,0.04817459844539872,0.8803287239724673,0.07149667758213402
23799.0,1.983956722685504E-7,0.09287328091649952,0.9071265206878282
24036.0,3.077853469136065E-7,0.16990058671924793,0.8300991054954051
24514.0,0.043436754176610984,0.07446300715990455,0.8821002386634845
24273.0,0.6842573264872482,0.307305008989754,0.008437664522997627
23020.0,0.02910882221227049,0.6448723690103001,0.3260188087774295
23257.0,0.889076752168079,0.11085677597720876,6.647185471219907E-5
23498.0,0.8008729752055436,0.19724322404896782,0.0018838007454886046
24213.0,0.24406919715176995,0.754575418075355,0.0013553847728750804
24454.0,0.03833876246570112,0.9615153650717915,1.458724625073683E-4
24715.0,0.015735178617213935,0.7462631019067787,0.2380017194760073
23968.0,7.052471618230094E-6,0.5366158032035748,0.463377144324807
23731.0,3.776026568317176E-13,3.6970129999130985E-4,0.999630298699631
23303.0,1.4307855489894167E-7,0.012255577518578517,0.9877442794028666
23060.0,0.03155499584654198,0.672861540404297,0.29558346374916106
24395.0,0.7246376811594203,0.14492753623188404,0.13043478260869565
24646.0,0.9651650818309714,0.03483318928003853,1.7288889900834708E-6
24152.0,1.3218825637454292E-4,0.32559109826791915,0.6742767134757063
23678.0,0.8513731783530296,0.14332174472450762,0.005305076922462757
23917.0,0.8060364292388972,0.19355051958157146,4.130511795312993E-4
23848.0,8.96775219364758E-4,0.9910974198608484,0.008005804919786823
23611.0,0.8278145695364238,0.15496688741721854,0.017218543046357615
24093.0,0.010354981558368146,0.8175006708461443,0.17214434759548747
24334.0,1.0989935957522199E-4,0.20172860719275668,0.7981614934476681
24579.0,1.8877492447160366E-4,0.690959307294703,0.30885191778082544
23121.0,4.855809155345783E-6,0.008636715419112708,0.991358428771732
23362.0,0.8271996363283599,0.17276408408493785,3.627958670228735E-5
23798.0,0.004801429423505141,0.8529190708368592,0.14227949973963563
24037.0,0.024093099380336883,0.9255579127452104,0.050348987874452765
24515.0,0.47675979789035833,0.5109662459370827,0.012273956172558869
24272.0,0.759821861563228,0.23874018563570581,0.0014379528010662445
23439.0,0.8872545116712499,0.11262789907799865,1.1758925075142578E-4
23196.0,0.003599100112653923,0.02623155808679409,0.9701693418005519
22953.0,0.9717891733908957,0.028209451161042096,1.3754480621630476E-6
24212.0,0.38124904255807995,0.6181474195824704,6.035378594495137E-4
24714.0,2.575020556451902E-5,0.4936496450869319,0.5063246047075036
24455.0,6.042472324139116E-7,0.05399330252268756,0.94600609323008
23969.0,0.047891286342657755,0.6470084270708593,0.3051002865864831
23730.0,0.9118336386723295,0.08460412253843667,0.003562238789233886
23021.0,0.10204597566953286,0.8979166621519378,3.736217852948426E-5
23256.0,6.731621574488958E-8,0.03721400013024824,0.9627859325535361
23499.0,6.011140408620428E-5,0.03007917553040388,0.9698607130655099
24647.0,0.017024773981448863,0.09533873429611366,0.8876364917224374
24394.0,0.6326340840379212,0.36730026544860256,6.565051347635459E-5
24153.0,0.04583121551145812,0.9540732441632257,9.554032531613374E-5
23679.0,5.086878130070353E-12,1.1909854907031825E-5,0.9999880901400061
23916.0,0.0035569440470134854,0.010582643445659954,0.9858604125073266
23302.0,0.8207539559278322,0.17869828440049595,5.477596716719121E-4
23061.0,0.0020169989404313807,0.70798344242711,0.28999955863245863
23907.0,0.2985054822530727,0.6978100486445078,0.0036844691024194515
23664.0,0.009575106902959526,0.6164986232223504,0.3739262698746901
24150.0,0.0014721934849591426,0.0944988095752408,0.9040289969398
24648.0,0.09363694095331593,0.9063076836805439,5.537536614001199E-5
24389.0,0.008591419575773024,0.7979679155018359,0.1934406649223911
23066.0,0.944758397084475,0.05520879181786919,3.281109765586822E-5
23305.0,1.024965978910679E-11,5.6526080988469E-4,0.9994347391798656
23741.0,0.3289303425388435,0.6682643314601795,0.0028053260009771276
23982.0,0.09018177726730196,0.28665727229131494,0.6231609504413831
24456.0,0.5475023945863295,0.4155865521213326,0.03691105329233773
24709.0,0.2944935557115115,0.6398373605387458,0.06566908374974269
24219.0,0.00221636437786241,0.9955140784992066,0.002269557122931108
23492.0,0.5709927019487699,0.42561568088638574,0.0033916171648443504
23255.0,0.04802588923781226,0.2836529083108287,0.668321202451359
23010.0,0.072,0.872,0.056
24287.0,0.029090909090909094,0.8181818181818182,0.15272727272727274
24524.0,0.3334108080784396,0.6665849826484639,4.209273096460508E-6
24042.0,0.0016710147407117495,0.9975401972986422,7.8878796064605E-4
23801.0,0.002491909939501294,0.9950374166800382,0.002470673380460425
23187.0,0.003623754915469499,0.9369025515924133,0.05947369349211725
23424.0,0.8060364292388972,0.19355051958157146,4.130511795312993E-4
24321.0,8.184795627085024E-7,0.06192273174232406,0.9380764497781132
24588.0,0.60759406823212,0.39075737265355115,0.0016485591143288927
24082.0,0.6087340350126499,0.3886029022352586,0.002663062752091483
23604.0,0.9006980409817608,0.07565863544246791,0.023643323575771223
23847.0,0.8738221257595034,0.12502839037924524,0.0011494838612514727
23373.0,0.3757664587199974,0.6191063373524759,0.005127203927526712
23134.0,0.06833937805276019,0.8775234603210821,0.05413716162615777
23067.0,0.9808991851834469,0.019097257422874023,3.5573936790280208E-6
23304.0,0.47460683395447845,0.523303495325313,0.00208967072020856
23906.0,0.9109857402968211,0.08899698372654676,1.727597663214494E-5
23665.0,0.043913539226403314,0.9045874567113605,0.05149900406223619
24151.0,0.018533752534961312,0.9763815416941302,0.0050847057709084535
24388.0,0.17652473937795565,0.8234165710860512,5.868953599310809E-5
24649.0,2.187226750595821E-6,0.006022255780187372,0.9939755569930621
23493.0,0.7235201051637477,0.27441141242838757,0.0020684824078648313
23254.0,4.055332662609655E-4,0.4564593455675645,0.5431351211661746
23011.0,0.8523743214800896,0.1475924582457662,3.322027414411357E-5
23740.0,0.8673024832253767,0.1326537578648099,4.3758909813362266E-5
23983.0,0.01423070102712954,0.9856575961572345,1.1170281563593565E-4
24708.0,2.0485473267301643E-6,0.0838954062466232,0.9161025452060501
24457.0,0.0015226567122241861,0.9947979229779962,0.0036794203097796287
24218.0,0.0055690733362494796,0.05115400206589867,0.9432769245978518
23186.0,0.17933887253469302,0.7437308758173293,0.07693025164797775
23425.0,0.08655627698670046,0.8931247688811981,0.02031895413210137
24286.0,0.02796857593271248,0.7532898607928356,0.21874156327445196
24525.0,0.0582551100348978,0.5777366284452674,0.3640082615198348
24043.0,0.8401987642261606,0.15890191958652486,8.99316187314441E-4
23800.0,0.9884538288066073,0.011542710519154458,3.460674238208909E-6
23372.0,0.026921245855769556,0.34161891031894076,0.6314598438252896
23135.0,7.391672647800143E-5,0.9545497177866804,0.0453763654868416
24320.0,0.022588022700962815,0.15179151255047016,0.8256204647485671
24589.0,1.6810794373223478E-9,0.005041723801800036,0.9949582745171206
24083.0,1.0249940371270824E-9,1.450741237606687E-4,0.9998549248512453
23605.0,0.0029595894234683436,0.9057554727290031,0.09128493784752839
23846.0,0.0013985125853694504,0.06995476494733438,0.9286467224672962
23666.0,0.9721212461009772,0.027878539661009054,2.1423801379886031E-7
23905.0,0.0080880104963155,0.0060989678034950815,0.9858130217001894
24650.0,1.4216346079589708E-8,0.006314893856307972,0.9936850919273459
24391.0,0.013305534412804724,0.9796857890240719,0.007008676563123475
24148.0,2.6735462603858434E-9,0.014987619979502822,0.985012377346951
23307.0,0.8790760551790155,0.12030388578239581,6.200590385886612E-4
23064.0,0.0035707965663767933,0.41263460003779273,0.5837946033958306
23980.0,0.8673024832253767,0.1326537578648099,4.3758909813362266E-5
23743.0,0.9332221135065059,0.06653922318214855,2.386633113456108E-4
24217.0,0.002767544290320848,0.10796421644508614,0.8892682392645931
24711.0,0.9364539171129946,0.06352848539674973,1.7597490255654728E-5
24458.0,0.012387801548635231,0.48451979955552066,0.5030923988958441
23253.0,0.023746701846965697,0.21372031662269125,0.762532981530343
23494.0,0.7682403004310688,0.2229286926816597,0.008831006887271635
23008.0,0.013299765701864509,0.31706582031337854,0.6696344139847569
24526.0,0.07235579705034355,0.8617374440370777,0.06590675891257865
24285.0,0.02857142857142857,0.08571428571428572,0.8857142857142857
23803.0,0.742785684780378,0.25097323551519324,0.0062410797044288304
24040.0,1.96052240319788E-10,1.8417909655665351E-4,0.9998158207073911
23426.0,0.021853648690689353,0.9775664364636354,5.799148456751598E-4
23185.0,5.424971451231258E-4,0.00180444698954624,0.9976530558653307
24080.0,0.09090909090909091,0.18181818181818182,0.7272727272727273
24323.0,0.028871403309479914,0.9707704191972059,3.5817749331422204E-4
24590.0,0.10343343477502048,0.895037560589174,0.0015290046358054457
23845.0,0.962254308221969,0.03774440426635971,1.2875116712149389E-6
23606.0,0.9886802475268802,0.011319706868911998,4.560420773600644E-8
23132.0,0.21991988304650886,0.7665994977615789,0.013480619191912385
23375.0,0.023479188900747062,0.035218783351120594,0.9413020277481323
23306.0,0.07657995616798666,0.9192642496878186,0.004155794144194645
23065.0,0.01277934333835769,0.04089389868274461,0.9463267579788976
23667.0,0.9628333987915737,0.03716613095785585,4.7025057034703985E-7
23904.0,0.02205142276855055,0.8019489632398707,0.17599961399157865
24390.0,0.014191393838144222,0.7122213367349975,0.2735872694268583
24651.0,0.032556793517580666,0.018087107509767036,0.9493560989726523
24149.0,0.062466606188803626,0.9293375640610333,0.008195829750163097
23252.0,0.32209780001167343,0.6720501476569631,0.005852052331363502
23495.0,0.12146210446386496,0.847746413741424,0.030791481794711174
23009.0,0.5638614876589536,0.43407558178336547,0.0020629305576809727
23981.0,2.455026458178717E-6,0.012224928803486298,0.9877726161700555
23742.0,0.04863302141138824,0.9508628330140685,5.041455745434155E-4
24216.0,0.025005008000488663,0.3186174759184733,0.656377516081038
24459.0,0.14775552789030938,0.8511721521369053,0.001072319972785369
24710.0,0.017024773981448863,0.09533873429611366,0.8876364917224374
23427.0,1.6273345974292976E-10,0.0017194456813953176,0.9982805541558712
23184.0,0.11470325641686413,0.8074830220852007,0.07781372149793524
24527.0,0.8616179813021175,0.1373749385819376,0.0010070801159446873
24284.0,3.800277208214075E-8,0.061951940783415274,0.9380480212138127
23802.0,0.021918604012175553,0.6788154812144739,0.29926591477335046
24041.0,0.05008946933234909,0.9008728712805787,0.04903765938707225
23133.0,0.019337791376886217,0.9784319814106184,0.002230227212495382
23374.0,0.6623661645006143,0.3336068356330019,0.00402699986638385
24081.0,0.12710626740504583,0.8570897159059193,0.01580401668903487
24591.0,0.9643996288575848,0.02560026688892779,0.010000104253487418
24322.0,0.921611505156839,0.07838619434422774,2.3004989333634763E-6
23844.0,1.0359833729296022E-5,0.9999885010905061,1.1390757647186988E-6
23607.0,0.023675053290231736,0.8879627196314211,0.0883622270783471
24705.0,0.0035569440470134854,0.010582643445659954,0.9858604125073266
24460.0,0.4299828811075408,0.5698137244788593,2.033944136000801E-4
24223.0,7.174673697081576E-4,0.899479168434004,0.09980336419628778
23737.0,0.013783094534940046,0.8629538787051094,0.12326302675995049
23978.0,0.5673410449387414,0.43256201603609984,9.693902515871955E-5
23014.0,0.2927149282942455,0.7072479376234851,3.7134082269305166E-5
23488.0,0.004763433446972282,0.8070529088908386,0.18818365766218917
23251.0,0.045784692207024566,0.805234927834076,0.14898037995889943
24146.0,0.6854516368266462,0.29833612677671684,0.016212236396636926
24652.0,4.81030779160052E-7,0.04312921772116801,0.9568703012480528
24385.0,0.14529102860216092,0.8546254943688516,8.347702898752198E-5
23911.0,1.2125675832032652E-8,0.012134226488419973,0.9878657613859042
23668.0,0.8060364292388972,0.19355051958157146,4.130511795312993E-4
23070.0,0.3564356435643565,0.15841584158415845,0.4851485148514852
23309.0,1.1126905542511173E-9,3.231202184682158E-7,0.999999675767091
23600.0,1.867293765206614E-11,4.851719617573004E-6,0.9999951482617094
23843.0,0.973700514502554,0.026299299180338586,1.863171073592666E-7
24325.0,0.7113746718794451,0.28847714472229546,1.4818339825958536E-4
24584.0,0.951506622962791,0.048482138521473844,1.1238515735192567E-5
24086.0,0.020173354483078946,0.0722580711041356,0.9075685744127856
23369.0,0.10334537433756921,0.8821164401702669,0.014538185492163912
23130.0,0.21668685596385717,0.7833099515583117,3.192477831094509E-6
24046.0,0.025617617334470766,0.7528074914782877,0.22157489118724158
23805.0,0.19329681209918856,0.8065975413908343,1.0564650997728624E-4
24283.0,0.7325548789702511,0.26741949108764984,2.5629942099031614E-5
24520.0,0.8738221257595034,0.12502839037924524,0.0011494838612514727
23191.0,0.036899465357029725,0.9550728787864533,0.00802765585651692
23428.0,0.6845163567476289,0.3154755855597187,8.057692652192664E-6
23015.0,0.014201376074511964,0.8908456672114895,0.09495295671399852
23489.0,0.9206029355328551,0.07939473404362864,2.3304235163076643E-6
23250.0,3.974982365841442E-6,0.12465101752220063,0.8753450074954335
24704.0,9.074876923553546E-13,1.971937478644046E-4,0.9998028062512282
24461.0,2.0879655213232135E-7,0.3736346176256629,0.626365173577785
24222.0,3.6539093986301615E-8,0.0054055318479163585,0.9945944316129897
23736.0,2.5597197811576775E-16,1.621938395232006E-6,0.9999983780616045
23979.0,0.20056443151881595,0.7920910428496436,0.007344525631540539
23071.0,0.9840172054532836,0.015982123829205167,6.707175111220136E-7
23308.0,0.002502639489240422,0.9928563264623692,0.004641034048390474
24147.0,0.011481045840415921,0.10198263755088778,0.8865363166086963
24653.0,0.002857649365723044,0.22653462773108904,0.770607722903188
24384.0,0.022150268895274872,0.9761507012156785,0.0016990298890466285
23910.0,8.858456047506756E-11,1.6222882424716674E-4,0.9998377710871682
23669.0,0.9700267354238292,0.029973221330662537,4.324550826255573E-8
23368.0,0.0019059942494599675,0.9447788534887053,0.05331515226183487
23131.0,0.006211180124223602,0.043478260869565216,0.9503105590062112
23601.0,0.10477690462234612,0.8535295559731771,0.04169353940447676
23842.0,0.03357722391014912,0.5841473511845708,0.38227542490528
24324.0,0.0077658462605779775,0.015439789015113612,0.9767943647243084
24585.0,0.06634227005544499,0.796091027070734,0.1375667028738211
24087.0,0.007424694368934914,0.02026941562719231,0.9723058900038727
23190.0,0.9725600864671126,0.02743924992088116,6.636120063175086E-7
23429.0,0.028871403309479914,0.9707704191972059,3.5817749331422204E-4
24047.0,0.002172031690409997,0.9967395348983503,0.0010884334112397378
23804.0,8.581575940798913E-6,0.14023725626821695,0.8597541621558422
24282.0,0.02916252253282099,0.3264249552113471,0.6444125222558319
24521.0,0.640717505298085,0.35643554973224895,0.002846944969666101
24221.0,0.02916252253282099,0.3264249552113471,0.6444125222558319
24462.0,0.0064535126338986825,1.1344065176775026E-4,0.9934330467143336
24707.0,0.12131937238254942,0.8761162771030188,0.0025643505144318907
23976.0,3.4765060118092997E-6,0.007185604592317862,0.9928109189016704
23739.0,0.21917094085472735,0.7778413049517228,0.002987754193549902
23012.0,0.8292733146921373,0.16976422574442188,9.624595634409055E-4
23249.0,0.8717959928922088,0.1281993794494171,4.627658374219934E-6
23490.0,0.04395604395604395,0.5384615384615384,0.4175824175824176
24387.0,2.9297301673100273E-4,0.9990946964314195,6.123305518494084E-4
24654.0,0.005213963126547717,0.06866055278519051,0.9261254840882618
24144.0,0.921611505156839,0.07838619434422774,2.3004989333634763E-6
23670.0,0.8060364292388972,0.19355051958157146,4.130511795312993E-4
23909.0,0.3669531019404888,0.632772538580588,2.7435947892303524E-4
23311.0,1.7169715348906782E-4,0.21901161578267442,0.7808166870638364
23068.0,0.001750990509078593,0.3879013050634549,0.6103477044274664
23841.0,0.005129210467340631,0.9941393816483955,7.3140788426391E-4
23602.0,0.5583600812677715,0.4402356073991502,0.001404311333078323
24084.0,0.005089036310605909,0.1763629229402385,0.8185480407491555
24327.0,0.014084507042253521,0.028169014084507043,0.9577464788732394
24586.0,0.914265230081608,0.08504158828289303,6.9318163549899E-4
23128.0,0.44362511658713805,0.5228786172177121,0.03349626619514992
23371.0,0.03584931292578363,0.5853040368866845,0.3788466501875318
23807.0,1.1305144408123356E-4,0.82365712147408,0.17622982708183885
24044.0,0.030323170506122123,0.1189379373001197,0.8507388921937582
24522.0,0.22317012602086717,0.7353506717499451,0.04147920222918779
24281.0,0.018568082227933925,0.8608656981176093,0.12056621965445664
23430.0,0.015971882823774798,0.9192612624671603,0.0647668547090648
23189.0,0.3779511959739797,0.6219241925685545,1.2461145746588318E-4
23013.0,0.014966212014427263,0.07163882094440528,0.9133949670411675
23248.0,1.7328717714202438E-4,0.9992741657569151,5.525470659431395E-4
23491.0,0.5987269805712663,0.399554557245547,0.0017184621831866748
24220.0,0.9451065517155368,0.054886263796389806,7.184488073428416E-6
24706.0,0.5933633572533321,0.3888376061613997,0.017799036585268282
24463.0,0.9364539171129946,0.06352848539674973,1.7597490255654728E-5
23977.0,0.9091163595562007,0.08813199260320065,0.002751647840598474
23738.0,0.019523434026195077,0.9174969085829088,0.06297965739089603
23310.0,3.4158720612917427E-6,0.020871297349806982,0.9791252867781318
23069.0,0.004246932124860906,0.7586787705156259,0.23707429735951324
24386.0,7.765675403618007E-4,0.811551872493157,0.18767155996648127
24655.0,0.01237355474190513,0.9875349365590677,9.150869902724721E-5
24145.0,0.9604318798849828,0.03956698094094957,1.1391740676091942E-6
23671.0,1.3634367600566194E-11,1.997753989868537E-4,0.9998002245873788
23908.0,0.037037037037037035,0.1111111111111111,0.8518518518518519
23129.0,0.021933665892387953,0.9597882791972888,0.01827805491032329
23370.0,0.9305099737513207,0.06940948518472531,8.05410639539286E-5
23840.0,0.0046407807499735,0.8749482661645753,0.12041095308545106
23603.0,0.12866680622311266,0.8707205326183867,6.126611585007205E-4
24085.0,1.0608715800758713E-11,5.322508195992795E-5,0.9999467749074313
24587.0,0.7476403987401287,0.24675161012076308,0.005607991139108252
24326.0,0.13154196129218976,0.8343115232038091,0.03414651550400114
23431.0,4.5568132374599116E-4,0.9992722201468791,2.720985293748623E-4
23188.0,6.114408981043115E-10,0.011324564590193969,0.9886754347983652
23806.0,0.006906598222619433,0.7355919738735518,0.2575014279038289
24045.0,0.47178969138774546,0.518887871616819,0.009322436995435552
24523.0,0.3598543021790276,0.6345571515316334,0.005588546289339128
24280.0,0.030323170506122123,0.1189379373001197,0.8507388921937582
24262.0,0.02916252253282099,0.3264249552113471,0.6444125222558319
24533.0,5.425923471575936E-4,0.9485229298009054,0.05093447785193716
24051.0,0.01277934333835769,0.04089389868274461,0.9463267579788976
23776.0,1.3958295374665591E-9,5.396713893510631E-4,0.9994603272148194
22975.0,0.013254801036765724,0.9861229599935848,6.222389696495472E-4
23178.0,1.375342059668042E-4,0.31284592323351135,0.6870165425605219
23449.0,0.014703095694122469,0.8450454383032265,0.14025146600265098
24344.0,2.1214037465404433E-5,0.47054658650444636,0.5294321994580882
24597.0,0.07441051988295802,0.9155004197819228,0.010089060335119181
24075.0,0.08571428571428572,0.14285714285714285,0.7714285714285715
23597.0,2.499706456737471E-6,0.15318736638232056,0.8468101339112227
23870.0,0.03261571789084918,0.5284631186046544,0.4389211635044963
23380.0,0.026921245855769556,0.34161891031894076,0.6314598438252896
23111.0,0.008597277000561399,0.4402541545593444,0.5511485684400942
23930.0,0.9364539171129946,0.06352848539674973,1.7597490255654728E-5
23657.0,3.0466119696067494E-8,0.013406739851681207,0.9865932296821991
24143.0,0.38124904255807995,0.6181474195824704,6.035378594495137E-4
24657.0,0.8738221257595034,0.12502839037924524,0.0011494838612514727
24412.0,0.7106482450727171,0.2882345312018036,0.0011172237254793412
23043.0,0.5774985325924262,0.42091267048090597,0.0015887969266678154
23312.0,0.2706741516228552,0.6732243601282949,0.05610148824884982
23716.0,0.9852503718357085,0.014748793428744673,8.347355468073869E-7
23991.0,0.9366100346773867,0.06331841614050754,7.154918210589313E-5
24465.0,0.9871714114053429,0.012825526060541477,3.0625341155113187E-6
24732.0,0.07487024847626828,0.9250285471896142,1.012043341174174E-4
24194.0,0.5980061555013313,0.4011298981475186,8.639463511500034E-4
23517.0,0.13687108060428635,0.8630386373568688,9.028203884480475E-5
23246.0,0.996858361555562,0.00314162396094073,1.4483497416849278E-8
23035.0,0.04542370455469967,0.9209694486370738,0.033606846808226426
22974.0,0.03401675755086363,0.9414064194879749,0.0245768229611615
23179.0,0.009763901612671667,0.973281253308796,0.016954845078532326
23448.0,2.9297301673100273E-4,0.9990946964314195,6.123305518494084E-4
24263.0,0.5279602596604852,0.47203699114676395,2.7491927508056482E-6
24532.0,1.812982752773335E-6,0.06702518375407406,0.9329730032631732
24050.0,0.7884641004973731,0.210451421075759,0.0010844784268678517
23777.0,6.201682594033207E-4,0.6073729791343742,0.3920068526062226
23381.0,0.9963710297188427,0.0036289659770125564,4.304144570494753E-9
23110.0,4.5568132374599116E-4,0.9992722201468791,2.720985293748623E-4
24345.0,2.1874393312453104E-8,0.001076831957563296,0.9989231461680433
24596.0,6.0057648917532526E-5,0.20494713046382387,0.7949928118872587
24074.0,0.7905761880414321,0.20941753292359472,6.279034973179021E-6
23596.0,1.3109638800229118E-19,1.0381430280796235E-8,0.9999999896185696
23871.0,0.002767544290320848,0.10796421644508614,0.8892682392645931
23042.0,0.0013461672313526782,0.012437788996663384,0.9862160437719839
23313.0,1.5640397141464635E-5,0.0265686715475204,0.9734156880553382
23931.0,0.051492203383974665,0.8225085637435728,0.1259992328724525
23656.0,0.12446556314850571,0.8007223141320453,0.0748121227194489
24142.0,0.029859287013867006,0.7869920151604609,0.18314869782567214
24413.0,3.5481574995124476E-6,0.010289486132831675,0.9897069657096689
24656.0,4.5568132374599116E-4,0.9992722201468791,2.720985293748623E-4
23516.0,6.1857216555874E-5,0.11127261584000975,0.8886655269434344
23247.0,0.8060364292388972,0.19355051958157146,4.130511795312993E-4
23034.0,0.052287926353056784,0.7824951181453006,0.16521695550164273
23717.0,0.02916252253282099,0.3264249552113471,0.6444125222558319
23990.0,0.8824080849672855,0.1128237097396498,0.004768205293064612
24464.0,0.012787884500581267,0.1162534954598297,0.870958620039589
24733.0,0.9863653012843524,0.013633994503969184,7.042116783296883E-7
24195.0,0.8060364292388972,0.19355051958157146,4.130511795312993E-4
24535.0,0.14838029975085323,0.8515169134027264,1.0278684642031101E-4
24260.0,0.5467008207485182,0.4502953484681929,0.00300383078328883
23778.0,0.7583291402595292,0.23859841885692176,0.003072440883548901
24049.0,0.014084507042253521,0.028169014084507043,0.9577464788732394
22973.0,0.7213637894251651,0.27861744826644974,1.876230838515363E-5
23451.0,4.904410657735156E-7,0.996572137992001,0.0034273715669332233
23176.0,0.8887236834740431,0.11126998723430834,6.329291648454136E-6
24073.0,0.0023128212765636917,0.9910577886634963,0.006629390059940026
24599.0,0.006878366771440282,0.992294879664433,8.267535641266994E-4
24346.0,0.38124904255807995,0.6181474195824704,6.035378594495137E-4
23868.0,0.08563969116066157,0.9142762863225119,8.402251682650832E-5
23599.0,0.994804391893455,0.005195361421814228,2.466847307476954E-7
23109.0,0.3166078790633745,0.666520944314322,0.016871176622303585
23382.0,0.005476412728599391,0.9728488121515707,0.02167477511982984
23659.0,0.02134544270588538,0.16130889231635748,0.8173456649777572
23928.0,0.629819883388109,0.3695556793971959,6.244372146950212E-4
24414.0,0.014084507042253521,0.028169014084507043,0.9577464788732394
24659.0,0.006211180124223602,0.043478260869565216,0.9503105590062112
24141.0,0.982209755603458,0.017790106446875273,1.379496666934827E-7
23314.0,0.04900289351706678,0.8096006618620313,0.1413964446209018
23041.0,0.9366100346773867,0.06331841614050754,7.154918210589313E-5
23989.0,0.015904144331167453,0.76299422150347,0.22110163416536258
23718.0,7.286237662828355E-5,0.2036520959916339,0.7962750416317378
24192.0,0.5065714223106432,0.4863209245767237,0.007107653112633108
24467.0,6.443076000582415E-4,0.5976677361579603,0.40168795624198134
24734.0,2.004962131002669E-5,2.8549167818323644E-5,0.9999514012108718
23244.0,0.026849677408945154,0.7868818047857135,0.18626851780534134
23519.0,0.005082646685486155,0.9369181056893066,0.057999247625207265
23033.0,0.005353064358713838,0.7753043602589728,0.2193425753823133
22972.0,0.014084507042253521,0.2112676056338028,0.7746478873239436
23450.0,0.002502639489240422,0.9928563264623692,0.004641034048390474
23177.0,0.013049687032845883,0.6130005195324965,0.3739497934346577
24534.0,0.006605985966998381,0.1807397760570757,0.8126542379759258
24261.0,0.9453620399417011,0.054570109607581005,6.785045071799889E-5
23779.0,1.8880570630751663E-7,0.011723865442503376,0.9882759457517903
24048.0,1.860277006732176E-7,0.005757932989685673,0.9942418809826137
23108.0,0.21204473981742203,0.661402283818234,0.1265529763643441
23383.0,4.972842419933152E-9,0.006455077609857114,0.9935449174173004
24072.0,0.055937812481930214,0.6669890012194026,0.2770731862986672
24347.0,0.006605985966998381,0.1807397760570757,0.8126542379759258
24598.0,2.742509035603117E-4,0.46605349277904634,0.5336722563173933
23869.0,9.319986715232599E-8,2.878412533181874E-4,0.9997120655468147
23598.0,2.51349273254694E-6,0.008375508571840388,0.9916219779354271
23315.0,0.5854010451733545,0.4140014985330869,5.974562935587485E-4
23040.0,0.004345890452660614,0.24261509261602393,0.7530390169313155
23658.0,0.9023177554421387,0.09766249079042998,1.975376743129725E-5
23929.0,6.020184501887303E-4,0.21616771056756143,0.7832302709822498
24415.0,0.02916252253282099,0.3264249552113471,0.6444125222558319
24658.0,7.342002366180167E-4,0.9989827636867723,2.8303607660968324E-4
24140.0,0.04395604395604395,0.5384615384615384,0.4175824175824176
23245.0,0.02857142857142857,0.08571428571428572,0.8857142857142857
23518.0,7.103146158203028E-11,8.380562680590837E-5,0.9999161943021626
23032.0,0.003104025991286624,0.6121629488083349,0.38473302520037844
23988.0,0.901839510538444,0.09657574696599203,0.0015847424955639075
23719.0,1.999597159704646E-9,2.0201460181813583E-4,0.9997979833985847
24193.0,2.0449400515010636E-5,0.1677125357356063,0.8322670148638787
24466.0,8.168686275223889E-9,0.0017955498632458615,0.9982044419680679
24735.0,0.3819224668435752,0.6168364991048944,0.0012410340515305043
23593.0,0.3108284433741761,0.6883876163180427,7.839403077812123E-4
23866.0,0.09495476205361862,0.8934891966769497,0.011556041269431673
24348.0,0.010656045667468077,0.08468657701628694,0.904657377316245
24593.0,0.005213963126547717,0.06866055278519051,0.9261254840882618
24079.0,0.02916252253282099,0.3264249552113471,0.6444125222558319
23376.0,0.16387761408730964,0.6704825385870904,0.1656398473255999
23107.0,0.009409519530605981,0.052359253426682476,0.9382312270427116
24055.0,0.1778322573995325,0.778209979587969,0.04395776301249846
23780.0,0.01820991354050899,0.8898039769981344,0.09198610946135664
