22958.0,0.17783011822451844,0.8124957262835103,0.009674155491971204
23195.0,0.0756161624672865,0.8781743995905988,0.046209437942114635
23432.0,0.005217239078089255,0.066522600734101,0.9282601601878098
24279.0,0.5693698892202169,0.4157713200093069,0.014858790770476258
24516.0,0.008599990495206586,0.7215716191534698,0.26982839035132367
24034.0,0.03287484725368843,0.8588352239635566,0.108289928782755
23793.0,0.014511962397761799,0.7413089821162627,0.24417905548597552
23365.0,4.735529918569826E-4,0.013145389567007781,0.9863810574411351
23126.0,0.45797475628022616,0.46399627321085957,0.07802897050891446
24329.0,0.19191219474316443,0.5808176162480014,0.22727018900883417
24580.0,0.40579106946740534,0.5858243975676742,0.008384532964920373
24090.0,0.11888534291967297,0.8547223526837469,0.026392304396580215
23612.0,0.5815671856499971,0.4130524511796603,0.005380363170342649
23855.0,0.517918752424146,0.47326630134040715,0.008814946235446729
23058.0,0.7001253931369301,0.2917651470269191,0.008109459836150775
23297.0,3.133211845624286E-4,0.017050367839152696,0.982636310976285
23915.0,0.17842298977031978,0.7715227570361233,0.050054253193556796
23672.0,0.1153139111870868,0.7261840060577774,0.15850208275513578
24158.0,0.1074482624059126,0.7304454618626389,0.16210627573144853
24640.0,0.4721333096023649,0.5176637501260227,0.010202940271612348
24397.0,0.029281601686892526,0.2002493289546482,0.7704690693584594
23500.0,0.4188021863668383,0.5712978804821772,0.009899933150984577
23263.0,0.01768459424353582,0.6974416778775314,0.28487372787893284
23018.0,4.471365630811182E-5,0.021033766909971708,0.9789215194337201
23733.0,0.4500719830164525,0.46721036990562165,0.08271764707792582
23974.0,0.7967506399639886,0.20049289968275263,0.002756460353258606
24448.0,0.0020360547431794284,0.11503055710811229,0.8829333881487084
24717.0,0.06630066448350781,0.7910657661904199,0.1426335693260722
24211.0,9.97495187085036E-4,0.053871208925316834,0.9451312958875981
24278.0,0.3302949920814251,0.5822660269173834,0.08743898100119149
24517.0,0.2902949307190539,0.6851720638321694,0.024533005448776752
24035.0,0.2441283209415421,0.7446796232836022,0.011192055774855828
23792.0,0.2294686536043995,0.754227485580537,0.01630386081506341
22959.0,0.031804381170586565,0.7621517784461751,0.20604384038323847
23194.0,0.13195648444109967,0.843817644606619,0.024225870952281188
23433.0,0.30841912230509366,0.6806790575966641,0.010901820098242174
24581.0,0.5439305919572962,0.44194323721086387,0.014126170831839948
24328.0,0.016527158229845546,0.5754527833011432,0.4080200584690113
24091.0,0.0780351712866991,0.4050813683995816,0.5168834603137195
23613.0,0.4241963704470646,0.5614300419525311,0.014373587600404343
23854.0,0.7409171815093644,0.23097625664707241,0.0281065618435633
23364.0,2.1281450981749142E-4,0.01959111398884564,0.9801960715013369
23127.0,0.7200556916788757,0.27364182849699775,0.006302479824126632
23914.0,0.8164833855296607,0.1817810211444609,0.001735593325878473
23673.0,0.130870832932108,0.6826771638916225,0.18645200317626962
24159.0,0.7889924207279666,0.20852701130009155,0.0024805679719417362
24641.0,0.2812645760951434,0.6902769775959031,0.028458446308953386
24396.0,0.32789021756785597,0.6495773791097234,0.022532403322420826
23059.0,0.5470412523491248,0.43556347029809567,0.017395277352779483
23296.0,9.656951847257669E-4,0.045469661415445915,0.9535646433998283
23732.0,0.00516303277608479,0.07657676243575456,0.9182602047881606
23975.0,0.47808036180964225,0.5120943954048462,0.00982524278551154
24449.0,0.16994711089117004,0.44019600384323115,0.389856885265599
24716.0,0.002106426490905511,0.15488795087638463,0.8430056226327098
24210.0,3.290998146957903E-5,0.006848948999134634,0.9931181410193957
23501.0,0.003107721196598698,0.09377809060102611,0.9031141882023751
23262.0,0.0024725916431345483,0.10831155170991312,0.8892158566469524
23019.0,0.8143407279149277,0.18362505459974482,0.002034217485327479
22956.0,0.5301563655333928,0.46385892703255865,0.0059847074340485616
23434.0,2.070620418170864E-4,0.020003199869385962,0.9797897380887971
23193.0,0.3902511834183484,0.5933482154553891,0.016400601126262487
24518.0,0.0014820741944432975,0.09325591687789755,0.9052620089276591
24277.0,0.18113306925428388,0.716684727700358,0.10218220304535815
23795.0,0.0025282071588999004,0.03216133637470896,0.9653104564663911
24032.0,0.013219186860847668,0.7325003575477477,0.2542804555914047
23124.0,0.13889795310469563,0.5368887668208167,0.3242132800744877
23367.0,0.06136404721625899,0.5810505176270468,0.3575854351566942
24088.0,0.0962737823968101,0.8572644810772484,0.04646173652594155
24331.0,0.7840418116976998,0.21331573246723778,0.00264245583506232
24582.0,0.0024129428132200837,0.13852594656082715,0.8590611106259528
23853.0,0.17590741490167314,0.8073465424923364,0.016746042605990524
23614.0,0.014345252097398075,0.4559618595280726,0.5296928883745292
23299.0,0.17235494213103741,0.7830282203775758,0.04461683749138673
23056.0,0.1446563349940506,0.7846120593320042,0.07073160567394528
23674.0,0.05776504194705076,0.8435187999404383,0.09871615811251092
23913.0,0.0029668070654390215,0.30123164938340785,0.695801543551153
24399.0,3.323754463388764E-4,0.04200764422224192,0.9576599803314191
24642.0,0.8139077965131267,0.1840354579075188,0.0020567455793545314
24156.0,2.4365603771214406E-4,0.0530353891272708,0.946720954835017
23261.0,0.005758245621219797,0.31871301064772994,0.6755287437310503
23502.0,0.8143407279149277,0.18362505459974482,0.002034217485327479
23016.0,0.03760293552370671,0.6627123989938946,0.29968466548239864
23972.0,0.014342071049511575,0.37741161866576667,0.6082463102847218
23735.0,0.8143407279149277,0.18362505459974482,0.002034217485327479
24209.0,0.0057757598537707695,0.27166771635252973,0.7225565237936996
24719.0,0.1138055101218608,0.7430814390279427,0.1431130508501966
24450.0,0.49562011806739426,0.49198779291126904,0.012392089021336806
24519.0,0.021968642914061094,0.5600578975101317,0.41797345957580717
24276.0,6.358809288517571E-5,0.011340871639050917,0.9885955402680638
23794.0,0.01955255711153578,0.4759881346423415,0.5044593082461227
24033.0,0.03510899814198852,0.6887061529645876,0.2761848488934238
22957.0,0.051177781151387235,0.7634208730630943,0.18540134578551842
23435.0,0.29222981274268073,0.5801532983992308,0.12761688885808856
23192.0,0.7051620671456135,0.28790720590807084,0.006930726946315592
24089.0,0.2191703312619284,0.7600865402568778,0.020743128481193817
24583.0,0.7899467099401,0.20551672121781506,0.004536568842084971
24330.0,0.5401391985947063,0.44821122658748797,0.011649574817805746
23852.0,0.597756632399724,0.3942483258955135,0.007995041704762642
23615.0,0.07576605611274684,0.8047815728222162,0.11945237106503707
23125.0,0.8139077965131267,0.1840354579075188,0.0020567455793545314
23366.0,1.1843942586830535E-4,0.01463079978974404,0.9852507607843877
23675.0,0.005870901932015986,0.31860110917828294,0.675527988889701
23912.0,0.5557877968646915,0.4316269839969687,0.012585219138339737
24643.0,0.07926338008409681,0.8371370892727024,0.08359953064320097
24398.0,0.491327434427887,0.5018504865086408,0.00682207906347214
24157.0,0.5389662214951475,0.45666691577904406,0.004366862725808555
23298.0,0.815998484203395,0.1809581313648692,0.003043384431735754
23057.0,0.012901934764450604,0.44172494979149635,0.545373115444053
23973.0,0.7208450572151387,0.27510174901192563,0.004053193772935754
23734.0,0.5686649802792494,0.41704184071096184,0.014293179009788793
24208.0,0.8164833855296607,0.1817810211444609,0.001735593325878473
24451.0,0.028342278438443308,0.6976222099828029,0.27403551157875383
24718.0,0.0021995403986308833,0.10824249005989339,0.8895579695414757
23260.0,0.13879657613615998,0.7605841762829983,0.10061924758084163
23503.0,0.017390107841143317,0.11539935620384006,0.8672105359550166
23017.0,0.16694995699121487,0.7428441376799454,0.09020590532883972
23361.0,0.05106554438668548,0.5263716278412945,0.42256282777202014
23122.0,0.004841780784070243,0.050589755004327414,0.9445684642116022
23608.0,0.0453845077817089,0.4103391318122178,0.5442763604060733
23851.0,2.5920869924485617E-4,0.04877008381443095,0.9509707074863243
24576.0,0.0993239343406933,0.7050811248566513,0.19559494080265521
24333.0,0.007280928909410306,0.16452857251162953,0.8281904985789601
24094.0,0.007009807526185871,0.05962204771403301,0.9333681447597812
23199.0,0.6563258322855959,0.32405278188828984,0.019621385826114134
23436.0,0.12179250683060217,0.6199858690339318,0.2582216241354661
22954.0,0.42513242135095886,0.4774426415281024,0.09742493712093875
24038.0,0.20814194738407193,0.7845329539283397,0.00732509868758838
23797.0,0.5944124911825294,0.39948451865801266,0.006102990159457959
24275.0,5.9573546860221244E-5,0.01731880815676395,0.982621618296376
24512.0,0.00812098519961328,0.8515685257303064,0.1403104890700804
23022.0,0.3652617264488471,0.6119041916301429,0.022834081921010104
23496.0,0.002321265419350435,0.22460596376112169,0.773072770819528
23259.0,0.005025172592990871,0.19313667854000202,0.8018381488670071
24452.0,0.8134366812604057,0.18323291234430822,0.00333040639528601
24713.0,0.15170789449582103,0.6955556783953052,0.15273642710887358
24215.0,0.014182749924226568,0.7565975466819035,0.22921970339386985
23729.0,0.27916053063863827,0.4066722523089987,0.314167217052363
23970.0,0.7840418116976998,0.21331573246723778,0.00264245583506232
23062.0,0.08679372955743715,0.679097095291877,0.2341091751506859
23301.0,0.815998484203395,0.1809581313648692,0.003043384431735754
24154.0,0.052570605110663755,0.39864054730057513,0.5487888475887612
24644.0,0.03778198486806326,0.3815696722153304,0.5806483429166064
24393.0,0.2577990570918336,0.6691008629809095,0.07310007992725685
23919.0,4.296525556680664E-4,0.017332154082740386,0.9822381933615915
23676.0,0.22059806211221664,0.7118064905214765,0.06759544736630697
23609.0,0.06250395056224656,0.36348022953134024,0.5740158199064131
23850.0,0.3504467413168054,0.6071906933605794,0.04236256532261505
24577.0,0.13775579481294908,0.24190039444271919,0.6203438107443316
24332.0,2.553761245404858E-4,0.060846195014657344,0.9388984288608021
24095.0,6.822496182379102E-4,0.07967827556570481,0.9196394748160573
23360.0,0.012521268276786996,0.08302211591341438,0.9044566158097987
23123.0,0.00203546373232129,0.06626617784682988,0.9316983584208488
24039.0,0.5355807652436059,0.4473781179454099,0.017041116810984278
23796.0,4.913573943171009E-4,0.0190346979321103,0.9804739446735726
24274.0,5.445919823664269E-4,0.022149613554403536,0.97730579446323
24513.0,0.003138304884735696,0.04401037894382313,0.9528513161714413
23198.0,0.7442359520281397,0.2510188034093938,0.004745244562466396
23437.0,0.10189926725358305,0.8077898994554679,0.09031083329094897
22955.0,0.08530346381576978,0.5037131762560166,0.4109833599282136
24712.0,0.3749206320269812,0.6043459738873365,0.020733394085682425
24453.0,0.8197969313116658,0.17825605547291704,0.0019470132154172978
24214.0,0.8028665298180832,0.1947572704308867,0.0023761997510301615
23728.0,0.023399905966301912,0.1761952354323492,0.8004048586013488
23971.0,0.3758193150058796,0.5934860860487989,0.03069459894532143
23023.0,0.1467343096413286,0.4400641852973722,0.41320150506129927
23497.0,0.09229228829980851,0.8588932526924901,0.048814459007701455
23258.0,5.136407488281307E-4,0.040558393333765944,0.9589279659174059
24155.0,0.018452162425269186,0.9229076446560096,0.05864019291872114
24645.0,0.473127185765869,0.5152186377318069,0.011654176502324058
24392.0,0.4447187103309111,0.5487847964813196,0.006496493187769318
23918.0,0.3603515351815988,0.625315638245676,0.014332826572725284
23677.0,0.0013466042085886402,0.052912166685072134,0.9457412291063392
23063.0,0.7853553769153041,0.2104801316036581,0.0041644914810379215
23300.0,0.7967506399639886,0.20049289968275263,0.002756460353258606
23120.0,7.534051561219623E-4,0.07892949611918122,0.9203170987246968
23363.0,0.4908795191807378,0.495489739942092,0.013630740877170307
23849.0,0.16088132818416478,0.7803196822933081,0.05879898952252706
23610.0,0.03283831888972164,0.6666336642650401,0.30052801684523833
24092.0,0.07511474799021202,0.31508492092586443,0.6098003310839235
24578.0,5.33433945428256E-4,0.03194595376812846,0.9675206122864433
24335.0,0.020298259825185034,0.5736015865173664,0.4061001536574486
23438.0,0.013370003966153633,0.17051875431272787,0.8161112417211184
23197.0,4.7155601680168725E-4,0.04507887247439681,0.9544495715088016
22952.0,0.2883002369655905,0.6922101018090877,0.0194896612253219
23799.0,0.08329127994930896,0.7557363826618629,0.16097233738882807
24036.0,0.004087321800855474,0.5193732661154076,0.476539412083737
24514.0,0.0019424613990980842,0.022262770312141408,0.9757947682887604
24273.0,0.08978455413658769,0.8136821518620513,0.09653329400136107
23020.0,4.0515581299317444E-4,0.019164684223875808,0.9804301599631311
23257.0,0.40579106946740534,0.5858243975676742,0.008384532964920373
23498.0,0.10472127139683003,0.7402624653479726,0.15501626325519755
24213.0,0.30990896861669237,0.6678303225275035,0.022260708855803994
24454.0,0.5143245920095343,0.47726995788605486,0.008405450104410801
24715.0,0.037552871960855966,0.13410806243627924,0.8283390656028649
23968.0,0.7234608854774865,0.2709578927876271,0.0055812217348864095
23731.0,1.241530364980899E-4,0.01670012773767712,0.9831757192258248
23303.0,3.029878916856685E-4,0.028439815924864248,0.9712571961834502
23060.0,2.1052420928428738E-4,0.027793953992591887,0.9719955217981238
24395.0,0.20163073708767865,0.7695490983112659,0.028820164601055426
24646.0,0.7515207250566389,0.24341351821653234,0.005065756726828805
24152.0,0.001730450984647228,0.06495661933800756,0.9333129296773452
23678.0,0.2904119260714591,0.5815944758992714,0.12799359802926932
23917.0,0.8248766762863913,0.17298295117941132,0.002140372534197362
23848.0,0.0974576068170835,0.40841674119651805,0.4941256519863986
23611.0,0.4221408729695789,0.47154592774505455,0.10631319928536653
24093.0,0.05672881364173863,0.29068284125601146,0.65258834510225
24334.0,0.007296174172267054,0.4786797217292771,0.5140241040984559
24579.0,0.0018023568245328252,0.32882010612387946,0.6693775370515875
23121.0,0.024517539297968297,0.4540558839879238,0.5214265767141079
23362.0,0.3328736490461684,0.6052759083761258,0.061850442577705965
23798.0,0.008058277452192212,0.6554417702160815,0.3364999523317263
24037.0,0.0597489185450125,0.840988793830834,0.09926228762415333
24515.0,0.32001173073608297,0.41356483184885984,0.26642343741505714
24272.0,0.3333563504831368,0.5657843683964004,0.10085928112046288
23439.0,0.3694845087102144,0.6098837744600342,0.02063171682975133
23196.0,9.725229189098348E-5,0.009698565945078957,0.9902041817630302
22953.0,0.8028665298180832,0.1947572704308867,0.0023761997510301615
24212.0,0.815998484203395,0.1809581313648692,0.003043384431735754
24714.0,0.0270289325723903,0.482622714521271,0.4903483529063388
24455.0,0.013530035775584768,0.28304957213756726,0.7034203920868479
23969.0,0.02380469745350603,0.24788808386878752,0.7283072186777063
23730.0,0.7727554905417823,0.2161189547431516,0.011125554715066021
23021.0,0.5254362642603884,0.46457167583447867,0.009992059905133086
23256.0,2.8340041962144637E-4,0.04869563685851935,0.9510209627218591
23499.0,0.020914501515444224,0.38517222455291306,0.5939132739316427
24647.0,7.86904096664361E-4,0.09869858314323822,0.9005145127600975
24394.0,0.6305361215744334,0.36364037139239863,0.005823507033168098
24153.0,0.1488202953776738,0.8406692118038166,0.010510492818509557
23679.0,0.0024981458053323115,0.06360931903075699,0.9338925351639108
23916.0,5.42545884135706E-4,0.0379635762573463,0.961493877858518
23302.0,0.5077288485374479,0.4591578378856955,0.03311331357685654
23061.0,0.18755568444662396,0.5312779829232559,0.28116633263012014
23907.0,0.48571795850299604,0.5077538940792826,0.006528147417721413
23664.0,0.10130258697073331,0.47099424265108586,0.42770317037818084
24150.0,0.005093208799179818,0.033507541256540506,0.9613992499442797
24648.0,0.4633461507116511,0.5268069872721682,0.009846862016180522
24389.0,0.005795493894172534,0.27926490686340566,0.7149395992424218
23066.0,0.5700444735108563,0.40358893183121197,0.02636659465793175
23305.0,9.701789031083373E-4,0.029023400347370436,0.9700064207495213
23741.0,0.12160313811715208,0.7376357664297636,0.14076109545308416
23982.0,0.0032275882616177483,0.18218787409224577,0.8145845376461365
24456.0,0.32573075776969157,0.648352774898711,0.02591646733159731
24709.0,0.14423198339554233,0.7748830677059442,0.08088494889851341
24219.0,0.04299943269782263,0.9230801242646224,0.033920443037554975
23492.0,0.043975138522462584,0.8679621810264172,0.08806268045112015
23255.0,0.0036232399363834967,0.09832993733334751,0.8980468227302689
23010.0,0.31437304620993034,0.6494800064935724,0.036146947296497284
24287.0,0.0047963856064960715,0.1502278372780904,0.8449757771154134
24524.0,0.7840418116976998,0.21331573246723778,0.00264245583506232
24042.0,0.1120272963192914,0.8772038731517369,0.010768830528971722
23801.0,0.26127947312286903,0.5864739322042783,0.15224659467285256
23187.0,0.03255717346710782,0.43064607806291993,0.5367967484699722
23424.0,0.8533280862829168,0.14317190607686736,0.003500007640215943
24321.0,0.004887229562331913,0.12966456545802496,0.8654482049796431
24588.0,0.12011836176409163,0.6604199881562879,0.21946165007962057
24082.0,0.14135717167191267,0.7722716834890727,0.08637114483901458
23604.0,0.2966843389306029,0.6800227065592078,0.023292954510189128
23847.0,0.815998484203395,0.1809581313648692,0.003043384431735754
23373.0,0.26869708435340284,0.5603595763305848,0.1709433393160125
23134.0,0.11165446926786991,0.7337370012227872,0.15460852950934284
23067.0,0.40370928414270174,0.4179484296054703,0.17834228625182785
23304.0,0.5147192872193064,0.4630286679472691,0.022252044833424484
23906.0,0.7175971303577245,0.2755370891144622,0.006865780527813219
23665.0,0.4366272583274256,0.5221487109913376,0.041224030681236694
24151.0,0.26146439987958925,0.7311811901690437,0.007354409951367113
24388.0,0.5932547747962615,0.3978604288831884,0.008884796320549952
24649.0,0.0031558226960043774,0.17640406488018584,0.8204401124238098
23493.0,0.5389655845313961,0.4487092495782966,0.01232516589030724
23254.0,0.05472500264288479,0.5267372295881554,0.41853776776895996
23011.0,0.8197969313116658,0.17825605547291704,0.0019470132154172978
23740.0,0.29206898436002626,0.6865033935721672,0.021427622067806514
23983.0,0.10956720481280384,0.8169054915293682,0.07352730365782793
24708.0,0.0033257101445873455,0.05650495650074522,0.9401693333546676
24457.0,0.10164007171414093,0.8878198476789403,0.010540080606918753
24218.0,0.0038512450080658202,0.10640497236627439,0.8897437826256599
23186.0,0.5745135965425023,0.4162503271823618,0.009236076275135854
23425.0,0.05132558701352483,0.8848956796405956,0.0637787333458795
24286.0,0.04241553630452615,0.8435577711568739,0.11402669253859987
24525.0,0.02916150814938933,0.24841493152440655,0.7224235603262041
24043.0,0.2258849706351487,0.6464035968052633,0.12771143255958814
23800.0,0.7820648483323146,0.21326043777113038,0.00467471389655507
23372.0,0.1418251987278476,0.6831813616650162,0.17499343960713631
23135.0,0.01741511561394915,0.6980625754864149,0.28452230889963587
24320.0,0.056997479370185795,0.7856759223794307,0.1573265982503834
24589.0,0.0021153663109877057,0.07265201175375212,0.9252326219352602
24083.0,0.009422014272910251,0.13953674875407182,0.8510412369730179
23605.0,0.00866335960390975,0.8468154397906159,0.14452120060547444
23846.0,0.0212718793975289,0.034369515272909296,0.944358605329562
23666.0,0.8143407279149277,0.18362505459974482,0.002034217485327479
23905.0,3.5126174470470605E-5,0.007995575976168198,0.9919692978493613
24650.0,8.479613812282181E-4,0.04829171955406444,0.9508603190647072
24391.0,0.0961849724349713,0.8876368969778462,0.016178130587182475
24148.0,0.08854868271601027,0.7950474162880021,0.11640390099598764
23307.0,0.4556070395216827,0.535322644834458,0.009070315643859381
23064.0,0.013013558650496611,0.6102482149421139,0.37673822640738946
23980.0,0.8143407279149277,0.18362505459974482,0.002034217485327479
23743.0,0.4503735619495912,0.5166187697313562,0.03300766831905267
24217.0,4.1487673132574503E-4,0.03731415088810708,0.9622709723805672
24711.0,0.8139077965131267,0.1840354579075188,0.0020567455793545314
24458.0,0.03230287702797595,0.2740607584370926,0.6936363645349314
23253.0,0.0018810120400682786,0.13543255188022268,0.8626864360797091
23494.0,0.5421728075408888,0.43070122307163744,0.027125969387473813
23008.0,0.024994544742350636,0.3658747338411866,0.6091307214164629
24526.0,0.001528331547896392,0.06157630844147066,0.9368953600106329
24285.0,8.51230539072333E-5,0.011358955964305592,0.9885559209817872
23803.0,0.015949175455357168,0.5668800215386326,0.4171708030060102
24040.0,0.0015782166041738849,0.020492421331096418,0.9779293620647297
23426.0,0.5815671856499971,0.4130524511796603,0.005380363170342649
23185.0,5.881473340131607E-5,0.012876960643856303,0.9870642246227425
24080.0,0.43058802601370844,0.5602487884070317,0.009163185579259795
24323.0,0.7333078163151461,0.26320218851419575,0.0034899951706583035
24590.0,0.5233833253632383,0.4683954205422712,0.008221254094490671
23845.0,0.7323493829338368,0.2578358192325293,0.009814797833633954
23606.0,0.7840418116976998,0.21331573246723778,0.00264245583506232
23132.0,0.22234799511731723,0.6808813983752703,0.09677060650741239
23375.0,0.0063611081324190626,0.060366320826204765,0.9332725710413763
23306.0,0.7013879376137482,0.2833146022555314,0.015297460130720374
23065.0,0.0011802655398759547,0.04204582247736874,0.9567739119827553
23667.0,0.5240875589234982,0.4674352202579558,0.00847722081854591
23904.0,0.024705380531985205,0.18646672990088745,0.7888278895671275
24390.0,0.15831244740586367,0.733746723178741,0.10794082941539539
24651.0,0.033539610855945035,0.646540202464427,0.319920186679628
24149.0,0.3043289478817165,0.6827690347475107,0.012902017370772949
23252.0,0.07251863822049066,0.6354648582930195,0.2920165034864898
23495.0,0.58364225145219,0.39649721544809874,0.019860533099711333
23009.0,0.7967506399639886,0.20049289968275263,0.002756460353258606
23981.0,8.42191184943837E-4,0.18382011889368405,0.8153376899213721
23742.0,0.669239550189109,0.32224665480703596,0.00851379500385507
24216.0,0.0185475556638417,0.514308591785296,0.4671438525508622
24459.0,0.5341796340900765,0.45915462791048595,0.006665737999437609
24710.0,1.6366147970591722E-4,0.01240372329544161,0.9874326152248524
23427.0,0.001076128013173134,0.05348328966682341,0.9454405823200034
23184.0,0.1064741546640386,0.6159886914751586,0.27753715386080285
24527.0,0.8143407279149277,0.18362505459974482,0.002034217485327479
24284.0,0.003010507922060635,0.2979898734090882,0.6989996186688512
23802.0,0.03864153281569767,0.1380609616896588,0.8232975054946434
24041.0,0.3864607051951228,0.5958761174528638,0.0176631773520133
23133.0,0.27281719000230964,0.7094253153558207,0.017757494641869702
23374.0,0.2076951768933767,0.7553326086826866,0.03697221442393684
24081.0,0.2243071077038789,0.768786462967392,0.006906429328729131
24591.0,0.6293175420447567,0.35556682958740987,0.01511562836783339
24322.0,0.5527138511189498,0.43937061553187823,0.007915533349171973
23844.0,0.06441892818203136,0.9249117059730441,0.01066936584492445
23607.0,0.18787508238111097,0.5439704361563892,0.2681544814624997
24705.0,7.834541280712278E-5,0.02221189086634464,0.9777097637208482
24460.0,0.369591543610569,0.6186741796992453,0.01173427669018568
24223.0,0.0032613106916434408,0.3095782326034593,0.6871604567048973
23737.0,0.6912051654654039,0.3041134033468176,0.004681431187778587
23978.0,0.3386098992581552,0.6500657358373748,0.011324364904470014
23014.0,0.5527138511189498,0.43937061553187823,0.007915533349171973
23488.0,3.099199999864096E-5,0.02883393322713647,0.971135074772865
23251.0,0.021725136659603746,0.28567743234246806,0.6925974309979281
24146.0,0.16340572354444663,0.1885699724629401,0.6480243039926133
24652.0,0.05577503742241957,0.7391400664243768,0.20508489615320374
24385.0,0.5115553043309199,0.481488663665118,0.006956032003962315
23911.0,0.016981648120486092,0.7391302048487676,0.24388814703074624
23668.0,0.8093756515646061,0.18629399045403558,0.004330357981358188
23070.0,0.15561334931946505,0.7114923881553189,0.13289426252521613
23309.0,0.1300688010901987,0.5614714159451437,0.3084597829646575
23600.0,3.39118501168371E-4,0.008797120111315511,0.9908637613875162
23843.0,0.8143407279149277,0.18362505459974482,0.002034217485327479
24325.0,0.3277222932619152,0.6648898677150171,0.007387839023067759
24584.0,0.8103954292807497,0.18664649544893755,0.002958075270312661
24086.0,0.010832216324527038,0.42776072599262754,0.5614070576828454
23369.0,0.03313289220353745,0.3987834478694616,0.568083659927001
23130.0,0.8164833855296607,0.1817810211444609,0.001735593325878473
24046.0,0.016909535947870542,0.5390132262041855,0.44407723784794384
23805.0,0.43957900139347283,0.5518404070023447,0.008580591604182434
24283.0,0.5206265508616187,0.44691688416126474,0.03245656497711666
24520.0,0.523117526419722,0.44425016424649805,0.032632309333780064
23191.0,0.2655121294284288,0.6539212193607893,0.0805666512107819
23428.0,0.7228979588930519,0.2729538539646379,0.004148187142310227
23015.0,0.10797701750065183,0.7263833674631259,0.16563961503622213
23489.0,0.7833406983236642,0.21243372120081416,0.004225580475521709
23250.0,0.011169831711145004,0.16998815747122442,0.8188420108176305
24704.0,3.7405544142864807E-4,0.0743806300002386,0.9252453145583327
24461.0,0.011272985523111503,0.12180515093667596,0.8669218635402125
24222.0,0.05257166831947167,0.2613356486767411,0.6860926830037871
23736.0,6.444436687401276E-4,0.0429422800593781,0.9564132762718817
23979.0,0.19670635234635633,0.6935286417517635,0.10976500590188025
23071.0,0.8034452942031063,0.19384144818099477,0.002713257615898915
23308.0,0.06141237011545132,0.9095410955743611,0.029046534310187534
24147.0,3.298262683720248E-4,0.025194302008410434,0.9744758717232175
24653.0,0.004893790701000776,0.04275913066118527,0.9523470786378141
24384.0,0.0855391634752163,0.8632590200196577,0.05120181650512595
23910.0,0.019511165589823864,0.38767311475333643,0.5928157196568398
23669.0,0.8142553973364657,0.18349517659355924,0.0022494260699751903
23368.0,0.029614956104470687,0.45084746053028846,0.5195375833652408
23131.0,0.0033938959120381963,0.12546318274520912,0.8711429213427527
23601.0,0.048863876805068825,0.42368441303511034,0.5274517101598208
23842.0,0.0068116822494076424,0.1871267427967364,0.806061574953856
24324.0,0.0012350020648044747,0.013341343737717549,0.985423654197478
24585.0,0.0018361849869093613,0.512548775971441,0.4856150390416496
24087.0,7.003046566340303E-4,0.025962029078756572,0.9733376662646095
23190.0,0.7395871281709007,0.2567689273921177,0.0036439444369814966
23429.0,0.7642264765473857,0.22690374733040658,0.00886977612220767
24047.0,0.31610258183023565,0.6600750790265851,0.02382233914317927
23804.0,0.010123090540128154,0.15495206989739865,0.8349248395624733
24282.0,7.344958282427713E-4,0.06132582250931058,0.9379396816624466
24521.0,0.4009847986852348,0.5513079916723118,0.047707209642453556
24221.0,0.0017118651013328422,0.031505936526537374,0.9667821983721298
24462.0,4.7955578977389315E-4,0.019378160997813854,0.9801422832124123
24707.0,0.3342685519492712,0.5926860641851477,0.07304538386558106
23976.0,0.00862870754392195,0.1500552631711671,0.8413160292849109
23739.0,0.094737259046654,0.5277597060624459,0.37750303489090004
23012.0,0.7556900084168928,0.23577398909273262,0.0085360024903746
23249.0,0.8143407279149277,0.18362505459974482,0.002034217485327479
23490.0,0.020907198017932362,0.7306335283172423,0.2484592736648255
24387.0,0.0832450107131428,0.6958882405661732,0.2208667487206839
24654.0,4.56593226164452E-5,0.009302001538797636,0.990652339138586
24144.0,0.3325319872670579,0.6254399549222182,0.042028057810723767
23670.0,0.8248766762863913,0.17298295117941132,0.002140372534197362
23909.0,0.6167997637468436,0.3736804817766476,0.00951975447650883
23311.0,0.04117049261171809,0.4392856262994505,0.5195438810888314
23068.0,0.06303894639272892,0.7612855221833147,0.17567553142395637
23841.0,0.27324619646428266,0.7108696426698523,0.015884160865865
23602.0,0.6584276967386343,0.33546429637299297,0.0061080068883727235
24084.0,0.1293945483008169,0.7397847413771507,0.13082071032203232
24327.0,2.87537657983129E-4,0.03288704893771375,0.9668254134043032
24586.0,0.3278617645602272,0.616207913623634,0.055930321816138696
23128.0,0.11049505389918222,0.8505553957763204,0.03894955032449739
23371.0,0.027983272265919762,0.4282742941020632,0.543742433632017
23807.0,0.08405807131337555,0.5927302866242631,0.32321164206236136
24044.0,0.03334728748399277,0.7993294259099056,0.1673232866061015
24522.0,0.09909496966048002,0.6939303169178199,0.20697471342170012
24281.0,0.009595202763632998,0.3781034548954904,0.6123013423408765
23430.0,0.029111668440400657,0.5353621886420444,0.435526142917555
23189.0,0.48080925222610743,0.5091188701006805,0.010071877673212193
23013.0,0.019736065327540964,0.7379487004349452,0.24231523423751386
23248.0,0.23436170616885063,0.7541036745084433,0.011534619322706136
23491.0,0.21929703563583042,0.5969108834057648,0.18379208095840477
24220.0,0.8143407279149277,0.18362505459974482,0.002034217485327479
24706.0,0.21792704214956257,0.716030989255885,0.06604196859455232
24463.0,0.8139077965131267,0.1840354579075188,0.0020567455793545314
23977.0,0.1491588637781893,0.6803900316987157,0.17045110452309511
23738.0,0.030295688991162938,0.3725169229592936,0.5971873880495435
23310.0,0.025854934064837277,0.6447751188581909,0.32936994707697176
23069.0,0.07148415555966454,0.6000380459371601,0.3284777985031754
24386.0,0.14966496359381157,0.6177192220642505,0.2326158143419379
24655.0,0.09357291165970562,0.8945073596709425,0.011919728669351752
24145.0,0.7840418116976998,0.21331573246723778,0.00264245583506232
23671.0,0.00673882053541451,0.3496733625913749,0.6435878168732105
23908.0,1.42532617224834E-4,0.010772176734019907,0.9890852906487553
23129.0,0.05281335960347498,0.8308593355005206,0.11632730489600451
23370.0,0.50759743532805,0.4871429663918483,0.00525959828010172
23840.0,0.024087290166702732,0.6578398717496394,0.31807283808365777
23603.0,0.3738009016403568,0.5695718353314017,0.05662726302824157
24085.0,8.547717168048262E-4,0.0974945632002948,0.9016506650829003
24587.0,0.1647508204707864,0.7583144695706737,0.07693470995853988
24326.0,0.2765883477028154,0.6872274979930696,0.036184154304115146
23431.0,0.08335459699966022,0.9028776628611032,0.013767740139236513
23188.0,0.004215514708900413,0.2724921402745697,0.72329234501653
23806.0,0.003990367931525892,0.1450966161762089,0.8509130158922652
24045.0,0.06750499619215908,0.7210295651876499,0.21146543862019102
24523.0,0.5106494888561949,0.46398776832466476,0.025362742819140294
24280.0,0.1155808136023354,0.6647908532984654,0.21962833309919924
24262.0,0.0014957416792438774,0.04589113432646472,0.9526131239942915
24533.0,0.0014351212778603978,0.04971902675688389,0.9488458519652557
24051.0,5.584412415993712E-4,0.01690100587652574,0.9825405528818748
23776.0,0.004600270867902842,0.05023005932043905,0.9451696698116582
22975.0,0.13856400512536426,0.8091159816331825,0.05232001324145326
23178.0,0.09152396682188753,0.7540327387089586,0.1544432944691539
23449.0,0.10436197862013052,0.5969839381540605,0.2986540832258089
24344.0,0.1561616945019703,0.7236751030448426,0.12016320245318704
24597.0,0.20731521220966836,0.7359541224350641,0.05673066535526745
24075.0,0.004327240451520335,0.04351775393720413,0.9521550056112756
23597.0,0.014506743875935472,0.2895298137303458,0.6959634423937188
23870.0,0.02162050404633017,0.7407688452086576,0.23761065074501242
23380.0,0.028517407250688367,0.3599972460946731,0.6114853466546385
23111.0,0.04945907270032493,0.8441100066671886,0.10643092063248655
23930.0,0.8139077965131267,0.1840354579075188,0.0020567455793545314
23657.0,0.0015454751970770946,0.023285375672522007,0.9751691491304009
24143.0,0.7077083874487102,0.2859800646638829,0.0063115478874068084
24657.0,0.6043016198763227,0.3890672530784643,0.006631127045213022
24412.0,0.05949312631432322,0.4172622001162854,0.5232446735693913
23043.0,0.5000293623699121,0.41232010693323834,0.0876505306968495
23312.0,0.5993002116920253,0.39378657745618,0.006913210851794783
23716.0,0.5258447581134625,0.4671624666048519,0.006992775281685418
23991.0,0.6805402464241609,0.2997406206743829,0.01971913290145621
24465.0,0.5863036149904612,0.4070667774057849,0.006629607603753875
24732.0,0.5143245920095343,0.47726995788605486,0.008405450104410801
24194.0,0.5339434888008682,0.46006890201929485,0.005987609179836914
23517.0,0.43957900139347283,0.5518404070023447,0.008580591604182434
23246.0,0.8044742461239154,0.19368231017254645,0.0018434437035381342
23035.0,0.1586302421547043,0.7398522945246429,0.10151746332065292
22974.0,0.007325323860798545,0.10185740829126416,0.8908172678479374
23179.0,0.05909682225582576,0.7657714025092829,0.17513177523489123
23448.0,0.16180543391419877,0.8251366897380242,0.013057876347777015
24263.0,0.8142553973364657,0.18349517659355924,0.0022494260699751903
24532.0,0.06972500491043848,0.7857011732042822,0.14457382188527934
24050.0,0.4396563006059804,0.5479734209804308,0.01237027841358887
23777.0,0.019650403548662782,0.42640990972073095,0.5539396867306061
23381.0,0.8164833855296607,0.1817810211444609,0.001735593325878473
23110.0,0.1876834191508014,0.7962965840304969,0.016019996818701768
24345.0,2.371287077191017E-4,0.017025566073581043,0.9827373052186997
24596.0,0.004661120118293996,0.20819859397934445,0.7871402859023615
24074.0,0.5986775280161966,0.3908238591014178,0.010498612882385553
23596.0,2.294085325171751E-5,0.006640536114685376,0.9933365230320629
23871.0,0.06858331440649978,0.7015609020570022,0.22985578353649816
23042.0,2.5089548970190574E-5,0.00756835093297055,0.9924065595180593
23313.0,0.034610897371871084,0.5630565895770506,0.4023325130510782
23931.0,0.09288827260702479,0.7828607384505492,0.12425098894242594
23656.0,0.056895154693583534,0.3882228988982303,0.5548819464081863
24142.0,0.05205181168565455,0.6177671852584499,0.33018100305589565
24413.0,8.225638724362836E-4,0.056498299278191604,0.9426791368493721
24656.0,0.14439340371274478,0.8313584023238405,0.02424819396341457
23516.0,0.017349144906534972,0.8701748965512288,0.11247595854223623
23247.0,0.8248766762863913,0.17298295117941132,0.002140372534197362
23034.0,0.10458394518185003,0.7511664880588814,0.1442495667592685
23717.0,0.00689538312789386,0.0622529344044779,0.9308516824676283
23990.0,0.5704540365082643,0.41378767139377026,0.015758292097965497
24464.0,0.001119609984365565,0.04959099898725211,0.9492893910283824
24733.0,0.8164833855296607,0.1817810211444609,0.001735593325878473
24195.0,0.3950590257602962,0.5786550856914281,0.02628588854827577
24535.0,0.27715154298047456,0.7092920222786191,0.013556434740906214
24260.0,0.5656678840695194,0.42877513473906725,0.0055569811914132515
23778.0,0.2918082009417571,0.6406192673779648,0.06757253168027826
24049.0,5.523010913299266E-5,0.008512073408817052,0.99143269648205
22973.0,0.5932547747962615,0.3978604288831884,0.008884796320549952
23451.0,0.25861643490943825,0.6837291638181706,0.057654401272391013
23176.0,0.49284740893492557,0.4991876519639696,0.007964939101104835
24073.0,0.10842141361782662,0.8810982517564796,0.010480334625693715
24599.0,0.8197969313116658,0.17825605547291704,0.0019470132154172978
24346.0,0.3271055689752335,0.6590698014208478,0.01382462960391871
23868.0,0.3496540738743054,0.640499185828643,0.009846740297051676
23599.0,0.8139077965131267,0.1840354579075188,0.0020567455793545314
23109.0,0.2726563571981168,0.7050883069487134,0.022255335853169793
23382.0,0.3134913917547069,0.44609597727294487,0.2404126309723481
23659.0,3.335761261620857E-4,0.03240957115217282,0.967256852721665
23928.0,0.24221221705833598,0.7408030233782502,0.01698475956341377
24414.0,3.7868580286264884E-4,0.04265847168146212,0.9569628425156752
24659.0,0.0020117027695671533,0.03506812084428138,0.9629201763861516
24141.0,0.7068600810396344,0.28260297131662926,0.010536947643736399
23314.0,0.19105442016155075,0.7427090542633171,0.06623652557513224
23041.0,0.7967506399639886,0.20049289968275263,0.002756460353258606
23989.0,0.011306217135719282,0.6140899018133156,0.37460388105096526
23718.0,0.00801995368805509,0.19682184356939936,0.7951582027425457
24192.0,0.7132785976657351,0.2789762790507856,0.007745123283479192
24467.0,0.008423117947326725,0.19128245827897955,0.8002944237736938
24734.0,0.007552478976055263,0.229744574723952,0.7627029462999928
23244.0,0.17050145321018423,0.7900996030714347,0.03939894371838118
23519.0,0.1457877903133183,0.7970101895983391,0.057202020088342624
23033.0,0.05759591331396992,0.801654262864379,0.140749823821651
22972.0,3.754943303711957E-4,0.0194402609808991,0.9801842446887298
23450.0,0.4091505444082427,0.5820668842690278,0.008782571322729542
23177.0,0.07395062674158397,0.5930314269098832,0.33301794634853277
24534.0,0.0021086432781302093,0.10173669871006615,0.8961546580118036
24261.0,0.8197969313116658,0.17825605547291704,0.0019470132154172978
23779.0,0.34955906452184826,0.6194982830727026,0.030942652405449134
24048.0,0.02027914607418981,0.2268133990252591,0.7529074549005511
23108.0,0.08615913731578485,0.31507092003119,0.5987699426530252
23383.0,0.01004238771806531,0.2833940063756487,0.706563605906286
24072.0,0.004951507108094692,0.17122468364990182,0.8238238092420035
24347.0,0.011873320700909663,0.31634457718364606,0.6717821021154442
24598.0,0.004590159324619137,0.31918546586026014,0.6762243748151208
23869.0,0.0033833454292598293,0.17678632506828715,0.8198303295024529
23598.0,0.014207489480143916,0.0915031073457436,0.8942894031741125
23315.0,0.1341980509356373,0.8397011084622047,0.026100840602157855
23040.0,0.0030762494165414954,0.04603294123933872,0.9508908093441197
23658.0,0.4570456702320148,0.5292873799469865,0.013666949820998787
23929.0,0.010016983357671969,0.14307423065981345,0.8469087859825146
24415.0,0.0027446988637103323,0.09950701530075698,0.8977482858355326
24658.0,0.5143245920095343,0.47726995788605486,0.008405450104410801
24140.0,0.0010034641931513856,0.04015639634676856,0.9588401394600801
23245.0,1.2469867276610082E-4,0.012954977306608079,0.9869203240206259
23518.0,1.3519972131717086E-4,0.017631397111491958,0.9822334031671909
23032.0,0.05892529488028247,0.7006240920850731,0.24045061303464424
23988.0,0.2838403490355043,0.363948616400101,0.3522110345643947
23719.0,0.0036532219238792117,0.29452858171442164,0.7018181963616992
24193.0,0.0011828832452460182,0.25848908098082135,0.7403280357739327
24466.0,3.0693536304753305E-4,0.03379012089616755,0.9659029437407849
24735.0,0.06940868599475881,0.6186735105808914,0.31191780342434977
23593.0,0.28913801813558143,0.5941540261997189,0.1167079556646996
23866.0,0.19781347220005824,0.7315452691136153,0.07064125868632648
24348.0,0.39567206033329494,0.3709441597114509,0.23338377995525417
24593.0,0.002684787596749077,0.07538635317328732,0.9219288592299636
24079.0,0.001243745030933293,0.02945590976921853,0.9693003451998481
23376.0,0.09884837937235982,0.674377296185591,0.2267743244420491
23107.0,0.3778748967103035,0.2968373362303795,0.32528776705931717
24055.0,0.30631891047625603,0.6460062542365766,0.047674835287167365
23780.0,0.023584995482738885,0.3716985840050525,0.6047164205122085
24258.0,0.005586717464852075,0.16682663133687672,0.8275866511982712
24529.0,0.05071179383627974,0.6559944106111837,0.2932937955525366
23182.0,0.09088220720881574,0.5401331923876692,0.3689846004035151
23453.0,4.5235660732696254E-5,0.008720931265052703,0.9912338330742146
