22958.0,2.0721059746295405E-5,0.9999792789048793,3.5374496620755584E-11
23195.0,6.895312419955847E-6,0.9999930970803513,7.607228844138386E-9
23432.0,1.2645490668351247E-18,5.605432016762898E-8,0.9999999439456797
24279.0,0.03530729194384395,0.9646915334951677,1.1745609884658623E-6
24516.0,2.3708335466018715E-10,0.9193274744895561,0.08067252527336054
24034.0,0.005259729087329907,0.9947367043445902,3.5665680798866066E-6
23793.0,1.4973873207924937E-11,0.2643961958687513,0.7356038041162749
23365.0,8.702276973953456E-31,1.7840836648554178E-14,0.9999999999999822
23126.0,0.9850791702147174,0.014920828149145656,1.6361370090134753E-9
24329.0,0.0018547329201456097,0.9976403252167302,5.049418631240794E-4
24580.0,0.927344102082695,0.07265589783027245,8.703257607095662E-11
24090.0,2.2445628059587254E-5,0.9998491179911793,1.2843638076115313E-4
23612.0,0.9999182841357277,8.171586427200597E-5,2.1248781026367148E-16
23855.0,0.9405365212571513,0.0594634787369621,5.886508397097233E-12
23058.0,0.9987038423118055,0.0012961576880033642,1.9119233011038735E-13
23297.0,1.0879574867650826E-25,7.24934026611083E-9,0.9999999927506598
23915.0,0.04130577647311308,0.958693148168447,1.0753584400681456E-6
23672.0,0.27000933370235614,0.7299843351427998,6.331154844037017E-6
24158.0,7.072341899451982E-5,0.9991503872022405,7.788893787648551E-4
24640.0,0.803328221594649,0.1966717783361637,6.918723455357319E-11
24397.0,7.226300007018994E-15,1.8049268988629727E-4,0.9998195073101065
23500.0,0.9999719565682833,2.8043431716685813E-5,3.8091230300389554E-18
23263.0,1.3244891909547679E-13,0.002582286945309762,0.9974177130545578
23018.0,1.0752671104537144E-58,1.422259548369682E-23,1.0
23733.0,0.9772313957345123,0.02276859588833676,8.377150770702262E-9
23974.0,0.999991956244232,8.043755767979282E-6,2.601203122189139E-18
24448.0,3.440151935152229E-31,1.0500162557677749E-13,0.999999999999895
24717.0,5.664692029989231E-4,0.9985962666714776,8.372641255234909E-4
24211.0,3.6898188642928777E-22,6.082750266048367E-6,0.999993917249734
24278.0,0.9128356262983172,0.08716437006375982,3.6379231553663685E-9
24517.0,0.1064735476401531,0.8935241463355669,2.306024280068096E-6
24035.0,0.9928250202393556,0.007174979759732204,9.123175570495768E-13
23792.0,0.7793831755849351,0.2206168244112446,3.820331556781882E-12
22959.0,6.061968107348841E-7,0.9158579031176409,0.08414149068554837
23194.0,1.5810312758028805E-5,0.9999841870661204,2.6211216165694305E-9
23433.0,0.8836098704077269,0.11639012949494847,9.732471574614923E-11
24581.0,0.9971129430118274,0.002887056988151704,2.0828104302529087E-14
24328.0,6.91586437345135E-8,0.9996492781302857,3.50652711070695E-4
24091.0,7.196291618064192E-9,0.14922255045760677,0.8507774423461015
23613.0,0.7901481572149364,0.2098518426222827,1.6278086846887977E-10
23854.0,0.9990644485410249,9.355514503603839E-4,8.614814446203286E-12
23364.0,3.451649797903755E-31,6.876826569710012E-14,0.9999999999999312
23127.0,0.9998816573242624,1.1834267573698386E-4,6.364092908386112E-16
23914.0,0.9978803587839373,0.002119641216062092,5.168176424284127E-16
23673.0,3.6243007512387656E-5,0.9996765305570581,2.872264354297625E-4
24159.0,0.9997109728155369,2.890271844487628E-4,1.4168008327105822E-14
24641.0,0.994232867578369,0.005767132421167172,4.638259301463586E-13
24396.0,0.3408162927575949,0.6591836661517527,4.1090652425516545E-8
23059.0,0.21210556720535434,0.7878944284543534,4.340292139758075E-9
23296.0,1.5289185264193264E-19,5.882994905544852E-7,0.9999994117005094
23732.0,5.797771753678429E-24,1.100456713628421E-9,0.9999999988995434
23975.0,0.877558556448077,0.1224414435438675,8.055630092730958E-12
24449.0,2.126251725290487E-19,1.5828513372864554E-6,0.9999984171486628
24716.0,9.27384504075445E-21,6.221845978710069E-9,0.9999999937781541
24210.0,7.783734528659596E-38,5.3807379605409117E-14,0.9999999999999463
23501.0,1.6071654069539245E-18,3.5071084146967704E-7,0.9999996492891585
23262.0,2.3375092014158444E-27,5.3273668374227715E-9,0.9999999946726332
23019.0,0.9999600865949779,3.991340502214185E-5,1.8972833608707587E-18
22956.0,0.9097752447485414,0.09022475525065009,8.084130690412973E-13
23434.0,2.727406328043872E-35,3.1729890182945546E-15,0.9999999999999969
23193.0,1.8251506980315247E-4,0.9998174436349272,4.1295269512739354E-8
24518.0,1.9191568903496916E-32,4.254588645476556E-11,0.999999999957454
24277.0,1.2443315910426375E-4,0.9959102587919122,0.003965308048983554
23795.0,5.933479859102476E-21,6.639208682823352E-10,0.9999999993360791
24032.0,1.528793561469339E-13,0.2622509395687266,0.7377490604311205
23124.0,0.06980599751061463,0.9301586459599228,3.5356529462395664E-5
23367.0,4.0135184084553426E-7,0.9966619775895778,0.0033376210585815093
24088.0,3.3855460691658567E-10,0.9999610390013052,3.896066014030284E-5
24331.0,0.9999977710959724,2.2289040274718307E-6,1.7056720808539096E-19
24582.0,8.014984433382388E-20,8.139392863156578E-7,0.9999991860607137
23853.0,1.7473862251116204E-5,0.9999825238817915,2.255957190048625E-9
23614.0,2.6208280967628296E-27,6.906996617721886E-8,0.9999999309300339
23299.0,1.9538336619231303E-4,0.9998041831683894,4.3346541835645013E-7
23056.0,0.08398432283259923,0.9160154540677619,2.2309963882470803E-7
23674.0,3.0526078189825774E-5,0.9966159705534383,0.003353503368371834
23913.0,8.502916060961707E-13,0.017862300853468804,0.9821376991456809
24399.0,2.7479990709282966E-35,7.552975554074909E-16,0.9999999999999993
24642.0,0.9999670659774452,3.2934022554839574E-5,2.5218302206340433E-17
24156.0,7.069173961478269E-53,8.12289264970853E-21,1.0
23261.0,8.700398534122783E-16,0.0011500375234079377,0.9988499624765912
23502.0,0.9999829786630335,1.702133696636605E-5,1.5557819592895994E-18
23016.0,0.005069838969327962,0.9948261753293014,1.0398570137081372E-4
23972.0,2.5137682003538095E-18,3.0871038443770233E-6,0.9999969128961556
23735.0,0.9999640312663652,3.5968733634772607E-5,1.5106661180705235E-17
24209.0,1.2072956279561865E-6,0.9913313961870062,0.008667396517365736
24719.0,2.311156156009117E-5,0.9999768872459869,1.1924530761669857E-9
24450.0,0.9984383211298162,0.001561678870156371,2.755907363438084E-14
24519.0,4.1890553891783273E-13,0.04915738097308017,0.9508426190265009
24276.0,2.773955172219847E-41,6.912567280019987E-17,1.0
23794.0,4.562067313560248E-28,3.128795031085271E-10,0.9999999996871205
24033.0,4.057021220884135E-5,0.9997969993518715,1.624304359195478E-4
22957.0,6.651180547681341E-5,0.999766497397676,1.6699079684724078E-4
23435.0,0.9252589152223027,0.07474106667113563,1.810656167697661E-8
23192.0,0.9998919624612059,1.080375387848518E-4,9.035295515644953E-15
24089.0,0.9203486048415773,0.07965139511764371,4.0779099920292215E-11
24583.0,0.9999412588602268,5.874113977283921E-5,1.386021908810904E-16
24330.0,0.9991795663194671,8.20433680529848E-4,3.058539155507369E-15
23852.0,0.9237207074381019,0.07627929255174751,1.0150629231752496E-11
23615.0,0.0023307557684571654,0.9976434409475458,2.580328399703256E-5
23125.0,0.9999150241386006,8.49758613994698E-5,6.3577252630784025E-18
23366.0,3.5746738664379386E-40,2.381032134811127E-18,1.0
23675.0,1.8665813511501207E-15,8.432055612267113E-5,0.9999156794438755
23912.0,0.9979119495718545,0.0020880504047975945,2.3347951124187038E-11
24643.0,4.733563165168383E-10,0.09953350726672468,0.900466492259919
24398.0,0.019303945500730047,0.9806960343115331,2.0187736859164623E-8
24157.0,0.46732791883799507,0.5326720808328368,3.2916816476764823E-10
23298.0,0.9999976489821566,2.351017843273895E-6,5.236520379681596E-19
23057.0,1.844835294359003E-8,0.9994435394710048,5.564420806422188E-4
23973.0,0.9999528504780469,4.714952195162309E-5,1.3163671099666951E-15
23734.0,0.3149369871538781,0.6850630113167269,1.52939510582855E-9
24208.0,0.9999922068663192,7.793133680818876E-6,2.7039185313183035E-18
24451.0,3.8424894197700174E-23,2.294283243610421E-7,0.9999997705716757
24718.0,1.7660240581937334E-17,4.471441476787524E-5,0.9999552855852322
23260.0,2.9764287278997715E-4,0.9996911658630366,1.119126417341994E-5
23503.0,4.75474310653714E-10,1.5616887611186964E-4,0.9998438306484138
23017.0,2.7672926556411657E-6,0.3902312638297356,0.6097659688776087
23361.0,1.5960021865649707E-4,0.9818407309572572,0.017999668824086296
23122.0,3.42121836784329E-5,0.7658918632060704,0.23407392461025123
23608.0,4.7295447532108353E-4,0.9981628679040417,0.0013641776206372864
23851.0,6.644909847986688E-48,3.6535229989949065E-19,1.0
24576.0,3.102307151008036E-4,0.9996249618950358,6.480738986345562E-5
24333.0,2.753738606580691E-20,1.664224203071787E-5,0.9999833577579692
24094.0,1.358218803039461E-16,8.457675591081294E-7,0.9999991542324408
23199.0,0.39918015845985877,0.6008142642211672,5.577318973943199E-6
23436.0,1.573095779748437E-8,0.6985094132683977,0.30149057100064447
22954.0,0.21721813144831675,0.7827802129466038,1.6556050793334826E-6
24038.0,0.029888968137965592,0.9701110182400103,1.3622024078459873E-8
23797.0,0.9998364295772859,1.6357042271404173E-4,3.2561478788534504E-17
24275.0,4.528066265334926E-55,1.731001239899294E-22,1.0
24512.0,1.7447171996992816E-6,0.9999973480032608,9.072795394989171E-7
23022.0,0.00145612500439196,0.9985438697357276,5.259880314700593E-9
23496.0,2.0752688692832222E-11,0.035402801448519844,0.9645971985307275
23259.0,1.1169300282427862E-25,1.0972725174320489E-8,0.9999999890272747
24452.0,0.9999881225327724,1.1877467227738026E-5,2.172449342147858E-17
24713.0,0.27647175056495465,0.7234421074893491,8.614194569626823E-5
24215.0,4.444949382167453E-5,0.9990959191994908,8.596313066876057E-4
23729.0,3.386936664742777E-5,0.9984799185064865,0.0014862121268659967
23970.0,0.9983073731820482,0.0016926268179499858,1.677466217652515E-15
23062.0,3.436301025948483E-8,0.9988674969470198,0.0011324686899700038
23301.0,0.9999868722446891,1.312775531088558E-5,1.9298928684954304E-17
24154.0,2.5505668192453336E-6,0.9942755852179492,0.005721864215231385
24644.0,2.1610707216364086E-11,0.9316731532731469,0.06832684670524225
24393.0,0.3053900719921155,0.6946074835084376,2.4444994470182267E-6
23919.0,4.529348436992707E-32,8.640042656044838E-14,0.9999999999999136
23676.0,0.8741734054382011,0.12582658033539204,1.4226406733930228E-8
23609.0,1.7751531389559718E-5,0.99962607968195,3.5616878666037207E-4
23850.0,0.9899999174961398,0.010000082495534105,8.32610845299125E-12
24577.0,0.0058057433915873835,0.9932699474037532,9.243092046595457E-4
24332.0,1.0269143569874138E-34,2.548663108174487E-11,0.9999999999745133
24095.0,2.2731676201652164E-40,2.798656450316519E-15,0.9999999999999971
23360.0,1.982130719644275E-18,1.3807825115305142E-8,0.9999999861921749
23123.0,1.4687489978642744E-17,2.168219566165163E-5,0.9999783178043383
24039.0,0.4945203437524056,0.5054796494960788,6.751515506668621E-9
23796.0,1.5283138452874933E-33,8.318178430702712E-15,0.9999999999999918
24274.0,8.878160384040342E-26,7.434317522103369E-11,0.9999999999256568
24513.0,1.1439220835588545E-18,1.314972474119544E-5,0.9999868502752588
23198.0,0.9728310412700544,0.027168958728793966,1.1517386843144547E-12
23437.0,1.561197039859285E-8,0.9999686639953257,3.132039270403026E-5
22955.0,9.911355676938939E-9,0.9818606777855333,0.018139312303110968
24712.0,0.9708171142699145,0.029182885528993514,2.0109212076067882E-10
24453.0,0.9999980146139782,1.985386021884665E-6,1.2493510230106272E-19
24214.0,0.9989688650383426,0.0010311349616461067,1.1411556249602666E-14
23728.0,2.0095102458452353E-11,0.0647714349923544,0.9352285649875506
23971.0,0.019388414404891658,0.980611578858164,6.736944483536602E-9
23023.0,4.0494130701604096E-10,0.29131766161049094,0.7086823379845677
23497.0,9.050725575330244E-5,0.9990449044559556,8.645882882909761E-4
23258.0,4.905565439158009E-34,4.159384524456324E-14,0.9999999999999585
24155.0,5.126025070545758E-6,0.9999938288783151,1.045096614441178E-6
24645.0,0.9982462291798515,0.0017537708200926472,5.578193191434246E-14
24392.0,0.9886093233620761,0.01139067663769055,2.3330114196037907E-13
23918.0,0.8476313645519834,0.15236863531364278,1.343736660024541E-10
23677.0,1.020697856603388E-40,9.310857452086189E-16,0.9999999999999991
23063.0,0.9999517116054407,4.82883945591386E-5,2.1140020372392174E-16
23300.0,0.9998755608583901,1.244391416097354E-4,3.430056287426572E-17
23120.0,3.0990097514903296E-17,0.02058663373832321,0.9794133662616769
23363.0,0.9105994081675667,0.08940059172247539,1.0995801279051604E-10
23849.0,3.661260612928268E-7,0.9823962927789212,0.017603341095017735
23610.0,3.920373494069017E-7,0.9999571718647312,4.243609791946642E-5
24092.0,0.010791853361948822,0.9862441721903011,0.002963974447749925
24578.0,3.9310795475391736E-44,3.38462851514219E-20,1.0
24335.0,1.6172152665259115E-15,0.0016668228912496833,0.9983331771087487
23438.0,7.912929489874086E-35,2.670517427400295E-13,0.9999999999997329
23197.0,2.2580249901854637E-25,7.862190207710136E-8,0.9999999213780979
22952.0,0.11331351643469485,0.8866850939437043,1.3896216008223921E-6
23799.0,1.2380760353750801E-10,0.9849788775861028,0.015021122290089681
24036.0,1.4156324428070545E-15,0.6424495057722912,0.3575504942277073
24514.0,6.1043669365221576E-15,5.8331537674990855E-5,0.9999416684623188
24273.0,0.13184934988777774,0.8681364809943556,1.4169117866486588E-5
23020.0,1.9793983181171415E-24,1.0942108401325786E-7,0.999999890578916
23257.0,0.9985906404086765,0.0014093595912723473,5.1034067438373524E-14
23498.0,0.17240623742999633,0.8275862889977527,7.473572250874501E-6
24213.0,0.5216654063311601,0.47833458270698276,1.0961857152348128E-8
24454.0,0.09895761721303119,0.9010423826370492,1.4991963197499426E-10
24715.0,1.2503078021995624E-7,0.7796541221718262,0.2203457527973936
23968.0,1.3323427254294135E-4,0.9998663943444793,3.713829775731838E-7
23731.0,7.228648051071722E-40,1.1253823160167527E-16,0.9999999999999998
23303.0,2.0728659615935548E-20,3.9129486802909705E-7,0.999999608705132
23060.0,7.690294325631738E-25,1.742560411539484E-8,0.9999999825743958
24395.0,0.8988115560042335,0.10118844399191648,3.850041333226995E-12
24646.0,0.9987167401382159,0.0012832598617790211,5.207923958110622E-15
24152.0,4.760936823443535E-21,5.853982631005835E-6,0.999994146017369
23678.0,0.8092807206732229,0.19071926795208108,1.1374695911800024E-8
23917.0,0.9107002318315389,0.08929976814745562,2.1005352623361296E-11
23848.0,1.3223265745844902E-5,0.9999786261559074,8.150578346917913E-6
23611.0,0.028791488882838077,0.9711733082099044,3.5202907257452785E-5
24093.0,2.0966305380624984E-4,0.9996287109546034,1.616259915904349E-4
24334.0,2.4129017265073727E-10,0.5919770534968465,0.4080229462618633
24579.0,3.9632551623462875E-13,0.17526144909994962,0.8247385508996541
23121.0,4.864115277935364E-14,0.0050438567408288655,0.9949561432591225
23362.0,0.9022098479896319,0.09779015135098973,6.593784203357417E-10
23798.0,3.9449955757278473E-10,0.7481260079353519,0.25187399167014846
24037.0,6.269553396253272E-4,0.9993563102968971,1.6734363477542436E-5
24515.0,0.7986154780697192,0.20138304199181473,1.4799384659899586E-6
24272.0,0.535910443459621,0.46408931196185366,2.445785253897949E-7
23439.0,0.9786070586177594,0.021392941159237136,2.2300342678393184E-10
23196.0,1.948338720844971E-43,6.60928816818931E-20,1.0
22953.0,0.9999625243738108,3.7475626189285316E-5,3.597431463694998E-17
24212.0,0.8848918582262065,0.11510814177207809,1.7154027578647627E-12
24714.0,1.5226080161969815E-15,0.0013370743193891334,0.9986629256806094
24455.0,8.253494289086816E-17,1.2432820655616442E-4,0.9998756717934437
23969.0,2.6313389621351467E-4,0.9332041956627753,0.06653267044101115
23730.0,0.9999071557110984,9.28442888882134E-5,1.3295319980426797E-14
23021.0,0.9265810149124153,0.0734189850848646,2.720210873581016E-12
23256.0,1.2082815679860143E-26,1.0128700607099492E-7,0.9999998987129939
23499.0,3.170232004488953E-8,0.17102625564995666,0.8289737126477232
24647.0,1.5826657028218165E-30,1.8094246577807067E-13,0.999999999999819
24394.0,0.9991081868540913,8.918131458697423E-4,3.890465273176848E-14
24153.0,0.010204817393858971,0.9897951825173107,8.88303765665501E-11
23679.0,7.351914862109757E-26,1.630359790564384E-11,0.9999999999836964
23916.0,3.276297421242177E-48,9.133731795607626E-23,1.0
23302.0,0.889104968847244,0.11089499908702966,3.206572638603329E-8
23061.0,2.1143987371705092E-4,0.9995602526300592,2.2830749622378788E-4
23907.0,0.8082379066094613,0.19176209323119434,1.5934459762565556E-10
23664.0,2.844665316237277E-4,0.9984036075249777,0.0013119259433985926
24150.0,1.496086322695978E-8,0.0010292298747722733,0.9989707551643646
24648.0,0.7959027575343972,0.20409724242486055,4.074220435670285E-11
24389.0,7.973597146095091E-9,0.6115078305813626,0.38849216144504023
23066.0,0.9661915740245407,0.03380842566484669,3.106127272881459E-10
23305.0,8.592916257617925E-25,2.410843668205864E-9,0.9999999975891563
23741.0,0.40437457293428636,0.5956252576224828,1.6944323089647344E-7
23982.0,4.924310609707286E-27,2.4820565074174353E-11,0.9999999999751794
24456.0,0.9880868351743807,0.011913164820277121,5.3421137951840785E-12
24709.0,0.0012980312949948246,0.9982254162512847,4.765524537204582E-4
24219.0,2.077887611837664E-6,0.999997914657854,7.454534008806742E-9
23492.0,0.031949293386451035,0.9680484165358696,2.290077679484799E-6
23255.0,1.1491568145299292E-11,0.017189413684802937,0.9828105863037054
23010.0,0.29727071596336474,0.7027292808500807,3.1865544916274157E-9
24287.0,1.982278467039591E-20,7.248435282453008E-5,0.9999275156471754
24524.0,0.565607899583459,0.4343921004163214,2.1952501095419818E-13
24042.0,8.480857097940718E-6,0.9999915172947274,1.848174530942997E-9
23801.0,3.2297381981399764E-5,0.9999602057381816,7.496879837082946E-6
23187.0,4.524980128545019E-8,0.8130889581994833,0.18691099655071536
23424.0,0.9999862286263078,1.3771373692084358E-5,5.660586429116948E-17
24321.0,6.849361548874886E-20,6.0703348776852026E-6,0.9999939296651223
24588.0,4.881799702957415E-4,0.9994767030840188,3.511694568534222E-5
24082.0,0.29671183905796483,0.7032881018001028,5.9141932400062356E-8
23604.0,0.23598738174992231,0.7640126179231382,3.2693950907129734E-10
23847.0,0.9999976489821566,2.351017843273895E-6,5.236520379681596E-19
23373.0,0.8162947475108704,0.1837049914203437,2.610687860834857E-7
23134.0,5.2373783769825776E-14,0.9941241811190671,0.0058758188808805106
23067.0,0.9861499067720977,0.013850093218940426,8.962054085855E-12
23304.0,0.6096499109882118,0.3903500749262079,1.4085580518663828E-8
23906.0,0.999335236874252,6.647631256594658E-4,8.845574984388583E-14
23665.0,0.20889997563802312,0.7910935702763963,6.4540855805739965E-6
24151.0,0.982302560221931,0.017697439778064983,3.8222070853614726E-15
24388.0,0.7994925506815862,0.20050744929579037,2.262330470382924E-11
24649.0,9.339083895820095E-14,0.0010032402172893498,0.9989967597826171
23493.0,0.9397145985162765,0.060285401285722184,1.9800133797926566E-10
23254.0,9.18237224435504E-9,0.09710036443601058,0.9028996263816172
23011.0,0.9999630595365522,3.694046344777874E-5,8.505083399310684E-18
23740.0,0.7455050365926841,0.2544949634067062,6.097417478478823E-13
23983.0,8.766410960787388E-5,0.999912325279376,1.0611016083561067E-8
24708.0,4.4397765871098946E-18,9.65038403252185E-7,0.9999990349615966
24457.0,8.860032983065802E-4,0.9991139733908413,2.3310852204531052E-8
24218.0,3.0379401239128174E-32,1.1933783170095294E-13,0.9999999999998808
23186.0,0.9950431098468242,0.004956890153118192,5.77058043559536E-14
23425.0,2.459487200115158E-5,0.9999753747023645,3.042563446800039E-8
24286.0,6.581005688329477E-7,0.9993970248242944,6.023170751366588E-4
24525.0,3.0520098279466876E-7,0.27253701659504465,0.7274626782039726
24043.0,0.5110238095432175,0.4889747217979754,1.4686588071320192E-6
23800.0,0.9999713446128327,2.8655387166980726E-5,2.371674838027812E-16
23372.0,0.009377957555500053,0.9906172417094123,4.800735087569603E-6
23135.0,3.198494514532539E-10,0.9920987812338055,0.00790121844634503
24320.0,0.005844700148864301,0.9941536132820166,1.6865691190371748E-6
24589.0,9.387821194327265E-35,7.192055690139592E-13,0.9999999999992808
24083.0,6.953148006980378E-22,1.6084223661063359E-9,0.9999999983915777
23605.0,2.2110389780048316E-10,0.7941230359052956,0.20587696387360047
23846.0,0.219028832497309,0.7808631789172489,1.0798858544216051E-4
23666.0,0.9999832921740915,1.6707825908417314E-5,6.106115837164193E-18
23905.0,1.108110175851311E-42,3.2759455633890013E-19,1.0
24650.0,1.0672698262097958E-31,3.6302357999745E-14,0.9999999999999638
24391.0,0.0019198641569434394,0.9980801356560546,1.8700188968643154E-10
24148.0,2.9885454342440895E-11,0.5886067332209067,0.4113932667492079
23307.0,0.9974969859545377,0.0025030140444858794,9.764312286492018E-13
23064.0,8.603623557667691E-10,0.268726405422212,0.7312735937174256
23980.0,0.9998163636083491,1.836363916506646E-4,2.0453905993227973E-16
23743.0,0.13158998448868142,0.8684070997268316,2.915784486898957E-6
24217.0,2.280119207973211E-42,1.5270355208421763E-19,1.0
24711.0,0.9999966460373894,3.353962610665128E-6,1.0278519079010521E-19
24458.0,5.222459381161328E-9,0.06807317454549917,0.9319268202320415
23253.0,5.20250565840104E-30,6.384739787783889E-10,0.9999999993615261
23494.0,0.9730294504882394,0.026970548706827305,8.049331803875611E-10
23008.0,2.6087927331475186E-19,6.26325433256543E-7,0.9999993736745666
24526.0,3.2455099609548073E-9,0.8717554122528346,0.1282445845016554
24285.0,8.76779149204319E-60,3.7289328525524872E-25,1.0
23803.0,1.096750629624514E-23,4.84263446680854E-9,0.9999999951573655
24040.0,7.122243434811681E-24,1.155212160021894E-11,0.9999999999884479
23426.0,0.9929385012748759,0.007061498725113191,1.0718108632401758E-14
23185.0,2.9197498693121413E-55,1.70136105026973E-23,1.0
24080.0,0.03450178986599395,0.9654982044312458,5.702760170578409E-9
24323.0,0.9618006002346942,0.038199399765097654,2.0820550509717676E-13
24590.0,0.9312898339323082,0.06871016606561138,2.0802818582646947E-12
23845.0,0.9998477198186895,1.5228018130773169E-4,2.88452543274529E-15
23606.0,0.9999977710959724,2.2289040274718307E-6,1.7056720808539096E-19
23132.0,0.0016235215468544868,0.9983300816487347,4.639680441091881E-5
23375.0,3.850154374797805E-18,5.991823116718266E-8,0.9999999400817687
23306.0,0.21387425077196381,0.7861254685733342,2.8065470187858844E-7
23065.0,3.347634042754007E-27,2.1772305718473976E-11,0.9999999999782276
23667.0,0.9996814146033276,3.1858539666930404E-4,3.103878765213855E-15
23904.0,1.1190458468658421E-4,0.9932217267300476,0.006666368685265852
24390.0,7.320321470978172E-5,0.999854672842047,7.212394324316679E-5
24651.0,6.9208507495243335E-18,1.5492965970894784E-4,0.9998450703402909
24149.0,0.1407805438467044,0.8592193936449521,6.250834354707615E-8
23252.0,4.713940834214916E-6,0.9998671915452875,1.280945138783499E-4
23495.0,0.1415127355170563,0.8584857941038023,1.4703791412602464E-6
23009.0,0.9999792241586605,2.0775841339419967E-5,7.298427099893044E-18
23981.0,1.1698548287724136E-20,3.433220946682647E-5,0.9999656677905333
23742.0,0.6787304630683176,0.3212695363847972,5.468852641614942E-10
24216.0,2.379632052934605E-10,0.9974985749979721,0.002501424764064637
24459.0,0.9903039737669431,0.009696026232839751,2.1728932959839986E-13
24710.0,1.5115350619658938E-38,8.668176001336324E-17,1.0
23427.0,1.0870604707746388E-35,1.850733207373737E-15,0.9999999999999982
23184.0,7.584331339324081E-6,0.9432313990542562,0.05676101661440457
24527.0,0.9987114000519348,0.0012885999466981928,1.367012139916442E-12
24284.0,3.851710224874218E-23,7.48397987579304E-5,0.999925160201242
23802.0,5.0611425801732395E-12,0.015182417434049184,0.9848175825608897
24041.0,0.27419628517844435,0.7257954734699977,8.241351557975652E-6
23133.0,0.02018737670550112,0.9798125861111276,3.71833711590117E-8
23374.0,0.7619140007223534,0.23808588315796356,1.1611968312073658E-7
24081.0,0.059384311121654265,0.9406156391476862,4.9730659541990136E-8
24591.0,4.460052346323755E-4,0.9995437088015312,1.0285963836456574E-5
24322.0,0.9997845024817742,2.1549751822357184E-4,2.1805698629809423E-15
23844.0,0.015958583129768444,0.9840414168521536,1.8077995781659655E-11
23607.0,3.662365270173162E-5,0.9996165765514006,3.4679979589763324E-4
24705.0,9.280260211430208E-69,7.351387740718268E-33,1.0
24460.0,0.6183118894025549,0.38168811030602934,2.914156929367381E-10
24223.0,1.4013841883368003E-10,0.2483012468185147,0.7516987530413468
23737.0,0.9059039370470768,0.09409606288684812,6.607510869213582E-11
23978.0,0.8990239756760754,0.10097602429170811,3.221640028233795E-11
23014.0,0.993360146859407,0.006639853140468621,1.2448147573524268E-13
23488.0,6.652885243450103E-44,3.0311140549489482E-15,0.9999999999999969
23251.0,2.1113657951303288E-10,0.05172860784669885,0.9482713919421646
24146.0,0.9809117796562026,0.019088123309444746,9.70343527278308E-8
24652.0,3.955796462029795E-13,0.98126101248325,0.018738987516354347
24385.0,0.891294245282962,0.10870575470576128,1.1276741486788274E-11
23911.0,4.180659241671447E-14,4.401193497156142E-4,0.9995598806502426
23668.0,0.9999636619915393,3.63380084607365E-5,6.89485875398416E-17
23070.0,4.0470606085656644E-7,0.9962836552221104,0.003715940071828829
23309.0,1.2504942610049591E-6,0.9983199508475425,0.0016787986581964837
23600.0,6.461982135743667E-26,2.1737097789751803E-12,0.9999999999978262
23843.0,0.9999839976250613,1.6002374938622013E-5,4.9965550255917614E-18
24325.0,0.9459118543050739,0.05408814565721641,3.770974960537768E-11
24584.0,0.9999798484921577,2.0151507842269303E-5,2.4106724517790825E-17
24086.0,6.371524475031067E-12,0.013476459307157782,0.9865235406864706
23369.0,5.8991627638342427E-5,0.995423553310423,0.0045174550619385915
23130.0,0.998237295125141,0.0017627048748582253,6.21020100681507E-16
24046.0,1.993973997199185E-6,0.9972153386405643,0.0027826673854385634
23805.0,0.6325593268275818,0.36744067296014726,2.1227098224794446E-10
24283.0,0.9689082487931846,0.03109175119557038,1.1244932747818145E-11
24520.0,0.9677240003882259,0.03227599911633448,4.954395122517182E-10
23191.0,0.12067961066885752,0.8793202937893695,9.554177310400332E-8
23428.0,0.9947057447690694,0.00529425523088645,4.413555227695033E-14
23015.0,4.25451674508172E-5,0.998079751689586,0.0018777031429633433
23489.0,0.9996633286053053,3.366713946912732E-4,3.634600570748334E-15
23250.0,6.7744643985831655E-12,0.011266209960680815,0.9887337900325448
24704.0,2.7392814483755466E-33,5.664984467855663E-10,0.9999999994335016
24461.0,4.7642287348670895E-14,0.008966123204698584,0.9910338767952539
24222.0,6.718309086435023E-17,3.5630375606209928E-6,0.9999964369624393
23736.0,2.652077991813141E-32,1.7494408973509991E-12,0.9999999999982505
23979.0,0.23190859303851596,0.7680896561905055,1.7507709784525208E-6
23071.0,0.9998883764404041,1.1162355959574919E-4,1.8104492136423799E-16
23308.0,8.447335444711652E-5,0.9999155255547428,1.090810081189725E-9
24147.0,3.985621156075361E-40,7.565863577466847E-18,1.0
24653.0,2.622508174038882E-12,0.004204735847129995,0.9957952641502474
24384.0,2.9585937911157475E-4,0.9997040967865555,4.383433305498844E-8
23910.0,2.2557386211474975E-25,2.393822108111351E-9,0.999999997606178
23669.0,0.9999683201655752,3.1679834424727366E-5,7.428028449882668E-18
23368.0,7.878212424707135E-14,0.02267029411813853,0.9773297058817828
23131.0,2.0271144135390102E-33,3.3617705592579125E-12,0.9999999999966382
23601.0,0.0014658647692560914,0.9983737624238832,1.6037280686060292E-4
23842.0,8.484751316744448E-10,0.024110619142120673,0.9758893800094043
24324.0,9.570440707227996E-7,0.28157857150022864,0.7184204714557008
24585.0,3.361543141045838E-17,1.3797692683683126E-4,0.9998620230731631
24087.0,5.087908929391996E-25,9.980921729054375E-12,0.9999999999900191
23190.0,0.9999418258745171,5.8174125482767354E-5,2.7780474590639717E-16
23429.0,0.9917463410960454,0.00825365890392413,3.028645683971074E-14
24047.0,8.060810378944395E-6,0.9999918611608025,7.802881854436018E-8
23804.0,1.4982838967835173E-21,1.187791452331212E-8,0.9999999881220855
24282.0,2.536169290197999E-26,7.922332486177053E-11,0.9999999999207767
24521.0,0.9821437333896395,0.01785626585964965,7.507109333081903E-10
24221.0,4.639070706879959E-25,7.181053367983068E-11,0.9999999999281894
24462.0,3.3411012360923875E-33,6.08411662181023E-14,0.9999999999999392
24707.0,0.009959311569489239,0.990040513666813,1.7476369767291606E-7
23976.0,6.318816581443184E-17,4.0629181610947556E-7,0.9999995937081839
23739.0,2.3564830875966498E-4,0.9959005306089574,0.0038638210822830926
23012.0,0.9871494680371186,0.012850531818737873,1.441436335963833E-10
23249.0,0.9992495312908651,7.504687091300293E-4,4.9017843804248794E-15
23490.0,1.398015396190007E-17,4.133875775317576E-4,0.9995866124224682
24387.0,2.6996909409187834E-8,0.9999766937833898,2.327921970079999E-5
24654.0,7.269169038452545E-56,3.6899704249122007E-25,1.0
24144.0,0.9757307160890029,0.024269283890020043,2.0976946140901945E-11
23670.0,0.9999959791717347,4.020828265473397E-6,4.580681504188674E-19
23909.0,0.994070555284456,0.005929444715511368,3.27492186840885E-14
23311.0,2.6415761738029584E-8,0.5613745984196121,0.43862537516462613
23068.0,3.1970542704027063E-12,0.03276294019928072,0.9672370597975222
23841.0,5.201497514240451E-4,0.9994797229531998,1.272953761124279E-7
23602.0,0.9444270829558655,0.05557291696353749,8.059696132385582E-11
24084.0,3.4905257993230126E-6,0.9908005165084305,0.009195992965770226
24327.0,2.675621594534487E-32,2.1180832035481833E-14,0.9999999999999789
24586.0,0.992384949794656,0.007615050199791666,5.552576593413694E-12
23128.0,0.01359848992448383,0.9864011426185011,3.6745701523084714E-7
23371.0,1.032277195754909E-8,0.42031590727651985,0.5796840824007081
23807.0,2.3340515588066303E-12,0.0406528073339261,0.9593471926637397
24044.0,8.287907227871927E-8,0.9906347353496736,0.009365181771254151
24522.0,0.001172993519719815,0.9988262102289232,7.962513570242741E-7
24281.0,1.6053294567048867E-24,1.0528687580985294E-7,0.9999998947131241
23430.0,1.0530669150247893E-6,0.9999974347588045,1.5121742805531345E-6
23189.0,0.044039178815385945,0.9559608201454227,1.039191497373661E-9
23013.0,1.5700656912671792E-11,0.8114511346354097,0.18854886534888954
23248.0,0.005111202244633624,0.9948887977281203,2.724617459195221E-11
23491.0,0.09137033347206172,0.9086125811812158,1.7085346722372198E-5
24220.0,0.9999414423449631,5.855765503661269E-5,3.6904907292050356E-16
24706.0,0.8695647109516379,0.13043524464851813,4.439984409717813E-8
24463.0,0.9999966460373894,3.353962610665128E-6,1.0278519079010521E-19
23977.0,0.9230728509884525,0.0769271246901696,2.4321377944619124E-8
23738.0,1.2080789865466628E-5,0.9974803694594456,0.002507549750688741
23310.0,3.475348400505366E-8,0.9712175163266724,0.028782448919843457
23069.0,1.052914812623389E-9,0.8786968004831897,0.12130319846389546
24386.0,5.224577908948419E-6,0.8886966617591531,0.11129811366293799
24655.0,0.0032920883589110162,0.9967079115536879,8.740128057684141E-11
24145.0,0.9999872353554263,1.276464457370164E-5,8.567742366992478E-18
23671.0,7.689886096265772E-25,1.6650726479201064E-7,0.9999998334927351
23908.0,1.4199413176211075E-48,5.1314985015540815E-25,1.0
23129.0,1.3758136932114128E-9,0.9999993788778981,6.197462880792028E-7
23370.0,0.9763432663481156,0.023656733640651476,1.1232869163249327E-11
23840.0,3.3236343298495707E-7,0.9991423378135275,8.573298230394815E-4
23603.0,0.05203133511107631,0.9479685753301424,8.955878112065609E-8
24085.0,4.267148925567256E-26,8.707801269070339E-10,0.9999999991292199
24587.0,4.5937496133419963E-10,0.7614501212822772,0.2385498782583478
24326.0,0.05372086115736464,0.9462772756684933,1.8631741420466465E-6
23431.0,3.223672193634938E-8,0.9999999673924458,3.7083224527720557E-10
23188.0,3.497485892310915E-22,7.709712283886761E-7,0.9999992290287716
23806.0,4.463371903122257E-11,0.5011348732468791,0.4988651267084872
24045.0,0.018840602517913235,0.9811526238184167,6.773663670001944E-6
24523.0,0.2066163770485043,0.7933832228792475,4.000722482722312E-7
24280.0,1.4264797336909567E-4,0.9998567663134716,5.857131591654603E-7
24262.0,1.3158081714672034E-25,2.6243524108486326E-10,0.9999999997375648
24533.0,1.4042767942417687E-17,8.007211883331598E-5,0.9999199278811667
24051.0,3.3626164696161384E-30,1.2731458206708961E-13,0.9999999999998728
23776.0,2.1309337348522223E-25,3.294559154622644E-13,0.9999999999996705
22975.0,0.01108067648111326,0.9889193053184047,1.8200482037801908E-8
23178.0,4.512514675003068E-6,0.9999797505078192,1.5736977505782996E-5
23449.0,0.0015085696464276796,0.994207787285002,0.004283643068570483
24344.0,7.178457753351726E-8,0.9725662823174105,0.027433645898012025
24597.0,0.027967276995285634,0.9720327119527501,1.105196438403828E-8
24075.0,8.626744365649519E-13,0.00863695096045384,0.9913630490386834
23597.0,1.4759518795037448E-17,7.026541371745596E-5,0.9999297345862826
23870.0,3.372620804746359E-9,0.4314968446078917,0.5685031520194874
23380.0,7.035385432897161E-10,0.5560664589761508,0.44393354032031057
23111.0,1.5912570292020222E-7,0.9999500739631981,4.976691109895715E-5
23930.0,0.9999966460373894,3.353962610665128E-6,1.0278519079010521E-19
23657.0,2.9273563317602083E-37,2.645818336171218E-16,0.9999999999999998
24143.0,0.8835623317503696,0.11643766824806784,1.5626601787903843E-12
24657.0,0.9999508601193912,4.9139880608556885E-5,2.565061434680849E-16
24412.0,0.288013515182958,0.7119834341530932,3.0506639487712967E-6
23043.0,0.13982216614855073,0.8601767038406396,1.1300108097274456E-6
23312.0,0.7807193317210296,0.21928066634034857,1.9386218166415217E-9
23716.0,0.9996139088372908,3.860911595505796E-4,3.158781705971262E-12
23991.0,0.9998389700224511,1.610299775440028E-4,4.795693728892056E-15
24465.0,0.9995762801140866,4.237198859069349E-4,6.454788440654532E-15
24732.0,0.7952932840691213,0.20470671590201206,2.8866705657387514E-11
24194.0,0.9916056042766617,0.008394395723170203,1.681584263619164E-13
23517.0,0.7155137735941727,0.2844862263522923,5.353500924478008E-11
23246.0,0.9999975571848961,2.4428151038485245E-6,7.532503761660465E-20
23035.0,2.218261939150788E-4,0.9956150057184037,0.004163168087681354
22974.0,3.7489399384485315E-6,0.5967380152146403,0.4032582358454212
23179.0,6.174535755488858E-5,0.9999103580157798,2.7896626665336876E-5
23448.0,0.042267730716926494,0.9577322692432944,3.977921246448057E-11
24263.0,0.9847293224940156,0.015270677505978788,5.619488661152039E-15
24532.0,2.0329374555642942E-10,0.01779995444639524,0.982200045350311
24050.0,0.9992824775392019,7.175224607654444E-4,3.261852007891824E-14
23777.0,4.137328185249993E-10,0.05320530447692706,0.94679469510934
23381.0,0.9999976077478713,2.3922521288049815E-6,1.9509673459148671E-19
23110.0,2.1837900387505633E-4,0.9997816207556943,2.404307806531165E-10
24345.0,5.725034197063393E-27,4.147469565633777E-11,0.9999999999585254
24596.0,9.129172884542343E-23,3.5429788020065367E-10,0.9999999996457021
24074.0,0.9990299695310748,9.700304689112839E-4,1.392730023971257E-14
23596.0,5.639761845844494E-64,7.648984379936651E-30,1.0
23871.0,2.667282499494284E-7,0.9907421509803868,0.00925758229136313
23042.0,4.216133581201659E-47,1.1243599490506645E-16,0.9999999999999998
23313.0,1.1912414268811037E-12,3.365769293910235E-5,0.9999663423058696
23931.0,0.04912642000972156,0.9508724049327187,1.175057559764634E-6
23656.0,3.5051896712028953E-7,0.8643899595081709,0.13560968997286207
24142.0,1.488648522396217E-4,0.9871743336837175,0.01267680146404272
24413.0,9.208683759736738E-19,4.048252827164359E-7,0.9999995951747174
24656.0,0.002900350371925314,0.9970996470787195,2.5493553045377546E-9
23516.0,2.163115188893089E-7,0.9624975700508496,0.03750221363763151
23247.0,0.9999982268183298,1.7731816702018058E-6,1.1563548657583737E-19
23034.0,0.00571181523804118,0.9942648911193095,2.3293642649194455E-5
23717.0,4.6018852338726654E-17,1.1896092222219511E-8,0.9999999881039078
23990.0,0.989176883283028,0.010823116548070671,1.6890140720034014E-10
24464.0,7.180452654219656E-12,0.5341947686907227,0.4658052313020968
24733.0,0.9999862754036597,1.3724596340346732E-5,4.650612113901565E-17
24195.0,0.9760503174471123,0.02394968254373475,9.153032370465962E-12
24535.0,0.13367683389524376,0.8663231657368526,3.6790359191523094E-10
24260.0,0.999643074109708,3.569258902890652E-4,2.8798293120862415E-15
23778.0,0.8323155715842203,0.16768395993587712,4.684799025045054E-7
24049.0,2.3670651782728716E-34,3.5388252435042716E-14,0.9999999999999647
22973.0,0.9963483956487081,0.0036516043510905344,2.013075678516803E-13
23451.0,3.1380155727067546E-4,0.9996861966738794,1.7688500697680144E-9
23176.0,0.9980953015710327,0.001904698428952747,1.4665720748221053E-14
24073.0,0.03269075943592621,0.9673092404743715,8.970236225790868E-11
24599.0,0.9999475890449605,5.2410955039461104E-5,6.782442851231525E-18
24346.0,0.9246523573717937,0.07534764261468242,1.3523767356975093E-11
23868.0,0.6325891369377388,0.3674108629232927,1.389684353485738E-10
23599.0,0.9999773631570115,2.263684298855439E-5,1.8074526638021206E-17
23109.0,0.8954532604271105,0.10454673857669064,9.961989552497078E-10
23382.0,0.006113340027885242,0.9937698144404318,1.1684553168284922E-4
23659.0,2.1913595476933276E-35,2.2278855472096425E-16,0.9999999999999998
23928.0,0.8803059835487855,0.11969401484827376,1.6029405940060808E-9
24414.0,6.76804571068558E-35,2.0639346437165133E-13,0.9999999999997935
24659.0,5.105807402775403E-8,0.3758894846352957,0.6241104643066302
24141.0,0.9999244250821865,7.557491781283722E-5,7.109334700151406E-16
23314.0,0.0032337450421688944,0.996765998869041,2.560887902425498E-7
23041.0,0.9999976568797571,2.3431202430780735E-6,1.709332349911432E-19
23989.0,4.079546629847846E-7,0.9941669578139555,0.005832634231381455
23718.0,7.440231402328557E-14,0.023973552876892353,0.9760264471230332
24192.0,0.8746068814310738,0.12539311616157567,2.407350575232254E-9
24467.0,2.6277176572917962E-8,0.9609719247221687,0.039028049000654666
24734.0,2.0142971664496856E-26,1.9123830899479394E-10,0.9999999998087616
23244.0,0.001967678977650869,0.9980316086054781,7.124168710585617E-7
23519.0,7.722378752515407E-5,0.9999125218542766,1.0254358198343398E-5
23033.0,1.0580256539835239E-4,0.9996179605130319,2.7623692156969416E-4
22972.0,1.2298957486821747E-42,9.219788076739829E-20,1.0
23450.0,0.8653869169499194,0.13461308305004194,3.862142578789521E-14
23177.0,6.88403994075172E-4,0.9984999918586445,8.116041472802388E-4
24534.0,3.6170652830180244E-22,1.1914410385269371E-8,0.9999999880855895
24261.0,0.9999318935300848,6.810646991440021E-5,9.069369805936319E-16
23779.0,4.239155522675468E-7,0.9638112270205972,0.036188349063850565
24048.0,1.7070612821589142E-13,1.855338238377448E-4,0.9998144661759915
23108.0,5.167034075899249E-10,0.6232427843821884,0.3767572151011082
23383.0,1.728908372582757E-17,0.0012993250711525997,0.9987006749288474
24072.0,3.0942716579530635E-40,2.139857167411125E-17,1.0
24347.0,1.9595760757873852E-16,1.3143938669180432E-5,0.9999868560613305
24598.0,1.2720356011166772E-14,0.0039497636766807455,0.9960502363233065
23869.0,1.7540676548893685E-19,5.0669328236865174E-8,0.9999999493306718
23598.0,5.158775880098381E-15,5.329999991766957E-7,0.9999994669999958
23315.0,0.7155623782107924,0.28443762177673587,1.2471823094806045E-11
23040.0,6.651517082870551E-7,0.6665892396072409,0.33341009524105086
23658.0,0.9991881292277025,8.118707722511198E-4,4.6265288302813426E-14
23929.0,4.076373559602506E-15,2.4291312183897403E-4,0.9997570868781569
24415.0,6.261032691721455E-20,4.8748458073865395E-9,0.9999999951251541
24658.0,0.031210417020202427,0.9687895822911455,6.886520618296603E-10
24140.0,1.8403921913200515E-45,1.4619563118988388E-16,0.9999999999999998
23245.0,1.0055808728266549E-57,3.453023149384693E-25,1.0
23518.0,4.400578195255383E-42,1.5165329721793037E-19,1.0
23032.0,3.2568229997143466E-5,0.9998219387669882,1.4549300301452478E-4
23988.0,0.938239277926685,0.061760685864492036,3.620882290600633E-8
