22958.0,0.08353847885780719,0.9162128378751312,2.486832670616592E-4
23195.0,0.003190172447648158,0.9967988397465462,1.0987805805674536E-5
23432.0,0.005604678513816541,0.028228921277338108,0.9661664002088454
24279.0,0.9205142965907966,0.07946084816937962,2.4855239823728786E-5
24516.0,0.03402418237969754,0.01961457963495785,0.9463612379853445
24034.0,0.03345280608227429,0.8154661369916131,0.15108105692611262
23793.0,5.260820688390795E-5,0.8716982665665137,0.12824912522660226
23365.0,0.010199009924441602,0.0368120514460314,0.952988938629527
23126.0,0.9899602268478915,0.010039209359006344,5.637931021694173E-7
24329.0,0.013142141104762126,0.017927589649864146,0.9689302692453737
24580.0,0.7885640997340981,0.2113530738722663,8.282639363555289E-5
24090.0,0.10514790225590044,0.26917862977510515,0.6256734679689944
23612.0,0.7025888238062057,0.2970750625134493,3.361136803450143E-4
23855.0,0.0013552154462777397,0.9981142535672274,5.305309864948328E-4
23058.0,0.1174937011912345,0.8669558769335455,0.015550421875219954
23297.0,0.06603526372927038,0.2277542769438101,0.7062104593269194
23915.0,0.4942324185375822,0.47415710762101665,0.031610473841401115
23672.0,0.4503243267798247,0.533701876779553,0.0159737964406223
24158.0,0.004072663551233,0.8909356390892643,0.10499169735950259
24640.0,0.10630154502001077,0.8936984186258446,3.635414460159111E-8
24397.0,4.015727699165123E-5,0.34224365882925745,0.657716183893751
23500.0,0.6934321551879841,0.3026642657268534,0.003903579085162526
23263.0,1.3998293394475348E-5,0.2505503391444011,0.7494356625622044
23018.0,0.010830324909747292,0.09025270758122744,0.8989169675090253
23733.0,0.9899239496116293,0.010044467746477234,3.158264189333403E-5
23974.0,0.8534032625923941,0.1461214363591584,4.7530104844751463E-4
24448.0,0.017094017094017096,0.1111111111111111,0.8717948717948718
24717.0,0.038436392890417656,0.9177685101482849,0.04379509696129754
24211.0,0.017094017094017096,0.1111111111111111,0.8717948717948718
24278.0,0.9013636142429218,0.09797340192135448,6.62983835723748E-4
24517.0,0.6214892649159186,0.37718486984007266,0.0013258652440088282
24035.0,0.9429998138368442,0.057000151979695456,3.41834603987054E-8
23792.0,0.5001553549903158,0.49984463133359114,1.36760932317411E-8
22959.0,0.002027806232216112,0.1897728299627158,0.8081993638050682
23194.0,4.659975644758615E-5,0.9977012606319147,0.0022521396116377853
23433.0,0.5877749605247672,0.41198754303614427,2.3749643908842173E-4
24581.0,0.2889617894190886,0.7110380508158466,1.5976506470822926E-7
24328.0,0.010630423414929334,0.03961600645726426,0.9497535701278064
24091.0,0.002860893750784993,0.292798147013276,0.7043409592359389
23613.0,0.9699177098034554,0.030012268057613166,7.002213893143771E-5
23854.0,0.9719351370800103,0.02788729477867015,1.7756814131955924E-4
23364.0,0.014415407841369332,0.166993030537368,0.8185915616212628
23127.0,0.9109208274189485,0.0890502517114682,2.8920869583176053E-5
23914.0,0.8017306592313088,0.19826933262626006,8.142431087934219E-9
23673.0,0.7959632881554367,0.20385653788620345,1.8017395835986363E-4
24159.0,0.9412563889896295,0.058245830625141985,4.977803852285952E-4
24641.0,0.9804474033221838,0.019547898715939635,4.697961876425343E-6
24396.0,0.7160584320633822,0.2839268274496751,1.4740486942655456E-5
23059.0,0.00817586718450704,0.973227241527007,0.018596891288485812
23296.0,5.133938874102277E-8,0.0022619398738925804,0.9977380087867187
23732.0,2.356647932003607E-6,0.0018524171461769005,0.9981452262058912
23975.0,0.4151251943937761,0.5811143569356226,0.0037604486706011436
24449.0,1.5072750422798353E-9,0.10307031630792651,0.8969296821847985
24716.0,0.07855837201263252,0.5592878420236197,0.36215378596374775
24210.0,0.10909779657806677,0.12273502115032511,0.7681671822716081
23501.0,3.6526973102137962E-9,1.205658152472849E-4,0.9998794305320555
23262.0,1.732070696745282E-8,6.048372472801274E-4,0.9993951454320129
23019.0,0.2218221869295643,0.7778423121753928,3.3550089504280525E-4
22956.0,0.00962898608473671,0.9808284706297228,0.009542543285540382
23434.0,0.009403669604410527,0.10289869284207406,0.8876976375535155
23193.0,9.560187861692877E-6,0.999976095991267,1.4343820871263268E-5
24518.0,2.56804908923162E-5,0.09306660689524911,0.9069077126138586
24277.0,0.014492753623188406,0.18840579710144928,0.7971014492753623
23795.0,2.0982507779271222E-7,0.0036200327170727987,0.9963797574578493
24032.0,0.1111111111111111,0.1111111111111111,0.7777777777777778
23124.0,0.8553606065272631,0.14447748174253924,1.6191173019764827E-4
23367.0,3.963570116747793E-6,0.05499999395426732,0.9449960424756159
24088.0,0.0024985826778109598,0.9932836138186812,0.00421780350350789
24331.0,0.9560331957923345,0.04396680417937316,2.8292354171410617E-11
24582.0,1.3570595352442572E-5,0.10419264075294545,0.8957937886517021
23853.0,1.927780678433507E-7,0.9871580660330933,0.012841741188838794
23614.0,0.019064343625098245,0.17276270543019562,0.8081729509447062
23299.0,3.108011840508048E-4,0.5709751498964256,0.4287140489195236
23056.0,0.834565261390708,0.1652727684733401,1.6197013595204855E-4
23674.0,0.33498425686154504,0.6079023375091319,0.05711340562932297
23913.0,0.005641728931318099,0.8278121200566679,0.16654615101201392
24399.0,0.0066455597957265685,0.0035155662944166477,0.9898388739098568
24642.0,0.8293468822077892,0.17060328999099889,4.982780121193822E-5
24156.0,0.023643323575771227,0.07565863544246793,0.9006980409817609
23261.0,1.2206816585557626E-8,0.01354919057860657,0.9864507972145768
23502.0,0.7896689388463629,0.08180421563827865,0.12852684551535853
23016.0,0.06012929342933901,0.732553084150869,0.2073176224197922
23972.0,5.162054077293877E-12,3.910723918104485E-4,0.9996089276030274
23735.0,0.8840549299618952,0.11586067400822155,8.439602988331964E-5
24209.0,0.3319524691842447,0.6587375008305785,0.009310029985176797
24719.0,0.01471193473132701,0.9775270291950261,0.007761036073646778
24450.0,0.03890635193642133,0.9489354130834471,0.012158234980131667
24519.0,6.139835927736768E-4,0.6492604969760855,0.3501255194311409
24276.0,1.6534479345254849E-9,4.4011102507523424E-4,0.9995598873214768
23794.0,8.843235666469326E-5,0.4731657889858739,0.5267457786574614
24033.0,0.0024794154896864416,0.9958539003369897,0.00166668417332387
22957.0,0.21417123695113421,0.25352861037925234,0.5323001526696134
23435.0,0.9000596487326894,0.09980903009833442,1.3132116897614875E-4
23192.0,0.9987108788864448,0.001289116388935694,4.7246196100439956E-9
24089.0,0.6003948958682531,0.39957207876985895,3.3025361887775765E-5
24583.0,0.4708171206225681,0.38910505836575876,0.14007782101167315
24330.0,0.7808947777420386,0.21889372767157667,2.1149458638483184E-4
23852.0,0.28122894590602376,0.6989806820261656,0.01979037206781065
23615.0,0.02213157219951209,0.6734099170191257,0.30445851078136227
23125.0,0.7707647760790918,0.2284704015090404,7.648224118678433E-4
23366.0,0.0019671375833855147,0.6088225275976307,0.38921033481898387
23675.0,2.1264213739608367E-5,0.3364067953992919,0.6635719403869685
23912.0,0.8047112078344347,0.19324063019821153,0.0020481619673538504
24643.0,0.00468792637131209,0.5716112021109088,0.423700871517779
24398.0,0.7695492667460888,0.2297993282698281,6.514049840831574E-4
24157.0,0.0029750207866805502,0.9459521049622166,0.05107287425110296
23298.0,0.9799601520983483,0.02003560572544767,4.242176203921147E-6
23057.0,6.06914892378858E-5,0.6025940928219329,0.39734521568882925
23973.0,0.9997545688787959,2.454155260376007E-4,1.5595166541969354E-8
23734.0,0.20646753242934465,0.7934603179183485,7.214965230686066E-5
24208.0,0.9906170118605708,0.009382987626046002,5.133832724370482E-10
24451.0,0.0034108130267287698,0.575607469136699,0.42098171783657223
24718.0,0.03167242421206726,0.800804009707577,0.16752356608035576
23260.0,0.33861314572109247,0.656979951007278,0.004406903271629436
23503.0,0.005039650188986882,0.09449344104350403,0.9004669087675091
23017.0,1.511708426310307E-5,0.4084500786200025,0.5915348042957344
23361.0,0.1070285182939547,0.691796564346022,0.20117491736002321
23122.0,4.060291932763201E-4,0.6691667617180411,0.3304272090886826
23608.0,0.13656150125810673,0.8540566851651645,0.009381813576728732
23851.0,0.06666666666666667,0.13333333333333333,0.8
24576.0,0.6266710917240788,0.33494912090181544,0.03837978737410579
24333.0,3.2054656735807454E-9,0.047838697755097706,0.9521612990394367
24094.0,0.01569979802467201,0.05230933447193674,0.9319908675033912
23199.0,0.9572910182982094,0.042697205464567095,1.1776237223649672E-5
23436.0,3.407763018060208E-4,0.6548098164488043,0.3448494072493897
22954.0,0.04868219579756999,0.8674424339074095,0.08387537029502043
24038.0,0.9043338434072226,0.09515857463342692,5.075819593506423E-4
23797.0,0.7634069400630916,0.19873817034700317,0.03785488958990537
24275.0,0.016923060478051484,0.32461301849177077,0.6584639210301777
24512.0,0.0024907572981205947,0.977981182625415,0.019528060076464432
23022.0,0.03512446954727388,0.9633269984724964,0.0015485319802297694
23496.0,0.0695468914646997,0.7881981032665965,0.1422550052687039
23259.0,0.01597763131615738,0.08627920910724986,0.8977431595765928
24452.0,0.9977127610837144,0.0022872389066082182,9.677349039389803E-12
24713.0,0.005108279542082671,0.977764123908312,0.017127596549605266
24215.0,0.023132676715452993,0.32112772455741123,0.6557395987271358
23729.0,0.014415407841369332,0.166993030537368,0.8185915616212628
23970.0,0.6592963029545311,0.340703696627052,4.1841681888404897E-10
23062.0,0.06398840084344537,0.48830400274824765,0.4477075964083069
23301.0,0.9733735741986095,0.026624926654384033,1.4991470065480964E-6
24154.0,0.006089864862325562,0.40058825504622125,0.5933218800914531
24644.0,0.0031504133716586755,0.2126725393842198,0.7841770472441216
24393.0,0.9389569790642173,0.06081302154360542,2.299993921773495E-4
23919.0,0.02146690518783542,0.032200357781753126,0.9463327370304114
23676.0,0.9171798469824229,0.08279873653599265,2.14164815844634E-5
23609.0,0.0022619685562215246,0.8227179448711631,0.1750200865726155
23850.0,0.7791210394566462,0.22076824614984297,1.1071439351076839E-4
24577.0,5.771850517530306E-4,0.8764500641043709,0.12297275084387617
24332.0,2.709342804252512E-8,0.015741440418962423,0.9842585324876095
24095.0,1.1082262726688335E-24,2.9593661739857133E-12,0.9999999999970407
23360.0,0.017094017094017096,0.1111111111111111,0.8717948717948718
23123.0,0.0010066092978694287,0.39044939838999965,0.6085439923121309
24039.0,0.9002618396144951,0.09973442439422667,3.735991278259875E-6
23796.0,0.012578616352201259,0.05660377358490566,0.9308176100628931
24274.0,2.3426191120738933E-13,3.081306883735017E-6,0.999996918692882
24513.0,8.119393500556755E-9,0.16301197089887712,0.8369880209817293
23198.0,0.012690294672944101,0.9647491814640442,0.022560523863011734
23437.0,1.8153455339333913E-5,0.23998274948857684,0.7599990970560838
22955.0,1.8545206084546404E-4,7.631772051253665E-7,0.9998137847619495
24712.0,0.46254466040835196,0.5303368916627365,0.00711844792891148
24453.0,0.9180214799487634,0.06587559646974367,0.016102923581492897
24214.0,0.8264412744019264,0.1731907728769394,3.679527211342082E-4
23728.0,0.16,0.24,0.6
23971.0,0.016874920091936817,0.9829702855173731,1.5479439069003502E-4
23023.0,5.0380121583537856E-5,0.04837814001667137,0.9515714798617452
23497.0,8.584760023273027E-5,0.45826840849147404,0.5416457439082933
23258.0,0.01597763131615738,0.08627920910724986,0.8977431595765928
24155.0,0.0032252606120546858,0.9952935275884288,0.0014812117995164846
24645.0,0.8764931958359053,0.12343611719255704,7.068697153768625E-5
24392.0,0.6180228346525546,0.3814392320531291,5.379332943161719E-4
23918.0,0.9105033712588289,0.08937921966020085,1.1740908097018822E-4
23677.0,2.634967851732854E-5,0.036109472751536434,0.9638641775699462
23063.0,0.8404372129839847,0.15042449871884553,0.009138288297169863
23300.0,0.07667310317450166,0.8993853067214905,0.023941590104007905
23120.0,0.017094017094017096,0.1111111111111111,0.8717948717948718
23363.0,0.8714530221314779,0.12837476288142424,1.7221498709794777E-4
23849.0,4.133841127888621E-5,0.5293092283253993,0.4706494332633217
23610.0,0.007067030162063349,0.9831176501684044,0.009815319669532427
24092.0,0.4153376121270056,0.5835228504340636,0.0011395374389308042
24578.0,0.02281672465917518,0.20962865780617193,0.7675546175346529
24335.0,0.002632746351986894,0.33245575121600435,0.6649115024320087
23438.0,8.530109214571458E-6,0.3608665799557168,0.6391248899350686
23197.0,3.374836832477744E-10,0.010089245631417035,0.9899107540310992
22952.0,0.19331416434041018,0.39706214458557954,0.4096236910740103
23799.0,1.2536587954709656E-4,0.8540841481268151,0.14579048599363786
24036.0,3.1561386213382727E-6,0.049267895146087606,0.9507289487152911
24514.0,0.023716618904564928,0.22105491008420516,0.7552284710112299
24273.0,0.19894563475428786,0.8003567099972164,6.976552484956695E-4
23020.0,3.1599085688608775E-6,0.02806522933740876,0.9719316107540225
23257.0,0.9109208274189485,0.0890502517114682,2.8920869583176053E-5
23498.0,0.6654874814907877,0.3312705984948687,0.003241920014343558
24213.0,0.34363130121482593,0.6560365470752342,3.321517099400252E-4
24454.0,0.1980543441830935,0.801945620868096,3.494881056310946E-8
24715.0,0.042907952479173,0.5209606012649592,0.43613144625586775
23968.0,0.15384615384615385,0.5384615384615384,0.3076923076923077
23731.0,6.401819596276661E-7,0.043444098116593874,0.9565552617014464
23303.0,2.0260088211763206E-8,0.018097742941446195,0.9819022367984656
23060.0,7.678483423920269E-4,0.29036189018894587,0.7088702614686622
24395.0,0.8558966021883244,0.13683449554812135,0.007268902263554265
24646.0,0.31093308738256675,0.6878536173547967,0.0012132952626364856
24152.0,0.033104014802285996,0.952780715340813,0.014115269856900928
23678.0,0.9100962976625119,0.08541965040639779,0.004484051931090284
23917.0,0.8833015602962437,0.11492661863699243,0.0017718210667639323
23848.0,0.07550077041602465,0.8813559322033898,0.04314329738058552
23611.0,2.4636905215452465E-4,0.04476411534812494,0.9549895155997206
24093.0,0.30011564527838974,0.6969890074996319,0.0028953472219783094
24334.0,9.96485574878518E-4,0.24722344337192187,0.7517800710531996
24579.0,2.2965512990075695E-4,0.795163755658966,0.20460658921113317
23121.0,0.0014103545330295389,0.2500961520532121,0.7484934934137584
23362.0,0.8840549299618952,0.11586067400822155,8.439602988331964E-5
23798.0,1.4419208199866615E-5,0.1663868788106208,0.8335987019811792
24037.0,0.05549245867406173,0.9349672927483824,0.009540248577555933
24515.0,0.5940385914703513,0.3791880716551806,0.026773336874468104
24272.0,0.826806620912394,0.15502624142107388,0.018167137666532097
23439.0,0.7281454995273106,0.27182610672494106,2.839374774834545E-5
23196.0,0.005604678513816541,0.028228921277338108,0.9661664002088454
22953.0,0.8541550735173181,0.14575873002307105,8.619645961094075E-5
24212.0,0.001146012521023962,0.9985635285180999,2.904589608760676E-4
24714.0,8.914311754273666E-10,0.02209521831408593,0.9779047807944828
24455.0,0.0017007316797181152,0.24972230236193058,0.7485769659583513
23969.0,0.18345939020001978,0.4554083756396445,0.3611322341603358
23730.0,0.9699926094735953,0.02987993203864959,1.2745848775493084E-4
23021.0,0.009461588280667526,0.9903559860036669,1.8242571566554018E-4
23256.0,1.13110329694685E-9,0.00569959117871786,0.9943004076901788
23499.0,0.04718827181120435,0.6554546522351178,0.297357075953678
24647.0,0.012578616352201259,0.05660377358490566,0.9308176100628931
24394.0,0.6610621423088621,0.3389378390473415,1.8643796460907743E-8
24153.0,3.621194517900341E-4,0.9825784896616421,0.01705939088656785
23679.0,1.65363459964314E-20,5.18995664659254E-10,0.9999999994810044
23916.0,0.06851849314129883,0.038541652391980596,0.8929398544667205
23302.0,0.9027993345961407,0.097076145452267,1.2451995159232265E-4
23061.0,3.964877469091978E-4,0.9617273089959785,0.03787620325711226
23907.0,0.15603673471821197,0.7199573850783751,0.12400588020341283
23664.0,0.12502007372812443,0.8580896409673466,0.01689028530452887
24150.0,1.7906697366791834E-4,0.0738015031923011,0.926019429834031
24648.0,0.03801750278766483,0.9602501626824419,0.001732334529893436
24389.0,1.7757648881664304E-4,0.6458294199912139,0.35399300351996954
23066.0,0.5836180349739074,0.40603553424215777,0.010346430783934739
23305.0,3.085359421276319E-13,4.917346384128535E-5,0.9999508265358502
23741.0,0.050730262029414046,0.9330360713833153,0.01623366658727046
23982.0,0.0018570693106602662,0.03676515473820417,0.9613777759511356
24456.0,0.33049428611290355,0.5707753420906527,0.09873037179644385
24709.0,0.4942324185375822,0.47415710762101665,0.031610473841401115
24219.0,0.01543116781211096,0.9753402120707494,0.009228620117139808
23492.0,0.4458338082352477,0.515169578207253,0.03899661355749943
23255.0,0.06827685640983891,0.2684420321184515,0.6632811114717095
23010.0,0.3892648302670167,0.6077423491867687,0.002992820546214501
24287.0,0.0020684167993810653,0.25739749296234304,0.7405340902382759
24524.0,0.0456003522627749,0.9543996431364818,4.6007432740067684E-9
24042.0,0.0040103583830670775,0.9940182834912998,0.0019713581256328816
23801.0,7.455958803944589E-5,0.9998854115379314,4.002887402908163E-5
23187.0,0.012771455836152237,0.7741579678621116,0.21307057630173618
23424.0,0.7800939079725092,0.21914002359126072,7.660684362302279E-4
24321.0,1.1200022723571301E-6,0.2674408650374972,0.7325580149602304
24588.0,0.04565090251919719,0.39952037716831845,0.5548287203124843
24082.0,0.33439619060649856,0.5875035684355319,0.0781002409579696
23604.0,0.26262368942391534,0.7372956273889097,8.06831871750363E-5
23847.0,0.9910582086309786,0.00894116403792182,6.273310995432485E-7
23373.0,0.026211991363525037,0.6279097901627836,0.3458782184736913
23134.0,0.007067030162063349,0.9831176501684044,0.009815319669532427
23067.0,0.9979505576106087,0.0020493269118375458,1.1547755379347666E-7
23304.0,0.0915448188175461,0.6007628734901463,0.3076923076923077
23906.0,0.986025576483783,0.013974421978871481,1.5373454164041312E-9
23665.0,0.8119929055954432,0.18549865560737425,0.0025084387971825908
24151.0,0.08043334011383009,0.9192317842337233,3.348756524466292E-4
24388.0,0.7129771113780434,0.28494418732224386,0.002078701299712799
24649.0,3.0602432255683845E-4,0.00570470684532195,0.9939892688321211
23493.0,0.9664248478174976,0.03257510846425663,0.0010000437182457877
23254.0,0.05772005772005772,0.06926406926406926,0.873015873015873
23011.0,0.1111111111111111,0.7777777777777778,0.1111111111111111
23740.0,0.13664619397479585,0.8629336359691685,4.201700560357662E-4
23983.0,7.455958803944589E-5,0.9998854115379314,4.002887402908163E-5
24708.0,0.0033502145306154338,0.554051365869476,0.44259841959990853
24457.0,6.733984571218366E-4,0.9992510688577263,7.553268515191474E-5
24218.0,1.1192098870237968E-12,4.519674770778922E-5,0.9999548032511729
23186.0,0.6117411942746493,0.38702735855293185,0.001231447172418784
23425.0,0.20333548398833767,0.7922397410091034,0.004424775002559019
24286.0,0.00749165030909764,0.4702802152173653,0.5222281344735371
24525.0,5.561388730908486E-4,2.05977360404018E-5,0.9994232633908687
24043.0,0.8938136669713815,0.10613452685619126,5.18061724271661E-5
23800.0,0.9993783243959703,6.216067943480492E-4,6.880968167358768E-8
23372.0,0.40595403848363576,0.4637013254144178,0.13034463610194633
23135.0,0.045018069544410115,0.9468192900304051,0.00816264042518483
24320.0,0.0038236070034502003,0.5960411421198332,0.40013525087671664
24589.0,7.074411513230789E-7,0.09826426913267121,0.9017350234261775
24083.0,3.8573587799616216E-10,9.196792815464271E-4,0.9990803203327178
23605.0,8.249254314977416E-4,0.463479268394699,0.5356958061738032
23846.0,0.3644395439820885,0.019472081364248196,0.6160883746536634
23666.0,0.8840549299618952,0.11586067400822155,8.439602988331964E-5
23905.0,0.004932404944179631,0.004476724033889263,0.990590871021931
24650.0,0.005039650188986882,0.09449344104350403,0.9004669087675091
24391.0,0.03241514386174822,0.9662194535615709,0.0013654025766807114
24148.0,1.4951455222109216E-7,0.7340121670605073,0.26598768342494056
23307.0,0.9781255260036359,0.021870279354601504,4.194641762632509E-6
23064.0,1.789760072400672E-5,0.25023989167811833,0.7497422107211577
23980.0,0.7729239247482051,0.2261900170456272,8.860582061676919E-4
23743.0,0.20427339261842523,0.6810580879928282,0.11466851938874667
24217.0,0.023643323575771227,0.07565863544246793,0.9006980409817609
24711.0,0.935870219523524,0.06412030159683481,9.478879641166391E-6
24458.0,0.038248699017644536,0.5470374889231066,0.4147138120592489
23253.0,0.029164390792891102,0.9467715972580224,0.024064011949086462
23494.0,0.8417297733964427,0.1575414387620003,7.287878415569983E-4
23008.0,4.4664169985275884E-8,0.0026614047728188758,0.9973385505630111
24526.0,0.0024989203799833585,0.9932111248438414,0.004289954776175242
24285.0,3.2519607392049284E-21,3.7422113994637076E-8,0.9999999625778859
23803.0,9.544962831036798E-9,0.03649093555152585,0.9635090549035112
24040.0,0.010830324909747292,0.09025270758122744,0.8989169675090253
23426.0,0.08353847885780719,0.9162128378751312,2.486832670616592E-4
23185.0,9.351041798274262E-4,0.005846095866781606,0.993218799953391
24080.0,0.0020257269511361497,0.932706122071188,0.06526815097767583
24323.0,9.725063695263754E-4,0.9989484390685387,7.905456193496622E-5
24590.0,0.09317914606105164,0.9037207663177688,0.003100087621179634
23845.0,0.9498453558266521,0.050039586562339526,1.1505761100830066E-4
23606.0,0.9045439759258228,0.09545602381619096,2.5798640298834883E-10
23132.0,0.028438607829759075,0.32617611831186016,0.6453852738583807
23375.0,0.012578616352201259,0.05660377358490566,0.9308176100628931
23306.0,0.6595419847328244,0.2442748091603054,0.09618320610687024
23065.0,5.1661091111656846E-5,0.24853935226037682,0.7514089866485115
23667.0,0.9043338434072226,0.09515857463342692,5.075819593506423E-4
23904.0,0.28303262040636656,0.19237729325700237,0.5245900863366311
24390.0,0.2522756626594956,0.48286388676755176,0.2648604505729527
24651.0,0.0011790139037515736,0.1506406488502795,0.848180337245969
24149.0,0.11308900523560207,0.8209424083769632,0.06596858638743455
23252.0,0.16342809004833692,0.7378848375532076,0.09868707239845557
23495.0,0.09630794250566471,0.870655363674554,0.03303669381978128
23009.0,0.2431711861822355,0.7193626058815391,0.03746620793622549
23981.0,0.0244140625,0.1318359375,0.84375
23742.0,0.12897891690781316,0.8334022323274081,0.03761885076477884
24216.0,0.002564590320895863,0.3028560071039671,0.694579402575137
24459.0,0.05234877542615466,0.9468636841552333,7.875404186119852E-4
24710.0,2.3598659214944492E-4,0.11746304967782255,0.882300963730028
23427.0,5.44904243892561E-15,0.001038915479634593,0.9989610845203599
23184.0,0.002762878659546151,4.5530837285001254E-6,0.9972325682567255
24527.0,0.060830954030365335,0.9391690459696346,3.658203612306019E-18
24284.0,0.0029482836195730572,0.9961963368918432,8.553794885837441E-4
23802.0,8.011445370701955E-8,0.09822016823582759,0.9017797516497188
24041.0,0.5948849713413898,0.40008664174165476,0.0050283869169554015
23133.0,0.009355171989114713,0.9904981084612022,1.467195496830087E-4
23374.0,0.6800554107870467,0.3197338000032824,2.1078920967077458E-4
24081.0,0.8132102553594948,0.18600911419314725,7.806304473581212E-4
24591.0,0.055933367106000664,0.8235785944827845,0.12048803841121483
24322.0,0.8552093925134361,0.14479059246536224,1.502120159625043E-8
23844.0,0.007067030162063349,0.9831176501684044,0.009815319669532427
23607.0,4.7296804249453777E-4,0.7343207003419437,0.2652063316155616
24705.0,0.004019334607194449,7.536252388489591E-4,0.9952270401539566
24460.0,0.2149613427241894,0.7718188531744992,0.01321980410131138
24223.0,0.07606973058637083,0.38034865293185416,0.5435816164817749
23737.0,0.005581168681251899,0.9616037202371672,0.03281511108158088
23978.0,0.43430352518659554,0.5647320288008071,9.644460125974065E-4
23014.0,0.68877409490351,0.31122589298243797,1.2114052038499903E-8
23488.0,0.07692307692307693,0.15384615384615385,0.7692307692307693
23251.0,1.1954744692920064E-4,0.48639745286440816,0.5134829996886626
24146.0,0.6415857699613274,0.2608721946495337,0.09754203538913879
24652.0,2.9392933546337583E-6,7.836610751253326E-4,0.99921339963152
24385.0,0.21460755855127617,0.7853924189338669,2.2514856911029285E-8
23911.0,0.0036674746387732036,0.7988990964615619,0.19743342889966484
23668.0,0.94634676602136,0.053652703746259287,5.302323807088378E-7
23070.0,0.14382855908312883,0.8405436766746298,0.015627764242241323
23309.0,9.63547767945619E-5,0.007444508196541236,0.9924591370266642
23600.0,0.06092363902088427,0.12477161271477101,0.8143047482643447
23843.0,0.8840549299618952,0.11586067400822155,8.439602988331964E-5
24325.0,0.4335163032160229,0.5160961330783373,0.05038756370563976
24584.0,0.906985095352022,0.09298333816327338,3.156648470461189E-5
24086.0,0.013801578899798201,0.12204407665494343,0.8641543444452584
23369.0,0.01945693983848168,0.7606516084797164,0.21989145168180205
23130.0,0.6366965041455559,0.3633034937898551,2.0645889698383358E-9
24046.0,0.003098532154519969,0.013755721741510993,0.9831457461039691
23805.0,0.4289043645818916,0.5710956289008948,6.517213660188199E-9
24283.0,0.5808366928460739,0.4188831047182002,2.802024357258015E-4
24520.0,0.9416208352749736,0.058369246741968535,9.917983057827912E-6
23191.0,0.20741295491945394,0.7774389850696221,0.015148060010923965
23428.0,0.42556428178807226,0.5721566727707067,0.002279045441221172
23015.0,0.03590652188553918,0.9513326927505151,0.012760785363945737
23489.0,0.974111692101637,0.025888292605281464,1.5293081678342113E-8
23250.0,0.0024335840500243544,0.5276978509924418,0.4698685649575338
24704.0,5.016478858232116E-6,0.6105471809370179,0.389447802584124
24461.0,4.6990661433217113E-14,6.63476248644017E-5,0.9999336523750887
24222.0,0.020752697861098297,0.0029183481367169475,0.9763289540021848
23736.0,1.2112574364234042E-21,1.0465162718061174E-9,0.9999999989534838
23979.0,0.753682524121318,0.24625922624527574,5.824963340626174E-5
23071.0,0.899521812323181,0.10042845597331217,4.973170350689595E-5
23308.0,0.0013552154462777397,0.9981142535672274,5.305309864948328E-4
24147.0,0.014415407841369332,0.166993030537368,0.8185915616212628
24653.0,0.0012106431941727991,2.6601046746960916E-6,0.9987866967011525
24384.0,0.021314102740196877,0.9559238313431158,0.022762065916687363
23910.0,0.005039650188986882,0.09449344104350403,0.9004669087675091
23669.0,0.9498453558266521,0.050039586562339526,1.1505761100830066E-4
23368.0,7.376343935373511E-4,0.45370954097558597,0.5455528246308766
23131.0,0.018867924528301886,0.11320754716981132,0.8679245283018868
23601.0,0.015320062094625045,0.8152786387640244,0.1694012991413506
23842.0,0.016613386949731444,0.917827505513584,0.06555910753668458
24324.0,7.004149966261808E-4,0.004409186271371407,0.9948903987320024
24585.0,0.016647370802327796,0.7657295914022729,0.21762303779539924
24087.0,3.8661318821119403E-4,0.009271230165783075,0.9903421566460058
23190.0,0.9929048898139665,0.007095110118209743,6.782378588220518E-11
23429.0,0.7216035634743876,0.23385300668151449,0.044543429844097995
24047.0,0.0015144797509222157,0.9984822600786494,3.2601704282529253E-6
23804.0,1.449542751200857E-7,0.05932640895491156,0.9406734460908134
24282.0,5.440104382070835E-15,1.7261228305573036E-12,0.9999999999982684
24521.0,0.5573898349379266,0.32124159014510767,0.12136857491696583
24221.0,0.009566436736557264,0.014535079554393702,0.9758984837090491
24462.0,0.004019334607194449,7.536252388489591E-4,0.9952270401539566
24707.0,0.016036266386758345,0.9532569672491479,0.030706766364093814
23976.0,0.047619047619047616,0.2857142857142857,0.6666666666666666
23739.0,0.05557459494170075,0.9366758215190802,0.007749583539219001
23012.0,0.9808010328308242,0.019198643871990155,3.23297185717523E-7
23249.0,0.8840549299618952,0.11586067400822155,8.439602988331964E-5
23490.0,7.175797172681571E-7,0.4772681787511882,0.5227311036690946
24387.0,0.24679794206422287,0.7526783002568602,5.237576789169827E-4
24654.0,0.001166217428208829,0.22968935068494845,0.7691444318868427
24144.0,0.5801872545396404,0.4198124567208124,2.887395473052833E-7
23670.0,0.94634676602136,0.053652703746259287,5.302323807088378E-7
23909.0,0.15050419072753354,0.8461503203318026,0.0033454889406639102
23311.0,0.016787926864531212,0.20975888346006286,0.773453189675406
23068.0,0.02011397921555481,0.1340931947703654,0.8457928260140798
23841.0,0.020659118916085913,0.979338571396486,2.3096874280515413E-6
23602.0,0.645969882272867,0.050327205111581,0.303702912615552
24084.0,4.114128909693477E-4,0.9404241599270979,0.05916442718193269
24327.0,0.007593245049204229,0.0028474668934515856,0.9895592880573442
24586.0,0.9659794548855133,0.03399323532256988,2.730979191689974E-5
23128.0,0.4157214820701001,0.5838417495678817,4.3676836201813116E-4
23371.0,4.352013826628205E-4,0.9711720148281132,0.02839278378922386
23807.0,1.6893102838324763E-6,0.22969336842873853,0.7703049422609777
24044.0,8.470021362810508E-8,0.03972055349525334,0.960279361804533
24522.0,0.2078026359909971,0.7122706275711868,0.07992673643781617
24281.0,0.031936127744510975,0.8782435129740519,0.08982035928143713
23430.0,0.017342216735740254,0.9825647953146296,9.298794963010046E-5
23189.0,0.05676172796273025,0.9359718920936889,0.007266379943580766
23013.0,7.450129137506566E-6,0.35262947891075724,0.6473630709601053
23248.0,2.5894233253916795E-5,0.9997422503452178,2.3185542152836944E-4
23491.0,0.17940523312442916,0.782890526711228,0.03770424016434275
24220.0,0.9762124385434995,0.023656082389898404,1.3147906660219345E-4
24706.0,0.4374865764403426,0.5601001920808,0.002413231478857377
24463.0,0.935870219523524,0.06412030159683481,9.478879641166391E-6
23977.0,0.4268237286028075,0.35170572519965687,0.22147054619753567
23738.0,0.004485855481629366,0.5191973120336324,0.4763168324847383
23310.0,0.2642383297381074,0.7266554067797953,0.009106263482097268
23069.0,0.01248316647325678,0.8670334869134707,0.12048334661327251
24386.0,0.009876481288628428,0.9785955200333272,0.011527998678044282
24655.0,0.005952999480629989,0.9940468622478326,1.3827153735623664E-7
24145.0,0.9560331957923345,0.04396680417937316,2.8292354171410617E-11
23671.0,0.0016278766483656519,0.24052133827774455,0.7578507850738899
23908.0,6.983762975205345E-14,1.8370370432535224E-5,0.9999816296294975
23129.0,0.012690294672944101,0.9647491814640442,0.022560523863011734
23370.0,0.9815095555614552,0.018487084723638254,3.3597149065503447E-6
23840.0,0.0063084315087186624,0.44017427856362384,0.5535172899276575
23603.0,0.07531799984719435,0.9244839614230632,1.9803872974236933E-4
24085.0,1.0550366717704636E-19,1.6298724479973867E-8,0.9999999837012756
24587.0,0.012578616352201259,0.05660377358490566,0.9308176100628931
24326.0,0.13063583657633498,0.8641774936304695,0.00518666979319553
23431.0,4.659975644758615E-5,0.9977012606319147,0.0022521396116377853
23188.0,1.1419630374555153E-15,1.725900719751342E-4,0.9998274099280238
23806.0,0.0014103545330295389,0.2500961520532121,0.7484934934137584
24045.0,0.7114938511842154,0.2847816574882741,0.0037244913275105134
24523.0,0.751177888649456,0.24655016716900008,0.0022719441815439965
24280.0,0.016657264392897296,0.949628844286284,0.03371389132081864
24262.0,1.1507180279015549E-4,0.03439753133641274,0.9654873968607971
24533.0,2.958220755253334E-5,0.11961448473128802,0.8803559330611593
24051.0,0.04365345869711215,0.06984553391537944,0.8865010073875084
23776.0,0.010199009924441602,0.0368120514460314,0.952988938629527
22975.0,0.14003722186017817,0.859685747801334,2.7703033848797354E-4
23178.0,0.09431367703752133,0.7477654390191678,0.15792088394331089
23449.0,0.22770398481973436,0.6072106261859583,0.16508538899430744
24344.0,0.029518599616950005,0.8479438511034657,0.12253754927958428
24597.0,0.2987964179851846,0.7010393835428996,1.6419847191578185E-4
24075.0,0.014492753623188406,0.18840579710144928,0.7971014492753623
23597.0,2.2640265371718452E-7,0.04320818018228749,0.9567915934150589
23870.0,0.3110380542008015,0.18390816129374568,0.5050537845054529
23380.0,1.871799259429616E-6,0.15318554598657552,0.846812582214165
23111.0,0.0801887232426121,0.9015371293784435,0.018274147378944304
23930.0,0.935870219523524,0.06412030159683481,9.478879641166391E-6
23657.0,0.02271368610001278,0.1009497160000568,0.8763365978999305
24143.0,1.0207048766108851E-5,0.986362187615142,0.013627605336092008
24657.0,0.9477443733700102,0.052249795866829325,5.830763160529887E-6
24412.0,0.7916955065519009,0.2058028260477546,0.002501667400344621
23043.0,0.189174234855427,0.6806741457664208,0.13015161937815217
23312.0,0.7745362856163507,0.22197814440501148,0.0034855699786378574
23716.0,0.06612582503805664,0.9337952243879294,7.895057401391628E-5
23991.0,0.8534032625923941,0.1461214363591584,4.7530104844751463E-4
24465.0,0.18332443248813976,0.7924123752188038,0.024263192293056565
24732.0,0.10366314605702805,0.8963366849065572,1.6903641477656603E-7
24194.0,0.694907119886523,0.3045578081839538,5.35071929523164E-4
23517.0,0.370151399676736,0.6298485816604469,1.866281701771591E-8
23246.0,0.9232174456516508,0.07668073424141601,1.0182010693327366E-4
23035.0,0.008393381516036498,0.7775722248244387,0.21403439365952498
22974.0,0.2475768553097113,0.7022834468775749,0.05013969781271378
23179.0,0.010687046325506214,0.7640841841626852,0.22522876951180865
23448.0,0.0017126979447545283,0.998287259370458,4.268478739162526E-8
24263.0,0.2344597952722139,0.7621820836878359,0.0033581210399501937
24532.0,0.019023067776424377,9.404714904116055E-5,0.9808828850745346
24050.0,0.8534032625923941,0.1461214363591584,4.7530104844751463E-4
23777.0,0.013172905683996516,0.2986377183315662,0.6881893759844373
23381.0,0.9992257236360998,7.742763620399521E-4,1.8601974671090248E-12
23110.0,4.659975644758615E-5,0.9977012606319147,0.0022521396116377853
24345.0,3.8479432689130575E-12,2.1122477519073806E-6,0.9999978877484003
24596.0,0.01925820256776034,0.10699001426533523,0.8737517831669045
24074.0,0.8840549299618952,0.11586067400822155,8.439602988331964E-5
23596.0,0.010199009924441602,0.0368120514460314,0.952988938629527
23871.0,0.15384615384615385,0.5384615384615384,0.3076923076923077
23042.0,4.521994555002403E-9,5.217053722385282E-4,0.9994782901057669
23313.0,4.82592265400074E-5,4.82592265400074E-5,0.99990348154692
23931.0,0.09006381287660074,0.7123453803111447,0.1975908068122545
23656.0,7.987856713449375E-7,0.8049414857890966,0.195057715425232
24142.0,0.0010779430632399222,0.8597130052890342,0.139209051647726
24413.0,0.023201839243879103,0.10763456785326163,0.8691635929028592
24656.0,0.0012959299448198844,0.9047567390454401,0.09394733100974006
23516.0,5.106563710135376E-4,0.6182290638208697,0.3812602798081168
23247.0,0.94634676602136,0.053652703746259287,5.302323807088378E-7
23034.0,0.012398325379445796,0.9843109014348431,0.0032907731857111503
23717.0,1.185631203253789E-8,1.5024607819114738E-7,0.9999998378976098
23990.0,0.959823100537509,0.04017686480012757,3.4662363635916195E-8
24464.0,8.143398604329453E-8,0.9784911205319857,0.021508798034028307
24733.0,0.9959092923446412,0.004090707540200537,1.1515819101055845E-10
24195.0,0.7800939079725092,0.21914002359126072,7.660684362302279E-4
24535.0,0.16340137378509126,0.8309824020956147,0.00561622411929404
24260.0,0.5879549995132436,0.4084674417955589,0.003577558691197568
23778.0,0.7357961569722343,0.2495542334342225,0.014649609593543165
24049.0,0.014492753623188406,0.18840579710144928,0.7971014492753623
22973.0,0.9043338434072226,0.09515857463342692,5.075819593506423E-4
23451.0,0.003190172447648158,0.9967988397465462,1.0987805805674536E-5
23176.0,0.7800823876828067,0.21974350677993967,1.7410553725369802E-4
24073.0,0.0052454998188241845,0.15294316827117124,0.8418113319100046
24599.0,0.0013552154462777397,0.9981142535672274,5.305309864948328E-4
24346.0,0.009455198121527527,0.9870832603222203,0.0034615415562522693
23868.0,0.034020281321557086,0.9447170428524697,0.021262675825973174
23599.0,0.8047112078344347,0.19324063019821153,0.0020481619673538504
23109.0,0.4260550858426888,0.5737619245348728,1.829896224383671E-4
23382.0,0.07270691483253265,0.682709333966612,0.2445837512008554
23659.0,0.02702702702702703,0.05405405405405406,0.918918918918919
23928.0,0.9150655669138916,0.0848406238295473,9.380925656109311E-5
24414.0,0.012578616352201259,0.05660377358490566,0.9308176100628931
24659.0,0.007113192400104277,0.8422614643118714,0.15062534328802427
24141.0,0.9498453558266521,0.050039586562339526,1.1505761100830066E-4
23314.0,0.0028472560767501876,0.9479661545395573,0.04918658938369251
23041.0,0.8494297122435058,0.14359031380464096,0.006979973951853193
23989.0,4.2969058036161856E-4,0.7201489471999236,0.2794213622197148
23718.0,1.0514481789391764E-4,0.29960262820954475,0.7002922269725612
24192.0,0.9218603928345068,0.07806962727077567,6.997989471766984E-5
24467.0,9.691413069536906E-6,0.8993956534362206,0.10059465515070987
24734.0,8.51631843048477E-6,0.8050751420168375,0.194916341664732
23244.0,0.8548812664907652,0.09287598944591029,0.052242744063324534
23519.0,0.08936846244253543,0.7552650593224884,0.15536647823497607
23033.0,0.01712109093823488,0.9539714357974876,0.028907473264277558
22972.0,1.280601205706423E-15,1.730724661518443E-6,0.9999982692753372
23450.0,0.0013552154462777397,0.9981142535672274,5.305309864948328E-4
23177.0,0.14173939286324225,0.8545722255888912,0.0036883815478665942
24534.0,0.028239529936872575,0.42045218022856246,0.5513082898345649
24261.0,0.9821694126099103,0.017707626279178258,1.2296111091137935E-4
23779.0,0.05273897347355203,0.28253021503688586,0.664730811489562
24048.0,1.9478211672495563E-8,3.574751669313949E-4,0.999642505354857
23108.0,0.00413607373795994,0.7852802563555754,0.21058366990646465
23383.0,3.5861563756444374E-4,0.10741161916808949,0.892229765194346
24072.0,3.38827637252917E-17,2.2422313383496833E-5,0.9999775776866164
24347.0,0.012578616352201259,0.05660377358490566,0.9308176100628931
24598.0,9.187940917126479E-4,0.2295502058648646,0.7695310000434227
23869.0,0.012313759936781809,0.07599783039443377,0.9116884096687844
23598.0,1.6427453228563265E-5,0.03325874282922511,0.9667248297175465
23315.0,0.4589548487097165,0.5379680621286792,0.0030770891616042502
23040.0,0.027597095394792236,0.7831528335963506,0.18925007100885716
23658.0,0.8855146700550207,0.11399693915501849,4.88390789960867E-4
23929.0,0.06946134561570128,0.6814302312509031,0.24910842313339568
24415.0,0.003644252944264228,0.9023073149417791,0.09404843211395669
24658.0,0.0028967040656552464,0.997096203121045,7.092813299856325E-6
24140.0,2.404699602189176E-17,3.407193478721943E-5,0.9999659280652128
23245.0,9.231412452823932E-23,1.945037328171839E-7,0.9999998054962672
23518.0,0.1348314606741573,0.6067415730337078,0.2584269662921348
23032.0,0.001557642036872901,0.9961637339335928,0.0022786240295341376
23988.0,0.9921295384795805,0.00786797519265899,2.4863277605709922E-6
23719.0,0.01737646749170369,0.7983815429175137,0.18424198959078258
24193.0,0.011952684275665242,0.9133119122194591,0.07473540350487566
24466.0,4.719504778090705E-11,2.8606475885692857E-4,0.999713935193948
24735.0,0.8534032625923941,0.1461214363591584,4.7530104844751463E-4
23593.0,0.182491386827264,0.5029825749597368,0.3145260382129993
23866.0,0.5161793459090918,0.48375416272041016,6.649137049802713E-5
24348.0,0.003037841383871636,0.2519764301805617,0.7449857284355667
24593.0,0.009566436736557264,0.014535079554393702,0.9758984837090491
24079.0,0.0019671375833855147,0.6088225275976307,0.38921033481898387
23376.0,0.10450926921822247,0.8387470299310065,0.05674370085077099
23107.0,0.009923469005801133,0.8315451239439153,0.15853140705028365
24055.0,0.7406306267233379,0.25935841253722364,1.0960739438365081E-5
