22958.0,0.003305360385554648,0.9966945038079319,1.3580651339236258E-7
23195.0,3.0230318336333577E-4,0.9996970698037844,6.270128522426619E-7
23432.0,3.752706894794956E-11,1.6800324637564483E-4,0.9998319967160972
24279.0,0.28732332834958973,0.7119872819676796,6.893896827306638E-4
24516.0,5.812335576542344E-8,0.1446470685253814,0.8553528733512629
24034.0,0.07881704362674678,0.9199231665717534,0.0012597898014998468
23793.0,7.172806449465275E-6,0.36079327977525244,0.6391995474182981
23365.0,1.0809815266737109E-16,5.484266701962789E-7,0.9999994515733296
23126.0,0.9794379918038791,0.020561953009395447,5.518672555673148E-8
24329.0,9.982378926545901E-4,0.8184941285711625,0.18050763353618274
24580.0,0.8640831757117685,0.1359166557753175,1.6851291387227177E-7
24090.0,6.806153407958931E-5,0.6435642277004849,0.35636771076543555
23612.0,0.9987182852045243,0.001281714782730049,1.2745651119113968E-11
23855.0,0.9159135949365697,0.08408640409770478,9.657255020027016E-10
23058.0,0.958709616352351,0.041290372325602384,1.1322046589086793E-8
23297.0,1.0092866473904485E-13,2.648372233770706E-4,0.999735162776522
23915.0,0.11368225188450903,0.8841659928988064,0.002151755216684569
23672.0,0.31625292994654736,0.6830545033399728,6.92566713479828E-4
24158.0,0.0024068942014084114,0.9692287508147971,0.028364354983794488
24640.0,0.7815189954155388,0.21848099690143777,7.683023290058953E-9
24397.0,3.845305628079974E-12,1.131998354560086E-4,0.9998868001606986
23500.0,0.9677165531924579,0.0322834021798687,4.462767360339355E-8
23263.0,6.188024822474533E-10,0.007176546178264983,0.9928234532029325
23018.0,1.6578325312696563E-29,4.4216459193585785E-12,0.9999999999955784
23733.0,0.9505386630443972,0.049459271279272105,2.0656763308096524E-6
23974.0,0.9997836485146075,2.1635148521372764E-4,1.786285323849926E-13
24448.0,6.579818197618917E-20,1.1933225759569601E-8,0.9999999880667741
24717.0,0.014088588939180026,0.9584630900703623,0.027448320990457655
24211.0,4.751442237040438E-14,1.935742957416228E-4,0.9998064257042109
24278.0,0.9744663549168081,0.025533189807198122,4.5527599367848886E-7
24517.0,0.0158722172084014,0.9832311894091954,8.965933824031573E-4
24035.0,0.997179602494978,0.0028203974607753897,4.42466469455967E-11
23792.0,0.9651290529319629,0.03487094696398905,1.0404801910226339E-10
22959.0,7.310538118700808E-4,0.6977289581655678,0.3015399880225622
23194.0,0.3738517058810396,0.6261482805629373,1.355602328913511E-8
23433.0,0.24792502339957287,0.7520736593265416,1.3172738857282566E-6
24581.0,0.9209510736003143,0.07904892414423119,2.255454514713679E-9
24328.0,7.336593914812038E-4,0.9843586255769355,0.014907715031583212
24091.0,3.8247927961693335E-8,0.06997393042504654,0.9300260313270255
23613.0,0.8034300243214539,0.1965698118984119,1.637801341500151E-7
23854.0,0.6693927043893716,0.3305829183404142,2.4377270214244393E-5
23364.0,9.78226797195947E-18,3.9785806471898153E-7,0.9999996021419353
23127.0,0.9973962806384934,0.0026037193001754665,6.133114206583985E-11
23914.0,0.9859940605664681,0.01400593939986462,3.366740282033451E-11
23673.0,6.995659409718058E-5,0.8054427649806488,0.1944872784252541
24159.0,0.9904212954545633,0.009578693263847827,1.12815888935911E-8
24641.0,0.8450085078016688,0.15499145675684872,3.5441482468651446E-8
24396.0,0.7434488852405009,0.256534005529643,1.710922985617654E-5
23059.0,7.288789438883468E-5,0.9995014929199736,4.2561918563775296E-4
23296.0,7.60558910196738E-8,0.011267126831955441,0.9887327971121536
23732.0,5.27266247063939E-9,0.002536867400427839,0.9974631273269098
23975.0,0.03995778553148573,0.9600320874976328,1.0126970881474551E-5
24449.0,4.204424370275334E-15,3.639716073151524E-5,0.9999636028392643
24716.0,1.4630583914634903E-9,2.112432621053614E-4,0.9997887552748362
24210.0,2.699203452945965E-17,8.79349244393723E-6,0.999991206507556
23501.0,1.1623613675450087E-5,0.12764076131646473,0.8723476150698598
23262.0,7.854206670258471E-16,3.1476188461429094E-6,0.999996852381153
23019.0,0.9996788496842975,3.2115031564420573E-4,5.819889498902543E-14
22956.0,0.6178269178512443,0.38217308113947995,1.0092758656764869E-9
23434.0,1.758882367949166E-13,1.120967760421675E-5,0.9999887903222199
23193.0,6.166045394924308E-8,0.9946299651031404,0.005369973236405667
24518.0,1.071353099404156E-23,3.050426633026826E-9,0.9999999969495734
24277.0,3.3976473369080446E-5,0.417756243036233,0.582209780490398
23795.0,3.0936711402560366E-9,0.0030924820775097375,0.996907514828819
24032.0,5.029768632558685E-9,0.05155778850079605,0.9484422064694352
23124.0,0.045365872578225504,0.9517007809824306,0.002933346439343874
23367.0,9.54018847080833E-6,0.4062405897302334,0.5937498700812956
24088.0,1.2296465615607924E-4,0.9998596394749487,1.739586889525914E-5
24331.0,0.9999866457254759,1.3354274523731985E-5,4.37693101596419E-16
24582.0,9.131238781811159E-10,0.005525561390362789,0.9944744376965133
23853.0,3.9470514334208394E-4,0.9996046352361221,6.596205359520869E-7
23614.0,3.610015581257139E-25,6.3234659509385574E-9,0.999999993676534
23299.0,1.674533034273846E-4,0.9984930931213482,0.0013394535752243658
23056.0,0.17230254877555495,0.8276901975306643,7.253693780637644E-6
23674.0,0.008938549148401406,0.9613833595964209,0.02967809125517779
23913.0,0.0010252636659341047,0.9348363945808431,0.0641383417532229
24399.0,5.2125067494254693E-23,3.3534957280778397E-10,0.9999999996646505
24642.0,0.9991804571184232,8.195428804113764E-4,1.1654420204111847E-12
24156.0,9.083535487480781E-35,2.7137250637776625E-14,0.9999999999999729
23261.0,1.9523167135036486E-11,0.0010541617940716234,0.9989458381864051
23502.0,0.9997557484189363,2.442515810216921E-4,4.203340861828957E-14
23016.0,0.5443944742612757,0.45424508125663865,0.0013604444820854782
23972.0,1.6364550389821536E-15,2.183824208487116E-6,0.9999978161757899
23735.0,0.9996782033888115,3.2179661102646153E-4,1.6198125044634527E-13
24209.0,0.13597400139834656,0.8635397700717178,4.8622852993559785E-4
24719.0,0.6073309841562363,0.3926689094488616,1.0639490206006844E-7
24450.0,0.9964776827156548,0.0035223172752749305,9.0701146822813E-12
24519.0,1.2400677729386229E-9,0.006508616660714911,0.9934913820992174
24276.0,5.628830928488399E-26,6.495290639469403E-11,0.9999999999350471
23794.0,4.9480774702925015E-20,1.1384252880878935E-7,0.9999998861574712
24033.0,7.980890088121244E-4,0.9760618719248797,0.023140039066308227
22957.0,0.4993346862720308,0.5004192355433529,2.4607818461624276E-4
23435.0,0.6168496602740983,0.38311833435901016,3.2005366891545095E-5
23192.0,0.9995306071238566,4.693928698558513E-4,6.287680773681611E-12
24089.0,0.9592837987506058,0.04071614778354525,5.346584909150214E-8
24583.0,0.9979101433755844,0.0020898565902114073,3.4204212021721805E-11
24330.0,0.988016296583196,0.011983703041221537,3.7558245294492275E-10
23852.0,0.48465815171074333,0.5153412907758057,5.575134509868967E-7
23615.0,0.004629116226054872,0.9862314326538668,0.00913945112007819
23125.0,0.9923522624608081,0.0076477375053728746,3.381909785229182E-11
23366.0,2.1312857224845863E-21,2.1164198132937838E-9,0.9999999978835801
23675.0,3.7270283178143804E-10,0.0016723926965973193,0.9983276069306999
23912.0,0.9886492076474234,0.011350766963500415,2.538907620430529E-8
24643.0,1.0752598870908014E-11,2.2040468504844644E-4,0.9997795953041989
24398.0,0.06612628080358435,0.9335240817524794,3.49637443936389E-4
24157.0,0.1449371543894381,0.8550603614728416,2.4841377203907622E-6
23298.0,0.99992984449465,7.015550531957939E-5,3.042265040291417E-14
23057.0,1.2958307812786032E-6,0.8972465408814433,0.10275216328777552
23973.0,0.9987491830720647,0.0012508167696106487,1.5832464951007916E-10
23734.0,0.07786654240260907,0.9221269548431097,6.502754281227093E-6
24208.0,0.9997378351642257,2.62164835126258E-4,6.478885832156005E-13
24451.0,4.169546212121204E-14,4.3657040412999884E-4,0.9995634295958283
24718.0,2.658999881964672E-11,2.1629687560728407E-4,0.9997837030978027
23260.0,0.1610153603239032,0.8389651632839626,1.9476392134143504E-5
23503.0,0.0011331151536939032,0.13265496464574494,0.8662119202005611
23017.0,2.1414341523617498E-4,0.3822002050714439,0.61758565151332
23361.0,0.0017284112127224397,0.7375862201304746,0.260685368656803
23122.0,0.002394563058653078,0.9900292055557537,0.007576231385593361
23608.0,0.012463632532288167,0.9600349544112906,0.02750141305642124
23851.0,2.5319268088225034E-30,1.5050346083759466E-12,0.999999999998495
24576.0,0.09140655833224685,0.8709858712121982,0.03760757045555511
24333.0,7.592439168190148E-13,1.422243728718184E-4,0.9998577756263688
24094.0,1.522311598506238E-8,0.0021634335609564963,0.9978365512159275
23199.0,0.07993598553000497,0.916775344019126,0.0032886704508692213
23436.0,4.168880218862204E-6,0.9695496886058695,0.030446142513911686
22954.0,0.027517750350408657,0.9611393659261771,0.011342883723414285
24038.0,0.053642785042276805,0.9462889854263999,6.822953132320116E-5
23797.0,0.9991674135166301,8.325864789418092E-4,4.428059226499272E-12
24275.0,6.506293990414245E-32,4.264311210262789E-12,0.9999999999957356
24512.0,1.1679243462337992E-4,0.998860314624116,0.0010228929412605962
23022.0,9.74991588663721E-6,0.9999525343291222,3.771575499115421E-5
23496.0,1.6615777052294092E-6,0.17925629392277373,0.820742044499521
23259.0,1.0123621763675184E-11,0.0025047587929377096,0.9974952411969387
24452.0,0.9998779978969572,1.2200210298170114E-4,6.094500012116183E-14
24713.0,0.012175032304497083,0.9465916263357373,0.04123334135976568
24215.0,0.06152303695016699,0.93406360233612,0.004413360713713164
23729.0,2.839241183910362E-6,0.8147166321664274,0.1852805285923886
23970.0,0.9992839617894079,7.160382104854157E-4,1.0669044250200899E-13
23062.0,1.252496404507135E-5,0.9875311378436175,0.012456337192337425
23301.0,0.9996276739129805,3.723260856506439E-4,1.3689152237966308E-12
24154.0,2.589176729324099E-4,0.9312667482744769,0.0684743340525908
24644.0,3.0994729637405354E-10,0.07154565844618474,0.928454341243868
24393.0,0.8246242521976573,0.1753627958458888,1.2951956453853643E-5
23919.0,1.7843664345612523E-20,2.3075756997288677E-8,0.999999976924243
23676.0,0.9396790717349667,0.0603186445567855,2.283708247827533E-6
23609.0,1.5741449213845185E-4,0.9894357023819301,0.01040688312593138
23850.0,0.6129710605746043,0.3869999792887989,2.89601365967505E-5
24577.0,0.002375488416860927,0.9449184583627944,0.05270605322034478
24332.0,1.339914731848862E-19,1.615928063142325E-6,0.9999983840719369
24095.0,1.6599508211047985E-27,2.5538492239534693E-10,0.9999999997446152
23360.0,1.528596332928769E-7,0.009227486437870325,0.9907723607024964
23123.0,1.3729599042252796E-5,0.4304006751796492,0.5695855952213086
24039.0,0.5474606286398306,0.4525343431593419,5.028200827540846E-6
23796.0,4.1506146541238924E-15,1.1608305083413146E-5,0.9999883916949125
24274.0,1.56138387474676E-14,8.722766811585773E-6,0.9999912772331729
24513.0,1.6284638674387714E-14,3.07957030821639E-4,0.9996920429691621
23198.0,0.8847934217934004,0.11520657617729567,2.0293040846118235E-9
23437.0,3.844358575650938E-8,0.9977344583861272,0.002265503170287073
22955.0,3.7438696257965047E-4,0.9985445238355596,0.0010810892018607021
24712.0,0.7870950612250603,0.2129045899844074,3.487905322258005E-7
24453.0,0.9999818848803479,1.8115119651422686E-5,6.151261466559074E-16
24214.0,0.99936048051131,6.395194867936368E-4,1.8964322939636446E-12
23728.0,6.969055854086149E-9,0.04619751095695693,0.9538024820739872
23971.0,0.023341988493982765,0.9766119039878327,4.6107518184627644E-5
23023.0,8.30060682571822E-9,0.1392397072448623,0.8607602844545309
23497.0,2.4739400970505676E-4,0.8191326464944716,0.18061995949582327
23258.0,1.6293416828956901E-15,6.560255439489509E-7,0.9999993439744543
24155.0,7.896382993175647E-5,0.9987579242186214,0.0011631119514468713
24645.0,0.9987594170989625,0.0012405828970506667,3.986841102966086E-12
24392.0,0.9895623832138174,0.010437616698093418,8.808912651462413E-11
23918.0,0.1627826453496597,0.8371350008159097,8.235383443056955E-5
23677.0,2.3545002476102445E-21,1.9611066066503745E-7,0.9999998038893392
23063.0,0.991733834694095,0.00826616237043311,2.9354719355006966E-9
23300.0,0.9915238930686594,0.008476106914249833,1.7090877519165033E-11
23120.0,4.4018454435933275E-10,0.0974695881993842,0.9025304113604312
23363.0,0.9159895443945435,0.08401041420415957,4.140129699382541E-8
23849.0,1.6045690539716762E-8,0.012566237617043927,0.9874337463372655
23610.0,1.6773567006812359E-6,0.9812733601868106,0.018724962456488702
24092.0,0.04000390546297887,0.9561283744713859,0.003867720065635364
24578.0,2.711736804484896E-29,1.3080124086779954E-13,0.9999999999998692
24335.0,5.690045508023503E-11,0.007407519154495309,0.9925924807886043
23438.0,7.48354351394693E-21,2.5483559790637725E-9,0.999999997451644
23197.0,2.831904311894872E-15,1.2862657290128534E-5,0.9999871373427072
22952.0,0.024310808738679475,0.9712848912922056,0.004404299969114946
23799.0,1.4460848896149489E-8,0.30478066134913423,0.6952193241900169
24036.0,1.4359945096353402E-7,0.7175982850229543,0.2824015713775947
24514.0,2.2453864740952607E-7,0.1574345601310464,0.8425652153303061
24273.0,0.2824429454564715,0.7174759158861806,8.11386573478713E-5
23020.0,2.7368295251149414E-11,0.0021030422639799233,0.9978969577086517
23257.0,0.9992018651095415,7.981348869275374E-4,3.530990785625935E-12
23498.0,0.6708548295972898,0.3290151191283688,1.3005127434134647E-4
24213.0,0.6759698368292182,0.32401545928602343,1.4703884758324984E-5
24454.0,0.9291566186092843,0.07084338121420573,1.765099318433531E-10
24715.0,2.655337320898388E-4,0.8386768808418573,0.16105758542605267
23968.0,4.471763354240042E-6,0.999138529671356,8.569985652897104E-4
23731.0,2.7347818802537405E-18,5.6708626858203E-8,0.9999999432913732
23303.0,1.036682308111025E-14,2.18203705891585E-5,0.9999781796294006
23060.0,1.0259160477899395E-11,2.7577038845349295E-4,0.9997242296012874
24395.0,0.6990259873210246,0.3009738613454817,1.5133349353290756E-7
24646.0,0.9714332498101899,0.028566749509093384,6.807169228300553E-10
24152.0,2.7605964578792857E-15,2.0783150915679138E-5,0.9999792168490816
23678.0,0.9358091829766296,0.06419053380876527,2.832146052375986E-7
23917.0,0.027616215227602776,0.972346091311713,3.76934606843992E-5
23848.0,2.056980480872951E-4,0.9993754760443455,4.188259075671118E-4
23611.0,0.0023364069845902523,0.9341799901346499,0.06348360288075995
24093.0,0.060872054773720895,0.9390970005976074,3.094462867185468E-5
24334.0,6.008110063831704E-12,0.0019165322256693843,0.9980834677683225
24579.0,1.5720627971963426E-5,0.8207910886070906,0.17919319076493742
23121.0,2.8582791877954244E-10,0.004151166205641931,0.99584883350853
23362.0,0.9751616752479076,0.024838311124557123,1.3627535111413179E-8
23798.0,8.849750413214306E-6,0.8695294541879733,0.13046169606161348
24037.0,0.002620652892243517,0.9270525503638912,0.07032679674386517
24515.0,0.4481776228460323,0.5498753891651849,0.001946987988782802
24272.0,0.6371212549004828,0.36284772109330793,3.102400620921098E-5
23439.0,0.6926064945660402,0.3073849240429276,8.581391032098995E-6
23196.0,5.673310331783483E-22,2.8282857918180264E-9,0.9999999971717142
22953.0,0.9994801737905316,5.198262076344206E-4,1.833959852529631E-12
24212.0,0.2490278539575093,0.7509720687829128,7.725957794079033E-8
24714.0,6.566996471257694E-12,0.003269484902943315,0.9967305150904897
24455.0,4.2297073494914705E-8,0.02147084452864535,0.9785291131742813
23969.0,0.0010622124726499447,0.6438631249867321,0.35507466254061776
23730.0,0.9617481162081887,0.03825180797640572,7.581540552538981E-8
23021.0,0.8318491299258947,0.16815086805811347,2.0159918959929224E-9
23256.0,1.2538476435773644E-12,6.384549973536115E-4,0.9993615450013926
23499.0,0.00107110645462353,0.8297153426013049,0.16921355094407153
24647.0,1.6391518618811777E-16,1.2489397994652081E-7,0.9999998751060197
24394.0,0.9965783318505274,0.0034216680793392952,7.013331660663337E-11
24153.0,0.05714693009032889,0.9428529525058695,1.1740380158171311E-7
23679.0,2.2919511555351705E-18,3.4934347979868166E-7,0.9999996506565202
23916.0,1.289305303999281E-28,1.9934061236135588E-13,0.9999999999998006
23302.0,0.8701660862937057,0.12983340417712597,5.095291683036255E-7
23061.0,4.5889203486708374E-4,0.995019418927393,0.004521689037739814
23907.0,0.057226481933144294,0.9427548764710061,1.864159584944335E-5
23664.0,0.0582235786807987,0.9399103352699503,0.0018660860492509
24150.0,2.2962706586944766E-9,7.318244446385943E-4,0.9992681732590907
24648.0,0.9388370200677902,0.06116297919396294,7.382469483045258E-10
24389.0,4.404399158376042E-4,0.9213779659676076,0.0781815941165549
23066.0,0.7627686527927936,0.2372137016200299,1.764558717648929E-5
23305.0,2.390751577934052E-15,9.266395774301055E-6,0.9999907336042233
23741.0,0.053846699069997256,0.9455109580664606,6.423428635422334E-4
23982.0,2.0138487095642068E-9,9.885027863968479E-4,0.9990114951997543
24456.0,0.9457166275675707,0.05428333339112055,3.9041308845526795E-8
24709.0,0.0018293965234838921,0.9196895547801927,0.07848104869632339
24219.0,0.0026623105884063113,0.9973298867618435,7.802649750013178E-6
23492.0,0.5257571838547999,0.47401767019029917,2.2514595490100497E-4
23255.0,3.930661534296711E-9,0.044276688393310344,0.9557233076760282
23010.0,0.005378294328987272,0.994137008400815,4.8469727019758227E-4
24287.0,5.746052759040667E-13,8.661446202233352E-4,0.9991338553792021
24524.0,0.9782533090266669,0.021746690967917197,5.416043745942143E-12
24042.0,0.04946956400807888,0.9505302371214424,1.988704788980819E-7
23801.0,3.6281531411427378E-6,0.9995445358636916,4.518359831673111E-4
23187.0,5.125412130283611E-5,0.6161903707817376,0.38375837509695954
23424.0,0.9974601403886347,0.002539859559556979,5.180825841202058E-11
24321.0,1.2927444233435253E-9,0.00787338384290044,0.9921266148643553
24588.0,0.030088454007002677,0.9665021234297447,0.0034094225632527258
24082.0,0.3204143792785617,0.6795640755013901,2.1545220048129333E-5
23604.0,0.06516092263474887,0.9348300731273783,9.004237872695908E-6
23847.0,0.9999667138522018,3.3286147791984576E-5,6.2862626669364934E-15
23373.0,0.6258531152859811,0.37408833513176587,5.8549582253094654E-5
23134.0,3.764336745958004E-12,0.10216120390671325,0.8978387960895224
23067.0,0.991967414091942,0.008032585515489613,3.9256826147926045E-10
23304.0,0.08368292071229393,0.9162678272323389,4.9252055367316914E-5
23906.0,0.9991061114233251,8.938885678347318E-4,8.840297612772857E-12
23665.0,0.04149475423357059,0.9322953384744612,0.02620990729196815
24151.0,0.9868831855984068,0.013116814387805016,1.3788273640909878E-11
24388.0,0.31129347777387745,0.6887056655012619,8.567248608228213E-7
24649.0,1.3425688372021346E-5,0.6319405376208563,0.3680460366907717
23493.0,0.5619080763923221,0.43788332173050754,2.08601877170333E-4
23254.0,5.5017797139044344E-8,0.009137582177692609,0.9908623628045103
23011.0,0.9997962478296896,2.0375217027383087E-4,3.661589518273153E-14
23740.0,0.9462629085800658,0.053737090695227384,7.24706867922817E-10
23983.0,6.913457809458834E-4,0.9992837830793231,2.4871139730934522E-5
24708.0,4.894822242413098E-12,5.441299567328621E-5,0.9999455869994318
24457.0,0.009684128139893888,0.9903155323743561,3.39485750050405E-7
24218.0,1.5341497200992727E-19,3.4552307692413964E-8,0.9999999654476924
23186.0,0.9689226403987612,0.031077359480157853,1.2108097182188845E-10
23425.0,0.008365470938603991,0.9915901546606435,4.4374400752639514E-5
24286.0,5.313196976968949E-4,0.7645173788652474,0.23495130143705567
24525.0,2.7204627115867524E-6,0.6534324037297341,0.3465648758075543
24043.0,0.809278759043449,0.19068307028834658,3.817066820440417E-5
23800.0,0.9995795763623423,4.204236172963305E-4,2.0361347396007284E-11
23372.0,0.0445421432501773,0.950590169565461,0.004867687184361547
23135.0,1.8922601905573147E-8,0.6262384166903546,0.3737615643870433
24320.0,0.00393281458658118,0.9906545558514781,0.005412629561940763
24589.0,4.253060347741358E-27,4.089634578842989E-10,0.9999999995910365
24083.0,2.2908942175302846E-12,2.6876932613124664E-5,0.9999731230650959
23605.0,5.0667827077490355E-11,0.0028775748482196,0.9971224251011126
23846.0,0.34575881485995463,0.6541767995656446,6.438557440079322E-5
23666.0,0.9994467814543806,5.532185437472951E-4,1.872213653263656E-12
23905.0,2.5929929578726555E-23,1.0554826306654531E-10,0.9999999998944518
24650.0,2.0396905629255935E-16,1.5896808227975955E-5,0.9999841031917718
24391.0,0.2589332527335496,0.7410667216070355,2.5659415028464534E-8
24148.0,2.724727515928588E-7,0.9447228186683019,0.05527690885894644
23307.0,0.9775495436238861,0.02245032659526283,1.2978085102437176E-7
23064.0,1.3711716750612614E-5,0.27594702920288866,0.7240392590803607
23980.0,0.9945027972240262,0.00549720272236708,5.3606636428696756E-11
23743.0,0.0038017013292326054,0.5612648420778664,0.43493345659290095
24217.0,1.164826132984959E-24,5.429040779114705E-12,0.999999999994571
24711.0,0.9999682477110746,3.175228892469186E-5,7.385739444457765E-16
24458.0,5.96132217786257E-7,0.09816282541852404,0.9018365784492582
23253.0,5.741752990473429E-21,1.218882545170556E-8,0.9999999878111746
23494.0,0.9892918754358211,0.010708042560700482,8.200347826442784E-8
23008.0,1.880601941676323E-9,0.0029094101849896116,0.9970905879344084
24526.0,1.3769752565644648E-4,0.9722705297224953,0.027591772751848254
24285.0,3.116025899085877E-27,9.201903291886222E-11,0.9999999999079809
23803.0,8.979479002606362E-20,7.491770828294116E-8,0.9999999250822919
24040.0,1.3758230276933425E-10,4.260938082139374E-4,0.9995739060542038
23426.0,0.9277207983113837,0.07227920153833474,1.5028173378821925E-10
23185.0,7.758763245969148E-28,3.198562761221997E-11,0.9999999999680145
24080.0,0.32792599192014527,0.6720739346987297,7.33811250463945E-8
24323.0,0.07464978237838762,0.9253499560933338,2.615282785662412E-7
24590.0,0.4017458056985956,0.5982538653677703,3.2893363400939573E-7
23845.0,0.9958873895578143,0.004112610189065142,2.531205092264159E-10
23606.0,0.9999696765755512,3.0323424445053324E-5,3.848603367163982E-15
23132.0,2.681537168474494E-4,0.9633391223736362,0.036392723909516415
23375.0,2.2321378898876988E-8,9.526911441801578E-4,0.999047286534441
23306.0,0.009724054485700608,0.9895680088862729,7.079366280263266E-4
23065.0,1.128314823966239E-18,8.974060116312677E-8,0.9999999102593989
23667.0,0.9998012886164455,1.9871138333504444E-4,2.1960978621455675E-13
23904.0,7.389847869626426E-5,0.907262561224868,0.09266354029643581
24390.0,2.4643939979755985E-4,0.6221749946613508,0.37757856593885164
24651.0,2.660898042114501E-14,3.7123867146963535E-4,0.9996287613285036
24149.0,0.08255390661125571,0.917337527772248,1.085656164962095E-4
23252.0,0.014331250882170798,0.9847920629210972,8.76686196732002E-4
23495.0,0.17094001982006132,0.8289954135067616,6.456667317700758E-5
23009.0,0.9996278081823937,3.7219181723173006E-4,3.7444877124269487E-13
23981.0,2.0075322819678206E-10,0.0033057130428875725,0.9966942867563591
23742.0,0.7027596297937349,0.2972403629260785,7.280186562474963E-9
24216.0,7.596757193394537E-8,0.9192212502573504,0.08077867377507772
24459.0,0.8886080484004667,0.1113919484395054,3.160027847696033E-9
24710.0,8.646478267877925E-18,3.826485867660639E-7,0.9999996173514133
23427.0,3.665498894326265E-28,8.644675760372641E-13,0.9999999999991356
23184.0,2.3081590367389162E-5,0.37067337791319654,0.6293035404964361
24527.0,0.9322752985726183,0.0677218390498732,2.862377508471094E-6
24284.0,5.758554729519629E-13,0.005872698559265981,0.9941273014401583
23802.0,2.362467999241138E-14,3.6777727254618205E-5,0.9999632222727218
24041.0,0.2194365924541004,0.7804188383461181,1.4456919978141856E-4
23133.0,0.0032109758564652733,0.9967250448349333,6.397930860137559E-5
23374.0,0.49952003841350745,0.5004037957472364,7.61658392561036E-5
24081.0,0.5459348339584233,0.4540582780401005,6.888001476179376E-6
24591.0,1.1221485152363872E-4,0.9983992899750339,0.0014884951734426585
24322.0,0.9819403326473197,0.01805966719708328,1.5559702825406912E-10
23844.0,0.023953187403625276,0.976045750431384,1.0621649906298662E-6
23607.0,6.546902392664943E-4,0.96328966112151,0.0360556486392234
24705.0,1.224911661320285E-31,2.5990888181924037E-14,0.999999999999974
24460.0,0.25443218605959983,0.7455375746244286,3.0239315971614033E-5
24223.0,4.584909577668996E-6,0.7087793062214486,0.29121610886897364
23737.0,0.05582008328748452,0.9435475636464304,6.323530660849895E-4
23978.0,0.5338265170843527,0.46617331493830594,1.6797734140722278E-7
23014.0,0.9862183205836672,0.01378167938310963,3.322318601522957E-11
23488.0,1.4856041179556415E-24,2.348076379764011E-9,0.9999999976519236
23251.0,8.669590626989743E-7,0.0992551449180513,0.900743988122886
24146.0,0.9951435702188319,0.004856404780637178,2.5000530823829144E-8
24652.0,5.457639320994893E-10,0.25904494663158034,0.7409550528226557
24385.0,0.7945493506678006,0.2054506327186162,1.6613583232807712E-8
23911.0,2.3951143070730137E-5,0.30804631429327917,0.6919297345636501
23668.0,0.9950233602785329,0.0049766393237242156,3.9774297648760113E-10
23070.0,1.4564983925849397E-5,0.756491422659187,0.2434940123568871
23309.0,4.993279791192306E-6,0.9662020487590018,0.03379295796120693
23600.0,4.071105007532931E-18,1.3522918811858566E-7,0.9999998647708118
23843.0,0.9925993970899395,0.007400602773781137,1.362793628841463E-10
24325.0,0.18022541547334797,0.819720961608188,5.362291846391367E-5
24584.0,0.9981068700912056,0.0018931298295772564,7.92170423532836E-11
24086.0,2.0307171296277103E-10,0.006645973312726549,0.9933540264842018
23369.0,0.0011144205422635384,0.975191737230046,0.02369384222769042
23130.0,0.9987514100363579,0.001248589963521905,1.201628707625243E-13
24046.0,0.017734073515821725,0.9636198450498005,0.018646081434377793
23805.0,0.8530583364355359,0.14694166186795932,1.6965049203642009E-9
24283.0,0.3514604776390434,0.6485363902724468,3.1320885096992407E-6
24520.0,0.9810002746990643,0.018999692744333965,3.255660164925814E-8
23191.0,3.9694293884587133E-4,0.99804688993462,0.0015561671265341625
23428.0,0.9700555070421084,0.029944490905260857,2.0526305527357687E-9
23015.0,0.0031743192398485166,0.9424764956917234,0.05434918506842809
23489.0,0.9989075899287921,0.0010924100587443044,1.2463446644559228E-11
23250.0,6.156368989738091E-7,0.2282215877777451,0.771777796585356
24704.0,9.821423663936173E-19,6.1791134716719674E-6,0.9999938208865282
24461.0,5.754577768125752E-12,0.005197627783563408,0.994802372210682
24222.0,9.350610346828063E-13,1.5306171147500796E-5,0.9999846938279174
23736.0,1.0725100968515142E-18,1.1524777889635915E-6,0.9999988475222109
23979.0,0.5546626507044707,0.44528841757704274,4.893171848661218E-5
23071.0,0.999218332125237,7.816678716657195E-4,3.0972801230788742E-12
23308.0,0.008952046361077621,0.9910465016863675,1.4519525550862684E-6
24147.0,9.026185230210189E-20,7.054725451619696E-8,0.9999999294527454
24653.0,2.3774663778623562E-7,0.09673714789642102,0.9032626143569412
24384.0,0.003542015908272803,0.9964172577590522,4.072633267492402E-5
23910.0,2.4848099535999514E-20,1.0415689335286525E-7,0.9999998958431067
23669.0,0.9998321654008642,1.6783459905406924E-4,8.158962198600325E-14
23368.0,5.741673834858168E-14,1.6120752531236462E-4,0.9998387924746303
23131.0,1.6710610141667682E-19,3.086746022185943E-8,0.9999999691325397
23601.0,0.014679998355084089,0.9555312988842563,0.029788702760659688
23842.0,7.113941115540887E-5,0.30508575026287504,0.6948431103259696
24324.0,0.0041580359447167805,0.9548260260174595,0.04101593803782395
24585.0,4.200605425509699E-8,0.022045670025883944,0.9779542879680619
24087.0,1.0974205256573821E-10,1.526805112617755E-4,0.9998473193789961
23190.0,0.9996149324464503,3.8506755312083733E-4,4.2878344905653406E-13
23429.0,0.05975162397557243,0.9402483369401194,3.908430821404781E-8
24047.0,0.03716034807674498,0.9628390750936696,5.768295855159963E-7
23804.0,1.7901774835480117E-11,9.026901778472885E-5,0.9999097309643135
24282.0,1.4625218391561488E-12,6.225108305951939E-6,0.9999937748902316
24521.0,0.9615967603583341,0.03840216356768532,1.0760739804550454E-6
24221.0,3.7264521880964046E-13,4.797769179925104E-6,0.9999952022304475
24462.0,1.7703218905094564E-21,7.657653943336873E-9,0.999999992342346
24707.0,0.020778862203195046,0.9791978126584577,2.3325138347255684E-5
23976.0,1.823267996223982E-6,0.025516483199058693,0.974481693532945
23739.0,0.0027981047042696656,0.9585568498609156,0.03864504543481475
23012.0,0.9425155082529947,0.05748437330496167,1.1844204365329534E-7
23249.0,0.9766476772366741,0.023352321801813163,9.61512782737431E-10
23490.0,9.702283673750793E-12,0.0013363281370942412,0.9986636718532035
24387.0,2.381254127267859E-5,0.9998678360315211,1.0835142720622663E-4
24654.0,4.237721078795973E-31,2.0967926296689244E-13,0.9999999999997904
24144.0,0.9340775799730213,0.06592240832861736,1.169836126176141E-8
23670.0,0.9999564862664084,4.351373358497743E-5,6.686059985061852E-15
23909.0,0.07655698947975598,0.9234369103205627,6.100199681428514E-6
23311.0,2.088717070683945E-5,0.8371879652773082,0.16279114755198512
23068.0,1.628831426262486E-7,0.047037491500045076,0.9529623456168124
23841.0,0.0024067943400398056,0.9975214223089711,7.178335098908589E-5
23602.0,0.001350387174958478,0.9925981667806486,0.006051446044392915
24084.0,5.74295674347972E-7,0.15631164239185083,0.8436877833124747
24327.0,6.076100652879549E-16,2.067966832460052E-5,0.9999793203316748
24586.0,0.6562497332688572,0.34374317328690596,7.093444236913754E-6
23128.0,0.015196045022944677,0.9817331694502129,0.003070785526842437
23371.0,4.005129923388939E-4,0.9604689519649225,0.03913053504273858
23807.0,1.0709386229794032E-8,0.4257335889397612,0.5742664003508526
24044.0,4.4418686892914827E-7,0.4335606946966877,0.5664388611164434
24522.0,0.013413761485298029,0.985845362765991,7.408757487108768E-4
24281.0,1.8564785210065515E-12,0.0012512571854830065,0.9987487428126605
23430.0,0.005561985554587145,0.9943978976616886,4.0116783724215225E-5
23189.0,0.001618090539292805,0.9983670217076331,1.488775307400594E-5
23013.0,2.1912741179714824E-8,0.13984685481423434,0.8601531232730245
23248.0,2.9827961185773937E-4,0.9996963780661862,5.342321956263425E-6
23491.0,0.3393473125177042,0.6606108952923883,4.179218990754753E-5
24220.0,0.9988527284917716,0.001147271478536672,2.9691775065750235E-11
24706.0,0.9119034354421696,0.0880951042749406,1.460282889887535E-6
24463.0,0.9999817690941201,1.8230905879540024E-5,3.9301698799554154E-16
23977.0,0.03379072588979083,0.9355399622067807,0.030669311903428628
23738.0,9.41604475095011E-5,0.9965818005593081,0.003324038993182387
23310.0,7.15403480278893E-7,0.6119113268511523,0.3880879577453675
23069.0,1.9821734693494776E-7,0.26727933234098694,0.7327204694416661
24386.0,0.0023145642714082633,0.9677798452308044,0.029905590497787238
24655.0,0.25726415896177335,0.7427358339947566,7.043470122289323E-9
24145.0,0.9999238112837454,7.618871623473222E-5,1.994951799801047E-14
23671.0,3.7262096843825056E-22,2.6194441412855996E-7,0.9999997380555858
23908.0,7.56880459881692E-19,1.0153479375844955E-8,0.9999999898465207
23129.0,7.222629226200393E-6,0.999899305611779,9.347175899473432E-5
23370.0,0.9503868273959782,0.049612971357543875,2.0124647796381596E-7
23840.0,3.140830470461092E-5,0.8423242163414003,0.15764437535389517
23603.0,0.04172615774849075,0.958224011862508,4.983038900118288E-5
24085.0,2.2874857560254794E-18,5.6744692117679275E-6,0.9999943255307882
24587.0,8.949178105874667E-12,0.002226782109322066,0.9977732178817287
24326.0,0.11239927944071666,0.8874366441853542,1.6407637392920138E-4
23431.0,1.1535085661743934E-5,0.9999858791860382,2.5857283000498477E-6
23188.0,7.148014313305176E-19,3.3074518645312666E-7,0.9999996692548135
23806.0,1.4962840955773965E-4,0.9270803630151987,0.07277000857524363
24045.0,0.008101106183949932,0.991732465773005,1.664280430450682E-4
24523.0,0.01798243434839408,0.980896721168444,0.0011208444831620125
24280.0,2.6491130243718237E-5,0.99979652541745,1.7698345230632827E-4
24262.0,3.2233489501281643E-19,2.46988006340953E-8,0.9999999753011993
24533.0,5.5577374040109424E-9,0.07453007692819634,0.9254699175140664
24051.0,4.123498389994487E-12,8.685926132324155E-5,0.9999131407345532
23776.0,5.488640438770539E-13,1.1131640687528412E-5,0.9999888683587635
22975.0,0.09514378395739446,0.9048395713599874,1.6644682618131107E-5
23178.0,0.0019720614541013626,0.9979305926175419,9.734592835667181E-5
23449.0,0.05118249903188166,0.9360502118285011,0.012767289139617144
24344.0,5.14819032530426E-5,0.666205020936817,0.33374349715993
24597.0,0.00784840819767667,0.9917585039996357,3.9308780268774226E-4
24075.0,5.3628207015215514E-12,3.810313225220418E-4,0.9996189686721151
23597.0,1.153503848898284E-10,0.0011858132382330806,0.9988141866464165
23870.0,8.912063641241694E-8,0.03045132782283184,0.9695485830565317
23380.0,6.4842500715376364E-9,0.02407669013012716,0.9759233033856228
23111.0,5.388629858018008E-5,0.9986969427427311,0.0012491709586885703
23930.0,0.9999817690941201,1.8230905879540024E-5,3.9301698799554154E-16
23657.0,3.750849345685308E-28,2.68184428271469E-13,0.9999999999997318
24143.0,0.0022249367345612745,0.9977733377103358,1.7255551028004906E-6
24657.0,0.9998216787448732,1.7832125490906478E-4,2.177493911913969E-13
24412.0,0.05065120203846413,0.9488249418797808,5.238560817551447E-4
23043.0,0.0012090376849885629,0.9972167290023952,0.0015742333126162592
23312.0,0.5336615433885954,0.4663173046550832,2.115195632146881E-5
23716.0,0.9154628084026669,0.0845367249574467,4.6663988651114485E-7
23991.0,0.9934064786622696,0.006593520495089243,8.426411333651497E-10
24465.0,0.9946632746229522,0.0053367250465807346,3.3046721634763924E-10
24732.0,0.8860864807284459,0.11391351791943682,1.3521174515370837E-9
24194.0,0.8019887043663655,0.19801119795261987,9.768101462119189E-8
23517.0,0.8788086355379541,0.12119136353278673,9.292591474720925E-10
23246.0,0.9998376359237735,1.6236407602750338E-4,1.9884571046658357E-13
23035.0,2.736671603562279E-4,0.48968445567709934,0.5100418771625445
22974.0,0.00186695101631637,0.9810238235392365,0.017109225444447217
23179.0,0.013892613474698902,0.9846657462227468,0.0014416403025541596
23448.0,0.3099258652622489,0.6900740903791261,4.4358624905885134E-8
24263.0,0.9997772308903535,2.2276910962345874E-4,2.3023850929244876E-14
24532.0,6.093869626188303E-6,0.3459691189234223,0.6540247872069515
24050.0,0.9843795801426386,0.015620416177862377,3.6794991821770013E-9
23777.0,1.6647247528000624E-8,0.01952690276372486,0.9804730805890276
23381.0,0.9999606639855931,3.93360144021625E-5,4.7608264905890215E-15
23110.0,8.630868122970457E-4,0.9991368917814939,2.140620904367743E-8
24345.0,5.991322822086444E-11,0.0012810519291268367,0.99871894801096
24596.0,7.170685915750339E-10,1.4205650820234574E-4,0.9998579427747291
24074.0,0.9374186828505923,0.0625813162275816,9.218260637013975E-10
23596.0,6.451859184542582E-26,6.349438211735694E-11,0.9999999999365057
23871.0,2.6421147746090642E-6,0.44049348379094483,0.5595038740942806
23042.0,1.2361894327841006E-18,2.2585014931781216E-6,0.9999977414985068
23313.0,3.706347481606123E-4,0.30145628364426424,0.6981730816075752
23931.0,0.021007575593455126,0.9752340721565474,0.003758352249997252
23656.0,1.5499421251246427E-9,0.0061195371192176275,0.9938804613308403
24142.0,0.04818686163788237,0.9219707291203109,0.029842409241806707
24413.0,1.9017949827912293E-12,3.820046665670403E-5,0.9999617995314416
24656.0,0.015375413402242199,0.9846214255991862,3.1609985716984006E-6
23516.0,1.3234449813293185E-4,0.8792918361663996,0.1205758193354673
23247.0,0.9999898768189404,1.0123181059178751E-5,4.2983308589408505E-16
23034.0,0.018819854165211362,0.9787155830923794,0.0024645627424092795
23717.0,1.2966540158594248E-6,0.007185274699615897,0.9928134286463682
23990.0,0.9406962855430254,0.059303588074098725,1.2638287589307112E-7
24464.0,3.213873871687359E-7,0.9927632929696366,0.007236385642976219
24733.0,0.9997134086233156,2.865913752966992E-4,1.3877248027143922E-12
24195.0,0.9788656042368622,0.021134388111776904,7.651360964714772E-9
24535.0,0.23604878294136933,0.7639510183873526,1.9867127798182714E-7
24260.0,0.9991311627681776,8.688372311995243E-4,6.229307176380479E-13
23778.0,0.828004225830883,0.17198616679465217,9.60737446486747E-6
24049.0,4.338472341246349E-16,2.546452061633395E-5,0.9999745354793831
22973.0,0.9976073547134116,0.002392645266055616,2.0532806638263094E-11
23451.0,3.1115453560144466E-4,0.9996878506054339,9.94858964752793E-7
23176.0,0.8853845827333784,0.11461538469653268,3.2570088854078436E-8
24073.0,0.12385634186428904,0.8761433008295516,3.573061592343051E-7
24599.0,0.9994907539229134,5.092460770580478E-4,2.8481437042799095E-14
24346.0,0.4123238852931166,0.587673803104211,2.311602672317149E-6
23868.0,0.6323521920929375,0.3676477929668427,1.4940219830514528E-8
23599.0,0.9996931877165006,3.068122827248226E-4,7.745649834673598E-13
23109.0,0.693559348394761,0.3064273247041959,1.3326901043070057E-5
23382.0,1.6457568738585612E-9,0.005151567401889618,0.9948484309523535
23659.0,2.508595690491967E-20,7.906225983335119E-9,0.999999992093774
23928.0,0.9219574291968287,0.07804239894296632,1.7186020499535218E-7
24414.0,4.1560941847834206E-22,2.4871450228569944E-8,0.9999999751285498
24659.0,1.7430623311187157E-5,0.6685455163240025,0.3314370530526864
24141.0,0.9990276312265641,9.723686857440651E-4,8.76918276319297E-11
23314.0,0.001550674068329168,0.9973415284976654,0.0011077974340053733
23041.0,0.9999721148791832,2.7885120815151667E-5,1.503093630330216E-15
23989.0,4.525676325324491E-4,0.6029821149133369,0.3965653174541307
23718.0,1.0228372809124076E-8,0.02191330198909361,0.9780866877825337
24192.0,0.9597671158004031,0.040232758922990094,1.252766069132256E-7
24467.0,1.1899252298089526E-5,0.6495511608308002,0.35043693991690167
24734.0,2.5607693595761508E-19,2.6790581406092665E-8,0.9999999732094185
23244.0,5.78607673040423E-4,0.999243055509035,1.783368179244308E-4
23519.0,9.157096406306254E-5,0.9217378963713447,0.07817053266459228
23033.0,3.545373528288219E-4,0.9047104544587655,0.09493500818840576
22972.0,1.5698853067067704E-24,1.0272051569371084E-11,0.999999999989728
23450.0,0.989737525873006,0.010262474123883166,3.110861291610443E-12
23177.0,0.06551198328526069,0.9340895708502304,3.9844586450911207E-4
24534.0,3.039050859931402E-15,9.178296120292243E-6,0.9999908217038767
24261.0,0.9973831392744288,0.0026168604704206373,2.5515063734735994E-10
23779.0,1.2366862756888256E-7,0.10536332382228555,0.8946365525090868
24048.0,2.2095022458082724E-7,0.04338570472745721,0.9566140743223182
23108.0,2.4762566372403454E-11,0.024062944317037087,0.9759370556582003
23383.0,4.7152246461039894E-12,0.002430105814859046,0.9975698941804256
24072.0,9.787641709085875E-23,8.98182228717057E-10,0.9999999991018178
24347.0,1.1601282808743085E-6,0.008118297874333116,0.9918805419973861
24598.0,1.3912477176539541E-11,3.351895156656132E-4,0.9996648104704219
23869.0,2.70091451749427E-13,2.0394079661002094E-5,0.9999796059200688
23598.0,4.965147994878414E-5,0.17084990498286387,0.8291004435371873
23315.0,0.4195955216226875,0.5804043465919869,1.3178532559005162E-7
23040.0,3.912901325960834E-4,0.9845318157842411,0.015076894083162734
23658.0,0.9989928884641943,0.0010071115249188321,1.0886732219052384E-11
23929.0,6.392466843518557E-10,0.007510402117890897,0.9924895972428623
24415.0,1.1046620365749386E-10,2.2511877186970293E-4,0.9997748811176641
24658.0,0.26351849941222516,0.7364814156392467,8.494852808056695E-8
24140.0,4.777524168565546E-24,2.4613132090210027E-8,0.9999999753868679
23245.0,1.5661716748508065E-34,1.71958199012444E-14,0.9999999999999829
23518.0,6.539990086921666E-25,1.0758480833045345E-10,0.9999999998924152
23032.0,4.371113469986931E-4,0.9980580751704173,0.0015048134825840227
23988.0,0.9223902317201941,0.07760857835730856,1.1899224974734916E-6
