22958.0,0.022837385886448992,0.9525005912780092,0.024662022835541853
23195.0,0.02345404769151948,0.9528177993785287,0.02372815292995181
23432.0,0.013268612311433869,0.09601003860097716,0.8907213490875889
24279.0,0.285100139997142,0.5212316986384894,0.19366816136436849
24516.0,0.007207557410832354,0.3201414008894472,0.6726510416997205
24034.0,0.05214945020600694,0.6999362403318163,0.24791430946217663
23793.0,0.027103780495718047,0.39387441210118845,0.5790218074030935
23365.0,0.019348792534453197,0.09468798416993178,0.885963223295615
23126.0,0.4739219251103149,0.4341803566644041,0.091897718225281
24329.0,0.40400984296163833,0.4367616067791143,0.1592285502592474
24580.0,0.8387688367627342,0.12920039493107507,0.03203076830619073
24090.0,0.3140924250170303,0.39918534244905834,0.2867222325339113
23612.0,0.7849001561588965,0.21313374929392725,0.0019660945471762043
23855.0,0.022398052895208586,0.95464067138629,0.022961275718501366
23058.0,0.49773346677973607,0.43748636174084654,0.06478017147941735
23297.0,0.019656644358717952,0.2743892956358544,0.7059540600054276
23915.0,0.33447731204942616,0.6150219683047138,0.05050071964586011
23672.0,0.19690816825974547,0.5374717391818725,0.26562009255838204
24158.0,0.2960292842688979,0.5286003875020784,0.1753703282290237
24640.0,0.05706378980582588,0.92144170245442,0.021494507739753987
24397.0,0.0935803829989697,0.450943242344224,0.4554763746568063
23500.0,0.8331685797699039,0.16141556994476536,0.005415850285330847
23263.0,0.20137250839489557,0.391224255951729,0.40740323565337555
23018.0,9.591627555699415E-5,0.07538243382373766,0.9245216499007054
23733.0,0.4895609399700168,0.3889364305901986,0.1215026294397846
23974.0,0.8871397700255109,0.11158814999815564,0.0012720799763334875
24448.0,0.009670381929540613,0.2002364789031303,0.7900931391673292
24717.0,0.3522671692216763,0.395728849011879,0.25200398176644484
24211.0,0.03955163784504759,0.5505992772719039,0.40984908488304833
24278.0,0.6055927489501435,0.36470274232853517,0.0297045087213214
24517.0,0.5643723935738463,0.36012778330192735,0.0754998231242264
24035.0,0.8570045185533219,0.14094765108186522,0.002047830364812921
23792.0,0.0246501186731628,0.9519974388315424,0.023352442495294775
22959.0,0.07033690805231989,0.5388923197352817,0.39077077221239837
23194.0,0.01408615101041317,0.9090695216339065,0.0768443273556803
23433.0,0.6619938935373091,0.2885578762442375,0.04944823021845334
24581.0,0.05650451618373453,0.8915757877907146,0.05191969602555084
24328.0,0.13391723514195655,0.5389874871107125,0.3270952777473308
24091.0,0.028016895606015467,0.3863616801153007,0.5856214242786839
23613.0,0.43817278529372944,0.5423393916675083,0.019487823038762238
23854.0,0.5617445788967383,0.36910171665278024,0.06915370445048147
23364.0,0.0022078233381835816,0.05748913181768315,0.9403030448441332
23127.0,0.8874848488627128,0.11097829378449138,0.0015368573527958513
23914.0,0.0246501186731628,0.9519974388315424,0.023352442495294775
23673.0,0.7470896412374448,0.23609746529322545,0.016812893469329692
24159.0,0.6900750558109428,0.27508471959543784,0.03484022459361934
24641.0,0.757113459580413,0.23920128683107347,0.0036852535885135455
24396.0,0.4944977147733684,0.4827316066182585,0.022770678608373115
23059.0,0.021961925297874975,0.9550564188756647,0.022981655826460372
23296.0,0.018379506173456815,0.4855578792876831,0.4960626145388601
23732.0,0.0022864994729942275,0.2168955343307736,0.7808179661962321
23975.0,0.5130089396897349,0.4300806977414957,0.05691036256876937
24449.0,0.03270273424438389,0.5357041648324771,0.4315931009231391
24716.0,0.21275225823909608,0.4496550686083744,0.33759267315252955
24210.0,5.157364123899804E-4,0.04894851962129611,0.9505357439663139
23501.0,4.7337276671072443E-4,0.053325005567980185,0.9462016216653091
23262.0,9.67486525615177E-4,0.08905807353790757,0.9099744399364773
23019.0,0.7517335322965402,0.24224408732814123,0.006022380375318557
22956.0,0.03853693477199247,0.9223415172001249,0.039121548027882605
23434.0,3.603603603603606E-5,0.057906482234828714,0.9420574817291353
23193.0,0.02853853692273705,0.9513248451202821,0.020136617956980803
24518.0,0.00428690157003206,0.1609201599389516,0.8347929384910163
24277.0,0.23741515923887607,0.5051026402611148,0.2574822005000092
23795.0,0.007796352109391212,0.20771311750120536,0.7844905303894034
24032.0,0.04304848409059903,0.4484652351764077,0.5084862807329933
23124.0,0.41152046127296754,0.4119912685021106,0.17648827022492183
23367.0,0.08948760651842855,0.5843690797339147,0.32614331374765676
24088.0,0.01204045133775024,0.9357449501359815,0.052214598526268294
24331.0,0.9113093652355637,0.0875041880921819,0.0011864466722543373
24582.0,0.00946750920000577,0.23384148140681607,0.7566910093931782
23853.0,0.021961925297874975,0.9550564188756647,0.022981655826460372
23614.0,0.07138478420103435,0.4116680746377165,0.5169471411612492
23299.0,0.024124901585450956,0.8006277051499878,0.1752473932645612
23056.0,0.6617859969728027,0.2981200887187796,0.040093914308417744
23674.0,0.05427628441563611,0.372682836737376,0.573040878846988
23913.0,0.01812876134715718,0.46754599191223767,0.5143252467406052
24399.0,0.004069996692650484,0.103723871269243,0.8922061320381066
24642.0,0.7139661390066285,0.26550260795362013,0.020531253039751386
24156.0,6.818675143339952E-4,0.06369796452520927,0.9356201679604567
23261.0,0.0035617168001943617,0.22763405230623207,0.7688042308935735
23502.0,0.7518921389184642,0.24652350919008867,0.0015843518914470738
23016.0,0.5906024773199559,0.32444198348588127,0.0849555391941628
23972.0,0.06621828667652306,0.3994349619659094,0.5343467513575676
23735.0,0.8620440496660379,0.1313545070654351,0.006601443268526961
24209.0,0.02537665945870713,0.5240996120088179,0.45052372853247497
24719.0,0.02222711272426842,0.9450252867709055,0.03274760050482616
24450.0,0.5413290135352192,0.4555651818316128,0.00310580463316803
24519.0,0.12419845091978007,0.468617629504148,0.40718391957607203
24276.0,0.005051438905496777,0.13643265912315525,0.858515901971348
23794.0,0.03967212005397585,0.48408899969931113,0.476238880246713
24033.0,0.1586097448961651,0.49302345228379585,0.34836680282003907
22957.0,0.19153922467851028,0.6000517354400575,0.20840903988143203
23435.0,0.5400580152108616,0.39880425428579747,0.061137730503340856
23192.0,0.2464234669641267,0.6180519249359676,0.13552460809990566
24089.0,0.5994009055145467,0.3838170666215543,0.01678202786389903
24583.0,0.7985075864690525,0.19229177715811055,0.009200636372837023
24330.0,0.7532053639941876,0.2368177131293801,0.00997692287643227
23852.0,0.44523328571212506,0.5454780263673037,0.009288687920571139
23615.0,0.3679753033588998,0.4809645813858417,0.15106011525525861
23125.0,0.5763525852965996,0.419284257446256,0.004363157257144384
23366.0,0.04027756959806209,0.4199445112991954,0.5397779191027424
23675.0,0.04210410676696911,0.24144656963634722,0.7164493235966837
23912.0,0.6599701457123682,0.29855011203210585,0.04147974225552593
24643.0,0.34411244247851064,0.5301449620518259,0.12574259546966346
24398.0,0.25073700810591165,0.6957119214231764,0.05355107047091195
24157.0,0.021002775181767085,0.9490578308834997,0.029939393934733168
23298.0,0.9199218050811337,0.07846628906429848,0.0016119058545678575
23057.0,0.0019868970711522374,0.3637354050595448,0.634277697869303
23973.0,0.530153183575992,0.35176174484170913,0.11808507158229889
23734.0,0.4722602330297652,0.4512300775987208,0.07650968937151399
24208.0,0.8838295391260838,0.1141266553650068,0.002043805508909528
24451.0,0.048140956202892646,0.4771490929126126,0.4747099508844948
24718.0,0.060246994394101555,0.28427283351065286,0.6554801720952457
23260.0,0.16628611667619048,0.54277332621573,0.2909405571080794
23503.0,0.014691824292028581,0.5309719197907272,0.45433625591724414
23017.0,0.1669953174374096,0.47365081450420904,0.3593538680583814
23361.0,0.20302441190784296,0.5775186451965847,0.21945694289557224
23122.0,0.01127414210913906,0.10087600498898197,0.8878498529018789
23608.0,0.19452242311085313,0.6236506535471767,0.18182692334197006
23851.0,2.6422457027439235E-4,0.0567981770996412,0.9429375983300844
24576.0,0.2743769418361474,0.484590930809261,0.2410321273545916
24333.0,0.04814211184885288,0.5556679440244691,0.3961899441266781
24094.0,0.08077580791649407,0.2696900901133548,0.6495341019701512
23199.0,0.477797502625477,0.3424335119129706,0.17976898546155243
23436.0,0.04888323378659393,0.8650384953494306,0.08607827086397553
22954.0,0.2482696476845478,0.5131682979513881,0.2385620543640641
24038.0,0.5092814510293615,0.47291707135891464,0.01780147761172386
23797.0,0.694355549471291,0.3034273691372852,0.0022170813914238804
24275.0,8.530318630637362E-4,0.07450994763072168,0.9246370205062147
24512.0,0.0018407266537259406,0.268756550855718,0.729402722490556
23022.0,0.07390645781818792,0.8744330019604328,0.051660540221379364
23496.0,0.14106436906672826,0.6434636028489003,0.2154720280843715
23259.0,0.014056174781629316,0.21267987754182957,0.773263947676541
24452.0,0.8814824262183403,0.11635897899881875,0.002158594782841014
24713.0,0.1263721508306868,0.5138134195573418,0.3598144296119714
24215.0,0.29306217702405585,0.5852440191057099,0.12169380387023422
23729.0,0.07548848658911005,0.3445755060358237,0.5799360073750662
23970.0,0.05706378980582588,0.92144170245442,0.021494507739753987
23062.0,0.07451983088189543,0.8203041811055031,0.1051759880126015
23301.0,0.8950081929302444,0.10375967408886738,0.0012321329808881384
24154.0,0.14053233820456773,0.6119258696069118,0.2475417921885206
24644.0,7.575757575757578E-5,0.08077864773680037,0.9191455946874422
24393.0,0.29306849773931437,0.564339664960557,0.14259183730012867
23919.0,0.007939259125277964,0.16399933846806433,0.8280614024066577
23676.0,0.48212549941972865,0.44613502275230815,0.07173947782796312
23609.0,0.00354722853533337,0.3062948979868023,0.6901578734778644
23850.0,0.3464386609977134,0.5607183098024064,0.09284302919988015
24577.0,0.013620758530594482,0.3113284920947355,0.6750507493746699
24332.0,0.0022280503255202293,0.3415503486368274,0.6562216010376523
24095.0,0.0,0.2771498747502383,0.7228501252497617
23360.0,0.009113100750504963,0.31059584024984777,0.6802910589996473
23123.0,0.0016711753194623416,0.17137066207624208,0.8269581626042956
24039.0,0.5751508639289235,0.26371991452681676,0.1611292215442597
23796.0,2.422690579900367E-4,0.04593429625133062,0.9538234346906793
24274.0,3.4054014167650534E-4,0.06053845560468881,0.9391210042536347
24513.0,0.026964439541263773,0.3121098961593668,0.6609256642993694
23198.0,0.01482696236490044,0.9546414976830762,0.03053153995202336
23437.0,0.001977504583563738,0.327640757530853,0.6703817378855833
22955.0,0.016879882402277502,0.3341686828692154,0.648951434728507
24712.0,0.11062134900501604,0.8476521890847303,0.04172646191025372
24453.0,0.9001036566260154,0.09850700252625916,0.0013893408477254525
24214.0,0.876992284099948,0.12106829178983693,0.001939424110214964
23728.0,0.036744146998069264,0.39619647546055786,0.5670593775413728
23971.0,0.0246501186731628,0.9519974388315424,0.023352442495294775
23023.0,0.1675678764761327,0.5650108580669514,0.26742126545691586
23497.0,0.5222990126196492,0.31951187949171606,0.1581891078886348
23258.0,7.984031936127744E-5,0.043129051042473956,0.9567911086381647
24155.0,0.10129778277176654,0.8305747324710517,0.0681274847571816
24645.0,0.8838754721499386,0.11370078929329785,0.0024237385567634833
24392.0,0.6724601161761414,0.30962602849432413,0.017913855329534413
23918.0,0.7732224635849573,0.22128532258615297,0.005492213828889726
23677.0,0.005891511669400445,0.25391517542214004,0.7401933129084595
23063.0,0.7485166806914445,0.2284827787697306,0.023000540538824745
23300.0,0.02160824685819845,0.9549373558679584,0.023454397273843214
23120.0,0.0,0.013434627421707795,0.9865653725782921
23363.0,0.821625389301917,0.17398208861328662,0.004392522084796502
23849.0,0.11794512166691477,0.6434757346413624,0.2385791436917227
23610.0,0.022491612500726465,0.5422070847037098,0.43530130279556367
24092.0,0.048850633145700914,0.3996573111972424,0.5514920556570566
24578.0,0.08723913813176729,0.4235684601726837,0.4891924016955491
24335.0,0.03159281292601134,0.37683721216363847,0.5915699749103502
23438.0,0.06578955609906535,0.3507782682876012,0.5834321756133334
23197.0,0.05633825253353393,0.28974678541984406,0.653914962046622
22952.0,0.16386329263373034,0.5308763585327312,0.30526034883353853
23799.0,0.0950403754715804,0.42988085258961933,0.47507877193880027
24036.0,0.0043598044293778,0.25970817077533653,0.7359320247952857
24514.0,0.011693041311242762,0.14781499350906727,0.8404919651796899
24273.0,0.18252159232509957,0.5666670706785286,0.2508113369963717
23020.0,0.023406742483877193,0.2354696609047726,0.7411235966113502
23257.0,0.8874848488627128,0.11097829378449138,0.0015368573527958513
23498.0,0.2318822672140362,0.5506056400496382,0.21751209273632555
24213.0,0.548758793101049,0.42112038576970645,0.030120821129244427
24454.0,0.2953105640518832,0.6906147344475992,0.014074701500517569
24715.0,0.10117440446278866,0.5938730305697879,0.30495256496742357
23968.0,0.024301225480609895,0.8351825567782033,0.14051621774118678
23731.0,0.0018020079307305265,0.1931119320546035,0.805086060014666
23303.0,0.0019999224986437265,0.35875687355891,0.6392432039424463
23060.0,0.30867998016257986,0.47722908270616105,0.21409093713125915
24395.0,0.8835605482626826,0.10700462301194415,0.00943482872537333
24646.0,0.5517464078618318,0.3964868952546286,0.05176669688353953
24152.0,0.04003855708472301,0.34960827786692794,0.6103531650483489
23678.0,0.3945541483517555,0.5216538626170238,0.08379198903122065
23917.0,0.780222092799991,0.19845381851737415,0.02132408868263484
23848.0,6.633001836752365E-4,0.049565795497851964,0.9497709043184729
23611.0,0.3162518511485367,0.5388933445842466,0.14485480426721659
24093.0,0.10344508497263949,0.48136397655133245,0.41519093847602806
24334.0,0.10510307854949749,0.41425103732336793,0.48064588412713455
24579.0,0.02281535493250728,0.5431411431788243,0.4340435018886684
23121.0,0.02083411592148687,0.4412730645598464,0.5378928195186667
23362.0,0.8411775967012123,0.12795109220609718,0.030871311092690576
23798.0,0.19792414041151757,0.536137543293221,0.2659383162952614
24037.0,0.19349063651999135,0.5627375066212359,0.24377185685877284
24515.0,0.16247493198665977,0.5251624446014163,0.312362623411924
24272.0,0.5068279557729365,0.3779629237330516,0.1152091204940119
23439.0,0.7805312705870586,0.21350755159626267,0.005961177816678766
23196.0,0.007354646301601534,0.1749151583970981,0.8177301953013004
22953.0,0.8944732066498902,0.10199038744255039,0.0035364059075593947
24212.0,0.07495404826872124,0.89872184543694,0.02632410629433876
24714.0,0.09821266250876735,0.4798924108443683,0.4218949266468644
24455.0,0.015016613346117645,0.403834533724666,0.5811488529292164
23969.0,0.4971165679781789,0.359937479642539,0.14294595237928195
23730.0,0.6665680131805704,0.3055456408882873,0.02788634593114238
23021.0,0.0708385881354079,0.902921838182034,0.026239573682558224
23256.0,0.014998639479675502,0.3120607987660872,0.6729405617542372
23499.0,0.13463631943002918,0.5901656373624217,0.27519804320754915
24647.0,0.008158466077670038,0.18247502527093873,0.8093665086513913
24394.0,0.7171272312147443,0.2698804503397023,0.012992318445553411
24153.0,0.021961925297874975,0.9550564188756647,0.022981655826460372
23679.0,0.03458711941834463,0.18582890736429136,0.779583973217364
23916.0,0.015925323916133813,0.33715488729179016,0.646919788792076
23302.0,0.31828229941515845,0.5365990637145233,0.1451186368703183
23061.0,0.06477142053614765,0.6179102653016515,0.31731831416220074
23907.0,0.3972389796327424,0.5838674036323304,0.018893616734927222
23664.0,0.03481210220843455,0.45520124314009336,0.5099866546514721
24150.0,0.13302964554496335,0.31138224388281704,0.5555881105722196
24648.0,0.06201420627041089,0.9132061583854582,0.024779635344130996
24389.0,0.039390417425356795,0.3474941018078784,0.6131154807667648
23066.0,0.18173781986079549,0.5987026538264647,0.21955952631273978
23305.0,0.019807563317695762,0.37465423039638246,0.6055382062859217
23741.0,0.19596163245111142,0.540735819250506,0.2633025482983826
23982.0,0.026868645974489423,0.3381630473545278,0.6349683066709828
24456.0,0.690295207538706,0.23884004102948556,0.0708647514318084
24709.0,0.12914756219388998,0.6643498527639343,0.20650258504217575
24219.0,0.022548100853368336,0.9536285858015853,0.023823313345046476
23492.0,0.2390387008749903,0.6351852505314506,0.1257760485935591
23255.0,0.0022126587331519716,0.2837842379630156,0.7140031033038323
23010.0,0.09563022100164756,0.8462898564997657,0.05807992249858675
24287.0,0.0018543874142648578,0.32986643258501125,0.6682791800007238
24524.0,0.0550706746328706,0.9241673757669103,0.020761949600219102
24042.0,0.06905177418363864,0.8289108689439271,0.10203735687243431
23801.0,0.0075055242273545835,0.5855332264092827,0.4069612493633627
23187.0,0.01330624532417181,0.5097496904291782,0.47694406424665003
23424.0,0.8955709928667343,0.10341211570382366,0.0010168914294421114
24321.0,2.136752136752137E-5,0.0466724956372469,0.9533061368413855
24588.0,0.3686948116228524,0.5031944949041443,0.12811069347300327
24082.0,0.18875183917731864,0.5764632869955305,0.23478487382715088
23604.0,0.6176157077022545,0.37769968617803457,0.004684606119710969
23847.0,0.9199218050811337,0.07846628906429848,0.0016119058545678575
23373.0,0.09369406570089234,0.7381220210709113,0.16818391322819629
23134.0,0.014123136268734585,0.5483655619789891,0.4375113017522762
23067.0,0.52619323514724,0.36813891008099164,0.10566785477176827
23304.0,0.5212704961286001,0.42801704585493044,0.05071245801646946
23906.0,0.6532841155656725,0.2838062026754459,0.06290968175888159
23665.0,0.16853727221210948,0.6356432119551438,0.19581951583274662
24151.0,0.024342797682284294,0.9579189643811926,0.017738237936523155
24388.0,0.2489551764194404,0.711476808134704,0.03956801544585538
24649.0,0.01766992355907305,0.21805700441340953,0.7642730720275174
23493.0,0.8050747160691151,0.16961817174676563,0.02530711218411938
23254.0,0.0311460458068255,0.3294850449782141,0.6393689092149603
23011.0,0.6366273913082181,0.34442511514651,0.01894749354527198
23740.0,0.10795025285659736,0.8477338310742757,0.044315916069126944
23983.0,0.013220860477148308,0.9636721474891626,0.023106992033688937
24708.0,0.0397791883586826,0.3666789599865565,0.5935418516547609
24457.0,0.0246501186731628,0.9519974388315424,0.023352442495294775
24218.0,2.1367521367521374E-5,0.11639165220905333,0.883586980269579
23186.0,0.416186321460345,0.511771946327798,0.07204173221185696
23425.0,0.3918746960243892,0.5814185759020851,0.026706728073525636
24286.0,0.0451221829171214,0.6495731388647524,0.3053046782181261
24525.0,7.226247381975972E-4,0.05166283189249826,0.9476145433693041
24043.0,0.24804830037432674,0.6192523102030494,0.13269938942262396
23800.0,0.8738591828794732,0.12018084001884283,0.005959977101683979
23372.0,0.09540140870936054,0.49156360199306404,0.4130349892975754
23135.0,0.05872007894266173,0.8119129666466975,0.12936695441064067
24320.0,0.1563861237442958,0.5581197983493578,0.28549407790634634
24589.0,0.03979653294377346,0.4433605385297177,0.5168429285265089
24083.0,0.013247804941687966,0.30817150645262986,0.6785806886056821
23605.0,0.1325544402637881,0.5284019371076825,0.33904362262852933
23846.0,0.05305862376776832,0.24164970232233546,0.7052916739098962
23666.0,0.8846594243949194,0.11251335811077931,0.0028272174943011897
23905.0,0.005180417487676409,0.1287532810751064,0.8660663014372172
24650.0,0.025386867097669616,0.3943752829160045,0.5802378499863259
24391.0,0.022548100853368336,0.9536285858015853,0.023823313345046476
24148.0,0.012580550616197223,0.5795055052352297,0.4079139441485732
23307.0,0.6195539450477013,0.3337956876462452,0.046650367306053354
23064.0,0.06343110109622646,0.5998237689001608,0.3367451300036128
23980.0,0.8949646828674036,0.10361361075681545,0.0014217063757809164
23743.0,0.5769672020148223,0.38102222312162815,0.042010574863549616
24217.0,0.0014516831207071655,0.16989419198661415,0.8286541248926788
24711.0,0.9093169516714686,0.08892406145723321,0.0017589868712981583
24458.0,0.06554674877048682,0.420393682811605,0.5140595684179082
23253.0,0.02048422579150615,0.3201613054722789,0.6593544687362148
23494.0,0.7455471833964716,0.23542867808611614,0.019024138517412074
23008.0,0.03965164589851152,0.30092444910617444,0.659423904995314
24526.0,7.264306601968221E-4,0.0930719510216769,0.9062016183181263
24285.0,2.136752136752137E-5,0.04617929723672977,0.9537993352419026
23803.0,0.06853610072093745,0.41166930372324756,0.5197945955558151
24040.0,3.603603603603606E-5,0.04635002323306628,0.9536139407308977
23426.0,0.054195326816640584,0.9220651631112043,0.023739510072155114
23185.0,9.347613370315412E-4,0.06152121018777383,0.9375440284751946
24080.0,0.0034413529218454927,0.30624075890477065,0.6903178881733838
24323.0,0.08020184112673055,0.8997427858380466,0.02005537303522293
24590.0,0.04834657297461038,0.920099013540505,0.0315544134848846
23845.0,0.9097186113984403,0.08847460276329763,0.00180678583826208
23606.0,0.8779558660324829,0.12085768729526272,0.0011864466722543373
23132.0,0.4180682989191592,0.47262480060741907,0.10930690047342165
23375.0,0.013914473110859783,0.12970719853094523,0.8563783283581949
23306.0,0.09351114344449922,0.5649165977472701,0.3415722588082308
23065.0,3.1547175608723314E-4,0.09623530386782754,0.9034492243760852
23667.0,0.8959330059370673,0.10174399701769485,0.0023229970452380063
23904.0,0.11272616699884316,0.5626904605664964,0.32458337243466046
24390.0,0.09145190399048465,0.5279280555197527,0.38062004048976256
24651.0,0.017444093482380563,0.3229977801711401,0.6595581263464793
24149.0,0.5792228468285104,0.391346953681654,0.029430199489835565
23252.0,0.44629061088927,0.4865394147237159,0.06716997438701419
23495.0,0.3833241424110981,0.4200093081498738,0.19666654943902825
23009.0,0.5571188740905051,0.42513480141054355,0.017746324498951336
23981.0,0.002317507939117227,0.1441064875171715,0.8535760045437113
23742.0,0.021790985126934795,0.95302650434575,0.025182510527315065
24216.0,0.0037311120366148643,0.25440856564387077,0.7418603223195144
24459.0,0.39497714257997085,0.5956408641639181,0.009381993256111065
24710.0,1.784854547173701E-4,0.0883418401884482,0.9114796743568344
23427.0,0.06085660945189177,0.422754938783998,0.5163884517641102
23184.0,0.2308806635815574,0.5246230389058126,0.24449629751262994
24527.0,0.0727586579483279,0.45544153933363724,0.47179980271803484
24284.0,0.015292413534586744,0.5046918068913245,0.4800157795740887
23802.0,0.16916761803767172,0.5231941349092222,0.30763824705310616
24041.0,0.43461992526721643,0.4774188957006805,0.08796117903210302
23133.0,0.4267090858812279,0.5189606777154019,0.05433023640337033
23374.0,0.3597823731940477,0.5522044512232478,0.08801317558270456
24081.0,0.4166274467824862,0.5260672854633036,0.05730526775421031
24591.0,0.35561181147472465,0.43229811095781057,0.21209007756746476
24322.0,0.8512511102383588,0.14173987194604057,0.007009017815600795
23844.0,0.022837385886448992,0.9525005912780092,0.024662022835541853
23607.0,0.33414855671004884,0.4514414956053813,0.21440994768457003
24705.0,7.984031936127744E-5,0.12866632508341488,0.8712538345972238
24460.0,0.25845605592389165,0.6979186149879604,0.043625329088147924
24223.0,0.038086080722156315,0.46820401899182507,0.49370990028601874
23737.0,0.03594615823020355,0.8393867054495192,0.1246671363202772
23978.0,0.7779683834513315,0.21705107900912113,0.004980537539547329
23014.0,0.0246501186731628,0.9519974388315424,0.023352442495294775
23488.0,0.002698324837554713,0.33392828744302405,0.6633733877194212
23251.0,0.011181865605648047,0.42298858439934484,0.5658295499950072
24146.0,0.40112100089283265,0.4269569443121838,0.17192205479498363
24652.0,0.0011506865226243808,0.39190178612747906,0.6069475273498967
24385.0,0.3080131954199685,0.6733315081664036,0.018655296413627797
23911.0,0.010851727037290178,0.38703228686282726,0.6021159860998826
23668.0,0.8867266803807089,0.1122295426828652,0.0010437769364259125
23070.0,0.1861694592564968,0.4718865293522322,0.34194401139127106
23309.0,0.18081092028128265,0.4001405558227936,0.4190485238959238
23600.0,0.009117799473993339,0.34061516699359384,0.6502670335324128
23843.0,0.6574863814876596,0.338099361715829,0.004414256796511263
24325.0,0.7846727833986694,0.15164849229440502,0.06367872430692549
24584.0,0.8964015879872149,0.10224234855412569,0.0013560634586593928
24086.0,0.09720358502302633,0.35910559191041125,0.5436908230665624
23369.0,0.424384017531052,0.38502153426971014,0.1905944481992378
23130.0,0.0246501186731628,0.9519974388315424,0.023352442495294775
24046.0,0.1260004444339992,0.5745322078699252,0.29946734769607564
23805.0,0.08344909167153214,0.8785040302140739,0.03804687811439411
24283.0,0.7744585419907544,0.21769217593643098,0.007849282072814738
24520.0,0.8100362604349808,0.1863401478407542,0.003623591724264959
23191.0,0.5066331072021314,0.3875480235021809,0.1058188692956877
23428.0,0.49779155095772576,0.48963940016495366,0.012569048877320564
23015.0,0.22878408962228822,0.6330541311533698,0.13816177922434192
23489.0,0.8381661262490254,0.15284122501848169,0.008992648732492727
23250.0,0.06374497325334903,0.5825695073197478,0.35368551942690324
24704.0,0.002665347253755527,0.26147963879991926,0.7358550139463252
24461.0,2.777777777777778E-4,0.002776987363038574,0.9969452348591836
24222.0,0.012164344906043829,0.5201373750875057,0.4676982800064504
23736.0,0.0,0.032527569668282935,0.967472430331717
23979.0,0.32997081271232276,0.4608745411789746,0.20915464610870252
23071.0,0.8602971975497288,0.1358481065218512,0.00385469592842001
23308.0,0.022398052895208586,0.95464067138629,0.022961275718501366
24147.0,0.0022670361560170895,0.05506080971789481,0.9426721541260881
24653.0,0.026604847778228895,0.17881306174658104,0.7945820904751901
24384.0,0.08226301669872772,0.8703786302573554,0.047358353043916855
23910.0,0.0023518106982071416,0.17074505768639436,0.8269031316153985
23669.0,0.9023208949412749,0.09589420105853733,0.0017849040001876814
23368.0,0.11562518709794223,0.5020675715221444,0.38230724137991323
23131.0,1.339285714285714E-4,0.03655713552469029,0.9633089359038811
23601.0,0.07670263392745773,0.7400730636009601,0.18322430247158222
23842.0,0.10230607227413813,0.5676828530562771,0.33001107466958485
24324.0,0.031161505416220484,0.1859291404507658,0.7829093541330138
24585.0,0.10724639458963128,0.5563948680188424,0.3363587373915264
24087.0,7.984031936127745E-5,0.059462138052111736,0.940458021628527
23190.0,0.8506138236759772,0.14751816222504502,0.0018680140989778844
23429.0,0.0801318028727459,0.8962817729248755,0.02358642420237849
24047.0,0.023719383506271754,0.9343549530526946,0.04192566344103365
23804.0,0.04052534901573165,0.2499223569075931,0.7095522940766753
24282.0,0.0352439298298112,0.3678874989415853,0.5968685712286035
24521.0,0.3766295063876284,0.5297017463680966,0.09366874724427483
24221.0,0.022386335695311066,0.2303450399902074,0.7472686243144815
24462.0,7.984031936127742E-5,0.042656895084755155,0.9572632645958835
24707.0,0.04224676388107482,0.5215019814889496,0.4362512546299756
23976.0,0.01011629169451293,0.1774248163286514,0.8124588919768356
23739.0,0.14331675229646845,0.6139533088854537,0.24272993881807786
23012.0,0.3245790511064978,0.47005598442260643,0.20536496447089564
23249.0,0.7622775049976721,0.23116317460490787,0.006559320397419991
23490.0,0.06363821867731081,0.3951583888890828,0.5412033924336064
24387.0,0.02103853692273705,0.9587707910662282,0.020190672011034853
24654.0,1.9826102926961294E-4,0.05594177026013059,0.9438599687105997
24144.0,0.8249383924777948,0.1680767442959764,0.0069848632262288135
23670.0,0.8961538217486571,0.10211946012710896,0.0017267181242338935
23909.0,0.7163116688826702,0.27506515852240654,0.008623172594923333
23311.0,0.007231455735284129,0.39513578452948567,0.5976327597352302
23068.0,0.06247102849949032,0.25935621258862657,0.678172758911883
23841.0,0.23229251682807206,0.7641176785922841,0.003589804579643887
23602.0,0.2794764739390616,0.5977737538020746,0.12274977225886376
24084.0,0.19176389455494466,0.48084747630459085,0.3273886291404644
24327.0,2.0226420891742181E-4,0.06942168168793106,0.9303760541031515
24586.0,0.7430345672641604,0.2393095715825467,0.017655861153292846
23128.0,0.22796103631577463,0.48441869734638726,0.2876202663378381
23371.0,0.3277059120147742,0.4464340541049346,0.2258600338802911
23807.0,0.05654019306053724,0.42346548814720714,0.5199943187922557
24044.0,0.013117333193634043,0.3357596576927726,0.6511230091135933
24522.0,0.7489341322539375,0.23010184914634738,0.020964018599715206
24281.0,0.039161005632011095,0.5544358032787687,0.4064031910892201
23430.0,0.05224183723286324,0.36745007307310296,0.5803080896940338
23189.0,0.10974328825459886,0.8472108923801431,0.0430458193652581
23013.0,9.978087267251325E-4,0.18989037816591434,0.8091118131073606
23248.0,0.025195289685393054,0.9509607743871096,0.023843935927497353
23491.0,0.34431004506193547,0.5508556973706491,0.10483425756741548
24220.0,0.8264294944642336,0.16074509173663787,0.012825413799128483
24706.0,0.31128716575598014,0.5840079713500226,0.10470486289399737
24463.0,0.9093169516714686,0.08892406145723321,0.0017589868712981583
23977.0,0.6871251075659116,0.279006232371901,0.03386866006218748
23738.0,0.2300995337883478,0.4335612962676534,0.3363391699439988
23310.0,0.008723217722263438,0.3419621215457723,0.6493146607319642
23069.0,0.08856212058027461,0.846802790525538,0.06463508889418736
24386.0,0.09294414649918564,0.6318458386006592,0.2752100149001551
24655.0,0.0246501186731628,0.9519974388315424,0.023352442495294775
24145.0,0.9057160705743341,0.0930658657030868,0.0012180637225791412
23671.0,0.005343911478366334,0.2490721642174515,0.7455839243041822
23908.0,2.136752136752137E-5,0.046543159853663425,0.953435472624969
23129.0,0.003481805708239893,0.29706180186725456,0.6994563924245056
23370.0,0.8108799087680502,0.18143500357831657,0.007685087653633179
23840.0,0.07689524635240627,0.46011427083396045,0.46299048281363325
23603.0,0.7487513153180535,0.2163964316950686,0.03485225298687783
24085.0,0.00469435382463182,0.11076922984327155,0.8845364163320967
24587.0,0.3026438639358789,0.4204262142989839,0.2769299217651372
24326.0,0.2208911837187401,0.6072137230311059,0.17189509325015406
23431.0,0.01482696236490044,0.9546414976830762,0.03053153995202336
23188.0,0.021198198685718872,0.25616379204280754,0.7226380092714736
23806.0,0.01914678665793097,0.3715434160764932,0.6093097972655759
24045.0,0.3812194125406681,0.4963553603739143,0.12242522708541753
24523.0,0.7692248015033897,0.21874268030352934,0.012032518193080894
24280.0,0.020415601892746958,0.15674450231581363,0.8228398957914395
24262.0,0.035593711727539785,0.344350391906807,0.6200558963656533
24533.0,8.031529618391573E-4,0.28973315450861625,0.7094636925295447
24051.0,0.020449707115592124,0.094436123544673,0.8851141693397349
23776.0,4.797893092128937E-4,0.05304329388724701,0.9464769168035402
22975.0,0.051633171154494756,0.8948097059193697,0.05355712292613564
23178.0,0.0016431868051111711,0.4164630634256559,0.5818937497692329
23449.0,0.08634658845750394,0.5155970057769412,0.39805640576555484
24344.0,0.16774925918843986,0.5109469824245986,0.32130375838696157
24597.0,0.08209317528150026,0.8618600056375285,0.05604681908097129
24075.0,0.0619475340086208,0.30037596739632016,0.637676498595059
23597.0,0.0306104386553511,0.5807077839461366,0.3886817773985122
23870.0,0.3262022103471595,0.3487091630201318,0.3250886266327088
23380.0,0.08560012018993189,0.5724877325253647,0.3419121472847035
23111.0,0.0025397536497402244,0.2483981842287867,0.7490620621214731
23930.0,0.9093169516714686,0.08892406145723321,0.0017589868712981583
23657.0,0.0688410120401611,0.35988545533252686,0.5712735326273121
24143.0,0.0440903186357155,0.9158918217170272,0.04001785964725732
24657.0,0.8991050318697106,0.09966521653758212,0.0012297515927072304
24412.0,0.38179282640747236,0.4589111941912495,0.15929597940127815
23043.0,0.5087111132244132,0.4225428465389641,0.06874604023662259
23312.0,0.4071007773127671,0.4113023294949924,0.1815968931922405
23716.0,0.8518096783380288,0.1454372892241009,0.002753032437870291
23991.0,0.8770924969374022,0.12033098807295586,0.0025765149896418813
24465.0,0.7475867689458802,0.24831885793493633,0.004094373119183471
24732.0,0.3038998461305721,0.6843587857022436,0.011741368167184235
24194.0,0.48925783505641635,0.4906018123067197,0.020140352636864
23517.0,0.0696780630004744,0.8904805841265682,0.0398413528729574
23246.0,0.9012008547078327,0.09716798762277272,0.0016311576693944952
23035.0,0.09125593832601611,0.6186169747605849,0.2901270869133991
22974.0,0.0,0.35374846489350276,0.6462515351064972
23179.0,0.024234582690730165,0.7149184771422342,0.26084694016703563
23448.0,0.02103853692273705,0.9587707910662282,0.020190672011034853
24263.0,0.4321839488257058,0.5603421444554172,0.007473906718876997
24532.0,0.12582642554702791,0.42440195215257304,0.449771622300399
24050.0,0.8466673092357542,0.15195876803504474,0.0013739227292010943
23777.0,0.010008170755561489,0.19919254884985457,0.790799280394584
23381.0,0.9057436391640513,0.09228790077211588,0.0019684600638328214
23110.0,0.01408092383788082,0.9538307999115335,0.03208827625058555
24345.0,0.002369508661618645,0.03841843720112728,0.9592120541372541
24596.0,0.1953499535953442,0.42969329751723506,0.37495674888742075
24074.0,0.532836775360446,0.4602470542791671,0.006916170360386761
23596.0,0.0015651341317471574,0.06065345870862544,0.9377814071596273
23871.0,8.751860610960412E-4,0.07890205124242215,0.9202227626964817
23042.0,8.595733671067292E-4,0.05051733064959096,0.9486230959833023
23313.0,0.007762950074745032,0.20081016180533023,0.7914268881199247
23931.0,0.25715951854484076,0.5202357714083996,0.22260471004675972
23656.0,0.12646869765552604,0.4762481824362248,0.3972831199082491
24142.0,0.153426341412186,0.6675908044628538,0.17898285412496015
24413.0,0.001056179775280899,0.04826129525200723,0.9506825249727119
24656.0,0.01464375935890877,0.9449148804392457,0.04044136020184564
23516.0,0.0486252304371583,0.6028278236327056,0.34854694593013613
23247.0,0.904083115570323,0.0949359664486871,9.809179809900494E-4
23034.0,0.1430998500746491,0.551702938390786,0.3051972115345648
23717.0,0.020061655712114195,0.2599853867631403,0.7199529575247454
23990.0,0.7622123387964587,0.2111130696888069,0.026674591514734485
24464.0,0.0038106680771513805,0.36407065410266154,0.632118677820187
24733.0,0.789967872563138,0.1986828417855623,0.011349285651299662
24195.0,0.863220497319454,0.13257010911560202,0.004209393564943913
24535.0,0.05798396587032124,0.9232507611315457,0.01876527299813301
24260.0,0.434168443239877,0.55473738748581,0.011094169274313014
23778.0,0.34168830326639776,0.48725735826153205,0.17105433847207024
24049.0,2.022642089174218E-4,0.05642765471998328,0.9433700810710992
22973.0,0.8785626629771441,0.11411575997249782,0.007321577050358033
23451.0,0.02109468197448485,0.9232227359030529,0.055682582122462174
23176.0,0.6950582005044236,0.2928401369280517,0.012101662567524738
24073.0,0.010163976903440296,0.7849912261717925,0.2048447969247671
24599.0,0.022876382845348677,0.9544661287044819,0.022657488450169374
24346.0,0.08430875298051796,0.8716598578119781,0.044031389207504025
23868.0,0.06201420627041089,0.9132061583854582,0.024779635344130996
23599.0,0.7305134033435386,0.26271846607676447,0.006768130579696807
23109.0,0.07346064234808647,0.7494029584048427,0.17713639924707072
23382.0,0.3336368398110662,0.4733658491968496,0.19299731099208436
23659.0,0.02823278872668682,0.20150083063344493,0.7702663806398683
23928.0,0.5022583658363857,0.4473359570836535,0.05040567707996086
24414.0,0.005653728999594612,0.07374340869265927,0.920602862307746
24659.0,9.194805194805194E-4,0.05531514903213691,0.9437653704483826
24141.0,0.9097186113984403,0.08847460276329763,0.00180678583826208
23314.0,0.0168185082499993,0.8802367088194177,0.10294478293058301
23041.0,0.9074841365768402,0.091031243563034,0.0014846198601257945
23989.0,0.05057582785998343,0.48815320278014535,0.46127096935987116
23718.0,0.0026007632756682784,0.2348848394533873,0.7625143972709444
24192.0,0.5129140417640531,0.4662754415165124,0.020810516719434537
24467.0,0.02000939063526934,0.5341553127810162,0.44583529658371446
24734.0,0.0700061098968595,0.43267367511385874,0.49732021498928186
23244.0,0.2196986374217179,0.6483981299952443,0.13190323258303788
23519.0,0.4172975288254923,0.4797999884121167,0.10290248276239101
23033.0,0.1140230223506412,0.7150005371136542,0.17097644053570463
22972.0,0.006777952979227673,0.1864233598989306,0.8067986871218417
23450.0,0.022876382845348677,0.9544661287044819,0.022657488450169374
23177.0,0.26805105914288535,0.422754302058248,0.3091946387988667
24534.0,0.011004898614477633,0.2236740956672234,0.765321005718299
24261.0,0.8346970103213703,0.15411951980382463,0.011183469874805077
23779.0,0.33851932290411907,0.4745667565124026,0.18691392058347842
24048.0,0.06899198841296475,0.2866084891255741,0.6443995224614611
23108.0,0.2071370230023313,0.5341867680019484,0.2586762089957202
23383.0,0.07291883490281731,0.32541868302372834,0.6016624820734544
24072.0,0.030674281897040762,0.3659398323553769,0.6033858857475823
24347.0,0.01615662767760451,0.136989943664974,0.8468534286574214
24598.0,0.04777316699336838,0.42685699096087054,0.525369842045761
23869.0,0.021222309228410077,0.22063924858175055,0.7581384421898394
23598.0,0.01242198166583983,0.2171224284244801,0.7704555899096801
23315.0,0.5247026547102672,0.4630039285333592,0.012293416756373472
23040.0,2.1367521367521374E-5,0.062449954474400896,0.9375286780042316
23658.0,0.787665728366788,0.19778257423932386,0.014551697393888088
23929.0,0.21804582425918992,0.5801496535680769,0.20180452217273323
24415.0,0.031235912069164377,0.5063226808844933,0.4624414070463424
24658.0,0.07468013820685694,0.8852168480267607,0.04010301376638233
24140.0,0.01856762760905065,0.47021935785751373,0.5112130145334356
23245.0,0.01682825680770651,0.2933108037027196,0.6898609394895738
23518.0,6.753108804750868E-4,0.045997634610399914,0.953327054509125
23032.0,0.2768857549770017,0.6060439402666993,0.11707030475629908
23988.0,0.5368326141285471,0.41395374891685754,0.04921363695459535
23719.0,0.026154957293264516,0.3030290273707348,0.6708160153360007
24193.0,0.01751549794689858,0.27134907733534136,0.71113542471776
24466.0,0.0019181717314589535,0.23601187628120773,0.7620699519873333
24735.0,0.6734235545523403,0.32150116658121825,0.005075278866441392
23593.0,0.7338432194514434,0.23407155010501912,0.032085230443537484
23866.0,0.07051312877420983,0.6556466292164564,0.27384024200933377
24348.0,0.05836607449580456,0.34736021631849534,0.5942737091857001
24593.0,2.3628384295782588E-4,0.05084446760100042,0.9489192485560417
24079.0,0.059484409707144165,0.3371699945888049,0.603345595704051
23376.0,0.2711530676005226,0.5656947510092512,0.16315218139022616
23107.0,0.06830341757486465,0.2197246334132274,0.711971949011908
24055.0,0.509967570725649,0.41651508098098766,0.07351734829336332
23780.0,0.026256561351286258,0.4224122055406657,0.5513312331080481
24258.0,0.014000414086544207,0.2520077548698627,0.733991831043593
24529.0,0.05637935731363522,0.5297398778064886,0.41388076487987624
23182.0,0.040104135676841735,0.5900782978111934,0.3698175665119649
23453.0,0.0,0.03274838604112207,0.9672516139588779
22971.0,0.2455857524531596,0.4216471247699482,0.33276712277689224
24469.0,0.7798539542839222,0.21624570655567596,0.0039003391604017514
24728.0,0.004909752703486855,0.1635788904088958,0.8315113568876172
24198.0,0.01118604564370961,0.2732420128142085,0.7155719415420818
