22958.0,0.024378581230030765,0.9701037902455347,0.005517628524434478
23195.0,0.016831382899893083,0.9667988770457261,0.016369740054380928
23432.0,1.0457196869212352E-4,0.05477286615203496,0.945122561879273
24279.0,0.3607896919410272,0.48238118747056347,0.15682912058840923
24516.0,5.227332810616247E-4,0.1268873034726982,0.8725899632462403
24034.0,0.018461874627067214,0.9285545815552178,0.05298354381771502
23793.0,3.1891101768269175E-4,0.6850884642231335,0.31459262475918365
23365.0,2.6042953041700868E-5,0.005744229712332284,0.994229727334626
23126.0,0.8461543530419722,0.1497357035261331,0.0041099434318945735
24329.0,0.1651926266745728,0.41329490814841974,0.4215124651770075
24580.0,0.8798186901840112,0.11769180580705674,0.0024895040089320543
24090.0,0.04443543747208406,0.7734967713958675,0.18206779113204852
23612.0,0.8841084503608194,0.11539414984629068,4.973997928898574E-4
23855.0,0.07010741280846457,0.9285380346890999,0.0013545525024355348
23058.0,0.5743137878586767,0.42350743077213837,0.002178781369184774
23297.0,2.6686571817574465E-4,0.044948782910292515,0.9547843513715316
23915.0,0.5540687243454635,0.4339579899145064,0.011973285740030018
23672.0,0.2600551780453899,0.7141550003506139,0.025789821603996232
24158.0,0.022895912182221357,0.8770328867014805,0.10007120111629816
24640.0,0.2249385996673143,0.773155539646622,0.0019058606860636465
24397.0,0.0024297352055987556,0.08749248061494787,0.9100777841794533
23500.0,0.938542760927355,0.060607241478335086,8.499975943100396E-4
23263.0,0.00457863258601799,0.3921536506160466,0.6032677167979353
23018.0,1.7878292395436136E-6,0.00854152119166432,0.9914566909790962
23733.0,0.854944718442077,0.14344748561247875,0.0016077959454441756
23974.0,0.915273522538527,0.08462873196684732,9.77454946257549E-5
24448.0,4.034733805832497E-5,0.038448314985643196,0.9615113376762986
24717.0,0.031416310185090814,0.8156204957190635,0.15296319409584583
24211.0,9.15900164592103E-5,0.07038672000622873,0.9295216899773122
24278.0,0.6528774222870293,0.3298705975374479,0.01725198017552277
24517.0,0.09889877200104284,0.8959002970678613,0.005200930931095675
24035.0,0.8673531524282748,0.1322364055943873,4.1044197733791253E-4
23792.0,0.07492831406341921,0.9226530067862171,0.0024186791503636833
22959.0,0.021188039860720025,0.7091574943477497,0.2696544657915303
23194.0,0.04622447849701754,0.9523913503899067,0.001384171113075553
23433.0,0.5254629613600114,0.4728554560284786,0.0016815826115101169
24581.0,0.44518585294606855,0.5539845302287082,8.296168252232887E-4
24328.0,0.018556713910680703,0.5424898668994117,0.43895341918990755
24091.0,0.0014397293649184959,0.36733896469144023,0.6312213059436412
23613.0,0.3944680950556518,0.5996413290747956,0.005890575869552552
23854.0,0.5562490474695262,0.4247603758306336,0.018990576699840184
23364.0,1.9944984126086186E-5,0.02896153442067922,0.9710185205951947
23127.0,0.9294234209427814,0.07052626970671748,5.0309350501022875E-5
23914.0,0.06232941918966019,0.9355453026499165,0.002125278160423382
23673.0,0.05527630478326552,0.8705138150805996,0.07420988013613491
24159.0,0.9534279837548932,0.046406546622188294,1.654696229182475E-4
24641.0,0.8040204565756535,0.19577773917251415,2.0180425183250484E-4
24396.0,0.7478599139595657,0.24915983026391364,0.0029802557765207013
23059.0,0.16921525250138303,0.8123093727812819,0.018475374717334996
23296.0,0.004784404104829636,0.2929673279232753,0.7022482679718951
23732.0,0.0075015860887718945,0.11283542960057057,0.8796629843106575
23975.0,0.061190938818087535,0.8996978789174412,0.03911118226447109
24449.0,1.462041719958924E-4,0.16778182058584865,0.8320719752421555
24716.0,0.06333463121567195,0.47064206324223934,0.4660233055420888
24210.0,9.200767068193286E-6,0.03633735448810861,0.9636534447448233
23501.0,2.8202635374398473E-4,0.029600111775136165,0.9701178618711198
23262.0,1.1515639716414518E-4,0.07048037859064568,0.9294044650121901
23019.0,0.69202723754588,0.3071345888421399,8.381736119801773E-4
22956.0,0.0684556554711499,0.9303173028221777,0.0012270417066723807
23434.0,1.6802383138577923E-4,0.037480744173175665,0.9623512319954386
23193.0,0.019864793148538944,0.7652054573404323,0.21492974951102867
24518.0,9.299988726874366E-6,0.019327669871487436,0.9806630301397857
24277.0,0.08132562872156554,0.8051688613961638,0.11350550988227068
23795.0,2.9275837065015917E-4,0.017871999601038895,0.9818352420283111
24032.0,0.0030600245701068755,0.8450540774240358,0.15188589800585742
23124.0,0.17509156534943462,0.6160569006648617,0.20885153398570375
23367.0,0.008891946230732372,0.6238231954186009,0.3672848583506667
24088.0,0.02044426883253645,0.9105070561750372,0.06904867499242624
24331.0,0.9437884377097986,0.05615330465415159,5.8257636049789973E-5
24582.0,1.3337165108357366E-4,0.05327316632232479,0.9465934620265917
23853.0,0.024450910493731156,0.9727039610864768,0.0028451284197920854
23614.0,6.0570815318672925E-5,0.03744330227998995,0.9624961269046914
23299.0,0.03469247101442614,0.8826291660064851,0.08267836297908873
23056.0,0.3719043040099705,0.6085643379523481,0.019531358037681527
23674.0,0.030001167366858126,0.6575954741260356,0.31240335850710643
23913.0,0.010752571169703242,0.8237958546133847,0.165451574216912
24399.0,9.024065021718972E-6,0.004570950863729621,0.9954200250712487
24642.0,0.9257742435208787,0.07415463252548325,7.112395363802281E-5
24156.0,8.643488115676049E-7,0.008511381626691496,0.9914877540244968
23261.0,2.425672728891534E-4,0.06040051467828335,0.9393569180488275
23502.0,0.8589193307871398,0.14076747391737685,3.131952954834605E-4
23016.0,0.2632592248180412,0.6869988926943525,0.049741882487606304
23972.0,6.162028092295683E-4,0.19388085635154353,0.8055029408392269
23735.0,0.9601112691321638,0.03985091555371822,3.7815314117996835E-5
24209.0,0.030828650396281777,0.5282723335328995,0.4408990160708188
24719.0,0.15192640603330793,0.8328332225073164,0.015240371459375754
24450.0,0.4837876189682033,0.5145099946849506,0.0017023863468461618
24519.0,0.008465877070967912,0.543852380656957,0.44768174227207513
24276.0,3.5633722461245134E-6,0.012660706672723546,0.9873357299550303
23794.0,6.522805608534588E-4,0.2767082036608852,0.7226395157782614
24033.0,0.00626826864841895,0.783096676929771,0.21063505442181005
22957.0,0.1871635680411321,0.7743508098976092,0.03848562206125869
23435.0,0.6410137427314669,0.33077988263922975,0.028206374629303442
23192.0,0.8782923033816067,0.11957960530652463,0.0021280913118686133
24089.0,0.7449760356175247,0.25446176444500695,5.621999374685374E-4
24583.0,0.8971958654964262,0.10232347965033833,4.806548532353173E-4
24330.0,0.8248568701633051,0.1740675453415132,0.0010755844951815387
23852.0,0.48259295118373463,0.5169402840318069,4.667647844584476E-4
23615.0,0.10810945042849876,0.8299802332371624,0.06191031633433872
23125.0,0.8489547548827466,0.15075966436973492,2.855807475184076E-4
23366.0,3.514630638143596E-4,0.16792281136277237,0.8317257255734133
23675.0,0.0022778584935158287,0.22605674596852818,0.771665395537956
23912.0,0.7679250296621514,0.2306449429213212,0.0014300274165274937
24643.0,0.0022960157658512923,0.18253280915771855,0.8151711750764302
24398.0,0.3149698286201347,0.6744466717309338,0.010583499648931644
24157.0,0.1025604719163227,0.8901506173131316,0.007288910770545611
23298.0,0.9033455978284575,0.09656918283075128,8.521934079139121E-5
23057.0,0.0019761785915602416,0.5234931353175774,0.4745306860908624
23973.0,0.9310231863616996,0.06739011332983351,0.0015867003084668555
23734.0,0.5657650922312869,0.4267469328537331,0.0074879749149798875
24208.0,0.9581591098928905,0.041745545708965846,9.534439814369431E-5
24451.0,0.008056420863475222,0.8602032833012805,0.13174029583524421
24718.0,0.001183613532385575,0.3891587981762349,0.6096575882913795
23260.0,0.32080384897777536,0.6336153507316423,0.04558080029058239
23503.0,0.08963796174755291,0.23415000133519165,0.6762120369172554
23017.0,0.01080440302607571,0.2738051645963776,0.7153904323775466
23361.0,0.1097077286826346,0.4928156724013288,0.3974765989160365
23122.0,0.001446877834305113,0.12164097136519511,0.8769121508004998
23608.0,0.06966643353077404,0.7973346498105371,0.13299891665868888
23851.0,6.9256488264129E-7,0.004313641537114691,0.9956856658980027
24576.0,0.13815220277448606,0.7128820794549432,0.14896571777057072
24333.0,0.005784938987712227,0.37857907742568303,0.6156359835866047
24094.0,0.0021449571346723283,0.12761362127594483,0.8702414215893829
23199.0,0.9322402677659951,0.06668877762401182,0.0010709546099930806
23436.0,0.115172765692718,0.7324755825278662,0.15235165177941581
22954.0,0.11158063493365031,0.41427285803606745,0.4741465070302822
24038.0,0.06644317689517724,0.8864115366261549,0.047145286478667746
23797.0,0.9056601726414111,0.09395782101540283,3.8200634318620455E-4
24275.0,4.6526676468080564E-7,0.006816988232250341,0.993182546500985
24512.0,0.0016445127300758005,0.8033204268885172,0.19503506038140694
23022.0,0.020564034905858217,0.9621785951087329,0.017257369985408805
23496.0,0.016429926794861143,0.5865587492041546,0.39701132400098416
23259.0,0.001205955556144476,0.3267140356889437,0.6720800087549118
24452.0,0.9305047863844482,0.06941568647691547,7.95271386362681E-5
24713.0,0.07870848870791142,0.6524520722856746,0.26883943900641405
24215.0,0.21514501122477644,0.6957288172439866,0.08912617153123706
23729.0,0.008142966739146142,0.18659466824211726,0.8052623650187366
23970.0,0.40741661394771767,0.5920362065878979,5.471794643844716E-4
23062.0,0.03783670911635205,0.6618013967098223,0.3003618941738255
23301.0,0.9472981369394741,0.052562665204685055,1.3919785584091222E-4
24154.0,0.004983385721328236,0.20327846475754588,0.7917381495211259
24644.0,5.4124321062318E-4,0.2535600659915753,0.7458986907978016
24393.0,0.7529920804113042,0.22510647444825274,0.02190144514044316
23919.0,4.941579842525566E-5,0.041409680843212934,0.9585409033583617
23676.0,0.44342685785725955,0.5449166636852637,0.011656478457476773
23609.0,0.008534961925467878,0.5959977858090975,0.39546725226543467
23850.0,0.5357807708695886,0.42200173986919026,0.04221748926122122
24577.0,0.01311037897289741,0.32166317659206384,0.6652264444350388
24332.0,8.529792153501717E-6,0.04119666404851296,0.9587948061593337
24095.0,1.0410310794381926E-5,0.038252167163095686,0.9617374225261098
23360.0,0.009236414627371728,0.11801193757998651,0.8727516477926417
23123.0,5.192521599748991E-4,0.05054829012267011,0.948932457717355
24039.0,0.17144939414495394,0.8055356245486,0.023014981306446042
23796.0,3.873651224869843E-6,0.0036714751722583257,0.9963246511765169
24274.0,5.252390226874996E-5,0.011869573783100445,0.9880779023146308
24513.0,1.4375747454155397E-4,0.07702166691229996,0.9228345756131584
23198.0,0.05598745584836089,0.9428129643404807,0.0011995798111583643
23437.0,0.0015007673016141686,0.620507413577999,0.3779918191203868
22955.0,0.015567066562497693,0.5284319985497361,0.4560009348877662
24712.0,0.4865350077148577,0.5108570264679037,0.0026079658172387587
24453.0,0.9409924405736835,0.05891779766579701,8.976176051941354E-5
24214.0,0.9496964514817571,0.05024787937309941,5.566914514346299E-5
23728.0,4.92362311450723E-4,0.3000166841286281,0.6994909535599212
23971.0,0.19572674088685044,0.8027470121367816,0.00152624697636804
23023.0,0.01114560136764303,0.7404289161303202,0.2484254825020369
23497.0,0.15949785456570406,0.616247556484002,0.22425458895029404
23258.0,4.852238835761733E-5,0.016677357045909606,0.9832741205657329
24155.0,0.02035244518529073,0.9021216417662112,0.07752591304849796
24645.0,0.8943811227910778,0.10545970749589963,1.5916971302261593E-4
24392.0,0.748809308860962,0.25001586002574044,0.001174831113297698
23918.0,0.7409343490845025,0.2527983304362255,0.006267320479271929
23677.0,2.2300306943437078E-5,0.03765618407038688,0.9623215156226697
23063.0,0.6326096718267417,0.36158667237892855,0.005803655794329842
23300.0,0.14910959419711542,0.8495771461013739,0.0013132597015107093
23120.0,1.669485528010972E-4,0.10784011191868206,0.8919929395285168
23363.0,0.8617376701926391,0.13773825056000577,5.24079247354904E-4
23849.0,0.0017523381754732132,0.9138255844549839,0.08442207736954285
23610.0,0.010779270756774548,0.7441805101824314,0.24504021906079418
24092.0,0.11792138221481026,0.6902426508922129,0.1918359668929768
24578.0,4.7199945016585046E-5,0.0585310068182706,0.9414217932367129
24335.0,7.734925534157892E-4,0.11494688223208364,0.8842796252145007
23438.0,6.219847590481521E-4,0.17939699407609383,0.8199810211648582
23197.0,1.1105637234748472E-4,0.08281451601679003,0.9170744276108624
22952.0,0.18576716332771276,0.7644759721021755,0.04975686457011157
23799.0,4.5871413109584597E-4,0.5010361439775494,0.49850514189135486
24036.0,1.3228735797845079E-4,0.11650063908711403,0.8833670735549076
24514.0,1.0230651038943036E-4,0.03439278104119085,0.9655049124484196
24273.0,0.034798471353461764,0.8753466568630004,0.08985487178353786
23020.0,7.904210500534976E-5,0.1150237530152517,0.8848972048797429
23257.0,0.9114099441755327,0.08852135760294841,6.869822151880933E-5
23498.0,0.4012333889523999,0.5582455617570438,0.04052104929055628
24213.0,0.7152617946560776,0.2801964794328187,0.004541725911103645
24454.0,0.10545477784005002,0.8935373276859291,0.0010078944740210248
24715.0,0.006109078668214417,0.7084171120509434,0.2854738092808422
23968.0,0.07410932693164173,0.8054526082499026,0.12043806481845577
23731.0,1.3796364163459995E-4,0.056522829554438186,0.9433392068039272
23303.0,6.638416858278746E-6,0.014323521756748312,0.9856698398263933
23060.0,5.210914976695193E-4,0.4723580440402113,0.527120864462119
24395.0,0.12012229864224198,0.8712665292771369,0.008611172080621175
24646.0,0.599150615757513,0.3991092996503863,0.0017400845921006403
24152.0,4.3703588501854386E-4,0.8377441655216947,0.16181879859328668
23678.0,0.4208666866696496,0.5455578128047869,0.03357550052556349
23917.0,0.3027081965571947,0.6897037787866918,0.007588024656113479
23848.0,0.008661692501893931,0.23494178439336186,0.7563965231047443
23611.0,0.08411457185460966,0.8951394772266547,0.020745950918735656
24093.0,0.038881623452308785,0.8020212572563693,0.15909711929132198
24334.0,1.0748741052476895E-4,0.03227288354670597,0.9676196290427692
24579.0,0.0010801522018047958,0.9124762708508434,0.08644357694735179
23121.0,6.74052415611235E-4,0.35367951100299816,0.6456464365813906
23362.0,0.9427775405500166,0.056494951369561834,7.275080804214697E-4
23798.0,0.061723314012573305,0.6969461450376763,0.2413305409497505
24037.0,0.02589609680301564,0.871332347806132,0.10277155539085243
24515.0,0.3080329262973784,0.3780691786003207,0.3138978951023009
24272.0,0.6112441017085167,0.3748382897121846,0.013917608579298685
23439.0,0.7019132156622228,0.27252068100401156,0.02556610333376571
23196.0,3.03240089624445E-5,0.020086296678333265,0.9798833793127044
22953.0,0.9273287656151702,0.07224247256605788,4.28761818772008E-4
24212.0,0.040439031439422735,0.9592961275693946,2.648409911827314E-4
24714.0,4.217614681541776E-4,0.30077621638673707,0.6988020221451087
24455.0,0.0019402432750335555,0.36712998682718945,0.6309297698977772
23969.0,0.1152410916598374,0.21397027816414102,0.6707886301760216
23730.0,0.7912162859954215,0.20220665205697647,0.006577061947601993
23021.0,0.069207648491776,0.9298041356161166,9.882158921073008E-4
23256.0,1.2707377115763128E-4,0.03951114885662571,0.9603617773722167
23499.0,0.03609262618344643,0.8377037799213576,0.12620359389519603
24647.0,1.4354832023297728E-4,0.040797099638976715,0.9590593520407903
24394.0,0.7055151038744076,0.29308364164978445,0.0014012544758079649
24153.0,0.023938783453333102,0.972136627174683,0.003924589371983817
23679.0,1.7431298623329826E-5,0.008100408319231513,0.9918821603821452
23916.0,1.1146331966031647E-5,0.017717282037880422,0.9822715716301534
23302.0,0.39147615075827175,0.589700715704179,0.018823133537549115
23061.0,0.006366781481742485,0.5865072805540902,0.40712593796416735
23907.0,0.45432881680671217,0.5223861920406883,0.023284991152599598
23664.0,0.1271135464098764,0.7404035562451502,0.13248289734497345
24150.0,7.504931301730789E-4,0.04769159315781646,0.9515579137120105
24648.0,0.19844360445742953,0.8004449154336112,0.0011114801089593714
24389.0,0.006497059421788446,0.69930443190157,0.2941985086766415
23066.0,0.3141311400689114,0.6479051450936717,0.037963714837416715
23305.0,8.7830074022372E-5,0.046471075760657406,0.9534410941653203
23741.0,0.16498247380890194,0.6286918367923704,0.20632568939872767
23982.0,0.007343480831824855,0.4885146676481671,0.5041418515200081
24456.0,0.9046525861559066,0.09491019321681395,4.372206272795023E-4
24709.0,0.05167909679200132,0.8614949580033046,0.08682594520469405
24219.0,0.04230908734254301,0.882200097423357,0.07549081523409988
23492.0,0.2926562384303358,0.6328783947438847,0.07446536682577955
23255.0,0.0010637245472395424,0.3418471552465433,0.6570891202062171
23010.0,0.16333004983305652,0.7952476723554138,0.041422277811529545
24287.0,4.669210573731619E-4,0.24000526213967252,0.7595278168029544
24524.0,0.035422433185474014,0.9642265122597078,3.5105455481823346E-4
24042.0,0.04030714248920284,0.947086465399116,0.012606392111681143
23801.0,0.0019578886824247227,0.6501701567790527,0.34787195453852277
23187.0,0.008452110801045845,0.4779580358763929,0.5135898533225611
23424.0,0.9404967381670222,0.05924895803231091,2.5430380066696263E-4
24321.0,2.3327705258061537E-5,0.03225469851084177,0.9677219737839002
24588.0,0.15007676176322785,0.7490396441619238,0.10088359407484838
24082.0,0.0726124977769039,0.8361893968691697,0.09119810535392642
23604.0,0.46616424043276644,0.5308712635459657,0.0029644960212679167
23847.0,0.9620391247684587,0.03790293116312495,5.794406841637697E-5
23373.0,0.16001582478458232,0.7438414699993822,0.09614270521603545
23134.0,5.691434122447299E-4,0.3408272322769177,0.6586036243108376
23067.0,0.594477813045543,0.3974390883339451,0.008083098620511934
23304.0,0.5539824016900118,0.44251871451166513,0.003498883798322966
23906.0,0.9170837901513579,0.08265643476673683,2.597750819054622E-4
23665.0,0.610554245883793,0.3589084897550304,0.030537264361176625
24151.0,0.08517504508947604,0.9117290597215605,0.003095895188963471
24388.0,0.427790416527821,0.5622270385910221,0.009982544881156977
24649.0,5.192280803460076E-4,0.07786543150081235,0.9216153404188417
23493.0,0.7039647532060144,0.28692052051465294,0.009114726279332661
23254.0,0.015044409785153414,0.6475941535143925,0.3373614367004541
23011.0,0.7674909703582248,0.23176617944605543,7.428501957196545E-4
23740.0,0.08467375413927164,0.9144724102862754,8.538355744530132E-4
23983.0,0.04402200659529651,0.9299959652269727,0.02598202817773071
24708.0,8.265303624276765E-4,0.11115757755610153,0.8880158920814708
24457.0,0.020514461656066053,0.978981279384828,5.042589591059857E-4
24218.0,2.603531958365941E-5,0.039986172501144376,0.9599877921792721
23186.0,0.5916668663709759,0.40735754227926796,9.755913497562619E-4
23425.0,0.17232346195045478,0.7977792966340285,0.029897241415516872
24286.0,0.013659313893127063,0.7014332444898971,0.28490744161697584
24525.0,0.0032379560857730455,0.25344529543497674,0.7433167484792502
24043.0,0.6863023507999314,0.28829039267476775,0.025407256525300764
23800.0,0.9451954803322449,0.05444636393119278,3.5815573656231193E-4
23372.0,0.07422439694312172,0.6693065108301238,0.25646909222675435
23135.0,0.002918991672076173,0.5088810662005763,0.48819994212734746
24320.0,0.01451784251854911,0.9037614955094384,0.08172066197201261
24589.0,1.3913810693508237E-5,0.017811562466885617,0.982174523722421
24083.0,0.0020198480324846863,0.2772293188382819,0.7207508331292334
23605.0,0.0020078028392997815,0.3460809146238945,0.6519112825368057
23846.0,0.006051691914443913,0.03287009179393257,0.9610782162916236
23666.0,0.9447820097312253,0.05505031164713006,1.67678621644747E-4
23905.0,3.479736236409637E-5,0.02846934164068832,0.9714958609969475
24650.0,2.2359472101282022E-4,0.3152044721276898,0.6845719331512974
24391.0,0.01911143685231579,0.9802977929778306,5.907701698536527E-4
24148.0,0.004332014091400204,0.4877997061454318,0.5078682797631681
23307.0,0.819625967188552,0.17573871455209167,0.00463531825935633
23064.0,0.0020131992087154427,0.852375462424925,0.14561133836635956
23980.0,0.59279445629153,0.4038719638445349,0.0033335798639350044
23743.0,0.5687975238129871,0.36516528949087707,0.06603718669613586
24217.0,6.0508192956681805E-5,0.027074297838737237,0.9728651939683062
24711.0,0.9295344463264696,0.07036725907248235,9.829460104799294E-5
24458.0,0.0021541730051615323,0.19933778691748472,0.7985080400773538
23253.0,2.2022932132812987E-5,0.03248157466988286,0.9674964023979843
23494.0,0.9435151504134932,0.05569302865207854,7.91820934428206E-4
23008.0,6.360059047625896E-4,0.23814224779094023,0.7612217463042972
24526.0,0.005504693685913726,0.2623105588495289,0.7321847474645572
24285.0,1.3200248743628538E-6,0.006718758009883129,0.9932799219652425
23803.0,8.846633375572256E-4,0.21868751529344907,0.7804278213689938
24040.0,1.794513766482207E-4,0.020380119186796573,0.9794404294365552
23426.0,0.1384195158691244,0.8602389127877322,0.0013415713431434249
23185.0,3.3458973691779643E-6,0.009800924348886585,0.9901957297537444
24080.0,0.033181655972886234,0.9578857322328637,0.008932611794249997
24323.0,0.13063998846212058,0.8656368221790312,0.003723189358848193
24590.0,0.2764495767633864,0.7109466670834748,0.012603756153138896
23845.0,0.9296417318519992,0.07011241698327,2.4585116473088253E-4
23606.0,0.9244080193877043,0.0755137822219066,7.819839038903921E-5
23132.0,0.09221301994689206,0.7615186011615476,0.14626837889156044
23375.0,0.005779507446549659,0.06981015068443429,0.924410341869016
23306.0,0.04677757539537314,0.9136891714266913,0.03953325317793551
23065.0,1.8825444181790382E-5,0.01596079272511949,0.9840203818306986
23667.0,0.9126579446724726,0.08725883793443677,8.321739309064291E-5
23904.0,0.0030416759831877536,0.5338943918775534,0.463063932139259
24390.0,0.01875472643201526,0.4975828067583274,0.48366246680965735
24651.0,4.0450312933480416E-4,0.4147484544552542,0.584847042415411
24149.0,0.25924668637240317,0.7223995830082709,0.018353730619325798
23252.0,0.30091785635168333,0.6760527369023821,0.023029406745934664
23495.0,0.4503968679412578,0.5390511974040381,0.010551934654704123
23009.0,0.7113222896231218,0.28718407375024557,0.0014936366266324755
23981.0,6.248980597989601E-4,0.17313418591622487,0.8262409160239762
23742.0,0.06891183598131594,0.9295543171091051,0.0015338469095789661
24216.0,1.425159823390221E-4,0.19030890286908433,0.8095485811485766
24459.0,0.4508306917249725,0.5475216787379646,0.0016476295370629818
24710.0,8.692315213100768E-6,0.008890660461363921,0.9911006472234228
23427.0,8.979706098533035E-5,0.0748584623383978,0.9250517406006168
23184.0,0.01978449174880229,0.7517760656728818,0.22843944257831592
24527.0,0.8895967948426421,0.1013531699541941,0.00905003520316392
24284.0,1.5271584874804718E-4,0.505139556784235,0.49470772736701707
23802.0,8.840324840596067E-4,0.20046042259272767,0.7986555449232128
24041.0,0.40388408552492877,0.5851403699640794,0.010975544510992023
23133.0,0.03775808384150132,0.9061080371951793,0.05613387896331935
23374.0,0.21335284166775553,0.7166708739533287,0.0699762843789157
24081.0,0.4445630335936796,0.546499457689143,0.008937508717177368
24591.0,0.08472953989866686,0.89080409461559,0.024466365485743147
24322.0,0.5111195347289739,0.48733368545283207,0.0015467798181941373
23844.0,0.029222344259239752,0.9695906220523266,0.0011870336884336552
23607.0,0.018505625341029647,0.4964260035117726,0.4850683711471979
24705.0,1.6548532305809577E-5,0.046423982220690684,0.9535594692470035
24460.0,0.310726612586957,0.6863926775875556,0.0028807098254873056
24223.0,0.0018396583567779946,0.7466774690183424,0.25148287262487956
23737.0,0.19253244397524305,0.6591081533228511,0.1483594027019058
23978.0,0.17805460192668135,0.8170165218484211,0.00492887622489739
23014.0,0.23639727142641503,0.7626272600564866,9.754685170983127E-4
23488.0,7.970772218207093E-6,0.04655658612435909,0.9534354431034227
23251.0,0.022767142612543673,0.3691134022163067,0.6081194551711497
24146.0,0.7861735941689418,0.14888657181507517,0.06493983401598302
24652.0,2.105423909152412E-5,0.08354749347416392,0.9164314522867445
24385.0,0.4907745567383718,0.5084334791390313,7.919641225968512E-4
23911.0,0.008663771101073288,0.5938908081427365,0.39744542075619027
23668.0,0.8963041733942905,0.10347267303746997,2.2315356823960524E-4
23070.0,0.08585995371927158,0.5415225053245152,0.3726175409562132
23309.0,0.021638727999044805,0.4073813412995541,0.5709799307014011
23600.0,6.627691520124827E-5,0.026751231052798037,0.9731824920320007
23843.0,0.8615309104846662,0.13831801391437706,1.5107560095668966E-4
24325.0,0.2522168983165845,0.7178938366511427,0.029889265032272863
24584.0,0.9359087318630157,0.06375193223598948,3.3933590099474324E-4
24086.0,5.994871578055078E-4,0.12871304133283737,0.8706874715093571
23369.0,0.03194312065896417,0.6122025157957057,0.3558543635453301
23130.0,0.062464927691133196,0.9366482999419672,8.86772366899735E-4
24046.0,0.04648850530805278,0.8646009607506713,0.08891053394127597
23805.0,0.5345223565489353,0.46342137286643614,0.0020562705846286352
24283.0,0.21210138593859926,0.7701583196971638,0.017740294364237096
24520.0,0.9267149527981172,0.07250312105009037,7.819261517924409E-4
23191.0,0.13751339886648495,0.8419791709190736,0.020507430214441378
23428.0,0.7512452022743522,0.24825983591199688,4.949618136509706E-4
23015.0,0.22295132256242214,0.43235285530465206,0.3446958221329258
23489.0,0.9425473162737957,0.057376897556854205,7.578616934996672E-5
23250.0,0.02043582311872116,0.7373261641526446,0.24223801272863424
24704.0,7.438426952049772E-6,0.02088771962085121,0.9791048419521967
24461.0,1.5157320048026253E-4,0.07445088489822971,0.9253975419012901
24222.0,0.00821250554423616,0.09806990318161694,0.893717591274147
23736.0,1.4209481568443297E-6,0.004231133235839157,0.995767445816004
23979.0,0.5748395180502841,0.3894556184263055,0.03570486352341044
23071.0,0.9207311637608442,0.07912305384103448,1.457823981214744E-4
23308.0,0.01992322689471797,0.9754279279810842,0.004648845124197879
24147.0,7.097436508413912E-5,0.03524146294487504,0.9646875626900409
24653.0,0.0010385831336442494,0.09072768847476935,0.9082337283915863
24384.0,0.025910510480295832,0.9242056481407586,0.04988384137894553
23910.0,4.792566928002333E-6,0.009145997557833976,0.9908492098752382
23669.0,0.9252939931583184,0.07453027209905107,1.7573474263057616E-4
23368.0,6.289429013218457E-4,0.07174591984979216,0.927625137248886
23131.0,1.7760523275750465E-4,0.06435112711195491,0.9354712676552875
23601.0,0.08420331837990254,0.7660277329059657,0.1497689487141318
23842.0,0.00996560834047602,0.6314255965401138,0.3586087951194102
24324.0,0.0010950401531040809,0.040372041518018945,0.958532918328877
24585.0,0.005389036352823159,0.7275568570502287,0.267054106596948
24087.0,1.6127231505673635E-4,0.020480688195023296,0.9793580394899201
23190.0,0.8582191057584874,0.14151296415163805,2.6793008987462797E-4
23429.0,0.0930331922210597,0.9018105374792906,0.005156270299649567
24047.0,0.02785974744790805,0.9710346579739348,0.0011055945781570959
23804.0,4.261793515391877E-4,0.07535663685375825,0.9242171837947025
24282.0,0.003586202744797861,0.09436878431036863,0.9020450129448335
24521.0,0.6626950381674616,0.28606080395657607,0.05124415787596232
24221.0,0.0028337009744545723,0.09254867533777111,0.9046176236877744
24462.0,9.582959652893728E-6,0.015068110799307569,0.9849223062410396
24707.0,0.04420774855331688,0.9136864602800452,0.042105791166637985
23976.0,0.005959014955406008,0.1872899357461067,0.8067510492984873
23739.0,0.057595580438515266,0.852163955201693,0.09024046435979177
23012.0,0.40017797863698434,0.5850729210558382,0.014749100307177366
23249.0,0.902698079817561,0.09720650330002144,9.541688241744189E-5
23490.0,0.0015927798394258757,0.32510641376533256,0.6733008063952416
24387.0,0.02900969564608454,0.7499989176042887,0.22099138674962665
24654.0,7.474371638285002E-6,0.01850972017800117,0.9814828054503605
24144.0,0.7938608912084093,0.20550224304974143,6.368657418492731E-4
23670.0,0.898172187570576,0.10157946838711349,2.483440423103906E-4
23909.0,0.18101586559162033,0.7990912494649045,0.01989288494347515
23311.0,0.004200683500060392,0.6272751352256478,0.3685241812742918
23068.0,0.003702966609597749,0.19540243798433105,0.8008945954060711
23841.0,0.15984495055906378,0.8342443796314176,0.00591066980951852
23602.0,0.10231579078372174,0.8527848247900246,0.04489938442625373
24084.0,0.018673806122637845,0.6817127834286961,0.299613410448666
24327.0,4.012924341963103E-5,0.09915286382958237,0.9008070069269981
24586.0,0.8883968372576196,0.11087742555538173,7.257371869987723E-4
23128.0,0.08062631507137888,0.8648311801343331,0.05454250479428787
23371.0,0.00832172737372793,0.8939141629735307,0.09776410965274152
23807.0,0.0015141563102843414,0.4844302756251459,0.5140555680645698
24044.0,5.676165150208422E-4,0.3789947804065082,0.6204376030784711
24522.0,0.047329859591803865,0.9263942842352888,0.026275856172907293
24281.0,0.005121123186365836,0.5953973326087016,0.3994815442049325
23430.0,0.00455342283441908,0.8565959762957377,0.13885060086984333
23189.0,0.03081729147964588,0.9633265936905401,0.005856114829814063
23013.0,3.6945527977216234E-4,0.18746933520101614,0.8121612095192117
23248.0,0.0070058990034884885,0.9525963287206096,0.04039777227590194
23491.0,0.343268647681144,0.6503535798353831,0.0063777724834730475
24220.0,0.9627613777612297,0.03712194539389776,1.1667684487256188E-4
24706.0,0.6651386355036897,0.32456953380551784,0.01029183069079249
24463.0,0.9435664685014084,0.05632109619872485,1.1243529986685626E-4
23977.0,0.3354039028168757,0.5386387569718106,0.12595734021131355
23738.0,0.025023591520890936,0.3988551324652122,0.576121276013897
23310.0,0.03273684077947098,0.4090288659310915,0.5582342932894374
23069.0,0.022883659188741714,0.7409894899078926,0.23612685090336563
24386.0,0.0566383358953606,0.8215316203551473,0.12183004374949195
24655.0,0.011932340024891254,0.9873972312031117,6.704287719969989E-4
24145.0,0.953863011650767,0.04608830018022105,4.8688169012084607E-5
23671.0,1.565831036160619E-5,0.03416618456447266,0.9658181571251658
23908.0,6.90620119285413E-5,0.02036521258476116,0.9795657254033103
23129.0,0.002211751097334502,0.7372556475235447,0.26053260137912093
23370.0,0.9607178787012205,0.0390366891045258,2.454321942535325E-4
23840.0,0.002626215025340119,0.5755745718980658,0.42179921307659407
23603.0,0.9223427897996633,0.07600821277384553,0.0016489974264913114
24085.0,1.9881610454596445E-6,0.009887281574691563,0.9901107302642631
24587.0,0.0022451988007568886,0.21116236532675212,0.786592435872491
24326.0,0.1660825126635118,0.7915276067933853,0.042389880543102804
23431.0,0.0054796466326220315,0.9054940273551596,0.08902632601221826
23188.0,5.419334675421011E-5,0.05646137357992377,0.943484433073322
23806.0,0.004725440209258794,0.5558324138917841,0.43944214589895725
24045.0,0.026033869013389343,0.9000309893037748,0.07393514168283596
24523.0,0.4945479909891599,0.4928913789743709,0.012560630036469228
24280.0,0.010210727145118718,0.5358916288628136,0.4538976439920678
24262.0,7.591226364969753E-5,0.030173090095704222,0.9697509976406461
24533.0,0.0010311716849415351,0.36499757593471105,0.6339712523803475
24051.0,1.9600089873431166E-4,0.021239522655116416,0.9785644764461493
23776.0,2.595304857211981E-4,0.060629914049441076,0.9391105554648378
22975.0,0.22134998922645388,0.7723065061569901,0.0063435046165558765
23178.0,0.038654837160554414,0.8879466227686894,0.07339854007075607
23449.0,0.05401335187938379,0.5702073787693772,0.3757792693512391
24344.0,0.028988383608755296,0.7490043829872963,0.22200723340394843
24597.0,0.0958583390593748,0.8527202094249842,0.05142145151564099
24075.0,4.494695102408852E-5,0.025117951084882146,0.9748371019640938
23597.0,0.0034837452624078263,0.2498028865792001,0.7467133681583922
23870.0,0.047672160534881186,0.6359038794579958,0.3164239600071229
23380.0,0.002147428901020327,0.16851731758739605,0.8293352535115835
23111.0,0.014541999031035601,0.7868929105113853,0.1985650904575792
23930.0,0.9435664685014084,0.05632109619872485,1.1243529986685626E-4
23657.0,6.033797844295835E-5,0.03025698799562164,0.9696826740259354
24143.0,0.06542735486829339,0.9285393047802859,0.006033340351420791
24657.0,0.940685644953008,0.059174998590581555,1.3935645641043536E-4
24412.0,0.12268469042129737,0.7960091052455153,0.08130620433318739
23043.0,0.037197917785509876,0.9201968294134788,0.042605252801011434
23312.0,0.8613435977368129,0.1323218353779941,0.006334566885192895
23716.0,0.6180905040573584,0.3783597442486114,0.0035497516940300915
23991.0,0.8273680808862495,0.1713463709550449,0.0012855481587056192
24465.0,0.8517448756845049,0.1475043086222339,7.508156932611638E-4
24732.0,0.14776860050724172,0.8511527660703054,0.0010786334224528423
24194.0,0.7062651678423753,0.2918206678291232,0.0019141643285015425
23517.0,0.3025849400052772,0.6967986748322158,6.163851625069728E-4
23246.0,0.9482661006271713,0.05135511348903892,3.787858837897289E-4
23035.0,0.034588811837714346,0.7549925416871733,0.21041864647511227
22974.0,0.02709801468575328,0.559495407894185,0.4134065774200619
23179.0,0.009542552050184758,0.7266498761529117,0.2638075717969035
23448.0,0.021303318025400197,0.9773514343709528,0.0013452476036468813
24263.0,0.5156223839851565,0.4825718666864438,0.0018057493283997498
24532.0,0.052436358741279526,0.59508191778732,0.3524817234714004
24050.0,0.9036873118821279,0.09587720151083412,4.354866070379263E-4
23777.0,9.85722635336213E-4,0.20978548934023308,0.7892287880244306
23381.0,0.9362930078803222,0.06364708948350012,5.9902636177814506E-5
23110.0,0.028440885820905367,0.9578425356618989,0.013716578517195627
24345.0,1.9032547000943815E-5,0.00814205261841689,0.9918389148345822
24596.0,0.024777279442443168,0.317149876911522,0.6580728436460348
24074.0,0.638484344956196,0.360483584943526,0.001032070100278019
23596.0,1.0749166587836528E-6,0.0031925199447801218,0.996806405138561
23871.0,0.0016900825214553725,0.21294171389435457,0.78536820358419
23042.0,2.8934967100227746E-6,0.00812292871559034,0.9918741777876997
23313.0,0.05150225206533944,0.6327933571498774,0.3157043907847832
23931.0,0.36796833857478695,0.5059018223496206,0.12612983907559244
23656.0,0.0027973028446441985,0.37006407284238796,0.6271386243129677
24142.0,0.049984310664914405,0.566085776747107,0.38392991258797854
24413.0,3.309375165656922E-5,0.02963304333496639,0.9703338629133771
24656.0,0.03911897584877347,0.9480093153158082,0.012871708835418286
23516.0,0.0041733419344288,0.6809044035303422,0.31492225453522904
23247.0,0.9380624420934913,0.0617749141584985,1.6264374801026218E-4
23034.0,0.05420878464576302,0.5636618245573788,0.3821293907968582
23717.0,0.018353638098785482,0.08790383526403024,0.8937425266371843
23990.0,0.9421375699157509,0.05643694454416069,0.001425485540088345
24464.0,6.295437672299634E-5,0.08507115900607998,0.9148658866171971
24733.0,0.9712242577192048,0.028676854445813006,9.888783498229507E-5
24195.0,0.8780172958746835,0.12164837946931077,3.343246560058699E-4
24535.0,0.0544403969454687,0.9428471772889377,0.0027124257655936086
24260.0,0.771655801214173,0.22801404799925587,3.301507865710931E-4
23778.0,0.7891081589335083,0.207376941938966,0.0035148991275257167
24049.0,1.848037111895847E-6,0.011326519501022038,0.988671632461866
22973.0,0.8911861812833196,0.10867397909841683,1.3983961826356196E-4
23451.0,0.03871049607082216,0.9363295233536809,0.024959980575496844
23176.0,0.6643490799848405,0.33392165572688226,0.0017292642882771152
24073.0,0.06181085121223042,0.9264905119005231,0.011698636887246441
24599.0,0.09207908625919997,0.9066531657422345,0.001267747998565385
24346.0,0.07025194955542825,0.9289455806350425,8.024698095292111E-4
23868.0,0.07640718116783099,0.9212897805217145,0.0023030383104544663
23599.0,0.9697268129116979,0.030138803660271732,1.3438342803028712E-4
23109.0,0.056268281411225154,0.8831293191318504,0.0606023994569244
23382.0,0.0290818561975459,0.5688451304279147,0.40207301337453943
23659.0,3.733033586455016E-5,0.01090931926854326,0.9890533503955921
23928.0,0.6340988176107241,0.3614318614621588,0.0044693209271169905
24414.0,2.3691048291590447E-5,0.056296706898780774,0.9436796020529278
24659.0,0.0016697982848606686,0.26092103395506494,0.7374091677600744
24141.0,0.9311426944990616,0.0681630650129297,6.942404880087925E-4
23314.0,0.07096555681920665,0.8867445008490044,0.042289942331788954
23041.0,0.9331885938310039,0.06670156417460064,1.0984199439552104E-4
23989.0,0.019939504396945612,0.6216654808607344,0.35839501474232005
23718.0,0.0017047040111468357,0.21631281700981578,0.7819824789790375
24192.0,0.8952269296219589,0.10418414155522653,5.88928822814457E-4
24467.0,0.002335147254677748,0.659008380085772,0.33865647265955023
24734.0,6.157297524099583E-4,0.18864188542750635,0.8107423848200837
23244.0,0.08876861336420538,0.8343593882051743,0.07687199843062024
23519.0,0.022413681994376565,0.9303674500159521,0.04721886798967138
23033.0,0.05916115695550852,0.7899494978365679,0.1508893452079236
22972.0,4.3184028380329735E-5,0.018441989867277027,0.9815148261043426
23450.0,0.033748860521747054,0.9658588003872772,3.923390909758489E-4
23177.0,0.2770622977998135,0.3974750105695004,0.32546269163068603
24534.0,2.0730708969555E-4,0.14972999581573848,0.8500626970945659
24261.0,0.915533646595224,0.08398781232300306,4.78541081773101E-4
23779.0,0.0227681299638674,0.5703724846662256,0.40685938536990707
24048.0,0.03629620925104087,0.45739758665789676,0.5063062040910624
23108.0,0.009356080854701052,0.6804440244533855,0.3101998946919135
23383.0,1.0980232882815152E-4,0.13034360713941923,0.8695465905317527
24072.0,0.0010643112188284754,0.5313317014055875,0.46760398737558395
24347.0,0.013474418561762791,0.07565140219262101,0.9108741792456162
24598.0,0.0014912023742189241,0.14899564714010088,0.8495131504856801
23869.0,8.749688362980538E-4,0.2575619692119756,0.7415630619517264
23598.0,0.011744181532003859,0.1426184703177825,0.8456373481502137
23315.0,0.19869931959300138,0.8009958355827943,3.0484482420421104E-4
23040.0,9.92529081742419E-5,0.031819522984740584,0.9680812241070851
23658.0,0.8921801480070897,0.10749138921956163,3.2846277334880683E-4
23929.0,0.012557165148942508,0.7272148087962896,0.2602280260547679
24415.0,0.0029572293834779786,0.2546518439405809,0.7423909266759413
24658.0,0.28782600476236186,0.7098925057110774,0.0022814895265608425
24140.0,2.471410760283559E-5,0.04918269428384253,0.9507925916085547
23245.0,5.006625505036714E-5,0.10191078959978707,0.8980391441451625
23518.0,5.9176957878184475E-6,0.01681656159127261,0.9831775207129396
23032.0,0.06152239180557869,0.8102835132980208,0.12819409489640052
23988.0,0.4865522745304069,0.45053380770908574,0.06291391776050745
23719.0,6.371546447045555E-4,0.3359290324236511,0.6634338129316443
24193.0,3.9036334338625745E-5,0.0443757339156547,0.9555852297500066
24466.0,1.0865141444390598E-4,0.04824584633602255,0.9516455022495335
24735.0,0.2997261083859978,0.68255475147941,0.01771914013459235
23593.0,0.06738746532622429,0.8998637658458687,0.03274876882790703
23866.0,0.07231384468160271,0.9056307575501411,0.022055397768256116
24348.0,0.14252385372742693,0.6251150283794978,0.2323611178930752
24593.0,1.3373853719435773E-5,0.017769804028748885,0.9822168221175316
24079.0,2.522665669617659E-4,0.06458822549575523,0.935159507937283
23376.0,0.08034035991127389,0.8171888321331329,0.10247080795559325
23107.0,0.01779468337921583,0.11583568410170668,0.8663696325190775
24055.0,0.5980384113598997,0.39787008987287026,0.004091498767230013
23780.0,0.014013761141188545,0.5418563221318948,0.4441299167269167
